-1.3207e-06
-1.3035e-06
-1.2983e-06
-1.2866e-06
-1.2760e-06
-1.2669e-06
-1.2571e-06
-1.2479e-06
-1.2364e-06
-1.2264e-06
-1.2161e-06
-1.2066e-06
-1.1964e-06
-1.1866e-06
-1.1798e-06
-1.1721e-06
-1.1605e-06
-1.1474e-06
-1.1388e-06
-1.1331e-06
-1.1226e-06
-1.1114e-06
-1.1042e-06
-1.0996e-06
-1.0897e-06
-1.0763e-06
-1.0628e-06
-1.0539e-06
-1.0458e-06
-1.0353e-06
-1.0282e-06
-1.0211e-06
-1.0063e-06
-9.8772e-07
-9.7637e-07
-9.7542e-07
-9.7186e-07
-9.5989e-07
-9.5360e-07
-9.5244e-07
-9.3100e-07
-8.9715e-07
-8.9079e-07
-9.0945e-07
-9.0507e-07
-8.7770e-07
-8.6368e-07
-8.6507e-07
-8.5868e-07
-8.3997e-07
-8.3076e-07
-8.4141e-07
-8.3013e-07
-7.9738e-07
-7.8935e-07
-7.9614e-07
-7.7169e-07
-7.4593e-07
-7.6722e-07
-7.8300e-07
-7.5336e-07
-7.1488e-07
-7.1168e-07
-7.2676e-07
-6.9280e-07
-6.5426e-07
-6.7823e-07
-7.1962e-07
-6.8553e-07
-6.2848e-07
-6.4030e-07
-6.7457e-07
-6.5252e-07
-6.0923e-07
-6.1371e-07
-6.1954e-07
-5.8438e-07
-5.5862e-07
-5.8103e-07
-6.0678e-07
-5.6311e-07
-5.1331e-07
-5.3929e-07
-5.9860e-07
-5.6599e-07
-4.7637e-07
-4.6511e-07
-5.1184e-07
-5.2012e-07
-5.1077e-07
-5.8254e-07
-6.4215e-07
-5.4652e-07
-4.1081e-07
-3.8924e-07
-4.5086e-07
-4.6227e-07
-4.3328e-07
-3.9894e-07
-3.6866e-07
-3.4064e-07
-3.4428e-07
-4.0397e-07
-4.5488e-07
-3.7301e-07
-2.3173e-07
-2.4928e-07
-3.6918e-07
-3.7321e-07
-2.7876e-07
-3.0832e-07
-3.9136e-07
-3.3972e-07
-2.2813e-07
-2.5579e-07
-4.1008e-07
-4.3362e-07
-3.4477e-07
-3.4123e-07
-3.7410e-07
-3.4207e-07
-3.3654e-07
-4.5611e-07
-4.6099e-07
-1.5904e-07
6.5206e-08
-6.3026e-08
-2.8280e-07
-2.3813e-07
-6.0309e-08
-7.1105e-08
-1.7372e-07
-7.8810e-08
4.7559e-08
-1.3718e-07
-3.7503e-07
-1.9981e-07
6.7957e-08
2.9354e-08
-1.2556e-07
-9.8028e-08
5.6760e-08
3.3591e-08
-7.1331e-08
-3.3408e-08
-5.6607e-09
-1.0857e-07
-1.4353e-07
3.4729e-08
1.4059e-07
1.7435e-08
-1.1567e-07
-1.6093e-08
1.7006e-07
1.7254e-07
5.7984e-08
6.8732e-08
1.3700e-07
2.9629e-09
-1.8640e-07
3.8995e-09
3.7958e-07
3.8328e-07
9.2485e-08
2.4580e-08
2.0444e-07
1.7209e-07
6.9298e-09
9.5214e-08
3.1012e-07
3.3466e-07
1.0436e-07
8.4400e-08
2.2539e-07
1.5940e-07
6.3213e-08
2.5251e-07
5.4487e-07
4.1972e-07
1.1632e-07
1.9390e-07
4.3059e-07
2.6989e-07
9.6568e-08
3.3539e-07
5.1348e-07
2.0045e-07
-6.0821e-08
2.6681e-07
5.3939e-07
2.2409e-07
-1.7544e-09
4.6649e-07
8.2625e-07
4.2777e-07
1.3288e-07
4.3162e-07
6.1831e-07
3.3535e-07
1.6164e-07
4.2543e-07
5.4813e-07
1.5554e-07
-4.3829e-09
3.9833e-07
6.3645e-07
4.1543e-07
3.5223e-07
6.5202e-07
7.4030e-07
3.6103e-07
8.4729e-08
4.2608e-07
9.0082e-07
7.6547e-07
3.4171e-07
3.5205e-07
5.0910e-07
3.1747e-07
8.9195e-08
2.7880e-07
6.0643e-07
6.0680e-07
4.1407e-07
4.9626e-07
7.7172e-07
6.0484e-07
3.8007e-07
7.6193e-07
1.1730e-06
8.0623e-07
2.5252e-07
4.8329e-07
8.5051e-07
4.9603e-07
2.2280e-07
7.5052e-07
1.1889e-06
7.5702e-07
2.5984e-07
5.7923e-07
9.7386e-07
6.3919e-07
2.2733e-07
6.9948e-07
1.3627e-06
9.9500e-07
3.8724e-07
5.2041e-07
7.5708e-07
4.7600e-07
3.3449e-07
8.1331e-07
1.0921e-06
6.3941e-07
3.6071e-07
8.6914e-07
1.3996e-06
1.2172e-06
5.4738e-07
5.0993e-07
9.3797e-07
7.4151e-07
4.6240e-07
9.0479e-07
1.2759e-06
8.8329e-07
2.8704e-07
4.4089e-07
1.0263e-06
1.0121e-06
6.6443e-07
8.9965e-07
1.1978e-06
7.0080e-07
4.4461e-08
2.2357e-07
6.4472e-07
2.4071e-07
-2.8044e-07
3.6464e-07
1.2219e-06
8.5715e-07
3.0090e-07
5.9417e-07
1.0547e-06
7.1042e-07
3.8819e-07
1.1856e-06
1.8303e-06
1.1996e-06
2.5977e-07
5.1502e-07
1.1936e-06
7.7961e-07
9.5685e-08
4.8334e-07
1.3046e-06
1.1293e-06
8.2232e-07
1.2774e-06
1.3976e-06
6.2676e-07
8.8429e-08
6.4934e-07
1.2972e-06
9.1978e-07
5.5485e-07
1.4054e-06
1.8405e-06
9.9564e-07
4.1333e-07
8.0335e-07
1.0407e-06
5.9832e-07
5.0485e-07
9.9680e-07
1.4915e-06
1.2101e-06
5.9371e-07
7.9098e-07
1.1965e-06
8.9868e-07
5.0745e-07
1.0296e-06
1.6995e-06
1.3215e-06
5.8821e-07
8.6478e-07
1.5958e-06
1.0518e-06
-1.0272e-07
1.2054e-07
9.0016e-07
4.0112e-07
-2.5581e-07
3.6850e-07
8.1017e-07
-1.2966e-07
-8.0157e-07
-1.3176e-08
6.6127e-07
3.3256e-07
9.1098e-08
7.2489e-07
1.2493e-06
7.6971e-07
4.6253e-07
1.3592e-06
2.1690e-06
1.6411e-06
6.8005e-07
8.3250e-07
1.4420e-06
1.1506e-06
9.1839e-07
1.9082e-06
2.3271e-06
8.5710e-07
-4.9940e-07
1.9893e-07
1.4793e-06
1.3750e-06
8.3051e-07
1.4803e-06
2.4795e-06
1.8483e-06
6.0455e-07
8.8132e-07
1.6759e-06
1.0446e-06
2.0104e-08
6.6937e-07
1.7981e-06
1.2010e-06
-6.3154e-08
6.2484e-07
1.9225e-06
1.4318e-06
5.2750e-07
1.4817e-06
2.2158e-06
5.9854e-07
-6.6732e-07
3.8979e-07
1.8310e-06
1.6691e-06
9.9657e-07
1.4021e-06
1.6953e-06
1.0298e-06
2.4922e-07
8.2203e-07
1.7957e-06
1.6168e-06
1.2183e-06
1.5952e-06
1.8317e-06
8.0751e-07
-1.5740e-08
1.3179e-06
2.7792e-06
1.2853e-06
-6.3116e-07
2.8922e-07
1.8316e-06
4.0230e-07
-1.3729e-06
1.7858e-08
1.9913e-06
1.3217e-06
-1.0272e-07
6.7792e-07
1.6803e-06
8.3919e-07
9.5895e-08
1.4886e-06
2.5331e-06
1.3427e-06
3.1962e-07
1.0227e-06
1.4490e-06
2.4182e-07
-4.5398e-07
3.4680e-07
6.0791e-07
-5.4748e-07
-1.4959e-06
-7.5254e-07
-1.0573e-07
-2.1564e-07
-3.8489e-09
6.9452e-07
1.0220e-06
5.1701e-07
1.1411e-07
5.9073e-07
1.6938e-06
2.2452e-06
1.5493e-06
1.1230e-06
1.7105e-06
1.5099e-06
8.6168e-07
1.4084e-06
1.8105e-06
8.4286e-07
-1.3946e-07
6.0426e-07
1.7719e-06
1.5669e-06
5.3769e-07
7.9605e-07
1.5078e-06
5.1429e-07
1.2973e-07
1.6892e-06
3.1415e-06
2.5777e-06
9.9417e-07
1.1421e-06
1.7713e-06
6.7017e-07
-7.5430e-07
1.8268e-07
2.3998e-06
1.9640e-06
-2.3016e-07
5.4274e-07
2.9442e-06
2.5738e-06
1.0320e-06
1.1749e-06
1.2380e-06
-2.7836e-07
-1.0799e-06
5.1725e-07
1.9598e-06
5.8080e-07
-7.3276e-07
9.1253e-07
2.1770e-06
1.2540e-06
4.9101e-07
6.6629e-07
1.1281e-06
1.0217e-06
1.2015e-06
2.7949e-06
3.1173e-06
1.1183e-06
-4.7694e-08
5.6976e-07
1.3581e-06
1.6104e-06
1.8994e-06
1.8631e-06
1.2938e-06
7.0200e-07
7.4583e-07
2.6958e-06
3.9634e-06
1.3961e-06
-1.0892e-06
-8.8148e-08
1.3987e-06
1.0009e-06
6.5041e-07
1.9560e-06
3.2185e-06
2.2776e-06
8.0315e-07
1.1674e-06
1.7640e-06
9.4598e-07
8.0341e-07
2.4695e-06
3.6097e-06
2.3779e-06
-6.6138e-08
4.2918e-07
2.7425e-06
1.1475e-06
-1.3031e-06
5.9274e-07
3.6592e-06
3.1549e-06
1.4336e-06
1.9817e-06
2.4535e-06
9.5249e-07
2.3086e-09
1.4759e-06
2.3651e-06
9.4956e-07
7.2906e-07
3.2266e-06
4.4889e-06
2.3300e-06
-3.1067e-07
1.6586e-07
1.5799e-06
4.9488e-08
-1.1207e-06
7.5107e-07
2.2840e-06
1.0180e-06
7.1730e-07
3.7536e-06
5.2265e-06
2.8358e-06
3.7500e-07
7.8789e-07
1.1421e-06
-6.2283e-07
-8.0635e-07
2.5820e-06
4.5952e-06
1.7242e-06
-3.8348e-07
9.6407e-07
2.4046e-06
2.3087e-06
1.9351e-06
1.5775e-06
1.0286e-06
7.0503e-07
5.7538e-07
2.1618e-06
4.9285e-06
4.7723e-06
1.1600e-06
-1.4135e-06
-7.8288e-07
3.0971e-07
5.6723e-07
1.2199e-06
2.3466e-06
2.3916e-06
1.7098e-06
1.6580e-06
1.7235e-06
1.7134e-06
6.9971e-07
7.2541e-07
1.8970e-06
4.3021e-07
-8.1023e-07
1.2161e-06
2.7184e-06
1.3020e-06
-1.8701e-07
1.3861e-06
2.3985e-06
-5.1743e-07
-3.1324e-06
-9.6952e-07
1.8556e-06
1.8860e-06
2.0389e-06
3.7331e-06
4.1825e-06
1.0315e-06
-2.4183e-06
-1.9266e-06
1.2137e-06
8.7983e-07
-1.8539e-06
1.0587e-07
3.2880e-06
1.8356e-06
-4.8954e-07
1.7689e-06
3.5766e-06
-2.3715e-07
-2.7921e-06
2.7274e-07
2.9911e-06
6.5323e-07
-2.3531e-06
-1.6177e-07
2.5207e-06
1.4313e-06
1.3065e-06
3.6387e-06
2.8718e-06
-1.3861e-06
-1.6154e-06
2.8238e-06
3.4024e-06
-7.7013e-07
-2.5170e-06
3.0339e-07
2.0659e-06
-1.8097e-07
-1.7370e-06
9.5610e-07
3.4660e-06
3.1281e-06
1.5936e-06
9.2710e-07
6.6612e-07
-3.5344e-07
-7.5989e-07
2.0407e-06
4.2019e-06
1.7299e-06
-1.1956e-06
-1.0953e-06
1.8736e-07
-1.4560e-07
-9.9804e-07
1.7449e-06
4.6177e-06
2.7297e-06
-3.9105e-07
1.0258e-06
2.5694e-06
-2.0713e-07
-1.7915e-06
1.6772e-06
4.2848e-06
1.6683e-07
-2.9129e-06
4.2681e-07
2.4741e-06
-6.8164e-07
-2.5030e-06
2.1208e-06
5.1601e-06
1.5579e-06
-9.2717e-07
2.0283e-06
3.5992e-06
5.5235e-07
-4.7249e-07
2.5982e-06
3.4882e-06
8.9761e-07
-1.8179e-06
-2.3912e-06
-2.2877e-06
-4.6872e-06
-5.4761e-06
-1.3671e-06
2.1156e-06
2.8732e-07
-2.9452e-06
-2.8651e-06
-2.3304e-06
-2.9591e-06
-4.5948e-06
-5.0100e-06
-2.7060e-06
-5.3712e-07
-8.7290e-07
4.8231e-07
3.3397e-06
2.7839e-06
1.0164e-06
2.2698e-06
2.0014e-06
-2.5675e-06
-3.4252e-06
3.9698e-07
2.4990e-06
9.9082e-07
-8.4098e-08
2.2422e-06
2.8364e-06
-1.4210e-06
-3.2418e-06
7.5245e-07
2.0341e-06
-2.7291e-06
-4.2880e-06
8.9806e-07
3.3303e-06
-7.4889e-07
-1.1015e-06
3.5497e-06
5.4728e-06
2.2714e-07
-5.3696e-06
-3.2244e-06
1.4975e-06
2.2672e-06
8.2513e-07
1.8474e-06
3.4481e-06
1.5986e-06
-4.9871e-07
1.0347e-06
2.7297e-06
1.0308e-06
-4.8562e-07
1.4150e-06
2.6005e-06
-2.1579e-06
-5.1848e-06
1.1937e-06
6.4799e-06
2.3147e-06
-2.0762e-06
1.2223e-07
1.4613e-06
-2.2119e-06
-3.5820e-06
1.1847e-06
6.1106e-06
4.6502e-06
2.3860e-06
5.7938e-06
6.6915e-06
-9.6297e-07
-6.1525e-06
-3.2495e-06
-7.8656e-08
4.5998e-07
1.3167e-06
1.4882e-06
-1.4321e-06
-6.3428e-06
-7.5910e-06
-3.0641e-06
-2.4295e-07
-3.7198e-06
-5.0286e-06
-5.3667e-07
3.0182e-06
1.4719e-06
-6.7932e-07
2.7732e-06
5.1228e-06
1.8484e-06
-3.8404e-07
2.0445e-06
2.9065e-06
-2.2152e-06
-3.9190e-06
2.6955e-06
7.2619e-06
4.1297e-06
4.1924e-07
2.6384e-07
4.5223e-08
-2.5061e-06
-3.1456e-06
1.3594e-06
4.4337e-06
2.2379e-06
6.2457e-07
2.6590e-06
3.3356e-06
-1.5200e-06
-6.0128e-06
-6.3887e-07
6.6986e-06
4.0566e-06
-2.8397e-06
-2.6579e-06
3.1996e-06
2.6704e-06
-1.3549e-06
1.0033e-06
3.4577e-06
-6.6260e-07
-2.7145e-06
3.7475e-06
8.3167e-06
2.2039e-06
-3.4613e-06
4.0453e-07
4.1882e-06
9.9405e-07
-2.0725e-06
7.6483e-07
2.7553e-06
-1.7723e-06
-4.0956e-06
-4.7990e-08
3.7263e-06
1.2075e-06
-1.7263e-06
1.2346e-06
1.2756e-06
-4.2061e-06
-3.8820e-06
3.1202e-06
6.6098e-06
3.4386e-06
7.1670e-09
1.8621e-06
2.8229e-06
-3.1213e-06
-7.4562e-06
-3.2470e-06
2.7323e-06
4.4211e-08
-4.3559e-06
1.0058e-06
6.2329e-06
1.1814e-06
-3.5202e-06
2.3002e-06
6.5867e-06
3.7117e-07
-4.3354e-06
-1.3846e-07
1.7813e-06
-2.9487e-06
-5.8288e-06
-4.3546e-07
5.5850e-06
-5.1796e-07
-9.5967e-06
-9.6623e-06
-6.3410e-06
-6.5388e-06
-6.8389e-06
-1.0163e-07
5.2728e-06
2.8168e-06
-1.2810e-06
-1.6926e-06
-7.6437e-07
-2.5781e-06
-3.1198e-06
2.7213e-06
6.0278e-06
-1.9797e-07
-5.8612e-06
-1.5810e-06
4.8916e-06
1.0975e-06
-5.8575e-06
-2.4247e-06
3.4871e-06
1.7042e-07
-4.6435e-06
2.7996e-07
5.3954e-06
-3.9357e-07
-6.0131e-06
4.7039e-07
7.7260e-06
-1.6077e-07
-8.8272e-06
-3.0687e-06
5.0209e-06
4.1294e-06
-1.6290e-06
-2.6028e-06
1.1674e-06
-7.8735e-07
-3.5495e-06
2.2273e-06
5.4554e-06
-7.7630e-07
-4.4172e-06
-3.6444e-08
3.9254e-06
1.0519e-06
-2.3784e-06
-9.8896e-07
-1.6996e-06
-7.8317e-06
-8.0493e-06
1.3744e-06
7.0896e-06
2.5045e-06
-3.9825e-06
-3.8051e-06
-1.4140e-06
-1.6225e-06
-1.2916e-06
5.4647e-06
1.0165e-05
3.1942e-06
-3.5242e-06
-1.8829e-06
-5.8527e-07
-4.8365e-06
-4.6799e-06
3.8871e-06
7.6004e-06
-8.4558e-07
-7.5308e-06
-1.9943e-07
7.0395e-06
3.9672e-06
-1.9407e-06
-2.2850e-06
-8.8470e-07
-2.7667e-06
-3.0232e-06
1.4038e-06
3.2502e-06
-1.2988e-06
-3.3066e-06
8.3129e-07
4.7050e-06
1.8194e-06
-3.1848e-06
-1.7794e-06
1.4152e-07
-3.4967e-06
-5.9250e-06
6.4741e-08
5.1233e-06
1.8637e-07
-4.7754e-06
-2.8016e-07
3.9415e-06
6.4153e-07
-7.4353e-07
3.6840e-06
3.7054e-06
-4.0802e-06
-6.6217e-06
1.1159e-06
4.3194e-06
-3.0466e-06
-5.2039e-06
2.3373e-06
4.3897e-06
-4.3733e-06
-8.8992e-06
7.6626e-07
8.9232e-06
4.7851e-06
-2.1817e-06
-3.7010e-06
-5.1297e-06
-9.9869e-06
-1.0784e-05
-6.2518e-06
-2.8646e-06
-6.6409e-06
-1.0520e-05
-7.3438e-06
-6.7595e-06
-9.3276e-06
-6.4723e-06
3.5529e-06
8.4539e-06
2.4290e-06
-3.0118e-06
-4.2549e-07
2.7694e-06
-1.0074e-06
-1.7980e-06
5.5899e-06
8.6056e-06
-8.2337e-07
-8.3628e-06
-2.4147e-06
2.1526e-06
-4.3909e-06
-6.6012e-06
1.3659e-06
5.4922e-06
3.3925e-08
-3.8943e-06
1.0775e-06
3.3688e-06
-3.1729e-06
-4.5106e-06
1.3881e-06
2.1900e-07
-9.7226e-06
-1.3827e-05
-9.7729e-06
-6.2901e-06
-8.9564e-06
-1.0818e-05
-7.4808e-07
5.3806e-06
-3.1126e-06
-9.3479e-06
-2.5956e-06
5.8450e-06
3.2842e-06
-3.7913e-06
-1.4040e-06
2.7993e-06
-3.0869e-06
-6.8016e-06
-4.7542e-07
4.4079e-06
3.2125e-07
-5.6288e-06
-2.8538e-06
3.2124e-06
1.6098e-06
-3.2033e-06
-2.4478e-06
1.4788e-06
-2.0430e-06
-9.2206e-06
-2.4688e-06
5.8882e-06
-5.9660e-07
-3.9808e-06
3.5042e-06
5.8024e-06
-1.1061e-06
-3.5551e-06
1.0338e-06
1.9184e-06
-2.5128e-06
-5.1322e-06
-6.9092e-07
3.5974e-06
-9.0183e-07
-5.4905e-06
-2.0158e-06
1.1779e-06
-4.2813e-06
-7.8560e-06
-1.1579e-07
4.3701e-06
-5.3405e-06
-7.7560e-06
6.1159e-06
1.2459e-05
1.5614e-06
-8.0494e-06
-4.8988e-06
-1.7115e-06
-7.1527e-06
-8.7463e-06
1.1329e-06
6.3767e-06
-1.0936e-06
-4.6942e-06
-2.0964e-06
-3.8617e-06
-8.9056e-06
-8.1563e-06
3.4349e-06
1.0974e-05
1.9708e-06
-8.0223e-06
-3.6194e-06
2.1297e-06
-2.7841e-06
-6.8470e-06
1.5468e-06
6.1851e-06
-3.6158e-06
-9.7635e-06
-3.7736e-06
1.6462e-06
-7.0298e-07
-2.6639e-06
2.4838e-06
6.7514e-06
-6.1028e-07
-7.9073e-06
-2.1883e-06
8.2012e-07
-8.8613e-06
-1.6417e-05
-8.3171e-06
-1.9906e-06
-1.2298e-05
-2.1185e-05
-1.7084e-05
-1.1104e-05
-1.2518e-05
-1.2129e-05
-5.7512e-06
-3.7755e-06
-1.3508e-05
-2.0306e-05
-1.2525e-05
-9.6636e-06
-1.8464e-05
-1.8205e-05
-9.2105e-07
6.7137e-06
-2.2115e-06
-6.5951e-06
3.7330e-07
5.8459e-06
-3.4463e-06
-1.2606e-05
-6.9238e-06
1.3559e-06
1.2323e-07
-2.9104e-06
8.0632e-07
1.2302e-06
-5.2735e-06
-8.5268e-06
-2.5095e-06
2.8516e-06
-3.8085e-06
-7.9386e-06
3.1847e-06
6.9097e-06
-1.2003e-05
-2.5088e-05
-1.4844e-05
2.2619e-06
3.9012e-06
-4.7524e-06
-3.6475e-06
2.0042e-06
-2.2585e-07
-5.5467e-06
-3.5501e-06
2.0720e-06
-1.2981e-06
-7.1050e-06
-1.3535e-06
7.4273e-06
3.0664e-06
-9.3959e-06
-1.1380e-05
-6.6543e-06
-5.3696e-06
-1.7097e-06
4.8754e-06
3.8198e-06
-9.0745e-06
-1.6855e-05
-9.2708e-06
-2.5083e-06
-5.0978e-06
-5.0145e-06
2.0197e-06
4.8368e-06
-5.1300e-07
-5.9658e-06
-2.8839e-06
1.3562e-07
-5.1734e-06
-7.8518e-06
-4.6343e-06
-6.3578e-07
-1.9028e-06
-2.8741e-06
3.0713e-06
2.5022e-06
-8.0832e-06
-9.5745e-06
5.0919e-07
7.5594e-07
-7.3494e-06
-7.3926e-06
-9.0868e-07
-4.2773e-06
-1.1948e-05
-6.1475e-06
4.6529e-06
5.7472e-06
-6.2533e-06
-1.5528e-05
-1.1713e-05
-6.4699e-06
-7.8961e-06
-6.6931e-06
4.7190e-06
7.2446e-06
-6.9830e-06
-1.6092e-05
-1.1172e-05
-8.6669e-06
-2.0859e-05
-2.4322e-05
-5.1439e-06
7.7283e-06
-3.7081e-07
-6.5027e-06
1.8268e-06
6.8632e-06
-4.0035e-06
-1.3908e-05
-6.7040e-06
2.1846e-06
-3.9484e-06
-1.0278e-05
9.5679e-08
8.5258e-06
5.5594e-08
-7.4961e-06
-1.4106e-06
4.4910e-06
-6.2834e-06
-1.7584e-05
-1.2018e-05
-3.2545e-06
-6.0557e-06
-8.4584e-06
1.7445e-06
8.2533e-06
1.4846e-06
-2.8183e-06
-5.0103e-08
-5.6003e-06
-1.5734e-05
-1.2429e-05
1.5913e-06
2.5715e-06
-1.0120e-05
-6.8070e-06
8.1637e-06
6.8415e-06
-8.7270e-06
-1.2591e-05
-4.1021e-06
-6.1399e-06
-1.6313e-05
-9.8475e-06
1.2356e-05
1.7700e-05
-2.7626e-06
-1.2859e-05
1.7390e-06
6.1750e-06
-7.8728e-06
-1.3560e-05
-5.3829e-06
-4.8636e-06
-1.4619e-05
-8.4173e-06
1.0720e-05
1.6322e-05
-6.4922e-07
-1.7689e-05
-1.3350e-05
-1.5441e-06
-2.7921e-06
-7.1177e-06
-7.0691e-07
2.0927e-06
-5.0482e-06
-1.0922e-05
-7.6926e-06
-2.8070e-06
-7.6265e-06
-1.0484e-05
-2.9189e-06
8.5599e-07
-1.0310e-05
-2.1490e-05
-1.1507e-05
9.5048e-06
1.2357e-05
6.4541e-07
-3.3298e-06
-4.6940e-06
-9.8270e-06
-1.1444e-05
-6.9846e-06
-2.3867e-06
-6.5385e-06
-9.9572e-06
-1.9914e-06
2.4503e-07
-1.2946e-05
-1.9007e-05
-7.1795e-06
-2.1254e-07
-6.6515e-06
-3.4635e-06
8.9743e-06
7.9068e-06
-9.5959e-06
-1.6422e-05
-4.9350e-06
1.9140e-07
-8.8181e-06
-8.9176e-06
1.5169e-06
4.4659e-07
-1.2765e-05
-1.3302e-05
5.4230e-06
1.1186e-05
-2.3294e-06
-3.2787e-06
7.6348e-06
5.2152e-06
-7.0796e-06
-8.3789e-06
4.6074e-09
-1.1162e-06
-1.4276e-05
-1.4242e-05
2.8401e-08
5.2113e-06
-4.5988e-06
-1.2822e-05
-8.1341e-06
1.8895e-06
1.6181e-06
-3.7088e-06
-2.0914e-06
-4.3272e-06
-1.1432e-05
-1.2597e-05
1.4799e-06
1.1426e-05
-3.3172e-06
-1.8087e-05
-9.6083e-06
1.7128e-06
-5.7116e-06
-8.7332e-06
5.3595e-06
1.2089e-05
-4.6061e-06
-1.5101e-05
-3.3457e-06
2.9340e-06
-4.5672e-06
-4.0935e-06
8.2635e-06
6.1213e-06
-1.3120e-05
-2.2993e-05
-7.1220e-06
1.1680e-05
5.1459e-06
-7.2570e-06
-6.1207e-07
8.2644e-06
-5.5701e-06
-1.8354e-05
-5.3576e-06
3.2530e-06
-1.0463e-05
-1.5665e-05
3.8897e-09
5.3543e-06
-6.0785e-06
-1.2915e-05
-4.7404e-06
-2.8920e-06
-1.6457e-05
-1.5096e-05
5.0607e-06
1.0735e-05
-8.3010e-06
-1.5344e-05
-2.7841e-06
3.2247e-06
-4.0001e-06
-1.0845e-05
-5.1846e-06
-3.1408e-06
-1.2187e-05
-1.3354e-05
-1.7228e-06
3.8329e-06
-5.0871e-06
-1.0493e-05
-1.9092e-06
2.3088e-06
-8.4510e-06
-1.3214e-05
-1.6484e-06
-5.3566e-07
-1.6126e-05
-1.9688e-05
-1.7800e-06
1.0873e-05
-4.9941e-07
-1.5773e-05
-1.3134e-05
-4.6805e-06
-9.1047e-06
-1.1259e-05
5.7214e-06
1.5939e-05
-7.5060e-08
-1.7593e-05
-1.2697e-05
-3.6125e-06
-1.0875e-05
-1.2933e-05
3.2427e-06
8.9422e-06
-9.4860e-06
-1.9807e-05
-4.8181e-06
7.3436e-06
-1.3822e-07
-6.9486e-06
1.1984e-06
2.9556e-06
-7.4868e-06
-1.2762e-05
-9.5466e-06
-5.3832e-06
-5.5422e-06
-3.1787e-06
7.0373e-06
8.4443e-06
-6.3012e-06
-1.5473e-05
-2.1091e-06
7.9853e-06
-5.9816e-06
-1.5662e-05
1.0926e-06
1.1106e-05
-2.7144e-06
-9.1440e-06
8.1096e-07
2.4105e-06
-9.2603e-06
-1.1122e-05
2.4629e-07
-7.0351e-08
-1.1277e-05
-1.0142e-05
-7.6789e-07
1.3763e-06
-1.8421e-06
-1.3406e-06
8.2636e-06
5.8028e-06
-1.3037e-05
-1.5458e-05
5.0588e-06
1.2646e-05
-3.4511e-06
-1.3593e-05
-4.7275e-06
3.6454e-06
-3.3094e-06
-1.0609e-05
-1.6322e-06
4.9115e-06
-3.3259e-06
-7.3522e-06
1.8028e-06
7.1889e-06
-1.5703e-06
-4.5401e-06
7.4466e-06
7.4349e-06
-1.3076e-05
-2.2165e-05
-5.5086e-06
6.9513e-06
-4.7635e-06
-1.4936e-05
-7.0454e-06
-2.9743e-06
-1.2546e-05
-1.3163e-05
4.9664e-06
1.0926e-05
-7.6585e-10
-5.4219e-06
2.7459e-06
3.9666e-06
-1.0573e-05
-1.3945e-05
2.5108e-06
5.7885e-06
-1.7060e-05
-2.5256e-05
-7.9312e-06
2.8812e-06
-1.9126e-06
-3.7888e-06
2.5246e-06
-1.5927e-06
-1.7693e-05
-2.0510e-05
-3.8966e-06
-4.4378e-08
-1.9195e-05
-2.0584e-05
8.3110e-06
1.6460e-05
-7.2617e-06
-1.6822e-05
-5.3667e-06
-3.7298e-06
-1.8083e-05
-1.9569e-05
-2.6565e-06
4.7184e-06
-5.2548e-06
-1.4434e-05
-1.0353e-05
-4.4437e-06
-3.2524e-06
-1.0636e-06
1.0612e-06
-9.6282e-06
-2.5505e-05
-1.8530e-05
6.2648e-06
1.2030e-05
-7.6401e-06
-1.5720e-05
-1.7465e-06
4.5425e-06
-1.0363e-05
-2.0768e-05
-6.1960e-06
9.5307e-06
2.6468e-06
-1.1097e-05
-9.2889e-06
-4.2028e-06
-1.3191e-05
-1.6398e-05
2.9389e-06
1.6738e-05
-4.1180e-06
-2.3098e-05
-8.7282e-06
4.2627e-06
-1.0752e-05
-2.0982e-05
-1.3302e-06
1.6236e-05
5.0639e-06
-8.8073e-06
-1.0292e-06
5.0622e-06
-9.2170e-06
-1.4291e-05
4.0306e-06
1.1558e-05
-8.3364e-06
-1.6959e-05
-7.3560e-07
4.6117e-06
-7.4131e-06
-7.2325e-06
8.2680e-06
8.6439e-06
-1.4274e-05
-2.2279e-05
-7.8938e-07
1.1293e-05
-3.5723e-06
-1.3107e-05
-5.6350e-06
-3.0903e-06
-1.1039e-05
-6.5870e-06
9.1116e-06
5.5798e-06
-1.3637e-05
-1.8466e-05
8.1424e-07
1.4925e-05
-7.8484e-07
-1.4536e-05
-3.6648e-07
1.3112e-05
-1.0347e-06
-1.6503e-05
-1.0301e-05
-5.8932e-06
-1.5592e-05
-1.3503e-05
1.0399e-05
2.1772e-05
3.6608e-06
-8.4039e-06
-4.3451e-06
-4.0525e-06
-1.5799e-05
-2.3235e-05
-4.6248e-06
1.3550e-05
2.8994e-06
-1.4798e-05
-1.2689e-05
-2.4778e-06
-2.0653e-06
-3.6353e-06
-2.8534e-06
-9.7226e-07
-6.8034e-06
-9.5008e-06
1.1409e-06
7.6625e-08
-1.8164e-05
-1.7189e-05
7.4650e-06
1.7957e-05
3.8835e-06
-1.2317e-05
-2.0689e-05
-2.8938e-05
-2.7374e-05
-1.3574e-05
4.4927e-06
6.7272e-06
-1.6515e-05
-3.5821e-05
-2.2874e-05
5.0711e-06
3.7429e-06
-1.1394e-05
-6.3028e-06
1.9511e-06
-4.6683e-06
-7.4518e-06
3.5335e-06
4.1890e-06
-1.1619e-05
-1.3518e-05
2.8353e-06
2.9907e-06
-1.3345e-05
-1.7019e-05
-2.4957e-06
9.4724e-06
5.8646e-07
-1.0036e-05
-1.3149e-06
4.4056e-06
-1.0249e-05
-1.4718e-05
1.7001e-06
7.6830e-06
-3.7713e-06
-1.2912e-05
-5.2845e-06
3.2150e-06
-3.4526e-06
-1.2174e-05
-6.4538e-06
7.8210e-06
5.4000e-06
-1.2212e-05
-1.5804e-05
1.0647e-06
4.7584e-06
-8.9478e-06
-8.3516e-06
5.5561e-07
-9.7235e-07
-5.9603e-06
3.6682e-06
1.5143e-05
-4.3194e-06
-3.0255e-05
-1.7463e-05
9.1070e-06
1.1525e-05
-1.2126e-06
-7.4185e-06
-6.6549e-06
-1.0956e-05
-5.3986e-06
3.7864e-06
-1.4218e-06
-5.4687e-06
-1.1155e-06
6.0828e-06
2.3683e-06
-9.2630e-06
-5.1949e-06
9.8882e-06
8.5352e-06
-9.7071e-06
-1.5483e-05
3.6170e-06
1.0250e-05
-1.2826e-05
-2.0206e-05
4.2094e-06
1.8684e-05
7.7673e-07
-1.3177e-05
-4.5077e-06
-6.0059e-06
-1.6682e-05
-8.4218e-06
1.5699e-05
2.2499e-05
-5.2831e-07
-1.8229e-05
-1.1282e-05
-8.4205e-06
-2.0935e-05
-2.0529e-05
2.9443e-06
1.7128e-05
1.5965e-06
-1.4828e-05
-9.7272e-06
-5.0667e-06
-1.2490e-05
-8.8846e-06
7.0570e-06
3.2764e-06
-1.3624e-05
-1.6688e-05
-2.6627e-06
7.0610e-06
4.0514e-07
-1.5740e-06
4.0438e-06
-1.2728e-07
-1.0380e-05
-1.1123e-05
2.2234e-06
9.7520e-06
2.1753e-06
-5.0338e-06
7.4508e-06
1.0804e-05
-1.1117e-05
-2.0306e-05
-2.8376e-06
8.3579e-06
-3.2265e-06
-6.8021e-06
6.3157e-06
4.0859e-07
-2.1182e-05
-1.6312e-05
1.3189e-05
1.8686e-05
-5.9469e-06
-1.3517e-05
1.2404e-05
2.6370e-05
7.2170e-06
-1.0208e-05
-2.8766e-06
4.2013e-06
-2.3702e-06
-5.5078e-06
6.0958e-06
1.3010e-05
-3.3411e-07
-4.5016e-06
8.1938e-06
7.3388e-06
-1.3668e-05
-2.0906e-05
6.6511e-06
2.2302e-05
3.0712e-06
-1.2663e-05
-1.6480e-06
5.0091e-06
-8.9447e-06
-8.8835e-06
9.9422e-06
1.0170e-05
-1.4081e-05
-2.2864e-05
2.2697e-06
1.6577e-05
-5.0084e-06
-1.5278e-05
7.1526e-06
1.8344e-05
1.6535e-06
-8.1040e-06
1.6326e-06
7.6262e-06
-4.6991e-06
-1.0861e-05
6.2015e-06
9.5326e-06
-1.1596e-05
-1.4149e-05
6.2082e-06
1.0079e-05
-9.8982e-06
-1.8245e-05
3.9606e-07
1.0900e-05
-3.5049e-06
-1.0292e-05
-2.0062e-06
-1.3990e-06
-7.4967e-06
-9.3426e-06
-5.2414e-06
-4.9434e-07
-3.8422e-06
-4.8510e-06
8.8940e-06
1.5234e-05
3.6478e-06
-6.1762e-06
-2.1447e-06
5.7921e-07
-1.1059e-05
-1.8965e-05
-4.6730e-06
5.1094e-06
-6.8682e-06
-6.1802e-06
9.8578e-06
6.2444e-06
-1.6790e-05
-1.5284e-05
9.8370e-06
1.3233e-05
-5.8855e-06
-7.1862e-06
6.2776e-06
1.1011e-05
-3.6881e-06
-1.5773e-05
-8.5584e-07
9.6519e-06
-9.8079e-06
-1.5000e-05
8.8339e-06
5.9218e-06
-2.1388e-05
-1.9550e-05
8.7649e-06
1.6963e-05
2.7791e-06
-2.0650e-06
4.9672e-06
-2.7772e-06
-2.1882e-05
-1.5100e-05
1.2138e-05
2.3354e-05
1.1120e-05
-3.9704e-06
-8.0354e-06
-1.0534e-05
-1.5281e-05
-4.9355e-06
1.8872e-05
2.0439e-05
-2.0393e-06
-8.3668e-06
8.6442e-06
2.0984e-05
7.9964e-06
-6.7626e-06
-4.4430e-07
1.1862e-05
5.1025e-06
-5.9180e-06
5.1321e-06
9.5696e-06
-2.0929e-06
-1.5016e-06
8.8402e-06
5.6511e-06
-4.1771e-06
-1.4694e-05
-1.8824e-05
-1.7385e-05
-2.6647e-05
-2.1544e-05
8.8517e-06
2.7577e-05
9.6514e-06
-7.7757e-06
7.2297e-06
1.2035e-05
-9.9788e-06
-1.1678e-05
1.2185e-05
1.3044e-05
-8.7663e-06
-8.5154e-06
1.3610e-05
1.6576e-05
-8.4744e-06
-1.3172e-05
1.3818e-05
1.9039e-05
-8.6003e-06
-1.5698e-05
2.3636e-06
5.6992e-06
-1.0409e-05
-1.0022e-05
7.9443e-06
2.1964e-06
-1.6676e-05
-8.3015e-06
1.7985e-05
1.4932e-05
-2.4164e-06
1.1549e-05
3.2360e-05
1.9399e-05
-1.6074e-05
-1.4050e-05
2.0012e-05
1.9819e-05
-2.6976e-06
-7.1520e-06
-2.0701e-06
-4.2583e-06
-6.6047e-06
6.3095e-06
2.2542e-05
1.8499e-05
-3.1411e-06
-1.2045e-05
-8.4452e-07
6.0732e-06
-3.0403e-06
-1.1288e-05
3.1752e-06
1.9588e-05
5.5958e-06
6.2593e-07
1.8387e-05
1.3980e-05
-1.2789e-05
-1.7387e-05
6.7741e-06
1.5566e-05
-1.0374e-06
1.3776e-06
2.9284e-05
3.5199e-05
5.5707e-06
-1.4240e-05
-6.6539e-06
5.5496e-06
7.9411e-06
1.0811e-05
1.5830e-05
1.2453e-05
4.0825e-06
4.9013e-06
1.6290e-05
1.8350e-05
5.4314e-06
-4.4683e-06
2.1821e-06
3.4661e-06
-1.2269e-05
-3.2922e-06
2.0686e-05
1.9815e-05
3.6834e-06
3.4061e-06
1.5372e-05
1.2678e-05
-5.6647e-06
-1.1094e-06
3.0440e-05
3.0629e-05
-5.4708e-06
-1.6242e-05
4.5849e-06
8.6169e-06
-4.5931e-06
-3.7280e-06
1.6040e-05
2.5458e-05
8.3554e-06
-1.3225e-06
2.2124e-05
2.9662e-05
1.4013e-07
-8.8126e-06
7.5307e-06
2.0899e-06
-1.0017e-05
7.7924e-06
2.7006e-05
8.3453e-07
-4.4750e-05
-3.9745e-05
1.1597e-05
2.9283e-05
8.3522e-06
3.5694e-06
1.0014e-05
6.1042e-06
-5.1108e-06
-1.3343e-06
2.3385e-05
2.7777e-05
7.4381e-07
-1.5328e-05
1.2696e-06
1.5096e-05
3.7935e-06
-1.9067e-06
1.4324e-05
2.1642e-05
6.7872e-06
-4.6871e-06
4.6024e-06
1.0396e-05
-4.4270e-06
-1.5165e-06
2.2343e-05
2.0949e-05
-3.9773e-06
-6.7908e-06
2.1060e-05
3.3012e-05
1.3516e-05
-4.1965e-06
4.5276e-06
1.3632e-05
-1.5841e-06
-9.7411e-07
2.5810e-05
3.0656e-05
2.7932e-07
-1.0002e-05
1.5813e-05
2.2415e-05
-6.2988e-06
-1.3625e-05
1.2902e-05
1.4885e-05
2.7005e-06
1.4225e-05
3.3776e-05
2.5151e-05
-5.0361e-06
-1.6442e-05
8.8743e-06
2.3345e-05
-2.0806e-06
-1.4306e-05
7.2868e-06
1.8620e-05
8.7940e-06
1.1046e-05
2.6967e-05
1.9889e-05
-7.8767e-06
-1.2333e-05
1.6241e-05
2.3485e-05
-4.8293e-06
-2.3007e-06
3.4802e-05
3.0364e-05
-1.2447e-05
-1.7210e-05
2.3043e-05
3.3238e-05
2.2880e-06
-2.0450e-06
2.5113e-05
2.8780e-05
4.3579e-06
2.3133e-06
1.8100e-05
8.9833e-06
-1.0765e-05
-4.6971e-06
2.3066e-05
2.5203e-05
4.2108e-07
-4.6428e-06
2.0834e-05
3.2100e-05
4.0463e-06
-8.1122e-06
1.4886e-05
1.8148e-05
-1.0512e-05
-1.6772e-05
1.5518e-05
3.2045e-05
1.4701e-05
6.5961e-06
1.8989e-05
1.6546e-05
-8.5168e-07
-5.1174e-06
6.0794e-06
1.0487e-05
3.5728e-06
6.1638e-06
2.4973e-05
3.4931e-05
1.6415e-05
-4.7646e-06
1.4908e-06
1.1385e-05
-7.6277e-06
-2.5450e-05
-1.6562e-06
2.6040e-05
1.9844e-05
1.6902e-05
3.6888e-05
2.6687e-05
-1.2707e-05
-1.8329e-05
1.3757e-05
2.5968e-05
4.9124e-06
-2.0172e-06
1.7478e-05
2.1179e-05
-7.9313e-06
-2.1735e-05
8.6945e-06
2.5236e-05
4.1018e-07
-1.0866e-05
9.5461e-06
1.1106e-05
-6.4749e-06
5.1401e-06
4.0256e-05
3.8948e-05
-3.8067e-06
-2.0879e-05
1.0001e-05
3.1105e-05
5.9094e-06
-1.1307e-05
1.1451e-05
2.0447e-05
-7.2776e-07
-5.1884e-06
1.7859e-05
2.2385e-05
5.0659e-06
2.7683e-06
1.8945e-05
2.1403e-05
2.4872e-06
2.9933e-06
2.3342e-05
1.9847e-05
-7.4437e-06
-1.1283e-05
1.4304e-05
2.0052e-05
1.1377e-06
-9.4334e-06
-7.3471e-06
-2.0903e-06
-3.1389e-06
-1.1147e-05
-1.9863e-07
1.6828e-05
4.1943e-06
-9.9053e-06
2.8002e-06
1.6174e-05
6.3396e-06
4.9261e-06
2.1518e-05
1.9623e-05
-5.1349e-06
-1.6469e-05
4.5098e-06
2.0134e-05
7.4434e-06
1.3831e-06
1.5687e-05
1.7959e-05
-4.6459e-06
-1.2571e-05
9.7067e-06
2.2004e-05
3.3453e-06
-6.1151e-07
1.6744e-05
7.6753e-06
-2.0518e-05
-1.0907e-05
2.6486e-05
2.7017e-05
2.3574e-08
-2.4184e-06
1.7218e-05
1.4523e-05
-8.3019e-06
-4.9784e-06
2.1300e-05
2.2365e-05
-2.6850e-06
-4.6874e-06
1.7995e-05
2.3122e-05
-7.8808e-06
-2.3080e-05
5.6746e-06
2.5007e-05
6.6902e-06
-1.3070e-06
1.4996e-05
8.1194e-06
-1.5067e-05
-1.5895e-05
5.8743e-07
4.0798e-06
-8.4374e-06
-9.1060e-06
2.0802e-05
4.1924e-05
1.9900e-05
-2.3996e-06
8.5127e-06
1.4240e-05
-1.3898e-06
-7.3224e-06
-8.1578e-07
-1.1514e-06
-1.3276e-05
-1.2529e-05
1.9187e-05
3.1474e-05
-4.1813e-06
-3.2241e-05
-8.5198e-06
1.1931e-05
-6.3813e-06
-4.4266e-06
2.5529e-05
2.9234e-05
4.4349e-06
-1.3573e-06
1.9371e-05
2.4548e-05
-3.6768e-06
-1.8759e-05
-8.5313e-07
1.2882e-06
-1.3849e-05
-1.3157e-06
2.7617e-05
2.5714e-05
-8.1584e-06
-1.7920e-05
1.2461e-05
1.5543e-05
-1.4711e-05
-1.4663e-05
1.8108e-05
2.6534e-05
-3.3014e-06
-1.7211e-05
4.0635e-06
1.6481e-05
1.2500e-05
1.8393e-05
1.7883e-05
-2.3680e-06
-2.3456e-05
-1.6143e-05
1.8987e-05
4.3182e-05
3.4341e-05
1.6491e-05
7.1949e-06
-5.4741e-06
-1.7522e-05
-1.7782e-06
3.1908e-05
3.4905e-05
4.0989e-06
-1.4015e-05
5.7386e-06
1.7705e-05
-9.2059e-06
-2.7832e-05
-5.4615e-06
8.9256e-06
-1.3946e-05
-1.7231e-05
1.6308e-05
2.7485e-05
9.0434e-06
5.1412e-06
1.5480e-05
3.8188e-06
-2.0142e-05
-1.5295e-05
1.4371e-05
1.7034e-05
-1.0564e-05
-1.4701e-05
1.3073e-05
2.6583e-05
2.6245e-06
-4.7518e-06
2.6031e-05
2.5211e-05
-1.8530e-05
-2.3584e-05
1.8130e-05
2.5648e-05
-4.7167e-07
-5.4469e-06
2.3164e-05
3.2234e-05
5.0451e-06
-1.6806e-05
-1.1329e-05
4.4565e-06
8.6978e-06
2.0659e-05
3.5164e-05
1.1956e-05
-2.9725e-05
-3.4907e-05
2.6284e-06
3.3902e-05
2.5275e-05
1.2629e-05
1.7150e-05
8.2944e-06
-1.4908e-05
-7.4442e-06
2.7584e-05
4.2485e-05
2.3184e-05
4.2478e-06
-7.5686e-07
-1.3862e-05
-2.5667e-05
7.9793e-06
5.0801e-05
3.9928e-05
5.1172e-06
-9.9547e-06
-3.5762e-07
1.1144e-05
4.2231e-06
2.2479e-06
1.6171e-05
2.2321e-05
1.3758e-05
7.6072e-06
1.1159e-05
1.2503e-06
-1.2050e-05
-2.5399e-06
2.1514e-05
3.1976e-05
1.2344e-05
-8.8081e-06
-5.9032e-06
8.1530e-06
1.2556e-05
1.5426e-05
2.1523e-05
1.3886e-05
-1.0904e-05
-1.8307e-05
1.0492e-05
3.6715e-05
2.7562e-05
3.8187e-06
2.8339e-06
7.5048e-06
-5.3005e-06
-7.0847e-06
8.6652e-06
1.4791e-05
1.0835e-06
1.8133e-06
3.6505e-05
5.0089e-05
7.2454e-06
-2.9567e-05
-1.1946e-05
1.2424e-05
9.6456e-06
6.8653e-06
1.1962e-05
6.1048e-06
-7.0253e-06
6.4263e-06
2.8907e-05
2.4245e-05
2.6947e-06
-3.1552e-06
9.0073e-06
9.9793e-06
8.6129e-08
-8.7604e-06
-2.3293e-06
-3.6434e-06
-3.1200e-05
-4.6196e-05
-3.5013e-05
-2.6159e-05
-3.9994e-05
-3.0617e-05
1.3547e-05
3.2016e-05
1.4874e-05
5.6779e-06
1.6231e-05
1.2533e-05
-9.5605e-06
-1.0239e-05
2.0700e-05
2.4950e-05
-6.3292e-06
-1.4308e-05
5.4272e-06
1.6273e-05
6.2941e-06
1.4012e-05
4.0352e-05
3.1749e-05
-2.4379e-06
-1.6602e-05
-5.6391e-06
3.0968e-06
1.1357e-06
1.1304e-05
2.3822e-05
1.1431e-05
-9.2561e-06
-1.2574e-05
2.8222e-06
1.0805e-05
-1.1062e-05
-2.5220e-05
-1.6204e-05
-1.7053e-05
-3.7886e-05
-3.8181e-05
-2.1027e-05
-3.1348e-05
-5.0886e-05
-2.8380e-05
1.2547e-05
9.6123e-06
-1.7935e-05
-1.9791e-05
3.1286e-06
-6.1228e-06
-2.3489e-05
6.3796e-06
4.6006e-05
3.6466e-05
-7.8238e-06
-1.3503e-05
9.9423e-06
1.2816e-05
-1.5381e-06
1.5471e-06
2.4751e-05
2.6878e-05
1.5367e-05
1.7744e-05
2.8589e-05
1.3705e-05
-1.7239e-05
-1.7361e-05
7.5702e-06
1.0745e-05
4.3008e-07
1.3152e-05
3.1861e-05
2.1604e-05
-1.0239e-05
-1.1004e-05
1.1383e-05
5.0521e-06
-4.0668e-06
1.8508e-05
3.4033e-05
8.3242e-06
-2.0040e-05
-9.3047e-06
2.5380e-05
2.2996e-05
-4.9742e-06
-6.2913e-06
6.0979e-06
-3.6761e-06
-2.9192e-05
-2.4189e-05
1.5134e-05
3.6809e-05
2.6931e-05
1.4210e-05
1.0360e-05
-8.5769e-06
-3.4204e-05
-1.4446e-05
3.2026e-05
2.7424e-05
-6.7056e-06
-9.2101e-06
6.3403e-06
-6.3089e-07
-1.2217e-05
8.4511e-06
3.4651e-05
1.5254e-05
-2.4498e-05
-1.5717e-05
1.3909e-05
9.5335e-06
-5.0994e-06
3.2457e-06
1.6471e-05
4.9806e-06
-2.0437e-05
-1.1924e-05
1.8924e-05
9.6200e-06
-2.1916e-05
-9.6886e-06
2.3572e-05
1.1019e-05
-2.4987e-05
-2.2422e-05
5.1176e-06
7.3743e-06
-1.0750e-05
-5.5688e-06
1.8886e-05
-9.7602e-07
-5.0438e-05
-5.0747e-05
-1.6443e-05
-1.8698e-05
-4.3337e-05
-2.8434e-05
9.0751e-06
1.1921e-05
-1.4701e-05
-1.6490e-05
1.1320e-05
1.4514e-05
-3.1263e-06
-5.6035e-06
1.1555e-05
1.5314e-05
-1.0813e-05
-2.4865e-05
-3.7162e-06
8.2888e-06
-1.8886e-06
3.1744e-06
2.2616e-05
4.4313e-06
-3.5668e-05
-2.3310e-05
2.2433e-05
2.7886e-05
-7.8006e-06
-1.7459e-05
1.2398e-05
1.4960e-05
-1.0404e-05
-1.5607e-05
2.9252e-06
3.4528e-06
-7.4178e-06
1.4781e-05
4.5145e-05
2.0641e-05
-3.2138e-05
-2.7789e-05
1.3636e-06
-7.8654e-06
-1.7913e-05
7.5573e-06
2.0588e-05
-5.9686e-06
-3.5160e-05
-4.4178e-05
-4.0682e-05
-3.9065e-05
-2.6363e-05
-1.0308e-05
-9.8239e-06
-2.2278e-05
-2.8955e-05
-9.9132e-06
1.1328e-05
1.7932e-07
-1.8217e-05
-6.5122e-06
5.1932e-07
-1.6026e-05
-2.0208e-05
9.9638e-06
3.3708e-05
9.2822e-06
-1.0928e-05
7.9308e-06
2.5173e-05
2.1930e-06
-2.9565e-05
-2.3692e-05
3.1684e-06
6.6704e-06
-8.3892e-06
-1.8351e-06
8.9579e-06
-3.7256e-06
-2.4613e-05
-1.1896e-05
1.6317e-05
1.3431e-05
-1.6497e-06
9.2185e-06
3.6482e-05
2.7154e-05
-2.0234e-05
-4.6193e-05
-2.1751e-05
-8.9296e-06
-2.6231e-05
-2.1188e-05
-2.6007e-07
5.4785e-07
-1.3811e-05
4.7512e-06
2.8686e-05
5.5412e-06
-3.2833e-05
-2.5108e-05
1.5611e-05
1.8069e-05
-1.1967e-05
-8.5020e-06
2.9774e-05
3.3037e-05
-1.0588e-05
-2.1342e-05
1.2209e-06
-7.9503e-06
-2.7210e-05
-6.0934e-07
3.0286e-05
9.8498e-06
-2.6186e-05
-2.2391e-05
-2.6689e-06
-4.8243e-06
-1.1141e-05
9.7683e-06
2.1879e-05
-7.3029e-06
-4.5935e-05
-4.1543e-05
-1.4893e-05
-2.0319e-05
-4.8271e-05
-5.6464e-05
-4.3384e-05
-3.2245e-05
-3.0880e-05
-1.8615e-05
4.4257e-06
2.6844e-06
-2.2225e-05
-2.1279e-05
8.7978e-06
1.4108e-05
-1.2608e-05
-1.6165e-05
1.4792e-05
2.2044e-05
-1.2768e-05
-3.2922e-05
-9.8451e-06
3.5805e-06
-1.5056e-05
-1.3289e-05
7.7265e-06
-6.8692e-06
-3.9911e-05
-2.3945e-05
1.9312e-05
9.9272e-06
-2.6470e-05
-1.7972e-05
5.4569e-06
-6.8011e-06
-2.6841e-05
-3.0013e-06
2.2885e-05
4.4225e-06
-2.0919e-05
-1.4488e-05
3.1474e-06
-2.9640e-06
-1.4930e-05
-7.8468e-06
2.1674e-06
-4.4434e-06
-2.1781e-05
-1.5097e-05
6.0768e-06
-1.7168e-07
-1.4057e-05
-8.6595e-06
5.8192e-06
-3.5331e-06
-4.1146e-05
-4.3766e-05
-5.3253e-07
2.0106e-05
-1.0703e-06
-1.2835e-05
6.6385e-06
4.7014e-06
-2.4371e-05
-3.4720e-05
-1.4194e-05
-1.2095e-05
-4.3688e-05
-4.4083e-05
4.6308e-06
2.2897e-05
-6.8478e-06
-1.1495e-05
8.2144e-06
-5.0955e-06
-4.6572e-05
-4.5792e-05
-6.1846e-06
6.2513e-06
-1.5988e-05
-2.3264e-05
-1.2804e-05
-3.4534e-05
-5.5066e-05
-4.6951e-05
-4.3529e-05
-5.0912e-05
-5.1339e-05
-3.1182e-05
-1.1150e-05
-1.3885e-05
-2.9367e-05
-2.2941e-05
-2.2860e-06
-3.8055e-06
-3.1918e-05
-3.7574e-05
-1.2982e-05
-1.7913e-05
-5.1717e-05
-4.5672e-05
-2.7598e-06
2.8107e-06
-2.8229e-05
-4.4273e-05
-4.5799e-05
-5.8579e-05
-7.3215e-05
-4.1749e-05
1.3622e-05
1.4541e-05
-3.0254e-05
-3.6026e-05
-1.3435e-05
-2.4244e-05
-4.1944e-05
-1.8791e-05
7.0382e-06
-1.9275e-05
-4.2164e-05
-2.1598e-05
7.1627e-07
-2.4627e-06
-1.8893e-05
-1.2843e-05
-4.5068e-06
-2.1240e-05
-3.6980e-05
-2.2950e-05
-1.2764e-05
-4.0036e-05
-6.6711e-05
-6.4347e-05
-4.1634e-05
-3.4438e-05
-4.0270e-05
-2.7156e-05
-4.8432e-06
1.0625e-06
-1.4749e-05
-2.8022e-05
-1.5317e-05
-9.7656e-06
-3.5151e-05
-4.1535e-05
-1.3827e-05
1.3329e-06
-2.0404e-05
-3.3974e-05
-1.5568e-05
-1.5603e-05
-4.5565e-05
-4.9883e-05
-9.0157e-06
-5.4165e-06
-4.6988e-05
-4.5291e-05
-4.3567e-07
5.6593e-06
-3.0910e-05
-4.0546e-05
-1.6184e-05
-1.6639e-05
-4.1700e-05
-3.1418e-05
7.8424e-07
-1.0134e-05
-4.7077e-05
-5.0218e-05
-2.8056e-05
-3.2422e-05
-5.2457e-05
-3.2671e-05
5.8064e-06
-8.0492e-06
-5.0838e-05
-4.3482e-05
9.7150e-07
-1.6982e-06
-3.5976e-05
-2.7391e-05
-5.3182e-06
-2.1543e-05
-4.3626e-05
-3.8144e-05
-3.8308e-05
-6.9875e-05
-7.9831e-05
-3.7859e-05
-6.6206e-06
-2.6299e-05
-4.6654e-05
-2.9131e-05
-5.8648e-06
-9.0655e-06
-3.3147e-05
-3.9470e-05
-1.8412e-05
-1.2160e-05
-2.9248e-05
-2.5068e-05
1.0431e-06
-9.8891e-06
-4.7461e-05
-4.0664e-05
9.9988e-06
3.1547e-05
2.3225e-05
3.2158e-05
5.2320e-05
6.3392e-05
8.2956e-05
1.3257e-04
1.2933e-04
3.0833e-05
-4.2880e-05
-4.2993e-05
-2.7951e-05
-5.1067e-05
-1.2450e-04
-1.7675e-04
-7.5102e-05
6.9508e-05
1.8055e-05
-1.0732e-04
-1.4067e-04
-1.6067e-04
-1.6682e-04
-1.5948e-04
-1.9007e-04
-7.7895e-05
2.2111e-04
5.0427e-04
7.0994e-04
5.5538e-04
-9.0005e-06
-4.0209e-04
-5.4521e-04
-7.6658e-04
-8.5910e-04
-6.8262e-04
-4.3431e-04
-4.2053e-05
5.1304e-04
7.9632e-04
2.7956e-04
-8.5817e-04
-1.5536e-03
-1.3148e-03
-5.5076e-04
5.8462e-04
1.8418e-03
2.7456e-03
3.5215e-03
4.0602e-03
3.3376e-03
1.2713e-03
-5.7358e-04
-9.8275e-04
-3.6287e-04
4.7594e-04
1.1836e-03
1.4486e-03
1.1807e-03
8.9833e-04
6.8771e-04
-6.0248e-04
-2.7618e-03
-3.4568e-03
-2.1590e-03
-6.8592e-04
5.9695e-05
5.8283e-04
1.0961e-03
8.7878e-04
3.5789e-06
6.0509e-05
8.1212e-04
4.3203e-04
-9.2819e-04
-1.8536e-03
-1.3929e-03
6.3315e-04
2.7649e-03
3.2995e-03
2.8493e-03
2.4915e-03
5.3026e-04
-3.2288e-03
-4.2711e-03
-9.6776e-05
5.5361e-03
8.2478e-03
7.3873e-03
3.9890e-03
1.9265e-04
-7.0202e-04
1.8567e-03
4.3702e-03
4.0809e-03
2.8268e-03
3.4517e-03
4.7617e-03
4.5929e-03
3.8621e-03
3.6434e-03
2.9268e-03
1.2548e-03
-1.1913e-03
-4.5532e-03
-6.6191e-03
-2.5769e-03
7.2154e-03
1.4412e-02
1.2938e-02
3.8599e-03
-7.2008e-03
-1.5257e-02
-1.7645e-02
-1.3011e-02
-2.4351e-03
1.0496e-02
1.9886e-02
2.0021e-02
1.1564e-02
8.3339e-04
-5.6924e-03
-6.3526e-03
-5.2273e-03
-5.5109e-03
-4.9267e-03
-1.4722e-03
1.7718e-03
5.1843e-03
1.3282e-02
2.2373e-02
2.3437e-02
1.4313e-02
5.4401e-04
-9.7498e-03
-1.2228e-02
-5.2346e-03
1.1260e-02
3.0039e-02
3.9719e-02
3.4204e-02
2.0178e-02
8.2625e-03
-1.9169e-03
-1.3580e-02
-1.9998e-02
-1.4498e-02
-4.8501e-03
-2.5843e-03
-3.4187e-03
3.8904e-03
1.5457e-02
1.4799e-02
-2.5238e-03
-2.2957e-02
-3.1167e-02
-2.3211e-02
-9.0593e-03
-1.9646e-03
-4.1297e-03
-7.0481e-03
-4.7514e-03
-5.1945e-05
2.9023e-03
5.7683e-03
9.1036e-03
7.7234e-03
1.0867e-03
-1.2133e-03
7.2002e-03
2.1064e-02
3.3896e-02
4.0811e-02
4.0188e-02
3.2465e-02
1.4228e-02
-1.0140e-02
-2.3092e-02
-1.7076e-02
-1.6407e-03
1.1041e-02
1.5861e-02
1.5252e-02
1.6079e-02
1.9343e-02
1.4216e-02
-4.5146e-03
-2.2275e-02
-2.5565e-02
-1.6564e-02
-5.3535e-03
7.3469e-04
4.7359e-04
-2.2942e-03
-2.1289e-03
2.5397e-04
-7.6965e-04
-6.8155e-03
-1.5565e-02
-2.2797e-02
-2.1001e-02
-8.7850e-03
2.4994e-03
7.1939e-03
1.3795e-02
2.5188e-02
3.1166e-02
2.6425e-02
1.5758e-02
2.6390e-03
-8.3945e-03
-5.9201e-03
1.1469e-02
2.8484e-02
3.3755e-02
2.8580e-02
1.8881e-02
9.3907e-03
2.0277e-03
-1.5797e-03
1.7858e-03
1.0196e-02
1.6161e-02
1.7468e-02
1.8200e-02
2.0308e-02
2.0162e-02
1.5386e-02
9.0450e-03
1.3553e-03
-8.0023e-03
-1.4037e-02
-1.5696e-02
-1.6204e-02
-1.4235e-02
-6.6592e-03
5.1227e-03
1.3381e-02
1.1315e-02
2.1494e-03
-3.2330e-03
-2.9087e-03
-5.1080e-03
-6.9008e-03
-1.4321e-03
4.4307e-03
1.5557e-03
-5.6428e-03
-9.2277e-03
-9.5745e-03
-7.3029e-03
1.9463e-03
1.3765e-02
1.4981e-02
4.8190e-03
-6.0924e-03
-1.2884e-02
-1.2351e-02
1.1360e-03
2.2483e-02
3.8609e-02
4.1314e-02
2.8927e-02
6.3581e-03
-1.4729e-02
-2.4307e-02
-2.1788e-02
-1.2887e-02
-4.4950e-03
5.1939e-04
4.2229e-03
8.9393e-03
1.3416e-02
1.6883e-02
2.1786e-02
2.6689e-02
2.6541e-02
1.8692e-02
6.3747e-03
-2.4733e-03
-3.9933e-03
5.1566e-05
4.7243e-03
2.1391e-03
-1.0528e-02
-2.4431e-02
-3.0942e-02
-3.0855e-02
-2.6258e-02
-1.1758e-02
1.9580e-02
5.3818e-02
6.8710e-02
6.1439e-02
4.4149e-02
2.5475e-02
5.7193e-03
-1.0094e-02
-1.2145e-02
-1.1995e-03
1.0855e-02
1.7488e-02
2.0913e-02
2.1172e-02
1.8871e-02
1.6495e-02
1.2330e-02
3.0386e-03
-7.7261e-03
-1.0785e-02
-4.7671e-03
-1.1951e-04
-5.6359e-03
-1.7173e-02
-2.8201e-02
-4.1618e-02
-6.2151e-02
-8.4126e-02
-9.4021e-02
-8.5549e-02
-6.2405e-02
-2.9698e-02
3.9122e-03
2.7474e-02
3.6520e-02
3.5069e-02
2.8117e-02
1.6664e-02
-2.8105e-03
-3.4700e-02
-7.3592e-02
-1.0598e-01
-1.2732e-01
-1.4164e-01
-1.4870e-01
-1.4580e-01
-1.3183e-01
-1.0960e-01
-8.6316e-02
-6.7085e-02
-5.1537e-02
-3.6583e-02
-1.8424e-02
4.9040e-03
3.1465e-02
5.6160e-02
6.9518e-02
6.8071e-02
6.2732e-02
6.2547e-02
6.5326e-02
6.4003e-02
5.1217e-02
1.8939e-02
-3.2504e-02
-8.1369e-02
-1.2118e-01
-1.6127e-01
-1.9580e-01
-2.1376e-01
-2.0759e-01
-1.6458e-01
-9.1111e-02
-2.1253e-02
1.7868e-02
1.8968e-02
-9.8353e-03
-5.4363e-02
-1.0223e-01
-1.4260e-01
-1.6758e-01
-1.7764e-01
-1.7402e-01
-1.5420e-01
-1.2379e-01
-9.3781e-02
-7.0753e-02
-5.7298e-02
-5.2961e-02
-5.5975e-02
-6.6223e-02
-7.9193e-02
-8.5975e-02
-8.2228e-02
-6.9157e-02
-5.1051e-02
-3.2695e-02
-1.5304e-02
5.3291e-04
9.3847e-03
1.3378e-02
2.2100e-02
3.8008e-02
6.3455e-02
9.6772e-02
1.3171e-01
1.6505e-01
1.9343e-01
2.1261e-01
2.1598e-01
1.9746e-01
1.5679e-01
1.0287e-01
5.4276e-02
3.0721e-02
3.9910e-02
6.9372e-02
1.0323e-01
1.3420e-01
1.6325e-01
1.9398e-01
2.2200e-01
2.3736e-01
2.3896e-01
2.3623e-01
2.3124e-01
2.1010e-01
1.6720e-01
1.1826e-01
8.0866e-02
5.9654e-02
4.9490e-02
4.6911e-02
4.8937e-02
5.3891e-02
6.1020e-02
6.5907e-02
6.5175e-02
5.9110e-02
5.0557e-02
4.1271e-02
3.4226e-02
3.6001e-02
4.8774e-02
6.5015e-02
8.1223e-02
1.0160e-01
1.2428e-01
1.4202e-01
1.5146e-01
1.5276e-01
1.4292e-01
1.1652e-01
7.9030e-02
4.6927e-02
2.4297e-02
7.6689e-04
-3.2234e-02
-7.9860e-02
-1.4445e-01
-2.1622e-01
-2.7870e-01
-3.2380e-01
-3.4788e-01
-3.4767e-01
-3.3022e-01
-3.1164e-01
-2.9647e-01
-2.7555e-01
-2.4640e-01
-2.0549e-01
-1.4792e-01
-8.7264e-02
-3.6045e-02
1.1771e-02
4.9579e-02
7.3243e-02
8.9669e-02
1.0427e-01
1.2121e-01
1.3843e-01
1.5033e-01
1.5254e-01
1.4787e-01
1.4359e-01
1.3998e-01
1.2252e-01
8.5678e-02
5.4127e-02
5.0170e-02
6.8515e-02
8.8625e-02
9.6095e-02
8.9357e-02
6.4289e-02
2.1102e-02
-2.1443e-02
-5.4379e-02
-7.5119e-02
-7.9639e-02
-7.4696e-02
-6.5249e-02
-4.6062e-02
-2.1556e-02
-5.0043e-03
-5.7946e-03
-2.7836e-02
-6.3497e-02
-9.6695e-02
-1.1938e-01
-1.3131e-01
-1.3084e-01
-1.1541e-01
-9.0903e-02
-6.9848e-02
-5.5954e-02
-4.2343e-02
-2.5186e-02
-1.2668e-02
-1.2512e-02
-1.4440e-02
-7.8574e-03
-2.3317e-03
-1.1785e-02
-3.6686e-02
-6.3335e-02
-7.9639e-02
-8.5941e-02
-8.5341e-02
-7.7380e-02
-6.3068e-02
-4.7735e-02
-3.3312e-02
-1.8852e-02
-6.3336e-03
4.3685e-03
1.6279e-02
3.0052e-02
4.1095e-02
3.9761e-02
1.8997e-02
-1.3235e-02
-3.8713e-02
-5.5443e-02
-7.1297e-02
-9.1734e-02
-1.1562e-01
-1.3725e-01
-1.5709e-01
-1.8008e-01
-1.9906e-01
-1.9449e-01
-1.6113e-01
-1.1436e-01
-6.6278e-02
-2.0082e-02
2.7586e-02
8.5293e-02
1.5178e-01
2.1160e-01
2.5180e-01
2.7240e-01
2.7702e-01
2.7197e-01
2.6505e-01
2.5269e-01
2.2560e-01
1.7348e-01
9.3966e-02
1.0439e-02
-5.1504e-02
-9.7487e-02
-1.4471e-01
-2.1089e-01
-3.1086e-01
-4.1287e-01
-4.5032e-01
-3.9171e-01
-2.4951e-01
-9.2227e-02
9.3754e-03
7.0472e-02
1.4806e-01
2.4274e-01
3.1374e-01
3.4145e-01
3.1978e-01
2.4567e-01
1.3814e-01
3.3967e-02
-6.4606e-02
-1.5683e-01
-1.9996e-01
-1.8062e-01
-1.3968e-01
-1.1284e-01
-9.4086e-02
-8.7409e-02
-9.7921e-02
-1.2124e-01
-1.4972e-01
-1.8020e-01
-2.1867e-01
-2.5981e-01
-2.9008e-01
-3.0085e-01
-2.9075e-01
-2.6895e-01
-2.3039e-01
-1.6549e-01
-8.9757e-02
-1.1919e-02
6.9520e-02
1.4384e-01
2.3638e-01
3.6656e-01
4.8135e-01
5.4428e-01
5.4285e-01
4.9411e-01
4.4512e-01
4.1884e-01
3.9635e-01
3.5783e-01
3.0218e-01
2.4234e-01
1.8747e-01
1.3600e-01
8.6552e-02
3.9066e-02
-7.1006e-03
-5.0832e-02
-9.1510e-02
-1.2813e-01
-1.5105e-01
-1.5052e-01
-1.1573e-01
-5.4165e-02
5.1817e-03
5.1979e-02
9.2868e-02
1.2360e-01
1.3355e-01
1.1334e-01
6.6044e-02
1.2854e-02
-3.4607e-02
-7.4925e-02
-1.1136e-01
-1.5295e-01
-2.1178e-01
-3.0623e-01
-4.3475e-01
-5.4871e-01
-6.0276e-01
-6.0839e-01
-5.9556e-01
-5.3500e-01
-3.8466e-01
-2.1096e-01
-1.0083e-01
-2.0690e-02
5.9595e-02
1.1110e-01
1.2575e-01
1.4609e-01
2.0596e-01
2.6654e-01
3.0473e-01
3.3031e-01
3.4460e-01
3.4410e-01
3.2298e-01
2.8078e-01
2.0720e-01
1.1199e-01
1.1225e-02
-7.1222e-02
-9.7317e-02
-8.2209e-02
-6.8562e-02
-7.5694e-02
-1.1120e-01
-1.6483e-01
-2.2605e-01
-2.9491e-01
-3.4968e-01
-3.5449e-01
-2.8445e-01
-1.7162e-01
-7.1123e-02
2.2661e-02
1.2739e-01
2.2048e-01
3.0293e-01
3.8344e-01
4.4003e-01
4.5899e-01
4.5217e-01
4.3745e-01
4.2161e-01
4.0234e-01
3.6968e-01
2.9341e-01
1.9118e-01
1.0169e-01
9.5266e-03
-5.2523e-02
-6.7544e-02
-7.3948e-02
-7.7500e-02
-6.5037e-02
-4.8182e-02
-4.5176e-02
-3.8715e-02
-9.5999e-03
3.3015e-02
7.2367e-02
9.8527e-02
1.1796e-01
1.3439e-01
1.4079e-01
1.3336e-01
1.1686e-01
9.6364e-02
7.4224e-02
5.6684e-02
4.5277e-02
3.6957e-02
3.2643e-02
3.4617e-02
3.8580e-02
3.7289e-02
2.9007e-02
1.7183e-02
6.7710e-03
-4.5876e-04
-8.6575e-03
-1.9343e-02
-2.7956e-02
-3.5702e-02
-4.7390e-02
-6.2675e-02
-8.0022e-02
-9.5131e-02
-9.2748e-02
-5.9720e-02
-4.7145e-03
4.8707e-02
7.9886e-02
8.8621e-02
8.6900e-02
8.1459e-02
6.1353e-02
2.2551e-02
-1.7613e-02
-4.9401e-02
-7.4469e-02
-1.0013e-01
-1.2601e-01
-1.4368e-01
-1.4826e-01
-1.3940e-01
-1.2826e-01
-1.2378e-01
-1.1735e-01
-1.0839e-01
-1.0724e-01
-1.1459e-01
-1.1940e-01
-1.0842e-01
-7.8777e-02
-4.4083e-02
-1.9268e-02
-4.5636e-03
8.2176e-03
1.8088e-02
1.3055e-02
-1.4459e-02
-5.6738e-02
-9.2324e-02
-1.0769e-01
-1.0948e-01
-1.0613e-01
-1.0056e-01
-9.2677e-02
-8.2567e-02
-7.3409e-02
-6.7609e-02
-5.9294e-02
-4.3747e-02
-2.7052e-02
-1.2618e-02
-1.6742e-03
7.8170e-03
2.4120e-02
4.9664e-02
7.8688e-02
1.0863e-01
1.4219e-01
1.7781e-01
2.0657e-01
2.2245e-01
2.2766e-01
2.2974e-01
2.2591e-01
1.9544e-01
1.3218e-01
6.7984e-02
1.6198e-02
-2.6617e-02
-5.4848e-02
-7.1584e-02
-8.5810e-02
-1.0534e-01
-1.3191e-01
-1.5569e-01
-1.6223e-01
-1.4238e-01
-9.5785e-02
-3.9835e-02
8.1133e-03
3.9844e-02
6.7936e-02
1.0010e-01
1.1331e-01
9.8237e-02
7.0699e-02
5.0820e-02
4.0288e-02
3.2812e-02
2.1093e-02
8.5104e-03
5.0308e-03
6.6205e-03
5.3844e-03
4.9561e-04
-5.7474e-03
-1.2575e-02
-1.8672e-02
-2.7090e-02
-4.3906e-02
-6.5048e-02
-7.9354e-02
-8.2228e-02
-7.8090e-02
-7.2859e-02
-6.7618e-02
-6.1872e-02
-5.6257e-02
-5.1322e-02
-4.7736e-02
-4.4548e-02
-4.0806e-02
-3.9143e-02
-4.3514e-02
-5.4391e-02
-6.9277e-02
-8.2784e-02
-8.7112e-02
-7.8030e-02
-5.5562e-02
-2.4057e-02
6.5996e-03
2.7768e-02
4.0439e-02
5.1601e-02
6.3497e-02
7.0552e-02
7.0496e-02
6.6274e-02
6.0654e-02
5.7704e-02
6.0044e-02
6.3731e-02
6.0455e-02
4.8967e-02
3.5574e-02
2.1311e-02
4.8034e-03
-1.1698e-02
-2.6336e-02
-3.8787e-02
-4.5584e-02
-4.5003e-02
-4.6296e-02
-5.8648e-02
-8.2397e-02
-1.0846e-01
-1.1984e-01
-1.1622e-01
-1.0845e-01
-9.2919e-02
-6.7823e-02
-4.2229e-02
-2.3965e-02
-1.1270e-02
-1.2643e-03
1.4659e-03
-1.7828e-03
-1.8088e-03
4.6075e-03
1.7542e-02
3.9843e-02
6.7430e-02
9.2935e-02
1.1543e-01
1.3606e-01
1.5113e-01
1.5372e-01
1.4455e-01
1.3312e-01
1.2189e-01
1.0603e-01
8.7216e-02
7.2251e-02
6.4525e-02
6.2501e-02
6.7167e-02
7.5539e-02
7.2949e-02
5.4500e-02
3.2687e-02
9.4179e-03
-1.8748e-02
-5.1660e-02
-9.1546e-02
-1.3735e-01
-1.8122e-01
-2.1436e-01
-2.3085e-01
-2.2780e-01
-2.0613e-01
-1.7248e-01
-1.3575e-01
-9.9985e-02
-6.6997e-02
-3.9771e-02
-2.2447e-02
-1.9403e-02
-3.1110e-02
-5.1449e-02
-7.3034e-02
-9.3566e-02
-1.1369e-01
-1.3285e-01
-1.5086e-01
-1.6836e-01
-1.8521e-01
-2.0132e-01
-2.1802e-01
-2.3359e-01
-2.4523e-01
-2.5172e-01
-2.5098e-01
-2.3390e-01
-1.8703e-01
-1.2087e-01
-6.1975e-02
-1.4564e-02
2.7570e-02
6.1287e-02
7.9928e-02
8.2387e-02
7.6453e-02
7.3200e-02
7.3998e-02
7.5049e-02
7.7972e-02
8.5763e-02
9.7357e-02
1.0992e-01
1.2171e-01
1.3068e-01
1.3069e-01
1.0965e-01
6.5100e-02
1.3481e-02
-3.5018e-02
-7.7859e-02
-1.1581e-01
-1.5512e-01
-1.9991e-01
-2.3989e-01
-2.6135e-01
-2.6784e-01
-2.6351e-01
-2.4206e-01
-2.0070e-01
-1.5437e-01
-1.2076e-01
-1.0159e-01
-9.0138e-02
-8.0850e-02
-6.8608e-02
-4.6631e-02
-1.2051e-02
3.0545e-02
7.4953e-02
1.2424e-01
1.8683e-01
2.6464e-01
3.5101e-01
4.3278e-01
4.9338e-01
5.2196e-01
5.2733e-01
5.1525e-01
4.6914e-01
4.1640e-01
3.7753e-01
3.1125e-01
2.2428e-01
1.4522e-01
7.7128e-02
1.4687e-02
-3.5640e-02
-6.7509e-02
-8.6441e-02
-9.5317e-02
-9.6103e-02
-7.9920e-02
-3.1858e-02
2.7935e-02
7.2016e-02
1.0260e-01
1.2792e-01
1.4726e-01
1.5509e-01
1.4805e-01
1.2720e-01
9.9163e-02
7.2829e-02
4.5679e-02
1.0076e-02
-2.9491e-02
-5.7089e-02
-6.7860e-02
-6.5782e-02
-5.4135e-02
-4.0395e-02
-2.5625e-02
1.1280e-03
3.7872e-02
6.8813e-02
9.0939e-02
1.0954e-01
1.2299e-01
1.2944e-01
1.3296e-01
1.3632e-01
1.4071e-01
1.4744e-01
1.5129e-01
1.3829e-01
1.0370e-01
6.0938e-02
1.6786e-02
-2.6757e-02
-6.4030e-02
-8.8908e-02
-1.0290e-01
-1.1618e-01
-1.3509e-01
-1.5316e-01
-1.5807e-01
-1.4302e-01
-1.1540e-01
-9.3986e-02
-8.8082e-02
-8.9746e-02
-8.7601e-02
-7.8274e-02
-6.6455e-02
-5.6954e-02
-4.9313e-02
-4.2579e-02
-3.7618e-02
-3.5913e-02
-3.7936e-02
-4.1000e-02
-4.0214e-02
-3.5253e-02
-3.0498e-02
-2.7680e-02
-2.5428e-02
-2.1888e-02
-1.8452e-02
-1.7253e-02
-1.7616e-02
-1.6489e-02
-1.3351e-02
-9.2485e-03
-5.0179e-03
-4.2065e-03
-8.5325e-03
-1.6316e-02
-2.4823e-02
-3.0908e-02
-3.0614e-02
-2.0547e-02
-3.4230e-03
1.4357e-02
2.8868e-02
3.9407e-02
4.7290e-02
5.3133e-02
5.6420e-02
5.7284e-02
5.6870e-02
5.7968e-02
6.1878e-02
6.5970e-02
6.6743e-02
5.8160e-02
3.7361e-02
9.9619e-03
-1.9086e-02
-4.6580e-02
-6.8995e-02
-8.4213e-02
-9.0958e-02
-8.8759e-02
-8.2247e-02
-7.6960e-02
-7.4511e-02
-7.4429e-02
-7.4755e-02
-7.3546e-02
-7.0948e-02
-6.8123e-02
-6.5366e-02
-6.2433e-02
-5.8833e-02
-5.3572e-02
-4.6580e-02
-3.8113e-02
-2.8987e-02
-2.0402e-02
-1.3140e-02
-8.7623e-03
-8.4200e-03
-1.0913e-02
-1.4305e-02
-1.8127e-02
-2.2843e-02
-2.7915e-02
-3.1633e-02
-3.2002e-02
-2.7657e-02
-1.7873e-02
-3.8029e-03
1.1049e-02
2.1560e-02
2.3170e-02
1.5261e-02
-7.2705e-04
-2.2328e-02
-4.5355e-02
-6.6450e-02
-8.4069e-02
-9.2008e-02
-8.0469e-02
-5.4008e-02
-2.8609e-02
-9.3617e-03
9.0306e-03
2.9338e-02
4.7281e-02
5.5751e-02
5.3053e-02
4.5290e-02
3.9681e-02
3.5548e-02
2.9347e-02
2.5494e-02
2.7460e-02
3.1855e-02
3.5969e-02
4.2772e-02
5.3174e-02
6.3021e-02
6.9593e-02
7.3555e-02
7.4065e-02
6.9184e-02
5.9914e-02
5.1247e-02
4.7254e-02
4.8119e-02
5.2070e-02
5.6941e-02
6.0078e-02
5.9243e-02
5.3192e-02
4.1527e-02
2.4960e-02
6.4628e-03
-1.1475e-02
-2.9231e-02
-4.7330e-02
-6.4407e-02
-7.8058e-02
-8.6288e-02
-8.8224e-02
-8.2417e-02
-6.6923e-02
-4.4513e-02
-2.6165e-02
-2.0396e-02
-2.0486e-02
-1.8132e-02
-1.0422e-02
3.0187e-03
2.0118e-02
3.7527e-02
5.2452e-02
6.1418e-02
5.9137e-02
4.2043e-02
1.6335e-02
-8.3114e-03
-2.9276e-02
-4.7155e-02
-6.2194e-02
-7.1522e-02
-6.8757e-02
-5.0750e-02
-2.5195e-02
-2.0183e-03
1.7043e-02
3.3061e-02
4.4993e-02
5.0068e-02
4.4126e-02
2.6146e-02
1.3243e-03
-2.4023e-02
-4.7368e-02
-6.8843e-02
-8.6803e-02
-9.6300e-02
-9.5439e-02
-8.7165e-02
-7.4575e-02
-5.8068e-02
-3.8001e-02
-1.8387e-02
-1.9361e-03
1.1997e-02
2.3711e-02
3.2812e-02
3.7059e-02
3.0200e-02
9.6752e-03
-1.7544e-02
-4.2522e-02
-5.9902e-02
-6.5322e-02
-5.6085e-02
-3.5152e-02
-9.3823e-03
1.5832e-02
3.7869e-02
5.5995e-02
6.9420e-02
7.7676e-02
8.2759e-02
8.4641e-02
7.7167e-02
5.4977e-02
2.2631e-02
-8.5813e-03
-3.6853e-02
-6.1805e-02
-8.0302e-02
-9.2155e-02
-9.4967e-02
-8.2782e-02
-5.8386e-02
-3.2280e-02
-8.9556e-03
1.1794e-02
2.8985e-02
4.2150e-02
5.2788e-02
6.1906e-02
6.7109e-02
6.3274e-02
4.8467e-02
2.8699e-02
1.0948e-02
-2.7500e-03
-1.3125e-02
-1.9293e-02
-1.9041e-02
-1.0276e-02
5.6568e-03
2.3144e-02
3.8587e-02
5.2068e-02
6.3962e-02
7.4030e-02
8.2167e-02
8.7269e-02
8.5615e-02
7.3592e-02
5.3558e-02
2.9993e-02
5.9671e-03
-1.4635e-02
-3.0088e-02
-4.0424e-02
-4.4250e-02
-4.1264e-02
-3.3585e-02
-2.4298e-02
-1.5853e-02
-8.2797e-03
-1.1246e-03
5.9474e-03
1.4307e-02
2.4228e-02
3.3695e-02
3.8785e-02
3.5460e-02
2.6238e-02
1.7297e-02
1.1670e-02
8.4182e-03
4.9737e-03
-5.0343e-04
-7.2343e-03
-1.3645e-02
-1.9542e-02
-2.6389e-02
-3.5652e-02
-4.7309e-02
-5.8998e-02
-6.6708e-02
-6.9057e-02
-6.7866e-02
-6.5325e-02
-6.3202e-02
-6.2786e-02
-6.3952e-02
-6.5400e-02
-6.4903e-02
-5.8860e-02
-4.5538e-02
-2.9323e-02
-1.4702e-02
-3.0046e-03
3.7855e-03
2.8269e-03
-6.2606e-03
-1.9512e-02
-3.1248e-02
-3.6636e-02
-3.2534e-02
-1.9129e-02
-3.6139e-04
1.9707e-02
4.0248e-02
6.1573e-02
8.3076e-02
1.0342e-01
1.1978e-01
1.3044e-01
1.3465e-01
1.2585e-01
9.7688e-02
6.1689e-02
3.2761e-02
1.2400e-02
7.3351e-04
-4.4058e-03
-1.4945e-03
1.0715e-02
2.6930e-02
4.0625e-02
4.7192e-02
4.5525e-02
3.7736e-02
2.7908e-02
1.8258e-02
8.8209e-03
-4.1959e-04
-9.0722e-03
-1.7428e-02
-2.5520e-02
-3.3209e-02
-4.0677e-02
-4.7953e-02
-5.4434e-02
-5.9582e-02
-6.2704e-02
-6.1814e-02
-5.3435e-02
-3.5896e-02
-1.4663e-02
3.1750e-03
1.5983e-02
2.3449e-02
2.5027e-02
2.1629e-02
1.4514e-02
4.8423e-03
-5.6335e-03
-1.5678e-02
-2.5242e-02
-3.4377e-02
-4.1709e-02
-4.4963e-02
-4.2463e-02
-3.4310e-02
-2.3685e-02
-1.4289e-02
-6.9176e-03
-1.0063e-03
2.5972e-03
2.8066e-03
-1.9001e-04
-5.6607e-03
-1.2514e-02
-1.9080e-02
-2.4061e-02
-2.7156e-02
-2.8189e-02
-2.6029e-02
-1.9496e-02
-9.7637e-03
1.7955e-04
8.0706e-03
1.2539e-02
1.3162e-02
1.0809e-02
7.3110e-03
4.6914e-03
4.2947e-03
6.4232e-03
1.0015e-02
1.4394e-02
2.0382e-02
2.7457e-02
3.3588e-02
3.7905e-02
4.0377e-02
4.1021e-02
3.9812e-02
3.6237e-02
3.0291e-02
2.3214e-02
1.5994e-02
9.2582e-03
3.4606e-03
-8.1226e-04
-1.7247e-03
2.1193e-03
8.6939e-03
1.4747e-02
1.8956e-02
2.0839e-02
1.9683e-02
1.4826e-02
6.4317e-03
-3.3179e-03
-1.1760e-02
-1.8249e-02
-2.3959e-02
-2.9941e-02
-3.6330e-02
-4.3030e-02
-4.9569e-02
-5.4923e-02
-5.7471e-02
-5.4580e-02
-4.5243e-02
-3.3050e-02
-2.1918e-02
-1.2467e-02
-4.6085e-03
8.9307e-04
3.2249e-03
2.5162e-03
7.9229e-04
2.9692e-04
1.9148e-03
5.7289e-03
1.2166e-02
1.9912e-02
2.5754e-02
2.8567e-02
2.9495e-02
2.9192e-02
2.7977e-02
2.5902e-02
2.2943e-02
1.9067e-02
1.4109e-02
8.1701e-03
1.4524e-03
-5.9113e-03
-1.4045e-02
-2.2399e-02
-2.9373e-02
-3.3560e-02
-3.3486e-02
-2.7077e-02
-1.4613e-02
-1.1050e-03
8.9706e-03
1.6191e-02
2.2466e-02
2.8075e-02
3.2913e-02
3.7032e-02
4.0508e-02
4.3605e-02
4.6349e-02
4.9213e-02
5.2534e-02
5.5572e-02
5.7405e-02
5.8187e-02
5.7921e-02
5.5387e-02
4.9079e-02
3.8923e-02
2.6603e-02
1.4326e-02
3.8090e-03
-3.8474e-03
-8.2052e-03
-1.0072e-02
-1.0589e-02
-1.0002e-02
-8.0490e-03
-4.7730e-03
-5.8100e-04
3.6509e-03
7.0118e-03
9.3973e-03
1.1425e-02
1.2767e-02
1.2365e-02
9.7557e-03
5.0303e-03
-1.1984e-03
-8.8349e-03
-1.7985e-02
-2.7481e-02
-3.6090e-02
-4.3684e-02
-5.0042e-02
-5.3720e-02
-5.1368e-02
-4.0474e-02
-2.4132e-02
-7.3822e-03
8.2781e-03
2.3175e-02
3.6907e-02
4.7668e-02
5.2902e-02
5.1775e-02
4.5490e-02
3.5541e-02
2.4436e-02
1.5447e-02
1.0146e-02
8.1648e-03
7.9345e-03
7.9848e-03
7.9576e-03
7.9681e-03
7.5541e-03
5.3677e-03
3.1814e-04
-6.7636e-03
-1.4051e-02
-2.0605e-02
-2.6527e-02
-3.2018e-02
-3.6306e-02
-3.7652e-02
-3.4952e-02
-2.8908e-02
-2.1624e-02
-1.4687e-02
-8.6205e-03
-4.1896e-03
-2.3220e-03
-2.7223e-03
-3.6992e-03
-4.1753e-03
-4.3492e-03
-4.0985e-03
-2.1617e-03
1.7000e-03
5.4233e-03
7.5883e-03
8.7465e-03
1.0166e-02
1.2037e-02
1.2499e-02
9.4060e-03
3.0828e-03
-4.4609e-03
-1.1893e-02
-1.7858e-02
-2.0867e-02
-2.0478e-02
-1.7756e-02
-1.4074e-02
-9.6627e-03
-4.1150e-03
2.3431e-03
8.8490e-03
1.4497e-02
1.8763e-02
2.1508e-02
2.2655e-02
2.0855e-02
1.4470e-02
4.2367e-03
-7.0927e-03
-1.6561e-02
-2.2258e-02
-2.3872e-02
-2.2515e-02
-2.0147e-02
-1.8514e-02
-1.7986e-02
-1.8062e-02
-1.8855e-02
-2.1443e-02
-2.6069e-02
-3.1028e-02
-3.4855e-02
-3.7436e-02
-3.8676e-02
-3.8611e-02
-3.7572e-02
-3.5846e-02
-3.3719e-02
-3.1046e-02
-2.7839e-02
-2.4426e-02
-2.0750e-02
-1.6788e-02
-1.2829e-02
-9.3794e-03
-7.2970e-03
-7.2339e-03
-9.6018e-03
-1.4769e-02
-2.1832e-02
-2.8744e-02
-3.4164e-02
-3.7276e-02
-3.7269e-02
-3.3406e-02
-2.5679e-02
-1.5232e-02
-3.4795e-03
8.5033e-03
2.0620e-02
3.2825e-02
4.3842e-02
5.2181e-02
5.7120e-02
5.7959e-02
5.3665e-02
4.4587e-02
3.3408e-02
2.2553e-02
1.3697e-02
7.8303e-03
4.6882e-03
4.2681e-03
6.4709e-03
9.7670e-03
1.2398e-02
1.3327e-02
1.2170e-02
9.4628e-03
6.3048e-03
3.5208e-03
1.3056e-03
-7.4819e-04
-3.1574e-03
-6.1887e-03
-9.4508e-03
-1.2119e-02
-1.3786e-02
-1.4716e-02
-1.4519e-02
-1.1354e-02
-4.4602e-03
4.1387e-03
1.0655e-02
1.2220e-02
9.3267e-03
4.2374e-03
-1.9274e-03
-8.4464e-03
-1.4678e-02
-2.0108e-02
-2.3574e-02
-2.4422e-02
-2.3173e-02
-2.0648e-02
-1.7881e-02
-1.5930e-02
-1.5046e-02
-1.5335e-02
-1.7047e-02
-1.9842e-02
-2.2869e-02
-2.5334e-02
-2.5951e-02
-2.3369e-02
-1.7559e-02
-9.6797e-03
-1.1644e-03
6.9008e-03
1.3725e-02
1.8422e-02
2.0723e-02
2.1994e-02
2.3744e-02
2.5506e-02
2.5931e-02
2.5298e-02
2.4525e-02
2.3505e-02
2.1606e-02
1.8684e-02
1.4873e-02
9.7757e-03
3.7696e-03
-1.2125e-03
-3.7424e-03
-4.5789e-03
-5.6224e-03
-8.0025e-03
-1.1704e-02
-1.6015e-02
-2.0348e-02
-2.4409e-02
-2.7942e-02
-3.0365e-02
-3.0236e-02
-2.6032e-02
-1.8092e-02
-8.8274e-03
-4.0452e-04
6.5187e-03
1.1469e-02
1.3837e-02
1.3688e-02
1.2037e-02
1.0464e-02
9.9841e-03
1.0297e-02
1.0450e-02
1.0063e-02
9.4297e-03
8.7553e-03
7.2381e-03
4.2525e-03
7.7922e-04
-2.1469e-03
-4.8713e-03
-7.7143e-03
-9.5345e-03
-8.6494e-03
-4.1366e-03
2.4562e-03
7.9956e-03
1.0753e-02
1.0629e-02
8.3202e-03
4.7968e-03
5.8257e-04
-4.2542e-03
-9.7500e-03
-1.5654e-02
-2.1231e-02
-2.5867e-02
-2.9584e-02
-3.2370e-02
-3.3489e-02
-3.2209e-02
-2.8708e-02
-2.3920e-02
-1.8873e-02
-1.3978e-02
-8.8989e-03
-3.3502e-03
2.1891e-03
6.6498e-03
9.4554e-03
1.0902e-02
1.2240e-02
1.4770e-02
1.8673e-02
2.2989e-02
2.6397e-02
2.8198e-02
2.7850e-02
2.4190e-02
1.6923e-02
7.8946e-03
-3.7182e-04
-6.0100e-03
-8.0664e-03
-7.1282e-03
-4.8877e-03
-2.8534e-03
-1.6624e-03
-1.2831e-03
-1.3496e-03
-1.3699e-03
-7.6520e-04
8.2645e-04
2.7874e-03
3.7216e-03
2.7874e-03
7.0591e-04
-1.0869e-03
-1.7907e-03
-1.4474e-03
-1.6141e-04
2.0628e-03
4.6022e-03
6.7713e-03
8.1143e-03
7.9011e-03
6.2387e-03
5.0070e-03
5.6817e-03
7.7266e-03
9.8291e-03
1.1219e-02
1.1687e-02
1.1589e-02
1.1492e-02
1.1257e-02
1.0524e-02
9.4807e-03
8.5945e-03
7.8646e-03
6.8098e-03
5.0152e-03
2.8243e-03
9.3221e-04
-7.6208e-04
-3.1240e-03
-6.9439e-03
-1.2116e-02
-1.7233e-02
-2.0348e-02
-1.9773e-02
-1.5063e-02
-7.9195e-03
-1.0136e-03
4.1553e-03
7.3951e-03
8.5797e-03
7.3335e-03
4.1338e-03
8.1538e-04
-1.2700e-03
-2.2490e-03
-2.7777e-03
-3.2623e-03
-3.5787e-03
-3.6933e-03
-4.4756e-03
-6.4373e-03
-8.7703e-03
-1.0584e-02
-1.1587e-02
-1.1652e-02
-1.0620e-02
-8.3585e-03
-4.8809e-03
-5.3865e-04
4.1513e-03
8.7151e-03
1.2334e-02
1.4136e-02
1.3898e-02
1.2339e-02
1.0147e-02
6.9820e-03
2.4405e-03
-2.9899e-03
-7.9991e-03
-1.0944e-02
-1.0633e-02
-6.8181e-03
-7.6221e-04
5.3652e-03
9.8259e-03
1.1661e-02
1.0568e-02
7.4967e-03
4.9253e-03
4.8331e-03
6.9950e-03
9.3457e-03
1.0014e-02
8.9203e-03
6.7391e-03
3.7805e-03
4.4020e-04
-2.5784e-03
-4.4175e-03
-4.4537e-03
-2.8849e-03
-5.8641e-04
9.8620e-04
5.3210e-04
-2.1962e-03
-6.3881e-03
-1.0853e-02
-1.4650e-02
-1.7296e-02
-1.7996e-02
-1.5496e-02
-9.9653e-03
-3.3654e-03
2.4846e-03
7.1307e-03
1.0765e-02
1.3087e-02
1.3697e-02
1.2494e-02
9.4285e-03
4.8373e-03
-3.7853e-04
-5.4667e-03
-1.0049e-02
-1.3674e-02
-1.6119e-02
-1.7652e-02
-1.8666e-02
-1.9270e-02
-1.9005e-02
-1.7120e-02
-1.3088e-02
-6.9081e-03
4.4811e-04
7.5293e-03
1.3102e-02
1.6653e-02
1.9097e-02
2.1607e-02
2.4337e-02
2.7057e-02
2.9778e-02
3.2614e-02
3.5189e-02
3.6379e-02
3.5394e-02
3.2601e-02
2.8764e-02
2.4363e-02
2.0146e-02
1.6429e-02
1.2881e-02
9.0877e-03
4.9473e-03
1.2004e-03
-9.8260e-04
-6.7638e-04
2.3625e-03
7.0981e-03
1.2061e-02
1.6532e-02
1.9897e-02
2.1185e-02
1.9571e-02
1.5245e-02
9.5609e-03
3.7168e-03
-1.8830e-03
-6.9177e-03
-1.0627e-02
-1.2828e-02
-1.4357e-02
-1.5450e-02
-1.5035e-02
-1.2166e-02
-7.2748e-03
-2.0802e-03
1.8463e-03
4.3872e-03
6.0225e-03
6.5258e-03
5.1916e-03
2.3056e-03
-6.8421e-04
-2.3929e-03
-1.9092e-03
4.9784e-04
3.4065e-03
5.3514e-03
5.9523e-03
6.1207e-03
6.7728e-03
7.7944e-03
8.5657e-03
8.7826e-03
8.3064e-03
7.1024e-03
4.8312e-03
1.0846e-03
-3.7083e-03
-8.8270e-03
-1.3531e-02
-1.7031e-02
-1.9020e-02
-1.9495e-02
-1.8465e-02
-1.6410e-02
-1.4240e-02
-1.2864e-02
-1.2520e-02
-1.2553e-02
-1.2184e-02
-1.1465e-02
-1.1126e-02
-1.1783e-02
-1.3356e-02
-1.5237e-02
-1.6819e-02
-1.7652e-02
-1.7294e-02
-1.5538e-02
-1.2743e-02
-9.6450e-03
-6.4117e-03
-2.6996e-03
1.4386e-03
5.2403e-03
7.8461e-03
9.5000e-03
1.1122e-02
1.2941e-02
1.3832e-02
1.2686e-02
9.5491e-03
5.7697e-03
3.1942e-03
2.5491e-03
3.5836e-03
5.9414e-03
9.4521e-03
1.3985e-02
1.8943e-02
2.3128e-02
2.5654e-02
2.6485e-02
2.6085e-02
2.4927e-02
2.3153e-02
2.0620e-02
1.7543e-02
1.4423e-02
1.1461e-02
8.6571e-03
5.8899e-03
2.8213e-03
-8.1066e-04
-5.1916e-03
-1.0559e-02
-1.6574e-02
-2.2241e-02
-2.6352e-02
-2.8075e-02
-2.7219e-02
-2.3976e-02
-1.9042e-02
-1.3912e-02
-9.9865e-03
-7.9377e-03
-7.4476e-03
-7.0637e-03
-5.7855e-03
-4.1528e-03
-3.1026e-03
-2.7381e-03
-2.6746e-03
-2.4922e-03
-2.2448e-03
-2.3301e-03
-2.4163e-03
-1.7734e-03
-4.7435e-04
9.7201e-04
2.3568e-03
3.6223e-03
4.5296e-03
4.9937e-03
5.2755e-03
5.2225e-03
3.9134e-03
1.1482e-03
-2.0302e-03
-4.3852e-03
-5.2942e-03
-4.9368e-03
-3.7823e-03
-2.1970e-03
-2.9585e-04
1.9462e-03
4.2184e-03
5.9997e-03
6.7638e-03
5.7342e-03
2.4278e-03
-2.4023e-03
-7.1930e-03
-1.0502e-02
-1.1487e-02
-9.9961e-03
-6.4786e-03
-1.6926e-03
3.6417e-03
8.7118e-03
1.2840e-02
1.5718e-02
1.7287e-02
1.7610e-02
1.6822e-02
1.5106e-02
1.2698e-02
1.0155e-02
7.6592e-03
4.8821e-03
2.0643e-03
1.6921e-04
-3.3366e-04
6.4518e-05
6.2206e-04
1.0114e-03
1.3324e-03
1.5202e-03
1.0624e-03
-6.1860e-04
-3.5414e-03
-7.2952e-03
-1.1090e-02
-1.3770e-02
-1.4662e-02
-1.3868e-02
-1.1834e-02
-9.3738e-03
-7.2347e-03
-5.7864e-03
-5.3453e-03
-5.9409e-03
-7.5189e-03
-9.9195e-03
-1.2653e-02
-1.5189e-02
-1.7025e-02
-1.7664e-02
-1.6687e-02
-1.4081e-02
-1.0231e-02
-5.5444e-03
-2.6839e-04
5.4292e-03
1.1195e-02
1.6160e-02
1.9289e-02
2.0269e-02
1.9496e-02
1.6867e-02
1.1839e-02
4.8954e-03
-2.1943e-03
-7.5918e-03
-1.0277e-02
-9.9207e-03
-6.7176e-03
-1.7557e-03
3.3309e-03
7.4931e-03
1.0562e-02
1.2784e-02
1.4430e-02
1.5744e-02
1.6801e-02
1.7602e-02
1.8341e-02
1.9338e-02
2.0814e-02
2.2345e-02
2.3076e-02
2.2196e-02
1.9342e-02
1.5494e-02
1.2272e-02
1.0281e-02
9.2675e-03
9.0283e-03
9.4178e-03
1.0174e-02
1.1009e-02
1.1770e-02
1.2643e-02
1.3915e-02
1.5635e-02
1.7329e-02
1.8228e-02
1.7989e-02
1.6534e-02
1.3933e-02
1.0489e-02
6.3714e-03
1.5492e-03
-3.9468e-03
-1.0020e-02
-1.6563e-02
-2.3186e-02
-2.9258e-02
-3.4162e-02
-3.7407e-02
-3.9037e-02
-3.9358e-02
-3.8243e-02
-3.5048e-02
-2.9721e-02
-2.3612e-02
-1.8042e-02
-1.3284e-02
-9.4205e-03
-6.9437e-03
-5.9815e-03
-5.8990e-03
-6.0301e-03
-5.9677e-03
-5.7283e-03
-5.9405e-03
-7.2508e-03
-9.8194e-03
-1.3073e-02
-1.5769e-02
-1.6971e-02
-1.6637e-02
-1.5150e-02
-1.2702e-02
-9.2842e-03
-5.5953e-03
-2.7973e-03
-1.2390e-03
-3.6608e-04
4.7534e-04
1.2695e-03
1.3848e-03
6.0096e-04
-3.5757e-04
-5.8121e-04
7.5792e-05
1.3243e-03
2.9688e-03
4.7410e-03
6.2765e-03
7.4513e-03
8.3027e-03
8.8165e-03
8.9934e-03
8.8223e-03
8.3284e-03
7.7889e-03
7.6269e-03
8.1018e-03
9.1631e-03
1.0676e-02
1.2634e-02
1.4926e-02
1.7201e-02
1.8992e-02
2.0066e-02
2.0050e-02
1.7960e-02
1.3221e-02
6.7814e-03
3.2034e-04
-4.8910e-03
-8.6472e-03
-1.1545e-02
-1.3881e-02
-1.5362e-02
-1.5686e-02
-1.4807e-02
-1.3062e-02
-1.0999e-02
-9.3191e-03
-8.9490e-03
-1.0201e-02
-1.2594e-02
-1.5464e-02
-1.7692e-02
-1.8101e-02
-1.6391e-02
-1.2997e-02
-8.4643e-03
-3.0942e-03
2.5292e-03
7.2339e-03
1.0176e-02
1.1627e-02
1.2288e-02
1.2432e-02
1.1758e-02
9.8809e-03
7.1123e-03
4.8789e-03
4.1438e-03
4.1757e-03
3.6018e-03
1.6695e-03
-9.6118e-04
-2.8001e-03
-3.2571e-03
-2.9549e-03
-2.5518e-03
-2.2562e-03
-2.1208e-03
-2.4525e-03
-3.8289e-03
-6.2155e-03
-8.7253e-03
-1.0681e-02
-1.2222e-02
-1.3793e-02
-1.5464e-02
-1.7099e-02
-1.8736e-02
-2.0373e-02
-2.1645e-02
-2.1739e-02
-1.9898e-02
-1.6519e-02
-1.3096e-02
-1.0606e-02
-8.6897e-03
-6.9423e-03
-5.7735e-03
-5.7788e-03
-7.0194e-03
-9.0205e-03
-1.1183e-02
-1.3031e-02
-1.4142e-02
-1.4310e-02
-1.3696e-02
-1.2676e-02
-1.1568e-02
-1.0517e-02
-9.2652e-03
-7.3967e-03
-4.9445e-03
-2.3189e-03
6.1175e-05
1.6370e-03
1.7955e-03
1.4269e-04
-2.8173e-03
-5.6526e-03
-7.2291e-03
-7.3117e-03
-6.2974e-03
-4.8576e-03
-3.3140e-03
-1.3720e-03
9.7454e-04
3.3007e-03
5.5109e-03
7.8305e-03
1.0194e-02
1.1845e-02
1.1908e-02
1.0381e-02
7.9358e-03
5.4701e-03
3.9271e-03
3.7854e-03
4.8462e-03
6.7009e-03
9.0792e-03
1.1587e-02
1.3682e-02
1.4984e-02
1.5381e-02
1.4977e-02
1.4046e-02
1.2734e-02
1.0937e-02
8.7350e-03
6.4000e-03
4.2046e-03
2.4847e-03
1.4046e-03
9.0509e-04
1.0940e-03
1.9415e-03
2.7677e-03
2.7067e-03
1.5997e-03
-1.8765e-04
-2.4478e-03
-4.9357e-03
-7.2030e-03
-8.7210e-03
-9.0689e-03
-8.0159e-03
-5.3692e-03
-1.0818e-03
4.3262e-03
9.7609e-03
1.4359e-02
1.7694e-02
1.9370e-02
1.9135e-02
1.6894e-02
1.2800e-02
8.1663e-03
4.7120e-03
3.2836e-03
4.0781e-03
6.9531e-03
1.1442e-02
1.6478e-02
2.0459e-02
2.2393e-02
2.2579e-02
2.1797e-02
2.0474e-02
1.8529e-02
1.5534e-02
1.1234e-02
6.1527e-03
1.6966e-03
-7.1608e-04
-8.2395e-04
2.9109e-04
1.6417e-03
3.4624e-03
6.3997e-03
9.7648e-03
1.1707e-02
1.0852e-02
7.7655e-03
4.6932e-03
2.9739e-03
2.1132e-03
1.3779e-03
1.1409e-03
2.2408e-03
4.3098e-03
6.1402e-03
6.8591e-03
6.1745e-03
4.5873e-03
2.9401e-03
1.1596e-03
-1.2937e-03
-4.3356e-03
-7.2444e-03
-9.3560e-03
-1.0416e-02
-1.0318e-02
-8.8058e-03
-6.1500e-03
-3.4530e-03
-1.7510e-03
-1.4818e-03
-2.4172e-03
-4.0548e-03
-6.2199e-03
-8.8768e-03
-1.1836e-02
-1.5037e-02
-1.8372e-02
-2.1584e-02
-2.4619e-02
-2.7261e-02
-2.9128e-02
-2.9774e-02
-2.8503e-02
-2.4875e-02
-1.9565e-02
-1.3939e-02
-8.7781e-03
-4.0956e-03
9.8384e-05
3.5322e-03
6.0056e-03
7.2847e-03
7.1030e-03
5.4914e-03
2.8119e-03
-1.3708e-04
-2.3734e-03
-3.3976e-03
-3.1390e-03
-1.6324e-03
9.8160e-04
4.3252e-03
7.8029e-03
1.0896e-02
1.3192e-02
1.4567e-02
1.5268e-02
1.5276e-02
1.4333e-02
1.2185e-02
8.7916e-03
5.0725e-03
2.3667e-03
1.1156e-03
1.0020e-03
1.6580e-03
2.6423e-03
3.3669e-03
3.3712e-03
2.5817e-03
1.0937e-03
-9.8366e-04
-3.2792e-03
-5.3277e-03
-6.7128e-03
-7.1710e-03
-6.7188e-03
-5.7030e-03
-4.6287e-03
-3.5058e-03
-1.9265e-03
2.1871e-04
2.3380e-03
3.4864e-03
3.2018e-03
1.8790e-03
3.7775e-04
-8.6303e-04
-1.8032e-03
-2.1233e-03
-1.5169e-03
2.8007e-04
3.5132e-03
7.7543e-03
1.2222e-02
1.6223e-02
1.9245e-02
2.1168e-02
2.2086e-02
2.2055e-02
2.1092e-02
1.8875e-02
1.5007e-02
9.8676e-03
4.5191e-03
-3.4773e-04
-4.5095e-03
-7.6413e-03
-9.2632e-03
-8.9401e-03
-7.0540e-03
-4.6575e-03
-2.2765e-03
1.1147e-04
2.2841e-03
3.5658e-03
3.5380e-03
2.6264e-03
1.5280e-03
3.9977e-04
-1.0562e-03
-3.2391e-03
-6.2149e-03
-9.6259e-03
-1.3145e-02
-1.6556e-02
-1.9514e-02
-2.1637e-02
-2.2652e-02
-2.2220e-02
-2.0269e-02
-1.7167e-02
-1.3450e-02
-9.7529e-03
-6.5555e-03
-4.0867e-03
-2.3447e-03
-1.0464e-03
1.1107e-04
1.1096e-03
1.6996e-03
1.8303e-03
1.5853e-03
9.2611e-04
-5.0548e-04
-2.8373e-03
-5.3868e-03
-7.1336e-03
-7.6824e-03
-7.4271e-03
-6.8246e-03
-5.9692e-03
-5.0169e-03
-4.3090e-03
-4.0150e-03
-4.0613e-03
-4.2852e-03
-4.5858e-03
-4.6835e-03
-3.9940e-03
-2.2160e-03
2.4942e-04
2.5546e-03
3.8737e-03
4.0103e-03
3.3792e-03
2.5220e-03
1.9550e-03
1.8971e-03
2.1623e-03
2.4462e-03
2.3800e-03
1.8040e-03
8.1152e-04
-5.5643e-04
-2.2269e-03
-3.8320e-03
-4.8044e-03
-4.8051e-03
-3.7765e-03
-1.7493e-03
9.4532e-04
3.5029e-03
5.0782e-03
5.4566e-03
5.0743e-03
4.3980e-03
3.3965e-03
1.6273e-03
-1.1257e-03
-4.2854e-03
-6.7251e-03
-7.5799e-03
-6.4423e-03
-3.1401e-03
1.6624e-03
6.7473e-03
1.1198e-02
1.4651e-02
1.7343e-02
1.9247e-02
1.9805e-02
1.8805e-02
1.6564e-02
1.3555e-02
1.0472e-02
7.8261e-03
5.3784e-03
3.0132e-03
1.1711e-03
4.1527e-05
-4.9652e-04
-8.0260e-04
-1.2383e-03
-1.6746e-03
-1.6433e-03
-8.5878e-04
5.0220e-04
1.8582e-03
2.3775e-03
1.6613e-03
-6.9729e-05
-2.6094e-03
-5.7936e-03
-9.2216e-03
-1.2408e-02
-1.4848e-02
-1.6093e-02
-1.5788e-02
-1.3638e-02
-9.6668e-03
-4.7336e-03
-3.3166e-04
2.5674e-03
3.9076e-03
4.1343e-03
3.8925e-03
3.4627e-03
2.7507e-03
1.7362e-03
7.1396e-04
2.0952e-04
4.2507e-04
1.1236e-03
2.0880e-03
3.2419e-03
4.4731e-03
5.6352e-03
6.5539e-03
7.0711e-03
7.0377e-03
6.3705e-03
5.0176e-03
3.0729e-03
9.8058e-04
-7.4290e-04
-1.7645e-03
-2.0621e-03
-1.8869e-03
-1.6236e-03
-1.7316e-03
-2.6554e-03
-4.2978e-03
-6.0312e-03
-7.4966e-03
-8.6627e-03
-9.4607e-03
-9.7503e-03
-9.4633e-03
-8.6973e-03
-7.6989e-03
-6.7089e-03
-5.7865e-03
-4.8880e-03
-3.9761e-03
-3.0391e-03
-2.1559e-03
-1.5682e-03
-1.5652e-03
-2.3271e-03
-3.8483e-03
-5.8130e-03
-7.7320e-03
-9.1136e-03
-9.5977e-03
-9.0165e-03
-7.5336e-03
-5.5733e-03
-3.3915e-03
-1.1671e-03
7.5390e-04
2.0312e-03
2.6335e-03
2.7705e-03
2.7998e-03
3.1791e-03
4.2431e-03
6.0313e-03
8.2985e-03
1.0688e-02
1.2797e-02
1.4212e-02
1.4821e-02
1.4849e-02
1.4529e-02
1.3974e-02
1.3065e-02
1.1511e-02
9.2002e-03
6.2679e-03
3.0912e-03
2.3340e-04
-1.8940e-03
-3.0229e-03
-2.7500e-03
-8.0298e-04
2.3576e-03
5.7977e-03
8.7702e-03
1.0942e-02
1.2372e-02
1.3218e-02
1.3515e-02
1.3431e-02
1.3366e-02
1.3433e-02
1.3273e-02
1.2617e-02
1.1617e-02
1.0504e-02
9.4495e-03
8.6177e-03
8.1509e-03
8.1188e-03
8.2309e-03
7.9832e-03
7.3294e-03
6.6200e-03
6.1334e-03
6.0776e-03
6.5323e-03
7.2060e-03
7.4730e-03
6.8296e-03
5.3338e-03
3.8455e-03
3.3732e-03
4.1525e-03
5.9829e-03
8.5679e-03
1.0983e-02
1.1858e-02
1.0493e-02
7.3688e-03
3.6731e-03
5.2607e-04
-1.4354e-03
-2.2176e-03
-2.5401e-03
-3.1321e-03
-3.8199e-03
-3.9018e-03
-3.1081e-03
-1.9368e-03
-1.0423e-03
-3.8513e-04
4.2749e-04
1.1671e-03
1.1121e-03
-1.7760e-04
-2.5598e-03
-5.6831e-03
-9.2996e-03
-1.3047e-02
-1.6461e-02
-1.9153e-02
-2.0741e-02
-2.0916e-02
-1.9376e-02
-1.6122e-02
-1.1889e-02
-7.8524e-03
-4.9773e-03
-3.6388e-03
-3.5901e-03
-4.0828e-03
-4.6774e-03
-5.3274e-03
-6.0155e-03
-6.8140e-03
-7.4032e-03
-7.4686e-03
-7.2727e-03
-7.0172e-03
-6.7280e-03
-6.8623e-03
-8.0214e-03
-1.0321e-02
-1.3051e-02
-1.5129e-02
-1.5822e-02
-1.4660e-02
-1.1429e-02
-6.6657e-03
-1.3874e-03
3.4989e-03
7.3765e-03
1.0131e-02
1.1523e-02
1.0796e-02
7.7423e-03
3.2766e-03
-1.4362e-03
-5.4646e-03
-7.9379e-03
-8.5377e-03
-7.4971e-03
-5.5095e-03
-3.5800e-03
-2.1911e-03
-1.1559e-03
-1.1257e-04
8.6562e-04
1.2521e-03
9.3302e-04
2.2116e-04
-4.8273e-04
-6.0151e-04
3.8572e-05
1.0969e-03
2.2312e-03
3.1436e-03
3.6154e-03
3.5214e-03
2.7859e-03
1.4276e-03
-2.7128e-04
-1.7562e-03
-2.6415e-03
-2.8149e-03
-2.4755e-03
-1.9992e-03
-1.8162e-03
-2.3001e-03
-3.1656e-03
-3.5873e-03
-3.2675e-03
-2.6959e-03
-2.1784e-03
-1.2408e-03
4.3325e-04
2.3809e-03
3.8485e-03
4.2282e-03
3.1714e-03
8.8125e-04
-1.7887e-03
-4.1987e-03
-6.1924e-03
-7.8347e-03
-9.1266e-03
-9.4515e-03
-7.6848e-03
-3.5545e-03
1.7712e-03
6.9865e-03
1.1336e-02
1.4520e-02
1.6577e-02
1.7463e-02
1.7079e-02
1.5334e-02
1.1823e-02
6.8796e-03
2.0372e-03
-1.4827e-03
-3.0982e-03
-2.6076e-03
-6.5188e-04
1.6581e-03
3.8979e-03
6.3760e-03
9.0769e-03
1.1205e-02
1.1935e-02
1.1322e-02
9.9689e-03
7.9696e-03
4.9544e-03
1.0073e-03
-2.8850e-03
-5.5386e-03
-6.4968e-03
-5.8755e-03
-4.1700e-03
-2.3315e-03
-1.1122e-03
-6.6901e-04
-9.3320e-04
-1.7865e-03
-2.8958e-03
-3.8644e-03
-4.5716e-03
-4.9111e-03
-4.3525e-03
-2.3911e-03
8.0903e-04
4.4941e-03
7.5706e-03
9.2580e-03
9.5312e-03
8.6543e-03
7.0943e-03
5.4782e-03
4.0794e-03
2.9385e-03
2.1822e-03
1.7838e-03
1.5849e-03
1.3733e-03
1.0626e-03
8.6616e-04
9.8382e-04
1.3420e-03
1.4583e-03
9.8382e-04
2.4750e-04
-3.3158e-04
-6.3196e-04
-6.4275e-04
-3.4218e-04
1.9346e-04
7.3918e-04
1.0742e-03
1.1270e-03
8.5723e-04
2.9724e-04
-3.8045e-04
-1.0155e-03
-1.5393e-03
-1.9475e-03
-2.3414e-03
-2.9301e-03
-3.8853e-03
-5.2289e-03
-6.8774e-03
-8.6406e-03
-1.0255e-02
-1.1417e-02
-1.1821e-02
-1.1267e-02
-9.7850e-03
-7.6550e-03
-5.1694e-03
-2.4389e-03
4.3085e-04
3.2311e-03
5.6306e-03
7.0579e-03
7.0081e-03
5.5803e-03
3.3513e-03
8.4645e-04
-1.7304e-03
-4.4133e-03
-7.1423e-03
-9.8039e-03
-1.2187e-02
-1.3924e-02
-1.4675e-02
-1.4071e-02
-1.2034e-02
-9.0784e-03
-5.9262e-03
-3.1369e-03
-9.5734e-04
6.5166e-04
1.7147e-03
2.1312e-03
1.8724e-03
1.1245e-03
-3.9438e-05
-1.9271e-03
-4.4574e-03
-6.8446e-03
-8.3459e-03
-8.7625e-03
-8.4079e-03
-7.6140e-03
-6.4325e-03
-4.9171e-03
-3.1619e-03
-1.3912e-03
-1.5927e-04
1.0738e-04
-5.3038e-04
-1.7025e-03
-2.9304e-03
-3.8713e-03
-4.6166e-03
-5.5086e-03
-6.5509e-03
-7.3814e-03
-7.6509e-03
-7.3882e-03
-7.0305e-03
-6.8851e-03
-6.9019e-03
-6.8521e-03
-6.5941e-03
-6.2121e-03
-5.8385e-03
-5.3623e-03
-4.7441e-03
-4.2394e-03
-3.9710e-03
-3.6711e-03
-3.0302e-03
-1.9798e-03
-6.2199e-04
8.1043e-04
2.0084e-03
2.7400e-03
2.9803e-03
2.8191e-03
2.2323e-03
1.1850e-03
-7.3758e-05
-1.1857e-03
-1.9994e-03
-2.4440e-03
-2.3142e-03
-1.4753e-03
-4.9451e-05
1.7927e-03
3.7895e-03
5.6356e-03
7.2210e-03
8.4944e-03
9.2586e-03
9.1466e-03
7.9511e-03
6.0260e-03
4.0617e-03
2.5382e-03
1.6216e-03
1.3947e-03
1.8493e-03
2.7956e-03
3.8301e-03
4.4357e-03
4.3576e-03
3.7952e-03
2.9649e-03
1.9788e-03
1.0979e-03
6.0520e-04
6.0898e-04
9.2562e-04
1.1835e-03
1.0607e-03
6.2161e-04
3.4569e-04
5.7914e-04
1.2340e-03
1.8696e-03
2.1827e-03
2.3935e-03
2.8898e-03
3.7788e-03
4.7201e-03
5.2373e-03
5.0024e-03
3.8496e-03
1.8433e-03
-7.7441e-04
-3.5705e-03
-6.0032e-03
-7.7224e-03
-8.6250e-03
-8.7017e-03
-7.8511e-03
-5.9672e-03
-3.3014e-03
-5.7449e-04
1.5998e-03
3.0835e-03
3.8226e-03
3.6169e-03
2.4688e-03
7.6396e-04
-1.0315e-03
-2.6888e-03
-4.1294e-03
-5.1662e-03
-5.6645e-03
-5.6595e-03
-5.2497e-03
-4.5295e-03
-3.5447e-03
-2.2925e-03
-1.0507e-03
-4.7637e-04
-7.8705e-04
-1.4777e-03
-1.9115e-03
-1.8230e-03
-1.3562e-03
-8.4740e-04
-5.8161e-04
-5.2669e-04
-3.3194e-04
2.6890e-04
1.2741e-03
2.4260e-03
3.4358e-03
4.2353e-03
4.6710e-03
4.3883e-03
3.3776e-03
2.0620e-03
8.2883e-04
-3.3012e-04
-1.6092e-03
-2.9561e-03
-3.8187e-03
-3.6468e-03
-2.5108e-03
-9.1309e-04
6.6934e-04
1.8895e-03
2.4563e-03
2.2738e-03
1.6267e-03
1.0110e-03
8.1924e-04
1.2148e-03
2.1733e-03
3.4891e-03
4.8074e-03
5.9445e-03
6.9788e-03
7.9635e-03
8.9062e-03
9.7832e-03
1.0464e-02
1.0800e-02
1.0639e-02
9.9282e-03
8.9142e-03
8.0168e-03
7.4462e-03
7.1055e-03
6.6146e-03
5.5538e-03
4.0104e-03
2.5365e-03
1.5475e-03
1.0128e-03
6.8764e-04
5.7331e-04
9.9457e-04
2.1493e-03
3.7763e-03
5.3836e-03
6.7464e-03
8.0266e-03
9.2870e-03
1.0245e-02
1.0684e-02
1.0877e-02
1.1227e-02
1.1743e-02
1.2128e-02
1.1967e-02
1.1041e-02
9.5397e-03
7.7435e-03
5.7434e-03
3.4806e-03
9.3723e-04
-1.5870e-03
-3.5820e-03
-4.5848e-03
-4.3599e-03
-2.9073e-03
-3.7678e-04
2.8330e-03
6.1551e-03
9.1217e-03
1.1450e-02
1.2939e-02
1.3315e-02
1.2568e-02
1.1217e-02
9.9236e-03
8.9705e-03
8.1430e-03
7.2885e-03
6.4295e-03
5.5964e-03
4.8243e-03
3.9149e-03
2.6176e-03
9.7136e-04
-8.2347e-04
-2.4736e-03
-3.6202e-03
-4.1129e-03
-4.1197e-03
-4.0316e-03
-4.1678e-03
-4.4319e-03
-4.5040e-03
-4.3962e-03
-4.4180e-03
-4.7202e-03
-5.1572e-03
-5.3822e-03
-5.1856e-03
-4.7616e-03
-4.2565e-03
-3.7164e-03
-3.5045e-03
-3.9739e-03
-4.9407e-03
-5.8639e-03
-6.3778e-03
-6.4941e-03
-6.3026e-03
-5.7665e-03
-4.8482e-03
-3.6593e-03
-2.5938e-03
-2.0047e-03
-1.9934e-03
-2.4502e-03
-3.0656e-03
-3.4772e-03
-3.5444e-03
-3.4605e-03
-3.4534e-03
-3.4899e-03
-3.3861e-03
-3.0949e-03
-2.7024e-03
-2.4252e-03
-2.4308e-03
-2.5503e-03
-2.5128e-03
-2.3445e-03
-2.3213e-03
-2.6460e-03
-3.2687e-03
-3.8545e-03
-3.9660e-03
-3.4470e-03
-2.5293e-03
-1.5275e-03
-6.7677e-04
-1.6221e-04
9.6501e-05
3.6356e-04
7.0313e-04
1.0203e-03
1.3307e-03
1.6625e-03
1.9202e-03
2.1678e-03
2.6079e-03
3.2705e-03
3.9359e-03
4.4087e-03
4.6932e-03
4.8768e-03
4.9401e-03
4.7081e-03
4.0878e-03
3.2794e-03
2.5775e-03
2.0787e-03
1.7251e-03
1.4392e-03
1.1054e-03
6.4191e-04
-2.4635e-05
-9.4946e-04
-2.0525e-03
-3.1901e-03
-4.3422e-03
-5.5930e-03
-6.9078e-03
-7.9989e-03
-8.4551e-03
-7.9054e-03
-6.2949e-03
-3.9699e-03
-1.3939e-03
1.0161e-03
2.8020e-03
3.5428e-03
2.9990e-03
1.1642e-03
-1.7298e-03
-5.2408e-03
-8.7653e-03
-1.1732e-02
-1.3745e-02
-1.4635e-02
-1.4362e-02
-1.2847e-02
-1.0235e-02
-7.0755e-03
-4.0280e-03
-1.6371e-03
-2.8919e-04
2.4863e-05
-5.1715e-05
2.7219e-04
1.2438e-03
2.5833e-03
3.7431e-03
4.3286e-03
4.3466e-03
3.8437e-03
2.7359e-03
1.1137e-03
-7.2458e-04
-2.4980e-03
-3.7967e-03
-4.2199e-03
-3.9586e-03
-3.4668e-03
-2.9111e-03
-2.1902e-03
-1.3450e-03
-6.5834e-04
-2.9153e-04
-1.9426e-04
-2.4101e-04
-2.1252e-04
1.5698e-04
7.2950e-04
9.2245e-04
3.1712e-04
-9.1683e-04
-1.9562e-03
-2.5232e-03
-2.8608e-03
-3.4524e-03
-4.4935e-03
-5.6365e-03
-6.1456e-03
-5.4164e-03
-3.2814e-03
-1.7712e-04
2.8837e-03
5.0991e-03
6.1712e-03
6.0558e-03
5.2083e-03
4.5425e-03
4.6006e-03
5.2551e-03
6.1485e-03
6.7039e-03
6.2310e-03
4.4448e-03
1.5468e-03
-1.8670e-03
-4.9233e-03
-6.6630e-03
-6.5210e-03
-4.8364e-03
-2.5510e-03
-3.2220e-04
1.5351e-03
2.7607e-03
3.3172e-03
3.3273e-03
2.8846e-03
2.0857e-03
1.0976e-03
8.3731e-05
-6.1142e-04
-5.9022e-04
6.1747e-05
8.3676e-04
1.4364e-03
1.8011e-03
1.7317e-03
1.0452e-03
3.5503e-05
-7.4869e-04
-1.0970e-03
-1.0917e-03
-7.6212e-04
1.0865e-04
1.5522e-03
2.9850e-03
3.7606e-03
3.6767e-03
2.9074e-03
1.5696e-03
-2.4913e-04
-2.1766e-03
-3.6552e-03
-4.3785e-03
-4.4404e-03
-4.1342e-03
-3.6946e-03
-3.0874e-03
-2.1694e-03
-8.8873e-04
7.0759e-04
2.1416e-03
2.8049e-03
2.7983e-03
2.6633e-03
2.7364e-03
3.0124e-03
3.0121e-03
1.9588e-03
-2.5006e-04
-2.6655e-03
-4.2648e-03
-4.8039e-03
-4.8474e-03
-4.9844e-03
-5.0343e-03
-4.3992e-03
-2.6470e-03
-7.3261e-05
2.2821e-03
3.7566e-03
4.4595e-03
4.5489e-03
4.0729e-03
3.0874e-03
1.4874e-03
-7.9163e-04
-3.4148e-03
-5.8163e-03
-7.3719e-03
-7.5902e-03
-6.5947e-03
-4.9162e-03
-2.9536e-03
-8.9014e-04
1.0078e-03
2.1007e-03
1.7892e-03
9.8892e-05
-2.2291e-03
-4.2718e-03
-5.3992e-03
-5.3110e-03
-4.1924e-03
-2.5790e-03
-1.0918e-03
-3.6887e-04
-5.6541e-04
-1.3662e-03
-2.5438e-03
-3.9271e-03
-5.2447e-03
-6.0859e-03
-6.1152e-03
-5.5521e-03
-4.9780e-03
-4.6158e-03
-4.3660e-03
-4.1686e-03
-3.8677e-03
-3.3822e-03
-2.8529e-03
-2.4191e-03
-2.1173e-03
-1.7512e-03
-9.6473e-04
3.5414e-04
1.9276e-03
3.3577e-03
4.4469e-03
5.0522e-03
4.9786e-03
4.1542e-03
2.6901e-03
1.0266e-03
-3.4922e-04
-1.3224e-03
-1.9389e-03
-2.4360e-03
-3.2812e-03
-4.6808e-03
-6.3150e-03
-7.5971e-03
-8.1227e-03
-7.9662e-03
-7.4614e-03
-6.6536e-03
-5.2817e-03
-3.2933e-03
-1.1298e-03
5.7604e-04
1.5312e-03
1.9894e-03
2.3417e-03
2.6188e-03
2.4863e-03
1.7684e-03
8.7124e-04
3.4337e-04
2.8848e-04
4.7515e-04
7.7702e-04
1.2983e-03
2.0496e-03
2.5816e-03
2.2472e-03
9.3005e-04
-8.9503e-04
-2.7093e-03
-4.1855e-03
-5.0962e-03
-5.2910e-03
-4.7357e-03
-3.4459e-03
-1.5433e-03
6.8271e-04
2.8964e-03
4.8973e-03
6.4884e-03
7.2701e-03
6.9660e-03
5.7506e-03
4.0685e-03
2.4204e-03
1.2494e-03
6.6737e-04
5.3214e-04
6.6634e-04
8.6036e-04
8.8822e-04
5.6451e-04
-1.1332e-04
-9.0681e-04
-1.5196e-03
-1.7209e-03
-1.5079e-03
-1.0817e-03
-5.7264e-04
3.4853e-05
7.5439e-04
1.5439e-03
2.4447e-03
3.5083e-03
4.6162e-03
5.6001e-03
6.3656e-03
6.8140e-03
6.8154e-03
6.3020e-03
5.4137e-03
4.3848e-03
3.3413e-03
2.3524e-03
1.4555e-03
6.8217e-04
1.3707e-04
-1.0098e-04
1.9527e-05
4.9638e-04
1.1821e-03
1.9361e-03
2.6909e-03
3.3661e-03
3.8302e-03
3.9042e-03
3.5904e-03
3.1206e-03
2.7658e-03
2.7458e-03
3.1925e-03
4.0861e-03
5.2037e-03
6.1346e-03
6.4054e-03
5.6543e-03
3.9240e-03
1.8056e-03
2.0349e-05
-9.9793e-04
-1.1383e-03
-4.5606e-04
9.3414e-04
2.8053e-03
4.7935e-03
6.4718e-03
7.5498e-03
8.0278e-03
7.9876e-03
7.4863e-03
6.6203e-03
5.5522e-03
4.4672e-03
3.5912e-03
3.1397e-03
3.1198e-03
3.3457e-03
3.5623e-03
3.6019e-03
3.5955e-03
3.8315e-03
4.3865e-03
5.0643e-03
5.4637e-03
5.3138e-03
4.7944e-03
4.3580e-03
4.2652e-03
4.3457e-03
4.2165e-03
3.6130e-03
2.6080e-03
1.4884e-03
4.4282e-04
-4.9198e-04
-1.2719e-03
-1.7634e-03
-1.9616e-03
-2.0694e-03
-2.2930e-03
-2.6952e-03
-3.1537e-03
-3.4490e-03
-3.5216e-03
-3.6327e-03
-4.0275e-03
-4.5830e-03
-4.9913e-03
-5.0610e-03
-4.7760e-03
-4.2198e-03
-3.4873e-03
-2.6962e-03
-1.9112e-03
-1.1330e-03
-4.8667e-04
-1.5742e-04
-1.9905e-04
-4.7902e-04
-9.0458e-04
-1.4979e-03
-2.1741e-03
-2.7386e-03
-3.0140e-03
-2.9483e-03
-2.6803e-03
-2.3871e-03
-2.0488e-03
-1.5854e-03
-1.1135e-03
-8.4516e-04
-8.1292e-04
-9.1655e-04
-1.1140e-03
-1.4010e-03
-1.7637e-03
-2.1440e-03
-2.4389e-03
-2.5497e-03
-2.3588e-03
-1.8099e-03
-1.1219e-03
-6.8122e-04
-5.9981e-04
-6.8013e-04
-7.5486e-04
-8.7866e-04
-1.1963e-03
-1.6493e-03
-2.0342e-03
-2.3009e-03
-2.5280e-03
-2.7222e-03
-2.7765e-03
-2.6092e-03
-2.2428e-03
-1.7811e-03
-1.3755e-03
-1.1384e-03
-1.1082e-03
-1.2232e-03
-1.3760e-03
-1.5449e-03
-1.7194e-03
-1.8397e-03
-1.8952e-03
-1.9126e-03
-1.8791e-03
-1.7679e-03
-1.5432e-03
-1.1551e-03
-6.2893e-04
-1.2389e-04
2.1232e-04
3.9654e-04
5.9177e-04
9.5922e-04
1.4855e-03
1.9569e-03
2.0850e-03
1.7047e-03
9.2785e-04
9.9885e-05
-5.1909e-04
-9.5910e-04
-1.2949e-03
-1.4321e-03
-1.2460e-03
-7.3264e-04
6.5433e-07
8.0633e-04
1.5367e-03
2.0685e-03
2.3488e-03
2.4242e-03
2.4152e-03
2.3842e-03
2.2540e-03
1.9920e-03
1.6911e-03
1.4117e-03
1.0897e-03
6.8306e-04
2.7672e-04
-6.5658e-05
-3.5762e-04
-5.5336e-04
-5.1462e-04
-1.2120e-04
5.8971e-04
1.3860e-03
2.0258e-03
2.4489e-03
2.7243e-03
2.8950e-03
2.8718e-03
2.5351e-03
1.8795e-03
1.0387e-03
2.2537e-04
-4.4503e-04
-9.7046e-04
-1.3268e-03
-1.4298e-03
-1.1897e-03
-6.2961e-04
5.2528e-05
6.1769e-04
9.3102e-04
9.8995e-04
8.7395e-04
6.5294e-04
3.6174e-04
5.8401e-05
-1.5866e-04
-2.8310e-04
-4.0978e-04
-5.7368e-04
-6.8081e-04
-5.8253e-04
-2.4626e-04
1.7514e-04
5.3623e-04
7.7100e-04
8.1030e-04
6.3855e-04
3.0364e-04
-1.3108e-04
-5.6238e-04
-8.7148e-04
-9.8589e-04
-9.1758e-04
-7.2379e-04
-4.7621e-04
-2.5105e-04
-1.1079e-04
-4.6759e-05
6.7371e-07
4.1857e-05
2.4082e-05
-1.0668e-04
-3.5419e-04
-6.8983e-04
-1.0555e-03
-1.3955e-03
-1.6873e-03
-1.8998e-03
-1.9550e-03
-1.8010e-03
-1.4781e-03
-1.0857e-03
-7.1349e-04
-4.1264e-04
-2.1110e-04
-1.1270e-04
-1.3555e-04
-3.1590e-04
-6.4580e-04
-1.0500e-03
-1.4039e-03
-1.5859e-03
-1.5535e-03
-1.3550e-03
-1.0300e-03
-5.6577e-04
1.7776e-05
6.4414e-04
1.1447e-03
1.2779e-03
8.8078e-04
4.9659e-05
-8.2291e-04
-1.3154e-03
-1.2804e-03
-9.3159e-04
-5.9438e-04
-4.1678e-04
-3.4119e-04
-2.7109e-04
-2.2478e-04
-2.0040e-04
-1.1796e-04
2.8366e-05
1.7777e-04
2.8548e-04
2.9486e-04
1.9680e-04
1.5168e-05
-2.1417e-04
-4.1886e-04
-5.6818e-04
-6.4997e-04
-6.3423e-04
-5.1903e-04
-3.3629e-04
-1.2272e-04
6.7673e-05
2.0114e-04
2.8088e-04
2.9378e-04
2.2303e-04
7.9951e-05
-9.9119e-05
-2.5855e-04
-3.4947e-04
-3.4861e-04
-2.6291e-04
-1.2258e-04
1.1188e-05
5.4238e-05
-7.1343e-05
-3.7887e-04
-7.8040e-04
-1.1461e-03
-1.3859e-03
-1.4703e-03
-1.3752e-03
-1.0753e-03
-6.0776e-04
-1.1799e-04
2.3111e-04
3.7707e-04
3.4752e-04
2.1072e-04
2.4094e-05
-1.5394e-04
-2.5703e-04
-2.4160e-04
-1.2831e-04
1.0082e-05
1.2093e-04
2.0446e-04
2.9523e-04
4.0788e-04
5.0601e-04
5.1279e-04
3.7276e-04
1.0455e-04
-2.0576e-04
-4.7634e-04
-6.8163e-04
-7.9261e-04
-7.6886e-04
-6.0005e-04
-3.3481e-04
-6.7740e-05
1.1658e-04
1.7320e-04
1.1939e-04
1.8460e-05
-7.6476e-05
-1.4216e-04
-1.6032e-04
-1.1787e-04
-3.4863e-05
4.6816e-05
1.1418e-04
1.7988e-04
2.4960e-04
3.2600e-04
4.0014e-04
4.4558e-04
4.3775e-04
3.6868e-04
2.5410e-04
1.2549e-04
1.1252e-06
-1.2446e-04
-2.2550e-04
-2.6511e-04
-2.4927e-04
-2.0367e-04
-1.4851e-04
-8.2436e-05
6.5457e-06
1.0839e-04
1.9081e-04
2.3211e-04
2.3658e-04
2.1830e-04
1.8375e-04
1.3401e-04
7.0521e-05
5.3356e-06
-3.7223e-05
-4.7628e-05
-4.0195e-05
-2.5938e-05
-4.1856e-06
2.3278e-05
5.0975e-05
7.2122e-05
8.4059e-05
9.1264e-05
1.0085e-04
1.2416e-04
1.7651e-04
2.6290e-04
3.6739e-04
4.5779e-04
5.0240e-04
4.7996e-04
3.8651e-04
2.5064e-04
1.1412e-04
3.8424e-06
-6.4210e-05
-8.7188e-05
-7.4351e-05
-3.2922e-05
2.8082e-05
9.5042e-05
1.5276e-04
1.8471e-04
1.8842e-04
1.7220e-04
1.4813e-04
1.2465e-04
1.0544e-04
9.7300e-05
1.0191e-04
1.1117e-04
1.1746e-04
1.2731e-04
1.5439e-04
1.9906e-04
2.4502e-04
2.7491e-04
2.8248e-04
2.6912e-04
2.3205e-04
1.7272e-04
1.0449e-04
4.1164e-05
-7.2038e-06
-3.5264e-05
-4.2399e-05
-3.0624e-05
-3.9771e-06
3.0132e-05
6.2165e-05
8.5024e-05
9.9243e-05
1.1040e-04
1.1911e-04
1.2145e-04
1.1458e-04
1.0198e-04
9.1240e-05
8.7262e-05
8.9514e-05
9.3153e-05
9.4274e-05
9.2257e-05
8.6840e-05
7.6902e-05
6.4123e-05
5.2403e-05
4.3956e-05
4.0670e-05
4.3507e-05
5.1368e-05
6.1749e-05
7.1701e-05
7.9154e-05
8.2921e-05
8.2198e-05
7.7075e-05
6.9031e-05
6.0312e-05
5.2901e-05
4.7629e-05
4.4180e-05
4.1568e-05
3.8799e-05
3.5407e-05
3.1448e-05
2.7144e-05
2.2621e-05
1.8012e-05
1.3531e-05
9.4300e-06
5.9068e-06
3.0010e-06
5.3179e-07
-1.8079e-06
-4.3064e-06
-7.1246e-06
-1.0259e-05
-1.3591e-05
-1.6949e-05
-2.0180e-05
