5.6306e-04
5.6464e-04
5.6480e-04
5.6366e-04
5.6337e-04
5.6577e-04
5.6988e-04
5.7186e-04
5.6934e-04
5.6384e-04
5.5973e-04
5.5924e-04
5.5960e-04
5.5658e-04
5.4931e-04
5.4029e-04
5.3606e-04
5.4591e-04
5.6853e-04
5.8172e-04
5.6950e-04
5.4228e-04
5.2210e-04
5.1915e-04
5.2227e-04
5.1797e-04
5.0563e-04
4.9229e-04
4.8828e-04
5.0637e-04
5.5472e-04
6.1758e-04
6.5633e-04
6.6233e-04
6.8127e-04
7.5303e-04
8.5811e-04
9.3421e-04
9.5548e-04
9.6020e-04
9.8171e-04
1.0073e-03
1.0057e-03
9.5958e-04
8.8534e-04
8.1732e-04
7.6293e-04
7.3177e-04
7.2504e-04
7.3774e-04
7.9838e-04
9.3913e-04
1.1156e-03
1.1812e-03
1.0389e-03
8.1072e-04
7.2594e-04
7.9779e-04
8.7015e-04
8.6354e-04
7.8817e-04
6.6197e-04
5.2979e-04
4.8159e-04
5.2139e-04
5.6375e-04
5.4819e-04
4.5362e-04
2.7974e-04
9.6020e-05
6.6283e-05
2.5000e-04
4.8146e-04
5.1357e-04
2.7430e-04
-7.3865e-05
-2.9030e-04
-2.4626e-04
4.5705e-05
3.8706e-04
5.4559e-04
5.9227e-04
7.2395e-04
9.0150e-04
1.0306e-03
1.1995e-03
1.4249e-03
1.4695e-03
1.1787e-03
7.7540e-04
4.9832e-04
3.8012e-04
3.7487e-04
3.9702e-04
4.4378e-04
5.9539e-04
8.5406e-04
1.0405e-03
1.0131e-03
9.7093e-04
1.2233e-03
1.8578e-03
2.6037e-03
2.9679e-03
2.6877e-03
1.8823e-03
8.6762e-04
1.0728e-04
2.0386e-05
4.5559e-04
6.7308e-04
3.0721e-04
-5.0587e-04
-1.4440e-03
-2.0133e-03
-1.8727e-03
-1.0549e-03
2.4972e-04
1.7071e-03
2.8275e-03
3.2392e-03
3.1941e-03
3.3280e-03
3.8560e-03
4.3542e-03
4.0491e-03
2.4484e-03
2.3315e-04
-1.2090e-03
-1.2691e-03
-6.0311e-04
-2.4899e-05
1.0830e-04
-4.5418e-04
-1.4984e-03
-2.2927e-03
-2.4188e-03
-1.8779e-03
-1.1584e-03
-1.0802e-03
-1.8601e-03
-2.9764e-03
-3.4801e-03
-2.2263e-03
6.9413e-04
3.7340e-03
5.8197e-03
7.0129e-03
7.4690e-03
7.4498e-03
7.4948e-03
7.7491e-03
7.9078e-03
7.6165e-03
6.5236e-03
3.8744e-03
-6.4501e-04
-5.5007e-03
-8.2879e-03
-8.0498e-03
-5.9261e-03
-3.8692e-03
-3.2048e-03
-4.2336e-03
-5.6839e-03
-5.3758e-03
-2.8360e-03
2.1795e-04
2.3330e-03
3.6389e-03
4.4591e-03
4.9729e-03
5.5272e-03
5.6317e-03
4.6795e-03
2.8700e-03
1.4284e-03
1.6110e-03
3.2581e-03
5.4943e-03
7.1245e-03
7.0593e-03
6.0164e-03
5.5915e-03
5.8923e-03
6.1822e-03
6.3070e-03
6.5947e-03
7.1936e-03
7.7287e-03
7.3307e-03
5.5340e-03
3.4348e-03
2.6862e-03
4.1227e-03
6.2033e-03
6.2063e-03
3.2883e-03
-5.3239e-04
-2.5320e-03
-2.8411e-03
-4.6356e-03
-9.9518e-03
-1.6981e-02
-2.1954e-02
-2.2546e-02
-1.8738e-02
-1.2570e-02
-6.4621e-03
-8.5839e-04
4.3937e-03
8.8148e-03
1.1566e-02
1.2211e-02
1.1729e-02
1.1415e-02
1.1791e-02
1.2855e-02
1.3733e-02
1.3854e-02
1.3471e-02
1.2603e-02
1.0964e-02
8.5587e-03
5.5222e-03
2.8826e-03
2.0533e-03
2.5332e-03
2.9213e-03
2.9251e-03
2.8366e-03
2.4593e-03
1.2520e-03
-7.5690e-04
-2.0659e-03
-1.5359e-04
4.9608e-03
1.0104e-02
1.2026e-02
9.4125e-03
3.2897e-03
-3.7583e-03
-9.4557e-03
-1.2628e-02
-1.2682e-02
-1.0011e-02
-5.4053e-03
9.7869e-04
7.5264e-03
1.1458e-02
1.1533e-02
8.5030e-03
3.3524e-03
-3.9732e-03
-1.2561e-02
-1.8856e-02
-2.0067e-02
-1.6323e-02
-8.8663e-03
-5.6329e-04
6.3467e-03
1.2662e-02
1.7461e-02
1.7084e-02
1.0973e-02
3.2063e-03
-1.7323e-03
-2.0933e-03
9.8771e-04
3.8591e-03
2.7559e-03
-2.6753e-03
-9.1951e-03
-1.2542e-02
-1.0474e-02
-4.2038e-03
2.5862e-03
5.8775e-03
4.2607e-03
-8.2570e-05
-3.1361e-03
-2.3553e-03
1.5365e-03
6.7614e-03
1.0833e-02
1.0589e-02
6.2706e-03
1.9318e-03
-1.2817e-06
-4.8048e-04
-1.8377e-03
-5.6874e-03
-1.0825e-02
-1.4338e-02
-1.4235e-02
-9.9988e-03
-4.3033e-03
-7.5063e-04
4.2003e-05
-3.4615e-04
6.4797e-04
5.7444e-03
1.3939e-02
1.8974e-02
1.5267e-02
2.7411e-03
-1.2638e-02
-2.2051e-02
-2.0697e-02
-1.1094e-02
3.1206e-04
8.8622e-03
1.3010e-02
1.3664e-02
1.2988e-02
1.1413e-02
6.8886e-03
-2.5137e-03
-1.6163e-02
-2.9914e-02
-3.9573e-02
-4.4311e-02
-4.4843e-02
-4.2983e-02
-4.0317e-02
-3.5953e-02
-2.8870e-02
-1.9708e-02
-9.4865e-03
-7.4828e-06
5.3990e-03
4.0364e-03
-4.1031e-03
-1.5371e-02
-2.3137e-02
-2.2666e-02
-1.4556e-02
-3.1231e-03
8.0527e-03
1.7535e-02
2.5140e-02
3.1543e-02
3.8330e-02
4.5891e-02
5.1172e-02
5.0261e-02
4.1592e-02
2.5836e-02
6.4976e-03
-1.1208e-02
-2.3527e-02
-3.1023e-02
-3.6576e-02
-4.2064e-02
-4.7298e-02
-5.0031e-02
-4.7456e-02
-3.9422e-02
-2.9764e-02
-2.2360e-02
-1.8899e-02
-1.8772e-02
-1.8246e-02
-1.4204e-02
-7.5555e-03
-1.4437e-03
2.7887e-03
5.0909e-03
5.5000e-03
5.8879e-03
8.8594e-03
1.5381e-02
2.4684e-02
3.2879e-02
3.4519e-02
2.7675e-02
1.4692e-02
-1.2881e-04
-1.3845e-02
-2.6001e-02
-3.5445e-02
-3.9733e-02
-3.7553e-02
-2.9896e-02
-1.9220e-02
-8.6392e-03
-1.1218e-03
8.8415e-04
-1.5788e-03
-4.3998e-03
-4.5825e-03
-2.0253e-03
1.6328e-03
2.8371e-03
-1.6024e-03
-1.0409e-02
-1.8139e-02
-1.9781e-02
-1.4003e-02
-3.2975e-03
9.2504e-03
2.2243e-02
3.4804e-02
4.4987e-02
5.0921e-02
5.1814e-02
4.7533e-02
3.9206e-02
3.0051e-02
2.3144e-02
1.8459e-02
1.3854e-02
7.4007e-03
-6.9975e-04
-7.8231e-03
-1.1544e-02
-1.2526e-02
-1.4456e-02
-1.9625e-02
-2.5773e-02
-2.8347e-02
-2.4439e-02
-1.5946e-02
-8.2515e-03
-8.2595e-03
-1.9031e-02
-3.4647e-02
-4.4156e-02
-4.0564e-02
-2.4703e-02
-4.5466e-03
9.5050e-03
1.2071e-02
6.2583e-03
8.7006e-04
3.5943e-03
1.4672e-02
2.7117e-02
3.3190e-02
2.8770e-02
1.5665e-02
1.5975e-03
-5.4924e-03
-3.7352e-03
3.1593e-03
8.2671e-03
5.9608e-03
-2.8727e-03
-1.2514e-02
-1.7462e-02
-1.6839e-02
-1.5121e-02
-1.7324e-02
-2.4947e-02
-3.5512e-02
-4.4050e-02
-4.7008e-02
-4.4259e-02
-3.7655e-02
-3.1151e-02
-2.8911e-02
-3.1286e-02
-3.5113e-02
-3.6452e-02
-3.2031e-02
-2.2449e-02
-1.2497e-02
-6.8192e-03
-7.4701e-03
-1.2452e-02
-1.7493e-02
-2.0423e-02
-2.1950e-02
-2.4721e-02
-3.0296e-02
-3.5830e-02
-3.7721e-02
-3.6858e-02
-3.6281e-02
-3.6917e-02
-3.7924e-02
-3.8295e-02
-3.6962e-02
-3.2785e-02
-2.5570e-02
-1.6626e-02
-8.6310e-03
-3.2829e-03
-1.8192e-04
8.9827e-04
5.2463e-04
3.7439e-04
1.7745e-03
5.3112e-03
1.0577e-02
1.5353e-02
1.7723e-02
1.7990e-02
1.7380e-02
1.6128e-02
1.3475e-02
9.3594e-03
4.5197e-03
-1.0007e-04
-3.0939e-03
-3.9991e-03
-3.8161e-03
-4.1108e-03
-7.4559e-03
-1.5998e-02
-2.8613e-02
-4.1814e-02
-5.2784e-02
-5.8480e-02
-5.5111e-02
-4.2387e-02
-2.5315e-02
-9.9818e-03
-7.8897e-04
3.7838e-05
-4.9453e-03
-7.6127e-03
-1.1642e-03
1.3901e-02
3.3232e-02
5.2241e-02
6.6677e-02
7.6276e-02
8.4070e-02
9.1528e-02
9.9272e-02
1.0809e-01
1.1736e-01
1.2570e-01
1.3188e-01
1.3507e-01
1.3577e-01
1.3608e-01
1.3739e-01
1.3839e-01
1.3559e-01
1.2552e-01
1.0711e-01
8.3696e-02
6.2438e-02
4.9678e-02
4.6456e-02
4.8257e-02
4.9395e-02
4.7229e-02
4.2668e-02
3.7331e-02
3.1814e-02
2.5632e-02
1.7405e-02
5.4719e-03
-1.1010e-02
-3.2607e-02
-5.8894e-02
-8.7972e-02
-1.1822e-01
-1.4847e-01
-1.7654e-01
-2.0018e-01
-2.1850e-01
-2.3149e-01
-2.3865e-01
-2.3821e-01
-2.2942e-01
-2.1414e-01
-1.9460e-01
-1.7207e-01
-1.4870e-01
-1.2832e-01
-1.1317e-01
-1.0137e-01
-9.0550e-02
-8.0534e-02
-7.1171e-02
-6.2110e-02
-5.2048e-02
-3.6991e-02
-1.3127e-02
2.0366e-02
6.1883e-02
1.0588e-01
1.4344e-01
1.6761e-01
1.7739e-01
1.7478e-01
1.6301e-01
1.4904e-01
1.3951e-01
1.3490e-01
1.3235e-01
1.2877e-01
1.2183e-01
1.1262e-01
1.0523e-01
1.0309e-01
1.0738e-01
1.1730e-01
1.2957e-01
1.4078e-01
1.4929e-01
1.5354e-01
1.5303e-01
1.5141e-01
1.5315e-01
1.5769e-01
1.6055e-01
1.5773e-01
1.4685e-01
1.2859e-01
1.0611e-01
8.2030e-02
5.8316e-02
3.7638e-02
2.2841e-02
1.3854e-02
8.5906e-03
5.4045e-03
2.1135e-03
-4.6005e-03
-1.6933e-02
-3.5406e-02
-6.0677e-02
-9.1368e-02
-1.2206e-01
-1.4746e-01
-1.6606e-01
-1.7956e-01
-1.8934e-01
-1.9550e-01
-1.9615e-01
-1.8817e-01
-1.7143e-01
-1.4931e-01
-1.2527e-01
-1.0180e-01
-7.9820e-02
-5.8971e-02
-3.9679e-02
-2.4091e-02
-1.3703e-02
-8.6889e-03
-7.5322e-03
-6.4802e-03
-1.1136e-03
1.0478e-02
2.7228e-02
4.8725e-02
7.5470e-02
1.0734e-01
1.4198e-01
1.7397e-01
1.9916e-01
2.1749e-01
2.2973e-01
2.3311e-01
2.2059e-01
1.8622e-01
1.3079e-01
6.2816e-02
-4.6995e-03
-6.3668e-02
-1.1455e-01
-1.5975e-01
-1.9972e-01
-2.3235e-01
-2.5504e-01
-2.6647e-01
-2.6634e-01
-2.5544e-01
-2.3684e-01
-2.1513e-01
-1.9397e-01
-1.7479e-01
-1.5697e-01
-1.3941e-01
-1.2185e-01
-1.0483e-01
-8.9027e-02
-7.5062e-02
-6.3489e-02
-5.2877e-02
-4.1589e-02
-2.8745e-02
-1.1912e-02
1.1535e-02
4.2016e-02
7.5151e-02
1.0098e-01
1.0682e-01
8.4938e-02
4.0254e-02
-1.1303e-02
-5.4579e-02
-8.4307e-02
-1.0292e-01
-1.1470e-01
-1.2181e-01
-1.2400e-01
-1.2029e-01
-1.0974e-01
-9.2356e-02
-7.0886e-02
-4.7796e-02
-2.2515e-02
5.8157e-03
3.9233e-02
7.9693e-02
1.2674e-01
1.7643e-01
2.2184e-01
2.5701e-01
2.7974e-01
2.9161e-01
2.9370e-01
2.8603e-01
2.7002e-01
2.4714e-01
2.2006e-01
1.9298e-01
1.6936e-01
1.5149e-01
1.3950e-01
1.3055e-01
1.2123e-01
1.0844e-01
8.8725e-02
5.8819e-02
1.9075e-02
-2.5573e-02
-6.8934e-02
-1.0650e-01
-1.3589e-01
-1.5425e-01
-1.5766e-01
-1.4320e-01
-1.1130e-01
-6.6119e-02
-1.5321e-02
3.1684e-02
6.8739e-02
9.4190e-02
1.0823e-01
1.1284e-01
1.1159e-01
1.0773e-01
1.0244e-01
9.3479e-02
7.6952e-02
5.0624e-02
1.5756e-02
-2.3441e-02
-6.2243e-02
-9.8450e-02
-1.3449e-01
-1.7454e-01
-2.2052e-01
-2.6955e-01
-3.1406e-01
-3.4692e-01
-3.6366e-01
-3.6073e-01
-3.3623e-01
-2.9152e-01
-2.3345e-01
-1.7089e-01
-1.0877e-01
-4.6955e-02
1.4582e-02
7.2192e-02
1.2156e-01
1.6033e-01
1.8837e-01
2.0717e-01
2.1694e-01
2.1442e-01
1.9650e-01
1.6464e-01
1.2326e-01
7.7047e-02
3.1465e-02
-8.9162e-03
-4.3235e-02
-7.3101e-02
-9.9302e-02
-1.1900e-01
-1.2677e-01
-1.1807e-01
-9.2422e-02
-5.4182e-02
-1.0551e-02
3.2608e-02
7.2247e-02
1.0274e-01
1.1752e-01
1.1355e-01
9.2086e-02
6.0192e-02
2.7544e-02
-5.4208e-04
-2.4237e-02
-4.3760e-02
-5.7799e-02
-6.5376e-02
-6.6868e-02
-6.4247e-02
-5.7902e-02
-4.6210e-02
-2.9161e-02
-8.9545e-03
1.2728e-02
3.5447e-02
5.7002e-02
7.2508e-02
7.8547e-02
7.5561e-02
6.6571e-02
5.4434e-02
4.0476e-02
2.4479e-02
6.4727e-03
-1.2008e-02
-2.8794e-02
-4.3174e-02
-5.5738e-02
-6.6985e-02
-7.6817e-02
-8.4472e-02
-8.8637e-02
-8.7764e-02
-8.1192e-02
-7.0031e-02
-5.7180e-02
-4.3831e-02
-2.6527e-02
1.3896e-04
3.9197e-02
8.9356e-02
1.4615e-01
2.0516e-01
2.6169e-01
3.0843e-01
3.4031e-01
3.5621e-01
3.5612e-01
3.3932e-01
3.0626e-01
2.5908e-01
2.0175e-01
1.3951e-01
7.5584e-02
1.2638e-02
-4.6952e-02
-1.0059e-01
-1.4911e-01
-1.9700e-01
-2.4479e-01
-2.9284e-01
-3.4285e-01
-3.9483e-01
-4.4322e-01
-4.7782e-01
-4.8965e-01
-4.7143e-01
-4.1804e-01
-3.3065e-01
-2.1924e-01
-9.8037e-02
2.2281e-02
1.3429e-01
2.3194e-01
3.1451e-01
3.8354e-01
4.3616e-01
4.6996e-01
4.8757e-01
4.9744e-01
5.0962e-01
5.2478e-01
5.3061e-01
5.0915e-01
4.4831e-01
3.5335e-01
2.4447e-01
1.4117e-01
5.5241e-02
-1.1003e-02
-6.0982e-02
-9.6684e-02
-1.1852e-01
-1.2772e-01
-1.2843e-01
-1.2697e-01
-1.2726e-01
-1.3020e-01
-1.3715e-01
-1.5202e-01
-1.7783e-01
-2.1134e-01
-2.4356e-01
-2.6487e-01
-2.6769e-01
-2.4768e-01
-2.0593e-01
-1.4649e-01
-7.5139e-02
-1.2405e-03
6.3208e-02
1.1108e-01
1.4194e-01
1.5804e-01
1.6016e-01
1.4739e-01
1.2016e-01
7.9974e-02
2.8958e-02
-2.7466e-02
-8.0612e-02
-1.2380e-01
-1.5434e-01
-1.7375e-01
-1.8738e-01
-2.0151e-01
-2.2020e-01
-2.4368e-01
-2.6702e-01
-2.8126e-01
-2.7608e-01
-2.4691e-01
-1.9865e-01
-1.4104e-01
-8.3603e-02
-3.3270e-02
8.1416e-03
4.1036e-02
6.2998e-02
7.1052e-02
6.2589e-02
3.7289e-02
-1.3579e-03
-4.6816e-02
-9.0993e-02
-1.2650e-01
-1.4919e-01
-1.5970e-01
-1.6184e-01
-1.6041e-01
-1.5659e-01
-1.4727e-01
-1.3132e-01
-1.1112e-01
-8.8987e-02
-6.6190e-02
-4.2209e-02
-1.5658e-02
1.3230e-02
4.4938e-02
8.1985e-02
1.2387e-01
1.6688e-01
2.0697e-01
2.3983e-01
2.6318e-01
2.7900e-01
2.8819e-01
2.8606e-01
2.6859e-01
2.3917e-01
2.0519e-01
1.7039e-01
1.3492e-01
9.9875e-02
6.8481e-02
4.2857e-02
2.2913e-02
8.5722e-03
-5.0848e-04
-7.1829e-03
-1.5432e-02
-2.7075e-02
-4.2737e-02
-6.3150e-02
-8.8419e-02
-1.1728e-01
-1.4722e-01
-1.7393e-01
-1.9344e-01
-2.0477e-01
-2.0661e-01
-1.9364e-01
-1.6656e-01
-1.3305e-01
-1.0054e-01
-7.2582e-02
-4.7530e-02
-2.4291e-02
-3.2221e-03
1.6963e-02
3.7370e-02
5.9587e-02
8.3640e-02
1.0722e-01
1.2770e-01
1.4104e-01
1.4248e-01
1.2981e-01
1.0630e-01
7.8322e-02
5.0920e-02
2.7190e-02
9.8502e-03
-1.1710e-04
-3.5552e-03
-2.6334e-03
-5.2239e-04
1.4280e-03
3.1460e-03
4.2001e-03
5.1225e-03
8.5059e-03
1.6609e-02
2.8927e-02
4.3976e-02
6.0664e-02
7.9010e-02
9.9406e-02
1.2028e-01
1.3921e-01
1.5432e-01
1.6311e-01
1.6225e-01
1.4921e-01
1.2346e-01
8.7624e-02
4.7841e-02
1.2266e-02
-1.2992e-02
-2.7193e-02
-3.3757e-02
-3.6207e-02
-3.6924e-02
-3.7538e-02
-3.8817e-02
-4.1074e-02
-4.6570e-02
-5.9181e-02
-7.9598e-02
-1.0595e-01
-1.3593e-01
-1.6561e-01
-1.9072e-01
-2.0934e-01
-2.2154e-01
-2.2695e-01
-2.2457e-01
-2.1405e-01
-1.9448e-01
-1.6442e-01
-1.2357e-01
-7.3805e-02
-1.9916e-02
3.0096e-02
6.9278e-02
9.6417e-02
1.1352e-01
1.2274e-01
1.2594e-01
1.2376e-01
1.1715e-01
1.0856e-01
9.8756e-02
8.5446e-02
6.6500e-02
4.2557e-02
1.6723e-02
-7.7567e-03
-2.8043e-02
-4.2315e-02
-5.0750e-02
-5.4671e-02
-5.6545e-02
-5.7986e-02
-5.6968e-02
-5.1342e-02
-4.2389e-02
-3.3281e-02
-2.6108e-02
-2.0879e-02
-1.7793e-02
-1.7305e-02
-1.8432e-02
-1.8672e-02
-1.4230e-02
-2.3751e-03
1.8159e-02
4.7026e-02
8.0420e-02
1.1237e-01
1.3725e-01
1.5287e-01
1.5960e-01
1.5708e-01
1.4535e-01
1.2543e-01
9.8775e-02
6.7531e-02
3.5008e-02
4.2348e-03
-2.2786e-02
-4.4485e-02
-5.9560e-02
-6.8973e-02
-7.4194e-02
-7.4786e-02
-7.1156e-02
-6.6919e-02
-6.5327e-02
-6.5707e-02
-6.4037e-02
-5.6998e-02
-4.3394e-02
-2.2402e-02
6.2891e-03
4.0531e-02
7.6281e-02
1.1003e-01
1.4020e-01
1.6691e-01
1.8823e-01
1.9879e-01
1.9351e-01
1.7098e-01
1.3517e-01
9.2794e-02
4.9700e-02
1.1836e-02
-1.5546e-02
-3.0219e-02
-3.4259e-02
-3.2216e-02
-2.8414e-02
-2.5704e-02
-2.5573e-02
-2.8021e-02
-3.2568e-02
-3.9967e-02
-5.1816e-02
-6.7630e-02
-8.4270e-02
-9.9196e-02
-1.1251e-01
-1.2644e-01
-1.4226e-01
-1.5905e-01
-1.7403e-01
-1.8527e-01
-1.9451e-01
-2.0479e-01
-2.1769e-01
-2.3370e-01
-2.5118e-01
-2.6698e-01
-2.7802e-01
-2.8219e-01
-2.7984e-01
-2.7348e-01
-2.6547e-01
-2.5736e-01
-2.4969e-01
-2.4076e-01
-2.2801e-01
-2.1056e-01
-1.8883e-01
-1.6310e-01
-1.3400e-01
-1.0432e-01
-7.6011e-02
-4.7435e-02
-1.6537e-02
1.6302e-02
5.0103e-02
8.5598e-02
1.2528e-01
1.6984e-01
2.1615e-01
2.6091e-01
3.0291e-01
3.4174e-01
3.7583e-01
4.0382e-01
4.2675e-01
4.4610e-01
4.6191e-01
4.7383e-01
4.8187e-01
4.8562e-01
4.8327e-01
4.7119e-01
4.4421e-01
3.9950e-01
3.3829e-01
2.6246e-01
1.7861e-01
9.7507e-02
2.6543e-02
-3.1618e-02
-7.7992e-02
-1.1363e-01
-1.3825e-01
-1.5340e-01
-1.6266e-01
-1.6958e-01
-1.7656e-01
-1.8368e-01
-1.8866e-01
-1.8923e-01
-1.8514e-01
-1.7773e-01
-1.7036e-01
-1.6762e-01
-1.7058e-01
-1.7626e-01
-1.8175e-01
-1.8578e-01
-1.8619e-01
-1.7924e-01
-1.6443e-01
-1.4477e-01
-1.2210e-01
-9.7028e-02
-7.0238e-02
-4.2171e-02
-1.4538e-02
9.6904e-03
2.8959e-02
4.3298e-02
5.3197e-02
6.0380e-02
6.6399e-02
7.1505e-02
7.5380e-02
7.6764e-02
7.2703e-02
6.0374e-02
4.1350e-02
2.0586e-02
1.4005e-03
-1.5224e-02
-2.8266e-02
-3.7000e-02
-4.2343e-02
-4.5218e-02
-4.5078e-02
-4.1218e-02
-3.3917e-02
-2.3279e-02
-9.4686e-03
6.6524e-03
2.4416e-02
4.3519e-02
6.2040e-02
7.7060e-02
8.7925e-02
9.5884e-02
1.0275e-01
1.0897e-01
1.1304e-01
1.1278e-01
1.0801e-01
1.0038e-01
9.2114e-02
8.4234e-02
7.6588e-02
6.9245e-02
6.1861e-02
5.2454e-02
4.0301e-02
2.7012e-02
1.4086e-02
2.5296e-03
-5.9878e-03
-1.0557e-02
-1.3779e-02
-1.8658e-02
-2.5705e-02
-3.4516e-02
-4.4332e-02
-5.1490e-02
-5.4264e-02
-5.4716e-02
-5.4993e-02
-5.6697e-02
-6.1119e-02
-6.7772e-02
-7.3766e-02
-7.7335e-02
-7.9574e-02
-8.0852e-02
-8.1058e-02
-8.0335e-02
-7.7771e-02
-7.2360e-02
-6.4501e-02
-5.4454e-02
-4.2765e-02
-3.1134e-02
-2.1185e-02
-1.3340e-02
-6.3814e-03
1.6008e-03
1.2230e-02
2.6510e-02
4.3701e-02
6.1053e-02
7.6729e-02
9.0469e-02
1.0109e-01
1.0618e-01
1.0323e-01
9.1477e-02
7.2748e-02
4.9746e-02
2.5847e-02
4.0108e-03
-1.5268e-02
-3.2634e-02
-4.8101e-02
-6.1269e-02
-7.1254e-02
-7.7087e-02
-7.9263e-02
-7.9748e-02
-8.0423e-02
-8.0818e-02
-7.8464e-02
-7.0908e-02
-5.6733e-02
-3.5900e-02
-9.8503e-03
1.8609e-02
4.5717e-02
6.8994e-02
8.7576e-02
1.0059e-01
1.0764e-01
1.0813e-01
1.0197e-01
9.0664e-02
7.6645e-02
6.2704e-02
4.9184e-02
3.4257e-02
1.7870e-02
2.2268e-03
-9.9597e-03
-1.6575e-02
-1.6680e-02
-1.0423e-02
-5.8146e-05
1.1136e-02
2.0437e-02
2.6012e-02
2.6420e-02
2.0559e-02
8.9436e-03
-7.7489e-03
-2.9389e-02
-5.4423e-02
-7.9706e-02
-1.0317e-01
-1.2359e-01
-1.3954e-01
-1.4848e-01
-1.4773e-01
-1.3647e-01
-1.1699e-01
-9.4769e-02
-7.4333e-02
-5.6833e-02
-4.2839e-02
-3.2781e-02
-2.6248e-02
-2.2338e-02
-1.9071e-02
-1.5145e-02
-1.1015e-02
-7.1203e-03
-4.0206e-03
-1.5343e-03
1.2802e-03
4.8765e-03
9.6438e-03
1.5070e-02
2.0646e-02
2.6761e-02
3.2771e-02
3.7484e-02
4.0711e-02
4.0605e-02
3.3897e-02
1.9869e-02
2.2597e-04
-2.2469e-02
-4.4936e-02
-6.4218e-02
-7.8833e-02
-8.8341e-02
-9.2526e-02
-9.2188e-02
-8.9246e-02
-8.4095e-02
-7.5785e-02
-6.4668e-02
-5.2119e-02
-3.9275e-02
-2.5466e-02
-9.6445e-03
6.4791e-03
1.9820e-02
2.8336e-02
3.1597e-02
3.1505e-02
3.2339e-02
3.7306e-02
4.6899e-02
6.0706e-02
7.7960e-02
9.5827e-02
1.1208e-01
1.2726e-01
1.4277e-01
1.5927e-01
1.7491e-01
1.8619e-01
1.8821e-01
1.7690e-01
1.5206e-01
1.1835e-01
8.2021e-02
4.7450e-02
1.7649e-02
-6.4262e-03
-2.4526e-02
-3.5902e-02
-3.9776e-02
-3.8084e-02
-3.4140e-02
-2.8697e-02
-2.2140e-02
-1.6181e-02
-1.2092e-02
-9.7466e-03
-9.0302e-03
-9.7890e-03
-1.0622e-02
-1.1216e-02
-1.2994e-02
-1.7054e-02
-2.4012e-02
-3.3333e-02
-4.4054e-02
-5.5521e-02
-6.6619e-02
-7.7239e-02
-8.7508e-02
-9.6778e-02
-1.0373e-01
-1.0753e-01
-1.0893e-01
-1.0854e-01
-1.0472e-01
-9.5027e-02
-8.0109e-02
-6.3071e-02
-4.7187e-02
-3.5587e-02
-2.8962e-02
-2.4080e-02
-1.8408e-02
-1.2667e-02
-7.2405e-03
-1.9414e-03
2.3059e-03
4.9397e-03
5.8670e-03
5.2125e-03
3.1855e-03
-3.7001e-04
-5.9492e-03
-1.2738e-02
-1.8151e-02
-2.0844e-02
-2.1040e-02
-1.8615e-02
-1.3117e-02
-5.1320e-03
3.9923e-03
1.4044e-02
2.5444e-02
3.7071e-02
4.6467e-02
5.2133e-02
5.3522e-02
5.1569e-02
4.8703e-02
4.6882e-02
4.5557e-02
4.4958e-02
4.6308e-02
4.8852e-02
5.1720e-02
5.3897e-02
5.4237e-02
5.3592e-02
5.2966e-02
5.1870e-02
4.9529e-02
4.5442e-02
3.9397e-02
3.2526e-02
2.6003e-02
2.0736e-02
1.6618e-02
1.1690e-02
4.1307e-03
-6.4406e-03
-1.9231e-02
-3.1742e-02
-4.1476e-02
-4.6146e-02
-4.5464e-02
-4.1617e-02
-3.6818e-02
-3.1055e-02
-2.3441e-02
-1.4693e-02
-5.4549e-03
5.8747e-03
2.0502e-02
3.7697e-02
5.5721e-02
7.3056e-02
8.8514e-02
1.0099e-01
1.1069e-01
1.1793e-01
1.2185e-01
1.2083e-01
1.1364e-01
1.0125e-01
8.6012e-02
7.0790e-02
5.8317e-02
5.0096e-02
4.5508e-02
4.2246e-02
3.8416e-02
3.1979e-02
2.2176e-02
1.1273e-02
1.3627e-03
-6.6552e-03
-1.1031e-02
-1.1851e-02
-1.0673e-02
-7.7974e-03
-3.5669e-03
9.9981e-04
4.7541e-03
6.4265e-03
5.9745e-03
4.0287e-03
9.3924e-05
-6.1395e-03
-1.3773e-02
-2.2013e-02
-2.9779e-02
-3.6072e-02
-4.0891e-02
-4.4932e-02
-4.8163e-02
-4.8748e-02
-4.4796e-02
-3.6014e-02
-2.3394e-02
-8.7660e-03
5.3033e-03
1.6533e-02
2.4482e-02
3.0283e-02
3.4409e-02
3.5090e-02
3.0890e-02
2.3546e-02
1.4856e-02
4.9407e-03
-6.2074e-03
-1.8180e-02
-3.0185e-02
-4.1985e-02
-5.3563e-02
-6.4526e-02
-7.4454e-02
-8.3572e-02
-9.2198e-02
-9.9095e-02
-1.0300e-01
-1.0479e-01
-1.0539e-01
-1.0403e-01
-9.9602e-02
-9.1690e-02
-7.9773e-02
-6.4588e-02
-4.7416e-02
-3.0520e-02
-1.6275e-02
-3.2403e-03
1.1387e-02
2.6997e-02
4.0440e-02
5.0618e-02
5.7612e-02
6.0092e-02
5.6228e-02
4.6748e-02
3.4566e-02
2.2569e-02
1.3634e-02
9.1156e-03
8.4275e-03
1.0538e-02
1.4367e-02
1.8619e-02
2.1953e-02
2.2373e-02
1.7393e-02
6.2246e-03
-8.4400e-03
-2.2064e-02
-3.2428e-02
-3.9951e-02
-4.3923e-02
-4.4181e-02
-4.1894e-02
-3.6765e-02
-2.7823e-02
-1.5514e-02
-1.4219e-03
1.3493e-02
2.9458e-02
4.5071e-02
5.6997e-02
6.3790e-02
6.5591e-02
6.1989e-02
5.3535e-02
4.1387e-02
2.6082e-02
8.3524e-03
-1.0883e-02
-3.1310e-02
-5.1729e-02
-7.0235e-02
-8.5778e-02
-9.7751e-02
-1.0507e-01
-1.0622e-01
-1.0139e-01
-9.2254e-02
-7.9924e-02
-6.5579e-02
-5.1493e-02
-3.9739e-02
-3.0824e-02
-2.4540e-02
-2.0800e-02
-2.0243e-02
-2.2886e-02
-2.6383e-02
-2.8098e-02
-2.7541e-02
-2.6361e-02
-2.5533e-02
-2.4808e-02
-2.4370e-02
-2.4042e-02
-2.3451e-02
-2.1589e-02
-1.7761e-02
-1.3157e-02
-8.6954e-03
-4.1783e-03
5.2109e-04
5.9214e-03
1.1978e-02
1.6849e-02
1.9907e-02
2.1408e-02
2.1366e-02
2.1094e-02
2.2171e-02
2.5324e-02
3.0356e-02
3.6386e-02
4.2542e-02
4.8227e-02
5.2958e-02
5.5952e-02
5.7168e-02
5.7442e-02
5.7680e-02
5.7819e-02
5.7052e-02
5.4962e-02
5.2292e-02
5.0066e-02
4.7486e-02
4.2735e-02
3.5721e-02
2.8081e-02
2.1662e-02
1.7007e-02
1.3139e-02
8.6058e-03
3.0933e-03
-2.1086e-03
-5.4932e-03
-6.5380e-03
-4.7839e-03
-9.9878e-04
3.7573e-03
8.2174e-03
1.1271e-02
1.3997e-02
1.8039e-02
2.3084e-02
2.8313e-02
3.2442e-02
3.4692e-02
3.5099e-02
3.3295e-02
2.7818e-02
1.8207e-02
7.4332e-03
-9.3737e-04
-6.7175e-03
-1.1380e-02
-1.4975e-02
-1.6308e-02
-1.5981e-02
-1.6005e-02
-1.7491e-02
-2.0628e-02
-2.4747e-02
-2.8285e-02
-3.0854e-02
-3.2247e-02
-3.1552e-02
-2.9095e-02
-2.5953e-02
-2.1934e-02
-1.7002e-02
-1.1874e-02
-5.6759e-03
2.9119e-03
1.2688e-02
2.1047e-02
2.7243e-02
3.1456e-02
3.3783e-02
3.5987e-02
3.9778e-02
4.3915e-02
4.7119e-02
4.9443e-02
5.0686e-02
5.0892e-02
4.9990e-02
4.6841e-02
4.0788e-02
3.3879e-02
2.8848e-02
2.6069e-02
2.5138e-02
2.6534e-02
2.9988e-02
3.4576e-02
3.9064e-02
4.1791e-02
4.0001e-02
3.1706e-02
1.8644e-02
4.8324e-03
-7.2213e-03
-1.7301e-02
-2.4673e-02
-2.9171e-02
-3.2267e-02
-3.5333e-02
-3.8837e-02
-4.2170e-02
-4.5226e-02
-4.7851e-02
-4.8859e-02
-4.8021e-02
-4.6430e-02
-4.4778e-02
-4.2156e-02
-3.7300e-02
-3.1864e-02
-2.8769e-02
-2.7174e-02
-2.4400e-02
-2.1379e-02
-2.0333e-02
-2.1036e-02
-2.3323e-02
-2.8126e-02
-3.4811e-02
-4.1061e-02
-4.5816e-02
-4.9044e-02
-4.9176e-02
-4.4856e-02
-3.7375e-02
-2.8126e-02
-1.7283e-02
-4.2164e-03
1.0939e-02
2.5584e-02
3.7151e-02
4.5521e-02
5.1546e-02
5.5194e-02
5.6925e-02
5.7659e-02
5.7859e-02
5.7092e-02
5.4853e-02
5.2026e-02
5.0456e-02
5.0534e-02
5.0973e-02
5.1043e-02
5.1018e-02
5.1009e-02
5.0385e-02
4.8219e-02
4.4252e-02
3.9278e-02
3.4076e-02
2.9197e-02
2.4955e-02
2.0379e-02
1.4303e-02
7.2020e-03
9.1220e-04
-3.8821e-03
-8.3128e-03
-1.2618e-02
-1.5823e-02
-1.7827e-02
-1.8181e-02
-1.6603e-02
-1.4408e-02
-1.2420e-02
-1.0562e-02
-8.7372e-03
-7.6043e-03
-7.6848e-03
-8.7260e-03
-9.6388e-03
-1.0546e-02
-1.2436e-02
-1.5502e-02
-1.9975e-02
-2.5501e-02
-3.0978e-02
-3.6675e-02
-4.3252e-02
-4.9293e-02
-5.2919e-02
-5.4319e-02
-5.4123e-02
-5.1044e-02
-4.4040e-02
-3.3696e-02
-2.2063e-02
-1.1696e-02
-2.9111e-03
4.8187e-03
1.1206e-02
1.5590e-02
1.7584e-02
1.6994e-02
1.4260e-02
1.1059e-02
9.8049e-03
1.0898e-02
1.3426e-02
1.7261e-02
2.1966e-02
2.5998e-02
2.7378e-02
2.5884e-02
2.2851e-02
1.9414e-02
1.6975e-02
1.5759e-02
1.4579e-02
1.2489e-02
9.3459e-03
5.4138e-03
1.8924e-03
9.8090e-04
3.7691e-03
8.6941e-03
1.3583e-02
1.7828e-02
2.1726e-02
2.6157e-02
3.0967e-02
3.5120e-02
3.8319e-02
4.0344e-02
4.0320e-02
3.6637e-02
2.9025e-02
1.9169e-02
8.3050e-03
-2.9645e-03
-1.3724e-02
-2.3095e-02
-3.0474e-02
-3.4591e-02
-3.4560e-02
-3.1705e-02
-2.8358e-02
-2.5656e-02
-2.3279e-02
-2.1713e-02
-2.1417e-02
-2.0608e-02
-1.7776e-02
-1.3755e-02
-1.0084e-02
-7.0616e-03
-5.2663e-03
-5.2359e-03
-5.6187e-03
-5.2843e-03
-4.6258e-03
-4.6034e-03
-5.9632e-03
-8.8527e-03
-1.2221e-02
-1.4574e-02
-1.5796e-02
-1.6323e-02
-1.6274e-02
-1.6361e-02
-1.7421e-02
-1.9636e-02
-2.2371e-02
-2.5103e-02
-2.7454e-02
-2.8563e-02
-2.8569e-02
-2.8959e-02
-3.0664e-02
-3.3246e-02
-3.6239e-02
-3.9952e-02
-4.4084e-02
-4.7847e-02
-5.0816e-02
-5.3018e-02
-5.4858e-02
-5.6374e-02
-5.6764e-02
-5.5566e-02
-5.2773e-02
-4.9070e-02
-4.6079e-02
-4.4921e-02
-4.5144e-02
-4.5473e-02
-4.5460e-02
-4.5400e-02
-4.5217e-02
-4.4129e-02
-4.1303e-02
-3.6910e-02
-3.2108e-02
-2.7589e-02
-2.2554e-02
-1.6013e-02
-9.1751e-03
-3.4699e-03
1.5036e-03
7.3901e-03
1.4397e-02
2.0622e-02
2.5093e-02
2.8834e-02
3.2370e-02
3.4648e-02
3.4501e-02
3.1649e-02
2.6233e-02
1.9008e-02
1.1008e-02
3.1379e-03
-2.8703e-03
-6.6116e-03
-9.4584e-03
-1.2070e-02
-1.4312e-02
-1.6466e-02
-1.8679e-02
-2.0990e-02
-2.3133e-02
-2.4636e-02
-2.4582e-02
-2.2393e-02
-1.8031e-02
-1.1675e-02
-3.5986e-03
5.3828e-03
1.4065e-02
2.1160e-02
2.5880e-02
2.8323e-02
2.9256e-02
2.8283e-02
2.4708e-02
1.9312e-02
1.3324e-02
7.4212e-03
1.6177e-03
-3.5097e-03
-7.0021e-03
-8.3391e-03
-8.5058e-03
-8.3559e-03
-6.6787e-03
-1.7023e-03
6.5156e-03
1.6335e-02
2.6286e-02
3.5367e-02
4.3062e-02
4.9171e-02
5.4417e-02
5.9287e-02
6.3702e-02
6.7443e-02
6.9902e-02
7.0657e-02
7.0122e-02
6.8546e-02
6.5622e-02
6.1702e-02
5.7654e-02
5.3972e-02
5.0700e-02
4.7751e-02
4.4738e-02
4.0945e-02
3.6467e-02
3.1163e-02
2.4713e-02
1.7537e-02
1.0690e-02
5.3310e-03
1.6219e-03
-8.1880e-04
-3.1887e-03
-6.2517e-03
-8.3083e-03
-8.5786e-03
-8.8963e-03
-1.0405e-02
-1.1969e-02
-1.1422e-02
-8.4768e-03
-5.2946e-03
-3.1236e-03
-6.6467e-04
3.0126e-03
6.9922e-03
9.9113e-03
1.0948e-02
1.0407e-02
9.2221e-03
7.8453e-03
6.6947e-03
5.6999e-03
3.9989e-03
1.8349e-03
2.3957e-04
-3.7466e-04
-5.5170e-04
-1.7716e-03
-4.7649e-03
-8.2322e-03
-1.0042e-02
-9.4114e-03
-6.3089e-03
-3.2511e-04
7.4304e-03
1.4126e-02
1.8075e-02
1.9389e-02
1.8883e-02
1.7969e-02
1.8019e-02
1.8350e-02
1.7322e-02
1.4228e-02
8.7547e-03
6.9024e-04
-8.8987e-03
-1.8595e-02
-2.6639e-02
-3.0945e-02
-3.1133e-02
-2.8616e-02
-2.4883e-02
-2.0280e-02
-1.4153e-02
-6.6592e-03
3.8685e-04
5.3375e-03
8.2678e-03
1.0363e-02
1.2383e-02
1.4128e-02
1.4673e-02
1.3914e-02
1.2540e-02
1.1351e-02
1.0855e-02
1.0240e-02
8.6551e-03
7.0084e-03
7.0734e-03
8.9088e-03
1.1194e-02
1.3150e-02
1.5349e-02
1.8073e-02
2.0408e-02
2.0123e-02
1.5944e-02
9.2596e-03
1.8650e-03
-5.3668e-03
-1.2399e-02
-1.9342e-02
-2.5377e-02
-2.9519e-02
-3.1936e-02
-3.3214e-02
-3.3246e-02
-3.0525e-02
-2.3130e-02
-1.1618e-02
3.6330e-04
9.6034e-03
1.5668e-02
2.0141e-02
2.4462e-02
2.8706e-02
3.3232e-02
3.8282e-02
4.3783e-02
4.8448e-02
5.0691e-02
4.9904e-02
4.6134e-02
3.9909e-02
3.3032e-02
2.7503e-02
2.3316e-02
1.8704e-02
1.3789e-02
9.9455e-03
5.5107e-03
-1.7822e-03
-1.0931e-02
-1.9646e-02
-2.6608e-02
-3.0865e-02
-3.1924e-02
-3.1425e-02
-3.1933e-02
-3.4359e-02
-3.7897e-02
-4.0768e-02
-4.1634e-02
-4.0879e-02
-3.9232e-02
-3.6425e-02
-3.2241e-02
-2.6813e-02
-2.0281e-02
-1.3608e-02
-8.0280e-03
-4.0799e-03
-2.2985e-03
-2.3327e-03
-2.2905e-03
-1.0130e-03
1.0987e-03
2.9389e-03
4.1433e-03
5.0126e-03
4.4553e-03
1.0516e-03
-5.6666e-03
-1.5280e-02
-2.5714e-02
-3.3955e-02
-3.7557e-02
-3.5985e-02
-3.1474e-02
-2.7293e-02
-2.4528e-02
-2.2771e-02
-2.1855e-02
-2.1439e-02
-2.1201e-02
-2.2070e-02
-2.5623e-02
-3.1906e-02
-3.8544e-02
-4.3104e-02
-4.5843e-02
-4.7902e-02
-4.9013e-02
-4.9356e-02
-4.8788e-02
-4.5621e-02
-3.8396e-02
-2.7652e-02
-1.5263e-02
-2.7589e-03
9.0931e-03
1.9286e-02
2.7427e-02
3.4916e-02
4.2445e-02
4.8971e-02
5.3429e-02
5.5354e-02
5.3889e-02
4.9043e-02
4.2834e-02
3.7487e-02
3.3830e-02
3.0148e-02
2.4142e-02
1.6690e-02
1.0208e-02
5.7860e-03
2.3248e-03
-4.1634e-04
-1.7781e-03
-1.7310e-03
-2.1356e-03
-3.5829e-03
-3.9128e-03
-1.4179e-03
1.9136e-03
2.8485e-03
1.9343e-03
1.4810e-03
2.0982e-03
2.9110e-03
2.6575e-03
-1.7885e-04
-6.7679e-03
-1.6784e-02
-2.8645e-02
-4.1130e-02
-5.4291e-02
-6.8078e-02
-8.1148e-02
-9.2105e-02
-1.0037e-01
-1.0684e-01
-1.1211e-01
-1.1510e-01
-1.1429e-01
-1.1052e-01
-1.0539e-01
-9.8388e-02
-8.8435e-02
-7.6088e-02
-6.2285e-02
-4.8365e-02
-3.5638e-02
-2.5253e-02
-1.7538e-02
-1.2041e-02
-8.4117e-03
-7.0044e-03
-6.9803e-03
-6.4736e-03
-4.5092e-03
-1.0447e-03
3.6828e-03
1.0180e-02
1.9246e-02
3.0070e-02
4.0437e-02
4.9413e-02
5.7943e-02
6.6079e-02
7.2120e-02
7.6184e-02
8.0568e-02
8.5225e-02
8.7916e-02
8.6028e-02
7.9243e-02
6.9606e-02
5.7481e-02
4.1767e-02
2.4096e-02
8.0162e-03
-5.0421e-03
-1.5433e-02
-2.3495e-02
-2.8933e-02
-3.0709e-02
-2.8714e-02
-2.4442e-02
-1.8885e-02
-1.2926e-02
-6.7845e-03
1.0921e-03
1.1589e-02
2.3393e-02
3.4610e-02
4.5635e-02
5.7405e-02
6.9184e-02
7.9519e-02
8.7584e-02
9.3551e-02
9.7617e-02
9.9839e-02
1.0030e-01
9.9310e-02
9.7074e-02
9.3300e-02
8.7177e-02
7.8829e-02
6.8415e-02
5.5150e-02
3.9413e-02
2.3604e-02
1.0159e-02
8.6437e-05
-7.0793e-03
-1.2281e-02
-1.5911e-02
-1.8115e-02
-1.8398e-02
-1.7375e-02
-1.5664e-02
-1.2755e-02
-8.9121e-03
-4.8639e-03
-4.0439e-04
4.9937e-03
1.0687e-02
1.4873e-02
1.6810e-02
1.7217e-02
1.7003e-02
1.6148e-02
1.3973e-02
1.0857e-02
8.3929e-03
6.2960e-03
3.6106e-03
1.3417e-03
-7.9114e-04
-4.2170e-03
-8.1173e-03
-1.1378e-02
-1.3679e-02
-1.4098e-02
-1.2327e-02
-9.2964e-03
-6.3616e-03
-4.0814e-03
-1.8078e-03
2.4131e-04
8.9177e-04
6.0745e-04
1.2522e-03
3.9676e-03
8.2901e-03
1.2506e-02
1.6183e-02
2.0065e-02
2.4788e-02
3.0013e-02
3.5062e-02
3.9883e-02
4.4033e-02
4.7284e-02
4.9112e-02
4.9116e-02
4.7568e-02
4.4154e-02
3.8566e-02
3.1391e-02
2.4028e-02
1.7671e-02
1.2147e-02
6.1807e-03
-6.7764e-04
-7.5379e-03
-1.2612e-02
-1.4454e-02
-1.4164e-02
-1.3672e-02
-1.2993e-02
-1.1379e-02
-9.7958e-03
-1.0727e-02
-1.3925e-02
-1.6925e-02
-1.9787e-02
-2.3816e-02
-2.8764e-02
-3.3869e-02
-3.9792e-02
-4.6253e-02
-5.1000e-02
-5.3100e-02
-5.3587e-02
-5.3814e-02
-5.4200e-02
-5.3914e-02
-5.1819e-02
-4.7835e-02
-4.3338e-02
-3.8741e-02
-3.3732e-02
-2.8522e-02
-2.3731e-02
-2.0958e-02
-2.1385e-02
-2.5421e-02
-3.2467e-02
-4.0802e-02
-4.9765e-02
-5.9897e-02
-7.0718e-02
-8.1051e-02
-9.0600e-02
-9.8630e-02
-1.0375e-01
-1.0559e-01
-1.0537e-01
-1.0392e-01
-1.0014e-01
-9.3083e-02
-8.3197e-02
-7.1018e-02
-5.7181e-02
-4.3041e-02
-2.9453e-02
-1.7162e-02
-7.4928e-03
-1.6755e-03
2.4080e-04
-3.5286e-04
-3.0008e-03
-8.7579e-03
-1.7094e-02
-2.5736e-02
-3.2785e-02
-3.6493e-02
-3.5312e-02
-3.0046e-02
-2.3377e-02
-1.5904e-02
-6.4693e-03
4.3751e-03
1.4121e-02
2.2062e-02
2.9471e-02
3.6014e-02
3.9766e-02
3.9958e-02
3.7613e-02
3.4014e-02
3.0445e-02
2.7226e-02
2.3418e-02
1.8031e-02
1.0852e-02
2.8153e-03
-5.8868e-03
-1.4585e-02
-2.1443e-02
-2.6032e-02
-2.9582e-02
-3.3303e-02
-3.7389e-02
-4.1926e-02
-4.7641e-02
-5.4997e-02
-6.2723e-02
-6.8368e-02
-7.0619e-02
-7.0516e-02
-6.9338e-02
-6.5824e-02
-5.7904e-02
-4.5525e-02
-3.0580e-02
-1.5621e-02
-2.6735e-03
7.2799e-03
1.3234e-02
1.4158e-02
1.0992e-02
6.2480e-03
1.5815e-03
-2.3371e-03
-5.1175e-03
-5.4440e-03
-1.6385e-03
5.4071e-03
1.3375e-02
2.1316e-02
2.9761e-02
3.8616e-02
4.6238e-02
5.1774e-02
5.6888e-02
6.2870e-02
6.7976e-02
6.9768e-02
6.8074e-02
6.4919e-02
6.2132e-02
5.9078e-02
5.4973e-02
5.0749e-02
4.8255e-02
4.9754e-02
5.5758e-02
6.4768e-02
7.4328e-02
8.2354e-02
8.7747e-02
9.0635e-02
9.0778e-02
8.6735e-02
7.8033e-02
6.6432e-02
5.4217e-02
4.1961e-02
2.9758e-02
1.9361e-02
1.2853e-02
1.0137e-02
9.8695e-03
1.1213e-02
1.4854e-02
2.1129e-02
2.8808e-02
3.6192e-02
4.0874e-02
4.1932e-02
4.1198e-02
4.0052e-02
3.8156e-02
3.3976e-02
2.7707e-02
2.1575e-02
1.5785e-02
8.4768e-03
3.1956e-06
-7.1832e-03
-1.2724e-02
-1.7452e-02
-2.0820e-02
-2.2338e-02
-2.2612e-02
-2.2629e-02
-2.2591e-02
-2.2281e-02
-2.2211e-02
-2.3882e-02
-2.8790e-02
-3.6415e-02
-4.3557e-02
-4.7550e-02
-4.8730e-02
-4.8893e-02
-4.8343e-02
-4.7151e-02
-4.5658e-02
-4.2828e-02
-3.8308e-02
-3.3914e-02
-3.1313e-02
-3.1701e-02
-3.4566e-02
-3.8034e-02
-4.0406e-02
-4.1351e-02
-4.1396e-02
-4.0526e-02
-3.9461e-02
-3.9116e-02
-3.8230e-02
-3.4833e-02
-2.9268e-02
-2.3683e-02
-1.8575e-02
-1.3527e-02
-9.1615e-03
-5.6602e-03
-2.5377e-03
4.3305e-04
3.4606e-03
6.5589e-03
8.3267e-03
7.6744e-03
5.7333e-03
4.6851e-03
5.9250e-03
8.7007e-03
1.1424e-02
1.3912e-02
1.6300e-02
1.8533e-02
2.1156e-02
2.4076e-02
2.6872e-02
2.9822e-02
3.2230e-02
3.2675e-02
3.1072e-02
2.8232e-02
2.5368e-02
2.4234e-02
2.4572e-02
2.4806e-02
2.5000e-02
2.6623e-02
3.0481e-02
3.5635e-02
4.0500e-02
4.4265e-02
4.7476e-02
4.9932e-02
5.1041e-02
5.0402e-02
4.8158e-02
4.4866e-02
4.0149e-02
3.3639e-02
2.4895e-02
1.4553e-02
5.9026e-03
4.2538e-04
-3.9046e-03
-9.5489e-03
-1.6798e-02
-2.3769e-02
-2.9383e-02
-3.4535e-02
-3.9391e-02
-4.3219e-02
-4.5766e-02
-4.6847e-02
-4.6355e-02
-4.3967e-02
-3.9182e-02
-3.2575e-02
-2.4801e-02
-1.6249e-02
-8.2992e-03
-2.6963e-03
8.4567e-04
3.8672e-03
6.4956e-03
8.3421e-03
1.0377e-02
1.3413e-02
1.5804e-02
1.5352e-02
1.2596e-02
1.0110e-02
9.3110e-03
1.0347e-02
1.2565e-02
1.4453e-02
1.5533e-02
1.6643e-02
1.9110e-02
2.3509e-02
2.8132e-02
3.1279e-02
3.2252e-02
3.1595e-02
3.1134e-02
3.2255e-02
3.5411e-02
4.0054e-02
4.4246e-02
4.6799e-02
4.7726e-02
4.8261e-02
5.0518e-02
5.4745e-02
5.8630e-02
6.0792e-02
6.1186e-02
5.8976e-02
5.2746e-02
4.2247e-02
2.9329e-02
1.5688e-02
1.5263e-03
-1.2763e-02
-2.6163e-02
-3.8472e-02
-4.9575e-02
-5.7975e-02
-6.2857e-02
-6.5096e-02
-6.6593e-02
-6.9136e-02
-7.1994e-02
-7.2893e-02
-7.0250e-02
-6.4318e-02
-5.7002e-02
-4.8840e-02
-3.9530e-02
-3.1084e-02
-2.5983e-02
-2.4097e-02
-2.2894e-02
-2.0199e-02
-1.7005e-02
-1.5493e-02
-1.5159e-02
-1.3488e-02
-9.4869e-03
-4.8289e-03
-8.4390e-04
2.7625e-03
6.3202e-03
9.6194e-03
1.2486e-02
1.5317e-02
1.7788e-02
1.9650e-02
2.0905e-02
2.1629e-02
2.2543e-02
2.4123e-02
2.7264e-02
3.3394e-02
4.1237e-02
4.7017e-02
4.8809e-02
4.8296e-02
4.7789e-02
4.6916e-02
4.3901e-02
3.8599e-02
3.2569e-02
2.6178e-02
1.8799e-02
1.1586e-02
6.3801e-03
3.4031e-03
1.5036e-03
-3.8768e-04
-2.6415e-03
-5.0529e-03
-7.6036e-03
-1.0280e-02
-1.2782e-02
-1.4298e-02
-1.5205e-02
-1.7417e-02
-2.1556e-02
-2.6240e-02
-3.0209e-02
-3.2985e-02
-3.4222e-02
-3.4148e-02
-3.3832e-02
-3.3964e-02
-3.4556e-02
-3.5641e-02
-3.7214e-02
-3.8575e-02
-3.8965e-02
-3.8713e-02
-3.7924e-02
-3.5641e-02
-3.1053e-02
-2.4235e-02
-1.5549e-02
-5.5733e-03
4.6292e-03
1.3751e-02
2.0813e-02
2.5433e-02
2.9108e-02
3.3304e-02
3.6926e-02
3.9158e-02
4.0550e-02
4.1011e-02
4.0426e-02
3.9044e-02
3.7099e-02
3.4543e-02
3.0540e-02
2.4970e-02
1.8996e-02
1.3874e-02
9.7666e-03
6.9305e-03
5.7508e-03
4.6453e-03
2.0453e-03
-1.8873e-03
-6.6540e-03
-1.0917e-02
-1.3204e-02
-1.3776e-02
-1.3030e-02
-1.1431e-02
-1.0202e-02
-1.0378e-02
-1.1080e-02
-1.0506e-02
-7.6390e-03
-2.7823e-03
2.5428e-03
7.5011e-03
1.2597e-02
1.6876e-02
1.9737e-02
2.2925e-02
2.7180e-02
3.1540e-02
3.5277e-02
3.8351e-02
4.0840e-02
4.2865e-02
4.4941e-02
4.7022e-02
4.8624e-02
4.9223e-02
4.9095e-02
4.9045e-02
4.9256e-02
4.9269e-02
4.8440e-02
4.6202e-02
4.1934e-02
3.4547e-02
2.4160e-02
1.2244e-02
7.1090e-04
-8.5587e-03
-1.4293e-02
-1.6606e-02
-1.6884e-02
-1.6347e-02
-1.4989e-02
-1.2682e-02
-1.0664e-02
-9.8929e-03
-9.2231e-03
-7.3707e-03
-4.7933e-03
-1.9926e-03
1.1337e-03
4.8131e-03
9.5228e-03
1.4483e-02
1.8550e-02
2.1889e-02
2.4790e-02
2.7142e-02
2.8963e-02
2.9585e-02
2.8094e-02
2.4639e-02
2.0458e-02
1.6875e-02
1.4465e-02
1.3040e-02
1.1850e-02
1.0627e-02
9.2521e-03
7.1855e-03
4.7934e-03
2.9921e-03
2.2405e-03
2.3114e-03
2.1093e-03
9.3401e-04
-7.6236e-04
-1.7629e-03
-1.8473e-03
-2.5792e-03
-5.2568e-03
-9.4594e-03
-1.4180e-02
-1.9366e-02
-2.5219e-02
-3.0769e-02
-3.5016e-02
-3.9490e-02
-4.5794e-02
-5.2388e-02
-5.7991e-02
-6.3231e-02
-6.7370e-02
-6.8164e-02
-6.5456e-02
-6.1477e-02
-5.7804e-02
-5.3720e-02
-4.7765e-02
-3.9838e-02
-3.1148e-02
-2.2710e-02
-1.5506e-02
-1.1322e-02
-1.1955e-02
-1.7365e-02
-2.5094e-02
-3.2187e-02
-3.7698e-02
-4.1927e-02
-4.4884e-02
-4.5992e-02
-4.3957e-02
-3.9240e-02
-3.3433e-02
-2.8249e-02
-2.3749e-02
-1.8686e-02
-1.4130e-02
-1.1179e-02
-8.2061e-03
-4.1421e-03
4.0644e-04
4.9344e-03
9.2388e-03
1.2571e-02
1.3637e-02
1.1743e-02
7.8651e-03
3.8201e-03
7.7961e-04
-8.3280e-04
-1.2028e-03
-1.1655e-03
-9.8848e-04
3.0463e-04
3.6469e-03
8.7171e-03
1.4766e-02
2.1029e-02
2.5852e-02
2.8207e-02
2.9268e-02
2.9809e-02
2.9422e-02
2.7814e-02
2.5402e-02
2.3433e-02
2.2243e-02
2.0213e-02
1.6438e-02
1.2678e-02
1.0067e-02
8.1801e-03
6.8192e-03
5.2743e-03
2.7680e-03
8.6388e-05
-2.1874e-03
-5.8072e-03
-1.2575e-02
-2.1851e-02
-3.1027e-02
-3.8480e-02
-4.4485e-02
-4.9316e-02
-5.2862e-02
-5.4665e-02
-5.4006e-02
-5.1312e-02
-4.7930e-02
-4.2728e-02
-3.3052e-02
-1.9719e-02
-5.9954e-03
7.2232e-03
1.9713e-02
2.8875e-02
3.3587e-02
3.5770e-02
3.6598e-02
3.5609e-02
3.2815e-02
2.9401e-02
2.5508e-02
2.0107e-02
1.4199e-02
9.5899e-03
6.6940e-03
4.9573e-03
3.7466e-03
3.1956e-03
3.1530e-03
3.2629e-03
3.4169e-03
3.3131e-03
2.1655e-03
-7.0833e-04
-4.7107e-03
-7.9210e-03
-8.8697e-03
-7.6879e-03
-5.5858e-03
-3.6447e-03
-2.1830e-03
-8.1037e-04
7.8969e-04
2.9194e-03
5.6658e-03
8.8754e-03
1.1592e-02
1.3198e-02
1.4070e-02
1.4367e-02
1.4652e-02
1.5710e-02
1.7395e-02
1.8305e-02
1.7017e-02
1.4358e-02
1.2295e-02
1.1402e-02
1.1359e-02
1.1202e-02
9.9743e-03
7.6273e-03
4.3919e-03
-2.2474e-04
-5.7785e-03
-1.0624e-02
-1.4353e-02
-1.7443e-02
-1.9541e-02
-2.0186e-02
-2.0141e-02
-2.0270e-02
-2.0424e-02
-2.0055e-02
-1.9033e-02
-1.7838e-02
-1.6891e-02
-1.4826e-02
-9.6360e-03
-1.4313e-03
8.0718e-03
1.7672e-02
2.6863e-02
3.5487e-02
4.2221e-02
4.5510e-02
4.6017e-02
4.5671e-02
4.5113e-02
4.3604e-02
4.0635e-02
3.5866e-02
2.9310e-02
2.0779e-02
1.0097e-02
-1.4956e-03
-1.2186e-02
-1.9930e-02
-2.4090e-02
-2.6297e-02
-2.7654e-02
-2.7698e-02
-2.5336e-02
-1.9970e-02
-1.3328e-02
-8.2588e-03
-4.9614e-03
-1.5182e-03
2.8618e-03
7.3044e-03
1.0428e-02
1.1241e-02
9.8334e-03
7.1098e-03
4.1437e-03
1.6339e-03
-8.7449e-04
-3.3739e-03
-4.2444e-03
-2.6994e-03
1.3230e-04
2.4315e-03
3.0876e-03
2.9330e-03
3.8991e-03
6.7142e-03
9.9571e-03
1.1541e-02
1.1368e-02
1.1106e-02
1.1567e-02
1.1998e-02
1.1090e-02
7.9445e-03
3.0040e-03
-1.7596e-03
-4.2578e-03
-4.2919e-03
-3.8055e-03
-3.8082e-03
-3.3919e-03
-1.5944e-03
1.0703e-03
3.0436e-03
4.1585e-03
6.0410e-03
9.0630e-03
1.1352e-02
1.1872e-02
1.1633e-02
1.1136e-02
9.2680e-03
4.9699e-03
-1.4762e-03
-9.1606e-03
-1.7108e-02
-2.4692e-02
-3.1605e-02
-3.7575e-02
-4.2681e-02
-4.7336e-02
-5.0765e-02
-5.1735e-02
-5.1338e-02
-5.1281e-02
-5.1732e-02
-5.2168e-02
-5.2392e-02
-5.2372e-02
-5.1810e-02
-5.0231e-02
-4.7537e-02
-4.4218e-02
-3.9861e-02
-3.3107e-02
-2.4737e-02
-1.7114e-02
-1.1403e-02
-7.3008e-03
-3.7734e-03
-3.9488e-04
2.1635e-03
3.1677e-03
3.1204e-03
3.0964e-03
3.3789e-03
3.6461e-03
3.6827e-03
3.5047e-03
3.2610e-03
3.2558e-03
3.9642e-03
5.7288e-03
8.0812e-03
9.4074e-03
9.0125e-03
8.9189e-03
1.0442e-02
1.1839e-02
1.1871e-02
1.1433e-02
1.1430e-02
1.1822e-02
1.2210e-02
1.2086e-02
1.0736e-02
7.6489e-03
3.4833e-03
-3.5524e-04
-3.3022e-03
-5.8827e-03
-8.8545e-03
-1.1830e-02
-1.4438e-02
-1.7451e-02
-1.9809e-02
-2.0126e-02
-1.9633e-02
-1.9686e-02
-2.0081e-02
-2.0177e-02
-1.9833e-02
-1.9448e-02
-1.9821e-02
-2.1971e-02
-2.6282e-02
-3.1193e-02
-3.4321e-02
-3.5729e-02
-3.7539e-02
-4.0935e-02
-4.3760e-02
-4.2938e-02
-3.8656e-02
-3.3353e-02
-2.9286e-02
-2.5514e-02
-1.8752e-02
-9.4139e-03
-2.0211e-04
7.1449e-03
1.1992e-02
1.5080e-02
1.7520e-02
1.8843e-02
1.9238e-02
1.9571e-02
1.9557e-02
1.8175e-02
1.5177e-02
1.2185e-02
1.1352e-02
1.2039e-02
1.2425e-02
1.2189e-02
1.1889e-02
1.1754e-02
1.1647e-02
1.1489e-02
1.1439e-02
1.1828e-02
1.2946e-02
1.4587e-02
1.5489e-02
1.4430e-02
1.3024e-02
1.2354e-02
1.1890e-02
1.0725e-02
8.1663e-03
5.1565e-03
3.7541e-03
3.2358e-03
9.0324e-04
-3.5783e-03
-8.0020e-03
-1.1383e-02
-1.3871e-02
-1.6116e-02
-1.8367e-02
-2.0353e-02
-2.2825e-02
-2.6165e-02
-2.8431e-02
-2.8403e-02
-2.7015e-02
-2.4696e-02
-2.1419e-02
-1.8317e-02
-1.5720e-02
-1.2839e-02
-9.5739e-03
-6.0962e-03
-3.1608e-03
-9.6299e-04
1.0704e-03
2.8874e-03
3.4351e-03
1.9912e-03
-8.1132e-04
-3.3842e-03
-4.4914e-03
-4.8892e-03
-6.2160e-03
-8.5521e-03
-1.1340e-02
-1.4575e-02
-1.7924e-02
-1.9973e-02
-2.0012e-02
-1.9607e-02
-1.9927e-02
-2.0405e-02
-1.9948e-02
-1.7916e-02
-1.4694e-02
-1.2010e-02
-1.0332e-02
-7.7363e-03
-4.0248e-03
-8.0340e-04
1.6715e-03
3.3661e-03
4.2320e-03
4.7464e-03
4.6373e-03
3.7659e-03
3.2313e-03
3.1981e-03
3.1094e-03
3.3449e-03
5.0776e-03
8.9167e-03
1.3564e-02
1.7090e-02
1.8867e-02
1.8980e-02
1.8689e-02
1.9037e-02
1.9666e-02
1.9632e-02
1.8191e-02
1.5315e-02
1.2342e-02
1.0959e-02
1.0259e-02
8.9509e-03
8.4818e-03
1.0464e-02
1.3173e-02
1.5961e-02
1.9656e-02
2.3717e-02
2.7588e-02
3.0780e-02
3.3106e-02
3.3522e-02
3.1172e-02
2.7964e-02
2.6969e-02
2.7829e-02
2.7803e-02
2.5701e-02
2.2481e-02
1.9996e-02
1.8794e-02
1.7293e-02
1.4533e-02
1.2110e-02
1.1546e-02
1.1972e-02
1.1955e-02
1.1406e-02
1.1105e-02
1.1910e-02
1.4424e-02
1.8356e-02
2.2353e-02
2.6130e-02
2.9932e-02
3.3803e-02
3.7239e-02
3.9614e-02
4.0189e-02
3.8358e-02
3.5793e-02
3.4603e-02
3.3850e-02
3.1466e-02
2.7715e-02
2.4040e-02
2.0983e-02
1.9443e-02
1.9585e-02
1.9952e-02
1.9722e-02
1.9286e-02
1.9119e-02
1.9284e-02
1.9584e-02
1.9645e-02
1.8892e-02
1.6816e-02
1.3767e-02
1.1490e-02
1.0421e-02
8.3066e-03
4.0747e-03
-1.0750e-03
-6.0163e-03
-1.0032e-02
-1.2005e-02
-1.1985e-02
-1.1729e-02
-1.1915e-02
-1.1607e-02
-1.0020e-02
-7.6699e-03
-5.5922e-03
-4.3795e-03
-4.5897e-03
-6.4257e-03
-9.7730e-03
-1.3795e-02
-1.7663e-02
-2.1783e-02
-2.6466e-02
-3.1297e-02
-3.4670e-02
-3.5858e-02
-3.5886e-02
-3.6122e-02
-3.6671e-02
-3.6524e-02
-3.4753e-02
-3.1496e-02
-2.8672e-02
-2.8245e-02
-2.9216e-02
-2.9468e-02
-2.8204e-02
-2.5602e-02
-2.2554e-02
-2.0645e-02
-2.0414e-02
-2.0703e-02
-2.0830e-02
-2.1542e-02
-2.3670e-02
-2.6606e-02
-2.8465e-02
-2.8482e-02
-2.7915e-02
-2.7902e-02
-2.8389e-02
-2.8900e-02
-2.9035e-02
-2.8301e-02
-2.6230e-02
-2.3186e-02
-2.0824e-02
-2.0304e-02
-2.0902e-02
-2.1730e-02
-2.2939e-02
-2.4444e-02
-2.5133e-02
-2.4521e-02
-2.2881e-02
-2.0308e-02
-1.7004e-02
-1.3318e-02
-1.0172e-02
-7.6578e-03
-5.8103e-03
-5.2293e-03
-5.4377e-03
-5.4308e-03
-5.0023e-03
-4.5355e-03
-4.4680e-03
-5.3031e-03
-7.5122e-03
-1.0762e-02
-1.3594e-02
-1.6037e-02
-1.9092e-02
-2.1184e-02
-2.0636e-02
-1.7896e-02
-1.3728e-02
-8.8642e-03
-3.2803e-03
2.5435e-03
7.0464e-03
1.0349e-02
1.3746e-02
1.7412e-02
2.0839e-02
2.3938e-02
2.6078e-02
2.7099e-02
2.8855e-02
3.2053e-02
3.4408e-02
3.4539e-02
3.4518e-02
3.6401e-02
3.9832e-02
4.2808e-02
4.5098e-02
4.8958e-02
5.4413e-02
5.9439e-02
6.3406e-02
6.5974e-02
6.6588e-02
6.5962e-02
6.4432e-02
6.1349e-02
5.7149e-02
5.3061e-02
4.9383e-02
4.6259e-02
4.3725e-02
4.1517e-02
3.8331e-02
3.4275e-02
3.0890e-02
2.8416e-02
2.7085e-02
2.7083e-02
2.7575e-02
2.7708e-02
2.7094e-02
2.5293e-02
2.2139e-02
1.8969e-02
1.7838e-02
1.8342e-02
1.9363e-02
2.1550e-02
2.5799e-02
3.1404e-02
3.6881e-02
4.1228e-02
4.4702e-02
4.7628e-02
4.9474e-02
5.0017e-02
5.0122e-02
5.0300e-02
4.9929e-02
4.8238e-02
4.5477e-02
4.3041e-02
4.1475e-02
3.9456e-02
3.6459e-02
3.3858e-02
3.1066e-02
2.6378e-02
2.0603e-02
1.4781e-02
8.8501e-03
3.4565e-03
-1.0560e-03
-5.7120e-03
-9.9311e-03
-1.2248e-02
-1.2769e-02
-1.2750e-02
-1.2648e-02
-1.1623e-02
-8.9899e-03
-5.4144e-03
-1.8435e-03
1.4233e-03
3.0829e-03
2.1321e-03
-7.6012e-04
-4.5276e-03
-7.7667e-03
-1.0137e-02
-1.1965e-02
-1.2770e-02
-1.2699e-02
-1.2673e-02
-1.2991e-02
-1.3320e-02
-1.3400e-02
-1.3215e-02
-1.2893e-02
-1.2762e-02
-1.3431e-02
-1.5542e-02
-1.8925e-02
-2.1900e-02
-2.3793e-02
-2.6093e-02
-2.8745e-02
-3.1192e-02
-3.4689e-02
-3.9145e-02
-4.3384e-02
-4.7086e-02
-5.0303e-02
-5.2969e-02
-5.5359e-02
-5.8443e-02
-6.1079e-02
-6.1590e-02
-6.0632e-02
-5.8932e-02
-5.6328e-02
-5.3585e-02
-5.1481e-02
-4.8721e-02
-4.5033e-02
-4.1825e-02
-3.9333e-02
-3.7647e-02
-3.6831e-02
-3.6377e-02
-3.6477e-02
-3.7252e-02
-3.7695e-02
-3.7683e-02
-3.7794e-02
-3.7721e-02
-3.6277e-02
-3.2490e-02
-2.6909e-02
-2.0941e-02
-1.4797e-02
-8.1790e-03
-1.4693e-03
3.5712e-03
5.5694e-03
5.6056e-03
5.6479e-03
5.9940e-03
5.5146e-03
3.4795e-03
6.6678e-04
-1.1360e-03
-1.6352e-03
-2.7524e-03
-5.7134e-03
-8.8946e-03
-9.8486e-03
-9.2369e-03
-9.0757e-03
-9.6794e-03
-1.0061e-02
-9.1344e-03
-6.2453e-03
-1.8769e-03
2.2437e-03
5.4643e-03
7.7832e-03
9.7680e-03
1.1833e-02
1.3493e-02
1.3575e-02
1.1717e-02
8.9429e-03
6.7171e-03
5.2009e-03
2.8892e-03
-4.1832e-04
-2.5127e-03
-2.8748e-03
-2.7288e-03
-2.2078e-03
-1.7616e-03
-2.0857e-03
-2.4366e-03
-1.5226e-03
1.1804e-03
4.7351e-03
6.7938e-03
6.7153e-03
5.9865e-03
5.0270e-03
2.9486e-03
-9.8148e-05
-2.2018e-03
-3.1265e-03
-4.6791e-03
-7.0347e-03
-8.9939e-03
-9.3339e-03
-7.4034e-03
-4.1229e-03
-1.4903e-03
3.1208e-04
3.3604e-03
7.7718e-03
1.2249e-02
1.6313e-02
1.9636e-02
2.1491e-02
2.1582e-02
2.1350e-02
2.1830e-02
2.2519e-02
2.2386e-02
2.0683e-02
1.7496e-02
1.4478e-02
1.3850e-02
1.6115e-02
1.9757e-02
2.2345e-02
2.2573e-02
2.1957e-02
2.1891e-02
2.1678e-02
1.9991e-02
1.6763e-02
1.4003e-02
1.3551e-02
1.4289e-02
1.4611e-02
1.4489e-02
1.4326e-02
1.3897e-02
1.2656e-02
1.0651e-02
9.2268e-03
1.0165e-02
1.2860e-02
1.4729e-02
1.6048e-02
1.8469e-02
2.0516e-02
1.9164e-02
1.5468e-02
1.3184e-02
1.3397e-02
1.4247e-02
1.4425e-02
1.4250e-02
1.4203e-02
1.4086e-02
1.3245e-02
1.1185e-02
8.2869e-03
5.7392e-03
3.6837e-03
1.1847e-03
-1.2582e-03
-2.4124e-03
-2.5321e-03
-1.9544e-03
4.7668e-04
5.8787e-03
1.3090e-02
1.9473e-02
2.3733e-02
2.6593e-02
2.8600e-02
2.9314e-02
2.8661e-02
2.6935e-02
2.4541e-02
2.2564e-02
2.1405e-02
1.9613e-02
1.6327e-02
1.3081e-02
1.0433e-02
7.6238e-03
6.1364e-03
7.3355e-03
9.9438e-03
1.2162e-02
1.3573e-02
1.4062e-02
1.3196e-02
1.0745e-02
6.9038e-03
2.7051e-03
-1.6672e-03
-6.5714e-03
-1.2209e-02
-1.8803e-02
-2.5217e-02
-2.9781e-02
-3.2165e-02
-3.2952e-02
-3.2914e-02
-3.2843e-02
-3.3074e-02
-3.3769e-02
-3.5345e-02
-3.7951e-02
-4.0572e-02
-4.2063e-02
-4.3247e-02
-4.5525e-02
-4.7843e-02
-4.7960e-02
-4.6009e-02
-4.3426e-02
-4.1621e-02
-4.1568e-02
-4.2246e-02
-4.2554e-02
-4.2572e-02
-4.2471e-02
-4.1782e-02
-3.9806e-02
-3.6680e-02
-3.4206e-02
-3.3765e-02
-3.3566e-02
-3.1481e-02
-2.7908e-02
-2.4398e-02
-2.1086e-02
-1.7657e-02
-1.4627e-02
-1.2137e-02
-1.0686e-02
-1.0409e-02
-1.0343e-02
-1.0022e-02
-1.0074e-02
-1.1256e-02
-1.3432e-02
-1.4981e-02
-1.3629e-02
-9.8311e-03
-6.9440e-03
-6.1809e-03
-6.5439e-03
-6.8593e-03
-6.6405e-03
-6.1262e-03
-5.7611e-03
-6.0102e-03
-7.2451e-03
-9.3378e-03
-1.0913e-02
-9.9623e-03
-6.8979e-03
-4.4123e-03
-2.5248e-03
-1.6851e-05
2.4026e-03
5.1136e-03
9.2628e-03
1.3616e-02
1.6620e-02
1.7522e-02
1.7232e-02
1.7360e-02
1.8008e-02
1.7950e-02
1.5909e-02
1.1578e-02
6.1909e-03
1.5917e-03
-1.0323e-03
-1.9683e-03
-1.8514e-03
-1.9619e-03
-1.6137e-03
1.7235e-04
2.3924e-03
5.5122e-03
1.0736e-02
1.6211e-02
1.9399e-02
2.1498e-02
2.4634e-02
2.8597e-02
3.2091e-02
3.3219e-02
3.1281e-02
2.7995e-02
2.5711e-02
2.5463e-02
2.6127e-02
2.6070e-02
2.4847e-02
2.2990e-02
2.1272e-02
1.9440e-02
1.5994e-02
9.6498e-03
1.1130e-03
-6.8013e-03
-1.1787e-02
-1.3336e-02
-1.3048e-02
-1.3064e-02
-1.3487e-02
-1.2937e-02
-1.0609e-02
-7.2533e-03
-3.9636e-03
-5.9790e-04
2.6935e-03
5.4017e-03
7.7095e-03
9.0851e-03
9.1706e-03
8.9747e-03
9.4487e-03
1.0579e-02
1.1660e-02
1.1543e-02
9.8132e-03
7.3079e-03
4.4156e-03
2.1404e-03
1.7658e-03
2.2476e-03
2.1301e-03
1.6382e-03
1.8686e-03
3.5853e-03
6.5522e-03
9.0566e-03
9.5867e-03
9.6380e-03
1.1510e-02
1.5233e-02
1.9096e-02
2.2254e-02
2.4670e-02
2.5605e-02
2.5523e-02
2.5316e-02
2.4370e-02
2.1538e-02
1.7193e-02
1.2896e-02
9.0232e-03
5.7471e-03
3.2468e-03
1.7118e-03
-4.7562e-05
-2.9898e-03
-5.9756e-03
-8.0249e-03
-9.8237e-03
-1.1849e-02
-1.3758e-02
-1.4779e-02
-1.4616e-02
-1.3342e-02
-1.1509e-02
-1.1495e-02
-1.3627e-02
-1.5181e-02
-1.4942e-02
-1.3617e-02
-1.1454e-02
-8.6110e-03
-6.4783e-03
-6.1487e-03
-6.7245e-03
-6.9464e-03
-6.7071e-03
-6.3978e-03
-6.1279e-03
-5.8715e-03
-5.8474e-03
-6.5611e-03
-8.4115e-03
-1.0921e-02
-1.2283e-02
-1.1271e-02
-9.3103e-03
-7.9287e-03
-7.0100e-03
-6.7005e-03
-6.9425e-03
-6.5536e-03
-4.5593e-03
-1.3931e-03
9.7641e-04
8.1531e-04
-1.2265e-03
-2.8393e-03
-3.3001e-03
-3.9579e-03
-5.0945e-03
-4.8309e-03
-2.0779e-03
1.1490e-03
2.3477e-03
1.7463e-03
1.1501e-03
1.2375e-03
1.6031e-03
1.9482e-03
2.2561e-03
2.3438e-03
1.6857e-03
-2.7282e-04
-3.3180e-03
-5.7121e-03
-6.2391e-03
-6.8191e-03
-9.4160e-03
-1.2899e-02
-1.4462e-02
-1.3049e-02
-9.9786e-03
-7.2172e-03
-6.2440e-03
-6.7468e-03
-6.9050e-03
-5.5493e-03
-3.0439e-03
-9.6205e-04
-7.5112e-04
-1.2883e-03
-2.6587e-04
1.5866e-03
2.1839e-03
1.6988e-03
1.3301e-03
1.5223e-03
2.3337e-03
3.9008e-03
5.9341e-03
7.7860e-03
9.5064e-03
1.1324e-02
1.3272e-02
1.4037e-02
1.2145e-02
9.5454e-03
8.2084e-03
6.9973e-03
5.0607e-03
3.7605e-03
3.4813e-03
2.8167e-03
1.9957e-03
1.8239e-03
1.9814e-03
2.0045e-03
1.8963e-03
1.8020e-03
1.7595e-03
1.7846e-03
1.9165e-03
2.1242e-03
2.1675e-03
1.5899e-03
-2.1606e-05
-2.4030e-03
-4.4961e-03
-5.7630e-03
-6.0958e-03
-5.8930e-03
-5.8390e-03
-6.0796e-03
-6.3622e-03
-6.4650e-03
-6.2730e-03
-5.7185e-03
-4.9487e-03
-4.5980e-03
-5.4123e-03
-6.5172e-03
-6.6673e-03
-6.1605e-03
-5.7290e-03
-5.6721e-03
-6.3134e-03
-8.1456e-03
-1.1049e-02
-1.3540e-02
-1.4229e-02
-1.3747e-02
-1.3508e-02
-1.3792e-02
-1.4085e-02
-1.4057e-02
-1.3783e-02
-1.3627e-02
-1.4217e-02
-1.6224e-02
-1.9569e-02
-2.2684e-02
-2.4908e-02
-2.7451e-02
-2.9581e-02
-2.9864e-02
-2.9361e-02
-2.9410e-02
-2.9942e-02
-3.0365e-02
-3.0242e-02
-2.9155e-02
-2.6841e-02
-2.3883e-02
-2.1306e-02
-1.8775e-02
-1.5330e-02
-1.1467e-02
-8.0936e-03
-5.0208e-03
-1.2931e-03
3.0217e-03
6.6283e-03
8.9162e-03
1.0122e-02
1.1701e-02
1.4165e-02
1.6401e-02
1.7496e-02
1.7368e-02
1.7164e-02
1.8157e-02
2.0677e-02
2.3782e-02
2.5675e-02
2.5776e-02
2.5375e-02
2.5453e-02
2.5638e-02
2.5216e-02
2.4040e-02
2.2850e-02
2.3224e-02
2.5332e-02
2.5821e-02
2.3102e-02
1.9349e-02
1.7313e-02
1.7617e-02
1.8963e-02
2.0392e-02
2.1564e-02
2.2075e-02
2.2313e-02
2.2906e-02
2.3273e-02
2.2429e-02
2.1161e-02
2.0358e-02
1.9845e-02
1.9460e-02
1.8691e-02
1.7969e-02
1.7893e-02
1.8057e-02
1.8028e-02
1.7879e-02
1.7825e-02
1.7949e-02
1.8192e-02
1.8304e-02
1.7794e-02
1.6108e-02
1.3276e-02
1.0416e-02
8.2339e-03
5.6456e-03
1.7871e-03
-2.9020e-03
-8.0640e-03
-1.3638e-02
-1.9041e-02
-2.4035e-02
-2.8807e-02
-3.2636e-02
-3.5340e-02
-3.8107e-02
-4.0721e-02
-4.1516e-02
-4.0370e-02
-3.8703e-02
-3.7589e-02
-3.6537e-02
-3.4372e-02
-3.1570e-02
-2.9436e-02
-2.7439e-02
-2.4569e-02
-2.2382e-02
-2.2318e-02
-2.2685e-02
-2.1473e-02
-1.8487e-02
-1.4921e-02
-1.1742e-02
-8.3522e-03
-4.3343e-03
-5.2870e-05
4.0629e-03
7.4341e-03
9.4002e-03
9.6957e-03
9.3419e-03
8.7340e-03
7.0653e-03
4.0191e-03
2.8210e-05
-5.0703e-03
-1.0646e-02
-1.3968e-02
-1.4082e-02
-1.2894e-02
-1.1306e-02
-8.6565e-03
-5.4632e-03
-2.8420e-03
-1.8966e-04
3.1530e-03
7.3376e-03
1.1952e-02
1.5801e-02
1.8866e-02
2.1904e-02
2.4638e-02
2.5661e-02
2.5442e-02
2.5456e-02
2.5826e-02
2.5775e-02
2.4855e-02
2.3440e-02
2.2814e-02
2.4136e-02
2.6224e-02
2.6766e-02
2.5309e-02
2.2627e-02
1.9682e-02
1.7896e-02
1.7830e-02
1.8453e-02
1.8988e-02
1.9655e-02
2.0432e-02
2.0748e-02
2.0713e-02
1.9887e-02
1.8301e-02
1.7567e-02
1.8188e-02
1.9068e-02
1.9102e-02
1.7416e-02
1.3274e-02
7.4103e-03
2.8048e-03
9.6814e-04
-5.3496e-04
-3.5111e-03
-6.4070e-03
-8.8275e-03
-1.1700e-02
-1.3793e-02
-1.4278e-02
-1.4474e-02
-1.4872e-02
-1.4505e-02
-1.3777e-02
-1.3725e-02
-1.3832e-02
-1.3116e-02
-1.1511e-02
-9.6176e-03
-7.5506e-03
-6.3220e-03
-6.5015e-03
-6.2654e-03
-3.8010e-03
6.2760e-04
4.8910e-03
7.7055e-03
9.1128e-03
9.8662e-03
1.1848e-02
1.5463e-02
1.8191e-02
1.8373e-02
1.7630e-02
1.7525e-02
1.7888e-02
1.8156e-02
1.8218e-02
1.8182e-02
1.8094e-02
1.7994e-02
1.8008e-02
1.8321e-02
1.9006e-02
1.9740e-02
1.9694e-02
1.8775e-02
1.7942e-02
1.6846e-02
1.4540e-02
1.1802e-02
1.0429e-02
1.0228e-02
8.9804e-03
5.5943e-03
1.5799e-03
-1.4118e-03
-3.9138e-03
-6.4709e-03
-9.1683e-03
-1.1836e-02
-1.3320e-02
-1.3245e-02
-1.2956e-02
-1.3727e-02
-1.5735e-02
-1.8266e-02
-2.0305e-02
-2.1462e-02
-2.1609e-02
-2.1360e-02
-2.1549e-02
-2.2307e-02
-2.3180e-02
-2.3390e-02
-2.2711e-02
-2.2170e-02
-2.1497e-02
-1.8995e-02
-1.4283e-02
-9.2499e-03
-6.2386e-03
-5.9769e-03
-6.6782e-03
-6.6912e-03
-6.2000e-03
-5.9249e-03
-6.0111e-03
-6.0744e-03
-5.5757e-03
-4.0940e-03
-1.8564e-03
1.7471e-04
1.4959e-03
2.0574e-03
2.5174e-03
3.7337e-03
5.3148e-03
6.0295e-03
6.0635e-03
6.7109e-03
8.2584e-03
9.4088e-03
8.3757e-03
5.4357e-03
2.9400e-03
2.1030e-03
1.1921e-03
-1.9159e-03
-6.8784e-03
-1.2077e-02
-1.6408e-02
-1.9085e-02
-2.0404e-02
-2.1019e-02
-2.1209e-02
-2.1353e-02
-2.1590e-02
-2.1754e-02
-2.1760e-02
-2.1712e-02
-2.1768e-02
-2.1982e-02
-2.2180e-02
-2.1890e-02
-2.0477e-02
-1.7714e-02
-1.4556e-02
-1.2169e-02
-1.0135e-02
-7.8226e-03
-5.6803e-03
-3.3785e-03
-2.9477e-04
1.9212e-03
1.9405e-03
1.6379e-03
3.0861e-03
6.2376e-03
9.2908e-03
1.0485e-02
1.0106e-02
9.6122e-03
9.5144e-03
9.5489e-03
9.8422e-03
1.1080e-02
1.3702e-02
1.6843e-02
1.8697e-02
1.8708e-02
1.7727e-02
1.5939e-02
1.3025e-02
1.0143e-02
8.6893e-03
7.8027e-03
7.0542e-03
7.5127e-03
9.0368e-03
1.0072e-02
9.8550e-03
9.7077e-03
1.1217e-02
1.4488e-02
1.7740e-02
1.8909e-02
1.8807e-02
1.9076e-02
1.9266e-02
1.8545e-02
1.8015e-02
1.8324e-02
1.8683e-02
1.8411e-02
1.7470e-02
1.6322e-02
1.6035e-02
1.7441e-02
1.9840e-02
2.2863e-02
2.5836e-02
2.6669e-02
2.4834e-02
2.1616e-02
1.8633e-02
1.7674e-02
1.8422e-02
1.9114e-02
1.9131e-02
1.8732e-02
1.7765e-02
1.5745e-02
1.2945e-02
1.0767e-02
9.7000e-03
8.1917e-03
5.3538e-03
2.8372e-03
2.2126e-03
2.6737e-03
2.8503e-03
2.5909e-03
2.3348e-03
2.2603e-03
2.2947e-03
2.3653e-03
2.4201e-03
2.3858e-03
2.2055e-03
1.9680e-03
2.0111e-03
2.8755e-03
4.9204e-03
7.5127e-03
9.0115e-03
9.4946e-03
9.7163e-03
9.3638e-03
8.5254e-03
8.1160e-03
9.0772e-03
1.0603e-02
1.0960e-02
9.8530e-03
7.6197e-03
4.6619e-03
2.3511e-03
9.8360e-04
-1.4218e-03
-5.3109e-03
-8.8433e-03
-1.0938e-02
-1.2201e-02
-1.3034e-02
-1.3204e-02
-1.3156e-02
-1.3423e-02
-1.3930e-02
-1.4216e-02
-1.3662e-02
-1.1690e-02
-8.4662e-03
-5.8133e-03
-5.4077e-03
-6.1674e-03
-6.6017e-03
-6.8102e-03
-7.2884e-03
-7.8233e-03
-8.5625e-03
-1.0204e-02
-1.2106e-02
-1.3317e-02
-1.3807e-02
-1.4559e-02
-1.5887e-02
-1.6451e-02
-1.5187e-02
-1.3479e-02
-1.3032e-02
-1.3431e-02
-1.3865e-02
-1.4571e-02
-1.5946e-02
-1.7353e-02
-1.7705e-02
-1.7309e-02
-1.7128e-02
-1.7391e-02
-1.7798e-02
-1.8012e-02
-1.7630e-02
-1.6164e-02
-1.3578e-02
-1.1006e-02
-9.7102e-03
-8.9404e-03
-7.0795e-03
-4.4989e-03
-2.8337e-03
-3.2549e-03
-5.8425e-03
-8.9105e-03
-1.0897e-02
-1.2268e-02
-1.3984e-02
-1.5830e-02
-1.7177e-02
-1.7679e-02
-1.7746e-02
-1.7535e-02
-1.6405e-02
-1.3952e-02
-1.1193e-02
-9.9378e-03
-1.0277e-02
-1.0391e-02
-8.9818e-03
-6.3923e-03
-4.3140e-03
-4.4266e-03
-5.9150e-03
-6.4713e-03
-5.9051e-03
-5.5482e-03
-6.2048e-03
-7.9134e-03
-1.0117e-02
-1.2067e-02
-1.3782e-02
-1.5507e-02
-1.7520e-02
-1.9825e-02
-2.2285e-02
-2.4265e-02
-2.4899e-02
-2.3313e-02
-1.9933e-02
-1.6122e-02
-1.1880e-02
-6.7327e-03
-2.1978e-03
1.0234e-03
4.7728e-03
9.6663e-03
1.5028e-02
1.9354e-02
2.1461e-02
2.1707e-02
2.1311e-02
2.0821e-02
1.9935e-02
1.8810e-02
1.8303e-02
1.8049e-02
1.6716e-02
1.4107e-02
1.1364e-02
9.1785e-03
8.0352e-03
7.9004e-03
7.4374e-03
6.6194e-03
6.1935e-03
5.6962e-03
4.4990e-03
3.1440e-03
3.0360e-03
4.1912e-03
5.0353e-03
5.2303e-03
4.7622e-03
3.3027e-03
1.6035e-03
-1.7636e-04
-2.6657e-03
-4.9529e-03
-5.6825e-03
-5.7485e-03
-7.1085e-03
-1.0102e-02
-1.3156e-02
-1.5037e-02
-1.6297e-02
-1.7626e-02
-1.9000e-02
-2.0301e-02
-2.0520e-02
-1.8990e-02
-1.6724e-02
-1.4804e-02
-1.3637e-02
-1.2822e-02
-1.1607e-02
-1.0446e-02
-9.8690e-03
-9.0372e-03
-7.4324e-03
-6.0758e-03
-5.7540e-03
-5.8550e-03
-6.0787e-03
-7.1594e-03
-9.6507e-03
-1.2617e-02
-1.4185e-02
-1.3934e-02
-1.3091e-02
-1.2461e-02
-1.2159e-02
-1.2651e-02
-1.3825e-02
-1.4369e-02
-1.4087e-02
-1.3771e-02
-1.3729e-02
-1.3802e-02
-1.3904e-02
-1.4100e-02
-1.4340e-02
-1.4299e-02
-1.3403e-02
-1.1222e-02
-8.2248e-03
-5.7461e-03
-4.0726e-03
-2.1641e-03
4.4351e-04
3.5313e-03
6.1970e-03
7.8915e-03
8.9622e-03
9.4621e-03
9.6874e-03
9.9637e-03
9.8273e-03
8.3706e-03
5.3521e-03
2.2721e-03
1.2647e-03
1.8982e-03
2.7860e-03
4.0118e-03
5.9447e-03
7.8912e-03
9.1986e-03
9.5455e-03
9.2603e-03
9.0967e-03
9.3960e-03
1.0206e-02
1.1514e-02
1.2884e-02
1.3534e-02
1.3949e-02
1.5313e-02
1.7346e-02
1.8350e-02
1.7654e-02
1.5700e-02
1.2873e-02
1.0014e-02
7.7759e-03
5.4993e-03
2.9253e-03
7.0787e-04
-1.3299e-03
-3.5059e-03
-5.4817e-03
-6.4703e-03
-6.2078e-03
-5.2582e-03
-4.0955e-03
-3.3556e-03
-4.1779e-03
-6.0376e-03
-6.1817e-03
-3.3840e-03
3.5025e-04
2.0207e-03
1.6127e-03
1.7660e-03
3.7056e-03
5.9716e-03
5.8397e-03
3.2158e-03
1.0512e-03
-2.1735e-06
-1.8104e-03
-4.5199e-03
-6.7244e-03
-8.7324e-03
-1.1658e-02
-1.4108e-02
-1.4511e-02
-1.3988e-02
-1.3659e-02
-1.3087e-02
-1.1791e-02
-1.0399e-02
-9.4527e-03
-8.3320e-03
-6.9181e-03
-5.6499e-03
-4.0417e-03
-1.9165e-03
1.4557e-04
2.0698e-03
4.0377e-03
6.1092e-03
7.9214e-03
9.0559e-03
9.2595e-03
9.0753e-03
9.0879e-03
9.2623e-03
9.3876e-03
9.4270e-03
9.4491e-03
9.4648e-03
9.4223e-03
9.2710e-03
9.0718e-03
9.0899e-03
9.7873e-03
1.1509e-02
1.3863e-02
1.5867e-02
1.7045e-02
1.7235e-02
1.7025e-02
1.7158e-02
1.7592e-02
1.7732e-02
1.6903e-02
1.4705e-02
1.1619e-02
8.9234e-03
6.7951e-03
4.3611e-03
2.2472e-03
1.6791e-03
2.0220e-03
1.9126e-03
1.0373e-03
-4.6435e-05
-4.1802e-04
5.8845e-04
2.0618e-03
3.3133e-03
4.6337e-03
5.8439e-03
7.0602e-03
8.4503e-03
9.1894e-03
9.0840e-03
8.8975e-03
8.9846e-03
9.1463e-03
9.2131e-03
9.2080e-03
9.1869e-03
9.1625e-03
9.1353e-03
9.1195e-03
9.1360e-03
9.1906e-03
9.2511e-03
9.2379e-03
9.0662e-03
8.7615e-03
8.6095e-03
9.1912e-03
1.1093e-02
1.4124e-02
1.6669e-02
1.7212e-02
1.6499e-02
1.6413e-02
1.7846e-02
2.0454e-02
2.2982e-02
2.4200e-02
2.3383e-02
2.0653e-02
1.7958e-02
1.7093e-02
1.7093e-02
1.5591e-02
1.2094e-02
8.6362e-03
6.2327e-03
3.6590e-03
1.5520e-03
1.3039e-03
1.8306e-03
1.7657e-03
1.1707e-03
6.7598e-04
8.0321e-04
2.0445e-03
4.6153e-03
7.5909e-03
9.2600e-03
9.2513e-03
8.5940e-03
7.5621e-03
5.5572e-03
2.8159e-03
3.9037e-04
-1.9113e-03
-5.0241e-03
-8.5912e-03
-1.1905e-02
-1.4256e-02
-1.4879e-02
-1.4664e-02
-1.4534e-02
-1.3943e-02
-1.2074e-02
-9.3993e-03
-7.4481e-03
-6.3991e-03
-4.6181e-03
-1.6502e-03
8.0528e-04
1.9369e-03
2.8382e-03
3.6605e-03
3.1244e-03
1.4652e-03
-1.3033e-04
-2.1432e-03
-4.9580e-03
-6.9375e-03
-6.9240e-03
-6.1485e-03
-6.2762e-03
-7.9386e-03
-1.0998e-02
-1.4216e-02
-1.5455e-02
-1.4851e-02
-1.4318e-02
-1.4541e-02
-1.4988e-02
-1.5206e-02
-1.5138e-02
-1.4848e-02
-1.4531e-02
-1.4679e-02
-1.6018e-02
-1.8900e-02
-2.2221e-02
-2.3714e-02
-2.3400e-02
-2.2953e-02
-2.2512e-02
-2.1007e-02
-1.8287e-02
-1.5964e-02
-1.5338e-02
-1.5275e-02
-1.3847e-02
-1.0925e-02
-8.2596e-03
-6.9932e-03
-5.8488e-03
-3.2777e-03
-4.2758e-06
2.7019e-03
5.1911e-03
7.5372e-03
8.7306e-03
8.7440e-03
8.2221e-03
6.8976e-03
4.3287e-03
1.5911e-03
4.7274e-04
9.5767e-04
1.6130e-03
1.6683e-03
9.9995e-04
-7.2305e-04
-3.6296e-03
-6.5148e-03
-7.6523e-03
-7.1922e-03
-6.6986e-03
-6.8522e-03
-7.3252e-03
-7.7727e-03
-7.9784e-03
-7.4974e-03
-5.6954e-03
-2.5028e-03
6.8838e-04
2.7525e-03
4.9053e-03
7.4628e-03
9.4356e-03
1.1652e-02
1.4550e-02
1.6461e-02
1.6567e-02
1.6115e-02
1.6088e-02
1.6308e-02
1.6438e-02
1.6541e-02
1.6797e-02
1.7109e-02
1.6948e-02
1.5454e-02
1.2064e-02
7.6644e-03
4.0448e-03
1.4593e-03
-6.2165e-04
-3.3065e-03
-6.2968e-03
-7.5783e-03
-7.4189e-03
-7.4193e-03
-7.6222e-03
-6.8740e-03
-4.4998e-03
-1.3450e-03
6.0638e-04
6.1924e-04
-4.3297e-05
-2.6817e-04
1.0763e-05
7.7601e-04
2.3199e-03
4.5148e-03
6.4676e-03
7.7176e-03
8.1732e-03
8.2295e-03
8.3921e-03
8.3389e-03
7.2085e-03
4.6286e-03
1.7160e-03
4.6815e-04
2.7437e-04
-1.2515e-03
-4.4276e-03
-7.1871e-03
-8.2757e-03
-8.9384e-03
-1.0322e-02
-1.1819e-02
-1.3221e-02
-1.4804e-02
-1.5624e-02
-1.4934e-02
-1.3437e-02
-1.2398e-02
-1.3009e-02
-1.4893e-02
-1.5983e-02
-1.5597e-02
-1.5064e-02
-1.5489e-02
-1.6958e-02
-1.8827e-02
-1.9897e-02
-1.9753e-02
-1.8965e-02
-1.7776e-02
-1.6293e-02
-1.5366e-02
-1.5452e-02
-1.5869e-02
-1.6085e-02
-1.6105e-02
-1.5758e-02
-1.4521e-02
-1.2213e-02
-9.8043e-03
-8.6048e-03
-9.4660e-03
-1.2285e-02
-1.5023e-02
-1.5675e-02
-1.4974e-02
-1.5278e-02
-1.7758e-02
-2.1508e-02
-2.3980e-02
-2.3999e-02
-2.3340e-02
-2.3366e-02
-2.3564e-02
-2.2965e-02
-2.1278e-02
-1.9123e-02
-1.7070e-02
-1.4813e-02
-1.2143e-02
-9.5603e-03
-8.3331e-03
-8.5638e-03
-8.4975e-03
-6.5840e-03
-2.8277e-03
1.0958e-03
3.7853e-03
5.9445e-03
8.1866e-03
1.0698e-02
1.3581e-02
1.5672e-02
1.6113e-02
1.5912e-02
1.6080e-02
1.6244e-02
1.5450e-02
1.3253e-02
1.0403e-02
8.4294e-03
7.3925e-03
5.5860e-03
2.6334e-03
4.5958e-04
1.9225e-04
6.6913e-04
7.1223e-04
3.9041e-04
1.5375e-04
1.4215e-04
2.8720e-04
4.6024e-04
4.1622e-04
-2.1328e-04
-1.6313e-03
-3.3179e-03
-4.1176e-03
-3.8682e-03
-3.1300e-03
-1.8560e-03
8.3882e-05
2.1507e-03
4.1128e-03
5.8610e-03
7.1804e-03
7.6972e-03
7.7261e-03
8.1185e-03
9.0222e-03
9.6693e-03
9.1779e-03
8.2245e-03
7.5762e-03
6.3492e-03
3.8618e-03
1.1753e-03
-6.8682e-04
-2.5644e-03
-4.9471e-03
-5.9824e-03
-4.9460e-03
-2.7444e-03
-6.1940e-04
4.6467e-04
1.6033e-03
4.4114e-03
8.2271e-03
1.1277e-02
1.3153e-02
1.4649e-02
1.5773e-02
1.5928e-02
1.5424e-02
1.4795e-02
1.4405e-02
1.4865e-02
1.5816e-02
1.6359e-02
1.7248e-02
1.9581e-02
2.2755e-02
2.5530e-02
2.8089e-02
3.0606e-02
3.1868e-02
3.1620e-02
3.1193e-02
3.1536e-02
3.2748e-02
3.4615e-02
3.6397e-02
3.7293e-02
3.7320e-02
3.6231e-02
3.4202e-02
3.2976e-02
3.2920e-02
3.3054e-02
3.3654e-02
3.4285e-02
3.2884e-02
2.8555e-02
2.3215e-02
1.8925e-02
1.6436e-02
1.4997e-02
1.2631e-02
9.3259e-03
6.5685e-03
3.8507e-03
9.6723e-04
-2.8968e-04
2.4103e-04
1.4943e-03
3.3715e-03
5.7555e-03
7.5351e-03
8.5881e-03
1.0508e-02
1.3682e-02
1.6168e-02
1.6691e-02
1.5948e-02
1.4378e-02
1.1539e-02
8.0646e-03
5.4929e-03
3.3419e-03
6.0616e-04
-2.8539e-03
-7.0567e-03
-1.1371e-02
-1.5595e-02
-1.9421e-02
-2.2307e-02
-2.3419e-02
-2.3324e-02
-2.3663e-02
-2.4762e-02
-2.5523e-02
-2.5025e-02
-2.4092e-02
-2.2982e-02
-2.0438e-02
-1.6319e-02
-1.2366e-02
-9.0899e-03
-6.1596e-03
-3.3201e-03
-9.8204e-04
-1.6241e-04
-4.8948e-04
-5.6242e-04
3.3483e-04
2.0438e-03
3.7656e-03
4.0844e-03
2.5679e-03
5.3185e-04
-3.2838e-04
1.5332e-04
8.5841e-04
1.0445e-03
4.4653e-04
-1.3009e-03
-4.2159e-03
-7.0574e-03
-8.1930e-03
-7.6050e-03
-6.4961e-03
-5.4836e-03
-4.6658e-03
-3.5438e-03
-2.3753e-03
-2.8526e-03
-4.2488e-03
-4.0014e-03
-1.4780e-03
2.1270e-03
4.7978e-03
5.8801e-03
6.7458e-03
7.3960e-03
6.7422e-03
5.2314e-03
4.2943e-03
4.0151e-03
2.7857e-03
-1.1597e-04
-3.1254e-03
-4.9239e-03
-6.9047e-03
-9.7432e-03
-1.1663e-02
-1.1714e-02
-1.0838e-02
-9.7014e-03
-8.1874e-03
-5.9653e-03
-3.6438e-03
-3.2303e-03
-4.9169e-03
-7.5399e-03
-1.0029e-02
-1.1579e-02
-1.2899e-02
-1.5505e-02
-1.8663e-02
-1.9935e-02
-1.9351e-02
-1.8304e-02
-1.6973e-02
-1.5246e-02
-1.3612e-02
-1.2086e-02
-1.0273e-02
-7.6056e-03
-4.8003e-03
-3.4233e-03
-2.3388e-03
3.6690e-04
3.5918e-03
4.7291e-03
4.1481e-03
3.7415e-03
3.9353e-03
4.2102e-03
4.3638e-03
4.5604e-03
4.8247e-03
4.8295e-03
3.9839e-03
1.8506e-03
-1.0641e-03
-3.0143e-03
-3.0322e-03
-2.5180e-03
-3.4019e-03
-6.1151e-03
-9.3024e-03
-1.0373e-02
-7.9936e-03
-4.2405e-03
-2.2775e-03
-1.5242e-03
4.6138e-04
3.4330e-03
5.8203e-03
7.7415e-03
9.7524e-03
1.1576e-02
1.2477e-02
1.2407e-02
1.2191e-02
1.2262e-02
1.2491e-02
1.2754e-02
1.3033e-02
1.3111e-02
1.2464e-02
1.0569e-02
7.6795e-03
5.3552e-03
4.7511e-03
4.6444e-03
3.0226e-03
-2.7765e-04
-3.3747e-03
-5.7164e-03
-9.0587e-03
-1.3207e-02
-1.6538e-02
-1.8627e-02
-2.0334e-02
-2.3154e-02
-2.6271e-02
-2.7052e-02
-2.4755e-02
-2.1140e-02
-1.8609e-02
-1.7425e-02
-1.5538e-02
-1.2842e-02
-1.1351e-02
-1.1461e-02
-1.1777e-02
-1.1603e-02
-1.1285e-02
-1.1165e-02
-1.1243e-02
-1.1394e-02
-1.1447e-02
-1.1136e-02
-1.0198e-02
-8.7453e-03
-7.6335e-03
-7.4564e-03
-7.2719e-03
-6.0754e-03
-4.3857e-03
-4.1148e-03
-6.5008e-03
-9.8556e-03
-1.1538e-02
-1.1253e-02
-1.0625e-02
-1.0604e-02
-1.0912e-02
-1.1125e-02
-1.1182e-02
-1.1173e-02
-1.1138e-02
-1.1087e-02
-1.1036e-02
-1.1021e-02
-1.1075e-02
-1.1201e-02
-1.1303e-02
-1.1144e-02
-1.0401e-02
-8.9718e-03
-7.4261e-03
-6.4880e-03
-5.6004e-03
-4.1352e-03
-2.5464e-03
-5.8611e-04
2.2087e-03
4.5445e-03
5.0750e-03
4.5615e-03
4.3237e-03
4.5692e-03
4.9581e-03
5.3422e-03
5.6020e-03
5.2969e-03
3.8037e-03
1.0217e-03
-1.5801e-03
-1.5283e-03
7.4461e-04
2.4818e-03
3.1227e-03
3.6201e-03
3.6785e-03
3.3196e-03
3.8641e-03
4.9792e-03
5.3669e-03
5.1797e-03
5.0739e-03
5.0754e-03
4.9368e-03
4.6949e-03
4.7831e-03
5.8488e-03
8.3067e-03
1.1436e-02
1.3267e-02
1.3819e-02
1.5411e-02
1.8581e-02
2.1112e-02
2.2178e-02
2.3598e-02
2.5972e-02
2.8226e-02
2.9322e-02
2.8719e-02
2.6558e-02
2.3371e-02
2.0512e-02
1.8458e-02
1.6102e-02
1.4216e-02
1.3920e-02
1.3580e-02
1.1405e-02
7.9329e-03
5.5797e-03
5.0576e-03
3.9279e-03
8.4148e-04
-2.1394e-03
-2.7875e-03
-2.1593e-03
-1.9512e-03
-2.1617e-03
-2.1773e-03
-1.9822e-03
-2.1721e-03
-3.4824e-03
-6.1680e-03
-9.1688e-03
-1.0664e-02
-1.0418e-02
-9.8587e-03
-9.8408e-03
-1.0160e-02
-1.0539e-02
-1.0923e-02
-1.1061e-02
-1.0243e-02
-7.6767e-03
-3.5011e-03
7.4276e-04
3.5359e-03
4.5172e-03
4.6040e-03
5.6006e-03
8.4418e-03
1.1839e-02
1.3063e-02
1.0941e-02
7.4489e-03
5.1962e-03
4.1127e-03
2.1639e-03
-8.3157e-04
-3.2934e-03
-5.7194e-03
-8.7111e-03
-1.0415e-02
-1.0357e-02
-9.9871e-03
-9.5862e-03
-8.1258e-03
-5.2263e-03
-1.8840e-03
1.3424e-03
5.0713e-03
9.0912e-03
1.2991e-02
1.6266e-02
1.8843e-02
2.0251e-02
1.9644e-02
1.7979e-02
1.7083e-02
1.6653e-02
1.5197e-02
1.2519e-02
8.8867e-03
4.7281e-03
1.1256e-03
-9.6045e-04
-1.4256e-03
-1.3171e-03
-1.7935e-03
-2.8755e-03
-3.6125e-03
-3.1157e-03
-2.2613e-03
-1.9851e-03
-1.2518e-03
1.1152e-03
4.3603e-03
6.0642e-03
5.7979e-03
5.6753e-03
6.8742e-03
8.5193e-03
8.8577e-03
7.4789e-03
6.1073e-03
5.4889e-03
4.0674e-03
9.7988e-04
-2.1793e-03
-4.4564e-03
-6.9930e-03
-9.2320e-03
-1.0082e-02
-1.0836e-02
-1.2298e-02
-1.2818e-02
-1.1066e-02
-8.2646e-03
-5.7123e-03
-3.6005e-03
-2.3924e-03
-1.8337e-03
-2.9109e-04
2.8767e-03
5.7813e-03
6.6569e-03
6.8587e-03
7.9980e-03
9.3707e-03
9.9735e-03
1.0775e-02
1.2942e-02
1.5700e-02
1.7316e-02
1.6817e-02
1.4235e-02
1.1471e-02
1.0948e-02
1.2388e-02
1.2797e-02
1.0481e-02
7.0067e-03
4.1088e-03
2.7223e-03
2.8052e-03
2.9602e-03
2.0477e-03
3.6309e-04
-6.4120e-04
2.8277e-04
2.2181e-03
3.5598e-03
4.7058e-03
6.4144e-03
8.1889e-03
9.7480e-03
1.1432e-02
1.4014e-02
1.7084e-02
1.9047e-02
2.0520e-02
2.2999e-02
2.5636e-02
2.7099e-02
2.7986e-02
2.8806e-02
2.8508e-02
2.7131e-02
2.6163e-02
2.5370e-02
2.3260e-02
2.0126e-02
1.7916e-02
1.6319e-02
1.3827e-02
1.1354e-02
1.0431e-02
1.0339e-02
9.7875e-03
9.1758e-03
9.6835e-03
1.0656e-02
1.0830e-02
1.0510e-02
1.0385e-02
1.0489e-02
1.0581e-02
1.0590e-02
1.0570e-02
1.0580e-02
1.0645e-02
1.0757e-02
1.0821e-02
1.0654e-02
1.0093e-02
9.2408e-03
8.7837e-03
9.6133e-03
1.0982e-02
1.1451e-02
1.0900e-02
9.4467e-03
6.8008e-03
3.4403e-03
3.7564e-04
-2.3319e-03
-4.5414e-03
-6.4601e-03
-9.7164e-03
-1.4086e-02
-1.7009e-02
-1.8076e-02
-1.9460e-02
-2.1441e-02
-2.2438e-02
-2.1739e-02
-2.0515e-02
-2.0309e-02
-2.0778e-02
-2.1003e-02
-2.0875e-02
-2.0692e-02
-2.0620e-02
-2.0692e-02
-2.0904e-02
-2.1108e-02
-2.0894e-02
-1.9690e-02
-1.7271e-02
-1.4518e-02
-1.2867e-02
-1.2126e-02
-1.0726e-02
-8.4896e-03
-6.5821e-03
-5.5532e-03
-5.1215e-03
-4.2872e-03
-2.6748e-03
-1.6002e-03
-2.7172e-03
-5.3538e-03
-7.6763e-03
-9.4080e-03
-1.0871e-02
-1.2036e-02
-1.2522e-02
-1.2659e-02
-1.2935e-02
-1.2949e-02
-1.1828e-02
-9.2883e-03
-6.6071e-03
-6.2728e-03
-9.1478e-03
-1.2685e-02
-1.4095e-02
-1.4392e-02
-1.5663e-02
-1.7923e-02
-1.9884e-02
-2.0512e-02
-2.0255e-02
-2.0102e-02
-2.0252e-02
-2.0398e-02
-2.0404e-02
-2.0367e-02
-2.0416e-02
-2.0600e-02
-2.0810e-02
-2.0705e-02
-1.9790e-02
-1.7823e-02
-1.5553e-02
-1.4756e-02
-1.5895e-02
-1.6701e-02
-1.5443e-02
-1.3239e-02
-1.2130e-02
-1.2382e-02
-1.2804e-02
-1.2800e-02
-1.2614e-02
-1.2504e-02
-1.2483e-02
-1.2491e-02
-1.2502e-02
-1.2495e-02
-1.2454e-02
-1.2395e-02
-1.2384e-02
-1.2500e-02
-1.2741e-02
-1.2892e-02
-1.2477e-02
-1.0953e-02
-8.3200e-03
-5.8387e-03
-4.9046e-03
-4.7705e-03
-3.4056e-03
-4.2043e-04
2.1322e-03
2.1617e-03
5.8092e-04
4.2046e-04
2.4895e-03
4.0393e-03
2.8072e-03
-5.3286e-04
-3.9535e-03
-6.0595e-03
-7.1816e-03
-7.9084e-03
-8.0389e-03
-7.8198e-03
-7.8345e-03
-8.3974e-03
-9.6306e-03
-1.1286e-02
-1.2246e-02
-1.1455e-02
-9.6038e-03
-8.3339e-03
-8.2163e-03
-7.9452e-03
-6.3472e-03
-3.8892e-03
-1.5182e-03
5.6019e-04
2.2185e-03
3.2054e-03
3.3237e-03
3.1965e-03
3.5479e-03
4.3904e-03
5.2127e-03
5.1737e-03
4.0989e-03
3.4035e-03
3.6456e-03
3.9632e-03
3.7425e-03
3.0289e-03
2.2425e-03
2.1466e-03
3.0450e-03
3.8329e-03
4.3823e-03
5.7423e-03
7.9395e-03
9.8774e-03
1.1043e-02
1.1333e-02
1.1197e-02
1.1331e-02
1.1783e-02
1.2011e-02
1.1311e-02
9.2231e-03
6.2112e-03
3.9829e-03
3.6351e-03
4.1958e-03
4.3798e-03
4.1008e-03
3.8045e-03
3.6741e-03
3.6754e-03
3.7925e-03
4.0061e-03
4.1399e-03
3.7942e-03
2.5084e-03
2.9263e-04
-1.9933e-03
-3.6385e-03
-4.2368e-03
-3.8175e-03
-2.9640e-03
-2.0787e-03
-1.1839e-03
5.6629e-04
2.7904e-03
3.6862e-03
3.4409e-03
3.8509e-03
5.5714e-03
7.4324e-03
7.3935e-03
4.8231e-03
1.5171e-03
2.9568e-04
1.5978e-03
2.9591e-03
3.4444e-03
3.7473e-03
3.7560e-03
3.6736e-03
4.0575e-03
4.9199e-03
5.5633e-03
5.0273e-03
3.8239e-03
3.4287e-03
3.8185e-03
4.2322e-03
4.3979e-03
4.1685e-03
3.1068e-03
9.5111e-04
-1.5563e-03
-3.1865e-03
-2.9585e-03
-4.2663e-04
2.8841e-03
4.7063e-03
4.9034e-03
4.8157e-03
4.5680e-03
3.9600e-03
3.9403e-03
4.4107e-03
4.0793e-03
2.0643e-03
-1.2697e-03
-3.9636e-03
-4.5511e-03
-4.5841e-03
-5.8022e-03
-7.6063e-03
-8.9349e-03
-1.0243e-02
-1.1682e-02
-1.2213e-02
-1.1725e-02
-1.0931e-02
-1.0298e-02
-1.0361e-02
-1.1357e-02
-1.2254e-02
-1.2894e-02
-1.4116e-02
-1.5625e-02
-1.6183e-02
-1.5755e-02
-1.4987e-02
-1.3940e-02
-1.2657e-02
-1.1242e-02
-8.7568e-03
-4.8927e-03
-1.3143e-03
1.2228e-03
2.7401e-03
3.1867e-03
3.7353e-03
5.8283e-03
9.1530e-03
1.1632e-02
1.1945e-02
1.1020e-02
1.0166e-02
9.7109e-03
9.3088e-03
7.8844e-03
5.7857e-03
4.6301e-03
5.5793e-03
7.9777e-03
1.0033e-02
1.1205e-02
1.1598e-02
1.1445e-02
1.1376e-02
1.1657e-02
1.1988e-02
1.1946e-02
1.1251e-02
9.9631e-03
8.8532e-03
9.2831e-03
1.1122e-02
1.2304e-02
1.1987e-02
1.1295e-02
1.1180e-02
1.1830e-02
1.3264e-02
1.5154e-02
1.6377e-02
1.6319e-02
1.5515e-02
1.4287e-02
1.2704e-02
1.1645e-02
1.1709e-02
1.2092e-02
1.2080e-02
1.1819e-02
1.1655e-02
1.1698e-02
1.1890e-02
1.2054e-02
1.1829e-02
1.0747e-02
8.6973e-03
6.4609e-03
4.8415e-03
4.0951e-03
4.1148e-03
4.2328e-03
4.0984e-03
3.9676e-03
4.0913e-03
4.3306e-03
4.1646e-03
2.9224e-03
3.3742e-04
-2.6000e-03
-4.1133e-03
-3.8944e-03
-3.2937e-03
-3.1835e-03
-3.4859e-03
-4.1371e-03
-5.3166e-03
-6.7692e-03
-7.2689e-03
-6.0076e-03
-4.5314e-03
-4.6946e-03
-5.5945e-03
-5.8735e-03
-6.4253e-03
-7.0065e-03
-5.8487e-03
-3.7740e-03
-3.3854e-03
-5.1958e-03
-7.9575e-03
-1.0142e-02
-1.1040e-02
-1.2141e-02
-1.3943e-02
-1.5396e-02
-1.5721e-02
-1.5660e-02
-1.6345e-02
-1.7836e-02
-1.9080e-02
-1.8802e-02
-1.7564e-02
-1.6984e-02
-1.7087e-02
-1.7844e-02
-1.8978e-02
-1.9137e-02
-1.8506e-02
-1.8403e-02
-1.8169e-02
-1.7309e-02
-1.7129e-02
-1.7493e-02
-1.6927e-02
-1.6076e-02
-1.6048e-02
-1.6299e-02
-1.5938e-02
-1.4728e-02
-1.3096e-02
-1.1851e-02
-1.0832e-02
-9.1401e-03
-6.9684e-03
-4.8121e-03
-2.7825e-03
-7.3513e-04
1.2333e-03
2.7756e-03
3.4521e-03
3.3869e-03
3.4288e-03
4.0329e-03
4.9086e-03
5.3122e-03
4.5967e-03
3.7170e-03
3.7862e-03
4.1284e-03
3.5860e-03
1.8672e-03
-2.0984e-04
-6.9369e-04
1.5969e-03
4.2334e-03
4.4611e-03
3.2951e-03
2.7003e-03
3.2654e-03
5.0446e-03
7.9260e-03
1.0705e-02
1.1749e-02
1.1252e-02
1.0744e-02
1.0931e-02
1.1597e-02
1.2482e-02
1.3249e-02
1.3114e-02
1.2063e-02
1.1224e-02
1.0305e-02
8.2338e-03
5.5350e-03
3.7649e-03
2.7580e-03
8.2344e-04
-2.0962e-03
-4.3098e-03
-5.4444e-03
-6.6104e-03
-7.5660e-03
-7.2242e-03
-6.4147e-03
-7.1206e-03
-9.4392e-03
-1.1049e-02
-1.1241e-02
-1.1614e-02
-1.2221e-02
-1.2453e-02
-1.2463e-02
-1.2316e-02
-1.1640e-02
-1.0268e-02
-8.8819e-03
-8.3485e-03
-8.0405e-03
-6.8727e-03
-5.0861e-03
-3.4467e-03
-1.3676e-03
1.4116e-03
3.2644e-03
3.2241e-03
2.6340e-03
3.1265e-03
5.0992e-03
7.8611e-03
1.0022e-02
1.0553e-02
8.8115e-03
5.5624e-03
3.1806e-03
2.9640e-03
3.7946e-03
4.3064e-03
4.3109e-03
3.8400e-03
2.3897e-03
-4.3629e-04
-3.5934e-03
-4.8559e-03
-4.2783e-03
-3.7305e-03
-3.8671e-03
-4.1896e-03
-4.3911e-03
-4.5994e-03
-4.8802e-03
-4.9506e-03
-4.2285e-03
-2.2326e-03
6.2170e-04
2.4573e-03
1.7055e-03
-4.1726e-04
-1.0350e-03
6.7682e-04
2.9855e-03
3.9503e-03
3.4649e-03
2.7393e-03
2.5341e-03
3.0958e-03
4.7665e-03
7.5655e-03
1.0222e-02
1.1122e-02
1.0663e-02
1.0671e-02
1.2011e-02
1.4056e-02
1.5378e-02
1.5458e-02
1.5366e-02
1.5875e-02
1.6538e-02
1.6534e-02
1.6570e-02
1.7865e-02
1.9250e-02
1.9347e-02
1.8876e-02
1.8857e-02
1.9308e-02
1.9711e-02
1.9460e-02
1.7951e-02
1.5099e-02
1.2308e-02
1.1963e-02
1.4592e-02
1.7855e-02
1.9497e-02
2.0210e-02
2.2095e-02
2.5019e-02
2.6812e-02
2.6783e-02
2.6326e-02
2.6437e-02
2.6922e-02
2.7298e-02
2.7176e-02
2.6130e-02
2.3914e-02
2.1251e-02
1.9663e-02
1.9227e-02
1.7940e-02
1.4653e-02
1.1231e-02
1.0545e-02
1.2244e-02
1.4084e-02
1.4472e-02
1.2845e-02
1.0723e-02
1.0189e-02
1.1005e-02
1.1703e-02
1.1463e-02
9.9368e-03
7.0118e-03
3.7851e-03
2.4797e-03
3.0768e-03
3.7321e-03
3.7249e-03
3.3560e-03
2.6139e-03
1.1135e-03
-9.9305e-04
-2.8167e-03
-4.0672e-03
-5.0212e-03
-6.4404e-03
-8.7280e-03
-1.0970e-02
-1.2433e-02
-1.2922e-02
-1.2881e-02
-1.2927e-02
-1.2962e-02
-1.2461e-02
-1.1276e-02
-1.0171e-02
-1.0557e-02
-1.2350e-02
-1.3545e-02
-1.3356e-02
-1.2867e-02
-1.2800e-02
-1.2950e-02
-1.3025e-02
-1.3035e-02
-1.3109e-02
-1.3291e-02
-1.3448e-02
-1.3223e-02
-1.2132e-02
-1.0033e-02
-7.6942e-03
-5.9717e-03
-5.2396e-03
-5.4118e-03
-5.6000e-03
-5.1254e-03
-4.0493e-03
-2.9589e-03
-2.7593e-03
-3.4041e-03
-4.3176e-03
-5.1299e-03
-5.2552e-03
-4.9706e-03
-4.8627e-03
-4.9841e-03
-5.1251e-03
-5.1673e-03
-5.1023e-03
-4.9633e-03
-4.8805e-03
-5.1338e-03
-6.0561e-03
-7.6651e-03
-9.2428e-03
-1.0263e-02
-1.1463e-02
-1.3095e-02
-1.4514e-02
-1.5613e-02
-1.5872e-02
-1.4627e-02
-1.3135e-02
-1.2941e-02
-1.3476e-02
-1.3609e-02
-1.3234e-02
-1.2900e-02
-1.3224e-02
-1.4743e-02
-1.7501e-02
-2.0215e-02
-2.1389e-02
-2.2374e-02
-2.5101e-02
-2.8381e-02
-2.9595e-02
-2.9212e-02
-2.9112e-02
-2.9334e-02
-2.8662e-02
-2.6373e-02
-2.3256e-02
-2.1241e-02
-2.1124e-02
-2.1664e-02
-2.1778e-02
-2.1600e-02
-2.1493e-02
-2.1322e-02
-2.0673e-02
-1.9353e-02
-1.7900e-02
-1.7290e-02
-1.7194e-02
-1.6353e-02
-1.4498e-02
-1.2284e-02
-9.5456e-03
-6.4870e-03
-5.0788e-03
-5.5473e-03
-6.1504e-03
-6.0928e-03
-5.6407e-03
-4.9602e-03
-3.6399e-03
-2.1686e-03
-1.5458e-03
-1.7157e-03
-1.4948e-03
-2.6248e-04
1.4231e-03
2.4339e-03
2.8289e-03
3.7815e-03
5.4259e-03
6.4479e-03
6.3668e-03
6.1205e-03
6.3066e-03
6.6704e-03
6.7189e-03
6.0568e-03
4.5206e-03
2.6589e-03
1.9562e-03
2.7701e-03
2.7785e-03
1.6591e-03
2.4807e-03
5.3571e-03
7.0912e-03
6.7730e-03
6.1274e-03
6.1317e-03
6.4224e-03
6.5893e-03
6.6291e-03
6.6439e-03
6.6463e-03
6.6077e-03
6.5196e-03
6.4281e-03
6.4620e-03
6.8227e-03
7.6475e-03
8.7131e-03
9.2296e-03
9.0627e-03
9.9498e-03
1.2568e-02
1.4660e-02
1.4935e-02
1.4684e-02
1.4777e-02
1.4365e-02
1.2302e-02
8.8079e-03
6.3102e-03
7.1915e-03
1.0533e-02
1.3699e-02
1.4889e-02
1.4386e-02
1.3791e-02
1.3844e-02
1.4174e-02
1.4351e-02
1.4328e-02
1.4236e-02
1.4208e-02
1.4322e-02
1.4520e-02
1.4471e-02
1.3590e-02
1.1407e-02
8.3846e-03
5.8888e-03
4.2918e-03
2.8287e-03
2.2840e-03
4.0285e-03
5.9818e-03
5.6475e-03
3.0974e-03
-5.1364e-04
-2.2676e-03
-1.6159e-03
-8.3681e-04
-1.0346e-03
-1.6008e-03
-1.7460e-03
-1.0984e-03
3.7756e-04
2.0274e-03
2.5823e-03
1.8062e-03
5.2336e-04
-4.3147e-04
-4.8889e-04
1.8859e-04
2.0588e-03
4.7326e-03
6.1112e-03
6.4649e-03
8.0886e-03
1.1230e-02
1.3717e-02
1.5174e-02
1.7303e-02
1.9842e-02
2.1023e-02
2.0626e-02
1.9397e-02
1.7332e-02
1.4611e-02
1.2650e-02
1.1443e-02
9.2826e-03
6.1634e-03
3.3312e-03
8.6697e-04
-1.1282e-03
-1.8043e-03
-1.5144e-03
-1.6463e-03
-2.9119e-03
-4.9679e-03
-6.7610e-03
-7.6198e-03
-7.8132e-03
-8.2598e-03
-9.1640e-03
-9.5651e-03
-9.4035e-03
-9.2489e-03
-9.2555e-03
-9.3336e-03
-9.5233e-03
-9.9489e-03
-1.0497e-02
-1.0805e-02
-1.1422e-02
-1.2773e-02
-1.2812e-02
-1.0555e-02
-8.7723e-03
-9.2762e-03
-1.0544e-02
-1.0587e-02
-9.4848e-03
-8.6523e-03
-7.9471e-03
-6.3587e-03
-4.1620e-03
-2.4168e-03
-1.5740e-03
-1.6476e-03
-2.0708e-03
-2.1664e-03
-1.5040e-03
2.8411e-04
3.0646e-03
5.3664e-03
5.8293e-03
5.3929e-03
5.1252e-03
4.4950e-03
2.6539e-03
8.9685e-05
-1.4862e-03
-1.3586e-03
-6.7706e-04
-6.8556e-04
-1.7930e-03
-3.9836e-03
-6.6163e-03
-8.2830e-03
-8.4467e-03
-8.1381e-03
-8.0241e-03
-7.4862e-03
-5.7572e-03
-3.2198e-03
-1.3844e-03
-1.0935e-03
-1.5078e-03
-1.6093e-03
-1.3582e-03
-1.1150e-03
-1.0079e-03
-9.8975e-04
-1.0381e-03
-1.1566e-03
-1.2742e-03
-1.1876e-03
-6.1767e-04
5.5083e-04
1.8479e-03
2.3572e-03
2.1142e-03
1.8931e-03
1.9640e-03
2.1097e-03
2.1705e-03
2.1620e-03
2.1306e-03
2.0975e-03
2.0797e-03
2.0981e-03
2.1507e-03
2.1906e-03
2.1323e-03
1.9180e-03
1.6383e-03
1.6494e-03
2.5198e-03
4.6272e-03
7.3148e-03
8.6953e-03
8.2255e-03
7.2867e-03
6.7847e-03
6.7993e-03
7.4768e-03
8.0317e-03
7.0332e-03
4.7361e-03
2.9317e-03
2.7916e-03
3.3020e-03
3.2933e-03
2.8605e-03
2.5222e-03
2.5181e-03
2.0276e-03
1.1870e-03
1.4845e-03
3.4128e-03
6.0824e-03
7.6986e-03
7.5144e-03
6.8446e-03
6.7173e-03
6.9405e-03
7.1253e-03
7.2114e-03
7.2153e-03
6.9773e-03
6.2414e-03
4.9657e-03
3.6677e-03
2.7985e-03
2.0112e-03
1.3301e-03
1.1886e-03
1.0636e-03
9.7690e-05
-1.7054e-03
-3.1715e-03
-2.9307e-03
-1.3461e-03
-1.7441e-05
4.7170e-04
5.1643e-04
1.1074e-03
2.8952e-03
5.0772e-03
5.7530e-03
4.0753e-03
1.5123e-03
1.9074e-04
5.1229e-04
1.2009e-03
1.2030e-03
2.9690e-04
-1.4169e-03
-3.3985e-03
-4.5742e-03
-4.6078e-03
-4.3800e-03
-4.5017e-03
-4.5649e-03
-3.8181e-03
-1.9837e-03
1.4179e-04
1.0267e-03
6.0889e-04
-4.0032e-05
-5.4176e-04
-9.4278e-04
-1.0736e-03
-1.0592e-03
-5.9817e-04
3.3381e-04
8.1331e-04
6.2183e-04
3.8234e-04
3.9382e-04
4.9464e-04
5.3977e-04
5.3246e-04
5.1326e-04
4.9228e-04
4.7128e-04
4.5295e-04
4.4198e-04
4.3698e-04
4.3492e-04
4.2649e-04
4.0177e-04
3.5573e-04
3.0689e-04
2.9926e-04
3.8100e-04
5.3477e-04
6.0009e-04
2.5495e-04
-8.1196e-04
-2.4694e-03
-3.8035e-03
-3.9709e-03
-3.2838e-03
-2.7945e-03
-3.1922e-03
-3.9718e-03
-4.1918e-03
-3.9156e-03
-3.6102e-03
-3.3707e-03
-3.1568e-03
-3.0149e-03
-2.3749e-03
-7.3025e-04
6.8552e-04
7.8060e-04
2.9637e-04
6.7583e-05
1.0194e-04
3.2727e-04
1.0168e-03
2.3706e-03
3.8933e-03
4.6423e-03
4.4749e-03
4.1503e-03
4.1208e-03
4.2285e-03
4.2567e-03
4.1868e-03
4.0925e-03
4.0319e-03
4.0301e-03
4.0450e-03
3.9255e-03
3.4312e-03
2.4289e-03
1.1866e-03
1.0986e-04
-6.6052e-04
-9.6539e-04
-7.0775e-04
-1.1498e-04
-5.4672e-05
-9.9564e-04
-2.5836e-03
-3.9155e-03
-4.1369e-03
-3.6917e-03
-3.4868e-03
-3.7252e-03
-4.1594e-03
-4.5135e-03
-4.4337e-03
-3.8370e-03
-3.3946e-03
-3.4017e-03
-3.5426e-03
-3.6282e-03
-3.6663e-03
-3.5428e-03
-2.9609e-03
-1.7433e-03
-3.0648e-04
4.5128e-04
4.9704e-04
3.2971e-04
-1.4313e-06
-2.3701e-04
-1.6316e-04
-9.8897e-06
2.2533e-05
-4.8447e-05
-1.7614e-04
-3.6877e-04
-5.9250e-04
-6.7355e-04
-5.4480e-04
-7.2676e-04
-1.3664e-03
-1.7807e-03
-1.6434e-03
-1.2758e-03
-9.7764e-04
-9.4416e-04
-1.3838e-03
-1.9726e-03
-2.1753e-03
-1.9723e-03
-1.9161e-03
-2.2021e-03
-2.2342e-03
-1.8842e-03
-1.8414e-03
-2.2063e-03
-2.2033e-03
-1.6397e-03
-1.2302e-03
-1.2601e-03
-1.2732e-03
-9.2386e-04
-3.4666e-04
2.1957e-05
-5.6983e-06
-1.5027e-04
-1.7730e-04
-9.9666e-05
7.3864e-06
7.4502e-05
-2.7576e-05
-4.7556e-04
-1.2959e-03
-2.1120e-03
-2.4066e-03
-2.1373e-03
-1.6025e-03
-9.8745e-04
-5.2929e-04
-4.5191e-04
-4.5904e-04
-2.4620e-04
-6.8130e-05
-6.7077e-05
-1.0573e-04
-1.0440e-04
-9.0850e-05
-9.2610e-05
-1.0467e-04
-1.1975e-04
-1.3636e-04
-1.4986e-04
-1.4896e-04
-1.2796e-04
-1.0634e-04
-1.4365e-04
-3.2626e-04
-6.9333e-04
-1.1320e-03
-1.5084e-03
-1.8223e-03
-2.0210e-03
-2.0774e-03
-2.0965e-03
-2.2754e-03
-2.5316e-03
-2.7613e-03
-2.9256e-03
-2.9113e-03
-2.7851e-03
-2.7089e-03
-2.7147e-03
-2.7138e-03
-2.5854e-03
-2.2193e-03
-1.6159e-03
-1.0493e-03
-8.7412e-04
-9.6596e-04
-1.0151e-03
-9.6587e-04
-8.8611e-04
-7.5858e-04
-5.0891e-04
-1.5410e-04
1.6507e-04
3.6677e-04
4.0504e-04
2.9456e-04
1.0518e-04
-9.4878e-05
-2.3127e-04
-3.5162e-04
-5.0749e-04
-5.9432e-04
-5.8164e-04
-5.4621e-04
-4.8588e-04
-3.2668e-04
-6.2499e-05
1.9032e-04
3.5033e-04
4.0474e-04
4.0268e-04
4.3706e-04
5.2350e-04
5.7202e-04
4.9026e-04
3.7376e-04
3.4942e-04
3.7656e-04
3.8333e-04
3.6760e-04
3.5223e-04
3.4360e-04
3.3746e-04
3.3096e-04
3.2365e-04
3.1545e-04
3.0773e-04
3.0347e-04
3.0495e-04
3.0856e-04
3.0117e-04
2.6266e-04
1.8127e-04
8.3680e-05
4.8186e-05
8.9797e-05
1.1013e-04
1.1240e-04
1.8049e-04
2.5138e-04
2.4888e-04
2.3663e-04
2.9500e-04
4.1624e-04
5.1863e-04
5.4319e-04
4.9272e-04
4.0973e-04
3.5772e-04
3.1953e-04
2.5293e-04
1.8760e-04
1.6134e-04
1.3016e-04
4.5919e-05
-6.1884e-05
-1.3856e-04
-1.6867e-04
-1.5899e-04
-1.3981e-04
-1.3250e-04
-1.2935e-04
-1.1542e-04
-8.5248e-05
-4.8014e-05
-2.8179e-05
-3.2676e-05
-2.5260e-05
-1.7115e-05
-4.1756e-05
-6.1514e-05
-3.8581e-05
2.6188e-05
1.1908e-04
1.9875e-04
2.1536e-04
1.9239e-04
1.7946e-04
1.8377e-04
1.9043e-04
1.9305e-04
1.9324e-04
1.8918e-04
1.7408e-04
1.4224e-04
1.0019e-04
6.5560e-05
4.2066e-05
2.5652e-05
9.7013e-06
-9.0798e-07
1.6545e-05
5.7904e-05
9.3068e-05
1.1634e-04
1.3236e-04
1.2563e-04
1.0205e-04
1.0891e-04
1.5390e-04
1.9152e-04
1.9846e-04
1.9485e-04
1.9798e-04
2.0240e-04
2.0628e-04
2.0484e-04
1.9028e-04
1.7003e-04
1.5949e-04
1.6007e-04
1.6103e-04
1.5684e-04
1.4951e-04
1.4262e-04
1.4029e-04
1.4479e-04
1.4639e-04
1.3485e-04
1.1521e-04
1.0110e-04
9.9577e-05
1.0447e-04
1.0753e-04
1.0770e-04
1.0755e-04
1.0823e-04
1.0942e-04
1.1067e-04
1.1178e-04
1.1264e-04
1.1326e-04
1.1378e-04
1.1455e-04
1.1587e-04
1.1772e-04
1.1918e-04
1.1889e-04
1.1849e-04
1.2003e-04
1.2033e-04
1.1727e-04
1.1427e-04
1.1327e-04
1.1178e-04
1.0829e-04
1.0496e-04
1.0447e-04
1.0580e-04
1.0660e-04
1.0652e-04
1.0581e-04
1.0550e-04
1.0589e-04
1.0572e-04
1.0484e-04
1.0410e-04
1.0385e-04
1.0380e-04
1.0327e-04
1.0187e-04
1.0014e-04
9.8535e-05
9.7028e-05
9.5457e-05
9.3777e-05
9.2004e-05
9.0166e-05
8.8315e-05
8.6544e-05
8.4935e-05
8.3451e-05
8.1827e-05
7.9830e-05
7.7661e-05
7.5506e-05
7.3288e-05
7.1003e-05
6.8716e-05
6.6437e-05
6.4137e-05
6.1821e-05
5.9531e-05
5.7296e-05
5.5081e-05
5.2844e-05
5.0598e-05
4.8375e-05
4.6175e-05
4.3989e-05
4.1802e-05
3.9604e-05
3.7397e-05
3.5184e-05
3.2965e-05
3.0741e-05
2.8513e-05
2.6283e-05
2.4051e-05
2.1816e-05
1.9577e-05
1.7334e-05
1.5089e-05
1.2842e-05
1.0594e-05
8.3452e-06
6.0960e-06
3.8468e-06
1.5978e-06
