-1.7390e-04
-1.7568e-04
-1.7595e-04
-1.7567e-04
-1.7613e-04
-1.7784e-04
-1.8543e-04
-1.9562e-04
-2.0013e-04
-2.0048e-04
-1.8917e-04
-1.6841e-04
-1.6119e-04
-1.7716e-04
-1.9671e-04
-2.0728e-04
-2.3442e-04
-2.5556e-04
-2.5949e-04
-2.6429e-04
-2.8322e-04
-3.4197e-04
-3.8859e-04
-3.9595e-04
-3.2523e-04
-2.1943e-04
-1.9260e-04
-1.3785e-04
-8.3196e-05
-7.9280e-05
-9.2390e-05
-1.7354e-04
-2.5650e-04
-2.2222e-04
-8.3279e-05
-2.0111e-05
5.7919e-05
1.7062e-04
4.1171e-05
-2.8174e-04
-6.0842e-04
-8.3659e-04
-8.7602e-04
-6.9054e-04
-2.9727e-04
2.1427e-04
5.1952e-04
8.2316e-04
1.1119e-03
9.7444e-04
5.0096e-04
8.7398e-05
-2.4128e-04
-1.0715e-03
-2.2556e-03
-3.3876e-03
-4.1750e-03
-4.4319e-03
-4.1985e-03
-3.2693e-03
-2.2561e-03
-1.6573e-03
-1.2003e-03
-7.9085e-04
-8.7759e-05
6.7764e-04
1.7028e-03
3.2492e-03
5.1071e-03
6.2076e-03
6.2136e-03
5.4798e-03
3.9434e-03
1.1912e-03
-1.7335e-03
-3.1160e-03
-3.1619e-03
-3.0805e-03
-2.8259e-03
-2.4347e-03
-2.6432e-03
-3.7935e-03
-4.7592e-03
-5.2964e-03
-5.4182e-03
-4.8631e-03
-3.5139e-03
-1.0227e-03
1.5849e-03
3.8239e-03
6.0796e-03
7.4772e-03
8.0433e-03
8.1272e-03
6.8843e-03
3.5009e-03
-2.1082e-03
-7.5157e-03
-8.3725e-03
-5.5080e-03
-2.1385e-03
4.0476e-04
-1.2510e-04
-3.2244e-03
-6.0751e-03
-7.3921e-03
-7.0648e-03
-6.1657e-03
-4.9244e-03
-3.8497e-03
-4.0805e-03
-5.1203e-03
-5.5399e-03
-5.4269e-03
-4.7197e-03
-3.2753e-03
9.0286e-04
6.6158e-03
1.2659e-02
1.8188e-02
1.9975e-02
1.9126e-02
1.8938e-02
1.8392e-02
1.6049e-02
1.2400e-02
6.6987e-03
-2.9886e-04
-6.8291e-03
-1.1162e-02
-1.2952e-02
-1.3580e-02
-1.3680e-02
-1.4051e-02
-1.5103e-02
-1.5635e-02
-1.6720e-02
-1.7539e-02
-1.6551e-02
-1.2460e-02
-2.3942e-03
1.0527e-02
1.8225e-02
1.8206e-02
1.4466e-02
1.0349e-02
6.4791e-03
2.8571e-03
-2.2174e-03
-6.8402e-03
-9.5747e-03
-9.6458e-03
-8.3165e-03
-6.4534e-03
-3.2054e-03
-2.1372e-04
5.5106e-04
2.7170e-03
7.1973e-03
1.1038e-02
1.3396e-02
1.4024e-02
1.1228e-02
5.7111e-03
1.1307e-03
-2.9538e-03
-6.8514e-03
-9.0713e-03
-9.4890e-03
-7.4518e-03
-4.3554e-03
-5.6022e-04
3.2449e-03
5.4587e-03
6.8209e-03
6.9765e-03
4.3781e-03
4.9625e-04
-2.8646e-03
-4.9710e-03
-5.9071e-03
-6.0744e-03
-7.2502e-03
-9.7584e-03
-1.0835e-02
-1.0450e-02
-8.9888e-03
-7.5677e-03
-8.0552e-03
-8.0834e-03
-6.2121e-03
-1.5298e-03
4.8881e-03
1.1384e-02
1.5275e-02
1.6144e-02
1.4462e-02
1.1547e-02
9.4471e-03
7.8229e-03
6.0141e-03
3.8161e-03
1.3683e-04
-4.9806e-03
-8.2261e-03
-8.9198e-03
-7.2717e-03
-2.3424e-03
-8.0703e-04
-1.8510e-03
-2.0809e-03
-1.8273e-03
-1.8284e-03
-2.1753e-03
-3.1849e-03
-4.5605e-03
-6.4430e-03
-8.2469e-03
-6.2417e-03
-3.2130e-03
-5.4182e-03
-1.0005e-02
-1.4241e-02
-1.6734e-02
-1.5846e-02
-1.3147e-02
-9.7924e-03
-6.3051e-03
-3.7388e-03
-2.3288e-03
-2.0329e-03
-2.1883e-03
-2.1290e-03
-1.2280e-03
6.7605e-04
3.6855e-03
7.9445e-03
1.3811e-02
1.8977e-02
2.1594e-02
2.1950e-02
2.0037e-02
1.5053e-02
8.4206e-03
3.2796e-03
-1.5752e-03
-6.5430e-03
-9.9367e-03
-1.2288e-02
-1.4239e-02
-1.4643e-02
-1.4195e-02
-1.2783e-02
-1.2761e-02
-1.5540e-02
-1.9288e-02
-1.9402e-02
-1.5796e-02
-1.1879e-02
-5.6044e-03
-3.3741e-04
1.3969e-03
1.6368e-03
-7.5321e-04
-4.5941e-03
-9.3805e-03
-1.5117e-02
-1.8677e-02
-1.8495e-02
-1.5377e-02
-1.0860e-02
-6.7779e-03
-4.8994e-03
-7.3963e-03
-1.3080e-02
-1.9365e-02
-2.3867e-02
-2.5923e-02
-2.6340e-02
-2.4365e-02
-2.2106e-02
-2.0055e-02
-1.5873e-02
-7.3548e-03
5.5411e-03
2.0657e-02
4.0091e-02
5.6515e-02
6.1671e-02
6.3171e-02
6.5406e-02
6.7451e-02
6.9782e-02
7.2489e-02
7.5820e-02
8.0303e-02
8.3872e-02
8.6175e-02
8.7537e-02
8.6599e-02
8.4118e-02
7.2245e-02
4.0580e-02
1.4491e-02
8.7709e-03
9.5391e-03
1.2590e-02
1.9163e-02
4.5036e-02
9.6841e-02
1.3205e-01
1.3418e-01
1.3075e-01
1.2973e-01
1.2511e-01
1.0722e-01
7.3106e-02
3.6581e-02
3.3848e-03
-1.8556e-02
-2.6587e-02
-3.2147e-02
-4.1704e-02
-5.8943e-02
-8.6881e-02
-1.1515e-01
-1.2743e-01
-1.2769e-01
-1.2873e-01
-1.2991e-01
-1.2819e-01
-1.2359e-01
-1.0807e-01
-6.1303e-02
2.4409e-02
1.0939e-01
1.5202e-01
1.7779e-01
1.9564e-01
1.6633e-01
9.3062e-02
2.1312e-02
-3.8709e-02
-7.8853e-02
-9.2675e-02
-9.3431e-02
-8.7679e-02
-8.0103e-02
-7.8797e-02
-7.8017e-02
-5.6913e-02
4.3104e-03
7.1766e-02
1.1971e-01
1.3698e-01
1.2166e-01
8.0732e-02
1.3012e-02
-6.7654e-02
-1.3421e-01
-1.4473e-01
-1.2557e-01
-1.3625e-01
-1.5308e-01
-1.4704e-01
-1.3797e-01
-1.4175e-01
-1.5474e-01
-1.7035e-01
-1.8036e-01
-1.8463e-01
-1.8322e-01
-1.7862e-01
-1.6073e-01
-1.1824e-01
-7.0969e-02
-2.7635e-02
1.5783e-02
5.6386e-02
7.3317e-02
7.0731e-02
6.6287e-02
5.8166e-02
4.4364e-02
2.9830e-02
2.2149e-02
2.2115e-02
2.7235e-02
3.8385e-02
5.3619e-02
6.7946e-02
7.9442e-02
8.8498e-02
9.3273e-02
9.3968e-02
9.2536e-02
8.9599e-02
8.5584e-02
8.1525e-02
7.8163e-02
6.1353e-02
2.4985e-02
-1.6846e-02
-5.2844e-02
-5.8323e-02
-4.2893e-02
-3.6946e-02
-3.7247e-02
-2.8400e-02
-1.2995e-02
8.7186e-03
3.8545e-02
5.0527e-02
2.8160e-02
-7.4758e-03
-3.9234e-02
-6.6451e-02
-8.5171e-02
-9.3493e-02
-9.7657e-02
-1.0062e-01
-1.0196e-01
-1.0154e-01
-9.9476e-02
-9.2640e-02
-7.8736e-02
-6.6108e-02
-5.6198e-02
-4.7278e-02
-4.1116e-02
-3.8075e-02
-3.5792e-02
-3.2296e-02
-2.6669e-02
-1.7926e-02
-4.2311e-03
1.8326e-02
4.4861e-02
6.7171e-02
8.2397e-02
9.4996e-02
1.0740e-01
1.1692e-01
1.2285e-01
1.2571e-01
1.2616e-01
1.2384e-01
1.1921e-01
1.1267e-01
9.5566e-02
6.1448e-02
2.8482e-02
1.6016e-02
6.6727e-03
-1.7877e-02
-4.2062e-02
-7.5399e-02
-1.2151e-01
-1.5188e-01
-1.5522e-01
-1.5025e-01
-1.4383e-01
-1.1988e-01
-7.5377e-02
-3.1294e-02
8.1814e-03
4.6499e-02
7.3888e-02
8.8810e-02
9.8438e-02
1.0362e-01
1.1942e-01
1.5088e-01
1.6489e-01
1.5245e-01
1.2801e-01
1.0356e-01
9.2379e-02
9.6090e-02
1.0018e-01
9.5471e-02
8.8950e-02
8.5931e-02
8.2762e-02
8.0330e-02
8.0049e-02
8.0386e-02
8.1171e-02
8.2843e-02
8.4756e-02
8.6520e-02
8.7658e-02
8.7786e-02
8.5216e-02
6.4259e-02
3.2199e-02
1.9531e-02
1.8787e-02
8.2531e-03
-7.2474e-03
-1.8890e-02
-3.5371e-02
-5.3992e-02
-6.7169e-02
-7.2463e-02
-6.3586e-02
-6.3934e-02
-7.9481e-02
-9.5836e-02
-1.1433e-01
-1.3516e-01
-1.5041e-01
-1.5489e-01
-1.5375e-01
-1.5214e-01
-1.4779e-01
-1.3547e-01
-1.1389e-01
-9.6354e-02
-8.7939e-02
-8.6657e-02
-8.9986e-02
-9.3629e-02
-9.2820e-02
-8.7716e-02
-8.4699e-02
-8.2456e-02
-7.8602e-02
-7.3349e-02
-6.8234e-02
-6.3376e-02
-5.5831e-02
-4.6999e-02
-3.8838e-02
-3.0734e-02
-2.0111e-02
-2.8513e-03
1.9205e-02
3.4269e-02
3.8334e-02
3.6636e-02
3.4258e-02
3.7607e-02
4.7720e-02
5.6954e-02
6.2850e-02
6.6672e-02
7.0489e-02
7.5876e-02
8.3727e-02
9.5133e-02
1.0661e-01
1.1436e-01
1.1958e-01
1.2310e-01
1.2454e-01
1.2409e-01
1.2210e-01
1.1815e-01
1.1031e-01
8.8092e-02
5.2877e-02
1.8663e-02
-1.3148e-02
-2.7888e-02
-2.0057e-02
-1.7469e-02
-2.5113e-02
-2.7457e-02
-2.0542e-02
-1.0708e-02
6.1754e-04
1.5844e-02
2.5023e-02
2.4212e-02
1.7613e-02
4.3736e-03
-1.3118e-02
-2.4226e-02
-2.7111e-02
-3.0842e-02
-3.9739e-02
-4.8998e-02
-6.1879e-02
-7.2534e-02
-7.2928e-02
-6.4741e-02
-5.1861e-02
-3.7103e-02
-8.4058e-03
2.4588e-02
3.8833e-02
4.0882e-02
4.0386e-02
3.4080e-02
1.8094e-02
1.0683e-03
-1.9815e-02
-4.2628e-02
-5.6146e-02
-6.5779e-02
-7.8538e-02
-8.6395e-02
-8.4994e-02
-7.9343e-02
-7.9793e-02
-8.4899e-02
-8.2345e-02
-6.1296e-02
-3.8312e-02
-3.0430e-02
-2.8392e-02
-2.4721e-02
-2.3651e-02
-2.7756e-02
-3.6636e-02
-5.1099e-02
-7.8531e-02
-9.7447e-02
-1.0538e-01
-1.1299e-01
-1.1866e-01
-1.1961e-01
-1.1896e-01
-1.1652e-01
-1.0858e-01
-9.7980e-02
-8.9693e-02
-8.1710e-02
-6.3765e-02
-4.5374e-02
-3.1179e-02
-1.3946e-02
8.2955e-03
3.2295e-02
5.6926e-02
8.4836e-02
1.2196e-01
1.6317e-01
2.0185e-01
2.2229e-01
2.2569e-01
2.3368e-01
2.3732e-01
2.3714e-01
2.4121e-01
2.3296e-01
2.0835e-01
1.8448e-01
1.6758e-01
1.4226e-01
1.1168e-01
9.5564e-02
8.2752e-02
5.4202e-02
3.8542e-02
3.6084e-02
3.5653e-02
3.8987e-02
4.4921e-02
4.9667e-02
5.1279e-02
4.9517e-02
4.4000e-02
3.2487e-02
9.2594e-03
-2.0388e-02
-5.3619e-02
-8.5593e-02
-1.0404e-01
-1.2122e-01
-1.4508e-01
-1.5720e-01
-1.5421e-01
-1.4900e-01
-1.4605e-01
-1.4505e-01
-1.4505e-01
-1.4607e-01
-1.4962e-01
-1.5513e-01
-1.5995e-01
-1.6238e-01
-1.6209e-01
-1.5813e-01
-1.5285e-01
-1.4783e-01
-1.4133e-01
-1.1824e-01
-7.7705e-02
-4.9357e-02
-3.6647e-02
-2.4729e-02
-1.1283e-02
1.6116e-03
1.6877e-02
3.6544e-02
5.5175e-02
6.7351e-02
7.1649e-02
7.2121e-02
6.8436e-02
4.2821e-02
-9.4219e-07
-2.7253e-02
-2.3868e-02
-1.1647e-02
1.5747e-02
5.3643e-02
7.2013e-02
7.4724e-02
7.9891e-02
8.7548e-02
9.0112e-02
8.9225e-02
8.8483e-02
8.6527e-02
8.2413e-02
7.9972e-02
8.2831e-02
9.0178e-02
9.9371e-02
1.0903e-01
1.1455e-01
1.1522e-01
1.1099e-01
8.6526e-02
4.7823e-02
1.0597e-02
-2.4392e-02
-5.9947e-02
-8.8113e-02
-1.0270e-01
-1.1400e-01
-1.2536e-01
-1.4021e-01
-1.5502e-01
-1.6491e-01
-1.6840e-01
-1.5529e-01
-9.3736e-02
2.8313e-03
8.2865e-02
9.8230e-02
8.7983e-02
9.2092e-02
9.9381e-02
1.0246e-01
1.0525e-01
1.0796e-01
1.0704e-01
1.0397e-01
9.7249e-02
7.6428e-02
6.1881e-02
5.8235e-02
5.4727e-02
4.5956e-02
2.6290e-02
8.4512e-03
4.9208e-03
8.0410e-03
1.2899e-02
1.9568e-02
2.7056e-02
3.0309e-02
2.8966e-02
2.3953e-02
1.5237e-02
2.9942e-03
-1.1290e-02
-2.5692e-02
-3.9636e-02
-5.1757e-02
-5.9672e-02
-7.2718e-02
-8.8851e-02
-9.3123e-02
-9.1920e-02
-9.1808e-02
-9.2342e-02
-9.3748e-02
-9.5351e-02
-9.5525e-02
-9.6082e-02
-1.0016e-01
-1.0741e-01
-1.1442e-01
-1.1719e-01
-1.2005e-01
-1.2227e-01
-1.2042e-01
-1.1757e-01
-1.1222e-01
-9.7202e-02
-6.1453e-02
1.4900e-02
7.1193e-02
9.5011e-02
1.2312e-01
1.6801e-01
2.1087e-01
2.2874e-01
2.3869e-01
2.6903e-01
2.9786e-01
3.1047e-01
3.0683e-01
2.7659e-01
2.4014e-01
2.3536e-01
2.4028e-01
2.3716e-01
2.3248e-01
2.2993e-01
2.2711e-01
2.2688e-01
2.3044e-01
2.1930e-01
1.9170e-01
1.6425e-01
1.4535e-01
1.2690e-01
1.0038e-01
7.2280e-02
5.0543e-02
3.5207e-02
1.9150e-02
3.3029e-03
-9.5080e-03
-3.0398e-02
-5.4374e-02
-6.5216e-02
-6.6575e-02
-6.6007e-02
-6.2668e-02
-5.7370e-02
-5.4463e-02
-5.4057e-02
-5.4114e-02
-5.4893e-02
-5.7393e-02
-6.0943e-02
-6.4457e-02
-6.7372e-02
-7.0433e-02
-7.4683e-02
-7.9804e-02
-8.6023e-02
-9.7112e-02
-1.1821e-01
-1.4311e-01
-1.6356e-01
-1.7458e-01
-1.8019e-01
-1.8706e-01
-1.9410e-01
-1.9782e-01
-1.9864e-01
-2.0045e-01
-2.0374e-01
-2.0859e-01
-2.1506e-01
-2.2378e-01
-2.2983e-01
-2.3045e-01
-2.2928e-01
-2.2690e-01
-2.1854e-01
-2.0423e-01
-1.9002e-01
-1.7786e-01
-1.6890e-01
-1.6181e-01
-1.5402e-01
-1.4375e-01
-1.3153e-01
-1.2082e-01
-1.0952e-01
-9.8424e-02
-8.9582e-02
-8.4620e-02
-8.1754e-02
-7.5735e-02
-6.5783e-02
-5.5872e-02
-4.5131e-02
-3.3243e-02
-2.4539e-02
-1.6171e-02
-5.7141e-03
4.9670e-03
1.4278e-02
2.1411e-02
2.7208e-02
3.2285e-02
3.7191e-02
4.1047e-02
4.2974e-02
4.1561e-02
3.8237e-02
3.2847e-02
2.5578e-02
1.8709e-02
1.3945e-02
1.0564e-02
8.6586e-03
1.0213e-02
1.5457e-02
2.3166e-02
3.2769e-02
4.3228e-02
5.4696e-02
6.5657e-02
8.4987e-02
1.1783e-01
1.3492e-01
1.3884e-01
1.4285e-01
1.4686e-01
1.5850e-01
1.9657e-01
2.3143e-01
2.0422e-01
1.3154e-01
1.1690e-01
1.7571e-01
1.9262e-01
1.5603e-01
1.3524e-01
1.3245e-01
1.3216e-01
1.3348e-01
1.3639e-01
1.4198e-01
1.4930e-01
1.4052e-01
1.2520e-01
1.2005e-01
1.1850e-01
1.1625e-01
1.1407e-01
1.1107e-01
1.0522e-01
9.6990e-02
8.5635e-02
6.7985e-02
4.9752e-02
3.3330e-02
1.8816e-02
8.1028e-03
-2.7140e-03
-2.0988e-02
-4.2662e-02
-6.9000e-02
-9.3556e-02
-1.0723e-01
-1.1434e-01
-1.2067e-01
-1.2716e-01
-1.3331e-01
-1.3830e-01
-1.4019e-01
-1.4125e-01
-1.4357e-01
-1.4456e-01
-1.4425e-01
-1.4416e-01
-1.4429e-01
-1.4380e-01
-1.4187e-01
-1.3980e-01
-1.3518e-01
-1.2797e-01
-1.2081e-01
-1.1164e-01
-1.0161e-01
-9.3220e-02
-8.3822e-02
-7.5597e-02
-7.5705e-02
-8.1668e-02
-8.4224e-02
-7.8724e-02
-7.0540e-02
-6.3752e-02
-5.7134e-02
-5.0683e-02
-4.2313e-02
-3.0015e-02
-1.8535e-02
-7.8647e-03
2.8259e-03
1.3038e-02
2.2648e-02
3.2251e-02
4.4174e-02
6.0372e-02
6.9932e-02
7.2427e-02
7.4196e-02
8.7433e-02
1.2020e-01
1.2785e-01
1.2309e-01
1.3225e-01
1.3393e-01
1.2645e-01
1.2600e-01
1.3008e-01
1.2908e-01
1.2346e-01
1.1469e-01
1.0160e-01
8.4133e-02
6.9459e-02
6.0790e-02
5.5400e-02
5.1114e-02
4.6642e-02
4.0515e-02
3.0705e-02
1.5667e-02
-1.0183e-02
-3.7496e-02
-5.2250e-02
-6.4512e-02
-7.2857e-02
-7.4914e-02
-7.4233e-02
-7.3308e-02
-7.1589e-02
-6.9512e-02
-6.6365e-02
-6.3977e-02
-6.3647e-02
-6.4410e-02
-6.5476e-02
-6.7267e-02
-6.9514e-02
-7.0822e-02
-7.2536e-02
-7.3325e-02
-7.3119e-02
-7.3346e-02
-7.5738e-02
-7.7979e-02
-7.4635e-02
-6.5297e-02
-5.0427e-02
-3.9084e-02
-3.1428e-02
-1.5150e-02
3.9398e-03
1.6028e-02
2.7108e-02
4.2018e-02
5.6621e-02
7.0456e-02
8.5895e-02
1.0749e-01
1.3823e-01
1.6066e-01
1.6925e-01
1.7357e-01
1.7378e-01
1.6912e-01
1.4636e-01
1.0360e-01
7.5894e-02
4.8387e-02
1.9202e-02
9.9168e-03
1.6868e-02
2.3575e-02
1.9699e-02
6.5951e-03
-1.8809e-03
-6.2162e-03
-1.0264e-02
-1.3595e-02
-1.5168e-02
-1.7595e-02
-2.3289e-02
-3.3371e-02
-4.7913e-02
-6.3470e-02
-7.6399e-02
-8.2736e-02
-8.2713e-02
-8.0598e-02
-7.7566e-02
-7.3920e-02
-6.9884e-02
-6.5126e-02
-5.8821e-02
-5.1957e-02
-4.7602e-02
-4.6523e-02
-4.6010e-02
-4.4834e-02
-4.2208e-02
-3.7564e-02
-3.0144e-02
-2.0918e-02
-6.1350e-03
1.3894e-02
2.6417e-02
2.9489e-02
3.0989e-02
3.3168e-02
3.4616e-02
3.6881e-02
3.9328e-02
4.1109e-02
4.2725e-02
4.3469e-02
4.1831e-02
3.9704e-02
3.7888e-02
3.7422e-02
3.9105e-02
4.2898e-02
4.8914e-02
5.7176e-02
6.5910e-02
7.2627e-02
7.6996e-02
7.8999e-02
7.7360e-02
7.3758e-02
7.0477e-02
6.6549e-02
6.4231e-02
6.4473e-02
6.5949e-02
6.8416e-02
7.2018e-02
7.4278e-02
7.3311e-02
6.9040e-02
5.9411e-02
4.1120e-02
1.7800e-02
1.9756e-03
-5.7711e-03
-1.1873e-02
-1.7562e-02
-2.2487e-02
-2.8251e-02
-3.3299e-02
-3.7566e-02
-4.1345e-02
-4.3264e-02
-4.3360e-02
-4.3155e-02
-4.3302e-02
-4.4137e-02
-4.5321e-02
-4.7934e-02
-5.1625e-02
-5.4702e-02
-5.7443e-02
-6.1854e-02
-6.7759e-02
-7.3766e-02
-7.8997e-02
-8.4472e-02
-8.8995e-02
-9.0680e-02
-9.0940e-02
-9.2650e-02
-9.3691e-02
-9.3644e-02
-9.5241e-02
-9.8958e-02
-1.0279e-01
-1.0625e-01
-1.0959e-01
-1.1179e-01
-1.1170e-01
-1.0968e-01
-1.0776e-01
-1.0430e-01
-9.7903e-02
-9.1822e-02
-8.7123e-02
-8.1891e-02
-7.5965e-02
-7.0393e-02
-6.4683e-02
-5.6580e-02
-4.6452e-02
-3.5905e-02
-2.6836e-02
-1.7441e-02
-7.8491e-03
3.5233e-04
1.0125e-02
2.1161e-02
3.0933e-02
3.9388e-02
4.7094e-02
5.3649e-02
6.0192e-02
6.8978e-02
8.0553e-02
9.2354e-02
1.0184e-01
1.0757e-01
1.1022e-01
1.1162e-01
1.1152e-01
1.0939e-01
1.0681e-01
1.0451e-01
1.0193e-01
9.9906e-02
9.8426e-02
9.7542e-02
9.6228e-02
9.3220e-02
8.6649e-02
7.7198e-02
7.0435e-02
6.7840e-02
6.7463e-02
6.7505e-02
6.6066e-02
6.3280e-02
6.0152e-02
5.6614e-02
5.3458e-02
5.0863e-02
4.7576e-02
4.3653e-02
3.8740e-02
3.2675e-02
2.5804e-02
1.9382e-02
1.3815e-02
7.4830e-03
4.6025e-05
-7.3158e-03
-1.3051e-02
-1.7747e-02
-2.2728e-02
-2.6969e-02
-2.9964e-02
-3.3013e-02
-3.6421e-02
-3.8527e-02
-4.0115e-02
-4.2359e-02
-4.5237e-02
-4.8814e-02
-5.3859e-02
-5.8832e-02
-6.4204e-02
-6.9704e-02
-7.4810e-02
-7.7266e-02
-7.9039e-02
-8.1856e-02
-8.2948e-02
-8.2616e-02
-8.2305e-02
-8.0478e-02
-7.6210e-02
-6.5119e-02
-4.4836e-02
-3.3155e-02
-2.9907e-02
-2.7534e-02
-2.6031e-02
-2.4395e-02
-2.3063e-02
-2.0887e-02
-1.7203e-02
-1.2435e-02
-5.9155e-03
1.3444e-03
8.9741e-03
1.7009e-02
2.4964e-02
3.1478e-02
3.5148e-02
3.6894e-02
3.8428e-02
3.7718e-02
3.5039e-02
3.2931e-02
2.8876e-02
2.3170e-02
1.7561e-02
1.3258e-02
1.0789e-02
9.7632e-03
1.0801e-02
1.2284e-02
1.2477e-02
1.1904e-02
9.9037e-03
7.7848e-03
6.9581e-03
6.2849e-03
6.0119e-03
6.0701e-03
6.1009e-03
6.5419e-03
8.7197e-03
1.2944e-02
1.7310e-02
2.0918e-02
2.4429e-02
2.7075e-02
2.8692e-02
3.0924e-02
3.3918e-02
3.7468e-02
4.0743e-02
4.2851e-02
4.4457e-02
4.6802e-02
4.8832e-02
5.0888e-02
5.3160e-02
5.4852e-02
5.6416e-02
5.7381e-02
5.7377e-02
5.7202e-02
5.5761e-02
5.1594e-02
4.6588e-02
4.0995e-02
3.4390e-02
2.7373e-02
2.1643e-02
1.7473e-02
1.5101e-02
1.4595e-02
1.4310e-02
1.2835e-02
1.1530e-02
1.0548e-02
8.5507e-03
4.8994e-03
2.2410e-04
-3.7056e-03
-7.2361e-03
-1.0534e-02
-1.2554e-02
-1.2793e-02
-1.2450e-02
-1.1582e-02
-9.8733e-03
-8.0415e-03
-6.7117e-03
-6.4648e-03
-6.8160e-03
-8.6068e-03
-1.1441e-02
-1.4689e-02
-1.8929e-02
-2.3515e-02
-2.7619e-02
-3.2977e-02
-3.8506e-02
-4.4459e-02
-4.9652e-02
-5.4930e-02
-6.0817e-02
-6.5064e-02
-6.8252e-02
-7.0305e-02
-7.0317e-02
-6.8788e-02
-6.5317e-02
-5.9635e-02
-5.1872e-02
-4.3028e-02
-3.5403e-02
-3.0774e-02
-2.8018e-02
-2.5527e-02
-2.2875e-02
-2.0911e-02
-1.9513e-02
-1.8981e-02
-1.9052e-02
-1.8468e-02
-1.6850e-02
-1.5911e-02
-1.5761e-02
-1.4967e-02
-1.3917e-02
-1.3121e-02
-1.3056e-02
-1.2933e-02
-1.1641e-02
-1.0197e-02
-9.9892e-03
-1.0237e-02
-1.0243e-02
-1.0776e-02
-1.2738e-02
-1.4751e-02
-1.6263e-02
-1.6456e-02
-1.6243e-02
-1.5845e-02
-1.3842e-02
-1.0902e-02
-7.8293e-03
-3.5329e-03
5.5050e-05
6.5327e-04
1.0876e-05
-1.5269e-03
-4.2349e-03
-6.8146e-03
-7.6331e-03
-7.9542e-03
-8.6994e-03
-8.1267e-03
-7.2691e-03
-6.9045e-03
-5.6040e-03
-3.0886e-03
-1.2543e-03
-7.6447e-04
1.1673e-03
3.5547e-03
5.3636e-03
7.9646e-03
1.2476e-02
1.7839e-02
2.3529e-02
2.9678e-02
3.4196e-02
3.7280e-02
4.0191e-02
4.1085e-02
4.0380e-02
3.8830e-02
3.6403e-02
3.3573e-02
3.0488e-02
2.7233e-02
2.5051e-02
2.5186e-02
2.7078e-02
2.9317e-02
3.2792e-02
3.7338e-02
4.1433e-02
4.4866e-02
4.8310e-02
5.1690e-02
5.3911e-02
5.3942e-02
5.1788e-02
4.7578e-02
4.1324e-02
3.3747e-02
2.4034e-02
1.3199e-02
3.3333e-03
-6.3689e-03
-1.6938e-02
-2.6117e-02
-3.1769e-02
-3.6541e-02
-4.0655e-02
-4.3285e-02
-4.4452e-02
-4.4111e-02
-4.2578e-02
-3.9437e-02
-3.2853e-02
-2.3481e-02
-1.4670e-02
-7.9815e-03
-3.0034e-03
4.3559e-05
1.0676e-03
9.6078e-04
8.5063e-04
4.9944e-04
-9.3359e-04
-2.2747e-03
-2.3856e-03
-2.0210e-03
-1.1674e-03
-6.4683e-04
-7.8090e-04
-2.1070e-03
-4.0247e-03
-6.3971e-03
-9.6118e-03
-1.1517e-02
-1.1562e-02
-1.1253e-02
-1.0280e-02
-7.6815e-03
-4.4269e-03
1.0965e-04
5.0760e-03
9.3543e-03
1.2821e-02
1.6403e-02
1.9517e-02
2.1571e-02
2.1753e-02
1.9748e-02
1.6296e-02
1.3509e-02
1.0564e-02
7.4901e-03
5.4459e-03
3.9988e-03
3.5596e-03
4.5881e-03
6.1033e-03
9.0089e-03
1.2799e-02
1.6435e-02
1.9663e-02
2.1866e-02
2.2921e-02
2.2319e-02
2.0423e-02
1.8299e-02
1.5080e-02
1.0304e-02
6.0633e-03
1.8758e-03
-3.1872e-03
-7.3467e-03
-9.5161e-03
-1.1152e-02
-1.3695e-02
-1.7247e-02
-2.0697e-02
-2.3451e-02
-2.7697e-02
-3.3909e-02
-3.9517e-02
-4.3672e-02
-4.6906e-02
-4.8601e-02
-4.8111e-02
-4.6798e-02
-4.4562e-02
-4.0122e-02
-3.5364e-02
-3.0002e-02
-2.4385e-02
-1.9361e-02
-1.3013e-02
-8.1488e-03
-4.8405e-03
-2.7126e-03
-2.3864e-03
-2.6029e-03
-3.1836e-03
-5.2967e-03
-8.1892e-03
-9.5857e-03
-8.6489e-03
-6.2824e-03
-2.4034e-03
1.3554e-03
4.4600e-03
7.8663e-03
1.0887e-02
1.3714e-02
1.5512e-02
1.8138e-02
2.1949e-02
2.6171e-02
2.9418e-02
3.0638e-02
2.9901e-02
2.7798e-02
2.4372e-02
2.1280e-02
1.8760e-02
1.6158e-02
1.4343e-02
1.4104e-02
1.4255e-02
1.4217e-02
1.3722e-02
1.1558e-02
8.1448e-03
3.1777e-03
-2.2625e-03
-6.7906e-03
-1.1184e-02
-1.5358e-02
-1.8874e-02
-2.0874e-02
-2.0933e-02
-2.0908e-02
-2.1559e-02
-2.0737e-02
-1.9190e-02
-1.7660e-02
-1.6114e-02
-1.4868e-02
-1.3269e-02
-1.0963e-02
-7.6287e-03
-4.5079e-03
-1.1328e-03
2.1053e-03
5.1027e-03
7.5989e-03
8.6063e-03
9.3468e-03
1.1425e-02
1.5055e-02
1.8351e-02
1.9925e-02
2.1005e-02
2.1020e-02
1.9705e-02
1.9089e-02
1.7965e-02
1.6603e-02
1.5679e-02
1.4848e-02
1.3888e-02
1.3337e-02
1.2483e-02
1.0549e-02
8.5777e-03
6.9213e-03
4.7655e-03
2.4415e-03
6.0471e-04
-1.1638e-03
-3.1204e-03
-5.9724e-03
-1.0001e-02
-1.4691e-02
-2.0093e-02
-2.6069e-02
-3.0543e-02
-3.3498e-02
-3.5127e-02
-3.4267e-02
-3.1472e-02
-2.8269e-02
-2.3844e-02
-1.8549e-02
-1.2765e-02
-7.0670e-03
-2.4513e-03
1.4919e-03
4.4650e-03
8.2364e-03
1.2335e-02
1.5859e-02
1.9312e-02
2.2706e-02
2.4753e-02
2.5400e-02
2.6578e-02
2.7896e-02
2.8170e-02
2.8569e-02
2.8290e-02
2.7673e-02
2.7094e-02
2.6282e-02
2.6050e-02
2.6378e-02
2.7343e-02
2.8285e-02
2.9123e-02
2.9242e-02
2.9051e-02
2.9034e-02
2.9039e-02
2.8003e-02
2.6030e-02
2.4795e-02
2.3664e-02
2.0189e-02
1.5385e-02
1.0553e-02
5.0644e-03
-1.5903e-03
-6.5400e-03
-1.0343e-02
-1.4721e-02
-1.8022e-02
-2.0383e-02
-2.1440e-02
-2.1312e-02
-2.1104e-02
-1.9795e-02
-1.7248e-02
-1.5046e-02
-1.2519e-02
-1.0286e-02
-8.6060e-03
-7.8552e-03
-9.1731e-03
-1.2077e-02
-1.5334e-02
-1.9609e-02
-2.5104e-02
-3.0228e-02
-3.3892e-02
-3.6497e-02
-3.7091e-02
-3.6827e-02
-3.6828e-02
-3.6445e-02
-3.4240e-02
-3.1408e-02
-2.8750e-02
-2.5992e-02
-2.2373e-02
-1.9289e-02
-1.8627e-02
-1.9019e-02
-1.9060e-02
-1.8963e-02
-1.8977e-02
-1.8350e-02
-1.5971e-02
-1.2458e-02
-8.2172e-03
-4.4493e-03
-1.0360e-03
2.4829e-03
4.9719e-03
5.2660e-03
4.8017e-03
3.4726e-03
4.3301e-04
-3.3597e-03
-6.3213e-03
-7.5982e-03
-8.9637e-03
-9.5062e-03
-8.2198e-03
-5.6577e-03
-2.8991e-03
-4.2598e-04
1.3579e-03
2.7598e-03
3.2365e-03
3.0664e-03
2.3382e-03
1.4244e-03
1.2795e-03
1.1437e-03
2.1735e-04
-8.1988e-04
-1.6649e-03
-2.0910e-03
-4.1613e-03
-7.3062e-03
-8.7362e-03
-9.1715e-03
-8.4821e-03
-6.5830e-03
-3.5288e-03
9.1523e-05
2.6270e-03
3.5427e-03
4.0666e-03
4.1579e-03
4.0652e-03
4.0137e-03
4.0105e-03
4.0123e-03
4.0085e-03
3.9839e-03
3.8963e-03
3.9023e-03
5.0674e-03
6.8168e-03
7.2615e-03
8.0654e-03
9.5184e-03
1.0878e-02
1.2637e-02
1.3673e-02
1.3372e-02
1.2383e-02
1.0939e-02
8.5695e-03
5.2377e-03
2.3435e-03
2.9462e-04
-1.9495e-03
-3.3265e-03
-4.0042e-03
-3.4538e-03
-1.7871e-03
-7.3239e-04
-3.6872e-05
3.0672e-04
1.2615e-04
-1.3754e-03
-2.9604e-03
-3.0386e-03
-2.4165e-03
-5.4835e-04
3.4108e-03
8.1047e-03
1.2561e-02
1.6664e-02
1.9764e-02
2.2061e-02
2.4021e-02
2.5088e-02
2.5634e-02
2.5367e-02
2.3845e-02
2.1313e-02
1.7937e-02
1.4139e-02
9.4693e-03
4.3049e-03
2.3153e-04
-3.1105e-03
-6.7172e-03
-1.1272e-02
-1.6463e-02
-2.0664e-02
-2.3597e-02
-2.6050e-02
-2.7955e-02
-2.8813e-02
-2.8394e-02
-2.7404e-02
-2.5375e-02
-2.1325e-02
-1.6778e-02
-1.3313e-02
-9.7516e-03
-5.6209e-03
-2.5504e-03
-9.1650e-04
-7.0256e-04
-5.6756e-05
9.4415e-04
1.9052e-03
2.1827e-03
2.5949e-03
3.3831e-03
3.5280e-03
3.3872e-03
3.3420e-03
3.2862e-03
3.2519e-03
3.4082e-03
4.2947e-03
5.5772e-03
7.3155e-03
8.5644e-03
1.0751e-02
1.4391e-02
1.8096e-02
2.1848e-02
2.6159e-02
3.0083e-02
3.4198e-02
3.8504e-02
4.2113e-02
4.5517e-02
4.8520e-02
5.0463e-02
5.1824e-02
5.0901e-02
4.8017e-02
4.4029e-02
3.8136e-02
3.2250e-02
2.7798e-02
2.4320e-02
2.0805e-02
1.7217e-02
1.4151e-02
1.1548e-02
9.0100e-03
6.8725e-03
3.9995e-03
2.9233e-04
-3.3561e-03
-6.2538e-03
-8.8496e-03
-1.1472e-02
-1.3868e-02
-1.5548e-02
-1.7264e-02
-1.8448e-02
-1.9069e-02
-1.8814e-02
-1.7806e-02
-1.7401e-02
-1.7559e-02
-1.7757e-02
-1.8577e-02
-1.9574e-02
-2.1311e-02
-2.4148e-02
-2.7029e-02
-3.0358e-02
-3.3835e-02
-3.5954e-02
-3.7026e-02
-3.8128e-02
-3.6454e-02
-3.2334e-02
-2.6308e-02
-1.8413e-02
-1.1259e-02
-5.8608e-03
-2.1469e-03
-3.6306e-04
-9.8388e-05
-1.3979e-03
-3.7222e-03
-5.9552e-03
-6.5718e-03
-7.7791e-03
-8.8770e-03
-7.1923e-03
-5.4327e-03
-3.6889e-03
-1.7064e-03
4.1865e-04
3.5512e-03
6.0547e-03
7.6423e-03
8.7597e-03
1.0191e-02
1.1655e-02
1.1811e-02
1.1910e-02
1.2817e-02
1.3181e-02
1.3023e-02
1.2804e-02
1.1918e-02
1.1285e-02
1.1340e-02
1.1405e-02
1.1330e-02
1.1296e-02
1.0968e-02
9.9532e-03
9.0051e-03
8.2680e-03
7.9814e-03
6.8960e-03
5.9642e-03
7.4182e-03
8.4440e-03
8.9953e-03
1.0370e-02
1.1147e-02
1.1729e-02
1.2498e-02
1.1246e-02
9.0517e-03
7.4779e-03
6.3026e-03
4.9375e-03
3.4764e-03
1.7181e-03
3.7887e-04
-9.7243e-04
-1.5426e-03
-1.4234e-03
-1.3806e-03
-1.6913e-03
-3.3654e-03
-4.8062e-03
-5.5150e-03
-7.1790e-03
-7.9581e-03
-7.7436e-03
-7.2235e-03
-5.4938e-03
-4.4855e-03
-4.6978e-03
-4.1205e-03
-2.3996e-03
-1.5402e-03
-1.4026e-03
-2.2493e-04
1.2286e-03
2.7833e-03
4.5066e-03
6.4230e-03
7.3348e-03
8.1371e-03
9.8269e-03
1.0190e-02
9.0346e-03
8.2256e-03
7.9118e-03
7.6437e-03
8.1899e-03
8.4723e-03
8.3154e-03
7.8732e-03
6.5180e-03
4.5065e-03
2.0515e-03
3.3649e-05
-1.7928e-03
-3.0963e-03
-4.9854e-03
-7.0552e-03
-8.3062e-03
-9.8948e-03
-1.2134e-02
-1.4465e-02
-1.6239e-02
-1.8574e-02
-2.0470e-02
-2.1245e-02
-2.2441e-02
-2.3861e-02
-2.4152e-02
-2.3853e-02
-2.3207e-02
-2.3504e-02
-2.4109e-02
-2.4677e-02
-2.6179e-02
-2.7306e-02
-2.7697e-02
-2.9330e-02
-3.0454e-02
-3.0338e-02
-3.0181e-02
-3.0373e-02
-3.1482e-02
-3.3111e-02
-3.3689e-02
-3.4032e-02
-3.4853e-02
-3.5207e-02
-3.5528e-02
-3.4454e-02
-3.2968e-02
-3.1012e-02
-2.8945e-02
-2.6825e-02
-2.2678e-02
-1.7984e-02
-1.3525e-02
-9.3330e-03
-4.3478e-03
8.3131e-04
4.1510e-03
6.5970e-03
9.1461e-03
1.1352e-02
1.2918e-02
1.4379e-02
1.4657e-02
1.4441e-02
1.4427e-02
1.4432e-02
1.4341e-02
1.4309e-02
1.4326e-02
1.4328e-02
1.4288e-02
1.4200e-02
1.4170e-02
1.4403e-02
1.6017e-02
1.7371e-02
1.7919e-02
1.9583e-02
2.1566e-02
2.3236e-02
2.4351e-02
2.5840e-02
2.7694e-02
2.9845e-02
3.1918e-02
3.2348e-02
3.1991e-02
3.1899e-02
3.1971e-02
3.1994e-02
3.2453e-02
3.2651e-02
3.1987e-02
3.1549e-02
3.0456e-02
2.8931e-02
2.7546e-02
2.5741e-02
2.3858e-02
2.2176e-02
1.9719e-02
1.6420e-02
1.3683e-02
1.0652e-02
7.7242e-03
4.8470e-03
1.6318e-03
-7.2128e-04
-2.8270e-03
-6.1325e-03
-9.8057e-03
-1.2556e-02
-1.5128e-02
-1.6999e-02
-1.8215e-02
-1.9786e-02
-2.0228e-02
-2.0029e-02
-1.9739e-02
-1.8103e-02
-1.5214e-02
-1.2365e-02
-9.0431e-03
-4.9541e-03
-1.8438e-03
-2.1343e-04
8.0150e-04
4.3737e-04
-6.9395e-04
-1.8562e-03
-3.5666e-03
-5.8030e-03
-8.0386e-03
-8.5717e-03
-8.2011e-03
-7.2056e-03
-5.6623e-03
-5.0879e-03
-4.8277e-03
-4.0232e-03
-3.6408e-03
-2.9507e-03
-2.0248e-03
-7.8771e-04
4.9975e-04
1.9692e-03
4.3815e-03
6.2647e-03
7.2177e-03
9.2514e-03
1.1613e-02
1.2698e-02
1.2635e-02
1.2477e-02
1.2492e-02
1.2514e-02
1.2450e-02
1.1257e-02
9.4093e-03
9.0349e-03
9.3272e-03
9.7439e-03
1.1178e-02
1.2988e-02
1.3924e-02
1.4209e-02
1.4721e-02
1.5243e-02
1.5229e-02
1.3848e-02
1.1896e-02
9.9014e-03
7.3557e-03
4.5146e-03
1.8395e-03
-2.0923e-04
-2.0283e-03
-4.3496e-03
-5.9608e-03
-6.7432e-03
-8.1151e-03
-9.3906e-03
-1.0176e-02
-1.0746e-02
-1.0832e-02
-1.0368e-02
-9.4610e-03
-9.0426e-03
-7.6865e-03
-6.2275e-03
-6.1815e-03
-5.6033e-03
-3.7008e-03
-3.0645e-03
-3.1600e-03
-1.6240e-03
-2.5926e-04
-3.1141e-04
4.9233e-04
2.5258e-03
4.4276e-03
5.6311e-03
6.2363e-03
7.9059e-03
8.1924e-03
6.3965e-03
4.9394e-03
3.3789e-03
1.6319e-03
-7.2119e-04
-2.8835e-03
-4.0116e-03
-5.4394e-03
-7.0658e-03
-8.0927e-03
-8.4861e-03
-9.5133e-03
-1.1353e-02
-1.2523e-02
-1.3231e-02
-1.4205e-02
-1.4723e-02
-1.4684e-02
-1.5229e-02
-1.6038e-02
-1.6672e-02
-1.8481e-02
-1.9519e-02
-1.9932e-02
-2.1361e-02
-2.2433e-02
-2.2389e-02
-2.1811e-02
-1.9852e-02
-1.7029e-02
-1.4983e-02
-1.2712e-02
-1.0270e-02
-8.8399e-03
-8.6198e-03
-8.1539e-03
-7.3046e-03
-6.7590e-03
-4.8366e-03
-2.4235e-03
-1.2417e-03
-5.7818e-04
1.1652e-03
3.7796e-03
5.5735e-03
7.2161e-03
8.9699e-03
1.1351e-02
1.3536e-02
1.6261e-02
1.9464e-02
2.1637e-02
2.2659e-02
2.3434e-02
2.4180e-02
2.4260e-02
2.4101e-02
2.4057e-02
2.3449e-02
2.1797e-02
2.0031e-02
1.8871e-02
1.7091e-02
1.5186e-02
1.2031e-02
7.4761e-03
3.0209e-03
-5.3779e-04
-4.3611e-03
-8.8581e-03
-1.2594e-02
-1.4345e-02
-1.5401e-02
-1.7119e-02
-1.9023e-02
-2.0253e-02
-2.1779e-02
-2.3417e-02
-2.4710e-02
-2.5969e-02
-2.6851e-02
-2.7637e-02
-2.7823e-02
-2.7481e-02
-2.6506e-02
-2.5529e-02
-2.4112e-02
-2.2141e-02
-1.9256e-02
-1.5710e-02
-1.2584e-02
-1.0573e-02
-8.3735e-03
-5.6094e-03
-3.0359e-03
-1.9514e-03
-1.3317e-03
3.5694e-04
1.0051e-03
7.4640e-04
6.7025e-04
7.4699e-04
1.2013e-03
2.1274e-03
3.0955e-03
3.9562e-03
5.1529e-03
6.4832e-03
7.8722e-03
9.6096e-03
1.0871e-02
1.2204e-02
1.3129e-02
1.4393e-02
1.5610e-02
1.5756e-02
1.5366e-02
1.4424e-02
1.3495e-02
1.2588e-02
1.1694e-02
1.0921e-02
1.0802e-02
1.0884e-02
1.0476e-02
9.4485e-03
7.8044e-03
5.9396e-03
4.0563e-03
2.3665e-03
1.0961e-04
-2.0329e-03
-3.0988e-03
-4.0228e-03
-5.5124e-03
-6.4956e-03
-7.2781e-03
-7.6354e-03
-8.1804e-03
-8.0795e-03
-7.4824e-03
-7.4090e-03
-7.5476e-03
-7.5811e-03
-7.4080e-03
-6.5243e-03
-5.5438e-03
-4.6884e-03
-4.4420e-03
-3.8792e-03
-2.9405e-03
-1.6719e-03
-2.4672e-04
1.1018e-03
2.8603e-03
4.6931e-03
6.3722e-03
8.2297e-03
9.1266e-03
9.9503e-03
1.1648e-02
1.2137e-02
1.1853e-02
1.1453e-02
1.0470e-02
9.5350e-03
8.8330e-03
8.7165e-03
8.7350e-03
8.6796e-03
8.6379e-03
8.0616e-03
7.0549e-03
6.0417e-03
5.4551e-03
5.4879e-03
5.6014e-03
6.2251e-03
7.7933e-03
8.7353e-03
9.1592e-03
1.0836e-02
1.1778e-02
1.1472e-02
1.0546e-02
9.8371e-03
9.8384e-03
9.9467e-03
9.9512e-03
1.0572e-02
1.1414e-02
1.1506e-02
1.1360e-02
1.0892e-02
9.3850e-03
8.0501e-03
6.2666e-03
3.6316e-03
7.8589e-04
-1.9086e-03
-5.0925e-03
-7.3234e-03
-8.9380e-03
-1.0050e-02
-1.0503e-02
-1.1826e-02
-1.2514e-02
-1.1741e-02
-1.1223e-02
-1.0509e-02
-1.0025e-02
-1.0023e-02
-9.4454e-03
-8.6284e-03
-8.6152e-03
-8.8068e-03
-8.3660e-03
-7.3705e-03
-7.0000e-03
-6.3871e-03
-5.6935e-03
-5.6585e-03
-5.8017e-03
-6.3772e-03
-7.2752e-03
-7.4682e-03
-7.3261e-03
-7.2958e-03
-6.7867e-03
-5.2993e-03
-4.3137e-03
-4.3707e-03
-4.5098e-03
-4.4630e-03
-4.4597e-03
-4.5138e-03
-4.5218e-03
-4.0810e-03
-2.2275e-03
-7.5608e-04
4.7429e-04
2.1767e-03
3.2935e-03
4.0586e-03
4.4928e-03
3.9716e-03
2.9429e-03
2.0264e-03
1.3705e-03
1.0366e-03
1.0332e-04
-4.1464e-04
-2.2864e-04
6.0169e-04
1.3357e-03
1.3206e-03
1.6252e-03
3.1332e-03
4.4224e-03
5.3783e-03
6.7504e-03
7.3638e-03
7.6666e-03
8.5063e-03
8.7938e-03
8.6214e-03
8.5596e-03
8.6018e-03
8.5846e-03
8.0092e-03
7.0145e-03
5.8358e-03
4.3093e-03
3.3597e-03
2.1020e-03
8.0690e-04
-1.6741e-04
-7.4541e-04
-7.3743e-04
-6.5230e-04
-6.9368e-04
-8.2657e-04
-1.5886e-03
-2.5300e-03
-3.4726e-03
-4.3456e-03
-5.2549e-03
-5.4665e-03
-5.3329e-03
-5.3154e-03
-5.3634e-03
-4.9316e-03
-4.0241e-03
-3.7941e-03
-3.7254e-03
-2.8240e-03
-1.8604e-03
-5.1683e-04
6.9101e-04
1.7157e-03
3.0920e-03
3.9883e-03
4.8092e-03
5.7104e-03
6.4068e-03
5.5187e-03
3.7408e-03
3.1216e-03
2.3543e-03
5.3072e-04
-7.1185e-04
-1.2490e-03
-1.3032e-03
-1.2511e-03
-7.0325e-04
2.0810e-04
3.5913e-04
1.8101e-04
5.2657e-04
1.5293e-03
1.9521e-03
2.4624e-03
3.1642e-03
3.2582e-03
3.5246e-03
4.4631e-03
4.1293e-03
2.7224e-03
8.4637e-04
-8.5385e-04
-2.5921e-03
-3.8613e-03
-5.3465e-03
-6.2614e-03
-6.2079e-03
-6.0736e-03
-6.0859e-03
-5.5502e-03
-5.5038e-03
-6.1671e-03
-6.6329e-03
-7.4327e-03
-7.8263e-03
-7.8616e-03
-8.6629e-03
-9.3629e-03
-9.3369e-03
-9.2624e-03
-9.2242e-03
-8.2902e-03
-6.4469e-03
-4.5692e-03
-2.4677e-03
-3.7732e-04
8.1910e-04
2.1599e-03
2.8237e-03
2.2658e-03
1.1958e-03
2.8230e-04
-3.9736e-04
-4.8163e-04
-4.7407e-04
-9.9097e-04
-1.9573e-03
-2.1940e-03
-1.8329e-03
-9.3311e-04
-4.3258e-04
7.9346e-05
1.5829e-03
2.5923e-03
2.4894e-03
2.3146e-03
2.3670e-03
2.4006e-03
2.4882e-03
3.2365e-03
4.1552e-03
5.1138e-03
6.4834e-03
8.2750e-03
9.4918e-03
1.0595e-02
1.0651e-02
1.0986e-02
1.1981e-02
1.2801e-02
1.2803e-02
1.2669e-02
1.2680e-02
1.2164e-02
1.0515e-02
8.6651e-03
7.5248e-03
5.6930e-03
3.7587e-03
2.4231e-03
4.1066e-04
-1.2158e-03
-1.5030e-03
-1.8112e-03
-1.3825e-03
-9.4555e-04
-1.4227e-04
1.6121e-03
3.2316e-03
3.5915e-03
3.3623e-03
3.3279e-03
3.3864e-03
3.3862e-03
3.3351e-03
2.7590e-03
1.1172e-03
-6.7260e-04
-1.6037e-03
-2.4298e-03
-3.3593e-03
-4.7831e-03
-6.0210e-03
-6.8659e-03
-7.6466e-03
-8.6071e-03
-9.1046e-03
-9.0216e-03
-8.9494e-03
-9.0981e-03
-1.0140e-02
-1.1780e-02
-1.2332e-02
-1.1658e-02
-1.0642e-02
-1.0481e-02
-1.0521e-02
-9.4243e-03
-7.8444e-03
-7.4050e-03
-7.0314e-03
-5.5685e-03
-4.3885e-03
-3.6068e-03
-3.1547e-03
-3.1862e-03
-3.2933e-03
-3.2157e-03
-2.4436e-03
-1.6657e-03
-1.6465e-03
-1.3751e-03
7.8867e-05
1.9698e-03
3.6455e-03
4.3533e-03
4.4691e-03
4.8916e-03
4.9431e-03
4.7647e-03
4.0986e-03
2.5182e-03
1.5447e-03
1.3601e-03
4.9491e-04
-1.6781e-04
-5.5003e-04
7.0093e-06
1.3926e-03
1.6167e-03
1.3278e-03
1.2813e-03
1.4229e-03
2.6889e-03
4.2345e-03
4.5826e-03
5.2505e-03
6.1850e-03
7.0874e-03
7.9879e-03
9.4413e-03
1.0446e-02
1.0876e-02
1.0266e-02
9.7642e-03
9.8317e-03
9.6050e-03
8.4076e-03
6.4501e-03
5.0100e-03
4.1855e-03
2.6721e-03
8.3453e-04
5.1727e-05
-5.3737e-04
-2.3553e-03
-3.2862e-03
-4.5196e-03
-6.1294e-03
-6.6142e-03
-7.6217e-03
-9.0851e-03
-9.4129e-03
-9.2088e-03
-9.0181e-03
-8.1814e-03
-7.5973e-03
-7.1538e-03
-5.2011e-03
-3.1438e-03
-2.1011e-03
-8.9410e-04
-3.2969e-04
-1.5040e-05
1.3690e-03
2.3216e-03
1.4940e-03
6.0435e-04
2.4604e-04
-5.7435e-04
-9.7601e-04
-1.1397e-03
-2.7276e-03
-4.3088e-03
-5.1897e-03
-5.9574e-03
-6.7309e-03
-6.9789e-03
-7.6672e-03
-7.8507e-03
-6.9170e-03
-5.9207e-03
-5.1081e-03
-4.0010e-03
-2.2930e-03
-9.9951e-04
-3.1087e-04
1.0459e-03
2.6457e-03
3.4977e-03
4.7827e-03
6.3934e-03
6.6345e-03
6.8057e-03
6.8445e-03
6.4218e-03
5.4254e-03
4.5020e-03
3.6113e-03
2.0127e-03
7.2862e-04
4.0813e-05
-1.4889e-03
-2.7550e-03
-3.9817e-03
-4.5944e-03
-4.4737e-03
-4.0007e-03
-3.2272e-03
-2.4174e-03
-1.8088e-03
-1.7888e-03
-2.2062e-03
-3.0249e-03
-3.7610e-03
-4.3088e-03
-4.1547e-03
-3.3261e-03
-2.5171e-03
-1.7073e-03
-4.3282e-04
8.6898e-04
1.8625e-03
3.1066e-03
4.0877e-03
4.5795e-03
4.3902e-03
3.1352e-03
2.2143e-03
1.2143e-03
-2.0207e-04
-1.1295e-03
-1.8390e-03
-2.9219e-03
-3.3793e-03
-2.8784e-03
-2.0315e-03
-1.3207e-03
-6.1546e-04
6.8804e-04
1.6974e-03
2.2460e-03
2.7492e-03
3.2304e-03
3.1876e-03
2.9923e-03
2.6357e-03
1.9907e-03
1.6330e-03
5.6101e-04
-4.7379e-04
-7.0461e-04
-1.1373e-03
-1.4359e-03
-1.8416e-03
-2.2980e-03
-2.2954e-03
-2.1774e-03
-2.2241e-03
-2.9926e-03
-3.4570e-03
-3.0391e-03
-2.6028e-03
-2.0625e-03
-2.1292e-03
-2.3673e-03
-2.8751e-03
-3.4688e-03
-3.4189e-03
-3.2081e-03
-3.1090e-03
-2.9706e-03
-2.4462e-03
-1.6985e-03
-3.8387e-04
8.9348e-04
1.5076e-03
2.2645e-03
3.5084e-03
4.4606e-03
5.1998e-03
6.1779e-03
7.1012e-03
7.4057e-03
7.4419e-03
7.2644e-03
7.0082e-03
6.7790e-03
6.5589e-03
6.3438e-03
6.1189e-03
5.8898e-03
5.6611e-03
5.4435e-03
5.2562e-03
5.5879e-03
5.9740e-03
5.3242e-03
4.3221e-03
3.7355e-03
3.2048e-03
2.3226e-03
1.2003e-03
3.4648e-04
-3.5960e-04
-1.0785e-03
-1.7607e-03
-2.3487e-03
-2.5662e-03
-2.4884e-03
-2.4196e-03
-2.3962e-03
-2.3155e-03
-1.9909e-03
-1.4016e-03
-9.1930e-04
-6.0138e-04
-1.0778e-04
3.5801e-04
8.7508e-04
1.0725e-03
1.1320e-03
1.0097e-03
6.2524e-04
2.1659e-04
-4.6933e-04
-1.4074e-03
-2.1272e-03
-2.4487e-03
-2.9798e-03
-3.5212e-03
-3.7615e-03
-3.9183e-03
-4.0883e-03
-4.2352e-03
-4.3228e-03
-4.2453e-03
-4.0390e-03
-3.9866e-03
-3.9859e-03
-3.7952e-03
-3.7043e-03
-3.6544e-03
-3.2909e-03
-2.8671e-03
-2.4687e-03
-2.1050e-03
-1.7938e-03
-1.4263e-03
-1.0492e-03
-7.1402e-04
-4.2316e-04
-1.0444e-04
1.5961e-04
2.6987e-04
4.7091e-04
7.1766e-04
8.4492e-04
9.1169e-04
1.0613e-03
1.1687e-03
1.1596e-03
1.1745e-03
1.1789e-03
1.1726e-03
1.1690e-03
1.0984e-03
1.0248e-03
9.9529e-04
9.7159e-04
9.1815e-04
8.8138e-04
8.5166e-04
8.1300e-04
7.8903e-04
7.5517e-04
7.0926e-04
6.7026e-04
6.4544e-04
6.3603e-04
6.2737e-04
6.1842e-04
6.1925e-04
6.1925e-04
6.0858e-04
6.0461e-04
5.9350e-04
5.7261e-04
5.5189e-04
5.3314e-04
5.1406e-04
4.9511e-04
4.8062e-04
4.6802e-04
4.4948e-04
4.3402e-04
4.2108e-04
4.0266e-04
3.8241e-04
3.6175e-04
3.3836e-04
3.1552e-04
2.9427e-04
2.7214e-04
2.5029e-04
2.2934e-04
2.0902e-04
1.8921e-04
1.6964e-04
1.5069e-04
1.3297e-04
1.1533e-04
9.8528e-05
8.2602e-05
6.6459e-05
5.0710e-05
3.5764e-05
2.1116e-05
6.5397e-06
-7.7042e-06
-2.1569e-05
-3.5099e-05
-4.8305e-05
-6.1175e-05
-7.3769e-05
-8.6094e-05
-9.8116e-05
-1.0985e-04
-1.2130e-04
-1.3248e-04
-1.4339e-04
-1.5402e-04
-1.6439e-04
-1.7449e-04
-1.8433e-04
