2.8706e-02
2.9536e-02
2.5741e-02
2.2696e-02
1.6068e-02
4.7280e-03
-2.4344e-03
-5.1281e-03
3.8332e-03
2.1102e-02
4.0156e-02
5.1071e-02
4.3942e-02
1.9152e-02
-1.3798e-02
-4.1512e-02
-5.5239e-02
-5.8700e-02
-5.7213e-02
-5.1575e-02
-3.8962e-02
-2.4031e-02
-1.0338e-02
-2.2041e-03
-2.6843e-03
-1.2072e-02
-2.7569e-02
-4.3365e-02
-5.5952e-02
-5.7526e-02
-4.9571e-02
-2.7119e-02
6.9770e-03
4.2723e-02
6.7262e-02
8.3229e-02
8.2617e-02
6.3424e-02
1.9910e-02
-3.4586e-02
-6.1810e-02
-6.6886e-02
-4.5084e-02
1.2267e-02
7.8485e-02
1.1797e-01
1.3008e-01
1.1366e-01
6.9260e-02
3.7167e-03
-4.9349e-02
-7.1603e-02
-7.2180e-02
-4.6208e-02
-1.6148e-02
4.2073e-03
1.1541e-03
-1.6149e-02
-3.5499e-02
-5.6816e-02
-6.8267e-02
-6.1222e-02
-3.7705e-02
-1.2949e-02
7.5183e-03
2.6214e-02
4.6454e-02
5.8428e-02
6.4422e-02
6.2883e-02
5.3539e-02
3.2759e-02
7.6365e-03
-7.4149e-03
-1.1340e-02
-6.0689e-04
1.5872e-02
2.6443e-02
2.9283e-02
2.7122e-02
1.6244e-02
4.3267e-03
3.7059e-03
1.0828e-02
1.8585e-02
2.4261e-02
2.1489e-02
8.9009e-03
-2.3640e-03
-6.3960e-03
-1.0565e-02
-3.1022e-02
-6.5970e-02
-9.2592e-02
-1.0816e-01
-1.0006e-01
-8.2406e-02
-4.5500e-02
9.9467e-03
4.7497e-02
6.9608e-02
7.3270e-02
6.4104e-02
4.4217e-02
8.8907e-03
-2.6759e-02
-4.3482e-02
-3.4013e-02
-5.9698e-03
1.5604e-02
-2.4660e-03
-5.4267e-02
-7.9251e-02
-7.2839e-02
-4.1325e-02
-5.1724e-03
8.2015e-03
-2.9906e-04
-2.1239e-02
-3.4847e-02
-2.6438e-02
-2.8746e-03
2.3088e-02
3.8964e-02
4.5976e-02
6.0352e-02
8.0576e-02
9.0994e-02
6.2112e-02
8.9899e-03
-2.2106e-02
-2.6791e-02
-1.8806e-02
-1.0384e-02
-1.4525e-02
-2.9161e-02
-4.6150e-02
-5.0673e-02
-3.9458e-02
-1.6082e-02
1.5555e-02
3.2633e-02
2.7727e-02
8.9245e-03
-7.3714e-03
-2.3379e-03
2.2028e-02
5.3221e-02
7.7907e-02
9.0086e-02
9.0449e-02
7.5416e-02
4.6718e-02
-2.0807e-03
-4.3542e-02
-6.9203e-02
-7.8866e-02
-6.7021e-02
-5.0009e-02
-3.3178e-02
-2.5175e-02
-1.5185e-02
-5.6253e-03
-2.9425e-03
-1.7479e-02
-4.1167e-02
-5.9677e-02
-6.5348e-02
-5.8036e-02
-4.3207e-02
-2.1798e-02
-3.3671e-03
7.3569e-03
1.1956e-03
-1.0624e-02
-2.1961e-02
-2.5958e-02
-1.4642e-02
1.2860e-02
5.4897e-02
9.5195e-02
1.1788e-01
1.1828e-01
9.1290e-02
3.8448e-02
-1.5509e-02
-4.6729e-02
-5.8264e-02
-4.0034e-02
8.2418e-03
5.0178e-02
6.9229e-02
6.6051e-02
4.1105e-02
-1.0693e-02
-5.9177e-02
-9.1024e-02
-1.1034e-01
-1.1737e-01
-1.1310e-01
-9.2833e-02
-6.0577e-02
-2.5373e-02
-3.1961e-04
1.9297e-02
3.4128e-02
4.5334e-02
5.1905e-02
5.8799e-02
7.2410e-02
9.1671e-02
1.0496e-01
1.1640e-01
1.2610e-01
1.2102e-01
1.0501e-01
7.1427e-02
2.0677e-02
-3.2409e-02
-6.8399e-02
-8.5937e-02
-8.1066e-02
-6.3274e-02
-4.1177e-02
-2.0473e-02
-4.3923e-03
7.4219e-03
1.0929e-02
1.5776e-02
1.9412e-02
2.1982e-02
1.6785e-02
4.0532e-03
-1.3610e-02
-3.4994e-02
-6.5203e-02
-9.7799e-02
-1.2291e-01
-1.3670e-01
-1.3196e-01
-1.1257e-01
-8.2654e-02
-4.9037e-02
-1.5033e-02
9.7564e-03
2.4746e-02
3.3440e-02
4.3166e-02
5.9287e-02
7.6151e-02
9.4677e-02
1.0803e-01
1.1905e-01
1.2682e-01
1.2257e-01
1.0613e-01
7.8082e-02
5.0103e-02
1.4096e-02
-2.8955e-02
-5.9627e-02
-7.5879e-02
-7.8110e-02
-7.0913e-02
-7.4403e-02
-8.6987e-02
-9.8445e-02
-1.0184e-01
-8.5708e-02
-5.0655e-02
-2.6978e-03
3.6295e-02
5.6710e-02
5.1756e-02
2.6350e-02
1.7965e-04
-1.8100e-02
-2.3451e-02
-2.2167e-02
-1.7109e-02
-3.4951e-03
1.5881e-02
3.3533e-02
3.6142e-02
2.5374e-02
1.4593e-02
9.6613e-03
1.8357e-02
3.9678e-02
7.8986e-02
1.2468e-01
1.4950e-01
1.5322e-01
1.4379e-01
1.2926e-01
1.0593e-01
6.4943e-02
1.0881e-02
-4.1690e-02
-7.5952e-02
-9.3210e-02
-9.8794e-02
-9.9553e-02
-9.6466e-02
-8.9768e-02
-8.2819e-02
-7.0389e-02
-6.3309e-02
-7.1206e-02
-8.6984e-02
-9.4409e-02
-8.5111e-02
-6.2985e-02
-3.0907e-02
1.1675e-03
2.6708e-02
4.4621e-02
5.3073e-02
4.9199e-02
3.3881e-02
1.0672e-02
-1.8299e-02
-3.6173e-02
-2.5223e-02
1.7176e-03
2.5074e-02
3.8875e-02
4.3922e-02
5.0439e-02
5.5733e-02
5.1667e-02
4.2379e-02
3.5285e-02
3.8069e-02
4.5609e-02
5.5023e-02
5.9486e-02
4.8883e-02
3.3786e-02
1.5290e-02
-1.3163e-03
-1.3966e-02
-2.0775e-02
-2.4800e-02
-2.7910e-02
-2.5403e-02
-1.5367e-02
-2.9123e-03
3.8918e-04
-4.7480e-03
-2.0159e-02
-3.6237e-02
-5.1509e-02
-7.0109e-02
-8.5650e-02
-9.3744e-02
-8.5355e-02
-5.8648e-02
-6.1342e-03
3.6377e-02
4.7893e-02
2.3802e-02
-2.3013e-02
-5.5160e-02
-6.8320e-02
-5.4125e-02
-2.6692e-02
5.3331e-04
1.7816e-02
3.7430e-02
6.9236e-02
9.9821e-02
1.0787e-01
8.3723e-02
2.4017e-02
-3.1782e-02
-5.7986e-02
-6.6247e-02
-5.7253e-02
-3.8516e-02
-1.8162e-02
5.0738e-03
4.0275e-02
7.0188e-02
9.2987e-02
9.8562e-02
7.8594e-02
2.1401e-02
-4.2872e-02
-7.6178e-02
-8.4792e-02
-7.0667e-02
-4.9795e-02
-2.4003e-02
-7.0587e-05
1.5253e-02
2.0182e-02
2.2867e-02
2.4993e-02
2.6527e-02
2.6675e-02
3.1584e-02
4.7522e-02
6.6919e-02
8.0482e-02
7.6742e-02
5.5235e-02
2.0891e-02
-1.5902e-02
-5.6544e-02
-1.0825e-01
-1.5148e-01
-1.7711e-01
-1.8507e-01
-1.7660e-01
-1.5659e-01
-1.2890e-01
-9.6790e-02
-5.6234e-02
-1.2758e-02
4.3500e-02
8.8779e-02
1.1386e-01
1.1746e-01
9.9944e-02
8.1160e-02
7.0472e-02
7.1691e-02
8.3549e-02
9.5932e-02
1.0437e-01
1.0136e-01
8.6363e-02
6.0732e-02
3.3457e-02
1.2190e-02
-5.7253e-03
-2.3797e-02
-4.9132e-02
-7.0303e-02
-9.0132e-02
-1.0267e-01
-1.0622e-01
-9.2791e-02
-6.5750e-02
-1.6535e-02
4.9705e-02
1.0844e-01
1.4199e-01
1.4803e-01
1.3304e-01
1.0007e-01
6.2965e-02
2.6363e-02
-1.1610e-03
-2.1313e-02
-3.1582e-02
-3.0686e-02
-1.8593e-02
-1.2447e-03
1.3107e-02
1.4567e-02
-1.5375e-03
-3.5829e-02
-7.4428e-02
-1.0109e-01
-1.1819e-01
-1.2078e-01
-1.0688e-01
-6.5868e-02
-4.1384e-03
5.3491e-02
9.6435e-02
1.1181e-01
1.0499e-01
7.4901e-02
2.3684e-02
-2.8921e-02
-6.8761e-02
-9.0091e-02
-1.0120e-01
-9.5527e-02
-8.2804e-02
-6.6237e-02
-5.0519e-02
-3.0351e-02
-1.3069e-02
3.8686e-03
1.4787e-02
1.4247e-02
1.5398e-02
2.0877e-03
-1.3159e-02
-2.8379e-02
-3.5522e-02
-3.6178e-02
-2.6575e-02
-9.5608e-03
1.1511e-02
3.6706e-02
6.3052e-02
8.1724e-02
9.0302e-02
8.8730e-02
7.7757e-02
6.7562e-02
6.0164e-02
6.0805e-02
6.7063e-02
6.4907e-02
4.7049e-02
1.7698e-02
-1.2128e-02
-3.0206e-02
-4.2782e-02
-5.2533e-02
-6.2731e-02
-6.4575e-02
-5.4575e-02
-3.4950e-02
-1.4990e-02
2.3717e-03
1.3399e-02
9.8952e-03
-6.5043e-04
-9.4262e-03
-1.4295e-02
-1.6599e-02
-2.1438e-02
-2.9460e-02
-3.7165e-02
-4.8587e-02
-5.6527e-02
-6.0040e-02
-5.7939e-02
-5.0174e-02
-3.7234e-02
-1.7349e-02
6.5582e-03
2.7052e-02
4.3310e-02
5.4299e-02
5.9631e-02
6.8996e-02
8.5911e-02
1.0231e-01
1.2168e-01
1.3578e-01
1.3871e-01
1.3264e-01
1.0951e-01
7.2440e-02
2.9433e-02
-6.7681e-03
-3.2443e-02
-4.9545e-02
-5.5647e-02
-5.4091e-02
-4.6272e-02
-3.7247e-02
-3.6428e-02
-4.3825e-02
-5.7412e-02
-7.1755e-02
-8.1753e-02
-8.4364e-02
-7.9408e-02
-7.0641e-02
-5.8679e-02
-4.0405e-02
-2.4944e-02
-1.2308e-02
-2.4588e-03
5.4138e-04
-3.2260e-03
-3.8370e-03
1.7386e-04
8.7494e-03
2.0774e-02
3.1331e-02
3.9909e-02
4.6213e-02
5.2578e-02
5.3066e-02
4.5126e-02
3.1966e-02
1.9339e-02
4.7683e-03
-8.5773e-03
-2.2403e-02
-3.5882e-02
-4.3135e-02
-3.9105e-02
-3.1324e-02
-2.1727e-02
-1.3447e-02
-1.1663e-02
-1.1589e-02
-1.6159e-02
-2.0201e-02
-2.4450e-02
-2.6168e-02
-2.5867e-02
-2.3358e-02
-1.8303e-02
-9.5629e-03
6.4593e-03
1.9471e-02
2.1337e-02
1.3745e-02
-3.8339e-03
-1.8273e-02
-2.3739e-02
-1.9429e-02
-4.9909e-03
1.0588e-02
2.3152e-02
2.8372e-02
2.4547e-02
1.2322e-02
1.5134e-03
-5.4321e-03
-1.5336e-03
1.1552e-02
2.4936e-02
3.6963e-02
3.7511e-02
2.9678e-02
1.5445e-02
-8.2953e-04
-1.0477e-02
-7.3863e-03
2.2987e-03
1.6718e-02
3.5850e-02
5.1174e-02
6.3279e-02
7.3665e-02
7.6293e-02
7.3603e-02
6.3222e-02
4.2969e-02
1.8634e-02
-1.1408e-02
-4.0754e-02
-6.4010e-02
-8.4567e-02
-9.8220e-02
-1.0430e-01
-9.5825e-02
-8.2789e-02
-7.2066e-02
-6.3466e-02
-5.6134e-02
-4.9129e-02
-4.0131e-02
-2.6663e-02
-1.7372e-02
5.7645e-04
1.7752e-02
3.4832e-02
4.8559e-02
5.8381e-02
6.3390e-02
6.5201e-02
6.7055e-02
6.4420e-02
6.2099e-02
5.4809e-02
3.9354e-02
1.8049e-02
-2.7875e-03
-1.3607e-02
-1.0139e-02
3.8040e-03
2.2300e-02
3.5383e-02
4.0424e-02
3.3000e-02
1.8440e-02
3.9166e-03
-1.2169e-02
-2.4673e-02
-3.4471e-02
-4.0011e-02
-4.1751e-02
-3.9850e-02
-3.8244e-02
-3.7995e-02
-3.8691e-02
-4.3916e-02
-4.8102e-02
-4.7705e-02
-4.0234e-02
-2.3086e-02
-2.8718e-03
2.0447e-02
3.9867e-02
5.4478e-02
6.7446e-02
7.7802e-02
8.5559e-02
8.8091e-02
8.7171e-02
7.2499e-02
5.3756e-02
2.8928e-02
7.0062e-03
4.1021e-03
3.0252e-03
-7.2002e-04
-1.0986e-02
-1.8186e-02
-2.3469e-02
-2.6206e-02
-3.0754e-02
-3.7461e-02
-4.7081e-02
-5.8577e-02
-6.3221e-02
-6.7227e-02
-6.5830e-02
-5.5947e-02
-3.8755e-02
-2.2571e-02
-8.1380e-03
-3.7333e-04
-3.5048e-03
-1.1122e-02
-1.6374e-02
-1.4637e-02
-2.1737e-03
2.0328e-02
4.3115e-02
6.0642e-02
6.4626e-02
5.4421e-02
3.4845e-02
7.2032e-03
-2.3403e-02
-4.8560e-02
-6.6704e-02
-7.7825e-02
-8.2872e-02
-8.1127e-02
-6.9732e-02
-5.8587e-02
-4.9734e-02
-4.3153e-02
-3.6970e-02
-3.0348e-02
-2.5378e-02
-2.0463e-02
-1.4049e-02
-6.8759e-03
4.8450e-03
1.4053e-02
1.6270e-02
1.5873e-02
1.7876e-02
2.3341e-02
2.8016e-02
3.5284e-02
4.1756e-02
4.6025e-02
4.6553e-02
4.5666e-02
4.0817e-02
3.7959e-02
3.8030e-02
3.8707e-02
4.6047e-02
5.5595e-02
6.8272e-02
8.1554e-02
9.0443e-02
9.2681e-02
8.4530e-02
6.7251e-02
4.3165e-02
1.8956e-02
6.1292e-04
-1.3966e-02
-2.0950e-02
-2.7087e-02
-2.8750e-02
-3.1177e-02
-3.5841e-02
-4.1613e-02
-5.2096e-02
-5.7756e-02
-6.0365e-02
-5.3634e-02
-4.0535e-02
-2.0320e-02
1.0556e-03
1.5864e-02
2.3191e-02
2.1774e-02
1.4758e-02
4.9302e-03
-1.3769e-03
-6.6236e-03
-9.6129e-03
-8.0402e-03
-9.3499e-03
-1.0895e-02
-1.4271e-02
-1.9284e-02
-2.4923e-02
-2.7920e-02
-2.8912e-02
-2.5759e-02
-2.2090e-02
-2.1288e-02
-2.1825e-02
-2.1526e-02
-2.1279e-02
-2.0260e-02
-1.5690e-02
-1.0775e-02
-2.1503e-03
8.3293e-03
2.4322e-02
4.1330e-02
5.7901e-02
6.9323e-02
7.6825e-02
7.9535e-02
7.3891e-02
6.4976e-02
4.8910e-02
2.6066e-02
2.6454e-03
-1.6878e-02
-3.3468e-02
-4.7696e-02
-5.2003e-02
-5.4707e-02
-5.1494e-02
-4.6535e-02
-4.3661e-02
-3.9357e-02
-3.9063e-02
-3.8409e-02
-3.8176e-02
-3.2381e-02
-2.7954e-02
-2.3885e-02
-1.8926e-02
-1.2285e-02
-1.0255e-02
-1.0197e-02
-1.0427e-02
-1.2315e-02
-1.0680e-02
-7.3344e-03
-7.7253e-04
1.3729e-02
2.6532e-02
3.9990e-02
5.3985e-02
6.2745e-02
6.6082e-02
6.2693e-02
5.3159e-02
3.7353e-02
2.6120e-02
1.4517e-02
5.5518e-03
-3.1416e-03
-6.4570e-03
-6.7776e-03
-4.6214e-03
-4.0789e-03
-5.1064e-03
-5.4241e-03
-9.1612e-03
-1.2013e-02
-1.8397e-02
-2.6156e-02
-3.1452e-02
-3.3176e-02
-3.3527e-02
-3.0905e-02
-2.7732e-02
-2.4310e-02
-1.7201e-02
-6.0058e-03
4.0849e-03
1.8324e-02
3.1511e-02
4.1437e-02
4.4673e-02
4.3572e-02
3.6662e-02
2.9637e-02
2.5686e-02
2.1837e-02
2.1223e-02
1.4837e-02
5.4200e-03
-3.8897e-03
-1.5016e-02
-2.8337e-02
-4.2411e-02
-5.5516e-02
-6.7111e-02
-7.2221e-02
-7.3980e-02
-7.6180e-02
-7.1906e-02
-6.2778e-02
-4.8802e-02
-3.3234e-02
-1.4538e-02
3.7858e-03
1.7907e-02
2.9263e-02
3.5962e-02
4.2322e-02
4.7259e-02
5.1821e-02
5.1043e-02
4.5569e-02
3.6374e-02
2.4352e-02
1.4987e-02
5.4911e-03
-3.1531e-03
-8.5615e-03
-9.9014e-03
-7.4082e-03
-7.6426e-04
2.1289e-03
5.0660e-03
6.3509e-03
8.5784e-03
1.2151e-02
1.7647e-02
2.2223e-02
2.4015e-02
2.2075e-02
1.8938e-02
1.8110e-02
1.9192e-02
1.9954e-02
1.6505e-02
1.6593e-02
1.4628e-02
1.1861e-02
8.6033e-03
6.0910e-03
-8.1605e-04
-6.4353e-03
-1.1816e-02
-1.9537e-02
-2.4485e-02
-2.5439e-02
-2.2360e-02
-1.5088e-02
-3.5016e-03
4.3534e-03
1.1082e-02
1.1025e-02
7.2962e-03
1.5592e-03
-6.9014e-03
-1.4745e-02
-2.2296e-02
-2.5697e-02
-2.3245e-02
-1.9897e-02
-1.4228e-02
-7.5210e-03
-3.7010e-04
6.4575e-03
1.0732e-02
1.8340e-02
2.2620e-02
2.3256e-02
1.9283e-02
1.2981e-02
7.7346e-03
7.1701e-03
1.1017e-02
1.7762e-02
2.5464e-02
3.3617e-02
3.5730e-02
3.2634e-02
2.4207e-02
1.0357e-02
-2.1392e-03
-1.1370e-02
-1.4811e-02
-1.4737e-02
-1.0751e-02
-6.4191e-03
-4.2793e-03
-4.5039e-03
-7.6464e-03
-1.3677e-02
-2.1776e-02
-3.1157e-02
-3.6820e-02
-4.0722e-02
-4.0045e-02
-3.4012e-02
-2.4447e-02
-1.2028e-02
-4.9290e-03
-3.3864e-03
-4.7453e-03
-8.2002e-03
-1.1570e-02
-8.3620e-03
-3.3920e-03
4.1370e-03
1.1181e-02
1.1896e-02
1.1321e-02
9.0498e-03
1.8140e-03
-6.3342e-03
-1.4285e-02
-2.0461e-02
-2.3617e-02
-2.3883e-02
-2.2110e-02
-1.8894e-02
-1.3795e-02
-7.6495e-03
1.1919e-03
1.3296e-02
2.9511e-02
4.2705e-02
5.3802e-02
5.8643e-02
5.6747e-02
5.1350e-02
4.3720e-02
3.4555e-02
2.3481e-02
1.4089e-02
4.2665e-03
-7.6460e-03
-1.7630e-02
-2.4518e-02
-3.3636e-02
-4.2409e-02
-4.9752e-02
-5.1587e-02
-5.0952e-02
-4.9404e-02
-4.8237e-02
-4.9522e-02
-4.5300e-02
-3.8108e-02
-3.0201e-02
-1.7329e-02
-2.4109e-03
1.4354e-02
3.2990e-02
4.8347e-02
6.0786e-02
6.6287e-02
6.5970e-02
6.0970e-02
5.4843e-02
4.6254e-02
4.0536e-02
3.8893e-02
3.3947e-02
3.1150e-02
3.1372e-02
3.2029e-02
3.2065e-02
3.4731e-02
3.5189e-02
3.5002e-02
3.1898e-02
2.5695e-02
1.5128e-02
1.9826e-03
-6.0808e-03
-1.5692e-02
-2.6654e-02
-3.4775e-02
-4.2328e-02
-4.7542e-02
-5.3367e-02
-6.3187e-02
-6.7655e-02
-7.0658e-02
-7.0406e-02
-6.7469e-02
-6.3896e-02
-5.7756e-02
-5.4151e-02
-5.1499e-02
-4.7592e-02
-4.6699e-02
-4.4526e-02
-3.8057e-02
-3.4383e-02
-3.0537e-02
-2.6309e-02
-2.3328e-02
-1.8476e-02
-1.2265e-02
-7.8865e-03
9.4379e-04
8.7551e-03
1.7703e-02
2.9750e-02
3.8734e-02
4.9899e-02
5.8877e-02
6.7029e-02
7.1985e-02
7.2418e-02
7.1519e-02
7.1235e-02
6.9139e-02
6.5577e-02
6.0933e-02
5.0684e-02
3.9495e-02
2.7354e-02
1.7226e-02
6.6060e-03
-3.5092e-03
-8.7643e-03
-1.1857e-02
-1.0967e-02
-9.1122e-03
-8.8300e-03
-9.7230e-03
-1.0101e-02
-1.3296e-02
-2.0085e-02
-2.5814e-02
-3.0976e-02
-3.1543e-02
-2.7781e-02
-2.2400e-02
-1.4277e-02
-6.6216e-03
1.5815e-03
5.9790e-03
6.2257e-03
5.5271e-03
5.8751e-03
6.7519e-03
1.1319e-02
1.3297e-02
1.4207e-02
1.7391e-02
1.6599e-02
1.2997e-02
7.3334e-03
1.2183e-03
-6.6176e-03
-1.2678e-02
-1.6530e-02
-2.3149e-02
-2.7714e-02
-3.1530e-02
-3.2815e-02
-2.9199e-02
-2.8073e-02
-2.2588e-02
-1.5990e-02
-1.0875e-02
-8.5569e-03
-7.0993e-03
-4.2196e-03
-4.0990e-03
-4.1126e-03
-8.8906e-03
-1.5603e-02
-1.9726e-02
-2.5858e-02
-3.1532e-02
-3.2960e-02
-3.2316e-02
-2.6348e-02
-2.0502e-02
-1.3532e-02
-6.6136e-03
-2.6134e-03
1.9950e-03
1.0617e-02
1.8061e-02
2.4993e-02
3.6758e-02
4.5383e-02
5.7666e-02
6.9880e-02
7.4979e-02
7.8691e-02
7.8914e-02
7.5336e-02
6.7684e-02
5.3494e-02
4.0593e-02
2.7450e-02
1.3979e-02
3.1783e-03
-6.2546e-03
-1.5422e-02
-2.3159e-02
-2.9006e-02
-3.6176e-02
-4.0596e-02
-4.4475e-02
-4.7308e-02
-4.9834e-02
-5.1628e-02
-5.0582e-02
-4.7987e-02
-4.3702e-02
-3.4677e-02
-2.4137e-02
-1.1328e-02
-2.8421e-04
9.0231e-03
1.7215e-02
2.4218e-02
2.8758e-02
2.9120e-02
2.9058e-02
2.5915e-02
2.0745e-02
1.3129e-02
1.8272e-03
-8.2881e-03
-1.7110e-02
-2.4458e-02
-2.8116e-02
-3.0648e-02
-2.7538e-02
-2.5330e-02
-2.1625e-02
-1.6288e-02
-1.2192e-02
-5.2301e-03
1.8935e-03
7.1733e-03
1.4478e-02
2.1785e-02
2.8728e-02
3.4525e-02
4.0512e-02
4.4923e-02
4.8417e-02
5.3315e-02
5.8529e-02
6.1220e-02
6.1634e-02
5.7979e-02
5.4232e-02
5.0917e-02
4.3722e-02
3.7347e-02
2.6917e-02
1.8347e-02
7.9685e-03
-7.3587e-04
-8.2865e-03
-1.6566e-02
-2.0002e-02
-2.4155e-02
-2.8657e-02
-3.3205e-02
-3.3501e-02
-3.8117e-02
-4.0766e-02
-4.1101e-02
-4.4246e-02
-4.7783e-02
-5.0813e-02
-5.4306e-02
-5.8569e-02
-5.9569e-02
-6.1659e-02
-6.0287e-02
-5.6382e-02
-5.4308e-02
-4.8938e-02
-4.2245e-02
-3.9132e-02
-3.4655e-02
-3.2266e-02
-2.8438e-02
-2.5211e-02
-2.2734e-02
-1.7172e-02
-1.4536e-02
-1.1928e-02
-1.0393e-02
-9.7902e-03
-7.3598e-03
-3.0364e-03
2.0325e-03
5.1532e-03
9.4906e-03
1.4000e-02
1.9949e-02
2.2226e-02
2.7799e-02
3.3202e-02
3.4227e-02
3.8824e-02
3.8619e-02
3.6808e-02
3.3044e-02
2.9663e-02
2.5345e-02
1.8192e-02
1.1123e-02
4.6520e-03
-5.1152e-03
-1.3381e-02
-1.8272e-02
-2.3893e-02
-2.6274e-02
-2.9995e-02
-2.9907e-02
-2.8496e-02
-2.9025e-02
-2.5164e-02
-2.1356e-02
-1.4068e-02
-3.1961e-03
6.4124e-03
1.6939e-02
2.7309e-02
3.7773e-02
4.4869e-02
4.6711e-02
4.7207e-02
4.2599e-02
3.7076e-02
3.1700e-02
2.7341e-02
2.7489e-02
2.6418e-02
2.5983e-02
2.1575e-02
1.9583e-02
1.6400e-02
1.1660e-02
7.1339e-03
1.2681e-03
-2.2497e-04
-2.4222e-03
-1.5974e-03
-2.0110e-03
9.3171e-04
6.1238e-03
1.0645e-02
1.4418e-02
1.8259e-02
1.8317e-02
1.3169e-02
6.9689e-03
-2.3901e-03
-1.0242e-02
-1.7105e-02
-2.0396e-02
-1.9779e-02
-1.7417e-02
-1.0804e-02
-2.3209e-03
4.9397e-03
1.3442e-02
1.8138e-02
1.9300e-02
1.9988e-02
2.1355e-02
2.1289e-02
1.7668e-02
1.4388e-02
1.4717e-02
1.3054e-02
1.2471e-02
1.6414e-02
1.7397e-02
1.8526e-02
1.7979e-02
1.7072e-02
1.4099e-02
7.0557e-03
1.2638e-03
-2.7498e-03
-6.0238e-03
-1.0106e-02
-1.0120e-02
-1.1725e-02
-1.3432e-02
-1.3486e-02
-1.7755e-02
-1.8045e-02
-2.1335e-02
-2.4475e-02
-2.6727e-02
-2.5963e-02
-2.5212e-02
-2.3039e-02
-1.9787e-02
-1.9025e-02
-1.6740e-02
-1.4414e-02
-1.1791e-02
-1.2671e-02
-1.2843e-02
-1.6087e-02
-1.8221e-02
-1.8621e-02
-1.8700e-02
-1.7963e-02
-1.2398e-02
-7.5516e-03
-1.6362e-03
5.2710e-03
8.8138e-03
1.0756e-02
8.3429e-03
8.5211e-03
6.0226e-03
5.7898e-03
4.5296e-03
4.0421e-03
3.4505e-03
7.4370e-04
-1.4946e-03
-3.3685e-03
-3.8040e-03
-4.1053e-03
-3.1544e-03
-1.4323e-04
3.5310e-03
6.9887e-03
1.1340e-02
1.2710e-02
1.7568e-02
1.9173e-02
1.8612e-02
2.2743e-02
2.5637e-02
2.5522e-02
2.6832e-02
2.6533e-02
2.7490e-02
2.7030e-02
2.5978e-02
2.2383e-02
1.9380e-02
1.6507e-02
1.1328e-02
7.8325e-03
5.3887e-03
1.2216e-03
-1.6661e-03
-6.1838e-03
-8.4414e-03
-1.0244e-02
-1.5345e-02
-1.4608e-02
-1.9948e-02
-2.2083e-02
-2.6033e-02
-2.9494e-02
-2.9121e-02
-2.9672e-02
-2.6312e-02
-2.3419e-02
-2.1720e-02
-2.3060e-02
-2.2400e-02
-2.2249e-02
-2.4238e-02
-2.4950e-02
-2.4260e-02
-2.3898e-02
-2.1706e-02
-1.9336e-02
-1.6424e-02
-1.1558e-02
-8.5795e-03
-7.9164e-03
-9.1985e-03
-1.0330e-02
-8.9957e-03
-7.9053e-03
-5.9846e-03
-3.0394e-03
-8.9130e-04
5.0732e-03
1.0854e-02
1.4213e-02
2.0118e-02
2.3915e-02
2.6524e-02
2.9505e-02
3.2066e-02
3.6549e-02
3.7859e-02
3.7916e-02
3.5209e-02
3.0308e-02
2.4932e-02
1.8675e-02
1.3888e-02
1.0217e-02
6.2115e-03
2.1786e-03
-2.9558e-03
-9.5149e-03
-1.3534e-02
-2.0255e-02
-2.4370e-02
-2.5387e-02
-2.8647e-02
-2.9146e-02
-2.8395e-02
-3.0387e-02
-2.6727e-02
-2.3853e-02
-2.1004e-02
-1.8834e-02
-1.4713e-02
-1.1357e-02
-9.8640e-03
-1.0708e-02
-1.1406e-02
-1.0423e-02
-1.0716e-02
-1.1218e-02
-1.2160e-02
-1.1609e-02
-1.0404e-02
-9.6068e-03
-1.0021e-02
-8.1165e-03
-7.9385e-03
-6.9057e-03
-7.0373e-03
-6.1360e-03
-6.8046e-03
-4.6622e-03
-6.5500e-03
-9.9749e-03
-8.9476e-03
-9.6793e-03
-1.0855e-02
-1.0869e-02
-1.2414e-02
-1.6609e-02
-1.5535e-02
-1.6157e-02
-1.4020e-02
-1.1316e-02
-8.1930e-03
-4.5904e-03
-2.2398e-03
5.1903e-03
1.1127e-02
1.8497e-02
2.5084e-02
3.2089e-02
3.8577e-02
4.3533e-02
4.4631e-02
4.6072e-02
4.6458e-02
4.4299e-02
4.2302e-02
4.0940e-02
3.8131e-02
3.4843e-02
3.3589e-02
3.2221e-02
2.7610e-02
2.4281e-02
2.1913e-02
1.9042e-02
1.5792e-02
1.2120e-02
1.0676e-02
8.7334e-03
9.4591e-03
8.8615e-03
7.0173e-03
6.6471e-03
8.4359e-03
7.2548e-03
5.3941e-03
1.6704e-03
-3.1384e-03
-8.7333e-03
-1.5153e-02
-1.9406e-02
-2.4694e-02
-2.5598e-02
-2.8150e-02
-2.9841e-02
-2.8224e-02
-2.7247e-02
-2.6535e-02
-2.7500e-02
-2.6862e-02
-2.6210e-02
-2.5539e-02
-2.3565e-02
-2.0976e-02
-1.6667e-02
-9.4751e-03
-1.3877e-03
3.8669e-03
8.7432e-03
1.2428e-02
1.3140e-02
1.3495e-02
1.0561e-02
9.9246e-03
7.6528e-03
3.6220e-03
2.6625e-03
-1.4998e-03
-4.6923e-03
-3.2544e-03
-4.5400e-03
-2.4337e-03
9.6577e-04
3.4118e-03
8.2305e-03
1.1181e-02
1.6254e-02
1.8330e-02
2.3165e-02
2.6327e-02
2.9962e-02
3.2569e-02
3.2437e-02
3.1842e-02
2.6847e-02
2.1457e-02
1.3752e-02
1.0132e-02
2.9779e-03
-3.4450e-03
-9.4212e-03
-1.6726e-02
-1.9415e-02
-2.2819e-02
-2.1395e-02
-2.0122e-02
-1.7328e-02
-1.4049e-02
-1.0532e-02
-4.6560e-03
-1.4951e-03
1.9919e-03
3.5938e-03
4.0725e-03
3.2798e-03
-3.7319e-04
-1.0754e-03
-1.2928e-03
-1.8279e-03
-1.6206e-03
-1.7311e-03
-6.2242e-04
4.0041e-03
6.2937e-03
9.6052e-03
1.2130e-02
1.2445e-02
1.3202e-02
1.2823e-02
1.3044e-02
1.2923e-02
1.3253e-02
1.3080e-02
1.2563e-02
1.2751e-02
1.5096e-02
1.8286e-02
1.8611e-02
1.6120e-02
1.3472e-02
8.6051e-03
2.0996e-03
-1.5756e-03
-5.7906e-03
-7.8302e-03
-9.7712e-03
-1.0104e-02
-1.2401e-02
-1.4545e-02
-1.2604e-02
-1.4641e-02
-1.4713e-02
-1.5010e-02
-1.5392e-02
-1.5509e-02
-1.4957e-02
-1.4492e-02
-1.1683e-02
-1.0120e-02
-1.0603e-02
-8.6346e-03
-5.3783e-03
-7.3743e-03
-7.4250e-03
-8.4894e-03
-1.2844e-02
-1.3964e-02
-1.4110e-02
-1.4726e-02
-1.7801e-02
-1.6589e-02
-1.6029e-02
-1.5811e-02
-1.4950e-02
-1.3880e-02
-1.2827e-02
-1.2725e-02
-1.1559e-02
-9.7277e-03
-7.2964e-03
-7.2021e-03
-5.4777e-03
-5.0356e-03
-1.5577e-03
2.2051e-03
3.9130e-03
7.4786e-03
7.2851e-03
7.4724e-03
4.0815e-03
1.8659e-03
-1.8236e-03
-4.0338e-03
-5.7946e-03
-9.4431e-03
-1.0234e-02
-1.1587e-02
-1.1244e-02
-1.1355e-02
-1.4026e-02
-1.6565e-02
-1.3726e-02
-1.1752e-02
-9.0966e-03
-4.5506e-03
-3.2784e-04
3.5332e-03
8.7258e-03
1.1294e-02
1.1418e-02
1.1372e-02
1.1570e-02
1.0915e-02
8.6912e-03
8.2726e-03
6.3991e-03
5.1256e-03
4.3562e-03
4.4553e-03
4.1543e-03
5.2726e-03
6.1361e-03
9.9366e-03
1.0236e-02
9.1785e-03
8.2911e-03
5.5352e-03
5.7355e-03
3.8316e-03
1.5414e-03
-1.3406e-03
-9.4585e-04
-4.8608e-03
-8.1292e-03
-1.1559e-02
-1.9085e-02
-2.2442e-02
-2.4206e-02
-2.4806e-02
-2.6184e-02
-2.4376e-02
-2.1653e-02
-1.8066e-02
-1.5294e-02
-1.0231e-02
-4.6661e-03
3.7390e-03
1.1057e-02
1.6677e-02
2.3341e-02
2.8500e-02
3.4975e-02
3.6778e-02
3.8737e-02
3.8573e-02
3.8668e-02
3.5256e-02
3.1375e-02
2.9580e-02
2.7736e-02
2.5124e-02
2.2312e-02
2.0837e-02
1.8232e-02
1.5569e-02
1.1806e-02
8.1048e-03
2.7614e-03
-2.4903e-03
-6.2213e-03
-1.0858e-02
-1.4158e-02
-1.9552e-02
-2.4187e-02
-2.8546e-02
-3.4059e-02
-3.5170e-02
-3.8634e-02
-3.9168e-02
-3.8503e-02
-3.7680e-02
-3.5493e-02
-3.2564e-02
-2.7341e-02
-2.3784e-02
-2.1204e-02
-1.7727e-02
-1.3242e-02
-8.8288e-03
-4.6546e-03
-1.8859e-03
1.4863e-03
4.9415e-03
9.1084e-03
1.0835e-02
1.2945e-02
1.4304e-02
1.5191e-02
1.6333e-02
1.7248e-02
1.8588e-02
1.8710e-02
1.9834e-02
2.0284e-02
2.0510e-02
2.0669e-02
1.9589e-02
1.8068e-02
1.6031e-02
1.4530e-02
1.3502e-02
1.1693e-02
1.1010e-02
1.0163e-02
9.6685e-03
1.0368e-02
1.0156e-02
1.0303e-02
1.0902e-02
9.7591e-03
9.2102e-03
8.6164e-03
6.8080e-03
5.7688e-03
4.4498e-03
2.6396e-03
2.0237e-03
5.4639e-04
-3.3606e-04
-1.2445e-03
-2.4085e-03
-2.8400e-03
-3.0024e-03
-3.2652e-03
-3.1949e-03
-2.8332e-03
-3.0348e-03
-2.9133e-03
-3.2323e-03
-3.6792e-03
-4.1882e-03
-4.7355e-03
-5.1340e-03
-6.2111e-03
-6.3676e-03
-6.5458e-03
-5.9044e-03
-5.4401e-03
-5.7932e-03
-5.1986e-03
-5.0255e-03
-4.8743e-03
-4.6655e-03
-4.8301e-03
-4.8125e-03
-4.5994e-03
-4.2141e-03
-4.0276e-03
-3.7590e-03
-3.3952e-03
-3.0098e-03
-2.3776e-03
-2.0415e-03
-1.8682e-03
-1.7165e-03
-1.5463e-03
-1.4710e-03
-1.1667e-03
-7.9851e-04
-5.2444e-04
-1.2767e-04
1.2848e-04
1.4049e-04
4.3689e-05
3.6920e-05
-1.8648e-04
-2.7109e-04
-2.3966e-04
-4.7883e-04
-1.8610e-04
4.6216e-05
2.9198e-04
5.0298e-04
5.9131e-04
6.1509e-04
6.3841e-04
5.9082e-04
4.7714e-04
4.3213e-04
2.9543e-04
2.2036e-04
1.3974e-04
2.7165e-05
-3.2984e-05
-8.8919e-05
-1.5967e-04
-1.5651e-04
-1.6427e-04
-1.6041e-04
-1.3153e-04
-9.3151e-05
-4.1861e-05
-3.2448e-05
2.7816e-05
9.2450e-05
1.2578e-04
1.6444e-04
1.9748e-04
2.0837e-04
2.1479e-04
2.1686e-04
1.9477e-04
1.6878e-04
1.4740e-04
1.2355e-04
1.0021e-04
7.6886e-05
5.8620e-05
4.0412e-05
2.0145e-05
2.9010e-06
-1.4065e-05
-3.1160e-05
-4.9508e-05
-6.3151e-05
-7.6138e-05
-8.8791e-05
-1.0213e-04
-1.1565e-04
-1.2853e-04
-1.4112e-04
-1.5397e-04
-1.6728e-04
-1.8078e-04
-1.9452e-04
-2.0841e-04
-2.2242e-04
-2.3649e-04
-2.5074e-04
-2.6520e-04
-2.7988e-04
-2.9479e-04
-3.1002e-04
-3.2566e-04
-3.4182e-04
-3.5865e-04
