1.1799e-05
1.1840e-05
1.1877e-05
1.1912e-05
1.1944e-05
1.1972e-05
1.1989e-05
1.2021e-05
1.2042e-05
1.2036e-05
1.2073e-05
1.2085e-05
1.2078e-05
1.2087e-05
1.2070e-05
1.2065e-05
1.2061e-05
1.2025e-05
1.2041e-05
1.2014e-05
1.1991e-05
1.1992e-05
1.1893e-05
1.1915e-05
1.1918e-05
1.1792e-05
1.1847e-05
1.1812e-05
1.1704e-05
1.1722e-05
1.1632e-05
1.1560e-05
1.1504e-05
1.1443e-05
1.1375e-05
1.1270e-05
1.1260e-05
1.1122e-05
1.1069e-05
1.1031e-05
1.0937e-05
1.0975e-05
1.0759e-05
1.0722e-05
1.0536e-05
1.0347e-05
1.0438e-05
1.0275e-05
1.0200e-05
9.9841e-06
9.9155e-06
9.8661e-06
9.5155e-06
9.8543e-06
9.5641e-06
9.1675e-06
9.4612e-06
8.7380e-06
8.8617e-06
9.2415e-06
8.2624e-06
8.7180e-06
8.5909e-06
7.7844e-06
8.1716e-06
8.1784e-06
7.8773e-06
7.7370e-06
7.9284e-06
7.4840e-06
7.2016e-06
7.3853e-06
6.3177e-06
6.7670e-06
6.8311e-06
5.8513e-06
6.3924e-06
5.8222e-06
5.6170e-06
5.6986e-06
5.1648e-06
5.6333e-06
5.3711e-06
4.8682e-06
4.8858e-06
4.6999e-06
4.1698e-06
4.0893e-06
4.1079e-06
3.7016e-06
3.9529e-06
2.9039e-06
2.2135e-06
3.2255e-06
2.5390e-06
2.4410e-06
3.0304e-06
2.0148e-06
1.3697e-06
2.0054e-06
1.3386e-06
2.7077e-07
1.6431e-06
1.2922e-06
1.5642e-07
1.1668e-06
7.9356e-07
-3.8737e-07
-4.9188e-07
-1.0317e-06
-4.2547e-07
-3.2573e-07
-1.3808e-06
-1.1343e-06
-2.2360e-06
-2.3035e-06
-1.8375e-06
-2.7596e-06
-2.7172e-06
-3.4558e-06
-2.3633e-06
-3.8240e-06
-4.3866e-06
-1.8867e-06
-4.6780e-06
-3.7523e-06
-4.2025e-06
-6.3256e-06
-4.0757e-06
-5.2850e-06
-5.4255e-06
-5.6041e-06
-6.1092e-06
-6.6207e-06
-6.3247e-06
-5.4596e-06
-7.5386e-06
-6.9051e-06
-7.8622e-06
-8.0838e-06
-7.4137e-06
-1.0130e-05
-8.1468e-06
-7.5216e-06
-1.0219e-05
-1.0193e-05
-8.2639e-06
-9.9043e-06
-1.0674e-05
-7.2870e-06
-9.8021e-06
-1.2308e-05
-9.1556e-06
-1.1982e-05
-1.2820e-05
-9.5509e-06
-1.3033e-05
-1.3019e-05
-1.1468e-05
-1.4422e-05
-1.3216e-05
-1.2742e-05
-1.3997e-05
-1.4230e-05
-1.3823e-05
-1.4426e-05
-1.3928e-05
-1.3621e-05
-1.6762e-05
-1.4047e-05
-1.4611e-05
-1.6471e-05
-1.4834e-05
-1.7987e-05
-1.5976e-05
-1.6783e-05
-1.6299e-05
-1.5542e-05
-1.9275e-05
-1.6350e-05
-1.7219e-05
-1.9347e-05
-1.8133e-05
-1.9428e-05
-1.8552e-05
-1.7987e-05
-2.0154e-05
-1.9579e-05
-1.9069e-05
-2.0763e-05
-1.9505e-05
-2.0846e-05
-2.0256e-05
-1.9308e-05
-2.1029e-05
-1.9744e-05
-2.1048e-05
-2.0932e-05
-2.3249e-05
-2.3788e-05
-1.9438e-05
-2.1590e-05
-2.3258e-05
-2.3332e-05
-2.1393e-05
-2.3382e-05
-2.4320e-05
-1.8875e-05
-2.3416e-05
-2.6298e-05
-2.2537e-05
-2.5301e-05
-2.5121e-05
-2.3434e-05
-2.4957e-05
-2.5186e-05
-2.4815e-05
-2.5046e-05
-2.6092e-05
-2.4878e-05
-2.4530e-05
-2.5148e-05
-2.5828e-05
-2.6885e-05
-2.5648e-05
-2.5738e-05
-2.7390e-05
-2.7974e-05
-2.7703e-05
-2.7231e-05
-2.5498e-05
-2.8542e-05
-2.8169e-05
-2.5873e-05
-2.8900e-05
-2.7096e-05
-2.6178e-05
-2.7761e-05
-2.6947e-05
-2.8495e-05
-2.8665e-05
-2.9274e-05
-2.9331e-05
-2.6900e-05
-2.7959e-05
-3.0235e-05
-2.9695e-05
-2.7811e-05
-2.9330e-05
-2.6846e-05
-2.9080e-05
-3.2736e-05
-2.7653e-05
-3.0824e-05
-3.0839e-05
-2.5146e-05
-3.1515e-05
-3.1080e-05
-2.7473e-05
-3.1055e-05
-2.7014e-05
-3.0193e-05
-3.1255e-05
-2.8280e-05
-3.2849e-05
-2.8888e-05
-3.0242e-05
-2.9890e-05
-2.9345e-05
-3.0347e-05
-2.9500e-05
-3.0846e-05
-2.7295e-05
-3.2643e-05
-2.9292e-05
-2.6780e-05
-3.4106e-05
-2.5672e-05
-3.1497e-05
-3.2616e-05
-2.6138e-05
-3.5853e-05
-3.1622e-05
-2.9252e-05
-3.3608e-05
-2.7563e-05
-2.7893e-05
-3.0217e-05
-2.9016e-05
-2.8347e-05
-2.8958e-05
-2.8770e-05
-2.6594e-05
-2.9804e-05
-2.8655e-05
-2.8091e-05
-3.0088e-05
-2.6279e-05
-2.8243e-05
-2.9480e-05
-2.9266e-05
-2.8700e-05
-2.9713e-05
-2.8447e-05
-2.8516e-05
-3.0438e-05
-2.5535e-05
-2.8607e-05
-2.8664e-05
-2.6888e-05
-2.7218e-05
-2.6238e-05
-2.8702e-05
-2.6058e-05
-2.8025e-05
-2.6883e-05
-2.6301e-05
-2.8254e-05
-2.5642e-05
-2.9209e-05
-2.5342e-05
-2.6380e-05
-2.8916e-05
-2.4082e-05
-2.9299e-05
-2.5473e-05
-2.5380e-05
-2.9052e-05
-2.3033e-05
-2.7780e-05
-2.6089e-05
-2.2093e-05
-2.8084e-05
-2.5883e-05
-2.5173e-05
-2.8465e-05
-2.4412e-05
-2.4965e-05
-2.7519e-05
-2.1992e-05
-2.6864e-05
-2.6720e-05
-2.2931e-05
-2.8120e-05
-1.9826e-05
-2.4183e-05
-3.0147e-05
-2.1935e-05
-2.7082e-05
-2.5015e-05
-2.2527e-05
-2.6976e-05
-2.5223e-05
-2.2837e-05
-2.3264e-05
-2.4413e-05
-2.5335e-05
-2.2506e-05
-2.4643e-05
-2.6221e-05
-2.1668e-05
-2.1471e-05
-2.1993e-05
-2.3661e-05
-2.4560e-05
-2.2426e-05
-2.3182e-05
-1.9344e-05
-2.4279e-05
-2.4611e-05
-1.8007e-05
-2.6110e-05
-2.2798e-05
-1.8742e-05
-2.4133e-05
-2.0887e-05
-2.0569e-05
-2.1174e-05
-2.2196e-05
-2.2027e-05
-1.9782e-05
-2.1804e-05
-2.0696e-05
-2.0527e-05
-2.2171e-05
-2.2054e-05
-2.2003e-05
-2.2431e-05
-1.8919e-05
-1.8904e-05
-2.2050e-05
-1.8734e-05
-1.9600e-05
-2.0744e-05
-2.1775e-05
-2.1602e-05
-1.9361e-05
-2.0818e-05
-1.7981e-05
-1.6684e-05
-2.0604e-05
-2.1022e-05
-1.8737e-05
-2.0816e-05
-1.9647e-05
-1.7255e-05
-1.8842e-05
-1.9918e-05
-1.9203e-05
-1.9157e-05
-1.9553e-05
-1.6654e-05
-1.8282e-05
-2.0348e-05
-1.6437e-05
-1.6719e-05
-1.7934e-05
-1.8814e-05
-1.7710e-05
-1.9225e-05
-1.7991e-05
-1.7423e-05
-1.9423e-05
-1.5535e-05
-1.6964e-05
-1.9272e-05
-1.7355e-05
-1.5645e-05
-1.9462e-05
-1.8214e-05
-1.4797e-05
-1.7369e-05
-1.5723e-05
-1.5504e-05
-1.6006e-05
-1.6515e-05
-1.6887e-05
-1.4054e-05
-1.5017e-05
-1.4943e-05
-1.4306e-05
-1.7574e-05
-1.6332e-05
-1.4598e-05
-1.6622e-05
-1.4356e-05
-1.5912e-05
-1.6317e-05
-1.2950e-05
-1.5516e-05
-1.4410e-05
-1.3112e-05
-1.2408e-05
-1.2416e-05
-1.6142e-05
-1.4466e-05
-1.3137e-05
-1.2451e-05
-1.3015e-05
-1.4452e-05
-1.1691e-05
-1.4881e-05
-1.3611e-05
-1.1409e-05
-1.5565e-05
-1.1169e-05
-1.4383e-05
-1.5906e-05
-9.1992e-06
-1.2231e-05
-1.3517e-05
-1.3806e-05
-1.0881e-05
-1.1452e-05
-1.3384e-05
-8.4805e-06
-1.2600e-05
-1.3898e-05
-1.2467e-05
-1.0760e-05
-1.2931e-05
-1.1537e-05
-8.3117e-06
-1.3525e-05
-8.0186e-06
-1.0682e-05
-1.3202e-05
-6.6927e-06
-1.4678e-05
-9.6981e-06
-7.3915e-06
-1.3778e-05
-6.7162e-06
-1.1394e-05
-1.1978e-05
-7.3870e-06
-1.2236e-05
-9.3812e-06
-7.5985e-06
-1.2491e-05
-8.5084e-06
-8.3994e-06
-1.2133e-05
-8.8323e-06
-9.6460e-06
-9.1330e-06
-9.5157e-06
-1.0561e-05
-8.7460e-06
-8.6385e-06
-9.6575e-06
-7.2316e-06
-8.3999e-06
-1.0901e-05
-4.2125e-06
-7.9471e-06
-9.4836e-06
-5.0793e-06
-9.7384e-06
-6.5180e-06
-7.3885e-06
-8.3839e-06
-6.7814e-06
-9.1886e-06
-4.8713e-06
-7.9108e-06
-7.3312e-06
-6.1803e-06
-8.0764e-06
-4.3474e-06
-7.8535e-06
-5.7451e-06
-6.0899e-06
-5.9083e-06
-3.7539e-06
-8.4509e-06
-5.7855e-06
-7.7896e-06
-6.5114e-06
-2.6216e-06
-7.3423e-06
-4.0745e-06
-4.3851e-06
-7.1542e-06
-4.2189e-06
-4.0867e-06
-6.2666e-06
-5.0000e-06
-4.3736e-06
-6.4463e-06
-4.7187e-06
-3.9958e-06
-2.1049e-06
-2.7676e-06
-6.3436e-06
-2.7548e-07
-4.5560e-06
-5.5130e-06
-1.1106e-08
-4.5994e-06
-2.9781e-07
-3.4274e-06
-4.3552e-06
-6.0808e-07
-8.0202e-06
-2.0205e-06
-2.3338e-06
-5.5201e-06
-5.9359e-07
-3.5110e-06
-8.8284e-07
-2.8573e-06
-3.9202e-06
1.0079e-07
3.7858e-07
-2.8871e-07
-1.6542e-06
1.0884e-06
-2.6561e-06
-2.5341e-06
8.3610e-07
-2.2278e-06
1.0817e-06
7.5234e-07
-8.5505e-07
3.0741e-07
-2.3542e-09
2.2524e-06
-4.0632e-07
-1.4330e-06
2.0451e-06
-6.4457e-07
-2.8358e-06
1.8613e-06
3.0475e-06
-1.8789e-06
-1.1099e-07
1.6803e-06
2.0352e-07
1.8575e-06
4.2823e-07
1.5713e-06
2.2983e-06
6.9080e-07
1.9521e-06
3.1777e-06
1.0242e-06
2.3313e-06
2.2799e-06
-1.3507e-06
4.8085e-06
3.8841e-06
6.2376e-07
5.1530e-06
3.6891e-06
2.5703e-06
5.5951e-06
4.4717e-06
1.2900e-06
5.8550e-06
4.2368e-06
2.8404e-06
8.9194e-06
1.8757e-06
3.0684e-06
9.3313e-06
1.0715e-06
2.8050e-06
9.1104e-06
3.6623e-06
3.0886e-06
5.5327e-06
2.7583e-06
4.1034e-06
8.6063e-06
5.4943e-06
6.0463e-06
5.5864e-06
5.8683e-06
9.7114e-06
2.6078e-06
7.8983e-06
1.1037e-05
-1.9469e-06
1.0820e-05
9.2776e-06
-1.0784e-06
1.5052e-05
8.6626e-06
2.2508e-07
9.7721e-06
6.1682e-06
6.1781e-06
1.0182e-05
7.0652e-06
1.1043e-05
8.2447e-06
4.6337e-06
1.3510e-05
6.4310e-06
6.0397e-06
1.4350e-05
4.6257e-06
8.4391e-06
1.2009e-05
5.4458e-06
9.9013e-06
1.1307e-05
7.9186e-06
9.2492e-06
1.0358e-05
8.3930e-06
1.0552e-05
7.9649e-06
1.1527e-05
1.2518e-05
5.0736e-06
1.3904e-05
1.1339e-05
7.0024e-06
1.4217e-05
8.9408e-06
9.4589e-06
1.0649e-05
6.9775e-06
1.3131e-05
9.8924e-06
9.6121e-06
1.7919e-05
8.6851e-06
1.0972e-05
1.4846e-05
5.1125e-06
1.3374e-05
1.4226e-05
8.6891e-06
1.4327e-05
1.3455e-05
1.0640e-05
1.2489e-05
1.3133e-05
1.4491e-05
1.6732e-05
1.2406e-05
1.3035e-05
1.5377e-05
1.1570e-05
1.3357e-05
1.5098e-05
1.1942e-05
1.3601e-05
1.2656e-05
1.3930e-05
1.6780e-05
1.3045e-05
1.4775e-05
1.6004e-05
1.2199e-05
1.5103e-05
1.7461e-05
1.4808e-05
1.4808e-05
1.3832e-05
1.5083e-05
1.6254e-05
1.3628e-05
1.6494e-05
1.7752e-05
1.5652e-05
1.7960e-05
1.8111e-05
1.5340e-05
1.6054e-05
1.7812e-05
1.5112e-05
1.6377e-05
1.8640e-05
1.4916e-05
1.6042e-05
1.6759e-05
1.6922e-05
1.8621e-05
1.6592e-05
1.8290e-05
1.8419e-05
1.8015e-05
2.0257e-05
1.8803e-05
1.8739e-05
1.9555e-05
1.9499e-05
1.5753e-05
1.8665e-05
1.9832e-05
1.5571e-05
1.9464e-05
1.7362e-05
1.5243e-05
2.0919e-05
1.8843e-05
1.8396e-05
2.1194e-05
1.6914e-05
2.0374e-05
2.0909e-05
1.6791e-05
2.2729e-05
1.9808e-05
2.2549e-05
2.1994e-05
1.9009e-05
2.4888e-05
1.6323e-05
1.8449e-05
2.3105e-05
2.0020e-05
2.2663e-05
1.9628e-05
2.1878e-05
2.0777e-05
1.7093e-05
2.4284e-05
2.2922e-05
2.2935e-05
2.2353e-05
1.7565e-05
2.4285e-05
2.2737e-05
1.8949e-05
2.6247e-05
2.2456e-05
1.9774e-05
2.5336e-05
2.1705e-05
2.2781e-05
2.2886e-05
2.2017e-05
2.4672e-05
2.0578e-05
2.4938e-05
2.4602e-05
2.3670e-05
2.6867e-05
2.1624e-05
2.4258e-05
2.3954e-05
2.3489e-05
2.3935e-05
2.2693e-05
2.8661e-05
2.2772e-05
2.2201e-05
2.6189e-05
2.2480e-05
2.5237e-05
2.5411e-05
2.3796e-05
2.6710e-05
2.6265e-05
2.4647e-05
2.5832e-05
2.4776e-05
2.4349e-05
2.5476e-05
2.3950e-05
2.7449e-05
2.7437e-05
2.2606e-05
2.7620e-05
2.6095e-05
2.5169e-05
3.0126e-05
2.4235e-05
2.7047e-05
2.9348e-05
2.3385e-05
2.7781e-05
2.8611e-05
2.6334e-05
2.7002e-05
2.7096e-05
2.6584e-05
2.9027e-05
2.9540e-05
2.5842e-05
2.8547e-05
2.7651e-05
2.6502e-05
2.7163e-05
2.7308e-05
2.9035e-05
2.7431e-05
2.8141e-05
2.9809e-05
2.5507e-05
2.8876e-05
3.0066e-05
2.6953e-05
3.0155e-05
2.6527e-05
2.8791e-05
2.8757e-05
2.6357e-05
3.2198e-05
2.5337e-05
2.9723e-05
3.2617e-05
2.7268e-05
3.3267e-05
2.9604e-05
2.7322e-05
3.2497e-05
3.0352e-05
2.6384e-05
3.0549e-05
3.2714e-05
2.5598e-05
2.8943e-05
3.1301e-05
2.8659e-05
3.1969e-05
3.0533e-05
3.0500e-05
3.0555e-05
3.1338e-05
3.3464e-05
2.8669e-05
3.0248e-05
3.0999e-05
3.0505e-05
3.1617e-05
3.0725e-05
3.1746e-05
3.0309e-05
3.2531e-05
3.2052e-05
3.1074e-05
3.3252e-05
3.0638e-05
3.2308e-05
3.2376e-05
3.0261e-05
3.2487e-05
3.0384e-05
3.1019e-05
3.3289e-05
3.0052e-05
3.1763e-05
3.2933e-05
3.0854e-05
3.3040e-05
3.0933e-05
3.2176e-05
3.3795e-05
2.8966e-05
3.3408e-05
3.3521e-05
2.9680e-05
3.4763e-05
3.4291e-05
3.1578e-05
3.6125e-05
3.4502e-05
3.1220e-05
3.5142e-05
3.4176e-05
3.3076e-05
3.3027e-05
3.2723e-05
3.5389e-05
3.0519e-05
3.3976e-05
3.6114e-05
2.9710e-05
3.7349e-05
3.4199e-05
3.2089e-05
3.7467e-05
3.2919e-05
3.7648e-05
3.1078e-05
3.1855e-05
4.0565e-05
2.9242e-05
3.5114e-05
3.8199e-05
3.2073e-05
3.7077e-05
3.6709e-05
3.3280e-05
3.5053e-05
3.4461e-05
3.3518e-05
3.7362e-05
3.2959e-05
3.5392e-05
3.7948e-05
2.9454e-05
3.9863e-05
3.7223e-05
3.1803e-05
4.1069e-05
3.3032e-05
3.4542e-05
4.0281e-05
3.4200e-05
3.4687e-05
3.7100e-05
3.5410e-05
3.4922e-05
3.8405e-05
3.6639e-05
3.2301e-05
3.7862e-05
3.5715e-05
3.3610e-05
3.9677e-05
3.4848e-05
3.5884e-05
3.8110e-05
3.4418e-05
3.8706e-05
3.7280e-05
3.8391e-05
4.0115e-05
3.7463e-05
3.8416e-05
3.6971e-05
3.9689e-05
4.2727e-05
4.3231e-05
4.1600e-05
4.6816e-05
5.5263e-05
6.0605e-05
7.8265e-05
8.9012e-05
8.7531e-05
1.1333e-04
1.2304e-04
1.0061e-04
1.3188e-04
1.4965e-04
1.3025e-04
1.1987e-04
6.7907e-05
2.1577e-05
3.6753e-05
2.8497e-05
-2.7409e-06
6.8589e-05
4.7079e-05
-8.4214e-05
-3.2055e-05
-1.6502e-05
-7.9261e-05
1.2890e-04
2.7918e-04
1.2142e-04
7.8415e-05
3.6829e-05
6.9524e-05
3.9418e-04
4.4876e-04
2.6388e-04
1.6647e-04
3.9927e-05
-1.2410e-04
-3.1046e-04
-4.6300e-04
-1.1764e-04
2.2271e-04
-8.5116e-05
3.4642e-04
6.2174e-04
-4.8325e-04
-1.4357e-04
7.6016e-04
-2.9495e-04
-5.4153e-04
2.4033e-04
-3.0678e-04
4.9449e-05
1.4873e-03
1.3258e-03
7.3265e-04
2.5102e-04
-4.4027e-04
-4.0560e-04
4.4404e-05
4.7183e-04
4.1965e-04
8.2468e-05
5.5938e-05
-9.5320e-05
-3.1662e-04
2.9570e-04
8.3173e-04
-1.2665e-04
-2.6582e-04
5.1814e-04
-1.2692e-04
-3.6812e-04
1.6837e-04
1.7819e-04
3.6289e-05
-5.3828e-04
-7.4004e-04
3.3431e-04
1.9771e-03
2.6069e-03
6.4054e-04
-2.7955e-03
-3.8620e-03
-8.8198e-04
2.2564e-03
3.4175e-03
3.2577e-03
2.3217e-04
-3.4102e-03
-3.3530e-03
-1.8920e-04
2.8474e-03
3.1830e-03
6.7668e-04
-5.9578e-04
-3.3626e-04
-1.1979e-03
-1.2945e-04
2.2614e-03
1.9428e-03
2.8279e-04
7.7278e-04
2.7825e-04
-2.2104e-03
-1.4376e-04
3.3713e-03
3.8213e-03
1.5844e-03
-3.1525e-03
-4.6638e-03
-1.6945e-03
2.5521e-03
4.6730e-03
2.5928e-03
-1.3766e-03
-7.5361e-03
-6.5369e-03
3.3444e-03
7.4353e-03
4.0482e-03
-2.6099e-03
-5.4393e-03
-2.5297e-03
8.9523e-04
2.7866e-03
1.8418e-03
1.1661e-04
-1.4503e-03
3.7535e-04
3.3584e-03
1.6519e-03
-9.3179e-04
-1.7827e-03
-1.4316e-03
-7.8103e-04
-4.0068e-04
-4.4286e-04
-2.4422e-03
-1.4594e-03
3.1787e-03
4.3042e-03
5.7752e-06
-4.7116e-03
-2.1933e-04
5.5423e-03
5.7116e-03
5.2067e-03
-2.1434e-03
-9.2102e-03
-3.3302e-03
6.7526e-03
5.1652e-03
-4.9132e-04
5.5740e-04
-2.8376e-03
-1.8816e-03
5.9879e-03
1.1095e-03
-1.9340e-03
2.9454e-03
-5.4951e-03
-1.3124e-02
-1.8922e-03
5.9391e-03
1.1422e-03
3.6067e-03
3.8602e-03
-3.2914e-03
-2.3987e-04
1.6236e-04
-1.9405e-03
3.7939e-03
6.1284e-03
1.4942e-03
-8.8172e-03
-1.4705e-02
-6.5908e-03
5.1277e-03
7.0121e-03
3.9299e-03
5.6130e-04
-4.9446e-03
-1.6526e-03
7.2890e-03
8.4557e-03
4.2756e-03
-3.9746e-03
-1.1528e-02
-9.5609e-03
-1.0790e-03
7.8824e-03
9.9275e-03
4.9532e-03
-2.4354e-03
-8.4582e-03
-5.5981e-04
9.3756e-03
1.0042e-02
1.0080e-02
2.3587e-03
-5.6683e-03
-7.5615e-03
-4.2217e-03
1.9876e-03
-3.7072e-04
2.2457e-04
2.8670e-03
1.4058e-03
-2.2055e-03
-7.6478e-03
-2.5270e-03
2.8789e-03
1.5758e-03
3.3983e-03
3.3177e-03
-1.7842e-03
-4.8789e-03
3.3750e-04
1.8341e-03
-1.7794e-03
4.0483e-03
4.2682e-03
-1.3701e-04
3.9684e-03
-8.9082e-05
-6.9130e-03
-1.9593e-04
7.1329e-03
9.5097e-03
1.4728e-02
6.7476e-03
-1.1636e-02
-1.4060e-02
-4.2915e-03
4.1697e-03
3.3003e-03
1.5033e-03
4.2808e-03
-3.2968e-03
-1.1122e-02
-3.4530e-03
6.0480e-03
6.6596e-03
1.1065e-03
-3.2451e-03
-2.8592e-03
7.7887e-04
7.6156e-03
6.2694e-03
-1.3074e-03
-2.7835e-03
-1.4474e-03
4.5123e-04
1.5888e-03
2.5532e-03
2.0239e-03
-3.2059e-03
-6.0505e-03
-3.7140e-03
-3.2899e-03
-3.8163e-03
4.3833e-03
1.2679e-02
6.0891e-03
-3.4977e-03
-4.9915e-03
-2.8050e-03
1.8791e-03
7.2868e-03
2.3508e-03
-6.9473e-03
-5.2268e-03
-4.7315e-03
-3.6174e-03
1.6117e-03
-4.3689e-04
-3.0886e-03
-2.4431e-03
2.2138e-03
7.5380e-03
1.1328e-02
1.0026e-02
2.2893e-04
-2.1786e-03
5.6598e-04
-1.3753e-03
7.3115e-04
3.7195e-03
-7.9306e-04
-6.8818e-03
-7.1305e-03
-2.5383e-03
4.1753e-03
8.5161e-03
4.6000e-03
2.4375e-03
7.5722e-03
4.5500e-03
-1.8287e-03
-4.0142e-03
-7.5704e-03
-7.5058e-03
-5.0171e-03
-4.8688e-03
-7.8594e-03
-4.2889e-03
3.2415e-03
4.8623e-04
-4.2073e-03
-6.6491e-03
-6.0572e-03
-5.2215e-03
-5.0196e-03
1.5810e-03
5.3090e-03
4.3684e-03
7.6584e-03
1.2041e-02
8.4774e-03
4.5276e-03
1.9427e-03
-9.2911e-03
-1.5628e-02
-1.3460e-02
-1.0195e-02
-5.7665e-04
9.7240e-03
1.0624e-02
7.7895e-03
8.6427e-03
1.0167e-02
1.1472e-02
1.2406e-02
6.0576e-03
-6.3810e-03
-7.0205e-03
-7.6643e-03
-1.7541e-02
-6.7685e-03
4.8140e-03
-1.1731e-03
4.1735e-04
7.3008e-03
8.4421e-03
5.1273e-03
6.5545e-03
5.3903e-03
-2.9683e-03
-3.8802e-03
-6.1271e-03
-9.3975e-03
-2.6469e-03
1.0168e-03
-4.9232e-04
1.4294e-04
-1.4861e-03
-2.2994e-03
-1.3425e-04
-1.2627e-03
-6.5726e-03
-9.6628e-03
-5.9824e-03
8.4107e-04
7.7225e-03
1.2064e-02
9.5647e-03
-1.5283e-03
-1.0616e-02
-1.2513e-02
-5.8834e-03
6.9451e-03
3.1388e-03
-8.7318e-03
-8.0609e-03
-5.9044e-03
-2.4989e-03
8.2743e-03
4.5335e-03
-5.5803e-03
6.0673e-03
1.4896e-02
1.1576e-02
1.2383e-02
6.3195e-03
-2.8627e-03
1.2448e-03
3.2094e-03
-1.1279e-03
1.8076e-03
6.8347e-03
3.0970e-03
-6.2434e-03
-4.3529e-03
1.6411e-03
1.6489e-03
4.7841e-04
1.0312e-04
-4.4983e-04
-3.2990e-03
-9.3318e-04
2.4574e-03
4.2506e-03
1.0890e-02
1.3993e-02
-5.4817e-04
-2.0065e-02
-1.6934e-02
-5.3020e-03
4.7073e-03
1.1370e-02
5.7231e-03
2.8193e-03
-2.5222e-03
-1.2623e-03
7.0402e-03
2.9678e-03
7.6054e-03
1.2515e-02
9.6408e-03
4.6613e-03
-8.6793e-03
-8.0872e-03
-9.2889e-05
-1.9336e-03
-5.4717e-03
-1.2291e-02
-1.3405e-02
-6.3440e-03
-1.2900e-03
1.5465e-03
-6.6986e-04
-8.3956e-05
9.9727e-04
-1.8609e-03
7.7804e-03
1.6184e-02
1.2522e-02
-5.0438e-04
-2.1103e-02
-2.4964e-02
-1.2089e-02
2.8595e-03
8.4954e-03
6.7479e-03
9.6458e-03
4.7362e-03
-3.0917e-03
6.3521e-03
2.3105e-02
1.5114e-02
-4.5690e-03
-6.1830e-03
-1.6738e-03
3.4928e-03
-2.6977e-03
-6.3170e-03
7.5425e-03
7.9163e-03
-2.9659e-04
-5.0428e-03
-4.7401e-03
-2.5278e-03
-3.6358e-03
-1.8191e-03
-7.4143e-03
-1.5899e-02
-8.3106e-03
1.2558e-02
2.2514e-02
2.2453e-02
1.4887e-02
-1.2491e-02
-2.1217e-02
-6.5858e-03
-4.4707e-03
-2.2653e-03
6.7670e-03
8.3792e-03
4.7731e-03
2.5914e-03
-4.7131e-03
-5.0764e-03
1.0763e-02
1.3213e-02
4.8412e-03
-1.9499e-03
-1.5356e-02
-2.2689e-02
-1.7489e-02
-3.9870e-04
2.0074e-02
2.7919e-02
2.2320e-02
4.7908e-03
-1.0500e-02
-1.6541e-02
-1.8948e-02
-9.7728e-03
-5.8043e-03
-6.8245e-03
3.7025e-03
3.4207e-03
-3.1650e-03
-4.0811e-03
-4.4621e-03
4.1762e-03
1.1021e-02
5.1942e-03
-3.0540e-03
-1.0372e-02
-1.1235e-02
-9.4582e-03
-1.7942e-02
-1.6872e-02
-5.7648e-04
7.0860e-03
8.3811e-03
1.1112e-02
1.1200e-02
1.3977e-03
-8.3400e-03
5.1546e-03
1.8303e-02
1.2020e-02
-1.5562e-03
-1.4096e-02
-5.4680e-03
5.1354e-03
5.3758e-03
1.0200e-02
5.5898e-03
-1.8442e-03
-7.9969e-03
-8.4079e-03
2.8801e-04
3.5936e-03
1.2594e-02
1.3375e-02
6.6346e-03
1.0114e-02
-5.4619e-06
-3.2818e-03
4.8915e-03
-9.5789e-03
-2.1882e-02
-1.6903e-02
-9.2235e-03
-2.1469e-03
3.3504e-03
8.4827e-04
-1.0261e-02
-7.8087e-03
1.1997e-03
2.1854e-04
-3.6377e-03
-9.5594e-03
-7.5138e-03
-1.9162e-03
-1.7489e-03
-3.4851e-03
-8.0756e-03
-8.2843e-03
-2.4658e-03
9.1110e-03
1.6243e-02
1.2336e-02
4.2898e-03
-1.0423e-02
-2.2500e-02
-2.0138e-02
-1.6914e-03
1.5793e-02
1.4934e-02
2.3583e-03
-1.0508e-02
-1.4304e-02
-1.0634e-02
-1.6252e-03
1.0144e-02
1.4857e-02
6.2305e-03
-7.2804e-03
-1.3966e-02
-1.9350e-02
-2.0929e-02
-1.4040e-02
-1.1885e-03
1.0221e-02
3.2833e-03
-8.8251e-03
-2.3034e-02
-4.6825e-02
-4.6051e-02
-2.8064e-02
-2.1124e-02
-1.8454e-02
-1.8743e-02
-2.0136e-02
-1.8289e-02
-1.8951e-02
-2.4497e-02
-1.8733e-02
8.4773e-04
1.1922e-02
3.1203e-03
-5.4646e-03
-1.0570e-02
-1.7232e-02
-1.1214e-02
-1.0782e-02
-1.3922e-02
-1.1525e-02
-9.2812e-03
-2.3952e-03
-4.9359e-03
-5.8407e-03
-4.3139e-03
-1.7338e-02
-3.2329e-02
-4.1717e-02
-3.6340e-02
-2.3764e-02
-2.0112e-02
-1.3392e-02
-4.7084e-04
-9.4906e-05
-2.0477e-02
-3.1225e-02
-2.1323e-02
-2.0718e-02
-3.0918e-02
-2.9029e-02
-1.6995e-02
-1.5372e-02
-1.2239e-02
-1.7723e-04
1.2345e-02
2.5082e-02
2.2763e-02
1.7733e-02
1.5802e-02
8.6779e-03
1.5162e-02
3.5515e-02
5.8820e-02
6.9931e-02
7.1553e-02
7.7474e-02
7.5329e-02
6.8625e-02
6.5900e-02
4.9252e-02
1.4451e-02
-5.4529e-03
-2.0553e-03
8.8593e-03
2.1202e-02
2.5235e-02
5.0274e-02
8.0453e-02
7.0318e-02
5.8362e-02
3.8038e-02
9.1408e-03
1.1487e-02
1.9170e-02
1.6405e-02
-2.7596e-04
-1.0143e-02
-1.4597e-02
-3.0237e-02
-2.3122e-02
-1.1000e-02
7.1189e-03
1.9094e-02
-1.0298e-02
-2.8573e-02
-2.9037e-02
-4.6962e-02
-6.6082e-02
-6.2946e-02
-4.1622e-02
-3.1471e-02
-4.2694e-02
-3.7159e-02
-1.2915e-02
-2.0673e-03
-5.5317e-04
1.1841e-02
4.0853e-02
5.4615e-02
6.5174e-02
8.5606e-02
8.0691e-02
6.9675e-02
4.2297e-02
-5.0182e-04
-1.1947e-02
-2.6463e-02
-4.5080e-02
-3.6279e-02
-1.9434e-02
-5.5228e-04
1.5804e-02
1.9670e-02
8.1155e-03
-9.1692e-03
-2.0713e-02
-2.2788e-02
-1.6041e-02
-5.8113e-03
-3.1835e-03
-3.9048e-03
5.9913e-03
5.9666e-03
1.8210e-02
3.7830e-02
1.4377e-02
-2.1341e-02
-4.4184e-02
-4.9561e-02
-4.1041e-02
-2.3591e-02
6.4685e-04
1.2514e-02
5.9938e-03
-1.2279e-02
-2.2327e-02
-3.8097e-02
-4.4729e-02
-3.7725e-02
-5.0180e-02
-3.9966e-02
-2.0915e-02
-2.9020e-02
-7.4909e-03
2.3249e-02
2.1953e-02
2.8387e-02
2.4865e-02
8.7966e-03
-2.6154e-02
-3.7686e-02
-1.0746e-02
-4.9506e-02
-8.2777e-02
-9.0054e-02
-4.7857e-02
9.3958e-03
-2.1985e-02
1.0884e-02
4.4362e-02
9.6404e-03
-1.8876e-04
-2.3395e-02
-3.5526e-02
-3.7133e-02
-5.9779e-02
-3.4954e-02
-3.2618e-02
-8.3230e-02
-4.0981e-02
2.6627e-03
2.5260e-04
6.0519e-03
7.7769e-03
-5.5800e-03
-6.8253e-03
6.9783e-02
3.8609e-02
-5.4651e-02
-3.4412e-02
-2.6939e-02
-3.0756e-02
6.2017e-04
4.8413e-02
8.4914e-02
8.9105e-02
1.0086e-01
1.0977e-01
1.2281e-01
1.3940e-01
9.2289e-02
3.1161e-02
-6.4529e-03
-4.7322e-02
-9.3307e-02
-7.2373e-02
2.0052e-02
-2.0884e-02
-9.3208e-02
-5.7041e-02
-2.8173e-02
-7.0998e-03
-2.7269e-02
-5.0144e-02
-2.3161e-02
-9.3673e-03
-9.2476e-03
-1.4530e-02
3.5851e-02
1.0136e-01
6.6561e-02
1.9387e-02
1.1313e-03
-4.7786e-02
-8.1848e-02
-1.0411e-01
-1.3909e-01
-1.0229e-01
-7.9744e-02
-3.7832e-02
1.3363e-01
1.5314e-01
8.8505e-02
1.1535e-01
7.8759e-02
4.4190e-02
5.8327e-02
7.1760e-02
1.2688e-01
1.8968e-01
1.5428e-01
9.4543e-02
8.2209e-02
3.4059e-02
-3.1821e-02
-8.4002e-02
-8.5761e-02
-1.1771e-01
-2.0247e-01
-1.0383e-01
-1.0821e-01
-1.5245e-01
8.8399e-02
8.9872e-02
2.1556e-02
6.8790e-02
5.8591e-02
1.0094e-01
-3.2285e-02
-2.2811e-02
1.1719e-01
4.5375e-02
5.4707e-02
1.1383e-01
1.2048e-01
1.3459e-01
1.1642e-01
4.2752e-02
2.6101e-02
8.6799e-02
1.3236e-01
1.5843e-01
8.8293e-02
5.1177e-02
5.0655e-02
-3.6304e-02
-7.6896e-02
-8.4541e-02
-8.1092e-02
-1.2154e-01
-1.8656e-01
-1.7961e-01
-1.8275e-01
-1.7492e-01
-1.2595e-01
-5.2186e-02
-4.6345e-03
9.3061e-03
7.1263e-02
1.0339e-01
6.5217e-02
6.6562e-02
5.8185e-02
1.0877e-02
4.3589e-02
9.0635e-02
8.8518e-02
1.0624e-01
6.5784e-02
-6.7688e-03
-5.3165e-03
-2.4153e-02
1.2396e-02
-5.3814e-02
-1.4592e-01
2.3070e-02
-5.4969e-02
-1.8992e-01
-1.2253e-01
-1.7889e-01
-1.6481e-01
-1.2102e-01
-9.7661e-02
-1.2786e-02
-3.5072e-03
-2.3774e-02
2.5613e-02
4.1372e-02
3.7878e-02
7.3061e-02
3.5198e-02
3.6061e-02
7.0100e-02
4.4204e-02
4.8714e-02
6.7654e-02
8.0391e-02
3.5579e-02
2.7384e-02
6.4844e-02
-2.2729e-02
-8.1386e-02
-3.2350e-02
-1.0804e-03
-7.2138e-03
-1.6521e-02
-1.9888e-02
-2.4334e-02
-1.2142e-02
1.5625e-02
1.3935e-02
-1.9249e-02
-1.8400e-02
-2.4055e-02
-2.9877e-04
6.1260e-02
3.1466e-02
5.0941e-02
9.9590e-02
5.0099e-02
4.4632e-02
4.0320e-02
-2.1878e-02
-6.5803e-02
-5.0440e-02
-1.6535e-02
-2.4862e-02
-2.1731e-03
2.1602e-03
-3.1288e-02
-3.0671e-02
-4.6414e-02
-6.7687e-02
-7.1559e-02
-6.7135e-02
-5.7418e-02
-3.1652e-02
-4.1806e-02
-2.9035e-02
2.7853e-02
-4.0358e-02
-7.7491e-02
-2.1263e-02
1.5044e-03
9.8808e-03
7.1570e-03
4.0555e-02
5.4294e-02
3.1839e-02
1.3560e-02
1.9756e-02
4.1052e-02
-9.9430e-04
3.3974e-02
8.7322e-02
8.7115e-03
-4.1019e-02
-2.9381e-02
-1.3500e-02
-2.3116e-02
-9.0917e-03
3.0874e-02
1.6180e-02
3.3470e-02
5.7879e-02
2.4934e-02
7.2967e-03
1.3983e-02
1.2473e-02
4.4243e-02
1.2810e-01
1.6054e-01
1.4916e-01
1.1906e-01
5.2636e-02
2.2452e-02
-7.2926e-02
-1.8649e-01
-9.3648e-02
-1.0483e-02
-5.6836e-02
-7.6857e-03
1.4454e-02
-3.2081e-02
2.5017e-02
3.2571e-02
-3.6420e-02
-3.5749e-02
-3.0166e-02
-9.7182e-02
-6.7659e-02
-2.3107e-02
-3.4677e-02
9.4690e-03
-1.0728e-01
-9.9636e-02
-1.5507e-02
-3.0700e-02
1.4293e-01
1.3256e-01
4.4023e-02
6.1565e-02
-8.3896e-05
-8.4983e-02
-1.5213e-01
-6.3584e-02
-7.3731e-03
-3.8091e-02
-2.4720e-02
-2.2781e-02
1.7354e-02
5.0983e-02
5.2083e-02
4.7535e-02
1.3872e-02
-1.1069e-02
-9.7680e-03
-4.6755e-02
-6.5323e-02
-1.0978e-02
-2.9133e-02
-1.9575e-02
7.8710e-02
6.9819e-02
4.6510e-02
7.0525e-02
3.5808e-02
-2.3798e-02
-2.4131e-02
2.7581e-02
4.6987e-02
3.5372e-02
8.3107e-03
-5.6733e-03
2.3073e-02
3.3470e-02
5.1408e-02
7.8883e-02
6.2716e-02
3.7483e-02
2.1661e-02
2.2382e-02
7.6849e-03
-2.2941e-02
-3.8756e-03
1.6392e-02
-1.1300e-02
-3.4607e-02
-4.1983e-02
-4.3217e-02
-3.8012e-02
-5.6492e-02
-5.0057e-02
-4.4907e-02
-8.3265e-02
-6.2694e-02
-4.8664e-02
-7.7313e-02
-5.5195e-02
-2.6436e-02
-1.6276e-02
-1.9388e-03
-2.6657e-02
-6.5325e-02
-7.2674e-02
-7.3834e-02
-4.4703e-02
-3.3237e-02
-3.7173e-02
1.2461e-02
9.6800e-03
-1.4950e-02
-1.7262e-02
-3.3746e-02
3.4137e-03
-3.9895e-02
-8.6221e-02
-4.8456e-02
-4.0033e-02
5.5196e-02
5.1098e-02
-7.3480e-03
2.7114e-02
-2.2569e-03
4.7368e-03
1.9545e-02
4.5614e-02
3.1919e-02
-3.2565e-02
1.7267e-02
4.1809e-02
2.2998e-02
2.0910e-02
2.8026e-02
5.6562e-02
4.9217e-02
3.1589e-02
1.6058e-02
2.9934e-02
1.1432e-02
-3.7067e-02
-1.4439e-03
-9.1210e-03
2.4890e-02
7.1611e-02
1.6098e-02
4.2715e-02
4.5964e-02
4.3292e-02
4.7424e-02
-2.2455e-02
-3.1157e-02
-3.5466e-02
-4.3336e-02
-7.1772e-02
-9.3352e-02
-4.7660e-02
7.5877e-03
8.7241e-02
6.8550e-02
7.6211e-02
1.4077e-01
9.2643e-02
8.1616e-02
3.5226e-02
7.9722e-03
1.0357e-01
8.7366e-02
1.6653e-02
6.0958e-02
9.5458e-02
3.5817e-02
1.0396e-02
-8.8822e-03
1.1490e-02
6.6878e-02
-5.7244e-03
-1.1368e-02
2.9686e-02
-9.3281e-03
-1.2179e-02
-2.7323e-02
-4.6170e-02
-5.0992e-02
-6.2983e-02
-5.8267e-02
-3.8597e-02
-9.2005e-03
-2.6963e-03
-9.9395e-03
-1.6139e-02
-3.2763e-02
-3.5015e-02
-3.0194e-02
-4.8277e-02
-3.8402e-02
-1.5416e-02
-1.9472e-02
1.1063e-02
2.7984e-02
1.6564e-02
4.2164e-02
5.4981e-02
2.4182e-02
-9.9662e-03
1.7432e-03
1.5626e-02
-5.2619e-04
6.6415e-03
1.6914e-02
1.9113e-02
3.2105e-02
3.8959e-02
3.0621e-02
1.9521e-02
9.4899e-03
-4.8498e-03
-9.6237e-04
1.1670e-02
1.3279e-02
2.3860e-02
3.3707e-02
2.3928e-02
6.8315e-03
-1.1177e-02
-2.7769e-02
-2.6489e-02
-1.4520e-02
-7.1663e-03
-1.0711e-02
-2.7184e-02
-3.5309e-02
-3.1107e-02
-2.1001e-02
-5.8717e-03
2.4206e-03
-1.8745e-03
-1.0444e-02
-1.4459e-02
-1.4152e-02
-1.4662e-02
-1.5166e-02
-3.1101e-03
6.6061e-03
7.7001e-04
-8.9859e-03
-2.2169e-02
-2.6428e-02
-2.8949e-02
-3.6195e-02
-3.2565e-02
-3.8038e-02
-3.8813e-02
-2.2332e-02
-2.0889e-02
-1.8125e-02
-1.2281e-02
-1.9453e-02
-3.2758e-02
-4.7418e-02
-4.6568e-02
-4.3085e-02
-3.7097e-02
-1.2452e-02
4.1432e-03
1.4150e-02
2.3150e-02
1.3136e-02
9.3404e-04
-1.0629e-02
-2.8774e-02
-3.6110e-02
-4.1732e-02
-4.2097e-02
-2.4379e-02
-8.4941e-03
1.1205e-02
2.8252e-02
2.9918e-02
3.3658e-02
2.8826e-02
7.4008e-03
-1.5993e-02
-2.2089e-02
-1.1110e-02
-4.8696e-03
-7.7277e-03
-2.1767e-02
-3.3176e-02
-2.0902e-02
-1.9944e-03
1.0914e-02
1.5737e-02
6.3876e-03
1.9709e-03
6.1477e-03
7.7055e-03
1.0453e-02
1.4300e-02
2.2120e-02
3.2025e-02
3.6518e-02
3.8452e-02
4.1527e-02
4.2251e-02
4.4575e-02
4.6813e-02
3.7459e-02
2.6861e-02
2.3924e-02
2.2179e-02
1.9786e-02
1.5301e-02
9.8802e-03
4.3514e-03
7.7252e-03
2.8175e-02
3.5323e-02
2.4382e-02
2.9794e-02
3.7551e-02
3.1877e-02
2.6518e-02
1.4877e-02
-9.4556e-04
-8.7921e-03
-9.9375e-03
-2.8424e-03
4.9732e-03
9.1712e-03
1.7298e-02
2.1942e-02
1.7896e-02
1.0094e-02
2.9749e-03
-1.2007e-03
-7.9103e-03
-9.6444e-03
-5.7306e-04
4.7751e-03
6.0918e-03
7.6934e-03
6.6524e-03
6.4191e-03
5.2128e-03
1.0355e-03
-7.0993e-04
1.3480e-03
3.7113e-03
5.6875e-03
7.9815e-03
9.6734e-03
9.7543e-03
8.5968e-03
5.5421e-03
-3.0427e-04
4.6498e-04
9.9812e-03
1.2949e-02
8.7714e-03
6.9064e-03
5.7323e-03
5.6978e-03
9.4480e-03
1.0809e-02
5.4690e-03
-3.4064e-03
-1.4727e-02
-2.5095e-02
-2.8756e-02
-2.9021e-02
-2.9773e-02
-2.9929e-02
-2.7631e-02
-2.1777e-02
-1.4876e-02
-1.1949e-02
-1.5486e-02
-1.9409e-02
-2.4250e-02
-3.5257e-02
-4.3481e-02
-4.2959e-02
-3.9864e-02
-3.6161e-02
-3.1605e-02
-2.9731e-02
-2.6643e-02
-2.2863e-02
-1.8846e-02
-9.0426e-03
-3.1417e-03
-8.3608e-03
-1.8964e-02
-2.5570e-02
-3.0210e-02
-3.7304e-02
-3.7771e-02
-3.3361e-02
-2.7378e-02
-2.1246e-02
-2.0435e-02
-2.2408e-02
-2.7157e-02
-2.8604e-02
-1.8404e-02
-6.8078e-03
2.8605e-05
5.2027e-03
5.8903e-03
1.4948e-04
-7.6481e-03
-6.7414e-03
-1.9622e-03
-1.6425e-03
7.7753e-04
4.6427e-03
8.6700e-03
9.2810e-03
6.4467e-03
4.1861e-03
5.0838e-04
4.3093e-04
1.8956e-03
-1.3048e-04
-3.8468e-03
-6.3374e-03
-9.4334e-03
-1.4934e-02
-1.4372e-02
-1.3377e-02
-1.7321e-02
-1.7046e-02
-1.2367e-02
-9.0442e-03
-1.0112e-02
-1.0542e-02
-8.9933e-03
-7.0387e-03
-1.1096e-03
1.6916e-03
-4.3441e-04
3.6352e-03
1.0425e-02
1.2670e-02
1.2501e-02
9.6785e-03
8.3696e-03
8.5050e-03
4.6502e-03
3.5956e-03
5.0735e-03
5.0071e-03
8.9880e-03
1.3200e-02
1.1466e-02
7.7050e-03
7.6508e-03
1.1304e-02
1.6551e-02
2.1732e-02
2.4130e-02
2.4463e-02
2.2868e-02
2.1684e-02
2.2398e-02
2.0847e-02
1.7744e-02
1.7974e-02
2.1777e-02
2.3255e-02
2.5557e-02
2.8088e-02
2.3949e-02
1.7520e-02
1.0196e-02
7.9897e-03
1.0096e-02
8.6527e-03
8.4005e-03
7.8948e-03
4.5201e-03
-1.6009e-03
-5.6288e-03
-2.0281e-03
2.7459e-03
6.9980e-03
1.0842e-02
8.8054e-03
3.9506e-03
2.7576e-03
3.2640e-03
5.1181e-03
1.0183e-02
1.5627e-02
2.0658e-02
2.1986e-02
1.8148e-02
1.4942e-02
1.2771e-02
1.1813e-02
1.2576e-02
1.2410e-02
1.2026e-02
1.0940e-02
8.0686e-03
5.0634e-03
2.4012e-03
-1.1591e-03
-5.3881e-03
-1.1267e-02
-2.0738e-02
-2.7443e-02
-2.5371e-02
-2.1824e-02
-2.0211e-02
-1.8152e-02
-2.0805e-02
-2.5609e-02
-2.5785e-02
-2.5554e-02
-2.6982e-02
-2.6562e-02
-2.2047e-02
-1.1858e-02
-7.1058e-03
-1.0860e-02
-1.3745e-02
-1.9497e-02
-2.0495e-02
-1.5945e-02
-1.2913e-02
-7.9991e-03
-6.7118e-03
-8.0367e-03
-1.2851e-02
-1.8297e-02
-1.9654e-02
-1.9271e-02
-1.0754e-02
4.8939e-04
8.7483e-03
1.4344e-02
1.2747e-02
4.5240e-03
-3.2060e-03
-3.4852e-03
-7.6014e-04
3.8749e-03
1.2575e-02
1.8737e-02
1.9280e-02
1.8360e-02
1.8892e-02
2.0330e-02
2.2874e-02
2.4633e-02
2.5549e-02
2.4859e-02
2.0073e-02
1.5088e-02
1.2341e-02
1.1279e-02
1.1467e-02
1.0437e-02
6.9423e-03
4.6881e-03
5.5557e-03
7.8624e-03
1.0466e-02
9.7751e-03
6.0359e-03
2.4519e-03
-3.5000e-04
-1.6717e-03
-3.0964e-03
-3.0075e-03
-4.1112e-04
2.1850e-03
6.1904e-03
8.3089e-03
6.1991e-03
3.9296e-03
2.8692e-03
1.8441e-03
-1.3358e-03
-4.7767e-03
-5.5582e-03
-4.7558e-03
-3.5446e-03
-5.3099e-03
-8.8970e-03
-8.9673e-03
-7.7361e-03
-7.6518e-03
-9.9839e-03
-1.3505e-02
-1.3959e-02
-1.3441e-02
-1.2188e-02
-1.0392e-02
-1.0396e-02
-9.4757e-03
-8.8093e-03
-1.0439e-02
-1.0658e-02
-8.3363e-03
-5.5456e-03
-2.9555e-03
-3.3804e-03
-6.7748e-03
-4.3788e-03
1.4548e-03
4.2891e-03
6.3564e-03
2.2239e-03
-4.6285e-03
-4.4726e-03
-2.3095e-03
-1.7660e-03
2.1440e-03
8.1244e-03
8.6534e-03
4.5007e-03
-1.2096e-03
-1.3254e-03
6.8750e-03
1.3845e-02
1.6598e-02
1.4443e-02
1.1970e-02
9.4186e-03
3.7925e-03
3.0366e-03
5.8715e-03
1.1616e-02
1.8203e-02
1.9868e-02
2.0100e-02
1.9723e-02
1.9154e-02
1.8479e-02
1.6642e-02
1.3203e-02
1.4096e-02
1.9730e-02
1.9603e-02
1.8898e-02
1.9598e-02
1.5961e-02
1.1392e-02
6.6777e-03
3.8208e-03
3.8038e-03
4.5578e-03
5.6471e-03
5.3337e-03
5.3948e-03
5.0184e-03
3.2971e-03
6.3761e-03
1.1226e-02
1.0314e-02
5.8963e-03
3.1270e-03
9.1231e-04
-2.8997e-03
-5.6829e-03
-6.1849e-03
-4.4246e-03
-2.1026e-03
-1.7196e-03
-4.0306e-03
-6.7591e-03
-6.5740e-03
-4.6251e-03
-2.3902e-03
-2.2509e-03
-4.8688e-03
-6.2938e-03
-5.5021e-03
-3.9013e-03
-2.1432e-03
-7.4267e-04
-3.1476e-05
2.2578e-04
3.2949e-04
8.7330e-04
2.0078e-03
2.4404e-03
1.1684e-03
-1.6426e-03
-4.0787e-03
-4.1156e-03
-3.2622e-03
-3.6689e-03
-3.2607e-03
-1.2129e-03
-7.2604e-04
-2.8137e-03
-6.0208e-03
-8.1095e-03
-8.3902e-03
-8.1332e-03
-7.2471e-03
-4.9111e-03
-3.4353e-03
-5.6709e-03
-8.3529e-03
-9.5749e-03
-1.0184e-02
-9.4334e-03
-8.3921e-03
-7.4808e-03
-7.0064e-03
-8.0048e-03
-1.0873e-02
-1.2360e-02
-9.3634e-03
-4.9218e-03
-2.6192e-03
-2.4935e-03
-3.9331e-04
2.9616e-03
2.3046e-03
-1.6231e-03
-6.7478e-03
-1.0731e-02
-8.4324e-03
-1.9850e-03
9.9339e-04
4.2054e-03
1.0363e-02
1.1941e-02
7.3614e-03
1.9003e-03
1.6329e-03
3.4404e-03
1.4438e-03
-7.5141e-05
4.6951e-06
7.7019e-04
2.7323e-03
1.9114e-03
-2.6205e-03
-7.9732e-03
-1.0909e-02
-1.2535e-02
-1.1847e-02
-5.3510e-03
-2.1850e-03
-4.4400e-03
-5.6674e-03
-4.9839e-03
-9.1185e-04
6.4419e-04
-5.1870e-04
-8.1975e-04
-3.5620e-03
-4.7109e-03
-3.5341e-03
9.6550e-05
5.4982e-03
5.9411e-03
6.0799e-03
8.3149e-03
6.3905e-03
1.4284e-03
-1.5010e-03
-3.0027e-03
-4.1571e-03
-3.4480e-03
-4.1801e-03
-7.2553e-03
-9.7031e-03
-1.0599e-02
-1.2287e-02
-1.6471e-02
-2.0174e-02
-2.4196e-02
-2.7929e-02
-2.7492e-02
-2.5392e-02
-2.4221e-02
-2.3215e-02
-2.2492e-02
-2.2041e-02
-2.1025e-02
-1.8059e-02
-1.3334e-02
-9.2870e-03
-7.1319e-03
-5.4860e-03
-4.4903e-04
3.9116e-03
2.0455e-03
-4.3590e-05
-1.4537e-03
-2.0289e-03
2.1475e-03
5.4424e-03
6.6344e-03
9.1679e-03
1.1052e-02
1.3667e-02
1.4862e-02
1.2252e-02
1.0825e-02
9.4721e-03
6.5814e-03
4.2303e-03
3.0246e-03
3.2290e-03
3.7038e-03
2.2511e-03
-1.5478e-03
-3.7002e-03
-4.4394e-03
-5.2545e-03
-3.5722e-03
-3.8114e-04
1.6235e-03
1.2080e-04
-4.4720e-04
2.4200e-03
3.1759e-03
2.4209e-03
6.4375e-04
-1.0557e-03
-8.5749e-04
-7.5327e-04
5.8312e-04
2.5556e-03
6.1386e-03
1.2417e-02
1.5469e-02
1.3944e-02
1.0099e-02
5.1650e-03
4.0399e-03
7.8033e-03
8.5743e-03
3.8275e-03
-1.0450e-03
-4.2389e-03
-4.2775e-03
-1.9440e-03
-1.0122e-03
-2.5399e-03
-4.7992e-03
-4.2670e-03
-1.9736e-03
6.6473e-04
1.1612e-03
-6.5727e-04
7.7724e-05
1.6635e-03
3.1748e-03
4.8049e-03
7.3925e-03
1.1410e-02
1.2757e-02
1.1519e-02
9.9145e-03
9.3181e-03
7.3180e-03
6.0307e-03
8.5068e-03
8.2559e-03
5.7141e-03
4.1261e-03
4.5527e-03
6.2664e-03
4.9513e-03
1.4487e-03
-1.6931e-03
-2.5909e-03
-2.9644e-03
-4.1634e-03
-3.6788e-03
-3.8734e-03
-4.5435e-03
-2.4215e-03
3.1446e-04
1.5701e-03
5.1847e-06
-4.5566e-03
-8.5150e-03
-1.0773e-02
-1.2518e-02
-1.3923e-02
-1.4658e-02
-1.3609e-02
-1.2979e-02
-1.4273e-02
-1.4445e-02
-1.2461e-02
-9.9740e-03
-1.1716e-02
-1.7012e-02
-2.0722e-02
-2.3364e-02
-1.9743e-02
-1.2367e-02
-1.0157e-02
-8.0538e-03
-6.8299e-03
-7.9050e-03
-7.3445e-03
-5.2516e-03
-2.5127e-03
-3.4889e-03
-4.8016e-03
-2.6766e-03
1.5038e-04
3.9273e-03
5.6431e-03
4.8765e-03
2.6253e-03
-2.2344e-03
-7.2281e-03
-8.3833e-03
-4.0956e-03
-4.7180e-04
7.9201e-04
6.3786e-04
-4.5581e-04
3.3207e-03
5.6816e-03
4.7582e-03
7.6728e-03
1.1530e-02
1.4851e-02
1.5334e-02
1.3406e-02
1.2278e-02
9.4925e-03
9.7572e-03
1.4131e-02
1.6042e-02
1.6924e-02
1.6046e-02
1.1507e-02
7.2808e-03
6.4335e-03
8.7381e-03
9.5802e-03
8.4363e-03
7.9507e-03
7.0337e-03
6.7528e-03
8.4071e-03
8.3328e-03
5.0505e-03
4.7754e-03
6.5677e-03
5.3280e-03
5.1880e-03
8.1006e-03
1.1495e-02
1.2928e-02
1.0569e-02
6.5836e-03
6.0794e-03
9.0509e-03
9.2482e-03
6.8928e-03
7.2542e-03
6.7837e-03
3.3633e-03
1.6292e-03
1.7330e-04
-2.2287e-03
-5.3780e-03
-8.1672e-03
-7.3084e-03
-6.0652e-03
-6.7886e-03
-8.9925e-03
-1.1948e-02
-1.2369e-02
-1.2065e-02
-1.3158e-02
-1.3640e-02
-1.2243e-02
-8.7503e-03
-8.1964e-03
-1.0689e-02
-9.4048e-03
-5.8527e-03
-4.1839e-03
-4.5092e-03
-4.7495e-03
-5.2163e-03
-7.5387e-03
-1.1841e-02
-1.7389e-02
-1.9724e-02
-1.9916e-02
-1.8779e-02
-1.3892e-02
-9.4098e-03
-5.2447e-03
-2.4961e-03
-2.8992e-03
-2.9388e-03
-2.9750e-03
-1.6264e-03
-9.4717e-04
-1.3571e-03
9.9641e-04
2.5766e-03
3.9323e-03
5.6853e-03
6.5983e-03
7.1870e-03
6.2432e-03
6.9680e-03
8.8900e-03
9.8869e-03
9.9677e-03
7.8242e-03
7.2193e-03
8.7338e-03
8.8325e-03
8.5461e-03
8.1336e-03
6.7248e-03
6.3488e-03
7.2377e-03
7.9521e-03
8.3027e-03
7.8008e-03
6.9948e-03
7.8119e-03
1.1514e-02
1.4116e-02
1.3116e-02
1.2635e-02
1.2825e-02
1.2793e-02
1.3394e-02
1.1782e-02
7.4731e-03
4.9107e-03
4.9180e-03
4.2298e-03
3.2148e-03
3.0948e-03
1.7036e-03
-1.3609e-04
-5.1686e-04
-7.1749e-04
-1.8778e-04
1.0495e-03
8.8588e-04
4.5165e-04
9.4048e-04
6.4042e-05
-1.5422e-03
-2.1729e-03
-3.1796e-03
-2.9599e-03
-4.2308e-04
2.0153e-03
3.3414e-03
2.0685e-03
-2.1440e-03
-5.3749e-03
-6.4949e-03
-7.1243e-03
-6.2178e-03
-4.7299e-03
-5.5090e-03
-7.8389e-03
-1.0634e-02
-1.2513e-02
-1.0951e-02
-9.9920e-03
-1.2374e-02
-1.4539e-02
-1.6118e-02
-1.5335e-02
-1.2037e-02
-9.4070e-03
-6.6203e-03
-4.1128e-03
-4.5283e-03
-6.8460e-03
-6.5401e-03
-3.7899e-03
-1.6769e-03
-2.9984e-04
-7.2538e-04
-3.2441e-03
-5.8914e-03
-6.9631e-03
-5.8810e-03
-3.7350e-03
-3.1983e-03
-4.5858e-03
-4.6173e-03
-2.9556e-03
-9.7049e-04
1.0575e-03
2.2295e-03
3.4502e-03
5.8667e-03
7.3662e-03
7.5208e-03
8.6523e-03
7.4905e-03
2.3402e-03
-1.5486e-03
-3.1452e-03
-2.6131e-03
1.1079e-03
5.9592e-03
7.9203e-03
6.0160e-03
2.4714e-03
-3.5431e-03
-6.8354e-03
-4.0750e-03
-1.3084e-03
8.0751e-04
6.3679e-04
-1.2025e-03
-1.2311e-03
-2.5992e-03
-4.3656e-03
-3.0546e-03
-1.7337e-04
1.4743e-03
2.2034e-03
1.4585e-03
-2.9642e-03
-6.6701e-03
-6.1157e-03
-4.0848e-03
-2.1995e-03
-1.0714e-03
-4.3447e-04
-1.3251e-03
-3.2580e-03
-1.1118e-03
2.4933e-03
2.4448e-03
-1.1042e-03
-5.7562e-03
-6.9936e-03
-4.5826e-03
-2.7146e-04
1.2939e-03
-7.3052e-04
1.1269e-03
4.0601e-03
4.1851e-03
5.2177e-03
6.4522e-03
6.2777e-03
5.3754e-03
4.5363e-03
3.1545e-03
3.0403e-03
6.8986e-03
1.0385e-02
1.2139e-02
1.4413e-02
1.5065e-02
1.3856e-02
1.1510e-02
8.7804e-03
6.4923e-03
5.2348e-03
6.4392e-03
8.8952e-03
1.2441e-02
1.4470e-02
1.2375e-02
1.0221e-02
8.6250e-03
6.2806e-03
5.7614e-03
8.0888e-03
9.7566e-03
8.8656e-03
6.0623e-03
2.4800e-03
7.5013e-04
1.5179e-03
4.4540e-03
8.2079e-03
1.1252e-02
1.2391e-02
1.0763e-02
6.9552e-03
2.0438e-03
-6.4452e-04
1.2448e-04
1.0169e-03
-8.4372e-04
-2.7262e-03
-2.3928e-03
-2.0853e-03
-1.7063e-03
-2.2089e-03
-6.0551e-03
-1.0235e-02
-1.1663e-02
-1.2225e-02
-9.5526e-03
-3.3298e-03
-1.9985e-04
-1.6792e-03
-5.8996e-03
-1.0956e-02
-1.4109e-02
-1.2979e-02
-1.0612e-02
-9.5533e-03
-5.9830e-03
-1.9968e-03
-1.1099e-03
-2.1924e-03
-5.1656e-03
-7.0631e-03
-4.4957e-03
-9.5582e-04
-1.9250e-04
-1.3383e-03
-3.0166e-03
-3.5236e-03
-1.9964e-03
-4.8412e-04
2.9967e-04
1.3702e-03
9.1593e-04
-1.1710e-03
-2.0698e-03
-1.4038e-03
9.7959e-04
4.0733e-03
5.0752e-03
4.2325e-03
4.5603e-03
5.2420e-03
3.6785e-03
3.0103e-03
4.7949e-03
7.6520e-03
1.0996e-02
1.2713e-02
1.2318e-02
1.0980e-02
9.2289e-03
7.8603e-03
7.2307e-03
6.4483e-03
6.6037e-03
7.9954e-03
9.0879e-03
8.9011e-03
7.6040e-03
6.7261e-03
4.5294e-03
1.3868e-03
-8.8146e-04
-1.0946e-03
1.8300e-03
2.9027e-03
8.6168e-04
-1.4695e-03
-3.0558e-03
-3.1461e-03
-2.1836e-03
6.6072e-04
3.9138e-03
5.1126e-03
4.6694e-03
3.0249e-03
1.0541e-03
-6.4852e-04
-1.6471e-03
7.6235e-05
3.6142e-03
4.9872e-03
3.6009e-03
2.9535e-03
3.6361e-03
1.7580e-03
1.4678e-04
1.6263e-03
1.7010e-03
3.2120e-04
-1.7978e-03
-4.5374e-03
-5.5041e-03
-5.8240e-03
-5.0541e-03
-2.2410e-03
-1.8298e-03
-5.3857e-03
-9.7345e-03
-1.1641e-02
-1.0544e-02
-9.2943e-03
-8.4417e-03
-6.1779e-03
-2.6210e-03
-6.4843e-04
-1.6527e-03
-3.2809e-03
-4.1265e-03
-3.9653e-03
-3.0643e-03
-1.7823e-03
4.4719e-04
3.0428e-03
4.1760e-03
3.3033e-03
3.1360e-03
5.5912e-03
9.5219e-03
1.2174e-02
1.1713e-02
1.0225e-02
7.9200e-03
4.2836e-03
8.1352e-04
-2.0055e-03
-1.2700e-03
2.8251e-03
5.5342e-03
7.0693e-03
8.2120e-03
7.1709e-03
5.7339e-03
4.4870e-03
2.9635e-03
3.0426e-03
3.6769e-03
3.7369e-03
3.0305e-03
2.3082e-03
2.1105e-03
1.5954e-03
1.7501e-03
1.3871e-03
7.9875e-04
1.8474e-03
2.5919e-03
1.8160e-03
-8.5358e-04
-3.9740e-03
-4.5444e-03
-2.9593e-03
-1.3414e-03
-1.1045e-03
-2.0722e-03
-3.2437e-03
-4.3341e-03
-4.5100e-03
-4.0014e-03
-3.2120e-03
-1.8739e-03
-1.1430e-03
-1.4474e-04
1.2030e-03
6.6171e-04
-1.0699e-03
-2.4776e-03
-2.7477e-03
-2.0045e-03
-9.3708e-04
8.0886e-04
3.3378e-03
5.6307e-03
5.5684e-03
3.1431e-03
8.4005e-04
-1.1765e-05
5.9925e-04
1.1882e-03
1.0504e-03
3.0772e-04
-1.9036e-03
-4.0493e-03
-5.9623e-03
-6.5601e-03
-3.0336e-03
7.0801e-05
3.2164e-04
1.6464e-04
8.3996e-04
2.8121e-03
3.3897e-03
1.9184e-03
-2.5086e-04
-2.8335e-03
-5.6715e-03
-8.2957e-03
-7.8514e-03
-3.9714e-03
-2.0844e-04
4.0350e-04
-2.8762e-03
-7.6188e-03
-9.7305e-03
-9.4912e-03
-1.0316e-02
-9.8013e-03
-6.9550e-03
-6.6763e-03
-8.8503e-03
-9.3231e-03
-8.3737e-03
-7.4204e-03
-5.8322e-03
-4.3298e-03
-1.5768e-03
1.2688e-03
1.5889e-03
1.6833e-03
5.4176e-04
-2.6759e-03
-5.8075e-03
-6.5410e-03
-4.7759e-03
-3.2223e-03
-1.4632e-03
-7.3206e-04
-1.4055e-03
-7.0162e-04
1.9565e-04
3.3477e-04
-6.1249e-04
-1.8797e-03
-7.4386e-04
3.6171e-04
-1.1743e-03
-3.3269e-03
-4.8964e-03
-6.9076e-03
-8.7729e-03
-8.3213e-03
-7.4763e-03
-6.9760e-03
-5.4458e-03
-4.0939e-03
-2.8287e-03
-2.1739e-03
-2.7424e-03
-3.7830e-03
-3.0465e-03
1.1229e-04
2.0315e-03
2.3841e-03
2.8459e-03
3.9709e-03
4.9172e-03
4.0970e-03
3.7062e-03
5.0254e-03
5.6690e-03
4.1270e-03
2.0303e-03
1.6725e-03
2.2309e-03
2.4770e-03
2.6375e-03
2.5676e-03
2.6527e-03
3.2987e-03
3.3932e-03
1.9194e-03
-4.3350e-04
-2.2622e-03
-3.1999e-03
-3.4188e-03
-3.1040e-03
-2.3992e-03
-2.0688e-03
-2.8584e-03
-3.1296e-03
-3.1247e-03
-3.9121e-03
-3.1916e-03
5.9689e-04
4.4724e-03
4.7291e-03
3.3831e-03
2.3134e-03
8.7913e-04
-8.4172e-04
-2.6319e-03
-3.8579e-03
-4.8190e-03
-5.9491e-03
-7.2022e-03
-8.0793e-03
-9.0766e-03
-9.7156e-03
-9.4366e-03
-8.0196e-03
-4.3837e-03
-3.1576e-03
-5.2576e-03
-5.9458e-03
-5.0900e-03
-3.8517e-03
-3.5610e-03
-3.6473e-03
-3.9706e-03
-5.9841e-03
-7.1636e-03
-7.4870e-03
-9.8538e-03
-1.1174e-02
-8.3991e-03
-5.7097e-03
-5.7435e-03
-5.2549e-03
-4.1207e-03
-4.8958e-03
-5.0895e-03
-3.3004e-03
-2.3266e-03
-1.6812e-03
-1.1832e-03
-2.0447e-03
-3.3005e-03
-4.6214e-03
-2.8308e-03
2.2596e-03
5.4608e-03
7.0620e-03
8.9133e-03
1.0478e-02
1.0032e-02
8.8215e-03
9.8392e-03
1.1427e-02
1.3606e-02
1.5847e-02
1.5634e-02
1.4299e-02
1.2691e-02
1.1109e-02
1.0851e-02
1.0774e-02
9.4400e-03
8.6487e-03
9.6844e-03
1.1289e-02
1.2526e-02
1.3530e-02
1.3643e-02
1.1540e-02
9.1954e-03
9.1113e-03
1.0272e-02
1.1812e-02
1.2949e-02
1.2532e-02
1.0563e-02
7.8731e-03
7.0519e-03
8.5848e-03
1.0406e-02
1.1208e-02
9.4720e-03
7.6184e-03
8.1174e-03
8.7480e-03
8.9004e-03
8.0176e-03
5.6864e-03
3.5498e-03
2.4911e-03
2.8221e-03
4.1578e-03
4.9584e-03
3.9464e-03
2.8897e-03
2.3756e-03
7.5401e-04
-7.2438e-04
-1.6286e-03
-2.1300e-03
-2.0779e-03
-2.8226e-03
-4.0914e-03
-4.9341e-03
-5.6198e-03
-7.5510e-03
-1.0676e-02
-1.2890e-02
-1.4374e-02
-1.5502e-02
-1.5673e-02
-1.6355e-02
-1.7130e-02
-1.6705e-02
-1.6620e-02
-1.7135e-02
-1.7320e-02
-1.5802e-02
-1.2895e-02
-1.1740e-02
-1.1991e-02
-1.1305e-02
-1.0055e-02
-9.7687e-03
-1.0418e-02
-1.0470e-02
-9.5186e-03
-8.5281e-03
-7.8198e-03
-6.3297e-03
-3.4457e-03
-1.5912e-03
-2.8606e-03
-5.3110e-03
-7.5288e-03
-9.7546e-03
-1.0022e-02
-7.5036e-03
-5.0424e-03
-3.7066e-03
-3.5347e-03
-4.1561e-03
-3.8510e-03
-3.9775e-03
-4.4652e-03
-3.7387e-03
-2.6255e-03
-1.6123e-03
-1.3174e-03
-1.3638e-03
-9.4758e-04
-3.7632e-04
-2.8513e-04
-8.0800e-04
-1.0311e-03
-1.6676e-03
-2.6175e-03
-2.6948e-03
-3.3943e-03
-4.2616e-03
-3.1735e-03
-3.6011e-04
2.5016e-03
3.9837e-03
4.4598e-03
3.9349e-03
2.5555e-03
1.8284e-03
2.0943e-03
3.8119e-03
6.7060e-03
8.6094e-03
9.1204e-03
8.4846e-03
6.2521e-03
3.2286e-03
8.8582e-04
4.3233e-04
1.6582e-03
3.2845e-03
5.2983e-03
6.3582e-03
5.0615e-03
4.3677e-03
4.5192e-03
3.5128e-03
3.0732e-03
3.5533e-03
3.8046e-03
3.2218e-03
2.0414e-03
1.8148e-03
2.4552e-03
3.6711e-03
5.3253e-03
5.8681e-03
6.0303e-03
6.2859e-03
4.6129e-03
2.9102e-03
3.3666e-03
3.9832e-03
3.7148e-03
3.0468e-03
2.8756e-03
3.1254e-03
2.8946e-03
1.7381e-03
-2.8002e-04
-5.5866e-04
1.4491e-03
3.2152e-03
3.6973e-03
2.4638e-03
1.8135e-04
-2.3268e-03
-4.4199e-03
-5.5149e-03
-6.0016e-03
-5.3870e-03
-3.9833e-03
-2.1200e-03
-4.1188e-05
9.3624e-04
1.1549e-03
2.8249e-04
-1.2022e-03
-1.2177e-03
-2.3573e-04
-1.3032e-04
-1.0996e-03
-9.8412e-04
7.1578e-04
2.5622e-03
3.2289e-03
2.4800e-03
2.0260e-03
2.5548e-03
3.4053e-03
3.2675e-03
1.6779e-03
2.9426e-04
7.3245e-06
8.6063e-05
9.9883e-05
7.7488e-04
2.5025e-03
5.5788e-03
9.0786e-03
1.0875e-02
1.1175e-02
1.0459e-02
8.4301e-03
5.6069e-03
4.4021e-03
4.8487e-03
3.4390e-03
7.4223e-04
-1.1575e-03
-1.0238e-03
9.2812e-04
2.2763e-03
2.6826e-03
2.2874e-03
1.7899e-03
8.0336e-04
-1.7906e-03
-3.3723e-03
-2.8986e-03
-3.1367e-03
-5.1242e-03
-7.0920e-03
-8.5889e-03
-9.3057e-03
-7.7331e-03
-5.0155e-03
-2.8314e-03
-1.0070e-03
-2.8292e-04
-1.0286e-03
-7.7649e-04
1.6483e-04
-8.8809e-04
-2.2758e-03
-2.9245e-03
-3.7536e-03
-3.8559e-03
-2.8777e-03
-1.5277e-03
-1.7111e-03
-3.8914e-03
-5.8795e-03
-6.4001e-03
-4.8053e-03
-3.2042e-03
-2.6187e-03
-1.1893e-03
-8.6413e-04
-1.5251e-03
-8.8548e-04
2.9369e-04
1.5392e-03
2.4089e-03
2.0812e-03
8.7979e-04
-4.8535e-04
-1.4119e-03
-6.2862e-04
1.3674e-03
2.8880e-03
3.3098e-03
3.1538e-03
4.0254e-03
4.7669e-03
4.6326e-03
5.3365e-03
5.8832e-03
5.2906e-03
4.1312e-03
1.8962e-03
-9.5262e-04
-2.7500e-03
-3.3240e-03
-3.6865e-03
-4.3689e-03
-5.1662e-03
-5.5284e-03
-4.6321e-03
-3.4223e-03
-3.4212e-03
-3.6912e-03
-3.8921e-03
-4.7790e-03
-6.2462e-03
-7.3134e-03
-7.5287e-03
-7.1856e-03
-5.7836e-03
-4.3117e-03
-3.4038e-03
-2.2090e-03
-1.6427e-03
-2.0048e-03
-2.6614e-03
-3.5318e-03
-3.7684e-03
-3.2825e-03
-3.1220e-03
-2.9499e-03
-2.5917e-03
-2.9104e-03
-3.7817e-03
-4.5251e-03
-4.7055e-03
-4.3047e-03
-3.2090e-03
-2.2032e-03
-2.2989e-03
-3.0045e-03
-3.6892e-03
-3.1603e-03
-1.5366e-03
-7.6150e-04
-8.7066e-04
-2.6431e-04
1.0685e-03
2.0279e-03
2.5047e-03
1.8301e-03
8.4880e-04
1.0107e-03
1.1856e-03
7.0896e-04
-2.7856e-04
-1.1618e-03
-1.3826e-03
-8.9832e-04
-3.6122e-04
-1.2873e-04
4.1715e-04
1.2456e-03
2.9852e-03
4.1880e-03
3.6038e-03
2.9439e-03
2.2624e-03
2.1399e-03
3.1876e-03
4.6785e-03
6.1776e-03
6.7175e-03
6.5488e-03
6.8388e-03
7.7777e-03
9.0906e-03
9.9842e-03
1.0291e-02
1.0662e-02
1.0777e-02
1.0468e-02
1.0229e-02
9.4729e-03
8.1698e-03
7.1531e-03
6.0427e-03
5.9896e-03
7.0952e-03
8.1503e-03
9.2648e-03
8.8770e-03
8.2154e-03
7.4184e-03
5.4183e-03
4.8522e-03
5.1503e-03
5.2926e-03
5.2141e-03
4.9119e-03
4.2890e-03
1.9767e-03
-8.3552e-04
-3.3344e-03
-5.1053e-03
-4.8766e-03
-3.5464e-03
-1.9014e-03
-1.2021e-03
-2.8250e-03
-4.6993e-03
-4.9674e-03
-3.7829e-03
-1.1721e-03
1.6279e-03
2.4908e-03
1.6245e-03
5.1685e-04
-8.3553e-04
-2.2003e-03
-3.2543e-03
-4.2200e-03
-4.5332e-03
-4.1255e-03
-3.2537e-03
-1.9831e-03
-7.5768e-04
-1.0976e-04
3.9307e-04
1.0680e-03
-7.0485e-05
-2.3163e-03
-3.6336e-03
-4.9088e-03
-5.2119e-03
-4.2312e-03
-3.5354e-03
-3.4771e-03
-3.8452e-03
-4.0662e-03
-4.2012e-03
-3.4246e-03
-8.4211e-04
2.0426e-03
4.0101e-03
2.8357e-03
-1.3222e-03
-4.0942e-03
-6.5085e-03
-9.0020e-03
-9.2035e-03
-8.1732e-03
-6.3534e-03
-5.9529e-03
-8.6725e-03
-1.2640e-02
-1.4856e-02
-1.4113e-02
-1.1233e-02
-7.0749e-03
-5.4544e-03
-6.7564e-03
-8.5379e-03
-9.4827e-03
-8.1951e-03
-6.0694e-03
-3.5932e-03
-1.2542e-03
1.0514e-03
1.7424e-03
-6.0531e-04
-1.4059e-03
-8.3976e-04
-2.6177e-04
1.3676e-03
2.4323e-03
3.2005e-03
4.4512e-03
5.4784e-03
5.3334e-03
4.6482e-03
4.0150e-03
2.9179e-03
3.0002e-03
5.3056e-03
7.5777e-03
8.1218e-03
6.6771e-03
3.8184e-03
2.4316e-03
3.3396e-03
5.1619e-03
6.7715e-03
6.8765e-03
6.5829e-03
7.0221e-03
7.4409e-03
7.6436e-03
8.5198e-03
9.6815e-03
9.5114e-03
7.9697e-03
6.0244e-03
4.9473e-03
4.8551e-03
4.9675e-03
5.1169e-03
5.4189e-03
6.0252e-03
6.3189e-03
6.3855e-03
6.2936e-03
6.1462e-03
6.7145e-03
6.8337e-03
6.5972e-03
7.8197e-03
9.0706e-03
7.8524e-03
4.9587e-03
1.9502e-03
-5.1522e-04
-1.4788e-03
-1.4591e-03
-1.5680e-03
-1.9087e-03
-2.3607e-03
-2.6155e-03
-2.0570e-03
-8.3863e-04
-4.1727e-04
-1.1017e-03
-2.1282e-03
-2.9543e-03
-3.2905e-03
-3.8457e-03
-4.7944e-03
-4.9570e-03
-4.1258e-03
-4.2708e-03
-5.9342e-03
-7.1593e-03
-7.5353e-03
-7.6422e-03
-7.6314e-03
-7.7011e-03
-7.5274e-03
-7.1972e-03
-7.2579e-03
-7.1519e-03
-6.1859e-03
-5.6001e-03
-6.6910e-03
-8.6500e-03
-1.0231e-02
-1.1027e-02
-1.1645e-02
-1.2414e-02
-1.2025e-02
-1.0681e-02
-1.0189e-02
-1.0174e-02
-9.3406e-03
-7.7862e-03
-6.8725e-03
-7.4365e-03
-8.1454e-03
-7.7738e-03
-7.3625e-03
-7.9720e-03
-8.8028e-03
-8.9439e-03
-8.4559e-03
-7.4677e-03
-6.1227e-03
-4.8315e-03
-3.9965e-03
-3.6216e-03
-3.2734e-03
-2.9618e-03
-2.4829e-03
-1.4185e-03
-5.2268e-05
1.1824e-03
1.1875e-03
6.2698e-05
-1.5410e-03
-3.6037e-03
-4.5149e-03
-4.4942e-03
-4.2690e-03
-3.2488e-03
-2.4814e-03
-2.0339e-03
-1.0901e-03
3.5533e-04
1.5157e-03
2.2288e-03
3.5924e-03
4.4771e-03
4.9127e-03
6.2311e-03
6.8389e-03
7.3345e-03
8.5750e-03
9.3081e-03
9.4992e-03
9.3428e-03
9.9682e-03
1.1035e-02
1.1267e-02
1.0757e-02
9.4455e-03
8.4244e-03
8.2244e-03
8.1968e-03
7.6851e-03
6.5391e-03
6.2502e-03
7.1725e-03
7.7126e-03
7.1968e-03
6.6940e-03
6.5856e-03
6.4705e-03
6.9545e-03
7.5853e-03
7.5562e-03
7.4273e-03
7.7325e-03
8.6254e-03
9.5696e-03
9.8542e-03
9.6179e-03
9.2723e-03
8.7141e-03
8.0203e-03
7.6539e-03
7.3414e-03
6.7391e-03
6.0712e-03
5.9448e-03
6.2605e-03
5.7677e-03
4.6265e-03
3.4943e-03
2.4245e-03
1.6921e-03
1.2820e-03
1.5422e-03
2.3419e-03
3.1514e-03
3.3324e-03
3.2286e-03
2.9963e-03
1.4372e-03
6.8250e-04
1.6443e-03
2.1277e-03
2.2498e-03
2.2271e-03
1.8331e-03
1.5978e-03
1.1555e-03
3.5793e-04
1.7023e-04
1.3250e-04
-5.4357e-04
-1.4009e-03
-1.8903e-03
-2.7704e-03
-4.4971e-03
-5.3839e-03
-5.1968e-03
-4.1872e-03
-2.7335e-03
-2.6546e-03
-3.4054e-03
-4.0215e-03
-4.9295e-03
-5.1725e-03
-3.9314e-03
-1.9314e-03
-4.3384e-04
-5.5164e-04
-1.9913e-03
-3.5190e-03
-4.4626e-03
-5.0341e-03
-5.3155e-03
-4.8583e-03
-3.9637e-03
-3.0438e-03
-2.5614e-03
-3.1780e-03
-4.5504e-03
-5.8093e-03
-6.3395e-03
-6.3708e-03
-6.4165e-03
-6.7203e-03
-7.6432e-03
-8.5537e-03
-8.7275e-03
-8.0534e-03
-6.7957e-03
-6.6120e-03
-7.1607e-03
-7.9323e-03
-9.0657e-03
-8.6698e-03
-7.8142e-03
-7.0789e-03
-5.9259e-03
-6.1624e-03
-7.2744e-03
-7.4064e-03
-6.1336e-03
-4.5116e-03
-3.3144e-03
-2.4981e-03
-2.0987e-03
-1.6425e-03
-1.2753e-03
-1.3743e-03
-1.2984e-03
-9.7524e-04
-1.1828e-03
-1.6141e-03
-1.7088e-03
-2.0906e-03
-2.8175e-03
-2.9232e-03
-2.5559e-03
-2.5723e-03
-3.1550e-03
-3.5353e-03
-2.5674e-03
-6.9608e-04
9.4829e-04
1.8506e-03
2.2264e-03
2.4535e-03
1.8084e-03
6.9570e-04
5.7653e-04
1.7854e-03
3.5706e-03
4.7498e-03
5.6065e-03
6.7920e-03
7.6855e-03
7.7247e-03
7.1566e-03
6.4364e-03
5.5910e-03
5.0128e-03
4.9865e-03
5.2847e-03
5.8842e-03
6.1994e-03
5.2222e-03
3.1165e-03
1.7162e-03
1.8828e-03
2.3961e-03
2.6278e-03
2.7240e-03
2.7957e-03
2.9497e-03
2.8314e-03
2.7200e-03
3.3086e-03
3.8676e-03
3.7146e-03
3.8106e-03
4.3116e-03
4.6870e-03
4.9511e-03
4.6985e-03
4.6241e-03
5.2329e-03
5.7756e-03
6.3077e-03
7.0816e-03
7.8632e-03
8.1586e-03
7.8817e-03
7.6831e-03
7.8030e-03
7.8231e-03
7.8310e-03
7.7546e-03
7.4661e-03
7.1347e-03
6.9612e-03
7.5656e-03
8.4102e-03
9.1115e-03
9.1795e-03
8.0437e-03
6.7841e-03
5.3964e-03
4.7243e-03
5.3367e-03
5.6598e-03
5.8459e-03
5.9276e-03
5.5417e-03
5.1509e-03
4.6920e-03
3.9432e-03
3.1327e-03
3.0428e-03
3.2064e-03
2.6151e-03
1.7271e-03
8.8412e-04
6.7004e-05
-5.9241e-04
-1.4695e-03
-3.0587e-03
-4.7846e-03
-6.0168e-03
-6.8916e-03
-7.0143e-03
-6.6841e-03
-6.7993e-03
-7.2012e-03
-7.8127e-03
-8.5671e-03
-8.8378e-03
-8.7266e-03
-8.5426e-03
-7.8056e-03
-6.9133e-03
-7.0391e-03
-8.0782e-03
-9.1364e-03
-9.8716e-03
-1.0197e-02
-9.8947e-03
-8.8413e-03
-7.6858e-03
-7.7248e-03
-8.8110e-03
-9.8117e-03
-1.0780e-02
-1.1999e-02
-1.2795e-02
-1.2568e-02
-1.1754e-02
-1.1328e-02
-1.1968e-02
-1.3466e-02
-1.4915e-02
-1.5716e-02
-1.5809e-02
-1.5087e-02
-1.3988e-02
-1.3775e-02
-1.4494e-02
-1.4254e-02
-1.2652e-02
-1.1354e-02
-1.0385e-02
-9.0048e-03
-7.3433e-03
-5.8808e-03
-5.0523e-03
-4.6274e-03
-4.4669e-03
-4.0506e-03
-3.3540e-03
-3.1239e-03
-2.9062e-03
-2.4247e-03
-1.6478e-03
-1.5878e-04
1.1783e-03
1.2969e-03
1.5224e-03
2.9117e-03
4.3886e-03
5.7493e-03
6.6878e-03
6.8093e-03
6.8217e-03
7.4140e-03
8.7371e-03
9.7103e-03
1.0253e-02
1.0553e-02
1.0103e-02
9.6878e-03
9.7055e-03
1.0147e-02
1.0537e-02
1.0269e-02
1.0111e-02
1.0282e-02
1.0136e-02
9.3956e-03
8.4737e-03
8.0524e-03
8.1812e-03
8.3611e-03
8.4325e-03
8.7602e-03
8.9621e-03
8.4994e-03
7.4685e-03
6.1562e-03
6.0156e-03
7.2955e-03
7.9851e-03
7.5971e-03
6.3796e-03
4.7848e-03
3.8470e-03
3.4038e-03
3.1895e-03
2.9744e-03
2.5874e-03
2.0873e-03
9.3044e-04
-8.6282e-04
-2.4630e-03
-3.0843e-03
-2.6800e-03
-1.7092e-03
-7.8428e-04
-6.7883e-04
-1.1675e-03
-1.4294e-03
-1.0156e-03
-1.9877e-04
5.8823e-04
1.6243e-03
2.6780e-03
3.2056e-03
2.7422e-03
1.1164e-03
-2.0550e-04
-2.1630e-04
2.2417e-04
3.0509e-04
3.5922e-04
1.1373e-03
1.6617e-03
1.2973e-03
1.6541e-03
2.5851e-03
3.1868e-03
3.9683e-03
4.8491e-03
5.3605e-03
5.2694e-03
4.9142e-03
4.5732e-03
4.5663e-03
4.6515e-03
4.3561e-03
4.3823e-03
4.2482e-03
4.0713e-03
4.0556e-03
3.9833e-03
3.8814e-03
2.7564e-03
2.5653e-03
3.2700e-03
3.0751e-03
3.2157e-03
3.0491e-03
2.2676e-03
1.8934e-03
1.8422e-03
1.4567e-03
1.0447e-03
2.1183e-03
3.9993e-03
5.0743e-03
5.1435e-03
4.5876e-03
4.4218e-03
4.6213e-03
4.5547e-03
4.0911e-03
3.3318e-03
2.7823e-03
1.3222e-03
-4.6257e-04
-9.4853e-04
-1.2332e-03
-1.4135e-03
-1.8997e-03
-3.2753e-03
-4.7511e-03
-6.2808e-03
-7.4000e-03
-7.8788e-03
-8.0712e-03
-8.1131e-03
-8.5746e-03
-9.0523e-03
-9.1843e-03
-9.3397e-03
-8.7022e-03
-7.5232e-03
-6.8847e-03
-7.0740e-03
-7.9305e-03
-8.2021e-03
-8.0730e-03
-8.2753e-03
-8.2480e-03
-8.0729e-03
-8.2328e-03
-8.9334e-03
-9.7861e-03
-1.0438e-02
-1.0698e-02
-1.0625e-02
-1.0300e-02
-9.4808e-03
-8.8619e-03
-8.7437e-03
-8.6469e-03
-8.0777e-03
-7.3370e-03
-7.2324e-03
-7.3551e-03
-7.6324e-03
-7.5545e-03
-6.3505e-03
-5.1668e-03
-4.5319e-03
-3.9044e-03
-3.4915e-03
-3.3710e-03
-3.1705e-03
-2.7919e-03
-2.1667e-03
-1.5488e-03
-1.2050e-03
-6.3934e-04
9.8835e-05
3.5432e-04
3.0719e-04
3.8451e-04
7.1299e-04
1.3535e-03
1.7925e-03
1.9002e-03
2.5348e-03
3.8769e-03
5.0603e-03
5.5423e-03
5.6876e-03
5.7186e-03
5.5759e-03
5.3943e-03
5.0453e-03
4.5175e-03
4.0382e-03
3.7551e-03
4.0459e-03
4.9704e-03
6.1808e-03
7.2527e-03
7.6552e-03
7.5122e-03
7.1371e-03
6.7409e-03
6.3677e-03
6.0913e-03
6.6393e-03
7.0933e-03
6.6256e-03
6.2566e-03
5.6684e-03
4.8890e-03
4.9192e-03
5.0995e-03
4.5636e-03
3.7499e-03
3.3358e-03
3.0318e-03
2.6541e-03
2.9748e-03
3.7887e-03
4.2986e-03
4.4701e-03
4.5254e-03
5.0846e-03
5.9463e-03
6.1921e-03
6.0346e-03
5.7575e-03
4.8547e-03
3.4998e-03
2.7629e-03
2.6932e-03
2.9918e-03
3.5975e-03
3.8434e-03
3.7966e-03
3.7257e-03
3.5327e-03
3.4434e-03
3.8876e-03
4.8495e-03
5.3479e-03
5.1512e-03
4.9951e-03
4.8023e-03
4.0141e-03
2.9190e-03
1.9368e-03
1.0901e-03
5.3700e-04
6.4268e-05
-6.5611e-04
-1.3795e-03
-1.2803e-03
-4.5039e-04
3.6660e-04
1.1309e-03
1.4892e-03
1.2629e-03
5.4434e-04
-4.3185e-04
-1.2300e-03
-1.8998e-03
-2.1968e-03
-2.2028e-03
-2.1794e-03
-2.1256e-03
-2.0734e-03
-1.7389e-03
-1.8734e-03
-2.3782e-03
-2.3900e-03
-2.7042e-03
-3.4182e-03
-4.3270e-03
-5.3149e-03
-5.9477e-03
-6.3449e-03
-6.3406e-03
-6.1357e-03
-5.8717e-03
-5.3224e-03
-4.9048e-03
-4.7880e-03
-4.9750e-03
-5.4261e-03
-5.7534e-03
-5.3596e-03
-4.3505e-03
-3.8337e-03
-4.1400e-03
-4.7619e-03
-4.8074e-03
-4.6409e-03
-4.6622e-03
-4.1907e-03
-3.9586e-03
-3.7499e-03
-3.4459e-03
-3.6937e-03
-3.9396e-03
-4.0767e-03
-4.2029e-03
-4.4120e-03
-4.3389e-03
-3.9197e-03
-3.4068e-03
-2.5389e-03
-1.7007e-03
-1.1380e-03
-7.5897e-04
-4.4568e-04
-9.6945e-05
5.6931e-05
-1.3841e-04
-5.0618e-04
-7.2699e-04
-9.5000e-04
-1.5060e-03
-2.2526e-03
-3.3670e-03
-4.5750e-03
-4.8045e-03
-4.7527e-03
-5.0090e-03
-5.2694e-03
-5.7205e-03
-5.7831e-03
-5.5686e-03
-5.1829e-03
-4.3186e-03
-3.7311e-03
-3.8038e-03
-4.1441e-03
-4.3537e-03
-4.6936e-03
-5.4211e-03
-6.0175e-03
-5.9484e-03
-5.2157e-03
-4.4469e-03
-4.1274e-03
-4.1959e-03
-4.4566e-03
-4.7370e-03
-5.2973e-03
-6.1024e-03
-6.3529e-03
-5.7878e-03
-4.9536e-03
-4.4142e-03
-3.7994e-03
-2.6686e-03
-1.7384e-03
-1.1380e-03
-4.3164e-04
4.0378e-04
1.6004e-03
2.6968e-03
3.0107e-03
2.8642e-03
2.5703e-03
2.2806e-03
2.3594e-03
2.8643e-03
3.6228e-03
4.2308e-03
4.2560e-03
3.6751e-03
3.0122e-03
3.1873e-03
4.0284e-03
4.6848e-03
4.9101e-03
4.6066e-03
4.1925e-03
4.2414e-03
4.6212e-03
5.0317e-03
5.5501e-03
6.0418e-03
6.0504e-03
5.7818e-03
5.8151e-03
6.3236e-03
6.8376e-03
7.1305e-03
7.4603e-03
7.7810e-03
8.1882e-03
8.3821e-03
8.0510e-03
7.6225e-03
7.2009e-03
7.1010e-03
7.5991e-03
8.0798e-03
8.1312e-03
7.7623e-03
7.1663e-03
6.4662e-03
5.7807e-03
5.5547e-03
5.9956e-03
6.7747e-03
6.5931e-03
5.1210e-03
4.0005e-03
3.4457e-03
2.5841e-03
1.6229e-03
1.0412e-03
1.0924e-03
1.4443e-03
1.5062e-03
1.3380e-03
1.0802e-03
5.6089e-04
-1.5580e-04
-4.2809e-04
2.6046e-05
3.9084e-04
4.6175e-04
5.5040e-04
3.7445e-04
3.4026e-04
5.0942e-04
1.9877e-04
-1.1592e-04
-1.2603e-05
2.0593e-04
3.7491e-04
3.2001e-04
-6.4601e-06
-8.4797e-04
-2.2662e-03
-3.4592e-03
-4.1685e-03
-4.6257e-03
-4.7480e-03
-4.8830e-03
-5.0344e-03
-5.0578e-03
-5.6275e-03
-6.5506e-03
-6.7915e-03
-6.2442e-03
-5.8011e-03
-6.0607e-03
-6.2183e-03
-6.0191e-03
-6.3718e-03
-7.0810e-03
-7.5241e-03
-7.4677e-03
-7.2040e-03
-7.4170e-03
-7.6673e-03
-7.5291e-03
-7.4344e-03
-7.3724e-03
-7.1507e-03
-7.0155e-03
-7.2934e-03
-7.5444e-03
-7.3396e-03
-7.1644e-03
-7.0013e-03
-6.5038e-03
-6.1014e-03
-5.9141e-03
-5.7334e-03
-5.9236e-03
-6.3180e-03
-6.4785e-03
-6.5385e-03
-6.5966e-03
-6.8223e-03
-6.7531e-03
-6.0654e-03
-5.5051e-03
-5.2368e-03
-5.1130e-03
-5.3555e-03
-6.0792e-03
-6.8954e-03
-7.2305e-03
-7.1153e-03
-6.5598e-03
-5.9958e-03
-5.9695e-03
-5.7049e-03
-5.5135e-03
-5.9719e-03
-5.7783e-03
-4.8106e-03
-3.9088e-03
-3.1828e-03
-2.4035e-03
-1.2760e-03
-5.2776e-05
9.5427e-04
1.3904e-03
1.0225e-03
5.1644e-04
6.1582e-04
1.1861e-03
1.5914e-03
1.7502e-03
1.8540e-03
1.8496e-03
1.9288e-03
2.3271e-03
2.9590e-03
3.4968e-03
3.8665e-03
4.2962e-03
4.8313e-03
5.6309e-03
6.4955e-03
6.9963e-03
7.3490e-03
7.4305e-03
7.2564e-03
7.4633e-03
7.9084e-03
8.2463e-03
8.7670e-03
9.5836e-03
1.0393e-02
1.1219e-02
1.1816e-02
1.1675e-02
1.1017e-02
1.0158e-02
9.6759e-03
9.9069e-03
9.8806e-03
9.0340e-03
8.3138e-03
8.1786e-03
7.9867e-03
7.6584e-03
7.4212e-03
7.2336e-03
7.5267e-03
8.2059e-03
8.0732e-03
7.2410e-03
6.6231e-03
6.1629e-03
5.7347e-03
5.0960e-03
4.0537e-03
2.9810e-03
2.3890e-03
1.9228e-03
1.1425e-03
5.9062e-04
3.3986e-04
4.0846e-04
9.7687e-04
1.3813e-03
9.9598e-04
2.1210e-04
-3.6641e-04
-8.2353e-04
-1.0288e-03
-9.0372e-04
-7.6982e-04
-8.5015e-04
-1.1011e-03
-1.1630e-03
-1.1979e-03
-1.3132e-03
-1.3728e-03
-1.8480e-03
-2.5833e-03
-3.0030e-03
-3.0484e-03
-2.7482e-03
-3.1794e-03
-4.2985e-03
-4.7824e-03
-5.0663e-03
-5.0299e-03
-4.4707e-03
-4.0078e-03
-3.7150e-03
-3.6382e-03
-3.5506e-03
-3.4411e-03
-2.9807e-03
-2.0890e-03
-1.7450e-03
-2.0655e-03
-2.5476e-03
-3.2056e-03
-3.6431e-03
-3.4947e-03
-3.2142e-03
-3.0114e-03
-3.1102e-03
-3.2332e-03
-2.8580e-03
-2.3538e-03
-1.7730e-03
-1.1558e-03
-6.7147e-04
-2.6931e-04
-2.3712e-04
-5.5871e-04
-7.0084e-04
-3.5384e-04
2.0592e-04
6.1976e-04
1.0714e-03
1.7111e-03
2.2180e-03
2.4588e-03
2.7482e-03
3.5250e-03
4.4868e-03
4.9601e-03
5.0855e-03
4.8610e-03
4.2610e-03
3.8536e-03
3.7162e-03
3.7202e-03
3.7118e-03
3.4665e-03
3.3726e-03
3.7361e-03
4.1658e-03
4.1923e-03
3.9419e-03
3.7681e-03
3.4569e-03
3.1095e-03
3.0671e-03
2.7237e-03
2.0747e-03
1.6501e-03
1.3514e-03
1.2501e-03
1.0901e-03
9.7239e-04
1.0322e-03
8.3775e-04
7.9831e-04
7.9664e-04
4.4510e-04
-1.1108e-04
-8.5010e-04
-1.5338e-03
-2.1617e-03
-2.4121e-03
-2.0671e-03
-1.5389e-03
-1.0013e-03
-6.1628e-04
-4.1260e-04
-5.9883e-04
-1.3294e-03
-2.1515e-03
-2.4178e-03
-1.9528e-03
-1.3785e-03
-9.3288e-04
-5.9613e-04
-4.8324e-04
-5.6378e-04
-7.7304e-04
-5.6158e-04
1.5617e-04
7.1303e-04
1.0240e-03
1.1726e-03
9.0121e-04
5.9884e-04
5.3134e-04
3.8143e-04
4.2099e-04
8.4861e-04
1.4272e-03
1.6916e-03
1.6474e-03
1.9355e-03
2.3634e-03
2.6419e-03
2.8731e-03
3.0443e-03
3.1253e-03
2.9676e-03
2.9357e-03
3.2385e-03
3.3884e-03
3.1497e-03
2.8241e-03
2.8991e-03
3.2858e-03
3.5757e-03
3.6358e-03
3.4486e-03
3.3050e-03
3.1952e-03
3.0704e-03
3.5378e-03
4.1067e-03
3.8351e-03
2.9295e-03
1.8574e-03
1.1964e-03
1.1498e-03
1.6195e-03
2.1698e-03
2.4329e-03
2.9593e-03
3.2303e-03
3.1138e-03
3.0289e-03
2.1225e-03
1.0018e-03
5.8164e-04
5.6688e-04
4.4165e-04
-1.4769e-04
-6.0318e-04
-7.7377e-04
-7.5785e-04
-6.5963e-04
-8.7144e-04
-1.0219e-03
-1.5975e-03
-2.5503e-03
-2.9152e-03
-3.0337e-03
-3.3002e-03
-4.3090e-03
-5.3952e-03
-5.8383e-03
-6.4527e-03
-6.7739e-03
-6.5942e-03
-6.4208e-03
-6.5664e-03
-6.8844e-03
-6.6725e-03
-6.3026e-03
-5.8466e-03
-4.9880e-03
-4.3327e-03
-3.9756e-03
-3.7733e-03
-3.6112e-03
-3.2811e-03
-3.1723e-03
-3.0445e-03
-2.4237e-03
-1.6602e-03
-1.0173e-03
-4.8994e-04
2.6760e-05
6.9506e-04
1.1235e-03
8.5047e-04
3.3233e-04
1.7077e-04
6.0812e-04
1.4242e-03
2.1793e-03
2.5884e-03
2.3629e-03
1.6247e-03
6.6740e-04
-3.4167e-05
-3.5470e-05
4.6494e-04
9.9045e-04
1.0749e-03
7.6016e-04
6.5646e-04
1.0233e-03
1.4606e-03
1.8776e-03
2.4543e-03
2.8247e-03
2.5633e-03
1.8246e-03
1.2133e-03
9.8772e-04
8.6124e-04
4.9994e-04
1.0452e-04
-1.8098e-04
-7.6293e-04
-1.1639e-03
-1.1793e-03
-1.2003e-03
-9.9201e-04
-6.8836e-04
-1.9638e-04
6.3466e-05
-6.4255e-04
-1.8495e-03
-2.9474e-03
-3.2637e-03
-2.9758e-03
-2.6847e-03
-2.1010e-03
-1.3916e-03
-1.0571e-03
-1.1596e-03
-1.4214e-03
-1.2758e-03
-8.7041e-04
-7.9643e-04
-1.0575e-03
-1.4654e-03
-1.4662e-03
-9.2261e-04
-3.7106e-04
2.3686e-04
9.4379e-04
1.3247e-03
1.1324e-03
8.8122e-04
8.6990e-04
6.4762e-04
1.0995e-04
-5.9088e-04
-1.0932e-03
-7.7048e-04
4.2649e-04
1.5533e-03
1.8458e-03
1.5103e-03
9.4754e-04
3.1764e-04
-7.6418e-05
4.7900e-05
1.1230e-04
-1.1613e-04
-1.6005e-05
3.1087e-04
8.6374e-04
1.8569e-03
2.3305e-03
2.0081e-03
1.7509e-03
1.6330e-03
1.6989e-03
1.7837e-03
1.3198e-03
8.7679e-04
1.3007e-03
1.9800e-03
1.9419e-03
1.6484e-03
1.4453e-03
1.4900e-03
2.0644e-03
2.2838e-03
2.0061e-03
1.8355e-03
1.5781e-03
1.0199e-03
8.0665e-04
1.1325e-03
1.1828e-03
1.2140e-03
1.2786e-03
9.4290e-04
9.0497e-04
1.2245e-03
1.5752e-03
1.8648e-03
1.7921e-03
1.6893e-03
1.6319e-03
1.3654e-03
1.0117e-03
6.7981e-04
2.5194e-04
-5.7471e-04
-1.4805e-03
-2.1919e-03
-2.4611e-03
-1.8504e-03
-1.2734e-03
-1.1021e-03
-7.6633e-04
-6.1269e-04
-8.8460e-04
-1.4681e-03
-1.9727e-03
-2.1204e-03
-2.1787e-03
-2.3699e-03
-2.7807e-03
-2.9345e-03
-2.7707e-03
-2.7721e-03
-2.7423e-03
-2.5997e-03
-2.2465e-03
-1.7961e-03
-1.8828e-03
-2.2411e-03
-2.2972e-03
-2.2029e-03
-2.3037e-03
-2.4925e-03
-2.4053e-03
-2.2898e-03
-2.4691e-03
-2.4593e-03
-2.0417e-03
-1.7275e-03
-1.8297e-03
-2.2001e-03
-2.3530e-03
-2.4134e-03
-3.0899e-03
-4.0097e-03
-4.6043e-03
-5.2996e-03
-6.2017e-03
-6.8063e-03
-7.0946e-03
-7.2692e-03
-6.8763e-03
-6.2081e-03
-5.8762e-03
-5.3553e-03
-4.9736e-03
-5.0703e-03
-4.8340e-03
-4.2259e-03
-3.9430e-03
-3.9414e-03
-3.6745e-03
-3.4907e-03
-3.4314e-03
-3.2472e-03
-3.2352e-03
-3.1024e-03
-2.8883e-03
-3.0576e-03
-3.3457e-03
-3.5382e-03
-4.1357e-03
-4.7037e-03
-4.1678e-03
-3.2099e-03
-2.5593e-03
-2.0056e-03
-1.5441e-03
-1.0863e-03
-1.1796e-03
-1.5480e-03
-1.3231e-03
-1.2463e-03
-1.1891e-03
-1.0422e-03
-1.5125e-03
-1.9768e-03
-1.8790e-03
-1.3643e-03
-8.9820e-04
-6.1916e-04
-6.6783e-04
-1.2619e-03
-1.7628e-03
-2.2794e-03
-2.9657e-03
-2.8720e-03
-2.0415e-03
-1.3806e-03
-8.9196e-04
-3.8032e-04
-2.6235e-04
-3.4878e-04
-3.3156e-04
-3.4821e-04
4.2670e-05
8.6698e-04
1.5735e-03
1.9971e-03
2.2019e-03
2.2772e-03
2.0307e-03
1.7174e-03
1.8518e-03
2.2353e-03
2.5037e-03
2.6002e-03
2.7776e-03
2.9659e-03
3.0083e-03
2.8217e-03
2.5498e-03
2.9583e-03
3.7558e-03
4.1025e-03
4.2673e-03
4.5949e-03
4.6925e-03
4.4006e-03
4.1064e-03
4.2680e-03
4.9604e-03
5.4087e-03
5.3378e-03
5.1544e-03
4.9858e-03
4.9224e-03
4.8514e-03
4.5113e-03
4.2189e-03
4.3220e-03
4.2906e-03
3.9772e-03
3.8455e-03
3.9049e-03
3.9686e-03
4.0954e-03
4.3462e-03
4.3930e-03
4.2349e-03
4.1588e-03
4.2969e-03
4.7037e-03
5.0473e-03
5.0532e-03
4.7515e-03
4.4986e-03
4.3187e-03
3.9784e-03
3.9879e-03
4.4001e-03
4.6983e-03
4.8144e-03
4.9193e-03
4.9801e-03
4.9292e-03
5.0052e-03
5.1287e-03
5.2103e-03
5.3434e-03
5.3377e-03
5.3012e-03
5.2999e-03
5.1876e-03
5.0128e-03
4.7360e-03
4.4270e-03
4.0664e-03
3.8085e-03
3.6743e-03
3.5933e-03
3.5959e-03
3.4925e-03
3.2405e-03
3.1309e-03
3.1129e-03
2.9952e-03
2.8075e-03
2.4741e-03
2.0079e-03
1.5815e-03
1.2414e-03
9.6189e-04
5.1787e-04
1.4267e-04
6.1415e-05
-6.3846e-05
-6.2089e-05
5.9650e-05
9.5259e-05
-1.5323e-04
-9.0214e-04
-1.5194e-03
-1.7541e-03
-1.8076e-03
-1.8912e-03
-2.2415e-03
-2.4513e-03
-2.4673e-03
-2.5654e-03
-2.7155e-03
-3.0082e-03
-3.3447e-03
-3.5719e-03
-3.7995e-03
-3.8173e-03
-3.5323e-03
-3.4503e-03
-3.7473e-03
-4.3153e-03
-4.9537e-03
-5.2764e-03
-5.4486e-03
-5.7476e-03
-5.9645e-03
-5.8877e-03
-5.5531e-03
-5.2988e-03
-5.1605e-03
-4.9596e-03
-5.0256e-03
-5.4105e-03
-5.8133e-03
-5.9131e-03
-5.6271e-03
-5.5241e-03
-5.9604e-03
-6.5748e-03
-6.8222e-03
-6.9217e-03
-6.7685e-03
-6.3726e-03
-6.2699e-03
-5.9098e-03
-5.7888e-03
-6.0441e-03
-5.7669e-03
-5.3956e-03
-5.3132e-03
-5.3504e-03
-5.0812e-03
-4.7159e-03
-4.4546e-03
-4.0086e-03
-3.8019e-03
-3.6794e-03
-3.2799e-03
-2.9889e-03
-2.6777e-03
-2.2716e-03
-2.0068e-03
-1.8508e-03
-1.8832e-03
-1.7565e-03
-1.5471e-03
-1.5737e-03
-1.3103e-03
-7.5503e-04
-3.6277e-04
2.4631e-06
5.7529e-04
9.8621e-04
1.1928e-03
1.6430e-03
2.0514e-03
2.1438e-03
2.3353e-03
2.7954e-03
3.3960e-03
3.8938e-03
3.9023e-03
3.5881e-03
3.3811e-03
3.3600e-03
3.5281e-03
3.8869e-03
4.2452e-03
4.3212e-03
4.0186e-03
3.5213e-03
3.0744e-03
2.8640e-03
2.8795e-03
2.8815e-03
3.0760e-03
3.4788e-03
3.6171e-03
3.3608e-03
2.9489e-03
2.8639e-03
2.9909e-03
3.0094e-03
3.0311e-03
2.9426e-03
2.6433e-03
2.1962e-03
1.7379e-03
1.5383e-03
1.6108e-03
1.5620e-03
1.2385e-03
1.0007e-03
8.1645e-04
4.2364e-04
5.5571e-05
-1.2220e-04
-9.5992e-05
-5.4142e-05
-1.9841e-04
-2.6112e-04
-2.6020e-04
-4.5352e-04
-7.7440e-04
-1.0740e-03
-1.2982e-03
-1.5882e-03
-1.9276e-03
-2.0569e-03
-2.0109e-03
-2.0022e-03
-2.1112e-03
-2.1927e-03
-1.9107e-03
-1.3441e-03
-1.0101e-03
-1.0614e-03
-1.1747e-03
-1.2278e-03
-1.4923e-03
-1.9278e-03
-2.1638e-03
-2.1206e-03
-1.9410e-03
-1.8980e-03
-1.9584e-03
-1.7510e-03
-1.4065e-03
-1.3043e-03
-1.3682e-03
-1.1728e-03
-6.3009e-04
-6.7938e-05
2.9458e-04
3.6134e-04
1.7285e-04
-1.1868e-04
-2.2204e-04
8.3222e-05
5.7976e-04
1.0197e-03
1.4146e-03
1.7352e-03
1.8346e-03
1.8253e-03
1.9182e-03
2.1246e-03
2.3889e-03
2.7017e-03
3.0525e-03
3.2604e-03
3.3005e-03
3.2197e-03
2.9370e-03
2.7334e-03
2.8891e-03
3.2828e-03
3.5652e-03
3.4638e-03
3.2265e-03
3.1075e-03
3.0453e-03
2.8074e-03
2.3669e-03
2.1395e-03
2.0305e-03
1.9130e-03
2.1084e-03
2.4945e-03
2.7079e-03
2.6149e-03
2.5599e-03
2.7117e-03
2.7990e-03
2.7807e-03
2.5659e-03
2.2570e-03
2.1411e-03
2.1159e-03
1.9458e-03
1.4849e-03
1.0098e-03
1.0242e-03
1.4190e-03
1.6140e-03
1.5092e-03
1.6368e-03
2.1085e-03
2.4113e-03
2.1849e-03
1.5546e-03
9.3324e-04
5.0588e-04
2.0246e-04
-2.1240e-04
-7.5972e-04
-1.0571e-03
-9.0924e-04
-3.6418e-04
2.8385e-04
5.8302e-04
3.6157e-04
-7.3668e-05
-4.3098e-04
-8.1738e-04
-1.1185e-03
-1.1062e-03
-8.4401e-04
-4.7798e-04
-1.7379e-04
1.1109e-04
4.9924e-04
9.1158e-04
1.0830e-03
7.9629e-04
2.7075e-04
-1.6361e-04
-3.8831e-04
-3.5927e-04
-2.3556e-04
-8.0915e-05
2.7221e-04
6.3854e-04
7.3394e-04
5.4475e-04
2.2470e-04
4.7968e-05
4.2417e-05
4.9253e-05
-3.4941e-05
-2.7449e-04
-5.8615e-04
-8.3580e-04
-9.3660e-04
-8.4347e-04
-6.4353e-04
-4.7278e-04
-3.8069e-04
-3.5463e-04
-4.1228e-04
-6.5482e-04
-1.0005e-03
-1.0589e-03
-7.8762e-04
-6.7722e-04
-9.3900e-04
-1.3645e-03
-1.6524e-03
-1.6393e-03
-1.5407e-03
-1.4792e-03
-1.3966e-03
-1.2800e-03
-1.1897e-03
-1.2620e-03
-1.3672e-03
-1.4639e-03
-1.5250e-03
-1.4714e-03
-1.4663e-03
-1.4280e-03
-1.4090e-03
-1.5568e-03
-1.7386e-03
-1.8602e-03
-1.7930e-03
-1.5627e-03
-1.3472e-03
-1.2120e-03
-1.1960e-03
-1.3232e-03
-1.5166e-03
-1.7170e-03
-1.8448e-03
-1.8130e-03
-1.7631e-03
-1.7494e-03
-1.7525e-03
-1.7480e-03
-1.6925e-03
-1.7150e-03
-1.7327e-03
-1.6513e-03
-1.5546e-03
-1.4795e-03
-1.4759e-03
-1.5657e-03
-1.6861e-03
-1.6843e-03
-1.5720e-03
-1.4627e-03
-1.3613e-03
-1.2553e-03
-1.2488e-03
-1.3147e-03
-1.3231e-03
-1.3062e-03
-1.1574e-03
-9.2818e-04
-7.2681e-04
-5.3581e-04
-4.5191e-04
-4.4739e-04
-5.2947e-04
-6.1806e-04
-5.9090e-04
-4.8401e-04
-3.5240e-04
-2.7615e-04
-1.2837e-04
1.3403e-04
2.1572e-04
1.4468e-04
2.0065e-04
2.9238e-04
3.6718e-04
4.9142e-04
5.7881e-04
6.2052e-04
5.8389e-04
5.7300e-04
6.9883e-04
8.1289e-04
8.8578e-04
9.4898e-04
9.9305e-04
9.5040e-04
8.7599e-04
9.3010e-04
8.8374e-04
6.5262e-04
5.1754e-04
4.9359e-04
4.8685e-04
4.9328e-04
5.0576e-04
5.5067e-04
6.0142e-04
6.0176e-04
5.7763e-04
5.3387e-04
4.7172e-04
4.4485e-04
4.6426e-04
5.1107e-04
5.0891e-04
4.5049e-04
4.1655e-04
3.7913e-04
3.2148e-04
2.7932e-04
2.9505e-04
3.4620e-04
3.4874e-04
3.4177e-04
3.7170e-04
3.4578e-04
2.5658e-04
2.2620e-04
2.4504e-04
2.7839e-04
3.1928e-04
2.6310e-04
1.4970e-04
1.3048e-04
1.7472e-04
2.2487e-04
3.0017e-04
3.6139e-04
3.9102e-04
3.7690e-04
3.0301e-04
2.3176e-04
2.0366e-04
2.1698e-04
2.3473e-04
2.2284e-04
1.9372e-04
1.4632e-04
8.3394e-05
4.9978e-05
6.5887e-05
5.2530e-05
-8.4558e-06
-3.0193e-05
-1.3610e-06
3.3080e-05
4.3660e-05
5.6006e-05
9.1474e-05
1.1040e-04
1.2061e-04
1.3930e-04
1.6653e-04
2.0615e-04
2.3143e-04
2.4603e-04
2.6400e-04
2.6475e-04
2.4108e-04
2.0409e-04
1.7203e-04
1.5868e-04
1.4921e-04
1.4455e-04
1.4740e-04
1.3281e-04
1.0376e-04
7.6067e-05
5.7647e-05
5.8740e-05
6.9007e-05
6.5286e-05
6.5200e-05
7.4363e-05
5.4708e-05
2.9512e-05
4.7464e-05
8.1222e-05
8.2624e-05
6.4175e-05
5.8470e-05
6.5328e-05
6.9000e-05
6.6357e-05
5.8565e-05
4.3831e-05
4.0968e-05
4.6543e-05
3.9449e-05
3.3301e-05
3.0773e-05
1.6069e-05
1.0066e-06
-6.3193e-07
-3.1005e-06
-1.2524e-05
-2.5843e-05
-3.9390e-05
-4.3720e-05
-4.6875e-05
-5.3260e-05
-5.7331e-05
-5.9182e-05
-6.1814e-05
-7.0201e-05
-7.5989e-05
-7.8586e-05
-8.6050e-05
-9.3471e-05
-9.9587e-05
-1.0366e-04
-1.0475e-04
-1.0542e-04
-1.0477e-04
-1.0313e-04
-1.0314e-04
-1.0649e-04
-1.1231e-04
-1.2062e-04
-1.3179e-04
-1.4290e-04
-1.4971e-04
-1.4700e-04
-1.3537e-04
-1.2320e-04
-1.1728e-04
-1.1562e-04
-1.1436e-04
-1.1536e-04
-1.1760e-04
-1.2000e-04
-1.2293e-04
-1.2357e-04
-1.2183e-04
-1.1615e-04
-1.0605e-04
-9.4897e-05
-8.5710e-05
-8.0772e-05
-7.8456e-05
-7.6398e-05
-7.2592e-05
-6.7461e-05
-6.2913e-05
-5.7381e-05
-5.0776e-05
-4.4914e-05
-4.0751e-05
-3.8663e-05
-3.7351e-05
-3.4948e-05
-3.1381e-05
-2.7400e-05
-2.4218e-05
-2.2712e-05
-2.2580e-05
-2.3104e-05
-2.2909e-05
-2.1975e-05
-2.0105e-05
-1.7012e-05
-1.4001e-05
-1.1824e-05
-1.0982e-05
-1.0416e-05
-9.0159e-06
-7.2778e-06
-5.3268e-06
-3.7780e-06
-2.9308e-06
-2.4133e-06
-1.9488e-06
-1.0811e-06
7.5947e-08
1.1692e-06
2.0986e-06
2.8366e-06
3.4874e-06
4.1429e-06
4.6909e-06
5.0819e-06
5.4622e-06
5.8685e-06
6.3284e-06
6.8380e-06
7.2930e-06
7.6742e-06
8.0216e-06
8.3843e-06
8.7850e-06
9.1844e-06
9.5412e-06
9.8656e-06
1.0173e-05
1.0467e-05
1.0757e-05
1.1041e-05
1.1313e-05
1.1574e-05
1.1829e-05
1.2076e-05
1.2314e-05
1.2546e-05
1.2772e-05
1.2991e-05
1.3207e-05
1.3418e-05
1.3625e-05
1.3828e-05
1.4025e-05
1.4218e-05
1.4407e-05
1.4591e-05
1.4771e-05
1.4947e-05
1.5118e-05
