1.0897e-05
1.0935e-05
1.0970e-05
1.1002e-05
1.1032e-05
1.1057e-05
1.1073e-05
1.1103e-05
1.1122e-05
1.1117e-05
1.1150e-05
1.1162e-05
1.1155e-05
1.1164e-05
1.1148e-05
1.1143e-05
1.1140e-05
1.1106e-05
1.1121e-05
1.1096e-05
1.1075e-05
1.1076e-05
1.0984e-05
1.1005e-05
1.1008e-05
1.0891e-05
1.0942e-05
1.0910e-05
1.0810e-05
1.0827e-05
1.0743e-05
1.0677e-05
1.0625e-05
1.0569e-05
1.0506e-05
1.0409e-05
1.0400e-05
1.0273e-05
1.0224e-05
1.0189e-05
1.0102e-05
1.0136e-05
9.9372e-06
9.9025e-06
9.7307e-06
9.5569e-06
9.6402e-06
9.4901e-06
9.4207e-06
9.2213e-06
9.1580e-06
9.1124e-06
8.7885e-06
9.1015e-06
8.8335e-06
8.4671e-06
8.7384e-06
8.0704e-06
8.1847e-06
8.5354e-06
7.6312e-06
8.0520e-06
7.9345e-06
7.1897e-06
7.5473e-06
7.5535e-06
7.2755e-06
7.1459e-06
7.3227e-06
6.9123e-06
6.6514e-06
6.8211e-06
5.8351e-06
6.2500e-06
6.3092e-06
5.4043e-06
5.9040e-06
5.3774e-06
5.1878e-06
5.2633e-06
4.7702e-06
5.2029e-06
4.9607e-06
4.4963e-06
4.5125e-06
4.3408e-06
3.8513e-06
3.7769e-06
3.7941e-06
3.4188e-06
3.6509e-06
2.6820e-06
2.0444e-06
2.9791e-06
2.3451e-06
2.2545e-06
2.7989e-06
1.8609e-06
1.2651e-06
1.8522e-06
1.2363e-06
2.5009e-07
1.5176e-06
1.1935e-06
1.4447e-07
1.0776e-06
7.3293e-07
-3.5778e-07
-4.5430e-07
-9.5292e-07
-3.9296e-07
-3.0085e-07
-1.2753e-06
-1.0476e-06
-2.0652e-06
-2.1276e-06
-1.6971e-06
-2.5488e-06
-2.5097e-06
-3.1918e-06
-2.1827e-06
-3.5319e-06
-4.0515e-06
-1.7426e-06
-4.3206e-06
-3.4656e-06
-3.8814e-06
-5.8423e-06
-3.7644e-06
-4.8812e-06
-5.0111e-06
-5.1760e-06
-5.6425e-06
-6.1149e-06
-5.8415e-06
-5.0425e-06
-6.9627e-06
-6.3775e-06
-7.2616e-06
-7.4662e-06
-6.8473e-06
-9.3561e-06
-7.5244e-06
-6.9469e-06
-9.4383e-06
-9.4142e-06
-7.6326e-06
-9.1477e-06
-9.8589e-06
-6.7303e-06
-9.0533e-06
-1.1367e-05
-8.4561e-06
-1.1067e-05
-1.1841e-05
-8.8212e-06
-1.2038e-05
-1.2025e-05
-1.0592e-05
-1.3320e-05
-1.2206e-05
-1.1768e-05
-1.2928e-05
-1.3143e-05
-1.2767e-05
-1.3324e-05
-1.2864e-05
-1.2580e-05
-1.5481e-05
-1.2973e-05
-1.3495e-05
-1.5212e-05
-1.3700e-05
-1.6613e-05
-1.4756e-05
-1.5501e-05
-1.5054e-05
-1.4355e-05
-1.7803e-05
-1.5101e-05
-1.5904e-05
-1.7869e-05
-1.6748e-05
-1.7944e-05
-1.7134e-05
-1.6613e-05
-1.8614e-05
-1.8084e-05
-1.7612e-05
-1.9176e-05
-1.8015e-05
-1.9253e-05
-1.8708e-05
-1.7832e-05
-1.9422e-05
-1.8236e-05
-1.9440e-05
-1.9333e-05
-2.1473e-05
-2.1970e-05
-1.7953e-05
-1.9940e-05
-2.1481e-05
-2.1549e-05
-1.9759e-05
-2.1596e-05
-2.2462e-05
-1.7433e-05
-2.1627e-05
-2.4289e-05
-2.0815e-05
-2.3368e-05
-2.3202e-05
-2.1644e-05
-2.3050e-05
-2.3262e-05
-2.2919e-05
-2.3132e-05
-2.4098e-05
-2.2978e-05
-2.2656e-05
-2.3226e-05
-2.3855e-05
-2.4831e-05
-2.3688e-05
-2.3771e-05
-2.5298e-05
-2.5837e-05
-2.5587e-05
-2.5151e-05
-2.3550e-05
-2.6362e-05
-2.6017e-05
-2.3896e-05
-2.6692e-05
-2.5026e-05
-2.4178e-05
-2.5640e-05
-2.4889e-05
-2.6318e-05
-2.6475e-05
-2.7038e-05
-2.7090e-05
-2.4845e-05
-2.5823e-05
-2.7926e-05
-2.7427e-05
-2.5687e-05
-2.7090e-05
-2.4795e-05
-2.6858e-05
-3.0235e-05
-2.5541e-05
-2.8469e-05
-2.8483e-05
-2.3225e-05
-2.9107e-05
-2.8706e-05
-2.5374e-05
-2.8682e-05
-2.4950e-05
-2.7886e-05
-2.8867e-05
-2.6119e-05
-3.0340e-05
-2.6681e-05
-2.7932e-05
-2.7607e-05
-2.7103e-05
-2.8028e-05
-2.7247e-05
-2.8489e-05
-2.5209e-05
-3.0149e-05
-2.7054e-05
-2.4734e-05
-3.1501e-05
-2.3711e-05
-2.9091e-05
-3.0125e-05
-2.4141e-05
-3.3114e-05
-2.9206e-05
-2.7018e-05
-3.1041e-05
-2.5457e-05
-2.5762e-05
-2.7908e-05
-2.6799e-05
-2.6181e-05
-2.6745e-05
-2.6572e-05
-2.4562e-05
-2.7527e-05
-2.6466e-05
-2.5945e-05
-2.7789e-05
-2.4271e-05
-2.6085e-05
-2.7228e-05
-2.7030e-05
-2.6508e-05
-2.7443e-05
-2.6273e-05
-2.6338e-05
-2.8113e-05
-2.3584e-05
-2.6422e-05
-2.6474e-05
-2.4834e-05
-2.5138e-05
-2.4234e-05
-2.6509e-05
-2.4067e-05
-2.5884e-05
-2.4829e-05
-2.4292e-05
-2.6096e-05
-2.3683e-05
-2.6977e-05
-2.3406e-05
-2.4365e-05
-2.6707e-05
-2.2242e-05
-2.7060e-05
-2.3527e-05
-2.3441e-05
-2.6832e-05
-2.1273e-05
-2.5658e-05
-2.4096e-05
-2.0406e-05
-2.5938e-05
-2.3906e-05
-2.3250e-05
-2.6290e-05
-2.2547e-05
-2.3058e-05
-2.5416e-05
-2.0312e-05
-2.4812e-05
-2.4679e-05
-2.1179e-05
-2.5972e-05
-1.8311e-05
-2.2336e-05
-2.7843e-05
-2.0259e-05
-2.5013e-05
-2.3104e-05
-2.0806e-05
-2.4915e-05
-2.3296e-05
-2.1092e-05
-2.1486e-05
-2.2547e-05
-2.3399e-05
-2.0786e-05
-2.2760e-05
-2.4218e-05
-2.0013e-05
-1.9831e-05
-2.0313e-05
-2.1853e-05
-2.2683e-05
-2.0712e-05
-2.1411e-05
-1.7867e-05
-2.2424e-05
-2.2731e-05
-1.6631e-05
-2.4116e-05
-2.1056e-05
-1.7310e-05
-2.2289e-05
-1.9291e-05
-1.8998e-05
-1.9557e-05
-2.0500e-05
-2.0345e-05
-1.8271e-05
-2.0138e-05
-1.9115e-05
-1.8959e-05
-2.0477e-05
-2.0369e-05
-2.0322e-05
-2.0718e-05
-1.7474e-05
-1.7460e-05
-2.0366e-05
-1.7302e-05
-1.8102e-05
-1.9159e-05
-2.0111e-05
-1.9952e-05
-1.7882e-05
-1.9227e-05
-1.6608e-05
-1.5409e-05
-1.9029e-05
-1.9416e-05
-1.7305e-05
-1.9226e-05
-1.8146e-05
-1.5936e-05
-1.7402e-05
-1.8397e-05
-1.7736e-05
-1.7693e-05
-1.8059e-05
-1.5382e-05
-1.6885e-05
-1.8793e-05
-1.5181e-05
-1.5442e-05
-1.6564e-05
-1.7377e-05
-1.6357e-05
-1.7756e-05
-1.6616e-05
-1.6092e-05
-1.7939e-05
-1.4348e-05
-1.5668e-05
-1.7800e-05
-1.6029e-05
-1.4450e-05
-1.7975e-05
-1.6822e-05
-1.3666e-05
-1.6042e-05
-1.4522e-05
-1.4320e-05
-1.4783e-05
-1.5253e-05
-1.5597e-05
-1.2981e-05
-1.3870e-05
-1.3801e-05
-1.3213e-05
-1.6231e-05
-1.5084e-05
-1.3483e-05
-1.5352e-05
-1.3260e-05
-1.4697e-05
-1.5071e-05
-1.1961e-05
-1.4331e-05
-1.3309e-05
-1.2110e-05
-1.1461e-05
-1.1467e-05
-1.4909e-05
-1.3361e-05
-1.2133e-05
-1.1500e-05
-1.2020e-05
-1.3348e-05
-1.0798e-05
-1.3744e-05
-1.2571e-05
-1.0537e-05
-1.4376e-05
-1.0316e-05
-1.3284e-05
-1.4691e-05
-8.4964e-06
-1.1297e-05
-1.2485e-05
-1.2752e-05
-1.0050e-05
-1.0577e-05
-1.2362e-05
-7.8326e-06
-1.1637e-05
-1.2836e-05
-1.1514e-05
-9.9376e-06
-1.1943e-05
-1.0656e-05
-7.6767e-06
-1.2491e-05
-7.4060e-06
-9.8662e-06
-1.2193e-05
-6.1814e-06
-1.3557e-05
-8.9572e-06
-6.8268e-06
-1.2725e-05
-6.2031e-06
-1.0524e-05
-1.1063e-05
-6.8227e-06
-1.1302e-05
-8.6645e-06
-7.0180e-06
-1.1537e-05
-7.8584e-06
-7.7577e-06
-1.1206e-05
-8.1576e-06
-8.9091e-06
-8.4352e-06
-8.7888e-06
-9.7539e-06
-8.0778e-06
-7.9785e-06
-8.9197e-06
-6.6791e-06
-7.7582e-06
-1.0068e-05
-3.8907e-06
-7.3399e-06
-8.7591e-06
-4.6913e-06
-8.9944e-06
-6.0201e-06
-6.8240e-06
-7.7434e-06
-6.2633e-06
-8.4866e-06
-4.4992e-06
-7.3065e-06
-6.7711e-06
-5.7081e-06
-7.4593e-06
-4.0153e-06
-7.2535e-06
-5.3061e-06
-5.6246e-06
-5.4569e-06
-3.4671e-06
-7.8053e-06
-5.3435e-06
-7.1945e-06
-6.0139e-06
-2.4213e-06
-6.7813e-06
-3.7632e-06
-4.0501e-06
-6.6076e-06
-3.8966e-06
-3.7745e-06
-5.7878e-06
-4.6181e-06
-4.0394e-06
-5.9538e-06
-4.3582e-06
-3.6905e-06
-1.9441e-06
-2.5562e-06
-5.8589e-06
-2.5443e-07
-4.2079e-06
-5.0918e-06
-1.0258e-08
-4.2480e-06
-2.7505e-07
-3.1656e-06
-4.0225e-06
-5.6163e-07
-7.4075e-06
-1.8662e-06
-2.1555e-06
-5.0984e-06
-5.4824e-07
-3.2428e-06
-8.1539e-07
-2.6390e-06
-3.6207e-06
9.3087e-08
3.4965e-07
-2.6665e-07
-1.5278e-06
1.0052e-06
-2.4532e-06
-2.3405e-06
7.7222e-07
-2.0576e-06
9.9904e-07
6.9486e-07
-7.8972e-07
2.8393e-07
-2.1743e-09
2.0803e-06
-3.7528e-07
-1.3235e-06
1.8889e-06
-5.9533e-07
-2.6191e-06
1.7191e-06
2.8147e-06
-1.7354e-06
-1.0251e-07
1.5519e-06
1.8797e-07
1.7156e-06
3.9551e-07
1.4513e-06
2.1227e-06
6.3802e-07
1.8029e-06
2.9349e-06
9.4593e-07
2.1532e-06
2.1057e-06
-1.2475e-06
4.4412e-06
3.5874e-06
5.7610e-07
4.7593e-06
3.4072e-06
2.3739e-06
5.1677e-06
4.1300e-06
1.1915e-06
5.4077e-06
3.9131e-06
2.6234e-06
8.2380e-06
1.7324e-06
2.8340e-06
8.6184e-06
9.8969e-07
2.5907e-06
8.4143e-06
3.3825e-06
2.8526e-06
5.1100e-06
2.5476e-06
3.7899e-06
7.9488e-06
5.0745e-06
5.5844e-06
5.1596e-06
5.4200e-06
8.9695e-06
2.4086e-06
7.2949e-06
1.0194e-05
-1.7982e-06
9.9932e-06
8.5688e-06
-9.9603e-07
1.3903e-05
8.0008e-06
2.0788e-07
9.0256e-06
5.6969e-06
5.7061e-06
9.4043e-06
6.5254e-06
1.0199e-05
7.6148e-06
4.2797e-06
1.2478e-05
5.9397e-06
5.5783e-06
1.3254e-05
4.2723e-06
7.7944e-06
1.1091e-05
5.0298e-06
9.1449e-06
1.0443e-05
7.3137e-06
8.5426e-06
9.5665e-06
7.7518e-06
9.7456e-06
7.3564e-06
1.0646e-05
1.1562e-05
4.6860e-06
1.2842e-05
1.0473e-05
6.4674e-06
1.3131e-05
8.2577e-06
8.7363e-06
9.8351e-06
6.4444e-06
1.2128e-05
9.1367e-06
8.8778e-06
1.6550e-05
8.0216e-06
1.0133e-05
1.3712e-05
4.7220e-06
1.2353e-05
1.3139e-05
8.0252e-06
1.3233e-05
1.2427e-05
9.8267e-06
1.1535e-05
1.2130e-05
1.3384e-05
1.5453e-05
1.1458e-05
1.2039e-05
1.4202e-05
1.0686e-05
1.2337e-05
1.3945e-05
1.1030e-05
1.2562e-05
1.1689e-05
1.2866e-05
1.5498e-05
1.2048e-05
1.3646e-05
1.4781e-05
1.1267e-05
1.3949e-05
1.6127e-05
1.3677e-05
1.3676e-05
1.2775e-05
1.3931e-05
1.5012e-05
1.2587e-05
1.5234e-05
1.6396e-05
1.4456e-05
1.6588e-05
1.6727e-05
1.4168e-05
1.4828e-05
1.6451e-05
1.3958e-05
1.5126e-05
1.7216e-05
1.3777e-05
1.4816e-05
1.5479e-05
1.5629e-05
1.7198e-05
1.5324e-05
1.6893e-05
1.7012e-05
1.6639e-05
1.8709e-05
1.7366e-05
1.7308e-05
1.8061e-05
1.8009e-05
1.4550e-05
1.7239e-05
1.8316e-05
1.4381e-05
1.7977e-05
1.6035e-05
1.4079e-05
1.9321e-05
1.7403e-05
1.6990e-05
1.9574e-05
1.5622e-05
1.8817e-05
1.9312e-05
1.5508e-05
2.0993e-05
1.8295e-05
2.0826e-05
2.0314e-05
1.7557e-05
2.2987e-05
1.5076e-05
1.7040e-05
2.1340e-05
1.8490e-05
2.0932e-05
1.8129e-05
2.0207e-05
1.9190e-05
1.5787e-05
2.2429e-05
2.1171e-05
2.1183e-05
2.0645e-05
1.6223e-05
2.2430e-05
2.1000e-05
1.7501e-05
2.4241e-05
2.0740e-05
1.8263e-05
2.3401e-05
2.0046e-05
2.1040e-05
2.1138e-05
2.0335e-05
2.2787e-05
1.9006e-05
2.3032e-05
2.2722e-05
2.1862e-05
2.4815e-05
1.9972e-05
2.2405e-05
2.2124e-05
2.1694e-05
2.2106e-05
2.0960e-05
2.6471e-05
2.1032e-05
2.0505e-05
2.4188e-05
2.0763e-05
2.3309e-05
2.3470e-05
2.1978e-05
2.4669e-05
2.4259e-05
2.2764e-05
2.3858e-05
2.2883e-05
2.2489e-05
2.3529e-05
2.2120e-05
2.5352e-05
2.5341e-05
2.0879e-05
2.5510e-05
2.4102e-05
2.3246e-05
2.7825e-05
2.2384e-05
2.4981e-05
2.7106e-05
2.1598e-05
2.5659e-05
2.6425e-05
2.4322e-05
2.4939e-05
2.5026e-05
2.4553e-05
2.6809e-05
2.7284e-05
2.3868e-05
2.6366e-05
2.5539e-05
2.4477e-05
2.5088e-05
2.5221e-05
2.6817e-05
2.5336e-05
2.5991e-05
2.7532e-05
2.3558e-05
2.6670e-05
2.7769e-05
2.4894e-05
2.7851e-05
2.4500e-05
2.6592e-05
2.6560e-05
2.4343e-05
2.9738e-05
2.3401e-05
2.7452e-05
3.0126e-05
2.5184e-05
3.0726e-05
2.7342e-05
2.5234e-05
3.0015e-05
2.8034e-05
2.4369e-05
2.8215e-05
3.0214e-05
2.3643e-05
2.6731e-05
2.8910e-05
2.6470e-05
2.9527e-05
2.8200e-05
2.8170e-05
2.8220e-05
2.8944e-05
3.0908e-05
2.6478e-05
2.7937e-05
2.8631e-05
2.8175e-05
2.9202e-05
2.8377e-05
2.9320e-05
2.7994e-05
3.0045e-05
2.9604e-05
2.8700e-05
3.0711e-05
2.8298e-05
2.9840e-05
2.9903e-05
2.7949e-05
3.0005e-05
2.8063e-05
2.8649e-05
3.0746e-05
2.7756e-05
2.9337e-05
3.0417e-05
2.8497e-05
3.0516e-05
2.8569e-05
2.9718e-05
3.1213e-05
2.6753e-05
3.0856e-05
3.0960e-05
2.7413e-05
3.2107e-05
3.1671e-05
2.9165e-05
3.3365e-05
3.1866e-05
2.8835e-05
3.2457e-05
3.1565e-05
3.0549e-05
3.0504e-05
3.0223e-05
3.2685e-05
2.8187e-05
3.1380e-05
3.3355e-05
2.7440e-05
3.4495e-05
3.1587e-05
2.9637e-05
3.4605e-05
3.0404e-05
3.4772e-05
2.8704e-05
2.9421e-05
3.7466e-05
2.7008e-05
3.2431e-05
3.5281e-05
2.9623e-05
3.4244e-05
3.3904e-05
3.0738e-05
3.2375e-05
3.1829e-05
3.0957e-05
3.4507e-05
3.0441e-05
3.2688e-05
3.5049e-05
2.7204e-05
3.6818e-05
3.4380e-05
2.9373e-05
3.7932e-05
3.0509e-05
3.1903e-05
3.7204e-05
3.1587e-05
3.2037e-05
3.4266e-05
3.2705e-05
3.2254e-05
3.5471e-05
3.3840e-05
2.9834e-05
3.4970e-05
3.2986e-05
3.1043e-05
3.6646e-05
3.2186e-05
3.3142e-05
3.5198e-05
3.1789e-05
3.5749e-05
3.4432e-05
3.5458e-05
3.7050e-05
3.4601e-05
3.5482e-05
3.4146e-05
3.6657e-05
3.9462e-05
3.9929e-05
3.8422e-05
4.3240e-05
5.1041e-05
5.5975e-05
7.2286e-05
8.2212e-05
8.0844e-05
1.0467e-04
1.1364e-04
9.2925e-05
1.2180e-04
1.3822e-04
1.2030e-04
1.1071e-04
6.2720e-05
1.9928e-05
3.3945e-05
2.6320e-05
-2.5315e-06
6.3349e-05
4.3483e-05
-7.7780e-05
-2.9606e-05
-1.5241e-05
-7.3206e-05
1.1905e-04
2.5785e-04
1.1214e-04
7.2425e-05
3.4016e-05
6.4213e-05
3.6407e-04
4.1447e-04
2.4372e-04
1.5375e-04
3.6877e-05
-1.1462e-04
-2.8674e-04
-4.2763e-04
-1.0865e-04
2.0569e-04
-7.8613e-05
3.1995e-04
5.7424e-04
-4.4633e-04
-1.3260e-04
7.0209e-04
-2.7241e-04
-5.0016e-04
2.2197e-04
-2.8334e-04
4.5671e-05
1.3737e-03
1.2245e-03
6.7668e-04
2.3184e-04
-4.0664e-04
-3.7461e-04
4.1012e-05
4.3578e-04
3.8759e-04
7.6167e-05
5.1664e-05
-8.8038e-05
-2.9243e-04
2.7311e-04
7.6819e-04
-1.1698e-04
-2.4552e-04
4.7856e-04
-1.1723e-04
-3.4000e-04
1.5550e-04
1.6458e-04
3.3517e-05
-4.9716e-04
-6.8351e-04
3.0877e-04
1.8260e-03
2.4077e-03
5.9160e-04
-2.5820e-03
-3.5670e-03
-8.1460e-04
2.0840e-03
3.1565e-03
3.0088e-03
2.1444e-04
-3.1497e-03
-3.0968e-03
-1.7475e-04
2.6298e-03
2.9398e-03
6.2498e-04
-5.5026e-04
-3.1057e-04
-1.1063e-03
-1.1956e-04
2.0887e-03
1.7943e-03
2.6119e-04
7.1374e-04
2.5700e-04
-2.0415e-03
-1.3277e-04
3.1138e-03
3.5294e-03
1.4634e-03
-2.9116e-03
-4.3075e-03
-1.5651e-03
2.3571e-03
4.3160e-03
2.3948e-03
-1.2714e-03
-6.9604e-03
-6.0375e-03
3.0889e-03
6.8673e-03
3.7389e-03
-2.4105e-03
-5.0237e-03
-2.3365e-03
8.2684e-04
2.5737e-03
1.7011e-03
1.0770e-04
-1.3395e-03
3.4667e-04
3.1018e-03
1.5257e-03
-8.6061e-04
-1.6465e-03
-1.3223e-03
-7.2136e-04
-3.7007e-04
-4.0903e-04
-2.2557e-03
-1.3479e-03
2.9359e-03
3.9753e-03
5.3340e-06
-4.3516e-03
-2.0258e-04
5.1189e-03
5.2752e-03
4.8090e-03
-1.9797e-03
-8.5066e-03
-3.0758e-03
6.2367e-03
4.7706e-03
-4.5378e-04
5.1482e-04
-2.6208e-03
-1.7378e-03
5.5304e-03
1.0248e-03
-1.7862e-03
2.7203e-03
-5.0752e-03
-1.2121e-02
-1.7477e-03
5.4854e-03
1.0549e-03
3.3312e-03
3.5653e-03
-3.0400e-03
-2.2155e-04
1.4995e-04
-1.7923e-03
3.5041e-03
5.6602e-03
1.3800e-03
-8.1436e-03
-1.3582e-02
-6.0873e-03
4.7359e-03
6.4764e-03
3.6296e-03
5.1842e-04
-4.5668e-03
-1.5264e-03
6.7321e-03
7.8097e-03
3.9489e-03
-3.6709e-03
-1.0647e-02
-8.8305e-03
-9.9653e-04
7.2802e-03
9.1691e-03
4.5748e-03
-2.2493e-03
-7.8120e-03
-5.1705e-04
8.6593e-03
9.2752e-03
9.3100e-03
2.1785e-03
-5.2353e-03
-6.9838e-03
-3.8992e-03
1.8358e-03
-3.4240e-04
2.0741e-04
2.6480e-03
1.2984e-03
-2.0370e-03
-7.0635e-03
-2.3340e-03
2.6590e-03
1.4554e-03
3.1387e-03
3.0642e-03
-1.6479e-03
-4.5062e-03
3.1171e-04
1.6940e-03
-1.6434e-03
3.7391e-03
3.9421e-03
-1.2654e-04
3.6652e-03
-8.2277e-05
-6.3848e-03
-1.8097e-04
6.5880e-03
8.7832e-03
1.3602e-02
6.2321e-03
-1.0747e-02
-1.2985e-02
-3.9637e-03
3.8512e-03
3.0482e-03
1.3885e-03
3.9538e-03
-3.0449e-03
-1.0272e-02
-3.1892e-03
5.5859e-03
6.1509e-03
1.0220e-03
-2.9972e-03
-2.6408e-03
7.1936e-04
7.0338e-03
5.7904e-03
-1.2076e-03
-2.5708e-03
-1.3368e-03
4.1676e-04
1.4674e-03
2.3581e-03
1.8693e-03
-2.9610e-03
-5.5883e-03
-3.4303e-03
-3.0385e-03
-3.5247e-03
4.0484e-03
1.1710e-02
5.6239e-03
-3.2304e-03
-4.6102e-03
-2.5907e-03
1.7356e-03
6.7301e-03
2.1712e-03
-6.4166e-03
-4.8275e-03
-4.3700e-03
-3.3411e-03
1.4886e-03
-4.0351e-04
-2.8526e-03
-2.2564e-03
2.0447e-03
6.9622e-03
1.0462e-02
9.2599e-03
2.1144e-04
-2.0122e-03
5.2274e-04
-1.2702e-03
6.7529e-04
3.4354e-03
-7.3247e-04
-6.3561e-03
-6.5858e-03
-2.3444e-03
3.8563e-03
7.8655e-03
4.2486e-03
2.2513e-03
6.9937e-03
4.2024e-03
-1.6889e-03
-3.7075e-03
-6.9921e-03
-6.9323e-03
-4.6338e-03
-4.4969e-03
-7.2590e-03
-3.9613e-03
2.9939e-03
4.4909e-04
-3.8859e-03
-6.1411e-03
-5.5945e-03
-4.8226e-03
-4.6361e-03
1.4602e-03
4.9034e-03
4.0347e-03
7.0733e-03
1.1121e-02
7.8298e-03
4.1817e-03
1.7943e-03
-8.5813e-03
-1.4434e-02
-1.2432e-02
-9.4160e-03
-5.3259e-04
8.9811e-03
9.8120e-03
7.1944e-03
7.9825e-03
9.3907e-03
1.0596e-02
1.1458e-02
5.5948e-03
-5.8935e-03
-6.4842e-03
-7.0788e-03
-1.6201e-02
-6.2514e-03
4.4462e-03
-1.0835e-03
3.8546e-04
6.7430e-03
7.7971e-03
4.7356e-03
6.0538e-03
4.9785e-03
-2.7415e-03
-3.5838e-03
-5.6590e-03
-8.6796e-03
-2.4447e-03
9.3911e-04
-4.5471e-04
1.3202e-04
-1.3726e-03
-2.1237e-03
-1.2400e-04
-1.1662e-03
-6.0705e-03
-8.9246e-03
-5.5253e-03
7.7682e-04
7.1325e-03
1.1142e-02
8.8340e-03
-1.4115e-03
-9.8045e-03
-1.1557e-02
-5.4340e-03
6.4145e-03
2.8990e-03
-8.0647e-03
-7.4451e-03
-5.4533e-03
-2.3080e-03
7.6422e-03
4.1871e-03
-5.1540e-03
5.6038e-03
1.3758e-02
1.0691e-02
1.1437e-02
5.8367e-03
-2.6440e-03
1.1497e-03
2.9642e-03
-1.0417e-03
1.6695e-03
6.3125e-03
2.8604e-03
-5.7664e-03
-4.0203e-03
1.5157e-03
1.5229e-03
4.4186e-04
9.5243e-05
-4.1547e-04
-3.0470e-03
-8.6188e-04
2.2696e-03
3.9259e-03
1.0058e-02
1.2924e-02
-5.0629e-04
-1.8532e-02
-1.5641e-02
-4.8969e-03
4.3477e-03
1.0501e-02
5.2859e-03
2.6039e-03
-2.3295e-03
-1.1659e-03
6.5024e-03
2.7411e-03
7.0244e-03
1.1559e-02
8.9042e-03
4.3052e-03
-8.0162e-03
-7.4693e-03
-8.5793e-05
-1.7859e-03
-5.0537e-03
-1.1352e-02
-1.2381e-02
-5.8593e-03
-1.1915e-03
1.4283e-03
-6.1868e-04
-7.7542e-05
9.2108e-04
-1.7187e-03
7.1860e-03
1.4947e-02
1.1565e-02
-4.6584e-04
-1.9490e-02
-2.3057e-02
-1.1166e-02
2.6410e-03
7.8464e-03
6.2323e-03
8.9089e-03
4.3744e-03
-2.8555e-03
5.8668e-03
2.1340e-02
1.3959e-02
-4.2199e-03
-5.7106e-03
-1.5460e-03
3.2260e-03
-2.4916e-03
-5.8344e-03
6.9663e-03
7.3115e-03
-2.7393e-04
-4.6576e-03
-4.3780e-03
-2.3347e-03
-3.3580e-03
-1.6801e-03
-6.8478e-03
-1.4685e-02
-7.6757e-03
1.1598e-02
2.0794e-02
2.0737e-02
1.3750e-02
-1.1537e-02
-1.9596e-02
-6.0827e-03
-4.1292e-03
-2.0923e-03
6.2500e-03
7.7390e-03
4.4084e-03
2.3934e-03
-4.3530e-03
-4.6886e-03
9.9405e-03
1.2204e-02
4.4714e-03
-1.8010e-03
-1.4182e-02
-2.0955e-02
-1.6153e-02
-3.6824e-04
1.8540e-02
2.5786e-02
2.0615e-02
4.4248e-03
-9.6979e-03
-1.5278e-02
-1.7500e-02
-9.0261e-03
-5.3609e-03
-6.3031e-03
3.4197e-03
3.1594e-03
-2.9232e-03
-3.7694e-03
-4.1212e-03
3.8572e-03
1.0179e-02
4.7974e-03
-2.8207e-03
-9.5798e-03
-1.0377e-02
-8.7356e-03
-1.6571e-02
-1.5583e-02
-5.3244e-04
6.5446e-03
7.7408e-03
1.0263e-02
1.0344e-02
1.2909e-03
-7.7029e-03
4.7608e-03
1.6905e-02
1.1102e-02
-1.4373e-03
-1.3019e-02
-5.0503e-03
4.7431e-03
4.9651e-03
9.4208e-03
5.1628e-03
-1.7033e-03
-7.3859e-03
-7.7655e-03
2.6601e-04
3.3191e-03
1.1632e-02
1.2353e-02
6.1277e-03
9.3409e-03
-5.0447e-06
-3.0311e-03
4.5178e-03
-8.8471e-03
-2.0210e-02
-1.5611e-02
-8.5188e-03
-1.9829e-03
3.0944e-03
7.8347e-04
-9.4774e-03
-7.2121e-03
1.1081e-03
2.0185e-04
-3.3598e-03
-8.8291e-03
-6.9398e-03
-1.7698e-03
-1.6153e-03
-3.2188e-03
-7.4586e-03
-7.6514e-03
-2.2774e-03
8.4150e-03
1.5002e-02
1.1393e-02
3.9620e-03
-9.6267e-03
-2.0781e-02
-1.8599e-02
-1.5622e-03
1.4586e-02
1.3793e-02
2.1781e-03
-9.7051e-03
-1.3211e-02
-9.8212e-03
-1.5010e-03
9.3691e-03
1.3722e-02
5.7546e-03
-6.7242e-03
-1.2899e-02
-1.7872e-02
-1.9330e-02
-1.2967e-02
-1.0977e-03
9.4399e-03
3.0324e-03
-8.1509e-03
-2.1274e-02
-4.3248e-02
-4.2533e-02
-2.5920e-02
-1.9511e-02
-1.7044e-02
-1.7311e-02
-1.8598e-02
-1.6891e-02
-1.7503e-02
-2.2625e-02
-1.7302e-02
7.8297e-04
1.1011e-02
2.8819e-03
-5.0471e-03
-9.7625e-03
-1.5916e-02
-1.0357e-02
-9.9580e-03
-1.2858e-02
-1.0645e-02
-8.5721e-03
-2.2122e-03
-4.5588e-03
-5.3945e-03
-3.9844e-03
-1.6013e-02
-2.9859e-02
-3.8530e-02
-3.3564e-02
-2.1948e-02
-1.8575e-02
-1.2369e-02
-4.3487e-04
-8.7655e-05
-1.8912e-02
-2.8840e-02
-1.9694e-02
-1.9136e-02
-2.8556e-02
-2.6812e-02
-1.5697e-02
-1.4197e-02
-1.1304e-02
-1.6369e-04
1.1402e-02
2.3166e-02
2.1024e-02
1.6379e-02
1.4595e-02
8.0149e-03
1.4003e-02
3.2802e-02
5.4326e-02
6.4589e-02
6.6086e-02
7.1555e-02
6.9575e-02
6.3382e-02
6.0866e-02
4.5489e-02
1.3347e-02
-5.0363e-03
-1.8983e-03
8.1825e-03
1.9582e-02
2.3307e-02
4.6433e-02
7.4306e-02
6.4946e-02
5.3903e-02
3.5132e-02
8.4425e-03
1.0610e-02
1.7705e-02
1.5152e-02
-2.5488e-04
-9.3680e-03
-1.3481e-02
-2.7927e-02
-2.1356e-02
-1.0160e-02
6.5750e-03
1.7635e-02
-9.5114e-03
-2.6390e-02
-2.6819e-02
-4.3375e-02
-6.1034e-02
-5.8137e-02
-3.8443e-02
-2.9066e-02
-3.9432e-02
-3.4320e-02
-1.1928e-02
-1.9094e-03
-5.1091e-04
1.0936e-02
3.7732e-02
5.0442e-02
6.0195e-02
7.9066e-02
7.4526e-02
6.4352e-02
3.9066e-02
-4.6348e-04
-1.1034e-02
-2.4441e-02
-4.1636e-02
-3.3508e-02
-1.7949e-02
-5.1009e-04
1.4596e-02
1.8168e-02
7.4955e-03
-8.4687e-03
-1.9131e-02
-2.1047e-02
-1.4815e-02
-5.3673e-03
-2.9403e-03
-3.6065e-03
5.5336e-03
5.5108e-03
1.6819e-02
3.4940e-02
1.3279e-02
-1.9711e-02
-4.0808e-02
-4.5774e-02
-3.7906e-02
-2.1789e-02
5.9743e-04
1.1558e-02
5.5359e-03
-1.1341e-02
-2.0621e-02
-3.5186e-02
-4.1312e-02
-3.4843e-02
-4.6347e-02
-3.6912e-02
-1.9317e-02
-2.6803e-02
-6.9186e-03
2.1473e-02
2.0276e-02
2.6219e-02
2.2965e-02
8.1245e-03
-2.4156e-02
-3.4807e-02
-9.9254e-03
-4.5724e-02
-7.6453e-02
-8.3174e-02
-4.4201e-02
8.6780e-03
-2.0305e-02
1.0053e-02
4.0973e-02
8.9039e-03
-1.7434e-04
-2.1608e-02
-3.2812e-02
-3.4297e-02
-5.5212e-02
-3.2283e-02
-3.0127e-02
-7.6872e-02
-3.7850e-02
2.4593e-03
2.3330e-04
5.5896e-03
7.1827e-03
-5.1537e-03
-6.3039e-03
6.4452e-02
3.5659e-02
-5.0476e-02
-3.1783e-02
-2.4881e-02
-2.8406e-02
5.7279e-04
4.4714e-02
7.8427e-02
8.2298e-02
9.3156e-02
1.0139e-01
1.1343e-01
1.2875e-01
8.5239e-02
2.8781e-02
-5.9599e-03
-4.3707e-02
-8.6179e-02
-6.6844e-02
1.8520e-02
-1.9289e-02
-8.6087e-02
-5.2683e-02
-2.6021e-02
-6.5574e-03
-2.5186e-02
-4.6314e-02
-2.1392e-02
-8.6517e-03
-8.5411e-03
-1.3420e-02
3.3112e-02
9.3615e-02
6.1476e-02
1.7906e-02
1.0449e-03
-4.4135e-02
-7.5595e-02
-9.6156e-02
-1.2847e-01
-9.4471e-02
-7.3652e-02
-3.4942e-02
1.2342e-01
1.4144e-01
8.1743e-02
1.0654e-01
7.2742e-02
4.0814e-02
5.3871e-02
6.6277e-02
1.1719e-01
1.7519e-01
1.4249e-01
8.7320e-02
7.5928e-02
3.1457e-02
-2.9390e-02
-7.7585e-02
-7.9209e-02
-1.0871e-01
-1.8700e-01
-9.5898e-02
-9.9940e-02
-1.4080e-01
8.1645e-02
8.3006e-02
1.9909e-02
6.3535e-02
5.4115e-02
9.3232e-02
-2.9819e-02
-2.1068e-02
1.0823e-01
4.1909e-02
5.0527e-02
1.0514e-01
1.1128e-01
1.2430e-01
1.0753e-01
3.9486e-02
2.4107e-02
8.0168e-02
1.2225e-01
1.4632e-01
8.1547e-02
4.7268e-02
4.6785e-02
-3.3530e-02
-7.1021e-02
-7.8082e-02
-7.4897e-02
-1.1225e-01
-1.7230e-01
-1.6588e-01
-1.6879e-01
-1.6156e-01
-1.1633e-01
-4.8199e-02
-4.2804e-03
8.5952e-03
6.5819e-02
9.5492e-02
6.0235e-02
6.1477e-02
5.3740e-02
1.0046e-02
4.0259e-02
8.3711e-02
8.1756e-02
9.8119e-02
6.0758e-02
-6.2517e-03
-4.9103e-03
-2.2308e-02
1.1449e-02
-4.9703e-02
-1.3477e-01
2.1308e-02
-5.0769e-02
-1.7541e-01
-1.1317e-01
-1.6522e-01
-1.5222e-01
-1.1177e-01
-9.0200e-02
-1.1809e-02
-3.2393e-03
-2.1958e-02
2.3656e-02
3.8211e-02
3.4984e-02
6.7479e-02
3.2509e-02
3.3306e-02
6.4744e-02
4.0827e-02
4.4992e-02
6.2486e-02
7.4250e-02
3.2861e-02
2.5292e-02
5.9890e-02
-2.0993e-02
-7.5168e-02
-2.9879e-02
-9.9788e-04
-6.6627e-03
-1.5259e-02
-1.8369e-02
-2.2475e-02
-1.1215e-02
1.4431e-02
1.2870e-02
-1.7779e-02
-1.6994e-02
-2.2217e-02
-2.7594e-04
5.6580e-02
2.9062e-02
4.7049e-02
9.1981e-02
4.6272e-02
4.1222e-02
3.7239e-02
-2.0207e-02
-6.0775e-02
-4.6587e-02
-1.5272e-02
-2.2963e-02
-2.0071e-03
1.9951e-03
-2.8898e-02
-2.8328e-02
-4.2868e-02
-6.2516e-02
-6.6092e-02
-6.2006e-02
-5.3031e-02
-2.9234e-02
-3.8613e-02
-2.6817e-02
2.5725e-02
-3.7275e-02
-7.1571e-02
-1.9639e-02
1.3894e-03
9.1259e-03
6.6102e-03
3.7457e-02
5.0146e-02
2.9407e-02
1.2524e-02
1.8247e-02
3.7916e-02
-9.1833e-04
3.1379e-02
8.0651e-02
8.0459e-03
-3.7886e-02
-2.7137e-02
-1.2469e-02
-2.1350e-02
-8.3971e-03
2.8515e-02
1.4943e-02
3.0913e-02
5.3457e-02
2.3029e-02
6.7393e-03
1.2915e-02
1.1520e-02
4.0863e-02
1.1831e-01
1.4828e-01
1.3777e-01
1.0996e-01
4.8615e-02
2.0736e-02
-6.7354e-02
-1.7224e-01
-8.6493e-02
-9.6825e-03
-5.2494e-02
-7.0985e-03
1.3350e-02
-2.9630e-02
2.3106e-02
3.0083e-02
-3.3638e-02
-3.3018e-02
-2.7861e-02
-8.9758e-02
-6.2490e-02
-2.1342e-02
-3.2027e-02
8.7456e-03
-9.9080e-02
-9.2024e-02
-1.4323e-02
-2.8354e-02
1.3201e-01
1.2244e-01
4.0660e-02
5.6861e-02
-7.7487e-05
-7.8490e-02
-1.4051e-01
-5.8726e-02
-6.8098e-03
-3.5181e-02
-2.2831e-02
-2.1041e-02
1.6029e-02
4.7088e-02
4.8104e-02
4.3903e-02
1.2813e-02
-1.0223e-02
-9.0217e-03
-4.3183e-02
-6.0332e-02
-1.0139e-02
-2.6908e-02
-1.8080e-02
7.2697e-02
6.4485e-02
4.2957e-02
6.5137e-02
3.3073e-02
-2.1980e-02
-2.2287e-02
2.5474e-02
4.3398e-02
3.2669e-02
7.6758e-03
-5.2399e-03
2.1310e-02
3.0913e-02
4.7481e-02
7.2857e-02
5.7924e-02
3.4619e-02
2.0006e-02
2.0672e-02
7.0978e-03
-2.1188e-02
-3.5795e-03
1.5139e-02
-1.0437e-02
-3.1963e-02
-3.8776e-02
-3.9915e-02
-3.5108e-02
-5.2176e-02
-4.6233e-02
-4.1476e-02
-7.6904e-02
-5.7904e-02
-4.4946e-02
-7.1406e-02
-5.0978e-02
-2.4416e-02
-1.5033e-02
-1.7907e-03
-2.4620e-02
-6.0334e-02
-6.7122e-02
-6.8193e-02
-4.1288e-02
-3.0698e-02
-3.4333e-02
1.1509e-02
8.9405e-03
-1.3808e-02
-1.5943e-02
-3.1168e-02
3.1529e-03
-3.6847e-02
-7.9634e-02
-4.4754e-02
-3.6975e-02
5.0979e-02
4.7194e-02
-6.7866e-03
2.5043e-02
-2.0845e-03
4.3749e-03
1.8052e-02
4.2129e-02
2.9481e-02
-3.0077e-02
1.5948e-02
3.8615e-02
2.1241e-02
1.9312e-02
2.5884e-02
5.2241e-02
4.5457e-02
2.9176e-02
1.4831e-02
2.7648e-02
1.0558e-02
-3.4235e-02
-1.3335e-03
-8.4241e-03
2.2988e-02
6.6140e-02
1.4868e-02
3.9452e-02
4.2452e-02
3.9985e-02
4.3801e-02
-2.0740e-02
-2.8776e-02
-3.2757e-02
-4.0026e-02
-6.6289e-02
-8.6220e-02
-4.4019e-02
7.0080e-03
8.0576e-02
6.3313e-02
7.0389e-02
1.3002e-01
8.5565e-02
7.5381e-02
3.2535e-02
7.3632e-03
9.5658e-02
8.0692e-02
1.5380e-02
5.6301e-02
8.8165e-02
3.3081e-02
9.6015e-03
-8.2037e-03
1.0613e-02
6.1769e-02
-5.2871e-03
-1.0500e-02
2.7418e-02
-8.6155e-03
-1.1248e-02
-2.5236e-02
-4.2643e-02
-4.7097e-02
-5.8172e-02
-5.3815e-02
-3.5648e-02
-8.4976e-03
-2.4903e-03
-9.1801e-03
-1.4906e-02
-3.0260e-02
-3.2340e-02
-2.7887e-02
-4.4589e-02
-3.5468e-02
-1.4238e-02
-1.7984e-02
1.0218e-02
2.5846e-02
1.5299e-02
3.8943e-02
5.0781e-02
2.2335e-02
-9.2048e-03
1.6101e-03
1.4432e-02
-4.8599e-04
6.1341e-03
1.5622e-02
1.7653e-02
2.9652e-02
3.5982e-02
2.8281e-02
1.8030e-02
8.7649e-03
-4.4793e-03
-8.8885e-04
1.0778e-02
1.2264e-02
2.2037e-02
3.1132e-02
2.2100e-02
6.3096e-03
-1.0323e-02
-2.5647e-02
-2.4466e-02
-1.3411e-02
-6.6188e-03
-9.8927e-03
-2.5107e-02
-3.2611e-02
-2.8730e-02
-1.9396e-02
-5.4232e-03
2.2357e-03
-1.7313e-03
-9.6460e-03
-1.3355e-02
-1.3071e-02
-1.3542e-02
-1.4007e-02
-2.8725e-03
6.1014e-03
7.1118e-04
-8.2994e-03
-2.0475e-02
-2.4409e-02
-2.6738e-02
-3.3430e-02
-3.0077e-02
-3.5132e-02
-3.5848e-02
-2.0625e-02
-1.9293e-02
-1.6740e-02
-1.1343e-02
-1.7967e-02
-3.0255e-02
-4.3795e-02
-4.3010e-02
-3.9793e-02
-3.4262e-02
-1.1500e-02
3.8267e-03
1.3069e-02
2.1381e-02
1.2132e-02
8.6268e-04
-9.8171e-03
-2.6576e-02
-3.3351e-02
-3.8544e-02
-3.8881e-02
-2.2517e-02
-7.8452e-03
1.0349e-02
2.6094e-02
2.7632e-02
3.1086e-02
2.6624e-02
6.8354e-03
-1.4771e-02
-2.0401e-02
-1.0262e-02
-4.4975e-03
-7.1374e-03
-2.0104e-02
-3.0642e-02
-1.9305e-02
-1.8420e-03
1.0080e-02
1.4535e-02
5.8996e-03
1.8203e-03
5.6781e-03
7.1169e-03
9.6544e-03
1.3207e-02
2.0430e-02
2.9578e-02
3.3728e-02
3.5514e-02
3.8355e-02
3.9023e-02
4.1170e-02
4.3237e-02
3.4597e-02
2.4809e-02
2.2096e-02
2.0484e-02
1.8274e-02
1.4132e-02
9.1253e-03
4.0189e-03
7.1350e-03
2.6023e-02
3.2624e-02
2.2520e-02
2.7518e-02
3.4682e-02
2.9442e-02
2.4492e-02
1.3740e-02
-8.7332e-04
-8.1204e-03
-9.1783e-03
-2.6253e-03
4.5932e-03
8.4705e-03
1.5976e-02
2.0266e-02
1.6529e-02
9.3227e-03
2.7476e-03
-1.1090e-03
-7.3059e-03
-8.9076e-03
-5.2928e-04
4.4103e-03
5.6264e-03
7.1057e-03
6.1442e-03
5.9287e-03
4.8145e-03
9.5636e-04
-6.5570e-04
1.2450e-03
3.4278e-03
5.2530e-03
7.3718e-03
8.9343e-03
9.0091e-03
7.9400e-03
5.1187e-03
-2.8103e-04
4.2946e-04
9.2187e-03
1.1960e-02
8.1013e-03
6.3788e-03
5.2944e-03
5.2625e-03
8.7262e-03
9.9829e-03
5.0512e-03
-3.1462e-03
-1.3602e-02
-2.3178e-02
-2.6559e-02
-2.6803e-02
-2.7498e-02
-2.7642e-02
-2.5520e-02
-2.0113e-02
-1.3739e-02
-1.1036e-02
-1.4302e-02
-1.7926e-02
-2.2397e-02
-3.2564e-02
-4.0159e-02
-3.9677e-02
-3.6819e-02
-3.3398e-02
-2.9190e-02
-2.7460e-02
-2.4607e-02
-2.1116e-02
-1.7406e-02
-8.3518e-03
-2.9017e-03
-7.7220e-03
-1.7515e-02
-2.3617e-02
-2.7902e-02
-3.4454e-02
-3.4885e-02
-3.0813e-02
-2.5286e-02
-1.9623e-02
-1.8874e-02
-2.0696e-02
-2.5082e-02
-2.6418e-02
-1.6998e-02
-6.2877e-03
2.6419e-05
4.8052e-03
5.4403e-03
1.3806e-04
-7.0639e-03
-6.2264e-03
-1.8123e-03
-1.5170e-03
7.1813e-04
4.2880e-03
8.0076e-03
8.5720e-03
5.9542e-03
3.8663e-03
4.6954e-04
3.9801e-04
1.7508e-03
-1.2051e-04
-3.5530e-03
-5.8532e-03
-8.7127e-03
-1.3793e-02
-1.3274e-02
-1.2355e-02
-1.5998e-02
-1.5744e-02
-1.1422e-02
-8.3532e-03
-9.3392e-03
-9.7366e-03
-8.3062e-03
-6.5009e-03
-1.0249e-03
1.5624e-03
-4.0122e-04
3.3574e-03
9.6286e-03
1.1702e-02
1.1546e-02
8.9391e-03
7.7301e-03
7.8552e-03
4.2950e-03
3.3209e-03
4.6859e-03
4.6245e-03
8.3014e-03
1.2191e-02
1.0590e-02
7.1163e-03
7.0663e-03
1.0441e-02
1.5287e-02
2.0072e-02
2.2286e-02
2.2594e-02
2.1121e-02
2.0027e-02
2.0687e-02
1.9255e-02
1.6388e-02
1.6601e-02
2.0113e-02
2.1478e-02
2.3604e-02
2.5942e-02
2.2119e-02
1.6181e-02
9.4166e-03
7.3793e-03
9.3244e-03
7.9916e-03
7.7588e-03
7.2917e-03
4.1748e-03
-1.4786e-03
-5.1988e-03
-1.8732e-03
2.5361e-03
6.4634e-03
1.0014e-02
8.1327e-03
3.6488e-03
2.5469e-03
3.0146e-03
4.7271e-03
9.4054e-03
1.4433e-02
1.9080e-02
2.0306e-02
1.6762e-02
1.3800e-02
1.1795e-02
1.0910e-02
1.1615e-02
1.1462e-02
1.1108e-02
1.0104e-02
7.4522e-03
4.6765e-03
2.2177e-03
-1.0706e-03
-4.9765e-03
-1.0406e-02
-1.9153e-02
-2.5347e-02
-2.3432e-02
-2.0157e-02
-1.8667e-02
-1.6765e-02
-1.9215e-02
-2.3653e-02
-2.3815e-02
-2.3602e-02
-2.4920e-02
-2.4532e-02
-2.0362e-02
-1.0952e-02
-6.5629e-03
-1.0031e-02
-1.2695e-02
-1.8008e-02
-1.8929e-02
-1.4727e-02
-1.1926e-02
-7.3880e-03
-6.1990e-03
-7.4227e-03
-1.1869e-02
-1.6899e-02
-1.8152e-02
-1.7799e-02
-9.9325e-03
4.5201e-04
8.0799e-03
1.3248e-02
1.1773e-02
4.1784e-03
-2.9611e-03
-3.2189e-03
-7.0207e-04
3.5789e-03
1.1614e-02
1.7305e-02
1.7807e-02
1.6957e-02
1.7449e-02
1.8776e-02
2.1126e-02
2.2751e-02
2.3597e-02
2.2959e-02
1.8539e-02
1.3935e-02
1.1398e-02
1.0417e-02
1.0591e-02
9.6394e-03
6.4119e-03
4.3299e-03
5.1313e-03
7.2618e-03
9.6667e-03
9.0283e-03
5.5748e-03
2.2646e-03
-3.2327e-04
-1.5440e-03
-2.8599e-03
-2.7778e-03
-3.7971e-04
2.0181e-03
5.7175e-03
7.6741e-03
5.7255e-03
3.6294e-03
2.6500e-03
1.7032e-03
-1.2337e-03
-4.4118e-03
-5.1336e-03
-4.3924e-03
-3.2738e-03
-4.9042e-03
-8.2173e-03
-8.2822e-03
-7.1450e-03
-7.0672e-03
-9.2212e-03
-1.2473e-02
-1.2892e-02
-1.2414e-02
-1.1257e-02
-9.5977e-03
-9.6015e-03
-8.7518e-03
-8.1363e-03
-9.6413e-03
-9.8436e-03
-7.6994e-03
-5.1219e-03
-2.7298e-03
-3.1222e-03
-6.2572e-03
-4.0442e-03
1.3437e-03
3.9614e-03
5.8708e-03
2.0540e-03
-4.2749e-03
-4.1309e-03
-2.1330e-03
-1.6311e-03
1.9802e-03
7.5037e-03
7.9923e-03
4.1569e-03
-1.1172e-03
-1.2241e-03
6.3497e-03
1.2787e-02
1.5330e-02
1.3340e-02
1.1055e-02
8.6991e-03
3.5028e-03
2.8046e-03
5.4230e-03
1.0729e-02
1.6812e-02
1.8350e-02
1.8565e-02
1.8217e-02
1.7691e-02
1.7067e-02
1.5370e-02
1.2194e-02
1.3019e-02
1.8223e-02
1.8105e-02
1.7454e-02
1.8101e-02
1.4742e-02
1.0522e-02
6.1675e-03
3.5289e-03
3.5132e-03
4.2096e-03
5.2157e-03
4.9262e-03
4.9826e-03
4.6350e-03
3.0452e-03
5.8890e-03
1.0368e-02
9.5260e-03
5.4458e-03
2.8881e-03
8.4261e-04
-2.6782e-03
-5.2487e-03
-5.7124e-03
-4.0865e-03
-1.9419e-03
-1.5882e-03
-3.7227e-03
-6.2427e-03
-6.0717e-03
-4.2717e-03
-2.2076e-03
-2.0789e-03
-4.4968e-03
-5.8129e-03
-5.0818e-03
-3.6032e-03
-1.9795e-03
-6.8593e-04
-2.9071e-05
2.0853e-04
3.0431e-04
8.0658e-04
1.8544e-03
2.2540e-03
1.0792e-03
-1.5172e-03
-3.7671e-03
-3.8012e-03
-3.0130e-03
-3.3886e-03
-3.0116e-03
-1.1203e-03
-6.7057e-04
-2.5988e-03
-5.5608e-03
-7.4900e-03
-7.7492e-03
-7.5118e-03
-6.6934e-03
-4.5359e-03
-3.1729e-03
-5.2377e-03
-7.7148e-03
-8.8434e-03
-9.4062e-03
-8.7127e-03
-7.7510e-03
-6.9093e-03
-6.4711e-03
-7.3933e-03
-1.0043e-02
-1.1416e-02
-8.6480e-03
-4.5458e-03
-2.4191e-03
-2.3030e-03
-3.6327e-04
2.7353e-03
2.1285e-03
-1.4991e-03
-6.2323e-03
-9.9114e-03
-7.7882e-03
-1.8334e-03
9.1750e-04
3.8841e-03
9.5715e-03
1.1029e-02
6.7991e-03
1.7551e-03
1.5082e-03
3.1776e-03
1.3335e-03
-6.9400e-05
4.3364e-06
7.1135e-04
2.5235e-03
1.7654e-03
-2.4203e-03
-7.3641e-03
-1.0076e-02
-1.1578e-02
-1.0942e-02
-4.9422e-03
-2.0181e-03
-4.1008e-03
-5.2344e-03
-4.6031e-03
-8.4219e-04
5.9497e-04
-4.7907e-04
-7.5712e-04
-3.2899e-03
-4.3510e-03
-3.2641e-03
8.9174e-05
5.0782e-03
5.4872e-03
5.6155e-03
7.6797e-03
5.9023e-03
1.3192e-03
-1.3863e-03
-2.7733e-03
-3.8395e-03
-3.1846e-03
-3.8608e-03
-6.7010e-03
-8.9618e-03
-9.7893e-03
-1.1349e-02
-1.5212e-02
-1.8633e-02
-2.2348e-02
-2.5796e-02
-2.5392e-02
-2.3452e-02
-2.2371e-02
-2.1441e-02
-2.0774e-02
-2.0357e-02
-1.9419e-02
-1.6680e-02
-1.2315e-02
-8.5775e-03
-6.5871e-03
-5.0669e-03
-4.1473e-04
3.6128e-03
1.8892e-03
-4.0260e-05
-1.3426e-03
-1.8739e-03
1.9835e-03
5.0266e-03
6.1275e-03
8.4675e-03
1.0207e-02
1.2623e-02
1.3727e-02
1.1316e-02
9.9976e-03
8.7485e-03
6.0786e-03
3.9071e-03
2.7935e-03
2.9823e-03
3.4208e-03
2.0791e-03
-1.4295e-03
-3.4175e-03
-4.1002e-03
-4.8531e-03
-3.2993e-03
-3.5202e-04
1.4995e-03
1.1157e-04
-4.1303e-04
2.2351e-03
2.9333e-03
2.2360e-03
5.9457e-04
-9.7507e-04
-7.9198e-04
-6.9572e-04
5.3857e-04
2.3604e-03
5.6696e-03
1.1468e-02
1.4287e-02
1.2878e-02
9.3272e-03
4.7704e-03
3.7312e-03
7.2071e-03
7.9193e-03
3.5351e-03
-9.6520e-04
-3.9151e-03
-3.9507e-03
-1.7955e-03
-9.3485e-04
-2.3459e-03
-4.4325e-03
-3.9410e-03
-1.8228e-03
6.1395e-04
1.0725e-03
-6.0706e-04
7.1786e-05
1.5364e-03
2.9323e-03
4.4379e-03
6.8277e-03
1.0539e-02
1.1783e-02
1.0639e-02
9.1571e-03
8.6062e-03
6.7589e-03
5.5700e-03
7.8569e-03
7.6252e-03
5.2776e-03
3.8109e-03
4.2049e-03
5.7877e-03
4.5730e-03
1.3380e-03
-1.5637e-03
-2.3930e-03
-2.7379e-03
-3.8453e-03
-3.3978e-03
-3.5775e-03
-4.1964e-03
-2.2365e-03
2.9044e-04
1.4501e-03
4.7886e-06
-4.2085e-03
-7.8645e-03
-9.9501e-03
-1.1562e-02
-1.2859e-02
-1.3538e-02
-1.2569e-02
-1.1987e-02
-1.3182e-02
-1.3342e-02
-1.1509e-02
-9.2120e-03
-1.0821e-02
-1.5713e-02
-1.9139e-02
-2.1579e-02
-1.8235e-02
-1.1422e-02
-9.3807e-03
-7.4385e-03
-6.3081e-03
-7.3011e-03
-6.7834e-03
-4.8504e-03
-2.3207e-03
-3.2224e-03
-4.4347e-03
-2.4721e-03
1.3889e-04
3.6273e-03
5.2120e-03
4.5039e-03
2.4248e-03
-2.0637e-03
-6.6759e-03
-7.7428e-03
-3.7827e-03
-4.3575e-04
7.3151e-04
5.8913e-04
-4.2099e-04
3.0670e-03
5.2475e-03
4.3947e-03
7.0866e-03
1.0649e-02
1.3717e-02
1.4162e-02
1.2382e-02
1.1340e-02
8.7673e-03
9.0118e-03
1.3051e-02
1.4817e-02
1.5631e-02
1.4820e-02
1.0628e-02
6.7246e-03
5.9420e-03
8.0705e-03
8.8483e-03
7.7917e-03
7.3433e-03
6.4963e-03
6.2369e-03
7.7648e-03
7.6962e-03
4.6646e-03
4.4106e-03
6.0660e-03
4.9209e-03
4.7917e-03
7.4818e-03
1.0617e-02
1.1940e-02
9.7619e-03
6.0806e-03
5.6149e-03
8.3595e-03
8.5417e-03
6.3662e-03
6.7000e-03
6.2654e-03
3.1063e-03
1.5047e-03
1.6006e-04
-2.0584e-03
-4.9671e-03
-7.5433e-03
-6.7501e-03
-5.6018e-03
-6.2700e-03
-8.3055e-03
-1.1035e-02
-1.1424e-02
-1.1144e-02
-1.2153e-02
-1.2598e-02
-1.1308e-02
-8.0818e-03
-7.5702e-03
-9.8727e-03
-8.6863e-03
-5.4056e-03
-3.8643e-03
-4.1647e-03
-4.3867e-03
-4.8178e-03
-6.9628e-03
-1.0936e-02
-1.6061e-02
-1.8217e-02
-1.8395e-02
-1.7344e-02
-1.2830e-02
-8.6910e-03
-4.8441e-03
-2.3054e-03
-2.6777e-03
-2.7142e-03
-2.7477e-03
-1.5022e-03
-8.7481e-04
-1.2534e-03
9.2029e-04
2.3797e-03
3.6319e-03
5.2510e-03
6.0942e-03
6.6379e-03
5.7662e-03
6.4357e-03
8.2108e-03
9.1316e-03
9.2062e-03
7.2265e-03
6.6678e-03
8.0665e-03
8.1577e-03
7.8932e-03
7.5122e-03
6.2111e-03
5.8638e-03
6.6847e-03
7.3446e-03
7.6684e-03
7.2049e-03
6.4604e-03
7.2151e-03
1.0635e-02
1.3038e-02
1.2114e-02
1.1670e-02
1.1845e-02
1.1816e-02
1.2371e-02
1.0882e-02
6.9021e-03
4.5355e-03
4.5422e-03
3.9066e-03
2.9692e-03
2.8584e-03
1.5734e-03
-1.2569e-04
-4.7738e-04
-6.6268e-04
-1.7343e-04
9.6936e-04
8.1820e-04
4.1714e-04
8.6863e-04
5.9149e-05
-1.4244e-03
-2.0069e-03
-2.9367e-03
-2.7337e-03
-3.9076e-04
1.8613e-03
3.0861e-03
1.9105e-03
-1.9802e-03
-4.9643e-03
-5.9987e-03
-6.5801e-03
-5.7428e-03
-4.3686e-03
-5.0881e-03
-7.2401e-03
-9.8213e-03
-1.1557e-02
-1.0114e-02
-9.2287e-03
-1.1428e-02
-1.3429e-02
-1.4886e-02
-1.4164e-02
-1.1117e-02
-8.6883e-03
-6.1145e-03
-3.7986e-03
-4.1823e-03
-6.3230e-03
-6.0405e-03
-3.5004e-03
-1.5488e-03
-2.7693e-04
-6.6996e-04
-2.9963e-03
-5.4413e-03
-6.4312e-03
-5.4317e-03
-3.4497e-03
-2.9539e-03
-4.2354e-03
-4.2646e-03
-2.7298e-03
-8.9635e-04
9.7667e-04
2.0591e-03
3.1867e-03
5.4185e-03
6.8035e-03
6.9462e-03
7.9912e-03
6.9183e-03
2.1614e-03
-1.4303e-03
-2.9050e-03
-2.4135e-03
1.0233e-03
5.5039e-03
7.3152e-03
5.5564e-03
2.2826e-03
-3.2724e-03
-6.3132e-03
-3.7636e-03
-1.2085e-03
7.4582e-04
5.8814e-04
-1.1107e-03
-1.1370e-03
-2.4006e-03
-4.0320e-03
-2.8213e-03
-1.6012e-04
1.3617e-03
2.0351e-03
1.3470e-03
-2.7377e-03
-6.1605e-03
-5.6485e-03
-3.7728e-03
-2.0314e-03
-9.8952e-04
-4.0128e-04
-1.2238e-03
-3.0091e-03
-1.0268e-03
2.3028e-03
2.2581e-03
-1.0199e-03
-5.3164e-03
-6.4594e-03
-4.2325e-03
-2.5072e-04
1.1951e-03
-6.7471e-04
1.0408e-03
3.7500e-03
3.8654e-03
4.8191e-03
5.9593e-03
5.7981e-03
4.9648e-03
4.1898e-03
2.9135e-03
2.8080e-03
6.3716e-03
9.5912e-03
1.1211e-02
1.3312e-02
1.3914e-02
1.2797e-02
1.0631e-02
8.1096e-03
5.9963e-03
4.8349e-03
5.9472e-03
8.2157e-03
1.1490e-02
1.3364e-02
1.1430e-02
9.4403e-03
7.9660e-03
5.8007e-03
5.3213e-03
7.4709e-03
9.0112e-03
8.1883e-03
5.5991e-03
2.2905e-03
6.9283e-04
1.4019e-03
4.1137e-03
7.5808e-03
1.0393e-02
1.1445e-02
9.9408e-03
6.4239e-03
1.8877e-03
-5.9528e-04
1.1497e-04
9.3920e-04
-7.7927e-04
-2.5179e-03
-2.2100e-03
-1.9260e-03
-1.5759e-03
-2.0402e-03
-5.5925e-03
-9.4532e-03
-1.0772e-02
-1.1291e-02
-8.8228e-03
-3.0754e-03
-1.8458e-04
-1.5509e-03
-5.4489e-03
-1.0119e-02
-1.3031e-02
-1.1987e-02
-9.8011e-03
-8.8234e-03
-5.5259e-03
-1.8442e-03
-1.0251e-03
-2.0249e-03
-4.7710e-03
-6.5235e-03
-4.1522e-03
-8.8280e-04
-1.7779e-04
-1.2361e-03
-2.7862e-03
-3.2544e-03
-1.8439e-03
-4.4713e-04
2.7678e-04
1.2655e-03
8.4596e-04
-1.0815e-03
-1.9117e-03
-1.2966e-03
9.0475e-04
3.7621e-03
4.6875e-03
3.9091e-03
4.2119e-03
4.8415e-03
3.3975e-03
2.7804e-03
4.4286e-03
7.0675e-03
1.0156e-02
1.1742e-02
1.1377e-02
1.0141e-02
8.5239e-03
7.2598e-03
6.6783e-03
5.9556e-03
6.0992e-03
7.3846e-03
8.3936e-03
8.2211e-03
7.0231e-03
6.2122e-03
4.1834e-03
1.2809e-03
-8.1412e-04
-1.0110e-03
1.6902e-03
2.6809e-03
7.9585e-04
-1.3572e-03
-2.8223e-03
-2.9057e-03
-2.0168e-03
6.1024e-04
3.6148e-03
4.7220e-03
4.3127e-03
2.7938e-03
9.7359e-04
-5.9897e-04
-1.5213e-03
7.0411e-05
3.3381e-03
4.6062e-03
3.3258e-03
2.7279e-03
3.3583e-03
1.6237e-03
1.3557e-04
1.5020e-03
1.5711e-03
2.9666e-04
-1.6604e-03
-4.1907e-03
-5.0836e-03
-5.3790e-03
-4.6680e-03
-2.0698e-03
-1.6900e-03
-4.9742e-03
-8.9908e-03
-1.0752e-02
-9.7382e-03
-8.5842e-03
-7.7968e-03
-5.7060e-03
-2.4208e-03
-5.9890e-04
-1.5264e-03
-3.0302e-03
-3.8112e-03
-3.6624e-03
-2.8302e-03
-1.6462e-03
4.1302e-04
2.8103e-03
3.8569e-03
3.0509e-03
2.8964e-03
5.1640e-03
8.7944e-03
1.1244e-02
1.0818e-02
9.4442e-03
7.3150e-03
3.9563e-03
7.5137e-04
-1.8523e-03
-1.1730e-03
2.6093e-03
5.1114e-03
6.5292e-03
7.5847e-03
6.6230e-03
5.2959e-03
4.1442e-03
2.7371e-03
2.8102e-03
3.3960e-03
3.4514e-03
2.7990e-03
2.1319e-03
1.9493e-03
1.4735e-03
1.6164e-03
1.2812e-03
7.3773e-04
1.7063e-03
2.3939e-03
1.6773e-03
-7.8837e-04
-3.6704e-03
-4.1973e-03
-2.7332e-03
-1.2390e-03
-1.0201e-03
-1.9139e-03
-2.9959e-03
-4.0030e-03
-4.1654e-03
-3.6957e-03
-2.9666e-03
-1.7308e-03
-1.0557e-03
-1.3368e-04
1.1111e-03
6.1116e-04
-9.8814e-04
-2.2883e-03
-2.5378e-03
-1.8514e-03
-8.6549e-04
7.4706e-04
3.0828e-03
5.2005e-03
5.1429e-03
2.9030e-03
7.7587e-04
-1.0866e-05
5.5347e-04
1.0975e-03
9.7013e-04
2.8421e-04
-1.7582e-03
-3.7399e-03
-5.5068e-03
-6.0590e-03
-2.8018e-03
6.5392e-05
2.9707e-04
1.5206e-04
7.7579e-04
2.5973e-03
3.1307e-03
1.7718e-03
-2.3169e-04
-2.6170e-03
-5.2382e-03
-7.6620e-03
-7.2516e-03
-3.6680e-03
-1.9252e-04
3.7267e-04
-2.6565e-03
-7.0368e-03
-8.9871e-03
-8.7661e-03
-9.5280e-03
-9.0526e-03
-6.4237e-03
-6.1662e-03
-8.1742e-03
-8.6108e-03
-7.7340e-03
-6.8535e-03
-5.3866e-03
-3.9990e-03
-1.4564e-03
1.1719e-03
1.4675e-03
1.5547e-03
5.0037e-04
-2.4714e-03
-5.3638e-03
-6.0413e-03
-4.4111e-03
-2.9761e-03
-1.3514e-03
-6.7613e-04
-1.2981e-03
-6.4801e-04
1.8070e-04
3.0919e-04
-5.6570e-04
-1.7361e-03
-6.8704e-04
3.3407e-04
-1.0846e-03
-3.0727e-03
-4.5223e-03
-6.3799e-03
-8.1026e-03
-7.6856e-03
-6.9051e-03
-6.4431e-03
-5.0297e-03
-3.7812e-03
-2.6126e-03
-2.0078e-03
-2.5329e-03
-3.4940e-03
-2.8137e-03
1.0371e-04
1.8763e-03
2.2020e-03
2.6285e-03
3.6675e-03
4.5415e-03
3.7840e-03
3.4231e-03
4.6415e-03
5.2359e-03
3.8117e-03
1.8752e-03
1.5447e-03
2.0605e-03
2.2878e-03
2.4360e-03
2.3715e-03
2.4500e-03
3.0467e-03
3.1340e-03
1.7727e-03
-4.0038e-04
-2.0894e-03
-2.9555e-03
-3.1576e-03
-2.8668e-03
-2.2159e-03
-1.9108e-03
-2.6400e-03
-2.8905e-03
-2.8860e-03
-3.6132e-03
-2.9478e-03
5.5129e-04
4.1307e-03
4.3678e-03
3.1246e-03
2.1367e-03
8.1197e-04
-7.7741e-04
-2.4309e-03
-3.5632e-03
-4.4508e-03
-5.4946e-03
-6.6520e-03
-7.4621e-03
-8.3832e-03
-8.9734e-03
-8.7157e-03
-7.4069e-03
-4.0488e-03
-2.9164e-03
-4.8559e-03
-5.4916e-03
-4.7012e-03
-3.5575e-03
-3.2889e-03
-3.3687e-03
-3.6672e-03
-5.5269e-03
-6.6163e-03
-6.9151e-03
-9.1010e-03
-1.0320e-02
-7.7575e-03
-5.2735e-03
-5.3047e-03
-4.8534e-03
-3.8059e-03
-4.5218e-03
-4.7007e-03
-3.0483e-03
-2.1488e-03
-1.5528e-03
-1.0928e-03
-1.8885e-03
-3.0484e-03
-4.2683e-03
-2.6145e-03
2.0869e-03
5.0437e-03
6.5225e-03
8.2323e-03
9.6775e-03
9.2660e-03
8.1476e-03
9.0876e-03
1.0554e-02
1.2566e-02
1.4637e-02
1.4440e-02
1.3207e-02
1.1721e-02
1.0260e-02
1.0022e-02
9.9512e-03
8.7188e-03
7.9879e-03
8.9445e-03
1.0426e-02
1.1569e-02
1.2496e-02
1.2601e-02
1.0658e-02
8.4929e-03
8.4152e-03
9.4871e-03
1.0910e-02
1.1960e-02
1.1574e-02
9.7561e-03
7.2716e-03
6.5132e-03
7.9290e-03
9.6114e-03
1.0352e-02
8.7484e-03
7.0364e-03
7.4973e-03
8.0797e-03
8.2205e-03
7.4051e-03
5.2520e-03
3.2786e-03
2.3008e-03
2.6065e-03
3.8401e-03
4.5796e-03
3.6450e-03
2.6689e-03
2.1941e-03
6.9641e-04
-6.6904e-04
-1.5042e-03
-1.9672e-03
-1.9191e-03
-2.6069e-03
-3.7788e-03
-4.5572e-03
-5.1905e-03
-6.9742e-03
-9.8602e-03
-1.1905e-02
-1.3276e-02
-1.4318e-02
-1.4476e-02
-1.5106e-02
-1.5822e-02
-1.5428e-02
-1.5350e-02
-1.5826e-02
-1.5997e-02
-1.4595e-02
-1.1910e-02
-1.0843e-02
-1.1075e-02
-1.0441e-02
-9.2872e-03
-9.0224e-03
-9.6223e-03
-9.6703e-03
-8.7914e-03
-7.8765e-03
-7.2224e-03
-5.8461e-03
-3.1825e-03
-1.4697e-03
-2.6420e-03
-4.9053e-03
-6.9536e-03
-9.0094e-03
-9.2564e-03
-6.9304e-03
-4.6571e-03
-3.4234e-03
-3.2646e-03
-3.8386e-03
-3.5568e-03
-3.6736e-03
-4.1240e-03
-3.4530e-03
-2.4250e-03
-1.4892e-03
-1.2168e-03
-1.2596e-03
-8.7519e-04
-3.4757e-04
-2.6335e-04
-7.4627e-04
-9.5236e-04
-1.5402e-03
-2.4175e-03
-2.4889e-03
-3.1350e-03
-3.9360e-03
-2.9310e-03
-3.3260e-04
2.3105e-03
3.6793e-03
4.1191e-03
3.6343e-03
2.3603e-03
1.6887e-03
1.9343e-03
3.5206e-03
6.1937e-03
7.9517e-03
8.4236e-03
7.8364e-03
5.7745e-03
2.9819e-03
8.1814e-04
3.9930e-04
1.5315e-03
3.0336e-03
4.8936e-03
5.8725e-03
4.6748e-03
4.0340e-03
4.1739e-03
3.2444e-03
2.8384e-03
3.2818e-03
3.5140e-03
2.9757e-03
1.8855e-03
1.6762e-03
2.2676e-03
3.3906e-03
4.9184e-03
5.4198e-03
5.5696e-03
5.8056e-03
4.2605e-03
2.6879e-03
3.1094e-03
3.6789e-03
3.4310e-03
2.8141e-03
2.6559e-03
2.8866e-03
2.6735e-03
1.6053e-03
-2.5863e-04
-5.1598e-04
1.3384e-03
2.9696e-03
3.4149e-03
2.2756e-03
1.6750e-04
-2.1490e-03
-4.0823e-03
-5.0936e-03
-5.5431e-03
-4.9754e-03
-3.6790e-03
-1.9580e-03
-3.8042e-05
8.6472e-04
1.0667e-03
2.6091e-04
-1.1104e-03
-1.1246e-03
-2.1772e-04
-1.2036e-04
-1.0156e-03
-9.0894e-04
6.6110e-04
2.3664e-03
2.9822e-03
2.2905e-03
1.8712e-03
2.3596e-03
3.1452e-03
3.0179e-03
1.5497e-03
2.7178e-04
6.7649e-06
7.9488e-05
9.2253e-05
7.1568e-04
2.3114e-03
5.1526e-03
8.3851e-03
1.0045e-02
1.0321e-02
9.6604e-03
7.7861e-03
5.1786e-03
4.0657e-03
4.4783e-03
3.1763e-03
6.8553e-04
-1.0691e-03
-9.4558e-04
8.5721e-04
2.1024e-03
2.4776e-03
2.1127e-03
1.6532e-03
7.4198e-04
-1.6538e-03
-3.1146e-03
-2.6771e-03
-2.8971e-03
-4.7327e-03
-6.5502e-03
-7.9328e-03
-8.5948e-03
-7.1423e-03
-4.6323e-03
-2.6151e-03
-9.3006e-04
-2.6131e-04
-9.5000e-04
-7.1717e-04
1.5224e-04
-8.2024e-04
-2.1019e-03
-2.7011e-03
-3.4669e-03
-3.5613e-03
-2.6579e-03
-1.4110e-03
-1.5804e-03
-3.5941e-03
-5.4303e-03
-5.9111e-03
-4.4382e-03
-2.9594e-03
-2.4186e-03
-1.0985e-03
-7.9812e-04
-1.4085e-03
-8.1783e-04
2.7125e-04
1.4216e-03
2.2249e-03
1.9222e-03
8.1258e-04
-4.4827e-04
-1.3040e-03
-5.8059e-04
1.2629e-03
2.6673e-03
3.0569e-03
2.9128e-03
3.7178e-03
4.4027e-03
4.2787e-03
4.9288e-03
5.4337e-03
4.8864e-03
3.8156e-03
1.7513e-03
-8.7984e-04
-2.5399e-03
-3.0700e-03
-3.4049e-03
-4.0351e-03
-4.7715e-03
-5.1060e-03
-4.2782e-03
-3.1609e-03
-3.1599e-03
-3.4092e-03
-3.5948e-03
-4.4139e-03
-5.7690e-03
-6.7546e-03
-6.9536e-03
-6.6367e-03
-5.3417e-03
-3.9823e-03
-3.1438e-03
-2.0403e-03
-1.5172e-03
-1.8517e-03
-2.4580e-03
-3.2620e-03
-3.4805e-03
-3.0318e-03
-2.8835e-03
-2.7246e-03
-2.3937e-03
-2.6880e-03
-3.4928e-03
-4.1794e-03
-4.3460e-03
-3.9758e-03
-2.9639e-03
-2.0349e-03
-2.1233e-03
-2.7749e-03
-3.4073e-03
-2.9189e-03
-1.4192e-03
-7.0333e-04
-8.0415e-04
-2.4412e-04
9.8684e-04
1.8730e-03
2.3134e-03
1.6903e-03
7.8395e-04
9.3347e-04
1.0951e-03
6.5480e-04
-2.5728e-04
-1.0730e-03
-1.2770e-03
-8.2969e-04
-3.3362e-04
-1.1890e-04
3.8528e-04
1.1505e-03
2.7571e-03
3.8680e-03
3.3284e-03
2.7190e-03
2.0895e-03
1.9764e-03
2.9441e-03
4.3211e-03
5.7057e-03
6.2043e-03
6.0485e-03
6.3163e-03
7.1835e-03
8.3961e-03
9.2214e-03
9.5052e-03
9.8478e-03
9.9533e-03
9.6687e-03
9.4475e-03
8.7492e-03
7.5457e-03
6.6066e-03
5.5810e-03
5.5320e-03
6.5531e-03
7.5276e-03
8.5570e-03
8.1988e-03
7.5878e-03
6.8517e-03
5.0044e-03
4.4815e-03
4.7569e-03
4.8882e-03
4.8157e-03
4.5366e-03
3.9613e-03
1.8256e-03
-7.7168e-04
-3.0797e-03
-4.7153e-03
-4.5040e-03
-3.2754e-03
-1.7561e-03
-1.1102e-03
-2.6092e-03
-4.3403e-03
-4.5879e-03
-3.4939e-03
-1.0826e-03
1.5036e-03
2.3005e-03
1.5004e-03
4.7737e-04
-7.7170e-04
-2.0322e-03
-3.0057e-03
-3.8976e-03
-4.1869e-03
-3.8103e-03
-3.0051e-03
-1.8316e-03
-6.9980e-04
-1.0137e-04
3.6304e-04
9.8642e-04
-6.5100e-05
-2.1394e-03
-3.3560e-03
-4.5338e-03
-4.8138e-03
-3.9080e-03
-3.2653e-03
-3.2114e-03
-3.5514e-03
-3.7556e-03
-3.8803e-03
-3.1630e-03
-7.7778e-04
1.8865e-03
3.7038e-03
2.6191e-03
-1.2212e-03
-3.7814e-03
-6.0113e-03
-8.3143e-03
-8.5003e-03
-7.5488e-03
-5.8680e-03
-5.4981e-03
-8.0099e-03
-1.1674e-02
-1.3721e-02
-1.3035e-02
-1.0375e-02
-6.5344e-03
-5.0377e-03
-6.2402e-03
-7.8857e-03
-8.7583e-03
-7.5691e-03
-5.6057e-03
-3.3187e-03
-1.1584e-03
9.7111e-04
1.6093e-03
-5.5906e-04
-1.2985e-03
-7.7561e-04
-2.4177e-04
1.2631e-03
2.2465e-03
2.9560e-03
4.1111e-03
5.0599e-03
4.9260e-03
4.2931e-03
3.7083e-03
2.6950e-03
2.7710e-03
4.9003e-03
6.9988e-03
7.5013e-03
6.1670e-03
3.5267e-03
2.2458e-03
3.0845e-03
4.7675e-03
6.2542e-03
6.3512e-03
6.0800e-03
6.4856e-03
6.8724e-03
7.0596e-03
7.8689e-03
8.9419e-03
8.7848e-03
7.3608e-03
5.5642e-03
4.5693e-03
4.4842e-03
4.5880e-03
4.7260e-03
5.0049e-03
5.5649e-03
5.8362e-03
5.8977e-03
5.8128e-03
5.6766e-03
6.2015e-03
6.3117e-03
6.0932e-03
7.2223e-03
8.3777e-03
7.2525e-03
4.5799e-03
1.8012e-03
-4.7585e-04
-1.3658e-03
-1.3477e-03
-1.4482e-03
-1.7629e-03
-2.1803e-03
-2.4156e-03
-1.8999e-03
-7.7456e-04
-3.8539e-04
-1.0175e-03
-1.9656e-03
-2.7286e-03
-3.0391e-03
-3.5519e-03
-4.4281e-03
-4.5783e-03
-3.8106e-03
-3.9445e-03
-5.4809e-03
-6.6124e-03
-6.9596e-03
-7.0584e-03
-7.0484e-03
-7.1128e-03
-6.9523e-03
-6.6474e-03
-6.7034e-03
-6.6055e-03
-5.7133e-03
-5.1723e-03
-6.1798e-03
-7.9892e-03
-9.4491e-03
-1.0184e-02
-1.0755e-02
-1.1466e-02
-1.1107e-02
-9.8652e-03
-9.4109e-03
-9.3971e-03
-8.6270e-03
-7.1913e-03
-6.3475e-03
-6.8684e-03
-7.5231e-03
-7.1799e-03
-6.8000e-03
-7.3629e-03
-8.1303e-03
-8.2606e-03
-7.8099e-03
-6.8972e-03
-5.6550e-03
-4.4624e-03
-3.6912e-03
-3.3449e-03
-3.0233e-03
-2.7356e-03
-2.2932e-03
-1.3101e-03
-4.8275e-05
1.0920e-03
1.0968e-03
5.7908e-05
-1.4233e-03
-3.3284e-03
-4.1700e-03
-4.1509e-03
-3.9428e-03
-3.0006e-03
-2.2918e-03
-1.8785e-03
-1.0068e-03
3.2818e-04
1.3999e-03
2.0585e-03
3.3180e-03
4.1351e-03
4.5374e-03
5.7550e-03
6.3164e-03
6.7741e-03
7.9199e-03
8.5970e-03
8.7735e-03
8.6291e-03
9.2067e-03
1.0192e-02
1.0406e-02
9.9351e-03
8.7239e-03
7.7808e-03
7.5961e-03
7.5706e-03
7.0979e-03
6.0395e-03
5.7727e-03
6.6245e-03
7.1234e-03
6.6470e-03
6.1826e-03
6.0824e-03
5.9762e-03
6.4232e-03
7.0058e-03
6.9789e-03
6.8599e-03
7.1418e-03
7.9665e-03
8.8385e-03
9.1014e-03
8.8831e-03
8.5639e-03
8.0483e-03
7.4076e-03
7.0692e-03
6.7805e-03
6.2243e-03
5.6074e-03
5.4906e-03
5.7822e-03
5.3271e-03
4.2731e-03
3.2274e-03
2.2393e-03
1.5628e-03
1.1840e-03
1.4243e-03
2.1630e-03
2.9106e-03
3.0778e-03
2.9820e-03
2.7674e-03
1.3274e-03
6.3035e-04
1.5187e-03
1.9652e-03
2.0779e-03
2.0570e-03
1.6930e-03
1.4758e-03
1.0672e-03
3.3058e-04
1.5722e-04
1.2238e-04
-5.0204e-04
-1.2939e-03
-1.7459e-03
-2.5588e-03
-4.1536e-03
-4.9726e-03
-4.7998e-03
-3.8673e-03
-2.5247e-03
-2.4518e-03
-3.1452e-03
-3.7143e-03
-4.5529e-03
-4.7773e-03
-3.6311e-03
-1.7838e-03
-4.0069e-04
-5.0950e-04
-1.8392e-03
-3.2501e-03
-4.1217e-03
-4.6495e-03
-4.9094e-03
-4.4871e-03
-3.6609e-03
-2.8113e-03
-2.3657e-03
-2.9352e-03
-4.2028e-03
-5.3655e-03
-5.8552e-03
-5.8841e-03
-5.9263e-03
-6.2069e-03
-7.0593e-03
-7.9002e-03
-8.0608e-03
-7.4382e-03
-6.2765e-03
-6.1069e-03
-6.6136e-03
-7.3263e-03
-8.3731e-03
-8.0075e-03
-7.2172e-03
-6.5381e-03
-5.4732e-03
-5.6916e-03
-6.7186e-03
-6.8406e-03
-5.6650e-03
-4.1669e-03
-3.0612e-03
-2.3073e-03
-1.9383e-03
-1.5170e-03
-1.1779e-03
-1.2693e-03
-1.1992e-03
-9.0074e-04
-1.0925e-03
-1.4907e-03
-1.5782e-03
-1.9309e-03
-2.6023e-03
-2.6999e-03
-2.3607e-03
-2.3758e-03
-2.9140e-03
-3.2652e-03
-2.3713e-03
-6.4290e-04
8.7584e-04
1.7092e-03
2.0563e-03
2.2661e-03
1.6703e-03
6.4255e-04
5.3248e-04
1.6490e-03
3.2978e-03
4.3869e-03
5.1782e-03
6.2731e-03
7.0984e-03
7.1346e-03
6.6099e-03
5.9447e-03
5.1638e-03
4.6298e-03
4.6055e-03
4.8810e-03
5.4347e-03
5.7258e-03
4.8232e-03
2.8784e-03
1.5851e-03
1.7390e-03
2.2130e-03
2.4271e-03
2.5159e-03
2.5821e-03
2.7244e-03
2.6151e-03
2.5122e-03
3.0559e-03
3.5721e-03
3.4308e-03
3.5195e-03
3.9822e-03
4.3289e-03
4.5728e-03
4.3396e-03
4.2708e-03
4.8332e-03
5.3344e-03
5.8258e-03
6.5406e-03
7.2624e-03
7.5353e-03
7.2795e-03
7.0962e-03
7.2069e-03
7.2255e-03
7.2327e-03
7.1622e-03
6.8957e-03
6.5896e-03
6.4293e-03
6.9876e-03
7.7676e-03
8.4154e-03
8.4782e-03
7.4292e-03
6.2659e-03
4.9841e-03
4.3634e-03
4.9290e-03
5.2274e-03
5.3993e-03
5.4748e-03
5.1184e-03
4.7574e-03
4.3336e-03
3.6420e-03
2.8934e-03
2.8104e-03
2.9614e-03
2.4153e-03
1.5952e-03
8.1657e-04
6.1885e-05
-5.4716e-04
-1.3572e-03
-2.8251e-03
-4.4191e-03
-5.5571e-03
-6.3651e-03
-6.4784e-03
-6.1735e-03
-6.2799e-03
-6.6511e-03
-7.2158e-03
-7.9126e-03
-8.1626e-03
-8.0599e-03
-7.8900e-03
-7.2093e-03
-6.3852e-03
-6.5013e-03
-7.4610e-03
-8.4384e-03
-9.1174e-03
-9.4180e-03
-9.1387e-03
-8.1659e-03
-7.0986e-03
-7.1347e-03
-8.1379e-03
-9.0621e-03
-9.9562e-03
-1.1082e-02
-1.1817e-02
-1.1608e-02
-1.0856e-02
-1.0462e-02
-1.1054e-02
-1.2437e-02
-1.3775e-02
-1.4515e-02
-1.4601e-02
-1.3935e-02
-1.2919e-02
-1.2723e-02
-1.3387e-02
-1.3165e-02
-1.1685e-02
-1.0486e-02
-9.5918e-03
-8.3168e-03
-6.7823e-03
-5.4316e-03
-4.6663e-03
-4.2739e-03
-4.1257e-03
-3.7412e-03
-3.0978e-03
-2.8853e-03
-2.6842e-03
-2.2394e-03
-1.5220e-03
-1.4665e-04
1.0883e-03
1.1978e-03
1.4061e-03
2.6892e-03
4.0533e-03
5.3100e-03
6.1769e-03
6.2891e-03
6.3005e-03
6.8476e-03
8.0696e-03
8.9685e-03
9.4696e-03
9.7470e-03
9.3314e-03
8.9477e-03
8.9641e-03
9.3715e-03
9.7317e-03
9.4843e-03
9.3386e-03
9.4961e-03
9.3618e-03
8.6778e-03
7.8263e-03
7.4372e-03
7.5562e-03
7.7223e-03
7.7883e-03
8.0910e-03
8.2774e-03
7.8500e-03
6.8979e-03
5.6859e-03
5.5560e-03
6.7381e-03
7.3750e-03
7.0167e-03
5.8922e-03
4.4193e-03
3.5531e-03
3.1438e-03
2.9458e-03
2.7471e-03
2.3897e-03
1.9278e-03
8.5935e-04
-7.9690e-04
-2.2748e-03
-2.8486e-03
-2.4753e-03
-1.5786e-03
-7.2436e-04
-6.2697e-04
-1.0783e-03
-1.3202e-03
-9.3798e-04
-1.8359e-04
5.4329e-04
1.5002e-03
2.4734e-03
2.9607e-03
2.5327e-03
1.0311e-03
-1.8980e-04
-1.9978e-04
2.0704e-04
2.8178e-04
3.3177e-04
1.0505e-03
1.5347e-03
1.1982e-03
1.5277e-03
2.3876e-03
2.9434e-03
3.6651e-03
4.4786e-03
4.9510e-03
4.8669e-03
4.5388e-03
4.2238e-03
4.2175e-03
4.2962e-03
4.0233e-03
4.0475e-03
3.9237e-03
3.7603e-03
3.7458e-03
3.6790e-03
3.5849e-03
2.5459e-03
2.3693e-03
3.0202e-03
2.8402e-03
2.9700e-03
2.8162e-03
2.0943e-03
1.7488e-03
1.7014e-03
1.3454e-03
9.6486e-04
1.9565e-03
3.6938e-03
4.6867e-03
4.7506e-03
4.2372e-03
4.0840e-03
4.2683e-03
4.2067e-03
3.7786e-03
3.0773e-03
2.5697e-03
1.2212e-03
-4.2723e-04
-8.7606e-04
-1.1390e-03
-1.3055e-03
-1.7546e-03
-3.0251e-03
-4.3881e-03
-5.8009e-03
-6.8347e-03
-7.2768e-03
-7.4546e-03
-7.4933e-03
-7.9195e-03
-8.3608e-03
-8.4826e-03
-8.6262e-03
-8.0374e-03
-6.9485e-03
-6.3587e-03
-6.5336e-03
-7.3247e-03
-7.5754e-03
-7.4562e-03
-7.6431e-03
-7.6179e-03
-7.4562e-03
-7.6038e-03
-8.2509e-03
-9.0385e-03
-9.6408e-03
-9.8807e-03
-9.8132e-03
-9.5128e-03
-8.7565e-03
-8.1849e-03
-8.0757e-03
-7.9863e-03
-7.4605e-03
-6.7765e-03
-6.6799e-03
-6.7932e-03
-7.0493e-03
-6.9774e-03
-5.8654e-03
-4.7720e-03
-4.1857e-03
-3.6061e-03
-3.2248e-03
-3.1134e-03
-2.9283e-03
-2.5786e-03
-2.0012e-03
-1.4305e-03
-1.1129e-03
-5.9050e-04
9.1284e-05
3.2726e-04
2.8372e-04
3.5513e-04
6.5852e-04
1.2501e-03
1.6555e-03
1.7550e-03
2.3411e-03
3.5807e-03
4.6737e-03
5.1189e-03
5.2531e-03
5.2817e-03
5.1499e-03
4.9822e-03
4.6598e-03
4.1724e-03
3.7297e-03
3.4682e-03
3.7368e-03
4.5907e-03
5.7086e-03
6.6986e-03
7.0704e-03
6.9383e-03
6.5918e-03
6.2259e-03
5.8812e-03
5.6260e-03
6.1321e-03
6.5514e-03
6.1195e-03
5.7786e-03
5.2353e-03
4.5155e-03
4.5434e-03
4.7099e-03
4.2150e-03
3.4634e-03
3.0809e-03
2.8002e-03
2.4513e-03
2.7475e-03
3.4993e-03
3.9702e-03
4.1286e-03
4.1797e-03
4.6961e-03
5.4920e-03
5.7191e-03
5.5736e-03
5.3177e-03
4.4838e-03
3.2324e-03
2.5518e-03
2.4874e-03
2.7633e-03
3.3226e-03
3.5498e-03
3.5065e-03
3.4410e-03
3.2628e-03
3.1803e-03
3.5906e-03
4.4790e-03
4.9393e-03
4.7577e-03
4.6135e-03
4.4354e-03
3.7075e-03
2.6960e-03
1.7888e-03
1.0068e-03
4.9598e-04
5.9358e-05
-6.0599e-04
-1.2741e-03
-1.1825e-03
-4.1598e-04
3.3859e-04
1.0445e-03
1.3754e-03
1.1664e-03
5.0275e-04
-3.9886e-04
-1.1361e-03
-1.7547e-03
-2.0290e-03
-2.0345e-03
-2.0129e-03
-1.9632e-03
-1.9150e-03
-1.6060e-03
-1.7303e-03
-2.1966e-03
-2.2074e-03
-2.4976e-03
-3.1570e-03
-3.9964e-03
-4.9088e-03
-5.4933e-03
-5.8602e-03
-5.8562e-03
-5.6670e-03
-5.4231e-03
-4.9158e-03
-4.5301e-03
-4.4222e-03
-4.5950e-03
-5.0115e-03
-5.3139e-03
-4.9501e-03
-4.0182e-03
-3.5408e-03
-3.8237e-03
-4.3981e-03
-4.4401e-03
-4.2863e-03
-4.3060e-03
-3.8705e-03
-3.6561e-03
-3.4634e-03
-3.1826e-03
-3.4115e-03
-3.6386e-03
-3.7653e-03
-3.8819e-03
-4.0749e-03
-4.0074e-03
-3.6203e-03
-3.1465e-03
-2.3449e-03
-1.5708e-03
-1.0511e-03
-7.0098e-04
-4.1163e-04
-8.9539e-05
5.2582e-05
-1.2783e-04
-4.6751e-04
-6.7145e-04
-8.7743e-04
-1.3910e-03
-2.0805e-03
-3.1098e-03
-4.2255e-03
-4.4375e-03
-4.3897e-03
-4.6264e-03
-4.8668e-03
-5.2835e-03
-5.3413e-03
-5.1431e-03
-4.7869e-03
-3.9887e-03
-3.4461e-03
-3.5132e-03
-3.8275e-03
-4.0211e-03
-4.3350e-03
-5.0069e-03
-5.5577e-03
-5.4939e-03
-4.8173e-03
-4.1072e-03
-3.8120e-03
-3.8753e-03
-4.1161e-03
-4.3751e-03
-4.8926e-03
-5.6362e-03
-5.8675e-03
-5.3456e-03
-4.5751e-03
-4.0770e-03
-3.5091e-03
-2.4647e-03
-1.6056e-03
-1.0511e-03
-3.9867e-04
3.7293e-04
1.4781e-03
2.4907e-03
2.7807e-03
2.6453e-03
2.3739e-03
2.1064e-03
2.1792e-03
2.6455e-03
3.3460e-03
3.9076e-03
3.9309e-03
3.3944e-03
2.7820e-03
2.9438e-03
3.7207e-03
4.3269e-03
4.5350e-03
4.2546e-03
3.8722e-03
3.9174e-03
4.2682e-03
4.6473e-03
5.1261e-03
5.5802e-03
5.5882e-03
5.3401e-03
5.3709e-03
5.8405e-03
6.3152e-03
6.5857e-03
6.8904e-03
7.1866e-03
7.5626e-03
7.7417e-03
7.4359e-03
7.0402e-03
6.6508e-03
6.5585e-03
7.0185e-03
7.4625e-03
7.5100e-03
7.1692e-03
6.6188e-03
5.9722e-03
5.3390e-03
5.1304e-03
5.5376e-03
6.2571e-03
6.0894e-03
4.7298e-03
3.6948e-03
3.1825e-03
2.3867e-03
1.4989e-03
9.6169e-04
1.0089e-03
1.3339e-03
1.3912e-03
1.2358e-03
9.9768e-04
5.1804e-04
-1.4389e-04
-3.9539e-04
2.4056e-05
3.6098e-04
4.2647e-04
5.0835e-04
3.4584e-04
3.1426e-04
4.7050e-04
1.8358e-04
-1.0707e-04
-1.1640e-05
1.9020e-04
3.4627e-04
2.9556e-04
-5.9666e-06
-7.8318e-04
-2.0930e-03
-3.1949e-03
-3.8501e-03
-4.2723e-03
-4.3853e-03
-4.5099e-03
-4.6497e-03
-4.6714e-03
-5.1976e-03
-6.0502e-03
-6.2726e-03
-5.7671e-03
-5.3579e-03
-5.5976e-03
-5.7433e-03
-5.5592e-03
-5.8850e-03
-6.5400e-03
-6.9493e-03
-6.8972e-03
-6.6537e-03
-6.8503e-03
-7.0815e-03
-6.9539e-03
-6.8664e-03
-6.8092e-03
-6.6045e-03
-6.4795e-03
-6.7362e-03
-6.9680e-03
-6.7789e-03
-6.6170e-03
-6.4664e-03
-6.0069e-03
-5.6353e-03
-5.4623e-03
-5.2954e-03
-5.4711e-03
-5.8353e-03
-5.9835e-03
-6.0390e-03
-6.0926e-03
-6.3011e-03
-6.2372e-03
-5.6020e-03
-5.0846e-03
-4.8367e-03
-4.7224e-03
-4.9464e-03
-5.6148e-03
-6.3686e-03
-6.6781e-03
-6.5717e-03
-6.0586e-03
-5.5378e-03
-5.5135e-03
-5.2690e-03
-5.0923e-03
-5.5157e-03
-5.3368e-03
-4.4431e-03
-3.6102e-03
-2.9396e-03
-2.2198e-03
-1.1785e-03
-4.8744e-05
8.8137e-04
1.2842e-03
9.4436e-04
4.7699e-04
5.6877e-04
1.0955e-03
1.4698e-03
1.6165e-03
1.7124e-03
1.7083e-03
1.7815e-03
2.1493e-03
2.7329e-03
3.2297e-03
3.5711e-03
3.9679e-03
4.4622e-03
5.2007e-03
5.9993e-03
6.4618e-03
6.7875e-03
6.8628e-03
6.7020e-03
6.8932e-03
7.3042e-03
7.6163e-03
8.0973e-03
8.8514e-03
9.5987e-03
1.0362e-02
1.0913e-02
1.0783e-02
1.0176e-02
9.3824e-03
8.9367e-03
9.1500e-03
9.1257e-03
8.3438e-03
7.6786e-03
7.5537e-03
7.3766e-03
7.0733e-03
6.8542e-03
6.6810e-03
6.9517e-03
7.5790e-03
7.4564e-03
6.6878e-03
6.1171e-03
5.6921e-03
5.2966e-03
4.7067e-03
3.7440e-03
2.7533e-03
2.2065e-03
1.7759e-03
1.0552e-03
5.4550e-04
3.1389e-04
3.7725e-04
9.0224e-04
1.2758e-03
9.1989e-04
1.9589e-04
-3.3842e-04
-7.6061e-04
-9.5024e-04
-8.3468e-04
-7.1100e-04
-7.8520e-04
-1.0170e-03
-1.0742e-03
-1.1063e-03
-1.2129e-03
-1.2679e-03
-1.7068e-03
-2.3859e-03
-2.7736e-03
-2.8155e-03
-2.5383e-03
-2.9365e-03
-3.9701e-03
-4.4171e-03
-4.6792e-03
-4.6456e-03
-4.1292e-03
-3.7016e-03
-3.4312e-03
-3.3602e-03
-3.2794e-03
-3.1782e-03
-2.7530e-03
-1.9294e-03
-1.6117e-03
-1.9077e-03
-2.3530e-03
-2.9607e-03
-3.3647e-03
-3.2277e-03
-2.9686e-03
-2.7813e-03
-2.8726e-03
-2.9862e-03
-2.6397e-03
-2.1740e-03
-1.6376e-03
-1.0675e-03
-6.2018e-04
-2.4874e-04
-2.1900e-04
-5.1603e-04
-6.4730e-04
-3.2681e-04
1.9019e-04
5.7241e-04
9.8954e-04
1.5803e-03
2.0485e-03
2.2710e-03
2.5383e-03
3.2557e-03
4.1440e-03
4.5812e-03
4.6970e-03
4.4896e-03
3.9355e-03
3.5592e-03
3.4323e-03
3.4360e-03
3.4283e-03
3.2016e-03
3.1150e-03
3.4507e-03
3.8476e-03
3.8720e-03
3.6407e-03
3.4802e-03
3.1928e-03
2.8720e-03
2.8328e-03
2.5156e-03
1.9162e-03
1.5241e-03
1.2481e-03
1.1546e-03
1.0068e-03
8.9810e-04
9.5336e-04
7.7375e-04
7.3732e-04
7.3577e-04
4.1110e-04
-1.0259e-04
-7.8516e-04
-1.4166e-03
-1.9966e-03
-2.2278e-03
-1.9092e-03
-1.4213e-03
-9.2484e-04
-5.6919e-04
-3.8108e-04
-5.5308e-04
-1.2279e-03
-1.9872e-03
-2.2331e-03
-1.8036e-03
-1.2732e-03
-8.6161e-04
-5.5058e-04
-4.4632e-04
-5.2071e-04
-7.1398e-04
-5.1867e-04
1.4424e-04
6.5856e-04
9.4574e-04
1.0830e-03
8.3236e-04
5.5309e-04
4.9074e-04
3.5229e-04
3.8883e-04
7.8378e-04
1.3182e-03
1.5624e-03
1.5215e-03
1.7876e-03
2.1828e-03
2.4400e-03
2.6536e-03
2.8117e-03
2.8866e-03
2.7409e-03
2.7114e-03
2.9910e-03
3.1295e-03
2.9091e-03
2.6084e-03
2.6776e-03
3.0348e-03
3.3025e-03
3.3580e-03
3.1851e-03
3.0525e-03
2.9511e-03
2.8358e-03
3.2675e-03
3.7930e-03
3.5421e-03
2.7057e-03
1.7155e-03
1.1050e-03
1.0620e-03
1.4958e-03
2.0040e-03
2.2471e-03
2.7333e-03
2.9835e-03
2.8759e-03
2.7975e-03
1.9604e-03
9.2529e-04
5.3721e-04
5.2357e-04
4.0791e-04
-1.3641e-04
-5.5710e-04
-7.1465e-04
-6.9996e-04
-6.0923e-04
-8.0486e-04
-9.4383e-04
-1.4755e-03
-2.3555e-03
-2.6925e-03
-2.8019e-03
-3.0481e-03
-3.9798e-03
-4.9830e-03
-5.3923e-03
-5.9597e-03
-6.2564e-03
-6.0904e-03
-5.9303e-03
-6.0647e-03
-6.3584e-03
-6.1627e-03
-5.8211e-03
-5.3999e-03
-4.6069e-03
-4.0017e-03
-3.6719e-03
-3.4851e-03
-3.3353e-03
-3.0304e-03
-2.9300e-03
-2.8119e-03
-2.2385e-03
-1.5334e-03
-9.3955e-04
-4.5251e-04
2.4716e-05
6.4196e-04
1.0377e-03
7.8550e-04
3.0694e-04
1.5772e-04
5.6166e-04
1.3154e-03
2.0128e-03
2.3907e-03
2.1824e-03
1.5006e-03
6.1641e-04
-3.1557e-05
-3.2760e-05
4.2942e-04
9.1479e-04
9.9276e-04
7.0208e-04
6.0631e-04
9.4509e-04
1.3490e-03
1.7341e-03
2.2668e-03
2.6089e-03
2.3675e-03
1.6852e-03
1.1206e-03
9.1226e-04
7.9544e-04
4.6174e-04
9.6535e-05
-1.6715e-04
-7.0464e-04
-1.0749e-03
-1.0892e-03
-1.1086e-03
-9.1623e-04
-6.3577e-04
-1.8138e-04
5.8617e-05
-5.9346e-04
-1.7082e-03
-2.7222e-03
-3.0144e-03
-2.7484e-03
-2.4796e-03
-1.9405e-03
-1.2853e-03
-9.7630e-04
-1.0710e-03
-1.3128e-03
-1.1784e-03
-8.0391e-04
-7.3558e-04
-9.7674e-04
-1.3535e-03
-1.3541e-03
-8.5213e-04
-3.4271e-04
2.1876e-04
8.7169e-04
1.2235e-03
1.0459e-03
8.1389e-04
8.0344e-04
5.9814e-04
1.0155e-04
-5.4574e-04
-1.0097e-03
-7.1162e-04
3.9391e-04
1.4346e-03
1.7048e-03
1.3950e-03
8.7515e-04
2.9338e-04
-7.0580e-05
4.4240e-05
1.0372e-04
-1.0726e-04
-1.4782e-05
2.8712e-04
7.9775e-04
1.7151e-03
2.1524e-03
1.8547e-03
1.6171e-03
1.5083e-03
1.5691e-03
1.6474e-03
1.2189e-03
8.0981e-04
1.2013e-03
1.8288e-03
1.7935e-03
1.5225e-03
1.3349e-03
1.3762e-03
1.9067e-03
2.1093e-03
1.8528e-03
1.6953e-03
1.4576e-03
9.4196e-04
7.4502e-04
1.0460e-03
1.0924e-03
1.1212e-03
1.1809e-03
8.7087e-04
8.3583e-04
1.1310e-03
1.4549e-03
1.7224e-03
1.6552e-03
1.5603e-03
1.5072e-03
1.2611e-03
9.3440e-04
6.2787e-04
2.3270e-04
-5.3081e-04
-1.3674e-03
-2.0244e-03
-2.2731e-03
-1.7091e-03
-1.1761e-03
-1.0179e-03
-7.0779e-04
-5.6588e-04
-8.1702e-04
-1.3560e-03
-1.8220e-03
-1.9584e-03
-2.0123e-03
-2.1889e-03
-2.5683e-03
-2.7103e-03
-2.5590e-03
-2.5603e-03
-2.5328e-03
-2.4011e-03
-2.0749e-03
-1.6589e-03
-1.7390e-03
-2.0699e-03
-2.1217e-03
-2.0347e-03
-2.1277e-03
-2.3020e-03
-2.2216e-03
-2.1149e-03
-2.2805e-03
-2.2714e-03
-1.8857e-03
-1.5955e-03
-1.6899e-03
-2.0321e-03
-2.1732e-03
-2.2291e-03
-2.8539e-03
-3.7033e-03
-4.2526e-03
-4.8947e-03
-5.7279e-03
-6.2863e-03
-6.5526e-03
-6.7138e-03
-6.3509e-03
-5.7338e-03
-5.4272e-03
-4.9462e-03
-4.5936e-03
-4.6830e-03
-4.4647e-03
-3.9031e-03
-3.6418e-03
-3.6403e-03
-3.3938e-03
-3.2240e-03
-3.1692e-03
-2.9991e-03
-2.9880e-03
-2.8654e-03
-2.6676e-03
-2.8240e-03
-3.0901e-03
-3.2679e-03
-3.8197e-03
-4.3444e-03
-3.8494e-03
-2.9647e-03
-2.3637e-03
-1.8524e-03
-1.4262e-03
-1.0033e-03
-1.0894e-03
-1.4297e-03
-1.2220e-03
-1.1510e-03
-1.0982e-03
-9.6261e-04
-1.3970e-03
-1.8258e-03
-1.7354e-03
-1.2601e-03
-8.2958e-04
-5.7186e-04
-6.1681e-04
-1.1655e-03
-1.6281e-03
-2.1052e-03
-2.7391e-03
-2.6526e-03
-1.8855e-03
-1.2752e-03
-8.2382e-04
-3.5126e-04
-2.4231e-04
-3.2214e-04
-3.0623e-04
-3.2161e-04
3.9410e-05
8.0074e-04
1.4533e-03
1.8445e-03
2.0336e-03
2.1033e-03
1.8756e-03
1.5862e-03
1.7103e-03
2.0646e-03
2.3124e-03
2.4016e-03
2.5654e-03
2.7394e-03
2.7785e-03
2.6062e-03
2.3550e-03
2.7322e-03
3.4689e-03
3.7891e-03
3.9413e-03
4.2439e-03
4.3340e-03
4.0644e-03
3.7926e-03
3.9419e-03
4.5815e-03
4.9955e-03
4.9300e-03
4.7606e-03
4.6049e-03
4.5463e-03
4.4807e-03
4.1667e-03
3.8966e-03
3.9918e-03
3.9628e-03
3.6734e-03
3.5518e-03
3.6066e-03
3.6654e-03
3.7825e-03
4.0142e-03
4.0574e-03
3.9113e-03
3.8411e-03
3.9686e-03
4.3443e-03
4.6617e-03
4.6672e-03
4.3885e-03
4.1549e-03
3.9888e-03
3.6745e-03
3.6832e-03
4.0639e-03
4.3394e-03
4.4466e-03
4.5435e-03
4.5997e-03
4.5526e-03
4.6228e-03
4.7369e-03
4.8123e-03
4.9351e-03
4.9299e-03
4.8962e-03
4.8950e-03
4.7913e-03
4.6298e-03
4.3742e-03
4.0888e-03
3.7557e-03
3.5176e-03
3.3936e-03
3.3188e-03
3.3212e-03
3.2257e-03
2.9930e-03
2.8917e-03
2.8750e-03
2.7664e-03
2.5930e-03
2.2850e-03
1.8545e-03
1.4607e-03
1.1465e-03
8.8840e-04
4.7831e-04
1.3177e-04
5.6723e-05
-5.8968e-05
-5.7346e-05
5.5093e-05
8.7982e-05
-1.4152e-04
-8.3322e-04
-1.4033e-03
-1.6200e-03
-1.6695e-03
-1.7468e-03
-2.0703e-03
-2.2640e-03
-2.2788e-03
-2.3694e-03
-2.5081e-03
-2.7784e-03
-3.0892e-03
-3.2990e-03
-3.5092e-03
-3.5257e-03
-3.2625e-03
-3.1867e-03
-3.4611e-03
-3.9856e-03
-4.5753e-03
-4.8733e-03
-5.0323e-03
-5.3085e-03
-5.5089e-03
-5.4379e-03
-5.1289e-03
-4.8940e-03
-4.7663e-03
-4.5807e-03
-4.6416e-03
-4.9972e-03
-5.3692e-03
-5.4614e-03
-5.1972e-03
-5.1021e-03
-5.5051e-03
-6.0725e-03
-6.3010e-03
-6.3929e-03
-6.2514e-03
-5.8857e-03
-5.7909e-03
-5.4583e-03
-5.3466e-03
-5.5823e-03
-5.3263e-03
-4.9834e-03
-4.9073e-03
-4.9416e-03
-4.6930e-03
-4.3556e-03
-4.1143e-03
-3.7023e-03
-3.5115e-03
-3.3983e-03
-3.0293e-03
-2.7605e-03
-2.4732e-03
-2.0981e-03
-1.8535e-03
-1.7094e-03
-1.7393e-03
-1.6223e-03
-1.4289e-03
-1.4535e-03
-1.2102e-03
-6.9735e-04
-3.3505e-04
2.2750e-06
5.3134e-04
9.1086e-04
1.1017e-03
1.5175e-03
1.8947e-03
1.9801e-03
2.1569e-03
2.5818e-03
3.1366e-03
3.5963e-03
3.6042e-03
3.3140e-03
3.1228e-03
3.1033e-03
3.2586e-03
3.5899e-03
3.9209e-03
3.9910e-03
3.7116e-03
3.2523e-03
2.8395e-03
2.6452e-03
2.6595e-03
2.6614e-03
2.8410e-03
3.2131e-03
3.3407e-03
3.1040e-03
2.7236e-03
2.6451e-03
2.7624e-03
2.7795e-03
2.7996e-03
2.7178e-03
2.4414e-03
2.0284e-03
1.6051e-03
1.4207e-03
1.4877e-03
1.4427e-03
1.1439e-03
9.2428e-04
7.5408e-04
3.9128e-04
5.1325e-05
-1.1287e-04
-8.8659e-05
-5.0006e-05
-1.8325e-04
-2.4118e-04
-2.4032e-04
-4.1887e-04
-7.1524e-04
-9.9198e-04
-1.1990e-03
-1.4669e-03
-1.7803e-03
-1.8998e-03
-1.8573e-03
-1.8492e-03
-1.9499e-03
-2.0251e-03
-1.7648e-03
-1.2414e-03
-9.3290e-04
-9.8036e-04
-1.0850e-03
-1.1340e-03
-1.3783e-03
-1.7805e-03
-1.9985e-03
-1.9586e-03
-1.7927e-03
-1.7530e-03
-1.8087e-03
-1.6172e-03
-1.2990e-03
-1.2046e-03
-1.2637e-03
-1.0832e-03
-5.8195e-04
-6.2748e-05
2.7208e-04
3.3373e-04
1.5965e-04
-1.0961e-04
-2.0508e-04
7.6864e-05
5.3547e-04
9.4177e-04
1.3066e-03
1.6026e-03
1.6945e-03
1.6859e-03
1.7717e-03
1.9623e-03
2.2064e-03
2.4953e-03
2.8193e-03
3.0114e-03
3.0484e-03
2.9737e-03
2.7126e-03
2.5246e-03
2.6684e-03
3.0320e-03
3.2928e-03
3.1991e-03
2.9800e-03
2.8701e-03
2.8127e-03
2.5929e-03
2.1861e-03
1.9761e-03
1.8754e-03
1.7669e-03
1.9474e-03
2.3039e-03
2.5010e-03
2.4151e-03
2.3643e-03
2.5045e-03
2.5851e-03
2.5682e-03
2.3699e-03
2.0846e-03
1.9775e-03
1.9543e-03
1.7971e-03
1.3714e-03
9.3269e-04
9.4595e-04
1.3106e-03
1.4907e-03
1.3939e-03
1.5118e-03
1.9474e-03
2.2271e-03
2.0179e-03
1.4358e-03
8.6194e-04
4.6724e-04
1.8699e-04
-1.9617e-04
-7.0168e-04
-9.7638e-04
-8.3977e-04
-3.3635e-04
2.6217e-04
5.3848e-04
3.3394e-04
-6.8040e-05
-3.9805e-04
-7.5494e-04
-1.0330e-03
-1.0217e-03
-7.7953e-04
-4.4147e-04
-1.6051e-04
1.0260e-04
4.6110e-04
8.4194e-04
1.0002e-03
7.3546e-04
2.5007e-04
-1.5111e-04
-3.5864e-04
-3.3182e-04
-2.1756e-04
-7.4733e-05
2.5142e-04
5.8975e-04
6.7787e-04
5.0313e-04
2.0754e-04
4.4304e-05
3.9177e-05
4.5491e-05
-3.2271e-05
-2.5352e-04
-5.4137e-04
-7.7194e-04
-8.6505e-04
-7.7903e-04
-5.9436e-04
-4.3666e-04
-3.5161e-04
-3.2754e-04
-3.8078e-04
-6.0479e-04
-9.2409e-04
-9.7797e-04
-7.2745e-04
-6.2548e-04
-8.6726e-04
-1.2603e-03
-1.5262e-03
-1.5141e-03
-1.4230e-03
-1.3662e-03
-1.2899e-03
-1.1822e-03
-1.0988e-03
-1.1656e-03
-1.2628e-03
-1.3521e-03
-1.4085e-03
-1.3590e-03
-1.3543e-03
-1.3189e-03
-1.3014e-03
-1.4379e-03
-1.6058e-03
-1.7180e-03
-1.6560e-03
-1.4433e-03
-1.2442e-03
-1.1194e-03
-1.1046e-03
-1.2221e-03
-1.4007e-03
-1.5858e-03
-1.7039e-03
-1.6745e-03
-1.6284e-03
-1.6158e-03
-1.6186e-03
-1.6144e-03
-1.5632e-03
-1.5840e-03
-1.6003e-03
-1.5252e-03
-1.4359e-03
-1.3664e-03
-1.3631e-03
-1.4461e-03
-1.5573e-03
-1.5557e-03
-1.4519e-03
-1.3509e-03
-1.2573e-03
-1.1594e-03
-1.1534e-03
-1.2142e-03
-1.2220e-03
-1.2064e-03
-1.0690e-03
-8.5727e-04
-6.7128e-04
-4.9487e-04
-4.1739e-04
-4.1321e-04
-4.8902e-04
-5.7084e-04
-5.4576e-04
-4.4703e-04
-3.2547e-04
-2.5505e-04
-1.1857e-04
1.2379e-04
1.9924e-04
1.3363e-04
1.8532e-04
2.7004e-04
3.3913e-04
4.5388e-04
5.3459e-04
5.7311e-04
5.3929e-04
5.2922e-04
6.4544e-04
7.5079e-04
8.1811e-04
8.7648e-04
9.1719e-04
8.7780e-04
8.0907e-04
8.5904e-04
8.1623e-04
6.0276e-04
4.7800e-04
4.5588e-04
4.4965e-04
4.5559e-04
4.6713e-04
5.0860e-04
5.5547e-04
5.5579e-04
5.3350e-04
4.9308e-04
4.3569e-04
4.1086e-04
4.2879e-04
4.7203e-04
4.7004e-04
4.1608e-04
3.8473e-04
3.5016e-04
2.9692e-04
2.5798e-04
2.7251e-04
3.1975e-04
3.2210e-04
3.1566e-04
3.4330e-04
3.1936e-04
2.3697e-04
2.0892e-04
2.2632e-04
2.5713e-04
2.9489e-04
2.4300e-04
1.3826e-04
1.2051e-04
1.6137e-04
2.0769e-04
2.7724e-04
3.3378e-04
3.6114e-04
3.4811e-04
2.7986e-04
2.1405e-04
1.8810e-04
2.0040e-04
2.1679e-04
2.0581e-04
1.7892e-04
1.3515e-04
7.7023e-05
4.6160e-05
6.0854e-05
4.8517e-05
-7.8098e-06
-2.7886e-05
-1.2570e-06
3.0553e-05
4.0324e-05
5.1727e-05
8.4486e-05
1.0197e-04
1.1139e-04
1.2866e-04
1.5381e-04
1.9040e-04
2.1375e-04
2.2724e-04
2.4383e-04
2.4452e-04
2.2266e-04
1.8850e-04
1.5889e-04
1.4656e-04
1.3781e-04
1.3350e-04
1.3614e-04
1.2266e-04
9.5832e-05
7.0256e-05
5.3243e-05
5.4253e-05
6.3735e-05
6.0298e-05
6.0219e-05
6.8682e-05
5.0529e-05
2.7257e-05
4.3838e-05
7.5017e-05
7.6312e-05
5.9272e-05
5.4003e-05
6.0337e-05
6.3728e-05
6.1288e-05
5.4091e-05
4.0483e-05
3.7839e-05
4.2987e-05
3.6435e-05
3.0757e-05
2.8422e-05
1.4842e-05
9.2973e-07
-5.8365e-07
-2.8636e-06
-1.1567e-05
-2.3869e-05
-3.6381e-05
-4.0380e-05
-4.3294e-05
-4.9191e-05
-5.2951e-05
-5.4661e-05
-5.7091e-05
-6.4838e-05
-7.0184e-05
-7.2582e-05
-7.9476e-05
-8.6330e-05
-9.1979e-05
-9.5739e-05
-9.6745e-05
-9.7369e-05
-9.6763e-05
-9.5254e-05
-9.5258e-05
-9.8356e-05
-1.0373e-04
-1.1140e-04
-1.2172e-04
-1.3199e-04
-1.3828e-04
-1.3577e-04
-1.2503e-04
-1.1379e-04
-1.0832e-04
-1.0679e-04
-1.0562e-04
-1.0654e-04
-1.0861e-04
-1.1084e-04
-1.1354e-04
-1.1413e-04
-1.1252e-04
-1.0728e-04
-9.7949e-05
-8.7647e-05
-7.9162e-05
-7.4601e-05
-7.2462e-05
-7.0561e-05
-6.7046e-05
-6.2307e-05
-5.8107e-05
-5.2997e-05
-4.6897e-05
-4.1483e-05
-3.7637e-05
-3.5709e-05
-3.4498e-05
-3.2278e-05
-2.8983e-05
-2.5306e-05
-2.2368e-05
-2.0977e-05
-2.0855e-05
-2.1339e-05
-2.1159e-05
-2.0296e-05
-1.8569e-05
-1.5712e-05
-1.2931e-05
-1.0921e-05
-1.0143e-05
-9.6200e-06
-8.3271e-06
-6.7218e-06
-4.9198e-06
-3.4893e-06
-2.7069e-06
-2.2289e-06
-1.7999e-06
-9.9854e-07
7.0145e-08
1.0799e-06
1.9382e-06
2.6199e-06
3.2210e-06
3.8264e-06
4.3325e-06
4.6937e-06
5.0449e-06
5.4202e-06
5.8449e-06
6.3156e-06
6.7358e-06
7.0880e-06
7.4088e-06
7.7438e-06
8.1139e-06
8.4828e-06
8.8123e-06
9.1119e-06
9.3955e-06
9.6675e-06
9.9353e-06
1.0198e-05
1.0449e-05
1.0689e-05
1.0925e-05
1.1153e-05
1.1373e-05
1.1587e-05
1.1796e-05
1.1999e-05
1.2198e-05
1.2393e-05
1.2584e-05
1.2771e-05
1.2953e-05
1.3132e-05
1.3306e-05
1.3476e-05
1.3642e-05
1.3805e-05
1.3963e-05
