1.9757e-04
1.7651e-03
3.4912e-04
1.1991e-03
4.1792e-04
7.8471e-04
-3.2123e-04
-2.3950e-05
-2.9457e-03
-2.1488e-03
3.0009e-05
1.3072e-03
3.3380e-04
1.6199e-03
2.1083e-03
-1.8260e-03
3.7973e-03
8.2080e-04
7.1162e-04
-2.4025e-03
1.4526e-03
-2.5040e-03
-1.9180e-03
9.3030e-04
-6.2058e-04
-2.3804e-03
-5.2945e-03
4.2397e-03
3.5610e-03
-7.0037e-05
2.1720e-05
1.1466e-03
-1.8563e-06
-1.2133e-03
1.6569e-03
1.9288e-04
3.2085e-04
4.3432e-05
-5.5569e-04
1.9207e-03
1.2517e-03
1.1794e-03
-3.7949e-04
-2.7660e-04
-3.1269e-04
2.1052e-04
-2.4074e-03
-1.8423e-03
-1.8460e-03
-2.4256e-03
1.9657e-03
-1.1229e-03
-1.9942e-04
1.7334e-03
1.6730e-03
2.2351e-04
-4.2456e-03
2.7931e-03
-1.4591e-03
1.9884e-04
-9.2874e-04
3.8839e-05
-1.7292e-03
-7.5588e-03
4.8595e-03
1.7134e-03
1.3369e-03
-4.5395e-03
-8.1396e-04
3.0639e-03
7.4342e-04
-1.7236e-03
-1.0396e-03
-3.8687e-03
3.1082e-03
4.2524e-03
-2.5250e-03
-7.1392e-04
3.1093e-03
-4.5735e-05
3.2572e-03
9.2848e-04
-1.6491e-03
1.8502e-03
-4.1252e-03
4.4665e-03
-7.8447e-04
1.5239e-03
-5.2203e-03
-2.2109e-04
7.0530e-04
-4.5646e-03
-2.2667e-03
-5.7653e-03
5.8430e-03
-6.3212e-04
-2.5084e-03
1.7934e-03
1.4947e-03
1.8743e-03
-2.3219e-03
-6.6448e-05
-3.6313e-03
-4.5232e-04
9.3177e-04
-2.1135e-03
3.4249e-03
-1.2943e-03
1.0351e-03
-1.5067e-03
1.7096e-04
-4.3368e-04
-5.4217e-03
-2.2247e-03
-2.5161e-03
1.2103e-03
2.2596e-03
-5.1880e-04
-5.2482e-03
-5.2632e-04
2.7019e-03
2.7380e-03
-3.2951e-04
-7.0878e-04
1.4817e-03
7.2861e-05
2.4319e-03
7.5747e-05
5.6998e-04
-3.2854e-03
-3.1012e-03
2.1116e-03
-1.3133e-03
-1.0403e-03
-8.2292e-04
2.0826e-03
-3.9965e-04
4.7038e-04
-1.1901e-03
-2.1560e-03
3.2092e-03
9.9708e-04
1.7480e-03
3.0455e-03
1.4576e-03
1.8824e-03
1.1610e-03
4.1427e-03
-6.1221e-04
-1.1970e-03
-2.7990e-03
-6.3212e-03
-4.7301e-03
-6.7901e-03
-5.0830e-03
-7.2471e-03
-3.0161e-03
-2.3716e-03
-3.1093e-03
-3.3592e-04
8.1039e-03
1.6046e-02
2.5035e-02
2.6255e-02
3.1048e-02
4.0341e-02
4.1083e-02
4.0224e-02
4.3771e-02
4.0286e-02
2.3438e-02
-9.3451e-03
-3.6001e-02
-3.3624e-02
-3.3785e-02
-4.2641e-02
-4.4743e-02
-5.1613e-02
-4.7924e-02
-3.8058e-02
-3.0590e-02
-3.0726e-02
-5.7947e-03
4.2158e-02
3.2179e-02
2.8573e-02
2.8674e-02
2.0913e-02
2.2868e-02
1.9518e-02
-9.8109e-03
-2.1731e-02
2.0463e-03
-8.9031e-03
-1.8774e-02
-9.7510e-03
-7.2064e-03
-6.1427e-03
1.2665e-03
-1.5868e-03
-1.3650e-02
-1.6120e-02
-2.0574e-02
-1.2129e-02
-7.8171e-03
-1.2009e-02
3.6161e-03
1.3851e-02
1.7159e-02
1.5736e-02
1.6537e-02
1.7408e-02
1.8238e-02
1.8066e-02
1.6563e-02
1.8006e-02
1.2623e-02
-8.3700e-03
-1.6983e-02
-1.1765e-02
-1.0141e-02
-8.0411e-03
-1.3056e-02
-6.7670e-03
-6.0488e-03
-8.5180e-03
-6.9708e-03
-1.1058e-02
-1.0725e-02
2.7348e-03
9.4288e-03
9.6839e-03
6.2130e-03
8.7909e-04
-3.1527e-04
-6.4868e-03
-6.0025e-03
-5.4631e-03
-2.7378e-03
-3.0381e-03
-1.6024e-03
3.2294e-03
6.1565e-04
-8.3742e-04
4.3635e-03
2.7796e-03
5.2072e-04
5.4066e-03
2.7360e-03
1.8182e-03
-3.8849e-03
-1.2949e-02
-1.3177e-02
-8.0274e-03
2.4807e-03
2.7904e-03
1.0195e-03
-1.2582e-03
1.8387e-03
-1.5843e-03
-3.3859e-03
-1.9415e-03
-9.4366e-04
6.2593e-03
2.0825e-03
2.2892e-03
9.2218e-04
1.0987e-03
-1.4132e-04
2.3821e-04
-7.1035e-04
-3.1177e-03
1.1975e-03
2.5479e-03
-1.1002e-03
1.1665e-03
3.8781e-03
1.7249e-03
-6.7874e-04
1.0042e-04
-2.4313e-04
-1.5219e-03
-8.9472e-03
-4.1130e-03
-2.0150e-03
-1.8701e-03
4.8672e-03
4.9792e-03
5.9392e-03
5.3921e-03
8.7219e-03
3.8760e-03
7.1310e-03
-1.8213e-05
-1.8839e-03
-8.7448e-04
-2.9442e-03
4.8212e-03
2.5706e-03
4.2190e-03
4.8043e-03
4.3052e-03
3.3048e-03
2.9334e-03
3.5642e-03
2.7324e-03
3.1867e-03
3.4412e-03
4.5524e-03
2.5012e-03
7.6464e-04
4.4638e-03
4.3751e-03
4.6753e-03
2.4112e-03
-4.6149e-04
1.3773e-03
1.6414e-03
2.7053e-03
1.1464e-03
-3.2125e-04
-8.7062e-04
-1.7829e-04
3.4110e-03
4.1582e-03
7.9273e-03
6.8190e-03
3.4682e-03
4.3509e-03
3.2367e-03
4.1526e-03
4.3240e-03
1.4315e-03
-7.5930e-04
-6.2920e-04
-1.5171e-03
3.4863e-03
1.9632e-03
-4.2257e-03
-5.5821e-03
-3.0672e-03
3.3330e-03
7.8087e-03
-1.7788e-03
-9.5693e-03
-5.0163e-03
-6.8858e-03
-9.1467e-03
-8.7262e-03
-5.9925e-03
-1.0535e-02
-1.4100e-02
-8.3322e-03
-1.1105e-02
-1.4310e-02
-1.1386e-02
-7.2019e-03
-3.0859e-03
-2.2324e-03
1.5198e-03
4.1191e-03
8.9016e-03
7.8062e-03
7.2562e-03
7.2173e-03
1.1356e-03
1.4498e-04
3.9540e-04
4.9373e-03
4.7942e-03
-7.4907e-04
-2.0019e-03
-9.8249e-05
4.3154e-03
6.8797e-03
6.1859e-03
2.6388e-03
-2.3543e-03
-4.5172e-03
-4.9317e-03
-6.1322e-03
-4.3827e-03
-3.6411e-03
-2.6116e-03
-3.8795e-03
-1.0559e-02
-1.1997e-02
-1.3507e-02
-1.4054e-02
-1.1147e-02
-9.2586e-03
3.1054e-04
7.9076e-03
7.7942e-03
1.0505e-02
8.8333e-03
6.5855e-03
5.1706e-04
-4.1497e-03
7.0400e-04
3.1254e-03
2.9335e-03
2.7103e-03
-9.5963e-05
-2.7228e-03
-3.7731e-03
-4.8571e-03
-6.5735e-03
-8.1886e-03
-5.0405e-03
7.3345e-04
1.9117e-03
1.5804e-03
2.5374e-03
2.0505e-03
-1.4618e-03
1.6526e-04
2.6969e-03
1.8967e-03
-3.6687e-04
2.7104e-03
4.8711e-03
6.2103e-03
4.5279e-03
2.1871e-03
2.5530e-04
1.8563e-03
7.4952e-03
5.8280e-03
4.6918e-03
4.3880e-03
1.4640e-03
-3.3759e-04
-1.2457e-03
-4.3562e-03
-1.9823e-03
1.2926e-03
4.2699e-03
2.6737e-03
2.6225e-04
2.3517e-04
-3.5269e-04
-1.4727e-03
-9.3645e-04
1.0106e-03
2.6789e-04
-2.0939e-03
1.7175e-03
4.2420e-03
2.5682e-03
4.4053e-04
1.5641e-03
3.0151e-03
2.3880e-03
1.0294e-03
-8.9875e-04
-9.3175e-04
-3.4698e-04
1.6645e-03
9.4072e-04
7.8622e-04
-3.2689e-04
-5.9874e-04
-2.6822e-03
-1.7376e-03
-2.8429e-03
-2.5983e-03
-4.2854e-03
-3.0672e-03
3.7682e-04
9.0071e-04
4.0681e-03
2.1543e-03
2.6383e-03
4.5965e-04
-1.3859e-03
-1.5084e-03
-1.7529e-03
-7.5542e-05
-1.1244e-03
-2.7472e-03
-2.6646e-03
-1.9516e-03
-1.1603e-03
-8.4339e-04
-1.4371e-03
-1.6691e-03
-9.0206e-04
-5.3545e-04
1.0538e-03
1.4084e-03
2.2483e-03
3.1655e-03
1.7258e-03
3.8499e-04
9.3983e-04
1.9577e-03
3.1654e-03
3.1992e-03
2.6850e-03
2.3726e-03
6.3060e-04
1.3778e-04
-3.0133e-03
-3.5680e-03
-2.8759e-03
-1.6776e-03
-1.1300e-03
-1.7111e-03
7.3113e-04
1.3483e-03
1.5696e-04
-8.4853e-04
-3.7792e-04
2.8516e-04
1.0942e-04
9.7908e-05
6.1326e-04
1.1205e-03
2.0699e-03
9.0969e-04
1.4726e-03
-5.4092e-04
-1.6438e-03
-1.1105e-03
-1.0994e-03
7.2744e-04
1.1695e-05
-5.9642e-04
-4.1026e-04
-8.3945e-04
-7.4767e-05
7.3969e-04
3.7713e-04
-2.2333e-04
-6.3474e-04
-1.1591e-03
-9.5233e-04
3.4206e-04
1.1668e-04
1.1137e-03
2.0707e-03
1.6301e-03
-8.1620e-05
-2.7200e-04
1.7361e-03
1.2200e-03
1.1022e-03
2.9501e-04
-5.6500e-04
-2.3178e-04
-1.9112e-03
8.5739e-05
-2.9437e-04
-3.7211e-04
-6.6825e-04
-6.2380e-05
6.6961e-04
-1.6336e-03
3.0983e-04
-9.7071e-04
-8.6456e-04
-1.2186e-03
-8.8977e-04
-7.3510e-04
-6.2879e-04
4.5271e-04
-3.8726e-05
-9.4220e-05
7.2419e-04
3.4407e-04
-9.7630e-04
1.0109e-03
1.3848e-03
2.3419e-03
1.0208e-03
-8.4965e-05
2.6640e-04
1.8168e-03
6.3703e-04
-3.7019e-04
-1.1977e-03
-6.1958e-04
9.6200e-04
9.2038e-04
2.2865e-03
7.8496e-04
8.7945e-04
-7.2423e-04
-4.2868e-05
6.5419e-04
2.9819e-04
-3.3320e-04
-1.2052e-03
-6.8674e-04
1.5758e-04
-5.8421e-04
-1.0407e-03
3.0891e-04
1.9412e-04
5.1793e-04
-6.3448e-04
-8.3803e-04
-9.1775e-04
-1.2417e-03
-4.4474e-04
-7.7339e-04
-6.9990e-04
1.6189e-04
2.0220e-04
-6.2608e-04
-5.5906e-04
-5.0748e-04
-6.8661e-04
6.3188e-04
8.8211e-04
5.7362e-05
-1.9141e-04
-1.8189e-04
-3.9549e-05
-4.7306e-04
-6.1574e-04
-1.9473e-04
6.7249e-05
8.9793e-05
-3.1310e-04
-4.0616e-04
-1.2837e-04
-6.3573e-04
-1.5842e-03
-1.4719e-03
-1.3994e-03
-1.5811e-03
-8.9249e-04
-6.4538e-04
-1.2106e-03
-9.9062e-04
-3.6735e-04
-9.7796e-07
-2.8023e-04
-4.3882e-04
-6.1186e-04
-3.9467e-04
-2.5206e-04
-4.1042e-04
-7.0055e-05
-6.6011e-06
-4.0771e-04
-8.4072e-05
5.8243e-05
-7.9389e-04
-9.6243e-04
-1.0554e-03
-5.1870e-04
5.7763e-04
3.0815e-04
7.5303e-04
6.2952e-04
4.9131e-04
7.6523e-04
1.2866e-03
8.5293e-04
1.0151e-03
1.4648e-03
1.6990e-03
1.1842e-03
1.1786e-03
1.3068e-03
1.3403e-03
1.0631e-03
6.9915e-04
6.8808e-04
-1.9512e-04
-1.4277e-04
-3.1163e-04
-3.1323e-04
2.4796e-04
3.7434e-04
-2.3340e-04
-7.9773e-04
-9.7702e-04
-5.4680e-04
-5.8844e-05
-5.9104e-04
-3.8774e-04
2.3275e-04
4.5958e-04
2.0907e-05
-1.2552e-03
-1.7358e-03
-1.5649e-03
-1.5332e-03
-2.0101e-03
-1.1950e-03
-1.2576e-03
-6.1919e-04
-8.3675e-04
-8.2704e-04
-1.1672e-03
-7.6765e-04
-2.4075e-04
3.7641e-04
1.3435e-03
4.6751e-04
4.6112e-06
1.9732e-04
4.5764e-04
6.9249e-04
1.1208e-03
6.3178e-04
4.7562e-04
7.4956e-04
1.3604e-03
9.9037e-04
1.8222e-03
1.5897e-03
1.3613e-03
8.1107e-04
9.9112e-04
8.5994e-04
3.2750e-04
4.6055e-04
4.7673e-04
8.5159e-04
-2.1856e-05
3.8148e-04
5.9590e-04
1.1456e-03
1.2624e-03
1.6030e-03
7.7773e-04
4.3496e-05
-2.4126e-04
-5.9161e-04
-9.4412e-04
-1.4871e-03
-9.8938e-04
-3.0024e-04
-5.8606e-04
-9.4963e-04
-5.4427e-04
1.3027e-04
8.5165e-04
3.4586e-04
4.8783e-04
3.2288e-04
-6.7208e-05
-6.8589e-05
-1.8988e-04
3.0189e-04
-2.2129e-04
-7.1524e-05
-8.2056e-05
9.1125e-05
2.3442e-04
2.5008e-04
-3.5820e-06
5.4562e-04
7.9740e-04
2.1009e-04
8.9230e-05
9.6497e-05
2.6304e-04
1.7989e-04
1.4701e-04
7.0308e-05
1.3608e-05
-2.6037e-04
9.7590e-05
4.6321e-05
5.7546e-04
4.7201e-04
8.2565e-04
6.8561e-04
5.6671e-04
4.3831e-04
-3.0507e-04
1.0059e-04
-2.2370e-04
-3.4211e-04
6.5064e-05
2.8269e-04
-1.5987e-04
-1.0477e-03
-4.2393e-04
-6.2807e-04
-1.2632e-05
-4.9457e-04
-9.1384e-04
-4.9390e-04
-7.5604e-04
6.7670e-04
4.8009e-05
5.2771e-04
9.9323e-04
1.6599e-03
-9.2086e-05
-4.4476e-04
1.6536e-04
-2.9228e-04
7.2162e-04
2.3922e-05
9.9173e-04
3.9539e-05
8.2549e-05
-7.0301e-04
-2.2153e-04
-5.4291e-04
-8.2125e-04
-3.1026e-04
-1.4578e-03
-8.9489e-04
-1.0980e-03
-1.9108e-04
-7.2946e-04
1.7307e-05
4.8362e-04
1.4011e-04
6.5518e-04
7.9307e-04
9.6781e-04
3.7096e-04
5.4988e-04
-6.2522e-04
-2.9510e-04
1.9821e-05
6.1824e-04
7.1882e-04
4.5994e-04
2.6994e-04
-1.3301e-04
-6.3992e-04
-1.1263e-03
-1.1474e-03
-1.3199e-03
-8.5496e-04
-8.0675e-04
-5.9899e-04
-8.7515e-04
-1.8452e-03
-1.1860e-03
-5.3214e-04
-7.7751e-04
-1.1278e-03
-7.4617e-04
-5.1113e-04
-8.3952e-04
-2.8793e-04
-7.6575e-06
3.1554e-04
5.8051e-04
-2.8000e-04
-2.2862e-04
8.0437e-05
-2.6409e-04
2.1503e-04
4.3650e-04
2.9940e-04
7.1689e-04
2.9632e-04
6.1375e-05
2.8775e-05
3.8768e-04
7.1431e-04
-2.8332e-04
1.5019e-04
-3.3969e-04
1.1271e-04
-5.7885e-04
-3.6927e-04
-3.1846e-04
8.9672e-05
5.2213e-04
3.5329e-04
-5.4580e-05
-3.2797e-04
7.0136e-07
-6.0706e-04
-2.4899e-04
2.0672e-04
3.5704e-04
4.3710e-04
-1.8605e-04
-4.5618e-04
-2.4219e-05
-4.4855e-04
2.9504e-04
-3.3590e-04
-4.8125e-04
-1.0722e-04
-2.0317e-04
-2.4314e-04
-3.0767e-04
-2.5885e-05
-3.4514e-04
1.7129e-04
-3.6280e-04
2.1974e-04
3.3293e-04
3.7612e-04
6.1075e-04
5.9061e-04
1.1610e-04
2.3733e-04
3.0564e-04
3.6757e-04
6.4175e-04
7.3958e-04
7.8874e-04
5.8670e-04
7.3628e-04
8.5508e-04
8.2493e-04
4.6167e-04
1.9296e-04
1.1835e-03
4.3056e-04
5.5265e-04
6.9429e-04
2.9374e-04
9.8949e-04
3.9521e-04
4.6546e-04
4.2052e-04
9.3789e-05
1.6641e-05
1.1353e-04
3.4801e-04
3.6502e-04
-1.9893e-04
8.3059e-05
3.2615e-04
3.1511e-04
2.0120e-04
-3.1190e-04
-2.8899e-04
-4.2194e-04
-8.4193e-05
6.4534e-05
-9.5928e-05
-1.0061e-04
-4.5037e-05
-2.8168e-04
-3.1166e-04
-3.2977e-04
-2.6800e-04
-1.8979e-04
-2.6262e-04
-2.7658e-04
-2.9324e-04
-2.6888e-04
-3.5492e-04
-3.4985e-04
-3.3468e-04
-3.3738e-04
-2.7930e-04
-3.0230e-04
-2.6857e-04
-2.7077e-04
-2.5326e-04
-2.6499e-04
-2.4090e-04
-2.1427e-04
-2.4140e-04
-1.9458e-04
-1.6790e-04
-1.2898e-04
-6.7559e-05
-5.7716e-05
-4.2330e-05
-1.6196e-05
-1.3030e-05
9.1507e-06
1.2604e-05
2.5354e-05
2.4500e-05
3.3444e-05
3.8646e-05
3.0734e-05
3.8377e-05
4.0181e-05
3.7587e-05
3.8109e-05
3.6918e-05
3.7225e-05
3.6270e-05
3.6354e-05
3.7085e-05
3.6251e-05
3.5614e-05
3.5333e-05
3.4774e-05
3.4333e-05
3.4000e-05
3.3746e-05
3.3620e-05
3.3686e-05
3.3930e-05
3.4365e-05
3.4994e-05
