2.6739e-04
2.6957e-04
2.7064e-04
2.7127e-04
2.7236e-04
2.7461e-04
2.7985e-04
2.8338e-04
2.8478e-04
2.8688e-04
2.8440e-04
2.7067e-04
2.6300e-04
2.6327e-04
2.6719e-04
2.9922e-04
3.3226e-04
3.1344e-04
2.9384e-04
2.6613e-04
2.3458e-04
2.2812e-04
2.2819e-04
2.2339e-04
2.2663e-04
2.6438e-04
2.6746e-04
2.9664e-04
3.2862e-04
3.2766e-04
3.0682e-04
2.1622e-04
1.4860e-04
1.4893e-04
1.5056e-04
1.3721e-04
1.2596e-04
7.4285e-05
-2.5639e-05
-4.1923e-05
-1.1573e-04
-7.1022e-05
-1.1341e-04
-2.4009e-04
-2.7981e-04
-4.0314e-04
-4.6346e-04
-2.9534e-04
-5.4825e-05
3.8098e-05
1.3452e-04
3.5025e-04
4.0884e-04
3.7885e-04
4.0161e-04
4.2803e-04
4.2708e-04
3.8257e-04
1.5797e-04
1.3483e-04
-1.3817e-05
-1.8286e-04
-1.5525e-04
1.8770e-04
4.9293e-04
6.3847e-04
7.8598e-04
5.5340e-04
2.9528e-04
-4.4487e-04
-1.0695e-03
-1.0716e-03
-1.0040e-03
-1.0641e-03
-1.0378e-03
-5.9718e-04
-2.7015e-04
-3.7472e-05
8.0427e-04
1.4665e-03
1.4644e-03
1.3838e-03
1.4089e-03
7.6327e-04
-4.0117e-04
-7.4307e-04
-1.1087e-03
-1.3056e-03
-7.2344e-04
-3.4369e-04
5.7655e-04
1.7275e-03
1.8460e-03
1.0588e-03
-3.0912e-04
-7.2222e-04
-6.5354e-04
-1.1572e-03
-9.7097e-04
-1.3218e-04
6.9139e-04
1.3834e-03
2.0852e-03
2.6762e-03
2.2591e-03
8.9702e-04
-7.0390e-04
-1.6752e-03
-2.1457e-03
-2.1695e-03
-2.1420e-03
-2.1859e-03
-2.1229e-03
-1.3853e-03
-7.2317e-04
-6.7692e-04
-7.5320e-04
-7.4722e-04
-7.4348e-04
-7.6117e-04
-7.7456e-04
-7.5434e-04
-8.2373e-05
1.5970e-03
2.6063e-03
2.5174e-03
2.3932e-03
2.4335e-03
1.7947e-03
6.7719e-04
-4.2609e-04
-9.8637e-04
-9.3229e-04
-8.6598e-04
-9.0552e-04
-7.2645e-04
3.5408e-04
1.0967e-03
2.2430e-03
4.4190e-03
5.0188e-03
4.1012e-03
1.3032e-03
-1.6436e-03
-4.4663e-03
-6.6501e-03
-6.8918e-03
-6.2670e-03
-4.6540e-03
-2.2837e-03
1.2058e-05
1.1683e-03
1.1051e-03
2.0598e-04
-2.1784e-03
-3.2118e-03
-2.8923e-03
-2.7692e-03
-2.8745e-03
-2.3968e-03
-5.0615e-04
1.2150e-03
2.2942e-03
3.3726e-03
4.2908e-03
3.0325e-03
1.0804e-03
7.9753e-04
1.1607e-03
1.1969e-03
1.1231e-03
1.1315e-03
1.1490e-03
1.1449e-03
1.1421e-03
1.1345e-03
5.7392e-04
-6.8604e-04
-1.1868e-03
-2.0058e-03
-3.2913e-03
-4.6178e-03
-4.3545e-03
-2.0780e-03
-5.5935e-04
-6.6771e-04
-1.0416e-04
2.4834e-03
3.6047e-03
3.1162e-03
1.7200e-03
-2.6590e-04
-1.0389e-03
-8.2668e-04
-6.4074e-04
2.8611e-04
1.5808e-03
2.8013e-03
3.3408e-03
2.5211e-03
3.1975e-04
-1.2112e-03
-2.2099e-03
-2.8228e-03
-2.7707e-03
-1.7733e-03
3.1185e-04
1.7579e-03
2.8828e-03
2.8895e-03
1.5019e-03
1.0006e-03
1.2350e-03
1.3131e-03
8.6351e-04
-1.0201e-03
-2.8043e-03
-2.9578e-03
-2.7031e-03
-2.7869e-03
-2.8763e-03
-2.7241e-03
-1.8415e-03
-1.7900e-03
-2.7136e-03
-2.9037e-03
-2.1375e-03
-8.4092e-04
4.3021e-04
1.3685e-03
1.4006e-03
1.2022e-03
1.1956e-03
1.2321e-03
1.2247e-03
1.2161e-03
1.2284e-03
6.7012e-04
-6.5171e-04
-1.9554e-03
-2.8839e-03
-2.9623e-03
-2.8358e-03
-2.7149e-03
-1.0088e-03
2.0010e-04
-3.0187e-04
6.0014e-04
1.4949e-03
1.3894e-03
1.2330e-03
1.2743e-03
1.2453e-03
1.1913e-03
1.1919e-03
1.2007e-03
1.1972e-03
1.1939e-03
1.1724e-03
-3.5119e-05
-2.5503e-03
-3.5494e-03
-5.0665e-03
-5.2709e-03
-3.3038e-03
-1.7872e-03
2.1983e-05
1.5613e-03
3.0219e-03
4.8728e-03
4.3136e-03
2.2969e-03
1.7645e-03
1.2999e-03
3.8953e-04
-1.9964e-03
-3.1741e-03
-2.8855e-03
-2.7255e-03
-2.8248e-03
-2.4368e-03
-5.3507e-04
1.3347e-03
2.4270e-03
3.1999e-03
3.2887e-03
3.6585e-03
4.2199e-03
2.6494e-03
1.0515e-03
1.0580e-03
8.9839e-04
-4.7844e-04
-3.7850e-04
1.2048e-03
2.4275e-03
1.8605e-03
5.0189e-04
-6.8447e-04
-9.5271e-04
-8.0817e-04
-7.9534e-04
-1.2628e-03
-3.1677e-03
-4.9968e-03
-5.0639e-03
-3.5007e-03
-9.3199e-04
1.5650e-03
3.8147e-03
5.3257e-03
6.4128e-03
7.2555e-03
6.5233e-03
3.2907e-03
7.7332e-04
-1.0216e-03
-2.8601e-03
-3.1337e-03
-2.3351e-03
-4.3858e-04
1.3398e-03
3.4844e-03
4.7879e-03
1.9910e-03
-2.1786e-03
-5.6775e-03
-7.2016e-03
-6.8894e-03
-4.9391e-03
-1.2439e-03
1.2736e-03
1.2857e-03
-8.5342e-05
-1.3906e-03
-2.1932e-03
-2.0128e-03
-2.5095e-03
-2.0280e-03
1.6502e-04
1.3454e-03
1.5776e-03
2.0652e-03
1.3042e-03
-1.0181e-04
-1.0130e-03
-6.1525e-04
7.3857e-04
1.1655e-03
6.4265e-05
-1.1031e-03
-1.1578e-03
-1.4386e-03
-2.7019e-03
-2.4545e-03
-1.2268e-03
-2.0545e-03
-3.2399e-03
-3.1882e-03
-2.9226e-03
-2.9540e-03
-3.0058e-03
-2.7118e-03
-2.0022e-03
-2.0244e-03
-1.3498e-03
2.0304e-04
2.5584e-03
4.7087e-03
5.7841e-03
6.7019e-03
6.2135e-03
4.8229e-03
3.4509e-03
1.8753e-03
-4.9160e-04
-5.9049e-04
9.1095e-04
1.2120e-03
1.2592e-03
1.9357e-03
1.3155e-03
7.0854e-04
8.0344e-04
5.9809e-04
-2.3025e-04
3.5017e-04
1.0075e-03
7.7680e-04
-6.2048e-04
-2.7393e-03
-3.5048e-03
-3.2519e-03
-3.1693e-03
-3.0808e-03
-1.9422e-03
-1.2683e-04
2.2468e-03
2.3914e-03
1.7155e-03
1.4217e-03
8.7287e-04
1.2263e-03
2.5022e-03
2.1190e-03
9.2622e-04
1.8866e-03
3.0655e-03
3.5800e-03
4.4772e-03
3.8852e-03
2.2242e-03
-3.2505e-04
-1.5978e-03
-1.2820e-03
-1.3441e-04
2.8590e-03
5.3462e-03
6.8259e-03
7.8740e-03
6.2814e-03
2.5939e-03
1.1730e-04
-1.3108e-03
-3.0901e-03
-3.6832e-03
-2.6071e-03
-1.3715e-03
-1.2999e-03
-1.5012e-03
-1.4760e-03
-1.4985e-03
-2.3739e-03
-3.4426e-03
-3.5397e-03
-3.3640e-03
-2.7280e-03
-1.5045e-03
-1.1962e-03
-1.4465e-03
-1.5133e-03
-1.4610e-03
-1.4591e-03
-1.3660e-03
-3.0662e-04
6.8959e-04
6.5183e-04
-1.9377e-04
-1.2908e-03
-5.5046e-04
6.6707e-04
1.1239e-03
2.7557e-03
5.3446e-03
7.7392e-03
8.6144e-03
7.3220e-03
5.8702e-03
4.1267e-03
2.4174e-03
1.2076e-03
4.1137e-04
3.6545e-04
4.7759e-04
4.9708e-04
1.3587e-03
2.3226e-03
1.6216e-03
1.7533e-03
1.8274e-03
-2.1567e-04
-3.0146e-03
-5.2153e-03
-5.8827e-03
-5.6662e-03
-4.8730e-03
-3.7167e-03
-3.4844e-03
-3.6699e-03
-3.6808e-03
-3.5651e-03
-2.0395e-03
2.6031e-04
6.5204e-04
2.7484e-04
2.6962e-04
3.5816e-04
2.3444e-04
-8.4403e-04
-1.5055e-03
-1.8438e-04
6.4589e-04
3.9323e-04
2.4663e-04
3.2633e-04
6.9498e-04
2.3761e-03
4.2403e-03
4.5374e-03
4.0696e-03
2.9514e-03
1.2757e-03
-6.7081e-04
-1.0873e-03
-1.4142e-03
-8.4083e-04
-1.0453e-03
-2.2951e-03
-3.6240e-03
-3.9234e-03
-3.7453e-03
-3.4099e-03
-1.7305e-03
7.6257e-04
1.5788e-03
4.8775e-04
-3.7165e-04
-3.3421e-03
-8.3669e-03
-1.2636e-02
-1.5044e-02
-1.6001e-02
-1.5708e-02
-1.4037e-02
-1.2059e-02
-1.0759e-02
-8.8777e-03
-7.3928e-03
-6.2590e-03
-5.1617e-03
-3.1594e-03
3.3485e-04
4.8683e-03
8.9600e-03
1.4078e-02
1.9141e-02
2.2717e-02
2.5767e-02
2.7010e-02
2.6436e-02
2.4006e-02
1.9518e-02
1.5283e-02
1.0579e-02
3.7867e-03
-2.1811e-03
-6.7050e-03
-1.0570e-02
-1.4023e-02
-1.6099e-02
-1.5737e-02
-1.4118e-02
-1.2844e-02
-1.1046e-02
-9.8401e-03
-1.1241e-02
-1.3168e-02
-1.3054e-02
-1.3513e-02
-1.4841e-02
-1.4641e-02
-1.2139e-02
-9.9028e-03
-8.8686e-03
-7.8193e-03
-6.3614e-03
-3.9999e-03
-1.4807e-03
1.3864e-03
4.2277e-03
5.8442e-03
7.6803e-03
9.0768e-03
1.0703e-02
1.2517e-02
1.4674e-02
1.7929e-02
2.0368e-02
2.0940e-02
2.0638e-02
1.9038e-02
1.4747e-02
9.9432e-03
7.4417e-03
4.4251e-03
1.7786e-04
-1.9550e-03
-1.6046e-03
1.2653e-04
1.7816e-03
1.6374e-03
1.3660e-03
6.6978e-04
3.3217e-04
3.9148e-04
4.4116e-04
1.1337e-03
3.9866e-03
6.6531e-03
6.8286e-03
6.0300e-03
4.2936e-03
2.5261e-03
1.2658e-03
-6.5874e-04
-2.0802e-03
-3.6356e-03
-5.3831e-03
-5.8268e-03
-5.7470e-03
-7.0216e-03
-9.1719e-03
-9.8547e-03
-8.8107e-03
-6.5635e-03
-4.1989e-03
-2.9482e-03
-1.9285e-03
-8.1979e-04
-3.7626e-04
-1.1047e-03
-4.2332e-04
9.9636e-04
2.2865e-03
3.4456e-03
4.5381e-03
4.9407e-03
5.6657e-03
5.2194e-03
3.8565e-03
2.5341e-03
1.2727e-03
-7.2388e-04
-1.7470e-03
-5.4043e-04
2.2945e-03
4.9059e-03
8.0666e-03
1.0409e-02
1.0919e-02
1.0026e-02
7.1471e-03
3.4165e-03
7.7138e-04
-1.0325e-03
-2.1147e-03
-3.1883e-03
-2.7227e-03
-1.4136e-03
-9.0105e-04
1.7012e-04
8.3775e-04
-8.4551e-05
-1.7222e-03
-4.2476e-03
-7.7869e-03
-1.1525e-02
-1.3673e-02
-1.3745e-02
-1.3136e-02
-1.0865e-02
-9.1001e-03
-9.2124e-03
-9.4908e-03
-9.4083e-03
-8.9026e-03
-6.1435e-03
-3.3091e-03
-2.1313e-03
6.0790e-04
5.5315e-03
1.0638e-02
1.4906e-02
1.7788e-02
1.9957e-02
2.1277e-02
2.1125e-02
1.9783e-02
1.8534e-02
1.6675e-02
1.3236e-02
8.2727e-03
2.2221e-03
-3.7525e-03
-1.0239e-02
-1.5197e-02
-1.6707e-02
-1.7161e-02
-1.6657e-02
-1.4043e-02
-1.2007e-02
-1.1054e-02
-9.9364e-03
-8.3776e-03
-5.5338e-03
-2.3660e-03
8.3925e-04
5.3369e-03
1.0207e-02
1.3214e-02
1.3141e-02
1.0802e-02
7.2519e-03
2.7827e-03
-7.4680e-04
-2.9743e-03
-4.6624e-03
-6.5622e-03
-9.6435e-03
-1.1588e-02
-1.3686e-02
-1.6068e-02
-1.8477e-02
-1.9216e-02
-1.8584e-02
-1.5684e-02
-1.1585e-02
-9.1163e-03
-5.4893e-03
-5.7792e-04
2.3117e-03
4.6958e-03
7.7451e-03
9.5174e-03
8.0993e-03
5.2417e-03
2.6656e-03
9.1620e-04
-1.4101e-03
-4.3406e-03
-5.9964e-03
-7.6950e-03
-8.3903e-03
-6.5858e-03
-3.2624e-03
5.0309e-04
4.1119e-03
7.3861e-03
9.9043e-03
1.1700e-02
1.2057e-02
1.1731e-02
1.0461e-02
8.0947e-03
5.5553e-03
3.0937e-03
-8.9298e-04
-6.7510e-03
-1.1499e-02
-1.3645e-02
-1.6232e-02
-1.9197e-02
-1.9707e-02
-1.7053e-02
-1.2789e-02
-7.9078e-03
-4.3366e-03
-2.0900e-03
1.7566e-03
4.2952e-03
4.1812e-03
3.8429e-03
3.9549e-03
4.1245e-03
5.1461e-03
6.1374e-03
6.6101e-03
7.1285e-03
6.3577e-03
5.8927e-03
6.0790e-03
6.1729e-03
7.1576e-03
9.8399e-03
1.2420e-02
1.4804e-02
1.9008e-02
2.4810e-02
2.9214e-02
3.1642e-02
3.2530e-02
3.1047e-02
2.6845e-02
2.1792e-02
1.6997e-02
1.2275e-02
7.5182e-03
2.7798e-03
-2.0045e-03
-7.3861e-03
-1.4240e-02
-2.1641e-02
-2.6530e-02
-2.9406e-02
-2.9398e-02
-2.5180e-02
-1.9662e-02
-1.2927e-02
-6.1617e-03
-1.6338e-03
1.5239e-03
4.3095e-03
5.8757e-03
6.6003e-03
5.9307e-03
2.2990e-03
-2.2824e-03
-6.7969e-03
-1.2142e-02
-1.6085e-02
-1.9000e-02
-2.1216e-02
-2.4263e-02
-2.7001e-02
-2.7770e-02
-2.5841e-02
-2.1837e-02
-1.7897e-02
-1.3495e-02
-7.3123e-03
1.4825e-03
1.0943e-02
1.8672e-02
2.3167e-02
2.3530e-02
2.1541e-02
1.7363e-02
1.0558e-02
4.2959e-03
1.5741e-03
9.3129e-04
9.5325e-04
1.0025e-03
1.0410e-03
9.9572e-04
-1.2296e-05
-2.1388e-03
-3.8333e-03
-6.1943e-03
-7.3663e-03
-7.0181e-03
-6.6535e-03
-5.0971e-03
-1.3893e-03
1.8611e-03
3.3715e-03
4.3361e-03
5.1412e-03
3.8100e-03
1.5937e-03
4.1379e-04
-1.3566e-03
-2.8605e-03
-3.4868e-03
-6.0264e-03
-8.7201e-03
-9.7049e-03
-9.4803e-03
-7.3676e-03
-4.4032e-03
-2.6855e-04
4.6115e-03
7.8229e-03
9.1280e-03
1.0943e-02
1.2063e-02
1.1961e-02
1.1797e-02
1.1853e-02
1.2091e-02
1.3583e-02
1.5647e-02
1.6201e-02
1.5848e-02
1.4742e-02
1.2251e-02
8.8762e-03
6.9743e-03
4.5997e-03
1.8107e-03
3.5238e-04
-5.3817e-04
-1.6777e-03
-2.1806e-03
-1.3133e-03
-9.9608e-05
1.4508e-04
-3.4827e-04
-2.1830e-03
-4.7669e-03
-7.0734e-03
-8.2361e-03
-7.8559e-03
-5.4721e-03
-9.7147e-04
4.9801e-03
1.1770e-02
1.6636e-02
1.9679e-02
2.0736e-02
1.8385e-02
1.1692e-02
2.6202e-03
-8.1048e-03
-1.8514e-02
-2.6337e-02
-3.0407e-02
-3.3045e-02
-3.2521e-02
-2.7053e-02
-2.0532e-02
-1.3872e-02
-5.8915e-03
1.2525e-03
4.4389e-03
4.7241e-03
4.4879e-03
4.5299e-03
4.5849e-03
5.0666e-03
7.9034e-03
1.2294e-02
1.7939e-02
2.3122e-02
2.6788e-02
2.9924e-02
3.1443e-02
3.0622e-02
2.8273e-02
2.4546e-02
1.8515e-02
1.1102e-02
3.8403e-03
-3.2051e-03
-8.6028e-03
-1.1943e-02
-1.3532e-02
-1.3501e-02
-1.3274e-02
-1.2564e-02
-1.1439e-02
-1.2426e-02
-1.5046e-02
-1.7099e-02
-1.7435e-02
-1.6067e-02
-1.1575e-02
-5.5409e-03
-1.3363e-03
7.5670e-05
1.6499e-03
3.9284e-03
3.0813e-03
-3.6427e-05
-5.2982e-03
-1.3161e-02
-2.1056e-02
-2.5141e-02
-2.6193e-02
-2.3091e-02
-1.5918e-02
-6.7714e-03
3.7376e-03
1.3331e-02
1.9432e-02
2.2135e-02
2.3443e-02
2.2743e-02
1.9304e-02
1.5429e-02
1.1886e-02
7.2611e-03
3.8599e-04
-5.3090e-03
-9.5518e-03
-1.2371e-02
-1.2504e-02
-1.0312e-02
-6.8704e-03
-3.1174e-03
6.6221e-04
4.1778e-03
7.8250e-03
1.1340e-02
1.3945e-02
1.5282e-02
1.5964e-02
1.5019e-02
1.1632e-02
6.8832e-03
1.5405e-04
-7.3135e-03
-1.4491e-02
-2.0481e-02
-2.2845e-02
-2.0608e-02
-1.5396e-02
-9.2427e-03
-4.2203e-03
-2.7341e-03
-4.0072e-03
-4.4877e-03
-4.3900e-03
-5.1952e-03
-5.3139e-03
-5.8560e-03
-6.2877e-03
-6.2175e-03
-5.8270e-03
-4.1117e-03
-1.5070e-03
9.3932e-04
3.1504e-03
4.0429e-03
2.3858e-03
2.2423e-04
-1.6484e-04
1.5616e-04
1.6198e-04
8.2539e-05
9.1685e-05
-1.0967e-03
-3.6714e-03
-4.3168e-03
-3.8031e-03
-3.7022e-03
-3.8003e-03
-3.0685e-03
5.3599e-05
4.6549e-03
7.4508e-03
1.0113e-02
1.2487e-02
1.3519e-02
1.3120e-02
9.6585e-03
4.4962e-03
-3.8384e-04
-4.3663e-03
-7.7760e-03
-1.1102e-02
-1.3666e-02
-1.5930e-02
-1.8257e-02
-1.9859e-02
-2.0035e-02
-1.9831e-02
-2.0191e-02
-2.1436e-02
-2.2669e-02
-2.3769e-02
-2.3956e-02
-2.3756e-02
-2.2907e-02
-1.9148e-02
-1.3154e-02
-6.0640e-03
1.0736e-03
7.2637e-03
1.2587e-02
1.5211e-02
1.5060e-02
1.3293e-02
8.4185e-03
1.7119e-03
-6.8353e-03
-1.6409e-02
-2.3171e-02
-2.6441e-02
-2.7089e-02
-2.2922e-02
-1.4737e-02
-5.1041e-03
5.3750e-03
2.1177e-02
3.7984e-02
5.0510e-02
6.0209e-02
6.7940e-02
7.3401e-02
7.5729e-02
7.3738e-02
6.8225e-02
6.1898e-02
5.5633e-02
4.7204e-02
3.6951e-02
2.5354e-02
1.3748e-02
-8.0687e-04
-1.8617e-02
-3.0493e-02
-3.6922e-02
-3.9695e-02
-3.9715e-02
-3.9113e-02
-3.7054e-02
-3.4073e-02
-2.9107e-02
-2.4342e-02
-2.0757e-02
-1.6117e-02
-9.3374e-03
2.4143e-04
1.1918e-02
2.3523e-02
3.2059e-02
3.7205e-02
3.9253e-02
3.7060e-02
2.9730e-02
1.6827e-02
-9.4514e-04
-2.1655e-02
-3.6520e-02
-4.3026e-02
-4.5342e-02
-4.4366e-02
-4.0470e-02
-3.4334e-02
-2.5224e-02
-1.5712e-02
-7.4935e-03
-1.5101e-03
2.7397e-03
5.2184e-03
5.5519e-03
3.7007e-03
1.2779e-03
9.4085e-04
1.7303e-03
3.5335e-03
6.9291e-03
1.1685e-02
1.6631e-02
2.1339e-02
2.5171e-02
2.6817e-02
2.8455e-02
2.9558e-02
2.7467e-02
2.4665e-02
2.0741e-02
1.4495e-02
7.1652e-03
-1.9722e-03
-1.1326e-02
-1.8319e-02
-2.5112e-02
-3.0986e-02
-3.1524e-02
-2.7817e-02
-2.0534e-02
-9.0297e-03
3.8759e-03
1.2040e-02
1.4143e-02
1.3643e-02
1.2543e-02
9.3710e-03
3.7187e-03
-5.0639e-03
-1.2890e-02
-1.9858e-02
-2.5832e-02
-3.0464e-02
-3.4030e-02
-3.5396e-02
-3.5187e-02
-3.4626e-02
-3.2735e-02
-2.7944e-02
-2.1338e-02
-1.3824e-02
-1.7017e-03
1.2020e-02
2.4398e-02
3.2520e-02
3.6787e-02
3.8415e-02
3.8291e-02
3.6811e-02
3.3390e-02
2.9297e-02
2.3877e-02
1.8848e-02
1.3598e-02
7.5879e-03
1.4645e-03
-4.5170e-03
-1.0722e-02
-1.8692e-02
-2.7328e-02
-3.2102e-02
-3.2987e-02
-3.1102e-02
-2.5964e-02
-1.8943e-02
-9.4079e-03
8.0381e-04
9.2366e-03
1.5567e-02
1.9859e-02
2.2539e-02
2.3227e-02
2.2068e-02
2.0658e-02
1.9279e-02
1.5773e-02
1.0619e-02
7.4466e-03
6.4407e-03
5.5332e-03
3.8250e-03
1.3583e-03
-1.1190e-03
-3.4771e-03
-5.6179e-03
-6.4984e-03
-6.3527e-03
-6.8909e-03
-8.3469e-03
-9.7877e-03
-1.1726e-02
-1.3047e-02
-1.4129e-02
-1.3828e-02
-1.2388e-02
-1.0631e-02
-6.6027e-03
-2.5298e-04
5.3208e-03
9.7742e-03
1.3033e-02
1.2759e-02
9.6064e-03
5.6806e-03
1.2034e-03
-7.0771e-03
-1.6027e-02
-2.4224e-02
-3.4282e-02
-4.2266e-02
-4.6874e-02
-4.9949e-02
-5.0901e-02
-4.8792e-02
-4.4823e-02
-4.0267e-02
-3.2962e-02
-2.4861e-02
-1.6651e-02
-6.4132e-03
2.8874e-03
1.2577e-02
2.3336e-02
3.3216e-02
4.1959e-02
4.8702e-02
5.4249e-02
5.7439e-02
5.9579e-02
6.0907e-02
5.8756e-02
5.2680e-02
4.3226e-02
3.1252e-02
1.8763e-02
1.0520e-02
7.4973e-03
6.4271e-03
6.1454e-03
5.8301e-03
3.5839e-03
9.8368e-04
-2.0796e-03
-5.7629e-03
-1.0372e-02
-1.5281e-02
-2.0077e-02
-2.4284e-02
-2.5693e-02
-2.4342e-02
-2.2107e-02
-1.6258e-02
-8.7227e-03
-1.1542e-03
5.2822e-03
1.0821e-02
1.4399e-02
1.5494e-02
1.3514e-02
1.2179e-02
1.2449e-02
1.2653e-02
1.2268e-02
1.0996e-02
8.9649e-03
3.9908e-03
-3.4570e-03
-1.1346e-02
-1.9089e-02
-2.5769e-02
-2.9168e-02
-2.9939e-02
-2.7440e-02
-2.0769e-02
-1.2335e-02
-5.1104e-03
2.6454e-03
1.1221e-02
1.6860e-02
1.8621e-02
1.8776e-02
1.7335e-02
1.3088e-02
9.0193e-03
6.4398e-03
2.7382e-03
-1.7229e-03
-3.7687e-03
-3.3920e-03
-8.5574e-04
2.2703e-03
4.0207e-03
6.1038e-03
6.8296e-03
5.2825e-03
1.3908e-03
-3.5964e-03
-8.4539e-03
-1.3091e-02
-1.6873e-02
-1.9128e-02
-1.9219e-02
-1.5630e-02
-9.7539e-03
-3.2263e-03
3.8477e-03
1.0722e-02
1.5932e-02
1.7385e-02
1.5313e-02
1.0785e-02
5.7649e-03
6.7838e-04
-5.8093e-03
-1.2571e-02
-1.9264e-02
-2.6262e-02
-3.2031e-02
-3.4274e-02
-3.2637e-02
-2.6706e-02
-1.7919e-02
-6.3590e-03
9.4348e-03
2.6339e-02
3.9811e-02
4.8101e-02
5.3748e-02
5.8964e-02
6.1865e-02
6.1485e-02
5.8250e-02
5.2366e-02
4.3189e-02
2.9025e-02
1.1746e-02
-3.8757e-03
-1.5268e-02
-2.3233e-02
-2.8724e-02
-3.1386e-02
-3.1620e-02
-2.9800e-02
-2.5387e-02
-2.0196e-02
-1.5453e-02
-1.1242e-02
-1.0310e-02
-1.4494e-02
-2.1173e-02
-2.9839e-02
-4.1461e-02
-5.3361e-02
-6.0624e-02
-6.5630e-02
-6.9578e-02
-7.2551e-02
-7.2354e-02
-6.9357e-02
-6.4774e-02
-5.6443e-02
-4.2831e-02
-2.7471e-02
-1.4733e-02
-1.0139e-03
1.8026e-02
3.5517e-02
4.3821e-02
4.9701e-02
5.5611e-02
6.0348e-02
6.2787e-02
6.3046e-02
6.4013e-02
6.4875e-02
6.4075e-02
6.2598e-02
6.1151e-02
5.8325e-02
5.2829e-02
4.5924e-02
3.6781e-02
2.4064e-02
1.1709e-02
5.5342e-03
3.3807e-03
1.2933e-03
-1.3139e-03
-4.8558e-03
-9.6320e-03
-1.5769e-02
-2.4988e-02
-3.4877e-02
-4.4142e-02
-5.1426e-02
-5.6997e-02
-6.1112e-02
-6.3776e-02
-6.5159e-02
-6.6224e-02
-6.7131e-02
-6.6737e-02
-6.4637e-02
-6.1090e-02
-5.4474e-02
-4.4748e-02
-3.4492e-02
-2.3019e-02
-1.0561e-02
1.3237e-03
1.1238e-02
2.0866e-02
3.0292e-02
3.6904e-02
4.2991e-02
4.7588e-02
5.0085e-02
5.2097e-02
5.4635e-02
5.6415e-02
5.8248e-02
5.9447e-02
5.8053e-02
5.4861e-02
4.9349e-02
4.0384e-02
3.0358e-02
2.0808e-02
1.2332e-02
7.3265e-03
4.2277e-03
2.5692e-03
2.8617e-03
5.4014e-03
7.5870e-03
9.3074e-03
1.2317e-02
1.4880e-02
1.2826e-02
8.6062e-03
2.9562e-03
-6.7085e-03
-1.6360e-02
-2.3398e-02
-2.8420e-02
-3.0432e-02
-3.0667e-02
-2.8199e-02
-2.3308e-02
-1.7821e-02
-1.1122e-02
-5.9446e-03
-2.5800e-03
8.5386e-04
5.5442e-03
1.0777e-02
1.6054e-02
2.2101e-02
2.8124e-02
3.3952e-02
3.8574e-02
3.9972e-02
3.7847e-02
3.3707e-02
2.5551e-02
1.4439e-02
2.9162e-03
-9.7243e-03
-2.0712e-02
-2.9977e-02
-3.9174e-02
-4.6449e-02
-4.9361e-02
-4.8569e-02
-4.4480e-02
-3.7436e-02
-2.6001e-02
-1.2840e-02
-2.5681e-03
3.1925e-03
4.1272e-03
3.3284e-03
1.0032e-03
-2.6000e-03
-6.4001e-03
-8.6031e-03
-8.7024e-03
-8.1013e-03
-5.5060e-03
-1.2372e-03
1.8523e-03
5.8893e-03
1.0057e-02
1.3512e-02
1.5958e-02
1.8253e-02
1.9400e-02
1.7538e-02
1.4262e-02
7.9590e-03
-2.2064e-03
-1.2863e-02
-2.0163e-02
-2.4655e-02
-2.8482e-02
-2.8300e-02
-2.6262e-02
-2.4841e-02
-2.1841e-02
-1.8812e-02
-1.6764e-02
-1.5697e-02
-1.3992e-02
-1.1491e-02
-9.7981e-03
-7.4289e-03
-2.1059e-03
4.6873e-03
7.7987e-03
9.1031e-03
1.0018e-02
7.6411e-03
2.8355e-03
-4.5000e-04
-2.4977e-03
-5.4585e-03
-7.8978e-03
-7.9955e-03
-7.2212e-03
-4.8533e-03
-1.3723e-04
6.2644e-03
1.3671e-02
2.1454e-02
2.5812e-02
2.6867e-02
2.5986e-02
2.3489e-02
1.9493e-02
1.4243e-02
9.2953e-03
7.4248e-03
6.9560e-03
7.8994e-03
8.9740e-03
8.9809e-03
8.7187e-03
6.9946e-03
3.2186e-03
-2.0768e-03
-7.2175e-03
-1.0170e-02
-1.2119e-02
-1.3431e-02
-1.3541e-02
-1.3348e-02
-1.3796e-02
-1.5131e-02
-1.5641e-02
-1.5234e-02
-1.3990e-02
-1.3167e-02
-1.3780e-02
-1.5074e-02
-1.5468e-02
-1.6350e-02
-1.7323e-02
-1.7315e-02
-1.6492e-02
-1.4429e-02
-1.1837e-02
-9.5586e-03
-8.3439e-03
-6.6421e-03
-3.3376e-03
1.3178e-03
5.0284e-03
7.2611e-03
9.0285e-03
9.6040e-03
9.4139e-03
9.1918e-03
8.1636e-03
7.3384e-03
7.4458e-03
7.6733e-03
8.5279e-03
9.6179e-03
9.4641e-03
8.0169e-03
7.3541e-03
7.6043e-03
7.8608e-03
9.1200e-03
1.2110e-02
1.6602e-02
2.1427e-02
2.4265e-02
2.4307e-02
2.3305e-02
2.0421e-02
1.6679e-02
1.3011e-02
9.3448e-03
4.7272e-03
1.2945e-04
-2.7955e-03
-4.1607e-03
-4.3220e-03
-3.5769e-03
8.5845e-04
8.9730e-03
1.7112e-02
2.2478e-02
2.6823e-02
3.1186e-02
3.2962e-02
3.2594e-02
3.2301e-02
3.0667e-02
2.7165e-02
2.4113e-02
2.1129e-02
1.8718e-02
1.4987e-02
1.1704e-02
7.6977e-03
5.8759e-04
-7.5695e-03
-1.5258e-02
-2.1318e-02
-2.5515e-02
-2.6525e-02
-2.5727e-02
-2.3098e-02
-1.8327e-02
-1.2349e-02
-6.1391e-03
3.5889e-04
4.0516e-03
6.7269e-03
9.4681e-03
1.1772e-02
1.2704e-02
1.2576e-02
1.2434e-02
1.1633e-02
9.3648e-03
6.7527e-03
4.3882e-03
2.0778e-03
-4.0692e-04
-3.5928e-03
-6.3070e-03
-8.6107e-03
-9.9910e-03
-9.9191e-03
-9.7142e-03
-9.6615e-03
-8.6367e-03
-7.6192e-03
-7.6236e-03
-7.8308e-03
-8.6410e-03
-9.7691e-03
-9.6388e-03
-8.2264e-03
-7.5369e-03
-8.4380e-03
-9.9286e-03
-1.2413e-02
-1.5655e-02
-1.8246e-02
-2.1227e-02
-2.4758e-02
-2.6134e-02
-2.4740e-02
-2.3253e-02
-2.1519e-02
-1.9113e-02
-1.7643e-02
-1.7659e-02
-1.7854e-02
-1.7799e-02
-1.7730e-02
-1.7688e-02
-1.8019e-02
-2.0615e-02
-2.4024e-02
-2.7618e-02
-3.3862e-02
-4.0484e-02
-4.5134e-02
-4.8425e-02
-5.1913e-02
-5.3621e-02
-5.1586e-02
-4.7586e-02
-4.2176e-02
-3.3596e-02
-2.5417e-02
-1.8230e-02
-1.0504e-02
-2.9303e-03
3.0564e-03
7.9284e-03
1.0667e-02
1.2674e-02
1.2883e-02
1.0321e-02
7.6743e-03
5.3648e-03
4.5079e-03
3.9704e-03
4.0138e-03
5.1509e-03
7.0760e-03
1.0158e-02
1.3966e-02
1.7624e-02
2.0626e-02
2.1877e-02
2.2894e-02
2.4032e-02
2.3234e-02
1.9909e-02
1.6790e-02
1.2892e-02
8.0307e-03
3.9839e-03
1.7190e-03
1.1353e-03
2.0265e-03
2.1759e-03
3.3922e-03
5.2783e-03
8.1928e-03
1.4307e-02
2.1988e-02
2.7985e-02
3.1503e-02
3.3591e-02
3.3371e-02
2.9901e-02
2.4299e-02
1.8160e-02
1.3054e-02
8.6323e-03
6.4172e-03
5.5276e-03
5.1352e-03
5.1630e-03
5.2234e-03
5.2133e-03
5.5840e-03
6.9261e-03
8.2682e-03
1.0126e-02
1.1480e-02
1.2106e-02
1.4416e-02
1.7127e-02
2.0364e-02
2.4051e-02
2.7612e-02
3.0888e-02
3.2631e-02
3.2926e-02
3.1805e-02
2.8941e-02
2.3349e-02
1.8646e-02
1.5228e-02
1.2574e-02
1.1224e-02
1.0185e-02
9.3446e-03
9.3006e-03
9.4359e-03
9.4234e-03
9.4000e-03
9.1438e-03
7.9691e-03
6.1619e-03
3.7712e-03
3.0821e-03
3.4228e-03
3.1321e-03
1.8154e-03
1.8847e-03
3.2976e-03
3.6679e-03
3.4181e-03
3.7957e-03
5.1764e-03
6.4952e-03
8.3647e-03
9.8642e-03
1.1062e-02
1.2216e-02
1.4132e-02
1.5785e-02
1.7056e-02
1.9004e-02
1.9943e-02
1.8612e-02
1.5781e-02
1.3172e-02
9.9556e-03
5.5522e-03
-5.4699e-04
-5.4782e-03
-8.9942e-03
-1.3395e-02
-1.7863e-02
-1.9404e-02
-1.9473e-02
-1.9830e-02
-1.9047e-02
-1.7412e-02
-1.4789e-02
-1.1048e-02
-7.9493e-03
-5.0039e-03
-2.6176e-03
-2.4155e-03
-3.1843e-03
-4.3805e-03
-4.9569e-03
-6.6340e-03
-8.7537e-03
-9.5647e-03
-1.2203e-02
-1.5527e-02
-1.8704e-02
-2.2115e-02
-2.4545e-02
-2.5204e-02
-2.4949e-02
-2.4862e-02
-2.4821e-02
-2.3610e-02
-2.0868e-02
-1.7586e-02
-1.5839e-02
-1.3970e-02
-1.0524e-02
-7.1691e-03
-5.9290e-03
-5.5653e-03
-6.4122e-03
-7.8323e-03
-9.0172e-03
-1.0478e-02
-1.2884e-02
-1.4737e-02
-1.4954e-02
-1.4417e-02
-1.2059e-02
-8.6719e-03
-6.1560e-03
-3.2212e-03
1.2984e-03
5.0544e-03
6.5385e-03
8.1759e-03
8.7207e-03
8.3418e-03
5.5821e-03
2.7220e-03
-3.5981e-04
-4.5430e-03
-7.6933e-03
-1.0603e-02
-1.3214e-02
-1.5303e-02
-1.4962e-02
-1.1693e-02
-7.8055e-03
-5.0571e-03
-1.8220e-03
1.5067e-03
3.4423e-03
3.6758e-03
2.5942e-03
1.0562e-03
-1.5601e-03
-4.3779e-03
-5.0533e-03
-5.4302e-03
-6.5199e-03
-6.8043e-03
-6.6107e-03
-6.5854e-03
-5.9798e-03
-4.6202e-03
-3.3510e-03
-2.2875e-03
-1.0449e-03
1.2719e-04
1.2790e-03
1.7426e-03
2.4586e-03
2.5093e-03
2.9625e-03
2.8689e-03
1.6304e-03
9.0573e-04
-1.1495e-03
-3.6873e-03
-6.2118e-03
-7.8354e-03
-9.6662e-03
-1.0951e-02
-1.0527e-02
-8.5646e-03
-6.6642e-03
-4.7626e-03
-2.7397e-03
-2.1605e-03
-1.6235e-03
-2.1869e-03
-3.5465e-03
-5.7213e-03
-7.9969e-03
-9.5289e-03
-1.2382e-02
-1.4867e-02
-1.5049e-02
-1.4515e-02
-1.2869e-02
-8.8544e-03
-3.7210e-03
1.2114e-03
6.7804e-03
1.2643e-02
1.7544e-02
2.1244e-02
2.3566e-02
2.5581e-02
2.4919e-02
2.1846e-02
1.8036e-02
1.5576e-02
1.4601e-02
1.2837e-02
1.1462e-02
1.0856e-02
8.5450e-03
5.9531e-03
3.7345e-03
2.9546e-03
9.7995e-04
-3.8636e-04
1.4847e-03
3.6185e-03
3.7880e-03
3.4608e-03
3.4970e-03
3.5549e-03
2.8785e-03
8.1141e-04
-9.9132e-04
-3.1229e-03
-5.5552e-03
-8.7330e-03
-1.1650e-02
-1.3955e-02
-1.6044e-02
-1.7314e-02
-1.8484e-02
-1.9064e-02
-1.8889e-02
-1.7813e-02
-1.6726e-02
-1.6674e-02
-1.6853e-02
-1.6795e-02
-1.5766e-02
-1.3572e-02
-1.2164e-02
-1.0687e-02
-8.8380e-03
-7.5308e-03
-5.5160e-03
-2.9937e-03
-5.2888e-04
2.3138e-03
5.3415e-03
7.8004e-03
9.6653e-03
1.0169e-02
1.0650e-02
1.0124e-02
1.0240e-02
1.0524e-02
9.7771e-03
9.4875e-03
9.1050e-03
7.7995e-03
7.1027e-03
5.3556e-03
3.0702e-03
2.1166e-03
3.0669e-03
3.7008e-03
3.8338e-03
5.9173e-03
8.1829e-03
9.8718e-03
1.2197e-02
1.4717e-02
1.7059e-02
1.9803e-02
2.3548e-02
2.6030e-02
2.7008e-02
2.8783e-02
2.9845e-02
2.8234e-02
2.5445e-02
2.2345e-02
1.8737e-02
1.4877e-02
1.0472e-02
7.5746e-03
6.6026e-03
4.8999e-03
3.3174e-03
3.2262e-03
3.8456e-03
5.1176e-03
5.7868e-03
7.2922e-03
9.8283e-03
1.2475e-02
1.4327e-02
1.6016e-02
1.7566e-02
1.7832e-02
1.7390e-02
1.5840e-02
1.3302e-02
1.0791e-02
8.3982e-03
5.0368e-03
1.8533e-03
1.0383e-03
8.6046e-04
-3.5865e-04
-1.7823e-03
-2.9509e-03
-4.1106e-03
-4.8002e-03
-5.4697e-03
-7.4928e-03
-9.1930e-03
-1.0531e-02
-1.2371e-02
-1.3088e-02
-1.2872e-02
-1.2682e-02
-1.1695e-02
-1.0707e-02
-1.0252e-02
-9.7960e-03
-1.0598e-02
-1.1262e-02
-1.2495e-02
-1.5291e-02
-1.8570e-02
-1.9562e-02
-2.0967e-02
-2.3165e-02
-2.3447e-02
-2.3011e-02
-2.1791e-02
-1.9357e-02
-1.8718e-02
-1.9160e-02
-1.9228e-02
-1.9121e-02
-1.9130e-02
-1.9159e-02
-1.9158e-02
-1.9156e-02
-1.9162e-02
-1.9167e-02
-1.9167e-02
-1.9127e-02
-1.8866e-02
-1.7709e-02
-1.6972e-02
-1.6315e-02
-1.4172e-02
-1.1547e-02
-8.8847e-03
-5.6944e-03
-3.2631e-03
-2.6438e-04
2.5396e-03
5.0247e-03
8.5447e-03
1.1198e-02
1.0731e-02
9.2022e-03
8.8090e-03
7.5770e-03
4.5050e-03
1.3469e-03
5.9894e-04
1.7198e-04
1.6648e-04
1.6569e-03
4.4298e-03
6.9703e-03
9.1202e-03
1.0504e-02
1.1210e-02
1.1181e-02
1.0466e-02
9.2198e-03
8.9010e-03
9.3196e-03
1.0560e-02
1.1819e-02
1.3628e-02
1.5276e-02
1.6675e-02
1.7993e-02
1.6357e-02
1.4170e-02
1.2122e-02
8.8922e-03
6.2345e-03
5.4700e-03
5.1551e-03
5.5935e-03
6.7791e-03
7.0834e-03
6.8824e-03
6.8571e-03
6.9337e-03
6.9074e-03
5.9114e-03
4.5473e-03
3.2595e-03
2.1539e-03
2.7522e-04
-2.1996e-03
-3.6400e-03
-4.3479e-03
-3.8248e-03
-1.9637e-03
2.0175e-03
6.2013e-03
8.9390e-03
1.1859e-02
1.3779e-02
1.4801e-02
1.4187e-02
1.2537e-02
9.8470e-03
7.0551e-03
5.8857e-03
5.0406e-03
4.6962e-03
4.7874e-03
5.1972e-03
6.9042e-03
8.7333e-03
9.1971e-03
1.0749e-02
1.1684e-02
1.0921e-02
1.0099e-02
9.0076e-03
7.6084e-03
5.3303e-03
2.8232e-03
3.7190e-04
-2.0343e-03
-3.7175e-03
-5.7424e-03
-7.5685e-03
-7.6717e-03
-7.3836e-03
-7.4561e-03
-7.5736e-03
-7.5647e-03
-7.2179e-03
-5.9501e-03
-5.9304e-03
-7.3772e-03
-7.8024e-03
-7.8120e-03
-9.3770e-03
-1.2574e-02
-1.5624e-02
-1.7938e-02
-1.9808e-02
-2.0027e-02
-2.0212e-02
-2.1458e-02
-2.1200e-02
-1.9810e-02
-1.9578e-02
-1.9451e-02
-1.7689e-02
-1.6504e-02
-1.6607e-02
-1.6008e-02
-1.5367e-02
-1.3765e-02
-1.1843e-02
-1.0641e-02
-8.6817e-03
-6.1167e-03
-3.2797e-03
-1.5751e-04
1.5643e-03
3.2511e-03
4.4244e-03
4.4220e-03
4.2467e-03
4.2486e-03
3.4994e-03
2.1531e-03
8.4534e-04
-2.8076e-04
-9.8885e-04
-2.5049e-04
2.9933e-04
5.7902e-04
2.8120e-03
4.5431e-03
5.0414e-03
6.7851e-03
8.3374e-03
8.3636e-03
8.4381e-03
9.2496e-03
8.8087e-03
1.0215e-02
1.3927e-02
1.5166e-02
1.4604e-02
1.4175e-02
1.1922e-02
8.4938e-03
5.4871e-03
1.9896e-03
-7.9226e-04
-2.2790e-03
-4.1713e-03
-4.4683e-03
-3.0999e-03
-1.6475e-03
4.1073e-04
2.8298e-03
5.7264e-03
8.7811e-03
1.1196e-02
1.3332e-02
1.4568e-02
1.4533e-02
1.3853e-02
1.2038e-02
1.0302e-02
9.7873e-03
7.8998e-03
6.0515e-03
6.0094e-03
6.2880e-03
6.1320e-03
5.0439e-03
3.7566e-03
2.5494e-03
1.9975e-03
2.0586e-03
2.0791e-03
2.2612e-03
3.4687e-03
3.7782e-03
3.0194e-03
2.7975e-03
2.1115e-03
1.8367e-03
1.9718e-03
2.0922e-03
2.7817e-03
3.8901e-03
4.3007e-03
5.3246e-03
6.1072e-03
6.0341e-03
5.9097e-03
5.9448e-03
5.6476e-03
4.4200e-03
3.1488e-03
1.9688e-03
1.4375e-03
-5.2859e-04
-2.4888e-03
-2.5026e-03
-2.2136e-03
-2.9963e-03
-3.2676e-03
-2.4349e-03
-2.5846e-03
-3.9830e-03
-4.6281e-03
-5.3649e-03
-6.4199e-03
-7.2034e-03
-9.5218e-03
-1.0860e-02
-1.0728e-02
-1.1531e-02
-1.2904e-02
-1.4196e-02
-1.4782e-02
-1.4699e-02
-1.4624e-02
-1.4665e-02
-1.4399e-02
-1.3108e-02
-1.1786e-02
-1.0675e-02
-1.0485e-02
-1.0127e-02
-7.7528e-03
-6.3015e-03
-6.4942e-03
-5.6992e-03
-3.4256e-03
-2.2810e-03
-1.5958e-03
7.3432e-04
1.9382e-03
3.5106e-03
5.5317e-03
5.7668e-03
5.4261e-03
5.3770e-03
4.4108e-03
2.2237e-03
1.1372e-03
1.2926e-03
1.4059e-03
1.3362e-03
1.0242e-03
-1.1372e-03
-2.9982e-03
-2.9559e-03
-3.3201e-03
-3.7096e-03
-2.8925e-03
-2.5729e-03
-2.7938e-03
-2.8634e-03
-2.7339e-03
-1.7720e-03
-7.0537e-04
-9.9804e-04
-2.4016e-03
-2.9396e-03
-2.7625e-03
-2.7473e-03
-2.8077e-03
-2.3469e-03
-5.0340e-04
1.3105e-03
2.4220e-03
3.2435e-03
3.3289e-03
2.7017e-03
1.4642e-03
1.1051e-03
1.0954e-03
-8.1257e-05
-1.0190e-03
-1.6085e-03
-3.5322e-03
-5.2136e-03
-6.3562e-03
-7.0997e-03
-7.1110e-03
-6.9983e-03
-7.0128e-03
-6.9889e-03
-7.2590e-03
-8.5587e-03
-9.2661e-03
-9.1060e-03
-8.8536e-03
-7.8160e-03
-6.5316e-03
-4.7876e-03
-2.3462e-03
8.6876e-05
1.4785e-03
2.5424e-03
2.8699e-03
2.1565e-03
2.6801e-03
2.2388e-03
1.2605e-03
2.3235e-03
3.3302e-03
3.2429e-03
3.9230e-03
5.3113e-03
6.8498e-03
8.7055e-03
9.3682e-03
9.1499e-03
8.8911e-03
7.8653e-03
6.6143e-03
4.8797e-03
3.0886e-03
1.8207e-03
-2.9260e-04
-2.5895e-03
-3.3409e-03
-3.1010e-03
-3.0249e-03
-3.1014e-03
-3.1522e-03
-2.8025e-03
-1.5161e-03
-9.6607e-04
-1.9039e-03
-2.1539e-03
-1.4970e-03
-2.5227e-03
-2.8819e-03
-1.4077e-03
5.4370e-05
1.1478e-03
2.9760e-03
6.6471e-03
9.2078e-03
1.0134e-02
1.0965e-02
1.1137e-02
1.0182e-02
7.5660e-03
7.1360e-03
7.8619e-03
7.1782e-03
6.7668e-03
6.9210e-03
6.9841e-03
6.9332e-03
6.8809e-03
6.5637e-03
5.3317e-03
4.0568e-03
2.8611e-03
1.5640e-03
-4.1582e-04
-2.0861e-03
-4.4859e-03
-5.7394e-03
-5.5539e-03
-5.3889e-03
-5.4180e-03
-5.3823e-03
-4.2649e-03
-1.8072e-03
-9.2555e-04
-2.4179e-04
6.8059e-04
1.2359e-03
2.3412e-03
2.8478e-03
2.8601e-03
3.8889e-03
4.8392e-03
4.8163e-03
4.6630e-03
4.5863e-03
3.5074e-03
2.1402e-03
8.9713e-04
-8.0034e-04
-3.2578e-03
-3.8886e-03
-3.5231e-03
-3.5349e-03
-4.1276e-03
-4.6040e-03
-3.8925e-03
-4.5382e-03
-5.6917e-03
-5.7379e-03
-5.5634e-03
-6.3429e-03
-7.3739e-03
-6.5084e-03
-5.4273e-03
-5.4424e-03
-4.9072e-03
-2.5362e-03
1.0732e-03
3.2673e-03
4.7511e-03
6.4906e-03
6.9689e-03
6.5649e-03
5.3799e-03
4.4647e-03
4.0140e-03
2.9777e-03
3.5056e-03
5.8911e-03
7.0464e-03
6.7927e-03
7.2203e-03
7.7991e-03
7.0119e-03
6.3924e-03
4.9317e-03
2.8900e-03
1.6982e-03
8.0303e-04
5.7264e-04
6.8553e-04
7.0384e-04
6.7192e-04
6.7099e-04
6.7639e-04
6.7328e-04
6.7004e-04
6.4675e-04
-4.6538e-06
-1.2796e-03
-2.5943e-03
-3.7582e-03
-4.9463e-03
-5.5048e-03
-5.3345e-03
-4.3512e-03
-3.1243e-03
-1.8010e-03
-6.1359e-04
1.2393e-03
2.9102e-03
4.1665e-03
6.1079e-03
7.4934e-03
8.5972e-03
9.0128e-03
8.8977e-03
8.8440e-03
8.8777e-03
8.8589e-03
8.1559e-03
6.1333e-03
4.5206e-03
3.1078e-03
1.2129e-03
-2.4933e-05
-1.0548e-03
-1.3445e-03
-8.1155e-04
5.6302e-05
7.1585e-04
8.4309e-04
7.6553e-04
7.5798e-04
7.7412e-04
7.6906e-04
7.6328e-04
7.9499e-04
8.4824e-04
8.5508e-04
5.2983e-04
-7.3449e-04
-2.0439e-03
-3.2451e-03
-4.6039e-03
-6.6515e-03
-7.5742e-03
-6.8122e-03
-5.4354e-03
-4.9996e-03
-4.1037e-03
-3.0816e-03
-2.5792e-03
-1.4891e-03
-9.7122e-04
-1.1211e-03
-1.1964e-03
-1.1520e-03
-1.1207e-03
-4.7079e-04
-1.5877e-04
-8.2961e-04
2.8164e-05
1.5016e-03
2.7161e-03
3.0314e-03
2.8904e-03
2.8598e-03
2.4939e-03
1.2296e-03
1.3957e-03
2.7923e-03
3.3099e-03
4.2685e-03
5.5790e-03
6.2032e-03
5.2844e-03
4.7976e-03
4.7296e-03
3.5517e-03
2.2342e-03
2.7440e-04
-2.2591e-03
-4.5263e-03
-5.4373e-03
-5.2837e-03
-5.1811e-03
-5.2450e-03
-5.2628e-03
-5.2495e-03
-5.2524e-03
-5.2371e-03
-5.2233e-03
-6.0542e-03
-7.4336e-03
-8.7352e-03
-8.9246e-03
-8.2017e-03
-8.8568e-03
-9.3588e-03
-9.0064e-03
-7.7688e-03
-7.0728e-03
-7.1988e-03
-7.3264e-03
-8.2151e-03
-9.2719e-03
-9.3248e-03
-9.0577e-03
-8.2013e-03
-6.1086e-03
-4.5586e-03
-3.4813e-03
-2.9242e-03
-2.9822e-03
-3.1578e-03
-4.0827e-03
-5.0601e-03
-5.1080e-03
-4.9520e-03
-4.9792e-03
-5.0165e-03
-5.0077e-03
-4.6293e-03
-3.3038e-03
-1.9826e-03
-9.2327e-04
-7.3018e-04
-8.7613e-04
-8.6862e-04
-7.7928e-04
-7.6249e-04
-7.8209e-04
-7.8676e-04
-7.8656e-04
-7.9075e-04
-7.5421e-04
1.9109e-04
2.3922e-03
3.6103e-03
3.4502e-03
3.2794e-03
3.3481e-03
3.2629e-03
2.1779e-03
1.1771e-03
1.2366e-03
2.1053e-03
3.2954e-03
3.7438e-03
4.7066e-03
5.5832e-03
6.1172e-03
6.5209e-03
5.6951e-03
5.2699e-03
5.4147e-03
4.9866e-03
3.7485e-03
3.1790e-03
1.3956e-03
-6.4134e-04
-1.5731e-03
-3.8340e-03
-5.7546e-03
-7.6723e-03
-1.0110e-02
-1.2246e-02
-1.3372e-02
-1.5028e-02
-1.6677e-02
-1.6709e-02
-1.5054e-02
-1.2999e-02
-1.2380e-02
-1.2608e-02
-1.2413e-02
-1.0219e-02
-8.2197e-03
-8.2331e-03
-8.5549e-03
-8.4882e-03
-8.4275e-03
-8.1739e-03
-6.5482e-03
-4.4796e-03
-4.0331e-03
-4.3340e-03
-4.3598e-03
-4.2874e-03
-4.2977e-03
-4.3170e-03
-4.3149e-03
-4.0156e-03
-1.8252e-03
4.8238e-04
2.2596e-03
3.8647e-03
5.0769e-03
5.7721e-03
4.6987e-03
3.7281e-03
3.7843e-03
3.1928e-03
1.8601e-03
5.4784e-04
-1.7773e-04
3.9676e-04
2.5385e-03
4.3236e-03
5.3704e-03
6.3850e-03
7.6908e-03
8.3090e-03
8.1929e-03
7.9675e-03
6.9675e-03
6.0941e-03
6.6225e-03
8.0401e-03
8.5519e-03
9.5521e-03
1.1677e-02
1.2620e-02
1.3635e-02
1.6112e-02
1.6874e-02
1.6468e-02
1.6391e-02
1.6499e-02
1.6497e-02
1.6470e-02
1.6474e-02
1.6484e-02
1.6957e-02
1.7665e-02
1.6915e-02
1.6539e-02
1.7545e-02
1.7346e-02
1.6480e-02
1.6399e-02
1.5760e-02
1.4458e-02
1.2851e-02
1.0956e-02
9.8016e-03
9.4820e-03
9.4324e-03
8.6893e-03
8.4572e-03
8.5977e-03
8.6234e-03
8.5333e-03
7.6379e-03
6.6663e-03
6.6104e-03
6.1548e-03
4.8644e-03
4.3552e-03
3.3031e-03
1.2279e-03
-8.4545e-05
-1.7188e-03
-3.3751e-03
-4.7554e-03
-6.6714e-03
-7.5245e-03
-7.9156e-03
-9.8151e-03
-1.1422e-02
-1.1645e-02
-1.2650e-02
-1.2968e-02
-1.0874e-02
-8.9039e-03
-7.6937e-03
-5.5408e-03
-2.8944e-03
-1.0022e-03
-1.7098e-05
8.5770e-04
1.2690e-04
-1.2802e-03
-2.5767e-03
-3.1061e-03
-4.5564e-03
-5.9598e-03
-6.3378e-03
-6.8011e-03
-6.8923e-03
-6.0774e-03
-4.7350e-03
-3.4082e-03
-2.5642e-03
-2.5783e-03
-2.6555e-03
-1.7358e-03
-4.9217e-04
-3.5369e-04
-5.5800e-04
-5.6753e-04
-1.1812e-03
-1.5770e-03
-1.7678e-03
-2.4774e-03
-2.5864e-03
-2.4161e-03
-2.4053e-03
-2.3968e-03
-2.3258e-03
-2.2659e-03
-2.8535e-03
-4.9057e-03
-6.5266e-03
-6.4601e-03
-6.1247e-03
-6.1694e-03
-6.1941e-03
-5.4190e-03
-4.1192e-03
-3.0073e-03
-3.3648e-03
-3.6332e-03
-3.1237e-03
-3.8633e-03
-5.3573e-03
-6.2250e-03
-6.1269e-03
-5.3197e-03
-3.2515e-03
-1.7300e-03
-1.4491e-03
-4.0156e-04
9.1846e-04
2.0612e-03
2.3940e-03
2.3107e-03
2.6110e-03
3.8945e-03
4.5335e-03
3.6680e-03
2.5046e-03
2.3833e-03
2.5767e-03
2.5450e-03
1.8684e-03
1.5045e-03
2.3976e-03
2.7518e-03
2.6360e-03
2.6329e-03
2.6801e-03
2.6822e-03
2.6784e-03
2.6805e-03
2.2040e-03
9.7777e-04
-2.7150e-04
-1.2857e-03
-1.3751e-03
-1.1619e-03
-1.1340e-03
-1.1328e-03
-1.0691e-03
-1.0324e-03
-2.7930e-04
2.2094e-03
3.4190e-03
3.0178e-03
2.0785e-03
2.3394e-03
3.2090e-03
2.6938e-03
1.3232e-03
1.0279e-03
1.2645e-03
9.3284e-04
1.6017e-04
8.9107e-04
1.5329e-03
1.4178e-03
1.0478e-03
-6.3107e-05
-7.2526e-04
-6.0765e-04
-6.5109e-04
-1.9972e-03
-4.0956e-03
-4.7633e-03
-4.4759e-03
-5.2601e-03
-6.5112e-03
-6.6097e-03
-6.3762e-03
-6.3894e-03
-6.4922e-03
-7.2908e-03
-8.2829e-03
-8.3755e-03
-8.2031e-03
-8.2086e-03
-8.2337e-03
-8.1713e-03
-7.8272e-03
-6.6006e-03
-5.8320e-03
-5.1639e-03
-4.0261e-03
-3.7308e-03
-3.8562e-03
-3.8315e-03
-3.7807e-03
-3.6819e-03
-2.4832e-03
-3.0628e-04
5.8978e-04
4.0722e-04
4.2314e-04
5.4537e-04
5.4668e-04
5.3018e-04
5.5321e-04
-6.0386e-05
-2.1632e-03
-3.5799e-03
-3.4480e-03
-3.2225e-03
-3.2871e-03
-3.3841e-03
-4.1403e-03
-4.1295e-03
-3.1928e-03
-3.0147e-03
-3.1911e-03
-3.1829e-03
-3.0879e-03
-3.0364e-03
-2.6346e-03
-1.3472e-03
-1.4880e-03
-2.8692e-03
-3.0913e-03
-2.7708e-03
-2.7530e-03
-2.7891e-03
-2.7132e-03
-2.5254e-03
-1.2137e-03
9.3541e-04
1.6940e-03
1.4327e-03
1.3595e-03
1.4653e-03
1.5838e-03
1.6582e-03
2.2141e-03
2.6799e-03
1.9241e-03
1.5970e-03
1.7662e-03
1.8258e-03
1.8187e-03
1.8628e-03
1.9007e-03
1.9055e-03
1.9086e-03
1.9182e-03
1.9302e-03
1.9809e-03
2.0378e-03
2.0711e-03
2.6359e-03
3.9498e-03
4.5041e-03
5.1719e-03
4.9678e-03
4.2126e-03
3.6778e-03
3.3245e-03
3.1988e-03
2.4912e-03
2.2817e-03
2.4437e-03
2.5310e-03
2.4326e-03
1.4828e-03
5.1434e-04
9.3312e-04
2.3305e-03
2.0386e-03
-3.0407e-04
-1.6387e-03
-1.4011e-03
-6.6905e-04
1.2363e-03
2.9420e-03
3.0812e-03
2.8485e-03
2.9404e-03
3.0350e-03
3.0979e-03
3.9311e-03
3.9442e-03
3.1020e-03
2.9709e-03
2.5030e-03
1.3325e-03
1.0268e-03
9.4945e-04
1.7933e-04
7.8765e-04
2.2432e-03
3.4367e-03
3.8294e-03
5.2376e-03
7.2525e-03
7.8224e-03
7.6674e-03
8.6309e-03
9.7930e-03
9.4931e-03
8.0831e-03
7.5185e-03
6.8384e-03
5.5744e-03
4.2569e-03
3.6988e-03
3.8894e-03
4.8323e-03
6.0891e-03
7.0923e-03
7.0749e-03
7.0657e-03
6.3490e-03
5.0306e-03
4.0142e-03
3.6827e-03
2.6233e-03
1.2855e-03
1.7658e-04
-1.6844e-04
-1.4168e-03
-3.4626e-03
-4.1128e-03
-3.8352e-03
-3.7646e-03
-3.6243e-03
-2.1087e-03
6.0414e-06
1.8202e-03
4.1348e-03
4.7813e-03
4.7283e-03
6.2871e-03
7.8777e-03
7.8332e-03
8.3660e-03
8.7765e-03
8.6967e-03
8.6544e-03
8.7485e-03
8.7866e-03
8.7737e-03
8.7747e-03
8.7842e-03
8.7889e-03
8.7923e-03
8.6937e-03
7.6958e-03
6.4759e-03
5.2022e-03
3.4549e-03
1.0989e-03
3.7251e-04
-3.5844e-04
-1.6251e-03
-3.0020e-03
-2.7048e-03
-1.3031e-03
-1.5640e-04
-4.9189e-04
-1.8052e-03
-3.1696e-03
-4.3903e-03
-6.3418e-03
-7.5623e-03
-7.4972e-03
-7.8463e-03
-9.1890e-03
-9.6707e-03
-9.4665e-03
-9.7156e-03
-1.0962e-02
-1.1594e-02
-1.1430e-02
-1.1036e-02
-9.1303e-03
-8.0797e-03
-7.6047e-03
-7.1125e-03
-7.1684e-03
-8.3242e-03
-9.2803e-03
-9.6279e-03
-1.0634e-02
-1.1114e-02
-1.0938e-02
-1.0830e-02
-1.0838e-02
-1.0782e-02
-9.9951e-03
-7.9166e-03
-6.5146e-03
-6.2313e-03
-4.6828e-03
-2.6990e-03
-2.3218e-03
-2.5935e-03
-2.5386e-03
-2.4111e-03
-2.4069e-03
-2.3726e-03
-1.5398e-03
-4.0651e-04
4.8576e-05
1.0624e-03
1.7820e-03
2.3853e-03
2.4963e-03
1.7042e-03
1.4994e-03
1.6491e-03
1.6158e-03
8.1143e-04
-2.2327e-04
-3.3704e-04
-1.6490e-04
-1.9776e-04
-9.0723e-04
-2.0060e-03
-2.1989e-03
-1.9870e-03
-1.9115e-03
-1.9119e-03
-1.8948e-03
-1.8643e-03
-1.8004e-03
-1.7311e-03
-1.6633e-03
-1.6287e-03
-1.6166e-03
-1.6003e-03
-1.5802e-03
-1.5614e-03
-1.5790e-03
-2.2999e-03
-3.2854e-03
-3.3465e-03
-3.0425e-03
-2.9567e-03
-2.9667e-03
-2.9272e-03
-2.8761e-03
-2.8326e-03
-2.3458e-03
-1.1857e-03
-7.7333e-04
-9.2356e-04
-9.4531e-04
-8.7664e-04
-8.3148e-04
-1.9344e-04
7.7251e-04
1.1540e-04
-8.5145e-04
-8.2692e-04
-6.3289e-04
-6.4693e-04
-7.8788e-04
-1.6112e-03
-2.2398e-03
-2.1500e-03
-2.0016e-03
-1.9898e-03
-1.9650e-03
-1.9100e-03
-1.8627e-03
-1.7917e-03
-1.1844e-03
-9.6643e-04
-1.4021e-03
-6.0840e-04
1.3672e-04
6.6467e-04
2.1462e-03
3.3364e-03
4.0628e-03
4.4443e-03
4.8199e-03
5.5537e-03
5.0819e-03
3.9883e-03
3.0137e-03
2.5653e-03
2.0928e-03
1.2810e-03
1.2482e-03
2.1549e-03
2.6831e-03
2.5552e-03
2.4402e-03
2.5467e-03
3.4259e-03
4.7973e-03
5.1989e-03
4.9287e-03
4.7873e-03
4.6248e-03
3.8380e-03
3.5125e-03
3.4966e-03
2.2565e-03
1.6703e-03
1.8302e-03
1.8617e-03
1.7613e-03
1.7134e-03
1.6255e-03
9.8619e-04
3.9861e-04
3.8603e-04
1.0613e-04
-6.4928e-04
-8.4703e-04
-7.0911e-04
-6.7014e-04
-6.5865e-04
-6.3023e-04
-6.1563e-04
-6.0816e-04
-7.6532e-04
-1.4212e-03
-2.0725e-03
-2.9892e-03
-3.6450e-03
-3.5802e-03
-3.3762e-03
-3.0429e-03
-2.3363e-03
-2.0378e-03
-1.9791e-03
-1.3602e-03
-8.3043e-04
-5.4320e-04
6.8978e-07
2.1171e-04
1.4762e-04
1.3518e-04
1.5718e-04
-1.1715e-04
-2.6864e-04
1.6313e-04
2.1609e-04
-3.9390e-04
-6.9966e-04
-5.7537e-04
-4.5234e-04
-4.9766e-04
-9.6940e-04
-1.2331e-03
-1.1132e-03
-1.0333e-03
-1.3456e-03
-1.5344e-03
-9.9881e-04
-4.0377e-04
6.3409e-05
5.0552e-04
8.6342e-04
1.0280e-03
1.5751e-03
2.1662e-03
2.2108e-03
2.0189e-03
1.6365e-03
1.2452e-03
8.6030e-04
7.1537e-04
5.1701e-04
2.4827e-04
2.3750e-04
3.1411e-04
3.5157e-04
5.8829e-04
9.0279e-04
1.0816e-03
1.6201e-03
1.9352e-03
2.0186e-03
2.4003e-03
2.6503e-03
2.5406e-03
2.3962e-03
2.3167e-03
2.2339e-03
2.1389e-03
2.0486e-03
1.9604e-03
1.7766e-03
1.4836e-03
1.3527e-03
1.3233e-03
1.2684e-03
1.1999e-03
1.1466e-03
1.1968e-03
1.1659e-03
9.3627e-04
6.8064e-04
5.7041e-04
5.6182e-04
5.4256e-04
5.0517e-04
4.7674e-04
4.4999e-04
4.1362e-04
2.9844e-04
1.5327e-04
1.1901e-04
1.2454e-04
1.1072e-04
9.3601e-05
9.7152e-05
1.7581e-04
2.3084e-04
2.0217e-04
1.6557e-04
1.4510e-04
1.2980e-04
1.1220e-04
8.9522e-05
6.6824e-05
4.5843e-05
2.5883e-05
8.7238e-06
-8.1277e-06
-2.6687e-05
-4.4805e-05
-6.1734e-05
-7.7932e-05
-9.3485e-05
-1.0768e-04
-1.1979e-04
-1.3249e-04
-1.4578e-04
-1.5820e-04
-1.6027e-04
-1.3643e-04
-1.3370e-04
-1.5409e-04
-1.7147e-04
-1.8883e-04
-2.2485e-04
-2.4833e-04
-2.5248e-04
-2.5577e-04
-2.6419e-04
-2.8663e-04
-3.0022e-04
-2.9796e-04
-2.9583e-04
-2.9630e-04
-2.9598e-04
-2.9139e-04
-2.7924e-04
-2.7451e-04
-2.7690e-04
-2.7823e-04
-2.7619e-04
-2.6897e-04
-2.6906e-04
-2.7278e-04
-2.7314e-04
-2.7466e-04
-2.7345e-04
-2.7054e-04
-2.6762e-04
-2.6452e-04
-2.6159e-04
-2.6034e-04
-2.5758e-04
-2.5342e-04
-2.4979e-04
-2.4450e-04
-2.3820e-04
-2.3208e-04
-2.2607e-04
-2.2051e-04
-2.1557e-04
-2.0971e-04
-2.0280e-04
-1.9608e-04
-1.8983e-04
-1.8325e-04
-1.7649e-04
-1.6978e-04
-1.6341e-04
-1.5708e-04
-1.5086e-04
-1.4480e-04
-1.3880e-04
-1.3285e-04
-1.2696e-04
-1.2112e-04
-1.1534e-04
-1.0960e-04
-1.0392e-04
-9.8281e-05
-9.2695e-05
-8.7157e-05
-8.1669e-05
-7.6230e-05
-7.0841e-05
-6.5503e-05
-6.0218e-05
