4.3038e-05
4.4354e-05
4.5142e-05
4.5024e-05
4.4312e-05
4.4076e-05
4.4460e-05
4.3652e-05
3.8468e-05
2.6615e-05
7.2093e-06
-2.1000e-05
-6.0882e-05
-1.1306e-04
-1.7219e-04
-2.2524e-04
-2.5914e-04
-2.6357e-04
-2.2677e-04
-1.4133e-04
-1.4875e-05
1.3391e-04
2.8715e-04
4.2554e-04
5.1432e-04
5.3382e-04
4.9343e-04
4.0979e-04
2.9246e-04
1.5062e-04
1.1617e-05
-9.8630e-05
-1.6592e-04
-1.8106e-04
-1.8704e-04
-2.6942e-04
-4.5640e-04
-6.9354e-04
-8.9621e-04
-9.8250e-04
-8.7294e-04
-5.3638e-04
-3.1034e-05
4.9793e-04
9.0635e-04
1.1390e-03
1.2002e-03
1.1075e-03
9.2152e-04
7.7686e-04
7.4026e-04
7.4534e-04
7.1629e-04
6.3598e-04
4.6337e-04
1.3461e-04
-2.3458e-04
-3.8570e-04
-1.9227e-04
2.4450e-04
7.0974e-04
9.9307e-04
1.0168e-03
8.4593e-04
5.7279e-04
3.0211e-04
1.3104e-04
6.9327e-05
1.1694e-04
3.2129e-04
6.0046e-04
6.7617e-04
4.4694e-04
5.6726e-05
-4.3834e-04
-1.0257e-03
-1.6163e-03
-2.1217e-03
-2.4468e-03
-2.5542e-03
-2.5265e-03
-2.5621e-03
-2.7104e-03
-2.9283e-03
-3.3303e-03
-3.9663e-03
-4.6962e-03
-5.0894e-03
-4.7545e-03
-3.7228e-03
-2.3619e-03
-1.0717e-03
1.1679e-04
1.3622e-03
2.5308e-03
3.3576e-03
3.8249e-03
4.1432e-03
4.3995e-03
4.4188e-03
3.9265e-03
2.8882e-03
1.7739e-03
1.1022e-03
1.0780e-03
1.5904e-03
1.9798e-03
1.6826e-03
8.7796e-04
1.8239e-04
1.5664e-04
8.4441e-04
1.7586e-03
2.5099e-03
2.9828e-03
3.2365e-03
3.2928e-03
3.1805e-03
3.1593e-03
3.2616e-03
3.1456e-03
2.4312e-03
9.2962e-04
-1.1969e-03
-3.3798e-03
-4.9682e-03
-5.5479e-03
-5.0896e-03
-4.0098e-03
-2.8049e-03
-1.6736e-03
-7.2159e-04
1.5302e-04
1.1945e-03
1.8648e-03
1.1786e-03
-7.9369e-04
-3.1138e-03
-5.1416e-03
-6.5663e-03
-6.9594e-03
-6.3105e-03
-5.0514e-03
-3.7114e-03
-2.8417e-03
-2.5926e-03
-2.4980e-03
-1.9829e-03
-7.8179e-04
9.9493e-04
2.7516e-03
3.7234e-03
3.8270e-03
3.3169e-03
2.1722e-03
3.8443e-04
-1.5420e-03
-2.8825e-03
-3.6047e-03
-3.8960e-03
-3.6412e-03
-3.0225e-03
-2.4275e-03
-1.7107e-03
-4.9837e-04
1.1189e-03
2.6284e-03
3.5795e-03
3.6241e-03
2.6927e-03
1.0084e-03
-9.0832e-04
-2.2473e-03
-2.4957e-03
-1.7483e-03
-2.8254e-04
1.5366e-03
2.8671e-03
2.7249e-03
1.1642e-03
-8.5603e-04
-2.3225e-03
-2.7609e-03
-2.2273e-03
-7.9644e-04
1.4366e-03
3.8551e-03
5.4762e-03
5.8781e-03
5.0939e-03
3.4526e-03
1.4187e-03
-7.1131e-04
-2.4622e-03
-3.3128e-03
-3.3369e-03
-3.1984e-03
-3.1208e-03
-2.8176e-03
-2.4757e-03
-2.3982e-03
-2.4703e-03
-2.4781e-03
-2.3436e-03
-2.0497e-03
-1.5984e-03
-1.0882e-03
-6.1423e-04
9.8249e-06
7.6485e-04
1.4842e-03
2.1063e-03
2.3698e-03
1.8876e-03
9.1644e-04
2.9482e-04
4.3440e-04
1.2701e-03
2.7303e-03
4.5836e-03
6.1792e-03
6.9876e-03
7.0650e-03
6.5831e-03
5.4534e-03
3.6554e-03
1.6991e-03
4.7296e-04
1.9751e-04
5.3967e-04
1.4349e-03
2.9859e-03
4.8906e-03
6.3243e-03
6.6450e-03
5.9098e-03
4.4761e-03
2.7466e-03
1.3430e-03
7.0934e-04
6.2855e-04
6.5909e-04
6.2999e-04
5.4704e-04
4.0381e-04
1.9111e-04
-3.4663e-05
-1.3498e-04
-9.4410e-05
-3.5838e-04
-1.1654e-03
-2.0437e-03
-2.3100e-03
-1.8050e-03
-8.3627e-04
1.7269e-04
7.4604e-04
6.7895e-04
7.5827e-06
-1.2319e-03
-2.8293e-03
-4.2350e-03
-4.9215e-03
-4.5274e-03
-3.1009e-03
-1.2392e-03
1.3876e-04
3.8512e-04
-4.7747e-04
-2.0932e-03
-3.9533e-03
-5.2760e-03
-5.7279e-03
-5.6222e-03
-5.1332e-03
-4.1422e-03
-2.6914e-03
-1.1968e-03
-7.2689e-05
4.0252e-04
1.1804e-04
-8.1794e-04
-2.1889e-03
-3.6356e-03
-4.8482e-03
-5.5946e-03
-5.7440e-03
-5.2672e-03
-4.0474e-03
-2.0318e-03
4.5226e-04
2.9364e-03
5.1161e-03
6.5258e-03
6.9172e-03
6.5187e-03
5.4594e-03
3.7456e-03
1.7953e-03
5.5116e-04
4.5620e-04
1.1478e-03
2.2371e-03
3.3994e-03
4.0430e-03
3.7004e-03
2.3265e-03
1.1102e-04
-2.3437e-03
-3.8297e-03
-3.5509e-03
-2.0194e-03
-3.9539e-04
6.5757e-04
1.3053e-03
1.8619e-03
2.3082e-03
2.7509e-03
3.2475e-03
3.7053e-03
4.2168e-03
4.8216e-03
5.2274e-03
4.9191e-03
3.7968e-03
2.5555e-03
1.8415e-03
1.3957e-03
8.0782e-04
1.4020e-04
-6.6370e-04
-1.7090e-03
-2.7278e-03
-3.4856e-03
-4.3891e-03
-5.4304e-03
-5.7987e-03
-5.1951e-03
-3.8091e-03
-1.9000e-03
-4.7772e-05
9.5112e-04
8.1924e-04
1.9931e-04
-7.8184e-05
2.2998e-04
1.1272e-03
2.6527e-03
4.5394e-03
5.9794e-03
6.4796e-03
6.4631e-03
6.4169e-03
6.4292e-03
6.4700e-03
6.5660e-03
6.7229e-03
6.8469e-03
6.7557e-03
6.2326e-03
5.1208e-03
3.4986e-03
1.8422e-03
6.6414e-04
-1.2045e-04
-9.2615e-04
-1.7393e-03
-2.0364e-03
-1.5077e-03
-5.1974e-04
2.3955e-04
2.8631e-04
-3.9374e-04
-1.6341e-03
-3.2061e-03
-4.8352e-03
-6.3197e-03
-7.4162e-03
-7.8882e-03
-7.6210e-03
-6.8945e-03
-6.2182e-03
-5.8216e-03
-5.4013e-03
-4.6132e-03
-3.5055e-03
-2.5082e-03
-2.0568e-03
-2.1887e-03
-2.5126e-03
-2.4391e-03
-1.8265e-03
-9.5367e-04
-2.1203e-04
1.6901e-04
3.6948e-04
6.2358e-04
9.2327e-04
1.0810e-03
8.7207e-04
4.0218e-04
1.6087e-04
3.0654e-04
6.5181e-04
1.0116e-03
1.1794e-03
8.0473e-04
-4.8451e-04
-2.4759e-03
-4.1030e-03
-4.4355e-03
-3.4937e-03
-2.0679e-03
-8.9874e-04
-3.1278e-04
-5.3152e-04
-1.4628e-03
-2.6179e-03
-3.4896e-03
-3.9383e-03
-3.8708e-03
-3.1559e-03
-2.0327e-03
-7.0973e-04
6.3571e-04
1.5883e-03
1.8165e-03
1.2804e-03
4.7952e-04
7.4537e-05
1.6168e-04
5.1506e-04
1.0186e-03
1.5556e-03
1.7902e-03
1.4370e-03
8.4937e-04
5.9207e-04
5.5517e-04
2.1793e-04
-7.4499e-04
-2.3130e-03
-4.0655e-03
-5.2478e-03
-5.2817e-03
-4.1334e-03
-2.2078e-03
-1.5456e-04
1.4496e-03
2.3865e-03
2.4991e-03
1.7261e-03
3.8663e-04
-9.8679e-04
-2.0838e-03
-2.8116e-03
-3.2382e-03
-3.5421e-03
-3.6981e-03
-3.5242e-03
-3.2176e-03
-3.0237e-03
-2.6967e-03
-1.8629e-03
-4.4622e-04
1.3260e-03
3.2763e-03
5.2115e-03
6.8455e-03
8.1360e-03
8.9713e-03
8.7123e-03
6.8264e-03
3.5595e-03
-7.6920e-05
-2.7774e-03
-3.8065e-03
-3.2175e-03
-1.6780e-03
-3.5265e-04
1.0579e-04
7.4913e-05
1.1298e-05
-2.1635e-05
-6.2442e-05
-7.3344e-05
-1.1356e-05
1.0726e-04
2.1723e-04
2.2226e-04
2.6558e-06
-5.5017e-04
-1.4539e-03
-2.5078e-03
-3.2285e-03
-3.3258e-03
-3.3819e-03
-4.1967e-03
-5.7095e-03
-7.1798e-03
-7.9312e-03
-7.5737e-03
-6.0493e-03
-3.8936e-03
-1.8496e-03
-5.6524e-04
-2.7312e-04
-4.9371e-04
-6.6662e-04
-4.6971e-04
3.5943e-04
2.0093e-03
4.2728e-03
6.2792e-03
7.0735e-03
6.4671e-03
4.8586e-03
2.9061e-03
1.2017e-03
3.0039e-04
4.0525e-04
1.1763e-03
2.1098e-03
2.6753e-03
2.4901e-03
1.6873e-03
7.5721e-04
3.3729e-04
9.2627e-04
2.4404e-03
4.3135e-03
5.9272e-03
7.0948e-03
7.8950e-03
8.0065e-03
6.9299e-03
4.8461e-03
2.4467e-03
2.8182e-04
-1.2699e-03
-2.2729e-03
-3.0155e-03
-3.8334e-03
-4.8741e-03
-5.8085e-03
-6.0755e-03
-5.4784e-03
-4.1241e-03
-2.2506e-03
-3.5344e-04
1.1551e-03
2.2325e-03
2.8300e-03
2.9084e-03
2.5012e-03
1.5471e-03
2.1472e-05
-1.9063e-03
-4.0780e-03
-6.1942e-03
-7.8403e-03
-8.7469e-03
-8.5855e-03
-7.1869e-03
-4.8360e-03
-2.2569e-03
-2.8308e-04
5.6596e-04
3.2886e-04
-3.4612e-04
-8.9993e-04
-1.2477e-03
-1.2462e-03
-5.6245e-04
6.8230e-04
2.0417e-03
3.2583e-03
4.3352e-03
5.2170e-03
5.4594e-03
4.7386e-03
3.2537e-03
1.4950e-03
-1.2884e-04
-1.2768e-03
-1.6140e-03
-1.2986e-03
-6.7813e-04
3.6262e-05
5.6206e-04
7.4976e-04
5.1283e-04
5.4519e-05
-2.2254e-04
-3.0527e-04
-3.5986e-04
-3.8458e-04
-2.6080e-04
1.0590e-04
7.1507e-04
1.3937e-03
1.7272e-03
1.3941e-03
5.9145e-04
-5.3540e-04
-2.4037e-03
-5.2957e-03
-8.8644e-03
-1.2220e-02
-1.4180e-02
-1.4282e-02
-1.3172e-02
-1.1760e-02
-1.0631e-02
-9.9805e-03
-9.7969e-03
-9.6528e-03
-8.8555e-03
-6.9015e-03
-3.7606e-03
6.1654e-05
3.8285e-03
6.9392e-03
9.2703e-03
1.0974e-02
1.2061e-02
1.2191e-02
1.1295e-02
1.0115e-02
9.4556e-03
9.6337e-03
1.0395e-02
1.1077e-02
1.0842e-02
8.9617e-03
5.6068e-03
2.0984e-03
2.7396e-06
3.9892e-05
2.1205e-03
5.8655e-03
1.0440e-02
1.4434e-02
1.6676e-02
1.7046e-02
1.6272e-02
1.5203e-02
1.4505e-02
1.4491e-02
1.5168e-02
1.6514e-02
1.8354e-02
2.0034e-02
2.0728e-02
2.0175e-02
1.8661e-02
1.6597e-02
1.4552e-02
1.2774e-02
1.0854e-02
8.2339e-03
4.3522e-03
-1.0137e-03
-7.3644e-03
-1.3753e-02
-1.9058e-02
-2.2584e-02
-2.4264e-02
-2.4470e-02
-2.3649e-02
-2.2387e-02
-2.1705e-02
-2.2280e-02
-2.3790e-02
-2.5283e-02
-2.5699e-02
-2.4220e-02
-2.0461e-02
-1.4886e-02
-8.3907e-03
-1.5501e-03
5.2598e-03
1.1646e-02
1.7490e-02
2.2704e-02
2.6749e-02
2.8980e-02
2.9316e-02
2.8203e-02
2.6083e-02
2.3294e-02
2.0174e-02
1.7281e-02
1.4850e-02
1.2423e-02
9.2011e-03
4.3865e-03
-2.6117e-03
-1.1770e-02
-2.2193e-02
-3.2492e-02
-4.1413e-02
-4.7774e-02
-5.0226e-02
-4.7891e-02
-4.0836e-02
-3.0155e-02
-1.7667e-02
-5.3759e-03
5.2605e-03
1.3469e-02
1.8518e-02
2.0331e-02
1.9425e-02
1.6380e-02
1.2223e-02
8.1758e-03
5.2220e-03
4.2248e-03
6.1830e-03
1.1566e-02
1.9605e-02
2.8628e-02
3.6337e-02
4.0116e-02
3.7963e-02
2.9137e-02
1.4987e-02
-1.2636e-03
-1.6341e-02
-2.7856e-02
-3.3800e-02
-3.2860e-02
-2.5519e-02
-1.4284e-02
-2.4548e-03
7.6037e-03
1.5057e-02
1.9867e-02
2.2027e-02
2.1598e-02
1.9143e-02
1.5371e-02
1.0634e-02
5.0691e-03
-1.1606e-03
-7.4468e-03
-1.2885e-02
-1.7221e-02
-2.1097e-02
-2.5544e-02
-3.1217e-02
-3.7811e-02
-4.4330e-02
-4.9521e-02
-5.1914e-02
-5.0226e-02
-4.4188e-02
-3.4446e-02
-2.2167e-02
-8.7574e-03
4.0483e-03
1.4313e-02
2.0765e-02
2.3000e-02
2.1496e-02
1.7756e-02
1.3673e-02
1.0800e-02
9.6526e-03
9.3995e-03
8.9483e-03
7.8854e-03
6.4289e-03
5.2111e-03
4.9528e-03
6.0660e-03
8.3407e-03
1.0751e-02
1.2068e-02
1.1046e-02
6.3999e-03
-2.3010e-03
-1.4252e-02
-2.7989e-02
-4.1937e-02
-5.4313e-02
-6.2730e-02
-6.5464e-02
-6.2391e-02
-5.4468e-02
-4.2622e-02
-2.7702e-02
-1.0414e-02
8.7875e-03
2.9031e-02
4.8548e-02
6.5052e-02
7.6894e-02
8.3451e-02
8.4965e-02
8.1859e-02
7.4581e-02
6.3975e-02
5.0834e-02
3.5858e-02
2.0160e-02
5.0830e-03
-8.2400e-03
-1.8496e-02
-2.4719e-02
-2.6809e-02
-2.5477e-02
-2.2284e-02
-1.9307e-02
-1.8189e-02
-1.9638e-02
-2.3548e-02
-2.9013e-02
-3.4458e-02
-3.8033e-02
-3.8157e-02
-3.4307e-02
-2.7625e-02
-2.0145e-02
-1.3253e-02
-7.6230e-03
-4.0760e-03
-3.0843e-03
-4.0035e-03
-5.3826e-03
-5.7296e-03
-4.3682e-03
-1.5876e-03
1.7299e-03
4.3669e-03
5.5034e-03
5.4442e-03
5.1889e-03
5.6365e-03
7.4277e-03
1.0871e-02
1.5471e-02
1.9874e-02
2.2497e-02
2.1903e-02
1.7495e-02
9.8826e-03
3.7400e-04
-9.1844e-03
-1.6270e-02
-1.8513e-02
-1.4602e-02
-4.8810e-03
8.7261e-03
2.3657e-02
3.7421e-02
4.7984e-02
5.3493e-02
5.2700e-02
4.5753e-02
3.4050e-02
1.9494e-02
4.0717e-03
-1.0573e-02
-2.2702e-02
-3.0494e-02
-3.2790e-02
-2.9706e-02
-2.2726e-02
-1.4325e-02
-7.1411e-03
-3.1226e-03
-3.2925e-03
-7.6686e-03
-1.4868e-02
-2.2370e-02
-2.7463e-02
-2.7953e-02
-2.3158e-02
-1.4177e-02
-3.1362e-03
7.7115e-03
1.6443e-02
2.1664e-02
2.2615e-02
1.9068e-02
1.1800e-02
2.6215e-03
-6.2118e-03
-1.2996e-02
-1.7105e-02
-1.8525e-02
-1.7596e-02
-1.5155e-02
-1.2036e-02
-8.6346e-03
-5.1732e-03
-1.8389e-03
1.2927e-03
3.7772e-03
4.9168e-03
4.0510e-03
1.0598e-03
-3.6482e-03
-8.9716e-03
-1.3761e-02
-1.6990e-02
-1.7750e-02
-1.5764e-02
-1.1311e-02
-5.3868e-03
8.1275e-04
6.5547e-03
1.1599e-02
1.6237e-02
2.0780e-02
2.5204e-02
2.9021e-02
3.1647e-02
3.3083e-02
3.3425e-02
3.2512e-02
3.0264e-02
2.6815e-02
2.2260e-02
1.6531e-02
9.4246e-03
9.1978e-04
-8.2325e-03
-1.6202e-02
-2.0933e-02
-2.1476e-02
-1.8245e-02
-1.2844e-02
-7.2054e-03
-2.1326e-03
2.4042e-03
6.1904e-03
9.0656e-03
1.1127e-02
1.2299e-02
1.2469e-02
1.1728e-02
1.0165e-02
7.9211e-03
5.2724e-03
2.2923e-03
-1.2333e-03
-5.5052e-03
-1.0309e-02
-1.4737e-02
-1.7711e-02
-1.9107e-02
-1.9542e-02
-1.9659e-02
-1.9799e-02
-2.0049e-02
-2.0365e-02
-2.0561e-02
-2.0271e-02
-1.9009e-02
-1.6398e-02
-1.2564e-02
-8.2721e-03
-4.0193e-03
5.5343e-04
5.7976e-03
1.1316e-02
1.6265e-02
1.9667e-02
2.1121e-02
2.0909e-02
1.9578e-02
1.7827e-02
1.6499e-02
1.5894e-02
1.5695e-02
1.5822e-02
1.6580e-02
1.8168e-02
2.0240e-02
2.1635e-02
2.0518e-02
1.5719e-02
7.5924e-03
-2.6556e-03
-1.3291e-02
-2.2210e-02
-2.7770e-02
-2.9183e-02
-2.6350e-02
-1.9949e-02
-1.1495e-02
-2.9060e-03
4.3831e-03
9.7819e-03
1.3075e-02
1.4188e-02
1.3297e-02
1.1242e-02
8.9081e-03
6.4919e-03
4.0038e-03
1.7222e-03
-1.5315e-04
-1.3069e-03
-1.4339e-03
-5.5813e-04
1.1098e-03
3.1160e-03
4.6358e-03
4.9623e-03
3.8419e-03
1.1607e-03
-2.9366e-03
-7.5541e-03
-1.1369e-02
-1.3519e-02
-1.3823e-02
-1.2386e-02
-9.2740e-03
-4.9102e-03
-5.5452e-04
2.5009e-03
3.8456e-03
3.6568e-03
2.3399e-03
5.2567e-04
-9.2374e-04
-1.2334e-03
1.5391e-04
3.4921e-03
8.1473e-03
1.2302e-02
1.4237e-02
1.3314e-02
1.0077e-02
5.9160e-03
1.8705e-03
-1.7457e-03
-4.9745e-03
-7.9218e-03
-1.0520e-02
-1.2536e-02
-1.3734e-02
-1.3986e-02
-1.3103e-02
-1.0694e-02
-6.6092e-03
-1.6064e-03
3.0210e-03
6.5776e-03
9.3090e-03
1.1852e-02
1.4624e-02
1.7474e-02
2.0024e-02
2.1973e-02
2.2775e-02
2.2013e-02
1.9691e-02
1.6144e-02
1.2318e-02
9.2273e-03
6.7381e-03
4.0154e-03
4.0212e-04
-4.1652e-03
-9.0892e-03
-1.3604e-02
-1.6891e-02
-1.8125e-02
-1.6849e-02
-1.3482e-02
-8.9603e-03
-4.2461e-03
-3.3349e-04
2.1011e-03
2.8094e-03
1.5934e-03
-1.0135e-03
-3.7436e-03
-5.5485e-03
-5.9864e-03
-5.2581e-03
-4.2436e-03
-4.1925e-03
-5.8989e-03
-8.7862e-03
-1.1712e-02
-1.3982e-02
-1.5292e-02
-1.5450e-02
-1.4448e-02
-1.3311e-02
-1.3472e-02
-1.5403e-02
-1.8656e-02
-2.2287e-02
-2.5052e-02
-2.5739e-02
-2.3828e-02
-1.9377e-02
-1.2860e-02
-5.4328e-03
1.3305e-03
6.3116e-03
9.5040e-03
1.1745e-02
1.3818e-02
1.5704e-02
1.6895e-02
1.7174e-02
1.6488e-02
1.4578e-02
1.1368e-02
7.5825e-03
4.5191e-03
3.0653e-03
3.4121e-03
5.2118e-03
7.5356e-03
9.2069e-03
9.0434e-03
6.3497e-03
1.2805e-03
-5.3400e-03
-1.1656e-02
-1.5466e-02
-1.5799e-02
-1.3013e-02
-7.8832e-03
-1.7301e-03
3.4811e-03
6.2463e-03
6.0199e-03
3.1328e-03
-1.3350e-03
-5.7932e-03
-8.7238e-03
-9.4476e-03
-8.2729e-03
-5.9724e-03
-3.4090e-03
-1.2162e-03
5.3494e-04
2.1869e-03
4.4870e-03
7.7240e-03
1.1094e-02
1.3255e-02
1.3183e-02
1.0729e-02
6.2832e-03
6.0556e-04
-5.2141e-03
-1.0159e-02
-1.3564e-02
-1.5265e-02
-1.5745e-02
-1.5796e-02
-1.5911e-02
-1.6192e-02
-1.6579e-02
-1.6896e-02
-1.6781e-02
-1.5715e-02
-1.3246e-02
-9.3975e-03
-4.8305e-03
-1.8087e-04
4.1589e-03
7.8745e-03
1.0661e-02
1.2540e-02
1.3974e-02
1.5538e-02
1.7345e-02
1.8834e-02
1.9513e-02
1.9555e-02
1.9329e-02
1.8925e-02
1.8227e-02
1.6843e-02
1.4665e-02
1.2189e-02
1.0279e-02
9.9159e-03
1.1595e-02
1.4829e-02
1.8619e-02
2.2064e-02
2.4171e-02
2.3853e-02
2.0840e-02
1.5964e-02
1.0327e-02
4.7528e-03
-1.7287e-04
-4.0580e-03
-6.8853e-03
-8.9076e-03
-1.0319e-02
-1.1352e-02
-1.2269e-02
-1.3279e-02
-1.4224e-02
-1.4448e-02
-1.3455e-02
-1.1438e-02
-9.0715e-03
-6.7912e-03
-4.9883e-03
-4.1843e-03
-4.4650e-03
-5.8086e-03
-8.3608e-03
-1.1922e-02
-1.5685e-02
-1.8942e-02
-2.1628e-02
-2.3880e-02
-2.5753e-02
-2.7415e-02
-2.9041e-02
-3.0477e-02
-3.1360e-02
-3.1280e-02
-3.0120e-02
-2.8096e-02
-2.5485e-02
-2.2541e-02
-1.9864e-02
-1.8004e-02
-1.6469e-02
-1.4055e-02
-1.0138e-02
-5.1747e-03
6.2571e-05
5.2996e-03
1.0552e-02
1.5410e-02
1.9308e-02
2.2201e-02
2.4371e-02
2.5766e-02
2.6444e-02
2.6460e-02
2.5636e-02
2.4001e-02
2.1559e-02
1.8239e-02
1.4025e-02
8.9692e-03
3.3606e-03
-2.2797e-03
-7.1411e-03
-1.0610e-02
-1.2308e-02
-1.2119e-02
-1.0303e-02
-6.9563e-03
-2.0459e-03
3.8009e-03
9.5527e-03
1.4487e-02
1.8265e-02
2.0927e-02
2.2880e-02
2.4359e-02
2.5701e-02
2.7432e-02
2.9429e-02
3.0638e-02
2.9883e-02
2.6845e-02
2.2093e-02
1.6564e-02
1.1456e-02
7.9235e-03
6.0977e-03
5.0899e-03
3.8055e-03
1.5139e-03
-1.7678e-03
-5.2255e-03
-8.1349e-03
-1.0395e-02
-1.2047e-02
-1.3152e-02
-1.4206e-02
-1.5943e-02
-1.8531e-02
-2.1253e-02
-2.3344e-02
-2.4459e-02
-2.4233e-02
-2.2646e-02
-2.0204e-02
-1.7438e-02
-1.4688e-02
-1.2135e-02
-9.9069e-03
-8.4343e-03
-8.1050e-03
-8.7036e-03
-9.8972e-03
-1.1398e-02
-1.2526e-02
-1.2332e-02
-1.0523e-02
-7.8221e-03
-4.9568e-03
-1.9900e-03
8.3536e-04
2.8811e-03
3.9973e-03
4.8777e-03
6.0293e-03
7.1533e-03
7.7637e-03
8.1067e-03
8.7754e-03
9.5652e-03
9.9098e-03
9.8180e-03
9.5978e-03
9.4211e-03
9.4233e-03
9.8421e-03
1.0914e-02
1.2625e-02
1.4456e-02
1.5465e-02
1.5000e-02
1.3128e-02
1.0339e-02
7.3167e-03
4.7034e-03
2.6961e-03
8.6073e-04
-9.3637e-04
-2.2936e-03
-3.3589e-03
-4.4929e-03
-5.3204e-03
-4.9928e-03
-3.3592e-03
-1.0015e-03
2.0698e-03
5.9109e-03
9.7494e-03
1.3010e-02
1.5791e-02
1.7920e-02
1.8957e-02
1.8342e-02
1.5875e-02
1.2147e-02
7.6654e-03
2.8534e-03
-1.7795e-03
-5.9714e-03
-9.4902e-03
-1.2110e-02
-1.3654e-02
-1.4004e-02
-1.3308e-02
-1.1902e-02
-1.0258e-02
-9.0979e-03
-8.9227e-03
-9.4942e-03
-1.0185e-02
-1.0358e-02
-9.4843e-03
-7.5770e-03
-5.0788e-03
-2.5749e-03
-9.0844e-04
-6.0426e-04
-1.5471e-03
-2.7329e-03
-3.1949e-03
-2.8092e-03
-1.6060e-03
5.0585e-04
3.1817e-03
5.3787e-03
6.2547e-03
5.6753e-03
4.3644e-03
3.3952e-03
3.1119e-03
3.3480e-03
4.1410e-03
5.6311e-03
7.5587e-03
9.0734e-03
9.2873e-03
7.9594e-03
5.3942e-03
2.1464e-03
-1.1296e-03
-3.9233e-03
-6.2426e-03
-8.1665e-03
-9.3935e-03
-9.7408e-03
-9.4470e-03
-9.0070e-03
-8.6295e-03
-7.9478e-03
-6.6037e-03
-4.7679e-03
-3.1473e-03
-2.1484e-03
-1.4642e-03
-1.0066e-03
-1.3095e-03
-2.8274e-03
-5.1578e-03
-7.2766e-03
-8.0660e-03
-6.8474e-03
-3.8779e-03
1.1160e-05
4.0863e-03
7.5815e-03
9.4352e-03
9.2928e-03
7.6560e-03
5.0683e-03
2.2331e-03
2.6988e-04
2.4440e-04
2.2620e-03
4.9560e-03
6.7068e-03
6.7829e-03
5.2686e-03
3.2564e-03
1.8753e-03
1.1966e-03
7.5044e-04
-1.0795e-05
-1.4512e-03
-3.4563e-03
-5.2715e-03
-6.0768e-03
-5.7598e-03
-4.3984e-03
-1.9350e-03
1.2604e-03
4.1302e-03
5.4949e-03
4.9215e-03
3.1071e-03
1.2291e-03
2.9850e-04
7.1094e-04
2.2465e-03
4.3959e-03
6.2315e-03
6.6091e-03
5.1703e-03
2.2543e-03
-1.4411e-03
-4.8709e-03
-7.2765e-03
-8.2610e-03
-7.6128e-03
-5.7239e-03
-3.5281e-03
-1.3996e-03
6.8932e-04
2.7360e-03
4.6722e-03
6.1038e-03
6.6712e-03
6.4533e-03
5.5802e-03
4.0426e-03
2.0970e-03
3.8770e-04
-6.7444e-04
-1.1193e-03
-8.9613e-04
4.9298e-05
1.4452e-03
3.1128e-03
4.9055e-03
6.4176e-03
7.7807e-03
9.4900e-03
1.1328e-02
1.2425e-02
1.2549e-02
1.2093e-02
1.1235e-02
9.9729e-03
8.6272e-03
7.6952e-03
6.8153e-03
5.0255e-03
1.9797e-03
-1.5061e-03
-3.7269e-03
-3.4848e-03
-1.1468e-03
2.1570e-03
5.6742e-03
8.9611e-03
1.1372e-02
1.2278e-02
1.1827e-02
1.0628e-02
9.1531e-03
7.8896e-03
7.1713e-03
6.6728e-03
5.7481e-03
4.1397e-03
2.2197e-03
7.6214e-04
-2.6495e-05
-6.1294e-04
-1.2925e-03
-2.2512e-03
-3.4546e-03
-4.5724e-03
-5.3098e-03
-5.6517e-03
-5.7637e-03
-5.6448e-03
-5.1362e-03
-4.1769e-03
-3.0093e-03
-2.3154e-03
-2.9986e-03
-5.1037e-03
-7.9031e-03
-1.0969e-02
-1.3914e-02
-1.6191e-02
-1.7237e-02
-1.6902e-02
-1.5616e-02
-1.3922e-02
-1.2449e-02
-1.1729e-02
-1.1709e-02
-1.1876e-02
-1.1798e-02
-1.1223e-02
-9.9989e-03
-8.2160e-03
-6.4525e-03
-5.4581e-03
-5.4657e-03
-6.2618e-03
-7.6611e-03
-9.3910e-03
-1.0956e-02
-1.1904e-02
-1.2006e-02
-1.1059e-02
-8.7494e-03
-5.0564e-03
-8.3792e-04
2.6536e-03
4.8737e-03
5.6420e-03
4.8405e-03
3.0396e-03
1.3125e-03
5.5202e-04
9.3716e-04
2.1609e-03
3.8673e-03
5.5094e-03
6.4715e-03
6.7162e-03
6.7051e-03
6.7395e-03
6.8285e-03
6.9033e-03
6.8833e-03
6.6406e-03
6.0341e-03
5.0412e-03
3.8766e-03
2.7351e-03
1.5025e-03
2.1926e-04
-8.1468e-04
-1.4769e-03
-1.9359e-03
-2.6686e-03
-4.0694e-03
-6.0221e-03
-7.7899e-03
-8.6364e-03
-8.5507e-03
-7.6377e-03
-5.7000e-03
-2.7394e-03
7.7036e-04
4.2329e-03
7.0357e-03
8.4525e-03
8.1714e-03
6.8250e-03
5.3942e-03
4.4738e-03
3.8449e-03
2.7281e-03
6.0469e-04
-2.3310e-03
-5.3591e-03
-7.7828e-03
-9.4386e-03
-1.0673e-02
-1.1408e-02
-1.1125e-02
-1.0017e-02
-9.0166e-03
-8.3954e-03
-7.4885e-03
-5.7580e-03
-3.3913e-03
-9.5592e-04
1.2016e-03
2.7897e-03
3.4981e-03
3.5792e-03
3.4691e-03
3.3176e-03
3.1726e-03
3.2017e-03
3.6670e-03
4.7707e-03
6.4702e-03
8.2534e-03
9.2329e-03
8.8803e-03
7.4485e-03
5.5868e-03
3.9421e-03
2.7391e-03
1.8181e-03
1.3219e-03
1.7350e-03
3.0958e-03
4.9939e-03
7.0790e-03
8.9255e-03
9.9407e-03
1.0106e-02
9.6842e-03
8.5977e-03
6.7036e-03
4.3356e-03
2.0858e-03
1.0986e-05
-1.6984e-03
-2.3039e-03
-1.6206e-03
-7.8397e-05
1.7460e-03
2.8931e-03
2.2262e-03
-4.1779e-04
-4.1615e-03
-7.8943e-03
-1.1014e-02
-1.3183e-02
-1.4186e-02
-1.4453e-02
-1.4554e-02
-1.4573e-02
-1.4279e-02
-1.3467e-02
-1.2105e-02
-1.0470e-02
-9.0491e-03
-7.9065e-03
-6.5114e-03
-4.5233e-03
-2.1151e-03
6.4933e-04
3.8861e-03
7.3675e-03
1.0700e-02
1.3269e-02
1.4434e-02
1.3676e-02
1.1250e-02
8.2516e-03
5.9017e-03
4.5978e-03
3.8642e-03
2.9627e-03
1.5192e-03
-2.0457e-04
-1.5755e-03
-2.1678e-03
-1.9165e-03
-9.6903e-04
3.6576e-04
1.4695e-03
1.5055e-03
2.5356e-04
-1.3941e-03
-2.3639e-03
-2.6515e-03
-2.7042e-03
-2.5206e-03
-1.8159e-03
-4.7520e-04
1.2295e-03
2.6855e-03
3.4074e-03
3.2590e-03
2.3237e-03
8.0168e-04
-8.4755e-04
-2.0031e-03
-2.7862e-03
-3.6869e-03
-4.4561e-03
-5.0762e-03
-6.2709e-03
-8.5205e-03
-1.1409e-02
-1.3877e-02
-1.5186e-02
-1.4842e-02
-1.2549e-02
-8.8561e-03
-4.8075e-03
-1.2052e-03
1.7365e-03
4.0230e-03
5.5031e-03
6.1259e-03
6.2415e-03
6.2565e-03
6.2971e-03
6.3406e-03
6.3915e-03
6.4815e-03
6.6146e-03
6.7426e-03
6.7573e-03
6.4926e-03
5.7691e-03
4.5122e-03
2.9409e-03
1.5860e-03
7.2571e-04
1.1956e-05
-9.3575e-04
-1.9302e-03
-2.2289e-03
-1.1300e-03
9.4239e-04
3.0295e-03
4.7174e-03
5.8833e-03
6.8660e-03
8.2695e-03
1.0147e-02
1.1826e-02
1.2686e-02
1.2791e-02
1.2386e-02
1.1423e-02
9.8615e-03
8.1212e-03
7.0282e-03
6.7666e-03
6.6566e-03
6.0975e-03
4.9226e-03
3.2664e-03
1.5503e-03
1.3201e-04
-1.1098e-03
-2.3131e-03
-3.0784e-03
-2.9501e-03
-1.9308e-03
-6.4698e-04
1.7827e-04
5.3546e-04
7.8586e-04
9.3705e-04
6.1852e-04
-6.0527e-04
-2.9829e-03
-6.2565e-03
-9.4536e-03
-1.1756e-02
-1.3511e-02
-1.5357e-02
-1.6959e-02
-1.7532e-02
-1.6882e-02
-1.5288e-02
-1.3099e-02
-1.0809e-02
-8.5755e-03
-6.2091e-03
-3.6264e-03
-7.8380e-04
2.1365e-03
4.9180e-03
7.3944e-03
9.5020e-03
1.1175e-02
1.2218e-02
1.2716e-02
1.2902e-02
1.2680e-02
1.1686e-02
9.6872e-03
6.9642e-03
4.4243e-03
2.8927e-03
2.7446e-03
3.7536e-03
4.7606e-03
4.6350e-03
3.3765e-03
1.8853e-03
8.4003e-04
2.0805e-05
-1.1744e-03
-2.8631e-03
-4.4926e-03
-5.4277e-03
-5.6543e-03
-5.5861e-03
-5.4581e-03
-5.3143e-03
-5.2757e-03
-5.5929e-03
-6.5150e-03
-8.1140e-03
-1.0050e-02
-1.1466e-02
-1.1820e-02
-1.1459e-02
-1.0821e-02
-1.0084e-02
-9.4861e-03
-9.1054e-03
-8.5758e-03
-7.5354e-03
-6.0300e-03
-4.5372e-03
-3.4985e-03
-2.6824e-03
-1.4733e-03
2.8277e-04
2.0148e-03
2.9487e-03
2.8078e-03
1.8214e-03
3.0854e-04
-1.2669e-03
-2.3012e-03
-2.6420e-03
-2.6899e-03
-2.7839e-03
-2.9518e-03
-3.0841e-03
-3.0314e-03
-2.5955e-03
-1.5962e-03
-6.2090e-05
1.5640e-03
2.6406e-03
3.0086e-03
3.0544e-03
3.0869e-03
3.1294e-03
3.1341e-03
3.0960e-03
3.0264e-03
2.9476e-03
2.9295e-03
3.1045e-03
3.6289e-03
4.5844e-03
5.8449e-03
7.1031e-03
8.1094e-03
8.7893e-03
9.2282e-03
9.5454e-03
9.6466e-03
9.1851e-03
7.7624e-03
5.2330e-03
2.0542e-03
-7.2416e-04
-2.2228e-03
-2.4385e-03
-1.9708e-03
-1.3331e-03
-9.0403e-04
-1.1961e-03
-2.3217e-03
-3.3332e-03
-3.5097e-03
-2.7603e-03
-9.4910e-04
1.9827e-03
5.3564e-03
7.8300e-03
8.7881e-03
8.8900e-03
8.8870e-03
8.9350e-03
8.9650e-03
8.9804e-03
9.0108e-03
9.0393e-03
9.0386e-03
9.0103e-03
8.9883e-03
9.0165e-03
9.1244e-03
9.2896e-03
9.4003e-03
9.2323e-03
8.4863e-03
6.9197e-03
4.5894e-03
1.8972e-03
-8.2336e-04
-3.4762e-03
-5.9511e-03
-7.9000e-03
-8.6681e-03
-8.1119e-03
-6.7091e-03
-5.0297e-03
-3.7047e-03
-3.1092e-03
-2.9901e-03
-2.9179e-03
-2.7719e-03
-2.6705e-03
-2.8010e-03
-3.3847e-03
-4.6083e-03
-6.4138e-03
-8.4022e-03
-1.0301e-02
-1.2235e-02
-1.3992e-02
-1.4728e-02
-1.4141e-02
-1.2707e-02
-1.1037e-02
-9.7861e-03
-9.3431e-03
-9.4519e-03
-9.5777e-03
-9.3310e-03
-8.4265e-03
-6.6675e-03
-4.2238e-03
-1.7549e-03
3.5421e-04
2.0929e-03
3.3590e-03
4.1857e-03
4.6409e-03
4.4364e-03
3.2928e-03
1.6387e-03
4.7697e-04
1.5745e-04
1.8068e-04
1.7475e-04
1.5309e-04
1.7938e-04
2.2925e-04
2.5975e-04
2.4454e-04
1.5900e-04
-1.1069e-05
-2.2271e-04
-3.3139e-04
-8.2722e-05
8.2072e-04
2.5502e-03
4.8630e-03
7.0278e-03
8.5972e-03
9.4518e-03
9.1281e-03
7.7365e-03
6.4803e-03
6.0828e-03
6.1352e-03
6.1760e-03
6.1675e-03
6.1709e-03
6.1625e-03
6.1144e-03
6.0546e-03
6.0395e-03
6.1126e-03
6.2800e-03
6.4818e-03
6.5670e-03
6.2986e-03
5.4291e-03
3.8627e-03
1.9167e-03
4.4985e-04
7.1722e-05
5.8186e-04
1.6902e-03
3.2618e-03
4.8623e-03
5.9048e-03
6.3272e-03
6.4498e-03
6.3016e-03
5.5543e-03
3.8988e-03
1.3603e-03
-1.7762e-03
-5.2985e-03
-8.7086e-03
-1.1020e-02
-1.1911e-02
-1.2026e-02
-1.1826e-02
-1.1193e-02
-9.9634e-03
-8.3505e-03
-7.0166e-03
-6.4077e-03
-6.0366e-03
-5.2124e-03
-3.7869e-03
-2.1413e-03
-8.4836e-04
-1.4515e-04
1.1055e-04
1.7583e-04
2.0234e-04
2.2005e-04
2.3082e-04
2.4097e-04
2.5044e-04
2.5206e-04
2.4557e-04
2.4267e-04
2.6250e-04
3.1872e-04
4.0475e-04
4.7717e-04
4.4946e-04
2.0481e-04
-3.5503e-04
-1.2214e-03
-2.1627e-03
-2.8128e-03
-3.1484e-03
-3.4076e-03
-3.8252e-03
-4.8846e-03
-6.6372e-03
-8.2824e-03
-9.1281e-03
-9.1847e-03
-8.5666e-03
-7.0891e-03
-4.6886e-03
-1.8674e-03
6.1181e-04
2.2626e-03
3.0071e-03
3.1544e-03
3.1127e-03
3.0781e-03
3.0994e-03
3.2232e-03
3.4797e-03
3.7954e-03
3.9392e-03
3.5270e-03
2.1219e-03
-5.0612e-04
-4.0731e-03
-7.8834e-03
-1.1158e-02
-1.3303e-02
-1.3661e-02
-1.1707e-02
-7.8758e-03
-3.5102e-03
-3.4209e-05
2.0195e-03
2.9295e-03
3.1873e-03
3.2227e-03
3.2375e-03
3.2595e-03
3.2799e-03
3.3030e-03
3.3424e-03
3.4201e-03
3.5555e-03
3.7334e-03
3.8648e-03
3.7721e-03
3.2281e-03
2.0715e-03
4.0801e-04
-1.1815e-03
-1.8730e-03
-1.3483e-03
-1.0288e-05
1.4740e-03
2.5797e-03
3.1767e-03
3.4067e-03
3.4892e-03
3.5566e-03
3.6045e-03
3.5522e-03
3.2960e-03
2.7575e-03
1.9734e-03
1.2015e-03
7.3058e-04
4.2432e-04
-4.0774e-05
-7.3354e-04
-1.4294e-03
-1.8659e-03
-2.2433e-03
-3.0651e-03
-4.5601e-03
-6.4298e-03
-7.9617e-03
-8.6584e-03
-8.6255e-03
-8.0858e-03
-7.0317e-03
-5.5368e-03
-4.0281e-03
-2.8805e-03
-2.0460e-03
-1.2560e-03
-4.3979e-04
1.5239e-04
4.9310e-04
9.3013e-04
1.6874e-03
2.6148e-03
3.2979e-03
3.5309e-03
3.5485e-03
3.5898e-03
3.6829e-03
3.7774e-03
3.8206e-03
3.7279e-03
3.3856e-03
2.7259e-03
1.8480e-03
1.0993e-03
7.7674e-04
7.4490e-04
7.5371e-04
7.4074e-04
7.3432e-04
7.3699e-04
7.3497e-04
7.2901e-04
7.2829e-04
7.3613e-04
7.4804e-04
7.5561e-04
7.5079e-04
7.2953e-04
6.9763e-04
6.7371e-04
6.8748e-04
7.6656e-04
9.1480e-04
1.0835e-03
1.1537e-03
9.4464e-04
2.7706e-04
-9.0254e-04
-2.3384e-03
-3.2914e-03
-2.8767e-03
-1.3127e-03
1.6285e-04
7.8362e-04
7.8844e-04
6.3168e-04
4.7020e-04
3.9092e-04
6.1501e-04
1.3989e-03
2.8256e-03
4.5943e-03
5.9388e-03
6.1470e-03
5.2230e-03
3.7349e-03
2.3481e-03
1.4480e-03
1.0431e-03
9.4574e-04
9.4722e-04
9.4278e-04
9.1717e-04
8.8203e-04
8.6057e-04
8.8493e-04
9.7603e-04
1.1115e-03
1.2049e-03
1.1060e-03
6.4293e-04
-2.8346e-04
-1.5410e-03
-2.6336e-03
-2.9834e-03
-2.4073e-03
-1.2286e-03
-1.2505e-04
5.6394e-04
1.0174e-03
1.5810e-03
2.3998e-03
3.2865e-03
3.9967e-03
4.6713e-03
5.5187e-03
6.3327e-03
6.7451e-03
6.8323e-03
6.9078e-03
7.0792e-03
7.2617e-03
7.3059e-03
7.0244e-03
6.2166e-03
4.8157e-03
3.1112e-03
1.7762e-03
1.2612e-03
1.3264e-03
1.4885e-03
1.4590e-03
1.0413e-03
3.2328e-05
-1.6066e-03
-3.4566e-03
-4.6822e-03
-5.0144e-03
-4.9728e-03
-4.9683e-03
-5.0435e-03
-5.1637e-03
-5.3188e-03
-5.4288e-03
-5.3062e-03
-4.7227e-03
-3.5377e-03
-1.8821e-03
-3.1232e-04
5.7367e-04
8.3760e-04
1.0434e-03
1.5626e-03
2.4037e-03
3.3373e-03
4.0440e-03
4.3712e-03
4.3391e-03
3.8816e-03
2.8489e-03
1.2817e-03
-3.5228e-04
-1.3964e-03
-1.6837e-03
-1.6628e-03
-1.8120e-03
-2.3378e-03
-3.2651e-03
-4.4202e-03
-5.2636e-03
-5.0942e-03
-3.9241e-03
-2.7006e-03
-2.1374e-03
-2.0598e-03
-2.0610e-03
-2.0369e-03
-2.0340e-03
-2.0492e-03
-2.0502e-03
-2.0324e-03
-2.0112e-03
-1.9968e-03
-1.9900e-03
-1.9884e-03
-1.9890e-03
-1.9890e-03
-1.9863e-03
-1.9812e-03
-1.9755e-03
-1.9723e-03
-1.9741e-03
-1.9816e-03
-1.9911e-03
-1.9951e-03
-1.9835e-03
-1.9494e-03
-1.8964e-03
-1.8461e-03
-1.8376e-03
-1.9143e-03
-2.0919e-03
-2.3133e-03
-2.4063e-03
-2.0802e-03
-1.0001e-03
1.0103e-03
3.6811e-03
6.3371e-03
8.3967e-03
9.6067e-03
9.8862e-03
9.1952e-03
7.6440e-03
5.6064e-03
3.5670e-03
1.6876e-03
-1.6350e-05
-1.2132e-03
-1.6808e-03
-1.7182e-03
-1.6961e-03
-1.7163e-03
-1.7647e-03
-1.8598e-03
-2.0175e-03
-2.1847e-03
-2.2233e-03
-1.9329e-03
-1.1138e-03
2.9807e-04
2.0219e-03
3.4094e-03
4.0509e-03
4.2204e-03
4.3540e-03
4.5457e-03
4.6448e-03
4.4500e-03
3.7591e-03
2.4539e-03
7.1897e-04
-8.2777e-04
-1.6400e-03
-1.8216e-03
-1.7793e-03
-1.6846e-03
-1.5431e-03
-1.4398e-03
-1.5723e-03
-2.1615e-03
-3.3409e-03
-4.9874e-03
-6.5607e-03
-7.4509e-03
-7.6471e-03
-7.5993e-03
-7.5982e-03
-7.6960e-03
-7.9196e-03
-8.2992e-03
-8.7685e-03
-9.0926e-03
-8.9194e-03
-8.2520e-03
-7.8234e-03
-8.3309e-03
-9.3099e-03
-9.4563e-03
-8.1877e-03
-6.1159e-03
-4.0607e-03
-2.2334e-03
-6.2014e-04
4.5289e-04
8.1173e-04
8.5813e-04
1.0994e-03
1.7626e-03
2.8284e-03
4.0330e-03
4.9972e-03
5.6107e-03
5.7577e-03
5.0902e-03
3.6005e-03
1.8591e-03
2.2192e-04
-1.4682e-03
-3.0431e-03
-3.5674e-03
-2.2483e-03
6.0833e-04
3.8481e-03
6.2863e-03
7.2045e-03
6.7371e-03
5.4271e-03
3.7215e-03
2.2043e-03
1.4107e-03
1.2549e-03
1.2835e-03
1.2705e-03
1.2312e-03
1.2078e-03
1.2175e-03
1.2825e-03
1.4055e-03
1.5206e-03
1.4718e-03
1.0495e-03
8.6943e-05
-1.3612e-03
-2.8717e-03
-3.9246e-03
-4.1485e-03
-3.4001e-03
-1.9825e-03
-5.1565e-04
5.0335e-04
9.9903e-04
1.1469e-03
1.1590e-03
1.1524e-03
1.1528e-03
1.1631e-03
1.1858e-03
1.2162e-03
1.2442e-03
1.2598e-03
1.2567e-03
1.2315e-03
1.1878e-03
1.1401e-03
1.1174e-03
1.1561e-03
1.2817e-03
1.4755e-03
1.6414e-03
1.5898e-03
1.0721e-03
-1.0713e-04
-1.8835e-03
-3.6762e-03
-4.5617e-03
-4.2959e-03
-3.2991e-03
-1.9717e-03
-6.3649e-04
5.1146e-04
1.2440e-03
1.2565e-03
4.5389e-04
-1.0007e-03
-2.6563e-03
-3.6499e-03
-3.1846e-03
-1.2976e-03
1.2500e-03
3.7985e-03
6.0397e-03
7.4590e-03
7.6906e-03
6.8537e-03
5.0382e-03
2.3728e-03
-4.6709e-04
-2.7284e-03
-4.0696e-03
-4.5363e-03
-4.6151e-03
-4.6824e-03
-4.7542e-03
-4.7189e-03
-4.4803e-03
-3.9727e-03
-3.2170e-03
-2.4130e-03
-1.6773e-03
-7.3574e-04
6.2470e-04
2.1007e-03
3.1922e-03
3.8287e-03
4.3938e-03
5.3452e-03
6.8271e-03
8.4933e-03
9.7685e-03
1.0442e-02
1.0756e-02
1.0813e-02
1.0333e-02
8.9412e-03
6.5451e-03
3.6385e-03
1.0785e-03
-6.6252e-04
-1.4372e-03
-1.5799e-03
-1.5910e-03
-1.6663e-03
-1.7914e-03
-1.9222e-03
-1.9884e-03
-1.8486e-03
-1.3369e-03
-3.7556e-04
8.7500e-04
2.0502e-03
2.9794e-03
3.6237e-03
3.9408e-03
4.0639e-03
4.1904e-03
4.3600e-03
4.4512e-03
4.2674e-03
3.6001e-03
2.3382e-03
6.6846e-04
-8.1165e-04
-1.5721e-03
-1.7219e-03
-1.6909e-03
-1.6852e-03
-1.7154e-03
-1.7958e-03
-1.9507e-03
-2.1337e-03
-2.2007e-03
-1.9367e-03
-1.1258e-03
3.1233e-04
2.0959e-03
3.4762e-03
4.0278e-03
4.1579e-03
4.2614e-03
4.2742e-03
3.9670e-03
3.1904e-03
1.9614e-03
5.5993e-04
-6.3394e-04
-1.4169e-03
-1.7411e-03
-1.8000e-03
-1.8111e-03
-1.8304e-03
-1.8418e-03
-1.8444e-03
-1.8499e-03
-1.8633e-03
-1.8873e-03
-1.9250e-03
-1.9732e-03
-2.0126e-03
-2.0075e-03
-1.9210e-03
-1.7425e-03
-1.5253e-03
-1.4138e-03
-1.6349e-03
-2.4229e-03
-3.8602e-03
-5.6407e-03
-6.8578e-03
-6.4043e-03
-4.1398e-03
-1.0209e-03
1.6531e-03
3.2032e-03
3.7657e-03
3.8391e-03
3.8155e-03
3.8334e-03
3.9287e-03
4.1083e-03
4.3092e-03
4.3620e-03
4.0264e-03
3.0823e-03
1.4952e-03
-3.4639e-04
-1.6453e-03
-2.1046e-03
-2.1214e-03
-1.9450e-03
-1.4843e-03
-7.0167e-04
1.4298e-04
5.1750e-04
-3.5557e-05
-1.4864e-03
-3.2648e-03
-4.5155e-03
-4.9174e-03
-4.9191e-03
-4.9143e-03
-4.9367e-03
-4.9425e-03
-4.9494e-03
-4.9779e-03
-5.0141e-03
-5.0344e-03
-5.0280e-03
-4.9984e-03
-4.9606e-03
-4.9412e-03
-4.9727e-03
-5.0768e-03
-5.2373e-03
-5.3716e-03
-5.3176e-03
-4.8608e-03
-3.8269e-03
-2.2581e-03
-6.0701e-04
4.7472e-04
8.1463e-04
7.9074e-04
7.2496e-04
6.9218e-04
7.4195e-04
9.9352e-04
1.5498e-03
2.3791e-03
3.2272e-03
3.8046e-03
4.2110e-03
4.6648e-03
5.0604e-03
4.9861e-03
4.0762e-03
2.5921e-03
1.4207e-03
1.0504e-03
1.1358e-03
1.1891e-03
9.8502e-04
3.9351e-04
-6.8358e-04
-2.1098e-03
-3.4681e-03
-4.4540e-03
-4.9359e-03
-5.0291e-03
-5.0064e-03
-5.0212e-03
-5.1019e-03
-5.2443e-03
-5.4124e-03
-5.4916e-03
-5.2915e-03
-4.6077e-03
-3.3487e-03
-1.7242e-03
-3.3495e-04
3.2315e-04
4.3494e-04
5.3721e-04
9.3412e-04
1.6543e-03
2.5547e-03
3.2380e-03
3.0806e-03
1.9905e-03
9.9576e-04
9.3849e-04
1.6276e-03
2.6351e-03
3.6761e-03
4.6485e-03
5.5937e-03
6.2612e-03
6.1601e-03
5.1214e-03
3.4801e-03
1.9081e-03
1.0063e-03
7.6875e-04
7.6889e-04
7.6102e-04
7.4312e-04
7.3654e-04
7.2406e-04
6.9807e-04
6.7091e-04
6.5398e-04
6.4715e-04
6.4536e-04
6.4368e-04
6.4013e-04
6.3528e-04
6.3269e-04
6.3621e-04
6.4737e-04
6.6130e-04
6.6605e-04
6.4498e-04
5.8663e-04
4.9928e-04
4.2802e-04
4.6227e-04
7.2133e-04
1.3008e-03
2.1705e-03
3.0546e-03
3.6007e-03
3.8159e-03
3.8401e-03
3.5754e-03
2.7936e-03
1.4145e-03
-2.7506e-04
-1.6324e-03
-2.2425e-03
-2.3444e-03
-2.3463e-03
-2.3747e-03
-2.3963e-03
-2.4068e-03
-2.4266e-03
-2.4568e-03
-2.4831e-03
-2.4969e-03
-2.4967e-03
-2.4854e-03
-2.4673e-03
-2.4524e-03
-2.4549e-03
-2.4894e-03
-2.5592e-03
-2.6422e-03
-2.6753e-03
-2.5536e-03
-2.1554e-03
-1.4133e-03
-4.3136e-04
5.0155e-04
1.3123e-03
2.1442e-03
2.8781e-03
3.2530e-03
3.3043e-03
3.2675e-03
3.2729e-03
3.3358e-03
3.4581e-03
3.6215e-03
3.7344e-03
3.6174e-03
3.0518e-03
1.8900e-03
2.4385e-04
-1.3488e-03
-2.2744e-03
-2.5123e-03
-2.4930e-03
-2.4787e-03
-2.4895e-03
-2.5294e-03
-2.6363e-03
-2.8064e-03
-2.9516e-03
-2.9081e-03
-2.4695e-03
-1.4696e-03
5.4497e-05
1.6735e-03
2.7745e-03
3.2207e-03
3.3903e-03
3.5262e-03
3.5154e-03
3.1227e-03
2.1806e-03
7.1087e-04
-9.1084e-04
-2.0767e-03
-2.5286e-03
-2.5805e-03
-2.5889e-03
-2.6391e-03
-2.7062e-03
-2.7840e-03
-2.8488e-03
-2.8199e-03
-2.5840e-03
-2.0563e-03
-1.2656e-03
-4.4659e-04
1.4614e-04
6.6565e-04
1.3894e-03
2.2373e-03
2.8581e-03
3.0949e-03
3.1263e-03
3.1381e-03
3.1580e-03
3.1600e-03
3.1469e-03
3.1332e-03
3.1281e-03
3.1391e-03
3.1755e-03
3.2355e-03
3.2903e-03
3.2716e-03
3.0787e-03
2.6115e-03
1.8482e-03
9.5366e-04
2.0412e-04
-4.5911e-04
-1.2816e-03
-2.1557e-03
-2.6785e-03
-2.7986e-03
-2.7955e-03
-2.8179e-03
-2.8446e-03
-2.8517e-03
-2.8542e-03
-2.8652e-03
-2.8841e-03
-2.9077e-03
-2.9333e-03
-2.9523e-03
-2.9491e-03
-2.9077e-03
-2.8266e-03
-2.7372e-03
-2.7172e-03
-2.8867e-03
-3.3673e-03
-4.1939e-03
-5.1795e-03
-5.9041e-03
-6.1519e-03
-6.0051e-03
-5.4477e-03
-4.3424e-03
-2.7571e-03
-1.1290e-03
2.0484e-04
1.4801e-03
2.9876e-03
4.4288e-03
5.3591e-03
5.7432e-03
5.8412e-03
5.8753e-03
5.9041e-03
5.9196e-03
5.9280e-03
5.9402e-03
5.9561e-03
5.9684e-03
5.9720e-03
5.9633e-03
5.9405e-03
5.9060e-03
5.8713e-03
5.8580e-03
5.8923e-03
5.9890e-03
6.1268e-03
6.2212e-03
6.1145e-03
5.6028e-03
4.5282e-03
2.9499e-03
1.3041e-03
6.7865e-05
-8.4985e-04
-1.8486e-03
-2.9290e-03
-3.9424e-03
-4.9568e-03
-5.8076e-03
-6.1144e-03
-5.8053e-03
-4.9788e-03
-3.7237e-03
-2.3344e-03
-1.2219e-03
-4.4125e-04
3.0567e-04
1.2928e-03
2.3984e-03
3.0166e-03
2.5459e-03
1.2807e-03
2.4795e-04
-8.8931e-05
-8.7648e-05
-9.0806e-05
-1.1620e-04
-1.1450e-04
-1.0363e-04
-1.1044e-04
-1.3045e-04
-1.4871e-04
-1.5918e-04
-1.6318e-04
-1.6340e-04
-1.6207e-04
-1.6121e-04
-1.6186e-04
-1.6407e-04
-1.6706e-04
-1.7012e-04
-1.7270e-04
-1.7482e-04
-1.7670e-04
-1.7893e-04
-1.8183e-04
-1.8553e-04
-1.8929e-04
-1.9207e-04
-1.9228e-04
-1.8930e-04
-1.8386e-04
-1.7956e-04
-1.8179e-04
-1.9631e-04
-2.2430e-04
-2.5832e-04
-2.7873e-04
-2.5832e-04
-1.7545e-04
-4.0217e-05
7.6196e-05
2.0364e-05
-4.2738e-04
-1.4743e-03
-3.1400e-03
-5.0389e-03
-6.6947e-03
-8.3188e-03
-1.0164e-02
-1.1725e-02
-1.2425e-02
-1.2319e-02
-1.1649e-02
-1.0425e-02
-8.7505e-03
-7.0769e-03
-5.6590e-03
-4.1884e-03
-2.5043e-03
-1.1137e-03
-4.8316e-04
-3.9524e-04
-4.2154e-04
-4.1958e-04
-4.0452e-04
-3.4880e-04
-2.0363e-04
1.4690e-05
1.9278e-04
1.2733e-04
-4.3194e-04
-1.6680e-03
-3.4864e-03
-5.2577e-03
-6.0042e-03
-5.4500e-03
-4.0507e-03
-2.3564e-03
-9.7972e-04
-3.2217e-04
-2.0808e-04
-2.8136e-04
-4.2351e-04
-6.2423e-04
-7.7016e-04
-6.2443e-04
9.1458e-05
1.5737e-03
3.7162e-03
5.9342e-03
7.5228e-03
8.2379e-03
8.4275e-03
8.5650e-03
8.8107e-03
9.0556e-03
9.0662e-03
8.5193e-03
7.0884e-03
4.7094e-03
1.8475e-03
-7.4607e-04
-2.4762e-03
-3.0573e-03
-2.5803e-03
-1.3396e-03
3.0276e-04
1.7535e-03
2.5002e-03
2.6503e-03
2.6300e-03
2.6339e-03
2.6395e-03
2.6227e-03
2.5991e-03
2.5858e-03
2.5991e-03
2.6661e-03
2.8072e-03
2.9960e-03
3.1225e-03
2.9865e-03
2.3470e-03
1.0529e-03
-7.3563e-04
-2.3551e-03
-2.9950e-03
-2.4268e-03
-1.0010e-03
7.4919e-04
2.0804e-03
2.6035e-03
2.7276e-03
2.8635e-03
2.9792e-03
2.8528e-03
2.2814e-03
1.1433e-03
-4.5701e-04
-2.0007e-03
-2.8873e-03
-3.1060e-03
-3.1018e-03
-3.1487e-03
-3.2615e-03
-3.4027e-03
-3.5228e-03
-3.4948e-03
-3.1206e-03
-2.2293e-03
-8.4146e-04
6.7076e-04
1.7911e-03
2.3497e-03
2.5407e-03
2.6393e-03
2.7693e-03
2.8914e-03
2.8852e-03
2.5853e-03
1.8311e-03
6.0291e-04
-8.1888e-04
-2.0361e-03
-2.8326e-03
-3.1558e-03
-3.1967e-03
-3.1753e-03
-3.1575e-03
-3.1484e-03
-3.1726e-03
-3.2604e-03
-3.4055e-03
-3.5465e-03
-3.5553e-03
-3.2491e-03
-2.4500e-03
-1.1248e-03
4.3165e-04
1.6815e-03
2.3549e-03
2.5736e-03
2.6062e-03
2.6200e-03
2.6503e-03
2.6969e-03
2.7558e-03
2.8031e-03
2.7952e-03
2.6966e-03
2.5151e-03
2.3334e-03
2.3261e-03
2.7336e-03
3.7657e-03
5.4138e-03
7.2143e-03
8.3229e-03
8.2131e-03
7.0507e-03
5.3154e-03
3.6853e-03
2.8423e-03
2.6909e-03
2.7398e-03
2.8087e-03
2.9307e-03
3.0686e-03
3.0738e-03
2.7661e-03
1.9944e-03
7.4674e-04
-6.8569e-04
-1.7940e-03
-2.2431e-03
-1.9301e-03
-1.1757e-03
-5.3514e-04
-2.6846e-04
-2.3777e-04
-2.4837e-04
-2.5197e-04
-2.6080e-04
-2.6883e-04
-2.6416e-04
-2.5002e-04
-2.3607e-04
-2.2782e-04
-2.2505e-04
-2.2584e-04
-2.2793e-04
-2.2977e-04
-2.3039e-04
-2.2986e-04
-2.2856e-04
-2.2707e-04
-2.2554e-04
-2.2404e-04
-2.2236e-04
-2.2063e-04
-2.1915e-04
-2.1864e-04
-2.1965e-04
-2.2230e-04
-2.2537e-04
-2.2642e-04
-2.2215e-04
-2.1050e-04
-1.9296e-04
-1.7719e-04
-1.7648e-04
-2.0509e-04
-2.6648e-04
-3.3736e-04
-3.5250e-04
-2.0359e-04
2.3219e-04
1.0156e-03
2.0233e-03
2.9953e-03
3.9356e-03
4.9236e-03
5.6540e-03
5.7043e-03
4.9696e-03
3.5974e-03
1.9303e-03
5.8536e-04
-2.4057e-05
-1.2040e-04
-1.0889e-04
-1.2130e-04
-1.2827e-04
-1.2553e-04
-1.3595e-04
-1.6445e-04
-2.0144e-04
-2.3778e-04
-2.6383e-04
-2.6194e-04
-2.1066e-04
-1.0128e-04
3.6016e-05
1.0859e-04
-4.4967e-05
-6.1685e-04
-1.7277e-03
-3.2475e-03
-4.7061e-03
-5.6944e-03
-6.2073e-03
-6.4875e-03
-6.6939e-03
-6.7317e-03
-6.3488e-03
-5.3109e-03
-3.5903e-03
-1.6255e-03
-3.2459e-04
-1.1856e-04
-7.0806e-04
-1.8395e-03
-3.3678e-03
-4.8494e-03
-5.8190e-03
-6.2155e-03
-6.2919e-03
-6.2935e-03
-6.2964e-03
-6.2933e-03
-6.2860e-03
-6.2892e-03
-6.3154e-03
-6.3747e-03
-6.4683e-03
-6.5683e-03
-6.5958e-03
-6.4205e-03
-5.8971e-03
-4.9532e-03
-3.7313e-03
-2.6119e-03
-1.7818e-03
-1.1481e-03
-5.6037e-04
2.8094e-04
1.6805e-03
3.5115e-03
5.0681e-03
5.6331e-03
5.1242e-03
3.8748e-03
2.2763e-03
9.0464e-04
2.3967e-04
1.1135e-04
-2.2594e-05
-4.9252e-04
-1.3354e-03
-2.3607e-03
-3.1673e-03
-3.5262e-03
-3.4653e-03
-2.9025e-03
-1.6811e-03
6.0109e-05
1.6899e-03
2.5650e-03
2.7541e-03
2.7337e-03
2.7299e-03
2.7280e-03
2.7214e-03
2.7517e-03
2.8391e-03
2.9572e-03
3.0356e-03
2.9575e-03
2.5729e-03
1.7669e-03
5.7124e-04
-8.3273e-04
-2.1819e-03
-3.1381e-03
-3.5711e-03
-3.6590e-03
-3.4595e-03
-2.8047e-03
-1.6450e-03
-1.1815e-04
1.0277e-03
1.1120e-03
7.1344e-05
-1.4281e-03
-2.2361e-03
-1.7979e-03
-7.7373e-04
-1.5692e-04
-3.0344e-04
-4.8232e-04
2.4851e-04
1.5940e-03
2.4933e-03
2.6823e-03
2.6719e-03
2.7948e-03
3.0202e-03
3.2327e-03
3.2980e-03
2.9946e-03
2.0660e-03
4.2069e-04
-1.5817e-03
-3.0098e-03
-3.1988e-03
-2.3572e-03
-8.6941e-04
9.1088e-04
2.2721e-03
2.7782e-03
2.8436e-03
2.9245e-03
3.0343e-03
2.9945e-03
2.6355e-03
1.8250e-03
5.6372e-04
-8.6305e-04
-2.1178e-03
-2.9860e-03
-3.3746e-03
-3.3596e-03
-2.9190e-03
-1.8889e-03
-2.7055e-04
1.4910e-03
2.7081e-03
3.1142e-03
2.9099e-03
2.1941e-03
8.8987e-04
-8.2440e-04
-2.2558e-03
-2.8235e-03
-2.8295e-03
-2.8050e-03
-2.8924e-03
-3.0198e-03
-3.1104e-03
-3.0533e-03
-2.6647e-03
-1.7759e-03
-4.0833e-04
1.0659e-03
2.1429e-03
2.6652e-03
2.8128e-03
2.8282e-03
2.8287e-03
2.8277e-03
2.8242e-03
2.8202e-03
2.8107e-03
2.7869e-03
2.7500e-03
2.7149e-03
2.7049e-03
2.7386e-03
2.8119e-03
2.8787e-03
2.8396e-03
2.5571e-03
1.9128e-03
9.2195e-04
-1.5290e-04
-9.9199e-04
-1.4654e-03
-1.3476e-03
-4.6081e-04
7.6253e-04
1.6883e-03
2.2069e-03
2.6293e-03
3.2544e-03
4.0836e-03
4.7809e-03
4.9906e-03
4.6718e-03
3.8810e-03
2.6538e-03
1.2656e-03
2.5185e-04
-1.4010e-04
-1.8258e-04
-1.8158e-04
-2.0077e-04
-2.1142e-04
-2.1671e-04
-2.3073e-04
-2.5000e-04
-2.6383e-04
-2.6881e-04
-2.6753e-04
-2.6376e-04
-2.5989e-04
-2.5742e-04
-2.5661e-04
-2.5712e-04
-2.5808e-04
-2.5892e-04
-2.5928e-04
-2.5921e-04
-2.5880e-04
-2.5830e-04
-2.5777e-04
-2.5734e-04
-2.5693e-04
-2.5658e-04
-2.5620e-04
-2.5579e-04
-2.5529e-04
-2.5471e-04
-2.5397e-04
-2.5312e-04
-2.5216e-04
-2.5126e-04
-2.5056e-04
-2.5023e-04
-2.5023e-04
-2.5029e-04
-2.4976e-04
-2.4785e-04
-2.4405e-04
-2.3885e-04
-2.3445e-04
-2.3506e-04
-2.4606e-04
-2.7160e-04
-3.1017e-04
-3.4920e-04
-3.6993e-04
-3.7136e-04
-3.6675e-04
-3.6300e-04
-3.5944e-04
-3.5524e-04
-3.5104e-04
-3.4718e-04
-3.4333e-04
-3.3922e-04
-3.3482e-04
-3.3026e-04
-3.2563e-04
-3.2100e-04
-3.1638e-04
-3.1180e-04
-3.0722e-04
-3.0263e-04
-2.9801e-04
-2.9337e-04
-2.8870e-04
-2.8401e-04
-2.7931e-04
-2.7460e-04
-2.6988e-04
-2.6516e-04
-2.6042e-04
-2.5568e-04
-2.5094e-04
-2.4618e-04
-2.4143e-04
-2.3668e-04
-2.3194e-04
-2.2720e-04
-2.2247e-04
-2.1772e-04
-2.1298e-04
-2.0824e-04
-2.0350e-04
-1.9877e-04
-1.9410e-04
-1.8947e-04
-1.8490e-04
-1.8034e-04
-1.7575e-04
-1.7104e-04
-1.6617e-04
-1.6120e-04
-1.5631e-04
-1.5177e-04
-1.4785e-04
-1.4462e-04
-1.4176e-04
-1.3840e-04
-1.3340e-04
-1.2578e-04
-1.1570e-04
-1.0523e-04
-9.8585e-05
-1.0089e-04
-1.1521e-04
-1.3788e-04
-1.5416e-04
-1.3678e-04
-5.1770e-05
1.2538e-04
3.8118e-04
6.3584e-04
7.8443e-04
8.0850e-04
7.7790e-04
7.4546e-04
7.1659e-04
6.8580e-04
6.5338e-04
6.1956e-04
5.8187e-04
5.3979e-04
4.9772e-04
4.6426e-04
4.4821e-04
4.5258e-04
4.6695e-04
4.6207e-04
3.9123e-04
2.0524e-04
-1.1677e-04
-5.2097e-04
-8.3992e-04
-8.9014e-04
-6.8163e-04
-3.4982e-04
-3.8157e-05
1.0533e-04
1.1847e-05
-2.4777e-04
-5.3332e-04
-7.1675e-04
-7.6465e-04
-7.4137e-04
-7.0705e-04
-6.7495e-04
-6.4267e-04
-6.1235e-04
-5.8608e-04
-5.6220e-04
-5.3799e-04
-5.1217e-04
-4.8459e-04
-4.5554e-04
-4.2563e-04
-3.9623e-04
-3.6950e-04
-3.4799e-04
-3.3326e-04
-3.2386e-04
-3.1317e-04
-2.8865e-04
-2.3424e-04
-1.3765e-04
-2.6697e-06
1.3507e-04
2.1583e-04
2.2766e-04
2.1265e-04
1.9887e-04
1.8695e-04
1.7369e-04
1.6034e-04
1.4794e-04
1.3584e-04
1.2356e-04
1.1178e-04
1.0163e-04
9.3785e-05
8.7511e-05
8.0151e-05
6.7080e-05
4.3080e-05
5.2430e-06
-4.2254e-05
-8.5794e-05
-1.1415e-04
-1.2491e-04
-1.2130e-04
-1.1167e-04
-1.0180e-04
-9.2564e-05
-8.3572e-05
-7.4838e-05
-6.6435e-05
-5.8318e-05
-5.0555e-05
-4.3390e-05
-3.7026e-05
-3.1355e-05
-2.5778e-05
-1.9206e-05
-1.0357e-05
1.5528e-06
1.5725e-05
2.9033e-05
3.8640e-05
4.4329e-05
4.6160e-05
4.4777e-05
4.2078e-05
3.9402e-05
3.6981e-05
3.4706e-05
3.2555e-05
3.0515e-05
2.8547e-05
2.6627e-05
2.4792e-05
2.3125e-05
2.1694e-05
2.0457e-05
1.9351e-05
1.8359e-05
1.7482e-05
1.6709e-05
1.6009e-05
1.5333e-05
1.4625e-05
1.3845e-05
1.3004e-05
1.2201e-05
1.1629e-05
1.1400e-05
1.1363e-05
1.1338e-05
1.1276e-05
1.1183e-05
1.1062e-05
1.0908e-05
1.0722e-05
1.0507e-05
1.0264e-05
9.9918e-06
9.6905e-06
9.3601e-06
9.0011e-06
8.6141e-06
8.1999e-06
7.7592e-06
7.2927e-06
6.8010e-06
6.2846e-06
5.7442e-06
5.1804e-06
4.5937e-06
3.9848e-06
3.3543e-06
2.7029e-06
