5.0918e-06
4.8457e-06
4.6040e-06
4.3609e-06
4.1276e-06
3.8833e-06
3.6444e-06
3.3923e-06
3.1418e-06
2.8996e-06
2.7119e-06
2.5182e-06
2.3217e-06
2.0280e-06
1.6441e-06
1.3731e-06
1.0513e-06
7.3086e-07
5.3034e-07
7.6399e-07
8.5520e-07
9.3300e-07
1.8911e-07
-9.1623e-07
-2.1563e-06
-2.0512e-06
-9.0639e-07
9.9161e-07
1.8343e-06
1.9563e-06
1.8097e-06
2.4086e-06
1.8923e-06
-2.3863e-06
-8.0576e-06
-1.0677e-05
-7.7415e-06
3.1781e-06
1.0045e-05
1.2180e-05
7.4136e-07
-1.6312e-05
-3.0530e-05
-3.4382e-05
-1.2970e-05
1.9593e-05
4.5121e-05
5.2100e-05
2.4813e-05
-1.6411e-05
-3.9728e-05
-4.8085e-05
-1.7756e-05
3.3784e-05
7.5337e-05
9.7690e-05
8.7162e-05
3.5485e-05
-3.6706e-05
-9.4383e-05
-1.3248e-04
-1.0183e-04
6.2635e-06
6.1450e-05
9.4407e-05
5.9236e-05
-5.6167e-05
-8.1722e-05
-1.0608e-04
-1.4433e-04
-2.5983e-05
6.3412e-05
1.0999e-04
2.1988e-04
1.5384e-04
-5.1402e-05
-1.2892e-04
-1.6120e-04
-8.4314e-05
2.1665e-04
4.6958e-04
4.0617e-04
1.2450e-04
-1.9037e-04
-4.0220e-04
-4.8595e-04
-3.4300e-04
-4.2913e-05
3.1123e-04
6.7602e-04
5.8483e-04
-4.8964e-05
-5.3692e-04
-6.1750e-04
-3.8772e-04
5.5873e-05
8.3729e-04
1.2811e-03
1.1317e-03
5.7619e-04
-3.7137e-04
-1.1638e-03
-1.3319e-03
-7.5195e-04
1.1590e-04
7.4535e-04
1.0321e-03
5.2303e-04
-6.4423e-05
-1.5057e-04
-6.3020e-04
-1.2534e-03
-1.1083e-03
-2.8594e-04
3.0775e-04
2.9882e-04
1.8451e-04
3.7145e-04
7.6701e-04
1.2826e-03
1.5326e-03
1.2309e-03
9.1212e-04
5.7860e-04
4.6395e-04
6.7845e-04
8.3826e-04
1.1539e-03
1.3146e-03
1.4405e-03
9.3792e-04
-3.8012e-04
-2.0657e-03
-3.5366e-03
-3.8011e-03
-3.0379e-03
-1.7384e-03
3.9878e-05
2.2786e-03
2.9301e-03
8.3463e-04
-1.0938e-03
-2.0303e-03
-2.2635e-03
-8.6967e-04
1.5761e-03
3.8754e-03
5.4171e-03
5.2107e-03
3.4862e-03
7.7543e-04
-7.4409e-04
-1.1893e-03
-1.7527e-03
-2.8556e-05
2.9155e-03
4.0832e-03
2.3550e-03
-1.0060e-03
-3.3060e-03
-5.0337e-03
-6.6232e-03
-7.9500e-03
-6.0885e-03
-1.9569e-03
1.7312e-03
4.9768e-03
6.0544e-03
4.7728e-03
1.5553e-03
-2.1915e-03
-5.2534e-03
-4.6002e-03
-1.5817e-03
1.0104e-03
3.3235e-03
4.9515e-03
8.0104e-03
9.1544e-03
4.2531e-03
-2.4659e-03
-8.7971e-03
-1.2006e-02
-1.1626e-02
-7.6058e-03
-1.3120e-03
5.8217e-03
8.9561e-03
2.6122e-03
-5.6340e-03
-9.4123e-03
-8.4843e-03
-3.7997e-03
1.3310e-03
5.9008e-03
9.7734e-03
8.7365e-03
4.9611e-03
2.1847e-03
4.8419e-04
-2.2324e-04
1.1393e-03
3.5132e-03
5.3375e-03
5.4781e-03
3.7209e-03
-1.5390e-03
-6.5423e-03
-7.6676e-03
-8.7022e-03
-8.9774e-03
-7.8003e-03
-5.2730e-03
-2.8809e-03
-2.9920e-03
-4.0276e-03
-4.4325e-03
-1.4928e-03
2.4843e-03
4.6108e-03
3.9118e-03
-3.8586e-04
-4.2606e-03
-6.6731e-03
-9.5965e-03
-8.8099e-03
-2.8788e-03
3.3243e-03
6.1122e-03
8.8668e-03
1.3911e-02
1.9089e-02
2.4436e-02
2.7514e-02
2.6501e-02
2.4760e-02
2.4430e-02
2.4635e-02
2.4849e-02
2.6282e-02
2.8986e-02
3.1639e-02
3.4091e-02
3.4689e-02
3.1175e-02
2.6478e-02
2.1565e-02
1.6667e-02
1.5457e-02
1.4790e-02
1.1313e-02
4.6809e-03
-7.1825e-03
-2.1715e-02
-3.6482e-02
-4.5832e-02
-5.7410e-02
-6.6487e-02
-7.5287e-02
-8.3011e-02
-9.3911e-02
-9.8542e-02
-9.8161e-02
-9.4219e-02
-8.5493e-02
-7.6691e-02
-7.1308e-02
-6.3156e-02
-4.4856e-02
-1.2067e-02
5.1597e-02
1.0158e-01
9.3931e-02
8.7510e-02
9.8489e-02
1.0055e-01
8.9207e-02
6.9169e-02
4.3998e-02
1.4935e-02
7.7163e-03
1.3698e-02
6.2394e-03
5.1328e-04
2.3617e-03
-4.4708e-04
-9.1054e-03
-1.8373e-02
-2.6440e-02
-3.4359e-02
-4.5681e-02
-5.8425e-02
-7.4134e-02
-8.6134e-02
-8.6507e-02
-8.1441e-02
-6.9940e-02
-4.7146e-02
-1.4659e-02
1.8335e-02
3.7804e-02
4.9015e-02
6.1676e-02
6.5287e-02
6.1238e-02
4.7891e-02
2.1711e-02
-1.2235e-02
-2.5634e-02
-3.7153e-02
-4.9505e-02
-4.8581e-02
-3.9349e-02
-3.2494e-02
-2.6312e-02
-1.8517e-02
-9.3745e-03
3.2123e-03
1.6734e-02
3.0910e-02
4.5796e-02
6.1050e-02
7.3339e-02
8.1490e-02
8.8705e-02
8.8779e-02
7.6711e-02
6.7965e-02
6.3486e-02
5.9820e-02
6.0384e-02
6.1505e-02
5.6108e-02
4.1748e-02
2.4974e-02
7.4633e-03
-1.0100e-02
-3.1203e-02
-5.4333e-02
-6.9213e-02
-8.3006e-02
-9.8633e-02
-1.0795e-01
-1.1020e-01
-1.0384e-01
-8.6283e-02
-6.4045e-02
-4.0173e-02
-2.4608e-02
-2.8529e-03
3.3158e-02
5.2236e-02
5.4681e-02
5.4135e-02
5.8451e-02
5.8748e-02
4.7220e-02
2.4795e-02
5.4827e-03
2.1662e-03
7.6326e-03
2.0187e-02
3.8320e-02
4.7244e-02
3.9557e-02
2.9413e-02
1.7809e-02
1.2231e-03
-1.6355e-02
-3.0823e-02
-3.6668e-02
-2.8747e-02
-1.7026e-02
-1.4057e-02
-1.5459e-02
-1.7505e-02
-2.4223e-02
-3.3324e-02
-3.9606e-02
-4.3381e-02
-4.0424e-02
-2.9758e-02
-1.3737e-02
1.1391e-02
4.0712e-02
5.8290e-02
5.6162e-02
4.7426e-02
4.2744e-02
2.9132e-02
2.1587e-03
-9.8982e-03
-2.3471e-02
-2.7418e-02
-3.0728e-02
-3.3589e-02
-2.8477e-02
-2.3738e-02
-2.3362e-02
-2.0921e-02
-1.7789e-02
-1.4724e-02
-9.1788e-03
-2.2165e-03
4.0960e-03
8.2546e-03
9.6632e-03
1.1834e-02
1.5297e-02
2.0618e-02
2.6605e-02
3.1030e-02
3.6507e-02
3.8653e-02
3.1733e-02
2.1361e-02
7.2858e-03
-1.1554e-02
-2.1673e-02
-2.8759e-02
-3.8170e-02
-4.1425e-02
-3.8992e-02
-3.1210e-02
-1.6549e-02
7.8680e-05
1.1001e-02
1.5192e-02
1.7656e-02
1.8150e-02
9.6988e-03
-4.4124e-03
-1.9231e-02
-2.5856e-02
-2.5974e-02
-2.6560e-02
-1.9302e-02
-2.6290e-03
1.4391e-02
2.2832e-02
2.6240e-02
2.9065e-02
2.4037e-02
1.3168e-02
1.1360e-03
-6.9199e-03
-8.5949e-03
-8.4811e-03
-5.2740e-03
1.6924e-03
8.4569e-03
1.2577e-02
1.3027e-02
1.4256e-02
1.5977e-02
1.7622e-02
1.9773e-02
2.0435e-02
1.9867e-02
1.6718e-02
1.2544e-02
6.2850e-03
1.8028e-03
9.7690e-04
2.7800e-03
4.8535e-03
7.5949e-03
9.5450e-03
1.0279e-02
8.2006e-03
3.7800e-03
-1.0281e-04
-3.9613e-03
-6.7637e-03
-8.5813e-03
-8.7603e-03
-5.9544e-03
-2.5552e-03
5.9445e-04
3.1073e-03
3.4637e-03
-8.6627e-04
-9.4145e-03
-2.3721e-02
-3.8276e-02
-4.5266e-02
-4.9283e-02
-5.1190e-02
-4.6185e-02
-3.3883e-02
-9.5307e-03
8.5923e-03
1.1740e-02
1.8995e-02
2.7090e-02
2.7477e-02
2.0306e-02
1.2031e-02
4.5022e-03
-1.8360e-03
-8.5625e-03
-1.9620e-02
-2.9694e-02
-3.6068e-02
-3.8125e-02
-3.6840e-02
-3.3324e-02
-2.3301e-02
-6.0045e-03
2.0417e-02
4.6037e-02
6.3659e-02
7.2230e-02
7.4243e-02
7.9050e-02
7.8832e-02
6.8780e-02
5.1308e-02
3.2382e-02
1.9776e-02
7.2227e-03
-7.4961e-03
-2.0132e-02
-3.1549e-02
-3.9819e-02
-4.4551e-02
-4.8466e-02
-4.9641e-02
-4.4215e-02
-3.4962e-02
-2.5031e-02
-1.5973e-02
-8.0479e-03
2.0829e-03
1.3892e-02
3.0436e-02
4.0520e-02
3.2587e-02
2.1290e-02
1.2806e-02
2.3935e-03
-1.3315e-02
-2.6229e-02
-2.5071e-02
-1.5094e-02
-3.4385e-03
7.8054e-03
1.9270e-02
2.3403e-02
1.4880e-02
1.9613e-03
-1.0116e-02
-1.9896e-02
-2.5926e-02
-2.8387e-02
-2.3456e-02
-1.5887e-02
-1.1293e-02
-6.6821e-03
-3.3326e-03
-2.6726e-03
-7.4109e-03
-1.6618e-02
-2.2585e-02
-2.1399e-02
-1.8908e-02
-1.5117e-02
-7.3321e-03
6.6170e-03
2.0072e-02
2.2630e-02
2.1127e-02
2.0822e-02
1.7011e-02
1.0578e-02
5.8864e-03
4.2424e-03
4.2126e-03
2.7380e-03
6.2507e-04
1.6446e-03
3.3867e-03
1.6724e-03
2.4776e-03
5.8097e-03
8.6541e-03
1.3349e-02
1.4707e-02
1.0219e-02
5.4704e-03
2.5809e-03
-4.1034e-03
-1.4762e-02
-2.6450e-02
-3.6249e-02
-3.9234e-02
-4.0049e-02
-4.2075e-02
-3.8491e-02
-3.0936e-02
-2.1660e-02
-1.1116e-02
-5.0225e-03
-2.5088e-03
1.2123e-03
4.1240e-03
7.9132e-03
1.4334e-02
2.0512e-02
2.5322e-02
2.5376e-02
2.3874e-02
2.0922e-02
1.5542e-02
1.0156e-02
5.0061e-03
3.3223e-04
-3.1182e-03
-5.3258e-03
-7.8712e-03
-1.0004e-02
-1.0185e-02
-9.6497e-03
-9.3750e-03
-4.8768e-03
3.8751e-03
1.3720e-02
1.8889e-02
2.0516e-02
2.0864e-02
1.6158e-02
4.8979e-03
-5.2470e-03
-1.0731e-02
-1.2742e-02
-1.1900e-02
-6.4806e-03
4.2105e-03
1.4883e-02
2.0741e-02
2.1903e-02
2.2458e-02
1.8622e-02
8.8308e-03
-5.3624e-03
-1.1783e-02
-1.6011e-02
-2.0301e-02
-2.0034e-02
-1.2813e-02
2.4980e-03
1.7122e-02
2.1159e-02
2.2393e-02
2.4789e-02
2.2306e-02
1.1435e-02
-7.9651e-03
-1.9173e-02
-2.0730e-02
-2.9812e-02
-3.6399e-02
-3.6258e-02
-3.2376e-02
-2.6031e-02
-1.7625e-02
-7.2213e-03
1.0214e-02
2.7867e-02
2.7951e-02
1.9707e-02
1.7065e-02
1.5982e-02
1.4849e-02
1.5292e-02
1.7862e-02
2.2180e-02
3.0991e-02
4.1585e-02
4.9430e-02
5.4484e-02
5.6956e-02
5.5066e-02
5.0583e-02
4.1463e-02
1.9803e-02
-4.6447e-03
-1.8068e-02
-3.5212e-02
-4.9002e-02
-5.2115e-02
-5.8265e-02
-6.5897e-02
-6.6951e-02
-6.0948e-02
-5.0935e-02
-3.7730e-02
-2.8917e-02
-2.4128e-02
-1.6025e-02
-4.9843e-03
2.0778e-03
1.9118e-03
8.7492e-04
2.1391e-03
3.0924e-03
3.7770e-03
4.9806e-03
8.4677e-03
1.5697e-02
2.3871e-02
3.2020e-02
3.1764e-02
2.9810e-02
2.6995e-02
1.9889e-02
1.1671e-02
3.9408e-03
-6.1307e-03
-1.6030e-02
-2.7525e-02
-3.4616e-02
-3.5612e-02
-3.4533e-02
-3.0263e-02
-2.3060e-02
-1.4280e-02
-5.3257e-03
4.0368e-03
1.4726e-02
2.5469e-02
3.1509e-02
3.1917e-02
3.0611e-02
2.9426e-02
2.8116e-02
2.4112e-02
1.0958e-02
-4.1222e-03
-1.7691e-02
-2.8337e-02
-3.0120e-02
-2.8984e-02
-2.1285e-02
-3.0134e-03
1.3208e-02
3.5281e-02
5.0781e-02
3.7615e-02
1.9637e-02
2.1836e-03
-2.5788e-02
-4.5184e-02
-5.1013e-02
-4.3845e-02
-3.2313e-02
-1.3953e-02
7.0429e-03
2.7797e-02
4.3132e-02
3.9851e-02
3.4840e-02
3.8223e-02
4.0931e-02
4.1043e-02
3.7167e-02
2.8616e-02
1.2228e-02
-4.0584e-03
-1.6422e-02
-3.0369e-02
-4.2295e-02
-4.5427e-02
-4.4125e-02
-3.6157e-02
-2.4491e-02
-1.2667e-02
-1.9427e-03
-7.8237e-04
2.9661e-04
4.6934e-03
8.5218e-03
1.0901e-02
1.0364e-02
8.2727e-03
6.4562e-03
7.8087e-03
9.6432e-03
1.2766e-02
2.1474e-02
3.5724e-02
5.0443e-02
6.1250e-02
5.6991e-02
4.4683e-02
2.4213e-02
1.5321e-03
-1.7814e-02
-3.4794e-02
-4.9137e-02
-5.5714e-02
-5.8100e-02
-5.7149e-02
-5.0991e-02
-4.0250e-02
-2.8838e-02
-2.2642e-02
-1.8670e-02
-1.4440e-02
-7.7700e-03
-1.3607e-03
4.4077e-03
8.3796e-03
1.2505e-02
1.5107e-02
1.2682e-02
3.8881e-03
-7.2349e-03
-1.6781e-02
-1.9607e-02
-1.4498e-02
-2.7058e-03
1.0210e-02
1.9766e-02
2.5539e-02
2.2789e-02
1.1939e-02
2.9351e-04
-7.2403e-03
-8.6642e-03
-8.0239e-03
-5.4385e-03
-1.4178e-05
3.2030e-03
3.1029e-03
4.2560e-03
-9.9958e-05
-4.9902e-03
-1.2249e-02
-2.0832e-02
-2.6956e-02
-3.1466e-02
-3.7880e-02
-4.3402e-02
-4.3085e-02
-4.1259e-02
-3.6502e-02
-3.0381e-02
-2.7156e-02
-2.2381e-02
-1.7105e-02
-1.2504e-02
-8.3879e-03
-1.6716e-03
2.9658e-03
7.0093e-03
1.4745e-02
2.3790e-02
2.9266e-02
2.7572e-02
2.0432e-02
1.4175e-02
1.0296e-02
6.1889e-03
2.6170e-03
9.7003e-04
1.6666e-03
1.8385e-03
-1.1525e-04
1.2214e-03
6.7478e-03
1.4531e-02
2.3409e-02
3.1775e-02
3.5741e-02
4.0163e-02
4.6280e-02
5.1240e-02
5.5408e-02
5.7537e-02
5.4725e-02
4.9501e-02
4.5700e-02
4.1960e-02
3.6862e-02
2.9919e-02
1.8899e-02
6.0139e-03
-2.3595e-03
-9.7082e-03
-1.8392e-02
-2.2404e-02
-1.8334e-02
-1.4632e-02
-1.3102e-02
-1.0764e-02
-2.5439e-03
7.8618e-03
9.9296e-03
8.4475e-03
9.1445e-03
8.7029e-03
6.6898e-03
8.7920e-03
1.7944e-02
3.2880e-02
5.4268e-02
6.7501e-02
6.5974e-02
5.9460e-02
5.1405e-02
4.3252e-02
3.7207e-02
2.6299e-02
1.4115e-02
6.6140e-03
1.7117e-03
-6.2208e-03
-1.5920e-02
-2.2711e-02
-2.5323e-02
-2.1583e-02
-1.5289e-02
-1.3217e-02
-1.7139e-02
-2.3822e-02
-2.9585e-02
-3.3062e-02
-3.2879e-02
-3.3166e-02
-3.3460e-02
-3.4569e-02
-3.6677e-02
-4.1417e-02
-4.7770e-02
-5.8073e-02
-7.2447e-02
-8.4394e-02
-9.4135e-02
-1.0185e-01
-1.0733e-01
-1.0952e-01
-1.0622e-01
-9.4603e-02
-7.5517e-02
-5.7005e-02
-4.0879e-02
-1.7177e-02
9.7001e-03
3.6256e-02
6.0958e-02
6.7296e-02
6.1766e-02
6.3661e-02
6.4054e-02
5.8597e-02
4.9175e-02
3.7702e-02
3.0411e-02
3.1143e-02
3.7622e-02
5.0780e-02
6.5501e-02
7.4862e-02
7.3201e-02
6.2811e-02
4.3398e-02
1.7736e-02
-9.0575e-04
-1.5301e-02
-5.3339e-02
-8.8648e-02
-1.0326e-01
-1.1991e-01
-1.2000e-01
-1.1958e-01
-1.1518e-01
-9.6802e-02
-6.6375e-02
-2.8786e-02
1.5905e-03
2.7796e-02
5.7483e-02
6.5782e-02
5.8209e-02
4.9934e-02
2.6491e-02
-5.0633e-03
-2.5667e-02
-3.5022e-02
-3.8933e-02
-3.4845e-02
-1.0548e-02
3.8851e-02
8.6652e-02
9.4701e-02
8.9072e-02
9.4578e-02
8.7915e-02
7.4205e-02
6.2725e-02
3.8963e-02
3.4719e-02
3.9056e-02
3.3872e-02
3.2229e-02
3.6550e-02
4.0861e-02
4.5389e-02
5.1730e-02
5.3437e-02
4.5027e-02
3.0025e-02
1.7200e-02
6.5086e-03
-8.8957e-03
-3.3267e-02
-4.7395e-02
-5.3817e-02
-6.0110e-02
-6.6866e-02
-7.1637e-02
-7.5866e-02
-8.1032e-02
-8.6334e-02
-8.8812e-02
-8.9273e-02
-8.6443e-02
-8.1907e-02
-7.5557e-02
-7.0749e-02
-6.5159e-02
-5.5822e-02
-4.7057e-02
-3.1570e-02
-8.5071e-03
2.4448e-02
5.8959e-02
7.3169e-02
8.3830e-02
9.4841e-02
8.7559e-02
7.1701e-02
5.9375e-02
5.9292e-02
6.7197e-02
7.7144e-02
9.2178e-02
9.9604e-02
9.1277e-02
7.6731e-02
6.4057e-02
5.1169e-02
3.9137e-02
1.9963e-02
7.5573e-03
4.8425e-03
2.2903e-03
4.6203e-03
1.1545e-02
1.8260e-02
2.1223e-02
1.8171e-02
1.2010e-02
5.5134e-03
-3.6888e-03
-2.0447e-02
-3.4475e-02
-4.6990e-02
-5.5838e-02
-5.7995e-02
-5.5964e-02
-5.1431e-02
-4.7581e-02
-4.3316e-02
-3.4992e-02
-2.0414e-02
-7.8612e-03
-1.2034e-03
5.3692e-03
1.1420e-02
1.9231e-02
2.8503e-02
4.0734e-02
5.3674e-02
5.3190e-02
4.9044e-02
4.3603e-02
3.6137e-02
3.0512e-02
3.1007e-02
3.2720e-02
3.4415e-02
2.9007e-02
1.5856e-02
1.0473e-03
-1.2889e-02
-2.7947e-02
-4.2840e-02
-6.2921e-02
-8.0597e-02
-9.2215e-02
-1.0898e-01
-1.2777e-01
-1.4457e-01
-1.5335e-01
-1.4887e-01
-1.4889e-01
-1.4847e-01
-1.4649e-01
-1.4397e-01
-1.3458e-01
-1.1033e-01
-7.3644e-02
-3.6095e-02
-1.3104e-02
3.8698e-03
2.6019e-02
4.9945e-02
5.5766e-02
4.0514e-02
2.3970e-02
9.5355e-03
-1.3737e-02
-2.9311e-02
-2.7830e-02
-2.1701e-02
-8.9398e-03
1.5405e-03
1.5017e-02
3.9563e-02
6.0895e-02
7.3325e-02
7.8225e-02
8.1562e-02
7.8402e-02
5.4628e-02
2.0573e-02
-4.5541e-03
-1.9567e-02
-1.9833e-02
-2.3568e-02
-2.4841e-02
-1.6373e-02
-5.5417e-03
4.6367e-03
1.2428e-02
1.9939e-02
2.9937e-02
2.8234e-02
1.2647e-02
-9.4841e-03
-2.8844e-02
-2.7325e-02
-2.9024e-02
-3.3068e-02
-2.7256e-02
-1.5554e-02
-4.3979e-03
1.4909e-04
2.8166e-03
6.6203e-03
8.6014e-03
8.5026e-03
1.1202e-02
1.7686e-02
2.4122e-02
3.4942e-02
4.6855e-02
5.5622e-02
6.5736e-02
7.6359e-02
8.7733e-02
9.6617e-02
9.9845e-02
9.7166e-02
8.8192e-02
7.4226e-02
5.9002e-02
4.2836e-02
3.3893e-02
2.8308e-02
2.6454e-02
2.6723e-02
1.8840e-02
5.7019e-03
-2.7862e-03
-1.3572e-02
-2.0807e-02
-3.4454e-02
-6.0917e-02
-7.8932e-02
-7.8230e-02
-7.7342e-02
-7.6749e-02
-7.1788e-02
-6.5844e-02
-5.6024e-02
-4.5360e-02
-3.7756e-02
-3.4891e-02
-3.2584e-02
-2.6157e-02
-1.5118e-02
4.6646e-03
2.3504e-02
4.9364e-02
7.2433e-02
8.4719e-02
9.6659e-02
1.1105e-01
1.1793e-01
1.0626e-01
8.3927e-02
5.8432e-02
4.4692e-02
3.9461e-02
3.3805e-02
3.8196e-02
5.0609e-02
6.0582e-02
5.8585e-02
5.0844e-02
4.4230e-02
4.0238e-02
3.4096e-02
2.7608e-02
2.0702e-02
1.1777e-02
6.4711e-03
1.4172e-03
-5.8200e-03
-9.1445e-03
-9.4007e-03
-9.6835e-03
-1.1800e-02
-1.8093e-02
-3.5880e-02
-6.8362e-02
-8.3774e-02
-7.5777e-02
-8.5270e-02
-1.0211e-01
-1.0118e-01
-8.8931e-02
-7.8507e-02
-7.6005e-02
-7.4490e-02
-7.2891e-02
-7.0079e-02
-6.6327e-02
-6.2941e-02
-6.2058e-02
-6.3863e-02
-6.5834e-02
-6.6487e-02
-6.7221e-02
-6.4646e-02
-5.9819e-02
-5.6526e-02
-5.3230e-02
-5.1296e-02
-5.2155e-02
-5.4272e-02
-5.6170e-02
-5.6602e-02
-5.4836e-02
-4.9401e-02
-3.9730e-02
-2.9821e-02
-2.0407e-02
-9.3568e-03
-1.6688e-03
4.1513e-03
1.1011e-02
1.7701e-02
2.4539e-02
3.4663e-02
4.8402e-02
5.3352e-02
5.1689e-02
4.8443e-02
4.6465e-02
4.3957e-02
3.7395e-02
2.3654e-02
7.3151e-03
2.1939e-03
-1.6739e-03
-1.0667e-02
-1.7077e-02
-1.6970e-02
-5.4418e-03
1.2051e-02
2.2834e-02
3.3044e-02
4.9927e-02
6.7069e-02
8.2199e-02
8.2535e-02
6.8174e-02
6.3316e-02
5.9344e-02
5.7260e-02
6.1342e-02
7.0239e-02
8.1743e-02
8.3257e-02
7.3102e-02
6.4329e-02
5.8626e-02
5.6446e-02
6.0173e-02
8.1903e-02
1.1367e-01
1.0667e-01
7.8773e-02
4.3994e-02
6.3606e-03
-1.9995e-02
-1.0358e-02
-9.8692e-05
-1.1403e-03
1.5828e-02
4.8969e-02
6.7863e-02
6.2324e-02
4.5647e-02
2.4480e-02
5.2087e-03
-9.9003e-03
-8.1713e-03
1.8725e-03
1.0168e-02
2.7446e-02
4.1335e-02
3.8696e-02
2.5536e-02
1.2616e-02
-8.8780e-04
-7.7568e-03
-6.2311e-03
-7.1977e-03
-7.0040e-03
-1.6064e-03
2.6523e-03
1.4635e-03
-5.1625e-03
-1.4075e-02
-2.4313e-02
-3.6651e-02
-5.2655e-02
-6.8947e-02
-7.9683e-02
-8.8851e-02
-9.6702e-02
-1.0287e-01
-1.0445e-01
-9.7739e-02
-8.7205e-02
-7.6278e-02
-5.9604e-02
-3.3105e-02
-2.5432e-03
6.8230e-03
3.3629e-03
3.8227e-03
-4.9492e-03
-2.1599e-02
-3.7347e-02
-4.6871e-02
-5.0746e-02
-5.2702e-02
-4.9688e-02
-4.6655e-02
-4.6097e-02
-4.3661e-02
-3.7272e-02
-2.3046e-02
-2.4465e-03
1.8030e-02
3.7096e-02
4.3337e-02
4.3938e-02
3.7618e-02
2.4121e-02
8.1232e-03
-3.5715e-03
-1.0990e-02
-1.6760e-02
-1.9621e-02
-2.2078e-02
-2.4635e-02
-2.1156e-02
-1.4132e-02
-9.9106e-03
-6.4819e-03
-4.5565e-03
-5.8680e-03
-1.2518e-02
-2.2839e-02
-3.9923e-02
-5.9003e-02
-7.4432e-02
-7.5405e-02
-7.8069e-02
-8.1561e-02
-7.9087e-02
-7.6649e-02
-7.5168e-02
-6.8741e-02
-5.6432e-02
-3.9163e-02
-1.7742e-02
1.6697e-02
5.3247e-02
8.7275e-02
1.0765e-01
9.9181e-02
1.0243e-01
1.1852e-01
1.2480e-01
1.2028e-01
1.0608e-01
8.4371e-02
4.6119e-02
3.3048e-02
2.5375e-02
2.4284e-02
3.1124e-02
5.3218e-02
9.0192e-02
1.1502e-01
8.3257e-02
6.9738e-02
7.3227e-02
6.3245e-02
4.6984e-02
3.3433e-02
2.5195e-02
2.7047e-02
3.5683e-02
5.1572e-02
6.8656e-02
6.3831e-02
3.0024e-02
1.1782e-02
1.0647e-02
8.5714e-03
4.7129e-03
9.9903e-03
3.3535e-02
6.0304e-02
6.2200e-02
6.7848e-02
7.8676e-02
7.3282e-02
5.9093e-02
4.5534e-02
3.9387e-02
3.9854e-02
4.0831e-02
4.4676e-02
4.9262e-02
5.1342e-02
4.3862e-02
2.3479e-02
-2.2175e-03
-1.9839e-02
-2.5661e-02
-3.4397e-02
-4.3958e-02
-4.5943e-02
-4.1222e-02
-3.7220e-02
-3.6613e-02
-3.5188e-02
-3.3388e-02
-2.9540e-02
-2.4466e-02
-2.2738e-02
-2.6570e-02
-3.1857e-02
-3.7496e-02
-4.9126e-02
-6.4363e-02
-7.0080e-02
-6.6964e-02
-6.9642e-02
-7.8770e-02
-9.0640e-02
-9.6569e-02
-7.9229e-02
-5.0349e-02
-2.2082e-02
4.6787e-03
8.7607e-03
1.5562e-02
3.0073e-02
4.2198e-02
5.0702e-02
5.8859e-02
5.8318e-02
4.8970e-02
3.0465e-02
6.1244e-04
-1.7597e-02
-3.6508e-02
-5.0868e-02
-5.1872e-02
-5.2716e-02
-4.9849e-02
-4.4073e-02
-3.7422e-02
-3.0491e-02
-2.3364e-02
-1.7752e-02
-1.3360e-02
-1.0773e-02
-1.0862e-02
-1.3962e-02
-1.8344e-02
-2.2618e-02
-2.8594e-02
-3.5004e-02
-4.1713e-02
-4.7672e-02
-5.4326e-02
-6.0422e-02
-6.2005e-02
-6.1728e-02
-6.0482e-02
-5.8696e-02
-6.1859e-02
-6.6756e-02
-6.8406e-02
-6.7711e-02
-6.0567e-02
-4.8934e-02
-3.8806e-02
-3.0219e-02
-1.5872e-02
1.8961e-03
1.6891e-02
3.4064e-02
5.2021e-02
6.9930e-02
8.0051e-02
7.9839e-02
7.3844e-02
6.5454e-02
6.3063e-02
6.2348e-02
5.5088e-02
4.2942e-02
3.2915e-02
3.0773e-02
3.3957e-02
3.9061e-02
4.9353e-02
6.0563e-02
6.3586e-02
5.9599e-02
5.4493e-02
4.6922e-02
3.4416e-02
1.2528e-02
-7.9134e-03
-2.6722e-02
-3.4082e-02
-2.9108e-02
-2.4327e-02
-1.8311e-02
-1.2810e-02
-1.0793e-02
-1.5030e-02
-2.2378e-02
-2.9097e-02
-3.7057e-02
-4.7083e-02
-5.6211e-02
-6.4349e-02
-7.2323e-02
-7.3824e-02
-6.6252e-02
-5.9013e-02
-5.3688e-02
-4.9227e-02
-4.6560e-02
-4.5836e-02
-4.9014e-02
-4.9858e-02
-4.5688e-02
-3.9714e-02
-3.7180e-02
-3.5805e-02
-3.2502e-02
-2.7263e-02
-1.9009e-02
-1.0182e-02
-3.0856e-03
4.0717e-03
1.1910e-02
2.2644e-02
3.4697e-02
4.6867e-02
5.9707e-02
6.7468e-02
6.6755e-02
6.2625e-02
6.1753e-02
6.0648e-02
5.6135e-02
5.1095e-02
4.7012e-02
4.3720e-02
4.3558e-02
4.9893e-02
4.8795e-02
3.1493e-02
8.6329e-03
-9.8351e-03
-2.1559e-02
-2.7995e-02
-3.9681e-02
-4.9427e-02
-5.7330e-02
-6.6316e-02
-7.5539e-02
-8.7945e-02
-1.0093e-01
-1.0781e-01
-1.0066e-01
-9.9047e-02
-1.1062e-01
-1.0570e-01
-8.5819e-02
-5.8879e-02
-2.0832e-02
-1.4953e-03
-3.4817e-03
-8.6772e-03
-9.5225e-03
-1.0403e-02
-1.4459e-02
-1.7633e-02
-2.0024e-02
-2.4548e-02
-3.0336e-02
-3.4078e-02
-3.7791e-02
-4.0175e-02
-3.6951e-02
-2.7401e-02
-1.4382e-02
-2.7706e-03
5.1523e-04
7.6963e-04
1.3717e-03
-2.1773e-03
-1.2246e-02
-1.9468e-02
-2.5457e-02
-3.1811e-02
-3.1091e-02
-2.3944e-02
-1.3518e-02
-5.8486e-03
-2.9665e-03
6.9124e-04
7.8615e-03
1.8565e-02
3.2375e-02
4.7264e-02
5.4146e-02
4.9839e-02
3.9407e-02
1.8880e-02
-6.5905e-03
-1.8430e-02
-2.2322e-02
-2.8827e-02
-3.1475e-02
-2.6629e-02
-1.3746e-02
3.0748e-03
2.3354e-02
3.9655e-02
5.2438e-02
6.7827e-02
7.2263e-02
6.2026e-02
4.6790e-02
3.1960e-02
2.2413e-02
1.4925e-02
7.2641e-03
1.5928e-04
-4.7348e-03
-5.7055e-03
-1.4836e-03
3.1896e-03
4.2886e-03
7.1424e-03
7.3493e-03
8.1364e-03
1.4576e-02
2.6008e-02
4.0222e-02
4.7228e-02
4.3752e-02
3.4468e-02
2.3283e-02
1.6986e-02
1.6901e-02
1.3863e-02
9.6174e-03
1.3938e-02
2.6346e-02
4.0346e-02
5.3311e-02
6.6976e-02
6.3815e-02
6.6631e-02
7.7400e-02
7.8251e-02
7.4151e-02
7.3159e-02
7.4250e-02
7.1982e-02
6.6807e-02
5.9557e-02
5.2503e-02
4.7173e-02
4.7388e-02
4.6535e-02
4.4645e-02
4.8004e-02
4.8890e-02
4.2900e-02
3.3262e-02
2.0977e-02
1.0041e-02
3.3780e-03
-7.3444e-04
-3.8816e-03
-6.0528e-03
-8.2649e-03
-1.1157e-02
-1.5064e-02
-1.8699e-02
-1.9961e-02
-1.8600e-02
-1.5035e-02
-1.2765e-02
-1.0020e-02
-6.5049e-03
-3.4564e-03
-2.2409e-03
-3.3459e-03
-5.0293e-03
-5.8588e-03
-6.0944e-03
-3.8827e-03
-1.1595e-03
-3.3625e-04
4.0290e-03
1.0111e-02
1.5055e-02
1.8042e-02
1.9836e-02
1.7987e-02
1.2602e-02
7.4902e-03
3.5480e-03
3.1059e-04
-2.1042e-03
-4.5715e-03
-4.2277e-03
-4.1924e-03
-8.2891e-03
-1.3908e-02
-2.2694e-02
-3.4117e-02
-4.3460e-02
-4.9759e-02
-5.8402e-02
-6.6999e-02
-7.4785e-02
-8.2990e-02
-8.5970e-02
-7.9784e-02
-6.8384e-02
-5.1237e-02
-2.8730e-02
-1.6990e-02
-2.2024e-04
2.1828e-02
3.7921e-02
5.4241e-02
7.1538e-02
7.3644e-02
6.2163e-02
5.3308e-02
4.1196e-02
1.9270e-02
-1.2187e-02
-4.1458e-02
-5.8807e-02
-5.9986e-02
-5.1565e-02
-3.6772e-02
-1.3664e-02
6.4014e-03
2.1040e-02
3.3589e-02
4.5026e-02
5.1028e-02
4.7809e-02
3.7687e-02
2.1997e-02
4.6908e-03
-9.6249e-03
-1.9455e-02
-2.8797e-02
-3.7560e-02
-4.0647e-02
-3.5008e-02
-1.6148e-02
4.0320e-03
2.5827e-02
5.4434e-02
6.4717e-02
5.8882e-02
4.6772e-02
3.3228e-02
2.2057e-02
1.2870e-02
1.8095e-03
-8.9510e-03
-1.7654e-02
-2.4768e-02
-3.0342e-02
-3.3309e-02
-3.6841e-02
-3.9044e-02
-3.7649e-02
-3.1420e-02
-2.0787e-02
-4.8326e-03
6.7574e-03
1.7491e-02
3.4945e-02
4.3729e-02
5.1831e-02
6.2363e-02
6.7706e-02
7.0363e-02
6.5905e-02
5.8690e-02
5.3652e-02
5.0838e-02
4.8281e-02
4.5882e-02
4.4908e-02
4.7984e-02
5.1900e-02
5.1969e-02
4.9575e-02
4.2523e-02
3.5584e-02
2.9936e-02
1.8369e-02
1.2420e-02
3.3616e-03
-9.9684e-03
-1.6644e-02
-1.9417e-02
-2.7166e-02
-3.4631e-02
-4.2227e-02
-5.1538e-02
-6.1207e-02
-6.7960e-02
-7.5582e-02
-8.1947e-02
-8.8065e-02
-9.2922e-02
-9.3436e-02
-8.9311e-02
-7.8524e-02
-5.9441e-02
-3.9399e-02
-2.4988e-02
-1.6757e-02
-1.5319e-02
-1.6366e-02
-2.3085e-02
-3.3054e-02
-5.2581e-02
-6.6650e-02
-8.3849e-02
-9.2500e-02
-9.4925e-02
-1.0112e-01
-1.0574e-01
-1.0533e-01
-9.9273e-02
-8.8610e-02
-7.5419e-02
-6.6897e-02
-5.7786e-02
-4.6907e-02
-3.7418e-02
-2.5768e-02
-1.6385e-02
-6.5415e-03
3.4318e-03
8.4249e-03
1.5430e-02
1.9672e-02
1.6132e-02
1.1847e-02
6.7759e-03
1.2170e-03
-2.4835e-03
-5.0174e-03
-7.4523e-03
-1.1710e-02
-1.6984e-02
-2.2600e-02
-2.8863e-02
-3.2684e-02
-3.4215e-02
-3.5531e-02
-3.5717e-02
-3.4599e-02
-3.5121e-02
-3.7458e-02
-3.7170e-02
-3.1507e-02
-2.3663e-02
-1.3762e-02
-4.1225e-03
3.3028e-03
1.0823e-02
1.7061e-02
2.0562e-02
2.1844e-02
2.2530e-02
2.3671e-02
2.4396e-02
2.5340e-02
2.6902e-02
2.7620e-02
2.8318e-02
2.9445e-02
3.0533e-02
3.0266e-02
3.0964e-02
3.2480e-02
3.5493e-02
4.0184e-02
4.4841e-02
5.0457e-02
5.6945e-02
6.2274e-02
6.3164e-02
6.0401e-02
5.5876e-02
4.7691e-02
3.4530e-02
2.1937e-02
1.1687e-02
6.9011e-03
7.5782e-03
1.1311e-02
1.9422e-02
3.1398e-02
4.0688e-02
4.4328e-02
4.5112e-02
3.9647e-02
2.8526e-02
1.8183e-02
9.2941e-03
3.2672e-03
1.6412e-03
5.2069e-03
1.1952e-02
1.8519e-02
2.4891e-02
2.8801e-02
3.2160e-02
3.2759e-02
2.8211e-02
2.4021e-02
2.0822e-02
1.6712e-02
1.1245e-02
4.4563e-03
-1.9492e-03
-5.0097e-03
-7.1391e-03
-8.1444e-03
-8.0149e-03
-6.1823e-03
-3.0753e-03
1.4676e-03
8.3597e-03
1.4171e-02
1.6734e-02
1.6037e-02
1.1786e-02
9.2463e-03
8.3365e-03
6.8709e-03
8.3682e-03
1.2994e-02
1.7619e-02
2.1951e-02
2.6664e-02
3.1177e-02
3.4746e-02
3.8655e-02
4.1544e-02
4.4809e-02
4.7475e-02
5.1317e-02
5.3589e-02
5.2551e-02
5.0409e-02
4.6355e-02
4.1202e-02
3.5106e-02
3.1218e-02
2.7744e-02
2.4526e-02
2.2401e-02
2.2277e-02
2.5492e-02
2.9361e-02
3.1212e-02
3.4859e-02
3.6931e-02
3.6435e-02
3.2521e-02
2.6166e-02
1.6264e-02
6.5185e-03
-1.4093e-03
-8.3084e-03
-1.6755e-02
-2.3814e-02
-3.1146e-02
-3.5471e-02
-3.7620e-02
-4.0433e-02
-4.3355e-02
-4.6990e-02
-4.8019e-02
-4.8854e-02
-5.0254e-02
-4.8892e-02
-4.6753e-02
-4.3554e-02
-3.5671e-02
-2.3750e-02
-1.2233e-02
5.6142e-05
8.4544e-03
1.3745e-02
1.6788e-02
1.5143e-02
1.2317e-02
1.0013e-02
7.4979e-03
5.3842e-03
4.1786e-03
3.3308e-03
9.3181e-04
-2.2272e-03
-5.7294e-03
-9.6921e-03
-1.5460e-02
-2.1231e-02
-2.6309e-02
-3.2311e-02
-3.7476e-02
-4.0544e-02
-4.1703e-02
-4.2878e-02
-4.2924e-02
-3.9381e-02
-3.5174e-02
-2.9302e-02
-2.3668e-02
-1.6779e-02
-1.0356e-02
-4.5974e-03
5.4530e-04
6.2642e-03
1.2408e-02
1.8777e-02
2.4669e-02
2.8906e-02
3.0420e-02
3.5253e-02
4.0635e-02
4.0992e-02
4.0525e-02
4.1838e-02
4.2188e-02
4.0402e-02
3.7362e-02
3.0575e-02
2.3940e-02
2.0354e-02
1.6332e-02
1.3044e-02
1.2655e-02
1.2658e-02
1.3506e-02
1.5991e-02
1.9318e-02
2.4085e-02
2.7781e-02
2.9209e-02
2.8897e-02
2.6832e-02
2.3119e-02
1.9943e-02
1.6457e-02
1.1361e-02
8.2452e-03
7.3888e-03
7.8683e-03
7.7509e-03
5.9674e-03
2.6187e-03
-1.5810e-03
-5.7811e-03
-1.1261e-02
-1.8735e-02
-2.5431e-02
-3.0868e-02
-3.5080e-02
-3.7822e-02
-4.0591e-02
-4.1714e-02
-4.1182e-02
-3.9064e-02
-3.6251e-02
-3.3932e-02
-3.2063e-02
-2.9840e-02
-2.5845e-02
-2.2781e-02
-1.9363e-02
-1.4679e-02
-1.0822e-02
-7.5487e-03
-3.7462e-03
2.1533e-03
9.9383e-03
1.9373e-02
2.8240e-02
3.2502e-02
3.4955e-02
3.8157e-02
4.0781e-02
3.6815e-02
3.2400e-02
3.1045e-02
2.6908e-02
2.1003e-02
1.4091e-02
5.5417e-03
-1.7693e-03
-9.6376e-03
-1.5130e-02
-1.9207e-02
-2.1513e-02
-2.4416e-02
-2.5267e-02
-2.4534e-02
-2.2560e-02
-2.0237e-02
-1.7292e-02
-1.2152e-02
-7.0778e-03
-2.3787e-03
-2.9804e-04
2.2501e-03
1.3976e-03
-1.1995e-03
-4.0806e-03
-5.5016e-03
-7.0307e-03
-8.1562e-03
-8.8421e-03
-9.4195e-03
-1.0324e-02
-1.1965e-02
-1.3570e-02
-1.4354e-02
-1.6599e-02
-1.7963e-02
-1.7908e-02
-1.7163e-02
-1.6155e-02
-1.7016e-02
-1.7127e-02
-1.8310e-02
-2.1057e-02
-2.3026e-02
-2.5804e-02
-2.9148e-02
-3.1655e-02
-3.2363e-02
-3.3352e-02
-3.3394e-02
-3.1608e-02
-3.0177e-02
-2.9232e-02
-2.7815e-02
-2.5435e-02
-2.3412e-02
-2.3078e-02
-2.1618e-02
-1.9373e-02
-1.8748e-02
-1.8178e-02
-1.7442e-02
-1.6237e-02
-1.5608e-02
-1.4855e-02
-1.4115e-02
-1.3126e-02
-1.2546e-02
-1.1682e-02
-1.1122e-02
-1.1455e-02
-1.0114e-02
-9.9082e-03
-1.0676e-02
-1.0339e-02
-1.0006e-02
-1.0098e-02
-1.0245e-02
-1.1132e-02
-1.3847e-02
-1.5401e-02
-1.7353e-02
-1.9530e-02
-2.0068e-02
-1.7788e-02
-1.5598e-02
-1.3134e-02
-1.0015e-02
-6.7157e-03
-3.1365e-03
2.6733e-04
3.0084e-03
5.9151e-03
8.4346e-03
9.3024e-03
9.6240e-03
6.6621e-03
2.4925e-03
-7.1588e-04
-3.3087e-03
-5.0455e-03
-7.4015e-03
-7.7917e-03
-9.0763e-03
-1.0434e-02
-1.1851e-02
-1.3105e-02
-1.4279e-02
-1.4461e-02
-1.2789e-02
-8.6628e-03
-3.9933e-03
1.2386e-03
7.1461e-03
1.0702e-02
1.4913e-02
1.7303e-02
1.8048e-02
1.7184e-02
1.5039e-02
1.2757e-02
9.2776e-03
6.4840e-03
4.0464e-03
2.6574e-04
-1.4152e-03
-1.9464e-03
-3.7893e-03
-2.9512e-03
-1.6285e-03
-1.4106e-03
-7.1375e-04
-1.9969e-03
-4.6862e-03
-8.5556e-03
-1.2129e-02
-1.7002e-02
-2.2968e-02
-2.5984e-02
-2.9741e-02
-3.3876e-02
-3.6141e-02
-3.5246e-02
-3.1446e-02
-2.5547e-02
-1.8716e-02
-1.0549e-02
-5.2658e-03
-2.4855e-03
7.8898e-04
2.7519e-03
1.9626e-03
7.5171e-04
1.3207e-03
1.5824e-03
1.4872e-03
3.0027e-03
5.0086e-03
7.6720e-03
1.1574e-02
1.3481e-02
1.5749e-02
1.7902e-02
2.0830e-02
2.4380e-02
2.6368e-02
2.8257e-02
2.9217e-02
2.9268e-02
3.0178e-02
2.7533e-02
2.4263e-02
2.0810e-02
1.6666e-02
1.2188e-02
7.9887e-03
4.5158e-03
1.5799e-03
-1.6903e-04
-1.9196e-04
3.4946e-04
1.5891e-03
4.2736e-03
8.4143e-03
1.1246e-02
1.2462e-02
1.4832e-02
1.6369e-02
1.6055e-02
1.7853e-02
1.9187e-02
1.9456e-02
2.1744e-02
2.3110e-02
2.3205e-02
2.4644e-02
2.6421e-02
2.5901e-02
2.6082e-02
2.5523e-02
2.3434e-02
2.3612e-02
2.2014e-02
2.0502e-02
1.8235e-02
1.7150e-02
1.5409e-02
1.2108e-02
1.0574e-02
8.9845e-03
6.8682e-03
6.1336e-03
7.3102e-03
1.0095e-02
1.1734e-02
1.3717e-02
1.6504e-02
1.6833e-02
1.5491e-02
1.4500e-02
1.4015e-02
1.2167e-02
1.1885e-02
1.1074e-02
9.5615e-03
8.5217e-03
7.2798e-03
5.8018e-03
5.2283e-03
5.1089e-03
5.5102e-03
6.0490e-03
6.5236e-03
4.7460e-03
2.7768e-03
8.9421e-04
-9.4555e-04
-1.9976e-03
-3.1246e-03
-1.4182e-03
1.6182e-03
4.6531e-03
8.6358e-03
1.1787e-02
1.3423e-02
1.3278e-02
1.1674e-02
7.4800e-03
2.8950e-03
-1.4327e-03
-6.6130e-03
-1.0561e-02
-1.3584e-02
-1.5919e-02
-1.7679e-02
-1.7736e-02
-1.7317e-02
-1.5802e-02
-1.4177e-02
-1.3410e-02
-1.3665e-02
-1.4906e-02
-1.7212e-02
-1.8479e-02
-2.0426e-02
-2.2629e-02
-2.4547e-02
-2.7118e-02
-2.8445e-02
-3.0829e-02
-3.1624e-02
-3.2616e-02
-3.2849e-02
-3.1529e-02
-3.0009e-02
-2.6575e-02
-2.2161e-02
-1.8338e-02
-1.3205e-02
-6.5649e-03
-2.6606e-03
1.5549e-03
5.9355e-03
8.4390e-03
9.9439e-03
1.1063e-02
1.1782e-02
1.1435e-02
1.0877e-02
1.0476e-02
1.1801e-02
1.2502e-02
1.1923e-02
1.1095e-02
9.7768e-03
6.6819e-03
3.4902e-03
1.5635e-03
-1.5819e-03
-3.6058e-03
-4.4075e-03
-6.7114e-03
-8.3167e-03
-8.5937e-03
-9.8727e-03
-1.1845e-02
-1.2956e-02
-1.4217e-02
-1.4662e-02
-1.3900e-02
-1.3992e-02
-1.2226e-02
-8.6381e-03
-5.7887e-03
-3.4906e-03
-1.3987e-03
4.1884e-04
1.6287e-03
1.0662e-03
9.5033e-04
1.6062e-03
8.8616e-04
2.8747e-04
8.7853e-04
1.2869e-03
2.2414e-03
1.9799e-03
3.1570e-03
4.6475e-03
5.5867e-03
7.4394e-03
7.6846e-03
7.3078e-03
7.4078e-03
7.8095e-03
7.8848e-03
7.7928e-03
7.5208e-03
6.6241e-03
6.2985e-03
5.6145e-03
3.9289e-03
3.2066e-03
1.6265e-03
-7.4396e-04
-1.6481e-03
-2.0549e-03
-2.7050e-03
-4.4187e-03
-4.6577e-03
-4.7497e-03
-5.7087e-03
-5.7313e-03
-5.2517e-03
-4.9517e-03
-4.2871e-03
-2.7951e-03
-2.5510e-03
-2.4509e-03
-1.1757e-03
-2.0358e-03
-4.1088e-03
-5.3344e-03
-7.2323e-03
-9.7181e-03
-1.0729e-02
-1.2250e-02
-1.2539e-02
-1.3335e-02
-1.3348e-02
-1.3159e-02
-1.3488e-02
-1.3583e-02
-1.3476e-02
-1.3472e-02
-1.3266e-02
-1.2409e-02
-1.1429e-02
-9.6116e-03
-8.5359e-03
-5.9746e-03
-5.4987e-03
-5.0665e-03
-3.0381e-03
-1.0242e-03
1.4206e-04
1.4611e-03
2.6844e-03
3.6405e-03
4.9217e-03
4.6115e-03
3.5321e-03
3.4071e-03
3.9043e-03
4.0761e-03
4.6253e-03
6.1206e-03
8.4015e-03
9.8095e-03
1.2111e-02
1.5178e-02
1.7262e-02
1.8723e-02
1.8532e-02
1.7729e-02
1.6916e-02
1.6086e-02
1.4846e-02
1.4909e-02
1.4676e-02
1.3612e-02
1.2868e-02
1.2875e-02
1.3289e-02
1.3070e-02
1.2838e-02
1.2658e-02
1.2086e-02
1.2571e-02
1.2650e-02
1.2422e-02
1.1969e-02
1.1209e-02
1.0873e-02
1.0513e-02
9.0859e-03
7.6914e-03
8.1700e-03
8.3369e-03
8.0632e-03
7.8302e-03
7.2462e-03
6.5348e-03
6.2178e-03
4.1909e-03
2.1600e-03
2.2514e-03
2.2397e-03
1.4110e-03
1.9549e-03
2.3781e-03
4.2473e-03
5.6667e-03
7.2738e-03
8.2354e-03
7.0868e-03
7.1713e-03
8.3448e-03
9.7457e-03
1.0131e-02
1.1482e-02
1.1583e-02
1.0448e-02
1.0016e-02
9.7940e-03
8.7067e-03
8.5560e-03
8.1909e-03
7.6804e-03
8.2979e-03
9.4041e-03
1.0146e-02
9.7241e-03
9.3338e-03
9.7515e-03
9.7041e-03
8.3062e-03
7.6076e-03
8.4171e-03
7.8869e-03
7.7897e-03
8.3205e-03
8.1819e-03
6.8185e-03
6.0917e-03
5.1927e-03
4.7105e-03
5.0202e-03
5.0798e-03
4.7346e-03
4.6454e-03
4.7331e-03
4.7341e-03
4.6520e-03
4.0821e-03
3.3970e-03
3.7217e-03
5.2601e-03
7.0483e-03
8.2639e-03
1.1169e-02
1.3751e-02
1.5233e-02
1.5748e-02
1.6039e-02
1.6841e-02
1.6605e-02
1.7258e-02
1.6814e-02
1.4691e-02
1.2451e-02
9.9544e-03
7.7810e-03
6.2693e-03
4.3736e-03
3.4573e-03
2.9115e-03
2.8887e-03
2.9839e-03
2.4898e-03
1.6435e-03
3.9507e-04
-6.6556e-04
-2.7235e-03
-3.5700e-03
-4.1745e-03
-5.5001e-03
-6.4680e-03
-6.1523e-03
-4.5224e-03
-5.0384e-03
-4.5349e-03
-4.5370e-03
-4.8758e-03
-4.5774e-03
-4.4350e-03
-4.7043e-03
-5.5271e-03
-6.0244e-03
-6.4903e-03
-7.1601e-03
-8.3099e-03
-8.8778e-03
-1.1263e-02
-1.3512e-02
-1.3784e-02
-1.4837e-02
-1.7686e-02
-1.7920e-02
-1.8236e-02
-1.8628e-02
-1.7970e-02
-1.6400e-02
-1.5502e-02
-1.3514e-02
-1.0649e-02
-9.2807e-03
-7.5752e-03
-5.6283e-03
-4.8354e-03
-4.9611e-03
-5.5912e-03
-6.7450e-03
-8.5207e-03
-8.7887e-03
-7.9622e-03
-8.1256e-03
-8.2861e-03
-7.4546e-03
-6.5589e-03
-6.3066e-03
-7.1102e-03
-6.8998e-03
-6.4681e-03
-7.0084e-03
-7.9182e-03
-8.5915e-03
-9.3363e-03
-9.8593e-03
-9.9230e-03
-8.9270e-03
-8.7200e-03
-8.3019e-03
-8.5342e-03
-7.6536e-03
-7.3732e-03
-7.9162e-03
-7.7753e-03
-7.9648e-03
-9.7358e-03
-1.2207e-02
-1.3952e-02
-1.5050e-02
-1.5873e-02
-1.6394e-02
-1.5612e-02
-1.3985e-02
-1.3577e-02
-1.3871e-02
-1.4305e-02
-1.3860e-02
-1.3578e-02
-1.3711e-02
-1.3320e-02
-1.2040e-02
-1.0899e-02
-9.3943e-03
-7.7142e-03
-6.6902e-03
-4.4489e-03
-3.6045e-03
-3.1636e-03
-2.5964e-03
-2.9889e-03
-2.7807e-03
-2.4550e-03
-2.5203e-03
-1.7371e-03
-4.7443e-04
-1.8962e-04
9.5665e-04
2.5151e-03
4.1739e-03
5.9547e-03
7.3068e-03
8.3968e-03
1.0447e-02
1.1277e-02
1.1672e-02
1.0153e-02
8.8870e-03
8.2458e-03
7.9254e-03
8.8336e-03
9.3208e-03
9.9925e-03
9.5211e-03
9.5435e-03
9.9554e-03
8.8010e-03
7.9165e-03
7.0316e-03
6.9542e-03
6.3545e-03
3.9519e-03
3.8275e-03
3.3011e-03
1.5460e-03
1.2659e-03
1.0993e-04
-1.1432e-03
-2.4017e-03
-4.2026e-03
-6.4432e-03
-8.1530e-03
-8.7653e-03
-1.1670e-02
-1.3097e-02
-1.2092e-02
-1.1400e-02
-1.1051e-02
-1.0110e-02
-9.6064e-03
-9.9682e-03
-1.0520e-02
-1.0947e-02
-1.0730e-02
-9.4758e-03
-7.6387e-03
-5.9331e-03
-4.0844e-03
-2.2370e-03
-1.0830e-03
1.6593e-04
2.3123e-03
3.5610e-03
5.2112e-03
5.6815e-03
6.2673e-03
6.3773e-03
5.3390e-03
3.1123e-03
5.7814e-04
-1.2343e-03
-3.0176e-03
-5.5876e-03
-7.3954e-03
-9.3310e-03
-1.1151e-02
-1.1928e-02
-1.3148e-02
-1.4965e-02
-1.5197e-02
-1.5263e-02
-1.5760e-02
-1.5628e-02
-1.4797e-02
-1.2873e-02
-1.1393e-02
-9.9575e-03
-8.0706e-03
-7.7696e-03
-8.3829e-03
-8.5827e-03
-8.8239e-03
-7.8687e-03
-5.8685e-03
-5.4161e-03
-4.9665e-03
-3.7630e-03
-2.5889e-03
-1.2340e-03
-2.7495e-04
-1.1442e-04
5.3705e-04
1.4755e-04
2.2304e-04
-3.0503e-04
-1.1304e-03
-2.3064e-04
-1.9903e-04
-6.5539e-04
6.7506e-04
2.4164e-03
2.1382e-03
2.4000e-03
2.1745e-03
2.3310e-03
2.1493e-03
8.4867e-04
6.3579e-05
2.5933e-04
1.3099e-04
5.7430e-04
8.4195e-04
2.4879e-04
7.0010e-04
9.2665e-04
-4.4066e-04
-1.2681e-03
-1.7089e-03
-1.3712e-03
-7.3655e-04
1.4608e-04
1.1787e-03
2.3482e-03
3.6317e-03
4.2526e-03
4.4365e-03
4.8775e-03
6.4341e-03
7.0110e-03
8.0553e-03
9.1184e-03
9.9902e-03
1.1021e-02
1.1659e-02
1.2258e-02
1.2899e-02
1.2289e-02
1.2837e-02
1.4010e-02
1.3814e-02
1.3253e-02
1.3140e-02
1.2568e-02
1.2522e-02
1.2946e-02
1.2725e-02
1.2115e-02
1.1794e-02
1.1887e-02
1.1469e-02
1.2147e-02
1.3004e-02
1.2731e-02
1.3094e-02
1.4182e-02
1.3820e-02
1.3671e-02
1.2806e-02
1.2024e-02
1.0983e-02
1.0123e-02
1.0095e-02
1.0237e-02
1.0320e-02
1.1682e-02
1.2479e-02
1.3439e-02
1.2806e-02
1.1678e-02
1.0598e-02
9.6616e-03
8.0442e-03
7.4020e-03
8.5429e-03
9.7462e-03
1.0317e-02
1.0938e-02
1.1528e-02
1.1336e-02
1.0775e-02
1.0327e-02
1.0126e-02
9.2255e-03
7.8029e-03
6.1424e-03
4.1253e-03
2.7185e-03
5.3274e-04
-1.1335e-03
-2.0018e-03
-3.4055e-03
-5.2644e-03
-6.1327e-03
-6.8589e-03
-7.6506e-03
-7.9381e-03
-8.5797e-03
-8.8269e-03
-7.9441e-03
-6.5705e-03
-6.6596e-03
-5.7867e-03
-5.1163e-03
-4.3356e-03
-5.0493e-03
-5.2717e-03
-6.4193e-03
-9.0698e-03
-8.8871e-03
-9.3747e-03
-1.0777e-02
-1.0807e-02
-9.7788e-03
-8.5960e-03
-8.4471e-03
-7.1644e-03
-7.9104e-03
-7.9448e-03
-9.7053e-03
-1.1826e-02
-1.3587e-02
-1.5256e-02
-1.6762e-02
-1.7051e-02
-1.7276e-02
-1.5704e-02
-1.6317e-02
-1.5460e-02
-1.4644e-02
-1.2969e-02
-9.9144e-03
-7.1573e-03
-4.5648e-03
-2.5732e-03
-5.6046e-04
5.0353e-04
1.4706e-03
4.5547e-04
-6.9444e-04
-2.7543e-03
-5.9351e-03
-8.6515e-03
-1.0284e-02
-1.2610e-02
-1.4095e-02
-1.3655e-02
-1.1979e-02
-1.1007e-02
-1.1101e-02
-1.0997e-02
-1.0167e-02
-9.2749e-03
-8.2447e-03
-7.5598e-03
-4.8134e-03
-2.8066e-03
-2.9618e-03
-1.4505e-03
-4.4348e-04
-2.2991e-03
-3.7894e-03
-4.8566e-03
-6.6799e-03
-7.1006e-03
-7.7760e-03
-9.0036e-03
-8.5036e-03
-8.3009e-03
-8.3530e-03
-6.2171e-03
-5.4222e-03
-4.3792e-03
-1.7343e-03
-3.1121e-04
1.2175e-03
2.8787e-03
3.3093e-03
2.8096e-03
3.0039e-03
4.2983e-03
4.9494e-03
5.0397e-03
5.4622e-03
5.4230e-03
5.9925e-03
6.7751e-03
6.4188e-03
6.8418e-03
7.2291e-03
8.2849e-03
8.8800e-03
8.7878e-03
8.8114e-03
7.5665e-03
6.2312e-03
6.4260e-03
6.3674e-03
6.0285e-03
7.3218e-03
6.9017e-03
5.0418e-03
4.4852e-03
4.3764e-03
4.1574e-03
3.4291e-03
3.3885e-03
3.7390e-03
4.6753e-03
5.4092e-03
5.3126e-03
6.4077e-03
7.3029e-03
7.9158e-03
9.0343e-03
9.4783e-03
9.2318e-03
9.0751e-03
8.9874e-03
7.8712e-03
6.6295e-03
5.4833e-03
3.3803e-03
1.1485e-03
2.6605e-04
-3.7204e-04
-1.3368e-03
-2.3917e-04
-6.2450e-05
-1.8344e-04
6.9073e-04
6.2798e-05
-2.8640e-05
-4.4060e-05
-1.3671e-05
1.1855e-03
1.5257e-03
2.2616e-03
3.9956e-03
4.3973e-03
3.9878e-03
3.6590e-03
3.4078e-03
4.2355e-03
5.1945e-03
4.7885e-03
3.7806e-03
5.4125e-03
6.7398e-03
8.3921e-03
1.0414e-02
1.3851e-02
1.4562e-02
1.4521e-02
1.3311e-02
1.1265e-02
1.0593e-02
9.8287e-03
9.4502e-03
1.0542e-02
1.2228e-02
1.2975e-02
1.2506e-02
1.3321e-02
1.1104e-02
6.4859e-03
3.2706e-03
8.8600e-04
-1.7993e-03
-2.1595e-03
-1.0979e-03
9.9188e-04
3.3637e-03
4.5882e-03
6.3531e-03
5.7457e-03
3.8806e-03
1.8409e-03
2.1312e-04
-1.7835e-03
-2.1362e-03
-4.2163e-04
-8.2504e-04
-3.2968e-04
7.9907e-04
-3.7844e-05
-2.5589e-04
2.3358e-04
-4.2964e-04
-4.3660e-04
-7.7276e-04
-7.2014e-04
-5.3910e-04
-7.0393e-04
-9.3560e-04
-1.6957e-03
-1.8914e-03
-8.4114e-04
-1.8924e-03
-3.0871e-03
-2.9141e-03
-2.5253e-03
-3.4208e-03
-5.0446e-03
-6.0793e-03
-5.8043e-03
-7.6136e-03
-9.1792e-03
-9.5355e-03
-1.0474e-02
-1.0931e-02
-1.0483e-02
-9.7537e-03
-8.7635e-03
-7.8167e-03
-6.9946e-03
-5.2773e-03
-3.4896e-03
-1.6310e-03
-1.0401e-03
-1.1684e-03
3.7960e-04
2.0048e-03
2.6757e-03
3.3945e-03
3.0771e-03
2.7525e-03
2.4572e-03
1.1954e-03
1.9371e-04
-5.4463e-04
-1.3931e-03
-1.1305e-03
-2.2136e-03
-2.5727e-03
-1.8557e-03
-2.1407e-03
-3.0302e-03
-3.0576e-03
-3.0629e-03
-3.3825e-03
-3.1640e-03
-2.6033e-03
-2.0053e-03
-1.7213e-03
-2.5058e-03
-2.8842e-03
-2.7135e-03
-3.4916e-03
-3.8911e-03
-2.4585e-03
-2.5284e-04
1.0026e-03
4.0122e-03
6.8836e-03
8.8687e-03
8.4214e-03
5.3066e-03
1.4458e-03
-7.8971e-04
-3.9139e-03
-7.9671e-03
-8.6114e-03
-9.1109e-03
-9.2371e-03
-8.4528e-03
-7.2772e-03
-7.5352e-03
-6.3071e-03
-4.9475e-03
-3.9033e-03
-2.1146e-03
-8.1851e-05
2.9753e-03
5.0767e-03
6.0233e-03
7.3677e-03
8.2947e-03
6.0356e-03
4.6282e-03
4.6808e-03
3.1993e-03
2.2035e-03
2.6108e-03
3.2892e-03
1.9849e-03
1.6352e-03
1.4334e-03
7.6267e-04
3.0918e-04
4.6612e-05
4.8112e-04
1.3994e-03
2.2413e-03
3.1710e-03
5.4742e-03
6.2104e-03
5.6307e-03
5.6749e-03
6.0667e-03
6.1943e-03
5.4500e-03
5.5680e-03
6.7447e-03
7.1328e-03
7.1554e-03
6.9366e-03
6.2622e-03
5.2381e-03
4.2058e-03
3.4557e-03
2.5279e-03
2.6452e-03
3.1462e-03
3.8307e-03
4.4738e-03
4.4552e-03
5.5448e-03
5.7922e-03
5.0279e-03
4.1436e-03
3.5499e-03
2.2623e-03
4.7598e-04
-2.2637e-04
-1.0494e-03
-1.1521e-03
-1.4417e-03
-1.4540e-03
-1.1056e-03
-8.1755e-04
-8.9669e-04
-6.7793e-05
9.6162e-04
1.6255e-03
2.0600e-03
2.9950e-03
2.5713e-03
1.0939e-03
6.4712e-04
1.4306e-03
-5.0031e-04
-1.9210e-03
-2.2673e-03
-2.9899e-03
-4.0286e-03
-3.8365e-03
-4.8984e-03
-4.8366e-03
-4.5436e-03
-5.5409e-03
-5.4134e-03
-4.9524e-03
-4.4333e-03
-3.2256e-03
-2.9527e-03
-2.8555e-03
-1.5245e-03
-1.8683e-03
-4.5221e-03
-4.5149e-03
-5.4572e-03
-6.9447e-03
-5.1938e-03
-4.9480e-03
-6.2206e-03
-6.0959e-03
-5.6778e-03
-5.8037e-03
-6.3228e-03
-6.2199e-03
-4.8939e-03
-5.0138e-03
-5.3600e-03
-5.0768e-03
-5.4678e-03
-4.4787e-03
-4.4860e-03
-3.9544e-03
-3.3090e-03
-2.9689e-03
-2.5884e-03
-2.2703e-03
-2.8070e-03
-4.4032e-03
-5.1041e-03
-4.9571e-03
-6.0949e-03
-6.7342e-03
-6.9772e-03
-7.4139e-03
-7.3729e-03
-7.8822e-03
-8.0865e-03
-8.4259e-03
-8.4091e-03
-7.3909e-03
-6.8565e-03
-6.2862e-03
-5.1219e-03
-3.4707e-03
-2.5087e-03
-1.9771e-03
4.4760e-04
1.7524e-03
2.4138e-03
4.1530e-03
4.2141e-03
4.6770e-03
4.4380e-03
4.1270e-03
3.1001e-03
1.3208e-03
-9.5599e-05
-5.1363e-04
-2.4563e-03
-4.0160e-03
-4.5720e-03
-6.5819e-03
-8.1028e-03
-8.4063e-03
-9.1723e-03
-9.1174e-03
-7.4444e-03
-7.2075e-03
-6.5133e-03
-4.5226e-03
-4.0650e-03
-4.3860e-03
-3.6078e-03
-3.4106e-03
-3.6434e-03
-2.7749e-03
-2.0552e-03
-2.5486e-03
-2.2111e-03
-1.1770e-03
-1.6764e-04
2.3708e-04
8.8118e-04
1.1442e-03
5.3743e-04
8.0467e-04
5.2086e-04
-3.4349e-04
-8.3152e-05
-2.8204e-04
-1.4126e-03
-2.3867e-03
-2.6637e-03
-2.7444e-03
-3.5422e-03
-4.2161e-03
-4.2039e-03
-3.8331e-03
-3.6210e-03
-2.9843e-03
-2.1704e-03
-1.0051e-03
-1.0025e-04
3.0801e-04
7.1629e-05
-4.2855e-04
-1.1717e-03
-2.0140e-03
-2.9942e-03
-3.9366e-03
-4.3984e-03
-3.6483e-03
-3.6230e-03
-2.9624e-03
-2.1273e-03
-2.8437e-03
-1.9658e-03
-1.0321e-03
-8.5287e-04
-6.6517e-04
-6.7357e-04
6.1798e-05
-2.3967e-04
-2.9172e-04
6.2554e-04
3.8707e-04
1.6899e-05
4.2459e-04
1.1505e-03
8.3143e-04
5.4744e-04
7.9615e-04
8.6996e-04
5.7639e-04
-6.3716e-05
4.1828e-04
1.3349e-03
8.9720e-04
1.1513e-03
1.3626e-03
2.4993e-04
-9.4079e-04
-9.9667e-04
-9.9318e-04
-1.1298e-03
-1.6898e-03
-4.0359e-04
5.4807e-04
2.2548e-04
6.7152e-04
7.3710e-04
4.9590e-04
6.9409e-04
8.3392e-04
1.3604e-03
2.0873e-03
2.3791e-03
2.7874e-03
3.9684e-03
4.6110e-03
5.1925e-03
6.0154e-03
6.2116e-03
5.5671e-03
5.3458e-03
6.0463e-03
5.5701e-03
5.3416e-03
6.2928e-03
6.2977e-03
6.8354e-03
6.9980e-03
6.5563e-03
6.7126e-03
6.9360e-03
6.8736e-03
7.2573e-03
8.1082e-03
8.0141e-03
7.5103e-03
7.7578e-03
7.9782e-03
7.8694e-03
6.9435e-03
6.1794e-03
7.6301e-03
8.0068e-03
7.0133e-03
7.5420e-03
8.7627e-03
8.1111e-03
6.6947e-03
6.2492e-03
5.7520e-03
5.1148e-03
3.7321e-03
2.7456e-03
1.9005e-03
8.4592e-04
-6.2011e-04
-2.4213e-03
-3.8034e-03
-5.1245e-03
-5.8099e-03
-5.3423e-03
-5.7941e-03
-6.7031e-03
-6.2811e-03
-7.0060e-03
-8.4962e-03
-9.1902e-03
-9.8035e-03
-9.6707e-03
-1.1488e-02
-1.1887e-02
-1.0789e-02
-1.0723e-02
-1.0428e-02
-9.9025e-03
-9.4594e-03
-8.9803e-03
-8.8713e-03
-8.7469e-03
-7.7441e-03
-6.8290e-03
-5.7581e-03
-4.4240e-03
-3.1236e-03
-2.5920e-03
-1.1436e-03
5.3428e-04
5.9951e-04
7.2751e-04
2.0845e-03
2.7378e-03
2.7112e-03
4.0217e-03
3.8624e-03
3.7563e-03
4.9604e-03
5.5148e-03
5.7040e-03
5.8161e-03
5.5854e-03
5.3079e-03
5.0716e-03
5.0861e-03
4.6602e-03
4.9243e-03
4.5066e-03
4.3259e-03
5.2563e-03
5.2446e-03
5.3890e-03
5.1890e-03
5.2030e-03
5.3230e-03
4.8939e-03
4.5247e-03
4.9877e-03
4.5466e-03
3.4965e-03
3.6287e-03
4.1888e-03
4.3513e-03
4.9519e-03
5.8224e-03
6.9843e-03
7.3844e-03
7.0349e-03
6.5281e-03
6.4985e-03
6.2613e-03
5.4049e-03
6.1015e-03
5.7404e-03
5.3603e-03
6.2617e-03
5.4527e-03
4.3544e-03
4.6982e-03
4.8177e-03
4.0938e-03
4.3803e-03
4.9339e-03
5.5453e-03
5.8608e-03
6.2297e-03
6.7631e-03
6.8963e-03
6.5516e-03
5.8912e-03
5.3203e-03
5.7805e-03
5.3484e-03
5.3941e-03
5.7697e-03
6.2198e-03
5.9133e-03
6.4718e-03
6.2932e-03
6.1489e-03
6.6560e-03
7.2690e-03
7.1936e-03
8.3994e-03
7.9701e-03
8.3333e-03
8.0755e-03
7.3518e-03
7.4691e-03
6.0968e-03
5.8728e-03
6.0288e-03
6.1226e-03
5.6077e-03
4.8734e-03
5.1951e-03
4.7359e-03
4.6251e-03
3.8464e-03
3.0124e-03
1.5781e-03
-4.3438e-04
-2.6138e-03
-4.0792e-03
-4.7547e-03
-5.6261e-03
-7.0437e-03
-7.6929e-03
-6.8123e-03
-7.2808e-03
-8.1835e-03
-6.9437e-03
-7.1807e-03
-7.6656e-03
-7.4075e-03
-7.2852e-03
-7.1311e-03
-6.5048e-03
-6.7056e-03
-6.4589e-03
-7.5708e-03
-8.0704e-03
-8.0867e-03
-8.9161e-03
-9.9635e-03
-8.8127e-03
-7.8307e-03
-7.7229e-03
-6.2825e-03
-4.5420e-03
-4.7991e-03
-5.9413e-03
-5.9848e-03
-5.5222e-03
-7.0870e-03
-7.4042e-03
-7.2207e-03
-7.0628e-03
-7.0294e-03
-6.2818e-03
-5.8189e-03
-5.5397e-03
-5.2870e-03
-5.7934e-03
-6.1111e-03
-4.5157e-03
-4.2597e-03
-5.2304e-03
-4.8044e-03
-3.5064e-03
-3.2095e-03
-3.0510e-03
-2.7398e-03
-2.4982e-03
-1.1483e-03
-1.6709e-03
-1.3252e-03
-1.2927e-03
-1.1428e-03
-1.6391e-04
3.0894e-04
5.4466e-04
1.0839e-03
1.6670e-03
2.4122e-03
3.5499e-03
3.3204e-03
2.8070e-03
2.9488e-03
2.3059e-03
1.5298e-03
6.2641e-04
3.1837e-04
-5.1161e-04
-1.4588e-04
-7.5961e-04
-7.2336e-04
-5.7212e-04
-7.3587e-04
-5.2343e-04
1.7288e-04
-6.3877e-05
4.2713e-04
2.2773e-04
-1.4742e-04
-5.8448e-04
-3.1796e-04
-1.1466e-03
-2.0917e-03
-2.7328e-03
-2.3345e-03
-3.9319e-03
-4.3598e-03
-4.6945e-03
-6.0299e-03
-6.1769e-03
-6.1948e-03
-6.4944e-03
-7.5032e-03
-7.9807e-03
-8.2656e-03
-9.2109e-03
-1.0139e-02
-9.7346e-03
-9.4108e-03
-9.8245e-03
-9.5388e-03
-8.1509e-03
-7.0060e-03
-5.9863e-03
-4.6491e-03
-4.4358e-03
-4.2553e-03
-3.7710e-03
-3.0901e-03
-1.8399e-03
-1.3703e-03
-2.4347e-04
4.1370e-04
2.1808e-05
-5.5779e-04
-9.7267e-04
-1.1904e-03
-1.2054e-03
-9.4975e-04
-2.9524e-04
1.1660e-03
1.9253e-03
2.6155e-03
3.2890e-03
3.1227e-03
2.5142e-03
2.0460e-03
2.2721e-03
2.2339e-03
1.5898e-03
2.3336e-03
3.2479e-03
3.3702e-03
4.0931e-03
5.1061e-03
5.6054e-03
6.0666e-03
5.9255e-03
6.8481e-03
7.1486e-03
7.0381e-03
8.4292e-03
9.4162e-03
9.6159e-03
1.0923e-02
1.1619e-02
1.1193e-02
1.1044e-02
1.1453e-02
1.1131e-02
1.0610e-02
1.0236e-02
8.6234e-03
7.7424e-03
7.5663e-03
7.7091e-03
8.1777e-03
8.7682e-03
9.0392e-03
9.4137e-03
9.4126e-03
9.1791e-03
9.3933e-03
8.9258e-03
8.6930e-03
8.5537e-03
7.7122e-03
7.8439e-03
7.6515e-03
6.6272e-03
6.8124e-03
7.2744e-03
6.9777e-03
7.4031e-03
7.6736e-03
7.8038e-03
8.0377e-03
7.7259e-03
6.6116e-03
6.4542e-03
6.2176e-03
4.4230e-03
3.4557e-03
3.4604e-03
3.1727e-03
2.9425e-03
3.8421e-03
4.4306e-03
5.2153e-03
5.5659e-03
5.0368e-03
5.0265e-03
4.6173e-03
3.2135e-03
2.2241e-03
1.5695e-03
5.9107e-04
-5.3733e-04
-1.5012e-03
-1.7492e-03
-2.0600e-03
-2.1216e-03
-2.0372e-03
-2.2909e-03
-3.0860e-03
-3.6949e-03
-4.6686e-03
-5.6870e-03
-5.1443e-03
-6.2322e-03
-6.6311e-03
-6.6703e-03
-6.6770e-03
-6.6565e-03
-6.6675e-03
-6.0248e-03
-6.2585e-03
-6.3871e-03
-5.4946e-03
-5.5370e-03
-5.4007e-03
-6.2604e-03
-6.7938e-03
-6.2306e-03
-6.4766e-03
-5.1021e-03
-4.4280e-03
-3.7760e-03
-2.7658e-03
-2.8150e-03
-3.3548e-03
-3.6697e-03
-3.2937e-03
-3.7823e-03
-3.6207e-03
-2.3335e-03
-1.2276e-03
-1.4662e-03
-1.9507e-04
-3.2575e-05
-1.2136e-03
-2.1561e-03
-1.3537e-03
-2.7608e-03
-3.0568e-03
-2.0040e-03
-1.3768e-03
-1.3414e-03
-1.2062e-03
-1.4630e-03
-1.3478e-03
-1.6603e-03
-3.2381e-03
-2.9328e-03
-2.4082e-03
-3.4920e-03
-3.0593e-03
-1.8640e-03
-1.9585e-03
-2.4020e-03
-1.5162e-03
-1.4506e-03
-1.0472e-03
-1.3142e-03
-1.6960e-03
-1.6258e-03
1.3495e-04
8.4977e-04
8.8300e-04
2.2995e-03
2.6105e-03
1.2972e-03
1.2399e-03
1.3391e-03
-4.1660e-04
-5.9666e-04
5.1837e-05
-1.1638e-03
-1.5416e-03
-4.8522e-04
-6.6353e-04
-1.7788e-03
-1.2439e-03
-1.3746e-03
-2.0636e-03
-1.6094e-03
-1.0769e-03
-5.0966e-04
-1.7725e-04
2.3066e-04
7.7670e-04
3.4869e-04
-2.6442e-04
-1.5594e-04
-2.2634e-04
-1.2240e-03
-1.6057e-03
-1.9251e-03
-2.4674e-03
-1.8576e-03
-1.9770e-03
-1.7031e-03
-1.4838e-03
-1.8961e-03
-1.8608e-03
-2.2637e-03
-3.6308e-03
-4.7308e-03
-5.3234e-03
-6.2779e-03
-7.4334e-03
-7.8302e-03
-8.0312e-03
-7.6052e-03
-7.3391e-03
-7.4175e-03
-6.5096e-03
-6.0218e-03
-6.5867e-03
-7.4180e-03
-7.6420e-03
-7.1137e-03
-6.9547e-03
-6.5628e-03
-5.8746e-03
-4.8682e-03
-4.5815e-03
-5.2238e-03
-5.7605e-03
-5.4115e-03
-6.3958e-03
-6.5953e-03
-6.5360e-03
-6.7808e-03
-6.6489e-03
-6.7890e-03
-7.5530e-03
-7.4363e-03
-7.0004e-03
-7.1674e-03
-6.5614e-03
-5.6721e-03
-5.6171e-03
-6.0994e-03
-6.0235e-03
-5.7139e-03
-5.5755e-03
-4.8473e-03
-4.1356e-03
-3.0572e-03
-2.2443e-03
-2.2069e-03
-1.8669e-03
-1.8763e-03
-2.0603e-03
-2.6990e-03
-3.0372e-03
-2.5268e-03
-2.2465e-03
-1.6660e-03
-1.2596e-03
-9.0157e-04
-8.7936e-04
-1.8658e-03
-1.5337e-03
-1.8080e-03
-1.3868e-03
-6.8500e-04
-1.1210e-03
-1.5815e-04
1.0183e-03
7.5921e-04
1.4525e-03
1.5102e-03
1.8602e-03
1.2595e-03
8.2639e-04
1.0431e-03
2.7527e-04
-3.7520e-04
-2.5050e-04
9.0843e-05
-1.5549e-04
-3.2921e-04
-2.5800e-04
-8.1010e-04
-3.9064e-04
2.3930e-04
-3.5859e-04
1.6608e-04
5.8794e-04
6.7081e-04
8.7018e-04
6.0719e-04
6.8816e-04
7.6742e-04
-8.9994e-06
-6.2974e-04
-1.0892e-04
9.4585e-05
-2.0989e-04
4.7032e-04
1.2350e-03
1.4598e-03
1.8159e-03
1.5379e-03
6.3298e-04
1.5714e-04
-5.9067e-04
-1.9042e-04
-7.5704e-04
-1.5744e-03
-1.1064e-03
-9.5477e-04
-1.1327e-03
-3.9024e-04
2.9616e-04
6.9202e-04
1.0797e-03
1.6608e-03
1.8892e-03
1.5126e-03
1.6421e-03
1.8724e-03
1.8177e-03
1.7643e-03
1.5349e-03
9.2113e-04
1.7373e-03
1.9808e-03
1.2252e-03
1.9834e-03
1.8782e-03
1.6175e-03
1.7757e-03
1.8553e-03
2.6647e-03
4.7211e-03
7.0264e-03
7.8741e-03
7.6985e-03
8.0085e-03
8.0188e-03
7.7060e-03
5.8929e-03
4.6395e-03
5.0557e-03
4.1427e-03
3.5429e-03
4.2241e-03
3.9989e-03
3.6551e-03
3.8298e-03
4.5779e-03
4.4402e-03
4.0130e-03
4.3792e-03
5.8652e-03
5.4705e-03
3.2741e-03
3.9133e-03
4.8700e-03
3.4422e-03
2.7933e-03
3.4193e-03
2.6426e-03
1.8783e-03
2.4668e-03
2.5930e-03
2.4843e-03
3.3690e-03
3.3609e-03
2.0515e-03
2.8928e-03
4.0132e-03
3.4199e-03
3.8191e-03
4.3695e-03
5.4151e-03
4.9169e-03
5.1622e-03
5.2517e-03
5.2322e-03
5.2493e-03
5.2976e-03
5.2890e-03
5.2570e-03
4.6526e-03
3.9055e-03
3.6537e-03
3.8405e-03
2.8348e-03
1.6868e-03
1.7895e-03
1.3641e-03
1.1531e-03
1.4562e-03
1.2608e-03
1.0150e-03
4.4206e-04
4.9380e-04
1.7965e-04
-7.6099e-04
-1.7702e-03
-1.5142e-03
-1.8065e-03
-2.6272e-03
-2.2797e-03
-2.1109e-03
-2.4078e-03
-2.2872e-03
-1.3782e-03
-8.2064e-04
-7.0788e-04
-2.2125e-03
-5.3729e-03
-6.0110e-03
-7.4287e-03
-8.2128e-03
-6.5404e-03
-5.6836e-03
-6.7687e-03
-5.7587e-03
-5.1780e-03
-4.6009e-03
-5.2273e-03
-4.3237e-03
-3.1671e-03
-4.6045e-03
-5.5916e-03
-4.8864e-03
-5.0094e-03
-6.1987e-03
-5.3850e-03
-3.5294e-03
-3.4519e-03
-3.7706e-03
-2.9441e-03
-2.7656e-03
-3.0908e-03
-2.2222e-03
-2.0674e-03
-1.8891e-03
-1.8078e-03
-2.7894e-03
-3.3400e-03
-3.4499e-03
-3.9633e-03
-4.7324e-03
-5.1693e-03
-5.5345e-03
-5.9713e-03
-5.5655e-03
-4.5780e-03
-3.4656e-03
-2.6869e-03
-1.8730e-03
-8.0967e-04
-1.1233e-04
-8.8586e-04
-2.2886e-03
-1.4455e-03
-1.3482e-03
-1.0860e-03
4.6237e-04
6.9324e-04
2.0041e-03
3.4308e-03
3.8794e-03
4.8624e-03
5.3870e-03
5.5872e-03
5.4540e-03
4.0100e-03
2.8875e-03
2.4232e-03
1.4830e-03
4.7734e-04
8.6991e-04
4.2673e-04
-7.1324e-04
-3.3059e-04
3.9316e-05
-3.2883e-04
-3.7159e-04
4.8980e-04
1.1385e-03
1.4170e-03
3.2931e-03
4.4960e-03
4.8043e-03
5.9486e-03
7.2176e-03
8.0891e-03
8.2075e-03
7.8879e-03
8.0616e-03
8.3063e-03
7.5161e-03
6.1249e-03
6.0926e-03
6.0891e-03
5.1149e-03
5.2315e-03
6.2397e-03
7.2587e-03
6.9127e-03
6.1807e-03
6.6621e-03
6.9559e-03
6.7923e-03
7.3417e-03
7.5350e-03
6.4481e-03
6.3922e-03
5.9114e-03
4.2233e-03
3.4431e-03
3.9658e-03
3.7461e-03
3.0393e-03
3.9650e-03
5.3566e-03
5.5569e-03
4.8512e-03
4.2473e-03
2.7408e-03
1.5792e-03
7.6855e-04
7.2982e-04
1.5775e-04
-6.8026e-04
5.7162e-04
6.4466e-04
3.6485e-04
1.2932e-03
1.2858e-03
1.4035e-03
1.8022e-03
1.4695e-03
1.9148e-03
3.0427e-03
3.2518e-03
2.9142e-03
2.8412e-03
3.5353e-03
4.4280e-03
4.6575e-03
4.9589e-03
5.5939e-03
6.1370e-03
6.5595e-03
6.6048e-03
5.9101e-03
5.2557e-03
4.6465e-03
3.2354e-03
2.3029e-03
2.3357e-03
1.0669e-03
8.8777e-04
1.4763e-03
1.6951e-03
2.6736e-03
1.7958e-03
1.7544e-03
3.0932e-03
3.4235e-03
2.8824e-03
3.7330e-03
4.6133e-03
4.6674e-03
4.2002e-03
3.4896e-03
2.3642e-03
1.5121e-03
1.4995e-03
1.2376e-03
1.1103e-03
1.1825e-03
1.0171e-03
3.4664e-04
3.1815e-04
1.6109e-04
-7.1374e-04
-1.1257e-03
-8.8574e-04
-1.2827e-03
-1.7072e-03
-1.3147e-03
-1.3472e-03
-6.5711e-04
1.9861e-04
-3.3448e-04
8.8727e-04
1.6891e-03
1.5066e-03
2.4008e-03
1.6688e-03
6.7773e-04
6.5900e-04
1.7870e-04
-1.4245e-03
-1.8655e-03
-9.9122e-04
-1.8679e-03
-2.0418e-03
-1.7158e-03
-1.8600e-03
-1.6447e-03
-2.7964e-04
-7.4618e-04
-6.3145e-04
-3.3426e-04
-4.2816e-04
3.2065e-04
3.2837e-04
6.7412e-04
1.4903e-03
1.1001e-03
8.1856e-04
1.1697e-03
1.2409e-03
5.2999e-04
3.7591e-04
2.9021e-04
-6.0309e-04
-1.0721e-03
-1.2578e-03
-1.7610e-03
-2.0435e-03
-1.6287e-03
-1.7070e-03
-1.5351e-03
-1.1282e-03
-2.0068e-03
-2.3921e-03
-1.9259e-03
-2.6010e-03
-2.4128e-03
-2.4846e-03
-3.5778e-03
-3.7220e-03
-3.0585e-03
-3.0326e-03
-2.6051e-03
-1.8637e-03
-8.1187e-04
-8.1655e-04
-1.1993e-03
-4.5512e-04
-1.2399e-03
-1.9621e-03
-1.2140e-03
-1.1409e-03
-2.2216e-03
-2.1445e-03
-1.6107e-03
-1.8551e-03
-2.0301e-03
-1.7962e-03
-4.9038e-04
-1.3718e-03
-2.1833e-03
-1.9276e-03
-1.0380e-03
-3.6455e-04
-1.0867e-03
-1.3355e-03
-8.9170e-04
-8.3422e-04
-3.7760e-04
-2.1668e-04
-6.8174e-04
-1.1725e-03
-1.6756e-03
-1.4076e-03
-2.3208e-03
-2.9134e-03
-2.6433e-03
-2.9679e-03
-3.4658e-03
-3.5942e-03
-3.2587e-03
-3.9760e-03
-4.2359e-03
-3.7199e-03
-3.8191e-03
-3.6041e-03
-3.1557e-03
-4.0272e-03
-4.4494e-03
-3.7185e-03
-3.7435e-03
-4.4836e-03
-4.8367e-03
-5.1172e-03
-5.9419e-03
-5.6465e-03
-5.9949e-03
-5.9278e-03
-5.8990e-03
-6.2860e-03
-6.9318e-03
-6.9119e-03
-8.5845e-03
-9.1544e-03
-8.1170e-03
-9.0244e-03
-8.9033e-03
-7.7204e-03
-7.7180e-03
-8.1996e-03
-7.3841e-03
-7.5297e-03
-7.7526e-03
-7.5509e-03
-7.4952e-03
-7.4059e-03
-6.7517e-03
-6.8592e-03
-6.3209e-03
-5.7077e-03
-6.1925e-03
-6.2990e-03
-5.9718e-03
-5.7943e-03
-5.0731e-03
-4.6915e-03
-4.9624e-03
-3.7407e-03
-3.6999e-03
-3.6393e-03
-2.8042e-03
-3.7289e-03
-3.9598e-03
-3.3672e-03
-4.8277e-03
-4.9086e-03
-3.9290e-03
-3.6359e-03
-4.0498e-03
-4.2324e-03
-3.2841e-03
-3.2919e-03
-3.8153e-03
-4.2792e-03
-4.1252e-03
-3.7333e-03
-3.9622e-03
-4.0909e-03
-3.4074e-03
-3.2308e-03
-3.1572e-03
-2.8812e-03
-3.1599e-03
-3.0858e-03
-2.3362e-03
-2.2166e-03
-2.1483e-03
-1.8539e-03
-2.1223e-03
-1.4711e-03
-1.1728e-03
-1.7098e-03
-2.2115e-03
-2.1199e-03
-1.0853e-03
-5.6085e-04
-4.3631e-04
6.6579e-05
3.4483e-05
-6.5921e-04
-1.2457e-03
-1.4552e-03
-2.3027e-03
-3.6873e-03
-4.0775e-03
-4.0997e-03
-4.4304e-03
-4.3192e-03
-3.9708e-03
-3.2889e-03
-2.8941e-03
-2.0970e-03
-7.7454e-04
1.2779e-04
5.3361e-04
7.7638e-04
1.5106e-03
2.1733e-03
2.2090e-03
1.8939e-03
1.8928e-03
2.0321e-03
2.1262e-03
2.0476e-03
2.0578e-03
2.0312e-03
2.0102e-03
2.0457e-03
2.0462e-03
2.0797e-03
2.1420e-03
2.8522e-03
3.4518e-03
2.9604e-03
2.7560e-03
3.1157e-03
3.1083e-03
2.3258e-03
2.3547e-03
2.0044e-03
6.9127e-04
2.4148e-03
2.9282e-03
1.7208e-03
3.3059e-03
3.6021e-03
2.5916e-03
3.0585e-03
4.7248e-03
4.3936e-03
3.6480e-03
5.5441e-03
6.3905e-03
5.9688e-03
6.5942e-03
7.3009e-03
7.1025e-03
7.4957e-03
7.1812e-03
6.7408e-03
6.7273e-03
6.5935e-03
6.2224e-03
5.9357e-03
5.7482e-03
6.0969e-03
5.9477e-03
5.2606e-03
5.1002e-03
5.0628e-03
5.3204e-03
4.6076e-03
4.9116e-03
5.0127e-03
4.8718e-03
5.4116e-03
5.0561e-03
4.9710e-03
5.1636e-03
5.1882e-03
6.2918e-03
7.2021e-03
7.6197e-03
8.2853e-03
9.1571e-03
9.2890e-03
8.6654e-03
7.8063e-03
7.1874e-03
6.6715e-03
5.3120e-03
3.1178e-03
2.0252e-03
1.9753e-03
1.2431e-03
5.1632e-05
1.0726e-03
2.0516e-03
7.4654e-04
1.8322e-03
2.0407e-03
2.5654e-04
-4.7780e-04
2.6731e-05
-3.9712e-05
-1.2847e-03
-1.1264e-03
-5.6407e-04
3.1209e-04
1.6054e-03
1.0447e-03
3.5617e-04
9.4940e-04
1.2566e-05
-1.1338e-03
-8.9054e-04
-6.9222e-04
-7.6453e-04
2.0485e-04
4.8466e-04
1.4035e-04
-6.9311e-05
-9.3473e-04
-1.7906e-03
-2.1981e-03
-1.6621e-03
-1.6358e-03
-2.0664e-03
-8.8884e-04
-1.0944e-03
-2.8444e-03
-2.2886e-03
-2.7164e-03
-4.0335e-03
-4.0364e-03
-5.0050e-03
-5.3266e-03
-5.7822e-03
-6.3745e-03
-5.7351e-03
-5.8401e-03
-4.9548e-03
-3.3742e-03
-2.8124e-03
-2.0502e-03
3.5270e-04
1.6968e-03
1.6283e-03
2.9125e-03
4.3674e-03
3.9937e-03
2.2197e-03
6.6260e-04
2.4398e-04
-1.8218e-04
-9.4154e-04
-7.5382e-04
5.6038e-04
4.9765e-04
-5.8724e-04
-1.4092e-03
-1.3069e-03
-1.1066e-03
-2.2160e-03
-3.3903e-03
-3.1747e-03
-2.4664e-03
-2.8972e-03
-2.0002e-03
-1.5201e-03
-1.2336e-03
4.4352e-04
1.7944e-04
5.3980e-04
1.3981e-03
7.4305e-04
7.9794e-04
1.1789e-03
2.2654e-03
2.4473e-03
1.5450e-03
1.7935e-03
1.0018e-03
-1.5568e-05
8.4312e-05
-9.5550e-04
-1.2749e-03
-1.1013e-03
-9.4570e-04
-5.1014e-05
1.7194e-04
4.2722e-04
1.0968e-03
1.0518e-03
7.2324e-04
1.0076e-03
2.3042e-03
2.4862e-03
1.5212e-03
1.8374e-03
3.4137e-03
3.5556e-03
2.5228e-03
4.0425e-03
4.7379e-03
3.6006e-03
3.7806e-03
4.2382e-03
3.5011e-03
2.6253e-03
1.8479e-03
1.9376e-03
2.5569e-03
2.1865e-03
3.0959e-03
3.5400e-03
3.1509e-03
2.9385e-03
2.7265e-03
1.9803e-03
1.0588e-03
1.1239e-03
6.1393e-05
-2.8171e-04
-7.0490e-04
-1.2934e-03
-6.6369e-04
-7.9497e-04
-1.1658e-03
-1.0554e-03
-9.5713e-04
-2.2487e-03
-3.1733e-03
-3.4639e-03
-4.1377e-03
-5.0722e-03
-5.1578e-03
-3.3367e-03
-2.7727e-03
-2.1433e-03
-1.1906e-03
-6.8786e-04
1.0040e-04
-1.7434e-04
-3.6053e-04
2.9870e-06
-5.1381e-04
-1.3239e-03
-9.9401e-04
-1.8717e-03
-2.5324e-03
-3.0016e-03
-3.1836e-03
-3.8027e-03
-4.4103e-03
-3.6803e-03
-3.8127e-03
-4.3002e-03
-5.5576e-03
-5.3005e-03
-4.5160e-03
-4.9660e-03
-5.2362e-03
-5.0599e-03
-4.8899e-03
-3.4849e-03
-2.2261e-03
-1.7941e-03
-1.7310e-03
-2.6810e-03
-3.2090e-03
-3.1484e-03
-3.5698e-03
-4.2290e-03
-4.0042e-03
-3.7770e-03
-4.0765e-03
-4.0300e-03
-2.5893e-03
-2.7575e-03
-3.6192e-03
-3.3080e-03
-4.3548e-03
-4.2395e-03
-2.0941e-03
-1.8241e-03
-1.4626e-03
6.6613e-04
1.5518e-03
1.8325e-03
1.6672e-03
1.5011e-03
7.0406e-04
-6.0214e-04
-3.4248e-05
6.3149e-04
1.6960e-05
-2.1419e-04
1.1428e-03
1.4702e-03
1.6481e-03
2.2243e-03
2.8433e-03
3.2105e-03
2.5353e-03
2.7633e-03
3.0792e-03
2.9682e-03
2.9122e-03
3.5451e-03
3.1009e-03
2.4520e-03
3.0757e-03
3.1747e-03
4.0520e-03
4.3766e-03
4.7010e-03
5.2283e-03
5.1731e-03
5.4373e-03
4.7081e-03
4.6246e-03
4.0168e-03
2.3531e-03
2.8007e-03
2.4452e-03
2.7295e-03
3.7133e-03
3.8659e-03
5.2331e-03
5.0359e-03
4.2456e-03
3.5787e-03
3.5819e-03
3.2188e-03
2.6320e-03
3.2443e-03
3.1485e-03
3.9760e-03
4.3258e-03
3.4880e-03
4.8661e-03
4.3332e-03
2.9558e-03
4.1023e-03
3.4405e-03
2.1324e-03
3.1593e-03
4.1643e-03
4.4083e-03
3.4397e-03
3.1631e-03
2.7809e-03
1.9272e-03
1.0891e-03
6.1999e-04
-1.1604e-03
-2.6339e-03
-2.9405e-03
-3.1018e-03
-2.7736e-03
-2.2300e-03
-1.3239e-03
-1.4202e-03
-1.4161e-03
-5.9315e-04
1.1762e-03
1.0602e-03
9.3485e-04
3.0276e-03
4.1020e-03
5.0170e-03
6.8501e-03
7.9134e-03
8.4315e-03
9.6249e-03
1.0833e-02
1.0941e-02
1.0223e-02
9.3009e-03
6.8196e-03
4.3927e-03
2.1568e-03
3.0150e-04
-1.4038e-03
-2.3913e-03
-8.0712e-04
6.4856e-04
1.0407e-03
2.4972e-03
3.7370e-03
3.4207e-03
2.0692e-03
1.4197e-03
1.8734e-03
9.9694e-04
1.3818e-04
9.5903e-04
8.4960e-04
5.9677e-05
-8.3438e-04
-1.8187e-03
-2.1576e-03
-2.5962e-03
-2.1092e-03
-1.7105e-03
-2.9796e-04
5.0990e-04
1.1976e-03
1.8237e-03
8.3963e-04
-1.4411e-04
-9.4922e-04
-1.6800e-03
-2.8490e-03
-4.0851e-03
-3.3494e-03
-4.6636e-03
-4.4204e-03
-4.6584e-03
-6.4971e-03
-6.7407e-03
-7.1162e-03
-6.3420e-03
-5.2771e-03
-4.1328e-03
-2.3123e-03
-4.5515e-05
1.7306e-03
3.2996e-03
3.7359e-03
2.7961e-03
2.7493e-03
2.1693e-03
3.0460e-03
2.5937e-03
8.0794e-04
1.8328e-03
1.7053e-03
-7.4152e-04
-1.7546e-03
-2.7347e-03
-3.5036e-03
-4.2459e-03
-4.2614e-03
-4.0740e-03
-4.0971e-03
-3.3742e-03
-2.6561e-03
-2.0227e-03
-2.3336e-03
-7.9241e-04
-5.1539e-04
-5.3622e-04
-6.3721e-04
-8.7606e-04
-2.1741e-03
-2.5853e-03
-3.2642e-03
-3.5586e-03
-3.1193e-03
-3.2625e-03
-3.5795e-03
-3.5308e-03
-3.4650e-03
-3.5454e-03
-3.3782e-03
-2.5265e-03
-2.1787e-03
-2.6033e-03
-1.8452e-03
-8.0267e-04
-4.9881e-05
-4.3468e-04
6.8194e-04
6.2621e-04
1.3022e-04
4.8374e-04
6.6057e-04
5.2738e-04
5.0564e-04
5.6402e-04
5.9508e-04
5.1456e-04
5.2095e-04
5.6319e-04
2.2484e-04
-1.0866e-03
-4.5111e-04
7.7905e-05
-4.5275e-04
-5.8842e-04
-4.0578e-04
-4.0718e-04
-4.6241e-04
-4.4765e-04
-4.3345e-04
-4.4150e-04
-2.8209e-04
5.3892e-04
9.0424e-04
3.3937e-04
3.2087e-04
6.5319e-04
6.4381e-04
2.3142e-04
-1.3781e-03
-2.0856e-03
-1.1307e-03
-1.9132e-03
-2.9358e-03
-2.3495e-03
-2.1509e-03
-2.5323e-03
-2.5643e-03
-2.2860e-03
-1.4863e-03
-1.1523e-03
-1.7018e-03
-2.0375e-03
-3.0344e-03
-2.5101e-03
-2.1911e-03
-3.4729e-03
-3.9888e-03
-3.2658e-03
-3.3999e-03
-4.5992e-03
-4.9435e-03
-3.9515e-03
-2.6525e-03
-3.5900e-03
-3.7863e-03
-1.8716e-03
-2.3414e-03
-3.1320e-03
-2.5914e-03
-2.3591e-03
-2.5588e-03
-2.5355e-03
-2.4859e-03
-2.3536e-03
-1.5369e-03
-1.1569e-03
-2.0459e-03
-3.5407e-03
-3.6041e-03
-4.2480e-03
-4.9719e-03
-5.8283e-03
-5.3504e-03
-4.7629e-03
-3.6271e-03
-2.7129e-03
-2.0247e-03
-9.9845e-04
2.5625e-04
1.7062e-03
1.4646e-03
5.9208e-04
-3.4759e-04
-4.3394e-04
-1.2354e-03
-1.9060e-03
-3.0468e-03
-3.9162e-03
-3.1221e-03
-3.0319e-03
-3.6139e-03
-3.3037e-03
-1.8283e-03
-2.1341e-03
-1.1341e-03
1.4778e-04
-8.0960e-04
-1.4208e-03
-2.0578e-03
-1.4139e-03
-1.0775e-03
-1.5576e-03
-1.6666e-03
-1.2364e-03
8.8971e-05
-5.1763e-04
-1.0806e-03
-6.1262e-04
-4.4923e-04
-6.5348e-04
-6.5554e-04
-2.6148e-04
1.0261e-03
4.1359e-04
-1.6806e-04
3.6612e-04
3.7473e-04
-6.4753e-04
-1.2286e-03
-1.3994e-03
-1.7376e-03
-1.5383e-03
-1.5171e-03
-1.7965e-03
-1.4804e-03
-1.2939e-04
-7.1928e-04
-9.4616e-04
8.7076e-04
4.4223e-04
-2.7944e-04
2.1427e-04
3.7829e-04
-1.1246e-04
-1.4222e-03
-8.0748e-04
-3.2056e-04
-1.1431e-03
-2.4471e-03
-9.9643e-04
-4.2865e-05
-1.7007e-03
-1.1310e-03
-3.3542e-04
-8.8539e-04
-2.0813e-04
5.3143e-04
-6.8449e-04
-1.5222e-03
-7.2457e-04
-5.6809e-04
-2.2363e-03
-1.4078e-03
7.0346e-05
-6.8211e-04
1.2287e-04
4.5898e-04
-2.2868e-04
2.7860e-05
1.8250e-04
-1.2813e-03
-1.1682e-03
-2.8485e-04
-7.0925e-04
-8.4092e-04
6.9282e-04
1.2866e-03
1.0202e-03
9.5017e-04
1.0451e-03
1.2304e-03
1.2406e-03
1.1962e-03
1.1396e-03
5.4546e-04
1.2973e-03
1.6262e-03
1.1263e-03
2.5433e-03
2.7358e-03
3.1177e-03
2.5955e-03
1.5437e-03
2.1277e-03
1.1912e-03
8.0468e-04
6.2704e-05
-1.3580e-03
-6.5262e-04
-1.5062e-04
-8.0140e-04
-8.9264e-04
5.6443e-05
6.3972e-04
2.0569e-04
1.3635e-03
1.5235e-03
7.4539e-04
1.1016e-03
1.4369e-03
1.2764e-03
1.1961e-03
1.2722e-03
1.4146e-03
2.7332e-03
2.5665e-03
1.7425e-03
2.1754e-03
2.3932e-03
1.4342e-03
8.0910e-04
1.4100e-03
1.5697e-03
3.8773e-04
-2.6631e-04
3.9799e-04
5.7673e-04
1.7132e-04
1.8104e-04
4.2311e-04
1.6713e-03
1.4904e-03
7.1314e-04
1.1336e-03
1.4050e-03
1.2373e-03
1.1962e-03
1.2588e-03
1.2571e-03
1.2390e-03
1.2450e-03
1.2502e-03
1.2481e-03
1.2434e-03
1.1971e-03
1.2038e-03
1.2991e-03
1.9559e-03
1.9263e-03
2.1891e-03
2.3236e-03
2.0505e-03
2.1758e-03
2.2508e-03
2.2066e-03
2.2563e-03
2.2102e-03
2.1788e-03
2.2234e-03
2.2218e-03
2.2056e-03
2.2101e-03
2.2150e-03
2.2135e-03
2.2132e-03
2.3453e-03
3.6239e-03
2.8479e-03
2.7735e-03
3.5396e-03
3.2565e-03
3.7775e-03
3.8864e-03
3.4403e-03
2.8966e-03
2.3876e-03
2.0553e-03
1.5938e-03
1.0834e-03
5.6430e-04
1.6813e-04
1.0727e-03
1.0865e-03
3.3154e-04
-1.5224e-04
1.4946e-04
4.6934e-04
2.5823e-04
2.1523e-04
1.0141e-03
1.6261e-03
1.1058e-03
9.0654e-04
1.2104e-03
5.2947e-04
-1.6892e-04
2.1302e-04
-8.9925e-04
-1.0360e-03
4.6980e-04
7.3825e-04
-5.9533e-05
-1.1447e-04
3.0445e-04
3.0381e-04
1.9024e-04
3.5002e-04
1.7219e-03
1.5367e-03
7.0078e-04
1.1424e-03
1.4318e-03
1.2543e-03
1.2101e-03
1.2772e-03
1.1144e-03
2.7743e-04
-8.0961e-05
4.8892e-04
5.0586e-04
1.7424e-04
1.8693e-04
2.7791e-04
2.5299e-04
2.3230e-04
2.4579e-04
4.1116e-04
1.2247e-03
1.5903e-03
1.0283e-03
1.0100e-03
1.1797e-03
6.6426e-04
1.4859e-03
1.5626e-03
1.0554e-03
1.1820e-03
1.5080e-03
1.8605e-03
9.0545e-04
1.1149e-03
1.0109e-03
-4.8255e-04
4.0505e-04
4.9851e-04
-9.7139e-04
-9.0644e-04
7.9969e-04
7.5620e-04
-2.2096e-04
3.8357e-05
4.2042e-04
2.9368e-04
2.1242e-04
2.7453e-04
-2.3095e-04
-1.5310e-03
-5.5299e-04
-5.6783e-04
-1.9697e-03
-2.1596e-03
-1.3845e-03
-1.5599e-03
-1.8993e-03
-1.8057e-03
-1.7269e-03
-1.7736e-03
-1.7853e-03
-1.7789e-03
-2.6325e-03
-3.4192e-03
-2.4192e-03
-1.5646e-03
-1.2628e-03
-1.3348e-03
-4.1889e-04
-9.5465e-04
-6.1904e-04
-2.7095e-04
-1.1595e-03
-7.7654e-04
-5.0214e-04
-7.4961e-04
-8.0077e-04
-7.0783e-04
-2.8499e-04
8.7701e-05
3.6678e-05
8.6810e-04
1.4364e-03
1.3837e-03
1.5716e-03
2.5656e-03
2.5088e-03
2.0556e-03
1.1122e-03
9.7601e-04
1.2740e-03
8.3092e-04
3.5480e-04
2.1552e-04
5.6711e-04
-1.6622e-04
-1.0684e-03
-6.6425e-04
-2.7313e-04
-6.3236e-04
-7.6946e-04
-6.9006e-04
-6.8773e-04
-6.5024e-04
-6.4274e-04
-6.8054e-04
-6.7045e-04
-6.5475e-04
-6.5929e-04
-6.6193e-04
-6.5869e-04
-6.4425e-04
-5.2812e-05
1.0183e-04
2.0660e-04
4.3779e-04
1.8253e-04
2.4930e-04
3.9161e-04
3.6643e-04
9.3754e-04
1.7234e-03
1.3541e-03
9.6083e-04
1.2708e-04
-2.2454e-05
7.8362e-04
4.9844e-04
1.4828e-04
-9.0453e-04
-1.1200e-03
-1.8156e-04
-1.0361e-03
-2.1684e-03
-1.6821e-03
-1.2213e-03
-1.0140e-03
-4.3228e-04
-6.1138e-04
1.8725e-04
1.3309e-03
1.2640e-03
1.0875e-03
1.6645e-03
1.4489e-03
8.7448e-04
1.4160e-03
1.4802e-03
1.2322e-03
1.2603e-03
1.9178e-03
2.6795e-03
2.1458e-03
1.2147e-03
8.3853e-04
1.4078e-03
1.0184e-03
-1.8374e-04
2.1484e-04
6.7937e-04
2.7994e-04
1.5170e-04
9.1492e-04
1.7093e-03
1.1288e-03
8.0952e-04
1.2392e-03
1.3123e-03
1.1655e-03
1.1690e-03
1.2084e-03
1.1113e-03
-1.7821e-04
-4.0267e-05
7.5722e-04
3.5087e-04
6.6242e-05
2.4485e-04
9.8211e-04
1.4912e-03
1.1237e-03
2.1939e-03
2.3615e-03
1.6249e-03
1.8563e-03
1.4402e-03
7.5356e-04
1.0381e-03
-9.2994e-05
-1.5073e-03
-6.5036e-04
-1.8000e-04
-8.5031e-04
-9.8761e-04
-7.5793e-04
-2.0851e-04
-9.3535e-04
-1.2299e-03
-6.4588e-04
-7.1534e-04
-9.2580e-04
-8.6323e-04
-8.1589e-04
-8.2953e-04
-1.7138e-04
3.4849e-04
-1.7219e-04
-9.9673e-04
-1.2022e-03
-7.0827e-04
-6.2583e-04
-1.0522e-03
-2.2666e-03
-2.0597e-03
-1.3288e-03
-1.7418e-03
-1.9935e-03
-1.8067e-03
-1.7672e-03
-1.8252e-03
-1.7996e-03
-1.2782e-03
-6.4718e-04
-9.5663e-04
-1.2746e-03
-9.6181e-04
-8.4876e-04
-9.7580e-04
-2.0741e-03
-2.2892e-03
-1.3862e-03
-1.6302e-03
-1.9835e-03
-1.8809e-03
-1.8000e-03
-1.8168e-03
-1.8125e-03
-1.3161e-03
-6.9543e-04
-9.9113e-04
-1.2994e-03
-1.0297e-03
-9.0402e-04
-1.8592e-05
1.9276e-04
-5.5520e-04
1.5868e-04
1.0399e-03
5.9812e-04
2.5464e-04
5.9419e-04
6.8637e-04
5.6367e-04
5.2192e-04
5.1084e-04
5.1786e-04
5.1376e-04
6.1595e-06
-6.2434e-04
-3.4706e-04
-3.3402e-05
-3.0822e-04
-4.5559e-04
-3.5691e-04
1.6279e-04
6.6766e-04
3.9529e-04
1.0493e-03
1.5039e-03
8.4633e-04
9.3076e-04
1.1924e-03
1.1093e-03
1.0074e-03
1.0504e-03
1.0483e-03
6.9230e-04
6.8877e-04
1.3350e-03
9.5104e-04
7.3307e-04
9.4037e-04
6.3524e-04
-5.9525e-05
2.2399e-05
4.0521e-04
1.8655e-04
-6.9624e-06
-2.2736e-04
-7.7263e-04
-7.0744e-04
2.2572e-04
5.7968e-04
-2.5931e-04
-1.7136e-04
1.5046e-04
9.2388e-05
1.0311e-05
3.9504e-05
5.1165e-05
3.8430e-05
3.3812e-04
9.0912e-04
8.2487e-04
4.4864e-04
5.9333e-04
7.7917e-04
7.2101e-04
6.4140e-04
3.6340e-04
-1.8369e-04
-1.2805e-04
1.9978e-04
3.9992e-05
4.6281e-04
1.0472e-03
9.7127e-04
1.4304e-03
1.0837e-03
1.0791e-03
1.2662e-03
6.6929e-04
8.6030e-05
1.8528e-04
-2.9690e-04
2.7444e-05
3.4621e-05
-1.9835e-04
-1.8494e-04
-1.2508e-04
-1.4899e-04
-1.6727e-04
-1.6123e-04
-1.6290e-04
-1.7017e-04
-1.7370e-04
-1.8017e-04
-4.4966e-04
-9.4961e-04
-8.8133e-04
-5.5638e-04
-4.4821e-04
-3.7796e-04
-3.4035e-04
-7.3980e-05
-2.5990e-04
-2.8636e-04
-4.2569e-04
-9.0881e-04
-8.7687e-04
-5.7326e-04
-4.5990e-04
-3.6782e-04
-8.4146e-04
-1.0334e-03
-6.3574e-04
-1.1336e-03
-1.7306e-03
-1.1361e-03
-1.3250e-03
-2.0564e-03
-1.9529e-03
-1.5804e-03
-1.7240e-03
-1.8400e-03
-1.7540e-03
-1.7085e-03
-1.7132e-03
-1.6934e-03
-1.6641e-03
-1.6414e-03
-1.3952e-03
-9.4605e-04
-7.6228e-04
-5.8548e-04
-5.0171e-04
-4.2220e-04
-3.5637e-04
-4.9917e-04
-2.9797e-04
-1.0629e-03
-1.3142e-03
-4.9217e-04
-6.0084e-04
-1.2914e-03
-9.7006e-04
-7.7993e-04
-1.3474e-03
-1.7297e-03
-1.1757e-03
-1.1621e-03
-1.3850e-03
-9.2942e-04
-4.8560e-04
-9.5447e-04
-7.5489e-04
-3.3075e-04
-7.6485e-04
-9.8803e-04
-6.1730e-04
-6.0458e-04
-7.3944e-04
-7.0210e-04
-6.4894e-04
-6.5066e-04
-6.4406e-04
-6.3261e-04
-4.3833e-04
-2.3982e-04
-2.8895e-04
-2.9797e-04
-3.5311e-04
-2.6897e-05
-1.4258e-04
-2.1255e-04
4.9941e-05
4.1715e-05
-3.1930e-04
-1.1583e-04
-2.2588e-05
-1.3517e-04
-1.3048e-04
-8.0910e-05
-2.2955e-04
-5.2888e-04
-4.7123e-04
-2.7897e-04
-3.5925e-04
-7.0680e-04
-9.1050e-04
-5.4508e-04
-5.3972e-04
-6.7979e-04
-6.3325e-04
-5.6971e-04
-5.6487e-04
-5.4944e-04
-3.9086e-04
-1.3057e-04
-1.5217e-04
-2.8184e-04
-1.9457e-04
-1.2338e-04
-3.7351e-04
-5.7775e-04
-2.7601e-04
-2.5844e-04
-3.7419e-04
-3.3717e-04
-2.8206e-04
-2.7603e-04
-2.6402e-04
-2.3893e-04
-2.2052e-04
-2.9759e-04
-4.5439e-04
-2.2528e-04
7.2133e-05
-1.7681e-04
-2.0457e-04
-6.2617e-05
-4.6760e-05
1.0901e-04
2.8738e-04
1.9068e-04
3.5321e-04
4.2436e-04
3.1814e-04
3.5043e-04
4.0209e-04
3.8862e-04
3.7988e-04
3.8928e-04
3.9287e-04
3.9425e-04
5.3284e-04
6.5386e-04
5.5929e-04
6.7798e-04
7.2708e-04
6.3502e-04
6.4304e-04
6.6683e-04
5.8897e-04
4.7351e-04
5.3995e-04
6.4685e-04
5.9692e-04
6.0941e-04
5.8217e-04
5.7633e-04
6.4166e-04
7.0659e-04
7.3409e-04
6.4735e-04
5.7641e-04
6.4307e-04
6.3833e-04
5.9331e-04
5.8324e-04
5.7831e-04
4.8988e-04
4.1370e-04
4.9012e-04
4.3649e-04
3.2036e-04
3.5360e-04
3.9001e-04
3.0682e-04
3.2462e-04
3.8280e-04
3.3602e-04
3.6144e-04
4.2339e-04
3.9322e-04
3.5853e-04
3.7448e-04
3.7546e-04
2.9473e-04
2.7549e-04
3.2574e-04
3.0817e-04
2.8506e-04
2.8687e-04
2.8764e-04
2.8235e-04
3.0360e-04
2.8033e-04
2.5041e-04
2.7300e-04
2.7204e-04
2.5785e-04
2.5552e-04
2.5502e-04
2.5068e-04
2.4717e-04
2.6329e-04
2.8108e-04
2.6475e-04
2.4959e-04
2.5467e-04
2.5332e-04
2.4527e-04
2.4021e-04
2.3647e-04
2.3163e-04
2.2587e-04
2.2133e-04
2.1856e-04
2.1410e-04
2.0880e-04
2.0485e-04
2.0099e-04
1.9713e-04
2.1079e-04
2.0085e-04
1.8864e-04
1.9695e-04
1.8878e-04
1.8133e-04
1.7953e-04
1.8924e-04
1.8601e-04
1.6982e-04
1.6820e-04
1.6742e-04
1.6088e-04
1.5019e-04
1.5032e-04
1.4635e-04
1.3584e-04
1.3512e-04
1.2815e-04
1.2206e-04
1.2182e-04
1.1795e-04
1.1328e-04
1.1035e-04
1.0754e-04
1.0715e-04
1.0709e-04
1.0191e-04
9.2307e-05
8.9922e-05
9.1340e-05
8.2927e-05
7.8229e-05
7.9757e-05
7.6753e-05
7.3019e-05
7.1204e-05
6.9352e-05
6.8347e-05
6.7503e-05
6.2117e-05
5.8888e-05
5.8320e-05
5.4924e-05
5.2801e-05
5.0093e-05
4.7827e-05
4.7261e-05
4.5406e-05
4.3390e-05
4.1993e-05
4.0532e-05
3.8902e-05
3.7829e-05
3.6793e-05
3.4863e-05
3.3048e-05
3.2403e-05
3.0968e-05
2.9037e-05
2.7885e-05
2.6293e-05
2.4467e-05
2.2603e-05
2.1090e-05
1.9534e-05
1.7944e-05
1.6701e-05
1.5272e-05
1.3825e-05
1.2492e-05
1.1172e-05
9.8446e-06
8.5324e-06
7.1762e-06
5.9263e-06
4.6668e-06
3.4365e-06
2.2555e-06
1.0674e-06
-4.3421e-08
-1.2235e-06
-2.4123e-06
-3.5241e-06
-4.6307e-06
-5.7392e-06
-6.8250e-06
-7.8910e-06
-8.9449e-06
-1.0001e-05
-1.1011e-05
-1.1998e-05
-1.2987e-05
-1.3957e-05
-1.4905e-05
-1.5831e-05
-1.6754e-05
-1.7662e-05
-1.8548e-05
-1.9418e-05
-2.0274e-05
-2.1114e-05
-2.1937e-05
-2.2744e-05
-2.3535e-05
-2.4311e-05
-2.5070e-05
-2.5813e-05
-2.6541e-05
-2.7253e-05
-2.7949e-05
-2.8629e-05
-2.9293e-05
-2.9942e-05
-3.0576e-05
-3.1193e-05
-3.1796e-05
-3.2382e-05
-3.2954e-05
-3.3510e-05
-3.4051e-05
-3.4577e-05
-3.5087e-05
-3.5582e-05
-3.6062e-05
-3.6528e-05
-3.6978e-05
-3.7413e-05
