6.5830e-05
6.5278e-05
6.4397e-05
6.3332e-05
6.2250e-05
6.1639e-05
6.2023e-05
6.3822e-05
6.6644e-05
6.9086e-05
6.9234e-05
6.6149e-05
5.9796e-05
5.1578e-05
4.5120e-05
4.5054e-05
5.3723e-05
6.9336e-05
8.3824e-05
8.5919e-05
6.9269e-05
3.8791e-05
9.1801e-06
-2.3703e-06
1.2326e-05
4.5291e-05
7.9420e-05
1.0186e-04
1.0592e-04
8.8490e-05
5.1194e-05
8.1770e-07
-4.8992e-05
-7.9410e-05
-8.1025e-05
-5.8216e-05
-2.1633e-05
1.2001e-05
2.4341e-05
5.9617e-06
-3.6201e-05
-8.3871e-05
-1.2317e-04
-1.3779e-04
-1.1642e-04
-7.3132e-05
-4.1246e-05
-4.4885e-05
-8.1355e-05
-1.2444e-04
-1.3472e-04
-7.6152e-05
6.2804e-05
2.4641e-04
4.0360e-04
4.7046e-04
4.3151e-04
3.2552e-04
1.9440e-04
6.9819e-05
1.9993e-05
1.3761e-04
4.7018e-04
9.5129e-04
1.3915e-03
1.5841e-03
1.4317e-03
1.0075e-03
5.1029e-04
1.2267e-04
-9.0325e-05
-1.7023e-04
-2.1021e-04
-2.8158e-04
-4.0810e-04
-5.7435e-04
-7.6158e-04
-9.5825e-04
-1.1067e-03
-1.1241e-03
-9.7045e-04
-6.7371e-04
-3.2748e-04
-3.3253e-05
1.6253e-04
2.9017e-04
4.1119e-04
5.4585e-04
7.0863e-04
9.5046e-04
1.2733e-03
1.5514e-03
1.5668e-03
1.1577e-03
3.6350e-04
-5.6426e-04
-1.2707e-03
-1.5002e-03
-1.2856e-03
-9.3620e-04
-8.2601e-04
-1.1164e-03
-1.5864e-03
-1.7568e-03
-1.2097e-03
1.1975e-04
1.8488e-03
3.3439e-03
4.0466e-03
3.7454e-03
2.6974e-03
1.4804e-03
6.6006e-04
5.5080e-04
1.1101e-03
1.9835e-03
2.6067e-03
2.3831e-03
9.4603e-04
-1.6199e-03
-4.7111e-03
-7.3849e-03
-8.6677e-03
-7.8904e-03
-5.0708e-03
-1.0809e-03
2.6224e-03
4.8205e-03
5.1603e-03
4.1678e-03
2.8890e-03
2.2151e-03
2.4236e-03
3.2038e-03
3.9684e-03
4.1706e-03
3.4351e-03
1.7348e-03
-4.1441e-04
-2.0698e-03
-2.3923e-03
-1.3728e-03
8.0127e-05
9.3037e-04
7.5589e-04
-1.7193e-04
-1.2798e-03
-2.1227e-03
-2.6725e-03
-3.1917e-03
-3.8036e-03
-4.3171e-03
-4.3108e-03
-3.4825e-03
-2.0424e-03
-6.3232e-04
1.7903e-04
4.0236e-04
7.1161e-04
1.8078e-03
3.6515e-03
5.5626e-03
6.8367e-03
7.0613e-03
6.0808e-03
3.9487e-03
8.9011e-04
-2.7885e-03
-6.6279e-03
-9.7931e-03
-1.1254e-02
-1.0484e-02
-7.9942e-03
-5.0581e-03
-2.9154e-03
-2.1077e-03
-2.0701e-03
-1.3229e-03
1.6030e-03
6.8748e-03
1.2777e-02
1.6394e-02
1.5540e-02
1.0536e-02
3.7132e-03
-2.1678e-03
-5.2297e-03
-5.3587e-03
-3.8435e-03
-2.4741e-03
-2.6397e-03
-4.8034e-03
-8.3730e-03
-1.2059e-02
-1.4652e-02
-1.5529e-02
-1.4597e-02
-1.2103e-02
-8.4313e-03
-4.0034e-03
7.4381e-04
5.3650e-03
9.5204e-03
1.2908e-02
1.5208e-02
1.6341e-02
1.6360e-02
1.5264e-02
1.3030e-02
9.7252e-03
5.4584e-03
4.6114e-04
-4.8942e-03
-1.0052e-02
-1.4354e-02
-1.7159e-02
-1.8071e-02
-1.7207e-02
-1.5003e-02
-1.2064e-02
-9.2091e-03
-7.1955e-03
-6.2833e-03
-6.0498e-03
-5.4949e-03
-3.7193e-03
-6.7381e-04
2.9460e-03
6.2862e-03
8.8300e-03
1.0427e-02
1.1223e-02
1.1360e-02
1.0787e-02
9.7208e-03
8.7845e-03
8.3971e-03
8.3632e-03
8.2095e-03
7.5624e-03
6.2052e-03
4.0687e-03
1.0945e-03
-2.7460e-03
-7.0456e-03
-1.0595e-02
-1.1957e-02
-1.0318e-02
-5.8334e-03
3.9472e-04
6.6392e-03
1.1464e-02
1.4273e-02
1.5530e-02
1.6258e-02
1.7078e-02
1.8042e-02
1.8798e-02
1.8687e-02
1.6830e-02
1.2411e-02
5.2057e-03
-3.9081e-03
-1.2988e-02
-1.9541e-02
-2.1815e-02
-1.9764e-02
-1.4925e-02
-9.4559e-03
-5.2502e-03
-3.2880e-03
-3.4152e-03
-4.5188e-03
-5.0668e-03
-4.0474e-03
-1.4824e-03
1.9264e-03
5.1793e-03
7.2320e-03
7.6372e-03
6.8291e-03
5.7019e-03
5.0172e-03
4.8319e-03
4.2955e-03
2.3348e-03
-1.5151e-03
-6.8723e-03
-1.2721e-02
-1.7570e-02
-1.9851e-02
-1.8516e-02
-1.3323e-02
-5.0700e-03
4.4962e-03
1.3261e-02
1.9420e-02
2.2053e-02
2.1641e-02
1.9552e-02
1.6904e-02
1.4206e-02
1.1572e-02
8.8846e-03
5.8185e-03
2.1128e-03
-2.1599e-03
-6.4702e-03
-9.8366e-03
-1.1193e-02
-9.9514e-03
-6.6312e-03
-2.7982e-03
-1.6016e-04
2.8968e-04
-1.3464e-03
-3.8319e-03
-5.3525e-03
-4.6987e-03
-1.9417e-03
1.9047e-03
5.4588e-03
7.3716e-03
6.6666e-03
3.1119e-03
-2.4607e-03
-8.0891e-03
-1.1324e-02
-1.0396e-02
-5.4917e-03
1.1396e-03
6.7159e-03
9.4745e-03
9.5114e-03
8.2475e-03
6.7331e-03
4.6767e-03
1.3045e-03
-3.3341e-03
-7.9921e-03
-1.1033e-02
-1.1641e-02
-1.0231e-02
-7.9170e-03
-5.8200e-03
-4.5981e-03
-4.1385e-03
-3.9106e-03
-3.5006e-03
-2.7081e-03
-1.4168e-03
5.3871e-04
3.3762e-03
7.2259e-03
1.1739e-02
1.5896e-02
1.8314e-02
1.8013e-02
1.5119e-02
1.0720e-02
6.3727e-03
3.6034e-03
3.2192e-03
4.8573e-03
7.1003e-03
8.1076e-03
6.4685e-03
2.1696e-03
-3.0902e-03
-6.8070e-03
-7.4083e-03
-5.0488e-03
-1.4990e-03
7.1430e-04
7.6182e-06
-3.3413e-03
-7.5938e-03
-1.0397e-02
-9.7152e-03
-4.9281e-03
2.4879e-03
9.6549e-03
1.4161e-02
1.5138e-02
1.3305e-02
1.0312e-02
7.8889e-03
7.1039e-03
8.0087e-03
9.7215e-03
1.0891e-02
1.0563e-02
8.7150e-03
6.1207e-03
3.7059e-03
2.0042e-03
1.0958e-03
6.0288e-04
4.8784e-06
-9.1459e-04
-1.9331e-03
-2.4611e-03
-2.0104e-03
-7.9724e-04
3.6922e-04
9.9901e-04
1.4752e-03
2.6184e-03
4.6652e-03
6.8290e-03
7.9419e-03
7.3746e-03
5.4963e-03
3.1440e-03
9.2169e-04
-6.8954e-04
-8.3953e-04
1.4234e-03
6.1228e-03
1.1816e-02
1.6187e-02
1.7631e-02
1.6345e-02
1.3736e-02
1.1214e-02
9.6190e-03
9.2277e-03
1.0167e-02
1.2641e-02
1.6506e-02
2.0668e-02
2.3180e-02
2.2435e-02
1.8650e-02
1.3983e-02
1.0935e-02
1.0317e-02
1.1051e-02
1.1692e-02
1.1512e-02
1.0487e-02
8.9488e-03
7.2206e-03
5.2613e-03
2.6625e-03
-8.3223e-04
-4.8828e-03
-8.7817e-03
-1.1885e-02
-1.3773e-02
-1.4371e-02
-1.3853e-02
-1.2230e-02
-9.5129e-03
-6.2845e-03
-3.6278e-03
-2.3201e-03
-2.3747e-03
-3.4701e-03
-5.4612e-03
-8.4644e-03
-1.2775e-02
-1.8526e-02
-2.5239e-02
-3.1558e-02
-3.5680e-02
-3.6554e-02
-3.4672e-02
-3.1776e-02
-2.9880e-02
-3.0291e-02
-3.2984e-02
-3.6696e-02
-3.9851e-02
-4.1522e-02
-4.1724e-02
-4.1318e-02
-4.1604e-02
-4.3449e-02
-4.6554e-02
-4.9732e-02
-5.1968e-02
-5.3045e-02
-5.3432e-02
-5.3914e-02
-5.5202e-02
-5.7683e-02
-6.1388e-02
-6.6057e-02
-7.0887e-02
-7.4343e-02
-7.4850e-02
-7.2040e-02
-6.6832e-02
-6.0751e-02
-5.4974e-02
-4.9400e-02
-4.2893e-02
-3.4423e-02
-2.4088e-02
-1.3450e-02
-4.5761e-03
1.0500e-03
3.0613e-03
2.3261e-03
9.0680e-05
-2.6557e-03
-5.1471e-03
-6.6825e-03
-6.7590e-03
-5.4752e-03
-3.5504e-03
-1.7962e-03
-4.8277e-04
2.9191e-04
4.5017e-05
-1.9082e-03
-5.8673e-03
-1.1494e-02
-1.8200e-02
-2.4972e-02
-3.0105e-02
-3.2267e-02
-3.1811e-02
-3.0632e-02
-3.0693e-02
-3.2602e-02
-3.5220e-02
-3.6415e-02
-3.4327e-02
-2.8294e-02
-1.9091e-02
-8.8088e-03
1.0165e-04
6.8582e-03
1.3056e-02
2.0769e-02
3.1134e-02
4.4113e-02
5.8842e-02
7.4746e-02
9.1478e-02
1.0830e-01
1.2419e-01
1.3801e-01
1.4846e-01
1.5390e-01
1.5305e-01
1.4604e-01
1.3427e-01
1.1979e-01
1.0504e-01
9.2820e-02
8.4855e-02
8.0317e-02
7.7120e-02
7.3148e-02
6.6500e-02
5.5890e-02
4.1121e-02
2.3393e-02
5.3212e-03
-1.0435e-02
-2.2844e-02
-3.2648e-02
-4.0411e-02
-4.5962e-02
-4.9160e-02
-4.9697e-02
-4.6810e-02
-3.9690e-02
-2.8147e-02
-1.2987e-02
3.8550e-03
1.9735e-02
3.1516e-02
3.6562e-02
3.3719e-02
2.2869e-02
4.8284e-03
-1.8171e-02
-4.2806e-02
-6.5681e-02
-8.4469e-02
-9.6944e-02
-1.0123e-01
-9.6947e-02
-8.4334e-02
-6.3478e-02
-3.4708e-02
-3.7895e-04
3.5388e-02
6.8927e-02
9.7246e-02
1.1787e-01
1.2970e-01
1.3222e-01
1.2461e-01
1.0705e-01
8.1818e-02
5.3507e-02
2.8370e-02
1.1669e-02
4.9524e-03
7.0052e-03
1.6043e-02
3.0015e-02
4.6321e-02
6.3028e-02
7.9333e-02
9.4446e-02
1.0683e-01
1.1481e-01
1.1763e-01
1.1509e-01
1.0713e-01
9.3897e-02
7.5774e-02
5.3370e-02
2.6677e-02
-5.9794e-03
-4.5080e-02
-8.5989e-02
-1.2114e-01
-1.4505e-01
-1.5644e-01
-1.5589e-01
-1.4292e-01
-1.1810e-01
-8.6759e-02
-5.6753e-02
-3.2590e-02
-1.6427e-02
-9.3783e-03
-1.0236e-02
-1.6918e-02
-2.7485e-02
-4.0241e-02
-5.4196e-02
-6.9540e-02
-8.6547e-02
-1.0442e-01
-1.2185e-01
-1.3721e-01
-1.4842e-01
-1.5393e-01
-1.5280e-01
-1.4418e-01
-1.2730e-01
-1.0210e-01
-7.0819e-02
-3.7842e-02
-6.9646e-03
1.9477e-02
4.0418e-02
5.6855e-02
7.1054e-02
8.4280e-02
9.6640e-02
1.0750e-01
1.1550e-01
1.1931e-01
1.1825e-01
1.1274e-01
1.0434e-01
9.4920e-02
8.6020e-02
7.8321e-02
7.1116e-02
6.2701e-02
5.1018e-02
3.4413e-02
1.2572e-02
-1.3217e-02
-4.0148e-02
-6.4768e-02
-8.4964e-02
-1.0123e-01
-1.1514e-01
-1.2725e-01
-1.3724e-01
-1.4516e-01
-1.5124e-01
-1.5475e-01
-1.5394e-01
-1.4720e-01
-1.3463e-01
-1.1747e-01
-9.5781e-02
-6.8525e-02
-3.5868e-02
4.5744e-05
3.6941e-02
7.3411e-02
1.0819e-01
1.3928e-01
1.6438e-01
1.8283e-01
1.9591e-01
2.0390e-01
2.0461e-01
1.9511e-01
1.7275e-01
1.3523e-01
8.3762e-02
2.6515e-02
-2.7239e-02
-7.3529e-02
-1.1110e-01
-1.3979e-01
-1.5979e-01
-1.7041e-01
-1.7183e-01
-1.6430e-01
-1.4777e-01
-1.2409e-01
-9.7147e-02
-7.0320e-02
-4.5765e-02
-2.4754e-02
-7.7000e-03
5.6174e-03
1.6048e-02
2.4769e-02
3.3008e-02
4.1852e-02
5.1926e-02
6.3203e-02
7.5441e-02
8.8592e-02
1.0302e-01
1.1931e-01
1.3767e-01
1.5715e-01
1.7562e-01
1.9100e-01
2.0153e-01
2.0555e-01
2.0240e-01
1.9255e-01
1.7714e-01
1.5738e-01
1.3492e-01
1.1132e-01
8.6828e-02
6.0783e-02
3.2730e-02
3.6583e-03
-2.3657e-02
-4.5463e-02
-5.8184e-02
-6.0554e-02
-5.3894e-02
-3.9926e-02
-2.0843e-02
1.6865e-04
2.0004e-02
3.5905e-02
4.5113e-02
4.5502e-02
3.5987e-02
1.6502e-02
-1.0479e-02
-4.0401e-02
-6.9583e-02
-9.5802e-02
-1.1743e-01
-1.3383e-01
-1.4688e-01
-1.6000e-01
-1.7400e-01
-1.8585e-01
-1.9115e-01
-1.8668e-01
-1.7164e-01
-1.4812e-01
-1.2030e-01
-9.1725e-02
-6.4665e-02
-4.1221e-02
-2.3253e-02
-1.0903e-02
-8.9521e-04
1.1824e-02
2.9607e-02
4.9825e-02
6.6191e-02
7.2563e-02
6.6323e-02
4.8791e-02
2.3965e-02
-2.9779e-03
-2.7559e-02
-4.6479e-02
-5.7834e-02
-6.2358e-02
-6.3279e-02
-6.3775e-02
-6.5448e-02
-6.8318e-02
-7.1307e-02
-7.2961e-02
-7.2255e-02
-6.8898e-02
-6.3012e-02
-5.4651e-02
-4.3768e-02
-3.0695e-02
-1.6186e-02
-1.1924e-03
1.3384e-02
2.6774e-02
3.8504e-02
4.8604e-02
5.7540e-02
6.5854e-02
7.4191e-02
8.2910e-02
9.1402e-02
9.8260e-02
1.0168e-01
9.9906e-02
9.1606e-02
7.6530e-02
5.6752e-02
3.6629e-02
2.0355e-02
1.0081e-02
4.8522e-03
1.1206e-03
-3.9058e-03
-1.0091e-02
-1.5123e-02
-1.6269e-02
-1.1595e-02
-1.1223e-03
1.2699e-02
2.5909e-02
3.5019e-02
3.8328e-02
3.5785e-02
2.8175e-02
1.7089e-02
4.3861e-03
-8.9140e-03
-2.2479e-02
-3.5801e-02
-4.7686e-02
-5.6389e-02
-6.0338e-02
-5.9011e-02
-5.3062e-02
-4.4069e-02
-3.4172e-02
-2.5740e-02
-2.0736e-02
-2.0109e-02
-2.3886e-02
-3.1155e-02
-4.0258e-02
-4.9248e-02
-5.6223e-02
-5.9478e-02
-5.7728e-02
-4.9972e-02
-3.5725e-02
-1.6165e-02
5.7140e-03
2.6861e-02
4.4755e-02
5.7263e-02
6.3514e-02
6.4269e-02
6.0818e-02
5.4047e-02
4.4325e-02
3.1717e-02
1.6556e-02
2.2549e-04
-1.5013e-02
-2.7164e-02
-3.5360e-02
-3.9663e-02
-4.0023e-02
-3.6143e-02
-2.8391e-02
-1.7981e-02
-6.6088e-03
3.8167e-03
1.1955e-02
1.7319e-02
1.9641e-02
1.8786e-02
1.4851e-02
7.9597e-03
-1.7195e-03
-1.4082e-02
-2.9255e-02
-4.6973e-02
-6.5395e-02
-8.1036e-02
-9.0121e-02
-8.9187e-02
-7.5228e-02
-4.7242e-02
-8.5510e-03
3.4467e-02
7.6440e-02
1.1328e-01
1.4071e-01
1.5559e-01
1.5869e-01
1.5315e-01
1.4105e-01
1.2381e-01
1.0425e-01
8.6266e-02
7.2485e-02
6.3357e-02
5.8026e-02
5.5556e-02
5.5129e-02
5.5777e-02
5.6583e-02
5.6900e-02
5.6376e-02
5.4791e-02
5.2032e-02
4.8341e-02
4.4265e-02
4.0256e-02
3.6255e-02
3.1558e-02
2.5068e-02
1.5897e-02
4.1374e-03
-9.2416e-03
-2.3071e-02
-3.6261e-02
-4.7714e-02
-5.6208e-02
-6.0932e-02
-6.1748e-02
-5.9071e-02
-5.4285e-02
-4.9502e-02
-4.6640e-02
-4.6609e-02
-4.8996e-02
-5.2833e-02
-5.7825e-02
-6.4467e-02
-7.3241e-02
-8.4039e-02
-9.5897e-02
-1.0728e-01
-1.1645e-01
-1.2193e-01
-1.2301e-01
-1.1942e-01
-1.1069e-01
-9.6171e-02
-7.5451e-02
-4.9479e-02
-2.0905e-02
7.5321e-03
3.3352e-02
5.3578e-02
6.5441e-02
6.8388e-02
6.3845e-02
5.3651e-02
4.0136e-02
2.6243e-02
1.4158e-02
4.7591e-03
-1.9554e-03
-6.4984e-03
-9.1458e-03
-9.7236e-03
-7.7353e-03
-2.4429e-03
6.5363e-03
1.8724e-02
3.2425e-02
4.4786e-02
5.3233e-02
5.6233e-02
5.3069e-02
4.3825e-02
2.9240e-02
1.0670e-02
-9.5871e-03
-2.8584e-02
-4.3796e-02
-5.4364e-02
-6.1274e-02
-6.4485e-02
-6.1075e-02
-4.9163e-02
-3.0272e-02
-7.3981e-03
1.6944e-02
4.0986e-02
6.2836e-02
8.0156e-02
9.1175e-02
9.5853e-02
9.4691e-02
8.7366e-02
7.3377e-02
5.3538e-02
3.0511e-02
7.3575e-03
-1.3474e-02
-2.9934e-02
-4.0825e-02
-4.6660e-02
-4.8975e-02
-4.9095e-02
-4.7883e-02
-4.5564e-02
-4.1738e-02
-3.5987e-02
-2.8223e-02
-1.8895e-02
-8.8900e-03
9.8960e-04
1.0128e-02
1.8242e-02
2.5210e-02
3.0851e-02
3.5227e-02
3.8679e-02
4.1489e-02
4.3713e-02
4.5340e-02
4.6165e-02
4.5532e-02
4.2376e-02
3.5713e-02
2.5341e-02
1.2084e-02
-2.5481e-03
-1.7071e-02
-3.0201e-02
-4.0524e-02
-4.6728e-02
-4.8253e-02
-4.5525e-02
-3.9868e-02
-3.3073e-02
-2.6799e-02
-2.2320e-02
-2.0190e-02
-2.0091e-02
-2.1084e-02
-2.1995e-02
-2.1959e-02
-2.0703e-02
-1.8830e-02
-1.7796e-02
-1.9057e-02
-2.2938e-02
-2.8206e-02
-3.2491e-02
-3.3241e-02
-2.8970e-02
-1.9766e-02
-7.4243e-03
4.6512e-03
1.3061e-02
1.5760e-02
1.1724e-02
1.0996e-03
-1.3995e-02
-2.9477e-02
-4.1179e-02
-4.7363e-02
-4.9105e-02
-4.8561e-02
-4.7763e-02
-4.8110e-02
-4.9789e-02
-5.1563e-02
-5.1355e-02
-4.7289e-02
-3.8520e-02
-2.5559e-02
-1.0069e-02
5.3499e-03
1.7662e-02
2.5066e-02
2.7667e-02
2.6383e-02
2.2507e-02
1.7808e-02
1.4054e-02
1.2559e-02
1.4031e-02
1.8464e-02
2.5206e-02
3.3351e-02
4.2035e-02
5.0559e-02
5.8503e-02
6.5408e-02
7.0917e-02
7.4798e-02
7.6948e-02
7.7488e-02
7.6657e-02
7.4504e-02
7.0819e-02
6.5265e-02
5.7683e-02
4.8261e-02
3.7281e-02
2.5158e-02
1.2495e-02
4.0418e-04
-9.6625e-03
-1.6808e-02
-2.0830e-02
-2.1968e-02
-2.0653e-02
-1.6982e-02
-1.0624e-02
-1.3608e-03
1.0527e-02
2.4398e-02
3.9265e-02
5.3948e-02
6.7141e-02
7.7609e-02
8.4296e-02
8.6280e-02
8.3150e-02
7.5103e-02
6.2896e-02
4.7909e-02
3.1907e-02
1.6862e-02
4.5971e-03
-4.6227e-03
-1.1667e-02
-1.6776e-02
-1.9656e-02
-2.0079e-02
-1.8059e-02
-1.4284e-02
-1.0164e-02
-7.3667e-03
-7.4052e-03
-1.1240e-02
-1.8859e-02
-2.9344e-02
-4.1476e-02
-5.3819e-02
-6.4677e-02
-7.2467e-02
-7.6069e-02
-7.5406e-02
-7.1535e-02
-6.6018e-02
-6.0141e-02
-5.4493e-02
-4.8830e-02
-4.2036e-02
-3.2816e-02
-2.0880e-02
-7.6337e-03
4.5169e-03
1.3442e-02
1.7625e-02
1.6178e-02
8.9989e-03
-3.2590e-03
-1.9198e-02
-3.6768e-02
-5.3567e-02
-6.7716e-02
-7.8877e-02
-8.6887e-02
-9.0613e-02
-8.8481e-02
-7.9454e-02
-6.3593e-02
-4.2474e-02
-1.8924e-02
4.6072e-03
2.6682e-02
4.6253e-02
6.2418e-02
7.4691e-02
8.2673e-02
8.5636e-02
8.2876e-02
7.4476e-02
6.1496e-02
4.5719e-02
2.9022e-02
1.2879e-02
-1.4591e-03
-1.2996e-02
-2.1579e-02
-2.7687e-02
-3.1541e-02
-3.2727e-02
-3.0419e-02
-2.3890e-02
-1.2958e-02
1.7591e-03
1.8720e-02
3.5342e-02
4.8218e-02
5.4932e-02
5.4941e-02
4.8759e-02
3.7471e-02
2.3115e-02
8.5337e-03
-3.9692e-03
-1.3555e-02
-2.0222e-02
-2.4303e-02
-2.6456e-02
-2.7411e-02
-2.7950e-02
-2.8827e-02
-3.0417e-02
-3.2540e-02
-3.4573e-02
-3.5900e-02
-3.6170e-02
-3.5106e-02
-3.2486e-02
-2.8433e-02
-2.3458e-02
-1.8226e-02
-1.3493e-02
-9.8928e-03
-7.5236e-03
-5.8960e-03
-4.4501e-03
-2.9981e-03
-1.6893e-03
-7.4874e-04
-3.2289e-04
-6.2462e-04
-2.0810e-03
-5.1069e-03
-9.7150e-03
-1.5454e-02
-2.1745e-02
-2.8056e-02
-3.3795e-02
-3.8575e-02
-4.2375e-02
-4.5288e-02
-4.7352e-02
-4.8452e-02
-4.8319e-02
-4.6305e-02
-4.1378e-02
-3.2644e-02
-2.0049e-02
-4.7716e-03
1.1153e-02
2.5681e-02
3.7859e-02
4.7771e-02
5.5722e-02
6.1828e-02
6.6276e-02
6.9353e-02
7.1106e-02
7.1510e-02
7.0614e-02
6.8373e-02
6.4682e-02
5.9514e-02
5.2954e-02
4.5244e-02
3.6930e-02
2.9053e-02
2.2777e-02
1.8584e-02
1.6239e-02
1.5114e-02
1.4508e-02
1.4117e-02
1.4206e-02
1.5314e-02
1.7642e-02
2.0980e-02
2.5006e-02
2.9463e-02
3.4117e-02
3.8950e-02
4.4201e-02
4.9888e-02
5.5393e-02
5.9603e-02
6.1438e-02
6.0195e-02
5.5688e-02
4.8357e-02
3.9108e-02
2.8955e-02
1.9132e-02
1.0841e-02
4.4190e-03
-5.2019e-04
-4.5100e-03
-7.8411e-03
-1.0459e-02
-1.2337e-02
-1.3561e-02
-1.4209e-02
-1.4324e-02
-1.3785e-02
-1.2342e-02
-9.9370e-03
-6.8779e-03
-3.7951e-03
-1.5077e-03
-6.6762e-04
-1.6432e-03
-4.4024e-03
-8.4823e-03
-1.3217e-02
-1.7812e-02
-2.1415e-02
-2.3310e-02
-2.3185e-02
-2.1212e-02
-1.7862e-02
-1.3887e-02
-1.0223e-02
-7.8442e-03
-7.3707e-03
-8.9693e-03
-1.2521e-02
-1.7568e-02
-2.3503e-02
-2.9909e-02
-3.6410e-02
-4.2524e-02
-4.7648e-02
-5.1042e-02
-5.2006e-02
-5.0008e-02
-4.5035e-02
-3.7788e-02
-2.9391e-02
-2.0762e-02
-1.2796e-02
-6.4619e-03
-1.9181e-03
1.2509e-03
3.1738e-03
3.7046e-03
2.7988e-03
7.7699e-04
-1.8998e-03
-4.9981e-03
-8.3243e-03
-1.1488e-02
-1.4233e-02
-1.6688e-02
-1.9025e-02
-2.1227e-02
-2.3190e-02
-2.4844e-02
-2.6067e-02
-2.6504e-02
-2.5786e-02
-2.4010e-02
-2.1647e-02
-1.9136e-02
-1.6863e-02
-1.5089e-02
-1.3873e-02
-1.3171e-02
-1.3052e-02
-1.3747e-02
-1.5310e-02
-1.7689e-02
-2.0810e-02
-2.4536e-02
-2.8478e-02
-3.2046e-02
-3.4524e-02
-3.5157e-02
-3.3697e-02
-3.0631e-02
-2.6586e-02
-2.1846e-02
-1.6481e-02
-1.0423e-02
-3.5865e-03
3.7223e-03
1.0692e-02
1.6376e-02
2.0138e-02
2.1769e-02
2.1304e-02
1.9273e-02
1.6632e-02
1.3963e-02
1.1251e-02
8.3025e-03
4.9996e-03
1.4520e-03
-1.9567e-03
-4.7238e-03
-6.4214e-03
-6.9143e-03
-6.4472e-03
-5.3372e-03
-3.6091e-03
-1.0596e-03
2.4330e-03
6.6586e-03
1.0888e-02
1.4137e-02
1.5504e-02
1.4576e-02
1.1802e-02
8.3569e-03
5.5535e-03
4.4330e-03
5.5201e-03
8.4777e-03
1.2245e-02
1.5787e-02
1.8625e-02
2.0791e-02
2.2661e-02
2.4428e-02
2.5832e-02
2.6397e-02
2.5793e-02
2.4113e-02
2.1855e-02
1.9608e-02
1.7788e-02
1.6599e-02
1.5979e-02
1.5575e-02
1.4831e-02
1.3183e-02
1.0370e-02
6.4802e-03
1.8300e-03
-2.9800e-03
-7.1345e-03
-9.8751e-03
-1.0832e-02
-1.0230e-02
-8.7704e-03
-7.2669e-03
-6.1207e-03
-5.1038e-03
-3.6765e-03
-1.5852e-03
9.9563e-04
3.7239e-03
6.2528e-03
8.4798e-03
1.0522e-02
1.2660e-02
1.5314e-02
1.8464e-02
2.1407e-02
2.3310e-02
2.3761e-02
2.2930e-02
2.1383e-02
1.9810e-02
1.8703e-02
1.8152e-02
1.7911e-02
1.7540e-02
1.6610e-02
1.4961e-02
1.2884e-02
1.1040e-02
1.0131e-02
1.0608e-02
1.2383e-02
1.4788e-02
1.7034e-02
1.8690e-02
1.9615e-02
1.9922e-02
1.9921e-02
1.9797e-02
1.9536e-02
1.9059e-02
1.8323e-02
1.7224e-02
1.5490e-02
1.2958e-02
9.9574e-03
7.0604e-03
4.5792e-03
2.5782e-03
1.1211e-03
2.5338e-04
-1.1617e-04
-2.4855e-04
-5.2588e-04
-1.2840e-03
-2.6540e-03
-4.4377e-03
-6.1999e-03
-7.6604e-03
-8.7807e-03
-9.5090e-03
-9.8562e-03
-1.0185e-02
-1.0981e-02
-1.2443e-02
-1.4301e-02
-1.5868e-02
-1.6470e-02
-1.5903e-02
-1.4568e-02
-1.3129e-02
-1.1982e-02
-1.1129e-02
-1.0489e-02
-9.9067e-03
-9.1895e-03
-8.4103e-03
-7.9253e-03
-7.9443e-03
-8.4584e-03
-9.4465e-03
-1.0770e-02
-1.2036e-02
-1.2956e-02
-1.3660e-02
-1.4383e-02
-1.5208e-02
-1.6061e-02
-1.6761e-02
-1.6991e-02
-1.6411e-02
-1.5015e-02
-1.3271e-02
-1.1842e-02
-1.1039e-02
-1.0665e-02
-1.0313e-02
-9.6110e-03
-8.3812e-03
-6.7029e-03
-4.7099e-03
-2.5165e-03
-4.5826e-04
9.4888e-04
1.3602e-03
8.4831e-04
-2.2534e-04
-1.4237e-03
-2.3822e-03
-2.9793e-03
-3.3924e-03
-3.8670e-03
-4.4455e-03
-5.0425e-03
-5.5639e-03
-5.8846e-03
-5.8414e-03
-5.1811e-03
-3.6613e-03
-1.3359e-03
1.2753e-03
3.3576e-03
4.2281e-03
3.6231e-03
1.5564e-03
-1.7869e-03
-5.9418e-03
-1.0257e-02
-1.4118e-02
-1.6947e-02
-1.8140e-02
-1.7263e-02
-1.4399e-02
-1.0235e-02
-5.6400e-03
-1.3408e-03
2.1101e-03
4.3934e-03
5.5183e-03
5.5771e-03
4.5028e-03
2.3109e-03
-8.6592e-04
-4.7808e-03
-8.9273e-03
-1.2653e-02
-1.5450e-02
-1.7046e-02
-1.7656e-02
-1.7739e-02
-1.7474e-02
-1.6770e-02
-1.5596e-02
-1.4224e-02
-1.3174e-02
-1.2739e-02
-1.2741e-02
-1.2893e-02
-1.3012e-02
-1.2887e-02
-1.2202e-02
-1.0662e-02
-8.1546e-03
-4.8092e-03
-1.0051e-03
2.8065e-03
6.2247e-03
8.9532e-03
1.0953e-02
1.2399e-02
1.3566e-02
1.4574e-02
1.5388e-02
1.5717e-02
1.4993e-02
1.2963e-02
9.9605e-03
6.5191e-03
3.1544e-03
3.5144e-04
-1.6240e-03
-3.0082e-03
-4.2522e-03
-5.5169e-03
-6.5450e-03
-7.0415e-03
-6.8986e-03
-6.0511e-03
-4.5719e-03
-2.6950e-03
-6.4663e-04
1.5092e-03
3.8309e-03
6.2995e-03
8.9529e-03
1.2042e-02
1.5777e-02
2.0025e-02
2.4315e-02
2.8095e-02
3.0775e-02
3.1720e-02
3.0597e-02
2.7826e-02
2.4546e-02
2.1832e-02
2.0111e-02
1.9210e-02
1.8566e-02
1.7614e-02
1.6205e-02
1.4695e-02
1.3591e-02
1.3166e-02
1.3536e-02
1.4621e-02
1.6121e-02
1.7732e-02
1.9208e-02
2.0522e-02
2.1721e-02
2.2734e-02
2.3427e-02
2.3702e-02
2.3570e-02
2.2954e-02
2.1660e-02
1.9594e-02
1.6724e-02
1.2860e-02
7.8559e-03
1.9333e-03
-4.4252e-03
-1.0500e-02
-1.5281e-02
-1.8051e-02
-1.8834e-02
-1.8186e-02
-1.6689e-02
-1.4949e-02
-1.3581e-02
-1.3005e-02
-1.3349e-02
-1.4366e-02
-1.5576e-02
-1.6518e-02
-1.6928e-02
-1.6733e-02
-1.6197e-02
-1.5828e-02
-1.5991e-02
-1.6556e-02
-1.7122e-02
-1.7485e-02
-1.7707e-02
-1.7820e-02
-1.7683e-02
-1.7085e-02
-1.5893e-02
-1.4222e-02
-1.2441e-02
-1.0838e-02
-9.5378e-03
-8.8239e-03
-8.8769e-03
-9.3823e-03
-9.8354e-03
-1.0040e-02
-1.0147e-02
-1.0330e-02
-1.0585e-02
-1.0721e-02
-1.0355e-02
-8.9520e-03
-6.0391e-03
-1.5361e-03
4.2348e-03
1.0876e-02
1.7992e-02
2.4868e-02
3.0585e-02
3.4242e-02
3.5207e-02
3.3320e-02
2.8809e-02
2.2365e-02
1.5096e-02
8.0914e-03
2.1249e-03
-2.4176e-03
-5.4097e-03
-6.7998e-03
-6.6671e-03
-5.3450e-03
-3.2476e-03
-6.2200e-04
2.1606e-03
4.6167e-03
6.5148e-03
7.8320e-03
8.4894e-03
8.1197e-03
6.3837e-03
3.3666e-03
-6.3300e-04
-5.2829e-03
-1.0233e-02
-1.5047e-02
-1.8872e-02
-2.0850e-02
-2.0507e-02
-1.7529e-02
-1.1824e-02
-3.7979e-03
5.5084e-03
1.4601e-02
2.1835e-02
2.5970e-02
2.6352e-02
2.2875e-02
1.6181e-02
7.5757e-03
-1.5893e-03
-1.0359e-02
-1.8278e-02
-2.5263e-02
-3.1107e-02
-3.5339e-02
-3.7515e-02
-3.7317e-02
-3.4573e-02
-2.9351e-02
-2.2120e-02
-1.3974e-02
-6.5323e-03
-1.3206e-03
7.5008e-04
-3.0028e-04
-3.3846e-03
-6.9247e-03
-9.7615e-03
-1.1476e-02
-1.2319e-02
-1.2764e-02
-1.3085e-02
-1.3412e-02
-1.3877e-02
-1.4620e-02
-1.5562e-02
-1.6284e-02
-1.6362e-02
-1.5658e-02
-1.4177e-02
-1.2092e-02
-9.8117e-03
-7.7269e-03
-6.0231e-03
-4.6969e-03
-3.6414e-03
-2.7694e-03
-2.0198e-03
-1.3874e-03
-9.7125e-04
-7.7609e-04
-6.0679e-04
-2.6760e-04
2.9401e-04
9.6274e-04
1.4515e-03
1.5412e-03
1.4227e-03
1.5384e-03
2.3277e-03
4.1162e-03
6.9099e-03
1.0278e-02
1.3622e-02
1.6364e-02
1.8024e-02
1.8510e-02
1.8113e-02
1.7272e-02
1.6504e-02
1.6289e-02
1.6845e-02
1.8239e-02
2.0420e-02
2.3161e-02
2.6213e-02
2.9314e-02
3.2125e-02
3.4277e-02
3.5467e-02
3.5666e-02
3.5051e-02
3.3712e-02
3.1620e-02
2.8759e-02
2.5259e-02
2.1432e-02
1.7663e-02
1.4184e-02
1.1133e-02
8.6386e-03
6.6748e-03
5.0811e-03
3.8140e-03
2.8516e-03
2.0253e-03
1.3501e-03
1.2160e-03
1.9930e-03
3.6382e-03
5.7794e-03
8.0075e-03
9.9447e-03
1.1255e-02
1.1781e-02
1.1590e-02
1.0706e-02
9.0632e-03
6.7256e-03
3.9116e-03
8.4466e-04
-2.2842e-03
-5.2922e-03
-7.9138e-03
-9.8461e-03
-1.0797e-02
-1.0610e-02
-9.4560e-03
-7.7865e-03
-6.1795e-03
-5.0363e-03
-4.4231e-03
-4.2129e-03
-4.2086e-03
-4.2468e-03
-4.2462e-03
-4.1807e-03
-4.0634e-03
-3.9585e-03
-3.9890e-03
-4.3146e-03
-5.0626e-03
-6.2112e-03
-7.5298e-03
-8.7130e-03
-9.5794e-03
-1.0167e-02
-1.0543e-02
-1.0751e-02
-1.0892e-02
-1.1222e-02
-1.2019e-02
-1.3309e-02
-1.4676e-02
-1.5334e-02
-1.4588e-02
-1.2190e-02
-8.4070e-03
-3.8048e-03
8.4591e-04
4.7119e-03
7.1357e-03
7.9217e-03
7.4232e-03
6.0602e-03
4.1576e-03
2.1692e-03
4.9684e-04
-7.9788e-04
-1.9646e-03
-3.3051e-03
-5.0240e-03
-7.1916e-03
-9.6454e-03
-1.1977e-02
-1.3810e-02
-1.5002e-02
-1.5719e-02
-1.6469e-02
-1.7754e-02
-1.9624e-02
-2.1581e-02
-2.2985e-02
-2.3473e-02
-2.3058e-02
-2.1908e-02
-2.0298e-02
-1.8761e-02
-1.7822e-02
-1.7657e-02
-1.8216e-02
-1.9143e-02
-1.9895e-02
-2.0117e-02
-1.9807e-02
-1.9314e-02
-1.9078e-02
-1.9098e-02
-1.8935e-02
-1.8077e-02
-1.6162e-02
-1.3142e-02
-9.3864e-03
-5.5592e-03
-2.3086e-03
-2.5901e-04
2.3307e-04
-5.5730e-04
-1.9767e-03
-3.2707e-03
-3.6833e-03
-2.7654e-03
-6.0639e-04
2.2681e-03
5.2113e-03
7.6421e-03
9.2247e-03
1.0042e-02
1.0391e-02
1.0536e-02
1.0608e-02
1.0582e-02
1.0345e-02
9.8039e-03
9.0164e-03
8.3263e-03
8.3111e-03
9.3322e-03
1.1330e-02
1.3938e-02
1.6731e-02
1.9373e-02
2.1401e-02
2.2382e-02
2.2227e-02
2.1115e-02
1.9369e-02
1.7564e-02
1.6393e-02
1.6262e-02
1.7146e-02
1.8548e-02
1.9514e-02
1.9093e-02
1.6979e-02
1.3562e-02
9.5498e-03
5.7497e-03
2.7338e-03
5.9531e-04
-8.8888e-04
-1.9633e-03
-2.8261e-03
-3.5700e-03
-4.1274e-03
-4.4305e-03
-4.4095e-03
-3.8848e-03
-2.6785e-03
-8.9575e-04
8.7956e-04
1.8566e-03
1.5254e-03
-1.5737e-04
-2.7162e-03
-5.3713e-03
-7.4093e-03
-8.4860e-03
-8.8324e-03
-8.9284e-03
-9.0143e-03
-9.0523e-03
-8.8741e-03
-8.2515e-03
-6.9930e-03
-5.0768e-03
-2.5893e-03
1.5374e-04
2.6065e-03
4.2872e-03
5.0092e-03
4.8455e-03
4.0096e-03
2.8417e-03
1.6943e-03
7.7110e-04
-9.6404e-06
-8.0403e-04
-1.4677e-03
-1.6736e-03
-1.2730e-03
-3.3919e-04
8.8513e-04
1.9079e-03
2.2226e-03
1.6513e-03
4.0102e-04
-1.1686e-03
-2.7861e-03
-4.3217e-03
-5.5490e-03
-6.1686e-03
-6.2038e-03
-5.9239e-03
-5.4899e-03
-4.8615e-03
-3.8999e-03
-2.5634e-03
-9.0151e-04
1.1721e-03
3.6447e-03
6.1650e-03
8.2445e-03
9.4438e-03
9.5144e-03
8.6313e-03
7.3583e-03
6.3157e-03
5.9548e-03
6.3769e-03
7.3501e-03
8.5292e-03
9.7012e-03
1.0764e-02
1.1641e-02
1.2310e-02
1.2721e-02
1.2907e-02
1.2999e-02
1.3039e-02
1.2931e-02
1.2514e-02
1.1673e-02
1.0428e-02
8.9157e-03
7.2584e-03
5.4423e-03
3.3578e-03
1.0744e-03
-1.1196e-03
-2.9443e-03
-4.2430e-03
-4.9095e-03
-4.9462e-03
-4.5546e-03
-3.9813e-03
-3.4194e-03
-3.0122e-03
-2.8528e-03
-2.9389e-03
-3.1589e-03
-3.3243e-03
-3.1592e-03
-2.3122e-03
-5.0454e-04
2.2129e-03
5.4355e-03
8.6022e-03
1.1134e-02
1.2607e-02
1.2834e-02
1.1802e-02
9.7523e-03
7.0950e-03
4.0863e-03
8.7788e-04
-2.2009e-03
-4.6844e-03
-6.2963e-03
-7.0760e-03
-7.3395e-03
-7.5431e-03
-8.0169e-03
-8.8621e-03
-9.9531e-03
-1.1027e-02
-1.1860e-02
-1.2352e-02
-1.2566e-02
-1.2643e-02
-1.2640e-02
-1.2508e-02
-1.2173e-02
-1.1612e-02
-1.0936e-02
-1.0431e-02
-1.0263e-02
-1.0245e-02
-1.0103e-02
-9.6701e-03
-8.8825e-03
-7.8125e-03
-6.6367e-03
-5.4894e-03
-4.4220e-03
-3.4426e-03
-2.5235e-03
-1.6100e-03
-7.7345e-04
-2.8507e-04
-3.9471e-04
-1.2364e-03
-2.8655e-03
-5.0958e-03
-7.4982e-03
-9.6655e-03
-1.1303e-02
-1.2239e-02
-1.2549e-02
-1.2443e-02
-1.1970e-02
-1.1022e-02
-9.5479e-03
-7.4816e-03
-4.7382e-03
-1.3536e-03
2.4309e-03
6.0353e-03
8.8637e-03
1.0647e-02
1.1342e-02
1.1071e-02
1.0137e-02
8.9317e-03
7.8666e-03
7.2542e-03
7.0827e-03
7.0073e-03
6.6864e-03
5.9581e-03
4.8605e-03
3.6877e-03
2.7743e-03
2.1628e-03
1.6315e-03
9.5014e-04
1.0833e-04
-7.6570e-04
-1.6261e-03
-2.4061e-03
-2.8958e-03
-2.9549e-03
-2.6037e-03
-1.9076e-03
-1.0375e-03
-4.0972e-04
-4.3143e-04
-1.2053e-03
-2.6374e-03
-4.4203e-03
-6.0858e-03
-7.2823e-03
-7.6496e-03
-6.7403e-03
-4.3533e-03
-7.1070e-04
3.6818e-03
8.1832e-03
1.2173e-02
1.5378e-02
1.7812e-02
1.9581e-02
2.0838e-02
2.1514e-02
2.1272e-02
1.9826e-02
1.7054e-02
1.3109e-02
8.5098e-03
3.9533e-03
-1.7003e-05
-3.2385e-03
-5.7545e-03
-7.4856e-03
-8.3071e-03
-8.1376e-03
-6.9798e-03
-5.0345e-03
-2.5890e-03
-7.7896e-05
1.8452e-03
2.8177e-03
3.0771e-03
3.0910e-03
3.1222e-03
3.2255e-03
3.3748e-03
3.4570e-03
3.2387e-03
2.4280e-03
8.3670e-04
-1.4959e-03
-4.2680e-03
-6.8925e-03
-8.7053e-03
-9.3581e-03
-8.8126e-03
-6.9351e-03
-3.6116e-03
7.3835e-04
5.1810e-03
8.8269e-03
1.1130e-02
1.1881e-02
1.1072e-02
8.7531e-03
5.1986e-03
1.1852e-03
-2.2785e-03
-4.5439e-03
-5.5222e-03
-5.4238e-03
-4.5358e-03
-3.3209e-03
-2.2923e-03
-1.6649e-03
-1.3824e-03
-1.3625e-03
-1.6691e-03
-2.4654e-03
-3.8180e-03
-5.5612e-03
-7.3265e-03
-8.6312e-03
-9.1120e-03
-8.6446e-03
-7.1188e-03
-4.4729e-03
-9.7443e-04
2.8837e-03
6.6320e-03
9.8122e-03
1.2009e-02
1.3091e-02
1.3124e-02
1.2086e-02
9.8778e-03
6.6916e-03
3.2488e-03
2.7439e-04
-2.0545e-03
-3.9740e-03
-5.7448e-03
-7.4101e-03
-8.6176e-03
-8.9477e-03
-8.2693e-03
-6.5928e-03
-4.0975e-03
-1.3772e-03
8.8045e-04
2.3131e-03
2.9660e-03
3.1975e-03
3.3464e-03
3.4900e-03
3.4885e-03
3.0902e-03
2.0299e-03
2.1028e-04
-2.1381e-03
-4.5949e-03
-6.6517e-03
-7.9306e-03
-8.4265e-03
-8.5222e-03
-8.6863e-03
-9.2071e-03
-1.0152e-02
-1.1303e-02
-1.2149e-02
-1.2189e-02
-1.1136e-02
-9.1175e-03
-6.5314e-03
-3.7382e-03
-1.0151e-03
1.5101e-03
3.7794e-03
5.6693e-03
7.0379e-03
7.8438e-03
8.1100e-03
7.8866e-03
7.2393e-03
6.3205e-03
5.4863e-03
5.1783e-03
5.7319e-03
7.3906e-03
1.0184e-02
1.3609e-02
1.6804e-02
1.9050e-02
2.0000e-02
1.9784e-02
1.8797e-02
1.7453e-02
1.6277e-02
1.5710e-02
1.5667e-02
1.5683e-02
1.5323e-02
1.4307e-02
1.2547e-02
1.0296e-02
7.9981e-03
5.9711e-03
4.3329e-03
2.9936e-03
1.6403e-03
4.3244e-05
-1.6587e-03
-3.0666e-03
-3.8563e-03
-4.0356e-03
-3.7548e-03
-3.0539e-03
-1.9925e-03
-8.3909e-04
1.2546e-04
7.1356e-04
8.6479e-04
6.3220e-04
6.8603e-06
-1.0515e-03
-2.4751e-03
-4.2732e-03
-6.6081e-03
-9.4384e-03
-1.2340e-02
-1.4700e-02
-1.6164e-02
-1.6901e-02
-1.7167e-02
-1.6982e-02
-1.6328e-02
-1.5206e-02
-1.3621e-02
-1.1803e-02
-1.0227e-02
-9.2447e-03
-8.9960e-03
-9.5445e-03
-1.0879e-02
-1.2815e-02
-1.5080e-02
-1.7530e-02
-1.9951e-02
-2.1788e-02
-2.2319e-02
-2.1030e-02
-1.7777e-02
-1.2907e-02
-7.3126e-03
-2.0258e-03
2.0817e-03
4.4858e-03
5.2007e-03
4.5949e-03
3.1332e-03
1.3274e-03
-3.3884e-04
-1.6740e-03
-2.7379e-03
-3.5901e-03
-4.3707e-03
-5.2991e-03
-6.2814e-03
-6.8476e-03
-6.4937e-03
-4.8332e-03
-1.6783e-03
2.6045e-03
7.1756e-03
1.1316e-02
1.4513e-02
1.6499e-02
1.7429e-02
1.7723e-02
1.7788e-02
1.7802e-02
1.7723e-02
1.7426e-02
1.6793e-02
1.5796e-02
1.4457e-02
1.2743e-02
1.0627e-02
8.2566e-03
5.9264e-03
3.8773e-03
2.1952e-03
7.6040e-04
-8.3612e-04
-3.1536e-03
-6.3850e-03
-1.0095e-02
-1.3570e-02
-1.6184e-02
-1.7656e-02
-1.8165e-02
-1.8110e-02
-1.7832e-02
-1.7520e-02
-1.7129e-02
-1.6375e-02
-1.4980e-02
-1.2782e-02
-9.7153e-03
-5.8709e-03
-1.5930e-03
2.6080e-03
6.2465e-03
9.0387e-03
1.0823e-02
1.1484e-02
1.1216e-02
1.0351e-02
9.1472e-03
7.8464e-03
6.6538e-03
5.5962e-03
4.6097e-03
3.8028e-03
3.3533e-03
3.2899e-03
3.5278e-03
4.0094e-03
4.6661e-03
5.4154e-03
6.1459e-03
6.5504e-03
6.3593e-03
5.6650e-03
4.7672e-03
3.9209e-03
3.1996e-03
2.4935e-03
1.7043e-03
9.7375e-04
4.5135e-04
6.3375e-05
-2.1491e-04
-3.3008e-04
-3.5028e-04
-4.0892e-04
-6.0608e-04
-1.0040e-03
-1.6294e-03
-2.5414e-03
-3.8162e-03
-5.4260e-03
-7.2365e-03
-8.9934e-03
-1.0382e-02
-1.1134e-02
-1.1130e-02
-1.0436e-02
-9.1687e-03
-7.5507e-03
-5.8623e-03
-4.2467e-03
-2.6892e-03
-1.0938e-03
5.4905e-04
2.2023e-03
3.8606e-03
5.4032e-03
6.6473e-03
7.5104e-03
7.9754e-03
8.0928e-03
7.9713e-03
7.6747e-03
7.2393e-03
6.7618e-03
6.3146e-03
5.8571e-03
5.2637e-03
4.3921e-03
3.2924e-03
2.2182e-03
1.4109e-03
9.8013e-04
8.6690e-04
9.0687e-04
9.6571e-04
9.5431e-04
7.8733e-04
4.0343e-04
-1.5615e-04
-6.8781e-04
-9.3878e-04
-7.3063e-04
2.1178e-06
1.1431e-03
2.4436e-03
3.5955e-03
4.3092e-03
4.3155e-03
3.5242e-03
2.0097e-03
-6.8857e-05
-2.4421e-03
-4.7193e-03
-6.6051e-03
-8.0130e-03
-8.8741e-03
-9.1398e-03
-8.7501e-03
-7.5271e-03
-5.3381e-03
-2.3700e-03
8.6252e-04
3.7544e-03
5.8528e-03
6.8934e-03
6.7906e-03
5.7745e-03
4.3238e-03
2.8692e-03
1.7369e-03
1.1240e-03
9.2974e-04
8.6565e-04
7.4999e-04
5.9491e-04
5.5396e-04
8.8763e-04
1.9019e-03
3.7767e-03
6.4171e-03
9.5120e-03
1.2593e-02
1.5088e-02
1.6663e-02
1.7272e-02
1.7035e-02
1.6180e-02
1.4900e-02
1.3206e-02
1.0997e-02
8.2241e-03
4.9924e-03
1.7095e-03
-1.0959e-03
-3.0607e-03
-4.0614e-03
-4.1195e-03
-3.3599e-03
-2.0662e-03
-5.2019e-04
1.0708e-03
2.4239e-03
3.1701e-03
3.1008e-03
2.2176e-03
6.0398e-04
-1.5307e-03
-3.8542e-03
-6.0706e-03
-7.9924e-03
-9.5208e-03
-1.0603e-02
-1.1113e-02
-1.0869e-02
-9.7950e-03
-8.0429e-03
-6.0261e-03
-4.1812e-03
-2.7728e-03
-2.0203e-03
-2.0335e-03
-2.6879e-03
-3.7349e-03
-4.9508e-03
-6.3892e-03
-8.3701e-03
-1.1121e-02
-1.4441e-02
-1.7685e-02
-2.0073e-02
-2.1023e-02
-2.0411e-02
-1.8546e-02
-1.5792e-02
-1.2451e-02
-9.0062e-03
-5.9652e-03
-3.6348e-03
-1.9784e-03
-6.0123e-04
8.9176e-04
2.5912e-03
4.2554e-03
5.4045e-03
5.5889e-03
4.7160e-03
3.2208e-03
1.9528e-03
1.7030e-03
2.8557e-03
5.2813e-03
8.3242e-03
1.1049e-02
1.2744e-02
1.3171e-02
1.2428e-02
1.0831e-02
8.7790e-03
6.7472e-03
5.1099e-03
3.9489e-03
3.1087e-03
2.3802e-03
1.6434e-03
8.9641e-04
7.1425e-05
-9.9270e-04
-2.3683e-03
-4.0449e-03
-6.0403e-03
-8.4579e-03
-1.1213e-02
-1.3854e-02
-1.5859e-02
-1.6782e-02
-1.6302e-02
-1.4393e-02
-1.1282e-02
-7.2505e-03
-2.5875e-03
2.1093e-03
6.2119e-03
9.4731e-03
1.1675e-02
1.2571e-02
1.2119e-02
1.0454e-02
7.8256e-03
4.6169e-03
1.2925e-03
-1.7702e-03
-4.3815e-03
-6.4767e-03
-7.9114e-03
-8.4870e-03
-8.2235e-03
-7.3220e-03
-5.9637e-03
-4.2677e-03
-2.3158e-03
-1.1945e-04
2.2892e-03
4.7519e-03
7.0338e-03
8.8733e-03
1.0048e-02
1.0503e-02
1.0367e-02
9.7722e-03
8.8302e-03
7.7833e-03
6.8729e-03
6.1954e-03
5.8414e-03
5.8049e-03
5.9130e-03
5.9596e-03
5.7583e-03
5.1226e-03
3.9423e-03
2.3395e-03
6.0635e-04
-1.0613e-03
-2.5960e-03
-4.0093e-03
-5.3769e-03
-6.7772e-03
-8.1384e-03
-9.2519e-03
-9.8120e-03
-9.6582e-03
-8.8528e-03
-7.5766e-03
-6.1274e-03
-4.7751e-03
-3.5327e-03
-2.2500e-03
-8.1586e-04
7.8272e-04
2.4301e-03
3.9067e-03
5.0170e-03
5.5576e-03
5.2851e-03
4.1088e-03
2.2494e-03
2.6551e-04
-1.2210e-03
-1.8460e-03
-1.5675e-03
-4.9115e-04
1.0754e-03
2.6816e-03
4.0465e-03
5.0368e-03
5.6598e-03
6.1445e-03
6.7073e-03
7.3183e-03
7.8448e-03
8.1817e-03
8.2890e-03
8.2381e-03
8.2740e-03
8.6365e-03
9.3118e-03
1.0045e-02
1.0520e-02
1.0570e-02
1.0132e-02
9.1153e-03
7.4733e-03
5.1829e-03
2.3049e-03
-9.0505e-04
-4.1193e-03
-6.8224e-03
-8.3982e-03
-8.6255e-03
-7.7538e-03
-6.1128e-03
-4.1282e-03
-2.3565e-03
-1.1587e-03
-6.4826e-04
-6.9603e-04
-1.0088e-03
-1.3013e-03
-1.4204e-03
-1.4336e-03
-1.5173e-03
-1.8145e-03
-2.3843e-03
-3.1466e-03
-3.8859e-03
-4.4517e-03
-4.8448e-03
-5.0938e-03
-5.2863e-03
-5.5289e-03
-5.8173e-03
-6.0583e-03
-6.2055e-03
-6.1279e-03
-5.6851e-03
-4.9347e-03
-4.0938e-03
-3.3191e-03
-2.6146e-03
-2.0161e-03
-1.5656e-03
-1.1459e-03
-6.0160e-04
5.4076e-05
7.3247e-04
1.3443e-03
1.7910e-03
1.9614e-03
1.8143e-03
1.4498e-03
1.0723e-03
9.7484e-04
1.3999e-03
2.3532e-03
3.5916e-03
4.7086e-03
5.3007e-03
5.2324e-03
4.7004e-03
3.9788e-03
3.2108e-03
2.3377e-03
1.2579e-03
1.8456e-05
-1.2494e-03
-2.3974e-03
-3.2305e-03
-3.5292e-03
-3.1781e-03
-2.2421e-03
-8.1099e-04
1.1290e-03
3.5338e-03
6.1317e-03
8.5101e-03
1.0316e-02
1.1391e-02
1.1660e-02
1.1142e-02
9.9050e-03
8.0164e-03
5.5902e-03
2.9194e-03
3.8519e-04
-1.8430e-03
-3.7961e-03
-5.5613e-03
-7.2709e-03
-8.9737e-03
-1.0525e-02
-1.1811e-02
-1.2895e-02
-1.3772e-02
-1.4354e-02
-1.4533e-02
-1.4040e-02
-1.2646e-02
-1.0432e-02
-7.5912e-03
-4.3618e-03
-1.1337e-03
1.6846e-03
3.8649e-03
5.3285e-03
6.0334e-03
5.9851e-03
5.3003e-03
4.1129e-03
2.5017e-03
6.3856e-04
-1.2942e-03
-3.2629e-03
-5.2351e-03
-7.0216e-03
-8.4512e-03
-9.4656e-03
-9.9715e-03
-9.8471e-03
-9.0676e-03
-7.7313e-03
-6.0853e-03
-4.5263e-03
-3.5048e-03
-3.3082e-03
-3.9743e-03
-5.2590e-03
-6.6961e-03
-7.8572e-03
-8.5966e-03
-8.9778e-03
-9.0899e-03
-8.8918e-03
-8.2023e-03
-6.8615e-03
-4.9035e-03
-2.5756e-03
-2.4734e-04
1.8109e-03
3.4165e-03
4.5366e-03
5.2656e-03
5.6732e-03
5.8152e-03
5.7037e-03
5.2462e-03
4.3335e-03
3.0064e-03
1.4465e-03
-8.7198e-05
-1.2320e-03
-1.6687e-03
-1.2671e-03
2.9908e-05
2.1988e-03
4.9730e-03
7.8601e-03
1.0269e-02
1.1798e-02
1.2332e-02
1.1714e-02
9.8104e-03
6.7208e-03
2.7271e-03
-1.7373e-03
-6.0249e-03
-9.2807e-03
-1.0730e-02
-9.9385e-03
-6.9238e-03
-2.2181e-03
3.4057e-03
9.0942e-03
1.4043e-02
1.7695e-02
1.9689e-02
1.9899e-02
1.8478e-02
1.5642e-02
1.1668e-02
6.9367e-03
1.8434e-03
-3.2528e-03
-8.0136e-03
-1.2107e-02
-1.5060e-02
-1.6363e-02
-1.5764e-02
-1.3417e-02
-9.7687e-03
-5.3175e-03
-4.8184e-04
4.3513e-03
8.6413e-03
1.1870e-02
1.3768e-02
1.4188e-02
1.3093e-02
1.0761e-02
7.7468e-03
4.6257e-03
1.7805e-03
-6.8837e-04
-2.9015e-03
-4.8547e-03
-6.2065e-03
-6.5427e-03
-5.6714e-03
-3.7575e-03
-1.3066e-03
1.0905e-03
2.9604e-03
4.1063e-03
4.6253e-03
4.7041e-03
4.6133e-03
4.5971e-03
4.6381e-03
4.5495e-03
4.1517e-03
3.3558e-03
2.2584e-03
1.1640e-03
4.2784e-04
2.9249e-04
7.5625e-04
1.5113e-03
2.1127e-03
2.2404e-03
1.7830e-03
7.3051e-04
-7.8115e-04
-2.4138e-03
-3.8580e-03
-4.8589e-03
-5.1881e-03
-4.8271e-03
-3.8866e-03
-2.5398e-03
-1.1097e-03
1.3589e-04
1.0972e-03
1.7192e-03
1.9981e-03
2.0711e-03
2.1106e-03
2.1819e-03
2.2555e-03
2.2573e-03
2.0912e-03
1.6705e-03
9.9797e-04
2.7046e-04
-1.6639e-04
-1.8777e-04
9.2258e-05
5.6979e-04
1.1735e-03
1.8757e-03
2.6697e-03
3.5216e-03
4.3032e-03
4.8117e-03
4.9147e-03
4.5470e-03
3.7584e-03
2.6924e-03
1.5069e-03
2.7295e-04
-9.7292e-04
-2.1837e-03
-3.2671e-03
-4.1175e-03
-4.6043e-03
-4.5511e-03
-3.9578e-03
-3.0627e-03
-2.1089e-03
-1.1967e-03
-4.3307e-04
1.0141e-04
4.8982e-04
7.5294e-04
8.3675e-04
7.8843e-04
6.8558e-04
5.5828e-04
4.0355e-04
9.5297e-05
-5.3495e-04
-1.5240e-03
-2.8187e-03
-4.2749e-03
-5.7102e-03
-7.0542e-03
-8.2753e-03
-9.2893e-03
-1.0163e-02
-1.1124e-02
-1.2305e-02
-1.3580e-02
-1.4707e-02
-1.5575e-02
-1.6252e-02
-1.6739e-02
-1.6908e-02
-1.6613e-02
-1.5842e-02
-1.4595e-02
-1.2685e-02
-9.9801e-03
-6.7343e-03
-3.3774e-03
-2.7499e-04
2.2877e-03
4.2360e-03
5.6009e-03
6.3569e-03
6.4989e-03
6.2191e-03
5.7476e-03
5.1285e-03
4.2113e-03
2.8260e-03
9.2630e-04
-1.3174e-03
-3.6672e-03
-5.9758e-03
-8.1594e-03
-1.0140e-02
-1.1772e-02
-1.2757e-02
-1.2790e-02
-1.1733e-02
-9.6522e-03
-6.7035e-03
-3.1561e-03
5.6550e-04
4.0114e-03
6.8744e-03
9.0998e-03
1.0665e-02
1.1493e-02
1.1642e-02
1.1314e-02
1.0692e-02
9.9756e-03
9.4711e-03
9.3964e-03
9.7210e-03
1.0289e-02
1.0880e-02
1.1167e-02
1.0927e-02
1.0307e-02
9.7062e-03
9.3900e-03
9.3234e-03
9.3707e-03
9.4585e-03
9.5271e-03
9.4707e-03
9.1633e-03
8.5320e-03
7.6480e-03
6.7658e-03
6.1479e-03
5.8487e-03
5.6777e-03
5.3876e-03
4.8438e-03
4.0079e-03
2.8262e-03
1.3309e-03
-2.7919e-04
-1.7563e-03
-2.9960e-03
-3.9992e-03
-4.7220e-03
-5.0887e-03
-5.1072e-03
-4.8343e-03
-4.2768e-03
-3.4454e-03
-2.3817e-03
-1.1347e-03
1.8424e-04
1.4107e-03
2.5021e-03
3.4195e-03
3.9486e-03
3.8935e-03
3.3244e-03
2.5217e-03
1.6733e-03
7.4264e-04
-2.9392e-04
-1.3316e-03
-2.2973e-03
-3.2358e-03
-4.2351e-03
-5.2189e-03
-5.9274e-03
-6.1541e-03
-5.9062e-03
-5.3331e-03
-4.6089e-03
-3.8576e-03
-3.2122e-03
-2.8114e-03
-2.6343e-03
-2.5650e-03
-2.5856e-03
-2.7865e-03
-3.2592e-03
-3.9927e-03
-4.7917e-03
-5.3679e-03
-5.5609e-03
-5.3395e-03
-4.7796e-03
-4.0498e-03
-3.3009e-03
-2.6322e-03
-1.9931e-03
-1.2489e-03
-3.0922e-04
8.2488e-04
2.0229e-03
3.1241e-03
4.0146e-03
4.6533e-03
5.1139e-03
5.5170e-03
5.9793e-03
6.6186e-03
7.4107e-03
8.1903e-03
8.7247e-03
8.7551e-03
8.2330e-03
7.4137e-03
6.5876e-03
5.8427e-03
5.2129e-03
4.8299e-03
4.7263e-03
4.7240e-03
4.6083e-03
4.2506e-03
3.6180e-03
2.8169e-03
2.0571e-03
1.4587e-03
1.0435e-03
8.5261e-04
8.9389e-04
1.1654e-03
1.6827e-03
2.3961e-03
3.1886e-03
3.9290e-03
4.4304e-03
4.5735e-03
4.3818e-03
3.8824e-03
3.0838e-03
2.0187e-03
6.6960e-04
-9.6913e-04
-2.6981e-03
-4.2458e-03
-5.4045e-03
-6.1031e-03
-6.3826e-03
-6.3146e-03
-5.8975e-03
-5.0648e-03
-3.7686e-03
-2.0162e-03
1.8189e-05
2.0672e-03
3.7938e-03
4.8924e-03
5.2389e-03
4.8802e-03
4.0362e-03
3.0145e-03
2.0063e-03
1.0253e-03
7.2370e-05
-6.8842e-04
-1.1571e-03
-1.3709e-03
-1.4272e-03
-1.4337e-03
-1.4496e-03
-1.4920e-03
-1.5550e-03
-1.6057e-03
-1.5731e-03
-1.3581e-03
-8.7527e-04
-1.2990e-04
7.4597e-04
1.6474e-03
2.5826e-03
3.4700e-03
4.1262e-03
4.4834e-03
4.6593e-03
4.7551e-03
4.6941e-03
4.2699e-03
3.2759e-03
1.6251e-03
-6.4097e-04
-3.3549e-03
-6.2198e-03
-8.8625e-03
-1.0984e-02
-1.2425e-02
-1.3111e-02
-1.3019e-02
-1.2227e-02
-1.0947e-02
-9.3673e-03
-7.5971e-03
-5.7631e-03
-3.9432e-03
-2.0213e-03
1.1022e-04
2.2416e-03
3.9400e-03
4.8712e-03
4.9487e-03
4.1737e-03
2.6428e-03
6.7397e-04
-1.4253e-03
-3.4485e-03
-5.1644e-03
-6.4377e-03
-7.4017e-03
-8.2408e-03
-8.9147e-03
-9.3090e-03
-9.3090e-03
-8.6767e-03
-7.2663e-03
-5.2506e-03
-2.9863e-03
-8.5337e-04
8.5344e-04
1.9823e-03
2.4740e-03
2.3190e-03
1.7181e-03
1.1429e-03
9.0913e-04
9.2154e-04
9.9572e-04
1.0530e-03
1.0335e-03
8.4492e-04
4.1612e-04
-2.1635e-04
-8.5411e-04
-1.2662e-03
-1.4384e-03
-1.5318e-03
-1.6394e-03
-1.7121e-03
-1.6148e-03
-1.1710e-03
-2.3268e-04
1.1904e-03
2.8993e-03
4.6004e-03
6.0342e-03
7.0376e-03
7.5657e-03
7.6456e-03
7.2775e-03
6.5714e-03
5.6947e-03
4.6462e-03
3.3653e-03
2.0121e-03
9.1531e-04
2.9997e-04
1.8528e-04
5.3095e-04
1.1928e-03
1.9641e-03
2.6844e-03
3.1891e-03
3.4116e-03
3.4373e-03
3.3274e-03
3.0373e-03
2.5108e-03
1.7874e-03
9.5374e-04
-3.0230e-05
-1.2429e-03
-2.5441e-03
-3.6097e-03
-4.0803e-03
-3.6635e-03
-2.2132e-03
1.7586e-04
3.0180e-03
5.5818e-03
7.2410e-03
7.6519e-03
6.8573e-03
5.1608e-03
2.9538e-03
6.0138e-04
-1.6636e-03
-3.7346e-03
-5.5714e-03
-7.0913e-03
-8.1123e-03
-8.5006e-03
-8.2520e-03
-7.4840e-03
-6.4188e-03
-5.3511e-03
-4.4413e-03
-3.6073e-03
-2.7774e-03
-1.9245e-03
-9.8703e-04
-4.8916e-06
9.1353e-04
1.7460e-03
2.5114e-03
3.0984e-03
3.3949e-03
3.4546e-03
3.3484e-03
3.0468e-03
2.5076e-03
1.8058e-03
1.1170e-03
4.9582e-04
-1.8446e-04
-1.0408e-03
-2.1182e-03
-3.3381e-03
-4.5462e-03
-5.6012e-03
-6.3903e-03
-6.8651e-03
-7.1331e-03
-7.3800e-03
-7.5945e-03
-7.6912e-03
-7.6287e-03
-7.3309e-03
-6.7020e-03
-5.7563e-03
-4.6716e-03
-3.6289e-03
-2.6970e-03
-1.8495e-03
-1.0721e-03
-4.9662e-04
-2.5484e-04
-3.1455e-04
-6.1204e-04
-1.1326e-03
-1.7929e-03
-2.4031e-03
-2.8887e-03
-3.3762e-03
-3.9357e-03
-4.4650e-03
-4.8653e-03
-5.0933e-03
-5.1852e-03
-5.1843e-03
-5.0542e-03
-4.7161e-03
-4.1346e-03
-3.3379e-03
-2.3245e-03
-1.1363e-03
9.9012e-05
1.2599e-03
2.2614e-03
3.0525e-03
3.6609e-03
4.2068e-03
4.7784e-03
5.4255e-03
6.0914e-03
6.4998e-03
6.3718e-03
5.7125e-03
4.7158e-03
3.4581e-03
1.8948e-03
1.5180e-04
-1.5368e-03
-2.9907e-03
-4.1314e-03
-4.9117e-03
-5.2520e-03
-5.0975e-03
-4.3816e-03
-3.0370e-03
-1.1546e-03
1.0276e-03
3.2884e-03
5.3888e-03
7.1543e-03
8.4450e-03
9.1121e-03
9.0437e-03
8.2214e-03
6.7553e-03
4.8849e-03
2.8230e-03
7.4262e-04
-1.1929e-03
-2.8682e-03
-4.1167e-03
-4.7810e-03
-4.8224e-03
-4.3376e-03
-3.5119e-03
-2.5888e-03
-1.7638e-03
-1.0715e-03
-4.3350e-04
1.7576e-04
7.3749e-04
1.2333e-03
1.6790e-03
2.0863e-03
2.4977e-03
2.9825e-03
3.5038e-03
3.9919e-03
4.3731e-03
4.4461e-03
4.0283e-03
3.1407e-03
1.9832e-03
7.9912e-04
-2.2864e-04
-9.7573e-04
-1.3934e-03
-1.5624e-03
-1.5922e-03
-1.4663e-03
-1.0597e-03
-2.6482e-04
9.0821e-04
2.3966e-03
4.1583e-03
6.0622e-03
7.7666e-03
8.8883e-03
9.2956e-03
9.0918e-03
8.3746e-03
7.1932e-03
5.6246e-03
3.7745e-03
1.8317e-03
6.0208e-05
-1.2346e-03
-1.7526e-03
-1.3688e-03
-2.4595e-04
1.2740e-03
2.8881e-03
4.3204e-03
5.3520e-03
5.9388e-03
6.1606e-03
6.1031e-03
5.8911e-03
5.6675e-03
5.4278e-03
5.1251e-03
4.8164e-03
4.5296e-03
4.1588e-03
3.6600e-03
3.1962e-03
2.9943e-03
3.1625e-03
3.6322e-03
4.1649e-03
4.5219e-03
4.5484e-03
4.2152e-03
3.5805e-03
2.7940e-03
2.0759e-03
1.5259e-03
1.1068e-03
7.5869e-04
3.8228e-04
-7.8723e-05
-6.2673e-04
-1.3027e-03
-2.0318e-03
-2.5733e-03
-2.7794e-03
-2.6904e-03
-2.3501e-03
-1.7670e-03
-1.0550e-03
-4.4546e-04
-6.3071e-05
1.4878e-04
1.9726e-04
9.3579e-06
-3.8864e-04
-1.0080e-03
-1.8909e-03
-2.9516e-03
-4.0651e-03
-5.0919e-03
-5.7762e-03
-5.9233e-03
-5.4475e-03
-4.4337e-03
-3.1345e-03
-1.7902e-03
-5.7173e-04
4.4533e-04
1.3440e-03
2.1599e-03
2.8422e-03
3.3530e-03
3.6011e-03
3.4971e-03
3.0646e-03
2.5163e-03
1.9897e-03
1.3824e-03
6.4620e-04
-8.3077e-06
-3.4671e-04
-3.4575e-04
-5.7693e-05
5.1797e-04
1.3113e-03
2.0692e-03
2.5321e-03
2.6110e-03
2.3171e-03
1.7675e-03
1.0867e-03
4.0468e-04
-7.3017e-05
-3.6487e-04
-7.1075e-04
-1.2344e-03
-1.8622e-03
-2.5126e-03
-3.1134e-03
-3.5582e-03
-3.7196e-03
-3.5461e-03
-3.1306e-03
-2.6163e-03
-2.0370e-03
-1.3777e-03
-7.8475e-04
-4.4767e-04
-3.3437e-04
-2.7373e-04
-1.8225e-04
-9.5464e-05
-1.0562e-04
-3.3135e-04
-8.7905e-04
-1.7426e-03
-2.6972e-03
-3.3729e-03
-3.4724e-03
-2.9563e-03
-2.0373e-03
-9.7186e-04
-1.8384e-05
5.9577e-04
7.7054e-04
4.8538e-04
-1.6596e-04
-9.7332e-04
-1.7293e-03
-2.3542e-03
-2.8738e-03
-3.3642e-03
-3.8744e-03
-4.4272e-03
-5.0345e-03
-5.5258e-03
-5.5762e-03
-5.0654e-03
-4.2381e-03
-3.3324e-03
-2.2880e-03
-1.1277e-03
-9.1028e-05
7.5178e-04
1.4562e-03
1.9351e-03
2.1177e-03
2.1109e-03
2.0477e-03
1.9928e-03
2.0043e-03
2.1737e-03
2.5858e-03
3.2363e-03
3.9496e-03
4.4420e-03
4.5688e-03
4.3855e-03
3.9736e-03
3.4065e-03
2.7869e-03
2.1658e-03
1.5632e-03
9.7578e-04
4.0727e-04
-1.5966e-04
-7.4840e-04
-1.4054e-03
-2.1671e-03
-3.0470e-03
-3.9761e-03
-4.8696e-03
-5.6640e-03
-6.1779e-03
-6.2409e-03
-5.8930e-03
-5.3122e-03
-4.7546e-03
-4.5734e-03
-4.9789e-03
-5.7404e-03
-6.2798e-03
-6.0777e-03
-4.9379e-03
-2.9876e-03
-6.5406e-04
1.5282e-03
3.1445e-03
3.9781e-03
4.0878e-03
3.7646e-03
3.2818e-03
2.6565e-03
1.8155e-03
8.5560e-04
-6.2482e-05
-8.4510e-04
-1.3585e-03
-1.5882e-03
-1.6433e-03
-1.5296e-03
-1.1357e-03
-3.8694e-04
6.1075e-04
1.5852e-03
2.3851e-03
2.9521e-03
3.2311e-03
3.3049e-03
3.3352e-03
3.4047e-03
3.5006e-03
3.5528e-03
3.4451e-03
3.0353e-03
2.2355e-03
1.1437e-03
5.9132e-05
-7.9225e-04
-1.2880e-03
-1.4499e-03
-1.4529e-03
-1.4360e-03
-1.4455e-03
-1.4912e-03
-1.5666e-03
-1.6277e-03
-1.5887e-03
-1.3473e-03
-8.3987e-04
-1.2632e-04
5.4996e-04
9.1586e-04
8.8691e-04
5.0004e-04
-2.2120e-04
-1.2117e-03
-2.3961e-03
-3.7607e-03
-5.1806e-03
-6.4597e-03
-7.5070e-03
-8.2735e-03
-8.7213e-03
-8.9074e-03
-8.9208e-03
-8.7502e-03
-8.3238e-03
-7.6462e-03
-6.9212e-03
-6.5422e-03
-6.7279e-03
-7.3497e-03
-8.1207e-03
-8.6869e-03
-8.8647e-03
-8.7127e-03
-8.2920e-03
-7.6343e-03
-6.8891e-03
-6.2549e-03
-5.7457e-03
-5.2421e-03
-4.6231e-03
-3.7985e-03
-2.8703e-03
-2.1165e-03
-1.7263e-03
-1.6391e-03
-1.6356e-03
-1.5161e-03
-1.1345e-03
-3.9833e-04
6.5537e-04
1.8924e-03
3.2250e-03
4.6181e-03
5.9965e-03
7.1914e-03
7.9783e-03
8.2977e-03
8.3013e-03
8.0655e-03
7.5259e-03
6.6719e-03
5.6810e-03
4.6965e-03
3.6946e-03
2.7038e-03
1.8245e-03
1.2218e-03
9.9409e-04
1.0020e-03
1.0696e-03
1.1112e-03
1.0553e-03
8.0450e-04
2.9221e-04
-4.2074e-04
-1.0956e-03
-1.4790e-03
-1.5218e-03
-1.3000e-03
-8.5332e-04
-2.4303e-04
3.4381e-04
7.4906e-04
1.0618e-03
1.4841e-03
2.0508e-03
2.5795e-03
2.8668e-03
2.7870e-03
2.3624e-03
1.7995e-03
1.2870e-03
9.2895e-04
7.7278e-04
8.3130e-04
1.1606e-03
1.8318e-03
2.7911e-03
3.7954e-03
4.6685e-03
5.3532e-03
5.7690e-03
5.9128e-03
5.8546e-03
5.6013e-03
5.1159e-03
4.4537e-03
3.8346e-03
3.4732e-03
3.3576e-03
3.3474e-03
3.3705e-03
3.4231e-03
3.4901e-03
3.5216e-03
3.4452e-03
3.1839e-03
2.6939e-03
2.0386e-03
1.4363e-03
1.0947e-03
9.8939e-04
9.5869e-04
9.1113e-04
8.4770e-04
8.0756e-04
8.5890e-04
1.0952e-03
1.5861e-03
2.2841e-03
2.9636e-03
3.3783e-03
3.4816e-03
3.3487e-03
3.0145e-03
2.5230e-03
2.0657e-03
1.9963e-03
2.5567e-03
3.5599e-03
4.5781e-03
5.3162e-03
5.6952e-03
5.8061e-03
5.7982e-03
5.7621e-03
5.7340e-03
5.7377e-03
5.7879e-03
5.8725e-03
5.9416e-03
5.9036e-03
5.6364e-03
5.0327e-03
4.0991e-03
3.0046e-03
1.8508e-03
6.6866e-04
-3.6680e-04
-1.0001e-03
-1.0749e-03
-6.4831e-04
4.4149e-05
7.1913e-04
1.3288e-03
2.0340e-03
2.7971e-03
3.2756e-03
3.2577e-03
2.8502e-03
2.2404e-03
1.6700e-03
1.5086e-03
1.9100e-03
2.5932e-03
3.1185e-03
3.3361e-03
3.4071e-03
3.4581e-03
3.4793e-03
3.4148e-03
3.2049e-03
2.7908e-03
2.1694e-03
1.4499e-03
7.2081e-04
-1.0370e-04
-1.1253e-03
-2.3066e-03
-3.4494e-03
-4.3573e-03
-4.8998e-03
-5.0885e-03
-5.1009e-03
-5.0812e-03
-5.0757e-03
-5.1040e-03
-5.1873e-03
-5.3247e-03
-5.4718e-03
-5.5330e-03
-5.4161e-03
-5.2049e-03
-5.0560e-03
-5.0080e-03
-5.0737e-03
-5.3213e-03
-5.8062e-03
-6.4640e-03
-7.0699e-03
-7.4152e-03
-7.5271e-03
-7.5676e-03
-7.6230e-03
-7.6798e-03
-7.6794e-03
-7.5311e-03
-7.1283e-03
-6.4192e-03
-5.4901e-03
-4.4976e-03
-3.5454e-03
-2.7645e-03
-2.2310e-03
-1.8818e-03
-1.7395e-03
-1.8529e-03
-2.1386e-03
-2.4601e-03
-2.8209e-03
-3.3910e-03
-4.2435e-03
-5.1883e-03
-6.0357e-03
-6.7507e-03
-7.1389e-03
-6.9860e-03
-6.4267e-03
-5.8007e-03
-5.3419e-03
-4.9922e-03
-4.5234e-03
-3.8239e-03
-2.9854e-03
-2.0118e-03
-7.1480e-04
8.5385e-04
2.3805e-03
3.6140e-03
4.3575e-03
4.5420e-03
4.3063e-03
3.7960e-03
3.1360e-03
2.5594e-03
2.1830e-03
1.8087e-03
1.2437e-03
5.7108e-04
1.1153e-04
5.0772e-05
1.9449e-04
2.2277e-04
-1.1437e-04
-8.6714e-04
-1.8773e-03
-2.9173e-03
-3.8346e-03
-4.5782e-03
-5.0544e-03
-5.2317e-03
-5.1872e-03
-4.9443e-03
-4.4501e-03
-3.7118e-03
-2.8886e-03
-2.0475e-03
-1.0448e-03
1.0185e-04
1.2198e-03
2.1977e-03
3.0008e-03
3.6201e-03
3.8443e-03
3.5031e-03
2.8274e-03
2.1337e-03
1.4630e-03
7.4325e-04
1.2289e-04
-1.7976e-04
-2.4586e-04
-2.7598e-04
-3.3481e-04
-3.8018e-04
-3.4322e-04
-1.4198e-04
3.0087e-04
9.7801e-04
1.7125e-03
2.3325e-03
2.9140e-03
3.5028e-03
3.8343e-03
3.6304e-03
3.0328e-03
2.3464e-03
1.5863e-03
5.8354e-04
-5.9503e-04
-1.6632e-03
-2.4123e-03
-2.7398e-03
-2.7000e-03
-2.3676e-03
-1.7597e-03
-9.7227e-04
-2.0017e-04
4.5717e-04
9.7925e-04
1.1686e-03
8.2496e-04
1.6860e-04
-4.9725e-04
-1.2515e-03
-2.2184e-03
-3.2645e-03
-4.1958e-03
-4.8273e-03
-4.9792e-03
-4.6836e-03
-4.1115e-03
-3.4604e-03
-2.9191e-03
-2.4879e-03
-1.9698e-03
-1.2300e-03
-2.5651e-04
1.0402e-03
2.7325e-03
4.5654e-03
6.0280e-03
6.7136e-03
6.5446e-03
5.6961e-03
4.4505e-03
3.1305e-03
1.9692e-03
1.1891e-03
8.6003e-04
8.4111e-04
1.0285e-03
1.4544e-03
2.1481e-03
2.9900e-03
3.8085e-03
4.6679e-03
5.7274e-03
7.0056e-03
8.3560e-03
9.6346e-03
1.0650e-02
1.1197e-02
1.1123e-02
1.0569e-02
9.9602e-03
9.6517e-03
9.5872e-03
9.4776e-03
9.1143e-03
8.4144e-03
7.4386e-03
6.3763e-03
5.3950e-03
4.5520e-03
3.9039e-03
3.4820e-03
3.0753e-03
2.4274e-03
1.5304e-03
5.6095e-04
-3.5915e-04
-1.1452e-03
-1.7046e-03
-2.1071e-03
-2.4188e-03
-2.6110e-03
-2.7104e-03
-2.6469e-03
-2.2649e-03
-1.6675e-03
-9.6599e-04
-7.9176e-05
9.5072e-04
1.9199e-03
2.7180e-03
3.2389e-03
3.3814e-03
3.1356e-03
2.4979e-03
1.4751e-03
1.3126e-04
-1.4842e-03
-3.3170e-03
-5.1662e-03
-6.7125e-03
-7.7732e-03
-8.2917e-03
-8.2057e-03
-7.6618e-03
-7.0124e-03
-6.5872e-03
-6.4628e-03
-6.4673e-03
-6.4023e-03
-6.1456e-03
-5.6473e-03
-4.9758e-03
-4.3278e-03
-3.9038e-03
-3.8039e-03
-4.0432e-03
-4.6205e-03
-5.4501e-03
-6.2249e-03
-6.5793e-03
-6.3940e-03
-5.6561e-03
-4.3586e-03
-2.7214e-03
-1.1914e-03
-3.9166e-05
6.8109e-04
9.0631e-04
6.8987e-04
1.7140e-04
-4.9436e-04
-1.0525e-03
-1.3009e-03
-1.3779e-03
-1.5599e-03
-1.9880e-03
-2.6311e-03
-3.2790e-03
-3.6182e-03
-3.4930e-03
-3.0203e-03
-2.4559e-03
-2.0286e-03
-1.7633e-03
-1.6071e-03
-1.6646e-03
-1.9992e-03
-2.5184e-03
-3.1230e-03
-3.6957e-03
-4.0138e-03
-4.0103e-03
-3.7400e-03
-3.2179e-03
-2.5107e-03
-1.8724e-03
-1.5541e-03
-1.4904e-03
-1.4975e-03
-1.5061e-03
-1.5190e-03
-1.5304e-03
-1.5277e-03
-1.5097e-03
-1.4848e-03
-1.4623e-03
-1.4534e-03
-1.4702e-03
-1.5206e-03
-1.5945e-03
-1.6501e-03
-1.6054e-03
-1.3519e-03
-8.0013e-04
2.6371e-05
9.1901e-04
1.7154e-03
2.4359e-03
2.9737e-03
3.2123e-03
3.3195e-03
3.5216e-03
3.8797e-03
4.2971e-03
4.5604e-03
4.4882e-03
4.0928e-03
3.6432e-03
3.4125e-03
3.3628e-03
3.3544e-03
3.3502e-03
3.3595e-03
3.3755e-03
3.3838e-03
3.3823e-03
3.3748e-03
3.3639e-03
3.3500e-03
3.3364e-03
3.3317e-03
3.3507e-03
3.4095e-03
3.5166e-03
3.6552e-03
3.7640e-03
3.7705e-03
3.7413e-03
3.7479e-03
3.7021e-03
3.6027e-03
3.5141e-03
3.3517e-03
2.9749e-03
2.3541e-03
1.6498e-03
1.1752e-03
1.0518e-03
1.0950e-03
1.0969e-03
9.3864e-04
5.3971e-04
-1.1221e-04
-8.3953e-04
-1.2635e-03
-1.1674e-03
-6.6053e-04
3.1004e-05
6.7063e-04
1.2296e-03
1.8859e-03
2.6498e-03
3.2455e-03
3.5024e-03
3.4857e-03
3.1988e-03
2.5220e-03
1.4280e-03
1.0606e-04
-1.2591e-03
-2.5275e-03
-3.5755e-03
-4.3692e-03
-4.8497e-03
-5.0550e-03
-5.1745e-03
-5.3178e-03
-5.4191e-03
-5.3016e-03
-4.7492e-03
-3.5996e-03
-1.9227e-03
-1.2759e-04
1.3476e-03
2.4103e-03
3.2952e-03
4.1066e-03
4.6013e-03
4.6200e-03
4.2104e-03
3.4087e-03
2.3059e-03
1.1746e-03
2.4848e-04
-3.3469e-04
-5.9089e-04
-6.2165e-04
-4.8031e-04
-3.1073e-04
-2.3852e-04
-2.4630e-04
-2.8228e-04
-3.2568e-04
-3.5389e-04
-3.1831e-04
-1.5887e-04
1.6149e-04
6.0884e-04
1.0842e-03
1.5567e-03
1.9977e-03
2.2420e-03
2.1476e-03
1.6730e-03
8.2540e-04
-2.5664e-04
-1.3149e-03
-2.2129e-03
-2.9327e-03
-3.5972e-03
-4.2775e-03
-4.8213e-03
-5.1034e-03
-5.2019e-03
-5.2136e-03
-5.1103e-03
-4.8140e-03
-4.3016e-03
-3.6737e-03
-3.1147e-03
-2.6704e-03
-2.1727e-03
-1.5081e-03
-8.3483e-04
-4.1712e-04
-2.3700e-04
-1.3133e-04
-9.0655e-05
-2.4756e-04
-7.4559e-04
-1.6373e-03
-2.7778e-03
-3.8676e-03
-4.6967e-03
-5.1429e-03
-5.2425e-03
-5.0900e-03
-4.6800e-03
-3.9920e-03
-3.1461e-03
-2.3234e-03
-1.4807e-03
-5.7008e-04
2.9446e-04
1.0972e-03
1.7715e-03
2.1461e-03
2.2471e-03
2.1885e-03
1.9792e-03
1.5901e-03
1.0944e-03
7.2738e-04
7.5057e-04
1.1427e-03
1.6180e-03
1.9540e-03
2.0887e-03
2.0984e-03
2.0899e-03
2.1335e-03
2.2805e-03
2.5580e-03
2.9239e-03
3.2279e-03
3.3454e-03
3.4476e-03
3.7848e-03
4.2458e-03
4.6945e-03
5.2551e-03
6.0010e-03
6.6941e-03
7.0332e-03
7.0086e-03
6.7112e-03
6.1350e-03
5.3014e-03
4.3074e-03
3.1674e-03
1.8623e-03
4.6809e-04
-8.9896e-04
-2.0516e-03
-2.8745e-03
-3.3685e-03
-3.5175e-03
-3.2508e-03
-2.6385e-03
-1.8764e-03
-1.1013e-03
-4.4552e-04
2.1867e-06
2.7741e-04
3.7624e-04
2.2967e-04
-4.6403e-05
-2.2136e-04
-2.6129e-04
-2.7425e-04
-3.1866e-04
-3.8195e-04
-4.2431e-04
-3.8092e-04
-1.6264e-04
3.0283e-04
9.8450e-04
1.6594e-03
2.0402e-03
2.1305e-03
2.1167e-03
2.0991e-03
2.0962e-03
2.1266e-03
2.2058e-03
2.3056e-03
2.3397e-03
2.1762e-03
1.6784e-03
7.9157e-04
-3.3248e-04
-1.3862e-03
-2.1698e-03
-2.6004e-03
-2.7772e-03
-2.8591e-03
-2.8655e-03
-2.6958e-03
-2.2305e-03
-1.4266e-03
-4.2222e-04
5.2452e-04
1.2968e-03
1.8267e-03
2.0660e-03
2.1148e-03
2.1170e-03
2.1353e-03
2.1698e-03
2.2028e-03
2.2010e-03
2.1150e-03
1.9023e-03
1.5695e-03
1.2187e-03
1.0137e-03
9.8868e-04
1.0366e-03
1.0471e-03
9.3028e-04
5.9281e-04
-1.6517e-05
-8.0398e-04
-1.5590e-03
-2.2657e-03
-3.0114e-03
-3.6551e-03
-3.9732e-03
-3.9296e-03
-3.5734e-03
-2.9027e-03
-1.9822e-03
-1.0016e-03
-5.2730e-06
1.0602e-03
2.1694e-03
3.2711e-03
4.3163e-03
5.1990e-03
5.6611e-03
5.5189e-03
4.8379e-03
3.8151e-03
2.7413e-03
1.8383e-03
1.2429e-03
1.0008e-03
9.4970e-04
9.1485e-04
8.5529e-04
8.1475e-04
8.6972e-04
1.1138e-03
1.6162e-03
2.3269e-03
2.9931e-03
3.3554e-03
3.4386e-03
3.3556e-03
3.0939e-03
2.6037e-03
1.9397e-03
1.2422e-03
5.1479e-04
-4.0146e-04
-1.5023e-03
-2.5373e-03
-3.3232e-03
-3.7725e-03
-3.9522e-03
-4.0161e-03
-4.0136e-03
-3.8857e-03
-3.5549e-03
-2.9983e-03
-2.3172e-03
-1.7135e-03
-1.1902e-03
-5.6245e-04
1.6689e-04
7.1982e-04
9.5706e-04
1.0122e-03
9.7852e-04
8.0269e-04
4.1452e-04
-1.6244e-04
-7.7103e-04
-1.2512e-03
-1.6631e-03
-2.2061e-03
-2.9147e-03
-3.5434e-03
-3.8429e-03
-3.8857e-03
-3.8616e-03
-3.8511e-03
-3.8767e-03
-3.9717e-03
-4.1518e-03
-4.3611e-03
-4.4444e-03
-4.1660e-03
-3.4288e-03
-2.4513e-03
-1.3883e-03
-2.0658e-04
1.0584e-03
2.2837e-03
3.3422e-03
4.1186e-03
4.5322e-03
4.5909e-03
4.3502e-03
3.8310e-03
3.0925e-03
2.3453e-03
1.7177e-03
1.0959e-03
4.6064e-04
-1.4360e-05
-2.5682e-04
-3.7835e-04
-4.4630e-04
-3.7243e-04
5.8240e-07
7.8275e-04
1.9227e-03
3.2515e-03
4.6667e-03
5.8514e-03
6.2833e-03
5.9951e-03
5.4093e-03
4.6970e-03
3.9187e-03
3.2964e-03
2.9030e-03
2.6163e-03
2.4018e-03
2.2233e-03
1.9228e-03
1.3797e-03
6.6836e-04
6.5280e-05
-2.6180e-04
-4.5824e-04
-6.8551e-04
-9.2179e-04
-1.0303e-03
-9.5245e-04
-8.6811e-04
-1.0697e-03
-1.6657e-03
-2.3651e-03
-2.7324e-03
-2.6589e-03
-2.2544e-03
-1.6093e-03
-8.9993e-04
-4.3270e-04
-2.8767e-04
-2.9185e-04
-3.1516e-04
-3.2932e-04
-3.2241e-04
-2.7691e-04
-2.0257e-04
-1.5022e-04
-2.0422e-04
-4.5781e-04
-9.6847e-04
-1.6745e-03
-2.3241e-03
-2.6737e-03
-2.7776e-03
-2.7851e-03
-2.7120e-03
-2.4973e-03
-2.1131e-03
-1.6140e-03
-1.0853e-03
-5.2629e-04
9.5726e-05
8.0760e-04
1.5173e-03
1.9729e-03
2.1199e-03
2.1320e-03
2.1264e-03
2.1130e-03
2.0919e-03
2.0839e-03
2.1079e-03
2.1668e-03
2.2449e-03
2.2998e-03
2.2556e-03
2.0164e-03
1.5130e-03
7.8978e-04
8.8185e-05
-3.0940e-04
-3.8235e-04
-2.3094e-04
1.3858e-04
7.3330e-04
1.4114e-03
1.9317e-03
2.3188e-03
2.8103e-03
3.4702e-03
4.1005e-03
4.4924e-03
4.6360e-03
4.6021e-03
4.3631e-03
3.8337e-03
3.0072e-03
1.9541e-03
7.4904e-04
-5.0806e-04
-1.7473e-03
-2.9394e-03
-3.9835e-03
-4.7625e-03
-5.1691e-03
-5.2434e-03
-5.0767e-03
-4.6687e-03
-4.0268e-03
-3.3272e-03
-2.8747e-03
-2.7274e-03
-2.7061e-03
-2.6992e-03
-2.7103e-03
-2.7549e-03
-2.8206e-03
-2.8733e-03
-2.8497e-03
-2.6517e-03
-2.1753e-03
-1.3910e-03
-4.1838e-04
5.6766e-04
1.4666e-03
2.2677e-03
3.0445e-03
3.8025e-03
4.2711e-03
4.1797e-03
3.5959e-03
2.7674e-03
1.9115e-03
1.1096e-03
4.0353e-04
-7.0155e-05
-2.5554e-04
-2.8215e-04
-2.8178e-04
-2.8697e-04
-2.8743e-04
-2.7714e-04
-2.5215e-04
-2.0727e-04
-1.4592e-04
-9.0616e-05
-8.3569e-05
-1.1262e-04
2.3016e-05
4.7779e-04
1.1331e-03
1.7038e-03
2.0062e-03
2.0929e-03
2.1066e-03
2.1217e-03
2.1516e-03
2.1944e-03
2.2265e-03
2.1883e-03
1.9985e-03
1.5970e-03
1.0095e-03
4.0370e-04
-3.9245e-05
-3.7285e-04
-8.3104e-04
-1.5365e-03
-2.3759e-03
-3.2304e-03
-4.1998e-03
-5.2824e-03
-6.2725e-03
-7.0222e-03
-7.4406e-03
-7.5917e-03
-7.6047e-03
-7.4956e-03
-7.2036e-03
-6.7074e-03
-6.1097e-03
-5.6340e-03
-5.4200e-03
-5.3421e-03
-5.1630e-03
-4.7399e-03
-4.0786e-03
-3.3729e-03
-2.9982e-03
-3.1591e-03
-3.7186e-03
-4.3930e-03
-4.8642e-03
-5.0348e-03
-5.0962e-03
-5.2439e-03
-5.5486e-03
-5.9819e-03
-6.3868e-03
-6.4583e-03
-6.0869e-03
-5.6236e-03
-5.3889e-03
-5.2608e-03
-4.9791e-03
-4.4445e-03
-3.7394e-03
-3.1183e-03
-2.8163e-03
-2.7719e-03
-2.8090e-03
-2.8420e-03
-2.8215e-03
-2.6643e-03
-2.2831e-03
-1.6642e-03
-9.3858e-04
-2.5745e-04
5.0524e-04
1.5355e-03
2.7610e-03
3.9892e-03
5.0830e-03
5.9469e-03
6.5181e-03
6.8586e-03
7.1783e-03
7.6401e-03
8.1906e-03
8.5449e-03
8.4110e-03
7.9129e-03
7.4496e-03
7.2044e-03
7.0168e-03
6.6455e-03
5.9876e-03
5.1302e-03
4.2805e-03
3.4840e-03
2.7393e-03
2.2420e-03
2.0681e-03
2.0859e-03
2.2213e-03
2.5041e-03
2.9331e-03
3.4433e-03
3.9840e-03
4.3899e-03
4.5775e-03
4.6479e-03
4.6485e-03
4.4955e-03
4.0712e-03
3.3319e-03
2.3620e-03
1.2699e-03
9.4737e-05
-1.0330e-03
-1.9361e-03
-2.4859e-03
-2.7091e-03
-2.7895e-03
-2.8429e-03
-2.8436e-03
-2.7095e-03
-2.3663e-03
-1.7968e-03
-1.1245e-03
-6.2108e-04
-3.7874e-04
-2.1247e-04
2.6761e-05
3.0706e-04
4.6437e-04
3.2420e-04
2.3573e-05
-1.9753e-04
-4.2113e-04
-8.4387e-04
-1.4809e-03
-2.1338e-03
-2.5736e-03
-2.7780e-03
-2.8732e-03
-2.9048e-03
-2.8016e-03
-2.4729e-03
-1.8887e-03
-1.1593e-03
-5.8047e-04
-3.5553e-04
-3.6936e-04
-4.4216e-04
-4.8682e-04
-4.2764e-04
-1.5867e-04
3.9034e-04
1.1452e-03
1.8262e-03
2.1805e-03
2.2235e-03
2.0250e-03
1.5452e-03
7.7212e-04
-1.2223e-04
-9.4431e-04
-1.7071e-03
-2.3533e-03
-2.7151e-03
-2.8422e-03
-2.8748e-03
-2.8131e-03
-2.5624e-03
-2.0611e-03
-1.3731e-03
-7.4255e-04
-3.9780e-04
-2.7241e-04
-2.1464e-04
-2.1923e-04
-3.7446e-04
-7.5547e-04
-1.3622e-03
-2.0609e-03
-2.6399e-03
-3.0343e-03
-3.3461e-03
-3.6128e-03
-3.8236e-03
-4.1103e-03
-4.6346e-03
-5.3727e-03
-6.0492e-03
-6.3673e-03
-6.3005e-03
-5.9210e-03
-5.2474e-03
-4.3862e-03
-3.5228e-03
-2.6611e-03
-1.8097e-03
-1.1511e-03
-7.2942e-04
-4.1915e-04
-3.5275e-05
5.3831e-04
1.2193e-03
1.7685e-03
2.0494e-03
2.1459e-03
2.1628e-03
2.0994e-03
1.9131e-03
1.6022e-03
1.2433e-03
9.7499e-04
8.8550e-04
9.5602e-04
1.1429e-03
1.4160e-03
1.7019e-03
1.9287e-03
2.1897e-03
2.6519e-03
3.3366e-03
4.0293e-03
4.4429e-03
4.5710e-03
4.5628e-03
4.4597e-03
4.2260e-03
3.8785e-03
3.5392e-03
3.3499e-03
3.2992e-03
3.2899e-03
3.2809e-03
3.2815e-03
3.3027e-03
3.3445e-03
3.3962e-03
3.4259e-03
3.3724e-03
3.1565e-03
2.7202e-03
2.0964e-03
1.4843e-03
1.1134e-03
8.9655e-04
5.6635e-04
6.8064e-06
-6.7108e-04
-1.2241e-03
-1.4998e-03
-1.5551e-03
-1.5151e-03
-1.4481e-03
-1.4081e-03
-1.4853e-03
-1.7825e-03
-2.3460e-03
-3.0796e-03
-3.7188e-03
-4.0300e-03
-3.9884e-03
-3.6481e-03
-3.0262e-03
-2.2146e-03
-1.4096e-03
-6.1310e-04
2.7389e-04
1.1623e-03
2.0029e-03
2.7689e-03
3.2306e-03
3.2515e-03
2.9012e-03
2.2565e-03
1.4327e-03
6.4075e-04
-8.4016e-05
-8.1018e-04
-1.4577e-03
-2.0617e-03
-2.7749e-03
-3.4981e-03
-3.8653e-03
-3.7213e-03
-3.2084e-03
-2.5368e-03
-1.9520e-03
-1.6315e-03
-1.5374e-03
-1.5411e-03
-1.5844e-03
-1.6565e-03
-1.7271e-03
-1.7329e-03
-1.5927e-03
-1.2310e-03
-6.3098e-04
7.5386e-05
6.0121e-04
8.3116e-04
9.1821e-04
9.8032e-04
9.8366e-04
8.3676e-04
4.6532e-04
-1.4247e-04
-8.5093e-04
-1.3646e-03
-1.5553e-03
-1.5734e-03
-1.5614e-03
-1.5490e-03
-1.5418e-03
-1.5609e-03
-1.6170e-03
-1.6895e-03
-1.7261e-03
-1.6514e-03
-1.3846e-03
-8.8610e-04
-2.3182e-04
3.4494e-04
6.3181e-04
6.7164e-04
6.7970e-04
8.3518e-04
1.2344e-03
1.8841e-03
2.6126e-03
3.0523e-03
2.9910e-03
2.5305e-03
1.8740e-03
1.2555e-03
7.5355e-04
1.5913e-04
-6.7813e-04
-1.6068e-03
-2.4595e-03
-3.2271e-03
-3.7283e-03
-3.7256e-03
-3.2756e-03
-2.6082e-03
-1.9833e-03
-1.4797e-03
-8.8919e-04
-7.3003e-05
8.0856e-04
1.5990e-03
2.3309e-03
2.8989e-03
3.1592e-03
3.2333e-03
3.2971e-03
3.3807e-03
3.4115e-03
3.2818e-03
2.8740e-03
2.1230e-03
1.1233e-03
8.6356e-05
-8.0985e-04
-1.3472e-03
-1.3473e-03
-8.8799e-04
-1.8595e-04
5.0098e-04
1.0692e-03
1.6768e-03
2.3872e-03
2.9589e-03
3.1985e-03
3.2358e-03
3.2424e-03
3.2489e-03
3.2358e-03
3.2072e-03
3.1834e-03
3.1848e-03
3.2367e-03
3.3650e-03
3.5743e-03
3.8151e-03
3.9497e-03
3.7970e-03
3.4646e-03
3.2818e-03
3.3001e-03
3.3759e-03
3.4081e-03
3.3212e-03
3.0165e-03
2.4289e-03
1.6522e-03
9.9887e-04
7.1898e-04
7.7389e-04
1.0832e-03
1.6428e-03
2.3588e-03
2.9382e-03
3.1867e-03
3.2401e-03
3.2795e-03
3.3375e-03
3.3641e-03
3.2871e-03
3.0191e-03
2.4920e-03
1.7573e-03
1.0556e-03
5.6038e-04
1.9722e-04
-3.7243e-05
6.9164e-05
5.3483e-04
1.1578e-03
1.9426e-03
2.9210e-03
3.9482e-03
4.8617e-03
5.4724e-03
5.6330e-03
5.4051e-03
4.9043e-03
4.2371e-03
3.6102e-03
3.1135e-03
2.5405e-03
1.7370e-03
8.5355e-04
4.5203e-05
-7.1787e-04
-1.3216e-03
-1.6033e-03
-1.6578e-03
-1.6413e-03
-1.5950e-03
-1.5186e-03
-1.4552e-03
-1.4959e-03
-1.7551e-03
-2.3288e-03
-3.2063e-03
-4.1865e-03
-5.0739e-03
-5.8123e-03
-6.3252e-03
-6.5781e-03
-6.6083e-03
-6.3642e-03
-5.6925e-03
-4.5109e-03
-2.9784e-03
-1.3415e-03
2.6424e-04
1.6583e-03
2.6296e-03
3.1291e-03
3.2577e-03
3.1278e-03
2.7561e-03
2.1326e-03
1.3538e-03
5.5226e-04
-2.8601e-04
-1.2030e-03
-2.1083e-03
-2.9023e-03
-3.4574e-03
-3.5660e-03
-3.1738e-03
-2.5025e-03
-1.9229e-03
-1.6372e-03
-1.5393e-03
-1.5116e-03
-1.5830e-03
-1.8336e-03
-2.2992e-03
-2.9145e-03
-3.4841e-03
-3.8302e-03
-3.9728e-03
-4.0463e-03
-4.1100e-03
-4.1213e-03
-3.9975e-03
-3.6593e-03
-3.0798e-03
-2.3775e-03
-1.8342e-03
-1.5863e-03
-1.5290e-03
-1.5961e-03
-1.8451e-03
-2.3269e-03
-2.9682e-03
-3.5460e-03
-3.8646e-03
-3.9558e-03
-3.9755e-03
-4.0101e-03
-4.0634e-03
-4.1106e-03
-4.1031e-03
-3.9636e-03
-3.6164e-03
-3.0526e-03
-2.4148e-03
-1.9840e-03
-1.8436e-03
-1.7691e-03
-1.5260e-03
-1.0227e-03
-3.1437e-04
3.7668e-04
7.9196e-04
8.4246e-04
5.4514e-04
-1.1014e-04
-1.0623e-03
-2.0668e-03
-2.9371e-03
-3.6091e-03
-3.9927e-03
-4.0649e-03
-3.8823e-03
-3.4635e-03
-2.8280e-03
-2.1021e-03
-1.4071e-03
-7.0697e-04
5.6089e-06
5.1306e-04
6.9995e-04
7.2549e-04
7.4374e-04
7.7826e-04
8.0563e-04
8.0344e-04
7.3767e-04
5.6593e-04
2.7559e-04
-6.5387e-05
-3.1074e-04
-4.0624e-04
-4.4122e-04
-4.9435e-04
-5.6556e-04
-6.0539e-04
-5.3070e-04
-2.3229e-04
3.7533e-04
1.2482e-03
2.1719e-03
3.0242e-03
3.7865e-03
4.2968e-03
4.4938e-03
4.4932e-03
4.3400e-03
3.9710e-03
3.3613e-03
2.6515e-03
2.0882e-03
1.6821e-03
1.2654e-03
8.5469e-04
7.0092e-04
9.5820e-04
1.3974e-03
1.6943e-03
1.8511e-03
2.0844e-03
2.5063e-03
3.0366e-03
3.4097e-03
3.2479e-03
2.4825e-03
1.5102e-03
6.5608e-04
1.0729e-05
-3.5813e-04
-4.7579e-04
-4.7714e-04
-4.6024e-04
-4.4983e-04
-4.4670e-04
-4.5228e-04
-4.6412e-04
-4.7658e-04
-4.8584e-04
-4.9200e-04
-4.9552e-04
-4.9534e-04
-4.8806e-04
-4.7108e-04
-4.4605e-04
-4.2402e-04
-4.2683e-04
-4.8417e-04
-6.2006e-04
-8.3083e-04
-1.0547e-03
-1.1447e-03
-9.5572e-04
-6.6585e-04
-5.5059e-04
-5.8711e-04
-6.1958e-04
-5.4740e-04
-2.9988e-04
1.7686e-04
8.3322e-04
1.4500e-03
1.8076e-03
1.9160e-03
1.9255e-03
1.9259e-03
1.9332e-03
1.9518e-03
1.9816e-03
2.0010e-03
1.9690e-03
1.8467e-03
1.6248e-03
1.3551e-03
1.1868e-03
1.3222e-03
1.6796e-03
1.9468e-03
2.0575e-03
2.0849e-03
1.9936e-03
1.6801e-03
1.0481e-03
3.1972e-04
-2.6494e-04
-5.1507e-04
-5.5519e-04
-5.5343e-04
-5.5149e-04
-5.4340e-04
-5.3708e-04
-5.4167e-04
-5.5309e-04
-5.6273e-04
-5.6633e-04
-5.6454e-04
-5.6012e-04
-5.5686e-04
-5.5852e-04
-5.6729e-04
-5.8153e-04
-5.9449e-04
-5.9475e-04
-5.7059e-04
-5.1852e-04
-4.5537e-04
-4.2828e-04
-5.1486e-04
-8.0160e-04
-1.3323e-03
-2.0208e-03
-2.6004e-03
-2.8883e-03
-2.9853e-03
-3.0078e-03
-2.9221e-03
-2.6384e-03
-2.1174e-03
-1.4417e-03
-8.5070e-04
-4.8903e-04
-2.2989e-04
3.5351e-05
1.9917e-04
5.6431e-05
-3.0370e-04
-5.6377e-04
-6.6211e-04
-6.7891e-04
-5.8312e-04
-2.7304e-04
2.9316e-04
1.0048e-03
1.5739e-03
1.8145e-03
1.8494e-03
1.8435e-03
1.8372e-03
1.8244e-03
1.8127e-03
1.8114e-03
1.8168e-03
1.8213e-03
1.8211e-03
1.8165e-03
1.8091e-03
1.8006e-03
1.7923e-03
1.7856e-03
1.7810e-03
1.7785e-03
1.7769e-03
1.7742e-03
1.7673e-03
1.7534e-03
1.7326e-03
1.7095e-03
1.6945e-03
1.7017e-03
1.7404e-03
1.8026e-03
1.8487e-03
1.8003e-03
1.5524e-03
1.0194e-03
2.2441e-04
-6.3072e-04
-1.3863e-03
-2.0545e-03
-2.5278e-03
-2.6878e-03
-2.6889e-03
-2.7685e-03
-3.0549e-03
-3.5738e-03
-4.2282e-03
-4.7530e-03
-4.9704e-03
-5.0000e-03
-5.0081e-03
-5.0375e-03
-5.0671e-03
-5.0587e-03
-4.9467e-03
-4.6463e-03
-4.1135e-03
-3.4362e-03
-2.8798e-03
-2.6216e-03
-2.5507e-03
-2.5188e-03
-2.4994e-03
-2.5118e-03
-2.5564e-03
-2.6129e-03
-2.6414e-03
-2.5691e-03
-2.2987e-03
-1.7576e-03
-9.9054e-04
-2.2775e-04
3.2460e-04
6.2770e-04
5.9276e-04
2.4675e-04
-1.1260e-04
-3.3019e-04
-5.2303e-04
-7.9427e-04
-1.1089e-03
-1.4579e-03
-1.9369e-03
-2.5392e-03
-3.0347e-03
-3.2596e-03
-3.3323e-03
-3.3935e-03
-3.4313e-03
-3.3459e-03
-3.0233e-03
-2.3759e-03
-1.4305e-03
-4.2625e-04
3.7143e-04
9.5159e-04
1.4923e-03
2.1108e-03
2.6809e-03
2.9531e-03
2.8326e-03
2.4032e-03
1.8028e-03
1.2311e-03
7.8920e-04
3.5240e-04
-1.5344e-04
-5.7713e-04
-8.0331e-04
-9.9264e-04
-1.3562e-03
-1.9166e-03
-2.4892e-03
-2.8012e-03
-2.7139e-03
-2.2876e-03
-1.6798e-03
-1.1339e-03
-8.6007e-04
-8.1487e-04
-8.4858e-04
-8.7625e-04
-8.4179e-04
-6.6812e-04
-2.8922e-04
2.7658e-04
8.7444e-04
1.3632e-03
1.8036e-03
2.2550e-03
2.6465e-03
2.9039e-03
3.0096e-03
3.0277e-03
3.0266e-03
3.0232e-03
3.0080e-03
2.9731e-03
2.9177e-03
2.8526e-03
2.8105e-03
2.8492e-03
3.0361e-03
3.4100e-03
3.9171e-03
4.3609e-03
4.5612e-03
4.5795e-03
4.5630e-03
4.5653e-03
4.5732e-03
4.5570e-03
4.4687e-03
4.2417e-03
3.8315e-03
3.2850e-03
2.7920e-03
2.5301e-03
2.4474e-03
2.4118e-03
2.3800e-03
2.3626e-03
2.3651e-03
2.3827e-03
2.4053e-03
2.4058e-03
2.3313e-03
2.1169e-03
1.7235e-03
1.1999e-03
7.3234e-04
4.9841e-04
4.5692e-04
4.8413e-04
5.2525e-04
5.5334e-04
5.1369e-04
3.3749e-04
-1.2857e-05
-4.9069e-04
-9.2458e-04
-1.1513e-03
-1.2025e-03
-1.1698e-03
-1.0612e-03
-8.4949e-04
-5.5501e-04
-2.7215e-04
-5.0768e-05
1.6361e-04
3.0877e-04
3.6274e-04
4.4486e-04
6.6285e-04
1.0309e-03
1.4561e-03
1.7765e-03
1.9074e-03
1.9138e-03
1.8874e-03
1.8649e-03
1.8543e-03
1.8607e-03
1.8752e-03
1.8645e-03
1.7768e-03
1.5632e-03
1.2106e-03
7.8868e-04
4.5393e-04
3.1330e-04
3.0676e-04
2.9990e-04
2.0141e-04
-3.1487e-05
-3.9808e-04
-8.0461e-04
-1.0780e-03
-1.1674e-03
-1.1785e-03
-1.2018e-03
-1.2580e-03
-1.3369e-03
-1.4056e-03
-1.4004e-03
-1.2976e-03
-1.1794e-03
-1.1151e-03
-1.0773e-03
-1.0280e-03
-9.7304e-04
-9.4673e-04
-9.9326e-04
-1.1580e-03
-1.4601e-03
-1.8401e-03
-2.1313e-03
-2.2153e-03
-2.1417e-03
-1.9905e-03
-1.7972e-03
-1.6054e-03
-1.4276e-03
-1.1993e-03
-8.7584e-04
-5.2088e-04
-2.5308e-04
-1.0614e-04
-1.5389e-05
5.5865e-05
7.2496e-05
2.4148e-05
-3.7810e-05
-1.2730e-04
-3.1512e-04
-6.2150e-04
-9.6398e-04
-1.2058e-03
-1.2781e-03
-1.1975e-03
-9.7632e-04
-6.1625e-04
-1.8540e-04
2.0807e-04
5.5185e-04
8.3952e-04
9.9729e-04
1.0387e-03
1.0481e-03
1.0600e-03
1.0506e-03
9.8068e-04
8.1893e-04
5.6040e-04
2.6139e-04
3.5015e-05
-4.2106e-05
1.1724e-05
1.3763e-04
2.7595e-04
3.3941e-04
2.4754e-04
7.8010e-05
-2.0064e-05
-2.3979e-05
-2.0237e-06
-8.2119e-06
-7.4815e-05
-2.2830e-04
-4.6388e-04
-7.0137e-04
-7.9313e-04
-6.7371e-04
-4.2636e-04
-1.8545e-04
-3.4575e-05
3.5794e-05
7.0386e-05
7.9224e-05
3.9721e-05
-7.3247e-05
-2.6609e-04
-5.0040e-04
-6.7789e-04
-7.3658e-04
-7.2236e-04
-6.9542e-04
-6.7375e-04
-6.5939e-04
-6.5575e-04
-6.5870e-04
-6.4791e-04
-5.8987e-04
-4.4920e-04
-2.0949e-04
9.8868e-05
4.0627e-04
6.5997e-04
8.5468e-04
1.0262e-03
1.2138e-03
1.4151e-03
1.5992e-03
1.7297e-03
1.7564e-03
1.6396e-03
1.4517e-03
1.3179e-03
1.2578e-03
1.2221e-03
1.1867e-03
1.1539e-03
1.1248e-03
1.0971e-03
1.0715e-03
1.0501e-03
1.0305e-03
1.0030e-03
9.5142e-04
8.5894e-04
7.1973e-04
5.5521e-04
4.1649e-04
3.3961e-04
3.1002e-04
2.9607e-04
2.8406e-04
2.7251e-04
2.5996e-04
2.4489e-04
2.2850e-04
2.1407e-04
2.0506e-04
2.0375e-04
2.0984e-04
2.1831e-04
2.1720e-04
1.9171e-04
1.5114e-04
1.2208e-04
1.0941e-04
1.0422e-04
1.0197e-04
9.9074e-05
8.6644e-05
5.1970e-05
-1.4487e-05
-1.0976e-04
-2.0884e-04
-2.7619e-04
-3.0129e-04
-3.0332e-04
-3.0007e-04
-2.9609e-04
-2.9166e-04
-2.8792e-04
-2.8548e-04
-2.8368e-04
-2.8163e-04
-2.7897e-04
-2.7574e-04
-2.7219e-04
-2.6859e-04
-2.6524e-04
-2.6239e-04
-2.6019e-04
-2.5848e-04
-2.5676e-04
-2.5404e-04
-2.4917e-04
-2.4118e-04
-2.3021e-04
-2.1830e-04
-2.1026e-04
-2.1296e-04
-2.2530e-04
-2.2834e-04
-2.0759e-04
-1.6540e-04
-1.1447e-04
-7.3936e-05
-5.6110e-05
-5.5529e-05
-6.0809e-05
-6.6872e-05
-7.2968e-05
-7.8513e-05
-8.3019e-05
-8.6918e-05
-9.1205e-05
-9.6700e-05
-1.0360e-04
-1.1115e-04
-1.1744e-04
-1.1951e-04
-1.1424e-04
-1.0025e-04
-8.0606e-05
-6.5781e-05
-7.0807e-05
-9.6552e-05
-1.2513e-04
-1.4214e-04
-1.5015e-04
-1.5917e-04
-1.7516e-04
-1.9861e-04
-2.2456e-04
-2.4282e-04
-2.4872e-04
-2.4783e-04
-2.4567e-04
-2.4329e-04
-2.4032e-04
-2.3681e-04
-2.3285e-04
-2.2857e-04
-2.2473e-04
-2.2301e-04
-2.2553e-04
-2.3369e-04
-2.4632e-04
-2.5809e-04
-2.6261e-04
-2.5822e-04
-2.4709e-04
-2.3103e-04
-2.1232e-04
-1.9628e-04
-1.8751e-04
-1.8428e-04
-1.8282e-04
-1.8149e-04
-1.7963e-04
-1.7621e-04
-1.7016e-04
-1.6126e-04
-1.5099e-04
-1.4283e-04
-1.3918e-04
-1.3795e-04
-1.3581e-04
-1.3144e-04
-1.2548e-04
-1.2023e-04
-1.1813e-04
-1.1873e-04
-1.2017e-04
-1.2161e-04
-1.2301e-04
-1.2432e-04
-1.2543e-04
-1.2633e-04
-1.2711e-04
-1.2782e-04
-1.2844e-04
-1.2895e-04
-1.2930e-04
-1.2946e-04
-1.2941e-04
-1.2926e-04
-1.2917e-04
-1.2938e-04
-1.3010e-04
-1.3133e-04
-1.3267e-04
-1.3333e-04
-1.3293e-04
-1.3186e-04
-1.3065e-04
-1.2945e-04
-1.2809e-04
-1.2627e-04
-1.2396e-04
-1.2188e-04
-1.2053e-04
-1.1966e-04
-1.1868e-04
-1.1712e-04
-1.1501e-04
-1.1269e-04
-1.1031e-04
-1.0795e-04
-1.0565e-04
-1.0349e-04
-1.0150e-04
-9.9642e-05
-9.7772e-05
-9.5684e-05
-9.3352e-05
-9.0928e-05
-8.8516e-05
-8.6137e-05
-8.3789e-05
-8.1479e-05
-7.9205e-05
-7.6962e-05
-7.4747e-05
-7.2557e-05
-7.0391e-05
-6.8252e-05
-6.6139e-05
-6.4053e-05
-6.1992e-05
-5.9956e-05
-5.7942e-05
-5.5947e-05
-5.3966e-05
-5.2000e-05
-5.0050e-05
-4.8123e-05
-4.6229e-05
-4.4367e-05
-4.2526e-05
-4.0700e-05
-3.8887e-05
-3.7087e-05
-3.5300e-05
-3.3525e-05
-3.1763e-05
-3.0014e-05
-2.8278e-05
-2.6554e-05
-2.4844e-05
-2.3147e-05
-2.1462e-05
-1.9791e-05
-1.8132e-05
-1.6487e-05
-1.4855e-05
-1.3236e-05
-1.1630e-05
-1.0037e-05
