2.2782e-04
2.2726e-04
2.2671e-04
2.2608e-04
2.2544e-04
2.2498e-04
2.2439e-04
2.2319e-04
2.2236e-04
2.2217e-04
2.2068e-04
2.1960e-04
2.2102e-04
2.2076e-04
2.1796e-04
2.1704e-04
2.1638e-04
2.1440e-04
2.1373e-04
2.1725e-04
2.1984e-04
2.1472e-04
2.0877e-04
2.0828e-04
2.1704e-04
2.1944e-04
2.0809e-04
2.0727e-04
2.0778e-04
2.0519e-04
2.0557e-04
2.0573e-04
2.0994e-04
2.0086e-04
1.9753e-04
2.0073e-04
2.0008e-04
2.1205e-04
2.0156e-04
1.8714e-04
1.9923e-04
2.1388e-04
2.2235e-04
2.0607e-04
1.8943e-04
2.1117e-04
2.1017e-04
1.8266e-04
1.8846e-04
1.8696e-04
1.9228e-04
2.0113e-04
1.7424e-04
1.6797e-04
1.6677e-04
1.6772e-04
1.7325e-04
1.5579e-04
1.8904e-04
2.2758e-04
1.8740e-04
1.5326e-04
1.4982e-04
1.7067e-04
1.8566e-04
1.4136e-04
1.3097e-04
1.4994e-04
1.5378e-04
1.5445e-04
1.5924e-04
2.2521e-04
2.1882e-04
1.5995e-04
2.0732e-04
1.9887e-04
1.2988e-04
1.3037e-04
1.2169e-04
1.1099e-04
1.2942e-04
1.0619e-04
1.3882e-04
2.0138e-04
1.0401e-04
9.1336e-05
1.6036e-04
9.2587e-05
1.4223e-04
1.7529e-04
8.9821e-05
1.1016e-04
1.0702e-04
7.7434e-05
1.1216e-04
1.7400e-04
1.4307e-04
6.2646e-05
1.0319e-04
8.4148e-05
7.9410e-05
1.8218e-04
1.5900e-04
1.1768e-04
1.0199e-04
1.2206e-04
1.6206e-04
1.4720e-04
2.1557e-04
2.0468e-04
1.4805e-04
1.9515e-04
1.6406e-04
8.3418e-05
6.7962e-05
9.4406e-05
9.6569e-05
1.3638e-04
1.5965e-04
1.5412e-04
1.2933e-04
2.8786e-05
7.8730e-05
1.5563e-04
1.0422e-04
6.7501e-05
4.4170e-05
2.0628e-05
6.5404e-05
1.9476e-04
1.7502e-04
6.0431e-05
3.9859e-05
3.5500e-06
5.7976e-06
6.9430e-05
8.5632e-05
7.8780e-05
8.0556e-05
1.5808e-04
1.8366e-04
-1.1422e-05
1.3084e-06
7.5244e-05
-8.3548e-05
-9.2370e-06
5.8644e-05
2.3882e-05
1.5975e-04
2.5370e-04
1.5656e-04
2.6076e-05
4.1030e-05
-1.3738e-05
-1.6647e-05
1.7587e-04
2.1999e-04
1.6897e-04
1.1131e-04
-2.3333e-07
6.6014e-06
1.6958e-05
1.3986e-05
2.0394e-04
3.0655e-04
1.0632e-04
-1.3230e-04
-1.2478e-04
-6.5234e-05
-2.8330e-06
1.4739e-04
7.5355e-05
7.4536e-05
1.9825e-04
9.9031e-05
-2.3121e-05
5.5177e-05
2.2596e-04
1.2288e-04
2.0720e-05
1.6696e-04
1.8548e-04
2.1521e-05
-7.6648e-05
4.7611e-05
1.1459e-04
-1.6106e-05
4.4604e-05
1.6290e-04
9.0242e-07
3.2653e-05
1.7231e-04
-2.2392e-05
-1.3903e-05
1.8347e-04
6.1452e-05
-4.1590e-05
7.4045e-05
6.1090e-05
1.2459e-04
2.5380e-04
1.3533e-04
1.1592e-04
2.4521e-05
-2.8916e-05
1.0239e-04
-3.4231e-05
-2.4898e-05
8.2268e-05
2.9924e-05
4.7352e-05
6.7237e-05
9.7110e-05
9.9954e-05
1.9440e-04
1.4444e-04
-5.0463e-05
1.1228e-04
1.1245e-04
-2.8179e-05
1.7933e-04
2.5567e-04
1.3441e-04
5.6342e-05
1.2874e-04
2.6617e-04
4.8218e-05
-1.2737e-04
5.8645e-05
4.9387e-05
-2.2818e-05
2.0358e-04
2.3696e-04
8.5300e-05
1.0087e-04
-5.0744e-05
4.9610e-05
2.8397e-04
3.0425e-05
1.6361e-04
2.8378e-04
-2.0900e-05
5.8127e-06
2.0149e-05
-3.0049e-05
-5.2933e-05
-6.8382e-05
2.1842e-06
-7.9230e-06
4.5731e-06
3.1448e-05
1.0968e-04
1.0169e-04
6.3057e-05
1.9013e-04
1.0854e-04
1.6481e-05
3.7995e-05
-3.3308e-05
-2.8283e-05
3.4671e-05
1.2014e-04
6.8529e-05
7.3472e-05
1.9011e-04
5.3243e-05
2.4093e-05
9.3224e-05
1.5414e-04
2.0666e-04
3.8969e-05
4.2461e-05
6.4581e-05
-2.8326e-05
-3.3286e-05
-9.7419e-05
-3.5313e-05
-5.7804e-05
-1.6488e-04
-3.2364e-05
1.3972e-05
6.6899e-05
1.4119e-04
4.9718e-05
9.9312e-05
1.2409e-04
3.6098e-05
3.7790e-05
1.6167e-05
-2.6995e-05
-2.3553e-05
5.4572e-05
1.1611e-04
8.5365e-05
8.5775e-05
9.0392e-05
-5.1323e-05
-1.4976e-04
-3.3179e-05
9.7018e-05
9.0333e-05
-6.1976e-05
-3.4005e-05
4.8698e-05
-8.6781e-05
-9.7663e-06
1.0133e-04
5.7821e-05
7.0296e-05
-1.4885e-06
-1.4036e-04
-5.8145e-06
1.0459e-04
-1.3907e-04
-9.9260e-05
-2.8456e-05
-5.9497e-05
8.9482e-05
3.8143e-05
6.4960e-05
9.7974e-05
1.0828e-04
6.7622e-05
-1.3625e-04
3.0098e-05
1.2784e-04
8.4650e-05
1.4263e-04
-2.0130e-05
-1.8958e-05
1.3660e-04
2.8887e-05
-7.4686e-05
6.0367e-05
2.0576e-04
4.0666e-04
4.4487e-04
2.2467e-04
3.5962e-04
5.5095e-04
4.7634e-04
2.1671e-04
-8.7951e-05
-1.5454e-04
-2.9283e-04
-3.7166e-04
-5.3395e-04
-9.1713e-04
-8.2983e-04
-4.6575e-04
-1.2004e-04
1.7581e-04
3.6389e-04
5.7291e-04
7.6831e-04
1.0353e-03
1.2513e-03
1.3926e-03
1.6756e-03
1.8924e-03
1.8382e-03
1.4493e-03
8.6663e-04
4.6400e-04
4.3086e-06
-7.5126e-04
-1.5620e-03
-2.6069e-03
-3.7389e-03
-4.5704e-03
-4.9885e-03
-4.4326e-03
-3.0603e-03
-1.4559e-03
1.4743e-04
1.5055e-03
3.0273e-03
4.5092e-03
5.6860e-03
6.5107e-03
6.5046e-03
6.0025e-03
4.5173e-03
2.5633e-03
8.7668e-04
-1.2791e-03
-2.6042e-03
-3.5479e-03
-4.7757e-03
-4.5797e-03
-3.7761e-03
-3.3656e-03
-2.7504e-03
-1.1008e-03
1.3019e-03
3.2156e-03
4.3055e-03
4.2596e-03
3.7564e-03
3.0212e-03
1.2293e-03
-1.1598e-03
-3.8093e-03
-5.9729e-03
-6.4315e-03
-5.1482e-03
-3.8716e-03
-3.9899e-03
-4.4993e-03
-4.1924e-03
-1.8143e-03
2.3205e-03
5.5097e-03
6.6039e-03
6.2322e-03
5.1234e-03
3.9123e-03
2.5966e-03
1.0121e-03
-2.6317e-04
-1.0455e-03
-1.9713e-03
-4.1872e-03
-7.0095e-03
-7.2953e-03
-4.8626e-03
-1.3895e-03
2.1781e-03
4.4283e-03
5.2214e-03
5.4890e-03
6.1700e-03
6.3503e-03
3.7785e-03
-2.6739e-03
-1.0218e-02
-1.2092e-02
-8.8583e-03
-7.9279e-03
-1.0944e-02
-1.4358e-02
-1.5128e-02
-1.1128e-02
-3.4654e-03
3.1986e-03
7.3140e-03
8.8284e-03
9.6808e-03
1.1774e-02
1.1515e-02
9.7181e-03
6.9265e-03
1.5857e-03
-2.6517e-03
-6.4300e-03
-1.1695e-02
-1.5257e-02
-1.3964e-02
-9.1247e-03
-5.4133e-03
-5.0068e-03
-7.0084e-03
-8.0506e-03
-4.3811e-03
2.4758e-03
7.2015e-03
8.0079e-03
6.3657e-03
3.9798e-03
3.3022e-03
3.1987e-03
5.2664e-04
-3.7183e-03
-6.8260e-03
-8.5846e-03
-1.0298e-02
-1.0872e-02
-1.0826e-02
-1.1319e-02
-8.1341e-03
-2.5060e-03
-7.4709e-04
-5.3560e-04
1.8876e-03
4.2828e-03
5.5592e-03
5.2517e-03
2.4539e-03
3.0864e-04
5.9358e-04
1.4366e-03
1.7305e-03
9.9240e-04
-1.2637e-03
-3.1600e-03
-3.7153e-03
-3.9580e-03
-1.7354e-03
5.5107e-04
3.8066e-03
6.6830e-03
7.3747e-03
1.5533e-02
1.1133e-02
-4.6711e-03
3.2823e-05
2.3237e-03
-8.4615e-03
-1.4847e-02
-2.5315e-02
-3.0956e-02
-2.0357e-02
-1.1863e-02
-1.2511e-02
-1.3969e-02
-1.5783e-02
-1.5338e-02
-8.8424e-03
1.0350e-03
8.6580e-03
1.0772e-02
8.9354e-03
3.2063e-03
-5.7721e-03
-1.3785e-02
-1.4408e-02
-9.0313e-03
-6.6022e-03
-8.0573e-03
-1.1698e-02
-1.3617e-02
-8.4573e-03
3.9221e-04
6.3215e-03
8.3913e-03
9.6821e-03
8.3804e-03
3.9990e-03
-1.5122e-03
-7.3605e-03
-1.1985e-02
-1.6402e-02
-1.6225e-02
-1.1618e-02
-1.0235e-02
-1.1142e-02
-1.1682e-02
-1.0229e-02
-5.7222e-03
-4.3425e-04
2.9967e-03
5.3989e-03
6.9624e-03
3.7460e-03
-7.1637e-04
-9.7360e-03
-2.9360e-02
-3.8328e-02
-3.2337e-02
-3.0540e-02
-3.0486e-02
-2.9741e-02
-2.7650e-02
-2.2396e-02
-1.5721e-02
-5.0558e-03
1.1169e-03
4.2116e-04
-1.6121e-03
-5.0020e-03
-9.1418e-03
-1.6875e-02
-2.7848e-02
-3.5656e-02
-3.5861e-02
-3.3952e-02
-3.1138e-02
-2.5505e-02
-2.3842e-02
-2.2799e-02
-1.7863e-02
-1.0322e-02
-3.1857e-03
5.7282e-04
5.4968e-03
9.4916e-03
1.0837e-02
1.0206e-02
5.7443e-03
2.1433e-03
-3.6708e-03
-1.2175e-02
-1.8837e-02
-2.6705e-02
-3.6549e-02
-4.7651e-02
-5.3095e-02
-5.1349e-02
-4.5032e-02
-3.1296e-02
-1.7444e-02
-9.1436e-03
-3.2795e-03
4.3011e-03
1.1647e-02
1.6117e-02
2.0214e-02
2.0532e-02
1.7325e-02
1.2263e-02
4.6386e-03
-8.3488e-04
-5.1627e-03
-1.0972e-02
-1.4628e-02
-1.9476e-02
-3.1151e-02
-4.1339e-02
-3.9937e-02
-2.9745e-02
-2.6767e-02
-3.0461e-02
-1.7964e-02
2.8206e-03
1.4114e-02
2.3306e-02
3.0905e-02
3.0790e-02
2.8432e-02
3.0035e-02
2.8756e-02
2.3864e-02
2.1736e-02
1.5722e-02
6.5560e-03
7.5161e-04
-4.3017e-03
-6.3058e-03
-4.7150e-03
-2.3937e-03
-1.3346e-03
-1.1507e-03
1.3492e-02
3.1385e-02
2.5383e-02
1.6631e-02
1.5954e-02
1.1841e-02
1.8685e-02
3.1633e-02
3.3675e-02
3.0012e-02
2.6151e-02
2.2462e-02
1.7078e-02
1.1144e-02
7.1879e-03
2.2669e-03
-8.5104e-04
-2.2256e-03
-5.9050e-03
-7.9306e-03
-1.1116e-02
-1.5752e-02
-1.3766e-02
-5.0244e-03
5.0558e-03
1.6702e-02
2.7109e-02
1.6812e-02
-2.9443e-03
1.1763e-03
1.4409e-02
1.9944e-02
2.5653e-02
1.6434e-02
1.8620e-03
7.7999e-03
1.4923e-02
1.7918e-02
2.0311e-02
1.5008e-02
9.9522e-03
3.0973e-03
-2.1960e-03
-4.2063e-03
-7.4891e-03
-6.6883e-03
-7.6217e-03
-1.2287e-02
-1.6750e-02
-1.4892e-02
5.3845e-03
3.1806e-02
4.3674e-02
4.7125e-02
5.0911e-02
4.8364e-02
4.0122e-02
3.8198e-02
4.5685e-02
5.0265e-02
4.2630e-02
3.1827e-02
2.6387e-02
2.2894e-02
1.7045e-02
1.0423e-02
6.2482e-03
5.5369e-04
-1.0691e-03
-1.1356e-04
-1.0394e-02
-1.7476e-02
-1.2043e-02
3.0101e-03
1.8080e-02
9.7967e-03
-7.1972e-03
-1.6063e-02
-2.0440e-02
-1.5555e-02
-9.6607e-03
-4.5992e-03
-2.1799e-04
-5.9036e-03
-1.3398e-02
-1.5722e-02
-1.5599e-02
-1.0887e-02
-5.3370e-04
8.6802e-03
1.1292e-02
1.1664e-02
1.1155e-02
1.1195e-02
1.2504e-02
1.1531e-02
1.2096e-02
1.2591e-02
1.1946e-02
1.1100e-02
6.6209e-03
6.6277e-03
1.8155e-02
3.4792e-02
4.7115e-02
5.7581e-02
6.8145e-02
7.2287e-02
7.4010e-02
7.9136e-02
8.7483e-02
9.2491e-02
8.8613e-02
8.2263e-02
7.5861e-02
6.5102e-02
5.3095e-02
4.9504e-02
4.9185e-02
4.0716e-02
3.2008e-02
2.5799e-02
1.8182e-02
1.0923e-02
4.7933e-03
4.1957e-03
4.6111e-03
3.0415e-03
3.0037e-03
2.8465e-03
2.6387e-03
-1.2961e-04
-2.7807e-03
-2.1982e-03
-3.2067e-03
-4.9837e-03
-4.6186e-03
-1.4378e-03
3.9036e-03
9.3049e-03
1.5550e-02
2.0860e-02
1.9449e-02
1.5576e-02
1.7373e-02
2.8283e-02
4.5561e-02
5.4371e-02
5.4980e-02
5.5066e-02
4.7830e-02
3.8116e-02
3.0046e-02
2.1659e-02
1.4648e-02
3.2651e-03
-8.4970e-03
-1.2283e-02
-1.2812e-02
-1.3840e-02
-1.3286e-02
-1.4145e-02
-1.7599e-02
-1.8991e-02
-2.4108e-02
-3.7534e-02
-4.9566e-02
-5.3056e-02
-5.5657e-02
-5.9435e-02
-5.6543e-02
-5.5244e-02
-5.6163e-02
-5.2086e-02
-5.1384e-02
-5.1333e-02
-4.7449e-02
-4.1530e-02
-3.1451e-02
-2.0460e-02
-1.0980e-02
-5.6914e-03
-7.4967e-04
5.8381e-03
7.2884e-03
8.7776e-03
1.1299e-02
1.0186e-02
7.6293e-03
4.8583e-03
5.2508e-03
5.3806e-03
-1.7094e-03
-9.7951e-03
-2.4056e-02
-5.0967e-02
-7.0176e-02
-7.2741e-02
-7.1471e-02
-7.8732e-02
-9.2101e-02
-9.6925e-02
-9.3201e-02
-9.1547e-02
-9.1980e-02
-8.7659e-02
-7.5893e-02
-5.4507e-02
-3.2070e-02
-1.9494e-02
-1.0439e-02
-3.4288e-03
-2.5582e-03
-2.2989e-03
-6.7434e-05
7.5863e-04
8.8918e-05
-1.8945e-03
-4.0101e-03
-4.6961e-03
-2.8995e-03
-9.9899e-04
-1.7154e-04
4.8556e-03
6.6778e-03
3.0981e-03
2.2676e-03
3.0367e-03
2.9486e-04
-8.8809e-03
-1.3117e-02
-1.4258e-02
-2.1219e-02
-1.9710e-02
-1.3201e-02
-1.3306e-02
-1.1454e-02
-6.6069e-03
-3.7089e-03
5.3504e-04
5.6515e-03
6.4339e-03
6.7853e-03
8.7087e-03
9.5741e-03
9.4325e-03
5.2806e-03
1.6367e-03
-2.4876e-03
-1.3222e-02
-2.7702e-02
-3.5948e-02
-3.0933e-02
-3.0824e-02
-3.8080e-02
-4.2901e-02
-4.5347e-02
-3.7733e-02
-2.7592e-02
-2.1825e-02
-1.8924e-02
-7.9959e-03
5.1425e-03
5.8100e-03
1.2013e-02
1.3496e-02
9.6408e-03
1.3956e-02
1.2530e-02
1.2816e-02
1.2225e-02
9.9981e-03
1.1467e-02
9.4411e-03
8.4842e-03
5.7873e-03
5.6483e-03
9.0733e-03
8.0573e-03
9.0171e-03
1.2154e-02
1.6552e-02
2.6422e-02
3.8617e-02
4.5770e-02
4.5701e-02
4.3506e-02
4.4256e-02
4.4541e-02
4.2317e-02
4.2062e-02
3.9744e-02
3.6460e-02
3.6290e-02
3.2968e-02
2.7631e-02
2.1997e-02
1.5392e-02
1.0885e-02
7.4998e-03
5.3936e-03
4.5721e-03
2.9884e-03
1.1554e-03
1.9466e-03
5.7517e-03
9.8772e-03
1.8996e-02
3.1512e-02
3.6052e-02
3.6527e-02
3.3750e-02
2.7214e-02
2.8872e-02
2.7787e-02
2.6199e-02
3.3501e-02
3.8221e-02
4.6292e-02
4.1784e-02
2.7449e-02
2.1757e-02
1.1051e-02
4.9720e-03
1.9499e-04
-3.5985e-03
-6.0037e-04
-6.3152e-03
-7.4711e-03
-4.7384e-03
-1.2198e-02
-1.2882e-02
-8.7188e-03
-1.1725e-02
-1.0959e-02
-1.0064e-02
-1.2503e-02
-9.0072e-03
-5.6606e-03
-5.9386e-03
-7.9388e-04
4.6108e-03
9.0476e-03
2.2080e-02
3.0582e-02
3.2683e-02
3.5929e-02
3.6116e-02
3.5232e-02
3.7689e-02
3.8763e-02
3.3003e-02
3.4407e-02
3.3338e-02
2.7811e-02
3.0138e-02
2.3181e-02
1.9544e-02
2.2082e-02
1.8812e-02
1.8684e-02
2.3097e-02
2.4636e-02
2.5300e-02
3.4956e-02
2.0916e-02
8.0882e-03
3.5687e-02
4.8856e-02
5.0025e-02
5.6510e-02
5.9966e-02
6.7476e-02
6.5965e-02
6.7451e-02
7.2435e-02
6.7954e-02
6.5117e-02
6.1395e-02
5.3106e-02
4.6701e-02
3.8641e-02
2.8784e-02
2.6684e-02
2.5699e-02
2.3157e-02
2.3713e-02
2.3366e-02
2.6311e-02
2.9839e-02
3.1529e-02
3.6659e-02
3.9852e-02
4.1970e-02
4.3656e-02
4.4048e-02
4.9740e-02
5.2295e-02
5.1922e-02
5.1913e-02
4.2135e-02
2.9867e-02
1.9965e-02
1.4873e-02
1.5036e-02
1.0692e-02
5.8717e-03
5.7142e-03
4.9547e-03
-2.0620e-03
-9.1628e-03
-1.1976e-02
-1.0700e-02
-5.9276e-03
-2.3919e-03
4.7033e-03
5.8536e-03
-6.6544e-04
-5.6737e-04
1.3013e-03
2.7815e-03
2.3251e-03
5.0302e-03
9.4901e-03
3.9877e-03
9.8654e-04
2.2751e-04
-3.1495e-03
-1.4244e-03
-1.3182e-03
-2.6485e-03
-1.8310e-03
-5.1651e-04
8.6083e-04
7.2317e-04
1.4999e-03
-1.8111e-03
-7.9035e-03
-1.3396e-02
-1.7292e-02
-1.2563e-02
-1.1094e-02
-1.1990e-02
-1.1312e-02
-1.8263e-02
-2.2712e-02
-2.1173e-02
-1.6702e-02
-1.3145e-02
-1.1761e-02
-1.0350e-02
-1.3335e-02
-1.5296e-02
-1.5165e-02
-1.4650e-02
-1.1990e-02
-9.6664e-03
-5.4404e-03
-2.4699e-03
-2.3982e-04
4.2433e-03
5.3625e-03
6.3312e-03
5.9526e-03
3.3261e-03
1.6883e-03
-5.8109e-03
-1.7071e-02
-2.4247e-02
-2.3468e-02
-2.2184e-02
-2.1295e-02
-1.5120e-02
-1.7176e-02
-2.2377e-02
-2.3495e-02
-2.6553e-02
-2.2698e-02
-1.5546e-02
-1.3663e-02
-1.5478e-02
-2.1617e-02
-2.9511e-02
-3.4611e-02
-3.6563e-02
-3.4770e-02
-2.9752e-02
-2.7441e-02
-2.4252e-02
-2.0294e-02
-2.2512e-02
-2.2030e-02
-2.1140e-02
-2.5043e-02
-2.4776e-02
-2.3628e-02
-2.4939e-02
-2.2256e-02
-1.6606e-02
-1.5421e-02
-1.3977e-02
-1.1542e-02
-1.4061e-02
-1.3872e-02
-1.6789e-02
-2.7438e-02
-3.7122e-02
-4.6686e-02
-5.1099e-02
-5.0577e-02
-5.0673e-02
-5.4292e-02
-6.6757e-02
-7.6163e-02
-8.0853e-02
-8.6818e-02
-8.5966e-02
-8.4326e-02
-8.3951e-02
-8.6926e-02
-9.2135e-02
-9.0146e-02
-8.9710e-02
-8.2802e-02
-7.2611e-02
-6.8447e-02
-5.8122e-02
-5.2127e-02
-4.5774e-02
-3.5806e-02
-2.9880e-02
-1.8479e-02
-9.2051e-03
-1.1661e-03
5.8320e-03
7.3265e-03
1.0849e-02
1.0599e-02
1.2168e-02
1.6000e-02
1.3450e-02
1.3155e-02
1.1104e-02
8.1177e-03
8.8493e-03
6.8005e-03
8.7845e-03
9.9354e-03
2.8179e-03
-3.6230e-03
-1.0516e-02
-1.6801e-02
-1.8500e-02
-1.9482e-02
-1.9690e-02
-1.8632e-02
-1.8772e-02
-1.8687e-02
-1.6788e-02
-1.5141e-02
-1.3003e-02
-1.0610e-02
-1.0270e-02
-1.1363e-02
-1.2938e-02
-1.7808e-02
-2.2699e-02
-2.3398e-02
-2.7792e-02
-3.2603e-02
-3.4761e-02
-3.8366e-02
-3.9933e-02
-4.0391e-02
-3.8533e-02
-3.6507e-02
-3.7193e-02
-3.8063e-02
-3.8703e-02
-3.7468e-02
-3.4493e-02
-2.8688e-02
-2.0729e-02
-1.3909e-02
-1.0296e-02
-8.6517e-03
-8.2789e-03
-7.8767e-03
-3.5104e-03
-2.1899e-03
-3.2808e-03
-5.0962e-04
8.0705e-04
-1.1650e-03
-6.9513e-03
-1.4033e-02
-2.0219e-02
-2.4771e-02
-2.5591e-02
-2.8611e-02
-3.1201e-02
-3.1332e-02
-3.3852e-02
-3.4624e-02
-3.2701e-02
-2.8165e-02
-2.3164e-02
-1.7706e-02
-1.1330e-02
-7.2031e-03
-3.8809e-03
-3.5608e-03
-1.1658e-03
-3.9603e-03
-6.8988e-03
3.0367e-03
-1.9432e-03
-7.0499e-03
1.1602e-03
-2.3665e-03
-4.4932e-03
-5.1741e-03
-7.6017e-03
-7.8990e-03
-1.4299e-02
-1.9283e-02
-2.7355e-02
-3.8676e-02
-4.3707e-02
-4.5991e-02
-4.6465e-02
-4.8568e-02
-5.0696e-02
-4.7212e-02
-4.0197e-02
-3.1125e-02
-2.0079e-02
-8.7748e-03
-1.0401e-03
3.3797e-03
7.8064e-03
1.0445e-02
1.0403e-02
1.2280e-02
1.4455e-02
1.5156e-02
1.6454e-02
1.4930e-02
1.5096e-02
1.6334e-02
1.2316e-02
1.0841e-02
9.7866e-03
4.7383e-03
2.4732e-03
5.2078e-04
-2.5817e-03
-4.0025e-04
6.0413e-03
1.2125e-02
1.5208e-02
1.6066e-02
1.7675e-02
1.7104e-02
1.7331e-02
2.1125e-02
2.3757e-02
2.6446e-02
2.4642e-02
1.9549e-02
1.4718e-02
7.6206e-03
7.7031e-03
8.6497e-03
6.4612e-03
7.8598e-03
6.3037e-03
5.8955e-03
5.3131e-03
2.8731e-03
3.2256e-03
3.6674e-03
6.3817e-03
9.3732e-03
1.1822e-02
1.2821e-02
1.2514e-02
1.5214e-02
1.7685e-02
1.9456e-02
2.0072e-02
1.8462e-02
1.7256e-02
1.6113e-02
1.4549e-02
1.3160e-02
1.2974e-02
1.3570e-02
1.1431e-02
8.4780e-03
7.0543e-03
3.6543e-03
-8.5005e-04
-5.0096e-03
-5.3238e-03
-2.8587e-04
2.4082e-03
3.4485e-03
4.4877e-03
3.1663e-03
4.0924e-03
5.4437e-03
4.6718e-03
8.1033e-03
1.5126e-02
1.9008e-02
1.6596e-02
1.1553e-02
7.8538e-03
4.1239e-03
2.6525e-03
2.3592e-03
7.1601e-04
1.2090e-03
1.7863e-03
1.7711e-03
1.5871e-03
-1.1089e-03
-3.1984e-03
-4.6944e-03
-6.0460e-03
-4.5020e-03
-2.5008e-03
-6.3131e-04
1.7084e-03
3.5549e-03
7.3374e-03
1.2039e-02
1.4680e-02
1.7086e-02
1.8953e-02
1.7447e-02
1.5263e-02
1.3993e-02
1.1220e-02
8.9342e-03
8.0153e-03
6.6786e-03
5.4017e-03
3.9726e-03
3.5822e-03
4.1920e-03
2.4824e-03
9.0090e-05
-2.5649e-03
-4.6330e-03
1.6831e-03
1.3631e-02
2.1954e-02
2.5352e-02
2.6414e-02
2.6364e-02
2.3851e-02
2.0950e-02
1.7751e-02
1.3611e-02
1.1433e-02
9.7692e-03
8.4228e-03
7.9458e-03
6.2095e-03
3.1500e-03
7.3800e-04
-1.8188e-03
-5.1031e-03
-7.7171e-03
-9.9107e-03
-1.1551e-02
-1.7323e-02
-1.9324e-02
-7.5754e-03
2.5982e-03
4.7228e-03
3.4931e-03
-1.2450e-03
-4.7910e-03
-4.1668e-03
-4.4214e-03
-7.0819e-03
-5.5720e-03
-3.1011e-03
-3.3521e-03
-3.3890e-03
-2.5527e-03
-8.7813e-04
-2.0322e-03
-1.5881e-03
1.3061e-03
1.4832e-03
2.4365e-03
2.0252e-03
1.4424e-03
3.1772e-03
3.9160e-03
4.7144e-03
4.6954e-03
4.3806e-03
4.2762e-03
2.9277e-03
1.6644e-03
-1.3943e-04
-2.2164e-03
-4.5659e-03
-8.2195e-03
-1.2459e-02
-1.8338e-02
-2.4298e-02
-2.9144e-02
-3.5063e-02
-4.0465e-02
-4.0053e-02
-3.1317e-02
-2.0685e-02
-1.4355e-02
-1.1465e-02
-9.5349e-03
-8.2995e-03
-7.4803e-03
-4.5430e-03
-1.0547e-03
2.1454e-03
5.6587e-03
7.4443e-03
9.0122e-03
1.0878e-02
1.0340e-02
7.6055e-03
5.4452e-03
4.7419e-03
4.3454e-03
3.9025e-03
1.8574e-03
-1.8460e-03
-5.8998e-03
-1.1294e-02
-1.3967e-02
-1.4985e-02
-2.0006e-02
-2.2949e-02
-2.0524e-02
-1.4292e-02
-7.1648e-03
-5.0396e-03
-5.9643e-03
-5.5697e-03
-3.1248e-03
3.0310e-04
2.8576e-03
5.1511e-03
7.7947e-03
9.3869e-03
1.1043e-02
1.1185e-02
9.1544e-03
1.0012e-02
1.0671e-02
1.0103e-02
1.0622e-02
9.5293e-03
7.6058e-03
4.5115e-03
1.3473e-03
-1.3114e-03
-4.4055e-03
-5.6206e-03
-5.0917e-03
-1.5542e-03
2.4718e-03
3.3772e-03
4.3750e-03
4.2715e-03
3.6278e-03
4.3816e-03
4.5778e-03
6.9955e-03
9.9883e-03
1.0255e-02
8.6884e-03
5.5708e-03
3.3428e-03
2.2200e-03
2.4240e-03
3.8252e-03
5.2922e-03
7.4539e-03
8.2153e-03
8.2306e-03
7.5806e-03
4.9379e-03
2.8645e-03
1.3243e-03
-6.7605e-05
-2.4398e-04
1.3011e-03
3.1859e-03
4.0593e-03
4.4261e-03
3.7240e-03
3.6045e-03
4.4647e-03
5.5170e-03
7.1057e-03
7.7012e-03
8.0967e-03
8.5347e-03
8.1992e-03
8.1198e-03
7.8284e-03
6.8853e-03
6.0430e-03
5.4167e-03
5.3561e-03
5.9069e-03
6.7156e-03
8.7510e-03
1.0449e-02
1.0419e-02
1.1026e-02
1.1373e-02
1.0202e-02
1.0048e-02
1.0499e-02
1.0218e-02
1.0714e-02
1.0646e-02
9.7014e-03
9.2324e-03
7.8426e-03
6.9980e-03
6.5317e-03
5.2852e-03
5.2772e-03
5.7625e-03
6.5410e-03
7.9918e-03
8.9864e-03
9.8732e-03
1.0223e-02
9.3035e-03
8.7692e-03
8.4868e-03
7.4413e-03
6.8604e-03
6.8365e-03
7.0759e-03
7.1467e-03
7.1488e-03
6.9496e-03
6.1869e-03
6.1151e-03
5.4261e-03
3.9693e-03
3.3967e-03
3.0878e-03
3.3554e-03
5.0960e-03
7.4669e-03
9.0741e-03
9.4295e-03
8.3129e-03
7.2700e-03
6.7068e-03
5.6959e-03
5.8229e-03
6.0581e-03
5.9085e-03
6.2633e-03
6.2997e-03
6.5573e-03
5.1566e-03
2.2301e-03
3.5722e-04
-1.0942e-03
-1.1360e-03
4.1115e-04
2.3081e-03
5.1959e-03
7.9416e-03
8.7538e-03
8.6856e-03
8.1984e-03
6.8777e-03
7.3951e-03
9.8368e-03
1.1127e-02
1.1514e-02
1.2141e-02
1.2374e-02
1.1011e-02
9.5162e-03
8.7538e-03
7.4678e-03
7.5108e-03
7.8397e-03
6.6295e-03
6.8596e-03
7.0329e-03
5.1913e-03
5.8687e-03
9.9602e-03
1.3707e-02
1.6922e-02
1.9593e-02
2.0536e-02
2.0026e-02
1.7754e-02
1.5681e-02
1.5092e-02
1.4335e-02
1.3735e-02
1.4162e-02
1.4522e-02
1.2367e-02
9.8800e-03
8.6953e-03
6.9730e-03
6.7398e-03
7.1331e-03
6.3603e-03
6.1378e-03
8.0652e-03
1.0821e-02
1.1802e-02
1.2691e-02
1.3270e-02
1.2253e-02
1.1644e-02
1.2623e-02
1.3663e-02
1.4315e-02
1.5773e-02
1.5095e-02
1.2106e-02
1.0295e-02
1.0195e-02
1.0650e-02
1.0787e-02
1.1665e-02
1.2874e-02
1.3735e-02
1.4245e-02
1.3593e-02
1.3043e-02
1.2959e-02
1.2491e-02
1.1929e-02
1.1761e-02
1.2619e-02
1.3267e-02
1.3379e-02
1.3608e-02
1.3522e-02
1.4214e-02
1.4005e-02
1.2855e-02
1.2860e-02
1.2334e-02
1.1776e-02
1.1682e-02
1.1625e-02
1.0896e-02
9.7442e-03
9.6444e-03
8.6873e-03
6.9247e-03
5.1559e-03
3.3230e-03
1.4897e-03
-2.6055e-04
-1.6580e-03
-3.7100e-03
-5.0319e-03
-5.7467e-03
-5.2274e-03
-2.9842e-03
-1.9184e-03
-1.3023e-03
-1.1688e-03
-1.5652e-03
-1.9263e-03
-2.3133e-03
-1.8688e-03
-1.4470e-03
-9.0310e-04
-4.4129e-04
2.3420e-04
9.5120e-04
4.4530e-04
-9.8532e-04
-3.3526e-03
-4.6467e-03
-4.7163e-03
-3.8131e-03
-2.1613e-03
-1.8313e-03
-1.1542e-03
-4.2487e-04
5.5382e-04
2.0426e-03
1.7516e-03
1.8121e-03
1.9691e-03
7.8875e-04
-3.2857e-04
-1.2449e-03
-1.2698e-03
-6.9386e-04
-5.0050e-04
-5.2291e-04
-7.5081e-04
-9.4470e-04
-1.2616e-03
-1.2010e-03
-2.7811e-04
-2.8974e-05
-1.9050e-04
-3.5863e-04
-1.8656e-03
-3.4225e-03
-4.7064e-03
-6.1745e-03
-7.1661e-03
-8.5512e-03
-9.0810e-03
-8.3879e-03
-7.7052e-03
-6.4994e-03
-5.0942e-03
-3.5000e-03
-2.0382e-03
-1.1509e-03
-1.1194e-03
-1.9184e-03
-2.4309e-03
-2.9950e-03
-3.4052e-03
-3.2555e-03
-3.1288e-03
-2.9807e-03
-2.6647e-03
-2.2584e-03
-2.0112e-03
-1.6198e-03
-1.1364e-03
-7.1272e-04
-3.5485e-04
-6.2369e-04
-1.3053e-03
-1.7503e-03
-1.9089e-03
-1.9834e-03
-1.4787e-03
-8.0693e-04
-6.2210e-04
-1.3795e-05
7.3205e-04
1.1588e-03
1.8051e-03
2.8463e-03
3.6845e-03
3.6893e-03
3.3874e-03
2.7430e-03
1.9083e-03
1.0408e-03
1.9871e-04
3.1156e-05
-2.3397e-04
-3.3672e-04
-4.6049e-04
-1.2900e-03
-1.7226e-03
-2.1830e-03
-1.9739e-03
-6.2874e-04
3.6110e-05
4.6896e-04
7.5054e-04
5.2516e-04
4.9439e-04
4.3696e-04
6.9037e-04
9.1940e-04
8.6044e-04
3.8911e-04
-5.3304e-04
-1.0010e-03
-2.0827e-03
-2.1335e-03
-1.0515e-03
-1.4393e-03
-1.3230e-03
-1.6632e-03
-2.9441e-03
-3.0682e-03
-3.0219e-03
-2.3157e-03
-1.0125e-03
-3.1342e-04
9.2585e-06
-4.0795e-04
-1.0189e-03
-1.0403e-03
-9.2649e-04
-5.9807e-04
-5.1665e-04
-1.0952e-03
-1.8487e-03
-2.7427e-03
-3.2083e-03
-3.3037e-03
-3.6536e-03
-3.5936e-03
-3.1917e-03
-3.4960e-03
-4.3078e-03
-4.9040e-03
-5.6028e-03
-6.2726e-03
-6.4422e-03
-6.3346e-03
-5.9322e-03
-5.9966e-03
-6.2832e-03
-5.6348e-03
-4.9338e-03
-3.8401e-03
-2.4643e-03
-2.4263e-03
-2.3183e-03
-1.7881e-03
-2.2288e-03
-2.5446e-03
-2.3167e-03
-2.2365e-03
-2.1208e-03
-2.0258e-03
-2.1374e-03
-2.4531e-03
-2.9224e-03
-3.6862e-03
-3.9023e-03
-3.3088e-03
-2.9091e-03
-2.3663e-03
-2.2008e-03
-2.5876e-03
-2.7529e-03
-2.8584e-03
-2.4823e-03
-1.5299e-03
-6.0239e-04
-7.1690e-04
-1.2335e-03
-1.5594e-03
-2.7334e-03
-3.1109e-03
-2.3268e-03
-1.6883e-03
-1.0027e-03
-1.1736e-03
-1.6808e-03
-1.8679e-03
-2.5178e-03
-2.7346e-03
-2.3931e-03
-2.1561e-03
-1.9711e-03
-2.0322e-03
-2.7297e-03
-3.9882e-03
-4.5184e-03
-4.6182e-03
-4.9072e-03
-4.5737e-03
-4.0397e-03
-3.6876e-03
-3.7417e-03
-4.0109e-03
-4.2699e-03
-4.6073e-03
-4.5182e-03
-4.2776e-03
-3.7929e-03
-3.5374e-03
-3.8830e-03
-4.1834e-03
-4.9238e-03
-5.8171e-03
-6.4147e-03
-6.7743e-03
-6.8169e-03
-7.2928e-03
-8.1570e-03
-8.7368e-03
-9.5532e-03
-1.0508e-02
-1.0411e-02
-9.3761e-03
-8.3117e-03
-7.8031e-03
-7.8754e-03
-8.0177e-03
-8.1384e-03
-8.1583e-03
-7.5817e-03
-6.8855e-03
-6.6655e-03
-6.4146e-03
-6.1320e-03
-5.6844e-03
-5.3178e-03
-5.6025e-03
-5.7289e-03
-5.6661e-03
-5.6956e-03
-5.8038e-03
-6.1451e-03
-6.4297e-03
-6.9133e-03
-7.5363e-03
-7.9946e-03
-8.4802e-03
-8.7413e-03
-9.0245e-03
-9.3218e-03
-9.3230e-03
-9.7903e-03
-1.0214e-02
-1.0182e-02
-1.0172e-02
-9.8128e-03
-9.3895e-03
-9.0064e-03
-8.6674e-03
-8.5123e-03
-8.4586e-03
-8.3910e-03
-8.0603e-03
-7.8839e-03
-7.8125e-03
-7.8358e-03
-7.8176e-03
-7.7448e-03
-8.2174e-03
-8.4608e-03
-8.3605e-03
-8.3009e-03
-7.9663e-03
-7.6220e-03
-7.3156e-03
-6.8851e-03
-6.3201e-03
-5.7902e-03
-5.2871e-03
-4.7687e-03
-4.4837e-03
-4.3468e-03
-4.4722e-03
-4.6528e-03
-4.5227e-03
-4.5147e-03
-4.3764e-03
-3.9776e-03
-3.8694e-03
-3.6892e-03
-3.2930e-03
-2.9331e-03
-2.6233e-03
-2.3960e-03
-2.1009e-03
-1.8691e-03
-1.7068e-03
-1.6934e-03
-2.0043e-03
-2.2843e-03
-2.4272e-03
-2.2252e-03
-1.6102e-03
-1.2375e-03
-1.1728e-03
-1.0805e-03
-9.9901e-04
-7.8390e-04
-1.7589e-04
5.7907e-04
1.2438e-03
1.8921e-03
2.2577e-03
2.5437e-03
2.7673e-03
2.5201e-03
2.3929e-03
2.4799e-03
2.3379e-03
1.9672e-03
1.7438e-03
1.6413e-03
1.2340e-03
9.0669e-04
7.8031e-04
7.0259e-04
4.5964e-04
1.2890e-04
1.0781e-05
-2.2672e-04
-4.2038e-04
-5.3026e-04
-7.0459e-04
-7.8495e-04
-5.7108e-04
-2.1170e-04
-2.7654e-04
-3.1050e-04
-1.7913e-04
-2.2787e-04
-2.6672e-04
-5.9292e-04
-1.0967e-03
-1.5072e-03
-2.0825e-03
-2.4848e-03
-2.5685e-03
-2.8571e-03
-3.0034e-03
-2.8254e-03
-2.9230e-03
-2.9526e-03
-2.7764e-03
-2.8718e-03
-2.9419e-03
-2.6457e-03
-2.2687e-03
-1.8392e-03
-1.2413e-03
-8.5115e-04
-4.9100e-04
-1.6613e-04
-3.7589e-05
3.2320e-04
4.6597e-04
4.3510e-04
6.4045e-04
7.6694e-04
8.2812e-04
8.8112e-04
1.0310e-03
1.1769e-03
1.3729e-03
1.6983e-03
1.9230e-03
2.1673e-03
2.2996e-03
2.3603e-03
2.5490e-03
2.3621e-03
1.6721e-03
1.2117e-03
1.1179e-03
9.6966e-04
8.9974e-04
1.1098e-03
1.3271e-03
1.1155e-03
9.1791e-04
1.1334e-03
1.3915e-03
1.7064e-03
2.0475e-03
2.3528e-03
2.2930e-03
1.9342e-03
1.6200e-03
1.2643e-03
1.3166e-03
1.4307e-03
1.4854e-03
1.7723e-03
1.9689e-03
2.2085e-03
2.0892e-03
1.7546e-03
1.5753e-03
1.3081e-03
1.1280e-03
9.1306e-04
9.5052e-04
9.7859e-04
4.0094e-04
1.1331e-04
9.3456e-06
-5.4961e-04
-9.6429e-04
-1.1296e-03
-1.0513e-03
-8.3013e-04
-8.7723e-04
-8.2790e-04
-7.4347e-04
-8.9627e-04
-1.0634e-03
-1.2080e-03
-1.2145e-03
-1.0988e-03
-8.1828e-04
-6.1406e-04
-9.0006e-04
-1.1377e-03
-9.9536e-04
-8.2803e-04
-7.8126e-04
-4.8938e-04
7.3114e-05
3.3475e-04
2.7169e-04
2.1452e-04
2.7918e-04
2.5810e-04
4.2263e-04
7.4572e-04
7.1553e-04
7.7674e-04
7.9628e-04
6.7403e-04
5.8251e-04
1.6883e-04
-3.9259e-04
-9.5023e-04
-1.3560e-03
-1.6949e-03
-1.6434e-03
-1.2500e-03
-1.2406e-03
-9.8840e-04
-8.1237e-04
-8.7795e-04
-4.6926e-04
-2.2718e-04
1.2055e-04
7.3856e-04
1.0508e-03
1.4131e-03
1.6372e-03
1.6490e-03
1.9315e-03
2.3035e-03
2.4212e-03
2.3357e-03
2.4354e-03
2.7696e-03
3.0488e-03
3.1197e-03
3.2454e-03
3.5625e-03
3.4076e-03
3.1721e-03
3.3727e-03
3.3408e-03
3.3068e-03
3.4549e-03
3.3962e-03
3.1298e-03
2.7812e-03
2.2354e-03
1.4034e-03
9.6475e-04
7.9751e-04
5.2605e-04
3.4246e-04
4.5536e-05
-1.8385e-04
-3.2534e-04
-3.4024e-04
-1.4343e-04
1.4187e-04
5.5954e-04
6.9196e-04
5.2059e-04
4.2757e-04
2.9916e-04
9.9832e-05
1.9904e-04
4.3809e-04
5.7028e-04
4.6800e-04
-1.0859e-04
-5.4605e-04
-8.6958e-04
-1.2793e-03
-1.1193e-03
-6.8768e-04
-5.7130e-04
-3.2197e-04
-9.8397e-06
-1.0678e-04
3.8888e-05
4.8006e-04
1.1881e-03
2.0956e-03
2.4641e-03
2.7157e-03
2.8356e-03
2.7602e-03
2.8253e-03
2.7805e-03
2.8845e-03
2.9307e-03
2.5994e-03
2.1789e-03
1.7914e-03
1.3901e-03
1.0008e-03
9.6238e-04
1.0809e-03
1.1163e-03
1.1258e-03
1.0192e-03
1.0589e-03
1.1862e-03
1.4459e-03
1.8747e-03
2.0889e-03
2.3036e-03
2.5953e-03
2.8182e-03
3.0697e-03
3.2853e-03
3.3671e-03
3.3606e-03
3.2721e-03
3.0841e-03
2.9799e-03
2.9054e-03
2.8226e-03
2.7972e-03
2.6822e-03
2.7451e-03
2.6935e-03
2.4861e-03
2.7567e-03
2.8918e-03
2.6945e-03
2.5695e-03
2.6545e-03
2.8527e-03
2.8349e-03
2.8688e-03
2.7515e-03
2.4630e-03
2.3263e-03
2.0948e-03
1.7582e-03
1.3863e-03
1.1341e-03
9.9629e-04
8.6381e-04
8.0340e-04
9.9401e-04
1.2879e-03
1.2235e-03
1.1581e-03
1.3602e-03
1.6808e-03
2.1719e-03
2.7243e-03
3.2387e-03
3.3529e-03
3.1266e-03
3.0372e-03
2.8609e-03
2.6550e-03
2.6522e-03
2.4225e-03
2.0228e-03
1.8505e-03
1.7619e-03
1.6978e-03
1.6653e-03
1.6926e-03
1.7765e-03
1.7783e-03
1.9718e-03
2.4502e-03
3.1128e-03
3.7291e-03
4.2040e-03
4.4866e-03
4.1730e-03
3.9647e-03
3.9063e-03
3.2893e-03
2.8959e-03
2.7942e-03
2.4364e-03
2.0752e-03
1.9854e-03
2.1276e-03
2.1628e-03
2.2087e-03
2.4318e-03
2.7602e-03
3.3291e-03
3.7876e-03
4.1253e-03
4.4165e-03
4.2608e-03
4.0553e-03
3.7973e-03
3.1879e-03
2.7150e-03
2.5006e-03
2.3280e-03
1.9710e-03
1.3857e-03
8.2779e-04
4.2447e-04
1.4475e-04
-4.6528e-06
4.3201e-05
1.8233e-04
4.0961e-04
6.6675e-04
9.2780e-04
1.4281e-03
1.9489e-03
2.2839e-03
2.3754e-03
2.2656e-03
2.0795e-03
1.7421e-03
1.4274e-03
1.1404e-03
7.4795e-04
3.2129e-04
4.3386e-05
4.6202e-05
-9.3823e-06
-1.2931e-04
-6.6445e-06
1.1880e-05
-2.1356e-05
2.1506e-04
3.3852e-04
3.7150e-04
2.4724e-04
-5.4240e-05
-3.5927e-04
-9.6217e-04
-1.1336e-03
-1.0422e-03
-1.2888e-03
-1.2560e-03
-1.3646e-03
-1.5450e-03
-1.3892e-03
-1.1963e-03
-8.5340e-04
-4.4012e-04
-1.6247e-04
-7.4446e-05
3.5111e-06
2.0969e-04
3.1945e-04
3.9545e-04
7.1819e-04
9.8238e-04
1.1122e-03
1.3232e-03
1.2920e-03
1.1872e-03
1.0404e-03
8.4342e-04
9.2062e-04
9.3487e-04
9.9389e-04
7.9165e-04
2.4501e-04
1.7964e-04
-8.7381e-05
-3.7267e-04
-1.0430e-04
-1.1212e-04
9.6325e-06
2.4364e-04
1.6312e-04
3.2034e-04
6.8496e-04
1.1326e-03
1.4984e-03
1.7088e-03
1.7721e-03
1.6584e-03
1.8144e-03
1.9062e-03
1.7526e-03
1.9343e-03
2.2312e-03
2.3147e-03
2.3087e-03
2.2476e-03
2.1747e-03
2.2818e-03
2.3377e-03
2.2216e-03
2.2550e-03
2.2231e-03
2.2601e-03
2.4305e-03
2.2770e-03
2.2216e-03
2.2569e-03
2.0749e-03
2.1471e-03
2.2764e-03
2.1318e-03
1.8471e-03
1.3470e-03
9.4855e-04
9.6408e-04
9.8094e-04
9.5161e-04
1.0521e-03
1.0412e-03
9.5118e-04
8.6554e-04
9.4124e-04
1.2248e-03
1.5657e-03
1.8551e-03
1.8446e-03
1.7751e-03
1.5965e-03
1.2396e-03
1.1461e-03
1.1458e-03
1.1402e-03
1.2595e-03
1.3004e-03
1.2856e-03
1.2397e-03
9.8142e-04
9.5545e-04
1.2116e-03
1.3553e-03
1.5006e-03
1.6324e-03
1.8136e-03
1.8365e-03
1.7434e-03
1.8582e-03
2.0174e-03
1.9313e-03
1.5804e-03
1.5759e-03
1.5786e-03
1.3326e-03
1.2674e-03
1.0079e-03
8.5752e-04
9.7944e-04
1.0596e-03
1.2816e-03
1.5847e-03
1.8030e-03
1.5963e-03
1.1120e-03
1.0210e-03
1.3108e-03
1.5440e-03
1.8231e-03
2.1109e-03
1.7017e-03
1.0846e-03
8.7386e-04
9.3608e-04
1.2136e-03
1.3546e-03
1.4922e-03
1.4418e-03
1.3007e-03
1.4909e-03
1.5080e-03
1.4417e-03
1.5129e-03
1.6979e-03
1.8464e-03
1.6787e-03
1.5539e-03
1.5372e-03
1.1955e-03
7.1585e-04
4.7777e-04
2.4719e-04
7.7965e-05
-6.4141e-05
-3.8933e-04
-4.6516e-04
-3.3175e-04
-2.7204e-04
-1.6447e-04
3.8557e-05
-1.0651e-05
-2.2099e-04
-2.0565e-04
-1.5279e-04
-5.1719e-05
-3.8613e-04
-9.3435e-04
-1.0014e-03
-1.2195e-03
-1.4044e-03
-1.4955e-03
-1.5692e-03
-1.1697e-03
-9.8725e-04
-1.0118e-03
-9.0634e-04
-1.0162e-03
-9.1065e-04
-7.5492e-04
-8.0036e-04
-6.9098e-04
-7.5599e-04
-7.1016e-04
-4.9709e-04
-5.5768e-04
-6.1631e-04
-7.6001e-04
-1.0477e-03
-1.2689e-03
-1.4971e-03
-1.7891e-03
-1.9691e-03
-2.1532e-03
-2.4883e-03
-2.7768e-03
-2.9757e-03
-3.0074e-03
-2.8724e-03
-2.6434e-03
-2.4482e-03
-2.3362e-03
-2.2385e-03
-2.1519e-03
-2.0366e-03
-2.0077e-03
-1.7390e-03
-1.2884e-03
-1.2262e-03
-1.3336e-03
-1.5824e-03
-2.0543e-03
-2.4400e-03
-2.6410e-03
-2.7760e-03
-2.9272e-03
-3.0778e-03
-3.2247e-03
-3.3939e-03
-3.5515e-03
-3.3208e-03
-2.8656e-03
-2.6581e-03
-2.2728e-03
-1.6591e-03
-1.3324e-03
-1.1452e-03
-7.0818e-04
-2.0958e-04
7.9148e-05
1.8419e-04
1.4451e-04
2.3014e-04
2.5378e-04
-1.2200e-04
-4.2394e-04
-5.4894e-04
-7.8589e-04
-8.8976e-04
-7.8046e-04
-8.5423e-04
-1.0213e-03
-1.2524e-03
-1.8180e-03
-2.2272e-03
-2.4811e-03
-2.8635e-03
-2.9640e-03
-3.0749e-03
-3.4953e-03
-3.6765e-03
-3.4004e-03
-3.0865e-03
-2.8468e-03
-2.5899e-03
-2.5461e-03
-2.4235e-03
-2.1072e-03
-1.9215e-03
-1.6762e-03
-1.5187e-03
-1.5230e-03
-1.6797e-03
-2.1758e-03
-2.4978e-03
-2.7352e-03
-3.2552e-03
-3.6659e-03
-3.8181e-03
-3.6557e-03
-3.3605e-03
-3.1839e-03
-2.9092e-03
-2.6407e-03
-2.6243e-03
-2.4896e-03
-2.0148e-03
-1.7157e-03
-1.7210e-03
-1.7207e-03
-1.6643e-03
-1.7958e-03
-2.1400e-03
-2.3467e-03
-2.7873e-03
-3.2927e-03
-3.4341e-03
-3.7658e-03
-3.8816e-03
-3.5501e-03
-3.0877e-03
-2.6605e-03
-2.5791e-03
-2.3423e-03
-2.2390e-03
-2.3443e-03
-2.0242e-03
-2.0324e-03
-2.3322e-03
-2.3370e-03
-2.4616e-03
-2.8841e-03
-3.3091e-03
-3.3123e-03
-3.2192e-03
-3.3208e-03
-3.0027e-03
-2.6931e-03
-2.5683e-03
-2.2476e-03
-2.2116e-03
-1.9265e-03
-1.4571e-03
-1.3833e-03
-1.3523e-03
-1.5211e-03
-1.7353e-03
-1.9971e-03
-2.4247e-03
-2.8603e-03
-3.2864e-03
-3.5086e-03
-3.8328e-03
-4.2473e-03
-4.3616e-03
-4.3442e-03
-4.4664e-03
-4.4153e-03
-4.0245e-03
-3.7662e-03
-3.4781e-03
-3.1930e-03
-3.0189e-03
-2.6894e-03
-2.5880e-03
-2.7096e-03
-2.7496e-03
-2.6979e-03
-2.6150e-03
-2.8577e-03
-3.4058e-03
-3.6867e-03
-3.9459e-03
-4.1680e-03
-3.9237e-03
-4.0808e-03
-4.2006e-03
-3.7223e-03
-3.6077e-03
-3.3746e-03
-2.8573e-03
-2.6402e-03
-2.4887e-03
-2.3891e-03
-2.3161e-03
-2.3061e-03
-2.4158e-03
-2.4800e-03
-2.4982e-03
-2.3965e-03
-2.2145e-03
-1.9703e-03
-1.8914e-03
-1.9532e-03
-1.6448e-03
-1.4398e-03
-1.3128e-03
-9.0602e-04
-7.4656e-04
-6.1316e-04
-6.1084e-04
-8.9025e-04
-9.3283e-04
-1.0778e-03
-1.3441e-03
-1.2913e-03
-1.3472e-03
-1.6104e-03
-1.5800e-03
-1.4419e-03
-1.3722e-03
-1.3181e-03
-1.5016e-03
-1.6643e-03
-1.6299e-03
-1.6554e-03
-1.6941e-03
-1.7604e-03
-1.8282e-03
-1.7883e-03
-1.7458e-03
-1.8285e-03
-2.0108e-03
-1.8851e-03
-1.6776e-03
-1.5588e-03
-1.0848e-03
-8.9010e-04
-9.9983e-04
-8.3946e-04
-6.6396e-04
-3.9261e-04
-1.0033e-04
1.5778e-04
5.4527e-04
7.6571e-04
7.7599e-04
6.6167e-04
4.6664e-04
4.7920e-04
5.1335e-04
3.7583e-04
3.7057e-04
3.3653e-04
2.6354e-04
3.4566e-04
4.6938e-04
5.6012e-04
5.3162e-04
5.0622e-04
3.5468e-04
1.7377e-04
5.9744e-05
-3.3221e-04
-5.6296e-04
-6.4988e-04
-8.8057e-04
-8.2231e-04
-5.9431e-04
-4.3691e-04
-3.3190e-04
-1.6796e-04
3.0538e-05
1.4126e-04
4.0283e-04
6.9793e-04
8.1719e-04
8.0545e-04
7.3706e-04
7.4959e-04
6.9806e-04
5.8126e-04
4.9736e-04
3.5598e-04
2.3303e-04
2.3283e-04
7.8611e-05
-2.3108e-04
-2.0909e-04
-3.3654e-04
-6.8882e-04
-4.9968e-04
-3.9105e-04
-5.5174e-04
-3.9684e-04
-4.0405e-04
-6.1715e-04
-5.8520e-04
-5.0363e-04
-4.5011e-04
-2.4712e-04
-5.1629e-05
8.2279e-06
9.0472e-05
3.1744e-04
7.0392e-04
1.1428e-03
1.5918e-03
1.9545e-03
1.8866e-03
1.5878e-03
1.5620e-03
1.4729e-03
1.1499e-03
1.1041e-03
1.1983e-03
1.1625e-03
1.1928e-03
1.3801e-03
1.6555e-03
1.8896e-03
2.1011e-03
2.2092e-03
2.2356e-03
2.3972e-03
2.5210e-03
2.5116e-03
2.3291e-03
1.9204e-03
1.5893e-03
1.3930e-03
1.2247e-03
1.0487e-03
8.3758e-04
7.8611e-04
8.8122e-04
1.0051e-03
1.1516e-03
1.3034e-03
1.6211e-03
1.9765e-03
2.2938e-03
2.5879e-03
2.6221e-03
2.6299e-03
2.5308e-03
2.4080e-03
2.5012e-03
2.3412e-03
2.3005e-03
2.2761e-03
2.0165e-03
2.0263e-03
1.9976e-03
1.8982e-03
1.7759e-03
1.9063e-03
2.2405e-03
2.1683e-03
2.2293e-03
2.3587e-03
2.2935e-03
2.4333e-03
2.6330e-03
2.7115e-03
2.6491e-03
2.6263e-03
2.6741e-03
2.5797e-03
2.5378e-03
2.7395e-03
2.8419e-03
2.6590e-03
2.3978e-03
2.2391e-03
2.3755e-03
2.4077e-03
2.2186e-03
2.2660e-03
2.2080e-03
2.0958e-03
2.1551e-03
2.0914e-03
1.9558e-03
1.8363e-03
2.0230e-03
2.2633e-03
2.2683e-03
2.5737e-03
2.7825e-03
2.6772e-03
2.7638e-03
2.7596e-03
2.7033e-03
2.7733e-03
2.7075e-03
2.7557e-03
2.8558e-03
2.8842e-03
3.0860e-03
3.0293e-03
2.7185e-03
2.6136e-03
2.6747e-03
2.6920e-03
2.4744e-03
2.3122e-03
2.2565e-03
2.0652e-03
1.9419e-03
1.9923e-03
2.0547e-03
1.9737e-03
1.9417e-03
2.1682e-03
2.3880e-03
2.5666e-03
2.9029e-03
3.1344e-03
3.2617e-03
3.3494e-03
3.2340e-03
3.2448e-03
3.2242e-03
3.0997e-03
3.1975e-03
3.1997e-03
3.1042e-03
3.0127e-03
2.8381e-03
2.6492e-03
2.3952e-03
2.3250e-03
2.5530e-03
2.7052e-03
2.6956e-03
2.6161e-03
2.5316e-03
2.6283e-03
2.7165e-03
2.5956e-03
2.7837e-03
3.0641e-03
2.9764e-03
2.9202e-03
2.6725e-03
2.3941e-03
2.4866e-03
2.5125e-03
2.3449e-03
2.2424e-03
2.3048e-03
2.2423e-03
2.1841e-03
2.0594e-03
1.7696e-03
1.9914e-03
2.2996e-03
2.2335e-03
2.1915e-03
2.1533e-03
2.1148e-03
1.9839e-03
1.9061e-03
2.1662e-03
2.1624e-03
1.8336e-03
1.6709e-03
1.3303e-03
8.0300e-04
3.7144e-04
-2.0736e-05
-1.4604e-04
-1.0596e-04
-1.8606e-04
-4.1516e-04
-6.7015e-04
-8.0848e-04
-1.0101e-03
-8.2617e-04
-3.9210e-04
-4.2574e-04
-3.0953e-04
-2.2144e-04
-5.0151e-04
-6.7533e-04
-8.9792e-04
-7.5918e-04
-5.0824e-04
-7.4706e-04
-8.5039e-04
-9.3423e-04
-1.2201e-03
-1.5127e-03
-1.6887e-03
-1.6513e-03
-1.5683e-03
-1.3527e-03
-1.3551e-03
-1.5192e-03
-1.4421e-03
-1.4554e-03
-1.3010e-03
-9.8291e-04
-8.0884e-04
-6.3804e-04
-7.2231e-04
-7.6501e-04
-6.5757e-04
-7.8485e-04
-7.7365e-04
-8.0842e-04
-1.0040e-03
-1.1419e-03
-1.4354e-03
-1.5434e-03
-1.6267e-03
-1.6405e-03
-1.1939e-03
-1.1278e-03
-1.1801e-03
-7.6441e-04
-6.6625e-04
-7.1695e-04
-4.8723e-04
-1.7785e-04
1.3646e-04
2.6671e-04
9.6657e-05
-3.4054e-04
-5.4930e-04
-4.6803e-04
-6.2743e-04
-8.0517e-04
-9.8721e-04
-1.3263e-03
-1.3933e-03
-1.1942e-03
-1.0417e-03
-8.9145e-04
-6.3246e-04
-3.2152e-04
-9.7193e-05
1.0661e-04
2.5976e-04
1.9457e-04
6.9160e-05
-2.9720e-05
-2.1111e-04
-4.9064e-04
-6.4792e-04
-7.0740e-04
-9.6598e-04
-1.3527e-03
-1.7488e-03
-1.8863e-03
-1.7565e-03
-1.6075e-03
-1.2664e-03
-9.8174e-04
-1.0119e-03
-1.1256e-03
-1.0822e-03
-8.2887e-04
-7.7125e-04
-9.2770e-04
-9.6155e-04
-1.0546e-03
-1.3606e-03
-1.7069e-03
-1.8163e-03
-1.8336e-03
-2.0572e-03
-2.0128e-03
-1.8802e-03
-2.1584e-03
-2.3353e-03
-2.4534e-03
-2.4642e-03
-2.0853e-03
-1.7530e-03
-1.5544e-03
-1.5401e-03
-1.7259e-03
-1.9891e-03
-2.1737e-03
-2.0494e-03
-1.9864e-03
-2.1289e-03
-2.1344e-03
-2.0680e-03
-2.1238e-03
-2.0874e-03
-1.9416e-03
-1.7869e-03
-1.5452e-03
-1.2920e-03
-9.6767e-04
-9.4451e-04
-1.2154e-03
-1.0814e-03
-9.8955e-04
-1.1263e-03
-9.9057e-04
-8.8584e-04
-9.0544e-04
-9.8664e-04
-1.2016e-03
-1.3312e-03
-1.5184e-03
-1.6471e-03
-1.5624e-03
-1.6055e-03
-1.4828e-03
-1.3347e-03
-1.6694e-03
-1.7785e-03
-1.5458e-03
-1.4541e-03
-1.4144e-03
-1.4474e-03
-1.2413e-03
-1.0707e-03
-1.1729e-03
-1.0586e-03
-1.1575e-03
-1.1742e-03
-7.7822e-04
-7.4535e-04
-8.8564e-04
-9.0386e-04
-1.0122e-03
-1.1688e-03
-1.3173e-03
-1.4957e-03
-1.5077e-03
-1.3999e-03
-1.5113e-03
-1.4939e-03
-1.3745e-03
-1.4345e-03
-1.4291e-03
-1.4084e-03
-1.4033e-03
-1.3869e-03
-1.3131e-03
-1.3934e-03
-1.6697e-03
-1.7919e-03
-1.9790e-03
-2.1651e-03
-2.3254e-03
-2.4841e-03
-2.3956e-03
-2.2614e-03
-2.0248e-03
-1.9976e-03
-2.1196e-03
-1.9171e-03
-1.8127e-03
-1.7024e-03
-1.6640e-03
-1.8697e-03
-1.7414e-03
-1.5159e-03
-1.6133e-03
-1.6821e-03
-1.5298e-03
-1.2870e-03
-1.0684e-03
-9.9014e-04
-8.2550e-04
-6.8716e-04
-9.0735e-04
-1.0392e-03
-1.0892e-03
-1.2896e-03
-1.3500e-03
-1.3350e-03
-1.3373e-03
-1.4214e-03
-1.5345e-03
-1.2692e-03
-1.0330e-03
-9.9750e-04
-6.5879e-04
-4.8442e-04
-3.1023e-04
1.4802e-04
9.8515e-05
-1.1926e-04
-1.8159e-04
-3.0001e-04
-2.4137e-04
-2.7456e-04
-3.1939e-04
-3.7540e-04
-7.3726e-04
-8.2996e-04
-6.8148e-04
-5.2676e-04
-2.2296e-04
-3.0773e-05
2.2068e-04
6.2074e-04
8.8797e-04
9.9371e-04
1.0275e-03
9.9255e-04
6.9425e-04
4.0606e-04
2.6142e-04
-7.4229e-05
-2.4592e-04
-4.3362e-04
-8.2571e-04
-7.6665e-04
-6.4465e-04
-5.1881e-04
-2.2237e-04
-2.5936e-04
-2.5876e-04
-1.5175e-04
-1.9645e-04
-1.4160e-05
2.3777e-04
1.6838e-04
8.4177e-05
-7.8703e-05
-3.1195e-04
-3.6938e-04
-7.6874e-04
-1.0849e-03
-1.0187e-03
-1.0397e-03
-9.4474e-04
-8.5398e-04
-8.4129e-04
-9.2184e-04
-8.8970e-04
-4.8622e-04
-1.6298e-04
6.9472e-05
3.0554e-05
-2.6548e-04
-3.3582e-04
-5.1728e-04
-7.3509e-04
-9.0913e-04
-1.3670e-03
-1.6838e-03
-1.6071e-03
-1.5656e-03
-1.6790e-03
-1.4393e-03
-1.1496e-03
-1.1205e-03
-6.9434e-04
-3.5861e-04
-4.0953e-04
-2.4805e-04
-8.8286e-05
-6.3294e-05
-1.5635e-04
-3.1505e-04
-3.6620e-04
-3.2339e-04
-2.1484e-04
-2.1159e-04
-2.3908e-04
-3.7611e-04
-6.0585e-04
-5.4044e-04
-5.1186e-04
-4.8580e-04
-2.8801e-04
-2.0347e-04
-7.7446e-05
-1.3789e-04
-2.9671e-04
-2.3716e-04
-1.6749e-04
3.0231e-05
3.4164e-05
-2.1078e-04
-1.7467e-04
-1.3999e-04
-2.2163e-04
-4.6980e-05
1.1493e-04
-2.9036e-05
3.4536e-05
2.6070e-04
2.7503e-04
3.5066e-04
3.6018e-04
3.0992e-04
3.3462e-04
2.7019e-04
2.0935e-04
2.6404e-04
3.0041e-04
6.1872e-05
2.2565e-05
1.6855e-04
1.0077e-04
3.3638e-04
5.3647e-04
6.0451e-04
9.2937e-04
1.1005e-03
1.2206e-03
1.2690e-03
1.1523e-03
1.1449e-03
1.1460e-03
1.3100e-03
1.4636e-03
1.3433e-03
1.3543e-03
1.2176e-03
7.5944e-04
5.9098e-04
6.0473e-04
6.1426e-04
6.5367e-04
4.8919e-04
4.1840e-04
4.4742e-04
3.2302e-04
4.5535e-04
8.1541e-04
9.8992e-04
1.0223e-03
1.0257e-03
9.4262e-04
8.0462e-04
6.9997e-04
8.0530e-04
9.8099e-04
9.1832e-04
9.0636e-04
8.5323e-04
7.4583e-04
9.4452e-04
1.2497e-03
1.4025e-03
1.3114e-03
1.3750e-03
1.3661e-03
1.0857e-03
1.1121e-03
9.3487e-04
6.8012e-04
6.6116e-04
3.8609e-04
1.0831e-04
-6.9279e-05
-4.3390e-05
6.4876e-05
4.1757e-05
2.6557e-04
5.6086e-04
7.8037e-04
1.0009e-03
1.1418e-03
1.3510e-03
1.5046e-03
1.4095e-03
1.1540e-03
1.0339e-03
1.0557e-03
7.6292e-04
3.7200e-04
1.7962e-04
6.8949e-05
6.4135e-05
8.2546e-05
1.5089e-04
2.2616e-04
4.9211e-04
8.3096e-04
8.7928e-04
1.1621e-03
1.4197e-03
1.4644e-03
1.7238e-03
1.6369e-03
1.3429e-03
1.2391e-03
1.0645e-03
9.2140e-04
8.4370e-04
8.2373e-04
8.4251e-04
8.2208e-04
7.4246e-04
7.0449e-04
9.2940e-04
1.1794e-03
1.2519e-03
1.1552e-03
1.1464e-03
1.2950e-03
1.2995e-03
1.4030e-03
1.2894e-03
1.0537e-03
1.1413e-03
1.0219e-03
9.2133e-04
8.5572e-04
7.5232e-04
8.5016e-04
7.5284e-04
7.0772e-04
9.6942e-04
1.1122e-03
1.1183e-03
1.4715e-03
1.7476e-03
1.7860e-03
1.9798e-03
1.6454e-03
1.3047e-03
1.2795e-03
9.4666e-04
8.4142e-04
8.1426e-04
6.6815e-04
5.6839e-04
4.5765e-04
4.2654e-04
4.8429e-04
5.8756e-04
6.5826e-04
1.0907e-03
1.3905e-03
1.3706e-03
1.6141e-03
1.5904e-03
1.6160e-03
1.6497e-03
1.3679e-03
1.3673e-03
1.3720e-03
1.2818e-03
1.0571e-03
8.3721e-04
7.9932e-04
6.8154e-04
7.9353e-04
8.8290e-04
7.5295e-04
6.0030e-04
5.1864e-04
7.9157e-04
9.5074e-04
7.6394e-04
8.4745e-04
1.1078e-03
1.0492e-03
1.0533e-03
1.1310e-03
8.2053e-04
6.2189e-04
6.7459e-04
7.0563e-04
7.9976e-04
8.2390e-04
8.3897e-04
8.2851e-04
7.1788e-04
5.9717e-04
3.6501e-04
2.3630e-04
2.7749e-04
2.6146e-04
1.8592e-04
1.1772e-04
1.0744e-04
1.7926e-04
3.6822e-04
4.9009e-04
6.8805e-04
8.9780e-04
9.1301e-04
1.2565e-03
1.5409e-03
1.6023e-03
1.7828e-03
1.6259e-03
1.4935e-03
1.5221e-03
1.4237e-03
1.3082e-03
8.6332e-04
4.5362e-04
2.9372e-04
-2.9737e-05
-2.2204e-04
-2.8375e-04
-3.2314e-04
-1.2445e-04
4.6957e-05
1.9912e-05
1.3264e-04
4.3598e-04
7.0184e-04
1.1342e-03
1.5812e-03
1.6435e-03
1.6770e-03
1.7357e-03
1.5789e-03
1.4833e-03
1.3216e-03
1.0523e-03
9.2060e-04
5.4546e-04
2.4586e-04
3.0549e-04
3.0985e-04
4.5170e-04
5.1556e-04
3.4929e-04
3.5417e-04
5.7788e-04
8.2319e-04
8.9208e-04
8.8432e-04
8.8896e-04
8.9549e-04
7.6478e-04
4.2740e-04
2.3255e-04
2.9104e-04
2.4553e-04
9.3443e-05
1.7326e-04
1.7012e-04
1.0876e-04
2.8217e-04
2.0709e-04
1.7869e-04
4.6748e-04
5.3120e-04
5.4858e-04
5.6278e-04
7.5773e-04
8.5574e-04
7.2192e-04
4.8479e-04
4.6275e-04
4.4527e-04
4.6075e-04
2.5433e-04
-1.9783e-05
2.4340e-05
4.1775e-05
2.2229e-05
1.8761e-06
1.9632e-05
2.0655e-04
3.3885e-04
4.8073e-04
6.8710e-04
7.5109e-04
6.6629e-04
5.5295e-04
5.3486e-04
7.1566e-04
8.7204e-04
8.4037e-04
7.2724e-04
6.4628e-04
5.5946e-04
4.1003e-04
3.4956e-04
2.4016e-04
1.8432e-04
1.6189e-04
8.2879e-06
-6.5755e-05
-8.4630e-05
-5.6901e-05
-1.2530e-04
-3.7100e-07
1.6284e-04
1.2266e-04
3.0001e-04
2.8019e-04
1.9395e-04
5.5681e-05
-9.3843e-05
1.4851e-04
1.3676e-04
-2.1055e-05
-1.5633e-04
-4.0701e-04
-5.5248e-04
-6.8210e-04
-6.5071e-04
-6.1513e-04
-6.9395e-04
-5.9205e-04
-4.8497e-04
-4.6732e-04
-3.9613e-04
-3.9050e-04
-3.6646e-04
-2.0814e-04
-2.3315e-04
-3.2126e-04
-3.3181e-04
-5.4046e-04
-5.3734e-04
-4.4534e-04
-7.1419e-04
-7.2657e-04
-6.5470e-04
-7.3065e-04
-6.3526e-04
-6.7628e-04
-5.9698e-04
-5.0042e-04
-7.2514e-04
-7.7337e-04
-7.2939e-04
-6.8417e-04
-6.9642e-04
-9.1346e-04
-1.0074e-03
-1.2000e-03
-1.5300e-03
-1.5920e-03
-1.5080e-03
-1.4954e-03
-1.6742e-03
-1.7936e-03
-1.7489e-03
-1.7276e-03
-1.5610e-03
-1.4342e-03
-1.2666e-03
-1.0706e-03
-1.2139e-03
-1.2996e-03
-1.3182e-03
-1.1807e-03
-1.0573e-03
-1.3346e-03
-1.3952e-03
-1.4213e-03
-1.4006e-03
-1.2442e-03
-1.3165e-03
-1.1724e-03
-9.6698e-04
-8.3064e-04
-7.8761e-04
-8.5833e-04
-7.7075e-04
-7.7424e-04
-7.1263e-04
-6.9007e-04
-8.0828e-04
-8.1876e-04
-9.0318e-04
-8.6963e-04
-8.5374e-04
-9.4010e-04
-8.5332e-04
-8.2841e-04
-7.9957e-04
-6.2439e-04
-4.2408e-04
-2.7071e-04
-2.0516e-04
-1.7240e-04
-1.9537e-04
-2.3176e-04
-2.5500e-04
-3.8714e-04
-4.9917e-04
-5.2424e-04
-6.1679e-04
-7.0357e-04
-7.0406e-04
-6.0531e-04
-6.2076e-04
-7.7920e-04
-6.8212e-04
-5.9469e-04
-6.2212e-04
-4.8017e-04
-3.2846e-04
-1.2996e-04
4.7219e-07
-9.7565e-05
-1.3120e-04
-1.1844e-04
-2.2404e-04
-2.5252e-04
-2.6657e-04
-3.3766e-04
-3.6260e-04
-4.8023e-04
-5.5959e-04
-6.6243e-04
-8.1106e-04
-7.7782e-04
-7.4725e-04
-7.0919e-04
-7.5357e-04
-7.6948e-04
-5.9445e-04
-5.9995e-04
-5.5670e-04
-3.6333e-04
-2.9371e-04
-1.7646e-04
-1.1529e-04
-2.2242e-04
-2.5140e-04
-2.5406e-04
-3.7465e-04
-5.4085e-04
-5.8978e-04
-5.3936e-04
-6.0478e-04
-6.1086e-04
-5.5687e-04
-7.1431e-04
-7.7861e-04
-6.4156e-04
-5.7932e-04
-5.1029e-04
-3.4409e-04
-2.3019e-04
-2.2503e-04
-2.4923e-04
-1.9790e-04
-1.2935e-04
-1.3733e-04
-1.0472e-04
-1.0296e-04
-1.5044e-04
-1.6904e-04
-2.9595e-04
-3.1880e-04
-2.3894e-04
-2.6295e-04
-1.6573e-04
-8.4863e-05
-1.3102e-04
-7.8243e-05
-8.7904e-06
-2.1116e-05
2.7367e-05
1.2654e-04
1.4796e-04
1.9664e-04
1.5981e-04
1.2044e-05
1.2022e-05
7.3262e-06
-7.1586e-05
-8.0647e-05
-2.7176e-05
2.9775e-05
3.3194e-05
3.6919e-05
4.4817e-05
6.8081e-05
1.2922e-04
1.2502e-04
9.7576e-05
1.4076e-04
1.7655e-04
1.5995e-04
1.1596e-04
5.6548e-05
4.9273e-05
9.7288e-05
1.5537e-04
1.7725e-04
1.4232e-04
1.5174e-04
1.5405e-04
1.0140e-04
1.3708e-04
1.6881e-04
7.3347e-05
1.2170e-05
2.6721e-05
1.1171e-06
-7.6546e-05
-1.7305e-04
-1.9744e-04
-1.7889e-04
-2.0294e-04
-1.5818e-04
-7.2486e-05
-1.3142e-05
3.9542e-05
8.4355e-05
1.5910e-04
1.6307e-04
1.6098e-04
2.2433e-04
2.0505e-04
1.7237e-04
1.3810e-04
8.3202e-05
6.3907e-05
2.4934e-05
-1.9373e-05
-5.9991e-05
-6.3345e-05
-2.5962e-05
-2.4528e-06
2.3986e-05
4.1933e-05
7.7922e-05
1.3218e-04
1.5265e-04
1.4161e-04
1.3670e-04
1.4415e-04
1.3256e-04
1.1542e-04
8.9218e-05
6.4713e-05
5.0396e-05
2.5642e-05
2.0150e-05
4.1567e-05
5.6035e-05
5.9615e-05
8.4926e-05
1.1705e-04
1.3756e-04
1.6401e-04
1.8149e-04
1.8510e-04
1.8443e-04
1.7952e-04
1.7230e-04
1.6358e-04
1.5905e-04
1.5047e-04
1.2794e-04
1.1164e-04
1.0729e-04
1.1484e-04
1.3289e-04
1.3991e-04
1.4688e-04
1.5724e-04
1.5744e-04
1.5884e-04
1.6032e-04
1.5610e-04
1.5653e-04
1.5715e-04
1.5119e-04
1.4723e-04
1.4067e-04
1.2923e-04
1.1967e-04
1.1885e-04
1.2713e-04
1.2971e-04
1.2872e-04
1.3025e-04
1.2871e-04
1.2768e-04
1.3041e-04
1.3259e-04
1.3099e-04
1.2868e-04
1.2778e-04
1.2340e-04
1.1630e-04
1.1375e-04
1.1287e-04
1.1026e-04
1.0761e-04
1.0359e-04
9.9844e-05
9.6477e-05
9.2745e-05
8.9918e-05
8.7632e-05
8.4944e-05
8.1566e-05
7.9088e-05
7.5768e-05
7.1066e-05
6.8126e-05
6.6172e-05
6.3036e-05
5.9069e-05
5.6360e-05
5.3813e-05
5.0109e-05
4.6989e-05
4.3830e-05
4.0030e-05
3.6512e-05
3.3214e-05
2.9759e-05
2.5871e-05
2.1975e-05
1.8287e-05
1.4608e-05
1.1043e-05
7.5058e-06
3.9129e-06
2.6061e-07
-3.3357e-06
-6.9103e-06
-1.0576e-05
-1.4189e-05
-1.7822e-05
-2.1512e-05
-2.5121e-05
-2.8730e-05
-3.2386e-05
-3.6021e-05
-3.9654e-05
-4.3268e-05
-4.6854e-05
-5.0443e-05
-5.4028e-05
-5.7605e-05
-6.1172e-05
-6.4725e-05
-6.8274e-05
-7.1812e-05
-7.5337e-05
-7.8852e-05
-8.2355e-05
-8.5846e-05
-8.9324e-05
-9.2789e-05
-9.6240e-05
-9.9677e-05
