-4.7707e-03
-4.7571e-03
-4.7384e-03
-4.7027e-03
-4.6507e-03
-4.5760e-03
-4.4859e-03
-4.3777e-03
-4.2660e-03
-4.1640e-03
-4.0977e-03
-4.0697e-03
-4.0801e-03
-4.1001e-03
-4.1091e-03
-4.0843e-03
-4.0422e-03
-4.0040e-03
-4.0200e-03
-4.1244e-03
-4.3391e-03
-4.6321e-03
-4.9085e-03
-5.0168e-03
-4.9951e-03
-4.8207e-03
-4.4744e-03
-3.9871e-03
-3.4162e-03
-2.8561e-03
-2.4171e-03
-2.2238e-03
-2.4940e-03
-3.3746e-03
-4.7925e-03
-6.5850e-03
-8.5777e-03
-1.0601e-02
-1.2539e-02
-1.4361e-02
-1.6066e-02
-1.7528e-02
-1.8558e-02
-1.8962e-02
-1.8561e-02
-1.7318e-02
-1.5398e-02
-1.3161e-02
-1.1008e-02
-9.3256e-03
-8.3689e-03
-8.0919e-03
-8.0045e-03
-7.6062e-03
-6.5112e-03
-4.7253e-03
-2.6609e-03
-9.0171e-04
-3.6948e-05
-2.9292e-04
-1.7164e-03
-3.9972e-03
-6.5878e-03
-8.7355e-03
-1.0039e-02
-1.0838e-02
-1.1277e-02
-1.1451e-02
-1.1280e-02
-1.0570e-02
-9.2559e-03
-7.2433e-03
-4.5416e-03
-1.2027e-03
2.4343e-03
5.7983e-03
8.2778e-03
1.0191e-02
1.1974e-02
1.3851e-02
1.5881e-02
1.7971e-02
2.0111e-02
2.2400e-02
2.5027e-02
2.7981e-02
3.0546e-02
3.1778e-02
3.0859e-02
2.7351e-02
2.1324e-02
1.2555e-02
1.2966e-03
-1.1169e-02
-2.3290e-02
-3.3585e-02
-4.1189e-02
-4.5882e-02
-4.7539e-02
-4.6231e-02
-4.1984e-02
-3.4498e-02
-2.3583e-02
-9.1886e-03
7.4946e-03
2.5509e-02
4.3381e-02
6.0092e-02
7.4668e-02
8.6063e-02
9.3076e-02
9.4989e-02
9.1772e-02
8.4887e-02
7.4981e-02
6.2792e-02
4.9490e-02
3.6800e-02
2.5205e-02
1.4940e-02
6.2218e-03
-8.7691e-04
-6.9238e-03
-1.2823e-02
-2.0006e-02
-2.9434e-02
-4.1741e-02
-5.7084e-02
-7.4859e-02
-9.2715e-02
-1.0823e-01
-1.1899e-01
-1.2358e-01
-1.1999e-01
-1.0613e-01
-8.1233e-02
-4.8759e-02
-1.1451e-02
2.4190e-02
5.4001e-02
7.6837e-02
9.1535e-02
9.6641e-02
9.4013e-02
8.5304e-02
7.3510e-02
6.0261e-02
4.7018e-02
3.5801e-02
2.7263e-02
2.0495e-02
1.5035e-02
1.0200e-02
4.9287e-03
-9.7930e-04
-6.5846e-03
-1.1505e-02
-1.6282e-02
-2.0899e-02
-2.3951e-02
-2.4504e-02
-2.2407e-02
-1.8216e-02
-1.2489e-02
-6.0428e-03
8.6787e-05
5.1970e-03
9.1152e-03
1.1919e-02
1.4036e-02
1.5881e-02
1.7940e-02
2.0694e-02
2.4161e-02
2.7596e-02
2.9890e-02
3.0100e-02
2.7627e-02
2.2932e-02
1.6293e-02
8.4313e-03
-3.8753e-04
-9.6493e-03
-1.8233e-02
-2.5201e-02
-3.0029e-02
-3.2110e-02
-3.1288e-02
-2.7471e-02
-2.1056e-02
-1.2893e-02
-3.7386e-03
5.8726e-03
1.5360e-02
2.3959e-02
3.1164e-02
3.6756e-02
4.0486e-02
4.2338e-02
4.2517e-02
4.1390e-02
3.9658e-02
3.8332e-02
3.7749e-02
3.6971e-02
3.5753e-02
3.4517e-02
3.4143e-02
3.4856e-02
3.6100e-02
3.6842e-02
3.6049e-02
3.3858e-02
3.0731e-02
2.7630e-02
2.4279e-02
1.9940e-02
1.4999e-02
1.0377e-02
6.8809e-03
4.9824e-03
4.3909e-03
5.2325e-03
7.7552e-03
1.1747e-02
1.6692e-02
2.2152e-02
2.7599e-02
3.2396e-02
3.6477e-02
4.0425e-02
4.3782e-02
4.5598e-02
4.5455e-02
4.3168e-02
3.8612e-02
3.1863e-02
2.3564e-02
1.4800e-02
7.3796e-03
2.2509e-03
-6.5329e-05
6.1038e-04
2.9765e-03
6.1764e-03
9.4534e-03
1.1643e-02
1.2800e-02
1.3688e-02
1.4273e-02
1.4362e-02
1.4017e-02
1.3116e-02
1.1304e-02
8.3978e-03
4.6771e-03
2.4523e-04
-4.5827e-03
-9.2074e-03
-1.3098e-02
-1.6020e-02
-1.8058e-02
-1.9744e-02
-2.0753e-02
-2.0491e-02
-1.9118e-02
-1.7041e-02
-1.4410e-02
-1.1746e-02
-1.0185e-02
-1.0260e-02
-1.1725e-02
-1.4164e-02
-1.7472e-02
-2.1921e-02
-2.7164e-02
-3.1827e-02
-3.4890e-02
-3.5717e-02
-3.4484e-02
-3.1561e-02
-2.7375e-02
-2.2258e-02
-1.6711e-02
-1.0867e-02
-4.8656e-03
6.9920e-04
5.1348e-03
8.5145e-03
1.0758e-02
1.1329e-02
1.0001e-02
7.2984e-03
3.6144e-03
-3.9499e-04
-4.1971e-03
-7.4989e-03
-1.0404e-02
-1.3206e-02
-1.6140e-02
-1.9106e-02
-2.1567e-02
-2.3316e-02
-2.4373e-02
-2.5050e-02
-2.5588e-02
-2.6074e-02
-2.6829e-02
-2.8468e-02
-3.1098e-02
-3.3984e-02
-3.5887e-02
-3.6965e-02
-3.7851e-02
-3.8800e-02
-3.9733e-02
-4.0157e-02
-3.9075e-02
-3.5150e-02
-2.8266e-02
-2.4005e-02
-2.1463e-02
-2.0041e-02
-1.9743e-02
-1.9952e-02
-2.0249e-02
-2.0087e-02
-1.9112e-02
-1.7079e-02
-1.4272e-02
-1.1274e-02
-8.8533e-03
-7.8304e-03
-8.9203e-03
-1.2047e-02
-1.5889e-02
-1.9461e-02
-2.1985e-02
-2.3596e-02
-2.4861e-02
-2.5769e-02
-2.6131e-02
-2.5596e-02
-2.3824e-02
-2.0866e-02
-1.7758e-02
-1.5584e-02
-1.4936e-02
-1.5783e-02
-1.7156e-02
-1.8718e-02
-2.0256e-02
-2.1164e-02
-2.1130e-02
-2.0649e-02
-1.9885e-02
-1.8629e-02
-1.7230e-02
-1.6339e-02
-1.6306e-02
-1.7254e-02
-1.9143e-02
-2.1807e-02
-2.4976e-02
-2.8233e-02
-3.1000e-02
-3.3150e-02
-3.4925e-02
-3.6367e-02
-3.7386e-02
-3.7714e-02
-3.6986e-02
-3.5017e-02
-3.2248e-02
-2.9167e-02
-2.6170e-02
-2.3765e-02
-2.2338e-02
-2.1650e-02
-2.1354e-02
-2.1133e-02
-2.0780e-02
-2.0199e-02
-1.9614e-02
-1.9428e-02
-1.9809e-02
-2.0795e-02
-2.2430e-02
-2.4568e-02
-2.6744e-02
-2.8709e-02
-3.0271e-02
-3.1040e-02
-3.0758e-02
-2.9566e-02
-2.7909e-02
-2.6473e-02
-2.5461e-02
-2.4425e-02
-2.2898e-02
-2.0516e-02
-1.7720e-02
-1.5039e-02
-1.2763e-02
-1.1186e-02
-1.0446e-02
-1.0097e-02
-9.3017e-03
-7.8673e-03
-5.8391e-03
-3.1091e-03
-3.9961e-05
2.3498e-03
3.5301e-03
3.7782e-03
2.9400e-03
1.0367e-03
-1.4381e-03
-3.6093e-03
-4.6240e-03
-4.2807e-03
-3.4958e-03
-2.2878e-03
-4.0936e-04
1.9489e-03
4.3844e-03
6.4693e-03
8.0287e-03
9.3815e-03
1.1058e-02
1.3672e-02
1.6665e-02
1.8747e-02
1.9638e-02
1.9520e-02
1.8640e-02
1.7211e-02
1.5314e-02
1.3054e-02
1.0615e-02
8.1665e-03
6.0531e-03
4.9043e-03
5.0993e-03
6.3330e-03
8.0869e-03
9.4977e-03
1.0271e-02
1.0561e-02
1.0588e-02
1.0743e-02
1.1333e-02
1.2587e-02
1.4496e-02
1.7051e-02
2.0016e-02
2.3046e-02
2.5824e-02
2.8392e-02
3.0546e-02
3.1649e-02
3.1513e-02
3.0748e-02
2.9774e-02
2.8974e-02
2.8076e-02
2.6675e-02
2.4934e-02
2.3137e-02
2.1540e-02
2.0096e-02
1.8571e-02
1.6938e-02
1.5293e-02
1.3852e-02
1.2768e-02
1.2009e-02
1.1796e-02
1.2512e-02
1.4305e-02
1.6886e-02
1.9590e-02
2.1803e-02
2.3252e-02
2.3893e-02
2.4089e-02
2.4197e-02
2.4680e-02
2.5904e-02
2.7937e-02
3.0385e-02
3.2831e-02
3.5094e-02
3.6817e-02
3.7566e-02
3.7206e-02
3.5981e-02
3.4050e-02
3.1820e-02
2.9935e-02
2.8494e-02
2.6966e-02
2.5320e-02
2.3738e-02
2.2200e-02
2.0850e-02
2.0274e-02
2.0872e-02
2.2391e-02
2.4182e-02
2.5142e-02
2.5235e-02
2.4963e-02
2.4683e-02
2.4709e-02
2.5126e-02
2.5884e-02
2.6698e-02
2.7481e-02
2.8195e-02
2.8726e-02
2.8898e-02
2.8509e-02
2.7381e-02
2.5531e-02
2.3180e-02
2.0937e-02
1.9185e-02
1.8107e-02
1.7578e-02
1.7363e-02
1.7201e-02
1.6746e-02
1.5637e-02
1.4148e-02
1.3073e-02
1.3064e-02
1.4328e-02
1.6129e-02
1.7595e-02
1.7836e-02
1.6944e-02
1.5789e-02
1.4581e-02
1.3341e-02
1.2023e-02
1.0526e-02
8.7916e-03
7.0600e-03
5.8793e-03
5.2785e-03
4.9282e-03
4.3973e-03
3.4201e-03
2.1862e-03
8.6443e-04
-4.0341e-04
-2.0437e-03
-4.5855e-03
-7.4950e-03
-9.9883e-03
-1.2070e-02
-1.3719e-02
-1.4925e-02
-1.5586e-02
-1.5665e-02
-1.5250e-02
-1.4636e-02
-1.4290e-02
-1.4656e-02
-1.5898e-02
-1.7823e-02
-1.9650e-02
-2.0785e-02
-2.0826e-02
-1.9810e-02
-1.8106e-02
-1.6405e-02
-1.5179e-02
-1.4571e-02
-1.4541e-02
-1.4801e-02
-1.5209e-02
-1.5627e-02
-1.5879e-02
-1.6034e-02
-1.6491e-02
-1.7237e-02
-1.7793e-02
-1.8748e-02
-2.0665e-02
-2.2856e-02
-2.4703e-02
-2.6225e-02
-2.7461e-02
-2.8504e-02
-2.9135e-02
-2.9126e-02
-2.8758e-02
-2.8407e-02
-2.8357e-02
-2.8921e-02
-3.0205e-02
-3.1727e-02
-3.3803e-02
-3.6265e-02
-3.7370e-02
-3.6920e-02
-3.5334e-02
-3.3323e-02
-3.1314e-02
-2.9408e-02
-2.7694e-02
-2.6160e-02
-2.4735e-02
-2.3335e-02
-2.1975e-02
-2.0719e-02
-1.9646e-02
-1.8717e-02
-1.7740e-02
-1.6846e-02
-1.6298e-02
-1.6061e-02
-1.5886e-02
-1.5321e-02
-1.4129e-02
-1.2452e-02
-1.0398e-02
-8.2664e-03
-6.5272e-03
-5.5413e-03
-5.1282e-03
-4.8740e-03
-4.2889e-03
-3.4595e-03
-3.1148e-03
-3.2271e-03
-3.5188e-03
-3.9876e-03
-4.5727e-03
-5.1034e-03
-5.5055e-03
-5.8596e-03
-6.3929e-03
-7.3882e-03
-8.4752e-03
-9.7326e-03
-1.1308e-02
-1.2649e-02
-1.3155e-02
-1.2901e-02
-1.1982e-02
-1.0351e-02
-8.2475e-03
-6.1304e-03
-3.9844e-03
-1.6640e-03
7.9547e-04
3.2763e-03
5.5608e-03
7.4417e-03
8.8052e-03
9.6388e-03
1.0138e-02
1.0554e-02
1.0962e-02
1.0928e-02
1.0370e-02
1.0034e-02
1.0122e-02
1.0188e-02
1.0371e-02
1.0932e-02
1.1532e-02
1.1982e-02
1.2547e-02
1.3139e-02
1.3273e-02
1.2850e-02
1.2016e-02
1.0748e-02
9.2062e-03
7.9337e-03
7.2580e-03
6.9539e-03
7.1342e-03
8.0702e-03
9.5296e-03
1.1029e-02
1.2203e-02
1.2854e-02
1.3092e-02
1.2997e-02
1.2499e-02
1.1551e-02
1.0242e-02
8.5356e-03
6.5346e-03
4.7833e-03
3.7189e-03
2.9869e-03
2.4178e-03
2.0394e-03
1.4799e-03
4.0503e-04
-4.3704e-04
-1.9005e-04
8.5410e-04
2.2927e-03
3.9388e-03
5.7110e-03
7.5882e-03
9.5386e-03
1.1386e-02
1.2718e-02
1.3407e-02
1.3936e-02
1.4358e-02
1.4305e-02
1.3956e-02
1.3805e-02
1.3958e-02
1.4267e-02
1.4359e-02
1.4155e-02
1.4204e-02
1.5230e-02
1.7751e-02
2.1324e-02
2.4725e-02
2.6557e-02
2.6113e-02
2.4217e-02
2.1559e-02
1.8829e-02
1.6117e-02
1.3229e-02
1.0418e-02
8.0667e-03
6.4128e-03
5.3508e-03
4.2963e-03
3.1980e-03
2.5970e-03
2.6848e-03
3.3713e-03
4.4115e-03
5.3646e-03
5.7991e-03
5.7754e-03
6.0737e-03
6.6373e-03
6.7023e-03
6.1738e-03
5.1405e-03
3.5662e-03
1.7705e-03
5.9958e-04
3.2715e-04
4.0166e-04
4.4702e-04
1.0839e-04
-6.5878e-04
-1.8748e-03
-3.6567e-03
-5.8511e-03
-7.9204e-03
-9.4042e-03
-1.0038e-02
-1.0168e-02
-1.0393e-02
-1.0887e-02
-1.1656e-02
-1.2510e-02
-1.3170e-02
-1.3427e-02
-1.3593e-02
-1.4103e-02
-1.4974e-02
-1.5997e-02
-1.6777e-02
-1.6869e-02
-1.5965e-02
-1.4150e-02
-1.1993e-02
-9.9057e-03
-8.2833e-03
-7.3584e-03
-7.0107e-03
-6.6704e-03
-6.3752e-03
-6.4381e-03
-6.8610e-03
-7.4097e-03
-7.7424e-03
-7.5700e-03
-6.9938e-03
-6.2876e-03
-5.8022e-03
-5.6232e-03
-5.5075e-03
-5.6714e-03
-6.3889e-03
-7.5610e-03
-8.8368e-03
-9.6141e-03
-9.5592e-03
-8.8217e-03
-7.7649e-03
-6.9958e-03
-6.6888e-03
-6.7336e-03
-6.8804e-03
-6.8794e-03
-6.6748e-03
-6.5315e-03
-6.8251e-03
-7.2786e-03
-7.4205e-03
-7.1312e-03
-6.3425e-03
-5.0340e-03
-3.4732e-03
-2.2760e-03
-1.5026e-03
-8.0730e-04
1.1536e-04
1.5817e-03
3.6713e-03
5.7778e-03
6.5550e-03
5.8486e-03
4.4842e-03
3.2823e-03
2.8125e-03
2.5671e-03
1.9483e-03
8.3268e-04
-7.5551e-04
-2.4918e-03
-4.3147e-03
-5.9317e-03
-6.4383e-03
-5.3409e-03
-3.2503e-03
-7.8450e-04
1.3060e-03
2.5974e-03
3.2241e-03
3.4639e-03
3.7862e-03
4.2404e-03
4.6449e-03
4.8033e-03
4.6119e-03
4.2351e-03
3.8086e-03
3.5469e-03
3.6573e-03
4.2577e-03
5.2683e-03
6.8094e-03
9.2777e-03
1.2540e-02
1.5658e-02
1.8264e-02
2.0225e-02
2.1295e-02
2.1367e-02
2.0562e-02
1.9079e-02
1.7207e-02
1.5242e-02
1.3581e-02
1.2441e-02
1.1814e-02
1.1398e-02
1.0924e-02
1.0359e-02
9.9055e-03
9.9550e-03
1.0503e-02
1.1264e-02
1.1860e-02
1.1856e-02
1.0945e-02
9.2251e-03
7.4088e-03
5.5812e-03
3.6404e-03
1.9449e-03
8.9800e-04
5.4117e-04
6.7459e-04
8.4392e-04
8.4694e-04
6.6773e-04
5.5992e-04
7.8418e-04
1.1658e-03
1.3966e-03
1.1680e-03
2.1547e-04
-1.5047e-03
-3.9999e-03
-6.8244e-03
-8.8199e-03
-9.2857e-03
-8.7461e-03
-7.6068e-03
-6.2665e-03
-4.9416e-03
-3.7275e-03
-2.6328e-03
-1.7789e-03
-1.6677e-03
-2.3659e-03
-3.0797e-03
-3.6658e-03
-4.5003e-03
-5.4440e-03
-6.2690e-03
-7.0003e-03
-7.5983e-03
-7.8631e-03
-7.7699e-03
-7.5501e-03
-7.1364e-03
-6.3277e-03
-5.0041e-03
-3.5213e-03
-2.9208e-03
-3.3306e-03
-3.6913e-03
-3.8566e-03
-4.0220e-03
-3.9275e-03
-3.4126e-03
-2.8019e-03
-2.5720e-03
-3.0986e-03
-4.3658e-03
-5.7087e-03
-6.4920e-03
-6.2594e-03
-5.1711e-03
-3.5051e-03
-1.4984e-03
4.5531e-04
1.7796e-03
2.3491e-03
2.3516e-03
1.6837e-03
3.1787e-04
-1.4567e-03
-3.1434e-03
-4.1236e-03
-4.3465e-03
-4.1485e-03
-3.5315e-03
-2.5561e-03
-1.5544e-03
-5.7262e-04
8.3289e-04
2.7476e-03
4.6973e-03
6.3110e-03
7.2145e-03
7.1835e-03
6.3562e-03
5.3138e-03
4.2184e-03
2.8307e-03
1.4681e-03
8.6240e-04
1.0854e-03
1.6603e-03
2.0126e-03
1.6728e-03
8.5387e-04
3.8816e-05
-2.5468e-04
1.3809e-05
5.4941e-04
1.3778e-03
2.5011e-03
3.6914e-03
4.6346e-03
5.0191e-03
4.7395e-03
4.0802e-03
3.4915e-03
3.4554e-03
3.6904e-03
3.9155e-03
4.2288e-03
4.5470e-03
4.6030e-03
4.2962e-03
3.7105e-03
3.0760e-03
2.6624e-03
2.5012e-03
2.4514e-03
2.2220e-03
1.9211e-03
1.9565e-03
2.3579e-03
2.8548e-03
2.9423e-03
2.2680e-03
9.9204e-04
-5.2697e-04
-1.6380e-03
-1.9554e-03
-1.4430e-03
-5.1610e-04
3.5576e-04
1.3469e-03
2.3031e-03
2.6467e-03
2.2787e-03
1.4368e-03
2.5178e-04
-1.1229e-03
-2.5785e-03
-4.1736e-03
-5.9879e-03
-6.8564e-03
-6.1299e-03
-4.3328e-03
-2.1269e-03
-5.1052e-04
2.6219e-04
4.3398e-04
4.7241e-04
5.8559e-04
6.7867e-04
7.8848e-04
9.7226e-04
1.1895e-03
1.3649e-03
1.4393e-03
1.3730e-03
1.1762e-03
8.9503e-04
6.4265e-04
5.4263e-04
6.5315e-04
8.5613e-04
1.0408e-03
1.1983e-03
1.3230e-03
1.4165e-03
1.5013e-03
1.6240e-03
1.8459e-03
2.1151e-03
2.1346e-03
1.7787e-03
1.3259e-03
8.7417e-04
4.8464e-04
2.9089e-04
3.3958e-04
4.6778e-04
5.2741e-04
5.1879e-04
4.4081e-04
3.1545e-04
2.2236e-04
3.5208e-04
9.9810e-04
2.1626e-03
3.4030e-03
4.5920e-03
5.6910e-03
6.5225e-03
6.8545e-03
6.4649e-03
5.4765e-03
4.5744e-03
3.9941e-03
3.4304e-03
2.8962e-03
2.4635e-03
2.0922e-03
1.7077e-03
1.2114e-03
6.0625e-04
1.7010e-05
-5.9481e-04
-1.3047e-03
-1.9632e-03
-2.3578e-03
-2.4169e-03
-2.3833e-03
-2.8564e-03
-3.6719e-03
-4.2489e-03
-4.6213e-03
-4.9752e-03
-5.3117e-03
-5.7236e-03
-6.4406e-03
-7.2872e-03
-7.6302e-03
-7.3191e-03
-6.6765e-03
-6.4741e-03
-7.1996e-03
-8.4919e-03
-9.9866e-03
-1.1262e-02
-1.2118e-02
-1.2566e-02
-1.2691e-02
-1.2648e-02
-1.2500e-02
-1.2098e-02
-1.1096e-02
-9.5164e-03
-7.6925e-03
-5.6922e-03
-3.7536e-03
-2.5425e-03
-2.3494e-03
-2.5930e-03
-2.8000e-03
-2.6243e-03
-1.9486e-03
-9.7726e-04
-9.7842e-05
5.1705e-04
1.1811e-03
2.1919e-03
3.6992e-03
5.2933e-03
6.1944e-03
6.2033e-03
5.5682e-03
4.8748e-03
4.5045e-03
4.2522e-03
4.0243e-03
3.8845e-03
4.1255e-03
4.8124e-03
5.2299e-03
4.8839e-03
4.0672e-03
3.0312e-03
2.0290e-03
1.0527e-03
1.3066e-05
-8.1368e-04
-1.0645e-03
-6.0693e-04
5.8136e-04
2.2379e-03
4.2387e-03
6.3959e-03
8.4841e-03
1.0218e-02
1.1277e-02
1.1541e-02
1.1277e-02
1.0579e-02
9.4723e-03
8.2035e-03
7.1457e-03
6.2993e-03
5.5574e-03
4.8466e-03
4.3294e-03
4.3762e-03
4.8025e-03
5.0751e-03
5.0830e-03
4.8306e-03
4.2312e-03
3.2725e-03
2.1011e-03
1.0285e-03
4.3342e-04
2.8212e-04
3.8859e-04
7.5834e-04
1.3535e-03
2.0080e-03
2.4550e-03
2.3898e-03
2.1412e-03
2.3115e-03
2.5706e-03
2.6002e-03
2.5217e-03
2.4211e-03
2.3554e-03
2.3334e-03
2.2747e-03
1.9541e-03
1.1150e-03
-3.1403e-04
-2.1082e-03
-3.6145e-03
-4.1299e-03
-3.2546e-03
-1.5381e-03
1.9922e-04
1.9343e-03
3.5806e-03
4.6989e-03
5.1393e-03
5.1705e-03
4.7545e-03
3.9117e-03
3.1330e-03
2.8622e-03
2.8654e-03
2.8897e-03
2.7319e-03
2.4256e-03
2.1503e-03
1.7717e-03
1.1618e-03
4.7040e-04
-1.5632e-04
-6.8862e-04
-7.8966e-04
-1.6080e-04
4.5856e-04
1.4124e-04
-1.0514e-03
-2.7987e-03
-4.6812e-03
-6.4443e-03
-8.0113e-03
-9.2474e-03
-1.0032e-02
-1.0258e-02
-9.9284e-03
-9.2927e-03
-8.4418e-03
-7.3835e-03
-6.2767e-03
-5.3996e-03
-4.9203e-03
-4.7660e-03
-4.4553e-03
-3.5983e-03
-2.2476e-03
-7.2482e-04
3.4134e-04
8.8334e-04
1.0686e-03
9.3098e-04
6.8184e-04
7.6321e-04
1.2832e-03
1.9041e-03
2.6838e-03
3.7947e-03
5.1627e-03
6.6144e-03
8.0168e-03
9.1036e-03
9.4859e-03
8.9706e-03
7.6024e-03
5.6715e-03
3.5923e-03
1.8220e-03
6.6781e-04
1.5055e-04
1.1311e-04
1.6746e-04
1.6715e-04
7.5462e-05
-8.6603e-05
-3.7972e-04
-9.3662e-04
-1.6548e-03
-2.2864e-03
-2.7991e-03
-3.1497e-03
-3.1139e-03
-2.6293e-03
-2.0115e-03
-1.6263e-03
-1.7479e-03
-2.1972e-03
-2.6865e-03
-3.2954e-03
-4.0115e-03
-4.5577e-03
-4.8824e-03
-5.1927e-03
-5.2846e-03
-4.9257e-03
-4.6706e-03
-4.9583e-03
-5.1253e-03
-4.9612e-03
-4.8751e-03
-4.7355e-03
-4.1671e-03
-2.9005e-03
-1.0402e-03
5.9037e-04
1.2670e-03
9.3582e-04
-1.7487e-04
-1.3415e-03
-2.1412e-03
-2.3732e-03
-2.1334e-03
-1.6906e-03
-1.3762e-03
-1.3303e-03
-1.4184e-03
-1.5001e-03
-1.4097e-03
-1.1406e-03
-9.1808e-04
-1.1945e-03
-1.9983e-03
-2.7520e-03
-3.1457e-03
-2.9739e-03
-2.0934e-03
-7.4436e-04
2.8424e-04
7.6007e-04
1.6006e-03
3.1808e-03
5.0505e-03
6.6711e-03
7.3870e-03
7.0892e-03
5.8748e-03
4.0013e-03
1.7201e-03
-6.2099e-04
-2.8034e-03
-4.6009e-03
-5.5513e-03
-5.4983e-03
-5.1449e-03
-5.1378e-03
-5.5475e-03
-6.1707e-03
-6.5540e-03
-6.5099e-03
-6.0434e-03
-5.3373e-03
-4.5619e-03
-3.7516e-03
-2.8073e-03
-1.5599e-03
-2.0021e-04
9.8515e-04
1.9890e-03
2.7422e-03
3.0404e-03
2.7264e-03
1.8495e-03
5.2041e-04
-9.3822e-04
-2.1598e-03
-2.8411e-03
-2.9996e-03
-2.9783e-03
-3.3965e-03
-4.1873e-03
-4.9206e-03
-5.7506e-03
-6.8893e-03
-8.1740e-03
-9.3123e-03
-9.9813e-03
-9.9635e-03
-9.3427e-03
-8.5981e-03
-8.4100e-03
-8.5867e-03
-8.7340e-03
-8.5797e-03
-7.9683e-03
-6.9917e-03
-5.6157e-03
-3.8506e-03
-1.7491e-03
5.3574e-04
2.7384e-03
4.5798e-03
5.8837e-03
6.7227e-03
7.3698e-03
7.7793e-03
7.7480e-03
7.0431e-03
5.6538e-03
4.0439e-03
2.5130e-03
1.2214e-03
6.9832e-04
1.3679e-03
2.6530e-03
3.7654e-03
4.1271e-03
3.5304e-03
2.4015e-03
1.2099e-03
5.3532e-04
4.8600e-04
9.6322e-04
1.9922e-03
3.3642e-03
4.5140e-03
5.1811e-03
5.3146e-03
4.9331e-03
4.1676e-03
3.1432e-03
1.9980e-03
8.9317e-04
2.4675e-05
-3.9335e-04
-1.3534e-04
7.0808e-04
1.2615e-03
9.8040e-04
3.1763e-04
-3.1284e-04
-5.5376e-04
-1.6773e-04
7.9528e-04
1.9129e-03
2.6241e-03
2.7338e-03
2.1965e-03
1.1598e-03
-4.4895e-05
-9.9053e-04
-1.6414e-03
-2.0194e-03
-1.8644e-03
-1.1296e-03
-2.4683e-04
4.5763e-04
7.8856e-04
5.8006e-04
-1.9363e-04
-1.4598e-03
-3.0089e-03
-4.5895e-03
-5.9570e-03
-6.8702e-03
-7.1586e-03
-6.8707e-03
-6.3626e-03
-5.9159e-03
-5.1724e-03
-4.2017e-03
-3.9203e-03
-4.0078e-03
-3.3017e-03
-2.1122e-03
-1.0350e-03
-4.2881e-04
-5.5789e-04
-1.3492e-03
-2.3392e-03
-2.8005e-03
-2.7952e-03
-2.6052e-03
-2.1371e-03
-1.4632e-03
-9.7177e-04
-5.0003e-04
2.6767e-04
8.5797e-04
8.4089e-04
7.4329e-04
9.5219e-04
1.2184e-03
1.2577e-03
8.1708e-04
-1.3277e-04
-1.3215e-03
-2.3976e-03
-3.0063e-03
-2.9388e-03
-2.1140e-03
-8.1935e-04
6.6649e-05
-2.9476e-05
3.9785e-04
1.3410e-03
2.1351e-03
2.5477e-03
2.2130e-03
8.1656e-04
-1.4831e-03
-3.6905e-03
-5.0148e-03
-4.9411e-03
-3.9204e-03
-2.4289e-03
-5.6426e-04
1.3890e-03
2.8795e-03
3.6968e-03
3.9622e-03
4.0490e-03
4.2378e-03
4.1320e-03
3.4880e-03
2.6830e-03
2.2040e-03
2.4491e-03
3.1621e-03
3.8149e-03
4.1786e-03
4.0933e-03
3.5049e-03
2.5081e-03
1.4550e-03
6.5968e-04
2.8490e-04
-8.5408e-05
-7.2724e-04
-1.3558e-03
-1.7537e-03
-1.8212e-03
-1.5473e-03
-1.0882e-03
-6.6938e-04
-4.9330e-04
-5.3998e-04
-6.3404e-04
-4.9662e-04
-3.5054e-05
5.7817e-04
1.0516e-03
1.2085e-03
1.3851e-03
1.9153e-03
2.8389e-03
4.0848e-03
5.3670e-03
6.3375e-03
6.6370e-03
6.1711e-03
5.2346e-03
4.4869e-03
4.1760e-03
3.9903e-03
3.5561e-03
2.5089e-03
1.1035e-03
-1.7539e-04
-1.1832e-03
-1.9285e-03
-2.5723e-03
-3.1465e-03
-3.5388e-03
-3.6163e-03
-3.2794e-03
-2.5902e-03
-1.6995e-03
-8.4959e-04
-2.2113e-04
1.1105e-04
1.7841e-04
1.5789e-04
2.3381e-04
6.4892e-04
1.6624e-03
3.1627e-03
4.5228e-03
5.3656e-03
5.5290e-03
5.1659e-03
4.5714e-03
3.7586e-03
2.7888e-03
1.8844e-03
1.2204e-03
8.5212e-04
5.4830e-04
1.0039e-05
-7.6032e-04
-1.7095e-03
-2.7723e-03
-3.7618e-03
-4.3733e-03
-4.6268e-03
-4.7796e-03
-4.9523e-03
-5.1510e-03
-5.2267e-03
-5.3232e-03
-5.8795e-03
-6.4033e-03
-5.9522e-03
-4.4305e-03
-2.3111e-03
-3.6788e-04
7.9930e-04
1.2060e-03
7.9568e-04
-3.6376e-04
-1.8285e-03
-2.9013e-03
-3.5297e-03
-3.8691e-03
-4.1015e-03
-4.1968e-03
-3.9051e-03
-3.1829e-03
-2.1948e-03
-1.1739e-03
-3.4126e-04
3.3517e-04
9.1570e-04
1.3976e-03
1.8053e-03
2.1873e-03
2.3429e-03
1.9656e-03
9.5805e-04
-5.1492e-04
-1.9850e-03
-2.8585e-03
-2.6739e-03
-1.6547e-03
-6.0706e-04
3.2612e-04
1.1964e-03
1.9343e-03
2.4431e-03
2.5908e-03
2.3088e-03
1.6944e-03
8.8715e-04
1.1201e-04
-5.6317e-04
-1.1480e-03
-1.6581e-03
-2.1576e-03
-2.7418e-03
-3.3170e-03
-3.7060e-03
-3.9739e-03
-4.2271e-03
-4.4075e-03
-4.4628e-03
-4.4266e-03
-4.3720e-03
-4.4309e-03
-4.7191e-03
-5.1427e-03
-5.2001e-03
-4.6396e-03
-3.8608e-03
-3.0984e-03
-2.3934e-03
-1.6525e-03
-8.4917e-04
-3.0751e-04
-2.5090e-04
-5.3766e-04
-1.0434e-03
-1.6407e-03
-2.2229e-03
-2.6546e-03
-2.7625e-03
-2.5210e-03
-2.1615e-03
-1.6590e-03
-7.5200e-04
5.2369e-04
1.8355e-03
2.7327e-03
3.0290e-03
3.0814e-03
3.0105e-03
2.7224e-03
2.5296e-03
2.8536e-03
3.4702e-03
3.9134e-03
3.9835e-03
3.6895e-03
3.3366e-03
3.0892e-03
2.9402e-03
3.0148e-03
3.3196e-03
3.5079e-03
3.2734e-03
2.5958e-03
1.6018e-03
6.7375e-04
3.5432e-04
1.0534e-03
2.2157e-03
2.9918e-03
3.2557e-03
3.1445e-03
2.9871e-03
3.0132e-03
3.3076e-03
3.5437e-03
3.3356e-03
2.7888e-03
2.1322e-03
1.5974e-03
1.2869e-03
1.0991e-03
8.7728e-04
6.0346e-04
6.7031e-04
1.2206e-03
1.7793e-03
2.1956e-03
2.6796e-03
3.1165e-03
3.2321e-03
2.8447e-03
1.9592e-03
9.2140e-04
1.4326e-05
-7.4033e-04
-1.0813e-03
-7.5749e-04
-9.5697e-06
7.1626e-04
1.1814e-03
1.3063e-03
1.2390e-03
1.1812e-03
1.3634e-03
1.7536e-03
2.1532e-03
2.5894e-03
2.9535e-03
2.8926e-03
2.4398e-03
2.1335e-03
2.1640e-03
2.5009e-03
3.0158e-03
3.4599e-03
3.6317e-03
3.5347e-03
3.4784e-03
3.3469e-03
2.7316e-03
1.6821e-03
3.8686e-04
-1.1401e-03
-2.6646e-03
-3.6165e-03
-3.8694e-03
-3.9160e-03
-3.8144e-03
-3.5017e-03
-3.0589e-03
-2.4597e-03
-1.5511e-03
-3.7320e-04
7.2137e-04
1.4623e-03
1.6839e-03
1.5427e-03
1.2629e-03
7.3780e-04
1.8828e-05
-4.8021e-04
-6.0780e-04
-4.5468e-04
4.1274e-05
7.6797e-04
1.2061e-03
1.1636e-03
1.1515e-03
1.2108e-03
8.6010e-04
2.2218e-04
-3.0270e-04
-8.1430e-04
-1.4337e-03
-1.9152e-03
-2.1840e-03
-2.4181e-03
-2.7550e-03
-3.3126e-03
-4.0531e-03
-4.7985e-03
-5.3177e-03
-5.6031e-03
-6.0294e-03
-6.5563e-03
-6.6452e-03
-5.9083e-03
-4.3149e-03
-2.5208e-03
-1.2087e-03
-6.5105e-04
-7.6376e-04
-9.4371e-04
-1.1090e-03
-1.3617e-03
-1.4850e-03
-1.2363e-03
-5.8211e-04
4.6106e-04
1.8166e-03
3.1873e-03
4.1193e-03
4.4626e-03
4.2503e-03
3.5758e-03
2.6620e-03
1.8761e-03
1.6574e-03
2.3782e-03
3.8358e-03
5.1879e-03
5.5321e-03
4.5025e-03
2.8103e-03
1.1237e-03
4.6646e-05
-2.7436e-04
-1.1140e-04
4.0904e-04
1.1189e-03
1.8419e-03
2.4649e-03
2.9677e-03
3.3178e-03
3.4527e-03
3.2670e-03
2.7559e-03
2.1670e-03
1.6242e-03
9.5799e-04
9.3560e-05
-8.4835e-04
-1.4446e-03
-1.2457e-03
-6.1480e-04
4.5576e-05
6.3952e-04
9.9761e-04
9.0654e-04
1.6444e-04
-1.1999e-03
-2.6497e-03
-3.5798e-03
-4.0141e-03
-4.0575e-03
-3.7552e-03
-3.4582e-03
-3.5965e-03
-3.8449e-03
-3.9026e-03
-3.8998e-03
-3.8565e-03
-3.7051e-03
-3.4284e-03
-3.0030e-03
-2.2029e-03
-1.0583e-03
-3.0310e-04
-3.4724e-04
-6.8360e-04
-1.0718e-03
-1.4592e-03
-1.5708e-03
-1.2625e-03
-8.9969e-04
-7.2806e-04
-5.8140e-04
-3.5656e-04
-8.9607e-05
-1.3912e-04
-9.8099e-04
-2.5092e-03
-4.2822e-03
-5.8242e-03
-6.2380e-03
-4.6827e-03
-3.0896e-03
-2.0192e-03
-1.2587e-03
-8.0628e-04
-6.2684e-04
-1.0131e-03
-2.0736e-03
-3.4905e-03
-4.5987e-03
-4.4636e-03
-3.0075e-03
-9.4648e-04
1.1696e-03
2.8233e-03
3.9180e-03
4.5913e-03
5.2642e-03
5.8774e-03
6.1117e-03
5.7836e-03
4.8413e-03
3.4513e-03
1.9631e-03
8.5917e-04
3.1501e-04
4.0944e-05
-1.9392e-04
-5.6225e-04
-9.9600e-04
-1.2637e-03
-1.0517e-03
-1.8134e-04
1.1834e-03
2.5212e-03
3.0077e-03
2.2002e-03
3.2128e-04
-1.4627e-03
-2.2428e-03
-2.1602e-03
-1.3488e-03
-1.8627e-04
1.0655e-03
2.1730e-03
2.9276e-03
3.2247e-03
3.1311e-03
2.8798e-03
2.9028e-03
3.2250e-03
3.5100e-03
3.2387e-03
2.3114e-03
1.8061e-03
2.0866e-03
2.5130e-03
2.8464e-03
2.8848e-03
2.3126e-03
1.1976e-03
4.1194e-04
4.3387e-04
6.6734e-04
8.4977e-04
9.5466e-04
5.6167e-04
-4.2793e-04
-1.0929e-03
-9.4733e-04
-7.1265e-04
-7.6835e-04
-1.0408e-03
-1.4576e-03
-1.7016e-03
-1.0658e-03
5.1594e-04
1.3947e-03
1.2034e-03
1.2374e-03
1.3923e-03
1.0553e-03
4.3816e-04
-4.9867e-05
-2.8139e-04
-2.0325e-04
1.4601e-04
3.9415e-04
-1.2045e-04
-1.0508e-03
-1.4807e-03
-1.3722e-03
-8.5985e-04
-7.0585e-05
7.3787e-04
1.1798e-03
1.2009e-03
1.0115e-03
7.1250e-04
3.6031e-04
-9.9066e-05
-5.4397e-04
-5.7630e-04
-2.7007e-04
-1.3619e-04
-4.3767e-04
-1.3362e-03
-2.8813e-03
-4.7909e-03
-6.3359e-03
-6.9150e-03
-6.3112e-03
-4.9240e-03
-3.6929e-03
-2.8695e-03
-2.4905e-03
-2.5059e-03
-2.7405e-03
-2.8770e-03
-2.7428e-03
-2.3568e-03
-2.0119e-03
-2.0405e-03
-2.3870e-03
-2.8358e-03
-3.0728e-03
-2.9327e-03
-2.5026e-03
-1.9361e-03
-1.3517e-03
-6.2524e-04
3.9754e-04
1.7313e-03
3.2207e-03
4.4295e-03
4.7515e-03
3.7214e-03
1.8070e-03
-5.4535e-05
-1.2827e-03
-1.7220e-03
-1.8500e-03
-1.8493e-03
-1.8225e-03
-1.8707e-03
-2.0248e-03
-2.2735e-03
-2.5133e-03
-2.5730e-03
-2.4073e-03
-2.1638e-03
-1.8364e-03
-1.4330e-03
-1.1767e-03
-1.0240e-03
-4.5817e-04
4.5689e-04
9.6973e-04
1.1634e-03
1.4886e-03
1.7086e-03
1.5500e-03
1.2479e-03
1.0584e-03
1.0305e-03
9.8081e-04
6.0640e-04
1.1565e-05
-5.3758e-04
-8.9420e-04
-9.7286e-04
-8.1085e-04
-5.8647e-04
-5.2301e-04
-5.0323e-04
-3.5196e-04
-1.7993e-04
-8.5404e-05
-3.4887e-05
1.7459e-04
7.3842e-04
1.3388e-03
1.5230e-03
1.2372e-03
7.7847e-04
8.2311e-04
1.5104e-03
2.2510e-03
2.8890e-03
3.3576e-03
3.2874e-03
2.4948e-03
1.3976e-03
2.9626e-04
-6.6451e-04
-1.5161e-03
-2.3467e-03
-2.7815e-03
-2.4480e-03
-1.4944e-03
-2.8562e-04
6.8746e-04
1.0428e-03
6.6794e-04
-2.3855e-04
-1.2293e-03
-2.4601e-03
-4.0496e-03
-5.7192e-03
-6.8705e-03
-6.6555e-03
-4.9613e-03
-2.5121e-03
-3.1291e-04
8.2946e-04
1.3664e-03
1.7349e-03
1.8172e-03
1.8186e-03
2.1734e-03
2.9198e-03
3.9316e-03
5.1217e-03
6.1560e-03
6.4113e-03
5.8098e-03
5.0602e-03
4.5054e-03
4.2957e-03
4.2531e-03
4.1333e-03
4.1069e-03
4.3795e-03
5.0521e-03
5.4271e-03
4.4481e-03
2.1664e-03
-7.8634e-04
-3.8166e-03
-6.1876e-03
-7.2221e-03
-6.9775e-03
-6.2537e-03
-5.4652e-03
-4.9067e-03
-4.6955e-03
-4.7004e-03
-4.5404e-03
-3.8447e-03
-2.4291e-03
-6.3207e-04
7.5940e-04
1.3123e-03
9.0682e-04
-1.5614e-04
-1.4468e-03
-2.5823e-03
-3.2909e-03
-3.4461e-03
-2.9589e-03
-1.9822e-03
-1.0158e-03
-4.4666e-04
-2.5530e-04
-4.0414e-04
-7.7612e-04
-1.3841e-03
-2.2028e-03
-2.9436e-03
-3.0836e-03
-2.0622e-03
-3.1226e-04
5.1551e-04
2.4255e-04
-3.5627e-04
-7.5670e-04
-6.5531e-04
-4.7713e-04
-5.1319e-04
-4.7870e-04
-1.5073e-04
5.2562e-04
1.1606e-03
1.2536e-03
7.5191e-04
-4.1756e-05
-4.4035e-04
-1.3563e-04
5.9445e-04
1.4037e-03
1.8475e-03
1.9626e-03
2.0647e-03
2.4403e-03
3.0760e-03
3.4339e-03
3.1591e-03
2.2657e-03
1.1837e-03
4.2348e-04
-4.3122e-05
-2.8739e-04
-2.6609e-04
-8.1400e-05
-2.9319e-05
-4.0312e-04
-1.3381e-03
-2.4075e-03
-2.9587e-03
-2.7059e-03
-1.7704e-03
-8.4493e-04
-2.9366e-04
-2.8624e-04
-7.9884e-04
-1.2835e-03
-6.0205e-04
1.3588e-03
2.7507e-03
2.7757e-03
2.1101e-03
1.0846e-03
1.1181e-04
-6.3966e-04
-1.1471e-03
-1.4524e-03
-1.6233e-03
-1.7133e-03
-1.4601e-03
-4.6162e-04
1.3728e-03
3.7655e-03
6.0296e-03
7.5205e-03
7.9939e-03
7.4238e-03
6.2552e-03
4.9170e-03
3.7333e-03
2.6520e-03
1.7223e-03
1.3296e-03
1.3625e-03
1.1094e-03
3.2107e-04
-8.5678e-04
-1.9438e-03
-2.3820e-03
-2.1496e-03
-1.3763e-03
-4.6743e-04
4.0869e-04
1.2291e-03
2.1757e-03
3.3219e-03
4.2149e-03
4.4903e-03
4.2449e-03
3.6181e-03
2.9136e-03
2.4274e-03
2.3910e-03
2.6341e-03
2.8893e-03
3.2294e-03
3.7913e-03
4.6598e-03
5.4273e-03
5.4892e-03
5.1048e-03
4.8379e-03
4.9014e-03
5.1388e-03
4.9783e-03
4.5120e-03
4.1751e-03
3.8530e-03
3.5504e-03
3.6015e-03
4.0807e-03
4.6594e-03
5.0545e-03
4.9811e-03
4.3759e-03
3.4078e-03
2.4201e-03
1.7003e-03
1.3018e-03
1.1758e-03
1.1018e-03
7.1573e-04
-2.0902e-04
-1.3756e-03
-2.2547e-03
-2.3097e-03
-1.4555e-03
-3.4061e-04
5.2203e-04
6.8124e-04
2.3938e-04
-3.1566e-04
-5.0440e-04
-4.8298e-04
-1.3105e-03
-2.7646e-03
-3.9541e-03
-5.1175e-03
-6.4420e-03
-7.1167e-03
-6.5353e-03
-4.9900e-03
-2.9130e-03
-1.0423e-03
2.7639e-04
9.9183e-04
1.2263e-03
1.3550e-03
1.8316e-03
2.6271e-03
3.1537e-03
3.2287e-03
2.9263e-03
2.2671e-03
1.4767e-03
1.0215e-03
1.1325e-03
1.4711e-03
1.8417e-03
2.1800e-03
2.3222e-03
2.1376e-03
1.8077e-03
1.8818e-03
2.9305e-03
3.3987e-03
3.1166e-03
2.5483e-03
2.1975e-03
2.1310e-03
1.7686e-03
1.1926e-03
7.8037e-04
6.9455e-04
9.4064e-04
1.3467e-03
1.6809e-03
1.7094e-03
1.5474e-03
1.5640e-03
1.8434e-03
2.3399e-03
2.8981e-03
3.2411e-03
3.1832e-03
2.6921e-03
1.9515e-03
1.3271e-03
1.2477e-03
1.6856e-03
2.1663e-03
2.4960e-03
2.6303e-03
2.7172e-03
2.8345e-03
2.8387e-03
2.5221e-03
1.7128e-03
6.2102e-04
-2.5992e-04
-8.3781e-04
-2.7023e-04
-3.2954e-05
7.1358e-04
1.6077e-03
2.4668e-03
3.1521e-03
3.5834e-03
3.7894e-03
3.9132e-03
4.0542e-03
4.1692e-03
4.1093e-03
3.6662e-03
2.8113e-03
1.7385e-03
7.0594e-04
-4.8696e-05
-5.3540e-04
-7.0805e-04
-5.2240e-04
-1.8799e-04
-3.1644e-05
7.2919e-05
2.7358e-04
2.8449e-04
-1.1874e-04
-8.4786e-04
-1.6470e-03
-2.0672e-03
-1.9963e-03
-1.5924e-03
-1.1866e-03
-9.9143e-04
-8.9474e-04
-1.1263e-03
-2.1885e-03
-3.9798e-03
-5.7886e-03
-6.6925e-03
-6.0913e-03
-4.6362e-03
-3.1272e-03
-1.9958e-03
-1.3829e-03
-1.1024e-03
-9.0932e-04
-6.6574e-04
-6.5790e-04
-1.0763e-03
-1.7002e-03
-2.2092e-03
-2.1927e-03
-1.6429e-03
-9.0755e-04
-2.9569e-04
-1.1905e-04
-5.0408e-04
-1.1773e-03
-1.3904e-03
-9.1683e-04
5.7273e-05
1.2467e-03
2.1962e-03
2.5207e-03
2.0642e-03
1.1075e-03
3.6118e-06
-7.8795e-04
-1.1725e-03
-1.3412e-03
-1.4858e-03
-1.7880e-03
-2.2422e-03
-2.6731e-03
-2.7519e-03
-2.3948e-03
-1.7846e-03
-1.2483e-03
-1.0297e-03
-8.8566e-04
-7.7207e-04
-1.1168e-03
-2.1022e-03
-3.4831e-03
-4.8869e-03
-5.8150e-03
-6.1909e-03
-6.1270e-03
-5.8555e-03
-5.5068e-03
-5.1062e-03
-4.6171e-03
-4.0028e-03
-3.4131e-03
-3.0426e-03
-2.9479e-03
-2.9580e-03
-2.6407e-03
-1.8623e-03
-9.2334e-04
-2.4906e-05
6.2176e-04
9.2313e-04
7.3683e-04
-2.8413e-05
-1.1381e-03
-2.0914e-03
-2.6457e-03
-2.7209e-03
-2.4051e-03
-1.8320e-03
-1.1256e-03
-4.4620e-04
1.2463e-07
1.3071e-04
1.6268e-05
-1.2949e-04
-9.5601e-05
6.8503e-05
2.9796e-04
5.1088e-04
6.4015e-04
6.4068e-04
5.0777e-04
2.3196e-04
-2.5830e-04
-9.5032e-04
-1.6583e-03
-2.2245e-03
-2.5318e-03
-2.5132e-03
-2.2231e-03
-1.8806e-03
-1.6454e-03
-1.5036e-03
-1.5004e-03
-1.7072e-03
-1.9733e-03
-1.9979e-03
-1.5839e-03
-7.6779e-04
9.2576e-06
3.6945e-04
2.7607e-04
-8.0197e-05
-2.4071e-04
-1.3360e-04
9.6710e-05
2.3993e-04
1.8058e-04
3.6918e-05
-1.4301e-04
-3.6595e-04
-6.1760e-04
-8.6642e-04
-1.0746e-03
-1.2203e-03
-1.3328e-03
-1.4196e-03
-1.4387e-03
-1.3102e-03
-9.9261e-04
-6.4086e-04
-4.6207e-04
-5.2139e-04
-7.6403e-04
-9.9326e-04
-1.1018e-03
-1.0908e-03
-9.9442e-04
-8.8700e-04
-7.8096e-04
-6.7895e-04
-6.0674e-04
-5.7301e-04
-5.5828e-04
-5.5910e-04
-5.8483e-04
-6.4271e-04
-7.1547e-04
-7.4380e-04
-7.0499e-04
-6.4629e-04
-5.7070e-04
-4.5123e-04
-3.4459e-04
-3.2962e-04
-3.7548e-04
-4.3053e-04
-4.9543e-04
-5.5940e-04
-5.8854e-04
-5.8339e-04
-5.6218e-04
-5.3162e-04
-5.0069e-04
-4.8215e-04
-4.6883e-04
-4.3047e-04
-3.7778e-04
-3.4531e-04
-3.2804e-04
-3.1023e-04
-2.8432e-04
-2.4956e-04
-2.1292e-04
-1.8034e-04
-1.5773e-04
-1.4595e-04
-1.3869e-04
-1.2251e-04
-9.5102e-05
-7.0475e-05
-5.1248e-05
-2.9568e-05
-2.6040e-06
3.0109e-05
6.5465e-05
9.9536e-05
1.2916e-04
1.5438e-04
1.7858e-04
2.0209e-04
2.2565e-04
2.5255e-04
2.8469e-04
3.1977e-04
3.5669e-04
3.9641e-04
4.3835e-04
4.8024e-04
5.2051e-04
5.5800e-04
5.9317e-04
6.2635e-04
6.5751e-04
6.8802e-04
7.2016e-04
7.5433e-04
7.8994e-04
8.2572e-04
8.6076e-04
8.9529e-04
9.2954e-04
9.6358e-04
9.9760e-04
1.0318e-03
1.0660e-03
1.1003e-03
1.1344e-03
1.1686e-03
1.2027e-03
1.2368e-03
1.2709e-03
1.3049e-03
1.3388e-03
1.3726e-03
1.4063e-03
1.4399e-03
1.4733e-03
1.5066e-03
1.5397e-03
1.5726e-03
