-5.8790e-04
-5.9644e-04
-6.0540e-04
-6.1358e-04
-6.2052e-04
-6.2471e-04
-6.2018e-04
-6.0260e-04
-5.7240e-04
-5.3820e-04
-5.0900e-04
-4.8322e-04
-4.6355e-04
-4.5846e-04
-4.7875e-04
-5.3509e-04
-6.3140e-04
-7.5402e-04
-8.7100e-04
-9.8800e-04
-1.1263e-03
-1.2789e-03
-1.4093e-03
-1.4559e-03
-1.4403e-03
-1.4150e-03
-1.3183e-03
-1.0683e-03
-6.3208e-04
-5.2378e-05
5.4403e-04
1.0461e-03
1.3700e-03
1.4935e-03
1.3599e-03
9.0797e-04
1.4592e-04
-7.7022e-04
-1.4912e-03
-1.8733e-03
-2.0999e-03
-2.2301e-03
-2.2949e-03
-2.3382e-03
-2.3848e-03
-2.4492e-03
-2.5314e-03
-2.6274e-03
-2.7280e-03
-2.8256e-03
-2.9123e-03
-2.9844e-03
-3.0410e-03
-3.0894e-03
-3.1437e-03
-3.2261e-03
-3.3588e-03
-3.5547e-03
-3.7983e-03
-4.0305e-03
-4.1353e-03
-3.9502e-03
-3.3036e-03
-2.0976e-03
-4.4347e-04
1.2242e-03
2.5124e-03
3.3137e-03
3.9068e-03
4.6102e-03
4.8227e-03
4.0276e-03
2.4855e-03
6.4375e-04
-8.6925e-04
-1.7831e-03
-2.3272e-03
-3.2803e-03
-4.6274e-03
-5.5004e-03
-5.7785e-03
-5.5604e-03
-4.7698e-03
-3.4689e-03
-2.0031e-03
-1.0843e-03
-1.3697e-03
-2.6722e-03
-4.3779e-03
-5.6418e-03
-6.2679e-03
-6.5540e-03
-6.6247e-03
-6.6701e-03
-6.9441e-03
-7.6879e-03
-9.0315e-03
-1.0883e-02
-1.2758e-02
-1.3766e-02
-1.3675e-02
-1.3150e-02
-1.2805e-02
-1.2799e-02
-1.2169e-02
-1.0735e-02
-9.6245e-03
-8.6523e-03
-7.1043e-03
-4.7478e-03
-1.7490e-03
1.2087e-03
4.0720e-03
6.9596e-03
9.1476e-03
1.0168e-02
1.0512e-02
1.0502e-02
1.0369e-02
1.0419e-02
1.0963e-02
1.2256e-02
1.4372e-02
1.7021e-02
1.9388e-02
2.0749e-02
2.1393e-02
2.1665e-02
2.1734e-02
2.1797e-02
2.2002e-02
2.2413e-02
2.2946e-02
2.3359e-02
2.3255e-02
2.2168e-02
1.9716e-02
1.5877e-02
1.1318e-02
7.7722e-03
7.3791e-03
9.7143e-03
1.2765e-02
1.4227e-02
1.3654e-02
1.2875e-02
1.1897e-02
1.0201e-02
7.8306e-03
5.1095e-03
2.6752e-03
1.3239e-05
-3.8306e-03
-8.9638e-03
-1.4450e-02
-1.8238e-02
-2.0052e-02
-2.0985e-02
-2.1354e-02
-2.1370e-02
-2.1263e-02
-2.1166e-02
-2.1137e-02
-2.1164e-02
-2.1208e-02
-2.1228e-02
-2.1202e-02
-2.1145e-02
-2.1104e-02
-2.1146e-02
-2.1335e-02
-2.1689e-02
-2.2123e-02
-2.2420e-02
-2.2207e-02
-2.1026e-02
-1.8473e-02
-1.4486e-02
-9.7035e-03
-5.3805e-03
-2.2790e-03
-6.0145e-04
1.9005e-04
4.5999e-04
3.6415e-04
4.1325e-05
-4.2897e-04
-9.4088e-04
-1.3217e-03
-1.2573e-03
-3.2823e-04
1.8938e-03
5.5955e-03
1.0342e-02
1.4825e-02
1.8206e-02
2.0160e-02
2.1050e-02
2.1384e-02
2.1404e-02
2.1294e-02
2.1152e-02
2.1003e-02
2.0828e-02
2.0624e-02
2.0456e-02
2.0497e-02
2.1027e-02
2.2369e-02
2.4744e-02
2.8003e-02
3.1543e-02
3.5657e-02
4.0648e-02
4.5632e-02
4.9644e-02
5.2105e-02
5.2917e-02
5.2351e-02
5.0292e-02
4.6717e-02
4.1948e-02
3.5468e-02
2.6616e-02
1.6360e-02
6.0056e-03
-4.0419e-03
-1.3952e-02
-2.4286e-02
-3.4620e-02
-4.4291e-02
-5.3224e-02
-6.0607e-02
-6.4920e-02
-6.6108e-02
-6.4946e-02
-6.1622e-02
-5.6721e-02
-5.1613e-02
-4.7158e-02
-4.3769e-02
-4.1387e-02
-4.0167e-02
-4.0823e-02
-4.2792e-02
-4.4497e-02
-4.5787e-02
-4.6798e-02
-4.7138e-02
-4.6222e-02
-4.3350e-02
-3.7972e-02
-3.0225e-02
-2.1425e-02
-1.2252e-02
-2.3718e-03
7.6516e-03
1.7050e-02
2.5903e-02
3.3892e-02
3.9993e-02
4.4363e-02
4.7762e-02
4.9474e-02
4.8888e-02
4.6569e-02
4.3200e-02
3.9563e-02
3.5552e-02
3.1151e-02
2.7280e-02
2.4415e-02
2.2218e-02
1.9480e-02
1.4649e-02
6.9982e-03
-2.8008e-03
-1.2220e-02
-1.9542e-02
-2.3889e-02
-2.5559e-02
-2.4988e-02
-2.2179e-02
-1.7427e-02
-1.1700e-02
-6.9688e-03
-4.4780e-03
-3.3594e-03
-3.0526e-03
-3.3282e-03
-3.8696e-03
-4.3928e-03
-4.5613e-03
-4.0218e-03
-2.3918e-03
5.7036e-04
4.7222e-03
9.2598e-03
1.3592e-02
1.7676e-02
2.1984e-02
2.6976e-02
3.1958e-02
3.5987e-02
3.8481e-02
3.9273e-02
3.8656e-02
3.6536e-02
3.2980e-02
2.8469e-02
2.2776e-02
1.5385e-02
7.2637e-03
-5.0924e-04
-8.2429e-03
-1.6164e-02
-2.4086e-02
-3.1554e-02
-3.8448e-02
-4.5939e-02
-5.4106e-02
-6.1119e-02
-6.6458e-02
-7.0445e-02
-7.3244e-02
-7.4508e-02
-7.3139e-02
-6.9221e-02
-6.3810e-02
-5.6904e-02
-4.8163e-02
-3.7426e-02
-2.5049e-02
-1.2213e-02
1.2115e-04
1.0897e-02
1.9084e-02
2.4205e-02
2.6830e-02
2.7704e-02
2.7826e-02
2.7855e-02
2.8272e-02
2.9438e-02
3.1460e-02
3.4063e-02
3.6480e-02
3.8394e-02
4.0512e-02
4.3137e-02
4.5996e-02
4.8216e-02
4.9040e-02
4.8672e-02
4.7199e-02
4.4716e-02
4.1710e-02
3.8423e-02
3.4130e-02
2.8565e-02
2.2429e-02
1.5973e-02
9.3899e-03
2.9740e-03
-2.9558e-03
-8.0979e-03
-1.2292e-02
-1.5723e-02
-1.9086e-02
-2.2737e-02
-2.6142e-02
-2.9334e-02
-3.2653e-02
-3.5384e-02
-3.6861e-02
-3.7382e-02
-3.7034e-02
-3.5706e-02
-3.3401e-02
-3.0432e-02
-2.7549e-02
-2.4859e-02
-2.1563e-02
-1.7654e-02
-1.3254e-02
-7.6931e-03
-1.0484e-03
5.2879e-03
1.1553e-02
1.8638e-02
2.5559e-02
3.1661e-02
3.7812e-02
4.3378e-02
4.6756e-02
4.8434e-02
4.9460e-02
5.0108e-02
5.0421e-02
5.0233e-02
4.9176e-02
4.6830e-02
4.3007e-02
3.8178e-02
3.3716e-02
3.0502e-02
2.8870e-02
2.8381e-02
2.8331e-02
2.8100e-02
2.6975e-02
2.4324e-02
1.9854e-02
1.4077e-02
8.4864e-03
3.0258e-03
-3.6238e-03
-1.1129e-02
-1.8378e-02
-2.4227e-02
-2.8580e-02
-3.2585e-02
-3.5885e-02
-3.7757e-02
-3.8322e-02
-3.7406e-02
-3.4489e-02
-2.9226e-02
-2.2015e-02
-1.4443e-02
-7.6864e-03
-1.5284e-03
4.1706e-03
9.6592e-03
1.5454e-02
2.1236e-02
2.5227e-02
2.7055e-02
2.7973e-02
2.8371e-02
2.8464e-02
2.8484e-02
2.8546e-02
2.8662e-02
2.8726e-02
2.8544e-02
2.7865e-02
2.6459e-02
2.4247e-02
2.1480e-02
1.8356e-02
1.4057e-02
8.0125e-03
7.5441e-04
-7.2600e-03
-1.5302e-02
-2.2118e-02
-2.6994e-02
-3.0633e-02
-3.2847e-02
-3.2756e-02
-3.0761e-02
-2.8066e-02
-2.6102e-02
-2.5617e-02
-2.6320e-02
-2.8134e-02
-3.0712e-02
-3.3176e-02
-3.5253e-02
-3.7645e-02
-4.0472e-02
-4.3178e-02
-4.4541e-02
-4.3566e-02
-4.0397e-02
-3.5374e-02
-2.9165e-02
-2.1983e-02
-1.3901e-02
-5.1070e-03
3.9126e-03
1.2437e-02
2.0839e-02
2.9771e-02
3.9158e-02
4.8198e-02
5.5365e-02
6.0066e-02
6.2397e-02
6.2596e-02
6.0783e-02
5.6952e-02
5.1479e-02
4.5052e-02
3.7843e-02
2.9900e-02
2.1408e-02
1.2848e-02
4.7890e-03
-3.3820e-03
-1.2554e-02
-2.2961e-02
-3.4038e-02
-4.4288e-02
-5.2553e-02
-5.8183e-02
-6.1367e-02
-6.1522e-02
-5.7268e-02
-4.8990e-02
-3.8475e-02
-2.7555e-02
-1.7924e-02
-1.0675e-02
-5.9327e-03
-2.7247e-03
2.8753e-04
4.2315e-03
9.2935e-03
1.4398e-02
1.7735e-02
1.9475e-02
2.0456e-02
2.0881e-02
2.0951e-02
2.0846e-02
2.0692e-02
2.0545e-02
2.0437e-02
2.0397e-02
2.0482e-02
2.0752e-02
2.1245e-02
2.1892e-02
2.2456e-02
2.2466e-02
2.1255e-02
1.8101e-02
1.2564e-02
5.0748e-03
-2.6797e-03
-1.0064e-02
-1.7429e-02
-2.4641e-02
-3.1360e-02
-3.7067e-02
-4.1050e-02
-4.2660e-02
-4.1738e-02
-3.8569e-02
-3.3543e-02
-2.7938e-02
-2.4064e-02
-2.2121e-02
-2.1072e-02
-2.0609e-02
-2.0521e-02
-2.0638e-02
-2.0904e-02
-2.1323e-02
-2.1859e-02
-2.2324e-02
-2.2287e-02
-2.1082e-02
-1.7948e-02
-1.2369e-02
-4.6663e-03
3.5276e-03
1.1270e-02
1.8661e-02
2.5228e-02
3.0280e-02
3.3157e-02
3.3508e-02
3.1662e-02
2.7651e-02
2.1887e-02
1.5657e-02
9.3606e-03
1.6922e-03
-7.1720e-03
-1.5947e-02
-2.4677e-02
-3.3318e-02
-4.1013e-02
-4.7767e-02
-5.4198e-02
-5.8789e-02
-5.9895e-02
-5.7933e-02
-5.3467e-02
-4.7144e-02
-3.9022e-02
-2.9028e-02
-1.7453e-02
-5.4103e-03
4.9590e-03
1.3484e-02
2.1179e-02
2.8179e-02
3.4346e-02
3.9419e-02
4.3038e-02
4.5072e-02
4.5961e-02
4.6321e-02
4.6446e-02
4.6554e-02
4.6793e-02
4.7194e-02
4.7640e-02
4.7860e-02
4.7435e-02
4.5889e-02
4.2844e-02
3.8330e-02
3.3053e-02
2.7643e-02
2.2264e-02
1.6730e-02
1.0443e-02
2.4905e-03
-8.0868e-03
-2.1745e-02
-3.7706e-02
-5.3501e-02
-6.5887e-02
-7.2657e-02
-7.4864e-02
-7.4303e-02
-7.3246e-02
-7.2380e-02
-7.1488e-02
-7.0410e-02
-6.8706e-02
-6.5984e-02
-6.2190e-02
-5.7390e-02
-5.0973e-02
-4.3180e-02
-3.5697e-02
-2.8772e-02
-2.1611e-02
-1.3703e-02
-4.5706e-03
5.9355e-03
1.7200e-02
2.7797e-02
3.6718e-02
4.3479e-02
4.8456e-02
5.2269e-02
5.5622e-02
5.8116e-02
5.9100e-02
5.8819e-02
5.7440e-02
5.5037e-02
5.2041e-02
4.8839e-02
4.4838e-02
3.9712e-02
3.4077e-02
2.8119e-02
2.1788e-02
1.4998e-02
7.6511e-03
-2.1986e-04
-8.2999e-03
-1.5813e-02
-2.1496e-02
-2.4638e-02
-2.6211e-02
-2.6888e-02
-2.6796e-02
-2.5939e-02
-2.4199e-02
-2.1525e-02
-1.8216e-02
-1.5078e-02
-1.2004e-02
-8.6404e-03
-5.5011e-03
-2.7473e-03
3.3308e-04
3.7426e-03
7.1465e-03
1.1116e-02
1.5958e-02
2.0900e-02
2.5421e-02
2.9398e-02
3.3068e-02
3.6424e-02
3.8504e-02
3.8855e-02
3.7955e-02
3.5929e-02
3.3102e-02
3.0264e-02
2.7586e-02
2.4298e-02
2.0332e-02
1.5832e-02
1.0161e-02
3.4026e-03
-2.9765e-03
-8.9770e-03
-1.5404e-02
-2.1256e-02
-2.5913e-02
-3.0619e-02
-3.5668e-02
-4.0292e-02
-4.4254e-02
-4.7683e-02
-5.1105e-02
-5.4388e-02
-5.6592e-02
-5.7669e-02
-5.7885e-02
-5.6974e-02
-5.4593e-02
-5.0596e-02
-4.5347e-02
-3.9589e-02
-3.3572e-02
-2.7299e-02
-2.0632e-02
-1.3298e-02
-5.0598e-03
4.0793e-03
1.3547e-02
2.2085e-02
2.9018e-02
3.4481e-02
3.8257e-02
4.0401e-02
4.1569e-02
4.2099e-02
4.1842e-02
4.0410e-02
3.7351e-02
3.2485e-02
2.6466e-02
2.1003e-02
1.6055e-02
1.0752e-02
5.7727e-03
1.9998e-03
-2.1959e-04
-1.1432e-03
-1.6718e-03
-2.3614e-03
-3.6499e-03
-5.8433e-03
-8.8198e-03
-1.2122e-02
-1.6238e-02
-2.1662e-02
-2.7751e-02
-3.3781e-02
-3.9116e-02
-4.3065e-02
-4.5127e-02
-4.5295e-02
-4.3465e-02
-3.9356e-02
-3.3106e-02
-2.5318e-02
-1.6346e-02
-6.8707e-03
1.8641e-03
9.4196e-03
1.6085e-02
2.1697e-02
2.6023e-02
2.9030e-02
3.1105e-02
3.3138e-02
3.5212e-02
3.6732e-02
3.6569e-02
3.4388e-02
3.1276e-02
2.6939e-02
2.0865e-02
1.3813e-02
6.8874e-03
1.0942e-03
-4.0582e-03
-9.9040e-03
-1.6219e-02
-2.2249e-02
-2.7308e-02
-3.0562e-02
-3.1404e-02
-2.9954e-02
-2.6975e-02
-2.3490e-02
-1.9963e-02
-1.6291e-02
-1.3381e-02
-1.2262e-02
-1.2946e-02
-1.5368e-02
-1.9383e-02
-2.4187e-02
-2.8553e-02
-3.1780e-02
-3.3740e-02
-3.4970e-02
-3.5552e-02
-3.5155e-02
-3.3262e-02
-2.9270e-02
-2.2955e-02
-1.5066e-02
-7.3212e-03
3.3955e-05
7.1998e-03
1.3971e-02
2.0063e-02
2.5108e-02
2.8735e-02
3.0814e-02
3.1728e-02
3.1653e-02
3.0381e-02
2.7674e-02
2.3558e-02
1.8633e-02
1.3448e-02
8.1165e-03
2.4701e-03
-3.4532e-03
-8.1446e-03
-1.0512e-02
-1.1545e-02
-1.1901e-02
-1.1875e-02
-1.1774e-02
-1.1820e-02
-1.2119e-02
-1.2622e-02
-1.3106e-02
-1.3175e-02
-1.2304e-02
-9.9836e-03
-5.9736e-03
-6.8870e-04
4.3834e-03
7.5053e-03
9.0463e-03
9.7965e-03
1.0018e-02
9.9632e-03
9.8227e-03
9.6986e-03
9.5988e-03
9.4991e-03
9.3797e-03
9.2862e-03
9.3441e-03
9.7652e-03
1.0785e-02
1.2561e-02
1.4985e-02
1.7491e-02
1.9546e-02
2.1627e-02
2.4133e-02
2.6815e-02
2.8802e-02
2.9006e-02
2.7409e-02
2.4476e-02
2.0802e-02
1.6189e-02
1.0075e-02
3.1228e-03
-4.3694e-03
-1.3619e-02
-2.4195e-02
-3.3573e-02
-4.0069e-02
-4.2808e-02
-4.2223e-02
-3.8854e-02
-3.3358e-02
-2.7344e-02
-2.2417e-02
-1.8216e-02
-1.4540e-02
-1.2263e-02
-1.1393e-02
-1.1432e-02
-1.2382e-02
-1.4323e-02
-1.7085e-02
-2.0029e-02
-2.2144e-02
-2.3352e-02
-2.3716e-02
-2.2818e-02
-2.0154e-02
-1.5449e-02
-9.0202e-03
-1.6078e-03
6.1780e-03
1.3428e-02
1.9023e-02
2.3414e-02
2.7696e-02
3.1596e-02
3.4885e-02
3.7862e-02
3.9764e-02
3.9400e-02
3.6801e-02
3.2742e-02
2.8481e-02
2.4905e-02
2.2312e-02
2.0278e-02
1.8130e-02
1.5707e-02
1.3388e-02
1.1979e-02
1.1231e-02
1.0390e-02
9.0705e-03
7.0344e-03
4.3757e-03
1.7627e-03
1.9721e-05
-9.9796e-04
-1.5034e-03
-1.3776e-03
-4.6312e-04
1.3423e-03
3.9410e-03
6.7783e-03
8.7589e-03
9.5767e-03
9.8126e-03
9.7106e-03
9.5263e-03
9.6112e-03
1.0308e-02
1.1864e-02
1.4284e-02
1.7103e-02
1.9287e-02
2.0336e-02
2.0810e-02
2.0941e-02
2.0882e-02
2.0830e-02
2.0923e-02
2.1217e-02
2.1640e-02
2.1972e-02
2.1838e-02
2.0769e-02
1.8334e-02
1.4377e-02
9.4017e-03
4.8719e-03
1.8381e-03
-8.2848e-04
-4.1503e-03
-8.3778e-03
-1.3063e-02
-1.7251e-02
-2.0358e-02
-2.2233e-02
-2.3351e-02
-2.3673e-02
-2.2873e-02
-2.0608e-02
-1.6670e-02
-1.1406e-02
-6.1703e-03
-2.8311e-03
-1.1583e-03
-3.1662e-04
-8.3484e-05
-2.7314e-04
-7.1368e-04
-1.2507e-03
-1.6978e-03
-1.7723e-03
-1.0841e-03
7.9082e-04
4.1172e-03
8.6575e-03
1.3373e-02
1.7209e-02
1.9610e-02
2.0674e-02
2.1064e-02
2.1117e-02
2.1087e-02
2.1178e-02
2.1451e-02
2.1815e-02
2.2003e-02
2.1616e-02
2.0198e-02
1.7415e-02
1.3340e-02
8.7584e-03
4.7479e-03
1.8187e-03
-1.9277e-04
-2.2510e-03
-4.7398e-03
-7.4834e-03
-9.7228e-03
-1.1009e-02
-1.1807e-02
-1.2142e-02
-1.1829e-02
-1.0702e-02
-8.6727e-03
-5.9433e-03
-3.2342e-03
-1.5754e-03
-9.3364e-04
-8.8620e-04
-1.2308e-03
-1.6518e-03
-1.6980e-03
-8.4629e-04
1.3703e-03
5.1390e-03
9.9842e-03
1.4550e-02
1.7984e-02
1.9958e-02
2.0840e-02
2.1125e-02
2.1064e-02
2.0874e-02
2.0705e-02
2.0647e-02
2.0727e-02
2.0932e-02
2.1197e-02
2.1409e-02
2.1390e-02
2.0914e-02
1.9759e-02
1.7823e-02
1.5298e-02
1.2846e-02
1.1015e-02
9.2888e-03
7.1797e-03
4.6882e-03
2.2592e-03
3.9090e-04
-1.4367e-03
-3.7457e-03
-6.4758e-03
-9.0210e-03
-1.0546e-02
-1.1240e-02
-1.1560e-02
-1.1671e-02
-1.1727e-02
-1.1847e-02
-1.2065e-02
-1.2295e-02
-1.2332e-02
-1.1861e-02
-1.0551e-02
-8.1936e-03
-4.9687e-03
-1.6284e-03
1.4643e-03
4.6573e-03
7.4078e-03
8.9574e-03
9.6299e-03
9.8825e-03
9.8833e-03
9.7660e-03
9.6372e-03
9.5698e-03
9.6074e-03
9.7683e-03
1.0032e-02
1.0315e-02
1.0447e-02
1.0168e-02
9.1648e-03
7.1873e-03
4.2525e-03
8.8567e-04
-2.3181e-03
-5.5700e-03
-8.6736e-03
-1.0654e-02
-1.1521e-02
-1.1899e-02
-1.2003e-02
-1.1972e-02
-1.1921e-02
-1.1903e-02
-1.1926e-02
-1.1965e-02
-1.1989e-02
-1.1971e-02
-1.1906e-02
-1.1819e-02
-1.1763e-02
-1.1807e-02
-1.2009e-02
-1.2379e-02
-1.2823e-02
-1.3108e-02
-1.2852e-02
-1.1589e-02
-8.9277e-03
-4.8428e-03
-3.3652e-05
4.2318e-03
7.1820e-03
8.6325e-03
9.1954e-03
9.3000e-03
9.2206e-03
9.2133e-03
9.4033e-03
9.7716e-03
1.0111e-02
1.0054e-02
9.1154e-03
6.8473e-03
3.0696e-03
-1.7317e-03
-6.2012e-03
-9.5181e-03
-1.1420e-02
-1.2354e-02
-1.2885e-02
-1.3287e-02
-1.3696e-02
-1.4018e-02
-1.3917e-02
-1.2859e-02
-1.0314e-02
-6.0482e-03
-6.0594e-04
4.3356e-03
7.4066e-03
9.1985e-03
9.9856e-03
9.5172e-03
7.5140e-03
3.7803e-03
-1.4557e-03
-7.0251e-03
-1.0720e-02
-1.2443e-02
-1.3269e-02
-1.3557e-02
-1.3597e-02
-1.3645e-02
-1.3815e-02
-1.4049e-02
-1.4132e-02
-1.3740e-02
-1.2545e-02
-1.0381e-02
-7.4953e-03
-4.7585e-03
-2.9882e-03
-2.1163e-03
-2.2878e-03
-3.9112e-03
-7.2520e-03
-1.2119e-02
-1.7521e-02
-2.2438e-02
-2.6144e-02
-2.8245e-02
-2.8450e-02
-2.5898e-02
-2.0902e-02
-1.5831e-02
-1.1053e-02
-5.7536e-03
-6.4509e-04
3.3266e-03
5.7510e-03
6.7754e-03
7.1561e-03
7.2163e-03
7.1270e-03
7.0344e-03
6.9875e-03
6.9943e-03
7.0205e-03
7.0343e-03
7.0051e-03
6.9292e-03
6.8211e-03
6.7246e-03
6.6938e-03
6.7843e-03
7.0128e-03
7.3253e-03
7.5499e-03
7.3864e-03
6.4268e-03
4.2739e-03
7.4521e-04
-3.7796e-03
-8.3322e-03
-1.2554e-02
-1.6622e-02
-2.1178e-02
-2.6196e-02
-3.0612e-02
-3.3868e-02
-3.5849e-02
-3.7042e-02
-3.7860e-02
-3.8330e-02
-3.8277e-02
-3.7342e-02
-3.5111e-02
-3.1361e-02
-2.6439e-02
-2.1691e-02
-1.8878e-02
-1.7521e-02
-1.6363e-02
-1.4674e-02
-1.1852e-02
-7.7543e-03
-3.0808e-03
1.0291e-03
3.8620e-03
5.2755e-03
5.9334e-03
6.0994e-03
5.9275e-03
5.5913e-03
5.2121e-03
4.9226e-03
4.8838e-03
5.3117e-03
6.4262e-03
8.3486e-03
1.0916e-02
1.3455e-02
1.5031e-02
1.5777e-02
1.6174e-02
1.6391e-02
1.6552e-02
1.6696e-02
1.6728e-02
1.6408e-02
1.5421e-02
1.3494e-02
1.0617e-02
7.2863e-03
4.1151e-03
8.9475e-04
-2.2232e-03
-4.3077e-03
-5.3559e-03
-5.9966e-03
-6.3847e-03
-6.5094e-03
-6.2594e-03
-5.4223e-03
-3.8036e-03
-1.4030e-03
1.3183e-03
3.3306e-03
4.2887e-03
4.7719e-03
4.9565e-03
4.9333e-03
4.8233e-03
4.6920e-03
4.5808e-03
4.5006e-03
4.4673e-03
4.4954e-03
4.6070e-03
4.8007e-03
5.0357e-03
5.1934e-03
5.0794e-03
4.4383e-03
3.0443e-03
8.3266e-04
-1.8756e-03
-4.2170e-03
-5.5098e-03
-6.1350e-03
-6.4304e-03
-6.5520e-03
-6.6573e-03
-6.8317e-03
-7.0579e-03
-7.1934e-03
-6.9949e-03
-6.1744e-03
-4.5187e-03
-2.0584e-03
6.7400e-04
2.5921e-03
3.5059e-03
3.9578e-03
4.1175e-03
4.1062e-03
4.0492e-03
4.0100e-03
3.9959e-03
3.9668e-03
3.8676e-03
3.6627e-03
3.3752e-03
3.1172e-03
3.1001e-03
3.6053e-03
4.8998e-03
7.0814e-03
9.8611e-03
1.2341e-02
1.3460e-02
1.3195e-02
1.1808e-02
9.5416e-03
7.0837e-03
5.2190e-03
3.5659e-03
1.4093e-03
-1.4955e-03
-4.9213e-03
-8.1860e-03
-1.1403e-02
-1.4577e-02
-1.6802e-02
-1.7777e-02
-1.8203e-02
-1.8354e-02
-1.8392e-02
-1.8481e-02
-1.8682e-02
-1.8953e-02
-1.9126e-02
-1.8926e-02
-1.8028e-02
-1.6167e-02
-1.3327e-02
-9.9919e-03
-6.9428e-03
-4.0594e-03
-1.2566e-03
8.4650e-04
2.4839e-03
4.7917e-03
8.2860e-03
1.2824e-02
1.7436e-02
2.1178e-02
2.3565e-02
2.4728e-02
2.5243e-02
2.5361e-02
2.5259e-02
2.5089e-02
2.4938e-02
2.4855e-02
2.4873e-02
2.5023e-02
2.5322e-02
2.5740e-02
2.6158e-02
2.6330e-02
2.5882e-02
2.4389e-02
2.1536e-02
1.7417e-02
1.2838e-02
8.9035e-03
6.1428e-03
4.3826e-03
2.5888e-03
2.2605e-04
-2.7674e-03
-5.9119e-03
-8.9694e-03
-1.2356e-02
-1.5546e-02
-1.7600e-02
-1.8517e-02
-1.8366e-02
-1.6855e-02
-1.3788e-02
-9.3710e-03
-4.5323e-03
-4.2403e-04
2.3036e-03
3.6284e-03
4.2570e-03
4.4902e-03
4.4704e-03
4.3132e-03
4.0323e-03
3.6424e-03
3.2048e-03
2.9325e-03
3.1966e-03
4.5025e-03
7.3054e-03
1.1737e-02
1.7137e-02
2.1751e-02
2.4424e-02
2.6043e-02
2.7066e-02
2.7488e-02
2.7195e-02
2.5882e-02
2.3218e-02
1.9097e-02
1.4070e-02
9.6960e-03
7.3330e-03
6.1088e-03
4.9143e-03
3.0525e-03
-2.7371e-05
-4.3114e-03
-8.9132e-03
-1.2782e-02
-1.5321e-02
-1.6550e-02
-1.7090e-02
-1.7220e-02
-1.7134e-02
-1.7000e-02
-1.6897e-02
-1.6839e-02
-1.6802e-02
-1.6753e-02
-1.6684e-02
-1.6620e-02
-1.6620e-02
-1.6752e-02
-1.7055e-02
-1.7480e-02
-1.7850e-02
-1.7823e-02
-1.6941e-02
-1.4746e-02
-1.1026e-02
-6.1995e-03
-1.5708e-03
1.8943e-03
3.7612e-03
4.3405e-03
4.3082e-03
4.2206e-03
4.7149e-03
6.4133e-03
9.6942e-03
1.4345e-02
1.9287e-02
2.3497e-02
2.6358e-02
2.7781e-02
2.7982e-02
2.6783e-02
2.4003e-02
1.9786e-02
1.4911e-02
1.0641e-02
7.7133e-03
6.2720e-03
5.6887e-03
5.5686e-03
5.7001e-03
5.8894e-03
6.0397e-03
6.1061e-03
6.1005e-03
6.0439e-03
5.9737e-03
5.9199e-03
5.9222e-03
6.0110e-03
6.2100e-03
6.4984e-03
6.7937e-03
6.9122e-03
6.5820e-03
5.4811e-03
3.3767e-03
3.4877e-04
-2.9831e-03
-6.2411e-03
-9.7454e-03
-1.3010e-02
-1.4991e-02
-1.5610e-02
-1.4995e-02
-1.3012e-02
-9.7485e-03
-5.8505e-03
-2.7402e-03
-2.0255e-03
-4.3226e-03
-8.6001e-03
-1.1900e-02
-1.3746e-02
-1.4855e-02
-1.5159e-02
-1.4593e-02
-1.3142e-02
-1.0891e-02
-8.1702e-03
-5.7335e-03
-3.8925e-03
-1.9357e-03
5.0607e-04
3.2378e-03
5.5323e-03
6.7947e-03
7.4450e-03
7.7803e-03
7.9068e-03
7.9313e-03
7.9334e-03
7.9523e-03
7.9959e-03
8.0478e-03
8.0895e-03
8.1048e-03
8.0982e-03
8.0900e-03
8.1226e-03
8.2386e-03
8.4664e-03
8.7778e-03
9.0639e-03
9.1053e-03
8.5955e-03
7.2077e-03
4.7579e-03
1.4662e-03
-1.8597e-03
-4.9352e-03
-8.0676e-03
-1.0627e-02
-1.1948e-02
-1.2463e-02
-1.2613e-02
-1.2600e-02
-1.2589e-02
-1.2679e-02
-1.2869e-02
-1.3043e-02
-1.2970e-02
-1.2346e-02
-1.0880e-02
-8.4634e-03
-5.4264e-03
-2.6793e-03
-4.5366e-04
1.6461e-03
3.2987e-03
3.6761e-03
1.7068e-03
-2.3767e-03
-6.5030e-03
-9.4898e-03
-1.0742e-02
-1.0382e-02
-8.7983e-03
-6.5142e-03
-4.5517e-03
-3.8699e-03
-4.1362e-03
-4.4664e-03
-4.0321e-03
-3.4140e-03
-4.1228e-03
-6.0328e-03
-8.2413e-03
-9.6492e-03
-9.9808e-03
-9.9624e-03
-1.0113e-02
-1.1047e-02
-1.3421e-02
-1.7570e-02
-2.3081e-02
-2.8354e-02
-3.1672e-02
-3.3255e-02
-3.3386e-02
-3.1839e-02
-2.8553e-02
-2.3892e-02
-1.8942e-02
-1.4827e-02
-1.2162e-02
-1.0917e-02
-1.0467e-02
-1.0544e-02
-1.0967e-02
-1.1501e-02
-1.1886e-02
-1.1763e-02
-1.0717e-02
-8.3496e-03
-4.5221e-03
2.7885e-04
4.7284e-03
8.0550e-03
1.0027e-02
1.1104e-02
1.1785e-02
1.2235e-02
1.2435e-02
1.2147e-02
1.0963e-02
8.4744e-03
4.5731e-03
-1.5813e-04
-4.4569e-03
-7.5507e-03
-9.2155e-03
-9.9673e-03
-1.0218e-02
-1.0176e-02
-1.0027e-02
-9.8678e-03
-9.7398e-03
-9.6369e-03
-9.5593e-03
-9.5200e-03
-9.5651e-03
-9.7404e-03
-1.0064e-02
-1.0460e-02
-1.0725e-02
-1.0496e-02
-9.3167e-03
-6.7753e-03
-2.7789e-03
2.0744e-03
6.4966e-03
9.7019e-03
1.1457e-02
1.2269e-02
1.2557e-02
1.2539e-02
1.2407e-02
1.2272e-02
1.2196e-02
1.2196e-02
1.2285e-02
1.2468e-02
1.2745e-02
1.3066e-02
1.3316e-02
1.3277e-02
1.2659e-02
1.1162e-02
8.6455e-03
5.3835e-03
2.2153e-03
-6.9416e-04
-3.6921e-03
-6.2631e-03
-8.0565e-03
-9.7797e-03
-1.1902e-02
-1.4350e-02
-1.6533e-02
-1.7914e-02
-1.8984e-02
-2.0222e-02
-2.1723e-02
-2.3319e-02
-2.4392e-02
-2.3899e-02
-2.1626e-02
-1.8957e-02
-1.6246e-02
-1.3320e-02
-1.0868e-02
-9.1983e-03
-7.4886e-03
-5.1513e-03
-2.0974e-03
1.2230e-03
4.3493e-03
7.5537e-03
1.0513e-02
1.2247e-02
1.2890e-02
1.3135e-02
1.3379e-02
1.4021e-02
1.5401e-02
1.7629e-02
2.0359e-02
2.2665e-02
2.3999e-02
2.4834e-02
2.5358e-02
2.5555e-02
2.5371e-02
2.4657e-02
2.3264e-02
2.1165e-02
1.8679e-02
1.6615e-02
1.5575e-02
1.5010e-02
1.4296e-02
1.2975e-02
1.0688e-02
7.4844e-03
4.0373e-03
7.2655e-04
-2.6930e-03
-5.5038e-03
-6.6772e-03
-6.2648e-03
-4.5904e-03
-1.9900e-03
7.1164e-04
2.4661e-03
3.3274e-03
3.7089e-03
3.7573e-03
3.6265e-03
3.4634e-03
3.3805e-03
3.4433e-03
3.6704e-03
4.0181e-03
4.3645e-03
4.4964e-03
4.1265e-03
2.9616e-03
8.4296e-04
-2.0351e-03
-4.8821e-03
-6.6704e-03
-7.3319e-03
-6.9714e-03
-5.4744e-03
-2.9417e-03
8.5866e-05
2.4694e-03
3.2723e-03
2.6388e-03
7.8789e-04
-1.8835e-03
-4.4143e-03
-5.9765e-03
-6.8071e-03
-7.1861e-03
-7.1656e-03
-6.8032e-03
-6.1216e-03
-5.1666e-03
-4.0595e-03
-3.1150e-03
-2.8955e-03
-3.6638e-03
-4.0666e-03
-2.9651e-03
-8.3879e-04
1.4732e-03
2.9763e-03
3.6846e-03
4.0174e-03
4.1437e-03
4.2962e-03
4.7112e-03
5.5523e-03
6.7911e-03
8.1358e-03
8.8924e-03
8.1665e-03
6.6347e-03
5.6321e-03
5.0784e-03
4.7222e-03
4.5507e-03
4.5128e-03
4.5390e-03
4.5825e-03
4.6277e-03
4.6920e-03
4.8010e-03
4.9691e-03
5.1623e-03
5.2812e-03
5.1457e-03
4.5265e-03
3.2099e-03
1.1344e-03
-1.4045e-03
-3.6298e-03
-5.3737e-03
-7.4613e-03
-1.0142e-02
-1.3092e-02
-1.5405e-02
-1.6459e-02
-1.6596e-02
-1.5855e-02
-1.4243e-02
-1.2031e-02
-9.9104e-03
-8.9912e-03
-9.3766e-03
-9.9779e-03
-9.7574e-03
-8.3618e-03
-7.0360e-03
-6.3974e-03
-5.9376e-03
-5.6094e-03
-5.4404e-03
-5.4055e-03
-5.4948e-03
-5.6931e-03
-5.9684e-03
-6.2271e-03
-6.2910e-03
-5.8880e-03
-4.7099e-03
-2.5339e-03
5.4041e-04
3.8805e-03
7.0159e-03
1.0240e-02
1.3192e-02
1.4971e-02
1.5747e-02
1.6063e-02
1.6107e-02
1.6018e-02
1.5914e-02
1.5871e-02
1.5927e-02
1.6087e-02
1.6318e-02
1.6533e-02
1.6582e-02
1.6255e-02
1.5321e-02
1.3628e-02
1.1253e-02
8.7206e-03
6.7316e-03
4.9159e-03
2.6749e-03
-1.4882e-05
-2.6494e-03
-4.3123e-03
-5.1043e-03
-5.5069e-03
-5.6543e-03
-5.6441e-03
-5.5681e-03
-5.4802e-03
-5.4108e-03
-5.3744e-03
-5.3888e-03
-5.4702e-03
-5.6315e-03
-5.8533e-03
-6.0676e-03
-6.1320e-03
-5.8430e-03
-4.9692e-03
-3.3552e-03
-1.0555e-03
1.4368e-03
3.1463e-03
3.9095e-03
4.5899e-03
5.7041e-03
7.6203e-03
1.0443e-02
1.3621e-02
1.5883e-02
1.6814e-02
1.6412e-02
1.4307e-02
1.0359e-02
5.0630e-03
-6.4059e-05
-3.2190e-03
-4.7456e-03
-5.5059e-03
-5.8093e-03
-5.9199e-03
-5.9787e-03
-5.9478e-03
-5.5971e-03
-4.5995e-03
-2.6654e-03
2.0572e-04
3.4929e-03
6.6442e-03
9.8998e-03
1.3016e-02
1.4992e-02
1.5869e-02
1.6243e-02
1.6312e-02
1.6213e-02
1.6072e-02
1.5975e-02
1.5976e-02
1.6105e-02
1.6358e-02
1.6677e-02
1.6919e-02
1.6843e-02
1.6130e-02
1.4472e-02
1.1737e-02
8.2680e-03
4.9029e-03
1.6307e-03
-1.6007e-03
-3.9275e-03
-5.0048e-03
-5.5011e-03
-5.6612e-03
-5.5702e-03
-5.3370e-03
-5.0317e-03
-4.7666e-03
-4.7051e-03
-5.0994e-03
-6.2220e-03
-8.2612e-03
-1.1099e-02
-1.4057e-02
-1.6031e-02
-1.6893e-02
-1.6832e-02
-1.5735e-02
-1.3615e-02
-1.0836e-02
-8.2728e-03
-6.7572e-03
-6.0636e-03
-5.8880e-03
-6.1340e-03
-6.6468e-03
-7.2020e-03
-7.4774e-03
-7.0576e-03
-5.4934e-03
-2.4732e-03
1.8683e-03
6.6297e-03
1.0705e-02
1.3462e-02
1.4860e-02
1.5500e-02
1.5539e-02
1.4954e-02
1.3700e-02
1.1731e-02
9.2266e-03
6.7727e-03
4.8794e-03
3.0048e-03
6.5636e-04
-2.0927e-03
-4.6252e-03
-6.1624e-03
-6.9333e-03
-7.3342e-03
-7.4780e-03
-7.4708e-03
-7.4041e-03
-7.3477e-03
-7.3465e-03
-7.4342e-03
-7.6259e-03
-7.9101e-03
-8.2214e-03
-8.4239e-03
-8.3038e-03
-7.6058e-03
-6.1201e-03
-3.8351e-03
-1.1655e-03
9.1971e-04
1.9492e-03
2.4984e-03
2.8224e-03
3.0209e-03
3.1648e-03
3.1826e-03
2.8883e-03
2.0093e-03
3.2626e-04
-2.1647e-03
-4.9784e-03
-7.0607e-03
-8.0571e-03
-8.5364e-03
-8.6823e-03
-8.6300e-03
-8.5607e-03
-8.6140e-03
-8.8712e-03
-9.3142e-03
-9.7970e-03
-1.0024e-02
-9.5660e-03
-7.9574e-03
-4.8817e-03
-5.0428e-04
4.2186e-03
8.1743e-03
1.0740e-02
1.1924e-02
1.2394e-02
1.2454e-02
1.2303e-02
1.2118e-02
1.1983e-02
1.1922e-02
1.1914e-02
1.1931e-02
1.1944e-02
1.1937e-02
1.1906e-02
1.1857e-02
1.1798e-02
1.1736e-02
1.1678e-02
1.1627e-02
1.1584e-02
1.1549e-02
1.1520e-02
1.1493e-02
1.1463e-02
1.1422e-02
1.1361e-02
1.1279e-02
1.1179e-02
1.1078e-02
1.1007e-02
1.1002e-02
1.1091e-02
1.1269e-02
1.1467e-02
1.1533e-02
1.1232e-02
1.0295e-02
8.5211e-03
5.9492e-03
3.1123e-03
1.0949e-03
8.6126e-05
-4.5321e-04
-6.8617e-04
-7.2709e-04
-7.0037e-04
-6.8092e-04
-7.0293e-04
-7.6671e-04
-8.5843e-04
-9.6057e-04
-1.0607e-03
-1.1515e-03
-1.2302e-03
-1.2942e-03
-1.3412e-03
-1.3691e-03
-1.3809e-03
-1.3880e-03
-1.4140e-03
-1.4916e-03
-1.6524e-03
-1.9060e-03
-2.2149e-03
-2.4680e-03
-2.4731e-03
-1.9776e-03
-7.4566e-04
1.3073e-03
3.9017e-03
6.2186e-03
7.5744e-03
8.3192e-03
8.7535e-03
8.9179e-03
8.7937e-03
8.2591e-03
7.1390e-03
5.3005e-03
2.8487e-03
3.2795e-04
-1.6561e-03
-3.5548e-03
-5.9051e-03
-8.6764e-03
-1.1303e-02
-1.2937e-02
-1.3745e-02
-1.4176e-02
-1.4359e-02
-1.4408e-02
-1.4417e-02
-1.4446e-02
-1.4512e-02
-1.4608e-02
-1.4711e-02
-1.4795e-02
-1.4839e-02
-1.4838e-02
-1.4806e-02
-1.4785e-02
-1.4833e-02
-1.5015e-02
-1.5364e-02
-1.5839e-02
-1.6278e-02
-1.6376e-02
-1.5701e-02
-1.3809e-02
-1.0454e-02
-5.9487e-03
-1.4309e-03
2.1649e-03
4.4171e-03
5.5534e-03
6.1429e-03
6.3866e-03
6.3284e-03
5.8828e-03
4.8495e-03
3.0442e-03
4.9265e-04
-2.2859e-03
-4.2162e-03
-5.1501e-03
-5.6232e-03
-5.8045e-03
-5.8308e-03
-5.8545e-03
-5.9758e-03
-6.2258e-03
-6.5467e-03
-6.7863e-03
-6.7078e-03
-6.0344e-03
-4.5464e-03
-2.2363e-03
4.5431e-04
2.5198e-03
3.5283e-03
4.0827e-03
4.3794e-03
4.4783e-03
4.4297e-03
4.1781e-03
3.6207e-03
2.6536e-03
1.3019e-03
-1.7321e-04
-1.1167e-03
-5.9448e-04
1.0291e-03
2.2401e-03
2.9638e-03
3.5364e-03
3.9150e-03
4.0223e-03
3.7303e-03
2.8621e-03
1.2541e-03
-1.0941e-03
-3.7744e-03
-5.9195e-03
-7.7158e-03
-9.8784e-03
-1.2523e-02
-1.5243e-02
-1.7091e-02
-1.7983e-02
-1.8522e-02
-1.8890e-02
-1.9171e-02
-1.9388e-02
-1.9442e-02
-1.9123e-02
-1.8175e-02
-1.6423e-02
-1.3952e-02
-1.1361e-02
-9.7084e-03
-8.9683e-03
-8.5646e-03
-8.2311e-03
-7.7106e-03
-6.8057e-03
-5.5025e-03
-4.1152e-03
-3.3033e-03
-2.9725e-03
-1.7374e-03
1.4527e-04
1.3038e-03
1.8284e-03
2.1173e-03
2.2314e-03
2.2305e-03
2.1749e-03
2.1076e-03
2.0448e-03
1.9894e-03
1.9362e-03
1.8873e-03
1.8514e-03
1.8484e-03
1.8955e-03
1.9975e-03
2.1256e-03
2.2089e-03
2.1289e-03
1.7466e-03
9.4767e-04
-2.6989e-04
-1.6966e-03
-2.7893e-03
-2.6769e-03
-1.2044e-03
1.7418e-04
8.4705e-04
1.2719e-03
1.4959e-03
1.5364e-03
1.4724e-03
1.3706e-03
1.2785e-03
1.2150e-03
1.1808e-03
1.1653e-03
1.1562e-03
1.1436e-03
1.1227e-03
1.0932e-03
1.0578e-03
1.0207e-03
9.8564e-04
9.5521e-04
9.2988e-04
9.0767e-04
8.8442e-04
8.5447e-04
8.1252e-04
7.5629e-04
6.8950e-04
6.2425e-04
5.8056e-04
5.8197e-04
6.4522e-04
7.6591e-04
9.0215e-04
9.6509e-04
8.2275e-04
3.3074e-04
-6.0892e-04
-1.9531e-03
-3.4126e-03
-4.3186e-03
-3.7388e-03
-2.0834e-03
-8.8048e-04
-2.2818e-04
1.8479e-04
3.4143e-04
2.6975e-04
3.8336e-05
-2.4669e-04
-4.4972e-04
-3.8395e-04
1.6702e-04
1.4056e-03
3.3994e-03
5.8927e-03
8.1711e-03
1.0031e-02
1.2261e-02
1.5139e-02
1.8295e-02
2.0689e-02
2.1389e-02
2.0416e-02
1.7696e-02
1.3424e-02
8.5730e-03
4.3716e-03
1.5428e-03
1.7064e-04
-4.2482e-04
-5.3307e-04
-3.1595e-04
5.3452e-05
4.5803e-04
7.5218e-04
7.4976e-04
1.9587e-04
-1.1523e-03
-3.3989e-03
-6.2778e-03
-8.9209e-03
-1.0171e-02
-9.9105e-03
-8.4021e-03
-5.9100e-03
-3.2129e-03
-1.4131e-03
-5.1615e-04
-8.8376e-05
1.4511e-05
-6.2105e-05
-1.8998e-04
-2.8600e-04
-3.2298e-04
-3.0475e-04
-2.5839e-04
-2.1019e-04
-1.8531e-04
-1.9452e-04
-2.3976e-04
-3.0543e-04
-3.6593e-04
-3.8252e-04
-3.1964e-04
-1.5611e-04
8.4827e-05
3.1696e-04
3.7130e-04
1.4737e-05
-1.0015e-03
-2.8219e-03
-5.3307e-03
-7.9023e-03
-9.4593e-03
-1.0048e-02
-1.0338e-02
-1.0722e-02
-1.1601e-02
-1.3265e-02
-1.5681e-02
-1.8241e-02
-1.9679e-02
-1.9108e-02
-1.6906e-02
-1.3725e-02
-1.0409e-02
-7.0139e-03
-3.7211e-03
-1.5377e-03
-7.0054e-04
-5.2351e-04
-6.9026e-04
-9.2755e-04
-8.8666e-04
-2.4698e-04
1.2330e-03
3.5672e-03
6.3417e-03
8.5840e-03
9.8139e-03
1.0574e-02
1.1049e-02
1.1228e-02
1.1050e-02
1.0337e-02
8.9024e-03
6.6839e-03
3.9964e-03
1.6969e-03
4.3174e-04
-1.9499e-04
-4.7808e-04
-5.3004e-04
-4.7633e-04
-4.0268e-04
-3.5810e-04
-3.5102e-04
-3.7272e-04
-4.0491e-04
-4.3477e-04
-4.5458e-04
-4.6549e-04
-4.7117e-04
-4.7746e-04
-4.8604e-04
-4.9564e-04
-4.9933e-04
-4.8978e-04
-4.6092e-04
-4.1605e-04
-3.6980e-04
-3.5169e-04
-3.9764e-04
-5.3939e-04
-7.7822e-04
-1.0611e-03
-1.2537e-03
-1.1392e-03
-4.4982e-04
1.0382e-03
3.3538e-03
6.0945e-03
8.2927e-03
9.4160e-03
9.9715e-03
1.0187e-02
1.0161e-02
1.0024e-02
9.8625e-03
9.7402e-03
9.6902e-03
9.7385e-03
9.8906e-03
1.0127e-02
1.0370e-02
1.0469e-02
1.0198e-02
9.2955e-03
7.5676e-03
5.0537e-03
2.2872e-03
3.3665e-04
-7.3935e-04
-1.4532e-03
-1.8917e-03
-2.0271e-03
-1.7477e-03
-8.5638e-04
8.2460e-04
3.2755e-03
6.0117e-03
7.9877e-03
8.9250e-03
9.3859e-03
9.5379e-03
9.4782e-03
9.3318e-03
9.1794e-03
9.0806e-03
9.0670e-03
9.1599e-03
9.3541e-03
9.6083e-03
9.8147e-03
9.7947e-03
9.3078e-03
8.1212e-03
6.1267e-03
3.5285e-03
1.0487e-03
-3.8589e-04
-9.6222e-04
-1.2463e-03
-1.5932e-03
-2.3849e-03
-3.9224e-03
-6.2494e-03
-8.9158e-03
-1.0904e-02
-1.1852e-02
-1.2435e-02
-1.2958e-02
-1.3625e-02
-1.4593e-02
-1.5789e-02
-1.6829e-02
-1.6962e-02
-1.5739e-02
-1.4337e-02
-1.3770e-02
-1.3706e-02
-1.3943e-02
-1.4247e-02
-1.4161e-02
-1.3105e-02
-1.0554e-02
-6.3188e-03
-9.7282e-04
3.8043e-03
6.5520e-03
7.9063e-03
8.5142e-03
8.6137e-03
8.4690e-03
8.2700e-03
8.1321e-03
8.0791e-03
8.0959e-03
8.1393e-03
8.1769e-03
8.1845e-03
8.1611e-03
8.1156e-03
8.0710e-03
8.0482e-03
8.0663e-03
8.1255e-03
8.2058e-03
8.2527e-03
8.1859e-03
7.9054e-03
7.3299e-03
6.4415e-03
5.3625e-03
4.4316e-03
4.2474e-03
4.9527e-03
5.0990e-03
3.7222e-03
1.5071e-03
-5.9431e-04
-1.5545e-03
-1.4007e-03
-5.7928e-04
4.5257e-04
8.5263e-04
-1.3176e-04
-1.6203e-03
-2.5299e-03
-3.1022e-03
-3.4984e-03
-3.7084e-03
-3.7801e-03
-3.7734e-03
-3.7431e-03
-3.7227e-03
-3.7306e-03
-3.7724e-03
-3.8485e-03
-3.9533e-03
-4.0752e-03
-4.1900e-03
-4.2627e-03
-4.2511e-03
-4.1256e-03
-3.8945e-03
-3.6385e-03
-3.5316e-03
-3.8389e-03
-4.8603e-03
-6.8070e-03
-9.6047e-03
-1.2615e-02
-1.4672e-02
-1.5586e-02
-1.5587e-02
-1.4571e-02
-1.2547e-02
-9.8509e-03
-7.3124e-03
-5.7993e-03
-5.1020e-03
-4.8213e-03
-4.8128e-03
-4.9333e-03
-5.0785e-03
-5.1857e-03
-5.2445e-03
-5.2632e-03
-5.2669e-03
-5.2713e-03
-5.2904e-03
-5.3236e-03
-5.3699e-03
-5.4204e-03
-5.4719e-03
-5.5182e-03
-5.5610e-03
-5.5997e-03
-5.6402e-03
-5.6838e-03
-5.7351e-03
-5.7914e-03
-5.8504e-03
-5.9012e-03
-5.9358e-03
-5.9437e-03
-5.9271e-03
-5.8974e-03
-5.8877e-03
-5.9398e-03
-6.0991e-03
-6.3792e-03
-6.7380e-03
-7.0357e-03
-7.0321e-03
-6.4050e-03
-4.8546e-03
-2.2635e-03
1.0238e-03
4.0328e-03
6.1485e-03
7.5840e-03
7.9521e-03
7.1186e-03
6.6008e-03
7.5863e-03
9.6175e-03
1.1885e-02
1.3424e-02
1.4246e-02
1.4694e-02
1.4833e-02
1.4760e-02
1.4583e-02
1.4397e-02
1.4265e-02
1.4234e-02
1.4324e-02
1.4524e-02
1.4768e-02
1.4922e-02
1.4769e-02
1.5178e-02
1.3672e-02
1.1337e-02
8.5493e-03
6.2445e-03
5.0050e-03
4.3678e-03
4.0712e-03
4.0027e-03
4.0259e-03
4.0543e-03
4.0397e-03
3.9804e-03
3.8945e-03
3.8129e-03
3.7596e-03
3.7469e-03
3.7673e-03
3.7940e-03
3.7842e-03
3.6908e-03
3.4829e-03
3.1743e-03
2.8547e-03
2.7070e-03
2.9974e-03
4.0109e-03
5.9220e-03
8.5932e-03
1.1326e-02
1.3064e-02
1.3704e-02
1.3434e-02
1.2166e-02
9.9561e-03
7.1946e-03
4.7519e-03
3.3707e-03
2.7410e-03
2.4767e-03
2.3750e-03
2.2080e-03
1.7944e-03
1.0399e-03
1.0158e-05
-1.0201e-03
-1.5042e-03
-1.1398e-03
-1.0763e-03
-2.2290e-03
-3.9296e-03
-5.1639e-03
-4.8588e-03
-3.1366e-03
-9.6451e-04
4.0519e-04
3.3956e-04
-8.0646e-04
-2.7553e-03
-4.8070e-03
-5.7190e-03
-4.9160e-03
-3.0853e-03
-1.0863e-03
2.4156e-04
9.5735e-04
1.3233e-03
1.4064e-03
1.3182e-03
1.1555e-03
9.9331e-04
8.6023e-04
7.6881e-04
7.1392e-04
6.9816e-04
7.2026e-04
7.8069e-04
8.5771e-04
9.0572e-04
8.4104e-04
5.6302e-04
-2.0591e-05
-9.2765e-04
-2.0326e-03
-2.9778e-03
-3.1431e-03
-2.1773e-03
-1.0191e-03
-4.1441e-04
-7.0234e-05
1.1415e-04
1.4627e-04
8.6845e-05
-1.2612e-05
-1.0944e-04
-1.8720e-04
-2.4112e-04
-2.7961e-04
-3.1025e-04
-3.4209e-04
-3.7789e-04
-4.1976e-04
-4.6509e-04
-5.1283e-04
-5.5981e-04
-6.0582e-04
-6.4933e-04
-6.9150e-04
-7.3181e-04
-7.7174e-04
-8.1071e-04
-8.4981e-04
-8.8815e-04
-9.2650e-04
-9.6388e-04
-1.0010e-03
-1.0370e-03
-1.0726e-03
-1.1071e-03
-1.1412e-03
-1.1742e-03
-1.2068e-03
-1.2383e-03
-1.2695e-03
-1.2995e-03
-1.3293e-03
-1.3580e-03
-1.3863e-03
-1.4137e-03
-1.4405e-03
-1.4661e-03
-1.4910e-03
-1.5143e-03
-1.5368e-03
-1.5581e-03
-1.5793e-03
-1.6002e-03
-1.6221e-03
-1.6443e-03
-1.6669e-03
-1.6877e-03
-1.7053e-03
-1.7168e-03
-1.7217e-03
-1.7204e-03
-1.7184e-03
-1.7229e-03
-1.7446e-03
-1.7904e-03
-1.8610e-03
-1.9410e-03
-1.9981e-03
-1.9814e-03
-1.8343e-03
-1.5142e-03
-1.0286e-03
-4.7264e-04
-7.3287e-05
-1.7897e-04
-8.3439e-04
-1.4211e-03
-1.6890e-03
-1.8695e-03
-2.0287e-03
-2.2191e-03
-2.5040e-03
-2.8970e-03
-3.3259e-03
-3.6038e-03
-3.6609e-03
-3.9096e-03
-4.4661e-03
-4.8263e-03
-4.9211e-03
-4.9374e-03
-4.8892e-03
-4.7534e-03
-4.4929e-03
-4.0570e-03
-3.4127e-03
-2.5879e-03
-1.7343e-03
-1.1387e-03
-8.8225e-04
-7.8798e-04
-7.8370e-04
-8.0644e-04
-7.7520e-04
-6.2089e-04
-3.0064e-04
1.7299e-04
6.9740e-04
1.0676e-03
1.1883e-03
1.1807e-03
1.1075e-03
1.0016e-03
8.9600e-04
8.0456e-04
7.2333e-04
6.2879e-04
4.8684e-04
2.6269e-04
-6.0096e-05
-4.5929e-04
-8.4564e-04
-1.0810e-03
-1.1767e-03
-1.2038e-03
-1.1843e-03
-1.1379e-03
-1.0834e-03
-1.0365e-03
-1.0096e-03
-1.0117e-03
-1.0464e-03
-1.1075e-03
-1.1735e-03
-1.2020e-03
-1.1338e-03
-9.7328e-04
-8.3283e-04
-7.4878e-04
-6.8589e-04
-6.3936e-04
-6.0583e-04
-5.7911e-04
-5.5423e-04
-5.2841e-04
-5.0062e-04
-4.7123e-04
-4.4095e-04
-4.1066e-04
-3.8079e-04
-3.5163e-04
-3.2307e-04
-2.9503e-04
-2.6728e-04
-2.3975e-04
-2.1235e-04
-1.8513e-04
-1.5809e-04
-1.3131e-04
-1.0479e-04
-7.8594e-05
-5.2704e-05
-2.7158e-05
-1.9190e-06
2.2979e-05
4.7567e-05
7.1810e-05
9.5731e-05
1.1930e-04
1.4253e-04
1.6540e-04
1.8791e-04
2.1006e-04
2.3186e-04
2.5327e-04
2.7433e-04
2.9501e-04
3.1533e-04
3.3527e-04
3.5484e-04
3.7402e-04
3.9284e-04
4.1128e-04
4.2935e-04
4.4703e-04
4.6435e-04
4.8128e-04
4.9785e-04
5.1404e-04
5.2986e-04
5.4531e-04
5.6038e-04
5.7509e-04
5.8943e-04
6.0340e-04
6.1701e-04
6.3026e-04
6.4314e-04
6.5565e-04
6.6781e-04
6.7961e-04
6.9104e-04
7.0212e-04
7.1284e-04
7.2320e-04
7.3320e-04
7.4285e-04
7.5213e-04
7.6105e-04
7.6962e-04
