8.2809e-05
8.3057e-05
8.3110e-05
8.2962e-05
8.2748e-05
8.2710e-05
8.3120e-05
8.4171e-05
8.5468e-05
8.6557e-05
8.7316e-05
8.8177e-05
8.9185e-05
8.9595e-05
8.8387e-05
8.5604e-05
8.3275e-05
8.3993e-05
8.8448e-05
9.5800e-05
1.0280e-04
1.0488e-04
1.0168e-04
9.8072e-05
9.6003e-05
9.1633e-05
8.3038e-05
7.1639e-05
5.9148e-05
4.9067e-05
4.7724e-05
6.0433e-05
8.2998e-05
1.0736e-04
1.3187e-04
1.5777e-04
1.7458e-04
1.6723e-04
1.3775e-04
1.0130e-04
6.5510e-05
3.0380e-05
1.1509e-06
-1.2731e-05
-8.9081e-06
8.3650e-06
4.9726e-05
1.2025e-04
1.9605e-04
2.5017e-04
2.7126e-04
2.5321e-04
2.0715e-04
1.6105e-04
1.2418e-04
8.4007e-05
4.5864e-05
4.3386e-05
8.6312e-05
1.3829e-04
1.6628e-04
1.8639e-04
2.3106e-04
2.8769e-04
3.0962e-04
2.6011e-04
1.4604e-04
2.7220e-05
-2.9776e-05
-7.3980e-06
6.2668e-05
1.4748e-04
2.0408e-04
2.0744e-04
1.8963e-04
1.7945e-04
1.7279e-04
1.6735e-04
1.7787e-04
1.8501e-04
1.4739e-04
8.5830e-05
3.3199e-05
-1.9601e-05
-5.9032e-05
-5.2816e-05
-8.9772e-06
3.8324e-05
4.8784e-05
2.0896e-05
1.6547e-05
5.3620e-05
9.4414e-05
1.5093e-04
2.4655e-04
3.3099e-04
3.3486e-04
2.9147e-04
2.6428e-04
2.1818e-04
9.8724e-05
-5.2168e-05
-1.4136e-04
-1.4862e-04
-1.0604e-04
-1.8441e-06
1.8113e-04
3.6698e-04
4.7660e-04
5.1966e-04
5.1582e-04
4.6953e-04
3.8045e-04
2.7214e-04
1.6522e-04
5.3670e-05
-7.6924e-05
-2.3865e-04
-4.2761e-04
-6.0842e-04
-7.1205e-04
-7.4183e-04
-7.6462e-04
-7.7735e-04
-6.9195e-04
-4.3542e-04
-6.0247e-05
2.7306e-04
4.9773e-04
7.0353e-04
8.7967e-04
8.2377e-04
4.4161e-04
-6.1730e-05
-4.1206e-04
-4.9952e-04
-4.1020e-04
-3.6777e-04
-5.3986e-04
-8.5206e-04
-1.0566e-03
-1.0310e-03
-7.8779e-04
-3.2247e-04
2.8631e-04
8.7751e-04
1.4137e-03
1.8897e-03
2.1853e-03
2.1509e-03
1.7104e-03
9.3061e-04
-1.1160e-04
-1.4086e-03
-2.7383e-03
-3.6151e-03
-3.6279e-03
-2.7438e-03
-1.3674e-03
4.9295e-05
1.2567e-03
2.0961e-03
2.4384e-03
2.2029e-03
1.5656e-03
8.5837e-04
2.2907e-04
-2.9160e-04
-7.2238e-04
-1.0791e-03
-1.2797e-03
-1.2269e-03
-8.8151e-04
-2.5640e-04
5.4488e-04
1.2765e-03
1.6123e-03
1.3996e-03
6.6361e-04
-4.9364e-04
-1.6974e-03
-2.4039e-03
-2.3693e-03
-1.6710e-03
-4.0737e-04
1.2518e-03
2.9460e-03
4.1840e-03
4.5176e-03
3.7108e-03
1.8239e-03
-5.6925e-04
-2.5139e-03
-3.2625e-03
-2.6708e-03
-1.1878e-03
4.1809e-04
1.4666e-03
1.6260e-03
1.0167e-03
9.2558e-05
-5.7785e-04
-6.1958e-04
-1.1568e-04
7.1253e-04
1.6426e-03
2.3997e-03
2.8644e-03
2.9989e-03
2.6135e-03
1.4473e-03
-4.7826e-04
-2.8169e-03
-5.1009e-03
-6.5391e-03
-6.3401e-03
-4.6173e-03
-2.4066e-03
-6.3312e-04
5.2403e-04
1.5582e-03
3.1014e-03
5.0968e-03
6.9086e-03
7.6646e-03
6.4923e-03
3.2826e-03
-1.0279e-03
-5.2408e-03
-8.3994e-03
-9.8468e-03
-9.4201e-03
-7.4268e-03
-4.4519e-03
-1.1168e-03
2.1627e-03
5.1418e-03
7.4958e-03
8.8928e-03
8.9816e-03
7.5453e-03
4.7098e-03
9.0456e-04
-2.9619e-03
-5.8417e-03
-7.1494e-03
-6.6929e-03
-4.8574e-03
-2.5722e-03
-4.3721e-04
1.4823e-03
3.0719e-03
3.8286e-03
3.5308e-03
2.5767e-03
1.4244e-03
3.0303e-04
-8.0830e-04
-1.9650e-03
-2.8605e-03
-2.8842e-03
-1.8895e-03
-5.1395e-04
5.0619e-04
9.5334e-04
1.0459e-03
9.4331e-04
6.3035e-04
2.9686e-04
1.6923e-04
5.4592e-05
-4.5277e-04
-1.3794e-03
-2.2915e-03
-2.5891e-03
-1.6928e-03
5.6074e-04
3.5709e-03
6.3710e-03
8.0034e-03
7.9328e-03
6.4890e-03
4.3360e-03
1.9833e-03
-1.9146e-04
-2.1142e-03
-3.8487e-03
-5.2420e-03
-6.2867e-03
-6.9317e-03
-6.6004e-03
-4.8574e-03
-2.1027e-03
8.9859e-04
3.3726e-03
4.8065e-03
5.2423e-03
4.9874e-03
4.2313e-03
2.8872e-03
7.3666e-04
-2.3276e-03
-5.9028e-03
-9.0515e-03
-1.0510e-02
-9.3275e-03
-5.7309e-03
-1.0486e-03
3.1671e-03
5.9987e-03
7.3080e-03
7.3316e-03
6.4622e-03
5.3240e-03
4.3816e-03
3.5825e-03
2.5676e-03
1.1281e-03
-6.4652e-04
-2.5606e-03
-4.2435e-03
-5.2101e-03
-5.3444e-03
-4.9303e-03
-4.1874e-03
-3.2755e-03
-2.3994e-03
-1.7388e-03
-1.6045e-03
-2.1263e-03
-2.8849e-03
-3.3149e-03
-3.1113e-03
-2.2329e-03
-6.6975e-04
1.4326e-03
3.5645e-03
5.1877e-03
5.8898e-03
5.5011e-03
4.1955e-03
2.2563e-03
1.1953e-04
-1.6507e-03
-2.7256e-03
-2.9784e-03
-2.2323e-03
-3.7063e-04
2.2253e-03
4.7704e-03
6.5531e-03
7.2195e-03
6.8205e-03
5.6409e-03
3.9190e-03
1.9788e-03
3.8908e-04
-5.6981e-04
-9.3521e-04
-8.3677e-04
-6.8331e-04
-8.9715e-04
-1.5371e-03
-2.4022e-03
-3.2728e-03
-3.9342e-03
-4.0722e-03
-3.3651e-03
-1.9758e-03
-6.7408e-04
-2.2505e-04
-5.9370e-04
-1.0346e-03
-7.2872e-04
3.6918e-04
1.3576e-03
1.2322e-03
-3.5918e-04
-2.9035e-03
-5.5960e-03
-7.7724e-03
-8.7387e-03
-7.8359e-03
-5.0810e-03
-1.3402e-03
2.4550e-03
5.7763e-03
8.2520e-03
9.7206e-03
1.0191e-02
9.4667e-03
7.5991e-03
4.9962e-03
2.0329e-03
-7.5594e-04
-2.8257e-03
-4.1428e-03
-4.8558e-03
-4.7034e-03
-3.3651e-03
-1.3190e-03
4.3587e-04
1.0603e-03
3.0700e-04
-1.1626e-03
-2.2809e-03
-2.2537e-03
-9.3743e-04
9.4095e-04
2.1642e-03
1.9598e-03
4.5204e-04
-1.6173e-03
-3.3764e-03
-4.1508e-03
-3.6401e-03
-1.9048e-03
6.7199e-04
3.4361e-03
5.5554e-03
6.2505e-03
5.2217e-03
2.8546e-03
1.7635e-05
-2.3759e-03
-3.7025e-03
-3.9069e-03
-3.2832e-03
-2.0050e-03
-2.6457e-04
1.5418e-03
2.9473e-03
3.4516e-03
2.9340e-03
1.7372e-03
3.4561e-04
-7.5654e-04
-1.4804e-03
-2.0879e-03
-2.7774e-03
-3.4942e-03
-4.0393e-03
-4.2399e-03
-3.8868e-03
-3.0476e-03
-1.9343e-03
-7.0791e-04
2.4071e-04
5.3119e-04
3.0637e-05
-1.0252e-03
-1.7839e-03
-1.2150e-03
8.2944e-04
3.4293e-03
5.4214e-03
5.8919e-03
4.4762e-03
1.6979e-03
-1.3910e-03
-3.8381e-03
-5.1384e-03
-5.2837e-03
-4.5176e-03
-3.2036e-03
-1.6661e-03
-9.9046e-07
1.5826e-03
2.6433e-03
2.9921e-03
2.7789e-03
2.1930e-03
1.2933e-03
-2.3112e-05
-1.6360e-03
-2.9259e-03
-3.0517e-03
-1.7142e-03
4.1758e-04
2.2906e-03
3.0924e-03
2.4848e-03
7.7884e-04
-1.2834e-03
-3.1794e-03
-4.6019e-03
-5.2704e-03
-5.2181e-03
-4.8562e-03
-4.5072e-03
-3.8461e-03
-2.3386e-03
1.4191e-04
3.0609e-03
5.3098e-03
6.1317e-03
5.5788e-03
4.0106e-03
1.8940e-03
-1.8147e-04
-1.7185e-03
-2.3241e-03
-1.9022e-03
-1.0573e-03
-5.5100e-04
-4.5364e-04
-4.0818e-04
-2.3302e-04
-9.9794e-05
-3.2428e-04
-1.0543e-03
-2.0212e-03
-2.8057e-03
-3.2390e-03
-3.2534e-03
-2.8440e-03
-2.2339e-03
-1.8779e-03
-2.0117e-03
-2.3367e-03
-2.3894e-03
-1.7166e-03
6.4233e-05
2.7811e-03
5.5730e-03
7.5051e-03
7.9537e-03
6.6128e-03
3.5703e-03
-6.8617e-04
-5.4521e-03
-9.6622e-03
-1.2138e-02
-1.2149e-02
-9.5788e-03
-5.1736e-03
-2.0297e-04
4.1216e-03
6.7380e-03
6.8069e-03
4.3621e-03
5.5762e-04
-2.8698e-03
-4.3444e-03
-3.3228e-03
-8.3949e-04
1.2711e-03
1.9523e-03
1.3215e-03
1.0864e-04
-8.7869e-04
-9.7096e-04
4.4447e-04
3.3081e-03
6.3668e-03
7.9826e-03
7.2728e-03
4.5691e-03
9.1885e-04
-2.7273e-03
-5.7393e-03
-7.8576e-03
-8.8772e-03
-8.3510e-03
-6.5082e-03
-4.3810e-03
-2.6906e-03
-1.5075e-03
-4.0731e-04
1.1369e-03
3.1302e-03
5.0862e-03
6.4430e-03
6.7493e-03
5.9157e-03
4.4170e-03
2.9222e-03
1.9768e-03
1.7097e-03
1.6341e-03
1.1824e-03
4.3686e-04
1.3878e-04
8.3958e-04
2.2442e-03
3.5858e-03
4.1695e-03
3.5918e-03
1.7607e-03
-1.1952e-03
-4.8687e-03
-8.6030e-03
-1.1688e-02
-1.3484e-02
-1.3641e-02
-1.2016e-02
-8.6596e-03
-4.0035e-03
1.2270e-03
6.0712e-03
9.5162e-03
1.0917e-02
1.0013e-02
7.0656e-03
2.9142e-03
-1.5361e-03
-5.2557e-03
-7.3241e-03
-7.3293e-03
-5.4055e-03
-2.2923e-03
9.6098e-04
3.4120e-03
4.3669e-03
3.4508e-03
9.7016e-04
-2.3942e-03
-6.2415e-03
-1.0225e-02
-1.3374e-02
-1.4347e-02
-1.2559e-02
-8.3712e-03
-2.8022e-03
2.6624e-03
6.8270e-03
9.1442e-03
9.3284e-03
7.7960e-03
5.5844e-03
3.5584e-03
2.2011e-03
1.7911e-03
2.3784e-03
3.6849e-03
4.8742e-03
4.8905e-03
3.0590e-03
-6.7521e-04
-5.4262e-03
-9.6186e-03
-1.2217e-02
-1.3182e-02
-1.2730e-02
-1.0924e-02
-7.6286e-03
-3.0354e-03
2.0130e-03
6.2544e-03
8.4192e-03
8.1031e-03
6.2271e-03
4.2846e-03
3.2123e-03
3.1111e-03
3.3924e-03
3.1593e-03
1.8245e-03
-6.3828e-04
-3.8088e-03
-6.9539e-03
-9.0602e-03
-9.4352e-03
-8.0872e-03
-5.5687e-03
-2.8980e-03
-8.0888e-04
5.3008e-04
1.0982e-03
1.1836e-03
1.1831e-03
1.0261e-03
4.0653e-04
-6.0510e-04
-1.6622e-03
-2.4494e-03
-2.4493e-03
-1.2191e-03
1.0155e-03
3.5506e-03
5.6515e-03
6.7741e-03
6.6907e-03
5.6997e-03
4.3904e-03
2.9829e-03
1.1007e-03
-1.9025e-03
-6.2080e-03
-1.1120e-02
-1.5403e-02
-1.7738e-02
-1.7131e-02
-1.3663e-02
-8.5273e-03
-3.2837e-03
7.9923e-04
3.0560e-03
3.5373e-03
3.0222e-03
2.6134e-03
2.9309e-03
3.8932e-03
5.0221e-03
5.5265e-03
4.7925e-03
2.8931e-03
3.9577e-04
-2.1799e-03
-4.4687e-03
-6.2693e-03
-7.5290e-03
-7.8451e-03
-6.7114e-03
-4.2125e-03
-9.0302e-04
2.3843e-03
4.8074e-03
5.8282e-03
5.3799e-03
3.9810e-03
2.4279e-03
1.3501e-03
9.9810e-04
1.4272e-03
2.4403e-03
3.4151e-03
3.6830e-03
3.2028e-03
2.4682e-03
2.0296e-03
2.3508e-03
3.5654e-03
5.2544e-03
6.7287e-03
7.4529e-03
7.3325e-03
6.7807e-03
6.3149e-03
6.1665e-03
6.2083e-03
6.2929e-03
6.6006e-03
7.4746e-03
8.9860e-03
1.0955e-02
1.3214e-02
1.5511e-02
1.7351e-02
1.8151e-02
1.7411e-02
1.4836e-02
1.0436e-02
4.5801e-03
-1.8997e-03
-7.8806e-03
-1.2648e-02
-1.5934e-02
-1.7152e-02
-1.5501e-02
-1.0771e-02
-3.7529e-03
4.6652e-03
1.3581e-02
2.1776e-02
2.8457e-02
3.3272e-02
3.6224e-02
3.7604e-02
3.7793e-02
3.7269e-02
3.6415e-02
3.5342e-02
3.4053e-02
3.2750e-02
3.1627e-02
3.0476e-02
2.8498e-02
2.4416e-02
1.7012e-02
5.9777e-03
-7.8996e-03
-2.2897e-02
-3.6990e-02
-4.9416e-02
-5.9526e-02
-6.6566e-02
-7.1024e-02
-7.3696e-02
-7.4874e-02
-7.4440e-02
-7.2108e-02
-6.7487e-02
-6.0150e-02
-4.9578e-02
-3.5660e-02
-1.8648e-02
2.3781e-06
1.7641e-02
3.2440e-02
4.3164e-02
4.9872e-02
5.4175e-02
5.6494e-02
5.5254e-02
4.8378e-02
3.5208e-02
1.6806e-02
-5.8996e-03
-3.0482e-02
-5.1854e-02
-6.6046e-02
-7.2246e-02
-7.1965e-02
-6.7204e-02
-5.9364e-02
-4.9130e-02
-3.5948e-02
-1.8458e-02
2.0871e-03
2.2012e-02
3.9114e-02
5.2093e-02
6.0682e-02
6.5623e-02
6.6598e-02
6.3582e-02
5.7488e-02
4.9291e-02
3.9758e-02
2.9078e-02
1.6598e-02
2.1592e-03
-1.4024e-02
-3.1195e-02
-4.7744e-02
-6.1595e-02
-7.1215e-02
-7.7377e-02
-8.1311e-02
-8.3405e-02
-8.3297e-02
-7.9866e-02
-7.1646e-02
-5.7488e-02
-3.6831e-02
-1.0365e-02
1.9783e-02
4.9769e-02
7.5393e-02
9.4351e-02
1.0515e-01
1.0793e-01
1.0677e-01
1.0498e-01
1.0188e-01
9.5816e-02
8.6365e-02
7.5122e-02
6.4894e-02
5.5536e-02
4.5827e-02
3.6609e-02
2.9158e-02
2.3634e-02
1.9864e-02
1.8112e-02
1.8963e-02
2.2270e-02
2.7135e-02
3.2727e-02
3.8219e-02
4.2689e-02
4.5638e-02
4.7141e-02
4.7753e-02
4.8125e-02
4.8775e-02
5.0080e-02
5.1960e-02
5.4049e-02
5.5592e-02
5.5217e-02
5.1741e-02
4.5160e-02
3.6220e-02
2.5695e-02
1.4225e-02
3.0378e-03
-6.4353e-03
-1.3629e-02
-1.8682e-02
-2.2549e-02
-2.6044e-02
-2.9270e-02
-3.2190e-02
-3.5061e-02
-3.8131e-02
-4.1581e-02
-4.5828e-02
-5.1246e-02
-5.7819e-02
-6.5126e-02
-7.2852e-02
-8.0915e-02
-8.8673e-02
-9.5339e-02
-1.0035e-01
-1.0315e-01
-1.0377e-01
-1.0303e-01
-1.0192e-01
-1.0081e-01
-9.8837e-02
-9.4063e-02
-8.4295e-02
-6.7843e-02
-4.4981e-02
-1.7168e-02
1.1933e-02
3.6295e-02
5.3832e-02
6.6833e-02
7.5869e-02
8.0019e-02
7.8726e-02
7.2002e-02
6.0391e-02
4.4894e-02
2.7225e-02
9.8616e-03
-6.5561e-03
-2.2568e-02
-3.7905e-02
-5.1915e-02
-6.3436e-02
-7.2382e-02
-7.9574e-02
-8.5302e-02
-8.9394e-02
-9.1954e-02
-9.3230e-02
-9.3111e-02
-9.1551e-02
-8.8239e-02
-8.1534e-02
-6.9178e-02
-5.0319e-02
-2.6219e-02
-2.6410e-04
2.3884e-02
4.3157e-02
5.5852e-02
6.3777e-02
7.0039e-02
7.5953e-02
8.1895e-02
8.7900e-02
9.3490e-02
9.7420e-02
9.7634e-02
9.2151e-02
7.9360e-02
5.8865e-02
3.2551e-02
4.6523e-03
-2.0427e-02
-4.1400e-02
-5.7218e-02
-6.5415e-02
-6.3783e-02
-5.2136e-02
-3.2150e-02
-5.5919e-03
2.2580e-02
4.3339e-02
5.2290e-02
5.2469e-02
4.8150e-02
4.2369e-02
3.7369e-02
3.4189e-02
3.2484e-02
3.1535e-02
3.0506e-02
2.8751e-02
2.6099e-02
2.2864e-02
1.9304e-02
1.5361e-02
1.0882e-02
5.9580e-03
1.0804e-03
-3.4221e-03
-7.5208e-03
-1.1360e-02
-1.5235e-02
-1.9240e-02
-2.3159e-02
-2.6652e-02
-2.9622e-02
-3.2021e-02
-3.3618e-02
-3.4281e-02
-3.4211e-02
-3.3742e-02
-3.2988e-02
-3.1953e-02
-3.0791e-02
-2.9728e-02
-2.8786e-02
-2.7942e-02
-2.7252e-02
-2.6672e-02
-2.6077e-02
-2.5340e-02
-2.4517e-02
-2.3732e-02
-2.2805e-02
-2.1487e-02
-1.9862e-02
-1.8250e-02
-1.6834e-02
-1.5624e-02
-1.4624e-02
-1.3843e-02
-1.3271e-02
-1.2670e-02
-1.1564e-02
-9.5660e-03
-6.3359e-03
-1.6721e-03
4.4057e-03
1.1685e-02
1.9524e-02
2.6398e-02
3.0457e-02
3.1150e-02
2.9282e-02
2.6137e-02
2.3094e-02
2.1056e-02
2.0080e-02
1.9947e-02
2.0392e-02
2.1115e-02
2.1907e-02
2.2502e-02
2.2339e-02
2.0968e-02
1.8586e-02
1.5567e-02
1.2024e-02
8.2197e-03
4.4417e-03
8.9440e-04
-2.0540e-03
-3.9317e-03
-4.2877e-03
-3.1807e-03
-1.1277e-03
1.4648e-03
4.3891e-03
7.3852e-03
1.0204e-02
1.2699e-02
1.4859e-02
1.6789e-02
1.8662e-02
2.0604e-02
2.2290e-02
2.3346e-02
2.3947e-02
2.4321e-02
2.4363e-02
2.3998e-02
2.3250e-02
2.2117e-02
2.0837e-02
1.9791e-02
1.9095e-02
1.8460e-02
1.7571e-02
1.6228e-02
1.4026e-02
1.0520e-02
5.5712e-03
-5.2582e-04
-7.2646e-03
-1.3849e-02
-1.9629e-02
-2.4493e-02
-2.8602e-02
-3.2463e-02
-3.6456e-02
-4.0677e-02
-4.4861e-02
-4.8087e-02
-4.8866e-02
-4.5201e-02
-3.5162e-02
-1.8710e-02
2.0075e-03
2.3294e-02
4.0486e-02
5.1647e-02
5.8342e-02
6.1757e-02
6.1807e-02
5.8392e-02
5.1839e-02
4.2495e-02
3.1215e-02
1.9079e-02
6.6662e-03
-5.9035e-03
-1.8334e-02
-2.9576e-02
-3.9455e-02
-4.8239e-02
-5.5815e-02
-6.1722e-02
-6.5512e-02
-6.7293e-02
-6.7323e-02
-6.5882e-02
-6.3264e-02
-5.9511e-02
-5.4671e-02
-4.8991e-02
-4.2609e-02
-3.5953e-02
-2.9629e-02
-2.3910e-02
-1.9059e-02
-1.5161e-02
-1.2216e-02
-1.0523e-02
-1.0450e-02
-1.2189e-02
-1.5627e-02
-2.0274e-02
-2.5325e-02
-2.9936e-02
-3.3170e-02
-3.4054e-02
-3.2413e-02
-2.9218e-02
-2.5938e-02
-2.3572e-02
-2.2209e-02
-2.1460e-02
-2.1002e-02
-2.0458e-02
-1.9239e-02
-1.6729e-02
-1.2506e-02
-6.3792e-03
1.6577e-03
1.1303e-02
2.1870e-02
3.2376e-02
4.1681e-02
4.9610e-02
5.6923e-02
6.3620e-02
6.8963e-02
7.2700e-02
7.5180e-02
7.6869e-02
7.7636e-02
7.6415e-02
7.1650e-02
6.2168e-02
4.7824e-02
2.9836e-02
1.0651e-02
-7.0523e-03
-2.2036e-02
-3.3591e-02
-4.1279e-02
-4.5481e-02
-4.6146e-02
-4.2824e-02
-3.5212e-02
-2.3925e-02
-1.0629e-02
3.3370e-03
1.7037e-02
2.8867e-02
3.8262e-02
4.5553e-02
5.0464e-02
5.3378e-02
5.5086e-02
5.6031e-02
5.6329e-02
5.5457e-02
5.2074e-02
4.4800e-02
3.3370e-02
1.8938e-02
2.8796e-03
-1.2905e-02
-2.6077e-02
-3.5965e-02
-4.2659e-02
-4.6419e-02
-4.7775e-02
-4.7332e-02
-4.5913e-02
-4.4097e-02
-4.1822e-02
-3.8394e-02
-3.3009e-02
-2.5330e-02
-1.5686e-02
-4.8926e-03
5.4966e-03
1.3300e-02
1.7131e-02
1.6931e-02
1.3605e-02
8.3358e-03
2.1180e-03
-4.2694e-03
-1.0125e-02
-1.5116e-02
-1.9454e-02
-2.3187e-02
-2.5784e-02
-2.5972e-02
-2.2265e-02
-1.4208e-02
-3.0974e-03
9.0638e-03
2.0500e-02
2.9988e-02
3.7423e-02
4.2953e-02
4.6703e-02
4.8616e-02
4.8277e-02
4.5688e-02
4.1140e-02
3.4488e-02
2.5541e-02
1.4885e-02
4.1165e-03
-5.3463e-03
-1.3102e-02
-1.8716e-02
-2.1753e-02
-2.2095e-02
-1.9964e-02
-1.6201e-02
-1.1977e-02
-8.2652e-03
-5.5814e-03
-3.9708e-03
-3.2114e-03
-2.8719e-03
-2.2870e-03
-9.4790e-04
1.0247e-03
3.0391e-03
4.7062e-03
6.1008e-03
7.3443e-03
8.3067e-03
9.1007e-03
1.0346e-02
1.2489e-02
1.5184e-02
1.7596e-02
1.8975e-02
1.8779e-02
1.6833e-02
1.3389e-02
8.9668e-03
4.1591e-03
-5.1817e-04
-4.6817e-03
-8.2103e-03
-1.1239e-02
-1.3679e-02
-1.4923e-02
-1.4158e-02
-1.1307e-02
-7.3088e-03
-3.1314e-03
5.7808e-04
3.2472e-03
4.6146e-03
4.7929e-03
3.9776e-03
2.2967e-03
-2.0964e-05
-2.5696e-03
-5.0669e-03
-7.4484e-03
-9.5068e-03
-1.1011e-02
-1.1918e-02
-1.1974e-02
-1.0862e-02
-8.4384e-03
-4.7531e-03
-1.9958e-04
4.6190e-03
9.4605e-03
1.4085e-02
1.7837e-02
2.0271e-02
2.1401e-02
2.1793e-02
2.2004e-02
2.2339e-02
2.3121e-02
2.4513e-02
2.6171e-02
2.7083e-02
2.5955e-02
2.1997e-02
1.5401e-02
7.4649e-03
-1.9004e-04
-6.4345e-03
-1.0611e-02
-1.2577e-02
-1.2599e-02
-1.1084e-02
-8.5833e-03
-5.6802e-03
-2.5931e-03
6.3885e-04
3.6150e-03
5.6897e-03
6.3365e-03
5.5194e-03
3.6558e-03
1.1084e-03
-1.9307e-03
-5.3609e-03
-9.1745e-03
-1.3373e-02
-1.7838e-02
-2.2277e-02
-2.6156e-02
-2.9136e-02
-3.1159e-02
-3.2013e-02
-3.1619e-02
-3.0231e-02
-2.8213e-02
-2.5924e-02
-2.3679e-02
-2.1962e-02
-2.1341e-02
-2.1866e-02
-2.3165e-02
-2.4653e-02
-2.5342e-02
-2.4022e-02
-2.0016e-02
-1.3616e-02
-5.7669e-03
2.1469e-03
8.8805e-03
1.3838e-02
1.6897e-02
1.8458e-02
1.8932e-02
1.8603e-02
1.7693e-02
1.6294e-02
1.4414e-02
1.2154e-02
9.8249e-03
7.6240e-03
5.5667e-03
3.8556e-03
2.9133e-03
2.9011e-03
3.5076e-03
4.2642e-03
4.7868e-03
4.7705e-03
4.0540e-03
2.9474e-03
2.0420e-03
1.6886e-03
1.9551e-03
2.8134e-03
4.2361e-03
5.9054e-03
7.1314e-03
7.3311e-03
6.4352e-03
4.6469e-03
2.2032e-03
-4.3297e-04
-2.8930e-03
-5.3748e-03
-8.0528e-03
-1.0550e-02
-1.2354e-02
-1.3341e-02
-1.3666e-02
-1.3467e-02
-1.2779e-02
-1.1297e-02
-8.5770e-03
-4.8834e-03
-1.0157e-03
2.3765e-03
4.8328e-03
6.0056e-03
5.5601e-03
3.6035e-03
1.0568e-03
-9.4661e-04
-1.9406e-03
-2.0504e-03
-1.5653e-03
-7.7903e-04
-6.5472e-05
2.1120e-04
3.4904e-05
-2.0648e-04
1.1210e-04
1.3730e-03
3.5121e-03
6.2012e-03
9.0947e-03
1.1899e-02
1.4258e-02
1.5894e-02
1.6704e-02
1.6625e-02
1.5404e-02
1.2795e-02
8.9212e-03
4.2688e-03
-5.5684e-04
-4.9900e-03
-8.4715e-03
-1.0557e-02
-1.1122e-02
-1.0377e-02
-8.9138e-03
-7.6926e-03
-7.5407e-03
-8.6228e-03
-1.0451e-02
-1.2324e-02
-1.3639e-02
-1.3934e-02
-1.3249e-02
-1.2120e-02
-1.1023e-02
-1.0372e-02
-1.0616e-02
-1.1718e-02
-1.3034e-02
-1.3764e-02
-1.3110e-02
-1.0460e-02
-5.8482e-03
-1.0787e-04
5.6611e-03
1.0495e-02
1.3862e-02
1.5594e-02
1.5618e-02
1.4314e-02
1.2355e-02
1.0230e-02
8.3496e-03
7.0620e-03
6.4321e-03
6.3052e-03
6.4717e-03
6.7032e-03
6.6825e-03
6.1179e-03
4.9626e-03
3.2987e-03
1.3263e-03
-6.4398e-04
-2.4347e-03
-3.9474e-03
-4.8366e-03
-4.6242e-03
-3.1559e-03
-6.7601e-04
2.4789e-03
5.9585e-03
9.2026e-03
1.1750e-02
1.3317e-02
1.3547e-02
1.2395e-02
1.0336e-02
7.7661e-03
5.1309e-03
3.1370e-03
2.2108e-03
2.3626e-03
3.2642e-03
4.5254e-03
5.8609e-03
6.8831e-03
7.1075e-03
6.4775e-03
5.2872e-03
3.6797e-03
1.6145e-03
-7.0756e-04
-2.5901e-03
-3.3304e-03
-2.8232e-03
-1.4675e-03
3.1270e-04
2.1945e-03
3.6395e-03
4.0853e-03
3.4731e-03
2.1625e-03
5.7379e-04
-1.0898e-03
-2.9379e-03
-5.1268e-03
-7.6071e-03
-1.0264e-02
-1.2896e-02
-1.5151e-02
-1.6699e-02
-1.7262e-02
-1.6504e-02
-1.4192e-02
-1.0565e-02
-6.4041e-03
-2.3439e-03
1.4526e-03
4.9087e-03
8.0775e-03
1.0913e-02
1.3268e-02
1.5159e-02
1.6641e-02
1.7706e-02
1.8143e-02
1.7791e-02
1.6680e-02
1.4723e-02
1.1891e-02
8.5831e-03
5.2628e-03
2.2067e-03
-4.5600e-04
-2.7982e-03
-4.8915e-03
-6.8467e-03
-8.7562e-03
-1.0656e-02
-1.2450e-02
-1.3899e-02
-1.4969e-02
-1.5674e-02
-1.5987e-02
-1.5725e-02
-1.4574e-02
-1.2581e-02
-9.9573e-03
-6.8168e-03
-3.4947e-03
-2.8808e-04
2.4622e-03
4.1219e-03
4.3562e-03
3.2566e-03
1.2253e-03
-1.1159e-03
-3.4352e-03
-5.6950e-03
-7.5471e-03
-8.6488e-03
-9.1836e-03
-9.5133e-03
-9.7680e-03
-9.8968e-03
-9.9712e-03
-1.0098e-02
-1.0229e-02
-1.0144e-02
-9.5265e-03
-8.2264e-03
-6.6243e-03
-5.3074e-03
-4.4293e-03
-3.8459e-03
-3.4390e-03
-2.9248e-03
-1.7800e-03
1.6588e-04
2.8557e-03
6.3471e-03
1.0254e-02
1.3957e-02
1.7060e-02
1.9317e-02
2.0732e-02
2.1262e-02
2.0940e-02
2.0065e-02
1.8810e-02
1.7237e-02
1.5618e-02
1.4199e-02
1.2960e-02
1.1632e-02
9.9299e-03
7.9260e-03
5.8263e-03
3.8212e-03
2.0891e-03
7.7138e-04
4.5169e-05
-1.1272e-04
8.5069e-06
5.3333e-05
-3.3050e-04
-1.5518e-03
-3.8077e-03
-6.7073e-03
-9.8049e-03
-1.2998e-02
-1.6025e-02
-1.8426e-02
-1.9713e-02
-1.9546e-02
-1.8046e-02
-1.5767e-02
-1.3018e-02
-9.8257e-03
-6.6269e-03
-4.2741e-03
-3.4202e-03
-3.9757e-03
-5.2825e-03
-6.6979e-03
-7.8381e-03
-8.4288e-03
-8.4740e-03
-8.2061e-03
-7.8083e-03
-7.4388e-03
-7.2920e-03
-7.3671e-03
-7.4620e-03
-7.4154e-03
-7.0891e-03
-6.2878e-03
-4.8875e-03
-2.7323e-03
4.8029e-04
4.5720e-03
8.7906e-03
1.2353e-02
1.4726e-02
1.5976e-02
1.6311e-02
1.5656e-02
1.4083e-02
1.1931e-02
9.5421e-03
7.1294e-03
4.8008e-03
2.4544e-03
-6.3865e-05
-2.7458e-03
-5.3585e-03
-7.4283e-03
-8.5752e-03
-8.7157e-03
-7.7856e-03
-5.7344e-03
-2.7867e-03
6.8015e-04
4.2938e-03
7.4658e-03
9.5338e-03
1.0192e-02
9.2482e-03
6.5925e-03
2.5547e-03
-2.1765e-03
-6.7233e-03
-1.0137e-02
-1.1906e-02
-1.2064e-02
-1.1002e-02
-9.3716e-03
-8.0065e-03
-7.4532e-03
-7.5502e-03
-7.8828e-03
-8.1910e-03
-8.2299e-03
-7.7189e-03
-6.5876e-03
-5.1462e-03
-3.9260e-03
-3.2585e-03
-3.1288e-03
-3.2772e-03
-3.2306e-03
-2.5537e-03
-1.2698e-03
3.2158e-04
2.0685e-03
3.9696e-03
5.9561e-03
7.7118e-03
8.8827e-03
9.4483e-03
9.6453e-03
9.8962e-03
1.0611e-02
1.1854e-02
1.3352e-02
1.4842e-02
1.6194e-02
1.7206e-02
1.7546e-02
1.7067e-02
1.5968e-02
1.4705e-02
1.3857e-02
1.3735e-02
1.4094e-02
1.4366e-02
1.4312e-02
1.4089e-02
1.3754e-02
1.3155e-02
1.2060e-02
1.0458e-02
8.7256e-03
7.1939e-03
6.1893e-03
5.9655e-03
6.2450e-03
6.6327e-03
6.9215e-03
6.9315e-03
6.4042e-03
5.2263e-03
3.6535e-03
1.9735e-03
3.0881e-04
-1.3220e-03
-2.8824e-03
-4.2881e-03
-5.5336e-03
-6.6049e-03
-7.5091e-03
-8.4330e-03
-9.3602e-03
-9.8136e-03
-9.3687e-03
-8.0643e-03
-6.3823e-03
-5.0763e-03
-4.7058e-03
-5.3488e-03
-6.9797e-03
-9.5532e-03
-1.2797e-02
-1.6164e-02
-1.9159e-02
-2.1734e-02
-2.3906e-02
-2.5423e-02
-2.6225e-02
-2.6465e-02
-2.6219e-02
-2.5368e-02
-2.3775e-02
-2.1303e-02
-1.7527e-02
-1.2126e-02
-5.6274e-03
1.0244e-03
7.4186e-03
1.3276e-02
1.8247e-02
2.2244e-02
2.5107e-02
2.6543e-02
2.6472e-02
2.5187e-02
2.3039e-02
2.0226e-02
1.7065e-02
1.4017e-02
1.1289e-02
8.9641e-03
7.1206e-03
5.9267e-03
5.5138e-03
5.6143e-03
5.7169e-03
5.4735e-03
4.8593e-03
3.9686e-03
2.8126e-03
1.2817e-03
-9.6290e-04
-3.9394e-03
-7.0309e-03
-9.7380e-03
-1.1957e-02
-1.3525e-02
-1.4080e-02
-1.3523e-02
-1.2389e-02
-1.1297e-02
-1.0504e-02
-1.0167e-02
-1.0231e-02
-1.0447e-02
-1.0720e-02
-1.1025e-02
-1.1295e-02
-1.1447e-02
-1.1437e-02
-1.1368e-02
-1.1358e-02
-1.1483e-02
-1.1781e-02
-1.2148e-02
-1.2192e-02
-1.1479e-02
-9.9320e-03
-7.8241e-03
-5.5778e-03
-3.4683e-03
-1.7465e-03
-8.1221e-04
-6.7491e-04
-9.0137e-04
-1.1501e-03
-1.2675e-03
-1.1674e-03
-8.1878e-04
-1.8191e-04
6.3985e-04
1.3533e-03
1.9193e-03
2.6942e-03
3.7877e-03
4.8804e-03
5.6727e-03
6.0954e-03
6.3313e-03
6.7038e-03
7.4513e-03
8.4281e-03
9.4120e-03
1.0493e-02
1.1688e-02
1.2741e-02
1.3459e-02
1.3707e-02
1.3225e-02
1.1944e-02
1.0206e-02
8.3746e-03
6.5130e-03
4.5928e-03
2.5802e-03
4.2105e-04
-1.6709e-03
-3.4827e-03
-4.9066e-03
-5.6755e-03
-5.5239e-03
-4.3687e-03
-2.3901e-03
3.6315e-05
2.5567e-03
4.9412e-03
6.8982e-03
8.1881e-03
8.8144e-03
8.6926e-03
7.6940e-03
5.9074e-03
3.3732e-03
1.9418e-04
-3.0800e-03
-5.7539e-03
-7.4280e-03
-8.0418e-03
-7.5809e-03
-6.1930e-03
-4.2424e-03
-2.1513e-03
-1.6332e-04
1.5035e-03
2.4610e-03
2.4516e-03
1.5556e-03
2.3640e-04
-1.0934e-03
-2.3943e-03
-3.7108e-03
-4.8817e-03
-5.6203e-03
-5.7967e-03
-5.5503e-03
-5.1036e-03
-4.6877e-03
-4.5202e-03
-4.5800e-03
-4.6646e-03
-4.6719e-03
-4.5917e-03
-4.3685e-03
-3.9422e-03
-3.4111e-03
-2.9477e-03
-2.5345e-03
-2.1436e-03
-1.9106e-03
-1.7864e-03
-1.4978e-03
-9.7075e-04
-4.7632e-04
-7.7501e-05
6.0094e-04
1.6520e-03
2.8057e-03
3.8779e-03
4.7695e-03
5.2935e-03
5.2304e-03
4.4572e-03
3.0407e-03
1.2142e-03
-9.6877e-04
-3.6412e-03
-6.7842e-03
-1.0007e-02
-1.2767e-02
-1.4514e-02
-1.4874e-02
-1.3877e-02
-1.1832e-02
-9.0996e-03
-5.8951e-03
-2.2334e-03
1.7903e-03
5.7264e-03
9.0763e-03
1.1610e-02
1.3367e-02
1.4311e-02
1.4251e-02
1.3161e-02
1.1296e-02
9.0190e-03
6.5145e-03
3.6944e-03
5.5231e-04
-2.6088e-03
-5.3497e-03
-7.2763e-03
-8.3125e-03
-8.7495e-03
-8.9656e-03
-9.2427e-03
-9.8226e-03
-1.0817e-02
-1.2207e-02
-1.3892e-02
-1.5655e-02
-1.7337e-02
-1.8840e-02
-2.0019e-02
-2.0769e-02
-2.1083e-02
-2.1054e-02
-2.0681e-02
-1.9846e-02
-1.8694e-02
-1.7577e-02
-1.6553e-02
-1.5560e-02
-1.4760e-02
-1.4387e-02
-1.4402e-02
-1.4417e-02
-1.4091e-02
-1.3297e-02
-1.2097e-02
-1.0524e-02
-8.5657e-03
-6.5460e-03
-4.8461e-03
-3.6135e-03
-2.9420e-03
-2.7464e-03
-2.7254e-03
-2.6300e-03
-2.4436e-03
-2.2965e-03
-2.3806e-03
-2.9318e-03
-4.0612e-03
-5.4684e-03
-6.7856e-03
-7.9745e-03
-9.1864e-03
-1.0537e-02
-1.1806e-02
-1.2616e-02
-1.2787e-02
-1.2367e-02
-1.1387e-02
-9.8908e-03
-7.9461e-03
-5.2663e-03
-1.5180e-03
3.0195e-03
7.7552e-03
1.2396e-02
1.6751e-02
2.0582e-02
2.3839e-02
2.6398e-02
2.8220e-02
2.9627e-02
3.0754e-02
3.1322e-02
3.1196e-02
3.0552e-02
2.9602e-02
2.8538e-02
2.7434e-02
2.6331e-02
2.5403e-02
2.4712e-02
2.4165e-02
2.3772e-02
2.3640e-02
2.3900e-02
2.4518e-02
2.5232e-02
2.5893e-02
2.6532e-02
2.7170e-02
2.7752e-02
2.8210e-02
2.8521e-02
2.8551e-02
2.8074e-02
2.7084e-02
2.5701e-02
2.4013e-02
2.1923e-02
1.9207e-02
1.5989e-02
1.2800e-02
1.0129e-02
8.0571e-03
6.5498e-03
5.6222e-03
5.0520e-03
4.5433e-03
3.9672e-03
3.4305e-03
3.1581e-03
3.1260e-03
3.1108e-03
3.0716e-03
3.2091e-03
3.7434e-03
4.6820e-03
5.8104e-03
6.8078e-03
7.4145e-03
7.7060e-03
7.8440e-03
7.7402e-03
7.2723e-03
6.4591e-03
5.3843e-03
4.0775e-03
2.4427e-03
2.5942e-04
-2.5566e-03
-5.9162e-03
-9.5742e-03
-1.3215e-02
-1.6769e-02
-2.0347e-02
-2.3798e-02
-2.6607e-02
-2.8480e-02
-2.9552e-02
-3.0195e-02
-3.0646e-02
-3.0632e-02
-2.9929e-02
-2.8910e-02
-2.8046e-02
-2.7422e-02
-2.6864e-02
-2.6312e-02
-2.5819e-02
-2.5346e-02
-2.4907e-02
-2.4660e-02
-2.4544e-02
-2.4262e-02
-2.3730e-02
-2.3232e-02
-2.2877e-02
-2.2359e-02
-2.1568e-02
-2.0555e-02
-1.9282e-02
-1.7787e-02
-1.6034e-02
-1.3907e-02
-1.1380e-02
-8.7437e-03
-6.4245e-03
-4.5802e-03
-3.1235e-03
-1.7107e-03
-1.5248e-04
1.4424e-03
3.0928e-03
4.8345e-03
6.4130e-03
7.4678e-03
7.8770e-03
7.8229e-03
7.5626e-03
7.1761e-03
6.7868e-03
6.6365e-03
6.7222e-03
6.7704e-03
6.5537e-03
6.0011e-03
5.2070e-03
4.3610e-03
3.6268e-03
3.1814e-03
3.0317e-03
2.9998e-03
3.1441e-03
3.5609e-03
4.1670e-03
5.0756e-03
6.4122e-03
8.0061e-03
9.6687e-03
1.1270e-02
1.2704e-02
1.3884e-02
1.4604e-02
1.4659e-02
1.4056e-02
1.2947e-02
1.1499e-02
9.7954e-03
7.9188e-03
6.2117e-03
4.9805e-03
4.1182e-03
3.4179e-03
2.8722e-03
2.6177e-03
2.6320e-03
2.6650e-03
2.4501e-03
1.7825e-03
5.9356e-04
-1.0114e-03
-2.9242e-03
-5.0437e-03
-7.1479e-03
-8.9828e-03
-1.0555e-02
-1.2034e-02
-1.3226e-02
-1.3809e-02
-1.3718e-02
-1.2966e-02
-1.1596e-02
-9.5887e-03
-6.9900e-03
-4.0217e-03
-7.9040e-04
2.3867e-03
5.1075e-03
7.2767e-03
8.7824e-03
9.3926e-03
9.1304e-03
8.3294e-03
7.1003e-03
5.5807e-03
4.1975e-03
3.2436e-03
2.6376e-03
2.3503e-03
2.6111e-03
3.4512e-03
4.5641e-03
5.6536e-03
6.6468e-03
7.7508e-03
9.1587e-03
1.0806e-02
1.2520e-02
1.4065e-02
1.5265e-02
1.6204e-02
1.7115e-02
1.8154e-02
1.9420e-02
2.0950e-02
2.2322e-02
2.2886e-02
2.2528e-02
2.1703e-02
2.0835e-02
1.9952e-02
1.8814e-02
1.7466e-02
1.6322e-02
1.5515e-02
1.4966e-02
1.4625e-02
1.4448e-02
1.4441e-02
1.4513e-02
1.4476e-02
1.4073e-02
1.3075e-02
1.1550e-02
9.7994e-03
8.0344e-03
6.3196e-03
4.8071e-03
3.8191e-03
3.5930e-03
4.0425e-03
4.7963e-03
5.5903e-03
6.3493e-03
6.8862e-03
6.9955e-03
6.6095e-03
5.7937e-03
4.8102e-03
3.9464e-03
3.3182e-03
2.8960e-03
2.6908e-03
2.6697e-03
2.6870e-03
2.6400e-03
2.4738e-03
2.1210e-03
1.5514e-03
7.3928e-04
-2.6090e-04
-1.2964e-03
-2.2957e-03
-3.2585e-03
-4.1824e-03
-5.0621e-03
-5.9146e-03
-6.5828e-03
-6.8991e-03
-6.8191e-03
-6.3309e-03
-5.6578e-03
-5.1636e-03
-5.0344e-03
-5.1998e-03
-5.5124e-03
-5.9309e-03
-6.5704e-03
-7.4938e-03
-8.4436e-03
-9.1754e-03
-9.7074e-03
-1.0052e-02
-1.0171e-02
-1.0221e-02
-1.0342e-02
-1.0505e-02
-1.0849e-02
-1.1534e-02
-1.2363e-02
-1.3025e-02
-1.3320e-02
-1.3130e-02
-1.2571e-02
-1.1877e-02
-1.1242e-02
-1.0756e-02
-1.0447e-02
-1.0298e-02
-1.0330e-02
-1.0544e-02
-1.0923e-02
-1.1534e-02
-1.2194e-02
-1.2577e-02
-1.2483e-02
-1.1742e-02
-1.0391e-02
-8.7554e-03
-7.2185e-03
-5.8855e-03
-4.6087e-03
-3.3636e-03
-2.3268e-03
-1.6508e-03
-1.4178e-03
-1.6825e-03
-2.1795e-03
-2.3851e-03
-2.0813e-03
-1.3970e-03
-5.3608e-04
3.1604e-04
1.1867e-03
2.0573e-03
2.5825e-03
2.6663e-03
2.5372e-03
2.1729e-03
1.3604e-03
2.1909e-04
-9.1688e-04
-2.0564e-03
-3.3382e-03
-4.6214e-03
-5.6927e-03
-6.4904e-03
-6.9475e-03
-7.0258e-03
-6.8173e-03
-6.3059e-03
-5.4670e-03
-4.4807e-03
-3.6606e-03
-3.2079e-03
-3.0610e-03
-3.0002e-03
-2.8170e-03
-2.4882e-03
-2.1494e-03
-1.7924e-03
-1.1608e-03
7.0591e-06
1.6876e-03
3.6642e-03
5.6702e-03
7.4253e-03
8.9982e-03
1.0556e-02
1.2086e-02
1.3527e-02
1.4729e-02
1.5445e-02
1.5565e-02
1.5246e-02
1.4692e-02
1.3859e-02
1.2686e-02
1.1347e-02
9.9641e-03
8.7314e-03
7.9224e-03
7.4482e-03
7.1654e-03
7.0159e-03
6.6531e-03
5.7359e-03
4.3687e-03
2.8514e-03
1.2619e-03
-1.7869e-04
-1.1426e-03
-1.5936e-03
-1.6199e-03
-1.4834e-03
-1.4203e-03
-1.5837e-03
-2.1726e-03
-3.0763e-03
-3.8910e-03
-4.2631e-03
-4.1942e-03
-3.9632e-03
-3.6914e-03
-3.3534e-03
-2.8924e-03
-2.2893e-03
-1.6657e-03
-1.1088e-03
-5.8820e-04
-2.1459e-04
-1.0862e-04
-9.8813e-05
-6.3396e-05
-1.3559e-04
-4.8890e-04
-1.0644e-03
-1.4500e-03
-1.3258e-03
-8.3053e-04
-2.2236e-04
4.2552e-04
1.1612e-03
1.6972e-03
1.4816e-03
3.8507e-04
-1.3805e-03
-3.6050e-03
-6.0434e-03
-8.3871e-03
-1.0362e-02
-1.1955e-02
-1.3170e-02
-1.3800e-02
-1.3821e-02
-1.3299e-02
-1.2081e-02
-1.0213e-02
-8.0233e-03
-5.7956e-03
-3.7217e-03
-1.8895e-03
-4.3163e-04
5.4822e-04
1.1762e-03
1.8567e-03
2.9475e-03
4.3733e-03
5.9199e-03
7.3753e-03
8.4884e-03
9.2350e-03
9.8116e-03
1.0208e-02
1.0212e-02
9.8570e-03
9.3599e-03
9.0401e-03
9.0039e-03
8.9273e-03
8.5414e-03
7.9179e-03
7.1544e-03
6.0880e-03
4.6870e-03
3.1030e-03
1.3926e-03
-3.2725e-04
-1.8366e-03
-2.9052e-03
-3.4628e-03
-3.6452e-03
-3.5832e-03
-3.3229e-03
-2.9170e-03
-2.4574e-03
-2.3573e-03
-2.9710e-03
-4.0471e-03
-5.3156e-03
-6.6973e-03
-8.0064e-03
-9.2162e-03
-1.0431e-02
-1.1490e-02
-1.2149e-02
-1.2511e-02
-1.2777e-02
-1.2909e-02
-1.2793e-02
-1.2544e-02
-1.2217e-02
-1.1843e-02
-1.1497e-02
-1.1032e-02
-1.0484e-02
-1.0189e-02
-1.0255e-02
-1.0265e-02
-9.7784e-03
-8.9131e-03
-8.0513e-03
-7.3380e-03
-6.4985e-03
-5.1927e-03
-3.3817e-03
-1.1121e-03
1.4169e-03
3.8244e-03
5.6947e-03
6.6545e-03
6.6342e-03
5.7731e-03
4.1718e-03
2.0307e-03
-3.0419e-04
-2.5048e-03
-4.3447e-03
-5.6905e-03
-6.4578e-03
-6.6764e-03
-6.4548e-03
-5.8648e-03
-5.0384e-03
-4.2593e-03
-3.6105e-03
-2.7927e-03
-1.4963e-03
2.7625e-04
2.2919e-03
4.4131e-03
6.5034e-03
8.3453e-03
9.9098e-03
1.1130e-02
1.1823e-02
1.2063e-02
1.1973e-02
1.1451e-02
1.0338e-02
8.6638e-03
6.7697e-03
4.8878e-03
2.9315e-03
8.4910e-04
-1.1415e-03
-2.8966e-03
-4.4760e-03
-5.8480e-03
-6.9034e-03
-7.5523e-03
-7.8918e-03
-8.0588e-03
-8.0194e-03
-7.7699e-03
-7.3919e-03
-6.8600e-03
-6.0787e-03
-5.1327e-03
-4.2132e-03
-3.3265e-03
-2.2835e-03
-1.0766e-03
1.5310e-04
1.4701e-03
2.8957e-03
4.1050e-03
4.9539e-03
5.6764e-03
6.3264e-03
6.8566e-03
7.3378e-03
7.7659e-03
8.1932e-03
8.7154e-03
9.2854e-03
9.6895e-03
9.8171e-03
9.8467e-03
9.8088e-03
9.4201e-03
8.4434e-03
7.1045e-03
5.9336e-03
5.1909e-03
4.6966e-03
4.1633e-03
3.6998e-03
3.5832e-03
3.7922e-03
4.2437e-03
4.8927e-03
5.6377e-03
6.3697e-03
6.9267e-03
7.0576e-03
6.5778e-03
5.5279e-03
4.2805e-03
3.3735e-03
3.0103e-03
2.8450e-03
2.4251e-03
1.8263e-03
1.4549e-03
1.4278e-03
1.6047e-03
1.9577e-03
2.4760e-03
2.8737e-03
2.9498e-03
2.9142e-03
2.9038e-03
2.7383e-03
2.2056e-03
1.3746e-03
5.6700e-04
8.6696e-05
-7.5077e-05
-1.1952e-04
4.2546e-05
5.4466e-04
1.1987e-03
1.6145e-03
1.5439e-03
1.0675e-03
3.0902e-04
-5.3558e-04
-1.2830e-03
-2.0080e-03
-2.8275e-03
-3.8776e-03
-5.1586e-03
-6.2972e-03
-6.9845e-03
-7.3277e-03
-7.4743e-03
-7.3374e-03
-7.1260e-03
-7.3157e-03
-7.8598e-03
-8.3109e-03
-8.6020e-03
-8.9057e-03
-9.0227e-03
-8.7707e-03
-8.3340e-03
-7.7956e-03
-7.0385e-03
-6.1011e-03
-5.2142e-03
-4.5119e-03
-4.1262e-03
-4.0591e-03
-4.0761e-03
-4.0846e-03
-4.2091e-03
-4.5202e-03
-4.8679e-03
-5.0945e-03
-5.2109e-03
-5.3822e-03
-5.8892e-03
-6.8424e-03
-8.0933e-03
-9.3730e-03
-1.0413e-02
-1.1148e-02
-1.1769e-02
-1.2307e-02
-1.2531e-02
-1.2305e-02
-1.1691e-02
-1.0824e-02
-9.6307e-03
-7.9889e-03
-6.0066e-03
-4.0093e-03
-2.1600e-03
-3.8777e-04
1.2340e-03
2.6395e-03
3.9175e-03
5.1343e-03
6.3450e-03
7.7297e-03
9.3704e-03
1.1010e-02
1.2446e-02
1.3766e-02
1.5013e-02
1.6013e-02
1.6555e-02
1.6472e-02
1.5649e-02
1.4183e-02
1.2246e-02
1.0112e-02
8.1802e-03
6.5986e-03
5.3324e-03
4.4842e-03
4.2638e-03
4.5414e-03
4.9777e-03
5.4237e-03
5.5835e-03
5.1620e-03
4.3574e-03
3.4877e-03
2.6439e-03
1.9968e-03
2.0148e-03
2.9242e-03
4.2542e-03
5.4551e-03
6.4706e-03
7.3299e-03
7.9935e-03
8.4421e-03
8.5711e-03
8.3082e-03
7.5202e-03
6.1954e-03
4.6926e-03
3.3266e-03
2.2054e-03
1.4096e-03
7.6586e-04
1.7544e-04
-1.5375e-04
-2.8498e-05
6.0390e-04
1.6758e-03
2.9451e-03
3.9325e-03
4.3295e-03
4.2981e-03
4.1435e-03
3.8668e-03
3.3872e-03
2.9628e-03
2.8687e-03
3.0473e-03
3.4891e-03
4.2937e-03
5.2446e-03
5.9611e-03
6.5436e-03
7.2677e-03
7.9411e-03
8.3332e-03
8.4793e-03
8.3798e-03
7.9807e-03
7.2548e-03
6.1528e-03
4.5982e-03
2.7791e-03
1.0583e-03
-5.2309e-04
-2.0641e-03
-3.3011e-03
-3.9009e-03
-4.0360e-03
-4.0886e-03
-4.2701e-03
-4.6059e-03
-5.0377e-03
-5.6603e-03
-6.6422e-03
-7.8931e-03
-9.0063e-03
-9.7601e-03
-1.0343e-02
-1.0847e-02
-1.1077e-02
-1.0910e-02
-1.0441e-02
-9.8682e-03
-9.3406e-03
-8.8311e-03
-8.1863e-03
-7.4652e-03
-6.8736e-03
-6.5396e-03
-6.4506e-03
-6.5627e-03
-6.7444e-03
-6.7856e-03
-6.6569e-03
-6.3941e-03
-6.0062e-03
-5.6239e-03
-5.3887e-03
-5.1185e-03
-4.5078e-03
-3.6837e-03
-3.1485e-03
-3.0573e-03
-3.1023e-03
-3.0753e-03
-2.7635e-03
-1.8504e-03
-2.3334e-04
1.9485e-03
4.2707e-03
6.2835e-03
7.7554e-03
8.4356e-03
8.0091e-03
6.4989e-03
4.2707e-03
1.8350e-03
-1.3956e-04
-1.2596e-03
-1.6039e-03
-1.4831e-03
-1.0989e-03
-5.0269e-04
-2.7624e-05
-1.4164e-04
-8.4384e-04
-1.9114e-03
-3.1894e-03
-4.4169e-03
-5.3936e-03
-6.1800e-03
-7.0649e-03
-8.0901e-03
-8.9042e-03
-9.4288e-03
-9.7939e-03
-9.8425e-03
-9.4726e-03
-8.9570e-03
-8.5448e-03
-8.0929e-03
-7.4280e-03
-6.7119e-03
-6.2058e-03
-6.0152e-03
-6.0275e-03
-6.0491e-03
-6.0165e-03
-5.9665e-03
-5.9206e-03
-5.8793e-03
-5.8761e-03
-5.9914e-03
-6.2995e-03
-6.7396e-03
-7.0413e-03
-7.1404e-03
-7.2238e-03
-7.3074e-03
-7.3691e-03
-7.3898e-03
-7.2417e-03
-6.7474e-03
-5.8612e-03
-4.6835e-03
-3.3559e-03
-2.0064e-03
-6.5969e-04
7.2319e-04
2.1137e-03
3.3632e-03
4.2883e-03
4.8176e-03
4.9652e-03
4.7581e-03
4.3065e-03
3.8648e-03
3.7251e-03
3.9448e-03
4.3835e-03
4.9061e-03
5.4849e-03
6.2404e-03
7.1150e-03
7.8268e-03
8.2585e-03
8.4469e-03
8.4967e-03
8.5102e-03
8.4368e-03
8.1323e-03
7.5411e-03
6.6802e-03
5.6956e-03
4.7943e-03
3.8121e-03
2.5970e-03
1.5091e-03
8.8142e-04
5.0359e-04
1.9776e-05
-6.0792e-04
-1.3548e-03
-2.1515e-03
-2.8035e-03
-3.0397e-03
-2.6367e-03
-1.6917e-03
-3.4306e-04
1.3493e-03
3.0931e-03
4.2846e-03
4.5997e-03
4.3180e-03
3.8322e-03
3.2600e-03
2.3974e-03
1.2662e-03
3.1618e-04
-1.8286e-04
-3.1084e-04
-2.2824e-04
-7.3950e-05
-1.3289e-06
-2.6764e-04
-9.9945e-04
-2.0914e-03
-3.4919e-03
-5.0962e-03
-6.7869e-03
-8.6027e-03
-1.0407e-02
-1.2008e-02
-1.3286e-02
-1.4164e-02
-1.4785e-02
-1.5110e-02
-1.4878e-02
-1.4110e-02
-1.3147e-02
-1.2226e-02
-1.1259e-02
-1.0050e-02
-8.7374e-03
-7.5303e-03
-6.3980e-03
-5.3286e-03
-4.2812e-03
-3.2051e-03
-2.1557e-03
-1.2488e-03
-5.6666e-04
-6.4739e-05
3.0870e-04
6.0929e-04
8.7276e-04
1.1269e-03
1.4530e-03
1.7743e-03
1.9450e-03
1.9834e-03
2.1013e-03
2.4503e-03
2.9492e-03
3.5041e-03
4.0887e-03
4.7697e-03
5.4579e-03
5.9705e-03
6.4376e-03
6.9524e-03
7.2429e-03
7.0605e-03
6.3775e-03
5.2660e-03
3.8752e-03
2.2933e-03
4.9546e-04
-1.3729e-03
-2.9591e-03
-4.0524e-03
-4.6362e-03
-4.7479e-03
-4.3331e-03
-3.3656e-03
-2.1140e-03
-8.5154e-04
2.1350e-04
9.0583e-04
1.2123e-03
1.0924e-03
6.1580e-04
1.5454e-04
-1.5677e-04
-6.8007e-04
-1.7243e-03
-3.0954e-03
-4.1868e-03
-4.5745e-03
-4.3492e-03
-3.8023e-03
-3.0210e-03
-1.9366e-03
-5.1051e-04
1.2220e-03
3.1939e-03
5.3134e-03
7.3105e-03
8.8245e-03
9.8057e-03
1.0205e-02
9.9648e-03
9.4337e-03
8.9136e-03
8.4511e-03
7.9602e-03
7.3046e-03
6.5909e-03
6.0725e-03
5.8829e-03
5.9104e-03
5.9269e-03
5.8244e-03
5.6138e-03
5.3533e-03
5.1549e-03
4.9896e-03
4.5970e-03
3.8486e-03
2.8372e-03
1.6909e-03
6.9620e-04
2.5699e-04
4.3722e-04
1.0091e-03
1.8639e-03
3.0031e-03
4.3113e-03
5.5202e-03
6.4013e-03
6.8749e-03
6.9154e-03
6.4990e-03
5.6861e-03
4.5194e-03
2.9878e-03
1.1614e-03
-7.2075e-04
-2.3385e-03
-3.5591e-03
-4.3716e-03
-4.6946e-03
-4.4685e-03
-3.8683e-03
-3.1963e-03
-2.5130e-03
-1.7014e-03
-7.6882e-04
9.7024e-05
6.7436e-04
8.4841e-04
6.9255e-04
3.7273e-04
9.1982e-06
-3.9801e-04
-8.6940e-04
-1.3195e-03
-1.7525e-03
-2.1745e-03
-2.4466e-03
-2.6012e-03
-2.8719e-03
-3.3302e-03
-3.9515e-03
-4.7368e-03
-5.5974e-03
-6.6032e-03
-7.8311e-03
-8.9776e-03
-9.7594e-03
-1.0284e-02
-1.0650e-02
-1.0795e-02
-1.0824e-02
-1.0813e-02
-1.0641e-02
-1.0198e-02
-9.6001e-03
-9.0506e-03
-8.5098e-03
-7.7088e-03
-6.5909e-03
-5.3935e-03
-4.3427e-03
-3.5847e-03
-2.9956e-03
-2.2354e-03
-1.3059e-03
-5.3843e-04
-7.6408e-05
1.1936e-04
1.7086e-04
2.1236e-04
2.1730e-04
2.8955e-05
-4.3408e-04
-9.9871e-04
-1.3751e-03
-1.4752e-03
-1.3255e-03
-9.7173e-04
-4.8243e-04
1.2874e-04
8.3179e-04
1.6411e-03
2.6084e-03
3.6957e-03
4.8691e-03
6.1057e-03
7.2567e-03
8.2091e-03
8.8490e-03
9.0430e-03
8.9049e-03
8.6882e-03
8.5181e-03
8.2411e-03
7.5446e-03
6.4105e-03
5.0166e-03
3.4509e-03
1.8705e-03
3.6215e-04
-1.1638e-03
-2.6165e-03
-3.5909e-03
-3.8551e-03
-3.6316e-03
-3.1367e-03
-2.3850e-03
-1.4163e-03
-3.7908e-04
5.9099e-04
1.3954e-03
1.9626e-03
2.3768e-03
2.8079e-03
3.2793e-03
3.6941e-03
4.1905e-03
5.0287e-03
6.2570e-03
7.7328e-03
9.2715e-03
1.0713e-02
1.1829e-02
1.2522e-02
1.2921e-02
1.3023e-02
1.2778e-02
1.2314e-02
1.1712e-02
1.0944e-02
9.9649e-03
8.8186e-03
7.7542e-03
6.7650e-03
5.4006e-03
3.4874e-03
1.4188e-03
-5.4557e-04
-2.3058e-03
-3.7595e-03
-4.9213e-03
-5.6823e-03
-5.8805e-03
-5.5687e-03
-4.9482e-03
-4.2787e-03
-3.6906e-03
-3.1670e-03
-2.6831e-03
-2.2055e-03
-1.8134e-03
-1.5029e-03
-1.1698e-03
-7.5018e-04
-2.2745e-04
3.5169e-04
8.5213e-04
1.2523e-03
1.7458e-03
2.2482e-03
2.6094e-03
3.0525e-03
3.8941e-03
5.1415e-03
6.3280e-03
7.1256e-03
7.6987e-03
8.1213e-03
8.1665e-03
7.7377e-03
7.1026e-03
6.5617e-03
6.1545e-03
5.7784e-03
5.5286e-03
5.6832e-03
6.1653e-03
6.6320e-03
7.0875e-03
7.7038e-03
8.3765e-03
8.8719e-03
9.0775e-03
9.0807e-03
9.0066e-03
8.7882e-03
8.2269e-03
7.0639e-03
5.2203e-03
3.0501e-03
9.7245e-04
-8.2579e-04
-2.2532e-03
-3.2838e-03
-4.0481e-03
-4.8281e-03
-5.7698e-03
-6.8158e-03
-8.0239e-03
-9.3612e-03
-1.0565e-02
-1.1465e-02
-1.2173e-02
-1.2837e-02
-1.3347e-02
-1.3476e-02
-1.3219e-02
-1.2806e-02
-1.2288e-02
-1.1539e-02
-1.0607e-02
-9.6848e-03
-8.8109e-03
-7.8410e-03
-6.7973e-03
-5.8148e-03
-4.9206e-03
-4.0301e-03
-3.0134e-03
-1.9288e-03
-9.2756e-04
-8.6475e-05
6.1122e-04
1.3249e-03
2.1969e-03
3.2253e-03
4.2731e-03
5.2496e-03
6.1854e-03
7.1621e-03
8.2437e-03
9.2140e-03
9.7355e-03
9.9080e-03
1.0111e-02
1.0361e-02
1.0485e-02
1.0548e-02
1.0664e-02
1.0764e-02
1.0681e-02
1.0500e-02
1.0492e-02
1.0666e-02
1.0830e-02
1.0793e-02
1.0583e-02
1.0303e-02
9.8218e-03
9.0609e-03
8.1881e-03
7.3600e-03
6.4676e-03
5.4247e-03
4.4522e-03
3.5762e-03
2.5325e-03
1.2824e-03
8.3008e-05
-7.2396e-04
-1.0441e-03
-1.0792e-03
-9.4893e-04
-7.6462e-04
-7.5347e-04
-1.0093e-03
-1.3277e-03
-1.6448e-03
-2.1897e-03
-2.9942e-03
-3.9587e-03
-5.0254e-03
-6.0574e-03
-7.1484e-03
-8.5753e-03
-1.0385e-02
-1.2180e-02
-1.3530e-02
-1.4494e-02
-1.5304e-02
-1.6162e-02
-1.7027e-02
-1.7576e-02
-1.7674e-02
-1.7538e-02
-1.7480e-02
-1.7446e-02
-1.7183e-02
-1.6616e-02
-1.5742e-02
-1.4629e-02
-1.3457e-02
-1.2372e-02
-1.1250e-02
-9.9256e-03
-8.4899e-03
-7.0905e-03
-5.7709e-03
-4.5461e-03
-3.4378e-03
-2.4019e-03
-1.4663e-03
-7.9352e-04
-5.0034e-04
-5.8215e-04
-7.7153e-04
-7.5187e-04
-5.1272e-04
-1.7152e-04
1.9626e-04
6.4285e-04
1.2950e-03
2.1873e-03
3.3254e-03
4.6500e-03
6.0341e-03
7.4517e-03
8.9601e-03
1.0504e-02
1.1837e-02
1.2817e-02
1.3456e-02
1.3713e-02
1.3646e-02
1.3374e-02
1.2870e-02
1.1939e-02
1.0487e-02
8.7029e-03
6.8001e-03
4.8337e-03
2.9118e-03
1.1992e-03
-2.5023e-04
-1.3725e-03
-2.1140e-03
-2.3429e-03
-2.0317e-03
-1.5210e-03
-1.1001e-03
-6.6879e-04
-1.3195e-04
2.7557e-04
3.5487e-04
2.6709e-04
1.6666e-04
1.0338e-05
-2.1472e-04
-5.2989e-04
-8.3060e-04
-9.4762e-04
-8.6755e-04
-8.1914e-04
-1.0580e-03
-1.4989e-03
-2.0328e-03
-2.7382e-03
-3.6187e-03
-4.5344e-03
-5.2364e-03
-5.6234e-03
-5.9335e-03
-6.3415e-03
-6.7419e-03
-6.9302e-03
-6.7689e-03
-6.3047e-03
-5.6871e-03
-4.9902e-03
-4.0789e-03
-2.7681e-03
-1.1486e-03
4.1380e-04
1.7323e-03
2.9582e-03
4.1930e-03
5.1319e-03
5.4433e-03
5.3294e-03
5.1323e-03
4.9462e-03
4.8372e-03
4.8578e-03
4.8846e-03
4.7941e-03
4.6084e-03
4.4761e-03
4.6059e-03
4.9778e-03
5.3397e-03
5.5284e-03
5.5430e-03
5.4728e-03
5.3107e-03
4.9885e-03
4.5817e-03
4.2386e-03
4.0926e-03
4.2686e-03
4.7687e-03
5.4679e-03
6.2237e-03
6.9845e-03
7.6892e-03
8.1722e-03
8.4393e-03
8.6679e-03
8.7067e-03
8.2578e-03
7.4080e-03
6.4622e-03
5.5910e-03
4.7120e-03
3.6213e-03
2.3603e-03
1.1610e-03
4.4958e-05
-1.1907e-03
-2.3943e-03
-3.2338e-03
-3.6907e-03
-3.7832e-03
-3.6870e-03
-3.5711e-03
-3.4806e-03
-3.5327e-03
-3.7507e-03
-4.0408e-03
-4.2385e-03
-4.2729e-03
-4.2535e-03
-4.2164e-03
-4.0375e-03
-3.6178e-03
-3.0743e-03
-2.6079e-03
-2.2219e-03
-1.9318e-03
-1.9470e-03
-2.2919e-03
-2.8591e-03
-3.7059e-03
-4.8359e-03
-6.0172e-03
-6.9613e-03
-7.6321e-03
-8.1138e-03
-8.2946e-03
-8.0054e-03
-7.2586e-03
-6.2709e-03
-5.2176e-03
-4.0618e-03
-2.7586e-03
-1.4705e-03
-4.1286e-04
3.5246e-04
8.0670e-04
1.0502e-03
1.3556e-03
1.9507e-03
2.6580e-03
2.9933e-03
2.6507e-03
1.8050e-03
8.8893e-04
1.3425e-04
-5.4277e-04
-1.1543e-03
-1.4936e-03
-1.6045e-03
-1.6752e-03
-1.6600e-03
-1.5645e-03
-1.5543e-03
-1.5727e-03
-1.4047e-03
-9.4042e-04
-2.7042e-04
4.7342e-04
1.3382e-03
2.4322e-03
3.6579e-03
4.7839e-03
5.7491e-03
6.5486e-03
7.1114e-03
7.4774e-03
7.7830e-03
8.0691e-03
8.2945e-03
8.4560e-03
8.4262e-03
8.0858e-03
7.3911e-03
6.2318e-03
4.6317e-03
2.7739e-03
9.1353e-04
-6.9432e-04
-1.9762e-03
-2.9489e-03
-3.5670e-03
-3.9213e-03
-4.1634e-03
-4.2938e-03
-4.2896e-03
-4.1075e-03
-3.7065e-03
-3.2020e-03
-2.7629e-03
-2.3450e-03
-1.8991e-03
-1.5726e-03
-1.3990e-03
-1.2968e-03
-1.3864e-03
-1.7599e-03
-2.3020e-03
-2.8868e-03
-3.3887e-03
-3.7835e-03
-4.2109e-03
-4.7135e-03
-5.1403e-03
-5.4775e-03
-5.8246e-03
-6.2032e-03
-6.5720e-03
-6.8754e-03
-7.0702e-03
-7.1500e-03
-7.1922e-03
-7.1746e-03
-6.9135e-03
-6.2658e-03
-5.3778e-03
-4.5761e-03
-3.9941e-03
-3.5304e-03
-3.2097e-03
-3.0931e-03
-2.9252e-03
-2.4760e-03
-1.8588e-03
-1.2761e-03
-6.9048e-04
-8.1103e-05
4.7233e-04
9.2712e-04
1.1114e-03
9.2286e-04
4.8629e-04
1.5375e-05
-3.8198e-04
-8.6145e-04
-1.5505e-03
-2.2677e-03
-2.7555e-03
-2.9241e-03
-2.9268e-03
-3.0302e-03
-3.3550e-03
-3.8328e-03
-4.4178e-03
-5.0768e-03
-5.5924e-03
-5.7385e-03
-5.5320e-03
-5.1758e-03
-4.8657e-03
-4.6524e-03
-4.4728e-03
-4.2235e-03
-3.7863e-03
-3.2864e-03
-3.0139e-03
-3.0066e-03
-3.1053e-03
-3.2813e-03
-3.5863e-03
-3.9122e-03
-4.0938e-03
-4.0873e-03
-4.0512e-03
-4.3509e-03
-5.0281e-03
-5.6439e-03
-5.8811e-03
-5.8109e-03
-5.5811e-03
-5.1478e-03
-4.4683e-03
-3.6147e-03
-2.6403e-03
-1.6252e-03
-6.5328e-04
2.4536e-04
1.1046e-03
2.0314e-03
2.9993e-03
3.9462e-03
4.9155e-03
5.8072e-03
6.4678e-03
6.9486e-03
7.3798e-03
7.8787e-03
8.4341e-03
8.8715e-03
9.1429e-03
9.2993e-03
9.3851e-03
9.5300e-03
9.7979e-03
1.0067e-02
1.0287e-02
1.0595e-02
1.0969e-02
1.1233e-02
1.1257e-02
1.1043e-02
1.0781e-02
1.0529e-02
1.0131e-02
9.6527e-03
9.3864e-03
9.3835e-03
9.4578e-03
9.5337e-03
9.6415e-03
9.6891e-03
9.4270e-03
8.8204e-03
8.1220e-03
7.3771e-03
6.3451e-03
4.8965e-03
3.3305e-03
2.0677e-03
1.1837e-03
5.3512e-04
9.0561e-05
4.9367e-06
2.8015e-04
6.1319e-04
7.7578e-04
7.7638e-04
7.1141e-04
5.5384e-04
1.8276e-04
-3.6996e-04
-9.6465e-04
-1.3999e-03
-1.6110e-03
-1.8284e-03
-2.3361e-03
-3.0514e-03
-3.6215e-03
-3.8707e-03
-3.9328e-03
-4.0309e-03
-4.4139e-03
-5.1963e-03
-6.1258e-03
-6.9316e-03
-7.6854e-03
-8.4983e-03
-9.2239e-03
-9.7509e-03
-1.0074e-02
-1.0253e-02
-1.0353e-02
-1.0473e-02
-1.0648e-02
-1.0776e-02
-1.0892e-02
-1.1059e-02
-1.1164e-02
-1.1142e-02
-1.0967e-02
-1.0567e-02
-9.9801e-03
-9.3523e-03
-8.9378e-03
-8.8953e-03
-9.0469e-03
-9.0145e-03
-8.7412e-03
-8.4404e-03
-8.1421e-03
-7.8644e-03
-7.7091e-03
-7.6908e-03
-7.6411e-03
-7.4009e-03
-6.9580e-03
-6.2560e-03
-5.4025e-03
-4.5536e-03
-3.5656e-03
-2.3380e-03
-1.1935e-03
-4.4779e-04
-1.6931e-05
1.9959e-04
2.0557e-04
4.6699e-05
-2.1114e-04
-4.2565e-04
-4.7580e-04
-3.6538e-04
-3.6259e-05
5.9603e-04
1.3792e-03
2.1277e-03
2.7635e-03
3.1865e-03
3.4718e-03
3.6825e-03
3.7277e-03
3.5677e-03
3.2257e-03
2.7995e-03
2.3986e-03
2.1342e-03
2.1271e-03
2.2064e-03
2.1528e-03
2.1433e-03
2.2825e-03
2.3909e-03
2.4213e-03
2.4021e-03
2.2183e-03
1.6978e-03
8.5022e-04
-1.2262e-04
-1.0013e-03
-1.7396e-03
-2.4832e-03
-3.2653e-03
-3.9241e-03
-4.4543e-03
-4.9896e-03
-5.4381e-03
-5.6469e-03
-5.5137e-03
-5.0444e-03
-4.5194e-03
-3.9827e-03
-3.0140e-03
-1.3739e-03
6.2460e-04
2.4545e-03
3.8875e-03
4.8479e-03
5.3112e-03
5.4715e-03
5.6022e-03
5.8839e-03
6.2727e-03
6.5025e-03
6.3758e-03
5.9784e-03
5.5094e-03
5.0518e-03
4.6538e-03
4.4814e-03
4.5335e-03
4.5555e-03
4.3244e-03
3.7804e-03
3.0463e-03
2.3233e-03
1.7062e-03
1.2041e-03
8.1405e-04
4.9021e-04
2.6504e-04
2.7211e-04
5.5328e-04
1.0287e-03
1.4268e-03
1.3898e-03
9.0085e-04
3.7210e-04
1.6908e-04
2.3513e-04
3.3774e-04
4.4638e-04
6.6733e-04
1.0176e-03
1.5149e-03
2.2194e-03
3.0735e-03
3.9459e-03
4.6815e-03
5.2466e-03
5.6452e-03
5.8480e-03
5.9467e-03
5.9203e-03
5.7569e-03
5.5505e-03
5.2632e-03
4.9053e-03
4.5965e-03
4.4407e-03
4.4503e-03
4.4804e-03
4.3964e-03
4.1723e-03
3.8867e-03
3.7356e-03
3.8174e-03
3.9555e-03
3.9476e-03
3.9246e-03
4.1214e-03
4.3609e-03
4.4021e-03
4.3381e-03
4.3256e-03
4.3726e-03
4.4036e-03
4.3213e-03
4.0120e-03
3.3884e-03
2.3529e-03
9.6321e-04
-4.3379e-04
-1.5346e-03
-2.2326e-03
-2.6129e-03
-2.8928e-03
-3.1185e-03
-3.1970e-03
-3.1927e-03
-3.2489e-03
-3.4473e-03
-3.7835e-03
-4.1345e-03
-4.4047e-03
-4.6093e-03
-4.8100e-03
-5.0727e-03
-5.2854e-03
-5.3242e-03
-5.2883e-03
-5.2986e-03
-5.3546e-03
-5.3961e-03
-5.3561e-03
-5.1667e-03
-4.8193e-03
-4.4527e-03
-4.2068e-03
-4.1001e-03
-4.0481e-03
-3.8491e-03
-3.3962e-03
-2.8510e-03
-2.4355e-03
-2.1052e-03
-1.7431e-03
-1.4087e-03
-1.2676e-03
-1.4234e-03
-1.7471e-03
-1.9724e-03
-1.9616e-03
-1.7691e-03
-1.4107e-03
-8.5379e-04
-8.0647e-05
7.9276e-04
1.5560e-03
2.1533e-03
2.5434e-03
2.6436e-03
2.5804e-03
2.6671e-03
2.8907e-03
2.9521e-03
2.8022e-03
2.6066e-03
2.5112e-03
2.4522e-03
2.3400e-03
2.2394e-03
2.0862e-03
1.7738e-03
1.3884e-03
1.0461e-03
7.4468e-04
4.3352e-04
6.2311e-05
-3.9478e-04
-9.1129e-04
-1.3956e-03
-1.8791e-03
-2.3615e-03
-2.6290e-03
-2.5801e-03
-2.3150e-03
-1.9191e-03
-1.5169e-03
-1.2386e-03
-9.2845e-04
-3.2816e-04
4.3219e-04
1.0999e-03
1.6333e-03
2.1013e-03
2.5869e-03
3.0308e-03
3.4134e-03
3.7373e-03
3.8997e-03
3.7969e-03
3.4899e-03
3.1301e-03
2.7083e-03
2.1156e-03
1.3853e-03
7.9763e-04
4.0684e-04
1.1610e-05
-2.0760e-04
-2.2252e-05
2.3680e-04
2.4147e-04
1.1674e-04
7.3716e-05
1.6554e-04
3.7357e-04
6.3777e-04
7.9234e-04
7.5871e-04
7.2178e-04
9.1709e-04
1.4374e-03
2.1689e-03
2.9025e-03
3.5336e-03
4.0407e-03
4.4147e-03
4.7017e-03
4.9043e-03
4.9779e-03
4.9817e-03
4.9580e-03
4.8522e-03
4.6247e-03
4.3473e-03
4.0239e-03
3.5524e-03
3.1190e-03
3.1394e-03
3.6681e-03
4.2453e-03
4.3980e-03
4.0795e-03
3.5392e-03
3.0628e-03
2.8516e-03
2.8581e-03
2.9293e-03
3.1141e-03
3.5760e-03
4.2803e-03
4.9962e-03
5.5523e-03
5.8833e-03
6.0083e-03
6.1049e-03
6.2161e-03
6.1328e-03
5.8572e-03
5.6550e-03
5.6405e-03
5.6053e-03
5.3347e-03
4.7853e-03
3.9018e-03
2.6461e-03
1.1265e-03
-4.2771e-04
-1.7787e-03
-2.8792e-03
-3.7563e-03
-4.4961e-03
-5.2333e-03
-5.9520e-03
-6.4832e-03
-6.7065e-03
-6.7267e-03
-6.7527e-03
-6.8260e-03
-6.8163e-03
-6.5826e-03
-6.1093e-03
-5.6167e-03
-5.3943e-03
-5.4327e-03
-5.4982e-03
-5.4810e-03
-5.4157e-03
-5.3347e-03
-5.2417e-03
-5.1783e-03
-5.2142e-03
-5.1857e-03
-4.8298e-03
-4.2930e-03
-3.8658e-03
-3.4814e-03
-2.9574e-03
-2.3086e-03
-1.5647e-03
-8.6564e-04
-4.2482e-04
-1.3456e-04
1.8028e-04
4.9343e-04
7.1984e-04
8.5512e-04
9.8954e-04
1.0681e-03
8.4946e-04
3.3769e-04
-1.3274e-04
-4.1042e-04
-5.0147e-04
-3.6087e-04
-3.9920e-05
3.0101e-04
5.7503e-04
7.9037e-04
9.7395e-04
1.1645e-03
1.2538e-03
1.1934e-03
1.2248e-03
1.4178e-03
1.5864e-03
1.7272e-03
1.9130e-03
2.0897e-03
2.1864e-03
2.2183e-03
2.2073e-03
2.0714e-03
1.6984e-03
1.1137e-03
4.4445e-04
-9.0204e-05
-3.0792e-04
-2.4141e-04
-4.2377e-05
-1.0942e-06
-2.5265e-04
-5.7043e-04
-8.1353e-04
-1.1097e-03
-1.4309e-03
-1.5663e-03
-1.4013e-03
-1.0575e-03
-7.6539e-04
-5.8948e-04
-4.0755e-04
-3.3387e-05
4.8891e-04
9.6576e-04
1.4211e-03
1.9400e-03
2.4277e-03
2.8370e-03
3.1833e-03
3.6081e-03
4.2343e-03
4.7358e-03
4.7222e-03
4.2397e-03
3.7125e-03
3.4892e-03
3.5312e-03
3.6463e-03
3.8433e-03
4.2313e-03
4.7225e-03
5.1227e-03
5.4409e-03
5.7292e-03
5.8960e-03
5.8440e-03
5.6441e-03
5.4096e-03
5.0284e-03
4.4356e-03
3.7152e-03
2.8371e-03
1.6792e-03
2.8794e-04
-1.1313e-03
-2.4491e-03
-3.6089e-03
-4.5525e-03
-5.3115e-03
-5.9435e-03
-6.3145e-03
-6.2341e-03
-5.8240e-03
-5.3693e-03
-5.0091e-03
-4.7948e-03
-4.6086e-03
-4.2802e-03
-3.9234e-03
-3.7807e-03
-3.9149e-03
-4.1165e-03
-4.1041e-03
-3.8657e-03
-3.5537e-03
-3.3466e-03
-3.3073e-03
-3.3243e-03
-3.3658e-03
-3.5591e-03
-3.9987e-03
-4.5471e-03
-4.9668e-03
-5.2223e-03
-5.3334e-03
-5.2250e-03
-4.9130e-03
-4.5210e-03
-4.1008e-03
-3.6534e-03
-3.2401e-03
-2.7925e-03
-2.2189e-03
-1.6051e-03
-1.0345e-03
-6.5045e-04
-5.4227e-04
-5.0396e-04
-4.0239e-04
-3.5335e-04
-3.3043e-04
-1.7134e-04
-9.3155e-07
6.5120e-05
2.5501e-04
7.8480e-04
1.4942e-03
1.9894e-03
2.0329e-03
1.7148e-03
1.2920e-03
8.0039e-04
1.0819e-04
-7.2558e-04
-1.4690e-03
-1.8516e-03
-1.8655e-03
-1.8197e-03
-1.8840e-03
-1.9748e-03
-1.9622e-03
-1.7772e-03
-1.4372e-03
-1.0865e-03
-8.3854e-04
-6.6119e-04
-4.1310e-04
9.1954e-05
7.7354e-04
1.2840e-03
1.4018e-03
1.2570e-03
1.1747e-03
1.3681e-03
1.6770e-03
1.7909e-03
1.8991e-03
2.3448e-03
2.8797e-03
3.2075e-03
3.4961e-03
3.7735e-03
3.8172e-03
3.7491e-03
3.8422e-03
3.9654e-03
3.9604e-03
3.8552e-03
3.6784e-03
3.4270e-03
2.9650e-03
2.2809e-03
1.5618e-03
9.1535e-04
3.0390e-04
-3.4991e-04
-1.1174e-03
-2.0391e-03
-3.0405e-03
-3.8778e-03
-4.3834e-03
-4.7001e-03
-5.1121e-03
-5.7276e-03
-6.3765e-03
-6.7050e-03
-6.5323e-03
-6.1587e-03
-6.0191e-03
-6.2487e-03
-6.6244e-03
-6.8404e-03
-6.8110e-03
-6.7070e-03
-6.6784e-03
-6.7639e-03
-6.9793e-03
-7.2897e-03
-7.5135e-03
-7.5011e-03
-7.3014e-03
-6.9857e-03
-6.5980e-03
-6.1188e-03
-5.5076e-03
-4.8389e-03
-4.1602e-03
-3.4229e-03
-2.5895e-03
-1.7249e-03
-9.8935e-04
-3.9817e-04
1.3972e-04
6.8878e-04
1.3447e-03
2.0757e-03
2.8074e-03
3.5365e-03
4.2597e-03
4.9009e-03
5.3348e-03
5.4997e-03
5.5529e-03
5.7913e-03
6.3194e-03
6.8937e-03
7.1684e-03
7.0816e-03
6.7747e-03
6.3296e-03
5.8905e-03
5.6792e-03
5.6809e-03
5.7024e-03
5.7210e-03
5.8940e-03
6.3146e-03
6.8368e-03
7.2448e-03
7.5687e-03
7.9099e-03
8.2225e-03
8.3962e-03
8.4060e-03
8.4020e-03
8.5131e-03
8.7143e-03
8.8299e-03
8.5777e-03
7.8781e-03
6.9460e-03
5.9344e-03
4.9131e-03
3.9463e-03
3.0972e-03
2.4281e-03
1.9156e-03
1.5109e-03
1.1285e-03
7.3297e-04
3.9462e-04
2.0214e-04
1.7539e-04
1.9673e-04
1.8066e-04
1.4913e-04
1.4477e-04
1.7543e-04
2.0908e-04
1.7509e-04
-2.4463e-05
-4.3825e-04
-9.4859e-04
-1.3895e-03
-1.8162e-03
-2.3078e-03
-2.7427e-03
-3.0562e-03
-3.2431e-03
-3.2526e-03
-3.0958e-03
-2.8044e-03
-2.4311e-03
-1.9800e-03
-1.4242e-03
-8.3563e-04
-2.7397e-04
1.0099e-04
1.3404e-04
-5.2125e-05
-3.2507e-04
-6.6378e-04
-1.1265e-03
-1.7601e-03
-2.4774e-03
-3.1991e-03
-3.9124e-03
-4.5703e-03
-5.0530e-03
-5.2622e-03
-5.2632e-03
-5.2071e-03
-5.1346e-03
-5.0342e-03
-4.9683e-03
-4.8978e-03
-4.7437e-03
-4.5427e-03
-4.2486e-03
-3.8288e-03
-3.2910e-03
-2.6639e-03
-2.1054e-03
-1.7314e-03
-1.4734e-03
-1.2782e-03
-1.1792e-03
-1.1427e-03
-1.1762e-03
-1.3940e-03
-1.8502e-03
-2.3506e-03
-2.6023e-03
-2.5880e-03
-2.4834e-03
-2.3208e-03
-2.0397e-03
-1.7190e-03
-1.4584e-03
-1.2240e-03
-8.8247e-04
-3.0079e-04
3.6093e-04
8.9689e-04
1.3027e-03
1.5120e-03
1.5254e-03
1.5050e-03
1.5405e-03
1.5952e-03
1.6197e-03
1.6015e-03
1.5519e-03
1.5112e-03
1.5654e-03
1.8222e-03
2.3005e-03
2.7879e-03
2.9952e-03
2.9381e-03
2.8748e-03
2.9555e-03
3.1758e-03
3.4644e-03
3.6735e-03
3.7516e-03
3.8574e-03
4.0721e-03
4.2518e-03
4.3371e-03
4.5378e-03
4.9955e-03
5.5125e-03
5.7861e-03
5.8217e-03
5.8162e-03
5.7632e-03
5.5066e-03
5.2018e-03
5.0615e-03
4.7861e-03
4.0474e-03
3.0439e-03
2.1453e-03
1.4318e-03
9.1716e-04
5.3886e-04
1.0990e-04
-4.1406e-04
-8.4778e-04
-9.1586e-04
-6.5045e-04
-4.1620e-04
-4.0338e-04
-4.6322e-04
-4.7726e-04
-5.1180e-04
-6.6669e-04
-9.2641e-04
-1.1195e-03
-1.1398e-03
-1.0922e-03
-1.0737e-03
-1.0745e-03
-1.0819e-03
-1.1399e-03
-1.3099e-03
-1.5825e-03
-1.8233e-03
-1.9776e-03
-2.1766e-03
-2.4480e-03
-2.7717e-03
-3.2151e-03
-3.6226e-03
-3.6672e-03
-3.3797e-03
-3.1891e-03
-3.3158e-03
-3.5177e-03
-3.4878e-03
-3.2849e-03
-3.1421e-03
-3.0127e-03
-2.7767e-03
-2.5427e-03
-2.4167e-03
-2.3055e-03
-2.2108e-03
-2.3521e-03
-2.7523e-03
-3.1270e-03
-3.2528e-03
-3.1316e-03
-2.8795e-03
-2.6015e-03
-2.4443e-03
-2.4628e-03
-2.5757e-03
-2.7573e-03
-3.0121e-03
-3.2468e-03
-3.4461e-03
-3.6779e-03
-3.8413e-03
-3.8624e-03
-3.8527e-03
-3.8938e-03
-3.9342e-03
-3.8663e-03
-3.6013e-03
-3.1481e-03
-2.6766e-03
-2.2916e-03
-1.8040e-03
-1.0430e-03
-8.0934e-05
9.0116e-04
1.6623e-03
2.1010e-03
2.3897e-03
2.8100e-03
3.4854e-03
4.3459e-03
5.1341e-03
5.6468e-03
5.9997e-03
6.4413e-03
6.9892e-03
7.4922e-03
7.9506e-03
8.3486e-03
8.5830e-03
8.7680e-03
9.1067e-03
9.5347e-03
9.8626e-03
9.9359e-03
9.7181e-03
9.3489e-03
9.0294e-03
8.8151e-03
8.6532e-03
8.4450e-03
8.1077e-03
7.7414e-03
7.4567e-03
7.2578e-03
7.0391e-03
6.6895e-03
6.3099e-03
6.0455e-03
5.9406e-03
5.8855e-03
5.6531e-03
5.1532e-03
4.5506e-03
4.0047e-03
3.4637e-03
2.9302e-03
2.3837e-03
1.7310e-03
1.0000e-03
2.4381e-04
-5.4868e-04
-1.3686e-03
-2.1607e-03
-2.9956e-03
-3.8469e-03
-4.5404e-03
-5.0215e-03
-5.3410e-03
-5.5963e-03
-5.8234e-03
-6.0657e-03
-6.4036e-03
-6.7757e-03
-7.1137e-03
-7.4329e-03
-7.7951e-03
-8.2322e-03
-8.7257e-03
-9.1512e-03
-9.3420e-03
-9.3608e-03
-9.3737e-03
-9.3518e-03
-9.1086e-03
-8.5354e-03
-7.7557e-03
-6.9728e-03
-6.2029e-03
-5.1490e-03
-3.6641e-03
-2.0349e-03
-6.5741e-04
1.7120e-04
4.8913e-04
5.8954e-04
5.8167e-04
3.9658e-04
1.0873e-04
-1.8288e-04
-4.9417e-04
-9.1287e-04
-1.4677e-03
-2.0440e-03
-2.3807e-03
-2.4196e-03
-2.3800e-03
-2.3287e-03
-2.1151e-03
-1.6639e-03
-1.1525e-03
-7.7266e-04
-4.7225e-04
-2.0539e-04
-6.9121e-05
-1.6287e-04
-3.9853e-04
-6.8843e-04
-1.0883e-03
-1.4857e-03
-1.6707e-03
-1.7132e-03
-1.8301e-03
-2.0120e-03
-2.0625e-03
-1.9736e-03
-1.8207e-03
-1.6939e-03
-1.6778e-03
-1.7092e-03
-1.7099e-03
-1.6854e-03
-1.6743e-03
-1.6952e-03
-1.7381e-03
-1.7561e-03
-1.6621e-03
-1.3686e-03
-9.0555e-04
-5.1047e-04
-3.7899e-04
-3.5079e-04
-1.2589e-04
3.4760e-04
8.3288e-04
1.1694e-03
1.5365e-03
2.0674e-03
2.4663e-03
2.5428e-03
2.4663e-03
2.3037e-03
1.9348e-03
1.4105e-03
1.0913e-03
1.0956e-03
1.1444e-03
1.0820e-03
1.0287e-03
1.1709e-03
1.5948e-03
2.1638e-03
2.4996e-03
2.4874e-03
2.3995e-03
2.4072e-03
2.4603e-03
2.4907e-03
2.4960e-03
2.4954e-03
2.4954e-03
2.4955e-03
2.4938e-03
2.4886e-03
2.4799e-03
2.4754e-03
2.4890e-03
2.5293e-03
2.5754e-03
2.5591e-03
2.3765e-03
1.9654e-03
1.4565e-03
1.1896e-03
1.1712e-03
9.6179e-04
2.9466e-04
-6.1699e-04
-1.3498e-03
-1.6252e-03
-1.5750e-03
-1.5252e-03
-1.5675e-03
-1.6030e-03
-1.5808e-03
-1.5688e-03
-1.7032e-03
-2.1048e-03
-2.7247e-03
-3.2708e-03
-3.6263e-03
-3.9166e-03
-4.1926e-03
-4.3549e-03
-4.3710e-03
-4.3659e-03
-4.4211e-03
-4.5004e-03
-4.5090e-03
-4.3348e-03
-3.9042e-03
-3.3387e-03
-3.0079e-03
-3.0246e-03
-3.1118e-03
-3.0958e-03
-3.0310e-03
-2.9992e-03
-3.0174e-03
-3.0655e-03
-3.0936e-03
-3.0095e-03
-2.7122e-03
-2.2177e-03
-1.7690e-03
-1.6070e-03
-1.6510e-03
-1.6821e-03
-1.6513e-03
-1.6320e-03
-1.6581e-03
-1.6807e-03
-1.5983e-03
-1.3131e-03
-8.4083e-04
-4.1510e-04
-2.6936e-04
-3.1845e-04
-3.2684e-04
-2.3548e-04
-1.6064e-04
-2.6738e-04
-6.9096e-04
-1.4040e-03
-2.1135e-03
-2.6046e-03
-2.8412e-03
-2.9993e-03
-3.4008e-03
-4.0379e-03
-4.4628e-03
-4.4461e-03
-4.1824e-03
-3.8371e-03
-3.5316e-03
-3.5168e-03
-3.7211e-03
-3.8152e-03
-3.7270e-03
-3.5361e-03
-3.2767e-03
-2.9729e-03
-2.6100e-03
-2.3664e-03
-2.3645e-03
-2.3291e-03
-1.9590e-03
-1.2517e-03
-4.6969e-04
2.6623e-04
9.4208e-04
1.4869e-03
1.7454e-03
1.7240e-03
1.7031e-03
1.9020e-03
2.3448e-03
2.8818e-03
3.2186e-03
3.3746e-03
3.7069e-03
4.2586e-03
4.6027e-03
4.5619e-03
4.4539e-03
4.5867e-03
5.0565e-03
5.7832e-03
6.4941e-03
7.0418e-03
7.4462e-03
7.8456e-03
8.3536e-03
8.7184e-03
8.7756e-03
8.7293e-03
8.7320e-03
8.7384e-03
8.7041e-03
8.6981e-03
8.8629e-03
9.3019e-03
9.9036e-03
1.0275e-02
1.0238e-02
9.9684e-03
9.5820e-03
9.1543e-03
8.9234e-03
8.8248e-03
8.3572e-03
7.2511e-03
5.8541e-03
4.5937e-03
3.3010e-03
1.8385e-03
5.0695e-04
-4.6939e-04
-1.1590e-03
-1.8227e-03
-2.5283e-03
-3.1730e-03
-3.6691e-03
-4.1084e-03
-4.6209e-03
-4.9717e-03
-5.0131e-03
-4.9789e-03
-5.0324e-03
-5.0828e-03
-4.9630e-03
-4.5812e-03
-4.0300e-03
-3.5997e-03
-3.3162e-03
-2.9349e-03
-2.5215e-03
-2.3182e-03
-2.2148e-03
-1.8933e-03
-1.3174e-03
-7.8157e-04
-3.4828e-04
1.3432e-04
4.6618e-04
4.7999e-04
3.8999e-04
4.0193e-04
5.4277e-04
7.9157e-04
1.0827e-03
1.2423e-03
1.2132e-03
1.1375e-03
1.1343e-03
1.2400e-03
1.4708e-03
1.7770e-03
1.9799e-03
1.9896e-03
1.8636e-03
1.5983e-03
1.1725e-03
7.3730e-04
4.3287e-04
1.0534e-04
-3.8641e-04
-8.2366e-04
-1.1369e-03
-1.5599e-03
-2.0375e-03
-2.2600e-03
-2.1647e-03
-1.8973e-03
-1.5596e-03
-1.2646e-03
-1.0843e-03
-1.0089e-03
-9.0837e-04
-5.7266e-04
3.1759e-06
4.6749e-04
4.3272e-04
-8.4561e-05
-6.7950e-04
-8.4106e-04
-4.8499e-04
-5.4775e-05
-4.2645e-05
-5.0787e-04
-9.2164e-04
-9.3983e-04
-7.9928e-04
-7.6016e-04
-8.3861e-04
-9.6967e-04
-1.0871e-03
-1.0566e-03
-7.3453e-04
-3.1249e-04
-1.5505e-04
-2.2468e-04
-1.7224e-04
2.2384e-04
9.0890e-04
1.6339e-03
2.3511e-03
3.1737e-03
4.1362e-03
4.9899e-03
5.3566e-03
5.3236e-03
5.2596e-03
5.2767e-03
5.2938e-03
5.3246e-03
5.5111e-03
5.9639e-03
6.5443e-03
6.8158e-03
6.5863e-03
6.1279e-03
5.7517e-03
5.5246e-03
5.4333e-03
5.4582e-03
5.5068e-03
5.5066e-03
5.4165e-03
5.1841e-03
4.8071e-03
4.4235e-03
4.1552e-03
4.0625e-03
4.1102e-03
4.1385e-03
3.9965e-03
3.6052e-03
3.0116e-03
2.4238e-03
1.8408e-03
1.0912e-03
2.2647e-04
-5.7491e-04
-1.3492e-03
-2.1083e-03
-2.7431e-03
-3.2872e-03
-3.8133e-03
-4.1618e-03
-4.2879e-03
-4.4470e-03
-4.7313e-03
-4.9287e-03
-4.9558e-03
-4.9963e-03
-5.1852e-03
-5.4496e-03
-5.6104e-03
-5.6917e-03
-5.9200e-03
-6.3457e-03
-6.6956e-03
-6.7313e-03
-6.5804e-03
-6.3600e-03
-6.1085e-03
-5.9432e-03
-5.9446e-03
-6.0537e-03
-6.2690e-03
-6.5854e-03
-6.8719e-03
-6.9940e-03
-6.9691e-03
-6.9439e-03
-6.9889e-03
-7.0633e-03
-7.0898e-03
-6.9848e-03
-6.6814e-03
-6.2312e-03
-5.8831e-03
-5.8170e-03
-5.7762e-03
-5.2700e-03
-4.0998e-03
-2.6155e-03
-1.3336e-03
-4.8183e-04
1.6675e-05
4.4933e-04
9.5854e-04
1.4281e-03
1.8311e-03
2.1948e-03
2.4852e-03
2.6285e-03
2.6429e-03
2.6616e-03
2.7327e-03
2.7619e-03
2.6061e-03
2.1810e-03
1.6106e-03
1.2685e-03
1.2741e-03
1.3663e-03
1.3861e-03
1.3789e-03
1.3686e-03
1.2674e-03
9.6652e-04
4.8924e-04
8.3161e-05
-4.0919e-05
-4.4818e-05
-2.6081e-04
-7.8568e-04
-1.4143e-03
-1.9573e-03
-2.4426e-03
-2.8516e-03
-3.2388e-03
-3.7601e-03
-4.2880e-03
-4.7471e-03
-5.2381e-03
-5.5698e-03
-5.6116e-03
-5.5869e-03
-5.6487e-03
-5.6961e-03
-5.5523e-03
-5.1313e-03
-4.5690e-03
-4.2385e-03
-4.2451e-03
-4.3099e-03
-4.2732e-03
-4.2259e-03
-4.2977e-03
-4.5246e-03
-4.8003e-03
-4.8865e-03
-4.6946e-03
-4.4114e-03
-4.2613e-03
-4.1905e-03
-3.9493e-03
-3.4970e-03
-3.1257e-03
-3.0684e-03
-3.0990e-03
-2.8301e-03
-2.3849e-03
-2.1667e-03
-2.1350e-03
-1.9363e-03
-1.4557e-03
-9.3094e-04
-5.8146e-04
-3.1562e-04
2.3015e-05
4.9911e-04
1.0896e-03
1.6683e-03
1.9797e-03
1.9703e-03
1.8954e-03
1.9161e-03
2.0008e-03
2.0844e-03
2.1155e-03
2.0086e-03
1.6712e-03
1.1515e-03
7.6422e-04
8.3135e-04
1.2668e-03
1.6888e-03
1.9038e-03
1.9267e-03
1.8776e-03
1.9799e-03
2.4067e-03
3.1175e-03
3.8286e-03
4.3828e-03
4.7990e-03
5.2157e-03
5.7376e-03
6.0964e-03
6.1282e-03
6.0677e-03
6.1063e-03
6.2079e-03
6.2566e-03
6.1335e-03
5.7309e-03
5.0797e-03
4.4478e-03
3.9636e-03
3.5974e-03
3.4247e-03
3.4278e-03
3.4653e-03
3.4726e-03
3.4406e-03
3.2991e-03
2.9422e-03
2.3999e-03
1.9103e-03
1.5000e-03
1.0222e-03
6.8221e-04
6.4516e-04
7.0624e-04
6.9688e-04
6.4866e-04
6.2118e-04
6.1357e-04
6.0637e-04
6.0050e-04
6.1249e-04
6.5407e-04
7.0734e-04
7.0268e-04
5.2600e-04
9.7124e-05
-4.6128e-04
-7.7659e-04
-7.4462e-04
-6.6691e-04
-7.5165e-04
-9.5841e-04
-1.1408e-03
-1.1562e-03
-1.0538e-03
-9.0811e-04
-7.8873e-04
-9.1933e-04
-9.1875e-04
-8.7843e-04
-8.6537e-04
-1.0189e-03
-1.4279e-03
-1.9736e-03
-2.2940e-03
-2.2784e-03
-2.1908e-03
-2.1975e-03
-2.2495e-03
-2.2792e-03
-2.2814e-03
-2.2721e-03
-2.2591e-03
-2.2501e-03
-2.2568e-03
-2.2836e-03
-2.3064e-03
-2.2621e-03
-2.0684e-03
-1.7074e-03
-1.2985e-03
-9.7021e-04
-8.4743e-04
-1.0183e-03
-1.4480e-03
-1.9661e-03
-2.2398e-03
-2.1922e-03
-2.1054e-03
-2.1684e-03
-2.3488e-03
-2.5361e-03
-2.6365e-03
-2.7254e-03
-2.8116e-03
-2.8041e-03
-2.7788e-03
-2.8830e-03
-3.1538e-03
-3.4457e-03
-3.4519e-03
-3.0177e-03
-2.3516e-03
-1.8534e-03
-1.6242e-03
-1.4696e-03
-1.2365e-03
-9.3763e-04
-7.7991e-04
-8.6011e-04
-1.0094e-03
-9.8426e-04
-6.3629e-04
-1.7633e-04
2.8036e-05
-1.6867e-05
-6.8344e-05
-4.3974e-05
-1.6060e-05
-3.5199e-05
-7.4667e-05
-5.6106e-05
1.1037e-04
4.4897e-04
7.8455e-04
7.0720e-04
7.9928e-06
-8.3243e-04
-1.2054e-03
-1.0444e-03
-6.8901e-04
-4.7346e-04
-3.8018e-04
-1.9518e-04
1.1735e-04
5.4616e-04
1.0652e-03
1.3966e-03
1.4113e-03
1.3339e-03
1.3234e-03
1.3498e-03
1.3806e-03
1.4601e-03
1.6395e-03
1.8771e-03
2.0290e-03
2.0924e-03
2.2311e-03
2.4709e-03
2.6263e-03
2.6231e-03
2.5910e-03
2.6161e-03
2.6531e-03
2.6037e-03
2.3765e-03
1.9529e-03
1.4635e-03
1.0338e-03
6.1331e-04
2.3140e-04
6.3645e-05
9.9441e-05
1.6305e-04
1.5359e-04
3.5214e-05
-2.4390e-04
-6.6841e-04
-1.0362e-03
-1.1665e-03
-1.1908e-03
-1.3516e-03
-1.6409e-03
-1.8085e-03
-1.7285e-03
-1.5046e-03
-1.2755e-03
-1.1526e-03
-1.0841e-03
-8.7087e-04
-4.5901e-04
-5.3609e-05
1.8083e-04
3.9966e-04
7.9159e-04
1.2028e-03
1.3796e-03
1.3705e-03
1.3660e-03
1.3795e-03
1.2771e-03
9.6052e-04
5.0379e-04
1.3898e-04
-1.6825e-04
-6.9224e-04
-1.4167e-03
-2.1851e-03
-2.8251e-03
-3.1232e-03
-3.0121e-03
-2.6599e-03
-2.3441e-03
-2.1706e-03
-2.1012e-03
-2.0291e-03
-1.8011e-03
-1.3957e-03
-1.0014e-03
-7.7137e-04
-5.7258e-04
-2.2901e-04
1.4739e-04
3.8613e-04
6.0610e-04
9.8086e-04
1.3681e-03
1.5238e-03
1.4872e-03
1.4484e-03
1.4670e-03
1.4956e-03
1.5032e-03
1.4945e-03
1.4792e-03
1.4639e-03
1.4587e-03
1.4740e-03
1.5031e-03
1.5025e-03
1.3909e-03
1.0913e-03
6.4525e-04
2.5486e-04
-5.6305e-05
-4.1239e-04
-6.6512e-04
-6.9535e-04
-6.5989e-04
-6.6538e-04
-6.3937e-04
-4.8582e-04
-2.1609e-04
4.6391e-05
2.4097e-04
4.0187e-04
6.2580e-04
9.8201e-04
1.3255e-03
1.4573e-03
1.4202e-03
1.3817e-03
1.3936e-03
1.4154e-03
1.4224e-03
1.4199e-03
1.4125e-03
1.3952e-03
1.3661e-03
1.3408e-03
1.3619e-03
1.4870e-03
1.7353e-03
2.0420e-03
2.3557e-03
2.6081e-03
2.6928e-03
2.6470e-03
2.6062e-03
2.6190e-03
2.6470e-03
2.6403e-03
2.5518e-03
2.3424e-03
2.0434e-03
1.8079e-03
1.7287e-03
1.6741e-03
1.5878e-03
1.5527e-03
1.5521e-03
1.4877e-03
1.2909e-03
9.7663e-04
6.6934e-04
4.5803e-04
2.4751e-04
-2.1217e-05
-1.6982e-04
-1.2105e-04
5.0961e-05
2.6250e-04
4.3186e-04
5.0159e-04
4.8691e-04
4.6652e-04
4.7177e-04
4.8014e-04
4.7479e-04
4.6643e-04
4.7741e-04
5.2375e-04
5.9396e-04
6.2549e-04
5.4273e-04
4.2798e-04
4.0437e-04
4.4666e-04
4.8129e-04
4.6958e-04
3.7121e-04
1.4120e-04
-1.8292e-04
-4.4544e-04
-6.3839e-04
-8.9293e-04
-1.1659e-03
-1.4171e-03
-1.6954e-03
-1.8686e-03
-1.8082e-03
-1.5789e-03
-1.2906e-03
-1.0683e-03
-1.0065e-03
-1.0386e-03
-1.0119e-03
-8.3934e-04
-5.3017e-04
-1.8081e-04
1.2063e-04
3.6420e-04
4.9983e-04
5.5088e-04
6.7876e-04
9.3642e-04
1.1684e-03
1.2283e-03
1.1876e-03
1.2170e-03
1.3894e-03
1.6419e-03
1.8404e-03
2.0106e-03
2.2899e-03
2.6248e-03
2.8845e-03
2.9887e-03
2.9400e-03
2.8033e-03
2.5795e-03
2.2669e-03
1.9702e-03
1.7258e-03
1.4684e-03
1.1691e-03
8.2122e-04
4.8467e-04
2.2745e-04
8.6509e-05
8.8191e-06
-1.3216e-04
-3.3443e-04
-4.5261e-04
-4.7951e-04
-5.1124e-04
-5.9574e-04
-7.6974e-04
-9.9753e-04
-1.1234e-03
-1.0936e-03
-1.0237e-03
-1.0019e-03
-1.0389e-03
-1.1359e-03
-1.2758e-03
-1.3747e-03
-1.3681e-03
-1.3143e-03
-1.2446e-03
-1.1292e-03
-9.6602e-04
-8.4898e-04
-8.4003e-04
-8.5688e-04
-8.0764e-04
-6.6828e-04
-4.7088e-04
-3.0618e-04
-2.5057e-04
-2.6676e-04
-2.7087e-04
-2.3851e-04
-1.9758e-04
-1.8655e-04
-2.4339e-04
-3.8693e-04
-5.6197e-04
-6.2283e-04
-5.0868e-04
-3.1616e-04
-1.7527e-04
-1.4141e-04
-1.6456e-04
-1.7212e-04
-1.4785e-04
-1.1283e-04
-9.2085e-05
-1.1271e-04
-1.9979e-04
-3.4001e-04
-4.4726e-04
-4.2885e-04
-2.8988e-04
-1.2345e-04
-4.0297e-05
-5.0323e-05
-7.3224e-05
-6.8706e-05
-5.2337e-05
-3.8694e-05
-2.3789e-05
-1.1999e-06
2.4072e-05
3.1659e-05
6.5879e-06
9.1728e-07
7.6527e-05
2.0789e-04
3.1468e-04
3.8788e-04
4.6565e-04
5.1053e-04
4.9414e-04
4.6915e-04
4.8854e-04
5.6091e-04
6.5329e-04
6.9928e-04
6.8191e-04
6.4248e-04
5.9239e-04
5.0962e-04
4.0385e-04
3.3630e-04
3.2578e-04
3.2656e-04
3.1150e-04
2.9010e-04
2.7392e-04
2.6298e-04
2.5293e-04
2.4046e-04
2.2403e-04
2.0593e-04
1.9532e-04
2.0681e-04
2.4979e-04
3.0725e-04
3.3179e-04
3.1145e-04
2.8242e-04
2.6663e-04
2.5863e-04
2.4991e-04
2.3646e-04
2.1216e-04
1.6849e-04
1.0585e-04
4.3149e-05
-4.9805e-06
-5.0183e-05
-1.0066e-04
-1.4871e-04
-1.9399e-04
-2.3107e-04
-2.4510e-04
-2.3997e-04
-2.3245e-04
-2.2915e-04
-2.2922e-04
-2.3491e-04
-2.4941e-04
-2.6662e-04
-2.6858e-04
-2.4729e-04
-2.1435e-04
-1.8637e-04
-1.6899e-04
-1.6211e-04
-1.6247e-04
-1.6227e-04
-1.5793e-04
-1.5209e-04
-1.5017e-04
-1.5851e-04
-1.8130e-04
-2.1213e-04
-2.3095e-04
-2.2847e-04
-2.1372e-04
-2.0166e-04
-1.9837e-04
-1.9764e-04
-1.9447e-04
-1.8990e-04
-1.8622e-04
-1.8376e-04
-1.8075e-04
-1.7399e-04
-1.6049e-04
-1.4145e-04
-1.2537e-04
-1.1963e-04
-1.2068e-04
-1.2131e-04
-1.2021e-04
-1.1959e-04
-1.2000e-04
-1.1948e-04
-1.1509e-04
-1.0521e-04
-9.3096e-05
-8.7175e-05
-8.9031e-05
-9.2030e-05
-9.3308e-05
-9.5657e-05
-1.0189e-04
-1.1118e-04
-1.1892e-04
-1.2208e-04
-1.2388e-04
-1.2840e-04
-1.3437e-04
-1.3803e-04
-1.3804e-04
-1.3567e-04
-1.3173e-04
-1.2560e-04
-1.1820e-04
-1.1329e-04
-1.1178e-04
-1.1121e-04
-1.1092e-04
-1.1061e-04
-1.0991e-04
-1.0846e-04
-1.0665e-04
-1.0514e-04
-1.0395e-04
-1.0366e-04
-1.0428e-04
-1.0448e-04
-1.0334e-04
-1.0127e-04
-9.9762e-05
-9.9871e-05
-1.0095e-04
-1.0200e-04
-1.0309e-04
-1.0476e-04
-1.0690e-04
-1.0851e-04
-1.0892e-04
-1.0878e-04
-1.0910e-04
-1.1014e-04
-1.1129e-04
-1.1158e-04
-1.1095e-04
-1.1018e-04
-1.0959e-04
-1.0891e-04
-1.0787e-04
-1.0658e-04
-1.0547e-04
-1.0482e-04
-1.0442e-04
-1.0402e-04
-1.0363e-04
-1.0341e-04
-1.0330e-04
-1.0307e-04
-1.0270e-04
-1.0233e-04
-1.0187e-04
-1.0121e-04
-1.0039e-04
-9.9477e-05
-9.8535e-05
-9.7597e-05
-9.6586e-05
-9.5503e-05
-9.4461e-05
-9.3498e-05
-9.2544e-05
-9.1510e-05
-9.0423e-05
-8.9392e-05
-8.8446e-05
-8.7552e-05
-8.6694e-05
-8.5861e-05
-8.5037e-05
-8.4220e-05
-8.3411e-05
-8.2610e-05
-8.1813e-05
-8.1019e-05
-8.0229e-05
-7.9444e-05
-7.8662e-05
-7.7879e-05
-7.7094e-05
-7.6308e-05
-7.5520e-05
-7.4730e-05
-7.3937e-05
-7.3140e-05
-7.2339e-05
-7.1534e-05
-7.0724e-05
-6.9910e-05
-6.9091e-05
-6.8267e-05
-6.7439e-05
-6.6607e-05
