-9.3872e-05
-9.3840e-05
-9.3789e-05
-9.3719e-05
-9.3623e-05
-9.3497e-05
-9.3359e-05
-9.3155e-05
-9.2559e-05
-9.1448e-05
-9.0292e-05
-8.9065e-05
-8.9877e-05
-9.3301e-05
-9.8134e-05
-1.0397e-04
-1.0870e-04
-1.1195e-04
-1.1137e-04
-9.7262e-05
-8.1507e-05
-7.2510e-05
-7.4965e-05
-9.4102e-05
-8.0512e-05
-8.2449e-05
-1.3653e-04
-1.5554e-04
-1.6727e-04
-1.6262e-04
-1.5009e-04
-1.6238e-04
-1.0763e-04
-1.0184e-05
2.8258e-05
7.0220e-05
1.2650e-04
8.4511e-05
-4.7882e-05
-1.2210e-04
-6.2725e-05
3.0352e-05
-1.4377e-05
-1.1675e-04
-1.9149e-04
-1.7136e-04
2.9163e-04
5.8789e-04
3.2060e-04
3.9402e-04
3.9236e-04
-4.2184e-04
-9.5913e-04
-5.2400e-04
-7.1855e-04
-9.7907e-04
-1.7202e-04
5.0378e-04
9.9225e-04
1.5165e-03
1.8100e-03
1.7755e-03
1.5519e-03
9.8784e-04
7.0592e-05
-4.3328e-04
-1.6089e-03
-2.9859e-03
-2.7693e-03
-1.7680e-03
-8.1100e-04
2.0923e-04
1.1512e-03
1.4312e-03
1.4790e-03
1.2908e-03
8.0961e-04
-2.4849e-04
-2.2428e-03
-3.7786e-03
-4.4128e-03
-3.8467e-03
-3.0623e-03
-2.8636e-03
-1.6449e-03
2.5056e-04
1.2671e-03
2.3347e-03
3.0877e-03
2.6560e-03
2.2951e-03
2.3462e-03
2.8433e-03
2.9186e-03
2.4271e-03
3.2637e-03
6.4876e-03
9.3483e-03
8.1028e-03
3.8575e-03
3.0187e-03
6.0402e-03
3.0116e-03
-3.1744e-03
-5.8110e-03
-6.5237e-03
-5.1850e-03
-2.9535e-03
-2.2442e-04
2.6920e-03
3.6809e-03
3.3442e-03
4.1722e-03
4.0595e-03
-2.0598e-03
-6.2376e-03
-1.5480e-03
1.3876e-03
2.7286e-04
-3.8968e-03
-5.9692e-03
-2.2125e-03
7.0009e-04
2.1146e-03
2.5634e-03
2.9939e-03
3.6374e-03
3.7502e-03
3.2054e-03
9.5823e-04
-6.4907e-03
-1.2290e-02
-1.2067e-02
-8.9834e-03
-1.1061e-02
-8.8566e-03
4.7023e-03
4.1713e-03
-5.0530e-03
1.1147e-03
9.4057e-03
1.4258e-03
-1.5488e-03
4.5035e-03
9.0961e-03
1.1916e-02
6.2436e-03
8.8150e-03
1.3761e-02
1.0737e-02
9.8482e-03
5.8243e-03
1.8078e-03
-2.0531e-04
-4.5213e-03
-8.0777e-03
-1.1355e-02
-1.4273e-02
-1.4381e-02
-1.2304e-02
-9.4942e-03
-9.0207e-03
-6.6731e-03
-2.2526e-03
-5.8184e-04
1.8923e-03
4.3656e-03
5.7441e-03
8.0029e-03
9.1571e-03
9.9018e-03
1.1393e-02
1.2164e-02
1.0120e-02
6.9043e-03
6.0972e-03
6.9767e-03
4.1975e-03
1.4989e-03
3.3104e-03
4.0468e-03
3.3643e-03
-3.1701e-05
-5.2211e-03
-1.0177e-02
-1.5739e-02
-2.2083e-02
-2.9409e-02
-3.0120e-02
-2.1654e-02
-1.4125e-02
-1.0227e-02
-8.1269e-03
-8.8693e-03
-1.2454e-02
-2.2556e-03
1.1678e-02
6.5852e-03
8.4591e-03
1.9743e-02
1.6184e-02
1.6375e-02
2.0144e-02
1.2758e-02
8.8823e-03
1.3195e-02
1.4140e-02
7.8529e-03
4.8646e-03
8.6701e-03
7.7086e-03
1.7691e-03
-2.0803e-03
-7.0474e-03
-1.2430e-02
-1.6764e-02
-2.0640e-02
-2.0309e-02
-1.5578e-02
-1.8182e-02
-1.4238e-02
-5.1964e-03
-7.3851e-03
-3.5324e-03
2.6297e-03
2.8584e-03
2.1867e-03
1.3931e-03
6.3824e-03
1.1750e-02
1.2314e-02
1.2895e-02
1.2318e-02
1.0725e-02
9.4208e-03
7.2153e-03
3.9929e-03
1.2221e-03
-6.2600e-03
-1.3804e-02
-1.6213e-02
-1.7959e-02
-1.2975e-02
-1.0881e-02
-1.2371e-02
-3.6518e-03
1.6583e-03
-2.8715e-03
-1.5212e-03
4.0184e-03
9.1001e-03
8.5986e-03
2.6590e-03
2.4234e-03
7.8269e-03
1.3428e-02
7.9794e-03
8.2232e-03
1.5119e-02
7.0764e-03
2.6583e-03
7.7816e-03
3.7085e-03
-2.4396e-03
-8.9951e-03
-1.5919e-02
-1.2519e-02
-5.1394e-03
-1.9372e-03
-4.1544e-03
-9.0552e-03
-1.2411e-02
-1.1307e-02
-9.0815e-03
-8.4342e-03
-1.1101e-02
-1.0897e-02
-5.6272e-03
-6.5059e-03
-1.1412e-02
-1.0032e-02
-1.9358e-03
5.6885e-03
9.5909e-03
9.2644e-03
6.2740e-03
3.4196e-03
4.5123e-03
8.3858e-03
9.3898e-03
6.5267e-03
2.4251e-03
-2.2227e-03
-3.0006e-03
1.2322e-05
8.3739e-04
2.8450e-03
6.1483e-03
3.7634e-03
2.3756e-05
-5.5276e-03
-7.3365e-03
-1.5411e-03
-6.5018e-03
-7.6900e-03
4.5260e-03
1.8278e-03
-5.2764e-03
-5.4879e-03
-2.5609e-04
6.5928e-03
1.0401e-03
4.3997e-03
1.0420e-02
3.4422e-03
1.3108e-03
6.7015e-03
1.1549e-02
8.4251e-03
4.5314e-03
3.5620e-03
2.8577e-04
-1.6945e-03
2.3634e-03
1.5900e-03
-4.3791e-03
-6.3667e-03
-7.7636e-03
-8.6291e-03
-9.1154e-03
-8.5596e-03
-4.9979e-03
-1.8792e-03
-3.1055e-03
-8.7421e-03
-1.5512e-02
-1.1442e-02
-4.3939e-03
-8.3744e-03
-1.0954e-02
-6.5725e-03
-2.6347e-04
4.7509e-03
6.6724e-03
7.4257e-03
5.1536e-03
7.4952e-03
9.2869e-03
5.6952e-03
1.6644e-02
1.6773e-02
1.3292e-02
2.7292e-02
2.7697e-02
1.9503e-02
1.6066e-02
1.8756e-02
1.6804e-02
5.6207e-03
8.5262e-03
1.0177e-02
-1.8461e-03
2.4773e-03
2.4969e-03
-1.1293e-02
-4.6834e-03
2.4215e-03
-5.1442e-03
-8.8416e-03
-6.0716e-03
-2.5239e-04
5.7425e-04
-4.9937e-03
-8.3287e-03
-6.4201e-03
-2.0285e-03
2.7694e-03
5.6846e-03
5.8187e-03
5.9451e-03
7.9925e-03
1.0187e-02
9.9552e-03
7.9196e-03
1.4468e-02
2.8566e-02
3.0776e-02
3.1403e-02
3.3225e-02
2.9757e-02
2.8374e-02
2.9282e-02
3.0442e-02
2.9585e-02
2.6742e-02
2.0151e-02
1.3874e-02
9.2540e-03
5.6870e-03
-1.1857e-04
-9.6937e-03
-1.8054e-02
-2.5568e-02
-3.3515e-02
-3.9458e-02
-5.0896e-02
-5.9126e-02
-4.7944e-02
-4.3119e-02
-5.1096e-02
-5.5726e-02
-5.1844e-02
-3.6842e-02
-5.0428e-02
-8.0195e-02
-5.1883e-02
-2.0835e-02
-3.1211e-02
-3.9255e-02
-3.9257e-02
-3.7855e-02
-2.3472e-02
1.5417e-02
3.1878e-02
2.4419e-02
2.0489e-02
1.8793e-02
2.5552e-02
3.4000e-02
4.1479e-02
4.0206e-02
3.1891e-02
2.3686e-02
1.5814e-02
5.9980e-03
1.7018e-03
6.5724e-03
1.1281e-02
1.6079e-02
2.2441e-02
2.7990e-02
2.4340e-02
1.0561e-02
-2.6374e-03
-1.7479e-02
-3.0901e-02
-2.5817e-02
-1.5495e-02
-1.2925e-02
-3.1858e-03
7.7108e-03
3.3374e-03
-9.9928e-04
4.3244e-03
1.9362e-03
-3.7698e-03
-6.1170e-03
-1.1033e-02
-1.0340e-02
6.2362e-04
6.7419e-03
1.1353e-02
1.8505e-02
1.5194e-02
1.1411e-02
1.7254e-02
1.6721e-02
9.4061e-03
6.6507e-03
4.3231e-03
1.1931e-03
4.1354e-03
8.6419e-03
2.5866e-03
-1.0437e-02
-1.3976e-02
1.0243e-03
1.1918e-02
1.8270e-02
2.6811e-02
2.3751e-02
1.8795e-02
1.5385e-02
1.1785e-02
4.7370e-03
-9.2441e-03
-1.6571e-02
-1.1066e-02
-1.2238e-02
-1.9661e-02
-1.3669e-02
-6.2286e-03
-9.1231e-03
-1.2241e-02
1.8891e-03
2.6938e-02
3.3272e-02
2.6320e-02
2.5849e-02
3.3592e-02
3.5208e-02
3.5595e-02
4.4676e-02
4.1207e-02
2.8024e-02
1.1553e-02
1.7442e-03
6.4422e-03
-4.4086e-04
-2.4467e-02
-5.0247e-02
-7.8808e-02
-1.0245e-01
-1.1364e-01
-1.2107e-01
-1.2474e-01
-1.1705e-01
-1.2291e-01
-9.9844e-02
1.5220e-02
4.6602e-02
-1.3418e-02
1.2284e-02
7.1483e-02
7.0687e-02
5.8525e-02
5.5516e-02
4.0409e-02
2.8226e-02
1.7828e-02
-1.8071e-03
-3.7676e-02
-4.9128e-02
-4.8410e-02
-4.3210e-02
-1.2449e-02
9.8645e-03
4.5432e-03
3.4039e-03
1.9616e-02
2.4232e-02
2.4196e-02
3.6488e-02
4.4375e-02
4.6983e-02
3.9162e-02
4.0558e-02
5.0929e-02
4.6368e-02
4.7675e-02
4.4948e-02
3.2553e-02
1.9555e-02
1.8076e-02
2.0031e-02
1.0358e-02
1.3222e-02
4.6356e-03
-9.9354e-03
-1.0477e-02
-1.3117e-02
-1.2423e-02
-2.4535e-02
-4.8025e-02
-8.7429e-02
-8.8347e-02
1.6960e-02
5.5008e-02
4.0854e-02
4.5461e-02
1.3906e-02
2.0048e-02
3.8342e-02
4.0704e-02
3.4568e-02
2.7324e-02
3.2729e-02
3.5805e-02
2.5176e-02
1.6903e-02
2.0903e-02
2.9384e-02
4.1297e-02
4.8556e-02
4.0449e-02
3.4489e-02
4.2673e-02
5.1822e-02
6.2873e-02
6.8983e-02
6.1212e-02
4.6169e-02
3.0987e-02
2.1897e-02
1.2318e-02
2.1202e-03
-7.0464e-03
-1.5552e-02
-2.5911e-02
-4.3953e-02
-5.6860e-02
-7.4506e-02
-8.9827e-02
-8.1053e-02
-8.9038e-02
-1.3149e-01
-1.6003e-01
-1.5216e-01
-1.3209e-01
-1.1632e-01
-9.9068e-02
-9.7478e-02
-1.0506e-01
-7.9769e-02
-2.8530e-02
4.0666e-04
1.0541e-02
2.1588e-02
1.9451e-02
1.0312e-02
2.8905e-03
-3.7829e-03
-1.4860e-02
-2.7188e-02
-3.5601e-02
-3.7449e-02
-2.1804e-02
-9.7418e-04
1.0122e-02
1.9225e-02
2.9654e-02
3.2233e-02
3.2731e-02
3.1195e-02
2.5090e-02
1.8780e-02
1.2504e-02
1.0569e-02
1.2048e-02
1.7321e-02
2.0174e-02
1.6651e-02
1.0691e-02
9.9256e-03
1.3232e-02
1.3490e-02
1.2997e-02
1.2953e-02
9.0250e-03
2.5847e-03
-7.4630e-04
-4.4569e-03
-7.5077e-03
-9.4968e-03
-1.1612e-02
-1.2511e-02
-8.4141e-03
1.7837e-03
8.4804e-03
1.3494e-02
1.2775e-02
6.7066e-03
3.7873e-03
-3.9520e-04
1.3616e-03
5.8009e-03
1.4267e-03
2.3653e-03
8.9251e-03
8.1662e-03
5.8121e-03
-1.7121e-03
-1.1669e-02
-1.3388e-02
-1.1908e-02
-8.9153e-03
-6.9732e-03
-3.9151e-03
-4.4990e-03
-1.1194e-02
-1.1970e-02
-9.6940e-03
-2.8172e-03
7.6935e-03
1.1091e-02
1.7003e-02
2.6544e-02
2.3705e-02
2.2346e-02
2.8507e-02
3.2230e-02
3.6810e-02
4.1661e-02
4.6157e-02
5.1375e-02
5.4355e-02
5.6409e-02
6.1175e-02
6.5221e-02
6.4432e-02
5.9279e-02
6.3757e-02
7.2775e-02
6.1819e-02
5.6839e-02
6.7818e-02
7.3587e-02
6.6911e-02
5.0694e-02
3.2771e-02
1.2991e-02
-1.1415e-03
-5.3117e-03
4.3595e-03
1.1058e-02
8.3899e-03
-5.6979e-02
-1.8979e-01
-1.5614e-01
-5.1985e-03
1.2171e-02
6.9808e-03
1.9632e-02
-4.7218e-03
-2.7946e-03
-1.3304e-02
-3.8575e-02
-3.3771e-02
-6.1330e-02
-1.3887e-01
-1.6261e-01
-1.2038e-01
-8.5072e-02
-6.5279e-02
-4.2845e-02
-1.5992e-02
3.4488e-04
7.6310e-03
3.6219e-03
-1.3998e-02
-3.2367e-02
-4.2723e-02
-3.1781e-02
-1.6324e-02
-1.8310e-02
-2.4347e-02
-2.0770e-02
-1.1489e-02
-3.5108e-03
5.4397e-03
1.3158e-02
1.7519e-02
1.3840e-02
4.6435e-03
-5.1974e-03
-9.6372e-03
-5.9540e-03
-8.4744e-03
-1.7197e-02
-2.2903e-02
-2.1612e-02
-2.1857e-02
-2.6716e-02
-2.0313e-02
-1.0368e-02
-6.5402e-03
-4.7279e-03
-7.6845e-03
-1.2391e-02
-1.1259e-02
-6.4087e-03
-1.1641e-03
2.9183e-03
-4.1854e-04
-4.2477e-03
-2.5333e-03
9.1430e-04
6.9862e-03
1.4800e-02
2.1599e-02
2.8883e-02
2.9243e-02
2.4468e-02
2.9294e-02
3.8448e-02
4.3974e-02
4.4484e-02
4.1192e-02
3.6918e-02
3.1431e-02
3.0207e-02
3.4309e-02
3.9421e-02
4.5539e-02
4.8595e-02
5.0256e-02
5.1091e-02
4.8395e-02
4.4225e-02
3.4099e-02
2.2812e-02
1.6167e-02
1.0783e-02
6.5068e-03
2.6507e-03
-1.0832e-04
-2.0053e-03
-5.0096e-03
-7.7545e-03
-3.7729e-03
6.7471e-03
2.2256e-02
3.8072e-02
4.3274e-02
4.0160e-02
3.7912e-02
4.0445e-02
4.3788e-02
4.0283e-02
3.2561e-02
1.8441e-02
-1.4023e-04
-3.7593e-03
3.4979e-03
1.0006e-02
1.7239e-02
2.1043e-02
2.1411e-02
2.0130e-02
1.3077e-02
9.3007e-03
1.4802e-02
1.6108e-02
1.4238e-02
1.0268e-02
2.2524e-04
-9.6445e-03
-1.9586e-02
-2.7818e-02
-3.4864e-02
-4.6690e-02
-6.2842e-02
-7.6223e-02
-7.5474e-02
-7.1652e-02
-7.4057e-02
-8.0747e-02
-8.1925e-02
-5.7730e-02
-5.5675e-02
-5.2616e-02
-2.4670e-02
-2.0206e-02
-2.2883e-02
-3.0690e-02
-2.8761e-02
-2.3792e-02
-3.6610e-02
-3.5085e-02
-1.8905e-02
-1.2554e-02
-8.0301e-03
-2.3729e-04
5.5825e-03
9.7184e-03
1.3858e-02
1.7886e-02
1.6901e-02
1.0636e-02
6.5252e-03
8.2898e-03
1.3457e-02
1.6398e-02
1.2537e-02
5.6712e-03
-1.1241e-04
-4.9406e-03
-1.0204e-02
-1.6362e-02
-2.0284e-02
-1.9237e-02
-1.8039e-02
-1.2622e-02
7.6688e-04
1.0536e-02
1.6386e-02
2.3355e-02
2.9285e-02
3.7180e-02
4.5054e-02
4.4581e-02
4.0845e-02
4.2839e-02
5.0175e-02
6.1369e-02
6.9952e-02
7.6890e-02
8.5602e-02
7.6092e-02
5.0215e-02
3.0023e-02
-6.6002e-04
-5.7632e-02
-8.4184e-02
-3.3917e-02
-5.8138e-03
-2.8994e-02
-1.9599e-02
9.3606e-03
1.5712e-02
9.8690e-03
1.8684e-03
-6.8833e-03
-5.7329e-03
-1.4895e-02
-3.0905e-02
-3.1264e-02
-3.0105e-02
-4.2179e-02
-4.8424e-02
-4.0972e-02
-3.8115e-02
-4.1369e-02
-4.8207e-02
-4.1744e-02
-1.9421e-02
-7.2346e-03
-7.9647e-03
-1.0585e-02
-4.3529e-03
7.4888e-03
1.2283e-02
1.3791e-02
1.2027e-02
3.5137e-03
-6.5727e-03
-1.6301e-02
-2.3906e-02
-3.1357e-02
-3.9202e-02
-4.1048e-02
-3.9308e-02
-3.2717e-02
-2.8358e-02
-3.0385e-02
-2.7579e-02
-1.7857e-02
-7.2988e-03
-7.7858e-04
3.5347e-03
6.3636e-03
3.3269e-03
-7.3135e-04
1.4789e-03
5.2994e-03
5.7543e-03
4.4081e-03
4.3686e-03
5.5627e-03
7.4935e-03
9.6077e-03
1.0919e-02
1.1711e-02
1.0881e-02
1.1640e-02
1.3918e-02
1.3773e-02
1.3090e-02
1.2858e-02
1.4279e-02
1.5840e-02
1.6401e-02
1.5799e-02
1.2944e-02
1.0368e-02
1.0439e-02
1.1691e-02
1.0683e-02
7.0053e-03
2.0903e-03
-3.0723e-03
-3.7284e-03
3.3527e-03
1.2012e-02
1.5151e-02
1.1475e-02
7.6881e-03
7.1672e-03
9.4340e-03
1.9511e-02
3.0354e-02
3.4707e-02
3.2632e-02
2.6677e-02
2.3161e-02
2.4073e-02
2.8512e-02
3.2882e-02
3.3998e-02
3.1789e-02
2.9630e-02
2.7414e-02
3.1162e-02
3.8621e-02
4.4911e-02
5.2936e-02
4.8671e-02
2.9952e-02
9.3545e-03
-1.5784e-02
-3.2376e-02
-2.8333e-02
-2.2378e-02
-2.4914e-02
-1.9226e-02
-1.3005e-02
-1.3367e-02
-1.2807e-02
-1.3724e-02
-1.7419e-02
-2.3302e-02
-2.9604e-02
-3.3638e-02
-3.5171e-02
-4.0625e-02
-4.7785e-02
-4.6768e-02
-4.6424e-02
-5.0928e-02
-5.3996e-02
-5.7384e-02
-6.0188e-02
-7.8640e-02
-6.5865e-02
1.9981e-03
2.5417e-02
8.0485e-03
8.8002e-03
1.4281e-02
1.7319e-02
2.2190e-02
1.3761e-02
-1.2216e-03
-3.3687e-03
-4.9397e-03
-7.1687e-03
-6.3089e-03
-8.8898e-03
-1.0706e-02
-8.1235e-03
-6.1079e-03
-4.9816e-03
-3.5488e-03
-1.6494e-03
9.0906e-04
3.7872e-03
7.0706e-03
1.0858e-02
1.3521e-02
1.6671e-02
2.2123e-02
2.3749e-02
2.2051e-02
2.0379e-02
1.8708e-02
2.2261e-02
2.7197e-02
2.6779e-02
2.5539e-02
2.3755e-02
2.3441e-02
2.5594e-02
2.7161e-02
2.7539e-02
2.4784e-02
2.2881e-02
2.4948e-02
2.6709e-02
2.8989e-02
3.1846e-02
3.5135e-02
3.9521e-02
4.3132e-02
4.6538e-02
4.3023e-02
3.4458e-02
2.7663e-02
1.7624e-02
-2.7872e-03
-2.3993e-02
-3.0591e-02
-3.6186e-02
-3.6745e-02
-2.5061e-02
-2.3953e-02
-3.3778e-02
-3.1855e-02
-3.0446e-02
-3.4204e-02
-2.7167e-02
-1.9857e-02
-1.4719e-02
-1.4690e-02
-1.8765e-02
-1.7506e-02
-1.5423e-02
-1.3054e-02
-1.0909e-02
-7.9542e-03
-3.3430e-03
-3.5045e-04
2.2981e-03
5.3086e-03
3.7823e-03
1.0313e-03
-1.2587e-03
-4.2406e-03
-1.0143e-02
-1.8472e-02
-2.0252e-02
-1.8058e-02
-1.5275e-02
-1.1418e-02
-9.1374e-03
-8.1377e-03
-7.8653e-03
-8.6893e-03
-1.0535e-02
-1.2294e-02
-1.5464e-02
-1.8191e-02
-1.6213e-02
-1.3814e-02
-1.4814e-02
-1.6361e-02
-1.6235e-02
-1.5770e-02
-1.5479e-02
-1.5740e-02
-1.7670e-02
-1.9447e-02
-1.7268e-02
-1.1875e-02
-7.8491e-03
-4.3272e-03
-2.4270e-03
-2.1627e-03
-1.5340e-03
-8.5118e-04
1.4200e-05
8.5142e-04
1.7369e-03
2.6299e-03
3.6259e-03
4.3700e-03
4.8315e-03
5.4599e-03
6.4939e-03
7.0138e-03
6.4642e-03
6.1223e-03
4.9330e-03
2.9975e-03
1.8986e-03
4.9027e-04
-2.0223e-03
-3.6654e-03
-2.9696e-03
7.9855e-05
2.9176e-03
5.3016e-03
7.9557e-03
8.6915e-03
6.8112e-03
8.2056e-03
1.1721e-02
1.3274e-02
1.5944e-02
2.0394e-02
2.4861e-02
2.8167e-02
3.0446e-02
3.0220e-02
2.7535e-02
2.5634e-02
2.4817e-02
2.4106e-02
2.5368e-02
2.5997e-02
2.2134e-02
1.7598e-02
1.4072e-02
1.0051e-02
7.5909e-03
7.3381e-03
6.0575e-03
2.5901e-03
-8.6870e-04
-4.0495e-03
-7.0761e-03
-6.4428e-03
-3.3439e-03
-5.4507e-03
-1.0773e-02
-1.2400e-02
-1.1760e-02
-1.0513e-02
-1.1882e-02
-1.6082e-02
-2.0128e-02
-2.1139e-02
-1.8566e-02
-1.6951e-02
-1.5712e-02
-1.3473e-02
-9.7912e-03
-7.0839e-03
-7.0140e-03
-7.4355e-03
-9.3780e-03
-1.0996e-02
-9.2285e-03
-5.6052e-03
-3.0296e-03
-5.2215e-04
2.7090e-03
5.4901e-03
8.6013e-03
1.1838e-02
1.3955e-02
1.5116e-02
1.5988e-02
1.6445e-02
1.6944e-02
1.6659e-02
1.5660e-02
1.3678e-02
1.1036e-02
9.9393e-03
1.0479e-02
1.1418e-02
1.2050e-02
1.0828e-02
4.6232e-03
-2.6563e-03
-4.6398e-03
-5.7750e-03
-5.7958e-03
-4.9183e-03
-5.8576e-03
-7.1725e-03
-7.0345e-03
-5.8308e-03
-5.6467e-03
-6.0416e-03
-6.5688e-03
-5.6217e-03
-3.3218e-03
-1.2395e-03
1.3004e-03
4.4565e-03
5.7507e-03
4.5385e-03
3.7093e-03
4.1060e-03
6.0444e-03
9.1907e-03
1.3315e-02
1.7330e-02
2.0317e-02
2.0741e-02
1.8348e-02
1.5258e-02
1.1846e-02
1.0066e-02
1.0043e-02
1.0299e-02
1.0959e-02
1.1568e-02
1.1999e-02
1.2342e-02
1.2649e-02
1.2771e-02
1.1851e-02
1.0274e-02
9.1058e-03
8.1024e-03
5.7884e-03
1.7225e-03
-1.7331e-03
-5.5280e-03
-1.0018e-02
-1.1473e-02
-1.1179e-02
-1.0460e-02
-8.8851e-03
-8.9002e-03
-1.0640e-02
-1.2113e-02
-1.3695e-02
-1.5526e-02
-1.7160e-02
-1.8875e-02
-2.0562e-02
-2.2253e-02
-2.3951e-02
-2.5601e-02
-2.7294e-02
-2.8620e-02
-2.9140e-02
-2.9405e-02
-2.9872e-02
-2.8678e-02
-2.9245e-02
-2.5946e-02
-8.2909e-03
-1.2390e-03
-1.8674e-03
7.6196e-03
1.2098e-02
1.2954e-02
1.3394e-02
1.1888e-02
1.1955e-02
1.2634e-02
1.2506e-02
1.2326e-02
1.2424e-02
1.1551e-02
8.9528e-03
6.6482e-03
5.0896e-03
2.4941e-03
-1.4509e-04
-2.7414e-03
-4.7792e-03
-5.5538e-03
-6.0567e-03
-6.3483e-03
-7.0461e-03
-7.7457e-03
-8.4536e-03
-9.0408e-03
-9.6922e-03
-1.1050e-02
-1.2800e-02
-1.4261e-02
-1.5998e-02
-1.7899e-02
-1.8538e-02
-1.8515e-02
-1.7757e-02
-8.6587e-03
2.0895e-03
7.7135e-03
9.1533e-03
4.6085e-03
6.9571e-03
1.3181e-02
1.0413e-02
7.9065e-03
9.9770e-03
9.9878e-03
9.9416e-03
1.0023e-02
9.0902e-03
8.0234e-03
6.8587e-03
5.6321e-03
4.6726e-03
4.0312e-03
3.6496e-03
3.6479e-03
3.5344e-03
2.6939e-03
1.4614e-03
-1.1812e-03
-3.8746e-03
-5.8721e-03
-8.2763e-03
-9.9995e-03
-1.1269e-02
-1.2085e-02
-1.2438e-02
-1.2687e-02
-1.2620e-02
-1.1590e-02
-1.0158e-02
-8.5788e-03
-6.3924e-03
-4.5570e-03
-3.6726e-03
-3.0198e-03
-2.6676e-03
-3.2571e-03
-4.4817e-03
-6.3397e-03
-8.4843e-03
-8.9707e-03
-7.7179e-03
-9.0151e-04
7.9933e-03
7.6834e-03
5.0477e-03
5.0158e-03
6.5666e-03
1.1467e-02
1.2285e-02
1.1054e-02
1.0557e-02
1.3663e-02
1.8694e-02
2.0870e-02
2.1245e-02
1.9175e-02
1.7103e-02
1.6913e-02
1.7557e-02
1.8232e-02
1.4235e-02
9.8242e-03
1.0166e-02
1.0690e-02
1.1745e-02
1.0913e-02
5.6722e-03
3.5479e-03
4.8179e-03
5.3807e-03
6.5250e-03
6.4613e-03
6.0586e-03
2.2526e-03
-2.5462e-03
-2.9033e-03
-2.0755e-03
-2.5750e-04
-7.0992e-05
-2.4505e-03
-5.8572e-03
-8.4589e-03
-9.9165e-03
-1.1078e-02
-9.9308e-03
-8.0713e-03
-6.3826e-03
-6.2863e-03
-8.9517e-03
-1.0740e-02
-1.1104e-02
-1.1275e-02
-1.1288e-02
-1.1044e-02
-1.0298e-02
-9.6194e-03
-8.8053e-03
-7.6806e-03
-6.6874e-03
-5.9552e-03
-5.3813e-03
-5.1300e-03
-5.4575e-03
-5.9457e-03
-7.0280e-03
-8.9995e-03
-1.0227e-02
-1.0769e-02
-1.1668e-02
-1.2232e-02
-1.2222e-02
-1.2003e-02
-1.1187e-02
-8.3353e-03
-6.7385e-03
-7.3477e-03
-8.0663e-03
-8.8807e-03
-7.7862e-03
-5.8572e-03
-3.2876e-03
-8.2575e-04
2.4252e-04
1.4000e-03
2.1908e-03
2.6155e-03
2.9338e-03
2.7711e-03
2.2536e-03
1.2565e-03
3.8010e-04
6.5089e-08
-2.0639e-04
5.5344e-04
1.7666e-03
2.9640e-03
4.5722e-03
5.8657e-03
6.7420e-03
7.5533e-03
8.3450e-03
9.8044e-03
1.1740e-02
1.2588e-02
1.3068e-02
1.3434e-02
1.3196e-02
1.2543e-02
1.1942e-02
9.8912e-03
8.2767e-03
8.8791e-03
1.0136e-02
1.2086e-02
1.3030e-02
1.3118e-02
1.3026e-02
1.2199e-02
9.9739e-03
7.0529e-03
5.4825e-03
4.7047e-03
4.2387e-03
4.2890e-03
4.7127e-03
4.6657e-03
3.0053e-03
1.8422e-04
-2.2596e-03
-4.0815e-03
-6.2495e-03
-7.8925e-03
-8.7658e-03
-9.9386e-03
-1.0842e-02
-1.0867e-02
-1.0905e-02
-1.1001e-02
-1.0950e-02
-1.0822e-02
-1.0626e-02
-1.0659e-02
-1.0021e-02
-8.5182e-03
-7.1305e-03
-5.6824e-03
-4.1720e-03
-2.6772e-03
-1.2289e-03
2.8796e-04
1.7099e-03
3.1123e-03
4.5685e-03
5.9108e-03
7.1434e-03
8.4761e-03
9.1960e-03
9.3577e-03
9.4447e-03
9.2937e-03
8.6759e-03
7.8278e-03
6.2406e-03
3.5205e-03
2.5547e-03
2.1923e-03
2.3706e-03
3.8298e-03
3.6778e-03
3.1481e-03
2.5383e-03
1.7861e-03
2.0715e-03
3.1139e-03
4.6217e-03
6.2981e-03
7.3073e-03
8.2913e-03
8.9843e-03
9.0393e-03
8.9834e-03
9.7049e-03
1.0624e-02
1.0748e-02
1.0930e-02
1.0620e-02
1.0321e-02
9.1401e-03
7.2198e-03
5.5315e-03
3.9641e-03
2.6743e-03
1.1491e-03
-6.5197e-04
-2.6683e-03
-4.7169e-03
-5.6678e-03
-6.1761e-03
-6.1547e-03
-5.7838e-03
-5.1996e-03
-4.4873e-03
-3.6729e-03
-3.2234e-03
-3.1403e-03
-3.1061e-03
-3.3219e-03
-3.7912e-03
-5.6150e-03
-7.8169e-03
-9.7100e-03
-1.1125e-02
-1.1780e-02
-1.2564e-02
-1.2963e-02
-1.3038e-02
-1.3117e-02
-1.3066e-02
-1.3219e-02
-1.3229e-02
-1.3062e-02
-1.1759e-02
-8.7776e-03
-5.3733e-03
-2.3105e-03
3.2559e-04
2.3061e-03
3.7009e-03
4.7757e-03
5.1311e-03
4.9808e-03
4.7179e-03
3.9117e-03
2.7351e-03
1.2344e-03
-1.3350e-04
-1.1382e-03
-1.8330e-03
-2.0735e-03
-2.0823e-03
-1.3810e-03
-2.0156e-04
1.1463e-03
1.9477e-03
2.6266e-03
3.1339e-03
3.7937e-03
4.1985e-03
3.6369e-03
3.0070e-03
2.3513e-03
1.8326e-03
2.0551e-03
2.1824e-03
2.2803e-03
2.8489e-03
3.1529e-03
3.1637e-03
2.7187e-03
1.0861e-03
9.1064e-05
5.1002e-04
7.1733e-04
1.5120e-03
3.7706e-03
6.7244e-03
1.0451e-02
1.2698e-02
1.3302e-02
1.4429e-02
1.4388e-02
1.4103e-02
1.3921e-02
1.3654e-02
1.3455e-02
1.2069e-02
9.9846e-03
7.7969e-03
5.3975e-03
3.0974e-03
6.1060e-04
-1.7403e-03
-4.1443e-03
-7.1599e-03
-9.8913e-03
-1.0874e-02
-1.1873e-02
-1.2590e-02
-1.2900e-02
-1.2887e-02
-1.2319e-02
-1.1603e-02
-9.9544e-03
-8.5060e-03
-7.5248e-03
-6.9651e-03
-7.5843e-03
-8.3865e-03
-8.9764e-03
-9.4171e-03
-9.2214e-03
-8.7768e-03
-8.0877e-03
-7.1176e-03
-6.2599e-03
-5.2561e-03
-3.8975e-03
-2.1108e-03
-5.4216e-04
9.1854e-04
2.4493e-03
3.5768e-03
4.7135e-03
5.6903e-03
6.2498e-03
6.5247e-03
6.3303e-03
5.8729e-03
5.1609e-03
4.2232e-03
3.1711e-03
2.0554e-03
9.3632e-04
1.2680e-04
-4.9483e-04
-1.1844e-03
-1.8219e-03
-2.2473e-03
-2.7940e-03
-2.8270e-03
-2.4328e-03
-2.0647e-03
-1.7038e-03
-2.3197e-03
-3.3901e-03
-4.4865e-03
-4.3619e-03
-3.5758e-03
-3.0814e-03
-2.1989e-03
-1.8229e-03
-2.3809e-03
-2.8658e-03
-2.8833e-03
-2.2099e-03
-8.7411e-04
1.5799e-05
1.1443e-03
2.0806e-03
1.4200e-03
-2.0587e-05
-1.1956e-03
-8.9793e-04
5.4852e-04
1.5639e-03
1.1341e-03
-1.3874e-04
1.2082e-03
3.4211e-03
4.1998e-03
5.2194e-03
5.7184e-03
5.0572e-03
4.7950e-03
4.5351e-03
3.5431e-03
2.5576e-03
1.9030e-03
1.1949e-03
1.7268e-04
-7.4573e-04
-1.3615e-03
-2.0536e-03
-2.5164e-03
-2.3564e-03
-2.0361e-03
-1.9468e-03
-1.8439e-03
-1.2276e-03
-1.4885e-03
-2.5900e-03
-3.5241e-03
-4.8733e-03
-5.9828e-03
-6.4312e-03
-7.1803e-03
-7.9577e-03
-8.5511e-03
-8.6131e-03
-7.6978e-03
-7.0795e-03
-6.6805e-03
-5.5470e-03
-4.4287e-03
-3.6425e-03
-1.9549e-03
-2.0910e-04
1.4291e-03
3.1046e-03
3.7002e-03
4.3599e-03
4.5107e-03
3.8260e-03
3.3620e-03
1.4512e-03
-2.0962e-04
-9.9532e-04
-1.3974e-03
-1.1070e-03
-1.2751e-03
-1.3034e-03
-1.3683e-03
-1.4473e-03
-1.7653e-03
-3.0612e-03
-4.9871e-03
-6.9528e-03
-8.2133e-03
-8.7459e-03
-8.6617e-03
-7.4455e-03
-5.1753e-03
-3.5699e-03
-2.4236e-03
-1.1672e-03
6.5668e-05
1.3962e-03
2.1658e-03
1.6869e-03
1.1807e-03
1.5723e-03
3.4479e-03
5.4402e-03
6.7992e-03
7.4744e-03
7.7857e-03
8.2231e-03
8.4669e-03
8.6606e-03
8.8645e-03
8.8546e-03
8.2430e-03
7.8332e-03
7.4117e-03
6.7795e-03
6.1951e-03
5.7832e-03
5.3463e-03
4.9309e-03
4.5213e-03
4.1087e-03
3.6699e-03
3.1926e-03
2.6641e-03
1.7323e-03
2.7975e-04
-1.7115e-03
-2.6185e-03
-2.2544e-03
-1.9394e-03
-1.4635e-03
-9.8127e-04
-4.4350e-04
2.1060e-05
5.3667e-04
8.8564e-04
1.2038e-03
1.5189e-03
1.8922e-03
2.2144e-03
2.3099e-03
2.4137e-03
2.5433e-03
2.9909e-03
2.9090e-03
2.4777e-03
2.1000e-03
1.5063e-03
9.4430e-04
4.4026e-04
7.5710e-04
1.2038e-03
7.5287e-04
3.6306e-06
-7.0678e-04
-1.2374e-03
-1.9373e-03
-2.7426e-03
-3.0985e-03
-3.5549e-03
-2.7249e-03
-1.5299e-03
-1.1251e-03
-5.1887e-04
2.4846e-04
5.4669e-04
-3.3371e-04
-1.8991e-03
-3.7635e-03
-5.3973e-03
-6.0626e-03
-6.7336e-03
-7.3344e-03
-7.8510e-03
-8.5265e-03
-8.9269e-03
-9.4426e-03
-9.2180e-03
-7.8354e-03
-6.6076e-03
-5.0572e-03
-3.8606e-03
-3.2364e-03
-2.3972e-03
-2.4192e-03
-3.4081e-03
-3.8132e-03
-4.1526e-03
-4.7226e-03
-3.8937e-03
-2.3584e-03
-1.4400e-03
-4.8408e-04
1.8136e-03
3.7681e-03
4.5190e-03
5.6551e-03
6.0365e-03
5.6568e-03
5.2646e-03
4.4013e-03
3.8930e-03
3.5905e-03
3.5470e-03
3.5064e-03
3.4364e-03
3.3094e-03
3.5664e-03
3.9935e-03
3.8501e-03
3.6633e-03
3.2711e-03
2.5791e-03
1.9393e-03
1.5136e-03
1.3950e-03
1.3751e-03
1.5658e-03
1.9840e-03
2.5048e-03
3.4271e-03
4.6526e-03
5.5652e-03
6.3307e-03
6.9447e-03
7.4720e-03
7.8865e-03
8.2444e-03
8.3104e-03
8.3564e-03
8.3321e-03
7.6827e-03
7.0784e-03
6.4896e-03
5.3189e-03
4.0571e-03
3.5968e-03
3.3207e-03
2.9929e-03
3.2461e-03
3.5501e-03
3.6899e-03
3.7412e-03
3.6803e-03
3.6440e-03
3.0996e-03
2.0891e-03
1.3707e-03
1.0733e-04
-1.6187e-03
-2.9577e-03
-3.9890e-03
-5.9722e-03
-7.9147e-03
-9.1045e-03
-1.0374e-02
-1.1194e-02
-1.1884e-02
-1.2525e-02
-1.2158e-02
-1.1152e-02
-1.0047e-02
-8.8190e-03
-7.5418e-03
-5.9988e-03
-4.2275e-03
-2.7772e-03
-1.7717e-03
-9.8729e-04
-7.8196e-04
-8.0881e-04
-7.5336e-04
-6.9387e-04
-9.5912e-04
-1.7903e-03
-2.8716e-03
-3.0083e-03
-2.3042e-03
-4.7545e-04
2.8200e-03
5.8027e-03
7.9672e-03
9.1544e-03
9.5836e-03
1.0070e-02
1.0567e-02
1.1009e-02
1.0708e-02
9.9746e-03
9.2550e-03
7.8864e-03
6.4247e-03
5.0988e-03
3.5932e-03
2.1944e-03
7.4714e-04
-4.2971e-04
-1.1060e-03
-1.9300e-03
-2.6578e-03
-3.3800e-03
-4.1484e-03
-4.6386e-03
-5.0974e-03
-5.3050e-03
-4.6177e-03
-4.0662e-03
-3.6474e-03
-3.2321e-03
-3.1719e-03
-3.0934e-03
-3.2249e-03
-3.2984e-03
-3.8416e-03
-4.5975e-03
-4.7232e-03
-4.8230e-03
-4.5384e-03
-4.1178e-03
-3.8934e-03
-3.1828e-03
-2.3276e-03
-1.5643e-03
-6.6385e-04
1.0036e-04
9.5583e-04
1.7431e-03
2.5891e-03
3.6338e-03
4.5511e-03
5.3631e-03
5.9022e-03
6.1657e-03
6.2428e-03
5.8239e-03
5.2341e-03
4.6876e-03
3.8650e-03
3.0431e-03
2.3960e-03
1.5787e-03
9.8135e-04
5.8003e-04
5.7870e-05
-3.0459e-04
-7.9294e-04
-1.1253e-03
-8.8827e-04
8.2104e-05
1.2087e-03
1.3957e-03
1.5737e-03
1.7820e-03
1.9864e-03
1.6465e-03
8.2398e-04
-5.4185e-05
-9.6221e-04
-1.9697e-03
-2.7989e-03
-3.7958e-03
-4.4830e-03
-4.8285e-03
-5.1840e-03
-5.5706e-03
-5.9425e-03
-6.5253e-03
-6.8453e-03
-6.6245e-03
-6.6292e-03
-6.3220e-03
-5.4593e-03
-4.6515e-03
-3.6843e-03
-2.5417e-03
-1.3726e-03
-6.3972e-04
-3.5925e-04
1.0993e-07
-1.6053e-04
-3.4617e-04
-4.7428e-04
-6.9660e-04
-1.0875e-03
-1.4393e-03
-1.7082e-03
-1.9684e-03
-2.2222e-03
-2.5063e-03
-2.7114e-03
-2.6628e-03
-2.6136e-03
-2.5759e-03
-2.4453e-03
-2.1497e-03
-2.0115e-03
-1.6448e-03
-1.0336e-03
-6.2879e-04
-6.8784e-04
-5.2486e-04
-6.8160e-04
-1.0724e-03
-1.7867e-03
-2.5874e-03
-2.6696e-03
-2.3962e-03
-1.8880e-03
-1.3217e-03
-1.0243e-03
-7.5798e-04
-9.2485e-04
-1.2170e-03
-1.7734e-03
-2.3543e-03
-3.0883e-03
-3.6988e-03
-3.4398e-03
-3.0507e-03
-2.4904e-03
-1.4059e-03
-9.9219e-04
-1.1116e-03
-1.4154e-03
-1.9675e-03
-1.8217e-03
-1.2608e-03
-8.3778e-04
-2.3902e-04
4.5537e-04
1.0237e-03
1.4495e-03
1.8181e-03
1.6644e-03
1.2195e-03
9.7216e-04
8.8292e-04
8.7624e-04
8.4076e-04
1.7192e-03
2.5836e-03
3.1051e-03
3.6419e-03
3.5227e-03
3.2230e-03
3.0487e-03
2.6638e-03
2.2000e-03
1.9769e-03
2.7569e-03
3.5432e-03
4.1929e-03
4.7953e-03
5.4159e-03
6.0377e-03
6.2632e-03
6.5291e-03
6.6514e-03
6.2331e-03
5.8952e-03
5.4349e-03
4.5679e-03
4.0132e-03
3.8960e-03
3.6862e-03
3.4806e-03
3.7446e-03
4.3436e-03
4.2231e-03
4.1011e-03
3.0098e-03
1.4556e-03
8.1282e-04
3.7326e-04
2.3738e-04
1.7987e-04
7.0522e-04
1.6650e-03
2.1434e-03
2.8468e-03
3.4228e-03
3.8767e-03
4.2315e-03
4.5096e-03
4.9225e-03
5.1241e-03
4.8225e-03
4.4227e-03
4.0760e-03
3.6876e-03
3.2578e-03
2.8658e-03
2.3973e-03
2.0147e-03
1.5069e-03
1.2381e-03
1.3991e-03
1.5495e-03
1.7214e-03
1.8388e-03
2.3570e-03
3.3739e-03
3.6823e-03
3.6324e-03
3.8705e-03
3.5579e-03
2.6609e-03
1.9023e-03
1.1021e-03
2.8346e-04
-5.9232e-04
-1.1421e-03
-1.4522e-03
-1.7698e-03
-2.0817e-03
-2.3998e-03
-2.7899e-03
-3.1586e-03
-3.4908e-03
-3.8693e-03
-4.1617e-03
-4.4995e-03
-4.9170e-03
-4.6820e-03
-4.2344e-03
-3.7870e-03
-3.4083e-03
-2.7077e-03
-1.9848e-03
-1.8012e-03
-1.9303e-03
-2.1767e-03
-2.7101e-03
-2.9991e-03
-4.0866e-03
-5.3116e-03
-5.5058e-03
-5.6546e-03
-5.9612e-03
-6.0702e-03
-5.9392e-03
-5.6663e-03
-5.4372e-03
-5.1030e-03
-4.9925e-03
-4.8772e-03
-4.8492e-03
-5.1637e-03
-5.5979e-03
-5.9974e-03
-6.3606e-03
-6.2843e-03
-6.3043e-03
-6.2432e-03
-5.4813e-03
-4.5891e-03
-3.8518e-03
-2.9139e-03
-2.2312e-03
-2.1233e-03
-1.9628e-03
-1.8489e-03
-1.6836e-03
-1.2050e-03
-7.2159e-04
-3.6466e-04
-8.9359e-05
1.4898e-04
3.9458e-04
5.9006e-04
9.3045e-04
1.2838e-03
1.5715e-03
1.5765e-03
1.6536e-03
1.7122e-03
1.5302e-03
1.2390e-03
1.0203e-03
6.2514e-04
9.2765e-05
-3.7710e-04
-8.2431e-04
-1.2065e-03
-1.5685e-03
-1.8661e-03
-2.3139e-03
-2.8312e-03
-2.9173e-03
-2.7995e-03
-2.7696e-03
-2.6843e-03
-2.5453e-03
-2.1331e-03
-1.7194e-03
-1.3482e-03
-9.1867e-04
-4.0349e-04
5.7173e-05
5.9046e-04
1.2401e-03
1.8130e-03
2.2262e-03
2.4773e-03
2.7829e-03
3.0334e-03
3.2263e-03
3.3544e-03
3.4531e-03
3.5689e-03
3.5917e-03
3.6113e-03
3.6396e-03
3.5992e-03
3.6856e-03
4.1254e-03
4.3695e-03
4.4625e-03
4.4964e-03
4.3741e-03
4.1655e-03
3.7968e-03
3.4365e-03
3.0891e-03
2.7896e-03
2.5696e-03
2.3671e-03
2.1716e-03
1.9852e-03
1.7216e-03
1.4760e-03
1.2376e-03
1.0617e-03
9.5533e-04
8.2376e-04
7.8142e-04
8.1483e-04
8.3165e-04
8.4906e-04
7.7495e-04
6.8804e-04
5.9002e-04
4.0765e-04
2.4618e-04
1.0595e-04
-2.9357e-05
-1.2421e-04
-2.1060e-04
-2.8673e-04
-3.3542e-04
-3.7218e-04
-4.0767e-04
-4.3486e-04
-4.5883e-04
-4.6996e-04
-4.7018e-04
-4.7451e-04
-4.7335e-04
-4.7901e-04
-4.8540e-04
-4.9008e-04
-5.0092e-04
-5.0478e-04
-5.0052e-04
-4.9792e-04
-4.8853e-04
-4.8030e-04
-4.6879e-04
-4.5554e-04
-4.4012e-04
-4.2663e-04
-4.0964e-04
-3.9005e-04
-3.7105e-04
-3.5494e-04
-3.3819e-04
-3.2461e-04
-3.1628e-04
-3.0920e-04
-3.0177e-04
-2.8914e-04
-2.7422e-04
-2.6062e-04
-2.4714e-04
-2.3527e-04
-2.2528e-04
-2.1622e-04
-2.0835e-04
-2.0147e-04
-1.9516e-04
-1.8880e-04
-1.8279e-04
-1.7720e-04
-1.7219e-04
-1.6736e-04
-1.6257e-04
-1.5775e-04
-1.5280e-04
-1.4772e-04
-1.4254e-04
-1.3720e-04
-1.3178e-04
-1.2624e-04
-1.2061e-04
-1.1490e-04
-1.0911e-04
-1.0322e-04
-9.7281e-05
-9.1278e-05
-8.5235e-05
-7.9161e-05
-7.3069e-05
-6.6965e-05
-6.0858e-05
-5.4754e-05
-4.8660e-05
-4.2583e-05
-3.6528e-05
-3.0503e-05
-2.4512e-05
-1.8561e-05
-1.2656e-05
-6.8021e-06
-1.0037e-06
