5.5424e-05
5.3640e-05
5.1308e-05
4.8602e-05
4.5938e-05
4.4063e-05
4.3662e-05
4.4635e-05
4.5963e-05
4.6763e-05
4.7483e-05
4.8497e-05
4.9898e-05
5.2795e-05
5.8131e-05
6.4682e-05
6.8548e-05
6.5809e-05
5.5573e-05
3.9377e-05
1.9188e-05
-1.9671e-06
-1.8657e-05
-2.7525e-05
-2.8301e-05
-1.8780e-05
4.4126e-06
3.9916e-05
8.2710e-05
1.3068e-04
1.7975e-04
2.2320e-04
2.5745e-04
2.7862e-04
2.8106e-04
2.5560e-04
1.9500e-04
1.0647e-04
1.3158e-05
-5.9126e-05
-9.8952e-05
-1.0796e-04
-9.0481e-05
-5.8937e-05
-1.9499e-05
3.6143e-05
1.0708e-04
1.8067e-04
2.4397e-04
2.8365e-04
2.8805e-04
2.6080e-04
2.3332e-04
2.2977e-04
2.4187e-04
2.5533e-04
2.6604e-04
2.7229e-04
2.6972e-04
2.5687e-04
2.4164e-04
2.4397e-04
2.9308e-04
4.1715e-04
6.2101e-04
8.5937e-04
1.0479e-03
1.1126e-03
1.0213e-03
7.7830e-04
4.2388e-04
3.7739e-05
-3.0976e-04
-5.8708e-04
-7.9437e-04
-9.3591e-04
-9.9019e-04
-9.6494e-04
-8.7944e-04
-6.9854e-04
-4.0058e-04
-6.0906e-05
2.1460e-04
3.5079e-04
2.6861e-04
-5.0522e-05
-4.9789e-04
-8.9364e-04
-1.0768e-03
-9.9202e-04
-7.0134e-04
-3.0453e-04
1.0559e-04
4.6389e-04
7.4338e-04
9.5514e-04
1.0931e-03
1.0792e-03
9.3486e-04
9.0720e-04
1.1634e-03
1.5573e-03
1.7998e-03
1.7382e-03
1.4378e-03
1.0435e-03
7.4141e-04
6.7335e-04
8.4816e-04
1.2545e-03
1.8706e-03
2.5518e-03
3.1111e-03
3.4221e-03
3.4290e-03
3.1851e-03
2.7813e-03
2.3224e-03
1.8315e-03
1.2037e-03
3.7278e-04
-5.7128e-04
-1.4601e-03
-2.1975e-03
-2.7291e-03
-3.1008e-03
-3.4749e-03
-3.8991e-03
-4.2369e-03
-4.4593e-03
-4.7080e-03
-5.0703e-03
-5.5892e-03
-6.2169e-03
-6.7023e-03
-6.6984e-03
-6.0457e-03
-4.8621e-03
-3.3733e-03
-1.8222e-03
-4.5535e-04
6.0079e-04
1.4377e-03
2.1776e-03
2.8779e-03
3.5997e-03
4.2228e-03
4.5926e-03
4.7530e-03
4.7074e-03
4.2885e-03
3.3364e-03
1.9102e-03
2.9188e-04
-1.1386e-03
-2.0730e-03
-2.5000e-03
-2.5835e-03
-2.4532e-03
-2.2764e-03
-2.1267e-03
-1.8846e-03
-1.4691e-03
-1.0278e-03
-9.2566e-04
-1.5016e-03
-2.8323e-03
-4.7459e-03
-6.9964e-03
-9.1959e-03
-1.0779e-02
-1.1302e-02
-1.0594e-02
-8.7899e-03
-6.2763e-03
-3.5407e-03
-9.5634e-04
1.2094e-03
2.7433e-03
3.6029e-03
3.9791e-03
4.2422e-03
4.8089e-03
5.9136e-03
7.4394e-03
8.8517e-03
9.5082e-03
8.9653e-03
7.1739e-03
4.5916e-03
1.8216e-03
-6.3374e-04
-2.4698e-03
-3.6872e-03
-4.6965e-03
-5.9947e-03
-7.5528e-03
-8.8694e-03
-9.4331e-03
-8.7820e-03
-6.7762e-03
-3.9101e-03
-9.6723e-04
1.3059e-03
2.4033e-03
2.2659e-03
1.3938e-03
5.9590e-04
2.9976e-04
3.4135e-04
5.5507e-04
1.0064e-03
1.7522e-03
2.6440e-03
3.3459e-03
3.8438e-03
4.6889e-03
6.3493e-03
8.7295e-03
1.1328e-02
1.3543e-02
1.4943e-02
1.5597e-02
1.5820e-02
1.5548e-02
1.4357e-02
1.1936e-02
8.4774e-03
4.4849e-03
3.1957e-04
-3.7270e-03
-7.1374e-03
-9.1835e-03
-9.2850e-03
-7.5153e-03
-4.6118e-03
-1.2040e-03
2.4726e-03
6.1292e-03
9.4048e-03
1.2257e-02
1.4525e-02
1.5104e-02
1.2644e-02
6.5836e-03
-2.5134e-03
-1.3112e-02
-2.3664e-02
-3.2695e-02
-3.8688e-02
-4.1158e-02
-4.0865e-02
-3.9239e-02
-3.7288e-02
-3.4868e-02
-3.1039e-02
-2.5008e-02
-1.6842e-02
-7.1597e-03
3.2616e-03
1.3338e-02
2.1714e-02
2.7587e-02
3.0943e-02
3.2119e-02
3.1820e-02
3.0860e-02
2.9862e-02
2.9013e-02
2.7880e-02
2.6087e-02
2.3634e-02
2.0521e-02
1.7041e-02
1.3911e-02
1.1484e-02
9.3389e-03
6.8951e-03
3.8449e-03
8.0541e-05
-4.2304e-03
-8.6849e-03
-1.2640e-02
-1.5517e-02
-1.7380e-02
-1.8676e-02
-1.9508e-02
-1.9909e-02
-2.0101e-02
-2.0130e-02
-1.9750e-02
-1.8638e-02
-1.6616e-02
-1.3610e-02
-9.7893e-03
-5.5886e-03
-1.2497e-03
2.9258e-03
6.1855e-03
7.7444e-03
7.1279e-03
4.5714e-03
1.3499e-03
-1.1589e-03
-2.5469e-03
-3.1895e-03
-3.6594e-03
-4.4494e-03
-5.7370e-03
-7.2084e-03
-8.0670e-03
-7.7608e-03
-6.5360e-03
-4.9177e-03
-3.1621e-03
-1.1237e-03
1.2569e-03
3.5727e-03
5.3451e-03
6.6410e-03
7.8607e-03
8.9075e-03
9.6488e-03
1.0487e-02
1.1264e-02
1.0670e-02
7.7336e-03
3.0316e-03
-2.2272e-03
-7.2004e-03
-1.1171e-02
-1.3232e-02
-1.2723e-02
-1.0047e-02
-6.7464e-03
-4.3376e-03
-3.2761e-03
-3.1223e-03
-3.0581e-03
-2.1925e-03
-1.6917e-04
2.6425e-03
5.4432e-03
7.2893e-03
7.2285e-03
4.5700e-03
-4.0221e-04
-6.2230e-03
-1.0963e-02
-1.3391e-02
-1.3224e-02
-1.0987e-02
-7.9011e-03
-5.0604e-03
-2.9030e-03
-1.3381e-03
1.0333e-04
1.6494e-03
2.7702e-03
2.9118e-03
2.1895e-03
8.6787e-04
-1.1301e-03
-3.8412e-03
-6.3944e-03
-7.0729e-03
-4.5757e-03
9.5075e-04
8.1279e-03
1.5002e-02
1.9531e-02
2.0655e-02
1.8698e-02
1.4799e-02
1.0319e-02
6.0082e-03
1.9625e-03
-1.9487e-03
-5.9629e-03
-1.0380e-02
-1.5059e-02
-1.8800e-02
-1.9940e-02
-1.7292e-02
-1.0345e-02
4.8477e-04
1.3465e-02
2.5605e-02
3.4008e-02
3.7402e-02
3.6329e-02
3.2554e-02
2.8371e-02
2.5368e-02
2.3281e-02
2.1180e-02
1.8484e-02
1.4788e-02
1.0131e-02
5.1688e-03
5.1672e-04
-3.8469e-03
-8.6056e-03
-1.4509e-02
-2.1540e-02
-2.8463e-02
-3.3331e-02
-3.4401e-02
-3.0961e-02
-2.3815e-02
-1.5069e-02
-7.3979e-03
-2.8463e-03
-1.8595e-03
-3.2428e-03
-5.0005e-03
-5.5400e-03
-4.4260e-03
-2.1975e-03
3.3618e-04
2.7290e-03
5.1846e-03
8.1471e-03
1.1875e-02
1.6243e-02
2.0554e-02
2.3709e-02
2.4931e-02
2.4193e-02
2.2016e-02
1.9126e-02
1.6003e-02
1.2956e-02
1.0144e-02
7.4658e-03
4.5661e-03
9.3874e-04
-3.4936e-03
-7.6365e-03
-9.4497e-03
-7.5852e-03
-2.3789e-03
4.4489e-03
1.0381e-02
1.3193e-02
1.1966e-02
7.2786e-03
8.9428e-04
-5.1363e-03
-9.1342e-03
-1.0161e-02
-8.5582e-03
-5.7786e-03
-3.6003e-03
-3.1483e-03
-4.5825e-03
-7.5466e-03
-1.1280e-02
-1.4445e-02
-1.5575e-02
-1.3666e-02
-8.7683e-03
-2.2125e-03
4.1357e-03
8.5791e-03
9.9875e-03
8.2390e-03
4.1116e-03
-1.1783e-03
-6.1837e-03
-9.8371e-03
-1.1845e-02
-1.2769e-02
-1.3649e-02
-1.4988e-02
-1.6480e-02
-1.7637e-02
-1.8354e-02
-1.8683e-02
-1.8619e-02
-1.7941e-02
-1.5984e-02
-1.2192e-02
-6.8712e-03
-1.0877e-03
3.9374e-03
7.2509e-03
8.6456e-03
8.4860e-03
6.8687e-03
3.5638e-03
-1.1899e-03
-6.5357e-03
-1.1542e-02
-1.5208e-02
-1.6295e-02
-1.3864e-02
-8.2983e-03
-1.0802e-03
6.5293e-03
1.3412e-02
1.7945e-02
1.9135e-02
1.7762e-02
1.5644e-02
1.4193e-02
1.3735e-02
1.3993e-02
1.4706e-02
1.5839e-02
1.7353e-02
1.8880e-02
1.9605e-02
1.8636e-02
1.5746e-02
1.1582e-02
6.9243e-03
2.0101e-03
-3.1616e-03
-8.3353e-03
-1.2858e-02
-1.5770e-02
-1.6112e-02
-1.3485e-02
-8.2766e-03
-1.4030e-03
5.8738e-03
1.2379e-02
1.7111e-02
1.9249e-02
1.8670e-02
1.5883e-02
1.1792e-02
7.5737e-03
4.0285e-03
1.0932e-03
-1.5046e-03
-3.6373e-03
-5.2340e-03
-6.5506e-03
-8.1407e-03
-1.0831e-02
-1.4929e-02
-1.9839e-02
-2.4635e-02
-2.8506e-02
-3.0710e-02
-3.0715e-02
-2.8478e-02
-2.4438e-02
-1.9581e-02
-1.4962e-02
-1.0989e-02
-7.6756e-03
-4.8879e-03
-2.1525e-03
8.6953e-04
3.7741e-03
6.0290e-03
7.5874e-03
8.6766e-03
9.6680e-03
1.0934e-02
1.2499e-02
1.4225e-02
1.6280e-02
1.8783e-02
2.1309e-02
2.3107e-02
2.3445e-02
2.1757e-02
1.7816e-02
1.2016e-02
5.3541e-03
-1.2845e-03
-7.1479e-03
-1.1525e-02
-1.4052e-02
-1.4547e-02
-1.2946e-02
-9.6479e-03
-5.5448e-03
-1.3357e-03
2.8541e-03
7.1511e-03
1.1305e-02
1.4524e-02
1.6094e-02
1.5927e-02
1.4285e-02
1.1312e-02
7.3874e-03
3.1491e-03
-1.1405e-03
-5.6345e-03
-1.0248e-02
-1.4599e-02
-1.8273e-02
-2.0667e-02
-2.1321e-02
-2.0249e-02
-1.7707e-02
-1.4144e-02
-1.0365e-02
-7.1688e-03
-4.8365e-03
-3.2545e-03
-2.0405e-03
-6.9749e-04
7.6884e-04
1.9198e-03
2.2929e-03
1.5772e-03
-1.6191e-04
-2.3517e-03
-3.7655e-03
-3.0582e-03
5.7375e-04
7.3066e-03
1.6060e-02
2.4354e-02
2.9537e-02
3.0002e-02
2.5826e-02
1.8743e-02
1.1366e-02
6.1361e-03
4.0611e-03
4.5084e-03
6.2706e-03
8.1052e-03
8.9280e-03
8.4343e-03
7.1935e-03
5.9474e-03
5.0922e-03
4.4240e-03
3.4114e-03
1.8080e-03
-1.6343e-04
-2.4079e-03
-5.1390e-03
-8.2102e-03
-1.1051e-02
-1.3146e-02
-1.3967e-02
-1.2945e-02
-9.9846e-03
-5.4848e-03
-2.6539e-07
5.7484e-03
1.0715e-02
1.3776e-02
1.4136e-02
1.1554e-02
6.1506e-03
-1.3111e-03
-9.3861e-03
-1.6827e-02
-2.2467e-02
-2.4905e-02
-2.3508e-02
-1.9180e-02
-1.3830e-02
-9.2754e-03
-6.6317e-03
-6.2515e-03
-7.7624e-03
-1.0203e-02
-1.2568e-02
-1.4162e-02
-1.4782e-02
-1.4498e-02
-1.3042e-02
-9.9189e-03
-5.1320e-03
5.0029e-04
6.0376e-03
1.0911e-02
1.4485e-02
1.6255e-02
1.6545e-02
1.6109e-02
1.5316e-02
1.4304e-02
1.3444e-02
1.3059e-02
1.2762e-02
1.1606e-02
8.8687e-03
4.5357e-03
-6.8926e-04
-5.7789e-03
-9.7059e-03
-1.1805e-02
-1.2141e-02
-1.0981e-02
-8.2592e-03
-4.3439e-03
-3.4027e-04
2.9150e-03
5.2906e-03
6.9178e-03
8.1081e-03
9.3834e-03
1.0893e-02
1.2478e-02
1.4260e-02
1.6414e-02
1.8755e-02
2.0966e-02
2.2665e-02
2.3025e-02
2.1066e-02
1.6601e-02
9.9592e-03
1.4595e-03
-7.9163e-03
-1.6503e-02
-2.3068e-02
-2.7154e-02
-2.8851e-02
-2.8753e-02
-2.7859e-02
-2.6971e-02
-2.6051e-02
-2.4878e-02
-2.3315e-02
-2.0797e-02
-1.6640e-02
-1.0735e-02
-3.4736e-03
4.4190e-03
1.1839e-02
1.7781e-02
2.1782e-02
2.4025e-02
2.5242e-02
2.5912e-02
2.5967e-02
2.5376e-02
2.4278e-02
2.2657e-02
2.0322e-02
1.7569e-02
1.5167e-02
1.3555e-02
1.2699e-02
1.2228e-02
1.1646e-02
1.0662e-02
9.2585e-03
7.3393e-03
4.4037e-03
8.2801e-05
-5.1806e-03
-1.0403e-02
-1.4534e-02
-1.6559e-02
-1.6048e-02
-1.3681e-02
-1.0811e-02
-8.5118e-03
-7.1760e-03
-6.6443e-03
-6.4886e-03
-6.5993e-03
-7.2803e-03
-8.8888e-03
-1.1521e-02
-1.5049e-02
-1.9237e-02
-2.3438e-02
-2.6578e-02
-2.7728e-02
-2.6595e-02
-2.3395e-02
-1.8511e-02
-1.2339e-02
-5.2242e-03
2.1865e-03
9.0832e-03
1.4982e-02
1.9620e-02
2.2853e-02
2.4360e-02
2.3573e-02
2.0593e-02
1.6466e-02
1.2579e-02
1.0350e-02
1.0757e-02
1.3932e-02
1.9285e-02
2.5547e-02
3.0682e-02
3.2573e-02
3.0398e-02
2.4725e-02
1.6582e-02
7.2724e-03
-2.0226e-03
-1.0744e-02
-1.8276e-02
-2.3801e-02
-2.6669e-02
-2.6674e-02
-2.4122e-02
-1.9608e-02
-1.4013e-02
-8.5570e-03
-4.6421e-03
-3.1291e-03
-3.8882e-03
-6.1120e-03
-8.9437e-03
-1.1890e-02
-1.4587e-02
-1.6778e-02
-1.8200e-02
-1.8859e-02
-1.9108e-02
-1.9002e-02
-1.8149e-02
-1.6163e-02
-1.3098e-02
-9.4357e-03
-5.9273e-03
-3.6294e-03
-3.2213e-03
-4.2800e-03
-5.8305e-03
-6.9022e-03
-6.9450e-03
-6.0080e-03
-4.2593e-03
-1.9257e-03
6.0727e-04
2.9985e-03
5.0049e-03
6.5039e-03
7.8690e-03
9.8492e-03
1.2649e-02
1.5786e-02
1.8577e-02
2.0339e-02
2.0926e-02
2.1108e-02
2.1766e-02
2.3339e-02
2.5897e-02
2.9303e-02
3.3340e-02
3.7541e-02
4.1384e-02
4.4742e-02
4.7618e-02
4.9926e-02
5.1409e-02
5.2013e-02
5.2203e-02
5.2393e-02
5.2597e-02
5.2618e-02
5.2231e-02
5.1203e-02
4.9406e-02
4.6987e-02
4.4070e-02
4.0417e-02
3.5726e-02
2.9450e-02
2.0739e-02
8.9890e-03
-5.2856e-03
-2.0161e-02
-3.3379e-02
-4.3260e-02
-4.8957e-02
-5.0269e-02
-4.7592e-02
-4.1909e-02
-3.4590e-02
-2.7473e-02
-2.2423e-02
-2.0429e-02
-2.1590e-02
-2.5706e-02
-3.2343e-02
-4.1023e-02
-5.1292e-02
-6.2279e-02
-7.2670e-02
-8.1103e-02
-8.6992e-02
-9.0455e-02
-9.1610e-02
-9.0411e-02
-8.6999e-02
-8.2208e-02
-7.7491e-02
-7.4071e-02
-7.2471e-02
-7.2687e-02
-7.4252e-02
-7.6238e-02
-7.7298e-02
-7.6196e-02
-7.2086e-02
-6.4449e-02
-5.3448e-02
-4.0075e-02
-2.6380e-02
-1.4791e-02
-7.2570e-03
-4.9936e-03
-7.8794e-03
-1.4737e-02
-2.3669e-02
-3.1912e-02
-3.6537e-02
-3.5794e-02
-2.9717e-02
-2.0201e-02
-1.0433e-02
-2.8988e-03
2.5449e-03
8.1811e-03
1.6776e-02
3.0475e-02
4.9598e-02
7.2317e-02
9.5703e-02
1.1714e-01
1.3560e-01
1.5100e-01
1.6357e-01
1.7398e-01
1.8190e-01
1.8540e-01
1.8142e-01
1.6738e-01
1.4288e-01
1.0931e-01
6.8661e-02
2.6391e-02
-8.6404e-03
-3.2773e-02
-4.8601e-02
-5.8313e-02
-6.3226e-02
-6.5421e-02
-6.7280e-02
-7.1025e-02
-7.8057e-02
-8.8427e-02
-1.0136e-01
-1.1621e-01
-1.3232e-01
-1.4884e-01
-1.6443e-01
-1.7700e-01
-1.8423e-01
-1.8387e-01
-1.7398e-01
-1.5332e-01
-1.2141e-01
-7.8544e-02
-2.7487e-02
2.6796e-02
7.9768e-02
1.2783e-01
1.6759e-01
1.9719e-01
2.1632e-01
2.2164e-01
2.0882e-01
1.7812e-01
1.3573e-01
9.1647e-02
5.3626e-02
2.2668e-02
-3.2285e-03
-2.3266e-02
-3.6208e-02
-4.3695e-02
-4.8988e-02
-5.4727e-02
-6.2524e-02
-7.3591e-02
-8.8442e-02
-1.0633e-01
-1.2595e-01
-1.4618e-01
-1.6552e-01
-1.8186e-01
-1.9341e-01
-1.9934e-01
-1.9927e-01
-1.9345e-01
-1.8254e-01
-1.6714e-01
-1.4815e-01
-1.2730e-01
-1.0653e-01
-8.7788e-02
-7.3327e-02
-6.4800e-02
-6.2976e-02
-6.8464e-02
-8.1308e-02
-9.9714e-02
-1.2013e-01
-1.3783e-01
-1.4812e-01
-1.4714e-01
-1.3161e-01
-9.9973e-02
-5.4428e-02
-1.0594e-03
5.3956e-02
1.0719e-01
1.5639e-01
1.9767e-01
2.2550e-01
2.3651e-01
2.3322e-01
2.2145e-01
2.0651e-01
1.9267e-01
1.8233e-01
1.7628e-01
1.7534e-01
1.8035e-01
1.9168e-01
2.0980e-01
2.3451e-01
2.6399e-01
2.9596e-01
3.2789e-01
3.5683e-01
3.8063e-01
3.9694e-01
4.0300e-01
3.9875e-01
3.8637e-01
3.6688e-01
3.3929e-01
3.0216e-01
2.5638e-01
2.0728e-01
1.6134e-01
1.2206e-01
8.9588e-02
6.2583e-02
4.0656e-02
2.4109e-02
1.2978e-02
6.9676e-03
4.0158e-03
-2.5969e-04
-1.0180e-02
-2.7619e-02
-5.1733e-02
-7.9218e-02
-1.0429e-01
-1.2085e-01
-1.2764e-01
-1.2851e-01
-1.2753e-01
-1.2723e-01
-1.2952e-01
-1.3624e-01
-1.4848e-01
-1.6561e-01
-1.8561e-01
-2.0638e-01
-2.2579e-01
-2.4066e-01
-2.4811e-01
-2.4818e-01
-2.4292e-01
-2.3440e-01
-2.2348e-01
-2.0916e-01
-1.8883e-01
-1.5978e-01
-1.2049e-01
-7.2899e-02
-2.3654e-02
1.8575e-02
4.6798e-02
5.8258e-02
5.5205e-02
4.2537e-02
2.6295e-02
1.2616e-02
6.2078e-03
9.7441e-03
2.2539e-02
4.0677e-02
5.9096e-02
7.3186e-02
7.9341e-02
7.5722e-02
6.2476e-02
4.0363e-02
1.0474e-02
-2.3985e-02
-5.8173e-02
-8.7564e-02
-1.0863e-01
-1.1898e-01
-1.1876e-01
-1.1061e-01
-9.8170e-02
-8.4914e-02
-7.3331e-02
-6.4319e-02
-5.7980e-02
-5.4724e-02
-5.4873e-02
-5.7839e-02
-6.2104e-02
-6.5951e-02
-6.7447e-02
-6.4889e-02
-5.8440e-02
-4.9884e-02
-4.0607e-02
-3.0593e-02
-1.9105e-02
-5.4515e-03
1.1437e-02
3.2502e-02
5.6310e-02
7.9528e-02
9.9805e-02
1.1514e-01
1.2245e-01
1.1929e-01
1.0534e-01
8.2792e-02
5.5800e-02
2.7488e-02
-2.1910e-03
-3.2648e-02
-6.0249e-02
-8.0555e-02
-9.0634e-02
-8.9972e-02
-7.9518e-02
-6.0832e-02
-3.6305e-02
-9.2362e-03
1.7288e-02
4.1314e-02
6.0616e-02
7.2404e-02
7.5622e-02
7.1222e-02
6.1025e-02
4.7319e-02
3.2636e-02
1.9290e-02
8.7781e-03
1.6634e-03
-1.8221e-03
-1.6941e-03
1.1641e-03
5.3442e-03
9.5487e-03
1.2489e-02
1.2856e-02
1.0429e-02
6.4872e-03
2.8380e-03
1.3643e-03
4.2078e-03
1.2345e-02
2.4215e-02
3.6110e-02
4.3520e-02
4.2893e-02
3.2647e-02
1.3338e-02
-1.2187e-02
-3.9504e-02
-6.4506e-02
-8.4168e-02
-9.6620e-02
-1.0217e-01
-1.0281e-01
-1.0080e-01
-9.8248e-02
-9.6604e-02
-9.5522e-02
-9.3278e-02
-8.8472e-02
-8.1066e-02
-7.2007e-02
-6.2526e-02
-5.4079e-02
-4.7938e-02
-4.4334e-02
-4.2413e-02
-4.0960e-02
-3.8983e-02
-3.5873e-02
-3.1466e-02
-2.6248e-02
-2.1065e-02
-1.6365e-02
-1.2049e-02
-8.0413e-03
-4.8108e-03
-3.0104e-03
-3.2402e-03
-6.1447e-03
-1.2249e-02
-2.1978e-02
-3.5393e-02
-5.1369e-02
-6.7946e-02
-8.3265e-02
-9.5840e-02
-1.0504e-01
-1.1114e-01
-1.1456e-01
-1.1502e-01
-1.1146e-01
-1.0324e-01
-9.0330e-02
-7.2531e-02
-4.9948e-02
-2.3698e-02
4.5178e-03
3.3256e-02
6.1285e-02
8.6763e-02
1.0789e-01
1.2437e-01
1.3647e-01
1.4432e-01
1.4837e-01
1.4909e-01
1.4697e-01
1.4361e-01
1.4185e-01
1.4489e-01
1.5473e-01
1.7083e-01
1.9036e-01
2.1005e-01
2.2777e-01
2.4225e-01
2.5106e-01
2.4998e-01
2.3470e-01
2.0378e-01
1.6076e-01
1.1222e-01
6.3297e-02
1.7210e-02
-2.2620e-02
-5.2510e-02
-7.0702e-02
-7.7797e-02
-7.5159e-02
-6.5061e-02
-5.0431e-02
-3.3585e-02
-1.6108e-02
2.8002e-04
1.4195e-02
2.6196e-02
3.8228e-02
5.1326e-02
6.4351e-02
7.4443e-02
7.8655e-02
7.5404e-02
6.4498e-02
4.6679e-02
2.2782e-02
-6.1364e-03
-3.8128e-02
-7.0803e-02
-1.0133e-01
-1.2637e-01
-1.4326e-01
-1.5073e-01
-1.4870e-01
-1.3866e-01
-1.2372e-01
-1.0779e-01
-9.4536e-02
-8.5744e-02
-7.9921e-02
-7.3686e-02
-6.4164e-02
-4.9752e-02
-3.0329e-02
-7.2687e-03
1.6817e-02
3.9272e-02
5.8553e-02
7.3455e-02
8.2885e-02
8.7161e-02
8.7936e-02
8.6898e-02
8.4858e-02
8.1798e-02
7.6987e-02
6.9629e-02
5.9686e-02
4.7843e-02
3.4843e-02
2.1363e-02
8.5886e-03
-2.6186e-03
-1.2197e-02
-2.0513e-02
-2.8285e-02
-3.6763e-02
-4.7548e-02
-6.1823e-02
-7.9845e-02
-1.0137e-01
-1.2587e-01
-1.5194e-01
-1.7712e-01
-1.9816e-01
-2.1225e-01
-2.1838e-01
-2.1702e-01
-2.0890e-01
-1.9450e-01
-1.7420e-01
-1.4800e-01
-1.1601e-01
-7.9064e-02
-3.7554e-02
5.9945e-03
4.6348e-02
8.0961e-02
1.1169e-01
1.4027e-01
1.6561e-01
1.8618e-01
2.0090e-01
2.0844e-01
2.0826e-01
2.0298e-01
1.9681e-01
1.9135e-01
1.8391e-01
1.6975e-01
1.4557e-01
1.1185e-01
7.2704e-02
3.3442e-02
-1.7127e-03
-2.9537e-02
-4.6607e-02
-5.0705e-02
-4.2163e-02
-2.4098e-02
-1.5424e-03
2.0419e-02
3.8116e-02
4.9342e-02
5.3913e-02
5.3956e-02
5.2358e-02
5.1904e-02
5.4684e-02
6.0734e-02
6.7621e-02
7.1916e-02
7.0870e-02
6.3458e-02
5.1031e-02
3.6752e-02
2.4114e-02
1.6016e-02
1.4107e-02
1.8111e-02
2.6166e-02
3.5533e-02
4.3690e-02
4.9546e-02
5.3386e-02
5.6010e-02
5.8320e-02
6.1202e-02
6.5272e-02
6.9901e-02
7.3038e-02
7.2674e-02
6.7974e-02
5.9128e-02
4.7070e-02
3.2855e-02
1.7162e-02
8.7272e-04
-1.4826e-02
-2.8683e-02
-4.0321e-02
-5.0678e-02
-6.1436e-02
-7.4595e-02
-9.1713e-02
-1.1321e-01
-1.3826e-01
-1.6559e-01
-1.9335e-01
-2.1869e-01
-2.3883e-01
-2.5260e-01
-2.6040e-01
-2.6348e-01
-2.6322e-01
-2.6054e-01
-2.5577e-01
-2.4899e-01
-2.4065e-01
-2.3140e-01
-2.2095e-01
-2.0736e-01
-1.8843e-01
-1.6406e-01
-1.3722e-01
-1.1362e-01
-9.9106e-02
-9.6704e-02
-1.0620e-01
-1.2471e-01
-1.4738e-01
-1.6926e-01
-1.8644e-01
-1.9646e-01
-1.9913e-01
-1.9548e-01
-1.8600e-01
-1.7101e-01
-1.5093e-01
-1.2564e-01
-9.5677e-02
-6.1982e-02
-2.4757e-02
1.4292e-02
5.1396e-02
8.3654e-02
1.1032e-01
1.3171e-01
1.4861e-01
1.6255e-01
1.7473e-01
1.8474e-01
1.9110e-01
1.9279e-01
1.8989e-01
1.8299e-01
1.7229e-01
1.5831e-01
1.4331e-01
1.3167e-01
1.2792e-01
1.3226e-01
1.4064e-01
1.4939e-01
1.5872e-01
1.7153e-01
1.8988e-01
2.1265e-01
2.3638e-01
2.5815e-01
2.7703e-01
2.9278e-01
3.0331e-01
3.0483e-01
2.9498e-01
2.7458e-01
2.4665e-01
2.1454e-01
1.7904e-01
1.3820e-01
9.1584e-02
4.1007e-02
-1.0714e-02
-5.8506e-02
-9.6979e-02
-1.2694e-01
-1.5375e-01
-1.7925e-01
-2.0119e-01
-2.1663e-01
-2.2410e-01
-2.2357e-01
-2.1535e-01
-1.9944e-01
-1.7631e-01
-1.4764e-01
-1.1581e-01
-8.2654e-02
-4.8628e-02
-1.4387e-02
1.6612e-02
3.9996e-02
5.4140e-02
5.9240e-02
5.5988e-02
4.5375e-02
2.8720e-02
8.5103e-03
-1.1463e-02
-2.7301e-02
-3.6111e-02
-3.6648e-02
-2.9541e-02
-1.7457e-02
-4.3803e-03
6.2042e-03
1.2528e-02
1.4035e-02
1.1634e-02
8.2757e-03
7.8203e-03
1.2996e-02
2.3985e-02
3.8126e-02
5.1176e-02
5.9429e-02
6.1056e-02
5.6179e-02
4.6769e-02
3.5644e-02
2.5171e-02
1.6771e-02
1.0926e-02
7.0748e-03
3.6128e-03
-1.1853e-03
-7.8630e-03
-1.6037e-02
-2.5344e-02
-3.5495e-02
-4.5741e-02
-5.4495e-02
-6.0030e-02
-6.1078e-02
-5.7119e-02
-4.9270e-02
-4.0286e-02
-3.3089e-02
-2.9769e-02
-3.1288e-02
-3.7241e-02
-4.5897e-02
-5.4845e-02
-6.1917e-02
-6.5823e-02
-6.6068e-02
-6.2214e-02
-5.4119e-02
-4.2160e-02
-2.6313e-02
-6.2347e-03
1.7785e-02
4.3782e-02
6.8161e-02
8.7926e-02
1.0165e-01
1.0822e-01
1.0692e-01
9.8928e-02
8.7225e-02
7.5080e-02
6.5648e-02
6.1430e-02
6.3027e-02
6.9586e-02
7.9523e-02
9.0985e-02
1.0203e-01
1.1063e-01
1.1586e-01
1.1830e-01
1.1907e-01
1.1924e-01
1.1943e-01
1.1991e-01
1.2078e-01
1.2199e-01
1.2315e-01
1.2360e-01
1.2289e-01
1.2113e-01
1.1823e-01
1.1316e-01
1.0475e-01
9.2275e-02
7.5795e-02
5.6345e-02
3.5415e-02
1.3784e-02
-8.0645e-03
-2.9558e-02
-5.0935e-02
-7.3516e-02
-9.8180e-02
-1.2391e-01
-1.4900e-01
-1.7208e-01
-1.9130e-01
-2.0394e-01
-2.0783e-01
-2.0215e-01
-1.8711e-01
-1.6425e-01
-1.3654e-01
-1.0778e-01
-8.2120e-02
-6.2519e-02
-5.0867e-02
-4.8628e-02
-5.5854e-02
-7.0498e-02
-8.8745e-02
-1.0627e-01
-1.1971e-01
-1.2757e-01
-1.2959e-01
-1.2615e-01
-1.1873e-01
-1.0949e-01
-1.0075e-01
-9.4454e-02
-9.1288e-02
-9.0794e-02
-9.2038e-02
-9.3852e-02
-9.4763e-02
-9.3419e-02
-8.8826e-02
-7.9916e-02
-6.6110e-02
-4.8354e-02
-2.8695e-02
-9.9496e-03
4.9116e-03
1.4425e-02
1.8751e-02
1.8916e-02
1.6408e-02
1.2921e-02
1.0080e-02
8.8682e-03
9.3033e-03
1.0748e-02
1.2584e-02
1.4479e-02
1.6494e-02
1.9075e-02
2.2891e-02
2.8500e-02
3.5823e-02
4.4053e-02
5.2164e-02
5.9484e-02
6.5666e-02
6.9815e-02
7.0713e-02
6.7768e-02
6.1314e-02
5.2214e-02
4.1311e-02
2.9512e-02
1.8005e-02
8.0978e-03
9.3956e-04
-2.9337e-03
-3.7308e-03
-1.9905e-03
1.3818e-03
5.1536e-03
8.1901e-03
9.9396e-03
1.0677e-02
1.1216e-02
1.2135e-02
1.3566e-02
1.5908e-02
2.0240e-02
2.7174e-02
3.6050e-02
4.5610e-02
5.4832e-02
6.3674e-02
7.3230e-02
8.4582e-02
9.8165e-02
1.1354e-01
1.2898e-01
1.4176e-01
1.4921e-01
1.5042e-01
1.4660e-01
1.3969e-01
1.3090e-01
1.2099e-01
1.1055e-01
1.0030e-01
9.1065e-02
8.3531e-02
7.7901e-02
7.3647e-02
7.0187e-02
6.7197e-02
6.4165e-02
6.0495e-02
5.6199e-02
5.1841e-02
4.7681e-02
4.3767e-02
4.0038e-02
3.6026e-02
3.0809e-02
2.3816e-02
1.5590e-02
7.1691e-03
-3.7220e-04
-6.1808e-03
-9.9960e-03
-1.1932e-02
-1.2814e-02
-1.4007e-02
-1.6518e-02
-2.0944e-02
-2.7540e-02
-3.5969e-02
-4.5668e-02
-5.6014e-02
-6.6236e-02
-7.6201e-02
-8.6847e-02
-9.9206e-02
-1.1368e-01
-1.3037e-01
-1.4912e-01
-1.6924e-01
-1.8959e-01
-2.0850e-01
-2.2464e-01
-2.3755e-01
-2.4715e-01
-2.5295e-01
-2.5417e-01
-2.5021e-01
-2.4057e-01
-2.2484e-01
-2.0329e-01
-1.7719e-01
-1.4807e-01
-1.1805e-01
-8.9838e-02
-6.5769e-02
-4.7626e-02
-3.5817e-02
-2.8834e-02
-2.4903e-02
-2.2898e-02
-2.1969e-02
-2.1262e-02
-2.0284e-02
-1.8985e-02
-1.7534e-02
-1.5929e-02
-1.3630e-02
-9.9505e-03
-4.6842e-03
2.0023e-03
9.8883e-03
1.8874e-02
2.9029e-02
3.9944e-02
5.0512e-02
5.9763e-02
6.7409e-02
7.3448e-02
7.7597e-02
7.9562e-02
7.9246e-02
7.6838e-02
7.3328e-02
7.0523e-02
7.0111e-02
7.3284e-02
8.1128e-02
9.3857e-02
1.0972e-01
1.2593e-01
1.4000e-01
1.5031e-01
1.5593e-01
1.5624e-01
1.5133e-01
1.4232e-01
1.3124e-01
1.1977e-01
1.0752e-01
9.3005e-02
7.5562e-02
5.5771e-02
3.5277e-02
1.5804e-02
-1.6920e-03
-1.6539e-02
-2.7447e-02
-3.3500e-02
-3.4883e-02
-3.2268e-02
-2.6319e-02
-1.7302e-02
-5.1498e-03
9.6795e-03
2.5752e-02
4.0842e-02
5.2463e-02
5.8867e-02
5.9265e-02
5.4398e-02
4.6646e-02
3.8767e-02
3.2658e-02
2.9152e-02
2.7960e-02
2.8023e-02
2.7890e-02
2.6149e-02
2.1744e-02
1.4380e-02
4.8354e-03
-5.3525e-03
-1.4359e-02
-2.0949e-02
-2.5224e-02
-2.7790e-02
-2.9009e-02
-2.9603e-02
-3.0755e-02
-3.3224e-02
-3.6775e-02
-4.0071e-02
-4.1256e-02
-3.9124e-02
-3.3418e-02
-2.4768e-02
-1.4966e-02
-6.5876e-03
-2.1537e-03
-3.4246e-03
-1.0598e-02
-2.2284e-02
-3.6450e-02
-5.0662e-02
-6.2500e-02
-7.0410e-02
-7.3522e-02
-7.1519e-02
-6.5058e-02
-5.5380e-02
-4.3881e-02
-3.2144e-02
-2.1697e-02
-1.3716e-02
-9.4180e-03
-1.0225e-02
-1.7025e-02
-2.9265e-02
-4.4587e-02
-6.0038e-02
-7.3787e-02
-8.5206e-02
-9.4421e-02
-1.0157e-01
-1.0673e-01
-1.1022e-01
-1.1213e-01
-1.1225e-01
-1.1006e-01
-1.0475e-01
-9.5849e-02
-8.3391e-02
-6.8066e-02
-5.1368e-02
-3.5103e-02
-2.0787e-02
-8.9243e-03
6.7450e-04
8.2927e-03
1.4517e-02
2.0225e-02
2.6300e-02
3.3175e-02
4.1270e-02
5.1035e-02
6.2158e-02
7.3636e-02
8.4429e-02
9.3607e-02
1.0068e-01
1.0552e-01
1.0811e-01
1.0805e-01
1.0486e-01
9.8792e-02
9.0816e-02
8.2029e-02
7.3538e-02
6.6297e-02
6.1064e-02
5.8539e-02
5.8958e-02
6.1378e-02
6.4017e-02
6.5288e-02
6.3902e-02
5.9477e-02
5.2888e-02
4.5179e-02
3.7090e-02
2.9447e-02
2.3356e-02
1.9498e-02
1.7284e-02
1.5368e-02
1.2528e-02
8.4001e-03
3.3124e-03
-2.5832e-03
-9.3661e-03
-1.6712e-02
-2.3714e-02
-2.9330e-02
-3.2967e-02
-3.4884e-02
-3.5811e-02
-3.6310e-02
-3.6650e-02
-3.6799e-02
-3.6505e-02
-3.5474e-02
-3.3607e-02
-3.1270e-02
-2.9231e-02
-2.8231e-02
-2.8416e-02
-2.9404e-02
-3.1199e-02
-3.4266e-02
-3.8567e-02
-4.3531e-02
-4.8780e-02
-5.4074e-02
-5.8819e-02
-6.2032e-02
-6.2922e-02
-6.1012e-02
-5.6232e-02
-4.9433e-02
-4.1972e-02
-3.5050e-02
-2.9139e-02
-2.3512e-02
-1.6759e-02
-7.7818e-03
3.6399e-03
1.6383e-02
2.8451e-02
3.8397e-02
4.6017e-02
5.1787e-02
5.5790e-02
5.7623e-02
5.6955e-02
5.3819e-02
4.8474e-02
4.1444e-02
3.3538e-02
2.5722e-02
1.8865e-02
1.3937e-02
1.1741e-02
1.2223e-02
1.4855e-02
1.9277e-02
2.5211e-02
3.2170e-02
3.9462e-02
4.6763e-02
5.3924e-02
6.0391e-02
6.5042e-02
6.6497e-02
6.3941e-02
5.7631e-02
4.8619e-02
3.8513e-02
2.9353e-02
2.2627e-02
1.9002e-02
1.8438e-02
1.9870e-02
2.1165e-02
1.9897e-02
1.4345e-02
4.1120e-03
-9.9038e-03
-2.5879e-02
-4.1116e-02
-5.2560e-02
-5.8165e-02
-5.7492e-02
-5.1158e-02
-4.1137e-02
-3.0667e-02
-2.2537e-02
-1.8142e-02
-1.7862e-02
-2.0836e-02
-2.4973e-02
-2.8265e-02
-2.9550e-02
-2.8260e-02
-2.4511e-02
-1.9181e-02
-1.3307e-02
-8.0208e-03
-4.5022e-03
-3.7759e-03
-6.6271e-03
-1.3402e-02
-2.3272e-02
-3.4495e-02
-4.4934e-02
-5.2620e-02
-5.6582e-02
-5.6908e-02
-5.3805e-02
-4.7073e-02
-3.7188e-02
-2.5218e-02
-1.1716e-02
2.5350e-03
1.5929e-02
2.7168e-02
3.5689e-02
4.0940e-02
4.2149e-02
3.8305e-02
2.8306e-02
1.1766e-02
-9.7781e-03
-3.1726e-02
-4.7484e-02
-5.3772e-02
-5.3667e-02
-5.1730e-02
-4.9424e-02
-4.6207e-02
-4.1831e-02
-3.6785e-02
-3.1834e-02
-2.7436e-02
-2.3984e-02
-2.1837e-02
-2.0968e-02
-2.1023e-02
-2.1431e-02
-2.1472e-02
-2.0242e-02
-1.6750e-02
-1.0445e-02
-1.8214e-03
7.8923e-03
1.7464e-02
2.5706e-02
3.1660e-02
3.4582e-02
3.3967e-02
2.9968e-02
2.3275e-02
1.4751e-02
5.7464e-03
-1.8351e-03
-6.5004e-03
-7.4821e-03
-4.5108e-03
1.9368e-03
1.0538e-02
1.9781e-02
2.8735e-02
3.7383e-02
4.6129e-02
5.5142e-02
6.4173e-02
7.2996e-02
8.1419e-02
8.8824e-02
9.4361e-02
9.7528e-02
9.8756e-02
9.8999e-02
9.8910e-02
9.8868e-02
9.8921e-02
9.8832e-02
9.8359e-02
9.7364e-02
9.5879e-02
9.4030e-02
9.1649e-02
8.8329e-02
8.3899e-02
7.8270e-02
7.1521e-02
6.3980e-02
5.5935e-02
4.7674e-02
3.9614e-02
3.2018e-02
2.5190e-02
1.9547e-02
1.4946e-02
1.1053e-02
7.7619e-03
4.7474e-03
1.0254e-03
-4.4753e-03
-1.1737e-02
-1.9796e-02
-2.7717e-02
-3.4994e-02
-4.1492e-02
-4.7389e-02
-5.3314e-02
-5.9998e-02
-6.7593e-02
-7.5705e-02
-8.4066e-02
-9.2566e-02
-1.0043e-01
-1.0596e-01
-1.0736e-01
-1.0390e-01
-9.5885e-02
-8.4549e-02
-7.2093e-02
-6.0842e-02
-5.2204e-02
-4.6688e-02
-4.4630e-02
-4.6017e-02
-5.0409e-02
-5.7164e-02
-6.5235e-02
-7.3329e-02
-8.0525e-02
-8.6083e-02
-8.8817e-02
-8.7233e-02
-8.0373e-02
-6.8686e-02
-5.3905e-02
-3.8608e-02
-2.5192e-02
-1.4394e-02
-5.6082e-03
1.5601e-03
7.4504e-03
1.2675e-02
1.7727e-02
2.2956e-02
2.8261e-02
3.2914e-02
3.5947e-02
3.6442e-02
3.4095e-02
2.9229e-02
2.2497e-02
1.4627e-02
6.1484e-03
-2.3142e-03
-9.8316e-03
-1.5621e-02
-1.9303e-02
-2.0568e-02
-1.9140e-02
-1.5127e-02
-8.8704e-03
-7.5226e-04
8.6996e-03
1.8604e-02
2.7840e-02
3.5550e-02
4.1172e-02
4.4362e-02
4.5219e-02
4.4512e-02
4.3321e-02
4.2490e-02
4.2202e-02
4.2188e-02
4.2337e-02
4.2816e-02
4.3797e-02
4.5210e-02
4.6608e-02
4.7511e-02
4.7941e-02
4.7908e-02
4.6859e-02
4.3964e-02
3.8751e-02
3.1312e-02
2.1885e-02
1.1006e-02
-4.4707e-04
-1.1587e-02
-2.1573e-02
-2.9522e-02
-3.4538e-02
-3.6603e-02
-3.6370e-02
-3.4515e-02
-3.1912e-02
-2.9781e-02
-2.9510e-02
-3.2154e-02
-3.7862e-02
-4.6177e-02
-5.6302e-02
-6.6901e-02
-7.6411e-02
-8.3739e-02
-8.8336e-02
-8.9833e-02
-8.8263e-02
-8.3899e-02
-7.7178e-02
-6.8991e-02
-6.0449e-02
-5.2361e-02
-4.4921e-02
-3.7786e-02
-3.0712e-02
-2.3770e-02
-1.6942e-02
-1.0229e-02
-3.6890e-03
2.5559e-03
8.4745e-03
1.4505e-02
2.1224e-02
2.8908e-02
3.7017e-02
4.4312e-02
4.9629e-02
5.2221e-02
5.2037e-02
4.9904e-02
4.7530e-02
4.7023e-02
4.9638e-02
5.5381e-02
6.3824e-02
7.4225e-02
8.5617e-02
9.7049e-02
1.0713e-01
1.1459e-01
1.1891e-01
1.2017e-01
1.1873e-01
1.1496e-01
1.0920e-01
1.0189e-01
9.3305e-02
8.3120e-02
7.0966e-02
5.7150e-02
4.2916e-02
2.9942e-02
1.9267e-02
1.0901e-02
4.1977e-03
-1.4916e-03
-6.6540e-03
-1.1806e-02
-1.7333e-02
-2.3265e-02
-2.9232e-02
-3.4660e-02
-3.9022e-02
-4.1826e-02
-4.2787e-02
-4.1969e-02
-3.9875e-02
-3.7331e-02
-3.5311e-02
-3.4743e-02
-3.5965e-02
-3.8474e-02
-4.1050e-02
-4.2454e-02
-4.2082e-02
-3.9835e-02
-3.5641e-02
-2.9584e-02
-2.2239e-02
-1.4943e-02
-9.5383e-03
-7.6012e-03
-1.0185e-02
-1.7521e-02
-2.8912e-02
-4.3177e-02
-5.8557e-02
-7.3237e-02
-8.6187e-02
-9.6893e-02
-1.0489e-01
-1.0992e-01
-1.1159e-01
-1.0947e-01
-1.0327e-01
-9.2352e-02
-7.6034e-02
-5.4823e-02
-3.0696e-02
-6.3734e-03
1.5451e-02
3.2753e-02
4.4454e-02
5.0496e-02
5.1648e-02
4.8906e-02
4.3614e-02
3.7441e-02
3.1556e-02
2.6453e-02
2.2182e-02
1.8494e-02
1.5026e-02
1.1496e-02
7.7529e-03
3.4146e-03
-1.7440e-03
-6.9848e-03
-1.1266e-02
-1.4091e-02
-1.5311e-02
-1.4807e-02
-1.2328e-02
-7.5149e-03
-3.8819e-05
1.0211e-02
2.2979e-02
3.7823e-02
5.3911e-02
7.0243e-02
8.5516e-02
9.8413e-02
1.0838e-01
1.1522e-01
1.1860e-01
1.1863e-01
1.1596e-01
1.1102e-01
1.0430e-01
9.6437e-02
8.8182e-02
7.9748e-02
7.0764e-02
6.0921e-02
5.0106e-02
3.8344e-02
2.6120e-02
1.4154e-02
2.7007e-03
-7.9093e-03
-1.6981e-02
-2.3864e-02
-2.8186e-02
-3.0159e-02
-3.0727e-02
-3.1207e-02
-3.2642e-02
-3.5645e-02
-4.0351e-02
-4.6525e-02
-5.4059e-02
-6.2839e-02
-7.2174e-02
-8.0995e-02
-8.8384e-02
-9.3757e-02
-9.6811e-02
-9.7683e-02
-9.6996e-02
-9.5409e-02
-9.3470e-02
-9.1709e-02
-9.0437e-02
-8.9583e-02
-8.8658e-02
-8.7035e-02
-8.4458e-02
-8.0967e-02
-7.6564e-02
-7.1350e-02
-6.5349e-02
-5.8463e-02
-5.0810e-02
-4.2424e-02
-3.2880e-02
-2.1622e-02
-8.6384e-03
5.2170e-03
1.8290e-02
2.8751e-02
3.5010e-02
3.6229e-02
3.2783e-02
2.5729e-02
1.6704e-02
7.5690e-03
-2.2569e-04
-5.7253e-03
-8.6003e-03
-9.5460e-03
-9.8354e-03
-1.0164e-02
-1.0454e-02
-1.0344e-02
-9.4311e-03
-7.3761e-03
-4.1513e-03
7.5978e-05
5.2726e-03
1.0987e-02
1.6177e-02
2.0150e-02
2.2931e-02
2.4601e-02
2.5058e-02
2.4406e-02
2.2756e-02
2.0117e-02
1.6371e-02
1.1317e-02
5.2943e-03
-8.1736e-04
-6.0668e-03
-9.9216e-03
-1.2361e-02
-1.3620e-02
-1.3904e-02
-1.3199e-02
-1.1602e-02
-9.2630e-03
-6.2202e-03
-2.5334e-03
1.8137e-03
6.5582e-03
1.1160e-02
1.5447e-02
1.9263e-02
2.1885e-02
2.2561e-02
2.1165e-02
1.8313e-02
1.4916e-02
1.1433e-02
7.9310e-03
4.4311e-03
1.0310e-03
-2.4158e-03
-5.9981e-03
-9.1360e-03
-1.1222e-02
-1.2157e-02
-1.2072e-02
-1.1076e-02
-9.2695e-03
-7.0169e-03
-4.8028e-03
-2.8833e-03
-1.4357e-03
-5.5576e-04
-4.7887e-04
-1.5910e-03
-4.3267e-03
-8.8689e-03
-1.5036e-02
-2.2591e-02
-3.1022e-02
-3.9532e-02
-4.7306e-02
-5.2852e-02
-5.4792e-02
-5.3191e-02
-4.8665e-02
-4.1709e-02
-3.3159e-02
-2.4122e-02
-1.5525e-02
-7.9206e-03
-1.4676e-03
3.9920e-03
8.7758e-03
1.3258e-02
1.7676e-02
2.1862e-02
2.5145e-02
2.6955e-02
2.7474e-02
2.7521e-02
2.7798e-02
2.8669e-02
3.0354e-02
3.2825e-02
3.5747e-02
3.8942e-02
4.2427e-02
4.5727e-02
4.8171e-02
4.9481e-02
4.9580e-02
4.8356e-02
4.5691e-02
4.1887e-02
3.7922e-02
3.4820e-02
3.3251e-02
3.3626e-02
3.6152e-02
4.1159e-02
4.8800e-02
5.8183e-02
6.7583e-02
7.5171e-02
7.9231e-02
7.8362e-02
7.2047e-02
6.1008e-02
4.6693e-02
3.0965e-02
1.5915e-02
3.4570e-03
-5.1533e-03
-9.0753e-03
-8.4305e-03
-4.7394e-03
3.4907e-04
5.7529e-03
1.0548e-02
1.3792e-02
1.4982e-02
1.4350e-02
1.2735e-02
1.1166e-02
1.0422e-02
1.0821e-02
1.2724e-02
1.6401e-02
2.1581e-02
2.7793e-02
3.4450e-02
4.0781e-02
4.5770e-02
4.8372e-02
4.7561e-02
4.2821e-02
3.4720e-02
2.4300e-02
1.2598e-02
3.0071e-04
-1.2129e-02
-2.3696e-02
-3.2938e-02
-3.8875e-02
-4.0991e-02
-3.9321e-02
-3.4674e-02
-2.8225e-02
-2.1343e-02
-1.5285e-02
-1.0687e-02
-7.8787e-03
-7.2855e-03
-8.8415e-03
-1.1517e-02
-1.4094e-02
-1.5725e-02
-1.5573e-02
-1.3000e-02
-8.0101e-03
-1.7143e-03
4.2165e-03
8.5487e-03
1.0561e-02
9.9739e-03
7.2089e-03
3.0705e-03
-1.6258e-03
-6.3561e-03
-1.0745e-02
-1.4043e-02
-1.5264e-02
-1.4285e-02
-1.1968e-02
-9.1378e-03
-6.0785e-03
-2.6921e-03
1.2905e-03
5.8152e-03
1.0298e-02
1.3985e-02
1.6243e-02
1.6715e-02
1.5177e-02
1.1187e-02
4.5535e-03
-4.0289e-03
-1.3509e-02
-2.2957e-02
-3.1100e-02
-3.6547e-02
-3.8481e-02
-3.6559e-02
-3.0866e-02
-2.2004e-02
-1.1252e-02
-7.3437e-04
7.7343e-03
1.3200e-02
1.5112e-02
1.3762e-02
1.0158e-02
5.6181e-03
1.8063e-03
1.2222e-04
1.1170e-03
4.4893e-03
9.0530e-03
1.3426e-02
1.6671e-02
1.8285e-02
1.8279e-02
1.7126e-02
1.5317e-02
1.3355e-02
1.1671e-02
1.0241e-02
8.5866e-03
5.7798e-03
1.1880e-03
-5.1855e-03
-1.3265e-02
-2.3017e-02
-3.4041e-02
-4.5461e-02
-5.6132e-02
-6.4418e-02
-6.8953e-02
-6.9695e-02
-6.7246e-02
-6.2104e-02
-5.4636e-02
-4.5088e-02
-3.3633e-02
-2.0714e-02
-7.2589e-03
5.2843e-03
1.5370e-02
2.1903e-02
2.4440e-02
2.3658e-02
2.0702e-02
1.6568e-02
1.2322e-02
8.9384e-03
7.0148e-03
6.6101e-03
7.1766e-03
8.1039e-03
9.3010e-03
1.0710e-02
1.1936e-02
1.2695e-02
1.2909e-02
1.2214e-02
1.0168e-02
6.7303e-03
1.9786e-03
-3.8696e-03
-1.0085e-02
-1.5978e-02
-2.1437e-02
-2.6177e-02
-2.9446e-02
-3.0502e-02
-2.8773e-02
-2.4220e-02
-1.7628e-02
-1.0461e-02
-4.1332e-03
2.4143e-04
1.7883e-03
1.2262e-04
-4.5955e-03
-1.1680e-02
-1.9879e-02
-2.7819e-02
-3.4328e-02
-3.8710e-02
-4.0662e-02
-3.9859e-02
-3.6196e-02
-2.9995e-02
-2.1711e-02
-1.2062e-02
-2.0979e-03
7.3813e-03
1.5658e-02
2.1730e-02
2.4687e-02
2.4177e-02
2.0277e-02
1.3534e-02
5.2120e-03
-2.9655e-03
-9.6139e-03
-1.4236e-02
-1.6793e-02
-1.7492e-02
-1.6887e-02
-1.5770e-02
-1.4956e-02
-1.4857e-02
-1.5074e-02
-1.4983e-02
-1.4489e-02
-1.3967e-02
-1.3608e-02
-1.3466e-02
-1.3744e-02
-1.4410e-02
-1.4929e-02
-1.4756e-02
-1.3408e-02
-1.0403e-02
-5.6884e-03
1.9468e-04
6.5365e-03
1.2424e-02
1.6646e-02
1.8331e-02
1.7508e-02
1.4843e-02
1.1216e-02
7.8486e-03
5.8595e-03
5.5627e-03
6.7536e-03
9.0427e-03
1.1978e-02
1.4920e-02
1.6925e-02
1.7502e-02
1.6864e-02
1.5476e-02
1.3948e-02
1.2942e-02
1.3120e-02
1.4698e-02
1.7074e-02
1.9233e-02
2.0311e-02
1.9764e-02
1.7616e-02
1.4709e-02
1.2157e-02
1.0594e-02
1.0337e-02
1.1510e-02
1.3818e-02
1.6717e-02
1.9492e-02
2.1211e-02
2.1486e-02
2.0682e-02
1.9179e-02
1.7246e-02
1.5287e-02
1.3643e-02
1.2366e-02
1.1205e-02
9.8786e-03
8.5751e-03
7.8340e-03
7.8077e-03
8.0816e-03
8.1022e-03
7.3211e-03
5.1562e-03
1.2491e-03
-4.2382e-03
-1.0754e-02
-1.7513e-02
-2.3490e-02
-2.7705e-02
-2.9666e-02
-2.9627e-02
-2.8217e-02
-2.5907e-02
-2.3050e-02
-2.0026e-02
-1.7329e-02
-1.5406e-02
-1.4335e-02
-1.3928e-02
-1.4019e-02
-1.4650e-02
-1.5912e-02
-1.7559e-02
-1.8787e-02
-1.8721e-02
-1.7134e-02
-1.4237e-02
-1.0608e-02
-7.2029e-03
-4.6913e-03
-3.2212e-03
-2.8485e-03
-3.4630e-03
-4.2413e-03
-4.0710e-03
-2.6756e-03
-4.2184e-04
2.3464e-03
5.4964e-03
8.8229e-03
1.1749e-02
1.3604e-02
1.4324e-02
1.4163e-02
1.2900e-02
1.0641e-02
8.1387e-03
5.7133e-03
3.1437e-03
3.0447e-04
-2.6610e-03
-5.6331e-03
-8.4623e-03
-1.0560e-02
-1.1292e-02
-1.0326e-02
-7.6341e-03
-3.5178e-03
1.4360e-03
6.7111e-03
1.1566e-02
1.4725e-02
1.5124e-02
1.2587e-02
7.9512e-03
2.4053e-03
-3.1005e-03
-7.5866e-03
-9.9826e-03
-9.7008e-03
-6.8417e-03
-2.0257e-03
3.9557e-03
1.0502e-02
1.7188e-02
2.3774e-02
3.0233e-02
3.6654e-02
4.3077e-02
4.9121e-02
5.3853e-02
5.6464e-02
5.7001e-02
5.6140e-02
5.4433e-02
5.2346e-02
5.0480e-02
4.9132e-02
4.8268e-02
4.7399e-02
4.5956e-02
4.3834e-02
4.1078e-02
3.7232e-02
3.1714e-02
2.4200e-02
1.4783e-02
3.7364e-03
-8.7371e-03
-2.2282e-02
-3.6205e-02
-4.9679e-02
-6.1714e-02
-7.0645e-02
-7.5379e-02
-7.6310e-02
-7.4286e-02
-6.9993e-02
-6.4401e-02
-5.8707e-02
-5.3488e-02
-4.8842e-02
-4.5009e-02
-4.2223e-02
-4.0431e-02
-3.9570e-02
-3.9949e-02
-4.1600e-02
-4.3890e-02
-4.6112e-02
-4.7462e-02
-4.6790e-02
-4.3132e-02
-3.5979e-02
-2.5379e-02
-1.2018e-02
2.5656e-03
1.6338e-02
2.7907e-02
3.6618e-02
4.1869e-02
4.3305e-02
4.1213e-02
3.6612e-02
3.0938e-02
2.5594e-02
2.2044e-02
2.1418e-02
2.3471e-02
2.7348e-02
3.2451e-02
3.7925e-02
4.2685e-02
4.6044e-02
4.8045e-02
4.8903e-02
4.8463e-02
4.6891e-02
4.4712e-02
4.2015e-02
3.8392e-02
3.3517e-02
2.7490e-02
2.0713e-02
1.3895e-02
7.7834e-03
2.8991e-03
7.0167e-05
2.6137e-04
3.6089e-03
9.2957e-03
1.6076e-02
2.2862e-02
2.8886e-02
3.3526e-02
3.6239e-02
3.6723e-02
3.5082e-02
3.1631e-02
2.6580e-02
2.0271e-02
1.3060e-02
5.2512e-03
-2.8515e-03
-1.0643e-02
-1.7563e-02
-2.3178e-02
-2.6893e-02
-2.8441e-02
-2.7894e-02
-2.5484e-02
-2.1930e-02
-1.8277e-02
-1.5091e-02
-1.2239e-02
-9.6395e-03
-7.8053e-03
-7.1812e-03
-7.6930e-03
-8.9037e-03
-1.0246e-02
-1.1176e-02
-1.1512e-02
-1.1431e-02
-1.1044e-02
-1.0324e-02
-9.4162e-03
-8.8334e-03
-9.1905e-03
-1.0771e-02
-1.3566e-02
-1.7432e-02
-2.2091e-02
-2.7073e-02
-3.1851e-02
-3.5852e-02
-3.8458e-02
-3.9276e-02
-3.8435e-02
-3.6677e-02
-3.4908e-02
-3.3560e-02
-3.2948e-02
-3.3334e-02
-3.4638e-02
-3.6540e-02
-3.8708e-02
-4.0981e-02
-4.3042e-02
-4.4313e-02
-4.4599e-02
-4.4012e-02
-4.2414e-02
-3.9557e-02
-3.5435e-02
-3.0081e-02
-2.3765e-02
-1.7333e-02
-1.1510e-02
-6.7750e-03
-3.2537e-03
-4.5413e-04
2.3751e-03
5.7086e-03
9.8799e-03
1.5057e-02
2.0673e-02
2.5924e-02
3.0403e-02
3.3687e-02
3.5285e-02
3.5413e-02
3.4794e-02
3.3927e-02
3.2941e-02
3.1695e-02
3.0009e-02
2.7733e-02
2.4972e-02
2.2072e-02
1.9475e-02
1.7646e-02
1.6814e-02
1.6792e-02
1.7237e-02
1.7866e-02
1.8727e-02
1.9923e-02
2.1349e-02
2.2943e-02
2.4778e-02
2.6746e-02
2.8539e-02
3.0109e-02
3.1411e-02
3.2363e-02
3.3078e-02
3.3717e-02
3.4499e-02
3.5442e-02
3.5991e-02
3.4976e-02
3.1117e-02
2.3832e-02
1.3535e-02
1.3928e-03
-1.1627e-02
-2.4715e-02
-3.6780e-02
-4.7034e-02
-5.5268e-02
-6.1623e-02
-6.6309e-02
-6.9700e-02
-7.2062e-02
-7.3308e-02
-7.3092e-02
-7.0908e-02
-6.6297e-02
-5.9448e-02
-5.1099e-02
-4.1854e-02
-3.2611e-02
-2.4872e-02
-1.9772e-02
-1.7366e-02
-1.6743e-02
-1.6862e-02
-1.7263e-02
-1.7821e-02
-1.8270e-02
-1.8373e-02
-1.8287e-02
-1.8296e-02
-1.8486e-02
-1.8763e-02
-1.8890e-02
-1.8459e-02
-1.6952e-02
-1.3983e-02
-9.4566e-03
-3.5928e-03
2.9254e-03
8.9033e-03
1.3112e-02
1.4952e-02
1.4371e-02
1.1848e-02
8.3108e-03
4.7501e-03
2.0623e-03
1.0068e-03
2.0689e-03
5.1411e-03
9.5722e-03
1.4418e-02
1.8877e-02
2.2395e-02
2.4596e-02
2.5545e-02
2.5917e-02
2.6639e-02
2.8354e-02
3.1158e-02
3.4581e-02
3.7797e-02
3.9902e-02
4.0281e-02
3.8653e-02
3.5166e-02
3.0419e-02
2.5205e-02
2.0213e-02
1.5762e-02
1.1759e-02
8.3561e-03
6.0855e-03
4.9721e-03
4.0181e-03
2.4763e-03
6.1607e-04
-4.1637e-04
5.0932e-04
3.7389e-03
8.8857e-03
1.5254e-02
2.2049e-02
2.8685e-02
3.4714e-02
3.9520e-02
4.2649e-02
4.4273e-02
4.4824e-02
4.4251e-02
4.2295e-02
3.8822e-02
3.3666e-02
2.6877e-02
1.9115e-02
1.1292e-02
4.1800e-03
-1.8448e-03
-6.6260e-03
-9.7734e-03
-1.0976e-02
-1.0211e-02
-7.4545e-03
-2.7240e-03
3.6639e-03
1.1150e-02
1.8667e-02
2.4658e-02
2.8025e-02
2.8413e-02
2.5788e-02
2.0511e-02
1.3176e-02
4.4011e-03
-5.2000e-03
-1.4910e-02
-2.4164e-02
-3.2580e-02
-3.9617e-02
-4.4829e-02
-4.7874e-02
-4.8492e-02
-4.6595e-02
-4.2301e-02
-3.5968e-02
-2.8211e-02
-1.9812e-02
-1.1464e-02
-3.7387e-03
2.7309e-03
7.6552e-03
1.1223e-02
1.3301e-02
1.3487e-02
1.2019e-02
9.5109e-03
6.5006e-03
3.4658e-03
7.8737e-04
-1.3956e-03
-2.9797e-03
-3.8208e-03
-4.0071e-03
-3.9056e-03
-3.8638e-03
-4.1287e-03
-4.9566e-03
-6.5417e-03
-8.7746e-03
-1.1237e-02
-1.3542e-02
-1.5418e-02
-1.6608e-02
-1.6995e-02
-1.6843e-02
-1.6500e-02
-1.5788e-02
-1.4297e-02
-1.1975e-02
-9.1325e-03
-6.0716e-03
-3.0863e-03
-4.4758e-04
1.8403e-03
3.8184e-03
5.3691e-03
6.3768e-03
6.7163e-03
6.1597e-03
4.6482e-03
2.1814e-03
-1.2642e-03
-5.2854e-03
-9.1716e-03
-1.2472e-02
-1.4951e-02
-1.6321e-02
-1.6528e-02
-1.5705e-02
-1.3864e-02
-1.1122e-02
-8.0082e-03
-5.2700e-03
-3.4772e-03
-2.7180e-03
-2.6795e-03
-2.8438e-03
-2.7092e-03
-1.8401e-03
1.0692e-04
3.1392e-03
6.7788e-03
1.0237e-02
1.2756e-02
1.4149e-02
1.4941e-02
1.5799e-02
1.7228e-02
1.9739e-02
2.3426e-02
2.7570e-02
3.1236e-02
3.3944e-02
3.5177e-02
3.4128e-02
3.0551e-02
2.5092e-02
1.8905e-02
1.2777e-02
6.9434e-03
1.6155e-03
-2.7078e-03
-5.5677e-03
-6.7095e-03
-6.0298e-03
-3.4308e-03
1.1418e-03
7.5484e-03
1.5356e-02
2.3748e-02
3.1972e-02
3.9428e-02
4.5614e-02
5.0100e-02
5.2671e-02
5.3508e-02
5.2852e-02
5.0883e-02
4.7733e-02
4.3392e-02
3.7938e-02
3.1710e-02
2.4938e-02
1.7835e-02
1.0781e-02
4.0935e-03
-2.0986e-03
-7.4769e-03
-1.1735e-02
-1.4933e-02
-1.7376e-02
-1.9443e-02
-2.1371e-02
-2.2979e-02
-2.3648e-02
-2.2935e-02
-2.0987e-02
-1.8413e-02
-1.6164e-02
-1.5291e-02
-1.6419e-02
-1.9379e-02
-2.3703e-02
-2.8950e-02
-3.4481e-02
-3.9649e-02
-4.3862e-02
-4.6572e-02
-4.7860e-02
-4.8125e-02
-4.7748e-02
-4.7039e-02
-4.5944e-02
-4.4365e-02
-4.2386e-02
-3.9945e-02
-3.6999e-02
-3.3862e-02
-3.1128e-02
-2.9633e-02
-2.9687e-02
-3.0739e-02
-3.2048e-02
-3.3106e-02
-3.3548e-02
-3.2983e-02
-3.1238e-02
-2.8507e-02
-2.5298e-02
-2.2256e-02
-1.9918e-02
-1.8513e-02
-1.8115e-02
-1.8606e-02
-1.9581e-02
-2.0738e-02
-2.2133e-02
-2.3900e-02
-2.6039e-02
-2.8271e-02
-3.0228e-02
-3.1669e-02
-3.2532e-02
-3.2824e-02
-3.2556e-02
-3.2052e-02
-3.1895e-02
-3.2474e-02
-3.3643e-02
-3.5124e-02
-3.6809e-02
-3.8235e-02
-3.8702e-02
-3.7988e-02
-3.6064e-02
-3.2859e-02
-2.8491e-02
-2.3130e-02
-1.6978e-02
-1.0493e-02
-3.9776e-03
2.6821e-03
9.5323e-03
1.6084e-02
2.1635e-02
2.5739e-02
2.8230e-02
2.9038e-02
2.8362e-02
2.6828e-02
2.5141e-02
2.3580e-02
2.2132e-02
2.0939e-02
1.9998e-02
1.8993e-02
1.7574e-02
1.5364e-02
1.2050e-02
7.6741e-03
2.8555e-03
-1.6544e-03
-5.2618e-03
-7.4877e-03
-8.1240e-03
-7.1912e-03
-4.4847e-03
2.0101e-04
6.4244e-03
1.3119e-02
1.9384e-02
2.4995e-02
3.0156e-02
3.5427e-02
4.1196e-02
4.7332e-02
5.3457e-02
5.9473e-02
6.5527e-02
7.1322e-02
7.5994e-02
7.8923e-02
8.0122e-02
7.9625e-02
7.7246e-02
7.2976e-02
6.7485e-02
6.1907e-02
5.7070e-02
5.3389e-02
5.0844e-02
4.9080e-02
4.7708e-02
4.6225e-02
4.3921e-02
4.0235e-02
3.4876e-02
2.7782e-02
1.9435e-02
1.1227e-02
4.4206e-03
-7.6778e-04
-4.6104e-03
-7.3466e-03
-9.0603e-03
-9.8744e-03
-1.0200e-02
-1.0289e-02
-1.0021e-02
-9.2247e-03
-8.0228e-03
-6.9839e-03
-6.9331e-03
-8.5639e-03
-1.2085e-02
-1.6902e-02
-2.2060e-02
-2.6699e-02
-2.9963e-02
-3.1236e-02
-3.0582e-02
-2.8281e-02
-2.4223e-02
-1.8279e-02
-1.1058e-02
-3.5496e-03
3.6701e-03
1.0298e-02
1.5797e-02
1.9884e-02
2.2692e-02
2.4117e-02
2.3718e-02
2.1506e-02
1.8120e-02
1.4357e-02
1.0709e-02
7.5172e-03
4.9707e-03
3.2597e-03
2.8169e-03
3.5963e-03
4.8234e-03
5.6771e-03
5.6644e-03
4.4636e-03
2.0830e-03
-1.2550e-03
-5.4177e-03
-1.0121e-02
-1.4728e-02
-1.8825e-02
-2.2442e-02
-2.5459e-02
-2.7704e-02
-2.9263e-02
-3.0012e-02
-2.9371e-02
-2.7102e-02
-2.3679e-02
-1.9651e-02
-1.5335e-02
-1.1061e-02
-7.2708e-03
-4.2153e-03
-2.1289e-03
-1.2519e-03
-1.7098e-03
-3.4624e-03
-6.3010e-03
-9.7849e-03
-1.3275e-02
-1.6135e-02
-1.8133e-02
-1.9285e-02
-1.9517e-02
-1.9062e-02
-1.8366e-02
-1.7837e-02
-1.7693e-02
-1.7776e-02
-1.7789e-02
-1.7505e-02
-1.6720e-02
-1.5263e-02
-1.2945e-02
-9.6027e-03
-5.4721e-03
-1.0282e-03
3.2389e-03
6.7996e-03
9.2928e-03
1.0429e-02
1.0111e-02
8.4107e-03
5.3992e-03
1.2602e-03
-3.5974e-03
-8.7399e-03
-1.3887e-02
-1.8596e-02
-2.2459e-02
-2.5204e-02
-2.6483e-02
-2.6025e-02
-2.4063e-02
-2.1226e-02
-1.8307e-02
-1.5905e-02
-1.4145e-02
-1.2964e-02
-1.2184e-02
-1.1237e-02
-9.4841e-03
-6.8478e-03
-3.3879e-03
9.9565e-04
6.1129e-03
1.1281e-02
1.5936e-02
2.0128e-02
2.4183e-02
2.8314e-02
3.2419e-02
3.6132e-02
3.9361e-02
4.2032e-02
4.3739e-02
4.4090e-02
4.2986e-02
4.0409e-02
3.6561e-02
3.2157e-02
2.7927e-02
2.4388e-02
2.2063e-02
2.1012e-02
2.0811e-02
2.0884e-02
2.0738e-02
1.9968e-02
1.8240e-02
1.5481e-02
1.2014e-02
8.3044e-03
4.7304e-03
1.5503e-03
-9.5835e-04
-2.6203e-03
-3.5901e-03
-4.3617e-03
-5.1202e-03
-5.4229e-03
-4.7470e-03
-3.0898e-03
-6.6563e-04
2.3371e-03
5.3146e-03
7.4421e-03
8.2279e-03
7.4820e-03
5.1495e-03
1.3746e-03
-3.2867e-03
-8.1018e-03
-1.2788e-02
-1.7426e-02
-2.1663e-02
-2.5044e-02
-2.7549e-02
-2.9029e-02
-2.9191e-02
-2.8179e-02
-2.6332e-02
-2.3801e-02
-2.0712e-02
-1.7416e-02
-1.4176e-02
-1.1005e-02
-7.7807e-03
-4.6510e-03
-1.9942e-03
-1.3354e-05
1.1701e-03
1.4182e-03
6.3728e-04
-1.0196e-03
-2.9845e-03
-4.7918e-03
-6.4165e-03
-8.1418e-03
-1.0191e-02
-1.2428e-02
-1.4639e-02
-1.6811e-02
-1.9049e-02
-2.1461e-02
-2.4121e-02
-2.6776e-02
-2.8768e-02
-2.9683e-02
-2.9581e-02
-2.8740e-02
-2.7439e-02
-2.6128e-02
-2.5416e-02
-2.5527e-02
-2.6155e-02
-2.6859e-02
-2.7201e-02
-2.6864e-02
-2.5986e-02
-2.5038e-02
-2.4404e-02
-2.4183e-02
-2.4491e-02
-2.5341e-02
-2.6363e-02
-2.7090e-02
-2.6894e-02
-2.5091e-02
-2.1523e-02
-1.6563e-02
-1.0601e-02
-3.8881e-03
3.0824e-03
9.6793e-03
1.5818e-02
2.1779e-02
2.7695e-02
3.3547e-02
3.8947e-02
4.3091e-02
4.5316e-02
4.5450e-02
4.3792e-02
4.0790e-02
3.7029e-02
3.3195e-02
2.9888e-02
2.7751e-02
2.7112e-02
2.7634e-02
2.8663e-02
2.9367e-02
2.9175e-02
2.8145e-02
2.6639e-02
2.4964e-02
2.3282e-02
2.1662e-02
1.9805e-02
1.7535e-02
1.5131e-02
1.2731e-02
1.0289e-02
7.6848e-03
4.9039e-03
2.0592e-03
-5.2696e-04
-2.6451e-03
-4.1682e-03
-4.6674e-03
-3.7128e-03
-1.7029e-03
5.1397e-04
2.4453e-03
3.9573e-03
5.0058e-03
5.4245e-03
4.9607e-03
3.6554e-03
1.8991e-03
1.6096e-04
-1.3131e-03
-2.3025e-03
-2.3641e-03
-1.4020e-03
-4.6872e-05
9.2527e-04
1.3180e-03
1.3805e-03
1.2049e-03
6.2544e-04
-4.7357e-04
-1.9076e-03
-3.1004e-03
-3.5892e-03
-3.6213e-03
-3.6245e-03
-3.7069e-03
-3.8117e-03
-3.8875e-03
-3.8668e-03
-3.6228e-03
-3.0306e-03
-2.0830e-03
-9.9846e-04
-3.8153e-05
7.4300e-04
1.4638e-03
2.4030e-03
3.7242e-03
5.4157e-03
7.4632e-03
9.7084e-03
1.1943e-02
1.4214e-02
1.6625e-02
1.8581e-02
1.9329e-02
1.8573e-02
1.6217e-02
1.2103e-02
6.6386e-03
6.2024e-04
-5.3713e-03
-1.0998e-02
-1.5765e-02
-1.9202e-02
-2.1277e-02
-2.2177e-02
-2.2026e-02
-2.0942e-02
-1.9145e-02
-1.7157e-02
-1.5590e-02
-1.4694e-02
-1.4370e-02
-1.4283e-02
-1.4220e-02
-1.3880e-02
-1.3064e-02
-1.1997e-02
-1.0925e-02
-9.9135e-03
-8.9397e-03
-8.2735e-03
-8.3758e-03
-9.3929e-03
-1.1144e-02
-1.3129e-02
-1.4533e-02
-1.4642e-02
-1.3262e-02
-1.0771e-02
-7.7767e-03
-4.8310e-03
-2.5023e-03
-1.2289e-03
-8.5560e-04
-6.1275e-04
2.7815e-04
1.8658e-03
3.7974e-03
5.8340e-03
7.8157e-03
9.7487e-03
1.1570e-02
1.3112e-02
1.4301e-02
1.5143e-02
1.5533e-02
1.5443e-02
1.4930e-02
1.4045e-02
1.2991e-02
1.2117e-02
1.1614e-02
1.1654e-02
1.2378e-02
1.3346e-02
1.3542e-02
1.1938e-02
8.1445e-03
2.7240e-03
-2.8469e-03
-6.8597e-03
-8.0833e-03
-6.5667e-03
-3.7937e-03
-1.5958e-03
-1.0909e-03
-2.1556e-03
-3.8351e-03
-5.3483e-03
-6.4364e-03
-7.3089e-03
-8.0017e-03
-8.2549e-03
-7.9667e-03
-7.0965e-03
-5.4884e-03
-2.8689e-03
9.7858e-04
5.6964e-03
1.0471e-02
1.4806e-02
1.8544e-02
2.1235e-02
2.2536e-02
2.2355e-02
2.0591e-02
1.7122e-02
1.2091e-02
5.9484e-03
-7.2122e-04
-7.3399e-03
-1.3710e-02
-1.9694e-02
-2.4722e-02
-2.8285e-02
-3.0413e-02
-3.1318e-02
-3.1036e-02
-2.9579e-02
-2.7087e-02
-2.3831e-02
-2.0121e-02
-1.6207e-02
-1.2306e-02
-8.7904e-03
-5.9137e-03
-3.6859e-03
-2.1859e-03
-1.3027e-03
-3.9749e-04
1.0616e-03
2.9731e-03
4.8884e-03
6.5791e-03
8.1452e-03
9.6277e-03
1.0747e-02
1.1298e-02
1.1337e-02
1.0792e-02
9.3578e-03
6.8768e-03
3.5556e-03
-2.2765e-04
-3.8540e-03
-6.5306e-03
-7.7934e-03
-7.7192e-03
-6.5225e-03
-4.2931e-03
-1.3672e-03
1.6314e-03
4.2948e-03
6.2561e-03
7.1021e-03
6.8001e-03
5.6341e-03
4.0268e-03
2.3618e-03
1.1481e-03
8.8267e-04
1.7548e-03
3.5611e-03
5.6446e-03
7.3742e-03
8.3560e-03
8.1058e-03
6.0262e-03
2.0181e-03
-3.3293e-03
-9.2218e-03
-1.5144e-02
-2.0789e-02
-2.5489e-02
-2.8534e-02
-2.9854e-02
-2.9447e-02
-2.7140e-02
-2.2935e-02
-1.6979e-02
-9.8651e-03
-2.6004e-03
4.1876e-03
1.0170e-02
1.4785e-02
1.7334e-02
1.7668e-02
1.6266e-02
1.3599e-02
1.0047e-02
6.1604e-03
2.6921e-03
1.5232e-04
-1.3782e-03
-1.8335e-03
-1.2769e-03
-1.5298e-04
1.1352e-03
2.5202e-03
3.9682e-03
5.2959e-03
6.1736e-03
6.5088e-03
6.5302e-03
6.3714e-03
5.9616e-03
5.2617e-03
4.4329e-03
3.6433e-03
2.8618e-03
2.1904e-03
1.8812e-03
1.9608e-03
2.3848e-03
3.2217e-03
4.4863e-03
6.1212e-03
8.1687e-03
1.0530e-02
1.2954e-02
1.5250e-02
1.7175e-02
1.8385e-02
1.8657e-02
1.8031e-02
1.6587e-02
1.4494e-02
1.2217e-02
1.0274e-02
8.9989e-03
8.5009e-03
8.4999e-03
8.4520e-03
8.2694e-03
8.1397e-03
7.9147e-03
7.4242e-03
6.6833e-03
5.9872e-03
5.5665e-03
5.5857e-03
6.1357e-03
6.8013e-03
6.9462e-03
6.2883e-03
4.8050e-03
2.6030e-03
-1.5754e-05
-2.7058e-03
-5.1236e-03
-6.8313e-03
-7.5794e-03
-7.5592e-03
-6.8459e-03
-5.1908e-03
-2.5034e-03
8.8314e-04
4.4281e-03
7.6092e-03
9.9113e-03
1.0701e-02
9.7301e-03
7.4130e-03
4.4062e-03
1.1935e-03
-1.7438e-03
-3.7712e-03
-4.5621e-03
-4.1492e-03
-2.6984e-03
-4.2578e-04
2.3654e-03
5.3546e-03
8.1368e-03
1.0250e-02
1.1438e-02
1.1691e-02
1.1137e-02
9.8545e-03
7.9932e-03
5.9605e-03
4.1444e-03
2.6698e-03
1.6761e-03
1.6257e-03
2.7885e-03
4.9591e-03
7.8697e-03
1.1078e-02
1.4043e-02
1.6396e-02
1.7931e-02
1.8632e-02
1.8400e-02
1.7176e-02
1.5154e-02
1.2727e-02
1.0239e-02
7.9541e-03
6.1831e-03
5.1877e-03
4.9236e-03
5.1246e-03
5.6442e-03
6.4106e-03
7.1532e-03
7.5100e-03
7.3165e-03
6.4203e-03
4.5957e-03
1.8748e-03
-1.2992e-03
-4.5023e-03
-7.6612e-03
-1.0717e-02
-1.3490e-02
-1.5958e-02
-1.8119e-02
-1.9808e-02
-2.0831e-02
-2.1211e-02
-2.1155e-02
-2.0730e-02
-1.9840e-02
-1.8491e-02
-1.6760e-02
-1.4666e-02
-1.2393e-02
-1.0214e-02
-8.2763e-03
-6.5732e-03
-4.9898e-03
-3.5448e-03
-2.5438e-03
-2.1231e-03
-2.0719e-03
-2.2662e-03
-2.8057e-03
-3.7483e-03
-4.8972e-03
-5.9758e-03
-6.8732e-03
-7.5701e-03
-8.1374e-03
-8.5970e-03
-8.9302e-03
-9.2361e-03
-9.7082e-03
-1.0435e-02
-1.1294e-02
-1.2220e-02
-1.3422e-02
-1.4975e-02
-1.6681e-02
-1.8552e-02
-2.0720e-02
-2.2926e-02
-2.4669e-02
-2.5608e-02
-2.5690e-02
-2.5014e-02
-2.3625e-02
-2.1663e-02
-1.9495e-02
-1.7440e-02
-1.5602e-02
-1.3990e-02
-1.2839e-02
-1.2719e-02
-1.3892e-02
-1.5928e-02
-1.8177e-02
-2.0291e-02
-2.2151e-02
-2.3698e-02
-2.4987e-02
-2.6047e-02
-2.6659e-02
-2.6523e-02
-2.5481e-02
-2.3582e-02
-2.0812e-02
-1.7293e-02
-1.3451e-02
-9.7735e-03
-6.4099e-03
-3.3212e-03
-8.5036e-04
4.6842e-04
6.2110e-04
1.9955e-04
-4.9573e-05
1.9657e-04
1.0104e-03
2.4928e-03
4.5587e-03
6.8622e-03
9.1406e-03
1.1303e-02
1.3218e-02
1.4714e-02
1.5784e-02
1.6577e-02
1.7149e-02
1.7604e-02
1.8041e-02
1.8346e-02
1.8437e-02
1.8738e-02
1.9741e-02
2.1343e-02
2.3235e-02
2.5142e-02
2.6870e-02
2.8417e-02
2.9830e-02
3.0898e-02
3.1470e-02
3.1748e-02
3.1854e-02
3.1514e-02
3.0251e-02
2.7714e-02
2.3821e-02
1.8659e-02
1.2530e-02
6.0245e-03
-5.0023e-05
-5.1486e-03
-9.2411e-03
-1.2321e-02
-1.4312e-02
-1.5328e-02
-1.5656e-02
-1.5588e-02
-1.5235e-02
-1.4612e-02
-1.3849e-02
-1.3063e-02
-1.2144e-02
-1.1076e-02
-1.0003e-02
-8.9285e-03
-7.7232e-03
-6.2009e-03
-4.2760e-03
-2.0721e-03
-5.7184e-05
1.2181e-03
1.4429e-03
5.1371e-04
-1.4262e-03
-3.7502e-03
-5.6632e-03
-6.5259e-03
-6.0020e-03
-4.0229e-03
-6.8531e-04
3.6668e-03
8.6075e-03
1.3614e-02
1.7786e-02
2.0412e-02
2.1529e-02
2.1437e-02
2.0309e-02
1.8270e-02
1.5526e-02
1.2252e-02
8.6351e-03
5.0099e-03
1.7220e-03
-9.0790e-04
-2.7460e-03
-3.7049e-03
-3.7327e-03
-2.9422e-03
-1.5086e-03
2.3329e-04
1.7525e-03
2.7164e-03
3.2408e-03
3.6327e-03
3.9169e-03
3.7768e-03
3.0226e-03
1.8648e-03
4.5660e-04
-1.1874e-03
-2.9709e-03
-4.5077e-03
-5.3980e-03
-5.4596e-03
-4.6483e-03
-3.2677e-03
-1.7580e-03
-4.1655e-04
4.5544e-04
7.8274e-04
8.4059e-04
8.5560e-04
8.3858e-04
7.4665e-04
6.0775e-04
5.3233e-04
7.0967e-04
1.3828e-03
2.7397e-03
4.7165e-03
6.9689e-03
9.1348e-03
1.1019e-02
1.2572e-02
1.3887e-02
1.5107e-02
1.6203e-02
1.7068e-02
1.7591e-02
1.7797e-02
1.7693e-02
1.7082e-02
1.5737e-02
1.3702e-02
1.1361e-02
9.0860e-03
7.0672e-03
5.4273e-03
4.2581e-03
3.6386e-03
3.7376e-03
4.5143e-03
5.6227e-03
6.6645e-03
7.4045e-03
7.4233e-03
6.0711e-03
3.1800e-03
-7.7538e-04
-5.1400e-03
-9.3422e-03
-1.2974e-02
-1.5846e-02
-1.7870e-02
-1.8801e-02
-1.8648e-02
-1.8169e-02
-1.8096e-02
-1.8432e-02
-1.8874e-02
-1.9177e-02
-1.9062e-02
-1.8398e-02
-1.7358e-02
-1.6028e-02
-1.4576e-02
-1.3406e-02
-1.2697e-02
-1.2285e-02
-1.1908e-02
-1.1369e-02
-1.0726e-02
-9.9361e-03
-8.9037e-03
-7.5708e-03
-5.8047e-03
-3.7778e-03
-1.8875e-03
-3.0121e-04
7.1933e-04
8.5852e-04
9.8866e-05
-1.4417e-03
-3.5265e-03
-5.7123e-03
-7.5988e-03
-8.9834e-03
-9.8181e-03
-1.0065e-02
-9.6777e-03
-8.8861e-03
-7.8863e-03
-6.4812e-03
-4.5878e-03
-2.5035e-03
-5.1201e-04
1.3385e-03
3.2413e-03
5.2913e-03
7.2517e-03
9.0056e-03
1.0411e-02
1.1240e-02
1.1390e-02
1.0828e-02
9.6193e-03
7.6934e-03
5.1073e-03
2.2599e-03
-5.3006e-04
-2.9755e-03
-5.0265e-03
-6.8943e-03
-8.8602e-03
-1.1264e-02
-1.4258e-02
-1.7445e-02
-2.0296e-02
-2.2655e-02
-2.4481e-02
-2.5879e-02
-2.7271e-02
-2.8739e-02
-2.9809e-02
-3.0141e-02
-2.9694e-02
-2.8327e-02
-2.5814e-02
-2.2123e-02
-1.7427e-02
-1.2266e-02
-7.4228e-03
-3.3814e-03
-3.6486e-04
1.5463e-03
2.4962e-03
2.7674e-03
2.6853e-03
2.4862e-03
2.3328e-03
2.4292e-03
2.8380e-03
3.3008e-03
3.7058e-03
4.1075e-03
4.3761e-03
4.3357e-03
4.0632e-03
3.6092e-03
3.0840e-03
2.5094e-03
1.8697e-03
1.4568e-03
1.7164e-03
2.7782e-03
4.6919e-03
7.8073e-03
1.2315e-02
1.7859e-02
2.3713e-02
2.9313e-02
3.4229e-02
3.8115e-02
4.0661e-02
4.1525e-02
4.0575e-02
3.8441e-02
3.6052e-02
3.3784e-02
3.1803e-02
3.0280e-02
2.9339e-02
2.8657e-02
2.7770e-02
2.6444e-02
2.4388e-02
2.1288e-02
1.7107e-02
1.2375e-02
7.7461e-03
3.6235e-03
2.6016e-04
-2.2657e-03
-4.1739e-03
-5.8115e-03
-7.2251e-03
-7.9758e-03
-7.6986e-03
-6.5748e-03
-5.0754e-03
-3.5957e-03
-2.2162e-03
-9.4924e-04
-6.7262e-05
3.8844e-05
-9.3314e-04
-2.8537e-03
-5.3094e-03
-8.0937e-03
-1.0923e-02
-1.3142e-02
-1.4479e-02
-1.5214e-02
-1.5291e-02
-1.4596e-02
-1.3707e-02
-1.3048e-02
-1.2364e-02
-1.1462e-02
-1.0692e-02
-1.0536e-02
-1.0869e-02
-1.1159e-02
-1.1270e-02
-1.1345e-02
-1.1337e-02
-1.1012e-02
-1.0121e-02
-8.5746e-03
-6.5707e-03
-4.3404e-03
-1.7452e-03
1.2294e-03
4.1228e-03
6.3153e-03
7.5839e-03
8.0429e-03
7.8429e-03
6.9469e-03
5.2479e-03
2.9425e-03
4.7808e-04
-1.9530e-03
-4.3107e-03
-6.6467e-03
-8.9947e-03
-1.1401e-02
-1.3862e-02
-1.6392e-02
-1.8892e-02
-2.1160e-02
-2.2844e-02
-2.3625e-02
-2.3380e-02
-2.2304e-02
-2.0631e-02
-1.8500e-02
-1.5734e-02
-1.2277e-02
-8.5029e-03
-4.8944e-03
-1.6590e-03
1.1867e-03
3.4221e-03
4.7183e-03
5.1798e-03
5.2997e-03
5.3970e-03
5.4929e-03
5.5275e-03
5.4819e-03
5.3634e-03
5.2244e-03
5.2037e-03
5.5404e-03
6.4989e-03
8.2003e-03
1.0379e-02
1.2540e-02
1.4503e-02
1.6253e-02
1.7876e-02
1.9136e-02
1.9451e-02
1.8826e-02
1.7807e-02
1.7032e-02
1.7110e-02
1.8183e-02
1.9785e-02
2.1674e-02
2.4057e-02
2.6860e-02
2.9578e-02
3.1784e-02
3.3348e-02
3.4101e-02
3.4078e-02
3.3436e-02
3.2157e-02
3.0314e-02
2.8250e-02
2.6246e-02
2.4271e-02
2.2133e-02
1.9776e-02
1.7469e-02
1.5434e-02
1.3834e-02
1.2626e-02
1.1733e-02
1.1115e-02
1.0678e-02
1.0057e-02
8.8158e-03
6.8394e-03
4.3351e-03
1.4582e-03
-1.7388e-03
-4.9881e-03
-7.8588e-03
-9.9127e-03
-1.0549e-02
-9.5386e-03
-7.2879e-03
-4.5859e-03
-2.2469e-03
-6.9470e-04
-1.7609e-04
-8.2771e-04
-2.3944e-03
-4.4444e-03
-6.7109e-03
-8.9564e-03
-1.1097e-02
-1.3211e-02
-1.5422e-02
-1.7468e-02
-1.8875e-02
-1.9414e-02
-1.9238e-02
-1.8536e-02
-1.7279e-02
-1.5617e-02
-1.3653e-02
-1.1382e-02
-9.1324e-03
-7.4594e-03
-6.8083e-03
-7.3294e-03
-8.8392e-03
-1.0933e-02
-1.3076e-02
-1.4804e-02
-1.5812e-02
-1.6011e-02
-1.5455e-02
-1.4091e-02
-1.1864e-02
-8.8617e-03
-5.1756e-03
-1.0674e-03
2.8840e-03
6.2346e-03
8.8656e-03
1.0868e-02
1.2327e-02
1.3341e-02
1.4103e-02
1.4754e-02
1.5492e-02
1.6416e-02
1.7236e-02
1.7443e-02
1.6812e-02
1.5381e-02
1.3343e-02
1.1142e-02
9.2517e-03
7.9282e-03
7.1610e-03
6.7430e-03
6.4181e-03
5.8836e-03
5.0745e-03
3.9111e-03
2.2891e-03
3.2594e-04
-1.9210e-03
-4.5084e-03
-7.2867e-03
-1.0056e-02
-1.2590e-02
-1.4951e-02
-1.7421e-02
-2.0192e-02
-2.3312e-02
-2.6624e-02
-2.9654e-02
-3.1831e-02
-3.2886e-02
-3.2845e-02
-3.2115e-02
-3.1518e-02
-3.1345e-02
-3.0950e-02
-2.9953e-02
-2.8463e-02
-2.6628e-02
-2.4789e-02
-2.3182e-02
-2.1833e-02
-2.0782e-02
-1.9875e-02
-1.8939e-02
-1.8160e-02
-1.7755e-02
-1.7751e-02
-1.8158e-02
-1.8693e-02
-1.8868e-02
-1.8314e-02
-1.6657e-02
-1.3602e-02
-9.2706e-03
-3.9823e-03
1.8924e-03
7.9787e-03
1.3849e-02
1.8839e-02
2.2363e-02
2.4261e-02
2.4785e-02
2.4274e-02
2.3075e-02
2.1636e-02
2.0392e-02
1.9714e-02
1.9619e-02
1.9827e-02
2.0109e-02
2.0262e-02
1.9917e-02
1.8540e-02
1.5705e-02
1.1431e-02
6.0543e-03
2.8478e-04
-5.1405e-03
-1.0084e-02
-1.4396e-02
-1.7493e-02
-1.8787e-02
-1.8263e-02
-1.6515e-02
-1.4089e-02
-1.1320e-02
-8.4730e-03
-6.0158e-03
-4.4458e-03
-3.5481e-03
-2.8038e-03
-2.2108e-03
-1.9517e-03
-1.9939e-03
-2.3207e-03
-3.0206e-03
-4.0616e-03
-5.1576e-03
-6.0325e-03
-6.5276e-03
-6.6583e-03
-6.6111e-03
-6.5289e-03
-6.4807e-03
-6.5690e-03
-6.9439e-03
-7.7163e-03
-8.8214e-03
-9.9659e-03
-1.0896e-02
-1.1461e-02
-1.1581e-02
-1.1243e-02
-1.0363e-02
-8.9124e-03
-7.1378e-03
-5.3658e-03
-3.7334e-03
-2.5384e-03
-2.2919e-03
-3.1742e-03
-4.9527e-03
-7.2280e-03
-9.6428e-03
-1.1993e-02
-1.4129e-02
-1.5847e-02
-1.6978e-02
-1.7513e-02
-1.7447e-02
-1.6887e-02
-1.6179e-02
-1.5433e-02
-1.4490e-02
-1.3354e-02
-1.2060e-02
-1.0539e-02
-8.6939e-03
-6.6087e-03
-4.5730e-03
-2.7762e-03
-1.1425e-03
5.5001e-04
2.2324e-03
3.5366e-03
4.2925e-03
4.4268e-03
3.9445e-03
3.1983e-03
2.7522e-03
2.9037e-03
3.5548e-03
4.5215e-03
5.6149e-03
6.7455e-03
7.9147e-03
9.1038e-03
1.0261e-02
1.1320e-02
1.2234e-02
1.2996e-02
1.3657e-02
1.4081e-02
1.4159e-02
1.4143e-02
1.4401e-02
1.5196e-02
1.6643e-02
1.8607e-02
2.0843e-02
2.3250e-02
2.5531e-02
2.7180e-02
2.8038e-02
2.8028e-02
2.6964e-02
2.4920e-02
2.2089e-02
1.8746e-02
1.5345e-02
1.2298e-02
9.8674e-03
8.2038e-03
7.5410e-03
8.0506e-03
9.7048e-03
1.2345e-02
1.5737e-02
1.9572e-02
2.3247e-02
2.5968e-02
2.7291e-02
2.7240e-02
2.6176e-02
2.4737e-02
2.3416e-02
2.2178e-02
2.0812e-02
1.9323e-02
1.7921e-02
1.6874e-02
1.6137e-02
1.5484e-02
1.4971e-02
1.4692e-02
1.4403e-02
1.3814e-02
1.2878e-02
1.1763e-02
1.0537e-02
9.0616e-03
7.1843e-03
4.9048e-03
2.4770e-03
2.0908e-04
-1.6534e-03
-3.0042e-03
-3.8825e-03
-4.1669e-03
-3.7018e-03
-2.6553e-03
-1.4050e-03
-1.7830e-04
9.2769e-04
1.7331e-03
1.9919e-03
1.6385e-03
8.8171e-04
-6.0101e-05
-1.2995e-03
-3.0629e-03
-5.1317e-03
-6.9882e-03
-8.3332e-03
-9.2608e-03
-1.0157e-02
-1.1311e-02
-1.2618e-02
-1.3894e-02
-1.5023e-02
-1.5905e-02
-1.6431e-02
-1.6629e-02
-1.6706e-02
-1.6780e-02
-1.6810e-02
-1.6700e-02
-1.6368e-02
-1.5785e-02
-1.5060e-02
-1.4440e-02
-1.3961e-02
-1.3416e-02
-1.2775e-02
-1.2246e-02
-1.1786e-02
-1.1015e-02
-9.7183e-03
-8.0302e-03
-6.1164e-03
-4.0875e-03
-1.8484e-03
7.0485e-04
3.2916e-03
5.5047e-03
7.2387e-03
8.4309e-03
8.6954e-03
7.8198e-03
6.0286e-03
3.5205e-03
4.9584e-04
-2.4609e-03
-4.8992e-03
-6.7624e-03
-8.0018e-03
-8.5293e-03
-8.1798e-03
-6.9267e-03
-5.0987e-03
-2.9685e-03
-5.0257e-04
2.1532e-03
4.7243e-03
7.1147e-03
9.1883e-03
1.0679e-02
1.1397e-02
1.1475e-02
1.1270e-02
1.1045e-02
1.0987e-02
1.1290e-02
1.1800e-02
1.2068e-02
1.1870e-02
1.1092e-02
9.5782e-03
7.3477e-03
4.5857e-03
1.4067e-03
-2.0227e-03
-5.2611e-03
-7.9096e-03
-9.8051e-03
-1.0711e-02
-1.0370e-02
-8.9600e-03
-7.1152e-03
-5.3516e-03
-3.7470e-03
-2.1648e-03
-7.3656e-04
1.9033e-04
5.0175e-04
2.2549e-04
-4.9805e-04
-1.4819e-03
-2.6844e-03
-3.9127e-03
-4.9239e-03
-5.8352e-03
-6.8922e-03
-7.9806e-03
-8.8441e-03
-9.3976e-03
-9.7722e-03
-1.0187e-02
-1.0671e-02
-1.1094e-02
-1.1519e-02
-1.1940e-02
-1.2189e-02
-1.2248e-02
-1.2131e-02
-1.1741e-02
-1.0990e-02
-9.9702e-03
-8.9895e-03
-8.2482e-03
-7.7383e-03
-7.2680e-03
-6.5424e-03
-5.4762e-03
-4.2784e-03
-3.1043e-03
-2.0154e-03
-1.0633e-03
-2.4729e-04
5.5083e-04
1.5176e-03
2.5901e-03
3.5854e-03
4.4440e-03
5.2534e-03
6.1908e-03
7.2134e-03
8.2038e-03
9.2129e-03
1.0385e-02
1.1799e-02
1.3119e-02
1.3796e-02
1.3721e-02
1.3199e-02
1.2514e-02
1.1897e-02
1.1414e-02
1.0868e-02
1.0170e-02
9.5518e-03
9.1562e-03
8.7974e-03
8.3594e-03
8.0369e-03
8.1681e-03
8.7330e-03
9.1153e-03
8.7494e-03
7.5578e-03
5.6555e-03
3.0519e-03
-1.5893e-04
-3.7734e-03
-7.7035e-03
-1.1631e-02
-1.5151e-02
-1.8279e-02
-2.1174e-02
-2.3853e-02
-2.5954e-02
-2.6986e-02
-2.6926e-02
-2.6227e-02
-2.5122e-02
-2.3468e-02
-2.1351e-02
-1.9091e-02
-1.6835e-02
-1.4522e-02
-1.2044e-02
-9.3504e-03
-6.4901e-03
-3.6664e-03
-1.2281e-03
6.3750e-04
1.7612e-03
2.0132e-03
1.5567e-03
5.8363e-04
-6.9179e-04
-1.7203e-03
-1.8195e-03
-8.5816e-04
7.7891e-04
2.8670e-03
5.2641e-03
7.5093e-03
9.3207e-03
1.0709e-02
1.1454e-02
1.1354e-02
1.0471e-02
8.9383e-03
7.0305e-03
5.1541e-03
3.5315e-03
2.1250e-03
9.9690e-04
3.8110e-04
1.4844e-04
-2.1515e-04
-1.1002e-03
-2.5548e-03
-4.2966e-03
-5.9917e-03
-7.6354e-03
-9.2147e-03
-1.0478e-02
-1.1351e-02
-1.1857e-02
-1.2045e-02
-1.2118e-02
-1.2231e-02
-1.2372e-02
-1.2426e-02
-1.2229e-02
-1.1588e-02
-1.0395e-02
-8.7479e-03
-6.7861e-03
-4.6888e-03
-2.7964e-03
-1.4183e-03
-6.8068e-04
-4.2314e-04
-3.2065e-04
-2.2271e-04
-1.9998e-04
-3.9733e-04
-9.4978e-04
-1.9083e-03
-3.1527e-03
-4.5749e-03
-6.1466e-03
-7.7428e-03
-9.0725e-03
-9.7727e-03
-9.7184e-03
-8.9778e-03
-7.5763e-03
-5.6147e-03
-3.2880e-03
-9.1190e-04
1.2418e-03
3.2569e-03
5.3474e-03
7.3643e-03
9.0250e-03
1.0281e-02
1.1090e-02
1.1592e-02
1.2146e-02
1.2915e-02
1.3748e-02
1.4603e-02
1.5707e-02
1.7089e-02
1.8580e-02
2.0008e-02
2.1165e-02
2.2049e-02
2.2764e-02
2.3065e-02
2.2659e-02
2.1686e-02
2.0526e-02
1.9378e-02
1.8229e-02
1.7055e-02
1.5859e-02
1.4673e-02
1.3554e-02
1.2565e-02
1.1725e-02
1.0966e-02
1.0129e-02
9.2670e-03
8.5164e-03
7.8938e-03
7.5755e-03
7.7081e-03
8.1167e-03
8.8223e-03
1.0009e-02
1.1558e-02
1.3188e-02
1.4597e-02
1.5589e-02
1.6117e-02
1.6312e-02
1.6400e-02
1.6465e-02
1.6440e-02
1.6204e-02
1.5654e-02
1.4772e-02
1.3681e-02
1.2415e-02
1.0796e-02
8.6091e-03
5.8045e-03
2.6350e-03
-8.4878e-04
-4.9822e-03
-9.8079e-03
-1.4898e-02
-1.9799e-02
-2.4255e-02
-2.8134e-02
-3.1352e-02
-3.3962e-02
-3.5970e-02
-3.7115e-02
-3.7106e-02
-3.6004e-02
-3.4113e-02
-3.1473e-02
-2.7816e-02
-2.3300e-02
-1.8586e-02
-1.4207e-02
-1.0444e-02
-7.4642e-03
-5.2624e-03
-3.7935e-03
-3.1869e-03
-3.5248e-03
-4.6484e-03
-6.3132e-03
-8.3892e-03
-1.0686e-02
-1.2739e-02
-1.4439e-02
-1.6053e-02
-1.7613e-02
-1.9059e-02
-2.0308e-02
-2.1151e-02
-2.1249e-02
-2.0358e-02
-1.8535e-02
-1.6094e-02
-1.3398e-02
-1.0607e-02
-7.5158e-03
-4.0607e-03
-5.4442e-04
2.9637e-03
6.6191e-03
1.0171e-02
1.3088e-02
1.5261e-02
1.7025e-02
1.8683e-02
2.0128e-02
2.0928e-02
2.0887e-02
2.0128e-02
1.8766e-02
1.6992e-02
1.5075e-02
1.3121e-02
1.1312e-02
9.8458e-03
8.6670e-03
7.7654e-03
7.3064e-03
7.3926e-03
7.8250e-03
8.2882e-03
8.4912e-03
8.4378e-03
8.5402e-03
8.9446e-03
9.4764e-03
1.0239e-02
1.1397e-02
1.2745e-02
1.3955e-02
1.5117e-02
1.6486e-02
1.7809e-02
1.8529e-02
1.8493e-02
1.7914e-02
1.6938e-02
1.5680e-02
1.4240e-02
1.2691e-02
1.1105e-02
9.3108e-03
7.1228e-03
4.6955e-03
2.2871e-03
5.7721e-05
-1.8358e-03
-3.2216e-03
-4.0531e-03
-4.2984e-03
-3.9400e-03
-3.2447e-03
-2.6747e-03
-2.4983e-03
-2.6777e-03
-3.2118e-03
-4.1999e-03
-5.6170e-03
-7.3880e-03
-9.4062e-03
-1.1402e-02
-1.3136e-02
-1.4274e-02
-1.4556e-02
-1.4036e-02
-1.2726e-02
-1.0620e-02
-7.9927e-03
-5.0739e-03
-2.1475e-03
2.9522e-04
2.2524e-03
4.0132e-03
5.4811e-03
6.4981e-03
7.3427e-03
8.4749e-03
9.9814e-03
1.1726e-02
1.3571e-02
1.5245e-02
1.6548e-02
1.7586e-02
1.8437e-02
1.8677e-02
1.7761e-02
1.5608e-02
1.2603e-02
9.3366e-03
6.1231e-03
3.0079e-03
3.1817e-04
-1.5062e-03
-2.3928e-03
-2.5757e-03
-2.2853e-03
-1.5610e-03
-4.5806e-04
6.8731e-04
1.4684e-03
1.6369e-03
1.1674e-03
3.9660e-04
-1.3889e-04
-1.2431e-04
3.8610e-04
1.2696e-03
2.4186e-03
3.8305e-03
5.5521e-03
7.2283e-03
8.4605e-03
9.2400e-03
9.6455e-03
9.6606e-03
9.0575e-03
7.4866e-03
4.8311e-03
1.5425e-03
-1.7801e-03
-5.1257e-03
-8.4618e-03
-1.1147e-02
-1.2782e-02
-1.3602e-02
-1.3760e-02
-1.3230e-02
-1.2237e-02
-1.1209e-02
-1.0399e-02
-9.8839e-03
-9.6790e-03
-9.7125e-03
-9.9843e-03
-1.0590e-02
-1.1540e-02
-1.2629e-02
-1.3678e-02
-1.4618e-02
-1.5445e-02
-1.6143e-02
-1.6424e-02
-1.6058e-02
-1.5226e-02
-1.4267e-02
-1.3234e-02
-1.1992e-02
-1.0724e-02
-9.7157e-03
-8.8851e-03
-8.0574e-03
-7.4519e-03
-7.3657e-03
-7.7508e-03
-8.4335e-03
-9.2080e-03
-9.6768e-03
-9.5017e-03
-8.6947e-03
-7.4318e-03
-5.9979e-03
-4.6369e-03
-3.1958e-03
-1.3695e-03
8.8315e-04
3.2739e-03
5.4903e-03
7.3584e-03
8.7399e-03
9.5720e-03
9.7443e-03
9.1909e-03
8.1702e-03
7.1219e-03
5.9478e-03
4.1754e-03
1.7946e-03
-7.1586e-04
-2.9547e-03
-5.0199e-03
-7.1990e-03
-9.3506e-03
-1.1130e-02
-1.2422e-02
-1.3378e-02
-1.4113e-02
-1.4722e-02
-1.5401e-02
-1.6149e-02
-1.6670e-02
-1.6841e-02
-1.6855e-02
-1.6865e-02
-1.6872e-02
-1.6858e-02
-1.6845e-02
-1.6860e-02
-1.6915e-02
-1.7000e-02
-1.7072e-02
-1.7038e-02
-1.6763e-02
-1.6117e-02
-1.5080e-02
-1.3835e-02
-1.2519e-02
-1.1145e-02
-9.7480e-03
-8.4787e-03
-7.5307e-03
-6.7843e-03
-5.8803e-03
-4.6937e-03
-3.1875e-03
-1.1882e-03
1.4556e-03
4.8618e-03
8.7452e-03
1.2343e-02
1.5175e-02
1.7347e-02
1.8892e-02
1.9577e-02
1.9392e-02
1.8567e-02
1.7285e-02
1.5536e-02
1.3545e-02
1.1543e-02
9.4614e-03
7.4040e-03
5.6250e-03
4.1895e-03
2.9192e-03
1.7282e-03
7.3389e-04
7.2195e-05
-2.3603e-04
-3.4013e-04
-3.0373e-04
-1.6430e-05
6.4169e-04
1.6332e-03
2.6933e-03
3.5869e-03
4.2679e-03
4.8320e-03
5.4878e-03
6.2370e-03
6.7242e-03
6.6455e-03
6.0465e-03
5.1062e-03
4.0501e-03
3.0573e-03
2.1976e-03
1.4453e-03
6.9659e-04
5.5954e-05
-3.5159e-04
-6.5017e-04
-8.9320e-04
-8.4527e-04
-1.7646e-04
1.0001e-03
2.1832e-03
3.2957e-03
4.5807e-03
5.8385e-03
6.5816e-03
6.7646e-03
6.7280e-03
6.6799e-03
6.6471e-03
6.6872e-03
6.9412e-03
7.5490e-03
8.5344e-03
9.7309e-03
1.0997e-02
1.2310e-02
1.3617e-02
1.4750e-02
1.5410e-02
1.5267e-02
1.4182e-02
1.2465e-02
1.0442e-02
8.0656e-03
5.3746e-03
2.6547e-03
2.7041e-04
-1.3573e-03
-2.1389e-03
-2.3706e-03
-2.4007e-03
-2.3549e-03
-2.2168e-03
-2.0106e-03
-1.8636e-03
-1.9504e-03
-2.1784e-03
-2.3291e-03
-2.5626e-03
-3.2168e-03
-4.4099e-03
-5.9453e-03
-7.5560e-03
-8.9623e-03
-9.7786e-03
-9.8784e-03
-9.4299e-03
-8.5459e-03
-7.3391e-03
-6.2030e-03
-5.5623e-03
-5.2923e-03
-4.8552e-03
-3.9121e-03
-2.5493e-03
-1.2310e-03
-4.6716e-04
-3.3991e-04
-6.2543e-04
-1.1963e-03
-1.9526e-03
-2.5836e-03
-2.8040e-03
-2.5926e-03
-1.9409e-03
-7.9667e-04
7.0388e-04
2.2958e-03
3.6452e-03
4.3345e-03
4.2485e-03
3.6056e-03
2.6267e-03
1.5476e-03
5.5426e-04
-3.1165e-04
-1.1267e-03
-2.0405e-03
-2.9756e-03
-3.7572e-03
-4.3844e-03
-5.0762e-03
-6.2130e-03
-7.9041e-03
-9.6948e-03
-1.0875e-02
-1.1053e-02
-1.0433e-02
-9.5954e-03
-8.8598e-03
-8.1734e-03
-7.6468e-03
-7.4577e-03
-7.5007e-03
-7.6050e-03
-7.7116e-03
-7.7716e-03
-7.6599e-03
-7.2088e-03
-6.3069e-03
-5.0363e-03
-3.7895e-03
-2.9783e-03
-2.5079e-03
-1.9375e-03
-1.0733e-03
-8.7560e-05
8.9923e-04
2.0075e-03
3.4776e-03
5.4993e-03
7.8177e-03
1.0054e-02
1.2049e-02
1.3777e-02
1.5274e-02
1.6420e-02
1.7190e-02
1.7634e-02
1.7524e-02
1.6724e-02
1.5654e-02
1.4789e-02
1.4277e-02
1.4081e-02
1.4042e-02
1.4054e-02
1.4115e-02
1.4227e-02
1.4328e-02
1.4287e-02
1.3920e-02
1.3051e-02
1.1648e-02
9.9862e-03
8.4247e-03
7.0060e-03
5.6955e-03
4.6230e-03
3.6897e-03
2.6323e-03
1.5402e-03
6.8841e-04
1.7277e-04
-1.5934e-04
-6.9443e-04
-1.7390e-03
-3.2647e-03
-4.9015e-03
-6.5102e-03
-8.3697e-03
-1.0360e-02
-1.2108e-02
-1.3482e-02
-1.4351e-02
-1.4718e-02
-1.4763e-02
-1.4487e-02
-1.3694e-02
-1.2277e-02
-1.0452e-02
-8.5513e-03
-6.6726e-03
-4.9455e-03
-3.5277e-03
-2.4028e-03
-1.8520e-03
-2.0215e-03
-2.2997e-03
-2.1500e-03
-1.7010e-03
-1.2415e-03
-5.9400e-04
7.9802e-04
2.9822e-03
5.5720e-03
8.3849e-03
1.1385e-02
1.4345e-02
1.6770e-02
1.8597e-02
2.0024e-02
2.0902e-02
2.1114e-02
2.0816e-02
2.0116e-02
1.9073e-02
1.7961e-02
1.7105e-02
1.6664e-02
1.6590e-02
1.6577e-02
1.6284e-02
1.5486e-02
1.4106e-02
1.2316e-02
1.0392e-02
8.3955e-03
6.4145e-03
4.5819e-03
2.9005e-03
1.4923e-03
4.5171e-04
-1.5503e-04
-2.3150e-04
1.9132e-04
1.0466e-03
2.2539e-03
3.8302e-03
5.8075e-03
7.7351e-03
9.0353e-03
9.5297e-03
9.4769e-03
9.2654e-03
8.7835e-03
7.6541e-03
5.7867e-03
3.5223e-03
1.1159e-03
-1.4778e-03
-4.3121e-03
-7.2665e-03
-9.9918e-03
-1.2219e-02
-1.3660e-02
-1.3939e-02
-1.2950e-02
-1.1007e-02
-8.6833e-03
-6.3261e-03
-3.9878e-03
-1.7348e-03
2.8023e-04
1.9261e-03
3.1899e-03
3.9457e-03
4.2298e-03
4.3479e-03
4.4870e-03
4.6032e-03
4.5650e-03
4.2428e-03
3.5419e-03
2.5085e-03
1.4312e-03
6.0389e-04
1.3629e-04
-2.2135e-05
-1.0460e-04
-3.1406e-04
-6.9736e-04
-1.1757e-03
-1.5313e-03
-1.4260e-03
-8.2775e-04
-2.8103e-04
-2.4224e-04
-6.5144e-04
-1.3073e-03
-2.0138e-03
-2.4139e-03
-2.2603e-03
-1.7274e-03
-1.1985e-03
-1.0978e-03
-1.6017e-03
-2.4568e-03
-3.5655e-03
-5.2006e-03
-7.3709e-03
-9.7174e-03
-1.1999e-02
-1.4176e-02
-1.6231e-02
-1.8157e-02
-1.9984e-02
-2.1513e-02
-2.2561e-02
-2.3276e-02
-2.3607e-02
-2.3361e-02
-2.2643e-02
-2.1699e-02
-2.0549e-02
-1.9112e-02
-1.7739e-02
-1.7047e-02
-1.7229e-02
-1.8037e-02
-1.9170e-02
-2.0240e-02
-2.0806e-02
-2.0557e-02
-1.9476e-02
-1.8029e-02
-1.6683e-02
-1.5365e-02
-1.3859e-02
-1.2477e-02
-1.1531e-02
-1.0810e-02
-1.0219e-02
-9.8434e-03
-9.5399e-03
-9.1485e-03
-8.7470e-03
-8.5636e-03
-8.5099e-03
-8.0225e-03
-6.9041e-03
-5.7758e-03
-5.0109e-03
-4.1492e-03
-2.8257e-03
-1.3471e-03
-1.9220e-04
6.3064e-04
1.3206e-03
1.6984e-03
1.5088e-03
9.0278e-04
2.8259e-04
1.2049e-04
6.9508e-04
1.8569e-03
3.1992e-03
4.4174e-03
5.6311e-03
7.0538e-03
8.3645e-03
8.9364e-03
8.5625e-03
7.4676e-03
5.9737e-03
4.5599e-03
3.5090e-03
2.6683e-03
2.1107e-03
2.1263e-03
2.7576e-03
3.8826e-03
5.3035e-03
6.8367e-03
8.2838e-03
9.3457e-03
9.9301e-03
1.0077e-02
9.5962e-03
8.4921e-03
7.4028e-03
6.7055e-03
5.9543e-03
4.7508e-03
3.2936e-03
1.9005e-03
4.2142e-04
-1.3795e-03
-3.1207e-03
-4.2844e-03
-4.7922e-03
-4.7524e-03
-4.3272e-03
-3.6790e-03
-2.9910e-03
-2.2581e-03
-1.1973e-03
2.5119e-04
1.6547e-03
2.7586e-03
3.8475e-03
4.9863e-03
5.9086e-03
6.4317e-03
6.6089e-03
6.7307e-03
7.0428e-03
7.6125e-03
8.3514e-03
9.0236e-03
9.5297e-03
1.0061e-02
1.0725e-02
1.1220e-02
1.1436e-02
1.1587e-02
1.1878e-02
1.2267e-02
1.2523e-02
1.2336e-02
1.1668e-02
1.0684e-02
9.3415e-03
7.7132e-03
6.0919e-03
4.5654e-03
3.1569e-03
2.0627e-03
1.2660e-03
5.6281e-04
4.1804e-05
-1.2982e-04
-8.9725e-05
-5.5995e-05
-1.4126e-04
-4.2971e-04
-1.0082e-03
-1.8570e-03
-2.7576e-03
-3.5614e-03
-4.3129e-03
-4.8745e-03
-5.0766e-03
-5.0501e-03
-4.9788e-03
-4.9190e-03
-4.9041e-03
-5.0218e-03
-5.3707e-03
-5.9741e-03
-6.6853e-03
-7.1490e-03
-7.1062e-03
-6.6216e-03
-5.8552e-03
-4.9608e-03
-3.9596e-03
-2.7395e-03
-1.4562e-03
-3.9835e-04
5.8390e-04
1.8837e-03
3.4657e-03
4.9789e-03
6.3303e-03
7.5342e-03
8.4041e-03
8.6591e-03
8.1706e-03
7.1747e-03
6.1045e-03
5.2419e-03
4.6630e-03
4.3262e-03
4.0579e-03
3.7997e-03
3.7499e-03
4.2690e-03
5.6573e-03
7.6894e-03
9.8374e-03
1.1796e-02
1.3459e-02
1.4747e-02
1.5403e-02
1.5361e-02
1.4853e-02
1.4083e-02
1.3198e-02
1.2190e-02
1.0895e-02
9.4224e-03
8.0732e-03
6.8563e-03
5.6478e-03
4.4620e-03
3.3829e-03
2.4646e-03
1.6837e-03
9.3409e-04
3.0845e-05
-1.0370e-03
-2.2341e-03
-3.6694e-03
-5.4773e-03
-7.6399e-03
-9.8697e-03
-1.1823e-02
-1.3236e-02
-1.3976e-02
-1.4136e-02
-1.3911e-02
-1.3336e-02
-1.2390e-02
-1.1223e-02
-1.0028e-02
-8.9272e-03
-8.0396e-03
-7.4811e-03
-7.2745e-03
-7.2417e-03
-7.2210e-03
-7.1768e-03
-7.1081e-03
-7.0033e-03
-6.8706e-03
-6.7700e-03
-6.8156e-03
-7.1512e-03
-7.8888e-03
-8.9891e-03
-1.0151e-02
-1.1059e-02
-1.1825e-02
-1.2758e-02
-1.3797e-02
-1.4634e-02
-1.5023e-02
-1.4856e-02
-1.4227e-02
-1.3300e-02
-1.2309e-02
-1.1422e-02
-1.0640e-02
-9.8598e-03
-8.9281e-03
-7.9008e-03
-6.9117e-03
-5.9650e-03
-4.9679e-03
-3.8253e-03
-2.7428e-03
-2.0393e-03
-1.6090e-03
-1.0392e-03
-1.4014e-04
9.3346e-04
2.0473e-03
3.2356e-03
4.5445e-03
5.9325e-03
7.2697e-03
8.5957e-03
9.9842e-03
1.1340e-02
1.2646e-02
1.3863e-02
1.4781e-02
1.5361e-02
1.5706e-02
1.5670e-02
1.5138e-02
1.4389e-02
1.3623e-02
1.2684e-02
1.1514e-02
1.0197e-02
8.7849e-03
7.3143e-03
5.6834e-03
3.8675e-03
2.1317e-03
7.4109e-04
-2.5341e-04
-1.0033e-03
-1.6157e-03
-1.8661e-03
-1.5110e-03
-6.7856e-04
3.0259e-04
1.2467e-03
2.1187e-03
2.8767e-03
3.4665e-03
3.8712e-03
4.1413e-03
4.1758e-03
3.7005e-03
2.7084e-03
1.5285e-03
4.8448e-04
-1.8192e-04
-4.7147e-04
-5.5952e-04
-4.7344e-04
-7.7037e-05
7.2226e-04
1.7943e-03
2.7016e-03
2.9497e-03
2.4346e-03
1.4328e-03
3.3504e-04
-5.5625e-04
-1.2305e-03
-1.7714e-03
-1.9794e-03
-1.6226e-03
-8.1501e-04
1.3259e-04
1.0365e-03
1.8467e-03
2.5008e-03
2.9251e-03
3.1001e-03
3.1126e-03
2.9795e-03
2.5869e-03
1.8326e-03
7.4439e-04
-6.3011e-04
-2.2256e-03
-3.8206e-03
-5.1859e-03
-6.2065e-03
-6.8593e-03
-7.0579e-03
-6.6889e-03
-5.8459e-03
-4.7782e-03
-3.6644e-03
-2.6297e-03
-1.8534e-03
-1.3590e-03
-1.0676e-03
-1.0805e-03
-1.4277e-03
-1.7775e-03
-1.8702e-03
-1.8131e-03
-1.7686e-03
-1.7695e-03
-1.8028e-03
-1.8638e-03
-1.9196e-03
-1.8795e-03
-1.6118e-03
-1.0014e-03
-4.8683e-05
1.0316e-03
1.9722e-03
2.7461e-03
3.4250e-03
3.9839e-03
4.3733e-03
4.6464e-03
4.9950e-03
5.5061e-03
6.0432e-03
6.5026e-03
6.9307e-03
7.2586e-03
7.3830e-03
7.3700e-03
7.2774e-03
7.0333e-03
6.5295e-03
5.7466e-03
4.8124e-03
3.8603e-03
2.9746e-03
2.2360e-03
1.5354e-03
6.6764e-04
-3.0309e-04
-1.1287e-03
-1.7458e-03
-2.2110e-03
-2.5453e-03
-2.7801e-03
-2.8385e-03
-2.5065e-03
-1.7265e-03
-6.6343e-04
4.9234e-04
1.5447e-03
2.3839e-03
3.0398e-03
3.5121e-03
3.7110e-03
3.5807e-03
3.2159e-03
2.7457e-03
2.1223e-03
1.3146e-03
3.8289e-04
-5.7567e-04
-1.4252e-03
-2.1325e-03
-2.6879e-03
-3.0057e-03
-3.0111e-03
-2.7582e-03
-2.4854e-03
-2.3206e-03
-2.1345e-03
-1.8034e-03
-1.3779e-03
-1.0413e-03
-8.9330e-04
-8.6099e-04
-8.9659e-04
-1.0551e-03
-1.3955e-03
-1.8871e-03
-2.3845e-03
-2.7862e-03
-3.1603e-03
-3.6102e-03
-4.1549e-03
-4.6953e-03
-5.1109e-03
-5.3384e-03
-5.3781e-03
-5.3168e-03
-5.2116e-03
-5.0400e-03
-4.7659e-03
-4.3647e-03
-3.7079e-03
-2.7079e-03
-1.5217e-03
-3.1047e-04
8.7995e-04
2.0008e-03
2.9480e-03
3.6095e-03
3.9323e-03
3.9887e-03
3.9133e-03
3.7532e-03
3.4792e-03
3.0930e-03
2.6662e-03
2.1997e-03
1.5797e-03
7.9841e-04
-5.1701e-05
-9.7792e-04
-1.9995e-03
-3.1112e-03
-4.3003e-03
-5.3736e-03
-6.1358e-03
-6.6037e-03
-6.8861e-03
-7.0140e-03
-6.9837e-03
-6.8754e-03
-6.7677e-03
-6.6726e-03
-6.5721e-03
-6.4477e-03
-6.2777e-03
-6.0373e-03
-5.7163e-03
-5.3477e-03
-5.0136e-03
-4.7186e-03
-4.3311e-03
-3.7598e-03
-3.0674e-03
-2.3465e-03
-1.5707e-03
-7.3552e-04
1.4621e-05
5.3022e-04
7.8555e-04
8.9237e-04
1.0056e-03
1.2022e-03
1.4655e-03
1.7237e-03
1.9599e-03
2.2421e-03
2.5849e-03
2.9708e-03
3.4184e-03
3.9341e-03
4.4521e-03
4.8294e-03
4.9779e-03
4.9427e-03
4.8174e-03
4.6349e-03
4.3911e-03
4.1192e-03
3.9043e-03
3.7815e-03
3.6805e-03
3.5259e-03
3.2955e-03
3.0086e-03
2.7186e-03
2.4395e-03
2.1233e-03
1.7716e-03
1.4186e-03
1.0699e-03
7.2720e-04
4.1302e-04
1.6632e-04
1.8526e-05
-2.7672e-05
-1.9630e-05
-5.8997e-07
1.1947e-05
-1.0574e-06
-6.9369e-05
-2.1689e-04
-4.3347e-04
-6.5809e-04
-8.2872e-04
-9.1634e-04
-9.2604e-04
-9.0506e-04
-8.9074e-04
-8.8577e-04
-8.7556e-04
-8.3821e-04
-7.4658e-04
-5.7960e-04
-3.4866e-04
-1.1716e-04
4.5776e-05
1.0069e-04
3.8701e-05
-9.9031e-05
-2.4502e-04
-3.6240e-04
-4.4615e-04
-4.5914e-04
-3.7286e-04
-2.3560e-04
-1.2970e-04
-8.7097e-05
-7.5337e-05
-6.5983e-05
-5.7837e-05
-5.3697e-05
-4.8920e-05
-3.5427e-05
-5.2817e-06
4.7868e-05
1.2416e-04
2.0829e-04
2.6786e-04
2.9524e-04
3.2951e-04
4.0791e-04
5.3242e-04
6.7337e-04
8.0453e-04
9.1426e-04
9.9105e-04
1.0245e-03
1.0153e-03
9.8521e-04
9.5259e-04
9.2234e-04
8.9715e-04
8.8269e-04
8.8398e-04
8.9965e-04
9.1667e-04
9.1111e-04
8.8235e-04
8.6514e-04
8.6441e-04
8.5214e-04
8.2572e-04
7.9720e-04
7.6613e-04
7.2325e-04
6.6238e-04
5.8603e-04
5.0988e-04
4.6344e-04
4.6315e-04
4.9290e-04
5.2607e-04
5.5602e-04
5.9286e-04
6.2970e-04
6.4982e-04
6.4682e-04
6.2634e-04
6.0397e-04
5.8808e-04
5.7208e-04
5.4223e-04
4.9670e-04
4.4035e-04
3.7566e-04
3.0801e-04
2.3859e-04
1.7275e-04
1.1493e-04
6.1254e-05
1.4234e-05
-2.3618e-05
-6.0825e-05
-1.0201e-04
-1.3940e-04
-1.6883e-04
-1.9792e-04
-2.3020e-04
-2.5813e-04
-2.7918e-04
-3.0335e-04
-3.3691e-04
-3.7411e-04
-4.0937e-04
-4.4335e-04
-4.7783e-04
-5.1228e-04
-5.4400e-04
-5.7584e-04
-6.1078e-04
-6.4438e-04
-6.7203e-04
-6.9362e-04
-7.1072e-04
-7.1872e-04
-7.1152e-04
-6.8946e-04
-6.5565e-04
-6.1511e-04
-5.7353e-04
-5.3720e-04
-5.0869e-04
-4.8434e-04
-4.6031e-04
-4.3519e-04
-4.0819e-04
-3.7860e-04
-3.4724e-04
-3.1706e-04
-2.8897e-04
-2.6065e-04
-2.3207e-04
-2.0494e-04
-1.7989e-04
-1.5679e-04
-1.3544e-04
-1.1583e-04
-9.7831e-05
-8.1518e-05
-6.7212e-05
-5.5175e-05
-4.5180e-05
-3.6377e-05
-2.7522e-05
-1.9280e-05
-1.3164e-05
-9.6545e-06
-7.9960e-06
-6.3791e-06
-3.8447e-06
-1.1160e-06
1.0715e-07
-7.4138e-07
-2.3466e-06
-3.4011e-06
-3.3713e-06
-2.0918e-06
1.2767e-07
2.1609e-06
2.9507e-06
2.0715e-06
-4.5501e-07
-4.0807e-06
-8.1450e-06
-1.1956e-05
-1.5132e-05
-1.7745e-05
-2.0130e-05
-2.2669e-05
-2.5073e-05
-2.6775e-05
-2.7810e-05
-2.8385e-05
-2.8446e-05
-2.7887e-05
-2.6765e-05
-2.5344e-05
-2.3759e-05
-2.1982e-05
-2.0067e-05
-1.8250e-05
-1.6700e-05
-1.5428e-05
-1.4411e-05
-1.3615e-05
-1.2993e-05
-1.2480e-05
-1.2123e-05
-1.1949e-05
-1.1853e-05
-1.1750e-05
-1.1632e-05
-1.1514e-05
-1.1400e-05
-1.1293e-05
-1.1194e-05
-1.1096e-05
-1.0973e-05
-1.0797e-05
-1.0587e-05
-1.0407e-05
-1.0266e-05
-1.0101e-05
-9.8824e-06
-9.6345e-06
-9.4038e-06
-9.2116e-06
-9.0457e-06
-8.9017e-06
-8.7806e-06
-8.6698e-06
-8.5594e-06
-8.4543e-06
-8.3571e-06
-8.2642e-06
-8.1759e-06
-8.0944e-06
-8.0193e-06
-7.9510e-06
-7.8911e-06
-7.8400e-06
-7.7977e-06
-7.7650e-06
-7.7428e-06
-7.7317e-06
-7.7319e-06
-7.7436e-06
-7.7667e-06
-7.8011e-06
-7.8466e-06
-7.9033e-06
