2.5926e-04
2.4025e-04
2.1415e-04
1.8078e-04
1.6554e-04
1.8471e-04
2.8643e-04
4.4546e-04
6.2651e-04
7.4499e-04
7.1771e-04
5.9001e-04
4.3469e-04
3.3927e-04
4.5979e-04
6.9938e-04
1.0011e-03
1.1943e-03
1.4264e-03
1.5284e-03
1.7748e-03
2.1520e-03
2.2639e-03
1.7837e-03
1.2892e-03
1.3066e-03
1.3195e-03
1.0053e-03
6.0256e-04
4.4691e-04
2.2958e-04
2.3187e-05
-1.8180e-04
-1.8416e-04
-2.4607e-05
3.9983e-04
1.0632e-03
1.7409e-03
2.5950e-03
2.8148e-03
2.2034e-03
1.2688e-03
2.9565e-04
-3.2204e-04
-3.0514e-04
-7.2153e-04
-1.2475e-03
-1.0338e-03
-2.8931e-04
8.4336e-04
1.8520e-03
2.5455e-03
2.7334e-03
2.3882e-03
1.8874e-03
1.3554e-03
9.6557e-04
4.4403e-04
1.6319e-04
-1.2738e-04
-5.4209e-04
-8.0410e-04
-1.2217e-03
-1.1156e-03
-7.5497e-04
-2.3785e-04
4.2573e-04
1.3286e-03
2.0980e-03
2.4140e-03
2.6629e-03
2.4522e-03
2.0719e-03
1.7050e-03
1.4151e-03
1.0708e-03
7.4333e-04
4.9847e-04
2.9906e-05
-2.4015e-04
-1.0332e-04
-3.9260e-05
-2.2892e-04
-7.2732e-04
-1.3687e-03
-1.8014e-03
-1.7942e-03
-1.2750e-03
-6.8436e-04
-3.7208e-04
-1.9251e-04
-4.6466e-05
4.5945e-04
1.0150e-03
1.3275e-03
1.4178e-03
9.5834e-04
2.6752e-04
-3.0392e-04
-7.1079e-04
-5.7006e-04
-7.1476e-05
4.6933e-04
9.8018e-04
1.5389e-03
2.1183e-03
2.8128e-03
3.8470e-03
4.7908e-03
4.8758e-03
3.8421e-03
2.6482e-03
2.4086e-03
2.4824e-03
2.0368e-03
1.3501e-03
4.3947e-04
-3.1663e-04
-3.5660e-04
2.0988e-04
1.2439e-03
2.4007e-03
3.2457e-03
3.4810e-03
3.3810e-03
3.4504e-03
3.7196e-03
3.8536e-03
3.4249e-03
2.6529e-03
1.9206e-03
1.1125e-03
7.3777e-04
9.6539e-04
1.2933e-03
1.4317e-03
1.5351e-03
1.6240e-03
1.2602e-03
4.5633e-04
-1.8282e-04
-5.6681e-04
-1.3388e-03
-2.4746e-03
-3.5474e-03
-4.2488e-03
-4.2524e-03
-3.6348e-03
-3.0117e-03
-2.7571e-03
-2.4454e-03
-1.8666e-03
-7.8471e-04
5.1107e-04
1.2428e-03
1.3337e-03
1.1999e-03
9.2438e-04
9.0880e-04
1.1609e-03
1.5358e-03
1.3480e-03
2.2919e-04
-9.0839e-04
-1.6074e-03
-1.7453e-03
-1.2883e-03
2.4628e-04
1.6953e-03
2.4226e-03
2.6055e-03
2.8885e-03
3.4523e-03
3.5402e-03
3.2283e-03
2.6370e-03
1.9279e-03
6.8962e-04
-3.9042e-04
-4.0521e-04
-8.1994e-05
4.7232e-04
1.3728e-03
1.9697e-03
1.9689e-03
1.6708e-03
9.6178e-04
4.9227e-04
8.8159e-04
1.6433e-03
2.2713e-03
2.6076e-03
2.5713e-03
2.7812e-03
3.3399e-03
3.6193e-03
3.1583e-03
2.0870e-03
9.1880e-04
-2.3052e-04
-1.1845e-03
-1.4536e-03
-1.2216e-03
-8.9686e-04
-1.1848e-03
-1.8688e-03
-2.6377e-03
-2.8825e-03
-2.8206e-03
-2.0701e-03
-1.5443e-03
-9.0633e-04
-5.3029e-04
-4.0346e-04
-4.5033e-04
-6.8937e-04
-1.2655e-03
-2.2795e-03
-3.6626e-03
-4.7332e-03
-4.7739e-03
-4.7298e-03
-4.1140e-03
-3.6923e-03
-2.8028e-03
-1.6682e-03
-3.9562e-04
8.0977e-04
1.2671e-03
1.7652e-03
1.9998e-03
1.3517e-03
5.8653e-04
-7.8907e-05
2.9497e-04
9.5772e-04
1.4611e-03
1.3598e-03
1.2005e-03
9.3800e-04
2.8289e-04
-3.9566e-04
-1.5005e-04
9.0118e-04
1.9289e-03
2.4717e-03
2.4864e-03
2.2294e-03
1.1652e-03
4.7600e-04
1.6709e-04
-4.4076e-04
-1.3837e-03
-2.3165e-03
-3.0804e-03
-3.0365e-03
-2.8031e-03
-2.1934e-03
-1.0492e-03
-2.0801e-04
2.7194e-05
-4.2758e-04
-9.5935e-04
-1.3177e-03
-1.0280e-03
-9.1544e-04
-1.4780e-03
-2.7577e-03
-4.2335e-03
-5.7256e-03
-6.7512e-03
-6.9691e-03
-6.5878e-03
-6.0925e-03
-5.7017e-03
-5.9362e-03
-6.2143e-03
-6.4625e-03
-6.6483e-03
-6.3514e-03
-5.8553e-03
-5.3093e-03
-4.4678e-03
-3.9910e-03
-3.8010e-03
-3.1968e-03
-2.5646e-03
-1.5596e-03
-1.0101e-03
-1.1967e-03
-1.6518e-03
-2.4824e-03
-2.8809e-03
-3.8591e-03
-5.0485e-03
-6.0003e-03
-6.2477e-03
-5.2629e-03
-3.4868e-03
-1.7550e-03
-9.0742e-04
-4.8696e-04
8.3931e-04
2.2186e-03
4.3264e-03
6.9783e-03
8.3526e-03
8.5593e-03
7.8306e-03
6.0734e-03
3.5014e-03
2.2408e-03
2.0719e-03
2.4972e-03
3.5285e-03
3.9028e-03
3.6546e-03
2.8800e-03
2.8099e-03
3.6872e-03
4.8214e-03
5.9033e-03
5.5259e-03
4.6025e-03
3.4085e-03
2.5111e-03
2.2591e-03
2.7182e-03
3.5920e-03
4.6890e-03
5.0892e-03
4.4043e-03
3.9849e-03
4.4485e-03
5.5146e-03
6.6370e-03
6.7678e-03
7.1267e-03
7.5130e-03
7.2981e-03
6.2790e-03
4.2614e-03
2.3071e-03
4.2196e-04
5.3687e-05
5.4725e-04
1.4601e-03
1.5359e-03
7.3788e-04
-1.1485e-03
-2.3804e-03
-2.4979e-03
-2.0988e-03
-1.7634e-03
-1.6092e-03
-1.9133e-03
-3.2951e-03
-5.0298e-03
-6.1635e-03
-6.3909e-03
-5.8544e-03
-4.8655e-03
-3.5886e-03
-3.2378e-03
-4.5298e-03
-5.6536e-03
-6.0879e-03
-6.4194e-03
-7.5439e-03
-9.7483e-03
-1.2998e-02
-1.6450e-02
-1.7654e-02
-1.8141e-02
-1.8290e-02
-1.7074e-02
-1.4780e-02
-1.2602e-02
-1.0934e-02
-1.0266e-02
-1.0217e-02
-9.4335e-03
-8.0363e-03
-7.2116e-03
-7.6325e-03
-9.1381e-03
-1.0748e-02
-1.1894e-02
-1.1763e-02
-1.1403e-02
-1.1802e-02
-1.2977e-02
-1.4600e-02
-1.5858e-02
-1.5647e-02
-1.4269e-02
-1.2596e-02
-1.1342e-02
-1.0504e-02
-1.0097e-02
-1.0267e-02
-9.9386e-03
-9.2285e-03
-9.0077e-03
-1.0090e-02
-1.2057e-02
-1.4301e-02
-1.5392e-02
-1.4924e-02
-1.4080e-02
-1.2936e-02
-1.2321e-02
-1.1632e-02
-1.1141e-02
-1.0252e-02
-9.4955e-03
-9.2219e-03
-9.1508e-03
-9.1732e-03
-8.8757e-03
-8.3028e-03
-7.8583e-03
-8.0808e-03
-8.5354e-03
-9.1138e-03
-9.6689e-03
-1.0280e-02
-1.1169e-02
-1.2837e-02
-1.4756e-02
-1.6097e-02
-1.7532e-02
-1.8894e-02
-2.0149e-02
-2.1527e-02
-2.2455e-02
-2.2863e-02
-2.2490e-02
-2.1681e-02
-2.0848e-02
-2.0016e-02
-1.9419e-02
-1.8579e-02
-1.7316e-02
-1.6114e-02
-1.5393e-02
-1.4903e-02
-1.4001e-02
-1.2905e-02
-1.1442e-02
-9.5341e-03
-7.8016e-03
-6.8735e-03
-6.6718e-03
-7.3398e-03
-8.5487e-03
-9.7106e-03
-1.0367e-02
-1.0465e-02
-1.0506e-02
-1.1061e-02
-1.1877e-02
-1.2190e-02
-1.1850e-02
-1.0781e-02
-9.2980e-03
-7.3685e-03
-4.7649e-03
-1.5201e-03
2.6119e-03
6.5672e-03
1.0098e-02
1.3376e-02
1.6032e-02
1.8293e-02
2.0566e-02
2.2465e-02
2.4131e-02
2.6200e-02
2.8287e-02
3.0442e-02
3.2301e-02
3.3637e-02
3.4721e-02
3.5107e-02
3.5501e-02
3.5697e-02
3.5180e-02
3.4088e-02
3.2460e-02
3.0693e-02
2.8517e-02
2.6478e-02
2.4164e-02
2.1299e-02
1.8674e-02
1.6575e-02
1.4838e-02
1.3708e-02
1.2330e-02
1.0645e-02
9.7510e-03
9.8011e-03
1.0834e-02
1.2653e-02
1.4919e-02
1.6818e-02
1.9039e-02
2.2018e-02
2.5049e-02
2.7627e-02
3.0170e-02
3.1376e-02
3.2133e-02
3.1375e-02
2.9221e-02
2.6018e-02
2.2345e-02
1.8170e-02
1.4344e-02
1.1674e-02
8.2539e-03
3.6623e-03
7.3609e-04
-1.0770e-03
-2.1039e-03
-1.2610e-03
-3.1510e-04
7.7564e-05
6.0442e-04
1.9393e-03
3.1375e-03
4.9369e-03
7.2630e-03
8.7264e-03
9.9734e-03
9.9347e-03
8.5691e-03
6.8300e-03
6.0008e-03
5.7883e-03
6.2362e-03
6.4972e-03
6.4809e-03
7.1547e-03
8.7189e-03
1.1159e-02
1.4001e-02
1.6336e-02
1.8628e-02
2.2188e-02
2.7997e-02
3.3840e-02
3.7082e-02
4.0124e-02
4.2785e-02
4.4070e-02
4.4434e-02
4.4256e-02
4.3687e-02
4.3306e-02
4.3566e-02
4.3401e-02
4.2415e-02
4.0389e-02
3.6803e-02
3.2919e-02
3.0321e-02
2.7945e-02
2.5552e-02
2.2974e-02
1.9555e-02
1.6086e-02
1.2138e-02
8.5346e-03
5.7952e-03
2.6737e-03
-7.5493e-04
-4.0532e-03
-7.4233e-03
-1.0044e-02
-1.1102e-02
-1.1520e-02
-1.0895e-02
-9.2006e-03
-7.1424e-03
-5.4653e-03
-3.6874e-03
-1.7693e-03
-3.2101e-04
1.1309e-03
1.7605e-03
1.6586e-05
-3.9817e-03
-9.4482e-03
-1.4995e-02
-1.9917e-02
-2.3985e-02
-2.8997e-02
-3.5750e-02
-4.2465e-02
-4.8906e-02
-5.3828e-02
-5.6483e-02
-5.9720e-02
-6.3140e-02
-6.5932e-02
-6.7284e-02
-6.7030e-02
-6.5602e-02
-6.3168e-02
-6.0103e-02
-5.6003e-02
-5.1194e-02
-4.6040e-02
-3.9824e-02
-3.3534e-02
-2.8713e-02
-2.4729e-02
-2.0710e-02
-1.6079e-02
-1.1990e-02
-9.1920e-03
-6.7114e-03
-4.3849e-03
-2.3276e-03
-6.9517e-04
-9.8126e-05
-4.4846e-04
-6.3386e-04
2.0682e-04
1.5062e-03
1.9964e-03
1.0972e-03
-9.5886e-04
-3.3843e-03
-5.6347e-03
-8.2104e-03
-1.0399e-02
-1.2218e-02
-1.4134e-02
-1.5945e-02
-1.7451e-02
-1.8832e-02
-1.9534e-02
-1.9156e-02
-1.7483e-02
-1.5110e-02
-1.2771e-02
-1.1056e-02
-1.0296e-02
-9.3963e-03
-7.7314e-03
-5.6577e-03
-4.2225e-03
-3.7570e-03
-3.2241e-03
-2.4127e-03
-1.4719e-03
-4.2923e-04
4.4975e-04
1.1463e-03
1.7912e-03
2.3611e-03
2.7595e-03
3.2274e-03
3.9374e-03
5.0053e-03
6.3457e-03
7.9443e-03
9.8326e-03
1.0979e-02
1.0767e-02
1.0070e-02
9.1725e-03
7.4854e-03
4.7898e-03
1.3244e-03
-3.0329e-03
-6.8765e-03
-9.6138e-03
-1.2175e-02
-1.4450e-02
-1.6978e-02
-2.0374e-02
-2.3734e-02
-2.6118e-02
-2.7716e-02
-2.8881e-02
-2.9850e-02
-3.0334e-02
-3.0149e-02
-2.9308e-02
-2.7969e-02
-2.5867e-02
-2.2388e-02
-1.7957e-02
-1.3187e-02
-8.5791e-03
-5.0489e-03
-2.6940e-03
-1.0059e-03
4.7479e-04
2.2783e-03
3.6782e-03
4.1077e-03
4.1880e-03
4.2002e-03
3.9879e-03
3.2449e-03
2.1285e-03
1.1349e-03
5.4420e-04
6.1912e-04
1.1608e-03
1.5107e-03
1.0094e-03
-3.2067e-04
-1.0569e-03
-3.7931e-04
1.4686e-03
4.5946e-03
8.8757e-03
1.3758e-02
1.9066e-02
2.5595e-02
3.2391e-02
3.9332e-02
4.6851e-02
5.3189e-02
5.7957e-02
6.1960e-02
6.4644e-02
6.5653e-02
6.5889e-02
6.6127e-02
6.6201e-02
6.5424e-02
6.3510e-02
6.0729e-02
5.7651e-02
5.4498e-02
5.0786e-02
4.6955e-02
4.4109e-02
4.2709e-02
4.1780e-02
4.0683e-02
3.9808e-02
3.9319e-02
3.9126e-02
3.9362e-02
4.0242e-02
4.1665e-02
4.2897e-02
4.3559e-02
4.3257e-02
4.1611e-02
3.9195e-02
3.6863e-02
3.4657e-02
3.1982e-02
2.9359e-02
2.6416e-02
2.2993e-02
1.9802e-02
1.6712e-02
1.3626e-02
1.1159e-02
9.2666e-03
8.0745e-03
7.3118e-03
6.6048e-03
5.9670e-03
5.0791e-03
4.1814e-03
3.6190e-03
3.1503e-03
2.6002e-03
2.0376e-03
1.2204e-03
4.2086e-04
3.2894e-05
-2.0369e-04
-2.6774e-04
-7.0422e-04
-2.4479e-03
-5.7160e-03
-1.0872e-02
-1.7472e-02
-2.4599e-02
-3.1653e-02
-3.7556e-02
-4.3518e-02
-4.9654e-02
-5.4995e-02
-5.9898e-02
-6.5313e-02
-6.9813e-02
-7.2883e-02
-7.5525e-02
-7.6977e-02
-7.7551e-02
-7.7878e-02
-7.7856e-02
-7.7454e-02
-7.6069e-02
-7.2699e-02
-6.7068e-02
-5.9788e-02
-5.0774e-02
-4.0106e-02
-2.9043e-02
-1.7843e-02
-7.4098e-03
3.0547e-03
1.3707e-02
2.2824e-02
3.1325e-02
4.0255e-02
4.8117e-02
5.4893e-02
6.1066e-02
6.5758e-02
6.8906e-02
7.0667e-02
6.9912e-02
6.6236e-02
6.0766e-02
5.2962e-02
4.1912e-02
3.0069e-02
1.7574e-02
5.8711e-03
-1.3447e-03
-6.6197e-03
-1.2042e-02
-1.7531e-02
-2.3307e-02
-2.8587e-02
-3.2991e-02
-3.6837e-02
-3.9315e-02
-3.9755e-02
-3.8262e-02
-3.5531e-02
-3.1757e-02
-2.6351e-02
-1.9656e-02
-1.1753e-02
-2.2945e-03
7.8149e-03
1.7738e-02
2.4715e-02
2.6815e-02
2.6279e-02
2.4104e-02
2.1074e-02
1.6836e-02
1.0473e-02
2.1433e-03
-6.6569e-03
-1.4664e-02
-2.3255e-02
-3.1434e-02
-3.8147e-02
-4.4294e-02
-4.8677e-02
-5.1963e-02
-5.6253e-02
-6.1226e-02
-6.5402e-02
-6.7850e-02
-6.8652e-02
-6.8288e-02
-6.5972e-02
-6.1262e-02
-5.4489e-02
-4.6275e-02
-3.6885e-02
-2.5250e-02
-1.3543e-02
-4.2670e-03
2.6147e-03
6.7218e-03
9.7955e-03
1.2275e-02
1.3264e-02
1.3330e-02
1.3044e-02
1.2650e-02
1.1778e-02
1.0389e-02
8.7636e-03
6.7242e-03
5.2851e-03
5.5275e-03
7.2922e-03
1.0390e-02
1.4356e-02
1.8986e-02
2.4263e-02
3.1111e-02
3.9223e-02
4.6728e-02
5.3691e-02
5.9848e-02
6.3229e-02
6.5538e-02
6.6714e-02
6.6878e-02
6.5771e-02
6.3147e-02
5.9479e-02
5.5276e-02
5.2036e-02
4.9311e-02
4.6725e-02
4.4093e-02
4.1172e-02
3.8346e-02
3.4545e-02
3.0190e-02
2.5774e-02
2.0842e-02
1.7234e-02
1.5490e-02
1.4008e-02
1.2502e-02
1.1487e-02
1.1126e-02
1.1808e-02
1.3301e-02
1.5041e-02
1.6182e-02
1.6626e-02
1.5958e-02
1.3720e-02
1.0538e-02
7.0630e-03
3.8485e-03
5.9901e-04
-2.1907e-03
-4.6758e-03
-7.2327e-03
-8.4576e-03
-8.8347e-03
-8.6952e-03
-8.2886e-03
-7.2799e-03
-5.7027e-03
-3.2764e-03
2.6911e-04
3.6961e-03
6.1634e-03
8.1307e-03
9.6618e-03
1.1177e-02
1.2524e-02
1.2224e-02
1.0649e-02
9.3634e-03
8.7761e-03
8.5057e-03
8.3455e-03
7.7265e-03
6.3484e-03
5.0979e-03
4.3321e-03
3.5881e-03
3.3452e-03
2.9040e-03
1.9567e-03
1.3549e-03
8.9369e-04
-1.4091e-04
-1.0819e-03
-1.7047e-03
-2.2317e-03
-3.0572e-03
-4.0895e-03
-4.8039e-03
-6.0863e-03
-7.9489e-03
-1.0222e-02
-1.3402e-02
-1.6563e-02
-1.8518e-02
-1.9882e-02
-1.9973e-02
-1.9770e-02
-1.9281e-02
-1.8824e-02
-1.8582e-02
-1.8660e-02
-1.9209e-02
-1.9693e-02
-1.9567e-02
-1.9586e-02
-1.9897e-02
-2.0288e-02
-2.1179e-02
-2.3193e-02
-2.5406e-02
-2.7251e-02
-2.8467e-02
-2.8725e-02
-2.8431e-02
-2.8314e-02
-2.8821e-02
-3.0370e-02
-3.2933e-02
-3.5619e-02
-3.8215e-02
-4.0099e-02
-4.2178e-02
-4.4199e-02
-4.5799e-02
-4.8052e-02
-5.0562e-02
-5.2511e-02
-5.4241e-02
-5.5860e-02
-5.6572e-02
-5.6784e-02
-5.6944e-02
-5.7316e-02
-5.8376e-02
-5.9547e-02
-6.1206e-02
-6.3061e-02
-6.3840e-02
-6.4200e-02
-6.3882e-02
-6.2528e-02
-6.0150e-02
-5.7897e-02
-5.5266e-02
-5.1730e-02
-4.6856e-02
-3.9899e-02
-3.3135e-02
-2.9248e-02
-2.4626e-02
-1.9333e-02
-1.2819e-02
-5.2731e-03
1.2457e-03
8.8736e-03
1.5361e-02
1.9914e-02
2.5478e-02
3.1444e-02
3.5701e-02
3.9083e-02
4.2086e-02
4.4595e-02
4.7127e-02
4.8284e-02
4.8512e-02
4.7744e-02
4.5860e-02
4.3108e-02
3.9405e-02
3.6086e-02
3.2317e-02
2.9512e-02
2.8351e-02
2.6457e-02
2.4628e-02
2.2113e-02
1.9858e-02
1.8918e-02
1.8365e-02
1.8701e-02
1.9509e-02
2.0115e-02
2.1055e-02
2.1632e-02
2.2875e-02
2.3919e-02
2.3910e-02
2.4201e-02
2.4637e-02
2.5219e-02
2.6042e-02
2.6253e-02
2.5682e-02
2.3743e-02
2.1744e-02
1.9122e-02
1.5789e-02
1.2764e-02
1.0008e-02
7.8269e-03
5.0080e-03
2.0800e-03
-7.8032e-04
-3.8024e-03
-7.0078e-03
-9.5386e-03
-1.2060e-02
-1.4097e-02
-1.4718e-02
-1.5269e-02
-1.5066e-02
-1.4643e-02
-1.4467e-02
-1.5115e-02
-1.6013e-02
-1.7210e-02
-1.8069e-02
-1.8959e-02
-2.0103e-02
-2.0552e-02
-2.1171e-02
-2.1248e-02
-2.1625e-02
-2.2293e-02
-2.2529e-02
-2.2901e-02
-2.3175e-02
-2.2909e-02
-2.2802e-02
-2.3161e-02
-2.3301e-02
-2.2773e-02
-2.1994e-02
-2.1551e-02
-2.0990e-02
-2.0487e-02
-1.9766e-02
-1.8704e-02
-1.7501e-02
-1.6081e-02
-1.4710e-02
-1.3697e-02
-1.2605e-02
-1.1569e-02
-1.0648e-02
-9.0006e-03
-7.1707e-03
-4.8375e-03
-2.4881e-03
-2.1532e-04
2.8151e-03
6.1446e-03
8.9044e-03
1.2158e-02
1.5649e-02
1.8869e-02
2.2155e-02
2.5248e-02
2.8388e-02
3.1070e-02
3.2755e-02
3.4287e-02
3.5713e-02
3.7253e-02
3.9475e-02
4.1818e-02
4.3493e-02
4.4426e-02
4.4545e-02
4.3900e-02
4.2007e-02
3.8990e-02
3.5075e-02
3.0855e-02
2.6878e-02
2.2471e-02
1.8079e-02
1.4541e-02
1.1222e-02
8.9801e-03
7.0034e-03
4.9311e-03
3.0761e-03
9.2706e-04
-4.0095e-04
-5.6486e-04
-7.6839e-04
-5.7786e-04
-2.1737e-04
2.4735e-05
4.6596e-05
5.4073e-04
1.5024e-03
2.4121e-03
3.4229e-03
4.1988e-03
3.4069e-03
1.4130e-03
-1.2130e-03
-3.3330e-03
-5.2286e-03
-6.4461e-03
-6.3691e-03
-6.2786e-03
-6.8950e-03
-8.0647e-03
-9.1048e-03
-9.7889e-03
-1.0793e-02
-1.1574e-02
-1.2328e-02
-1.3452e-02
-1.4330e-02
-1.4601e-02
-1.4319e-02
-1.3421e-02
-1.1613e-02
-9.3157e-03
-6.8674e-03
-4.1538e-03
-2.0280e-03
-9.4166e-04
7.1445e-05
1.1376e-03
2.2803e-03
3.6070e-03
4.7643e-03
6.2266e-03
7.6779e-03
8.8053e-03
1.0210e-02
1.1510e-02
1.2300e-02
1.2683e-02
1.2490e-02
1.1451e-02
1.0055e-02
9.3712e-03
9.3532e-03
1.0026e-02
1.1515e-02
1.3591e-02
1.5507e-02
1.7150e-02
1.8956e-02
2.0614e-02
2.1720e-02
2.2514e-02
2.3325e-02
2.4576e-02
2.5885e-02
2.6555e-02
2.7055e-02
2.7536e-02
2.8055e-02
2.9043e-02
3.0081e-02
3.0461e-02
3.0238e-02
2.9720e-02
2.8816e-02
2.7416e-02
2.5585e-02
2.3292e-02
2.1401e-02
1.9840e-02
1.8319e-02
1.7531e-02
1.7157e-02
1.6253e-02
1.5012e-02
1.3977e-02
1.3428e-02
1.3471e-02
1.3778e-02
1.4001e-02
1.3917e-02
1.3607e-02
1.3330e-02
1.3300e-02
1.3344e-02
1.3128e-02
1.2617e-02
1.1983e-02
1.0878e-02
9.3320e-03
7.9256e-03
6.4515e-03
4.9376e-03
3.8227e-03
2.4863e-03
7.7783e-04
-7.4950e-04
-2.2442e-03
-3.6457e-03
-5.4877e-03
-7.6770e-03
-9.7478e-03
-1.2228e-02
-1.5025e-02
-1.7124e-02
-1.9414e-02
-2.1534e-02
-2.2816e-02
-2.3860e-02
-2.4414e-02
-2.4851e-02
-2.4580e-02
-2.3515e-02
-2.2007e-02
-1.9966e-02
-1.7752e-02
-1.5135e-02
-1.2978e-02
-1.1625e-02
-1.0453e-02
-1.0024e-02
-9.6246e-03
-8.7738e-03
-8.1779e-03
-7.9264e-03
-7.9323e-03
-7.9373e-03
-7.9924e-03
-8.3330e-03
-8.9927e-03
-9.5240e-03
-1.0042e-02
-9.9848e-03
-9.2941e-03
-7.9917e-03
-6.5752e-03
-5.4052e-03
-5.0705e-03
-4.7881e-03
-3.9266e-03
-3.2920e-03
-2.7479e-03
-1.6236e-03
-6.8001e-04
-3.4557e-04
-6.3310e-04
-1.0763e-03
-1.6317e-03
-2.1277e-03
-3.2546e-03
-4.4305e-03
-5.3014e-03
-6.5619e-03
-8.2590e-03
-9.2933e-03
-1.0602e-02
-1.1686e-02
-1.3377e-02
-1.5508e-02
-1.6824e-02
-1.8081e-02
-1.8745e-02
-1.8717e-02
-1.8992e-02
-1.9570e-02
-2.0480e-02
-2.1350e-02
-2.1904e-02
-2.2578e-02
-2.3683e-02
-2.4672e-02
-2.5893e-02
-2.7336e-02
-2.8221e-02
-2.8881e-02
-2.9231e-02
-2.9268e-02
-2.9221e-02
-2.8600e-02
-2.6976e-02
-2.4946e-02
-2.3044e-02
-2.0745e-02
-1.8549e-02
-1.6782e-02
-1.5191e-02
-1.3991e-02
-1.3194e-02
-1.2779e-02
-1.2950e-02
-1.3620e-02
-1.4446e-02
-1.5667e-02
-1.7502e-02
-1.8694e-02
-1.8902e-02
-1.9382e-02
-2.0258e-02
-2.1080e-02
-2.2076e-02
-2.3158e-02
-2.4075e-02
-2.4961e-02
-2.5472e-02
-2.5667e-02
-2.5368e-02
-2.4860e-02
-2.4205e-02
-2.3617e-02
-2.3136e-02
-2.2153e-02
-2.0718e-02
-1.8970e-02
-1.7500e-02
-1.6367e-02
-1.5015e-02
-1.3573e-02
-1.1901e-02
-1.0122e-02
-8.8598e-03
-7.7845e-03
-6.5706e-03
-5.6293e-03
-4.6735e-03
-3.8771e-03
-2.5916e-03
-1.1246e-03
-1.3743e-04
8.6025e-04
2.2161e-03
3.9488e-03
6.3286e-03
9.3621e-03
1.2728e-02
1.6372e-02
1.9895e-02
2.3374e-02
2.7132e-02
3.0381e-02
3.3853e-02
3.7499e-02
4.0074e-02
4.2516e-02
4.5099e-02
4.7151e-02
4.8533e-02
4.8830e-02
4.8101e-02
4.6927e-02
4.5834e-02
4.3648e-02
4.0374e-02
3.7279e-02
3.3810e-02
2.9776e-02
2.6791e-02
2.4289e-02
2.1983e-02
2.0118e-02
1.8358e-02
1.7268e-02
1.6528e-02
1.6037e-02
1.5739e-02
1.4937e-02
1.3709e-02
1.3036e-02
1.2121e-02
1.0448e-02
8.5848e-03
6.4515e-03
4.8269e-03
3.1720e-03
1.2513e-03
-4.3957e-04
-2.9360e-03
-5.9211e-03
-8.2865e-03
-1.0346e-02
-1.2358e-02
-1.3814e-02
-1.5128e-02
-1.5748e-02
-1.5704e-02
-1.5480e-02
-1.4982e-02
-1.4208e-02
-1.3196e-02
-1.2241e-02
-1.0845e-02
-8.7371e-03
-7.0172e-03
-5.2964e-03
-3.9626e-03
-2.8178e-03
-1.5672e-03
-6.5372e-04
5.0463e-04
1.6794e-03
2.2858e-03
2.5780e-03
3.1160e-03
3.5869e-03
4.1180e-03
4.4265e-03
4.8054e-03
5.1715e-03
5.3911e-03
5.5984e-03
5.4594e-03
5.0462e-03
4.4824e-03
3.5729e-03
2.7146e-03
1.4333e-03
-1.9717e-04
-1.4511e-03
-2.4143e-03
-2.8636e-03
-3.5686e-03
-4.2675e-03
-4.8318e-03
-5.8012e-03
-6.7198e-03
-7.2870e-03
-7.6894e-03
-8.3859e-03
-8.9287e-03
-9.1907e-03
-9.2157e-03
-9.0944e-03
-8.7447e-03
-8.1448e-03
-7.7154e-03
-7.2240e-03
-7.0457e-03
-7.0798e-03
-7.4383e-03
-7.8361e-03
-8.2244e-03
-8.3135e-03
-8.5622e-03
-9.1210e-03
-9.5220e-03
-1.0195e-02
-1.1004e-02
-1.1639e-02
-1.2916e-02
-1.4469e-02
-1.5414e-02
-1.6037e-02
-1.6494e-02
-1.6822e-02
-1.6804e-02
-1.6260e-02
-1.5027e-02
-1.3522e-02
-1.2038e-02
-9.8570e-03
-7.2659e-03
-4.9673e-03
-2.7970e-03
-1.1092e-03
5.1948e-04
2.4284e-03
3.6225e-03
4.8140e-03
6.2838e-03
7.4977e-03
8.8936e-03
1.0429e-02
1.1320e-02
1.1662e-02
1.1673e-02
1.1863e-02
1.2294e-02
1.2589e-02
1.2802e-02
1.2788e-02
1.2792e-02
1.3010e-02
1.3403e-02
1.3755e-02
1.4240e-02
1.5231e-02
1.6245e-02
1.6941e-02
1.7271e-02
1.7406e-02
1.7416e-02
1.7534e-02
1.7821e-02
1.8059e-02
1.7890e-02
1.7529e-02
1.7300e-02
1.6976e-02
1.6628e-02
1.6143e-02
1.5318e-02
1.4678e-02
1.4292e-02
1.3585e-02
1.2792e-02
1.1712e-02
9.6854e-03
7.0877e-03
4.6386e-03
1.9694e-03
-5.8285e-04
-2.7423e-03
-4.6093e-03
-5.6289e-03
-6.4421e-03
-7.1228e-03
-7.3401e-03
-7.2023e-03
-6.3163e-03
-4.4546e-03
-2.4829e-03
-4.7127e-04
1.9477e-03
4.6163e-03
6.7236e-03
8.7158e-03
1.1252e-02
1.3679e-02
1.5553e-02
1.6983e-02
1.7858e-02
1.8329e-02
1.8297e-02
1.7931e-02
1.7274e-02
1.6522e-02
1.5273e-02
1.3041e-02
1.1236e-02
9.6066e-03
7.4850e-03
5.8309e-03
4.4429e-03
3.3862e-03
3.0250e-03
2.5618e-03
2.1574e-03
1.6817e-03
1.3645e-03
1.3714e-03
1.3998e-03
1.3732e-03
1.3504e-03
1.4013e-03
1.5446e-03
1.6634e-03
1.5561e-03
1.5481e-03
1.3819e-03
1.3178e-03
1.1947e-03
7.5628e-04
7.1411e-05
-1.0790e-03
-2.7965e-03
-4.9929e-03
-6.9588e-03
-9.2523e-03
-1.1144e-02
-1.3148e-02
-1.5107e-02
-1.6278e-02
-1.7562e-02
-1.8928e-02
-1.9442e-02
-1.9242e-02
-1.8431e-02
-1.7426e-02
-1.5678e-02
-1.4217e-02
-1.2938e-02
-1.1512e-02
-1.0583e-02
-9.2799e-03
-7.6368e-03
-6.1478e-03
-4.2488e-03
-2.4604e-03
-8.5056e-04
7.3096e-04
1.0620e-03
1.6808e-03
2.6909e-03
3.3634e-03
3.7429e-03
4.2023e-03
4.1459e-03
4.0750e-03
4.1086e-03
4.1352e-03
4.1882e-03
4.2659e-03
4.3351e-03
4.2102e-03
3.6281e-03
2.5646e-03
1.5972e-03
6.4938e-04
-4.4444e-04
-1.5980e-03
-2.5589e-03
-3.6657e-03
-4.7718e-03
-4.8470e-03
-5.5689e-03
-6.1626e-03
-6.3963e-03
-6.2840e-03
-5.8528e-03
-5.1503e-03
-4.5412e-03
-4.3313e-03
-3.9216e-03
-3.0893e-03
-2.5931e-03
-2.4170e-03
-2.5559e-03
-2.9113e-03
-3.4523e-03
-3.9128e-03
-4.1958e-03
-4.4936e-03
-4.9417e-03
-5.4896e-03
-5.3313e-03
-4.8889e-03
-4.2800e-03
-3.6289e-03
-3.0120e-03
-2.4533e-03
-1.6785e-03
-8.9413e-04
-5.6645e-04
-4.7352e-04
-5.6708e-05
3.8540e-04
4.3392e-04
6.5483e-04
1.0228e-03
1.2499e-03
1.3574e-03
1.1439e-03
9.0090e-04
9.3543e-04
1.3582e-03
1.5695e-03
1.0368e-03
-3.4748e-05
-1.0480e-03
-1.2762e-03
-1.4758e-03
-1.4487e-03
-1.4698e-03
-1.4127e-03
-9.2033e-04
8.5056e-06
1.2187e-03
2.6772e-03
3.9222e-03
6.3191e-03
8.9383e-03
1.1082e-02
1.2840e-02
1.3316e-02
1.3478e-02
1.3475e-02
1.3464e-02
1.3249e-02
1.2731e-02
1.1904e-02
1.0259e-02
8.5081e-03
7.2852e-03
6.4013e-03
5.5675e-03
4.0861e-03
2.5095e-03
1.5978e-03
3.5831e-04
-1.1306e-03
-2.6638e-03
-4.7467e-03
-6.3978e-03
-7.8898e-03
-9.3864e-03
-1.0375e-02
-1.1615e-02
-1.2476e-02
-1.2707e-02
-1.2939e-02
-1.3291e-02
-1.3554e-02
-1.3000e-02
-1.1609e-02
-1.0251e-02
-9.2543e-03
-8.4082e-03
-7.3724e-03
-6.3158e-03
-5.1020e-03
-3.7922e-03
-2.7323e-03
-1.6818e-03
2.1238e-04
2.7214e-03
5.0259e-03
6.9294e-03
8.4822e-03
1.0280e-02
1.1887e-02
1.2734e-02
1.3237e-02
1.3219e-02
1.2829e-02
1.2346e-02
1.1589e-02
1.0491e-02
8.9577e-03
7.5259e-03
6.4796e-03
5.7393e-03
5.1186e-03
4.3853e-03
4.1511e-03
4.2828e-03
4.2044e-03
3.7453e-03
2.9581e-03
2.3451e-03
2.0718e-03
1.9865e-03
1.9681e-03
2.1089e-03
2.1815e-03
2.1339e-03
2.1027e-03
1.9548e-03
1.5029e-03
7.7371e-04
-1.7503e-04
-1.1530e-03
-1.9669e-03
-2.5605e-03
-3.0433e-03
-3.7932e-03
-4.5659e-03
-5.0459e-03
-5.5108e-03
-5.7411e-03
-5.6331e-03
-5.2223e-03
-4.3922e-03
-3.4946e-03
-2.7634e-03
-2.0087e-03
-1.0235e-03
-4.3567e-04
3.9114e-04
1.2177e-03
1.6920e-03
2.0242e-03
2.1412e-03
2.0878e-03
2.1835e-03
1.9883e-03
1.5397e-03
6.9697e-04
-3.3902e-04
-1.5496e-03
-2.5343e-03
-3.2990e-03
-4.5868e-03
-6.1247e-03
-7.2866e-03
-8.4163e-03
-9.5058e-03
-1.0070e-02
-1.0856e-02
-1.1433e-02
-1.1456e-02
-1.1436e-02
-1.1543e-02
-1.1627e-02
-1.1512e-02
-1.1105e-02
-1.0627e-02
-1.0627e-02
-1.0760e-02
-1.0763e-02
-1.0689e-02
-1.0623e-02
-1.0728e-02
-1.1083e-02
-1.1585e-02
-1.1778e-02
-1.1674e-02
-1.1630e-02
-1.1676e-02
-1.1759e-02
-1.1841e-02
-1.1819e-02
-1.1547e-02
-1.0896e-02
-1.0075e-02
-9.0727e-03
-8.1797e-03
-7.2995e-03
-5.4642e-03
-3.1492e-03
-1.5238e-03
3.6407e-04
1.7538e-03
3.6525e-03
5.5515e-03
7.0508e-03
8.3962e-03
9.9313e-03
1.0911e-02
1.1487e-02
1.1498e-02
1.1052e-02
1.0432e-02
9.7451e-03
8.9309e-03
7.8620e-03
7.2800e-03
6.4368e-03
5.4490e-03
4.4642e-03
2.4636e-03
4.1785e-04
-6.9802e-04
-1.6324e-03
-2.2712e-03
-3.2954e-03
-4.6502e-03
-5.1662e-03
-5.4157e-03
-5.7773e-03
-5.7825e-03
-5.8001e-03
-5.7121e-03
-5.2880e-03
-4.6045e-03
-4.0023e-03
-3.6410e-03
-3.3876e-03
-3.0539e-03
-2.9010e-03
-2.8774e-03
-2.8010e-03
-2.8012e-03
-3.0993e-03
-3.7777e-03
-4.4382e-03
-4.6699e-03
-4.6162e-03
-4.5278e-03
-4.6789e-03
-5.1219e-03
-5.6908e-03
-6.2057e-03
-6.7171e-03
-7.2672e-03
-7.7827e-03
-8.4082e-03
-9.2006e-03
-9.9503e-03
-1.0609e-02
-1.1192e-02
-1.1642e-02
-1.2086e-02
-1.2285e-02
-1.2235e-02
-1.2063e-02
-1.1618e-02
-1.0933e-02
-1.0078e-02
-9.1465e-03
-8.1222e-03
-6.8563e-03
-5.4274e-03
-4.2843e-03
-3.2960e-03
-2.2229e-03
-1.2989e-03
-4.4128e-04
1.7113e-04
5.0887e-04
1.0744e-03
1.6551e-03
2.4761e-03
3.1436e-03
3.5963e-03
4.3829e-03
5.0337e-03
5.4244e-03
5.9808e-03
6.3312e-03
6.5477e-03
6.3547e-03
5.8254e-03
5.9453e-03
6.5122e-03
7.0730e-03
7.0746e-03
6.8999e-03
6.8018e-03
6.7887e-03
6.9790e-03
7.5340e-03
8.3558e-03
8.8513e-03
9.3866e-03
9.9430e-03
1.0260e-02
1.0818e-02
1.1184e-02
1.1806e-02
1.2394e-02
1.3314e-02
1.3880e-02
1.3967e-02
1.4150e-02
1.4110e-02
1.4685e-02
1.4582e-02
1.4074e-02
1.3598e-02
1.3534e-02
1.3194e-02
1.2665e-02
1.2744e-02
1.2813e-02
1.2818e-02
1.2840e-02
1.2866e-02
1.2806e-02
1.2498e-02
1.1865e-02
1.1222e-02
1.0688e-02
1.0391e-02
9.7977e-03
9.3468e-03
8.6745e-03
7.9563e-03
7.1884e-03
6.8557e-03
6.4251e-03
5.7935e-03
5.5686e-03
5.4065e-03
5.0766e-03
4.7406e-03
4.3566e-03
4.1890e-03
4.0995e-03
3.6677e-03
3.0406e-03
2.4416e-03
1.5153e-03
6.6435e-04
-1.3008e-04
-9.5911e-04
-1.4904e-03
-2.2593e-03
-3.1398e-03
-3.6894e-03
-4.0253e-03
-4.3713e-03
-4.3486e-03
-4.3668e-03
-4.4184e-03
-4.2672e-03
-3.8034e-03
-3.1735e-03
-2.6453e-03
-1.9019e-03
-1.3213e-03
-6.0063e-04
6.4947e-04
1.8226e-03
2.9202e-03
3.5394e-03
4.5187e-03
6.0830e-03
7.1633e-03
7.9917e-03
8.5049e-03
8.7631e-03
8.8972e-03
8.9592e-03
9.0246e-03
8.9024e-03
8.4089e-03
7.6379e-03
6.8820e-03
6.1040e-03
5.1593e-03
4.1986e-03
3.2361e-03
2.2797e-03
1.4052e-03
7.1342e-04
1.9787e-04
-4.5643e-04
-1.2382e-03
-1.6693e-03
-1.9845e-03
-2.3663e-03
-2.4185e-03
-2.1022e-03
-1.6567e-03
-1.3964e-03
-1.2865e-03
-8.4141e-04
-2.5936e-04
3.1779e-04
9.8169e-04
1.4784e-03
1.8882e-03
2.1032e-03
2.0101e-03
1.8851e-03
2.1337e-03
2.1126e-03
1.5047e-03
9.3246e-04
3.2485e-04
-2.4124e-04
-6.6929e-04
-1.0483e-03
-1.3130e-03
-1.4856e-03
-1.8326e-03
-2.3384e-03
-2.4710e-03
-2.3511e-03
-2.4049e-03
-2.7511e-03
-3.3395e-03
-3.8328e-03
-4.3093e-03
-4.7115e-03
-5.0848e-03
-5.3486e-03
-5.6863e-03
-6.2094e-03
-6.2960e-03
-5.8960e-03
-5.3712e-03
-5.0602e-03
-4.7022e-03
-4.1120e-03
-3.5056e-03
-3.0737e-03
-2.5979e-03
-2.1438e-03
-1.6752e-03
-1.2820e-03
-8.8241e-04
-5.3190e-04
-5.5224e-04
-9.2025e-04
-1.5060e-03
-2.0452e-03
-2.7963e-03
-3.5734e-03
-4.3193e-03
-5.4567e-03
-6.7418e-03
-7.7417e-03
-8.5489e-03
-9.1367e-03
-9.4877e-03
-9.8995e-03
-9.9961e-03
-1.0156e-02
-1.0616e-02
-1.1012e-02
-1.0679e-02
-1.0107e-02
-9.9844e-03
-9.7139e-03
-9.1033e-03
-8.6512e-03
-8.2375e-03
-8.2181e-03
-8.3018e-03
-8.2724e-03
-8.2249e-03
-8.1831e-03
-8.1941e-03
-8.2292e-03
-8.2584e-03
-8.1726e-03
-7.9014e-03
-7.4936e-03
-7.2990e-03
-7.2556e-03
-6.8689e-03
-6.0405e-03
-5.3051e-03
-4.6255e-03
-4.0897e-03
-3.5143e-03
-2.9163e-03
-2.4860e-03
-2.4379e-03
-2.0397e-03
-1.3663e-03
-1.0284e-03
-4.8813e-04
2.9160e-05
1.0515e-03
2.0731e-03
2.9067e-03
3.6875e-03
4.4755e-03
5.3569e-03
5.7245e-03
6.1811e-03
6.0937e-03
5.7759e-03
5.2729e-03
4.6647e-03
3.8844e-03
2.9072e-03
1.4790e-03
2.2157e-04
-6.2676e-04
-6.6957e-04
-1.0850e-03
-1.6929e-03
-2.1752e-03
-2.5620e-03
-2.9080e-03
-3.3997e-03
-3.5025e-03
-3.8617e-03
-4.3447e-03
-4.2995e-03
-4.4699e-03
-5.0132e-03
-5.4744e-03
-5.3751e-03
-5.0717e-03
-4.5908e-03
-4.0547e-03
-3.7661e-03
-3.3357e-03
-2.8776e-03
-2.0129e-03
-1.1968e-03
-7.1170e-04
4.7830e-05
6.3064e-04
1.1901e-03
2.0287e-03
2.4871e-03
2.6420e-03
2.9039e-03
2.9436e-03
2.6371e-03
2.0103e-03
1.6410e-03
1.3820e-03
1.3921e-03
1.1222e-03
5.9711e-04
2.1564e-04
-1.2338e-04
-4.6997e-04
-6.6471e-04
-1.2935e-03
-2.1466e-03
-2.4783e-03
-2.5633e-03
-3.0122e-03
-3.4895e-03
-3.4024e-03
-3.1302e-03
-2.6997e-03
-2.3047e-03
-2.2135e-03
-1.8837e-03
-1.5040e-03
-1.4199e-03
-9.9328e-04
-2.7894e-04
3.1425e-04
4.9487e-04
3.5242e-04
3.1716e-04
4.0111e-04
5.0135e-04
5.1962e-04
3.1372e-04
-1.7645e-04
-7.2857e-04
-9.9335e-04
-1.2018e-03
-1.4528e-03
-1.4061e-03
-1.3923e-03
-1.4651e-03
-1.5173e-03
-1.4638e-03
-1.1893e-03
-7.4042e-04
-4.3625e-04
-2.8145e-04
1.9356e-04
7.4109e-04
1.1806e-03
1.6396e-03
2.0785e-03
2.6428e-03
3.3087e-03
4.0592e-03
4.5256e-03
4.9376e-03
5.4640e-03
5.8959e-03
6.2154e-03
6.2994e-03
6.3932e-03
6.2544e-03
5.8379e-03
5.4266e-03
5.1360e-03
4.9454e-03
4.5180e-03
4.2333e-03
4.3051e-03
4.3121e-03
4.2468e-03
4.2375e-03
4.4119e-03
4.8033e-03
5.1755e-03
5.2532e-03
5.1875e-03
5.1952e-03
5.2041e-03
5.0716e-03
4.7391e-03
4.3541e-03
4.0383e-03
3.5381e-03
2.7934e-03
1.9184e-03
1.0709e-03
3.0431e-04
-7.9107e-04
-1.6282e-03
-2.0986e-03
-2.5062e-03
-2.9082e-03
-3.3065e-03
-3.1623e-03
-2.3556e-03
-1.2944e-03
-2.7172e-04
8.4143e-04
2.0026e-03
2.8477e-03
3.5299e-03
4.6579e-03
5.8035e-03
6.7908e-03
7.7146e-03
8.2046e-03
8.6814e-03
9.0119e-03
9.2360e-03
9.7055e-03
1.0044e-02
1.0152e-02
1.0468e-02
1.0839e-02
1.1008e-02
1.1215e-02
1.1648e-02
1.1982e-02
1.2161e-02
1.2626e-02
1.3103e-02
1.3422e-02
1.3749e-02
1.3843e-02
1.3784e-02
1.3799e-02
1.3855e-02
1.3881e-02
1.3787e-02
1.3524e-02
1.3163e-02
1.2713e-02
1.2190e-02
1.1946e-02
1.1736e-02
1.1033e-02
1.0159e-02
9.5162e-03
8.7194e-03
7.4131e-03
6.0239e-03
4.8518e-03
3.5866e-03
2.6185e-03
2.0247e-03
1.0952e-03
2.0650e-05
-8.4352e-04
-1.6753e-03
-2.1030e-03
-2.6371e-03
-3.5096e-03
-4.3737e-03
-5.0970e-03
-5.4446e-03
-5.6790e-03
-6.0049e-03
-6.1667e-03
-6.3284e-03
-6.7319e-03
-7.1397e-03
-7.2479e-03
-7.1857e-03
-7.1497e-03
-7.0804e-03
-6.9188e-03
-6.7819e-03
-6.9326e-03
-7.0040e-03
-6.4937e-03
-6.1773e-03
-6.2144e-03
-6.0149e-03
-5.5483e-03
-5.1913e-03
-4.9816e-03
-4.5196e-03
-4.0590e-03
-3.4639e-03
-2.7289e-03
-2.1914e-03
-1.8311e-03
-1.7822e-03
-1.6006e-03
-1.1354e-03
-6.1992e-04
-4.0861e-04
-5.1003e-04
-5.6083e-04
-5.4353e-04
-5.1314e-04
-4.7186e-04
-4.2237e-04
-3.9452e-04
-4.9196e-04
-8.3603e-04
-1.3740e-03
-1.7087e-03
-1.9720e-03
-2.2872e-03
-2.6281e-03
-3.2205e-03
-3.9451e-03
-4.8274e-03
-5.5226e-03
-6.0014e-03
-6.5929e-03
-7.6607e-03
-8.8754e-03
-9.5450e-03
-1.0252e-02
-1.1152e-02
-1.1802e-02
-1.2205e-02
-1.2738e-02
-1.3266e-02
-1.3713e-02
-1.3855e-02
-1.3787e-02
-1.3794e-02
-1.3841e-02
-1.3840e-02
-1.3739e-02
-1.3567e-02
-1.3450e-02
-1.3213e-02
-1.3118e-02
-1.3009e-02
-1.2847e-02
-1.2739e-02
-1.2676e-02
-1.2845e-02
-1.2969e-02
-1.2942e-02
-1.2910e-02
-1.2851e-02
-1.2721e-02
-1.2588e-02
-1.2638e-02
-1.2698e-02
-1.2864e-02
-1.3002e-02
-1.2972e-02
-1.2820e-02
-1.2480e-02
-1.2095e-02
-1.2142e-02
-1.2436e-02
-1.2852e-02
-1.3058e-02
-1.3054e-02
-1.3077e-02
-1.2948e-02
-1.2883e-02
-1.2869e-02
-1.2603e-02
-1.2076e-02
-1.1580e-02
-1.0868e-02
-9.8445e-03
-8.5723e-03
-6.9412e-03
-5.1862e-03
-3.3843e-03
-2.0967e-03
-1.0158e-03
3.7584e-04
1.6398e-03
2.8904e-03
4.3380e-03
5.5477e-03
6.5868e-03
7.5993e-03
8.2881e-03
8.8144e-03
9.3861e-03
1.0263e-02
1.1196e-02
1.1798e-02
1.2447e-02
1.3172e-02
1.3607e-02
1.4192e-02
1.5004e-02
1.5502e-02
1.5834e-02
1.6221e-02
1.6705e-02
1.6760e-02
1.6687e-02
1.6702e-02
1.6743e-02
1.6786e-02
1.6797e-02
1.6769e-02
1.6711e-02
1.6693e-02
1.6837e-02
1.7246e-02
1.7747e-02
1.7793e-02
1.7698e-02
1.7602e-02
1.7358e-02
1.6995e-02
1.6826e-02
1.6816e-02
1.6487e-02
1.5737e-02
1.4934e-02
1.3932e-02
1.3339e-02
1.2420e-02
1.1346e-02
1.0568e-02
9.5636e-03
8.5019e-03
7.6124e-03
6.4432e-03
5.3013e-03
4.7083e-03
3.8036e-03
2.8569e-03
1.6913e-03
5.8590e-04
2.4902e-05
-9.5116e-04
-2.0638e-03
-2.8010e-03
-3.5704e-03
-4.2621e-03
-4.8934e-03
-5.7921e-03
-6.2184e-03
-6.1236e-03
-6.3041e-03
-6.7146e-03
-6.9657e-03
-7.1991e-03
-7.1576e-03
-7.1041e-03
-7.1128e-03
-7.1190e-03
-7.1436e-03
-7.1843e-03
-7.2457e-03
-7.2378e-03
-7.0330e-03
-6.5386e-03
-6.0379e-03
-6.1794e-03
-6.3481e-03
-6.3317e-03
-6.1376e-03
-5.6722e-03
-5.1606e-03
-5.0762e-03
-4.7271e-03
-4.2074e-03
-4.2921e-03
-4.3595e-03
-4.3252e-03
-4.2817e-03
-4.2816e-03
-4.3247e-03
-4.3536e-03
-4.2117e-03
-3.7630e-03
-3.1202e-03
-2.7869e-03
-2.2471e-03
-1.8588e-03
-1.2562e-03
-8.8656e-04
-4.9438e-04
-4.6842e-04
-2.0837e-04
3.7344e-04
6.5833e-04
5.7978e-04
3.3460e-04
-1.0823e-04
-5.8334e-04
-4.6066e-04
-3.8929e-04
-4.3347e-04
-3.7839e-04
-7.5180e-05
4.0500e-04
6.0356e-04
4.9417e-04
4.5411e-04
4.8488e-04
5.1219e-04
4.8308e-04
3.7759e-04
2.6430e-04
2.3129e-04
-2.6795e-04
-5.3834e-04
-4.3510e-04
-3.6799e-04
-3.3835e-04
-3.4024e-04
-4.3533e-04
-7.2290e-04
-1.1271e-03
-1.2978e-03
-1.2792e-03
-7.5065e-04
-2.3615e-04
-4.3039e-04
-5.6935e-04
-3.9430e-04
8.1977e-05
6.0792e-04
6.1061e-04
8.1059e-04
1.2652e-03
1.4609e-03
1.4790e-03
1.7761e-03
2.2976e-03
2.5265e-03
2.4406e-03
2.3930e-03
2.3964e-03
2.3838e-03
2.3885e-03
2.4959e-03
2.8137e-03
3.2453e-03
3.3847e-03
3.2708e-03
3.4195e-03
3.9262e-03
4.4677e-03
4.3745e-03
4.2602e-03
4.2719e-03
4.3026e-03
4.3395e-03
4.3497e-03
4.3516e-03
4.3436e-03
4.3408e-03
4.3360e-03
4.3373e-03
4.3404e-03
4.3529e-03
4.3618e-03
4.3553e-03
4.3130e-03
4.2636e-03
4.2932e-03
4.5434e-03
5.0405e-03
5.4605e-03
5.3797e-03
5.2403e-03
5.0151e-03
4.6073e-03
4.3055e-03
4.3904e-03
4.2261e-03
3.7142e-03
3.2965e-03
3.3778e-03
3.4577e-03
3.4330e-03
3.4120e-03
3.4111e-03
3.4412e-03
3.4097e-03
3.2111e-03
2.7909e-03
2.3960e-03
2.2638e-03
1.8674e-03
1.4319e-03
1.4563e-03
1.5136e-03
1.7070e-03
2.2412e-03
2.9485e-03
3.4559e-03
4.0591e-03
4.7192e-03
5.2913e-03
6.0802e-03
6.9342e-03
7.4663e-03
7.8162e-03
8.1981e-03
8.1760e-03
8.0712e-03
7.8461e-03
7.4396e-03
7.1854e-03
7.0473e-03
6.5165e-03
5.7432e-03
4.8933e-03
3.7591e-03
2.7724e-03
2.0502e-03
1.4025e-03
8.9959e-04
3.8203e-05
-7.2727e-04
-1.3199e-03
-2.0447e-03
-2.5700e-03
-3.2285e-03
-4.1332e-03
-4.8609e-03
-5.5262e-03
-6.2897e-03
-7.1057e-03
-7.9581e-03
-8.6075e-03
-9.1686e-03
-9.7256e-03
-9.9912e-03
-9.9873e-03
-1.0091e-02
-1.0216e-02
-1.0466e-02
-1.0879e-02
-1.1009e-02
-1.0961e-02
-1.0966e-02
-1.0899e-02
-1.0589e-02
-1.0038e-02
-9.6145e-03
-9.2126e-03
-8.8158e-03
-8.2299e-03
-7.5156e-03
-7.1849e-03
-7.1966e-03
-7.0547e-03
-6.5751e-03
-6.0072e-03
-5.5458e-03
-5.1702e-03
-4.8167e-03
-4.4138e-03
-4.3106e-03
-4.3462e-03
-4.1118e-03
-3.6410e-03
-3.3141e-03
-3.3167e-03
-3.3896e-03
-3.3057e-03
-3.1011e-03
-2.9780e-03
-3.2743e-03
-3.8238e-03
-4.4469e-03
-4.8316e-03
-5.1758e-03
-5.1632e-03
-5.1744e-03
-5.4863e-03
-5.9470e-03
-6.2243e-03
-6.3273e-03
-6.6709e-03
-7.1756e-03
-7.2820e-03
-7.4023e-03
-7.7017e-03
-7.8312e-03
-7.8684e-03
-7.7113e-03
-7.2752e-03
-7.2765e-03
-7.3597e-03
-7.1027e-03
-6.5809e-03
-6.1873e-03
-5.8903e-03
-5.4862e-03
-5.4318e-03
-5.0261e-03
-4.3054e-03
-3.9506e-03
-3.5906e-03
-3.6992e-03
-3.6284e-03
-3.1746e-03
-2.6617e-03
-2.5960e-03
-2.2411e-03
-1.5438e-03
-1.1808e-03
-8.0518e-04
-9.1275e-04
-8.4744e-04
-4.6041e-04
-2.1952e-05
1.6770e-04
2.6946e-04
6.5665e-04
1.0866e-03
1.2306e-03
1.6391e-03
2.1502e-03
2.3669e-03
2.7304e-03
3.1185e-03
3.6342e-03
4.3092e-03
4.7072e-03
5.1570e-03
5.8668e-03
6.7702e-03
7.5181e-03
7.6710e-03
7.6931e-03
8.0553e-03
8.4694e-03
8.6288e-03
8.7558e-03
9.1137e-03
9.4816e-03
9.5861e-03
9.6033e-03
9.7487e-03
9.9333e-03
1.0216e-02
1.0524e-02
1.0637e-02
1.0920e-02
1.1143e-02
1.1040e-02
1.1012e-02
1.1295e-02
1.1417e-02
1.1354e-02
1.1311e-02
1.1324e-02
1.1377e-02
1.1396e-02
1.1289e-02
1.0957e-02
1.0475e-02
1.0210e-02
9.9649e-03
9.5431e-03
9.3983e-03
9.3546e-03
9.0206e-03
8.5224e-03
8.2985e-03
8.0773e-03
7.4514e-03
6.6841e-03
5.7754e-03
4.6965e-03
3.9999e-03
3.3645e-03
2.7736e-03
2.6085e-03
2.4365e-03
1.9828e-03
1.5958e-03
1.3499e-03
9.3600e-04
5.3097e-04
1.9069e-04
-2.4930e-04
-4.3808e-04
-7.9482e-04
-1.3311e-03
-1.3862e-03
-1.3009e-03
-1.2817e-03
-1.2749e-03
-1.2861e-03
-1.3814e-03
-1.6432e-03
-1.9780e-03
-2.0331e-03
-1.7972e-03
-1.2983e-03
-1.2468e-03
-1.3790e-03
-1.4081e-03
-1.3946e-03
-1.3621e-03
-1.3598e-03
-1.3645e-03
-1.3627e-03
-1.3085e-03
-1.2351e-03
-1.2332e-03
-1.4369e-03
-1.9189e-03
-2.4336e-03
-2.3184e-03
-2.1884e-03
-2.1657e-03
-2.1721e-03
-2.2556e-03
-2.4680e-03
-2.7874e-03
-2.8610e-03
-2.2345e-03
-2.0305e-03
-1.6861e-03
-1.2084e-03
-1.3370e-03
-1.4270e-03
-1.3749e-03
-1.2840e-03
-1.2426e-03
-1.3841e-03
-1.8124e-03
-2.3699e-03
-2.5870e-03
-3.1219e-03
-3.7812e-03
-4.2634e-03
-4.4163e-03
-4.8247e-03
-5.2715e-03
-5.6854e-03
-6.1801e-03
-6.0913e-03
-6.0062e-03
-6.0346e-03
-6.0758e-03
-6.1094e-03
-6.1184e-03
-6.1116e-03
-6.0972e-03
-6.0867e-03
-6.0949e-03
-6.1287e-03
-6.1672e-03
-6.1315e-03
-5.9107e-03
-5.4702e-03
-5.0704e-03
-4.9672e-03
-4.5759e-03
-4.0488e-03
-3.7975e-03
-3.4190e-03
-3.0912e-03
-2.7251e-03
-2.1686e-03
-1.6256e-03
-7.6573e-04
-2.1727e-04
-4.0203e-04
-5.0686e-04
-4.6693e-04
-4.1262e-04
-3.7298e-04
-3.7585e-04
-3.7520e-04
-3.0196e-04
-9.1877e-05
1.4162e-04
3.3626e-05
-4.7149e-04
-4.5195e-04
-3.2110e-04
-2.5911e-04
-2.2821e-04
-3.3884e-04
-6.6406e-04
-1.1578e-03
-1.3868e-03
-1.2428e-03
-1.1914e-03
-1.3594e-03
-1.6813e-03
-1.9915e-03
-2.1708e-03
-2.2545e-03
-2.2074e-03
-2.2342e-03
-2.3060e-03
-2.2891e-03
-2.0171e-03
-1.4597e-03
-9.2140e-04
-5.7537e-04
-3.1916e-04
-1.4895e-04
2.7931e-04
6.6384e-04
9.0239e-04
1.3520e-03
1.6357e-03
1.5481e-03
1.5000e-03
1.5182e-03
1.5499e-03
1.5893e-03
1.6371e-03
1.6585e-03
1.5675e-03
1.2620e-03
8.0913e-04
5.9429e-04
6.7964e-04
5.2484e-04
9.3944e-05
-2.4985e-04
-1.4780e-04
1.9681e-04
3.0149e-04
3.9522e-04
6.7301e-04
6.1974e-04
5.5819e-04
5.8181e-04
6.3373e-04
6.9201e-04
6.7062e-04
4.6945e-04
5.8599e-05
-3.1560e-04
-3.7317e-04
-3.2012e-04
-3.2077e-04
-2.4687e-04
4.3777e-05
4.8216e-04
6.8856e-04
9.1776e-04
1.4792e-03
1.9838e-03
2.4223e-03
2.7015e-03
2.9684e-03
3.3669e-03
3.8779e-03
4.6481e-03
5.2890e-03
5.5504e-03
5.9502e-03
6.6109e-03
7.2006e-03
7.4383e-03
7.5658e-03
7.7510e-03
8.0313e-03
7.8894e-03
7.3972e-03
7.3228e-03
7.4025e-03
7.0062e-03
6.0385e-03
5.0402e-03
4.4729e-03
4.2862e-03
4.0217e-03
3.6267e-03
3.2759e-03
2.8539e-03
2.5639e-03
2.6146e-03
2.6740e-03
2.5308e-03
2.1513e-03
1.6831e-03
1.5292e-03
1.0999e-03
2.3034e-04
-3.5020e-04
-5.3078e-04
-9.1790e-04
-1.4345e-03
-1.9305e-03
-2.4277e-03
-2.9664e-03
-3.5762e-03
-4.1588e-03
-4.5458e-03
-5.0862e-03
-5.5086e-03
-5.9306e-03
-6.1221e-03
-6.4802e-03
-7.0313e-03
-7.0919e-03
-6.9491e-03
-6.7354e-03
-6.4568e-03
-6.2996e-03
-6.1213e-03
-5.9844e-03
-5.5408e-03
-5.0020e-03
-5.0941e-03
-5.1986e-03
-5.1920e-03
-5.1578e-03
-5.1042e-03
-5.0532e-03
-5.0423e-03
-5.1574e-03
-5.4710e-03
-5.8665e-03
-5.9200e-03
-5.7914e-03
-6.0468e-03
-6.0650e-03
-6.0255e-03
-6.0490e-03
-6.0905e-03
-6.1424e-03
-6.0878e-03
-5.7962e-03
-5.2370e-03
-4.7224e-03
-4.2554e-03
-3.8201e-03
-3.4685e-03
-3.2379e-03
-2.9855e-03
-2.3939e-03
-1.8131e-03
-1.4307e-03
-1.3163e-03
-1.4145e-03
-1.2781e-03
-8.5034e-04
-3.7588e-04
-2.8555e-04
-5.4408e-04
-7.8908e-04
-1.0028e-03
-1.3630e-03
-1.2806e-03
-1.1929e-03
-1.2145e-03
-1.2427e-03
-1.2725e-03
-1.2787e-03
-1.2803e-03
-1.2721e-03
-1.2634e-03
-1.2502e-03
-1.2511e-03
-1.2779e-03
-1.3308e-03
-1.3428e-03
-1.1947e-03
-7.9561e-04
-3.1766e-04
-1.8345e-04
-4.4081e-04
-8.5055e-04
-1.2502e-03
-1.3260e-03
-1.1807e-03
-1.1658e-03
-1.3286e-03
-1.6035e-03
-1.7967e-03
-1.7260e-03
-1.7061e-03
-1.8371e-03
-2.0645e-03
-2.2192e-03
-2.1992e-03
-2.3599e-03
-2.7448e-03
-3.0393e-03
-2.9615e-03
-2.7402e-03
-2.5323e-03
-2.3632e-03
-2.3382e-03
-2.2158e-03
-2.2334e-03
-2.2900e-03
-2.3183e-03
-2.2625e-03
-1.9643e-03
-1.4048e-03
-8.8696e-04
-5.7971e-04
-3.4362e-04
-9.3692e-05
6.0408e-04
1.4067e-03
1.8960e-03
2.4820e-03
3.3473e-03
4.0843e-03
4.4509e-03
4.6150e-03
5.2086e-03
5.9069e-03
6.3161e-03
6.6734e-03
7.0855e-03
7.3140e-03
7.2195e-03
7.2607e-03
7.5687e-03
8.0457e-03
8.3665e-03
8.5349e-03
9.0245e-03
9.5686e-03
9.9377e-03
1.0217e-02
1.0426e-02
1.0914e-02
1.1341e-02
1.1462e-02
1.1532e-02
1.1555e-02
1.1401e-02
1.1112e-02
1.1142e-02
1.1063e-02
1.0780e-02
1.0528e-02
1.0330e-02
1.0158e-02
9.8499e-03
9.4024e-03
9.2807e-03
9.2997e-03
8.9960e-03
8.4059e-03
7.9237e-03
7.4576e-03
6.9837e-03
6.3773e-03
5.7499e-03
5.1905e-03
4.6091e-03
4.1321e-03
3.5211e-03
2.9024e-03
2.3611e-03
1.7813e-03
1.2531e-03
5.3664e-04
-1.8665e-04
-6.8005e-04
-1.3089e-03
-1.8594e-03
-2.0781e-03
-2.0813e-03
-2.1585e-03
-2.5170e-03
-3.0198e-03
-3.2307e-03
-3.3722e-03
-3.7687e-03
-4.0927e-03
-4.0955e-03
-4.0021e-03
-4.0565e-03
-4.3392e-03
-4.7984e-03
-5.0980e-03
-5.0541e-03
-4.9483e-03
-5.0607e-03
-5.4629e-03
-5.9897e-03
-6.1319e-03
-6.0058e-03
-5.9559e-03
-5.9876e-03
-6.0543e-03
-6.1087e-03
-6.0755e-03
-5.8570e-03
-5.4450e-03
-5.0772e-03
-4.8495e-03
-4.5482e-03
-4.2684e-03
-4.1163e-03
-3.7907e-03
-3.2488e-03
-2.9925e-03
-2.9855e-03
-2.9729e-03
-2.6137e-03
-2.2477e-03
-2.1172e-03
-1.8222e-03
-1.3666e-03
-1.1950e-03
-8.9298e-04
-2.7520e-04
1.6309e-04
6.5403e-04
9.3265e-04
1.2713e-03
1.5391e-03
1.6562e-03
1.9679e-03
2.3795e-03
2.4284e-03
2.5869e-03
2.5116e-03
2.1044e-03
1.6250e-03
1.4881e-03
1.2433e-03
7.7975e-04
6.2780e-04
3.1621e-04
-2.5574e-04
-5.9523e-04
-9.8456e-04
-1.2575e-03
-1.2024e-03
-1.0335e-03
-8.2617e-04
-6.7200e-04
-3.3632e-04
-5.1295e-04
-8.8441e-04
-8.8940e-04
-7.0730e-04
-4.4913e-04
-2.5942e-04
-4.5482e-04
-8.0606e-04
-1.0095e-03
-1.3134e-03
-1.6941e-03
-2.1940e-03
-2.4221e-03
-2.6600e-03
-2.8881e-03
-3.1150e-03
-3.1507e-03
-3.1170e-03
-3.1314e-03
-3.1444e-03
-3.1605e-03
-3.1614e-03
-3.1698e-03
-3.1752e-03
-3.1817e-03
-3.1591e-03
-3.1140e-03
-3.0786e-03
-3.1701e-03
-3.4905e-03
-3.9806e-03
-4.1981e-03
-4.0270e-03
-3.9614e-03
-4.1825e-03
-4.6885e-03
-5.2120e-03
-5.1072e-03
-5.0274e-03
-5.0892e-03
-5.1046e-03
-4.9223e-03
-4.4704e-03
-4.0685e-03
-4.3591e-03
-4.5433e-03
-4.2084e-03
-3.9639e-03
-3.5131e-03
-3.0371e-03
-3.2039e-03
-3.3216e-03
-3.1414e-03
-2.6725e-03
-2.1202e-03
-2.0282e-03
-1.6930e-03
-1.2280e-03
-1.3211e-03
-1.2512e-03
-7.9318e-04
-1.9995e-04
3.5694e-05
5.2658e-04
1.0731e-03
1.4396e-03
1.5613e-03
1.4775e-03
1.6636e-03
2.1863e-03
2.7316e-03
2.6318e-03
2.5147e-03
2.5240e-03
2.5567e-03
2.5932e-03
2.6043e-03
2.6042e-03
2.5967e-03
2.5937e-03
2.5925e-03
2.5944e-03
2.5948e-03
2.5957e-03
2.5956e-03
2.5965e-03
2.5963e-03
2.5954e-03
2.5921e-03
2.5903e-03
2.5937e-03
2.6055e-03
2.6171e-03
2.6093e-03
2.5646e-03
2.5074e-03
2.5351e-03
2.7921e-03
3.3086e-03
3.7299e-03
3.5778e-03
3.2177e-03
2.7267e-03
2.3947e-03
2.6838e-03
3.1300e-03
3.4979e-03
3.5226e-03
3.3049e-03
3.2562e-03
3.2848e-03
2.8908e-03
2.6029e-03
2.7628e-03
2.7352e-03
2.5678e-03
2.7327e-03
3.1295e-03
3.4928e-03
3.5735e-03
3.4877e-03
3.4638e-03
3.4669e-03
3.4649e-03
3.4908e-03
3.6431e-03
3.9580e-03
4.2692e-03
4.3918e-03
4.2226e-03
3.7179e-03
3.3698e-03
3.2076e-03
2.8227e-03
2.5729e-03
2.6661e-03
2.6957e-03
2.6102e-03
2.4568e-03
2.3306e-03
2.4235e-03
2.6581e-03
2.6313e-03
2.5722e-03
2.5730e-03
2.6129e-03
2.6618e-03
2.6229e-03
2.3816e-03
1.9255e-03
1.5552e-03
1.5058e-03
1.2449e-03
8.7647e-04
7.1219e-04
6.2930e-04
2.8618e-04
-1.7315e-04
-3.3061e-04
-2.4317e-04
-2.0902e-04
-2.3442e-04
-2.6453e-04
-2.8320e-04
-2.8635e-04
-2.8372e-04
-2.8087e-04
-2.7843e-04
-2.7381e-04
-2.6663e-04
-2.6876e-04
-2.9872e-04
-3.7268e-04
-4.6057e-04
-4.5579e-04
-4.0090e-04
-7.1885e-04
-9.0847e-04
-5.5775e-04
-2.1747e-04
-6.5699e-04
-1.2083e-03
-1.3552e-03
-1.2368e-03
-1.1632e-03
-1.1654e-03
-1.1914e-03
-1.2552e-03
-1.3643e-03
-1.4952e-03
-1.4971e-03
-1.3580e-03
-1.4635e-03
-1.6487e-03
-2.1089e-03
-2.2985e-03
-2.1725e-03
-2.1007e-03
-2.1047e-03
-2.2445e-03
-2.5675e-03
-3.0198e-03
-3.3989e-03
-3.8854e-03
-4.4914e-03
-4.7250e-03
-4.8444e-03
-5.0176e-03
-4.9965e-03
-5.0286e-03
-5.1621e-03
-5.3569e-03
-5.4669e-03
-5.4285e-03
-5.6839e-03
-6.1321e-03
-6.0520e-03
-5.9245e-03
-5.9263e-03
-6.0938e-03
-6.4857e-03
-6.9238e-03
-7.0550e-03
-6.9556e-03
-6.9353e-03
-6.9722e-03
-6.9666e-03
-6.8624e-03
-6.6856e-03
-6.6229e-03
-6.7723e-03
-6.6373e-03
-6.1333e-03
-5.9362e-03
-6.0326e-03
-6.0904e-03
-6.0914e-03
-6.0652e-03
-5.9861e-03
-5.8251e-03
-5.6190e-03
-5.3759e-03
-4.9827e-03
-5.0652e-03
-5.1921e-03
-5.1879e-03
-5.0436e-03
-4.6724e-03
-4.2194e-03
-4.0148e-03
-4.1294e-03
-4.2070e-03
-4.2303e-03
-4.1954e-03
-4.0119e-03
-3.5815e-03
-3.0843e-03
-3.0111e-03
-2.6535e-03
-2.1029e-03
-2.0791e-03
-1.9799e-03
-1.7139e-03
-8.8453e-04
-4.1193e-04
-1.5231e-04
1.8068e-04
6.4816e-04
7.6021e-04
1.1112e-03
1.6519e-03
1.7279e-03
2.0933e-03
2.6709e-03
2.8663e-03
3.2555e-03
3.6696e-03
4.0313e-03
4.4883e-03
4.4656e-03
4.6709e-03
5.1924e-03
5.6108e-03
5.9799e-03
6.4420e-03
6.4348e-03
6.5699e-03
6.8577e-03
6.9068e-03
7.0453e-03
7.2199e-03
7.1937e-03
7.3507e-03
7.0136e-03
6.4689e-03
6.3048e-03
6.4688e-03
6.5450e-03
6.3871e-03
5.9733e-03
5.4536e-03
5.2977e-03
4.9897e-03
4.5121e-03
4.5002e-03
4.6023e-03
4.5450e-03
4.3050e-03
3.9447e-03
3.7169e-03
3.5264e-03
3.5328e-03
3.5791e-03
3.5661e-03
3.5425e-03
3.5221e-03
3.5176e-03
3.5159e-03
3.5187e-03
3.5202e-03
3.5300e-03
3.5393e-03
3.5400e-03
3.5078e-03
3.4547e-03
3.4418e-03
3.6017e-03
4.0257e-03
4.5271e-03
4.5338e-03
4.4163e-03
4.4045e-03
4.4374e-03
4.4743e-03
4.4904e-03
4.4907e-03
4.4844e-03
4.4793e-03
4.4785e-03
4.4799e-03
4.4835e-03
4.4846e-03
4.4834e-03
4.4752e-03
4.4684e-03
4.4709e-03
4.4987e-03
4.5364e-03
4.5308e-03
4.3835e-03
4.0435e-03
3.6986e-03
3.7720e-03
3.6546e-03
3.4745e-03
3.1307e-03
2.6425e-03
2.4858e-03
2.2067e-03
1.7301e-03
1.5644e-03
1.2750e-03
7.7496e-04
5.7001e-04
2.4193e-04
-2.2649e-04
-2.3800e-04
-2.0923e-04
-4.5973e-04
-9.2471e-04
-1.2876e-03
-1.5377e-03
-1.9263e-03
-2.1687e-03
-2.1402e-03
-2.1537e-03
-2.3221e-03
-2.5408e-03
-2.6329e-03
-2.8561e-03
-2.7471e-03
-2.8619e-03
-3.1679e-03
-3.1897e-03
-3.1158e-03
-3.0685e-03
-3.1066e-03
-3.2883e-03
-3.6224e-03
-3.8419e-03
-3.4957e-03
-3.3390e-03
-3.5496e-03
-3.4261e-03
-3.1399e-03
-3.1270e-03
-3.2231e-03
-3.2650e-03
-3.1783e-03
-2.8611e-03
-2.3867e-03
-2.1454e-03
-2.2462e-03
-2.3448e-03
-2.2628e-03
-1.9360e-03
-1.4475e-03
-1.1829e-03
-1.2373e-03
-1.3039e-03
-1.3013e-03
-1.2843e-03
-1.2758e-03
-1.2457e-03
-1.1315e-03
-9.0509e-04
-7.3725e-04
-8.9038e-04
-5.3197e-04
-2.7360e-04
-6.0735e-04
-1.0887e-03
-1.3227e-03
-9.4114e-04
-6.9729e-04
-1.0906e-03
-1.2099e-03
-6.9958e-04
-3.1106e-04
-3.3114e-04
-5.8365e-04
-1.0241e-03
-1.4905e-03
-1.4305e-03
-1.2769e-03
-1.3478e-03
-1.6838e-03
-2.1687e-03
-2.3969e-03
-2.3067e-03
-2.3080e-03
-2.6008e-03
-3.0924e-03
-3.3680e-03
-3.3213e-03
-3.2509e-03
-3.2505e-03
-3.2667e-03
-3.2755e-03
-3.2753e-03
-3.2953e-03
-3.3345e-03
-3.3402e-03
-3.1836e-03
-2.7685e-03
-2.2612e-03
-2.2107e-03
-2.3260e-03
-2.3642e-03
-2.3511e-03
-2.2652e-03
-2.0455e-03
-1.7088e-03
-1.4824e-03
-1.4251e-03
-1.6128e-03
-1.7894e-03
-1.4649e-03
-1.2049e-03
-1.1496e-03
-8.7969e-04
-4.4169e-04
-2.5023e-04
-1.0250e-04
2.9922e-04
6.3335e-04
6.5236e-04
5.4923e-04
5.2500e-04
6.6114e-04
1.0273e-03
1.5023e-03
1.6360e-03
1.5241e-03
1.4785e-03
1.4970e-03
1.5263e-03
1.5405e-03
1.5398e-03
1.5331e-03
1.5272e-03
1.5168e-03
1.4941e-03
1.4629e-03
1.4566e-03
1.5285e-03
1.7033e-03
1.8682e-03
1.7458e-03
1.4457e-03
1.3520e-03
1.4184e-03
1.4767e-03
1.5003e-03
1.4408e-03
1.2129e-03
8.1700e-04
5.0816e-04
5.0074e-04
6.1013e-04
5.9662e-04
3.8878e-04
1.2060e-06
-3.4282e-04
-4.0176e-04
-3.1395e-04
-2.9073e-04
-3.1515e-04
-3.4210e-04
-3.5451e-04
-3.5200e-04
-3.4291e-04
-3.3521e-04
-3.3365e-04
-3.3868e-04
-3.4392e-04
-3.3670e-04
-3.0675e-04
-2.6928e-04
-2.8524e-04
-4.4745e-04
-7.8048e-04
-1.0860e-03
-1.1332e-03
-1.0459e-03
-1.0180e-03
-1.0324e-03
-1.0473e-03
-1.0488e-03
-1.0374e-03
-1.0214e-03
-1.0059e-03
-9.9299e-04
-9.8128e-04
-9.6989e-04
-9.5767e-04
-9.4502e-04
-9.3157e-04
-9.1805e-04
-9.0448e-04
-8.9229e-04
-8.8119e-04
-8.7028e-04
-8.5507e-04
-8.3319e-04
-8.0768e-04
-7.9567e-04
-8.1991e-04
-8.8771e-04
-9.4777e-04
-8.6999e-04
-6.6722e-04
-7.4054e-04
-9.6327e-04
-1.1852e-03
-1.2994e-03
-1.3750e-03
-1.3183e-03
-1.2751e-03
-1.2660e-03
-1.2335e-03
-1.2004e-03
-1.2063e-03
-1.3328e-03
-1.5681e-03
-1.7190e-03
-1.6330e-03
-1.7151e-03
-1.7081e-03
-1.6916e-03
-1.6557e-03
-1.4762e-03
-1.1222e-03
-7.5752e-04
-5.9286e-04
-3.2827e-04
-6.4260e-05
2.2062e-04
5.5565e-04
7.2122e-04
9.6657e-04
1.0727e-03
1.1556e-03
1.4696e-03
1.8021e-03
1.6760e-03
1.4542e-03
1.2976e-03
1.3053e-03
1.2417e-03
1.0768e-03
9.7458e-04
6.9568e-04
3.8160e-04
4.4551e-04
5.1442e-04
5.0548e-04
4.9015e-04
4.7388e-04
4.7616e-04
4.7991e-04
4.8439e-04
4.8050e-04
4.8716e-04
5.2264e-04
6.1360e-04
7.1201e-04
7.4984e-04
9.4392e-04
9.1554e-04
1.0367e-03
1.0552e-03
9.8342e-04
8.5856e-04
6.5569e-04
5.6329e-04
4.7826e-04
5.7516e-04
6.7847e-04
6.6221e-04
4.1867e-04
2.7347e-04
2.0214e-04
2.8884e-04
5.0946e-05
4.9961e-05
1.0889e-04
1.1081e-04
1.2045e-04
1.1990e-04
1.3415e-04
1.4843e-04
1.6998e-04
1.8142e-04
1.8291e-04
1.7257e-04
1.8632e-04
2.7278e-04
4.7476e-04
6.9897e-04
7.2318e-04
8.5062e-04
1.0559e-03
1.0756e-03
1.2235e-03
1.4730e-03
1.5694e-03
1.7050e-03
1.7534e-03
1.8634e-03
2.0176e-03
1.9432e-03
1.8822e-03
1.8875e-03
1.9197e-03
1.9458e-03
2.0765e-03
2.0369e-03
1.9428e-03
1.8875e-03
1.8420e-03
1.8017e-03
1.7537e-03
1.7034e-03
1.6487e-03
1.5947e-03
1.5397e-03
1.4896e-03
1.4459e-03
1.4093e-03
1.3617e-03
1.2745e-03
1.1203e-03
9.4276e-04
8.6605e-04
7.6488e-04
6.1543e-04
5.5630e-04
4.7607e-04
3.4427e-04
2.6585e-04
2.5565e-04
2.1474e-04
1.0624e-04
-1.6364e-05
-3.3347e-05
-5.2292e-05
-1.4407e-04
-2.4995e-04
-2.4550e-04
-2.1806e-04
-2.4105e-04
-3.2125e-04
-4.1956e-04
-4.2069e-04
-3.8724e-04
-3.4794e-04
-2.8491e-04
-2.3067e-04
-2.5725e-04
-2.6480e-04
-2.7054e-04
-3.1365e-04
-2.8509e-04
-2.4707e-04
-1.9377e-04
-1.9132e-04
-1.7396e-04
-1.6728e-04
-1.7075e-04
-1.6712e-04
-1.6354e-04
-1.5859e-04
-1.5612e-04
-1.5585e-04
-1.5654e-04
-1.5416e-04
-1.4958e-04
-1.4457e-04
-1.4389e-04
-1.5567e-04
-1.8885e-04
-2.2916e-04
-2.3714e-04
-2.5406e-04
-2.8454e-04
-2.7981e-04
-2.7419e-04
-2.7893e-04
-2.8303e-04
-3.0399e-04
-2.9596e-04
-2.7465e-04
-2.5681e-04
-2.3600e-04
-2.1765e-04
-2.1272e-04
-2.0218e-04
-1.7419e-04
-1.6473e-04
-1.5056e-04
-1.4275e-04
-1.3899e-04
-1.3343e-04
-1.2777e-04
-1.2233e-04
-1.1758e-04
-1.1322e-04
-1.0918e-04
-1.0538e-04
-1.0193e-04
-9.8973e-05
-9.6240e-05
-9.3206e-05
-9.0244e-05
-8.7657e-05
-8.5291e-05
-8.3176e-05
-8.1186e-05
-7.9397e-05
-7.7735e-05
-7.6347e-05
-7.5216e-05
-7.4431e-05
-7.3714e-05
-7.2765e-05
-7.1194e-05
-6.9400e-05
-6.9126e-05
-7.2383e-05
-7.3219e-05
-7.3085e-05
-7.3681e-05
-7.4218e-05
-7.3673e-05
-7.1439e-05
-6.9351e-05
-7.1368e-05
-7.3368e-05
-7.3216e-05
-7.2851e-05
-7.5113e-05
-7.6832e-05
-7.7246e-05
-7.9204e-05
-8.1609e-05
-8.5653e-05
-8.9699e-05
-9.3300e-05
-9.7235e-05
-1.0058e-04
-1.0479e-04
-1.0976e-04
-1.1361e-04
-1.1757e-04
-1.2123e-04
-1.2469e-04
-1.2815e-04
-1.3144e-04
-1.3455e-04
-1.3765e-04
-1.4109e-04
-1.4439e-04
-1.4738e-04
-1.5010e-04
-1.5316e-04
-1.5623e-04
-1.5916e-04
-1.6202e-04
-1.6485e-04
-1.6768e-04
-1.7043e-04
-1.7300e-04
-1.7549e-04
-1.7796e-04
-1.8040e-04
-1.8279e-04
-1.8514e-04
-1.8745e-04
-1.8973e-04
-1.9197e-04
-1.9416e-04
-1.9631e-04
-1.9844e-04
-2.0052e-04
-2.0257e-04
-2.0460e-04
-2.0660e-04
-2.0857e-04
-2.1050e-04
-2.1241e-04
-2.1429e-04
-2.1614e-04
-2.1796e-04
-2.1975e-04
-2.2150e-04
