-3.2505e-05
-3.2670e-05
-3.2835e-05
-3.2999e-05
-3.3163e-05
-3.3327e-05
-3.3491e-05
-3.3654e-05
-3.3817e-05
-3.3979e-05
-3.4139e-05
-3.4298e-05
-3.4459e-05
-3.4629e-05
-3.4805e-05
-3.4980e-05
-3.5143e-05
-3.5293e-05
-3.5437e-05
-3.5582e-05
-3.5726e-05
-3.5856e-05
-3.5971e-05
-3.6116e-05
-3.6360e-05
-3.6680e-05
-3.6947e-05
-3.7136e-05
-3.7374e-05
-3.7616e-05
-3.7706e-05
-3.7600e-05
-3.7354e-05
-3.7076e-05
-3.6980e-05
-3.7221e-05
-3.7778e-05
-3.8470e-05
-3.9111e-05
-3.9299e-05
-3.8693e-05
-3.8193e-05
-3.9814e-05
-4.3981e-05
-4.9494e-05
-5.4260e-05
-5.6544e-05
-5.5116e-05
-4.7479e-05
-3.3274e-05
-1.5743e-05
-4.0617e-06
-7.3223e-06
-2.2641e-05
-4.0635e-05
-5.4323e-05
-5.9263e-05
-5.6126e-05
-5.3254e-05
-5.7343e-05
-6.0526e-05
-5.2502e-05
-3.9951e-05
-2.9928e-05
-1.3622e-05
2.7716e-06
4.9212e-06
-7.5394e-06
-2.5092e-05
-3.9342e-05
-4.8522e-05
-5.6057e-05
-6.6191e-05
-8.0864e-05
-9.9373e-05
-1.1990e-04
-1.3976e-04
-1.3883e-04
-9.3105e-05
-1.1224e-05
8.0935e-05
1.6595e-04
2.3743e-04
2.5181e-04
1.8764e-04
8.1261e-05
-2.0508e-05
-9.8638e-05
-1.6413e-04
-2.3842e-04
-3.3443e-04
-3.8989e-04
-1.8516e-04
1.7730e-04
3.6691e-04
2.8391e-04
5.9895e-05
-1.3394e-04
-2.2217e-04
-2.3580e-04
-2.2450e-04
-1.8342e-04
-1.1523e-04
-4.0000e-05
2.8167e-05
8.4673e-05
1.1756e-04
1.2900e-04
1.3370e-04
1.1033e-04
2.7723e-05
-1.0153e-04
-2.4347e-04
-3.7621e-04
-5.0012e-04
-6.1165e-04
-5.8591e-04
-3.5332e-04
-1.4950e-06
3.4682e-04
5.9011e-04
5.1715e-04
8.8665e-05
-4.9101e-04
-1.0115e-03
-1.3952e-03
-1.5102e-03
-1.2245e-03
-6.9005e-04
-1.5977e-04
2.3704e-04
5.3600e-04
8.1435e-04
8.9367e-04
6.4929e-04
2.1847e-04
-1.9948e-04
-5.0910e-04
-6.6526e-04
-6.7663e-04
-6.9284e-04
-8.2787e-04
-1.0581e-03
-1.1625e-03
-9.7922e-04
-5.8930e-04
-1.6957e-04
1.7119e-04
4.1616e-04
4.6203e-04
2.8065e-04
2.6121e-05
1.3565e-05
3.4882e-04
5.1828e-04
-1.0053e-04
-1.4197e-03
-2.4431e-03
-1.6599e-03
9.3436e-04
4.1524e-03
6.8345e-03
7.7131e-03
6.4932e-03
4.3528e-03
2.5988e-03
1.6941e-03
1.2898e-03
8.0021e-04
-1.0844e-04
-1.3989e-03
-2.6155e-03
-3.0505e-03
-2.6723e-03
-2.0022e-03
-1.5186e-03
-1.3476e-03
-1.3330e-03
-1.3152e-03
-1.4474e-03
-1.8480e-03
-2.4083e-03
-2.9353e-03
-3.2532e-03
-3.3902e-03
-3.8406e-03
-5.1634e-03
-7.1949e-03
-9.3842e-03
-1.1345e-02
-1.2879e-02
-1.2624e-02
-9.7684e-03
-5.4589e-03
-1.3010e-03
1.9781e-03
4.5389e-03
5.7861e-03
5.0876e-03
3.2679e-03
1.5766e-03
6.2599e-04
8.2576e-04
2.5504e-03
5.1344e-03
7.5909e-03
9.4576e-03
1.0911e-02
1.2296e-02
1.2756e-02
1.1043e-02
7.6829e-03
4.0777e-03
1.1244e-03
-1.1498e-03
-2.3470e-03
-1.6057e-03
4.8841e-04
2.4190e-03
2.5994e-03
1.1927e-03
-2.8243e-04
-1.2137e-03
-1.9312e-03
-2.7933e-03
-3.8577e-03
-4.6176e-03
-4.7500e-03
-4.5159e-03
-4.4296e-03
-4.7667e-03
-5.4001e-03
-5.4476e-03
-3.8531e-03
-9.3403e-04
2.2445e-03
4.9355e-03
7.0823e-03
8.7624e-03
8.9201e-03
7.2225e-03
4.7140e-03
2.5290e-03
1.0421e-03
-6.0227e-05
-1.2623e-03
-2.6575e-03
-2.7619e-03
-4.9172e-04
3.2710e-03
7.0304e-03
9.9995e-03
1.2311e-02
1.2712e-02
8.2239e-03
-2.4723e-04
-8.0958e-03
-1.0120e-02
-7.4946e-03
-5.3240e-03
-6.4238e-03
-1.0162e-02
-1.4405e-02
-1.5600e-02
-8.1167e-03
7.5040e-03
2.2192e-02
2.4903e-02
1.6248e-02
4.4278e-03
-3.7885e-03
-7.0803e-03
-8.0818e-03
-9.8284e-03
-1.1721e-02
-1.0458e-02
-5.8324e-03
-3.6223e-05
5.0051e-03
8.8517e-03
1.1143e-02
1.0414e-02
7.2468e-03
3.6619e-03
1.0703e-03
-3.5613e-04
-1.0597e-04
2.1591e-03
5.3740e-03
8.1102e-03
8.6399e-03
6.5318e-03
3.2776e-03
5.4087e-04
-1.0870e-03
-2.0381e-03
-3.0398e-03
-4.1537e-03
-4.3830e-03
-3.4178e-03
-1.9267e-03
-1.4322e-03
-3.3288e-03
-6.9911e-03
-1.0843e-02
-1.3874e-02
-1.6093e-02
-1.8080e-02
-1.9441e-02
-1.2963e-02
3.9371e-03
1.8778e-02
2.1437e-02
1.4426e-02
5.9059e-03
1.4800e-03
1.5135e-03
3.1873e-03
4.0647e-03
4.3542e-03
4.9761e-03
6.1604e-03
7.0341e-03
6.1473e-03
3.6794e-03
8.5249e-04
-1.4008e-03
-2.9671e-03
-4.1441e-03
-4.7636e-03
-4.9930e-03
-5.4513e-03
-6.3852e-03
-7.5921e-03
-8.4092e-03
-8.0255e-03
-6.6373e-03
-5.0303e-03
-3.8480e-03
-3.4695e-03
-3.5779e-03
-3.5056e-03
-2.9627e-03
-2.0991e-03
-1.3059e-03
-9.9799e-04
-9.5365e-04
-8.8130e-04
-3.5402e-04
8.4077e-04
2.3921e-03
3.8569e-03
4.4845e-03
3.5493e-03
1.5520e-03
-1.8570e-04
-6.2724e-04
-2.0184e-04
-3.1109e-05
-4.1282e-04
-1.3116e-03
-2.0866e-03
-1.7470e-03
-3.2707e-04
1.4269e-03
2.8843e-03
3.8458e-03
4.0307e-03
3.4911e-03
2.7576e-03
2.3871e-03
2.4637e-03
2.6432e-03
2.6305e-03
2.3758e-03
2.0012e-03
1.6161e-03
1.1969e-03
7.2168e-04
2.1766e-04
-2.8122e-04
-7.6337e-04
-1.2376e-03
-1.6832e-03
-1.9875e-03
-2.2141e-03
-2.3383e-03
-1.7828e-03
-4.8035e-04
1.1048e-03
2.3991e-03
2.2268e-03
2.5730e-04
-2.5039e-03
-4.9148e-03
-5.8829e-03
-4.7006e-03
-2.2397e-03
1.1065e-04
1.5130e-03
1.5238e-03
5.5332e-04
-1.3595e-04
2.8582e-04
1.5712e-03
2.9067e-03
3.3718e-03
2.7946e-03
1.7612e-03
9.0555e-04
4.5959e-04
2.9230e-04
2.8077e-04
3.1832e-04
1.9670e-04
-1.6771e-04
-5.8769e-04
-8.0545e-04
-8.7614e-04
-1.0660e-03
-1.4665e-03
-1.8568e-03
-1.7643e-03
-1.1181e-03
-2.5245e-04
2.9284e-04
-4.1723e-05
-1.1101e-03
-2.3280e-03
-3.2625e-03
-3.5198e-03
-2.6536e-03
-1.0355e-03
6.0048e-04
1.8306e-03
2.6865e-03
3.0317e-03
2.4967e-03
1.3622e-03
2.0889e-04
-6.3154e-04
-1.2052e-03
-1.5777e-03
-1.3564e-03
-4.6980e-04
6.6912e-04
1.4563e-03
1.2411e-03
1.4118e-04
-1.1672e-03
-2.1370e-03
-2.3128e-03
-1.3946e-03
1.4766e-04
1.6074e-03
2.3595e-03
1.8859e-03
5.4623e-04
-8.5492e-04
-1.7433e-03
-1.5641e-03
-3.8831e-04
1.0174e-03
1.9395e-03
1.8673e-03
9.5540e-04
-1.3939e-04
-8.2741e-04
-7.5426e-04
-1.0270e-04
6.1375e-04
8.8415e-04
5.5353e-04
-8.1807e-05
-6.1905e-04
-6.6888e-04
-1.6154e-04
5.2468e-04
9.4563e-04
1.0783e-03
1.0173e-03
6.8691e-04
3.1981e-04
1.8068e-04
2.0140e-04
1.7233e-04
2.6697e-04
9.1590e-04
2.0626e-03
3.3004e-03
3.9846e-03
3.9132e-03
3.6212e-03
2.9423e-03
1.7328e-03
2.6005e-04
-1.1527e-03
-2.3356e-03
-2.8114e-03
-2.2567e-03
-1.1255e-03
-7.4365e-05
4.7728e-04
2.3710e-04
-5.9479e-04
-1.4931e-03
-2.0581e-03
-1.9241e-03
-1.1330e-03
-1.5147e-04
6.0522e-04
8.0666e-04
2.6373e-04
-6.8307e-04
-1.3636e-03
-1.2811e-03
-7.3381e-04
-4.7765e-04
-7.9445e-04
-1.2113e-03
-1.2488e-03
-9.4911e-04
-5.7230e-04
-2.7287e-04
-7.4989e-05
7.6221e-05
2.4385e-04
4.2206e-04
2.9785e-04
-3.3995e-04
-1.2851e-03
-1.9626e-03
-1.6539e-03
-4.5932e-04
9.5845e-04
2.0131e-03
2.1093e-03
1.2405e-03
4.9787e-05
-8.6988e-04
-1.2722e-03
-8.9244e-04
1.4060e-04
1.1576e-03
1.4270e-03
9.4223e-04
2.0563e-04
-3.3794e-04
-5.3346e-04
-5.1631e-04
-6.4385e-04
-1.1180e-03
-1.4414e-03
-1.1233e-03
-2.9459e-04
5.9493e-04
9.4990e-04
5.0222e-04
-2.5074e-04
-4.9090e-04
-1.3846e-04
3.2877e-04
7.3052e-04
9.1436e-04
1.0668e-03
9.7215e-04
4.2280e-04
-3.7904e-04
-1.0991e-03
-1.5016e-03
-1.4441e-03
-9.2159e-04
-1.9668e-04
3.4128e-04
4.9548e-04
4.8495e-04
4.3631e-04
4.3111e-04
6.1406e-04
9.1857e-04
1.0971e-03
1.0595e-03
8.6696e-04
6.4203e-04
4.9564e-04
4.5619e-04
3.7587e-04
1.0355e-04
-3.0098e-04
-5.6661e-04
-5.6956e-04
-5.3696e-04
-7.1653e-04
-1.1012e-03
-1.3156e-03
-9.0852e-04
2.1077e-05
9.6930e-04
1.1814e-03
4.8531e-04
-6.0658e-04
-1.5322e-03
-1.9110e-03
-1.4825e-03
-5.3012e-04
3.2450e-04
5.6478e-04
2.2666e-04
-3.6262e-04
-8.7025e-04
-1.0881e-03
-9.4226e-04
-4.3334e-04
4.1373e-04
1.2172e-03
1.3804e-03
8.8653e-04
1.8096e-04
-3.3652e-04
-5.1749e-04
-3.8816e-04
-1.8293e-04
-2.0608e-04
-5.0740e-04
-7.4587e-04
-5.9005e-04
-9.3614e-05
4.8517e-04
9.0954e-04
9.4396e-04
6.0676e-04
1.5720e-04
-1.7972e-04
-3.4989e-04
-3.1513e-04
-5.6539e-06
4.6251e-04
9.1001e-04
1.2504e-03
1.5103e-03
1.7047e-03
1.7654e-03
1.6082e-03
1.2486e-03
7.9661e-04
3.6799e-04
6.8921e-05
-8.9405e-06
5.6404e-05
1.1849e-04
9.6807e-05
4.3561e-06
-9.4509e-05
-1.4235e-04
-1.0877e-04
4.3958e-05
2.6742e-04
3.8696e-04
2.4557e-04
-1.1985e-04
-5.2937e-04
-7.2659e-04
-5.5872e-04
-1.6367e-04
2.2313e-04
4.2026e-04
3.0202e-04
-4.3807e-05
-3.4011e-04
-3.1997e-04
-1.7994e-05
2.6255e-04
1.8516e-04
-2.3665e-04
-7.8894e-04
-1.3606e-03
-1.7863e-03
-1.6905e-03
-1.0727e-03
-2.8353e-04
3.9418e-04
8.1864e-04
9.5522e-04
9.3156e-04
7.8887e-04
5.6136e-04
3.2758e-04
1.8009e-04
2.7139e-04
5.9383e-04
9.7858e-04
1.1760e-03
9.6861e-04
4.7066e-04
2.1776e-05
-1.7489e-04
-1.7284e-04
-1.7291e-04
-3.3096e-04
-6.6257e-04
-1.0643e-03
-1.2913e-03
-1.1499e-03
-7.5138e-04
-3.5408e-04
-1.2359e-04
3.0012e-05
2.2219e-04
3.7377e-04
3.5714e-04
1.4393e-04
-1.9522e-04
-5.5013e-04
-6.9287e-04
-4.7715e-04
-6.3698e-05
1.1935e-04
-2.0777e-04
-8.8124e-04
-1.5405e-03
-1.8842e-03
-1.8793e-03
-1.5107e-03
-9.1470e-04
-3.8419e-04
-4.9776e-05
1.4987e-04
2.2822e-04
1.3458e-04
-1.7084e-05
5.1452e-06
2.5839e-04
5.9169e-04
6.8032e-04
4.0122e-04
4.3045e-05
-6.3811e-05
1.0931e-04
3.8644e-04
5.5920e-04
4.8805e-04
2.4148e-04
6.2379e-05
9.6575e-05
2.5407e-04
3.3946e-04
3.0248e-04
2.6285e-04
3.1264e-04
4.4236e-04
5.5016e-04
5.0853e-04
3.2370e-04
9.3611e-05
-8.3327e-05
-3.6977e-05
3.2591e-04
8.6279e-04
1.3727e-03
1.6203e-03
1.3715e-03
7.7423e-04
1.3055e-04
-4.0466e-04
-8.1657e-04
-1.0551e-03
-1.1342e-03
-1.1015e-03
-9.2172e-04
-6.1593e-04
-2.1358e-04
1.9015e-04
4.5762e-04
5.5695e-04
5.1215e-04
4.0866e-04
3.2398e-04
2.6671e-04
2.1624e-04
1.6495e-04
1.1722e-04
9.7734e-05
1.6148e-04
3.0036e-04
3.9313e-04
2.5016e-04
-1.1887e-04
-5.5363e-04
-8.5296e-04
-8.0913e-04
-4.7571e-04
-1.4336e-04
-2.6488e-05
-1.0103e-04
-1.7820e-04
-8.1277e-05
1.8265e-04
3.8804e-04
2.7748e-04
-1.1256e-04
-5.7233e-04
-9.1397e-04
-8.9903e-04
-5.0125e-04
1.3201e-05
3.7143e-04
5.1957e-04
4.9674e-04
2.2812e-04
-2.3887e-04
-7.4076e-04
-1.1357e-03
-1.2078e-03
-9.2535e-04
-5.1046e-04
-2.2979e-04
-3.0824e-04
-7.0247e-04
-1.1504e-03
-1.2626e-03
-8.8673e-04
-2.5195e-04
3.1989e-04
5.2531e-04
2.7981e-04
-1.7907e-04
-5.6806e-04
-7.3350e-04
-5.9633e-04
-2.5318e-04
9.9220e-05
3.3840e-04
4.2056e-04
2.8629e-04
-1.1901e-06
-2.9888e-04
-4.7942e-04
-4.1780e-04
-1.4919e-04
1.6457e-04
3.7798e-04
3.7467e-04
1.8164e-04
-5.7057e-05
-2.1758e-04
-1.6473e-04
1.7694e-04
6.7415e-04
1.1229e-03
1.4138e-03
1.4321e-03
1.1415e-03
7.1254e-04
3.3945e-04
9.8008e-05
-5.5641e-05
-2.0561e-04
-2.9739e-04
-1.7352e-04
1.3811e-04
4.6309e-04
6.2866e-04
6.1071e-04
4.4373e-04
1.4963e-04
-2.3869e-04
-6.4723e-04
-9.5511e-04
-9.2436e-04
-5.5252e-04
-8.3111e-05
2.7644e-04
4.8830e-04
6.2133e-04
6.3263e-04
4.7549e-04
2.3389e-04
6.0979e-05
6.3731e-05
1.9110e-04
3.2164e-04
3.7937e-04
3.5025e-04
2.4315e-04
6.9243e-05
-1.2890e-04
-1.4676e-04
1.0827e-04
4.4643e-04
6.3436e-04
5.5969e-04
2.2492e-04
-2.8438e-04
-7.6266e-04
-8.4172e-04
-4.3850e-04
1.2218e-04
3.7721e-04
2.0853e-04
-1.2439e-04
-2.9923e-04
-1.9751e-04
1.0650e-04
4.8373e-04
7.3228e-04
5.7644e-04
4.0829e-05
-6.0408e-04
-1.0412e-03
-9.1129e-04
-3.1288e-04
2.3179e-04
3.5289e-04
4.1984e-05
-4.6878e-04
-9.2458e-04
-1.1178e-03
-9.9226e-04
-6.9283e-04
-3.8926e-04
-1.4497e-04
4.9602e-05
1.5718e-04
3.9363e-05
-2.6696e-04
-4.7588e-04
-3.2921e-04
3.8705e-05
2.2220e-04
5.1136e-05
-3.0064e-04
-5.4214e-04
-5.3273e-04
-2.9861e-04
3.2571e-06
2.3076e-04
3.5378e-04
4.2928e-04
5.2388e-04
6.5989e-04
7.8115e-04
7.8917e-04
6.0219e-04
3.1355e-04
1.7444e-04
3.1780e-04
5.9541e-04
7.8531e-04
7.4939e-04
5.1012e-04
2.0553e-04
-5.5264e-05
-2.3533e-04
-3.2096e-04
-2.5123e-04
4.4994e-06
4.1699e-04
8.9853e-04
1.1957e-03
1.0896e-03
6.6666e-04
2.1922e-04
-4.6652e-05
-1.8879e-04
-3.2728e-04
-3.0063e-04
4.9991e-06
3.7355e-04
5.6120e-04
5.1078e-04
3.0298e-04
3.5401e-05
-2.2048e-04
-3.3364e-04
-2.6376e-04
-1.3419e-04
-1.2000e-04
-2.0710e-04
-1.8230e-04
3.9655e-05
3.7392e-04
6.1349e-04
4.6659e-04
-5.8765e-05
-7.0301e-04
-1.2063e-03
-1.2062e-03
-6.5724e-04
1.4563e-05
4.2650e-04
4.6240e-04
3.1078e-04
2.7585e-04
4.5306e-04
6.5137e-04
6.0037e-04
2.3787e-04
-2.4930e-04
-5.8471e-04
-6.4970e-04
-5.5438e-04
-4.7056e-04
-4.4636e-04
-3.7218e-04
-1.7396e-04
7.9117e-05
3.2392e-04
5.5470e-04
6.8728e-04
5.3555e-04
8.7670e-05
-3.5565e-04
-4.8797e-04
-2.8317e-04
1.2524e-04
4.9135e-04
6.5950e-04
6.3392e-04
4.9860e-04
3.3240e-04
1.9501e-04
1.0157e-04
2.9273e-05
-5.5557e-05
-1.6944e-04
-2.8697e-04
-3.7486e-04
-4.6035e-04
-6.3568e-04
-8.8440e-04
-1.0851e-03
-1.1042e-03
-9.4186e-04
-7.2454e-04
-5.6971e-04
-5.1569e-04
-5.3209e-04
-5.5489e-04
-5.3864e-04
-4.6117e-04
-3.2506e-04
-7.3695e-05
3.1611e-04
6.5391e-04
7.8572e-04
7.3423e-04
5.9256e-04
3.5967e-04
7.8809e-05
-1.3464e-04
-2.2391e-04
-1.8239e-04
-7.5497e-05
1.2830e-05
4.1333e-05
2.5096e-05
4.7788e-06
5.5910e-06
2.7851e-05
4.4295e-05
-2.8617e-05
-2.4038e-04
-5.8027e-04
-9.0196e-04
-9.3963e-04
-6.5286e-04
-1.8477e-04
2.6351e-04
4.9790e-04
4.9824e-04
3.9180e-04
3.0014e-04
2.5597e-04
2.2234e-04
9.9952e-05
-1.4264e-04
-4.4666e-04
-7.0357e-04
-7.5131e-04
-5.8624e-04
-3.6812e-04
-2.3173e-04
-2.1143e-04
-2.5815e-04
-3.0229e-04
-3.1257e-04
-2.9374e-04
-2.6517e-04
-2.2588e-04
-1.6545e-04
-9.1764e-05
-2.0156e-05
4.2566e-05
1.0095e-04
1.6211e-04
2.2513e-04
2.7978e-04
2.9656e-04
2.0785e-04
2.8113e-06
-2.7326e-04
-4.7712e-04
-5.0199e-04
-3.6538e-04
-1.4785e-04
8.3881e-05
2.8132e-04
3.7932e-04
3.6775e-04
3.0117e-04
2.4481e-04
2.3065e-04
2.4704e-04
2.6326e-04
2.5077e-04
1.6751e-04
1.3577e-05
-1.5756e-04
-2.4538e-04
-1.6754e-04
1.1734e-04
5.3056e-04
9.1780e-04
1.0377e-03
6.4528e-04
1.9336e-05
-3.1807e-04
-1.6560e-04
2.5928e-04
6.4441e-04
8.3137e-04
8.2077e-04
7.1251e-04
5.9325e-04
5.0800e-04
4.6759e-04
4.5165e-04
4.5355e-04
5.1021e-04
6.2975e-04
7.8331e-04
8.9548e-04
8.4543e-04
6.1897e-04
3.1099e-04
7.6747e-05
3.7894e-05
2.0546e-04
4.4438e-04
6.1125e-04
6.0004e-04
4.3672e-04
2.4715e-04
1.2602e-04
1.0262e-04
1.4429e-04
1.8881e-04
1.9090e-04
1.4458e-04
7.6971e-05
1.5998e-05
-1.7721e-05
1.8727e-05
1.2661e-04
2.5409e-04
3.1169e-04
2.2552e-04
3.0070e-05
-1.9961e-04
-4.0430e-04
-5.5740e-04
-5.7494e-04
-4.2030e-04
-1.8343e-04
1.3936e-05
7.6706e-06
-2.5188e-04
-6.2798e-04
-9.3522e-04
-9.8460e-04
-7.8579e-04
-5.3862e-04
-3.9904e-04
-3.7780e-04
-3.9169e-04
-3.4371e-04
-1.8937e-04
5.8126e-06
1.2601e-04
1.3178e-04
3.7372e-05
-9.7861e-05
-1.8890e-04
-1.6817e-04
-7.7067e-05
-5.3591e-05
-1.6521e-04
-3.5011e-04
-5.1589e-04
-6.1818e-04
-6.1496e-04
-4.9455e-04
-3.2191e-04
-1.7000e-04
-6.4914e-05
1.2190e-05
7.1162e-05
5.3340e-05
-5.6576e-05
-2.0501e-04
-3.3600e-04
-4.1863e-04
-4.3514e-04
-3.7446e-04
-2.6163e-04
-1.4177e-04
-2.3896e-05
9.7417e-05
1.8777e-04
2.1363e-04
1.7216e-04
9.6532e-05
2.6763e-05
-2.0372e-05
-5.2505e-05
-8.5952e-05
-1.3139e-04
-1.6737e-04
-1.4575e-04
-6.9410e-05
2.1928e-05
8.8334e-05
1.1898e-04
1.3246e-04
1.5156e-04
1.8561e-04
2.2908e-04
2.4678e-04
1.9586e-04
7.7071e-05
-9.4164e-05
-2.2031e-04
-1.5219e-04
8.2471e-05
3.3857e-04
4.5008e-04
3.1858e-04
5.5280e-05
-1.3763e-04
-1.7368e-04
-9.0056e-05
2.7907e-05
1.2987e-04
2.0467e-04
2.6035e-04
2.6948e-04
1.9596e-04
8.6011e-05
9.8921e-06
-4.7199e-06
2.9030e-05
8.0665e-05
1.3241e-04
1.7487e-04
1.9961e-04
2.0728e-04
2.1033e-04
2.2009e-04
2.3900e-04
2.6229e-04
2.7775e-04
2.6544e-04
2.2574e-04
1.7674e-04
1.3148e-04
9.0432e-05
4.9934e-05
8.6237e-06
-3.0798e-05
-6.4792e-05
-6.9321e-05
-3.0287e-05
3.2140e-05
8.8031e-05
1.2452e-04
1.4661e-04
1.5102e-04
1.3543e-04
1.1521e-04
1.3813e-04
2.1783e-04
2.2893e-04
8.5255e-05
-1.6004e-04
-3.9690e-04
-4.6885e-04
-3.2043e-04
-6.3419e-05
1.5831e-04
2.7480e-04
2.1948e-04
-2.4607e-05
-3.2995e-04
-5.0896e-04
-4.6751e-04
-2.7796e-04
-7.9138e-05
4.4263e-05
9.1294e-05
7.1402e-05
-9.7298e-06
-1.1725e-04
-2.1198e-04
-2.5505e-04
-2.0239e-04
-7.8864e-05
5.0425e-05
1.3309e-04
1.5337e-04
6.4611e-05
-1.3506e-04
-3.7307e-04
-5.5595e-04
-5.4096e-04
-3.1519e-04
-3.6497e-05
1.3992e-04
1.6679e-04
2.8137e-05
-2.0172e-04
-3.5905e-04
-3.3497e-04
-1.8087e-04
-1.7904e-05
5.5620e-05
1.6208e-05
-6.7663e-05
-9.7319e-05
-4.1628e-05
5.9156e-05
1.3229e-04
1.3078e-04
7.4444e-05
1.7585e-05
-1.4549e-06
1.4483e-05
4.0071e-05
5.4099e-05
4.9750e-05
3.1625e-05
-1.2651e-05
-1.0153e-04
-2.1969e-04
-3.0959e-04
-2.9164e-04
-1.7771e-04
-5.9456e-05
-3.4561e-06
-4.5704e-06
-1.8290e-05
-3.6434e-06
4.7410e-05
1.1132e-04
1.2374e-04
4.9796e-05
-7.1399e-05
-1.8245e-04
-2.3288e-04
-1.9591e-04
-1.1142e-04
-6.5291e-05
-1.0976e-04
-2.1212e-04
-2.9186e-04
-2.9900e-04
-2.2633e-04
-1.1210e-04
-1.7791e-05
2.3102e-05
2.6680e-05
3.9923e-05
1.0721e-04
2.2649e-04
3.6763e-04
5.0043e-04
6.0150e-04
5.8894e-04
3.9664e-04
9.6773e-05
-1.5489e-04
-2.4244e-04
-1.0866e-04
1.8337e-04
4.4747e-04
5.5230e-04
5.1685e-04
3.9587e-04
2.4552e-04
9.8232e-05
-3.4104e-05
-1.0772e-04
-8.0477e-05
3.3792e-05
2.1340e-04
4.1163e-04
5.6456e-04
6.0681e-04
5.1326e-04
3.4526e-04
2.0886e-04
1.4674e-04
1.3226e-04
1.5627e-04
2.4786e-04
3.8487e-04
4.9166e-04
4.6246e-04
2.9235e-04
1.0186e-04
-2.0223e-05
-7.0363e-05
-7.1420e-05
-2.9091e-05
4.0100e-05
1.1158e-04
1.7014e-04
2.1740e-04
2.6299e-04
3.1163e-04
3.2470e-04
2.4175e-04
6.3665e-05
-1.6707e-04
-3.8182e-04
-4.9681e-04
-4.8104e-04
-3.9072e-04
-2.9901e-04
-2.2517e-04
-1.6158e-04
-1.0902e-04
-7.0048e-05
-4.5126e-05
-2.9097e-05
-1.2470e-05
9.6722e-06
2.8786e-05
2.1754e-05
-2.0286e-05
-1.0651e-04
-2.2517e-04
-3.2665e-04
-3.7754e-04
-3.9266e-04
-3.9201e-04
-3.2948e-04
-1.8376e-04
2.5128e-06
1.3306e-04
3.7293e-05
-2.3447e-04
-4.8398e-04
-6.1575e-04
-6.6701e-04
-7.1242e-04
-7.1141e-04
-5.4149e-04
-2.6507e-04
-4.1411e-05
3.1080e-05
-6.9005e-05
-2.0876e-04
-2.5116e-04
-1.8497e-04
-1.1321e-04
-1.2596e-04
-2.1566e-04
-3.0965e-04
-3.0285e-04
-1.5225e-04
4.8983e-05
1.9877e-04
2.4474e-04
1.5725e-04
-1.9888e-05
-2.0691e-04
-2.8550e-04
-1.6262e-04
6.4048e-05
2.4613e-04
3.2611e-04
3.1987e-04
2.6787e-04
1.9262e-04
1.1072e-04
2.0883e-05
-7.5725e-05
-1.2548e-04
-8.2381e-05
2.1219e-05
1.2659e-04
2.0748e-04
2.7047e-04
3.2642e-04
3.6928e-04
3.9914e-04
4.0057e-04
3.3273e-04
1.9528e-04
2.5952e-05
-1.1311e-04
-1.8136e-04
-1.7664e-04
-1.1062e-04
-2.4838e-05
5.0592e-05
1.2653e-04
1.8844e-04
9.2422e-05
-1.6733e-04
-3.9202e-04
-4.6484e-04
-3.8530e-04
-2.3570e-04
-1.0894e-04
-4.0260e-05
-6.9791e-06
6.6989e-05
2.5687e-04
3.9010e-04
1.8307e-04
-1.8627e-04
-4.2937e-04
-3.8123e-04
-1.0868e-04
1.9763e-04
3.9139e-04
3.9406e-04
1.2229e-04
-2.8757e-04
-5.7136e-04
-6.1805e-04
-4.7175e-04
-2.7971e-04
-1.6219e-04
-1.3966e-04
-1.5931e-04
-1.5469e-04
-8.9026e-05
2.3129e-05
1.5920e-04
3.2008e-04
3.8876e-04
1.5893e-04
-2.3804e-04
-5.4158e-04
-6.6339e-04
-6.3675e-04
-4.7803e-04
-2.5665e-04
-5.4633e-05
1.0251e-04
2.3555e-04
3.1761e-04
2.8041e-04
1.5650e-04
4.1014e-05
-1.2112e-05
-8.6596e-06
3.8544e-05
1.0491e-04
1.6231e-04
2.0281e-04
2.3844e-04
2.7851e-04
2.6144e-04
9.1633e-05
-1.8822e-04
-4.5171e-04
-6.3238e-04
-6.6615e-04
-4.1890e-04
4.2352e-05
4.5579e-04
6.5240e-04
6.1776e-04
4.3814e-04
2.5437e-04
1.5344e-04
1.5248e-04
2.2052e-04
2.8080e-04
2.6387e-04
1.7433e-04
6.3237e-05
-2.5891e-05
-8.2709e-05
-1.2036e-04
-1.1182e-04
-6.0499e-07
1.8893e-04
3.8911e-04
5.2256e-04
4.9881e-04
3.3990e-04
1.5384e-04
6.4392e-05
1.2839e-04
2.8116e-04
4.1563e-04
4.0779e-04
2.2443e-04
-3.7858e-05
-2.1776e-04
-1.9936e-04
-3.9768e-05
1.0345e-04
1.2995e-04
6.1396e-05
-1.2963e-05
-2.8534e-05
1.3752e-05
7.4249e-05
1.0692e-04
9.6708e-05
6.9013e-05
6.6415e-05
1.0199e-04
1.4196e-04
1.2057e-04
2.6031e-05
-9.5151e-05
-1.8312e-04
-1.8039e-04
-8.5122e-05
2.4290e-05
8.1045e-05
6.8413e-05
-4.2157e-06
-9.5963e-05
-1.6593e-04
-2.0293e-04
-2.2323e-04
-2.4635e-04
-2.7582e-04
-3.0732e-04
-3.3663e-04
-3.4137e-04
-2.9173e-04
-1.9804e-04
-8.1889e-05
3.7722e-05
1.2009e-04
2.2908e-05
-2.8271e-04
-5.7230e-04
-6.1393e-04
-4.0038e-04
-4.5448e-05
2.9178e-04
4.3890e-04
3.5757e-04
1.5457e-04
-2.7929e-05
-1.0971e-04
-1.0606e-04
-6.9738e-05
-4.6092e-05
-5.4849e-05
-8.3543e-05
-1.0251e-04
-8.3432e-05
1.7468e-05
1.7764e-04
2.0442e-04
-9.2638e-06
-3.4457e-04
-5.9513e-04
-6.8321e-04
-6.2331e-04
-4.1884e-04
-1.5746e-04
2.3723e-05
7.6935e-05
5.5063e-05
1.7058e-05
1.6231e-07
1.2854e-05
4.0172e-05
5.8251e-05
5.2556e-05
2.8101e-05
-7.3106e-06
-7.4452e-05
-1.8111e-04
-2.8826e-04
-2.8663e-04
-1.4168e-04
6.8514e-05
2.3534e-04
3.0883e-04
3.1806e-04
2.9948e-04
2.8014e-04
2.7648e-04
2.8777e-04
3.0093e-04
3.0186e-04
2.8810e-04
2.5627e-04
1.6277e-04
-4.6619e-06
-2.0442e-04
-3.7513e-04
-3.6847e-04
-1.3727e-04
1.5456e-04
2.8963e-04
2.2036e-04
1.7851e-05
-1.7976e-04
-2.6497e-04
-2.0987e-04
-5.7493e-05
1.0556e-04
2.2371e-04
3.0041e-04
3.6725e-04
4.1893e-04
3.5194e-04
1.4384e-04
-6.2164e-05
-1.2747e-04
-6.4053e-05
3.5637e-05
9.8722e-05
1.0906e-04
9.2443e-05
7.6602e-05
6.9285e-05
4.7224e-05
-1.3597e-05
-9.9822e-05
-1.6972e-04
-2.0261e-04
-2.1272e-04
-2.2061e-04
-2.0921e-04
-1.6275e-04
-8.2667e-05
4.2557e-05
2.0326e-04
3.5492e-04
3.9636e-04
3.0381e-04
1.7782e-04
1.1976e-04
1.6199e-04
2.6632e-04
3.6829e-04
4.2391e-04
4.2904e-04
3.9892e-04
3.2497e-04
2.0843e-04
5.8666e-05
-1.0285e-04
-2.4682e-04
-3.0910e-04
-2.4446e-04
-9.3848e-05
5.7598e-05
1.5923e-04
2.1240e-04
1.9958e-04
1.1665e-04
2.0146e-05
-3.0753e-05
-3.0293e-05
-2.8434e-07
3.2753e-05
5.0873e-05
5.3064e-05
5.0177e-05
5.3495e-05
6.6326e-05
9.5811e-05
1.6576e-04
2.3783e-04
1.8738e-04
-1.1069e-05
-2.6859e-04
-4.5671e-04
-4.8803e-04
-3.7429e-04
-2.0970e-04
-4.3001e-05
1.2866e-04
3.0348e-04
4.2849e-04
3.9357e-04
1.9289e-04
-5.0435e-05
-2.2391e-04
-3.1055e-04
-3.3882e-04
-3.2605e-04
-2.8667e-04
-2.4539e-04
-2.1547e-04
-1.8927e-04
-1.5587e-04
-1.1172e-04
-6.0946e-05
-1.5006e-05
1.9827e-05
4.7517e-05
7.5094e-05
1.0617e-04
1.3718e-04
1.6227e-04
1.8139e-04
1.9841e-04
2.1666e-04
2.3670e-04
2.5730e-04
2.7731e-04
2.9511e-04
2.9943e-04
2.8357e-04
2.4164e-04
1.5352e-04
2.8032e-05
-1.0812e-04
-2.3526e-04
-3.4632e-04
-3.9922e-04
-3.4897e-04
-2.3060e-04
-9.9149e-05
3.3767e-05
1.6763e-04
2.3433e-04
1.3614e-04
-7.7769e-05
-2.4592e-04
-2.7589e-04
-1.8772e-04
-6.2615e-05
2.5474e-05
5.1545e-05
4.0511e-05
3.2269e-05
3.6564e-05
-1.0225e-05
-1.4056e-04
-2.7738e-04
-3.1137e-04
-2.4094e-04
-1.3821e-04
-7.0563e-05
-1.0257e-04
-2.5264e-04
-4.3106e-04
-4.9259e-04
-4.0665e-04
-2.5559e-04
-1.2953e-04
-6.1856e-05
-4.1428e-05
-7.5598e-05
-1.3701e-04
-1.7886e-04
-1.8607e-04
-1.6963e-04
-1.4533e-04
-1.2711e-04
-1.1932e-04
-1.1395e-04
-1.0231e-04
-8.3119e-05
-5.3727e-05
1.3436e-05
1.1950e-04
1.7623e-04
1.2118e-04
2.1800e-05
-2.8379e-05
4.2049e-06
8.6643e-05
1.6646e-04
1.8934e-04
1.1053e-04
-1.8924e-07
-5.7466e-05
-4.8281e-05
-9.2750e-06
2.2180e-05
3.0615e-05
2.2378e-05
1.2304e-05
1.0313e-05
1.5793e-05
2.2233e-05
2.6477e-05
5.3954e-05
1.4288e-04
2.8064e-04
4.0701e-04
3.9743e-04
2.2079e-04
-2.9068e-05
-2.4937e-04
-3.7784e-04
-3.1242e-04
-5.7223e-05
2.5816e-04
5.1812e-04
6.4245e-04
5.5363e-04
3.1842e-04
8.8197e-05
-2.7764e-05
-3.7892e-05
1.1798e-05
1.0306e-04
2.0408e-04
2.8408e-04
3.3173e-04
3.2542e-04
2.4517e-04
1.2395e-04
-6.0229e-06
-1.5755e-04
-3.3563e-04
-5.1384e-04
-5.5759e-04
-3.8838e-04
-1.1070e-04
1.1327e-04
2.2294e-04
2.6081e-04
2.7171e-04
2.1402e-04
6.7170e-05
-1.0812e-04
-2.4896e-04
-3.2064e-04
-3.0061e-04
-1.7666e-04
5.7780e-05
4.0518e-04
7.9102e-04
9.6200e-04
6.9483e-04
1.2656e-04
-4.5669e-04
-7.9801e-04
-6.7294e-04
-1.8228e-04
3.5251e-04
5.6789e-04
3.3059e-04
-1.4371e-04
-4.9951e-04
-4.7999e-04
-1.6517e-04
1.4480e-04
1.7630e-04
-6.0906e-05
-3.8019e-04
-5.7767e-04
-4.6193e-04
-6.2559e-05
4.0935e-04
6.5850e-04
4.7482e-04
2.1041e-05
-3.3925e-04
-4.2512e-04
-3.1487e-04
-1.3395e-04
3.7726e-05
1.5689e-04
2.2605e-04
2.5375e-04
2.5163e-04
2.1330e-04
1.4280e-04
6.4247e-05
-8.8936e-08
-4.5483e-05
-8.4481e-05
-1.3220e-04
-1.9319e-04
-2.6101e-04
-3.2120e-04
-3.6551e-04
-3.8764e-04
-3.7520e-04
-3.1485e-04
-2.0562e-04
-1.6850e-05
2.0180e-04
2.5111e-04
9.3437e-05
-1.0544e-04
-1.8888e-04
-1.0987e-04
5.4271e-05
2.0094e-04
2.4889e-04
1.5324e-04
-1.9945e-06
-1.0473e-04
-1.0682e-04
-3.5508e-05
4.5356e-05
8.3907e-05
5.4504e-05
-2.4020e-05
-1.2335e-04
-2.1346e-04
-2.5819e-04
-2.1469e-04
-9.3661e-05
3.3524e-05
1.1167e-04
1.4239e-04
1.4948e-04
1.4709e-04
1.4773e-04
1.5752e-04
1.7302e-04
1.8377e-04
1.8397e-04
1.7642e-04
1.5529e-04
1.0330e-04
2.8986e-05
-4.4246e-05
-6.6809e-05
3.9006e-07
1.2362e-04
2.2535e-04
2.6114e-04
2.1368e-04
4.6038e-05
-1.8244e-04
-3.5063e-04
-3.8003e-04
-2.3952e-04
-1.0652e-05
1.9175e-04
2.5320e-04
1.5281e-04
-1.2905e-05
-1.4027e-04
-1.7583e-04
-1.1261e-04
-6.2846e-06
7.2479e-05
8.2526e-05
4.1238e-05
-6.4651e-06
-3.0029e-05
-3.6393e-05
-5.7921e-05
-1.0642e-04
-1.5919e-04
-1.7427e-04
-1.4583e-04
-9.8454e-05
-7.8414e-05
-1.3387e-04
-2.4908e-04
-3.7328e-04
-4.6717e-04
-4.8315e-04
-4.0168e-04
-2.6796e-04
-1.3860e-04
-4.3407e-05
-6.7891e-06
-4.0549e-05
-1.0699e-04
-1.4107e-04
-1.0344e-04
-1.7166e-05
7.0589e-05
1.3149e-04
1.5979e-04
1.1319e-04
-2.0281e-05
-1.9594e-04
-3.6276e-04
-4.3992e-04
-3.5110e-04
-1.4962e-04
5.5812e-05
1.7408e-04
1.5999e-04
6.9903e-05
-1.4856e-06
-7.0031e-06
3.9028e-05
1.0156e-04
1.5123e-04
1.6802e-04
1.4522e-04
1.0244e-04
6.6969e-05
5.3037e-05
5.5048e-05
6.4195e-05
7.8571e-05
9.4681e-05
1.0846e-04
1.1806e-04
1.2505e-04
1.2754e-04
1.2006e-04
1.0502e-04
8.8372e-05
6.7654e-05
3.7304e-05
2.0656e-06
-4.4958e-06
4.4089e-05
1.2763e-04
1.8397e-04
1.5559e-04
6.0278e-05
-4.4622e-05
-9.4730e-05
-5.1571e-05
5.0552e-05
1.4417e-04
1.6032e-04
9.2872e-05
-5.5418e-06
-8.1415e-05
-9.5945e-05
-4.5431e-05
3.0973e-05
8.4756e-05
8.7614e-05
5.3165e-05
6.9975e-06
-3.2258e-05
-5.9412e-05
-8.6100e-05
-1.0507e-04
-9.7981e-05
-7.0344e-05
-4.7617e-05
-5.2840e-05
-8.6164e-05
-1.3343e-04
-1.7777e-04
-1.9767e-04
-1.7013e-04
-1.1082e-04
-5.6462e-05
-2.6545e-05
-1.3589e-05
2.8191e-06
3.3971e-05
7.6122e-05
1.0216e-04
7.9993e-05
1.9014e-05
-4.3447e-05
-7.7050e-05
-8.3369e-05
-8.2129e-05
-8.2059e-05
-7.5386e-05
-6.0184e-05
-4.2040e-05
-2.9485e-05
-2.4926e-05
-2.3812e-05
-2.0954e-05
-2.7418e-05
-7.1520e-05
-1.3437e-04
-1.7482e-04
-1.7572e-04
-1.3468e-04
-7.2339e-05
-2.4302e-05
-8.5002e-06
-1.3655e-05
-2.3976e-05
-3.5013e-05
-4.4539e-05
-4.8412e-05
-4.4687e-05
-2.5953e-05
1.5668e-05
7.1223e-05
1.1878e-04
1.1530e-04
5.3315e-05
-2.6476e-05
-8.2172e-05
-9.5673e-05
-8.1764e-05
-6.7623e-05
-6.6884e-05
-7.6165e-05
-8.6609e-05
-9.1239e-05
-8.0483e-05
-5.1655e-05
-1.4429e-05
2.0017e-05
4.7437e-05
6.9937e-05
8.7611e-05
1.0037e-04
1.1132e-04
1.1586e-04
9.7605e-05
5.7235e-05
9.8171e-06
-3.1185e-05
-5.5625e-05
-6.2100e-05
-6.0809e-05
-5.4589e-05
-3.7936e-05
-1.2943e-05
1.3770e-05
3.6287e-05
5.0208e-05
5.7688e-05
6.4642e-05
7.4976e-05
8.8886e-05
1.0606e-04
1.2528e-04
1.4441e-04
1.6205e-04
1.7547e-04
1.8150e-04
1.8257e-04
1.8357e-04
1.8828e-04
1.9748e-04
2.0866e-04
2.1842e-04
2.2108e-04
2.1452e-04
2.0341e-04
1.9347e-04
1.8680e-04
1.8138e-04
1.7467e-04
1.6593e-04
1.5531e-04
1.4344e-04
1.3135e-04
1.1922e-04
9.9027e-05
5.1728e-05
-2.9852e-05
-1.0063e-04
-1.1490e-04
-7.8362e-05
-2.8621e-05
5.4933e-06
2.0995e-05
2.9674e-05
4.0947e-05
5.3606e-05
6.5225e-05
7.5254e-05
8.2505e-05
8.6828e-05
8.9778e-05
9.2834e-05
9.5556e-05
9.6793e-05
9.6761e-05
9.7266e-05
9.9761e-05
1.0377e-04
1.0797e-04
1.1209e-04
1.2168e-04
1.4119e-04
1.7446e-04
2.2369e-04
2.7881e-04
2.9858e-04
2.4698e-04
1.4836e-04
5.9368e-05
1.7622e-05
2.0699e-05
5.0264e-05
8.0247e-05
9.2896e-05
8.7713e-05
7.6609e-05
7.0900e-05
7.2701e-05
7.7848e-05
8.1975e-05
8.3419e-05
8.5691e-05
9.4416e-05
1.0912e-04
1.2106e-04
1.0531e-04
5.5181e-05
3.3889e-07
-2.2876e-05
-1.2768e-05
7.8362e-06
1.1961e-05
-1.0944e-05
-4.6979e-05
-7.7333e-05
-9.4947e-05
-1.0385e-04
-1.0968e-04
-1.1015e-04
-9.5137e-05
-6.6913e-05
-3.5889e-05
-1.1198e-05
5.1346e-06
1.7851e-05
3.2041e-05
4.4028e-05
4.6263e-05
3.9956e-05
3.2099e-05
2.8997e-05
3.1248e-05
3.6001e-05
4.3156e-05
5.2753e-05
6.2832e-05
6.8919e-05
6.8927e-05
6.5701e-05
6.1392e-05
5.3843e-05
4.3137e-05
3.6309e-05
4.0592e-05
5.3344e-05
6.7240e-05
7.8091e-05
8.6150e-05
9.2930e-05
9.4865e-05
8.9955e-05
7.6605e-05
3.4466e-05
-4.0916e-05
-1.1693e-04
-1.6007e-04
-1.5165e-04
-1.0442e-04
-4.7285e-05
-8.9656e-09
2.0509e-05
-1.3802e-05
-9.1381e-05
-1.5882e-04
-1.7888e-04
-1.2770e-04
-3.5054e-05
2.5431e-05
1.3278e-06
-9.6136e-05
-1.9378e-04
-1.9989e-04
-1.0601e-04
2.5180e-05
1.2614e-04
1.2289e-04
1.0527e-05
-1.2023e-04
-1.8284e-04
-1.5974e-04
-8.9994e-05
-2.6667e-05
1.9329e-06
-1.5013e-05
-6.9026e-05
-1.3535e-04
-1.8967e-04
-2.1620e-04
-2.1968e-04
-2.0914e-04
-1.7758e-04
-1.3111e-04
-9.9442e-05
-1.0710e-04
-1.5240e-04
-1.9951e-04
-2.1920e-04
-2.0810e-04
-1.8040e-04
-1.5328e-04
-1.2839e-04
-1.0098e-04
-7.1588e-05
-4.5595e-05
-2.4659e-05
-1.1389e-05
-8.7700e-06
-1.8482e-05
-5.0041e-05
-9.6461e-05
-1.3889e-04
-1.5081e-04
-7.3206e-05
8.7613e-05
2.4805e-04
3.3068e-04
3.0133e-04
2.0074e-04
9.5623e-05
1.5473e-05
-4.9297e-05
-1.1565e-04
-1.8186e-04
-2.2502e-04
-2.1993e-04
-1.7291e-04
-1.0873e-04
-5.0069e-05
-8.8993e-06
1.1149e-05
2.0641e-05
2.8534e-05
1.5429e-05
-2.9753e-05
-9.4256e-05
-1.5554e-04
-1.8395e-04
-1.6905e-04
-1.2705e-04
-8.3596e-05
-5.0117e-05
-2.4073e-05
-4.4669e-06
-7.7229e-06
-3.6886e-05
-6.8289e-05
-6.5621e-05
-2.4040e-05
2.6375e-05
5.0354e-05
3.9999e-05
-2.6399e-06
-5.6707e-05
-8.8997e-05
-9.2448e-05
-8.2160e-05
-7.3028e-05
-7.1459e-05
-7.6350e-05
-8.4099e-05
-9.1523e-05
-9.6759e-05
-9.9955e-05
-1.0274e-04
-1.0647e-04
-1.1137e-04
-1.1686e-04
-1.2227e-04
-1.2547e-04
-1.0970e-04
-6.5608e-05
-1.6159e-05
9.3269e-06
8.9130e-06
-3.8851e-07
-3.9393e-06
7.4858e-08
6.8657e-06
1.1512e-05
9.7802e-06
1.1256e-06
-1.0587e-05
-1.9876e-05
-2.0417e-05
-1.2333e-05
-1.8465e-06
5.1763e-06
7.6864e-06
8.2215e-06
8.5010e-06
7.1387e-06
3.7997e-06
-3.0829e-07
-4.2249e-06
-8.6547e-06
-1.4078e-05
-1.7037e-05
-1.3431e-05
-4.8085e-06
4.5089e-06
1.1968e-05
2.0437e-05
3.3841e-05
5.1545e-05
6.6681e-05
5.8799e-05
2.1985e-05
-2.9022e-05
-8.1814e-05
-1.3125e-04
-1.7176e-04
-1.9986e-04
-2.2140e-04
-2.3431e-04
-2.2286e-04
-1.9022e-04
-1.5156e-04
-1.1560e-04
-8.3058e-05
-5.5949e-05
-4.4375e-05
-4.7924e-05
-5.5784e-05
-5.4501e-05
-2.7681e-05
2.0094e-05
6.8695e-05
1.0679e-04
1.3811e-04
1.7067e-04
2.1278e-04
2.4662e-04
1.6600e-04
-2.1991e-05
-2.0701e-04
-2.6716e-04
-1.6154e-04
2.3449e-05
1.7507e-04
2.4816e-04
2.5440e-04
2.3264e-04
1.8719e-04
1.0355e-04
3.0439e-06
-8.3524e-05
-1.1839e-04
-9.5804e-05
-3.2347e-05
5.3282e-05
1.4229e-04
2.3164e-04
3.1971e-04
3.5424e-04
2.7746e-04
1.2252e-04
-3.7869e-05
-1.4216e-04
-1.0517e-04
7.3032e-05
2.9411e-04
4.5589e-04
4.9890e-04
3.4918e-04
6.1614e-05
-2.0731e-04
-3.3937e-04
-2.8001e-04
-1.0625e-04
6.6711e-05
1.9175e-04
2.7547e-04
3.0402e-04
2.5263e-04
1.0492e-04
-8.4475e-05
-2.0063e-04
-1.8300e-04
-7.7326e-05
2.8071e-05
8.0682e-05
8.6085e-05
6.6593e-05
2.1928e-05
-3.8008e-05
-9.2952e-05
-1.3257e-04
-1.3628e-04
-6.6488e-05
5.8169e-05
1.8796e-04
2.6750e-04
2.5900e-04
1.8647e-04
1.0649e-04
5.8070e-05
4.7390e-05
5.9418e-05
7.4423e-05
7.8590e-05
7.0386e-05
5.5387e-05
2.7014e-05
-2.0348e-05
-7.8529e-05
-1.3736e-04
-1.9042e-04
-2.1084e-04
-1.6371e-04
-7.3126e-05
1.0255e-05
6.1604e-05
7.4611e-05
4.8946e-05
-3.6887e-06
-8.2245e-05
-1.7224e-04
-2.2950e-04
-2.3294e-04
-1.9357e-04
-1.3405e-04
-8.1482e-05
-5.2958e-05
-4.5346e-05
-6.1052e-05
-1.0360e-04
-1.5823e-04
-2.0483e-04
-2.3380e-04
-2.2807e-04
-1.7844e-04
-1.0683e-04
-4.0965e-05
7.9032e-06
4.5771e-05
6.8879e-05
3.1216e-05
-5.5961e-05
-1.1955e-04
-1.1589e-04
-5.7778e-05
9.5711e-06
5.1305e-05
6.4177e-05
6.3062e-05
5.1841e-05
3.2422e-05
1.1942e-05
-1.5627e-06
-4.1151e-06
-6.5797e-07
1.8549e-06
7.1584e-06
2.4383e-05
5.1732e-05
7.5919e-05
8.5230e-05
8.2461e-05
7.7708e-05
7.6453e-05
7.4809e-05
6.9075e-05
5.9965e-05
5.1585e-05
4.6487e-05
4.3948e-05
4.7185e-05
6.2563e-05
8.7090e-05
1.1197e-04
1.2385e-04
1.1773e-04
1.0313e-04
9.3401e-05
9.3676e-05
1.0000e-04
1.0543e-04
1.0206e-04
8.7918e-05
7.2184e-05
6.5340e-05
6.7930e-05
7.5264e-05
9.3477e-05
1.2626e-04
1.6637e-04
2.0502e-04
2.1657e-04
1.0483e-04
-7.6235e-05
-1.9312e-04
-1.6394e-04
-6.6133e-06
1.7511e-04
2.6967e-04
2.5712e-04
1.9146e-04
1.2506e-04
8.5796e-05
7.2444e-05
6.9184e-05
6.0652e-05
4.0265e-05
1.1154e-05
-1.9544e-05
-4.6801e-05
-6.5617e-05
-7.0125e-05
-6.4681e-05
-5.2460e-05
-2.3691e-05
1.4968e-05
4.8697e-05
7.1432e-05
7.7624e-05
6.9258e-05
5.7235e-05
5.0762e-05
5.4428e-05
6.5749e-05
7.7179e-05
8.1985e-05
7.6706e-05
5.0311e-05
2.8657e-06
-4.3077e-05
-6.5256e-05
-6.5538e-05
-5.5723e-05
-4.3848e-05
-3.4981e-05
-2.9983e-05
-2.6261e-05
-2.0864e-05
-1.2836e-05
-1.2385e-05
-4.1567e-05
-9.4189e-05
-1.3723e-04
-1.5216e-04
-1.3323e-04
-8.8769e-05
-3.9379e-05
8.7194e-07
3.0529e-05
4.9161e-05
5.5338e-05
4.9752e-05
3.1880e-05
1.1984e-05
6.2896e-06
1.6500e-05
3.3593e-05
5.2521e-05
7.1394e-05
8.6875e-05
8.0233e-05
4.4018e-05
-5.1268e-06
-3.9410e-05
-4.7631e-05
-4.1249e-05
-3.3374e-05
-2.5346e-05
-1.6669e-05
-7.5654e-06
8.0475e-06
4.4150e-05
9.7959e-05
1.4376e-04
1.6262e-04
1.4286e-04
9.2163e-05
3.6882e-05
-5.9795e-08
-1.6854e-05
-2.6851e-05
-4.3477e-05
-7.1071e-05
-9.4076e-05
-8.4867e-05
-4.5060e-05
1.3057e-06
3.3746e-05
4.8341e-05
3.8882e-05
8.0031e-06
-2.7435e-05
-4.4520e-05
-3.4678e-05
-4.6209e-06
3.5503e-05
7.4174e-05
9.8302e-05
9.3278e-05
6.6010e-05
3.5633e-05
1.4502e-05
2.9142e-06
-5.7506e-06
-1.7098e-05
-2.8391e-05
-3.5655e-05
-3.9455e-05
-4.1817e-05
-4.3103e-05
-4.3564e-05
-4.3734e-05
-4.3970e-05
-4.4294e-05
-4.4633e-05
-5.4752e-05
-9.2929e-05
-1.3322e-04
-1.1703e-04
-4.6942e-05
2.1348e-05
5.1531e-05
4.4870e-05
1.4205e-05
-2.1835e-05
-4.8906e-05
-6.4765e-05
-7.4475e-05
-8.1283e-05
-8.8042e-05
-9.6024e-05
-9.7858e-05
-8.8727e-05
-7.2872e-05
-5.6980e-05
-4.5590e-05
-4.7304e-05
-6.3839e-05
-8.6288e-05
-1.0457e-04
-1.0581e-04
-8.4485e-05
-5.1641e-05
-2.3946e-05
-1.5812e-05
-2.5857e-05
-4.0881e-05
-4.9810e-05
-5.0675e-05
-5.1376e-05
-6.0980e-05
-7.9549e-05
-9.7939e-05
-9.4568e-05
-6.2994e-05
-2.0469e-05
5.1099e-06
3.9884e-06
-1.1160e-05
-2.3415e-05
-2.5105e-05
-1.8519e-05
-4.3374e-06
1.9349e-05
4.8049e-05
7.2864e-05
8.7298e-05
9.0715e-05
7.3196e-05
3.4345e-05
-4.7915e-06
-2.1094e-05
-1.5421e-05
-3.7818e-06
3.0719e-06
9.5634e-06
2.1129e-05
3.7104e-05
4.8236e-05
4.5449e-05
3.2172e-05
1.7647e-05
7.4408e-06
1.1788e-06
-4.2241e-06
-6.3243e-06
3.6341e-06
2.4330e-05
4.7609e-05
6.7277e-05
7.7469e-05
6.7074e-05
3.8762e-05
1.1165e-05
1.9260e-06
9.6913e-06
2.1776e-05
2.7876e-05
2.5385e-05
1.5084e-05
8.3428e-07
-1.2442e-05
-2.2438e-05
-3.0023e-05
-3.7251e-05
-4.4206e-05
-4.9852e-05
-5.4402e-05
-5.7912e-05
-5.9349e-05
-5.5597e-05
-3.8507e-05
-8.7330e-06
2.1827e-05
3.9889e-05
4.5429e-05
4.5374e-05
4.3839e-05
4.3422e-05
4.4832e-05
3.8590e-05
5.6952e-06
-4.2410e-05
-8.2799e-05
-1.0628e-04
-1.0665e-04
-8.7981e-05
-6.5177e-05
-5.1400e-05
-5.6809e-05
-7.8715e-05
-1.0399e-04
-1.2005e-04
-1.2344e-04
-1.1999e-04
-1.1213e-04
-9.8867e-05
-8.2858e-05
-6.9518e-05
-6.2235e-05
-5.2095e-05
-2.2243e-05
2.6539e-05
7.8276e-05
9.9576e-05
7.6761e-05
1.5656e-05
-6.1612e-05
-1.1470e-04
-1.2294e-04
-8.4983e-05
-2.7184e-05
1.7396e-05
3.6955e-05
3.4558e-05
1.2423e-05
-1.7270e-05
-4.0898e-05
-5.1718e-05
-5.3573e-05
-5.4732e-05
-5.9213e-05
-6.6640e-05
-6.9891e-05
-5.5886e-05
-2.5434e-05
5.9358e-06
2.2127e-05
1.5426e-05
-1.2099e-05
-4.1177e-05
-5.4359e-05
-5.1991e-05
-4.0989e-05
-2.3083e-05
-2.4242e-06
1.4520e-05
1.6717e-05
2.8260e-06
-1.6783e-05
-3.1531e-05
-3.8469e-05
-4.1311e-05
-3.7925e-05
-1.7280e-05
1.6801e-05
4.3304e-05
4.9712e-05
4.2722e-05
3.5575e-05
3.5324e-05
4.0100e-05
4.5194e-05
4.5801e-05
3.5445e-05
1.4805e-05
-6.3750e-06
-1.9127e-05
-2.4878e-05
-3.0743e-05
-3.9288e-05
-4.4183e-05
-4.1655e-05
-3.4695e-05
-2.9366e-05
-2.8906e-05
-3.0487e-05
-1.7243e-05
2.2556e-05
6.7085e-05
9.1101e-05
9.3494e-05
8.4127e-05
6.9442e-05
5.5289e-05
4.4532e-05
3.4280e-05
1.9674e-05
2.5873e-07
-1.6500e-05
-2.1013e-05
-1.4916e-05
-6.4126e-06
-1.6141e-06
-1.2403e-06
-2.0168e-06
-1.3295e-07
5.1659e-06
1.2161e-05
1.8852e-05
2.4477e-05
3.0841e-05
4.0323e-05
5.1822e-05
5.8017e-05
5.5056e-05
4.6852e-05
4.1023e-05
4.9268e-05
7.3523e-05
1.0213e-04
1.1970e-04
1.2261e-04
1.1045e-04
8.0357e-05
4.0821e-05
7.7954e-06
-9.8478e-06
-1.5986e-05
-9.3888e-06
9.1130e-06
3.1202e-05
5.0251e-05
6.6225e-05
8.2080e-05
9.9738e-05
1.1876e-04
1.3794e-04
1.5526e-04
1.6979e-04
1.8255e-04
1.9105e-04
1.9015e-04
1.8143e-04
1.6476e-04
1.3910e-04
1.0881e-04
7.9149e-05
5.1242e-05
2.3327e-05
-4.5640e-06
-1.9376e-05
-1.2308e-05
6.5975e-06
1.9608e-05
1.9259e-05
1.0770e-05
2.9440e-06
1.2177e-06
1.3998e-05
4.7675e-05
8.9464e-05
1.1163e-04
1.0511e-04
8.1283e-05
4.7873e-05
1.1530e-05
-1.5736e-05
-2.9395e-05
-3.6448e-05
-4.2654e-05
-4.0375e-05
-2.5787e-05
-5.2129e-06
6.2714e-06
-5.0504e-06
-3.2234e-05
-5.5047e-05
-6.2200e-05
-5.7955e-05
-5.1398e-05
-3.9546e-05
-1.9012e-05
2.8037e-06
1.8907e-05
2.9669e-05
4.0817e-05
5.6978e-05
7.0681e-05
6.3100e-05
3.3269e-05
-4.3565e-06
-3.6948e-05
-6.5143e-05
-9.7513e-05
-1.3269e-04
-1.5935e-04
-1.7333e-04
-1.5864e-04
-1.0416e-04
-4.4234e-05
-2.7938e-05
-5.7294e-05
-9.5438e-05
-1.0606e-04
-8.5348e-05
-5.1305e-05
-2.2504e-05
-6.3409e-06
-3.0454e-07
2.8594e-06
4.2610e-06
-8.1516e-06
-3.6943e-05
-7.2567e-05
-1.0473e-04
-1.2593e-04
-1.3554e-04
-1.2995e-04
-1.1056e-04
-8.7158e-05
-6.7821e-05
-5.3862e-05
-4.1873e-05
-2.8133e-05
-1.1431e-05
7.1142e-06
2.2270e-05
2.0791e-05
5.3320e-07
-2.8196e-05
-5.5112e-05
-7.6252e-05
-9.9086e-05
-1.4518e-04
-2.0542e-04
-2.4922e-04
-2.5076e-04
-2.1046e-04
-1.5381e-04
-9.7970e-05
-4.9520e-05
-2.9369e-05
-4.7618e-05
-8.4986e-05
-1.1740e-04
-1.3498e-04
-1.4267e-04
-1.4815e-04
-1.4606e-04
-1.3271e-04
-1.1380e-04
-9.6034e-05
-7.8991e-05
-5.9546e-05
-3.7044e-05
-1.4508e-05
-1.6542e-06
-1.7237e-06
-7.9049e-06
-1.2593e-05
-1.5669e-05
-2.0242e-05
-2.7364e-05
-3.6135e-05
-4.5195e-05
-4.9518e-05
-4.1092e-05
-2.2267e-05
-1.4596e-06
1.5934e-05
3.0684e-05
4.4175e-05
4.5057e-05
2.5269e-05
-6.2501e-06
-2.8616e-05
-2.4510e-05
-2.0724e-07
2.7155e-05
4.9822e-05
6.9230e-05
8.8644e-05
1.0984e-04
1.2617e-04
1.2690e-04
1.1476e-04
1.0018e-04
9.1813e-05
9.2710e-05
9.8566e-05
1.0191e-04
9.5046e-05
7.8096e-05
5.7842e-05
4.0591e-05
2.8024e-05
1.7923e-05
1.0970e-05
1.3839e-05
2.6034e-05
4.0910e-05
5.2089e-05
5.0974e-05
3.6376e-05
1.6709e-05
3.2158e-07
-9.7375e-06
-9.3441e-06
3.2876e-06
2.2365e-05
4.2251e-05
5.8848e-05
5.8384e-05
3.1226e-05
-1.1116e-05
-4.6856e-05
-6.2880e-05
-4.5216e-05
2.1268e-05
1.1710e-04
1.9888e-04
2.3333e-04
2.2969e-04
1.8831e-04
8.5743e-05
-5.9217e-05
-1.8196e-04
-2.2318e-04
-1.9449e-04
-1.2819e-04
-5.5781e-05
-3.8062e-06
1.2308e-05
1.1271e-06
-2.6662e-05
-6.0097e-05
-8.8417e-05
-1.0061e-04
-8.9226e-05
-6.4482e-05
-4.2075e-05
-2.9588e-05
-1.9539e-05
5.7898e-06
4.9040e-05
8.1583e-05
6.6481e-05
1.0142e-05
-5.5459e-05
-9.4097e-05
-7.9719e-05
-2.8857e-05
2.2649e-05
4.4735e-05
3.5262e-05
2.0940e-05
2.7107e-05
5.5434e-05
7.6433e-05
4.7395e-05
-2.6494e-05
-1.0616e-04
-1.6422e-04
-1.9620e-04
-1.8104e-04
-1.1606e-04
-3.3821e-05
3.4373e-05
7.6979e-05
8.5201e-05
6.7136e-05
4.5678e-05
3.7313e-05
4.3842e-05
5.6260e-05
6.4832e-05
6.5939e-05
6.0580e-05
5.0041e-05
3.7536e-05
2.4128e-05
1.5549e-07
-3.5342e-05
-6.3424e-05
-7.2082e-05
-5.7165e-05
-2.1990e-05
1.9393e-05
5.4090e-05
7.1721e-05
7.2184e-05
6.6972e-05
6.6926e-05
7.4686e-05
8.4724e-05
9.0524e-05
9.0753e-05
8.7667e-05
7.8111e-05
5.6687e-05
2.7121e-05
-1.6857e-06
-2.3898e-05
-4.0265e-05
-4.8660e-05
-4.5141e-05
-3.4311e-05
-2.3825e-05
-1.7555e-05
-1.4476e-05
-1.1957e-05
-1.2624e-05
-2.0263e-05
-3.2058e-05
-3.5806e-05
-2.2628e-05
1.8515e-06
2.5513e-05
3.8122e-05
3.9661e-05
3.4386e-05
2.2923e-05
8.1184e-06
-9.4338e-06
-2.8390e-05
-3.4292e-05
-1.7747e-05
1.2051e-05
3.8271e-05
3.4140e-05
-7.1829e-06
-6.3485e-05
-9.3569e-05
-6.9743e-05
-9.7038e-06
4.7931e-05
7.8451e-05
7.3672e-05
2.9227e-05
-3.2612e-05
-7.3942e-05
-8.0199e-05
-6.7073e-05
-5.1959e-05
-3.1771e-05
-3.0673e-06
2.9892e-05
6.1371e-05
8.9670e-05
1.0265e-04
7.6370e-05
1.8325e-05
-4.0030e-05
-7.0436e-05
-7.4036e-05
-6.4587e-05
-5.1995e-05
-4.2260e-05
-3.5352e-05
-2.8791e-05
-2.0379e-05
-8.0512e-06
9.5140e-06
3.0273e-05
4.8271e-05
5.4261e-05
4.8255e-05
3.8337e-05
3.1430e-05
2.4136e-05
6.7479e-06
-2.3006e-05
-6.3678e-05
-1.0950e-04
-1.5319e-04
-1.7890e-04
-1.6512e-04
-1.1722e-04
-6.0989e-05
-1.4889e-05
1.9169e-05
4.5517e-05
6.8131e-05
9.0222e-05
9.9712e-05
8.6798e-05
5.9846e-05
3.3367e-05
1.9110e-05
1.7646e-05
2.0268e-05
1.8869e-05
1.0882e-05
-2.1417e-06
-1.6393e-05
-2.6166e-05
-2.3765e-05
-1.0223e-05
6.4348e-06
1.9565e-05
2.7292e-05
3.1709e-05
3.6319e-05
4.3212e-05
5.2640e-05
6.3471e-05
7.4031e-05
8.0562e-05
7.9066e-05
7.1822e-05
6.2994e-05
4.7511e-05
2.1565e-05
-1.0331e-05
-4.0446e-05
-6.1240e-05
-7.2927e-05
-7.9858e-05
-7.7342e-05
-6.3407e-05
-4.4353e-05
-2.6389e-05
-6.6027e-06
1.9177e-05
4.9787e-05
7.8079e-05
9.3685e-05
9.2031e-05
6.3861e-05
1.9897e-05
-1.0602e-05
-1.7829e-05
-9.5758e-06
1.0390e-05
3.7102e-05
6.2536e-05
7.7103e-05
7.8508e-05
7.4446e-05
7.1772e-05
7.0290e-05
6.8433e-05
6.7491e-05
7.4446e-05
9.0848e-05
1.0955e-04
1.1944e-04
1.1786e-04
1.0978e-04
8.9964e-05
5.3506e-05
9.1799e-06
-1.8694e-05
-1.4147e-05
1.1168e-05
3.5391e-05
4.6229e-05
4.5925e-05
4.3006e-05
3.6840e-05
2.0407e-05
-4.0060e-06
-2.5042e-05
-2.7744e-05
-3.2004e-06
3.7356e-05
7.6083e-05
9.9241e-05
1.0498e-04
1.0295e-04
9.5595e-05
7.9631e-05
5.8112e-05
3.7933e-05
2.3027e-05
1.1652e-05
-4.8910e-08
-1.3941e-05
-2.5433e-05
-2.9376e-05
-2.7376e-05
-2.2868e-05
-1.5267e-05
-4.6123e-06
7.2101e-06
1.8535e-05
2.8715e-05
3.5205e-05
3.6109e-05
3.3813e-05
3.2336e-05
3.6985e-05
4.8806e-05
6.3556e-05
7.6368e-05
7.6877e-05
5.3773e-05
1.4058e-05
-2.4774e-05
-4.2851e-05
-3.7096e-05
-1.3328e-05
2.6055e-05
6.8795e-05
7.9364e-05
3.9163e-05
-2.9350e-05
-8.9952e-05
-9.6728e-05
-4.1017e-05
3.5761e-05
8.2482e-05
8.5955e-05
6.6520e-05
3.7525e-05
4.5468e-06
-2.5218e-05
-3.8889e-05
-3.3817e-05
-2.2062e-05
-2.1716e-05
-4.2940e-05
-7.8117e-05
-1.1119e-04
-1.1460e-04
-7.7170e-05
-2.0368e-05
2.1910e-05
3.6054e-05
3.2641e-05
1.9077e-05
-3.9386e-06
-3.0745e-05
-5.5386e-05
-7.6367e-05
-9.3497e-05
-9.7479e-05
-8.5674e-05
-6.6889e-05
-4.9810e-05
-3.7435e-05
-2.8444e-05
-2.4297e-05
-2.5040e-05
-2.2607e-05
-7.2481e-06
1.9101e-05
4.7794e-05
7.2771e-05
9.3467e-05
1.1256e-04
1.2899e-04
1.0929e-04
4.1909e-05
-2.9787e-05
-6.9997e-05
-6.0081e-05
-1.2833e-05
3.7254e-05
6.2359e-05
6.1564e-05
4.8964e-05
3.1801e-05
1.4375e-05
-2.8402e-07
-1.2231e-05
-2.2994e-05
-3.1432e-05
-2.4962e-05
1.6402e-06
3.8043e-05
7.0632e-05
8.8608e-05
9.2885e-05
9.3497e-05
9.8885e-05
1.0527e-04
9.9055e-05
7.8708e-05
5.2952e-05
3.4203e-05
3.0853e-05
3.9981e-05
5.7797e-05
7.9225e-05
9.8777e-05
1.1435e-04
1.2611e-04
1.2368e-04
1.0266e-04
7.2935e-05
4.8377e-05
3.8388e-05
3.9569e-05
4.2064e-05
3.9140e-05
3.1093e-05
2.2651e-05
1.7063e-05
1.4396e-05
1.2920e-05
1.1567e-05
1.0860e-05
1.5918e-05
3.7367e-05
6.8919e-05
9.1033e-05
9.3419e-05
7.2948e-05
3.9294e-05
7.8160e-06
-8.9505e-06
-1.1241e-05
-9.2066e-06
-7.1055e-06
1.8538e-06
1.8739e-05
3.7265e-05
4.0837e-05
2.2946e-05
-5.6074e-06
-3.2887e-05
-5.6357e-05
-7.8074e-05
-1.0059e-04
-1.1942e-04
-1.2162e-04
-1.0753e-04
-8.8470e-05
-7.3966e-05
-6.5643e-05
-5.9716e-05
-5.2074e-05
-4.1221e-05
-2.8309e-05
-1.6774e-05
-9.5034e-06
-5.5999e-06
-2.3317e-06
2.1889e-06
7.8642e-06
1.0338e-05
5.0059e-06
-6.2155e-06
-1.7440e-05
-2.2377e-05
-2.0454e-05
-1.6054e-05
-1.3405e-05
-1.3729e-05
-1.5709e-05
-1.7452e-05
-1.7973e-05
-1.7450e-05
-1.6622e-05
-1.6097e-05
-1.7341e-05
-2.2607e-05
-3.1016e-05
-3.9936e-05
-4.6873e-05
-4.9299e-05
-4.7471e-05
-4.3106e-05
-3.8208e-05
-3.4206e-05
-3.2371e-05
-4.1122e-05
-6.3787e-05
-9.1011e-05
-1.0864e-04
-1.1326e-04
-1.1196e-04
-1.1253e-04
-1.1291e-04
-1.0564e-04
-9.0635e-05
-7.2856e-05
-5.6437e-05
-4.2375e-05
-2.9414e-05
-2.0634e-05
-2.5754e-05
-4.3952e-05
-6.4612e-05
-7.7290e-05
-8.0987e-05
-8.1530e-05
-8.4078e-05
-8.7847e-05
-9.0341e-05
-9.0999e-05
-9.0675e-05
-9.0332e-05
-8.9552e-05
-8.6415e-05
-8.0825e-05
-7.4347e-05
-6.8411e-05
-6.3392e-05
-5.9781e-05
-5.8755e-05
-5.9590e-05
-6.0793e-05
-6.3319e-05
-6.8427e-05
-7.0362e-05
-5.8296e-05
-3.3628e-05
-6.4438e-06
1.4748e-05
2.8210e-05
2.7771e-05
9.0826e-06
-1.9128e-05
-4.4384e-05
-6.0969e-05
-7.1810e-05
-8.0376e-05
-8.1595e-05
-7.3770e-05
-6.2082e-05
-4.9956e-05
-3.4501e-05
-1.4577e-05
7.5936e-06
2.7872e-05
4.3880e-05
5.7004e-05
6.8263e-05
7.7701e-05
8.6314e-05
9.2993e-05
9.2109e-05
8.3128e-05
7.1072e-05
6.1208e-05
5.5420e-05
5.1600e-05
4.6173e-05
3.7742e-05
2.7431e-05
1.7074e-05
7.7107e-06
-7.0567e-07
-8.8054e-06
-1.6931e-05
-2.0120e-05
-1.0957e-05
7.9097e-06
2.8362e-05
3.8993e-05
2.8473e-05
2.4380e-06
-2.5169e-05
-4.2565e-05
-3.5853e-05
-5.8866e-06
3.0815e-05
5.5700e-05
6.2070e-05
5.8350e-05
5.6067e-05
5.5320e-05
4.8333e-05
3.3921e-05
1.7169e-05
3.1191e-06
-7.4954e-06
-1.6729e-05
-2.5224e-05
-3.2675e-05
-3.9565e-05
-4.6557e-05
-5.1560e-05
-5.0029e-05
-4.2640e-05
-3.2464e-05
-2.1777e-05
-1.1872e-05
-2.8132e-06
5.7885e-06
1.3544e-05
1.9457e-05
1.6182e-05
6.9911e-07
-2.0745e-05
-4.0167e-05
-5.2875e-05
-6.0181e-05
-6.3941e-05
-6.1428e-05
-5.3613e-05
-4.4686e-05
-3.7921e-05
-3.6388e-05
-4.0920e-05
-4.8071e-05
-5.3671e-05
-5.2422e-05
-4.1154e-05
-2.4128e-05
-8.0522e-06
1.3096e-06
3.2541e-06
2.3143e-06
3.2468e-06
8.6614e-06
1.8126e-05
2.8786e-05
3.7497e-05
3.6722e-05
2.1695e-05
-1.5850e-06
-2.5286e-05
-4.8503e-05
-6.0711e-05
-4.4390e-05
-5.5315e-06
3.5226e-05
6.1389e-05
7.2268e-05
7.2428e-05
6.7504e-05
6.4019e-05
6.4764e-05
6.3937e-05
5.2181e-05
3.0197e-05
1.0618e-05
7.2500e-06
1.8259e-05
3.2665e-05
4.2039e-05
4.4828e-05
4.1547e-05
3.4232e-05
2.6489e-05
1.5596e-05
-5.9304e-06
-3.6747e-05
-6.7530e-05
-8.7807e-05
-9.7525e-05
-1.0408e-04
-1.1275e-04
-1.1264e-04
-9.1226e-05
-5.4464e-05
-1.9688e-05
1.5461e-06
1.1967e-05
2.0844e-05
3.0329e-05
3.1249e-05
2.1369e-05
6.7008e-06
-6.4070e-06
-1.5833e-05
-2.3221e-05
-3.1158e-05
-4.0960e-05
-5.2285e-05
-6.4018e-05
-7.5007e-05
-8.2102e-05
-8.3193e-05
-8.0725e-05
-7.8475e-05
-7.8331e-05
-7.8984e-05
-7.7113e-05
-7.1877e-05
-6.4972e-05
-5.8377e-05
-5.2872e-05
-4.7667e-05
-4.1546e-05
-3.4315e-05
-2.6577e-05
-1.8716e-05
-1.0410e-05
-1.5918e-06
8.0972e-06
2.4357e-05
4.9278e-05
5.7730e-05
2.1045e-05
-4.2357e-05
-8.7589e-05
-9.7395e-05
-7.2325e-05
-2.2334e-05
3.0207e-05
6.2102e-05
6.9833e-05
6.8171e-05
6.7475e-05
4.8328e-05
1.6898e-07
-5.2144e-05
-8.2856e-05
-9.1884e-05
-8.8048e-05
-7.4950e-05
-5.9094e-05
-4.6199e-05
-3.7263e-05
-3.0055e-05
-2.2111e-05
-1.2144e-05
-4.5654e-07
1.1780e-05
2.3100e-05
2.9478e-05
2.9499e-05
2.1354e-05
-6.2531e-07
-2.7088e-05
-3.4413e-05
-1.6734e-05
1.2093e-05
3.5332e-05
4.3063e-05
3.8310e-05
3.1330e-05
2.9667e-05
3.4177e-05
4.1036e-05
4.5565e-05
4.6132e-05
4.4298e-05
4.2433e-05
4.1839e-05
4.2397e-05
4.3282e-05
4.3808e-05
4.2402e-05
2.7937e-05
-4.3244e-06
-4.3183e-05
-6.9850e-05
-7.8613e-05
-7.8812e-05
-8.2638e-05
-9.4048e-05
-9.9984e-05
-8.6727e-05
-5.8050e-05
-2.9860e-05
-1.7341e-05
-1.9500e-05
-2.5731e-05
-3.2200e-05
-4.3484e-05
-5.3647e-05
-5.5882e-05
-5.1388e-05
-4.1764e-05
-2.8342e-05
-1.5164e-05
-6.3215e-06
-1.4239e-06
2.6818e-06
9.5189e-06
2.2229e-05
3.9752e-05
5.6324e-05
6.3827e-05
6.1776e-05
5.6336e-05
5.3377e-05
5.5522e-05
6.1570e-05
6.8194e-05
7.3004e-05
7.6240e-05
8.0129e-05
8.5742e-05
9.2069e-05
9.7815e-05
1.0285e-04
1.0900e-04
1.1763e-04
1.2771e-04
1.3265e-04
1.2442e-04
1.0595e-04
8.4675e-05
6.3185e-05
4.1599e-05
2.1582e-05
1.7348e-05
3.5140e-05
6.1083e-05
7.6293e-05
7.6578e-05
7.0104e-05
6.5201e-05
6.0161e-05
5.1285e-05
3.9044e-05
2.5890e-05
1.5047e-05
1.4116e-05
2.4650e-05
3.9849e-05
5.2690e-05
5.9639e-05
5.8033e-05
5.0123e-05
4.1600e-05
3.7153e-05
3.8073e-05
4.1630e-05
4.4348e-05
4.4716e-05
4.5294e-05
5.1796e-05
6.4511e-05
7.7062e-05
8.4195e-05
8.6437e-05
8.4169e-05
7.5518e-05
6.2764e-05
5.0017e-05
4.2322e-05
4.6958e-05
6.2522e-05
8.0744e-05
9.5180e-05
1.0503e-04
1.1316e-04
1.2224e-04
1.2572e-04
1.1211e-04
8.4684e-05
5.5223e-05
3.1528e-05
1.3673e-05
1.2445e-07
-5.5171e-06
-3.9643e-06
-6.2440e-07
2.4132e-07
-1.8578e-06
-5.7504e-06
-1.6990e-05
-3.9585e-05
-6.8562e-05
-9.3319e-05
-9.3907e-05
-6.6400e-05
-2.7376e-05
5.9333e-06
2.6976e-05
3.2301e-05
2.5655e-05
1.7407e-05
1.4843e-05
1.7224e-05
1.9012e-05
1.6917e-05
1.3768e-05
1.7085e-05
2.8154e-05
4.2405e-05
5.4964e-05
6.2428e-05
6.5212e-05
6.5191e-05
4.8390e-05
1.6137e-06
-6.0942e-05
-1.1034e-04
-1.3585e-04
-1.4011e-04
-1.2062e-04
-8.6752e-05
-5.3700e-05
-2.9709e-05
-1.3055e-05
2.4448e-06
1.1302e-05
-7.0490e-07
-3.0219e-05
-6.3419e-05
-9.1483e-05
-1.1402e-04
-1.2252e-04
-1.0247e-04
-6.1656e-05
-2.1584e-05
-6.8175e-06
-2.0701e-05
-4.5498e-05
-6.3352e-05
-6.8753e-05
-6.6995e-05
-6.5194e-05
-6.5300e-05
-6.6612e-05
-6.8188e-05
-6.9386e-05
-6.9948e-05
-6.9388e-05
-6.7126e-05
-6.3737e-05
-6.0282e-05
-5.7379e-05
-5.4716e-05
-5.0658e-05
-4.4502e-05
-3.7210e-05
-3.0056e-05
-2.3097e-05
-1.4733e-05
-4.4329e-06
6.8400e-06
1.7896e-05
2.7909e-05
3.6880e-05
4.5309e-05
4.9075e-05
4.1602e-05
2.5357e-05
7.6757e-06
-6.0917e-06
-1.1101e-05
-6.1130e-06
3.2472e-06
1.0409e-05
1.0853e-05
4.8603e-06
-3.0879e-06
-8.9608e-06
-1.1357e-05
-1.0593e-05
-8.2832e-06
-5.4565e-06
-2.6669e-06
-2.1392e-07
1.9852e-06
4.0401e-06
3.6208e-06
-2.0063e-06
-1.1349e-05
-2.0959e-05
-2.7175e-05
-2.7824e-05
-2.3798e-05
-1.4312e-05
-5.4742e-07
1.3811e-05
2.1158e-05
1.4088e-05
-3.1571e-06
-2.1088e-05
-3.2557e-05
-3.5347e-05
-3.3684e-05
-3.3171e-05
-3.3546e-05
-2.7607e-05
-1.3657e-05
3.8914e-06
2.0190e-05
3.3587e-05
4.4061e-05
4.1948e-05
2.1139e-05
-9.8219e-06
-3.5096e-05
-4.3580e-05
-3.9572e-05
-3.3668e-05
-2.7810e-05
-1.9675e-05
-9.3332e-06
1.4554e-06
8.9507e-06
1.1865e-05
1.2738e-05
1.4497e-05
1.7443e-05
1.9728e-05
2.0472e-05
2.0143e-05
1.9536e-05
1.8381e-05
1.6203e-05
1.3333e-05
1.0408e-05
7.7841e-06
5.0533e-06
-1.3299e-06
-1.3574e-05
-2.9231e-05
-4.2131e-05
-4.4947e-05
-3.8770e-05
-3.0372e-05
-2.5078e-05
-2.5684e-05
-3.6798e-05
-5.7045e-05
-7.5578e-05
-7.9687e-05
-7.0461e-05
-5.7613e-05
-4.7187e-05
-3.9505e-05
-3.4712e-05
-3.1507e-05
-2.7848e-05
-2.2652e-05
-1.6414e-05
-1.1844e-05
-1.0761e-05
-1.2026e-05
-1.3323e-05
-1.0282e-05
1.3990e-06
1.9176e-05
3.5634e-05
4.3362e-05
4.2977e-05
4.0423e-05
4.0578e-05
4.3991e-05
4.5323e-05
4.0195e-05
3.0128e-05
1.8515e-05
4.7892e-06
-1.1909e-05
-3.0061e-05
-4.4122e-05
-4.8022e-05
-4.4062e-05
-3.7288e-05
-3.1050e-05
-2.6597e-05
-2.3282e-05
-1.9744e-05
-1.1616e-05
1.3305e-05
5.6476e-05
1.0335e-04
1.3139e-04
1.3296e-04
1.0918e-04
7.1118e-05
3.5996e-05
1.5298e-05
6.3842e-06
5.6137e-09
-3.6239e-06
-5.9765e-07
7.1270e-06
1.5239e-05
2.2997e-05
3.4362e-05
4.9577e-05
5.2567e-05
2.5770e-05
-1.8801e-05
-4.9814e-05
-5.4502e-05
-4.3875e-05
-3.3006e-05
-2.5594e-05
-1.9615e-05
-1.4271e-05
-1.2161e-05
-1.3524e-05
-1.5792e-05
-1.6694e-05
-1.5865e-05
-1.4388e-05
-1.4550e-05
-1.8408e-05
-2.5047e-05
-3.2112e-05
-3.8043e-05
-4.2265e-05
-4.0095e-05
-2.7799e-05
-9.4122e-06
8.6200e-06
2.0898e-05
2.4181e-05
2.2008e-05
2.0275e-05
2.2096e-05
2.6815e-05
3.1722e-05
3.4160e-05
3.3824e-05
3.2292e-05
3.1193e-05
3.0953e-05
2.9637e-05
2.5624e-05
1.9680e-05
1.3511e-05
8.1563e-06
3.6409e-06
-6.0911e-08
-2.9898e-06
-5.6512e-06
-8.5411e-06
-1.1823e-05
-1.5897e-05
-2.1156e-05
-2.7118e-05
-3.3013e-05
-3.8463e-05
-4.3021e-05
-4.2491e-05
-3.5078e-05
-2.4285e-05
-1.4342e-05
-6.7292e-06
-4.4208e-07
6.1192e-06
1.3797e-05
2.2421e-05
2.9673e-05
3.1339e-05
2.7677e-05
2.2403e-05
1.8621e-05
1.6948e-05
1.6449e-05
1.6588e-05
1.6943e-05
1.7061e-05
1.6807e-05
1.6406e-05
1.6901e-05
1.9515e-05
2.3767e-05
2.8295e-05
3.1723e-05
3.2779e-05
3.1901e-05
3.0918e-05
3.3788e-05
4.2914e-05
5.5784e-05
6.8424e-05
7.8690e-05
8.6648e-05
9.3784e-05
1.0157e-04
1.1050e-04
1.1917e-04
1.1923e-04
1.0686e-04
8.7990e-05
7.0317e-05
5.7778e-05
5.0445e-05
4.5095e-05
3.8372e-05
2.9161e-05
2.0332e-05
1.8595e-05
2.5010e-05
3.4803e-05
4.3132e-05
4.6563e-05
3.7215e-05
1.4271e-05
-1.3659e-05
-3.6636e-05
-4.8742e-05
-5.3114e-05
-5.7000e-05
-6.4395e-05
-6.8501e-05
-6.1066e-05
-4.4261e-05
-2.5506e-05
-9.9508e-06
2.3235e-07
2.6904e-06
-3.7133e-07
-3.8530e-06
-4.5229e-06
-2.5406e-06
7.2998e-08
1.5907e-06
1.6142e-06
2.4732e-07
-2.8651e-06
-7.1297e-06
-1.1413e-05
-1.4810e-05
-1.6179e-05
-1.5602e-05
-1.4448e-05
-1.3908e-05
-1.4227e-05
-1.4936e-05
-1.5474e-05
-1.5601e-05
-1.5424e-05
-1.5011e-05
-1.2932e-05
-8.2321e-06
-2.0811e-06
3.3429e-06
6.9294e-06
9.3111e-06
1.1704e-05
1.4288e-05
1.5826e-05
1.5979e-05
1.5480e-05
1.4086e-05
9.2298e-06
6.3823e-07
-9.4610e-06
-2.0570e-05
-3.4395e-05
-4.9472e-05
-6.2733e-05
-7.3084e-05
-7.8049e-05
-7.7427e-05
-7.4766e-05
-7.2489e-05
-6.8165e-05
-6.0086e-05
-5.0925e-05
-5.3440e-05
-7.3206e-05
-9.8979e-05
-1.1742e-04
-1.2449e-04
-1.1350e-04
-8.3285e-05
-4.5631e-05
-1.3345e-05
9.8076e-06
2.6358e-05
3.5644e-05
3.9214e-05
3.7882e-05
2.9149e-05
1.5208e-05
7.4175e-07
-1.0771e-05
-1.9316e-05
-2.5807e-05
-2.7327e-05
-2.3414e-05
-1.7466e-05
-1.2774e-05
-1.0481e-05
-9.6094e-06
-8.4942e-06
-6.2173e-06
-2.9499e-06
1.6865e-07
1.6120e-06
1.3388e-06
3.1290e-07
-1.7624e-06
-5.4164e-06
-9.9970e-06
-1.2780e-05
-7.2108e-06
7.5905e-06
2.5670e-05
3.8494e-05
4.2036e-05
4.0062e-05
3.8579e-05
4.0426e-05
4.1027e-05
3.3782e-05
1.9392e-05
2.9706e-06
-1.0761e-05
-1.4706e-05
-6.5151e-06
7.3310e-06
1.9102e-05
2.4489e-05
2.4397e-05
2.3108e-05
2.4052e-05
2.7703e-05
3.1615e-05
3.3487e-05
3.5104e-05
4.1211e-05
5.2137e-05
6.4744e-05
7.5839e-05
8.1583e-05
8.1008e-05
7.7661e-05
7.5475e-05
7.4110e-05
6.4081e-05
4.1215e-05
1.4531e-05
-3.7871e-06
-1.1421e-05
-6.9263e-06
1.1611e-05
3.7306e-05
6.1370e-05
7.7709e-05
7.6048e-05
5.6360e-05
3.0860e-05
1.1988e-05
9.1459e-06
2.0341e-05
3.4678e-05
4.2249e-05
4.0632e-05
3.4508e-05
2.9692e-05
2.8762e-05
2.9610e-05
2.5955e-05
1.5453e-05
1.2565e-06
-1.1964e-05
-1.9793e-05
-2.2077e-05
-2.2485e-05
-2.3816e-05
-2.4030e-05
-2.1081e-05
-1.5903e-05
-1.1224e-05
-8.8489e-06
-8.1987e-06
-7.6830e-06
-6.2723e-06
-3.9696e-06
-1.3713e-06
9.7221e-07
2.1213e-06
7.9215e-07
-2.4067e-06
-5.8639e-06
-8.5217e-06
-1.0211e-05
-1.1959e-05
-1.4649e-05
-1.8679e-05
-2.3417e-05
-2.7645e-05
-2.9603e-05
-2.9179e-05
-2.7901e-05
-2.7200e-05
-2.7461e-05
-2.8219e-05
-2.8839e-05
-2.9016e-05
-2.8593e-05
-2.6982e-05
-2.4243e-05
-2.1160e-05
-1.8405e-05
-1.6114e-05
-1.4261e-05
-1.4467e-05
-1.7459e-05
-2.1808e-05
-2.5782e-05
-2.8492e-05
-2.9253e-05
-2.8450e-05
-2.7463e-05
-2.8109e-05
-3.1165e-05
-3.5531e-05
-3.9661e-05
-4.2722e-05
-4.3981e-05
-4.3477e-05
-4.2366e-05
-4.1961e-05
-4.4599e-05
-5.1148e-05
-5.9573e-05
-6.7395e-05
-7.0503e-05
-6.0981e-05
-3.9835e-05
-1.7321e-05
-1.9081e-06
6.3984e-06
1.2213e-05
1.6314e-05
1.7572e-05
1.7101e-05
1.4418e-05
5.2094e-06
-1.0298e-05
-2.7844e-05
-3.9911e-05
-3.7089e-05
-2.1686e-05
-3.6518e-06
9.1398e-06
1.3484e-05
1.2118e-05
1.0585e-05
1.2274e-05
1.5725e-05
1.6942e-05
1.4756e-05
1.0720e-05
6.8052e-06
3.5660e-06
-1.8806e-07
-5.1673e-06
-1.0966e-05
-1.6827e-05
-2.2320e-05
-2.7468e-05
-3.2517e-05
-3.7664e-05
-4.2947e-05
-4.7699e-05
-4.3786e-05
-2.2589e-05
1.0586e-05
3.9623e-05
4.8716e-05
4.0737e-05
2.7744e-05
8.1658e-06
-2.0681e-05
-4.3701e-05
-4.8076e-05
-3.8716e-05
-2.6307e-05
-1.7836e-05
-1.4486e-05
-1.3396e-05
-1.1404e-05
-8.7937e-06
-7.2357e-06
-6.9245e-06
-6.9765e-06
-5.3433e-06
-4.3125e-07
6.6179e-06
1.3637e-05
1.9408e-05
2.3998e-05
2.8133e-05
3.2489e-05
3.7046e-05
4.1489e-05
4.5203e-05
4.2969e-05
3.0648e-05
1.2065e-05
-5.7229e-06
-1.6304e-05
-1.9427e-05
-2.0053e-05
-2.2757e-05
-2.7853e-05
-3.1863e-05
-3.2934e-05
-3.1065e-05
-2.0314e-05
2.8370e-06
3.2152e-05
5.4468e-05
6.0674e-05
5.5700e-05
5.0097e-05
4.9813e-05
5.1148e-05
4.8742e-05
4.1895e-05
3.3912e-05
2.9616e-05
2.9951e-05
3.2238e-05
3.2900e-05
2.9600e-05
2.3456e-05
1.8165e-05
1.7759e-05
2.1931e-05
2.7401e-05
3.0102e-05
2.2936e-05
5.0366e-06
-1.6834e-05
-3.2871e-05
-3.2585e-05
-1.7932e-05
1.4974e-07
1.1946e-05
1.3094e-05
7.2645e-06
7.9887e-07
-5.0327e-06
-1.1363e-05
-1.8456e-05
-2.5601e-05
-2.8709e-05
-2.4688e-05
-1.6290e-05
-8.1277e-06
-2.5818e-06
8.7006e-07
3.3128e-06
2.6407e-06
-1.9856e-06
-8.3337e-06
-1.3937e-05
-1.7391e-05
-1.7780e-05
-1.6132e-05
-1.4473e-05
-1.3977e-05
-1.2185e-05
-3.2193e-06
1.2871e-05
3.0968e-05
4.3851e-05
4.7429e-05
4.5198e-05
4.2953e-05
4.1516e-05
3.7827e-05
3.1205e-05
2.3222e-05
1.5849e-05
1.1178e-05
9.2945e-06
8.3457e-06
6.7101e-06
4.6600e-06
3.3332e-06
3.0088e-06
3.2164e-06
3.4028e-06
3.3310e-06
3.0743e-06
2.8154e-06
2.6323e-06
2.0120e-06
3.4909e-07
-2.0720e-06
-4.5581e-06
-6.7947e-06
-9.8860e-06
-1.4717e-05
-2.0644e-05
-2.5673e-05
-2.7331e-05
-2.5410e-05
-2.0675e-05
-1.4897e-05
-9.7674e-06
-5.6086e-06
-4.8152e-07
6.9515e-06
1.5617e-05
1.9975e-05
1.4920e-05
3.2606e-06
-8.8392e-06
-1.6585e-05
-1.6476e-05
-1.0235e-05
-2.9172e-06
2.3101e-06
5.2842e-06
7.4436e-06
9.7631e-06
1.1255e-05
1.1341e-05
1.0656e-05
9.5903e-06
7.9763e-06
5.9525e-06
3.8547e-06
2.4900e-06
3.1602e-06
5.5683e-06
8.3246e-06
9.1582e-06
3.7014e-06
-8.1200e-06
-2.1152e-05
-2.8752e-05
-2.9625e-05
-2.7012e-05
-2.0266e-05
-8.8819e-06
4.2713e-06
1.5900e-05
2.2286e-05
2.3147e-05
1.8287e-05
1.0205e-06
-2.6752e-05
-5.4611e-05
-7.5068e-05
-8.0552e-05
-5.5617e-05
8.0165e-06
9.0720e-05
1.3841e-04
8.7841e-05
-3.9387e-05
-1.5729e-04
-1.6961e-04
-7.5673e-05
4.8886e-05
1.1825e-04
1.0427e-04
4.4498e-05
-8.1565e-06
-2.4068e-05
-8.2397e-06
1.5269e-05
2.4696e-05
1.4112e-05
-7.3778e-06
-3.0314e-05
-5.0307e-05
-5.9048e-05
-4.4660e-05
-1.3627e-05
1.8368e-05
3.4208e-05
1.9318e-05
-9.6537e-06
-2.5576e-05
-2.1181e-05
-6.5684e-06
5.1573e-06
8.2868e-06
5.2165e-06
1.2214e-06
-6.6314e-07
-5.2039e-07
3.2915e-07
7.5933e-07
4.1234e-07
-4.4261e-07
-1.3556e-06
-1.9930e-06
-2.1542e-06
-1.9506e-06
-1.6797e-06
-1.5481e-06
-1.5725e-06
-1.6535e-06
-1.6939e-06
-1.6620e-06
-1.5838e-06
-1.5012e-06
-1.3599e-06
-8.9112e-07
-6.2734e-08
8.7728e-07
1.7542e-06
2.7918e-06
4.1235e-06
5.5781e-06
6.7405e-06
7.0261e-06
6.5107e-06
5.5802e-06
3.7752e-06
9.8289e-07
-2.1206e-06
-4.6923e-06
-6.0865e-06
-6.0116e-06
-3.4490e-06
1.1842e-06
5.4035e-06
6.6341e-06
5.1881e-06
2.8545e-06
1.1147e-06
2.6380e-07
-4.1742e-07
-1.4829e-06
-2.8324e-06
-3.2231e-06
-1.9197e-06
3.2452e-07
2.3553e-06
3.2364e-06
2.8317e-06
1.9006e-06
1.1909e-06
8.5943e-07
7.0915e-07
5.2050e-07
2.1403e-07
-8.1099e-08
-2.5011e-07
-3.1645e-07
-3.7065e-07
-5.6283e-07
-9.4214e-07
-1.3951e-06
-1.7904e-06
-2.0790e-06
-2.2907e-06
-2.5361e-06
-2.9635e-06
-3.5357e-06
-4.1009e-06
-4.5061e-06
-4.6532e-06
-4.5973e-06
-4.2028e-06
-3.2974e-06
-2.1276e-06
-1.0591e-06
-3.6222e-07
-1.8586e-07
-3.2889e-07
-4.6972e-07
-4.5809e-07
-3.6532e-07
-3.1642e-07
-4.5859e-07
-8.1527e-07
-1.2461e-06
-1.6074e-06
-1.8351e-06
-1.8033e-06
-1.4661e-06
-1.0059e-06
-6.2563e-07
-4.4363e-07
-4.8927e-07
-6.4001e-07
-7.6367e-07
-8.3656e-07
-8.8843e-07
-9.4313e-07
-1.0066e-06
-1.0554e-06
-1.0046e-06
-8.4213e-07
-6.4680e-07
-4.9302e-07
-4.4407e-07
-5.4770e-07
-7.3291e-07
-8.9517e-07
-9.8540e-07
-1.0052e-06
-9.6793e-07
-9.1075e-07
-8.6740e-07
-8.4640e-07
-8.4168e-07
-8.5146e-07
-8.6556e-07
-8.7076e-07
-8.6194e-07
-8.4040e-07
-7.8486e-07
-6.7741e-07
-5.4685e-07
-4.3724e-07
-3.7457e-07
-3.4794e-07
-3.4542e-07
-3.6197e-07
-3.8070e-07
-3.8709e-07
-3.7724e-07
-3.4530e-07
-2.9418e-07
-2.3931e-07
-1.9270e-07
-1.5590e-07
-1.2457e-07
-9.4652e-08
-6.3519e-08
-3.2018e-08
-3.9737e-09
2.0634e-08
4.4950e-08
7.1685e-08
1.0179e-07
1.3417e-07
1.6715e-07
1.9846e-07
2.2631e-07
2.5363e-07
2.8854e-07
3.3233e-07
3.7812e-07
4.1889e-07
4.5345e-07
4.8505e-07
5.1681e-07
5.4841e-07
5.7892e-07
6.0974e-07
6.4217e-07
6.7595e-07
7.1024e-07
7.4464e-07
7.7902e-07
8.1334e-07
8.4761e-07
8.8186e-07
9.1613e-07
9.5040e-07
9.8465e-07
1.0189e-06
1.0530e-06
1.0872e-06
1.1213e-06
1.1555e-06
1.1895e-06
1.2236e-06
1.2576e-06
1.2916e-06
1.3256e-06
1.3596e-06
1.3935e-06
1.4274e-06
1.4613e-06
1.4953e-06
1.5292e-06
1.5631e-06
1.5970e-06
1.6309e-06
1.6648e-06
1.6987e-06
1.7326e-06
1.7665e-06
1.8004e-06
1.8343e-06
1.8682e-06
1.9021e-06
1.9360e-06
1.9699e-06
2.0038e-06
2.0377e-06
2.0716e-06
