-1.4055e-04
-1.4144e-04
-1.4230e-04
-1.4300e-04
-1.4306e-04
-1.4226e-04
-1.4556e-04
-1.5742e-04
-1.7332e-04
-1.4580e-04
-1.0654e-04
-6.9419e-05
-1.4439e-04
-3.1810e-04
-3.6414e-04
-1.8461e-05
2.9157e-04
3.1105e-04
-1.1564e-04
-1.1189e-03
-8.6060e-04
3.7357e-04
1.6770e-03
1.6812e-03
-1.2603e-03
-2.3889e-03
-4.4280e-04
1.1013e-03
1.3099e-03
1.3386e-03
4.0743e-04
-2.1828e-03
-3.9032e-03
-2.3340e-03
-1.6684e-03
1.0769e-03
1.7425e-03
7.5648e-04
-3.4896e-04
-2.3908e-03
-1.9437e-03
-4.4019e-04
2.7510e-03
1.6409e-03
-2.6916e-03
-7.6947e-03
-9.8831e-03
-5.3894e-03
4.6001e-03
1.3275e-02
1.2775e-02
-2.3915e-03
-9.6557e-03
-1.4471e-02
-1.9465e-02
-1.6038e-02
-9.5232e-03
-5.3995e-03
-5.7800e-04
-8.3718e-04
5.2589e-03
1.5101e-02
1.5235e-02
7.1821e-03
7.2326e-03
7.7054e-03
-3.1680e-03
-1.2165e-02
-1.1508e-02
-1.1028e-02
-2.9848e-03
-4.0942e-04
-2.3013e-03
-3.6564e-03
-1.4168e-03
6.4911e-03
6.9929e-03
1.0992e-03
-1.5097e-03
-1.9324e-03
-6.5753e-03
-1.3175e-02
-1.5977e-02
-8.8637e-03
9.3155e-03
2.7297e-02
2.9952e-02
7.3393e-03
-7.1979e-03
-1.0853e-02
2.4973e-03
1.1366e-02
-1.3302e-02
-3.1541e-02
-3.0756e-02
-3.3959e-02
-2.4022e-02
8.7415e-03
2.2144e-02
3.2622e-02
2.7079e-02
1.0648e-02
1.4043e-03
-1.0135e-03
-2.0957e-03
1.7824e-03
-1.0068e-02
-1.9908e-02
-2.6877e-02
-1.0298e-02
9.4226e-03
1.7497e-04
-1.3140e-02
-1.3833e-02
-1.4000e-02
-1.3098e-02
-1.0511e-02
-1.6663e-02
-1.6447e-02
5.1113e-03
2.3415e-02
1.7832e-02
1.0390e-02
1.4132e-02
7.7975e-03
-2.1187e-03
-3.6890e-03
-8.7458e-03
-1.7899e-02
-1.9598e-02
-1.5299e-02
-4.8551e-03
5.8815e-03
9.1968e-03
-2.5189e-03
-7.5885e-03
-6.1236e-03
-3.7611e-03
-9.1387e-03
-1.1992e-02
-6.3046e-03
-1.0601e-03
4.5006e-04
-1.1025e-02
-1.9376e-02
-2.5993e-02
-1.2522e-02
-3.9798e-03
-1.2162e-03
2.2409e-04
-6.0949e-03
-7.9301e-03
-2.3620e-03
3.7853e-04
-2.2241e-03
-6.5391e-03
-1.3199e-02
-1.3231e-02
-1.0425e-02
-8.1000e-03
2.6318e-03
9.7521e-03
8.1452e-03
1.2687e-02
1.9701e-02
8.8256e-03
-6.5109e-03
-2.1115e-02
-4.3293e-02
-4.2494e-02
-3.2230e-02
-2.9985e-02
-3.5020e-02
-2.9098e-02
-8.7109e-03
-2.1101e-03
7.4592e-04
-1.6218e-03
-1.0458e-02
3.4005e-03
1.2717e-02
1.4301e-02
2.2820e-02
2.9508e-02
3.5074e-02
3.0835e-02
1.3722e-02
6.9179e-03
3.4922e-03
-5.7198e-03
-1.7910e-02
-2.7235e-02
-2.7924e-02
2.6291e-02
5.8884e-02
5.0420e-02
5.1279e-02
3.8195e-02
2.7075e-02
2.1390e-02
1.7080e-02
1.3245e-02
-3.3390e-03
-2.4441e-02
-3.6964e-02
-3.5912e-02
9.9315e-03
2.5972e-02
2.1902e-03
-2.3863e-02
-2.6169e-02
-4.0720e-02
-5.6498e-02
-6.0286e-02
-5.6651e-02
-5.5101e-02
-5.8739e-02
-5.5457e-02
-4.9391e-02
-4.6783e-02
-3.9520e-02
-2.3358e-02
-9.2379e-03
-4.6278e-03
-1.5674e-02
-2.0604e-02
-1.8787e-02
-2.3367e-02
-8.3300e-03
2.6321e-03
1.0011e-02
1.7195e-02
-1.2016e-02
-4.3303e-02
-4.9819e-02
-6.6982e-02
-7.3194e-02
-5.4386e-02
-4.6307e-02
-3.4858e-02
-2.0097e-02
-6.1709e-03
1.8443e-02
4.4462e-02
6.9412e-02
8.5886e-02
9.3357e-02
8.3242e-02
5.7584e-02
5.0547e-02
5.8052e-02
7.4042e-02
8.1201e-02
9.4256e-02
1.0277e-01
1.0231e-01
1.0049e-01
8.9685e-02
8.4206e-02
8.1379e-02
7.0049e-02
6.0698e-02
5.3800e-02
5.3322e-02
4.6730e-02
3.8753e-02
5.0428e-02
5.0768e-02
4.2051e-02
3.5131e-02
3.7946e-02
8.1851e-02
1.1611e-01
1.3931e-01
1.3576e-01
1.4655e-01
1.7303e-01
1.7851e-01
1.7188e-01
1.4591e-01
1.3810e-01
1.4452e-01
1.0183e-01
4.8799e-02
3.0970e-02
-6.6908e-03
-3.1378e-02
-6.3524e-02
-6.0838e-02
4.7857e-02
1.1488e-01
1.2948e-01
9.9036e-02
8.4238e-02
1.1767e-01
1.6508e-01
1.4757e-01
1.2703e-01
1.1959e-01
1.0217e-01
7.3591e-02
5.4043e-02
5.1933e-02
3.5130e-02
1.1269e-02
2.1586e-03
-1.4873e-02
-3.9392e-02
-4.6209e-02
-6.6603e-02
-6.9638e-02
-6.4472e-02
-9.8554e-02
-1.2375e-01
-1.4312e-01
-1.2225e-01
-6.7058e-02
-1.0708e-01
-1.2379e-01
-9.6559e-02
-8.5146e-02
-7.7233e-02
-6.8726e-02
-7.9910e-02
-9.1724e-02
-7.5113e-02
-8.1296e-02
-1.1596e-01
-1.3056e-01
-1.6234e-01
-1.9441e-01
-1.5541e-01
-1.3265e-01
-1.4856e-01
-1.9686e-01
-2.1828e-01
-2.1051e-01
-1.6169e-01
-9.7890e-02
-1.0645e-01
-9.7685e-02
-6.8817e-02
-5.2993e-02
-4.9576e-02
-6.8584e-02
-7.0326e-02
-6.8564e-02
-7.2328e-02
-5.4256e-02
-3.7555e-02
-2.5587e-02
5.0263e-03
1.2226e-02
-3.2937e-02
-5.8417e-02
-5.6901e-02
-3.0536e-02
3.9803e-03
2.9515e-02
3.5602e-02
3.7350e-02
1.2685e-02
1.0233e-02
2.2460e-02
1.0181e-02
-2.6038e-02
-6.0538e-02
-5.6859e-02
-3.9717e-02
-4.5284e-02
-6.1990e-02
-5.4433e-02
-2.9297e-02
-1.2667e-02
3.3405e-02
5.3419e-02
5.2497e-02
6.9223e-02
7.1050e-02
7.1281e-02
8.0281e-02
8.4773e-02
7.9439e-02
7.1654e-02
7.1069e-02
6.9452e-02
6.9683e-02
6.9803e-02
6.2822e-02
5.8364e-02
5.6126e-02
5.0145e-02
4.8171e-02
5.7393e-02
6.4310e-02
7.2983e-02
8.1135e-02
8.3510e-02
7.6718e-02
7.5226e-02
6.8236e-02
5.6026e-02
5.2821e-02
4.2081e-02
3.4333e-02
3.3492e-02
2.8962e-02
2.2039e-02
1.8062e-02
1.7460e-02
1.7075e-02
1.8489e-02
2.5412e-02
2.1769e-02
1.9827e-02
2.6519e-02
1.9270e-02
-1.1571e-02
-3.4403e-02
-4.7991e-02
-6.8765e-02
-6.7893e-02
-5.8509e-02
-5.3453e-02
-6.1605e-02
-7.5495e-02
-7.8586e-02
-8.9561e-02
-6.0177e-02
-4.1575e-02
-1.3205e-02
4.0592e-02
8.7583e-02
1.2795e-01
1.4030e-01
1.4422e-01
1.1300e-01
8.2581e-02
6.3968e-02
2.2851e-02
-5.3961e-03
-1.7012e-02
-3.3964e-02
-4.6901e-02
-4.9935e-02
-5.0907e-02
-5.9438e-02
-8.0274e-02
-1.0073e-01
-5.9320e-02
-4.6908e-02
-5.6910e-02
-5.5816e-02
-6.7979e-02
-8.7436e-02
-9.6755e-02
-8.7982e-02
-7.2096e-02
-6.6111e-02
-6.8653e-02
-3.9416e-02
2.7815e-02
1.0147e-01
1.1646e-01
1.3322e-01
1.6434e-01
1.3463e-01
4.8516e-02
4.8325e-02
2.3066e-02
-1.2612e-03
1.7706e-02
1.9196e-02
8.0016e-03
2.6711e-02
3.1302e-02
1.1319e-02
7.6161e-04
-2.8226e-02
-6.5398e-02
-6.5837e-02
-5.4653e-02
-5.9954e-02
-5.1734e-02
-6.4711e-02
-6.5156e-02
-3.8469e-02
-3.3516e-02
-5.6422e-02
-4.5462e-02
-3.9972e-02
-6.2341e-02
-7.0985e-02
-7.9348e-02
-8.2804e-02
-6.4511e-02
-6.7698e-02
-6.3584e-02
-3.9900e-02
-2.1329e-02
-5.1456e-03
5.7214e-03
-1.9088e-02
-4.0241e-02
-2.5867e-02
7.5748e-03
3.5390e-02
6.7840e-02
8.3841e-02
2.8759e-02
3.1620e-02
3.5090e-02
1.4855e-02
-3.0421e-02
-7.2761e-02
-7.7882e-02
-9.7625e-02
-1.0159e-01
-6.1891e-02
-6.6044e-02
-8.0332e-02
-4.0567e-02
-1.3142e-03
-8.1942e-03
2.5713e-02
6.3443e-02
-1.2990e-03
-4.4965e-02
-5.1437e-02
-7.8131e-02
-4.7405e-02
-1.3740e-02
-2.7412e-02
-2.8931e-02
-2.9880e-02
-3.2839e-02
-3.8768e-02
-1.2438e-02
1.2434e-02
-2.0982e-02
-3.9703e-02
-4.4918e-02
-9.2928e-02
-7.5359e-02
-3.4518e-02
-1.2522e-02
-9.6156e-03
-1.4548e-02
-2.1100e-02
-1.4744e-02
7.0475e-03
1.6422e-02
1.2282e-03
-5.0328e-03
1.6341e-02
3.2167e-02
4.8231e-02
6.6318e-02
6.8468e-02
5.0832e-02
3.7446e-02
4.1077e-02
3.2875e-02
2.6355e-02
2.9852e-02
3.7426e-02
5.1044e-02
6.3576e-02
7.9601e-02
9.5114e-02
9.7780e-02
1.0001e-01
1.0111e-01
9.8108e-02
9.2795e-02
8.2017e-02
6.1611e-02
4.3997e-02
2.2203e-02
1.1424e-02
1.3035e-02
7.2474e-03
-5.1934e-03
-5.5006e-03
1.6097e-02
1.6656e-02
1.3210e-02
2.5676e-02
3.5588e-02
3.4020e-02
1.3233e-02
8.0155e-03
2.3113e-02
2.0882e-02
-1.5473e-02
-8.7007e-02
-1.2302e-01
-6.0077e-02
8.4761e-02
1.5949e-02
-4.8487e-02
-1.3616e-02
3.7567e-04
-7.2423e-03
-2.0818e-02
-5.8295e-02
-1.0096e-01
-1.4845e-01
-1.5130e-01
-1.2882e-01
-1.3969e-01
-1.2164e-01
-5.6439e-02
-3.8767e-02
-7.2047e-02
-1.0350e-01
-7.3554e-02
-4.3593e-02
-2.1299e-02
2.2884e-02
7.1344e-02
1.2871e-01
2.0494e-01
2.4909e-01
1.9027e-01
1.2897e-01
1.3260e-01
9.5787e-02
5.2612e-02
1.4748e-02
-3.3565e-02
-5.1081e-02
-2.5035e-02
1.3894e-02
5.6112e-02
-6.8390e-02
-1.3160e-01
-1.3593e-01
-9.7310e-02
-1.0972e-01
-1.4239e-01
-1.1797e-01
-6.7598e-02
-7.1755e-02
-5.7384e-02
6.0341e-03
7.8025e-03
2.0809e-02
3.3305e-05
1.0583e-02
3.9994e-02
1.6304e-02
-4.7378e-03
-9.2510e-03
-2.7384e-02
-3.5652e-02
-3.7668e-02
-4.0850e-02
3.7913e-02
1.2283e-01
1.1566e-01
9.6780e-02
3.9973e-02
1.2254e-02
-3.6253e-03
-2.8223e-02
-4.1397e-02
-5.2385e-02
-6.7149e-02
-7.7289e-02
-8.0261e-02
-8.0455e-02
-6.7928e-02
-4.2125e-02
-2.2031e-02
-1.8615e-02
-3.2247e-02
-5.9302e-02
-9.7704e-02
-1.3788e-01
-4.3865e-02
1.7534e-02
-2.2316e-02
-1.3008e-02
2.4509e-02
2.7114e-02
3.2143e-02
6.4310e-02
4.9748e-02
-5.6293e-03
-6.7540e-04
3.2372e-02
1.7306e-02
-4.9388e-02
-6.3532e-02
-1.0230e-01
-1.3063e-01
-4.2435e-02
1.2876e-01
5.9837e-02
-6.8029e-03
4.0257e-02
3.5001e-02
2.9497e-02
4.4388e-02
5.1895e-02
5.9560e-02
8.0170e-02
1.0407e-01
1.0481e-01
9.4950e-02
8.0105e-02
3.5266e-02
3.1151e-02
2.4482e-02
2.5618e-04
-3.8749e-02
-4.6940e-02
-3.6831e-02
-3.7834e-02
-6.6292e-02
-8.5512e-02
-8.2731e-02
-8.7543e-02
-1.0239e-01
-1.0906e-01
-1.0137e-01
-6.1919e-02
3.2870e-03
8.8897e-03
2.6755e-02
1.0700e-01
2.2942e-01
2.9324e-01
2.4393e-01
2.1720e-01
1.9992e-01
1.3921e-01
1.0527e-01
9.7997e-02
6.8313e-02
2.8535e-02
1.1215e-02
-3.3087e-03
-1.2211e-02
-7.2904e-03
5.1844e-03
-1.0002e-02
4.3312e-03
2.9281e-02
3.5240e-02
1.2123e-02
-4.2509e-02
-9.2775e-02
-1.0183e-01
-9.2185e-02
-1.0235e-01
-7.1342e-02
-6.3582e-02
-1.1334e-01
-1.4639e-01
-1.5414e-01
-1.2310e-01
-8.1976e-02
-8.8308e-02
-9.8893e-02
-1.0532e-01
-1.3160e-01
-1.3013e-01
-6.5734e-02
-6.4618e-02
-5.7056e-02
4.3679e-03
1.0580e-01
3.3145e-01
3.8184e-01
3.1972e-01
2.8118e-01
1.8960e-01
1.3757e-01
1.4749e-01
1.7353e-01
1.4447e-01
3.4146e-02
-5.4522e-02
-1.1096e-02
7.5764e-02
7.5572e-02
4.2084e-02
3.6246e-02
2.6211e-02
-1.8969e-02
-2.0711e-02
1.2079e-02
7.7334e-03
-3.6585e-02
-7.2752e-02
-1.1104e-01
-1.5817e-01
-1.7405e-01
-1.9329e-01
-1.4891e-01
-7.3421e-02
-9.4443e-02
-1.1577e-01
-6.2656e-02
9.4418e-03
5.1964e-02
6.6609e-02
5.2934e-02
5.3227e-03
3.7230e-02
9.4169e-02
9.5622e-02
9.1813e-02
9.4126e-02
1.4730e-01
2.0090e-01
2.6573e-01
2.6157e-01
1.8736e-01
1.3990e-01
5.9806e-02
5.8387e-02
6.5566e-02
5.8158e-02
4.8075e-02
4.0018e-02
2.6500e-02
2.9956e-03
-8.9960e-03
-4.5046e-02
-7.0109e-02
-2.0734e-02
7.3449e-03
-1.8534e-02
-4.2532e-02
2.7504e-02
1.0351e-01
1.3899e-01
1.8487e-01
1.5305e-01
7.5174e-02
-4.9258e-02
-1.1067e-01
-1.6258e-01
-1.6854e-01
-7.8374e-02
-6.6182e-02
-1.5725e-01
-2.0672e-01
-2.3335e-01
-2.9795e-01
-2.9650e-01
-9.9895e-02
-2.6917e-02
4.9775e-02
1.5601e-01
5.7641e-02
3.4357e-02
6.3438e-02
3.2830e-02
7.5333e-03
-6.3878e-03
-1.3092e-02
-2.0039e-02
-2.0111e-02
-2.9361e-02
-3.5781e-02
-1.0529e-02
3.2769e-02
2.4038e-02
-5.5136e-03
-2.0804e-02
-1.0263e-02
8.1609e-02
9.2589e-02
9.9660e-02
1.2484e-01
1.0463e-01
6.0753e-02
2.1532e-02
-3.0364e-02
-9.5643e-02
-8.7905e-02
-9.7010e-03
-3.7726e-04
-3.3804e-02
-1.4367e-02
-5.1811e-03
1.9063e-02
3.9826e-02
3.9837e-02
1.7820e-02
1.7950e-02
1.3728e-02
-1.5762e-02
-2.9425e-02
1.3867e-02
9.1062e-02
1.4383e-01
7.5380e-02
-2.3855e-02
-3.4409e-03
-1.1326e-02
-3.7404e-02
-2.2644e-02
-2.8946e-02
-4.2743e-02
-4.4365e-02
-6.1096e-02
-6.5830e-02
-6.7969e-02
-7.8706e-02
-7.0426e-02
-4.1002e-02
2.1132e-02
5.2746e-02
1.1737e-01
1.3597e-01
1.3771e-01
1.4821e-01
1.4132e-01
8.7615e-02
3.1659e-02
-1.7233e-02
-8.2560e-02
-9.5259e-02
-9.5751e-02
-1.0293e-01
-1.1697e-01
-1.2121e-01
-1.0525e-01
-9.8365e-02
-1.0155e-01
-9.2068e-02
-9.1303e-02
-9.2919e-02
-6.1864e-02
-2.3245e-02
3.8578e-03
1.6844e-02
4.1711e-02
5.6133e-02
6.2889e-02
6.3194e-02
4.6591e-02
1.2997e-02
-1.1771e-02
-2.9297e-02
-3.0819e-02
-2.2984e-02
-2.5281e-02
-3.2014e-02
-4.2869e-02
-5.1550e-02
-3.9512e-02
-9.4612e-03
3.7095e-03
1.4299e-02
3.4926e-02
4.9362e-02
5.2164e-02
5.2926e-02
5.3603e-02
5.3191e-02
5.1603e-02
4.2260e-02
2.6234e-02
9.8810e-03
-2.2047e-03
-1.9058e-02
-2.6332e-02
-3.4011e-02
-4.1420e-02
-4.6753e-02
-5.1788e-02
-5.2362e-02
-5.2063e-02
-6.0336e-02
-6.4634e-02
-5.0102e-02
-2.0507e-02
4.9342e-03
2.3105e-02
4.7650e-02
8.4774e-02
1.0987e-01
8.9414e-02
6.3584e-02
4.8479e-02
2.8261e-02
1.7578e-02
7.0296e-03
-8.5598e-03
-3.7952e-02
-5.6528e-02
-5.9542e-02
-6.0152e-02
-5.4249e-02
-5.1801e-02
-3.1035e-02
-1.2421e-02
-1.3072e-02
-1.2260e-02
-4.0829e-03
6.7176e-03
1.5325e-02
1.6781e-02
1.6632e-02
2.3453e-02
2.2502e-02
3.7687e-03
1.7276e-03
-6.2275e-03
-3.7602e-02
-3.8567e-02
-2.9918e-02
-3.0514e-02
-4.0988e-02
-5.0626e-02
-5.2177e-02
-4.2089e-02
-3.0025e-02
-4.5152e-04
3.9542e-03
2.1652e-02
5.1434e-02
5.5407e-02
6.1987e-02
6.3569e-02
5.7425e-02
5.2110e-02
4.3376e-02
3.4679e-02
2.3497e-02
9.4605e-03
7.5866e-03
6.7764e-03
1.1135e-03
-4.2491e-03
-1.7355e-02
-2.6285e-02
-2.7412e-02
-4.1596e-02
-4.6860e-02
-5.0137e-02
-5.1695e-02
-4.5990e-02
-4.4361e-02
-4.3418e-02
-3.4494e-02
-2.6363e-02
-2.2513e-02
-2.9621e-02
-4.5603e-02
-4.1725e-02
-1.3254e-02
2.6833e-04
7.2472e-03
-8.8722e-03
-3.1266e-02
-2.5926e-02
-2.1849e-02
7.5006e-04
1.7523e-02
2.2247e-02
3.5211e-02
3.2697e-02
1.0872e-02
1.4910e-02
2.0671e-02
1.5370e-02
2.9432e-03
-6.8132e-04
-7.6255e-03
-2.0968e-02
-2.4406e-02
-2.8612e-02
-3.7572e-02
-3.5358e-02
-3.2596e-02
-3.4514e-02
-4.3300e-02
-3.6048e-02
4.5970e-03
3.2119e-02
4.9400e-02
4.3587e-02
2.8555e-02
3.1581e-02
4.1792e-02
3.4052e-02
2.5352e-02
2.7494e-02
3.3406e-02
4.1184e-02
4.4552e-02
3.7499e-02
2.3081e-02
1.2689e-02
1.2698e-02
1.9905e-02
1.8750e-02
2.5974e-02
3.0229e-02
2.3293e-02
1.7727e-02
1.7010e-02
1.7022e-02
1.3965e-02
4.6458e-03
-5.9372e-03
-1.3453e-02
-1.9786e-02
-2.7240e-02
-3.5133e-02
-3.8868e-02
-3.8996e-02
-3.7838e-02
-3.0445e-02
-1.6359e-02
-1.0061e-02
-5.5567e-03
1.2927e-03
2.1605e-03
4.5423e-03
1.0711e-02
1.7267e-02
2.2900e-02
2.6466e-02
2.8711e-02
2.5483e-02
2.2483e-02
2.2097e-02
1.8285e-02
1.4715e-02
1.0479e-02
2.1365e-03
-3.7388e-03
-7.2099e-03
-1.1882e-02
-1.2689e-02
-1.0826e-02
-1.3374e-02
-1.7534e-02
-2.6398e-02
-3.5304e-02
-3.3161e-02
-3.0237e-02
-3.5472e-02
-3.2410e-02
-1.7340e-02
4.6612e-03
1.2334e-02
1.7568e-02
2.7183e-02
2.0401e-02
1.3412e-02
1.0275e-02
8.0858e-03
5.9034e-03
9.5364e-04
-9.0185e-03
-1.2940e-02
-1.4237e-02
-8.6236e-03
-1.7562e-03
-4.3231e-05
4.9514e-03
9.3838e-03
6.6175e-03
6.9986e-03
6.3596e-03
-1.0024e-03
-5.1250e-03
-4.3962e-03
-1.0388e-03
-3.3468e-03
-1.0208e-02
-2.0142e-02
-2.8419e-02
-3.1628e-02
-1.3186e-02
-4.1551e-03
-4.3146e-03
2.5498e-03
9.4643e-03
1.2891e-02
7.5152e-03
6.4695e-03
9.2024e-03
5.3542e-03
1.5767e-03
1.1884e-03
6.1828e-03
9.1557e-03
7.6266e-03
7.4072e-03
7.6148e-03
5.1731e-03
1.0361e-03
-1.7962e-03
-6.6938e-03
-9.3523e-03
-7.0034e-03
-4.7830e-03
-7.8751e-03
-5.2093e-03
2.1175e-03
4.0134e-03
2.3635e-03
1.3514e-03
3.6097e-03
4.2208e-03
9.0922e-05
-1.8162e-03
-3.5936e-03
-4.6938e-03
-2.3232e-03
-2.8858e-03
-3.5918e-03
-1.7204e-03
-2.5357e-03
-4.4269e-03
-4.9109e-03
-6.0799e-03
-7.5031e-03
-8.7169e-03
-1.0035e-02
-1.0755e-02
-7.8784e-03
-7.5068e-03
-5.5364e-03
-2.9971e-03
-6.1195e-03
-6.9754e-03
-5.0271e-03
-3.6726e-03
-1.6936e-05
5.5075e-03
9.0904e-03
1.0026e-02
1.1599e-02
1.4887e-02
1.7328e-02
1.8141e-02
1.3153e-02
3.5955e-03
-1.3655e-03
9.0014e-05
2.5052e-03
3.2686e-03
3.1935e-03
5.1648e-03
7.5489e-03
1.0314e-02
8.0906e-03
6.0461e-03
6.9038e-03
5.5017e-03
1.3970e-03
-3.1874e-03
-9.6539e-03
-1.1065e-02
-1.0949e-02
-9.7065e-03
-7.5424e-03
-7.5735e-03
-8.3468e-03
-1.0384e-02
-1.1366e-02
-1.0335e-02
-1.1007e-02
-8.1988e-03
3.1661e-05
1.0213e-02
1.3412e-02
1.0122e-02
9.1708e-03
9.0882e-03
1.2316e-02
1.5955e-02
1.3957e-02
6.1699e-03
3.8724e-03
4.4777e-03
2.8793e-03
3.7315e-03
4.4062e-03
2.6906e-03
2.0305e-03
1.5313e-03
5.6810e-04
1.4305e-03
2.0274e-03
1.5784e-03
6.3380e-04
1.2489e-04
1.2178e-03
5.1323e-03
9.4013e-03
1.3264e-02
1.4840e-03
-3.8860e-03
-3.1383e-03
-1.0264e-02
-1.1973e-02
-7.7556e-03
-9.8372e-03
-9.8185e-03
-6.0811e-03
-3.9206e-03
-5.2913e-04
4.5286e-04
8.2608e-06
3.5532e-03
7.3148e-03
1.3790e-02
1.8220e-02
1.7039e-02
1.5017e-02
1.2023e-02
8.7243e-03
7.8977e-03
8.8657e-03
8.2878e-03
6.1744e-03
4.9853e-03
3.8505e-03
2.0937e-03
2.0725e-03
3.4641e-03
3.1561e-03
2.4245e-04
-4.9997e-04
2.5111e-03
-3.4953e-05
4.1666e-04
3.5789e-03
1.0054e-03
-9.8292e-04
2.1389e-05
1.6128e-03
1.9006e-03
3.5126e-03
6.4575e-03
6.9800e-03
7.6190e-03
7.7696e-03
6.1984e-03
5.1065e-03
3.8603e-03
2.1694e-03
1.6830e-03
2.3688e-03
5.0501e-03
8.9141e-03
7.7283e-03
6.0545e-03
2.3685e-03
2.6677e-04
-3.0476e-03
-3.8097e-03
-2.1585e-03
-4.7694e-03
-4.7003e-03
-2.8980e-03
-2.7956e-03
5.9449e-05
3.7982e-03
2.1358e-03
-1.4330e-03
-2.5562e-03
-4.8334e-03
-5.3594e-03
-5.7480e-03
-8.2014e-03
-1.0827e-02
-1.0423e-02
-9.3327e-03
-5.9613e-03
-2.4829e-03
-2.9803e-03
1.4003e-03
8.3841e-03
1.0672e-02
7.9480e-03
4.4603e-03
3.9480e-03
4.2741e-03
2.7338e-03
-1.8477e-03
-5.8144e-03
-4.5628e-03
-3.7951e-03
1.3653e-03
3.3481e-04
-2.1646e-03
-4.2572e-03
-7.2947e-03
-1.0204e-02
-1.0688e-02
-9.9509e-03
-1.3111e-02
-1.5394e-02
-1.3828e-02
-1.4034e-02
-1.5019e-02
-1.4493e-02
-1.2664e-02
-8.6378e-03
-2.1608e-03
-1.3032e-03
-4.2522e-03
-1.0461e-04
3.9462e-03
4.5438e-03
5.2177e-03
2.2104e-03
-6.5955e-03
-8.6836e-03
-7.5107e-03
-7.1029e-03
-4.8299e-03
-6.8774e-03
-8.6659e-03
-9.4755e-03
-1.1940e-02
-1.2120e-02
-4.7160e-03
-3.3458e-03
-1.0043e-02
-1.3207e-02
-1.5199e-02
-1.4356e-02
-1.0026e-02
-4.8133e-03
-3.0024e-03
-7.8058e-04
2.6058e-03
2.2399e-03
-2.4227e-05
-4.1595e-04
-4.3061e-04
8.5114e-05
-2.7282e-03
-6.9108e-03
-8.8058e-03
-8.6211e-03
-4.0069e-03
1.1907e-04
-1.2075e-04
-2.2259e-03
-1.3655e-03
3.0660e-04
6.9175e-04
-3.9842e-04
-2.6538e-04
1.2063e-03
1.6903e-03
1.0375e-03
4.9888e-05
-3.9368e-04
-9.2542e-04
-3.0591e-03
-4.2582e-03
-2.1537e-03
-2.3094e-03
-3.4464e-03
9.0106e-05
1.2705e-03
7.3306e-04
-1.9991e-03
-7.7004e-03
-6.3671e-03
-5.1471e-03
-4.6687e-03
-1.5592e-03
-1.8323e-03
-2.8839e-03
-8.7302e-04
5.0355e-04
1.3467e-03
3.1060e-03
1.0188e-03
-1.3710e-03
-2.0293e-03
-1.0403e-03
-7.6293e-04
1.0699e-03
5.6792e-04
-4.4259e-03
-8.6039e-04
-1.1789e-03
-1.1802e-03
9.6813e-05
-3.0474e-03
-4.8533e-03
-5.7303e-03
-5.9032e-03
-4.0240e-03
-3.3578e-03
-3.5650e-03
-3.4381e-03
-3.6279e-03
5.6326e-04
2.7128e-03
-1.3202e-03
-4.1719e-04
7.2963e-04
-1.0409e-04
2.6377e-04
5.7415e-04
3.4616e-04
-4.3637e-04
-1.2205e-03
-1.8520e-03
-2.5126e-03
-1.3824e-03
1.9913e-05
2.5046e-04
-6.8970e-04
-3.7889e-04
1.1597e-03
1.5425e-03
1.1080e-03
8.2973e-04
1.8958e-03
2.5735e-03
2.9432e-03
3.2067e-03
2.4477e-03
2.4307e-03
2.7317e-03
2.2973e-03
1.9420e-03
1.8200e-03
1.7606e-03
2.2202e-03
-1.3433e-03
-5.5249e-03
-6.7513e-03
-6.1729e-03
-4.8134e-03
-2.0459e-03
9.2087e-04
2.7938e-03
5.3653e-03
6.7563e-03
1.0366e-02
1.2812e-02
1.2761e-02
7.8272e-03
5.9269e-03
4.9922e-03
4.6623e-03
5.3030e-03
5.3060e-03
5.8132e-03
5.3590e-03
2.9036e-03
2.6062e-03
4.1252e-03
4.0969e-03
3.3627e-03
1.2771e-03
-4.3940e-05
5.2074e-04
-1.4869e-04
-1.4800e-03
2.5131e-03
4.9847e-03
6.8258e-03
1.1103e-02
1.4552e-02
1.6399e-02
1.5943e-02
1.2463e-02
8.1137e-03
2.2181e-03
1.0626e-03
-1.5362e-03
-1.3505e-03
-1.0443e-03
-1.2667e-03
-7.5824e-04
-3.6090e-04
2.1830e-03
3.4972e-03
4.9628e-03
5.1060e-03
2.6688e-03
2.2749e-03
2.1189e-03
8.9338e-04
2.2000e-04
5.5750e-05
2.2694e-03
4.0353e-03
5.3079e-03
6.8931e-03
3.5891e-03
-4.4784e-04
-1.0324e-03
-1.3035e-03
-2.0099e-03
-7.4990e-04
-1.4284e-03
-3.0610e-03
-2.0977e-03
-6.2336e-04
-3.8888e-04
6.1092e-04
1.9336e-03
2.8180e-03
2.4223e-03
1.3103e-03
-2.2182e-04
-1.6455e-03
-3.8367e-03
-5.8770e-03
-7.1540e-03
-8.4834e-03
-8.7440e-03
-9.0183e-03
-9.5833e-03
-9.7956e-03
-9.1511e-03
-7.7572e-03
-5.7794e-03
-5.4123e-04
3.3225e-03
6.8281e-03
9.9382e-03
9.4765e-03
8.5431e-03
7.4176e-03
6.5956e-03
4.1095e-03
8.6325e-04
-1.4650e-03
-3.8850e-03
-1.2501e-03
2.2405e-03
1.1930e-03
2.8602e-03
4.7697e-03
3.3391e-03
5.6164e-04
-3.8282e-03
-9.0590e-03
-8.9616e-03
-7.8704e-03
-6.1768e-03
-8.3543e-03
-8.1303e-03
-7.2700e-03
-3.5769e-03
-4.8018e-04
-4.6696e-04
-4.8463e-04
-1.5303e-03
-3.4034e-03
-4.3086e-03
-3.3949e-03
-3.4779e-03
-4.6467e-03
-3.4105e-03
-1.3816e-03
-9.7312e-04
-1.9019e-03
-2.2056e-03
-1.7935e-03
-1.9128e-03
-3.6904e-03
-4.6606e-03
-4.8154e-03
-2.7762e-03
-1.5254e-03
-2.1632e-03
-1.9547e-03
-1.3751e-03
-4.3146e-04
4.9482e-04
1.4667e-03
3.6615e-03
4.6405e-03
5.0422e-03
6.2938e-03
6.0978e-03
4.4987e-03
4.8077e-03
5.5623e-03
5.2816e-03
5.5659e-03
5.9297e-03
5.2707e-03
4.4410e-03
4.2347e-03
5.4493e-03
6.5369e-03
6.8466e-03
3.7696e-03
-9.2439e-04
-4.9232e-03
-7.8227e-03
-6.6962e-03
-4.6519e-03
-4.0365e-03
-3.7810e-03
-3.0107e-03
1.0119e-04
3.1789e-03
4.8277e-03
2.9888e-03
1.5856e-03
-2.3610e-03
-8.6057e-03
-8.4391e-03
-6.8696e-03
-5.0744e-03
-4.9104e-03
-5.1672e-03
-2.2735e-03
-1.0474e-03
-2.6721e-05
4.0264e-04
-8.3225e-04
1.0562e-04
-8.3795e-04
-2.9761e-03
-1.1544e-03
7.9474e-04
5.9705e-04
-1.1574e-03
-1.8779e-03
-6.1522e-04
4.3893e-05
-1.6963e-03
-2.8045e-03
-1.7966e-03
-1.3888e-03
-2.0203e-03
-2.4595e-03
-1.8967e-03
-1.3641e-03
-1.0735e-03
-5.2969e-04
-3.0364e-04
-1.3632e-03
-1.7596e-03
1.5117e-03
5.5709e-03
4.2685e-03
8.9387e-04
3.4943e-03
6.0311e-03
4.5832e-03
2.1807e-03
1.8269e-03
4.3551e-03
5.6614e-03
5.2110e-03
3.0122e-03
5.7849e-04
-6.0299e-04
2.2689e-03
5.1047e-03
3.9388e-03
4.1468e-04
-1.3448e-03
-3.4325e-03
-8.8793e-04
2.8814e-03
1.9447e-04
2.9875e-04
2.6201e-03
4.1870e-03
5.5474e-03
7.7288e-03
9.3837e-03
6.4607e-03
-9.1599e-05
-2.1197e-03
3.0958e-03
2.4111e-03
-1.9035e-03
-1.9372e-03
1.1471e-03
3.6305e-03
6.4985e-03
6.1533e-03
1.7685e-03
1.9439e-03
7.4403e-04
9.3626e-04
7.5903e-04
-4.2659e-03
-7.2256e-03
-6.4641e-03
-1.3067e-03
3.1188e-03
-9.5234e-04
-3.9303e-03
-2.7579e-03
-1.6498e-03
-2.0221e-03
-1.5054e-03
-2.5727e-03
-3.9476e-03
-4.6525e-03
-4.7277e-03
-1.9181e-03
-1.8698e-04
-1.5594e-04
5.8583e-04
3.0362e-03
4.5215e-03
6.9422e-03
6.9431e-03
2.9256e-03
2.0939e-04
-1.8883e-03
-2.7732e-03
-3.9800e-03
-5.3595e-03
-6.1916e-03
-6.2354e-03
-4.0903e-03
-2.7467e-03
-2.9304e-03
-3.7309e-03
-3.0395e-03
-5.8681e-04
1.0025e-03
3.2008e-03
7.5328e-03
9.9339e-03
9.8697e-03
1.0884e-02
1.1974e-02
1.1460e-02
9.6450e-03
6.8039e-03
3.5095e-03
5.8862e-04
-2.7198e-03
-3.6957e-03
-5.1632e-04
-8.6569e-04
-3.2740e-03
-3.3045e-03
-3.1758e-03
-1.4277e-03
1.9003e-03
3.6369e-03
1.0776e-03
-8.5483e-04
-1.4732e-03
-7.7386e-04
3.7391e-04
-1.5441e-04
1.9239e-04
1.5734e-03
3.2492e-03
3.4104e-03
3.6568e-03
4.1908e-03
4.3452e-03
5.2797e-03
6.5009e-03
7.3378e-03
8.5254e-03
9.7379e-03
9.3596e-03
7.0153e-03
4.7909e-03
3.7039e-03
2.1683e-03
-8.1793e-04
-4.7481e-03
-6.6786e-03
-4.7012e-03
-4.2625e-03
-4.1106e-03
-2.7644e-03
-1.9675e-03
-1.2251e-03
-2.9668e-04
5.1873e-04
4.3484e-05
-2.5848e-03
-4.6947e-03
-1.0172e-02
-1.0131e-02
-1.0085e-02
-1.0974e-02
-8.7401e-03
-8.5440e-03
-8.0266e-03
-7.3122e-03
-7.0316e-03
-3.3443e-03
-5.3031e-05
4.5113e-03
9.6164e-03
1.2899e-02
1.2411e-02
1.3351e-02
1.6353e-02
1.5485e-02
9.0114e-03
7.2937e-04
-6.3569e-03
-1.1500e-02
-1.4651e-02
-1.3452e-02
-1.4256e-02
-1.3799e-02
-8.5344e-03
-6.3766e-03
-6.5600e-03
-2.5205e-03
1.4083e-03
3.0924e-03
5.4707e-03
5.5442e-03
2.6596e-03
2.3642e-03
4.0641e-03
2.5162e-03
-6.5370e-04
-1.9754e-03
-3.4728e-03
-2.3470e-03
-1.2579e-04
-6.7310e-04
-3.0493e-03
-6.7354e-03
-6.5472e-03
-5.9330e-03
-5.0770e-03
-3.1150e-03
-1.0208e-03
1.9809e-04
1.7568e-03
3.0166e-03
2.9821e-03
4.8134e-03
7.6467e-03
1.0241e-02
1.0529e-02
7.6618e-03
4.8555e-03
2.6117e-03
2.8641e-04
-1.1495e-03
-1.8347e-03
-3.1709e-03
-5.2616e-03
-7.2038e-03
-7.7595e-03
-8.5929e-03
-9.1074e-03
-6.8501e-03
-3.7094e-03
-1.9454e-03
6.0556e-04
3.4053e-03
4.5726e-03
4.3208e-03
5.1496e-03
5.5300e-03
4.0160e-03
1.8936e-03
1.1463e-03
3.5048e-03
4.5358e-03
2.5405e-03
2.5028e-04
-1.0129e-03
-1.1538e-03
-8.3297e-04
-2.8726e-03
-5.9338e-03
-7.1149e-03
-5.5295e-03
-2.4658e-03
-5.3529e-05
9.8517e-04
-2.9839e-03
-4.0111e-03
-4.3689e-03
-4.6152e-03
-1.2615e-03
-3.5489e-04
5.9829e-04
2.8781e-03
4.7049e-03
6.1498e-03
5.4410e-03
4.3837e-03
2.7079e-03
-2.0608e-03
-3.5192e-03
-4.2242e-03
-6.7651e-03
-7.7540e-03
-6.7206e-03
-6.6360e-03
-6.4449e-03
-4.4942e-03
-2.8541e-03
-1.5319e-03
1.3131e-03
4.6890e-03
7.3143e-03
7.0678e-03
4.9566e-03
5.1768e-03
5.3124e-03
8.1698e-03
7.1566e-03
3.4893e-03
-6.3855e-03
-8.1691e-03
-5.2478e-03
-5.1133e-03
-6.3409e-03
-7.1616e-03
-7.4984e-03
-7.0317e-03
-2.9568e-03
-1.6798e-04
-2.4736e-03
-4.3696e-03
-4.7397e-03
-2.5399e-03
3.6576e-03
4.4433e-03
2.2864e-03
3.2242e-03
3.9387e-03
4.4727e-03
5.0616e-03
5.8237e-03
6.6192e-03
7.0528e-03
5.4021e-03
4.1923e-03
3.3875e-03
3.2994e-03
4.8349e-03
2.9299e-03
9.5962e-04
3.6382e-04
-1.3824e-03
-3.1225e-03
-4.6127e-03
-6.4585e-03
-8.4250e-03
-1.0850e-02
-1.2563e-02
-9.6116e-03
-6.7789e-03
-3.3412e-03
2.3384e-03
7.5332e-03
9.4847e-03
9.7996e-03
1.0179e-02
1.0089e-02
7.6036e-03
2.3847e-03
2.5996e-03
2.3342e-03
1.1225e-04
-6.4783e-04
-3.2334e-03
-5.4930e-03
-3.8709e-03
-3.0131e-03
-3.6305e-03
-4.0903e-03
-2.7559e-03
7.4680e-04
3.0833e-03
4.8113e-03
2.5714e-03
6.5924e-05
-1.7629e-03
-2.9216e-03
-2.1278e-03
-3.1307e-03
-5.5257e-03
-6.6262e-03
-5.5032e-03
-3.3785e-03
-2.6434e-03
-2.0004e-03
-2.9584e-03
-1.7308e-03
1.3196e-03
2.4026e-03
3.7032e-03
3.3332e-03
3.1357e-03
3.8483e-03
4.0628e-03
2.0461e-03
6.6082e-05
-1.0542e-03
2.6480e-04
3.4922e-03
4.7615e-03
5.3052e-03
6.0697e-03
6.9449e-03
6.9306e-03
7.1443e-03
7.8344e-03
6.6768e-03
4.3341e-03
2.9752e-03
7.3349e-04
-8.1190e-04
-7.9167e-04
-1.6231e-03
-2.3482e-03
-2.6516e-03
-3.1131e-03
-2.6774e-03
-1.9723e-03
-2.7496e-03
-3.3476e-03
-2.2985e-03
-6.1656e-04
9.2402e-06
6.2778e-04
1.6759e-03
3.4342e-03
5.1707e-03
6.0324e-03
6.9561e-03
8.0738e-03
7.9481e-03
6.6136e-03
5.4291e-03
4.0976e-03
2.1117e-03
4.2844e-04
-5.3456e-04
1.1657e-03
1.8918e-03
4.3074e-04
9.9674e-04
3.6357e-03
4.3413e-03
4.1868e-03
2.8625e-03
1.7654e-03
5.5356e-04
-1.8762e-03
-3.6166e-03
-2.0738e-03
-4.5367e-04
1.5752e-04
2.3128e-03
3.8885e-03
4.3813e-03
5.6474e-03
6.7461e-03
6.0833e-03
4.2354e-03
3.6590e-03
4.9182e-03
7.3116e-03
8.3338e-03
5.8383e-03
1.0965e-03
-5.1977e-04
2.0377e-03
2.9301e-03
3.2550e-03
3.3664e-03
2.3678e-03
1.4519e-03
-8.0430e-04
-2.0362e-03
-1.9193e-03
-2.7677e-03
-3.4112e-03
-2.4882e-03
1.0474e-03
3.0676e-03
4.0549e-03
6.2471e-03
8.1355e-03
7.9198e-03
5.0106e-03
3.5864e-03
1.0048e-03
-3.1720e-03
-6.2163e-03
-8.7874e-03
-5.5999e-03
-3.3713e-03
-6.2134e-03
-5.9174e-03
-3.2234e-03
-1.7835e-03
-8.6063e-04
2.6362e-04
1.4636e-03
1.4444e-03
5.5715e-05
-1.8725e-04
9.2278e-04
1.5868e-03
1.1320e-03
3.4813e-04
1.7343e-04
1.9615e-04
1.1033e-03
-1.3403e-04
-2.9626e-03
-3.5004e-03
-4.4188e-03
-5.9577e-03
-5.3902e-03
-5.2902e-03
-6.3940e-03
-5.4733e-03
-4.4426e-03
-3.5641e-03
-1.3820e-03
9.9759e-04
3.5642e-03
3.6207e-03
3.2454e-03
2.2773e-03
3.7538e-04
-1.4257e-03
-3.2474e-03
-2.5829e-03
5.3033e-04
5.2161e-04
-1.1126e-03
-1.0812e-03
-2.2520e-04
4.4790e-04
8.1090e-04
8.4696e-04
7.7889e-04
1.2807e-03
1.9649e-03
2.1018e-03
7.2555e-04
-5.0207e-04
-1.3115e-03
-1.9942e-03
-2.2171e-03
-2.7329e-03
-3.3058e-03
-3.9484e-03
-4.5305e-03
-5.1569e-03
-4.7769e-03
-3.4413e-03
-4.3309e-03
-6.5925e-03
-7.4668e-03
-7.9293e-03
-5.1319e-03
-3.0489e-03
-1.6322e-03
-4.4614e-04
2.8744e-04
1.4880e-03
3.4134e-03
3.8264e-03
1.1670e-03
-1.2015e-04
-1.9268e-03
-3.5245e-03
-2.1262e-03
-1.8281e-03
-2.9974e-03
-4.4605e-03
-5.2451e-03
-6.4147e-03
-4.7139e-03
-1.0356e-03
-8.0708e-04
-2.1189e-03
-1.5815e-03
-9.3714e-04
-8.9923e-04
-1.5198e-03
-3.4463e-03
-4.7227e-03
-6.0883e-03
-7.8486e-03
-8.9192e-03
-6.1589e-03
-3.6737e-03
-3.0762e-03
-2.6868e-03
-1.6924e-03
-9.1317e-04
1.3642e-03
4.0318e-03
4.2646e-03
2.8726e-03
3.0419e-03
3.9923e-03
5.3015e-03
6.0874e-03
6.8357e-03
6.9321e-03
6.1553e-03
4.9986e-03
1.6388e-03
-3.9238e-04
-2.3814e-03
-6.1797e-03
-9.1196e-03
-1.0407e-02
-1.2465e-02
-1.4221e-02
-1.4370e-02
-1.3560e-02
-1.1049e-02
-6.0328e-03
-3.2263e-03
-1.3006e-03
1.3908e-03
3.3241e-03
5.2784e-03
6.9524e-03
6.1154e-03
6.1544e-03
7.2521e-03
6.4839e-03
5.2517e-03
4.8646e-03
3.4964e-03
2.0273e-03
9.0480e-04
-2.4844e-04
2.6839e-05
8.0268e-05
-1.8919e-04
-1.1307e-04
-2.8133e-04
-4.3815e-04
-4.9310e-04
-1.1876e-04
3.3078e-04
8.1884e-04
1.9642e-03
2.9180e-03
3.6278e-03
2.8055e-03
1.6283e-03
1.0402e-03
4.7353e-05
-3.1346e-04
-5.9449e-04
-1.1740e-03
-1.5025e-03
-1.6891e-03
-3.4073e-04
1.5634e-03
2.5872e-03
3.3404e-03
4.4107e-03
4.9327e-03
4.1824e-03
2.3662e-03
1.3038e-03
3.3544e-04
-8.3731e-04
2.0505e-04
7.5165e-04
-1.2624e-04
1.7001e-04
9.0600e-04
1.1351e-03
1.4478e-03
1.3962e-03
1.1094e-03
1.5034e-03
1.7231e-03
1.4708e-03
9.1280e-04
5.8132e-04
6.5762e-04
1.2196e-03
1.4485e-03
1.7955e-03
2.2812e-03
2.6692e-03
2.9542e-03
2.4825e-03
2.1549e-03
1.9973e-03
1.9257e-03
2.1097e-03
2.1292e-03
2.4594e-03
3.4254e-03
4.1149e-03
4.7931e-03
5.1859e-03
4.3681e-03
3.9841e-03
3.8216e-03
4.3202e-03
4.5883e-03
3.6550e-03
3.2056e-03
2.9075e-03
2.6208e-03
2.9518e-03
2.9973e-03
2.3293e-03
9.9567e-06
-1.2789e-03
-4.3998e-04
1.4292e-04
2.7205e-04
1.6140e-04
-1.5141e-03
-2.5076e-03
-2.8616e-03
-2.8602e-03
-8.1703e-04
8.3388e-04
1.3949e-03
1.2460e-03
1.7307e-03
2.7660e-03
3.3748e-03
3.7923e-03
2.7979e-03
1.7921e-03
1.6440e-03
3.7791e-03
4.9161e-03
4.5220e-03
5.3836e-03
5.7454e-03
2.4227e-03
-7.7299e-04
-1.0508e-03
-2.8314e-03
-5.8270e-03
-9.0354e-03
-1.1323e-02
-9.1035e-03
-7.2601e-03
-8.5069e-03
-7.4538e-03
-4.5596e-03
-1.8863e-04
2.2741e-03
3.7480e-03
5.2097e-03
6.0810e-03
7.0601e-03
7.1575e-03
5.1787e-03
3.8103e-03
2.7164e-03
1.6885e-03
7.0539e-04
-3.3382e-04
-1.2448e-03
-2.1308e-03
-3.0553e-03
-3.9650e-03
-4.8653e-03
-5.7810e-03
-6.7903e-03
-7.8291e-03
-8.2614e-03
-6.6415e-03
-5.6360e-03
-4.7939e-03
-2.2740e-03
3.9179e-04
1.9587e-03
2.5567e-03
1.8738e-03
8.6141e-04
3.0218e-04
2.9918e-04
6.1932e-04
4.7523e-05
-7.4957e-04
-9.9689e-04
-2.1974e-04
1.2659e-03
1.8441e-03
1.4327e-03
1.0518e-03
-2.7741e-04
-1.6142e-03
-2.7908e-03
-4.2183e-03
-4.0419e-03
-2.4074e-03
-2.4886e-03
-2.5640e-03
-1.9321e-03
-8.6952e-04
1.2101e-03
2.3743e-03
8.1734e-04
-1.2960e-03
-2.4140e-03
-2.7143e-03
-3.2670e-03
-3.9841e-03
-4.1458e-03
-2.9088e-03
-1.5542e-03
9.7678e-04
3.3543e-03
1.5967e-03
2.0481e-03
2.5486e-03
2.5445e-03
2.8239e-03
1.6079e-03
-5.3542e-04
-2.7801e-03
-2.9380e-03
-9.3417e-04
-1.0076e-03
-2.0931e-03
-2.1095e-03
-1.6766e-03
2.6846e-05
1.3146e-03
2.4564e-03
2.3976e-03
1.3203e-03
2.7100e-03
4.0926e-03
4.2773e-03
5.0504e-03
4.4397e-03
3.6002e-03
3.1457e-03
1.8386e-03
6.8426e-04
-3.1713e-04
-1.5163e-03
-2.6621e-03
-2.0813e-03
-6.2062e-06
5.5778e-04
1.6042e-03
2.8900e-03
2.2122e-03
1.9232e-03
2.0242e-03
1.5489e-03
1.2076e-03
9.6713e-04
6.2706e-04
7.9739e-04
2.1482e-03
2.5886e-03
1.3813e-03
9.9781e-04
1.0663e-03
1.2727e-03
1.3473e-03
1.5103e-03
1.7728e-03
1.6311e-03
1.1783e-03
1.0752e-03
1.3060e-03
1.4385e-03
1.5173e-03
1.7277e-03
1.8590e-03
1.3101e-03
5.6012e-04
1.2623e-04
-3.4967e-05
3.7240e-04
-9.6925e-05
-1.1546e-03
-1.6004e-03
-2.0705e-03
-1.2754e-03
-6.2749e-04
-2.9430e-04
4.4093e-04
7.9973e-04
1.1304e-03
1.6160e-03
1.7867e-03
5.1032e-04
-6.5259e-04
-1.4350e-03
-2.6902e-03
-3.0319e-03
-2.2166e-03
-2.1605e-03
-1.5201e-03
-4.6614e-04
2.0706e-04
1.0396e-03
1.8762e-03
1.3384e-03
7.8461e-04
-1.0422e-04
-1.1778e-03
-1.9987e-03
-1.6165e-03
-1.0685e-03
-9.9107e-04
-8.2685e-04
-8.4271e-04
-7.8047e-04
-2.5539e-04
1.0790e-03
1.9038e-03
4.5128e-04
-2.1540e-03
-3.4198e-03
-4.2747e-03
-3.5024e-03
-2.5883e-03
-2.0218e-03
-9.5980e-04
4.6975e-05
5.3710e-04
1.0575e-03
1.7165e-03
2.2249e-03
2.3392e-03
1.5132e-03
1.0464e-03
6.1636e-04
-3.5371e-04
-1.4410e-03
-2.1763e-03
-1.3892e-03
-7.4650e-05
1.3904e-04
-4.0723e-04
-4.7089e-04
-5.8383e-04
-1.0493e-03
-1.8121e-03
-2.7047e-03
-3.4377e-03
-4.2897e-03
-4.7586e-03
-4.0916e-03
-3.0741e-03
-2.1863e-03
-1.5943e-03
-8.5454e-04
-6.0105e-05
-2.4757e-04
-4.6172e-04
8.9032e-04
9.8306e-04
4.7757e-04
6.9480e-04
7.2418e-04
5.8805e-04
1.9210e-04
-6.2900e-05
1.0003e-04
-5.4197e-05
-8.5084e-04
-1.4877e-03
-2.0043e-03
-2.7353e-03
-3.1333e-03
-2.7961e-03
-2.7788e-03
-3.0071e-03
-3.1574e-03
-3.2519e-03
-2.6997e-03
-1.4702e-03
-8.0663e-04
-3.2935e-04
-7.2393e-04
-8.4132e-04
-3.6020e-04
-1.4618e-04
-8.7853e-04
-1.1191e-03
-1.3128e-03
-1.4844e-03
-8.0099e-04
-3.8796e-04
-7.4802e-05
4.3869e-04
8.8872e-04
1.3088e-03
1.5399e-03
9.4839e-04
6.1263e-04
8.9242e-04
1.2188e-03
1.3026e-03
1.0697e-03
-2.5890e-05
-7.0194e-04
-6.9402e-04
-5.1015e-04
-6.7924e-04
-8.4034e-04
-9.7830e-04
-7.6185e-04
-2.6138e-04
-4.7037e-04
-1.0738e-03
-1.2513e-03
-1.6119e-03
-1.9325e-03
-6.3709e-04
5.2810e-04
7.4979e-04
1.6152e-03
1.5034e-03
1.1893e-03
1.2615e-03
8.2728e-04
3.5914e-04
6.4041e-05
-9.2619e-05
5.4991e-05
-2.3250e-04
-6.2799e-04
-1.4995e-04
1.2430e-03
2.5625e-04
-2.2327e-03
-3.0137e-03
-3.0555e-03
-1.6083e-03
-9.9636e-04
-1.1050e-03
-1.6697e-03
-1.1050e-03
1.2046e-03
4.1011e-03
5.2317e-03
5.8767e-03
6.4178e-03
5.6520e-03
4.7448e-03
3.0536e-03
1.6740e-03
2.9081e-04
-7.0337e-04
-1.6213e-03
-2.5249e-03
-2.0873e-03
-1.9225e-03
-2.6246e-03
-2.7832e-03
-1.8492e-03
-1.7652e-03
-2.6567e-03
-1.9085e-03
-1.1122e-04
3.8965e-04
1.1219e-03
2.2041e-03
3.0317e-03
3.8519e-03
3.6244e-03
2.3433e-03
1.9492e-03
1.1814e-03
1.6570e-04
-6.1472e-04
-1.1223e-03
-1.1284e-03
-1.4910e-03
-1.8392e-03
-2.3630e-03
-3.0414e-03
-3.5839e-03
-3.7054e-03
-2.6323e-03
-2.0332e-03
-1.7428e-03
-1.0766e-03
-4.7981e-04
-1.4853e-04
-7.6204e-04
-1.1194e-03
-9.4195e-04
-1.1553e-03
-1.5572e-03
-2.0293e-03
-2.4211e-03
-2.4888e-03
-4.6306e-05
1.8949e-03
2.3456e-03
1.2324e-03
8.6732e-04
5.4721e-04
6.5807e-04
1.0715e-03
2.4102e-04
-6.5934e-04
-1.0630e-03
-1.8650e-03
-1.3072e-03
6.3117e-04
1.4065e-03
1.7795e-03
3.5196e-04
-5.4359e-04
-9.8708e-04
-1.6418e-03
-2.3490e-03
-2.9815e-03
-4.0816e-03
-4.9416e-03
-3.4299e-03
-1.3546e-03
-9.9278e-04
-6.0882e-05
1.3924e-03
2.9139e-03
3.3361e-03
1.9449e-03
1.6572e-03
1.6930e-03
1.1014e-03
4.7388e-04
-3.8014e-04
-1.1609e-03
-1.7040e-03
-7.1887e-04
-3.3922e-05
3.4107e-04
4.9893e-04
-3.5149e-04
-5.7157e-04
-4.4173e-04
-7.0025e-04
-5.5699e-04
-1.3882e-06
2.2494e-04
5.6538e-04
6.8758e-04
-7.0924e-06
8.2015e-05
1.0341e-03
1.8015e-03
1.9626e-03
1.0971e-03
9.6544e-04
7.2501e-04
2.0139e-05
-9.5524e-04
-1.0518e-03
-1.0924e-03
-1.5233e-03
-1.4574e-03
-9.9048e-04
-8.1429e-04
-4.7150e-04
2.0549e-04
4.9582e-04
-5.3653e-05
-1.1029e-04
5.5835e-04
1.2520e-03
1.8906e-03
2.1292e-03
2.1551e-03
1.9018e-03
1.0053e-03
2.4237e-04
1.7652e-05
-4.3180e-04
-1.8550e-03
-2.6250e-03
-3.2353e-03
-3.7785e-03
-2.5883e-03
-9.8369e-04
-3.2394e-04
-4.6921e-05
-1.4280e-03
-1.8641e-03
4.0290e-04
3.0493e-03
6.6053e-03
4.2005e-03
-1.2384e-03
-4.1703e-03
-3.4585e-03
-1.8097e-03
-6.4803e-04
-1.1622e-03
-6.5175e-04
-1.1440e-04
-2.0219e-04
-5.4643e-04
-1.0435e-03
-2.2585e-04
1.6252e-03
-3.9355e-04
-2.6162e-03
-2.8720e-03
-1.5041e-03
9.6213e-04
2.7699e-03
4.2030e-03
2.2542e-03
1.1607e-03
3.3302e-03
4.2472e-03
2.7364e-03
4.9832e-04
-2.1771e-03
-2.6753e-03
-1.5934e-03
-6.6431e-04
-8.7822e-05
-1.0488e-03
-8.1118e-04
1.9169e-04
-4.6007e-05
-5.9712e-04
-1.2548e-03
-1.8985e-03
-2.3770e-03
-2.1079e-03
-9.1775e-04
-2.0066e-05
3.6002e-04
2.7852e-04
4.7763e-04
1.5045e-03
2.5757e-03
3.1356e-03
3.0287e-03
1.5415e-03
5.7307e-04
1.1890e-03
1.4799e-03
4.5748e-04
2.3734e-04
5.6526e-04
1.0843e-03
1.9001e-03
2.4730e-03
8.4803e-04
7.7410e-04
4.7259e-04
-5.2139e-04
-8.1493e-04
-4.6432e-04
-6.9231e-04
-8.6996e-04
-8.1558e-04
-9.0241e-04
-4.2640e-04
1.2076e-03
2.4590e-03
2.4676e-03
2.0348e-03
1.8074e-03
1.0906e-03
-1.0726e-04
-1.1669e-03
-1.9761e-03
-1.2406e-03
-3.5636e-04
3.7112e-05
9.7353e-04
1.9025e-03
2.0705e-03
1.7025e-03
1.2114e-03
4.8830e-04
-2.1282e-04
-1.5933e-04
6.0251e-04
1.0290e-03
2.2036e-03
3.2996e-03
3.2808e-03
1.8071e-03
1.7814e-03
1.9439e-03
9.3511e-04
3.3581e-04
7.8614e-05
5.6315e-04
1.0041e-03
6.0736e-04
4.7139e-04
9.8673e-04
1.2878e-03
1.0462e-03
4.9681e-04
1.8638e-04
-7.7065e-04
-1.7667e-03
-2.4083e-03
-3.0893e-03
-2.5187e-03
-1.7498e-03
-1.2133e-03
2.8081e-04
1.8994e-03
3.1818e-03
4.2332e-03
3.4403e-03
2.0836e-03
5.6391e-04
-3.4300e-04
-7.5519e-04
-7.9265e-04
-1.1956e-03
-3.3151e-03
-4.3465e-03
-2.6564e-03
-4.1359e-04
1.3716e-04
3.2382e-04
2.5768e-04
-6.4748e-04
-1.5494e-03
-2.0273e-03
-1.7888e-04
2.3230e-04
-2.0918e-03
-2.6191e-03
-2.9033e-03
-1.2811e-03
1.8843e-03
4.4619e-03
3.9398e-03
2.4237e-03
1.1583e-04
-2.4545e-04
-8.1973e-05
-8.4567e-04
-1.8736e-03
-4.1829e-03
-5.8360e-03
-5.1407e-03
-1.3751e-03
5.0416e-05
1.8536e-03
3.9628e-03
4.3044e-03
2.7813e-03
1.9305e-03
2.9473e-03
1.9005e-03
-2.3359e-04
-9.3350e-04
-2.6714e-03
-4.2207e-03
-1.1198e-03
2.4252e-03
1.9362e-03
1.3201e-04
-1.9566e-03
-3.6645e-03
-3.3295e-03
-1.3971e-03
-3.9650e-04
-1.4806e-03
-2.0079e-03
-1.3341e-03
1.3655e-03
2.0621e-03
2.5434e-03
5.3994e-03
6.1005e-03
1.9539e-03
-2.7518e-03
-2.0798e-03
5.3561e-05
7.0435e-04
-1.1924e-03
-3.4327e-03
-5.0170e-03
-5.6508e-03
-7.7655e-04
4.8822e-03
5.8382e-04
-3.2319e-03
-6.8355e-03
-5.2986e-03
-1.8312e-03
2.0857e-03
1.0028e-02
1.0531e-02
3.0764e-03
-6.8187e-04
2.0716e-03
4.2888e-03
-2.1172e-04
-4.4160e-03
-3.8228e-03
-5.4104e-03
-7.3522e-03
-5.3323e-03
9.3947e-04
1.6682e-03
-6.3954e-04
-8.7360e-04
-3.0004e-03
-3.3928e-03
-1.3625e-04
2.9983e-03
3.9989e-03
1.5244e-03
2.6341e-03
2.8562e-03
-2.1657e-04
-2.2306e-03
-1.3710e-03
2.4104e-03
2.0816e-03
-1.0816e-03
-7.7290e-03
-8.8554e-03
-2.9673e-03
9.1989e-04
2.9179e-03
1.9311e-03
5.5471e-04
-1.0995e-05
-1.5530e-03
-5.0110e-04
7.4532e-03
1.2142e-02
3.9717e-03
-7.4730e-03
-9.6365e-03
-3.2475e-03
6.4296e-03
5.4594e-03
-5.1922e-03
-1.0419e-02
-1.1395e-02
-4.8789e-04
1.1304e-02
1.5107e-02
2.3354e-03
-1.0841e-02
-1.0332e-02
-3.2073e-03
1.0290e-02
1.9371e-02
7.1849e-03
-7.0278e-03
-1.0041e-02
-1.2390e-02
-5.8423e-03
1.5828e-02
2.0530e-02
7.0672e-03
-3.5202e-03
-1.1470e-02
-1.7623e-02
-7.5956e-03
1.3154e-02
1.5013e-02
-3.5327e-03
-9.3913e-03
-1.3780e-02
-1.2250e-02
8.8865e-05
1.6312e-02
1.8247e-02
5.7082e-03
-3.3495e-03
5.5941e-03
2.0290e-02
2.4774e-02
2.9795e-02
1.8144e-02
-5.2953e-05
-5.4753e-03
-1.2779e-02
-1.2036e-02
-6.4308e-03
-1.7224e-02
-2.2953e-02
-1.3776e-02
-4.9438e-03
-1.2674e-02
-1.2586e-02
-8.6013e-03
-5.6683e-03
1.0384e-02
1.4291e-02
4.8018e-03
5.6162e-03
8.1478e-04
-9.7944e-03
-1.1773e-02
-6.9001e-03
-2.4905e-03
9.8203e-04
-1.7847e-03
5.4861e-04
9.2838e-03
1.3056e-02
6.6705e-03
2.2982e-03
3.9891e-04
-3.6866e-03
-2.9236e-03
4.2556e-03
5.7360e-03
8.1659e-04
-3.1718e-03
-4.7175e-03
-6.3804e-03
-6.6782e-03
-6.5922e-03
-4.6288e-04
1.0319e-02
-6.9025e-04
-4.4148e-03
4.9663e-03
1.0141e-02
5.0986e-03
-4.7004e-03
-9.2756e-03
-9.1007e-03
-2.4364e-03
3.2196e-03
-3.6138e-03
-3.6825e-03
1.2503e-03
2.1866e-03
4.6752e-03
8.8870e-03
9.7464e-03
7.1595e-03
4.6178e-03
5.1037e-03
7.4304e-03
9.3723e-03
7.2970e-03
8.2299e-03
1.1549e-02
1.2323e-02
1.2272e-02
7.9067e-03
7.9127e-04
-2.3555e-03
-3.8425e-03
-7.6779e-03
-1.6404e-02
-2.8079e-02
-2.8521e-02
-9.7181e-03
4.3274e-03
4.3017e-03
2.7120e-03
4.5202e-03
1.2426e-02
1.6895e-02
1.9560e-02
2.3874e-02
1.7046e-02
1.1399e-03
-1.0783e-02
-2.0308e-02
-2.3832e-02
-2.4070e-02
-2.3093e-02
-2.2285e-02
-1.5723e-02
-6.3361e-03
4.4498e-03
1.0882e-02
1.6654e-02
2.2075e-02
1.7596e-02
9.4967e-03
9.6328e-03
7.1172e-03
2.2291e-03
-2.6254e-03
-8.1531e-03
-7.1769e-03
-3.0937e-03
-1.6300e-03
-1.1711e-03
-2.0354e-03
-3.6954e-03
-1.4310e-03
3.3150e-03
2.4027e-03
-3.8958e-03
-3.5666e-03
-7.1257e-03
-1.1554e-02
-1.3216e-02
-1.3862e-02
-1.2236e-02
-1.1096e-02
-1.1424e-02
1.6625e-06
1.3852e-02
1.2486e-02
8.8286e-03
1.6772e-02
2.5944e-02
2.8946e-02
1.3980e-02
8.4634e-04
5.3704e-03
2.1603e-03
-4.5713e-03
-5.3067e-03
-4.4272e-03
-9.2910e-04
-4.9778e-04
-7.0484e-03
-1.1867e-02
-1.5963e-02
-1.9836e-02
-2.2560e-02
-1.4584e-02
-9.5414e-03
-4.7610e-03
1.5068e-02
2.8336e-02
3.5410e-02
3.2936e-02
2.7390e-02
2.1682e-02
2.0519e-02
1.2135e-02
-5.2256e-03
-1.2960e-02
-2.2284e-02
-3.2567e-02
-3.6197e-02
-2.7284e-02
-1.7972e-02
-9.8817e-03
-1.1375e-02
-1.4271e-02
-9.4592e-03
2.4554e-03
9.5362e-03
8.1730e-03
1.1607e-02
1.3111e-02
2.7848e-03
-5.2935e-03
-5.5549e-03
-6.7194e-03
-1.9769e-03
2.5942e-03
5.7261e-03
1.0090e-02
9.9824e-03
7.7246e-03
1.0538e-02
1.1421e-02
1.0950e-02
1.0566e-02
6.4409e-03
1.7973e-05
-1.7860e-03
-4.6197e-03
-1.0652e-02
-1.2937e-02
-9.1234e-03
-7.5976e-03
-8.4579e-03
-1.0469e-02
-1.1325e-02
-7.5901e-03
-5.1616e-03
-5.9283e-03
-4.7638e-03
-2.1866e-03
2.9378e-03
5.7866e-03
6.6985e-03
1.0048e-02
1.2831e-02
1.5390e-02
1.8625e-02
1.8824e-02
1.5518e-02
9.4852e-03
4.1603e-03
2.6219e-03
-1.6941e-03
-4.4082e-03
-4.9731e-03
-4.4268e-03
-6.5037e-03
-9.2460e-03
-1.1091e-02
-9.9117e-03
-4.1218e-03
-2.7783e-03
-2.5410e-03
-1.3058e-03
7.4173e-05
4.0963e-03
6.5235e-03
2.3528e-03
-3.2636e-04
-4.0406e-04
-1.0014e-03
-1.3543e-03
-1.5801e-03
-3.1516e-03
-4.6273e-03
-4.7648e-03
-3.3813e-03
-3.0473e-03
-2.6247e-03
-1.1152e-03
7.3908e-04
1.9091e-03
3.1079e-03
4.2701e-03
4.0269e-03
4.4027e-03
4.9813e-03
4.2660e-03
2.4105e-03
4.0248e-04
-1.4271e-03
-1.2907e-03
-1.5985e-03
-1.7199e-03
-1.7272e-03
-2.3810e-03
-2.7013e-03
-3.1395e-03
-3.8225e-03
-4.3115e-03
-3.6296e-03
-2.9036e-03
-3.1913e-03
-3.2415e-03
-1.7372e-03
1.3742e-03
4.1850e-03
5.8203e-03
7.1955e-03
8.8229e-03
1.0153e-02
1.0925e-02
1.0237e-02
6.3511e-03
3.4265e-03
4.3375e-03
4.1923e-03
3.1991e-03
8.9053e-04
-1.7663e-03
-2.9890e-03
-2.0456e-03
-1.3374e-03
-2.6531e-03
-4.0225e-03
-4.1445e-03
-1.6156e-03
9.5740e-04
-3.6753e-04
-7.3612e-04
1.9461e-04
3.6850e-04
4.1343e-04
7.0397e-04
3.4940e-04
-2.7521e-05
-1.9364e-04
-2.8243e-04
1.4443e-04
5.4090e-04
3.5316e-04
-4.5863e-05
-1.0843e-05
-1.6918e-04
2.0388e-04
1.5117e-03
2.6211e-03
3.0626e-03
2.2884e-03
2.1161e-03
1.7937e-03
2.2852e-04
-1.4623e-03
-2.2578e-03
-1.7198e-03
-2.2135e-03
-3.2637e-03
-3.3663e-03
-3.5801e-03
-4.7284e-03
-5.5338e-03
-3.6398e-03
-2.1443e-03
-6.8967e-04
8.1505e-04
2.1598e-03
3.1730e-03
2.3949e-03
1.7135e-03
2.8279e-03
4.3350e-03
5.0311e-03
3.7313e-03
2.0779e-03
1.1986e-03
-2.1473e-04
-6.6663e-04
-2.7597e-04
-6.2410e-04
-9.2925e-04
-1.8514e-03
-3.4708e-03
-2.8583e-03
-1.2174e-03
-5.4396e-04
-6.5708e-04
-1.1812e-03
-7.7754e-04
3.5189e-04
2.5636e-04
-5.0650e-04
-3.7773e-04
-6.7531e-04
-1.4767e-03
-2.0535e-03
-2.4870e-03
-1.9383e-03
-1.2010e-03
-9.0800e-04
-7.7838e-04
-6.9444e-04
-3.7751e-04
-2.5846e-04
-6.0498e-04
-1.4574e-03
-1.7884e-03
-1.9461e-03
-2.3948e-03
-2.7225e-03
-2.5490e-03
-1.9113e-03
-1.6120e-03
-8.4454e-04
1.3443e-03
3.0187e-03
3.9978e-03
5.0748e-03
5.1715e-03
5.0934e-03
5.3408e-03
4.8417e-03
3.9276e-03
2.2709e-03
8.6150e-04
4.2315e-04
-4.8131e-04
-4.6515e-04
4.3513e-04
6.0455e-04
5.9822e-04
-8.4102e-05
-1.1974e-03
-1.1455e-03
1.1630e-05
2.3605e-04
-1.1338e-04
-1.3761e-03
-2.5099e-03
-2.7886e-03
-2.8786e-03
-3.4106e-03
-3.7596e-03
-4.9585e-03
-6.0883e-03
-6.7672e-03
-5.5761e-03
-4.0232e-03
-3.3907e-03
-3.1886e-03
-2.7147e-03
-2.2407e-03
-1.4875e-03
2.1635e-04
1.2271e-03
2.1725e-03
3.0266e-03
3.0692e-03
3.4855e-03
3.6435e-03
2.1543e-03
9.3424e-05
-2.4088e-03
-2.1867e-03
-2.2331e-04
-5.8532e-05
-1.0629e-03
-1.5021e-03
-2.6259e-03
-4.2680e-03
-3.5627e-03
-8.3333e-04
-8.9804e-04
-1.0229e-03
-1.1587e-03
-1.4065e-03
-1.4315e-03
-5.4945e-05
9.4455e-04
1.4870e-03
6.8074e-04
1.1823e-04
4.0633e-04
6.9994e-04
6.5891e-04
9.0312e-04
1.1596e-03
1.2947e-03
1.4917e-03
1.6988e-03
1.9959e-03
1.9167e-03
2.9260e-04
-8.6031e-04
-1.8242e-03
-3.0189e-03
-3.2199e-03
-3.1284e-03
-2.7522e-03
-2.1712e-03
-7.7722e-04
8.2897e-04
2.0295e-03
2.9632e-03
3.7597e-03
3.8461e-03
2.4233e-03
1.9224e-03
1.3373e-03
9.2746e-04
9.9700e-04
7.2200e-04
1.3804e-04
-9.7795e-04
-3.1124e-03
-3.8716e-03
-2.0721e-03
-1.7971e-03
-2.3289e-03
-1.8304e-03
-1.5675e-03
-1.2342e-03
-4.6704e-04
3.5082e-05
1.4865e-04
-7.7647e-04
-1.3266e-03
-1.1997e-03
-6.2783e-04
-4.6599e-04
-4.6661e-04
-5.2797e-04
-1.1422e-04
6.6164e-04
1.1060e-03
1.6482e-03
1.5051e-03
7.9723e-04
5.8759e-04
1.3169e-04
-4.4366e-04
-3.0427e-04
5.1204e-04
5.7125e-04
4.2886e-04
1.4887e-03
2.6518e-03
3.1830e-03
2.7348e-03
2.3962e-03
2.5905e-03
2.1342e-03
1.0223e-03
2.1221e-04
-4.9321e-04
-1.3382e-03
-2.1574e-03
-2.5317e-03
-2.4230e-03
-2.6494e-03
-2.7679e-03
-2.6726e-03
-1.5575e-03
5.3824e-05
1.2759e-03
2.3666e-03
3.0422e-03
3.2418e-03
2.8860e-03
2.3542e-03
1.6824e-03
4.0928e-04
-8.9504e-04
-1.5915e-03
3.0101e-04
5.7773e-04
7.1729e-05
-8.0877e-05
-6.1857e-04
-1.6510e-03
-2.9264e-03
-2.5512e-03
-2.6366e-03
-4.1650e-03
-4.3845e-03
-3.1807e-03
1.6210e-04
3.1336e-03
1.7830e-03
1.7363e-03
2.1920e-03
1.2155e-03
2.9464e-04
-9.4734e-04
-2.2708e-03
-3.3485e-03
-2.7802e-03
-1.6689e-04
2.4989e-03
2.2798e-03
3.7563e-04
1.4163e-03
2.3085e-03
1.5303e-03
-8.1592e-05
-1.1458e-03
2.2769e-04
3.2479e-03
2.5274e-03
1.3729e-03
3.6477e-04
-8.5143e-04
-1.0296e-03
1.1167e-05
-5.0559e-04
-1.2882e-03
-1.3178e-03
-9.5567e-04
1.4897e-05
6.0102e-04
7.8287e-04
4.3197e-04
6.0392e-04
1.2620e-03
1.4387e-03
1.0377e-03
1.3127e-03
2.3034e-03
2.8801e-03
3.2932e-03
2.8010e-03
2.4428e-03
2.2942e-03
1.3773e-03
-5.2469e-04
-1.4671e-03
-1.6283e-03
-2.5015e-03
-3.1765e-03
-3.4808e-03
-2.7461e-03
-1.8409e-03
-1.3887e-03
-9.3516e-04
-5.1140e-04
-7.0127e-05
3.0827e-04
2.2775e-04
-6.0002e-04
-1.0354e-03
-1.4301e-03
-1.4095e-03
-1.4076e-03
-1.6228e-03
-2.0317e-03
-2.3573e-03
-1.9836e-03
-1.0726e-03
-7.3390e-04
-2.3895e-04
2.3008e-04
3.7154e-04
6.8180e-04
9.5418e-04
1.0011e-03
4.0834e-05
-6.9844e-04
-1.2368e-03
-1.7949e-03
-1.1352e-03
-7.5517e-04
-6.1658e-04
-5.1751e-04
-5.6944e-04
-5.2763e-04
-5.9635e-04
-7.1206e-04
-7.6908e-04
-8.4974e-04
-9.3735e-04
-6.0237e-04
5.2814e-04
2.0624e-03
3.3136e-03
2.5498e-03
1.2827e-03
1.6644e-03
1.7709e-03
1.3285e-03
1.3809e-03
1.4129e-03
7.6668e-04
-2.8669e-04
-6.5544e-04
-9.2478e-04
-1.4408e-03
-1.3522e-03
-1.2392e-03
-7.7785e-04
3.0248e-04
8.4150e-04
1.5387e-03
1.8242e-03
6.2251e-04
-2.5221e-05
-4.8300e-04
-3.6218e-04
1.1140e-05
-3.2550e-04
-5.2935e-04
-5.0859e-04
-6.7726e-04
-5.4934e-04
-3.5479e-04
-5.5583e-04
-7.4311e-04
-4.3259e-04
1.0888e-03
2.0359e-03
1.2878e-03
7.8002e-04
7.9912e-04
9.6673e-05
-7.7897e-04
-1.3692e-03
-2.0103e-03
-1.4405e-03
-1.4090e-04
-4.5059e-04
-6.0937e-04
-6.2512e-05
1.1297e-03
2.2797e-03
3.2667e-03
2.7346e-03
1.5053e-03
9.5335e-04
-7.7151e-05
-1.0374e-04
1.0261e-03
8.5534e-04
2.0809e-04
1.6200e-04
-8.4401e-06
7.0941e-04
1.8657e-03
1.3000e-03
1.8023e-04
-2.9679e-04
-1.0993e-03
-1.3548e-03
-1.2170e-03
-1.7795e-03
-1.9695e-03
-1.9474e-03
-1.2045e-03
-5.9033e-04
-4.0817e-04
-9.2899e-04
-1.1034e-03
-4.1628e-04
4.6110e-04
1.4025e-03
1.0009e-03
1.7674e-04
6.7341e-04
1.1451e-03
1.3145e-03
9.9277e-04
4.1642e-05
-7.3626e-04
-9.4702e-04
-6.6100e-04
-8.0166e-04
-9.9563e-04
-1.0652e-03
-1.1186e-03
-6.3800e-04
1.8686e-05
2.4036e-04
-7.6916e-06
-5.9578e-04
-8.5646e-04
-1.0908e-03
-9.3839e-04
-1.1594e-03
-1.4038e-03
-1.3794e-03
-1.1162e-03
-9.4240e-04
-8.2276e-04
-7.2845e-04
-4.5319e-04
-2.0919e-04
-4.7733e-05
-1.5506e-05
5.9898e-04
1.3157e-03
1.6101e-03
1.0669e-03
4.2713e-04
1.1817e-04
-8.8597e-05
1.7870e-04
2.0862e-04
2.1802e-04
-1.0619e-04
-3.7715e-04
-1.3766e-04
2.1136e-04
2.6361e-04
-2.1484e-04
-8.7329e-04
-9.9806e-04
-4.4001e-04
-2.0229e-04
-8.0872e-05
2.4496e-04
5.0871e-04
7.0669e-04
9.2040e-04
1.1229e-03
1.1024e-03
7.4424e-04
5.7644e-04
3.8684e-04
8.4644e-05
-1.2005e-04
6.3680e-06
9.0874e-05
-1.1637e-04
-1.5173e-04
-1.1485e-05
1.2717e-04
5.9552e-05
-7.2987e-05
-5.2167e-05
1.5470e-04
3.1626e-04
3.1637e-04
2.4956e-04
3.2591e-04
5.0068e-04
5.8559e-04
6.6654e-04
5.9304e-04
3.3990e-04
6.6058e-05
-1.6051e-04
-2.7321e-04
-5.3543e-05
1.2091e-04
2.5253e-04
3.7318e-04
8.0188e-04
1.0949e-03
9.9006e-04
6.3618e-04
3.3358e-04
3.0128e-05
2.1410e-05
4.7867e-04
8.4023e-04
9.5462e-04
7.0503e-04
4.4752e-04
4.6583e-05
-3.1418e-04
-3.3360e-04
-5.5731e-04
-9.0077e-04
-9.9562e-04
-7.5661e-04
-3.5050e-04
1.3353e-04
7.3040e-04
7.4868e-04
6.5071e-04
7.8747e-04
8.0215e-04
7.4950e-04
7.2080e-04
6.7351e-04
6.0019e-04
4.1788e-04
2.6715e-04
1.7635e-04
2.0346e-04
2.7398e-04
1.4931e-04
3.5996e-05
2.0578e-05
8.3752e-05
9.4952e-05
2.7297e-05
3.4790e-05
1.0986e-04
1.5030e-04
1.5840e-04
1.6105e-04
1.3448e-04
1.1626e-04
1.2437e-04
1.4066e-04
1.2168e-04
1.2475e-04
1.4944e-04
1.5678e-04
1.5427e-04
1.4268e-04
1.3610e-04
1.2454e-04
1.0823e-04
9.8600e-05
1.1276e-04
1.1854e-04
1.0860e-04
8.9288e-05
8.0890e-05
8.6934e-05
9.0156e-05
8.7904e-05
8.1964e-05
7.5135e-05
7.1132e-05
6.9940e-05
6.6685e-05
5.6901e-05
3.8236e-05
2.3778e-05
3.1849e-05
3.4251e-05
3.1446e-05
3.4260e-05
3.5312e-05
3.4600e-05
3.2982e-05
3.2701e-05
3.2922e-05
3.1010e-05
2.6330e-05
2.0884e-05
1.6609e-05
1.2266e-05
1.0225e-05
8.8561e-06
6.3459e-06
4.5007e-06
2.1797e-06
-2.4228e-06
-7.2907e-06
-1.1348e-05
-1.5072e-05
-1.6984e-05
-1.8760e-05
-2.1681e-05
-2.4557e-05
-2.6884e-05
-2.8847e-05
-3.0783e-05
-3.2978e-05
-3.5391e-05
-3.8082e-05
-4.0461e-05
-4.2632e-05
-4.4586e-05
-4.6815e-05
-4.9032e-05
-5.1122e-05
-5.3285e-05
-5.5430e-05
-5.7512e-05
-5.9572e-05
-6.1575e-05
-6.3552e-05
-6.5505e-05
-6.7423e-05
-6.9335e-05
-7.1232e-05
-7.3057e-05
-7.4814e-05
-7.6540e-05
-7.8252e-05
-7.9920e-05
-8.1539e-05
-8.3120e-05
-8.4659e-05
-8.6159e-05
-8.7620e-05
-8.9040e-05
-9.0417e-05
-9.1754e-05
-9.3049e-05
-9.4303e-05
-9.5514e-05
-9.6683e-05
-9.7810e-05
-9.8895e-05
-9.9937e-05
-1.0094e-04
-1.0189e-04
-1.0281e-04
-1.0368e-04
-1.0450e-04
-1.0529e-04
-1.0603e-04
-1.0673e-04
-1.0738e-04
