3.6864e-04
3.6879e-04
3.6887e-04
3.6895e-04
3.6911e-04
3.6934e-04
3.7068e-04
3.7380e-04
3.7252e-04
3.5161e-04
3.2139e-04
3.2506e-04
3.6855e-04
4.9332e-04
6.9450e-04
6.8345e-04
4.3799e-04
2.1834e-04
2.6138e-04
3.0090e-04
-1.2376e-04
-2.1907e-04
2.9330e-04
1.1922e-03
1.7985e-03
1.5791e-03
6.3905e-04
-8.2531e-04
-2.3774e-03
-2.8849e-03
-1.6610e-03
-4.3987e-05
8.1635e-04
2.4938e-03
1.8689e-03
-4.9114e-05
9.6048e-04
4.3066e-04
5.2752e-04
2.3373e-03
5.3538e-03
8.7095e-03
1.9330e-03
-2.8861e-03
-4.4825e-03
-9.6874e-03
-1.2833e-02
-6.7567e-03
2.0534e-03
9.1035e-03
1.0885e-02
7.7132e-03
5.7240e-03
1.8715e-03
-9.6931e-03
-1.2540e-02
-2.3594e-03
3.6121e-04
3.7891e-03
9.3114e-03
1.3075e-02
1.4078e-02
1.0109e-02
1.2482e-02
8.2276e-03
-9.1254e-03
-2.5216e-02
-3.3259e-02
-3.1360e-02
-1.7560e-02
1.6661e-03
2.5334e-02
3.5435e-02
3.2689e-02
2.5207e-02
1.8980e-02
1.2794e-02
3.8171e-03
-1.2070e-02
-2.3479e-02
-3.5709e-02
-3.8473e-02
-2.0646e-02
-5.9759e-03
9.0795e-03
2.3840e-02
2.8598e-02
3.0687e-02
2.8322e-02
1.7651e-02
1.0131e-03
-1.3336e-02
-1.9380e-02
-2.3400e-02
-2.3705e-02
-8.7463e-03
3.4435e-03
1.2465e-02
1.7365e-02
2.5490e-02
3.1693e-02
2.9706e-02
1.8546e-02
7.1596e-03
-9.7011e-03
-3.7499e-02
-3.9067e-02
-4.1764e-02
-4.0539e-02
-1.5841e-02
5.3232e-03
2.8663e-02
5.0888e-02
5.6525e-02
3.2303e-02
1.9372e-02
-5.1180e-03
-4.8635e-02
-5.0816e-02
-4.7361e-02
-4.6733e-02
-2.8831e-02
4.4758e-04
2.1799e-02
3.2644e-02
3.6115e-02
2.4757e-02
2.0482e-02
1.3874e-02
8.2401e-03
1.2550e-02
6.1986e-03
1.9180e-03
4.7934e-03
-4.9019e-03
-1.4012e-02
-1.8320e-02
-1.5510e-02
-2.2761e-03
4.1394e-03
1.2457e-02
1.7264e-02
9.9703e-03
6.2770e-03
-1.7079e-03
-1.2114e-02
-1.9873e-02
-2.6678e-02
-2.8385e-02
-1.9864e-02
-1.1108e-02
4.9682e-03
1.6683e-02
1.9849e-02
2.2925e-02
2.1043e-02
1.9542e-02
1.9941e-02
2.1388e-02
1.6100e-02
9.7503e-03
5.0752e-03
-6.1492e-03
-2.1401e-02
-2.8017e-02
-2.5933e-02
-1.8213e-02
-7.6370e-03
8.1999e-04
2.8820e-03
-1.8856e-03
-1.2459e-02
-1.6450e-02
-1.9511e-02
-2.0300e-02
-6.1520e-03
7.7866e-03
1.5308e-02
-1.2315e-02
-3.2006e-02
-5.2834e-02
-5.8862e-02
-4.9983e-02
-4.0172e-02
-1.7206e-02
2.1958e-02
2.4892e-02
2.9438e-02
3.7822e-02
3.4607e-02
2.4041e-02
2.1155e-02
2.7498e-02
3.0278e-02
4.1293e-02
5.5962e-02
6.8519e-02
7.4686e-02
7.2145e-02
5.7011e-02
1.9700e-02
-6.9263e-03
-2.4199e-02
-5.1220e-02
-5.8407e-02
-4.7111e-02
-4.3989e-02
-3.8857e-02
-3.1395e-02
-3.0097e-02
-3.0893e-02
-3.6747e-02
-3.9704e-02
-3.3861e-02
-2.5098e-02
-2.2380e-02
-2.7327e-02
-1.7175e-02
-2.9874e-03
-1.9633e-06
8.2474e-03
1.5598e-02
1.6503e-02
1.1753e-02
4.1960e-03
-1.5125e-02
-2.9655e-02
-2.7026e-02
-8.7150e-03
3.9746e-03
1.6893e-03
-2.1516e-02
-3.6029e-02
-4.0389e-02
-4.2325e-02
-3.7712e-02
-3.4284e-02
-3.9351e-02
-4.8225e-02
-6.2296e-02
-7.0013e-02
-5.5234e-02
-5.0137e-02
-5.8396e-02
-6.4976e-02
-6.8040e-02
-7.1520e-02
-6.6191e-02
-5.7528e-02
-4.7443e-02
-3.7048e-02
-2.5685e-02
-1.2733e-02
2.1426e-03
1.7679e-02
3.5479e-02
5.4071e-02
6.7099e-02
7.6727e-02
7.1990e-02
6.4371e-02
6.5610e-02
7.7034e-02
8.6674e-02
9.6014e-02
1.0714e-01
9.7407e-02
8.7412e-02
8.0295e-02
8.9409e-02
1.0885e-01
9.8047e-02
6.4987e-02
4.7203e-02
5.6394e-02
4.6789e-02
9.9498e-03
7.3733e-03
1.1023e-02
1.8406e-02
1.7179e-02
2.2021e-02
2.0801e-02
2.4005e-02
4.4941e-02
5.1814e-02
2.3751e-02
-1.4154e-02
-3.6008e-03
6.4545e-02
4.6068e-02
6.2401e-03
4.1843e-02
8.1818e-02
6.5084e-02
3.3659e-02
2.3676e-02
1.2348e-02
3.3365e-02
4.7410e-02
5.1356e-02
4.1329e-02
3.6878e-02
4.1524e-02
4.9671e-02
5.4080e-02
5.4202e-02
5.8394e-02
7.7239e-02
8.3773e-02
6.4471e-02
4.7743e-02
3.9844e-02
2.6121e-02
1.2663e-02
4.3635e-03
-1.0865e-02
-2.8080e-02
-4.2367e-02
-8.1015e-02
-1.2608e-01
-1.6831e-01
-1.5545e-01
-1.2021e-01
-1.1088e-01
-9.9674e-02
-1.1254e-01
-1.1847e-01
-1.2114e-01
-1.1927e-01
-1.0843e-01
-1.0974e-01
-1.2149e-01
-1.4964e-01
-1.6568e-01
-1.1835e-01
-9.2876e-02
-7.9117e-02
-3.7776e-02
-1.9241e-02
-1.8461e-02
6.9100e-03
2.8850e-02
3.5653e-02
4.0447e-02
2.8203e-02
3.7864e-02
5.2327e-02
5.9370e-02
4.4434e-02
9.7653e-04
-3.1202e-02
-6.1200e-02
-9.7336e-02
-1.3756e-01
-1.5510e-01
-1.3288e-01
-1.2338e-01
-1.2951e-01
-1.1972e-01
-8.1887e-02
-6.0136e-02
-1.7779e-02
2.3416e-02
2.5902e-02
4.4045e-02
4.0616e-02
2.9655e-02
4.2766e-02
5.9653e-02
4.7858e-02
1.9653e-02
7.8385e-03
-4.1363e-03
-1.3486e-02
-7.7722e-03
-2.8852e-03
-1.1142e-03
1.4648e-02
2.8849e-02
3.5008e-02
2.5708e-02
2.8443e-02
3.7146e-02
3.3087e-02
3.0350e-02
3.0428e-02
3.0358e-02
3.1582e-02
3.0810e-02
2.8201e-02
3.1490e-02
3.6983e-02
3.9031e-02
4.3617e-02
4.5144e-02
3.7786e-02
3.7586e-02
4.8548e-02
5.4875e-02
6.3902e-02
7.4872e-02
8.2324e-02
7.9706e-02
6.7101e-02
5.0470e-02
2.6331e-02
6.3819e-03
-1.3861e-02
-3.0726e-02
-3.8058e-02
-5.2243e-02
-6.2499e-02
-6.2455e-02
-6.7348e-02
-7.5139e-02
-8.1095e-02
-8.3484e-02
-6.5895e-02
-5.1504e-02
-1.4998e-02
1.6911e-02
1.5172e-02
2.6741e-02
3.2627e-02
2.1935e-02
1.0833e-02
1.0378e-04
-6.3060e-03
1.4493e-03
2.1067e-02
3.1546e-02
5.0028e-02
7.2288e-02
8.4506e-02
6.2140e-02
6.8824e-02
9.2709e-02
8.8093e-02
6.9722e-02
5.4070e-02
3.8013e-02
2.5923e-02
6.4372e-03
-2.1715e-02
-1.5940e-02
-5.4577e-03
-1.3034e-02
-2.3163e-02
-2.0736e-02
-3.6368e-03
4.6299e-03
1.9605e-03
-4.6519e-03
-5.4570e-03
-1.6184e-02
-3.4044e-02
-9.7789e-02
-6.3958e-02
-4.0886e-03
1.4575e-03
8.1802e-03
1.0352e-02
-1.7388e-03
-2.8953e-02
-4.2193e-02
-4.4511e-02
-3.8757e-02
-1.9170e-02
1.2467e-02
3.7528e-02
4.3340e-02
3.5057e-02
3.2678e-02
3.7133e-02
3.0708e-02
1.6492e-02
-2.6889e-02
-2.3873e-02
1.5430e-02
8.5149e-03
-1.4785e-02
-1.7579e-02
2.2895e-02
4.6450e-02
7.5154e-02
7.7097e-02
3.1666e-02
1.9735e-02
-1.2296e-03
-1.8516e-02
-1.2021e-02
-1.0969e-03
-1.1023e-03
-1.1885e-02
-2.1432e-02
-4.4554e-02
-6.1659e-02
-6.8393e-02
-6.7991e-02
-1.2271e-01
-1.8271e-01
-2.1281e-01
-1.1056e-01
-5.7982e-02
3.2524e-02
1.4654e-01
2.0155e-01
1.5158e-01
1.2163e-01
1.3607e-01
1.1592e-01
8.9656e-02
3.9224e-02
-3.1053e-03
-7.5464e-03
1.4595e-03
-4.8892e-03
-7.4216e-02
-1.1345e-01
-1.2349e-01
-3.6362e-02
3.2381e-02
9.0110e-02
2.9793e-02
-5.3542e-03
-6.1572e-03
-3.8919e-02
-4.1163e-02
-2.3549e-02
-2.9056e-02
-3.6775e-02
-5.0696e-02
-5.7290e-02
-3.0572e-02
-1.5903e-02
-1.4745e-02
-1.7582e-02
-2.0404e-02
-1.2020e-02
-9.4260e-03
-9.1274e-03
-3.9402e-03
5.8621e-03
1.7777e-02
2.6279e-02
3.1797e-02
3.7787e-02
5.2097e-02
5.6372e-02
7.1646e-03
-2.5678e-02
-4.1589e-02
-5.3584e-02
-4.8018e-02
-4.7571e-02
-2.5964e-02
-3.7334e-03
1.9565e-02
3.8817e-02
2.1384e-02
9.3548e-03
6.6021e-03
2.2108e-02
3.3859e-02
3.8900e-02
5.3050e-02
6.4182e-02
6.9243e-02
7.0472e-02
6.6134e-02
6.4090e-02
6.2238e-02
5.6194e-02
4.7082e-02
3.7003e-02
2.7795e-02
5.4841e-02
7.2598e-02
7.8401e-02
9.8203e-02
1.1727e-01
1.3296e-01
1.5154e-01
1.4585e-01
1.1764e-01
9.0486e-02
3.6694e-02
2.4306e-03
-1.4841e-02
-2.0986e-02
-6.6645e-02
-1.2212e-01
-1.5414e-01
-2.0239e-01
-2.2192e-01
-1.8505e-01
-1.7981e-01
-1.5581e-01
-1.1418e-01
-9.2080e-02
-7.5983e-02
-5.3651e-02
-4.4203e-02
-1.0291e-01
-1.4656e-01
-1.9576e-01
-1.6719e-01
-9.6916e-02
-8.9041e-02
-5.2735e-02
-3.1531e-03
2.6963e-02
3.8716e-02
4.6733e-02
7.6737e-02
1.4541e-01
2.2335e-01
2.1015e-01
1.5645e-01
1.7604e-01
1.8257e-01
1.3202e-01
9.1419e-02
8.7378e-02
9.1868e-02
3.8902e-02
-5.1525e-02
-9.6603e-02
-4.8197e-03
4.2019e-02
3.6725e-02
4.5724e-02
-8.3463e-03
-5.8371e-02
-1.2106e-01
-1.4885e-01
-1.3060e-01
-1.0653e-01
-7.7097e-02
-1.5248e-02
2.2024e-02
4.3129e-02
6.9466e-02
6.1022e-02
2.7018e-02
2.4091e-02
3.4087e-02
4.7046e-02
3.7633e-02
-3.2083e-03
-2.1695e-02
-3.2195e-02
-7.1294e-02
-1.1123e-01
-1.0837e-01
-3.8976e-02
1.8632e-02
2.5022e-02
3.1049e-02
2.2058e-02
1.7424e-02
2.3831e-02
2.9919e-02
3.2254e-02
3.7172e-02
2.5710e-02
1.4325e-02
1.4766e-02
1.8624e-02
4.8532e-03
-1.2776e-02
-2.7280e-02
-4.2260e-02
-6.1906e-02
-8.9538e-02
-1.2554e-01
-1.4052e-01
-4.3728e-02
2.1000e-02
6.5805e-02
9.9630e-02
4.8071e-02
7.2373e-02
1.1692e-01
1.2126e-01
9.4570e-02
3.1045e-02
-1.0524e-02
-5.0128e-02
-3.1352e-02
-3.5973e-02
-7.4017e-02
-1.2373e-01
-1.5187e-01
-7.8132e-02
-3.8893e-02
3.6710e-02
4.9354e-02
-4.2536e-02
5.2122e-03
5.4692e-02
3.1332e-02
3.3858e-02
3.6366e-02
3.8703e-02
4.7624e-02
3.6382e-02
2.3842e-02
3.1035e-02
2.4434e-02
8.6101e-03
1.3853e-03
-7.4037e-03
-2.6032e-03
1.4239e-02
2.6517e-02
2.9284e-02
-7.9405e-03
-2.7302e-02
-2.9052e-02
-4.4907e-02
-4.6965e-02
-2.9315e-02
-4.8962e-02
-8.2818e-02
-4.8552e-02
-1.0466e-02
-2.4485e-02
-5.1784e-02
-5.9376e-03
4.4262e-02
7.3021e-02
8.9563e-02
4.3580e-02
4.0705e-02
4.7997e-02
1.8215e-02
1.0992e-02
1.8265e-02
-1.3885e-03
-5.3864e-03
1.5602e-02
3.4468e-02
4.9832e-02
2.6945e-02
-2.6979e-02
-3.6674e-02
-4.5972e-02
-8.5598e-02
-1.0482e-01
-1.0010e-01
-1.0027e-01
-9.7646e-02
-9.9788e-02
-7.3634e-02
-5.1433e-02
-6.1101e-02
-8.6874e-02
-1.0388e-01
-6.1299e-02
-3.2298e-02
-1.5158e-02
1.8928e-02
2.1980e-02
2.4829e-02
4.4494e-02
7.1248e-02
9.1607e-02
5.5166e-02
3.5779e-02
2.2968e-02
1.5925e-02
7.1106e-02
9.5362e-02
5.4091e-02
2.7639e-02
2.2855e-02
2.6016e-02
2.7831e-02
3.8625e-02
3.3620e-02
-1.4307e-02
-5.3749e-03
7.3541e-02
9.7809e-02
9.4420e-02
9.9651e-02
7.6837e-02
5.1008e-02
3.4750e-02
1.0207e-02
-7.9493e-03
-6.3230e-03
6.5771e-03
1.0285e-02
-3.6130e-02
-5.9638e-02
-6.2284e-02
-3.0910e-02
1.2884e-02
1.3820e-02
-4.5431e-02
-9.2773e-02
-2.6150e-01
-3.7529e-01
-2.3444e-01
-1.9135e-01
-1.8872e-01
-1.0814e-01
-1.0306e-01
-8.7350e-02
-6.3086e-03
3.8944e-02
7.2583e-02
1.2595e-01
1.9718e-01
2.8339e-01
2.2188e-01
1.8388e-01
1.7442e-01
1.4588e-01
1.4682e-01
1.4415e-01
1.5037e-01
1.6521e-01
1.8045e-01
2.1341e-01
2.1817e-01
1.6532e-01
1.0177e-01
8.5047e-02
8.7058e-02
6.0775e-02
9.3982e-03
-5.4161e-02
-9.4311e-02
-8.0905e-02
-3.8648e-02
-2.7232e-02
-2.2596e-03
-5.9123e-02
-1.3958e-01
-2.0333e-01
-1.5786e-01
-7.0702e-02
-5.4158e-02
-6.6668e-03
-4.9075e-02
-1.6579e-01
-2.3164e-01
-3.1226e-01
-3.8788e-01
-2.6804e-01
-1.9669e-01
-1.6782e-01
-6.4666e-02
4.1752e-02
1.9391e-02
-4.3334e-02
-8.1251e-03
1.2347e-03
-1.3817e-03
8.3801e-03
1.3610e-02
2.4198e-02
3.3120e-02
5.9546e-02
9.5387e-02
1.5200e-01
1.8845e-01
1.5955e-01
1.2924e-01
1.1734e-01
7.0194e-02
3.7337e-02
9.2792e-03
-4.5245e-02
-9.8973e-02
-1.3779e-01
-1.1766e-01
-4.4958e-02
-1.3089e-02
4.8680e-02
6.4324e-02
4.6521e-02
2.9220e-02
5.2954e-03
-1.8146e-02
-3.1852e-02
-5.2813e-02
-8.0583e-02
-9.5003e-02
-1.0955e-01
-1.4411e-01
-1.2383e-01
-2.3579e-02
3.2569e-02
1.0862e-01
1.3849e-01
5.3619e-02
3.6221e-02
2.9937e-02
3.4797e-02
6.3780e-02
8.0588e-02
9.1956e-02
1.0155e-01
9.7652e-02
8.8325e-02
8.7453e-02
8.8937e-02
9.3846e-02
9.6923e-02
9.6417e-02
9.2833e-02
7.2787e-02
3.1334e-02
-6.0743e-03
-4.8430e-02
-1.0700e-01
-1.7588e-01
-1.3316e-01
-1.0436e-01
-1.0905e-01
-7.6454e-02
-2.5037e-02
1.6410e-02
-1.0246e-02
-1.8937e-02
1.8139e-02
2.7414e-02
2.8637e-02
4.1923e-02
4.5611e-02
4.8346e-02
4.3222e-02
2.3948e-02
-8.8663e-03
-3.6187e-02
-5.9845e-02
-8.9759e-02
-1.1534e-01
-1.3477e-01
-1.2744e-01
-8.5212e-02
-2.4540e-02
2.6222e-02
5.5002e-02
3.8919e-02
5.0239e-02
6.4647e-02
5.2098e-02
2.9344e-02
1.8424e-02
1.1571e-03
-1.9035e-02
-3.0129e-02
-3.8439e-02
-4.6156e-02
-2.6352e-02
-1.1462e-02
-1.2495e-03
1.9484e-02
4.0698e-02
5.3981e-02
6.3429e-02
6.0501e-02
5.4944e-02
5.1368e-02
3.2296e-02
1.6717e-02
3.4910e-03
-1.2388e-02
-1.5519e-02
-6.6711e-03
-5.8109e-03
-4.4749e-03
-4.2575e-03
-6.1064e-03
-7.3554e-03
-1.1674e-02
-2.1804e-02
-3.6466e-02
-3.9622e-02
-3.6762e-02
-3.6257e-02
-2.8899e-02
-1.0895e-02
8.7076e-03
3.2608e-02
5.4020e-02
6.9217e-02
7.4231e-02
6.4013e-02
6.2133e-02
5.8897e-02
5.1105e-02
4.0940e-02
2.1194e-02
-4.5629e-03
-1.9603e-02
-3.2734e-02
-5.3642e-02
-7.1363e-02
-8.1426e-02
-7.0181e-02
-4.5281e-02
-3.4340e-02
6.7342e-03
3.1821e-02
-1.6417e-02
-2.8200e-02
-2.1531e-02
-3.2480e-02
-2.4062e-02
-2.1801e-02
-3.1662e-02
-3.3761e-02
-2.9729e-02
-6.2019e-03
2.1160e-02
2.9552e-02
2.9901e-02
2.3085e-02
1.7027e-02
1.4639e-02
1.2242e-02
9.8298e-03
1.2383e-02
1.6531e-02
2.0139e-02
2.6756e-02
3.6291e-02
4.4284e-02
4.4979e-02
5.1183e-02
5.0047e-02
3.4688e-02
2.3801e-02
1.1500e-02
-3.5902e-03
-9.8752e-03
-1.1832e-02
-1.8267e-02
-2.3419e-02
-2.8327e-02
-4.4119e-02
-5.6031e-02
-6.4155e-02
-7.5010e-02
-7.6842e-02
-8.0079e-02
-8.2467e-02
-5.7947e-02
-2.7947e-02
1.6273e-02
3.0499e-02
1.4164e-02
9.6360e-03
6.7434e-03
8.4241e-03
1.4385e-02
1.9766e-02
2.9049e-02
2.6504e-02
1.5548e-02
5.9159e-03
-6.5114e-04
1.0075e-02
2.2845e-02
3.1855e-02
2.4631e-02
5.2727e-03
2.2729e-03
-1.4174e-03
-7.6334e-03
-1.2489e-02
-1.9343e-02
-2.9087e-02
-4.2800e-02
-6.7041e-02
-7.9436e-02
-3.1148e-02
8.5039e-03
3.3184e-02
3.6816e-02
1.5516e-02
2.5185e-02
4.3802e-02
4.3267e-02
3.7005e-02
3.9943e-02
4.7547e-02
5.2447e-02
4.6297e-02
4.1376e-02
3.6885e-02
1.9201e-02
6.6227e-03
3.3364e-03
1.9566e-04
3.2308e-03
2.2074e-03
-1.9045e-03
-1.0955e-03
1.4368e-03
-3.8350e-04
-4.6436e-03
-6.1222e-03
-5.5586e-03
-4.4379e-03
-9.8133e-03
-1.4907e-02
-2.0563e-02
-2.8128e-02
-3.4453e-02
-3.8394e-02
-4.3005e-02
-3.8659e-02
-2.2102e-02
-9.2175e-03
2.4916e-03
5.0347e-03
6.4617e-03
1.0404e-02
1.7465e-02
2.4418e-02
2.6154e-02
2.3683e-02
1.9853e-02
1.6195e-02
1.6124e-02
2.1161e-02
2.1163e-02
1.8333e-02
1.1216e-02
7.0327e-03
5.2177e-03
4.7681e-03
5.5441e-04
-5.0115e-03
-1.4279e-02
-1.6337e-02
-1.4659e-02
-1.5222e-02
-1.8679e-02
-2.2809e-02
-2.8523e-02
-3.2964e-02
-2.8138e-02
-1.5647e-02
-7.3503e-03
-1.3134e-03
3.2074e-03
8.9079e-03
1.8415e-02
2.8599e-02
3.7955e-02
4.1537e-02
4.1713e-02
3.6151e-02
2.9601e-02
1.7795e-02
7.9266e-05
-4.5118e-03
-6.0808e-03
-6.8517e-03
-5.0315e-03
-6.3459e-03
-9.8579e-03
-1.1536e-02
-1.2689e-02
-1.2448e-02
-1.0865e-02
-1.0725e-02
-1.0078e-02
-1.2545e-02
-1.7431e-02
-2.2681e-02
-2.9359e-02
-2.2658e-02
-9.9864e-03
8.5845e-03
1.0156e-02
9.4219e-03
1.0413e-02
1.1009e-02
1.2564e-02
1.0715e-02
7.5347e-03
2.0466e-03
-2.6654e-03
-7.2992e-04
1.8799e-03
-9.3223e-04
-3.2579e-03
-5.3304e-03
-7.4366e-03
-9.0351e-03
-1.1991e-02
-1.3870e-02
-1.5522e-02
-1.8311e-02
-1.6557e-02
-1.2264e-02
-6.9212e-03
2.0622e-03
5.7974e-03
8.5656e-03
1.3666e-02
1.3503e-02
1.1294e-02
8.3417e-03
3.4142e-03
-4.3831e-03
-8.4734e-03
-5.8244e-03
-1.8207e-03
-2.6286e-03
-3.7848e-03
-4.3386e-03
-6.6173e-03
-1.0173e-02
-1.4126e-02
-1.8021e-02
-2.0198e-02
-2.2972e-02
-2.2099e-02
-1.5741e-02
-1.1110e-02
-5.4031e-03
-1.5746e-03
-7.3048e-03
-8.3214e-03
-5.8600e-03
-4.1140e-03
-1.4535e-03
2.6129e-03
6.0465e-03
8.6754e-03
1.0374e-02
1.1298e-02
1.0403e-02
6.0460e-03
1.4643e-03
-6.6365e-04
-2.5570e-03
-2.3560e-04
4.5358e-03
4.9277e-03
6.7785e-04
1.3053e-03
1.1540e-03
-2.0230e-03
-3.5048e-03
-6.0743e-03
-1.0402e-02
-1.3304e-02
-1.1912e-02
-9.4767e-03
-7.2090e-03
-3.4230e-03
1.1154e-03
3.4762e-03
2.2339e-03
-3.2379e-03
-1.0833e-02
-1.8343e-02
-2.2108e-02
-2.2284e-02
-2.4848e-02
-2.8206e-02
-2.2450e-02
-1.1288e-02
-3.2884e-03
-6.6133e-03
-1.0533e-02
-6.3634e-03
-1.1402e-04
5.2896e-03
1.1905e-02
1.1196e-02
8.3420e-03
1.1298e-02
1.4425e-02
1.8230e-02
2.3791e-02
2.4566e-02
2.3640e-02
2.0246e-02
1.3997e-02
1.2791e-03
-5.5820e-03
-7.6102e-03
-1.1798e-02
-1.2810e-02
-1.2475e-02
-1.0541e-02
-8.1737e-03
-4.9650e-03
-1.8136e-03
-4.3489e-03
-3.9409e-03
1.8133e-03
7.8650e-03
1.1581e-02
1.1617e-02
9.4886e-03
1.0751e-02
1.2597e-02
1.1761e-02
7.2695e-03
4.4467e-03
2.9705e-03
5.8803e-03
8.9191e-03
1.0535e-02
6.4311e-03
5.8896e-04
-4.1324e-03
-7.1900e-03
-8.2782e-03
-6.0192e-03
-1.7006e-03
4.1649e-03
1.2033e-02
1.3232e-02
1.3657e-02
1.3314e-02
1.1090e-02
8.1848e-03
4.3524e-03
1.3875e-03
-5.7924e-04
5.9212e-03
1.5715e-02
1.3872e-02
1.0484e-02
1.1327e-02
9.1313e-03
3.8147e-03
-3.6835e-04
-2.8558e-03
-5.3393e-03
1.0185e-03
7.8399e-03
1.0169e-02
1.0910e-02
7.9614e-03
5.0219e-03
1.0208e-03
-2.8524e-03
-4.5308e-03
-2.0273e-03
2.2320e-03
6.2790e-03
1.0410e-02
1.3268e-02
1.6041e-02
1.7665e-02
1.7899e-02
1.5454e-02
1.1765e-02
7.8613e-03
7.4009e-03
4.1541e-03
7.1133e-04
-3.1127e-04
-2.3498e-03
-4.2765e-03
-2.5589e-03
-1.4464e-03
-1.4287e-03
-5.2904e-04
-2.3493e-03
-4.7698e-03
-5.3955e-03
-2.2238e-03
-1.1762e-03
-1.2936e-03
-5.7334e-03
-8.1396e-03
-3.6190e-03
2.4413e-03
5.8474e-03
4.0113e-03
5.9403e-03
1.1155e-02
1.2058e-02
7.2987e-03
2.1823e-03
-3.4637e-03
-6.9450e-03
-4.4508e-03
-3.1446e-03
-5.1109e-03
-5.8104e-03
-3.1790e-03
-1.0078e-03
-1.8301e-03
-4.4083e-03
-4.3346e-03
-4.4993e-03
-5.4412e-03
-6.0661e-03
-6.8637e-03
-7.8170e-03
-8.4815e-03
-6.3368e-03
-2.9128e-03
3.2145e-03
5.3180e-03
3.9321e-03
6.8033e-03
8.9998e-03
9.6928e-03
1.0878e-02
7.6549e-03
4.7318e-03
3.8176e-03
2.9729e-03
1.8134e-03
-1.2993e-03
-5.5303e-03
-9.6807e-03
-1.1787e-02
-1.3684e-02
-1.1665e-02
-3.3602e-03
-1.2409e-05
-4.5754e-03
-6.2418e-03
-6.4891e-03
-5.1719e-03
-5.3484e-03
-6.8596e-03
-4.8803e-03
-1.7774e-03
1.1157e-03
3.2470e-03
4.0086e-03
3.2981e-03
4.2715e-03
4.0096e-03
6.9706e-04
-1.1926e-03
-1.7770e-03
1.6900e-03
2.5549e-03
-6.7630e-05
-1.1422e-03
-2.1593e-03
-4.2773e-03
-1.8557e-03
9.7488e-04
5.4381e-04
2.7884e-03
6.2058e-03
8.0927e-03
6.1709e-03
-3.3109e-04
-6.5549e-03
-8.6699e-03
-9.3673e-03
-4.6461e-03
-3.5824e-03
-4.9389e-03
-3.1582e-03
-1.9612e-03
-1.9652e-03
-2.3184e-03
-5.9296e-04
9.4681e-04
2.8785e-03
6.1061e-03
7.7489e-03
4.6021e-03
3.1150e-03
3.1840e-03
1.6702e-03
6.5696e-04
1.0608e-04
-3.8375e-04
3.4328e-04
1.0455e-03
1.4456e-03
1.0541e-04
-1.3740e-03
-4.6497e-03
-8.9562e-03
-9.3024e-03
-8.7595e-03
-7.4258e-03
-8.0774e-03
-1.0816e-02
-1.1762e-02
-1.2019e-02
-7.2678e-03
-2.7134e-03
2.0618e-04
1.1144e-03
-4.2335e-06
4.0563e-03
9.2328e-03
7.5063e-03
6.8146e-03
4.9897e-03
2.4281e-03
3.0897e-03
4.3377e-03
-4.2545e-04
-2.3629e-03
-2.7600e-03
-4.6769e-03
-6.3289e-03
-6.0074e-03
-5.1128e-03
-5.9295e-03
-6.9624e-03
-7.1957e-03
-6.6731e-03
-4.3414e-03
-3.0723e-03
-1.9329e-03
-7.1348e-04
-1.1457e-03
-5.6788e-04
1.2657e-03
2.1141e-03
2.5827e-03
3.0259e-03
3.5388e-03
2.9757e-03
2.6034e-03
2.4963e-03
2.0860e-03
1.9423e-03
3.4520e-03
3.1782e-03
-1.2606e-04
-1.2043e-03
-1.6130e-03
-3.1715e-03
-4.4201e-03
-3.2093e-03
3.0551e-04
1.9672e-03
4.1499e-03
4.3370e-03
2.6984e-03
4.8348e-03
7.2774e-03
6.8435e-03
5.7510e-03
8.5828e-03
6.7273e-03
9.5696e-04
-3.6247e-03
-4.8649e-03
-7.4874e-03
-1.8650e-03
3.9520e-03
6.5260e-03
8.9589e-03
6.3918e-03
4.7426e-03
2.2323e-03
-7.8162e-04
-3.5252e-03
-6.0019e-03
-4.3333e-03
-2.2569e-03
-1.3853e-03
2.2833e-03
6.2175e-03
6.7949e-03
5.5978e-03
5.5984e-03
8.2015e-03
7.0892e-03
4.5463e-03
1.1287e-03
-8.9215e-04
-2.3212e-03
-1.0981e-03
-1.7328e-04
1.2877e-03
4.1167e-03
6.7229e-03
7.5519e-03
5.6157e-03
4.0701e-03
3.2857e-03
1.6544e-03
-5.9106e-04
4.5946e-04
3.3622e-03
3.8361e-03
4.8994e-03
3.0893e-03
1.6810e-03
3.1089e-03
4.6738e-03
3.7046e-03
2.7100e-03
5.5605e-04
-2.2228e-03
-3.9427e-03
-5.9116e-03
-7.6129e-03
-7.8581e-03
-6.1057e-03
-3.7423e-03
3.6156e-03
3.6750e-03
6.3329e-04
-5.5382e-04
-1.8050e-03
-8.8417e-04
6.0927e-04
8.2581e-04
1.6922e-03
2.4107e-03
3.8080e-04
-1.5938e-03
-3.4215e-03
-5.5777e-03
-7.2349e-03
-8.1211e-03
-6.2456e-03
-3.4259e-03
1.2129e-03
6.7051e-03
6.4952e-03
8.2487e-03
9.4536e-03
7.6491e-03
5.2882e-03
2.0236e-03
-4.6141e-03
-4.6086e-03
-2.5514e-03
-4.0935e-03
-2.5118e-03
2.0456e-04
3.7585e-03
3.9365e-03
7.3032e-04
8.1588e-04
3.8733e-04
-7.4950e-04
-2.0446e-03
-5.2239e-03
-7.4532e-03
-7.9680e-03
-6.2212e-03
-3.9870e-03
-8.5712e-04
2.5100e-03
4.7256e-03
5.2884e-03
5.1740e-03
3.7648e-03
2.3999e-03
8.7830e-04
-8.3237e-04
5.3495e-04
1.6749e-03
2.2398e-03
3.2356e-03
2.4741e-03
1.4492e-03
6.6672e-04
-2.2051e-03
-3.5024e-03
-2.9811e-03
-1.6238e-03
-1.0945e-03
-1.7038e-03
-1.0454e-03
1.1250e-03
1.4244e-03
1.3245e-03
1.0155e-03
2.3023e-04
7.4332e-05
1.9365e-03
3.5409e-03
4.6811e-03
5.8118e-03
5.9803e-03
5.7588e-03
4.7558e-03
3.7992e-03
2.9793e-03
1.9041e-03
1.1890e-03
2.7434e-03
3.6060e-03
3.4195e-03
3.1102e-03
2.8514e-03
3.6115e-03
4.8891e-03
5.1794e-03
2.9628e-03
1.2701e-03
-2.1857e-03
-5.2380e-03
-6.5177e-03
-7.4006e-03
-7.3547e-03
-5.4624e-03
-4.0908e-03
-1.9507e-03
1.4781e-04
6.1259e-05
-8.4571e-04
-1.5480e-03
-3.0297e-03
-4.0128e-03
-3.1494e-03
-2.7869e-03
-4.1124e-03
-4.6651e-03
-3.4647e-03
-1.6624e-03
-1.4170e-03
-1.9945e-03
-2.1843e-03
-3.9525e-04
1.1338e-03
-1.3221e-05
-4.1578e-03
-5.1278e-03
-3.0362e-03
-1.9986e-03
-1.4831e-03
2.9228e-04
2.4942e-03
3.9567e-03
1.3006e-03
-2.5626e-03
-6.5900e-03
-1.0317e-02
-1.1876e-02
-1.1738e-02
-1.0014e-02
-7.6620e-03
-2.1966e-03
2.7739e-03
3.1683e-03
3.4636e-03
3.1696e-03
3.2622e-03
1.9173e-03
-2.2759e-03
-6.2261e-03
-5.4565e-03
3.6597e-04
1.3362e-03
1.8564e-03
5.4947e-04
5.6064e-04
2.2484e-03
1.9719e-03
-4.5740e-04
-2.4827e-03
-7.2946e-03
-6.1250e-03
-3.8947e-03
-5.0311e-03
-7.2574e-03
-6.9059e-03
-1.9199e-03
2.2988e-03
2.3091e-03
2.1718e-03
2.7008e-03
3.6075e-03
-2.8753e-04
-4.9222e-03
-7.9541e-03
-5.9023e-03
-2.1483e-03
-1.7564e-03
4.4509e-04
2.5536e-03
3.0438e-03
3.3746e-03
1.8118e-03
1.5641e-03
1.1508e-03
-1.9182e-04
-1.9084e-03
-3.3325e-03
-4.3458e-03
-3.4208e-03
4.5672e-04
1.3124e-03
-7.3737e-04
-4.6619e-03
-6.9076e-03
-3.9482e-03
-1.8337e-04
6.5542e-04
2.5366e-03
3.8260e-03
4.8215e-03
4.7396e-03
2.4418e-03
-6.0925e-05
-3.5668e-03
-5.4416e-03
-3.4117e-03
1.1867e-03
3.2089e-03
4.0719e-03
4.9752e-03
4.4979e-03
1.3627e-03
-1.7669e-03
-4.5014e-03
-6.8980e-03
-8.7006e-03
-7.7981e-03
-4.0734e-03
-2.8146e-03
-3.1067e-03
-2.7571e-03
1.1746e-04
2.5905e-03
4.3495e-03
5.3278e-03
3.1989e-03
7.6804e-04
-9.2646e-05
8.3201e-04
3.1339e-03
5.2466e-03
7.5618e-03
8.5991e-03
6.4893e-03
4.7634e-03
6.1057e-04
-6.0007e-03
-5.0883e-03
-5.7576e-03
-7.7636e-03
-7.6664e-03
-6.5394e-03
-3.8403e-03
-2.0674e-06
-2.7928e-04
-3.2239e-03
-2.5012e-03
1.0890e-03
2.2416e-03
4.4476e-03
5.8703e-03
6.5159e-03
7.5434e-03
7.4790e-03
5.0868e-03
1.7726e-03
-1.3464e-03
-4.4939e-04
1.9993e-03
5.2720e-03
6.8402e-03
6.9830e-03
6.7926e-03
6.3321e-03
7.6537e-03
8.1925e-03
6.9990e-03
6.5965e-03
6.7069e-03
6.4007e-03
6.5687e-03
5.5402e-03
2.2669e-03
-2.1350e-03
-3.8526e-03
-4.5965e-03
-5.7412e-03
-6.0761e-03
-5.6384e-03
-5.2236e-03
-5.4848e-03
-5.0116e-03
-2.8563e-03
-1.4050e-03
6.7662e-04
2.9922e-03
2.9786e-03
1.3427e-03
1.4482e-03
1.0917e-03
1.4461e-03
5.8729e-04
1.9995e-05
1.9926e-03
4.0616e-03
7.6083e-03
1.1557e-02
1.2390e-02
1.2304e-02
1.0429e-02
7.9815e-03
3.3131e-03
-1.7885e-03
-6.3345e-03
-4.4690e-03
-1.5305e-03
-3.9309e-03
-5.6060e-03
-4.3111e-03
-2.9227e-03
-2.9730e-03
-4.2844e-03
-2.0111e-03
3.7984e-03
6.3408e-03
1.0540e-02
1.1503e-02
6.9837e-03
5.6914e-03
3.2195e-03
-7.4650e-04
-2.4496e-03
-4.3764e-03
-7.3461e-03
-8.6625e-03
-1.0259e-02
-7.7981e-03
-4.5754e-03
3.5745e-03
7.6214e-03
7.1647e-03
8.9712e-03
8.4228e-03
6.2946e-03
3.8799e-03
1.8898e-03
6.5318e-04
2.6567e-04
1.9433e-03
2.7371e-03
1.1867e-03
-4.3956e-04
-1.7390e-03
-3.2590e-03
-2.6673e-03
-1.0542e-04
1.0424e-03
2.3347e-03
1.6936e-03
-1.7316e-03
-2.8803e-03
-4.2846e-03
-6.2543e-03
-7.6765e-03
-6.8296e-03
-5.3375e-03
-2.2774e-03
9.5326e-04
2.2226e-03
2.8797e-03
2.6867e-03
1.7784e-03
-4.0592e-04
-3.2244e-03
-5.0197e-03
-4.7458e-03
-2.3841e-03
-1.1741e-03
2.4462e-04
-2.3171e-05
-8.1119e-04
-1.7550e-03
-3.3623e-03
-5.6553e-03
-6.7618e-03
-4.4663e-03
-3.2855e-03
-2.6197e-04
5.0545e-04
-2.7492e-03
-3.0805e-03
-2.4175e-03
-1.8469e-03
-1.1446e-03
-2.3951e-04
9.9742e-04
2.7431e-03
3.4687e-03
2.1730e-03
1.1665e-04
-1.9543e-03
-4.1221e-03
-5.6544e-03
-4.9865e-03
-4.9292e-03
-5.2817e-03
-4.9063e-03
-5.0781e-03
-5.3573e-03
-6.0375e-03
-7.0564e-03
-5.3966e-03
-3.5028e-03
-1.3466e-03
-1.7480e-04
9.4635e-04
1.9942e-03
2.5068e-03
4.5469e-03
7.1695e-03
8.2498e-03
5.8512e-03
1.5094e-03
-1.4324e-03
-4.0158e-03
-2.1145e-03
-3.1360e-03
-5.1508e-03
-5.6253e-03
-7.5010e-03
-7.0541e-03
-4.1985e-03
-3.2616e-03
-3.6641e-03
-4.0103e-03
-1.2207e-03
2.4910e-03
4.3104e-03
2.8484e-03
1.1871e-03
-1.2451e-03
2.9759e-03
6.9691e-03
7.5546e-03
6.1481e-03
5.9103e-03
6.8440e-03
8.5510e-03
9.2914e-03
1.0321e-02
1.0076e-02
7.5318e-03
6.0062e-03
-6.7792e-04
-4.7693e-03
-3.7843e-03
-4.0433e-03
-4.6284e-03
-5.7746e-03
-6.3278e-03
-4.5638e-03
-3.2509e-03
-4.0167e-03
-5.8856e-03
-4.5121e-03
-1.1205e-03
8.3337e-04
3.2950e-03
4.7030e-03
5.4645e-03
5.6576e-03
5.0559e-03
4.2008e-03
3.6108e-03
3.9586e-03
5.5419e-03
6.1709e-03
5.5045e-03
3.8574e-03
1.8845e-03
-2.7079e-04
-3.8434e-03
-6.9121e-03
-7.1765e-03
-5.2154e-03
-2.8716e-03
-5.5975e-04
3.6655e-04
-1.4978e-03
-3.2349e-04
8.6467e-04
8.9018e-05
-1.4538e-03
-2.8773e-03
-2.7011e-03
-9.6290e-04
-2.0016e-03
-3.8763e-03
-5.8503e-03
-8.9323e-03
-7.9253e-03
-4.8606e-03
-2.6734e-03
1.3061e-04
2.8659e-03
4.5454e-03
5.9145e-03
6.4839e-03
5.0661e-03
2.2230e-03
-2.3576e-04
-2.5059e-03
-2.6944e-04
2.5455e-04
-1.5168e-03
-1.7596e-03
-7.1402e-04
2.1681e-04
6.9029e-05
-4.4591e-04
-2.8446e-04
6.0968e-04
-6.8935e-04
-2.3791e-03
-3.5251e-03
-4.1410e-03
-4.6802e-03
-4.9900e-03
-4.0456e-03
-3.4525e-03
-1.9775e-03
-1.4096e-03
-2.5225e-03
-2.6605e-03
-1.9615e-03
-1.6297e-03
-1.3988e-03
-2.5110e-03
-3.1813e-03
-2.4908e-03
-2.1594e-03
-1.5900e-03
-3.0095e-04
1.3260e-03
2.6645e-03
3.2972e-03
2.8783e-03
1.6973e-03
5.4227e-04
-1.3675e-03
-3.6483e-03
-3.5855e-03
-1.7967e-03
-2.0162e-03
-1.5134e-03
-4.6782e-04
-6.6359e-04
-1.3922e-03
-1.1733e-03
1.3035e-04
1.0376e-03
1.5745e-03
1.8157e-03
3.4841e-04
-8.8418e-04
-3.6155e-03
-7.3927e-03
-8.8871e-03
-6.4164e-03
-3.1629e-03
6.5197e-03
1.1997e-02
9.9476e-03
1.1542e-02
1.2321e-02
1.0732e-02
7.2224e-03
2.0789e-03
-3.6037e-03
-3.3191e-03
5.9716e-04
4.2069e-04
-3.2784e-05
-1.7482e-03
-2.2606e-03
-3.1638e-03
-1.7130e-03
7.6529e-04
4.8178e-03
7.6069e-03
6.9296e-03
4.3518e-03
3.3876e-03
7.3342e-04
-2.2229e-03
-2.3661e-03
1.2798e-03
2.6081e-03
3.6592e-03
5.4273e-03
6.3297e-03
5.1620e-03
1.7122e-03
-9.1453e-04
-2.2110e-03
-3.7381e-03
-5.4310e-03
-6.7008e-03
-7.4340e-03
-5.2633e-03
-3.7266e-03
-2.4698e-03
-6.3335e-05
9.3901e-04
-4.4143e-04
1.3813e-03
3.3282e-03
3.6100e-03
4.4876e-03
4.8856e-03
5.6771e-03
6.8347e-03
5.4541e-03
4.1488e-03
3.7627e-03
1.5840e-03
-1.4166e-03
-3.3123e-03
-5.9367e-03
-8.8920e-03
-9.9114e-03
-1.0606e-02
-9.6397e-03
-8.2466e-03
-4.4620e-03
-9.7090e-04
4.9819e-04
2.1496e-03
2.9170e-03
1.5464e-03
-5.3299e-04
-1.6731e-03
-1.8155e-03
1.0207e-03
2.2876e-03
2.0232e-03
1.3810e-03
2.0814e-03
3.3204e-03
2.6758e-03
1.5779e-03
1.2255e-03
4.2407e-04
3.6736e-04
1.3470e-03
1.2660e-03
1.1981e-03
1.0764e-03
5.0141e-04
-1.6183e-03
-4.7715e-03
-6.7391e-03
-8.8782e-03
-1.0027e-02
-1.0581e-02
-8.3927e-03
-3.5526e-03
1.1082e-03
1.2422e-03
-5.8363e-04
-7.9995e-04
4.2718e-04
-5.3053e-04
-2.9720e-03
-4.1932e-03
-4.0408e-03
-1.0169e-03
6.7028e-04
2.7891e-03
3.7504e-03
3.9986e-03
3.4908e-03
3.2546e-03
4.3451e-03
2.8929e-03
-4.1675e-04
-1.8512e-03
-3.7693e-03
-2.7790e-03
-2.2035e-03
-3.3388e-03
-3.4950e-03
-4.6974e-03
-5.3452e-03
-6.3708e-03
-6.2592e-03
-4.4537e-03
-2.1204e-03
-3.1682e-03
-3.7337e-03
-3.3973e-03
-4.2882e-03
-4.9424e-03
-3.9734e-03
-1.5527e-03
8.8866e-04
3.7862e-03
5.1955e-03
6.4915e-03
7.3353e-03
7.6426e-03
6.0598e-03
3.3809e-03
1.6820e-04
-1.6024e-04
1.6658e-03
1.4432e-03
-1.0029e-03
-1.9646e-03
-2.1220e-03
-1.5057e-03
-1.3533e-03
-1.9140e-03
-2.0574e-03
-2.7131e-03
-4.2027e-03
-5.8138e-03
-6.9880e-03
-7.5682e-03
-6.7281e-03
-5.9055e-03
-5.0481e-03
-3.2935e-03
-2.1155e-03
-8.6470e-04
-2.9582e-04
1.3744e-03
3.5745e-03
5.1767e-03
7.0789e-03
8.0310e-03
7.3008e-03
7.0593e-03
6.2831e-03
5.2232e-03
4.4739e-03
2.8245e-03
3.2933e-03
2.8613e-03
1.6263e-03
1.2606e-03
4.2720e-04
-3.7731e-04
-9.0485e-04
-8.9011e-04
3.6962e-05
6.5454e-04
1.3848e-03
1.4231e-03
5.9078e-04
3.9040e-04
-6.9020e-05
-5.4000e-05
9.4633e-04
1.3388e-03
1.9125e-03
1.0745e-03
-7.5007e-04
-1.8928e-03
-2.6615e-03
-1.7271e-03
-5.3913e-04
2.0307e-04
1.4868e-03
2.4629e-03
3.3144e-03
3.3013e-03
3.2635e-03
4.4960e-03
2.7726e-03
1.6171e-03
1.6943e-03
1.8883e-03
1.5270e-03
4.0870e-04
1.6802e-04
8.2437e-04
1.4385e-03
9.6070e-04
-2.8024e-04
-7.7484e-04
-1.0432e-03
-7.1849e-04
-6.7568e-04
-8.1527e-04
-1.1091e-03
-1.4631e-03
-1.9572e-03
-2.4848e-03
-3.0676e-03
-2.7832e-03
-1.0448e-03
-1.6593e-04
9.3684e-04
2.2385e-03
2.7802e-03
3.2937e-03
2.8117e-03
2.2445e-03
1.6028e-03
1.8208e-03
2.8703e-03
2.9527e-03
2.4991e-03
2.4034e-03
2.8910e-03
3.2964e-03
3.6207e-03
3.8624e-03
1.9885e-03
7.3996e-04
7.4887e-04
-4.4154e-05
-9.7623e-04
-1.6965e-03
-2.1372e-03
-2.4622e-03
-1.5264e-03
-8.6932e-04
-6.9502e-04
-1.4213e-03
-1.4314e-03
-1.0110e-05
3.3964e-04
7.3957e-04
1.4025e-03
9.1118e-04
-1.4960e-03
-2.7294e-03
-3.5444e-03
-3.7709e-03
-1.1804e-03
1.6312e-03
3.9793e-03
5.8625e-03
7.7190e-03
7.1698e-03
4.2416e-03
5.8479e-04
-3.0288e-03
-6.4506e-03
-4.8896e-03
-3.6703e-03
-3.2051e-03
-1.1441e-03
-1.3485e-04
8.9522e-04
7.8246e-05
-2.6337e-03
-2.2840e-03
1.3079e-04
1.1422e-04
-1.3726e-03
-2.6270e-03
-1.4845e-03
5.6411e-04
1.0772e-03
1.7886e-03
4.5531e-04
1.2259e-03
2.9366e-03
3.2176e-03
3.8349e-03
3.1458e-03
2.7845e-03
2.1147e-03
6.9780e-04
-6.5129e-04
-3.0864e-03
-4.3025e-03
-4.3707e-03
-3.6139e-03
-2.9274e-03
-1.8300e-03
-6.3624e-04
-4.4640e-04
-1.0262e-03
-1.1569e-03
-2.4582e-03
-3.8406e-03
-5.0541e-03
-4.5510e-03
-2.3640e-03
-1.0508e-03
9.8371e-04
1.6908e-03
1.9937e-03
2.5960e-03
1.6932e-03
8.9611e-04
-5.4079e-04
-1.5488e-03
6.1350e-04
1.4432e-03
1.4818e-03
2.7644e-03
3.5084e-03
2.9670e-03
1.3526e-03
1.4893e-04
-1.6737e-03
-3.9054e-03
-5.1584e-03
-6.5009e-03
-7.7406e-03
-7.3526e-03
-5.4380e-03
-3.3132e-03
1.1867e-04
3.0092e-04
8.3692e-04
2.0039e-03
2.0828e-03
2.1324e-03
1.1589e-03
3.1089e-04
1.8279e-03
3.0220e-03
2.4415e-03
5.6202e-04
-5.6315e-04
-1.2639e-03
-7.2786e-04
-7.4935e-04
-9.7571e-04
-8.6582e-04
-9.9263e-04
-1.8168e-03
-2.3815e-03
-2.9699e-03
-4.5628e-03
-4.7134e-03
-2.4279e-03
-8.4663e-04
9.1865e-04
2.4269e-03
1.4394e-03
-3.1031e-04
1.2297e-04
1.0831e-03
4.5941e-04
-3.7252e-04
1.6023e-04
1.2292e-03
1.7837e-03
2.8166e-03
3.2924e-03
3.3107e-03
2.7256e-03
2.0281e-03
1.3984e-03
3.6571e-04
-3.2169e-04
4.8192e-04
1.0459e-03
7.4818e-04
6.8856e-04
1.2168e-03
1.3459e-03
1.4012e-03
1.5996e-03
1.7371e-03
1.7484e-03
1.8075e-03
1.3601e-03
4.2067e-04
-2.3802e-04
-1.0297e-03
5.4540e-05
1.7194e-03
2.0281e-03
2.7215e-03
3.3405e-03
2.7780e-03
7.6827e-04
-5.3859e-04
-6.7863e-04
9.8093e-04
1.0701e-03
1.0706e-03
1.7075e-03
2.0821e-03
1.9089e-03
1.1101e-03
7.1699e-04
7.2547e-05
-9.3491e-04
-1.1906e-03
2.4522e-04
7.7602e-04
-2.7681e-04
-3.9041e-04
8.1113e-05
5.6598e-04
8.2825e-04
7.3830e-04
-4.9078e-04
-8.5073e-04
-6.3204e-04
4.3632e-05
4.3257e-04
6.0619e-04
7.3832e-04
4.8207e-05
-2.6921e-04
-3.4851e-04
-7.5728e-05
8.0015e-04
1.2467e-03
1.9052e-03
2.6815e-03
2.7290e-03
2.0957e-03
2.2301e-03
2.4131e-03
1.5695e-03
-1.3999e-04
-1.2707e-03
-2.6314e-03
-3.8679e-03
-4.4180e-03
-3.0275e-03
-2.2816e-03
-1.6980e-03
3.3269e-04
1.3382e-03
1.6085e-03
2.9390e-03
3.9057e-03
3.0307e-03
1.9632e-03
1.7963e-03
1.4411e-03
8.9556e-04
5.5905e-04
6.3633e-04
1.5933e-03
2.2914e-03
3.3696e-03
3.9122e-03
3.4528e-03
2.4413e-03
1.3008e-03
-5.6019e-04
-2.5223e-03
-3.7777e-03
-4.5383e-03
-3.2578e-03
-1.6273e-03
-9.8676e-04
-1.1945e-04
-1.1403e-03
-2.1495e-03
-2.3697e-03
-1.9114e-03
-1.9363e-03
-1.5441e-03
-7.8909e-04
-1.5803e-04
6.4204e-04
9.6431e-04
4.5725e-04
8.6566e-04
2.1500e-03
2.7792e-03
3.7182e-03
3.5404e-03
8.5894e-04
6.0949e-04
1.8612e-03
1.4487e-03
1.5394e-03
1.2576e-03
5.7373e-04
-7.0119e-04
-2.1116e-03
-3.0460e-03
-3.9753e-03
-2.0210e-03
-3.2217e-04
1.3518e-04
7.6258e-04
-1.6390e-04
-5.0837e-04
-6.0235e-04
-1.2090e-03
-1.9446e-03
-2.8192e-03
-2.7381e-03
-1.7774e-03
-1.6715e-03
-1.4811e-03
-1.1431e-03
-8.6562e-04
-1.4323e-04
5.4055e-04
1.1072e-03
1.7422e-03
1.5446e-03
1.2887e-03
1.7802e-03
2.0319e-03
1.5459e-03
1.3588e-03
1.6955e-03
2.0032e-03
1.8971e-03
1.8263e-03
1.5947e-03
1.1415e-03
9.8384e-05
-1.6646e-03
-2.7568e-03
-4.0000e-03
-5.4785e-03
-4.8255e-03
-2.4966e-03
-2.1211e-03
-1.5401e-03
-1.7811e-03
-1.9728e-03
-3.0476e-04
4.9341e-04
1.0943e-03
2.3995e-03
3.2216e-03
2.8544e-03
2.5052e-03
2.0493e-03
1.6461e-03
1.2166e-03
2.5152e-04
-7.8866e-04
-1.6678e-03
-2.9285e-03
-3.1427e-03
-2.1419e-03
-2.1203e-03
-1.9653e-03
-1.5871e-03
-1.3320e-03
-5.5551e-04
8.7172e-04
1.7582e-03
2.4756e-03
1.3677e-03
3.8260e-04
-3.9536e-04
1.3483e-03
2.2303e-03
1.7583e-03
2.5405e-03
2.3228e-03
2.5261e-03
3.1513e-03
3.1724e-03
2.8313e-03
2.6408e-03
2.2142e-03
5.6423e-04
-9.3484e-04
-2.6188e-03
-3.6915e-03
-2.4930e-03
-1.6021e-03
-1.1866e-03
4.4175e-05
7.5251e-04
2.3198e-04
2.6971e-04
2.3943e-04
-2.9618e-04
-8.0090e-04
-8.7360e-04
9.0100e-04
1.6877e-03
1.6484e-03
2.2364e-03
2.4525e-03
2.9663e-03
3.3375e-03
2.1908e-03
8.0515e-04
4.2739e-04
2.2100e-04
6.4877e-04
-2.5360e-04
-8.3053e-04
2.4396e-05
1.3373e-04
-6.6377e-04
-1.2455e-03
-4.8834e-04
1.3020e-03
2.5767e-03
3.5913e-03
3.0884e-03
1.1599e-03
3.7509e-04
-7.6306e-04
-2.2312e-03
-1.5058e-03
1.8201e-05
-2.8688e-04
-4.2456e-04
-1.1869e-03
-8.5103e-04
9.1915e-04
2.1834e-03
4.0066e-03
4.3628e-03
4.4792e-03
3.3882e-03
2.4658e-03
1.5684e-03
1.5310e-04
-3.7922e-04
-4.5090e-04
-2.2898e-03
-3.9233e-03
-5.7855e-03
-4.7016e-03
-2.5585e-03
-2.2355e-03
-8.2485e-04
-6.2659e-04
-1.9020e-03
-1.3170e-04
8.6186e-04
1.4096e-03
6.2022e-04
-8.6189e-04
4.9615e-04
2.0869e-03
2.1824e-03
2.7321e-03
3.3396e-03
3.1197e-03
1.3848e-03
4.3336e-04
-8.9198e-05
-5.0880e-04
-1.0094e-05
-4.3845e-04
-1.0260e-03
-6.8946e-04
-3.4861e-04
-9.6530e-04
-1.4614e-03
-1.3664e-03
-1.4860e-03
-1.3434e-03
-1.1181e-03
-9.0935e-04
-5.6989e-04
-2.0867e-04
4.4614e-04
7.3695e-04
5.0201e-04
6.7084e-04
1.1128e-03
1.4897e-03
1.8158e-03
1.8795e-03
1.4058e-03
7.6650e-04
-1.6106e-04
-2.5770e-04
-7.5732e-04
-1.1913e-03
-1.1181e-03
-1.3232e-03
-1.7251e-03
-1.9222e-03
-1.7288e-03
-1.4870e-03
-1.4261e-03
-1.2227e-03
-1.0021e-03
-7.6428e-04
-3.9483e-04
-8.8398e-05
2.1727e-04
5.4469e-04
7.5013e-04
9.5786e-04
8.9438e-04
7.0539e-04
6.8373e-04
4.6716e-04
-4.2449e-04
-1.1047e-03
-1.6604e-03
-1.4785e-03
-1.0729e-04
4.2519e-04
1.1661e-03
1.9963e-03
7.0455e-04
-3.6535e-04
-1.3917e-03
-2.8968e-03
-9.6273e-04
-6.9337e-04
-2.0796e-03
-1.4848e-03
2.9841e-04
1.0660e-03
1.6702e-03
1.7239e-03
3.1684e-03
5.4277e-03
4.1730e-03
1.3794e-03
8.6088e-04
-5.9643e-04
-2.5358e-04
7.7886e-04
-1.6723e-04
2.6403e-04
2.1123e-03
3.1031e-03
3.5202e-03
8.4440e-04
-1.0969e-03
-2.3024e-03
-2.4274e-03
2.9630e-04
1.2775e-04
-8.6841e-04
9.3454e-04
1.5613e-03
1.6761e-03
1.0896e-03
-4.7663e-04
-1.1817e-03
-1.2079e-03
-5.7682e-04
-1.1311e-03
-2.5783e-03
-3.2696e-03
-3.3257e-03
-1.9148e-03
-1.1541e-03
-5.1010e-04
6.3806e-04
1.6138e-03
2.5271e-03
2.7333e-03
1.0449e-03
2.0689e-04
-5.3114e-04
-7.8093e-04
1.3716e-04
1.6841e-04
4.8512e-04
1.0313e-03
-2.4259e-05
-9.3598e-04
5.1526e-04
4.9658e-04
-7.1699e-04
-1.3450e-03
-1.6791e-03
-1.3133e-03
-9.6533e-04
-1.6987e-03
-3.0574e-03
-3.4857e-03
-2.0952e-03
-7.6330e-04
-1.2730e-04
9.4757e-04
2.1392e-03
3.5078e-03
4.6089e-03
3.1614e-03
3.8223e-04
-7.0319e-04
-2.4856e-03
-4.1073e-03
-5.3084e-03
-4.6232e-03
-3.1525e-03
-1.6528e-03
1.3316e-06
3.2754e-04
-6.7291e-04
7.3699e-04
1.3762e-03
1.7046e-04
-1.3607e-03
-7.2288e-04
8.6356e-04
1.1308e-03
1.9081e-03
3.0363e-03
3.8570e-03
4.5207e-03
4.1236e-03
4.5739e-03
3.1978e-03
3.7411e-04
-8.0085e-04
-1.9304e-03
-1.5142e-03
-7.4252e-04
-4.1917e-04
5.0341e-04
1.4016e-03
1.6410e-03
1.5886e-04
-1.4566e-04
-3.4981e-04
-1.2768e-03
-6.1793e-04
1.5305e-03
2.5210e-03
2.9180e-03
2.0762e-03
1.2430e-03
5.1917e-04
-1.9217e-04
-5.9158e-04
-4.6653e-04
-5.0218e-04
-5.8941e-04
-6.8238e-04
-1.2651e-03
-2.0419e-03
-3.2051e-03
-4.1783e-03
-4.2411e-03
-2.1657e-03
-8.2410e-04
1.8506e-03
3.5577e-03
2.7506e-03
3.6400e-04
-1.2056e-03
-2.8892e-03
-5.6024e-04
1.8750e-03
2.6034e-03
-4.8669e-04
-3.5370e-03
-3.8827e-03
-5.4489e-03
-2.0065e-03
4.6829e-04
1.2320e-03
1.5325e-03
-2.6373e-03
-4.8181e-03
-6.1142e-03
-2.6078e-03
4.2680e-04
2.2648e-04
1.8781e-03
5.2786e-05
-1.8139e-03
-1.7511e-03
-1.2215e-03
-1.3334e-03
-1.3588e-03
-1.9793e-03
-2.5405e-03
-2.7543e-03
-2.1130e-03
-1.5487e-03
-1.0056e-03
9.7981e-05
9.4411e-04
1.8010e-03
2.4637e-03
6.8629e-04
2.4959e-05
8.4270e-04
-5.6421e-05
-6.9627e-04
-1.1290e-03
-2.1110e-03
-2.8443e-03
-2.4637e-03
-3.5514e-04
5.3307e-06
-1.1736e-03
2.8257e-05
2.2747e-03
2.7582e-03
5.5273e-04
-2.2437e-03
-3.2797e-03
-1.9395e-03
-5.1497e-04
-1.0662e-04
-7.3029e-04
-1.7780e-03
1.7296e-03
3.2458e-03
2.9901e-03
1.9052e-03
1.1312e-03
1.1541e-03
2.0595e-03
4.6630e-04
1.8767e-04
2.3308e-03
2.9034e-03
1.6389e-03
-8.0482e-04
-1.2831e-03
-2.6157e-03
-4.4297e-03
-5.0410e-03
-3.8350e-03
-4.8533e-03
-4.4425e-03
-2.4611e-03
-2.2120e-03
-2.2236e-03
-6.5265e-04
3.0788e-04
-2.0317e-03
-4.8197e-03
-4.0753e-03
7.3102e-05
1.1148e-03
1.0151e-03
2.3124e-03
4.4452e-03
1.7015e-03
-2.4712e-03
-2.9575e-03
-3.9715e-03
-4.7085e-03
-3.8087e-03
-4.3961e-03
-2.5736e-03
1.2349e-03
2.9731e-03
3.8477e-03
1.2076e-03
-7.6863e-04
-3.6800e-03
-7.0128e-03
-5.6190e-03
-1.3748e-03
-3.5120e-04
-3.0782e-04
-6.0752e-04
-1.2584e-03
-1.1046e-03
1.4512e-03
2.8188e-03
7.5310e-04
-1.3675e-03
-1.6935e-03
5.3363e-04
4.2372e-03
9.0566e-03
4.3619e-03
-3.5875e-03
-3.2665e-03
-3.4686e-03
-2.0683e-03
3.8580e-03
4.3691e-03
4.1005e-03
2.4569e-03
1.2232e-03
4.1575e-03
8.0951e-03
1.2917e-02
1.6743e-02
1.3583e-02
6.9361e-03
5.4143e-03
4.4200e-03
6.6733e-03
1.1168e-02
6.1134e-03
4.9356e-04
6.3882e-04
9.7066e-05
-2.0178e-03
-1.0525e-03
-1.5632e-03
-6.0993e-03
-6.3704e-03
3.7596e-03
1.0737e-02
1.0590e-02
1.2759e-02
1.2778e-02
2.6799e-03
-1.0868e-02
-1.7768e-02
-2.5882e-02
-2.3370e-02
-2.4429e-02
-3.1726e-02
-1.8395e-02
8.4149e-03
1.3978e-02
-3.1895e-03
-9.7339e-03
-1.0607e-02
-1.2783e-02
-2.9378e-03
5.2054e-03
4.4057e-03
4.9678e-03
5.6920e-03
5.8012e-03
8.2983e-03
1.0939e-02
1.3203e-02
1.3931e-02
1.1653e-02
1.3691e-02
1.5387e-02
1.0631e-02
2.8401e-03
-7.2738e-03
-1.3293e-02
-1.3657e-02
-1.1846e-02
-5.7894e-03
-5.8174e-03
-6.4496e-03
-3.0966e-03
-2.5149e-03
6.7178e-04
5.0885e-03
9.5982e-03
1.3448e-02
1.6543e-02
1.9384e-02
1.5005e-02
1.1380e-02
9.7544e-03
2.1055e-03
-6.0790e-03
-9.4885e-03
-1.1272e-02
-4.8099e-03
1.4733e-03
7.0730e-03
5.4996e-03
3.5243e-03
7.7764e-03
9.3544e-03
4.7794e-03
1.3869e-03
-2.4505e-03
-6.2122e-03
-4.9840e-03
-7.1195e-04
2.4684e-03
3.3164e-03
1.4177e-03
4.3871e-03
6.8298e-03
4.4981e-03
4.5548e-03
7.5243e-03
6.5129e-03
1.1331e-03
-4.0964e-03
-1.4210e-02
-2.3513e-02
-2.1158e-02
-1.3300e-02
3.2288e-03
1.9598e-02
1.8751e-02
1.1659e-02
1.0289e-02
6.6163e-03
1.8184e-03
-1.5092e-03
-5.9393e-03
-1.1393e-02
-1.8240e-02
-2.5802e-02
-2.7963e-02
-2.2795e-02
-1.2670e-02
-1.2504e-03
4.6050e-03
5.8762e-03
1.2160e-02
2.0650e-02
2.2384e-02
1.8183e-02
1.0507e-02
-6.8655e-03
-1.4032e-02
-1.0172e-02
-8.9523e-03
-1.1143e-02
-6.8413e-03
4.6660e-04
1.0713e-02
1.4197e-02
4.1396e-03
2.1517e-03
-1.1645e-03
-1.0673e-02
-1.4298e-02
-1.5374e-02
-2.0119e-02
-2.2768e-02
-1.7071e-02
3.5372e-03
2.2822e-02
2.5434e-02
1.1105e-02
9.0705e-03
1.1841e-02
6.7319e-03
-6.6823e-03
-1.8411e-02
-2.0722e-02
-6.2940e-03
2.2788e-03
1.4961e-02
2.0991e-02
1.9097e-02
1.7726e-02
9.3832e-03
-9.5716e-04
-1.0843e-02
-1.3888e-02
-1.1509e-02
-1.0997e-02
-1.6741e-02
-1.7477e-02
-5.9914e-03
3.7707e-03
7.0633e-03
4.7472e-03
7.3104e-03
1.1141e-02
1.3169e-02
1.7643e-02
1.3150e-02
2.2409e-03
-3.3699e-03
-7.3493e-03
-1.1669e-02
-7.2396e-03
-6.8121e-03
-1.6467e-02
-2.3002e-02
-2.0802e-02
-1.5764e-02
-9.7245e-03
-1.4457e-04
3.2271e-03
5.4319e-03
1.6277e-02
2.2467e-02
2.1065e-02
1.6374e-02
7.6784e-03
-1.3731e-03
-1.5342e-03
2.8231e-03
3.6052e-03
3.5490e-03
3.7082e-03
4.6813e-04
-3.5262e-03
-5.1377e-03
-6.7870e-03
-7.9280e-03
-7.3693e-03
-6.0909e-03
-5.9563e-03
-6.2404e-03
-6.2559e-03
-2.2589e-03
8.7932e-04
1.0854e-03
-1.7774e-03
-3.9137e-03
-5.9344e-03
-6.2826e-03
-6.6002e-03
-4.6078e-03
-8.9069e-04
3.6139e-03
6.7066e-03
7.7868e-03
7.2478e-03
9.2676e-03
1.0968e-02
1.1431e-02
8.9118e-03
3.5987e-03
-3.9626e-03
-6.5127e-03
-6.3390e-03
-1.7087e-03
3.1982e-04
3.7055e-04
1.0853e-03
2.6822e-03
2.6700e-03
-9.8627e-04
-7.4709e-03
-7.0494e-03
-6.2522e-03
-4.8113e-03
-3.1195e-03
-2.6327e-04
3.5713e-03
5.8846e-03
5.8767e-03
3.0487e-03
1.6557e-04
-1.3558e-03
-3.8595e-03
-5.7925e-03
-6.0570e-03
-5.3914e-03
-2.5685e-03
1.5427e-03
3.3168e-03
1.9735e-03
1.7614e-04
3.5225e-04
1.5352e-03
1.6455e-03
8.0362e-04
2.4024e-03
5.3766e-03
6.5622e-03
5.7186e-03
2.2648e-03
-3.0554e-03
-5.4094e-03
-7.4237e-03
-8.6998e-03
-9.6252e-03
-1.0365e-02
-7.0483e-03
-3.9750e-03
-9.4514e-04
1.8540e-03
1.2428e-03
2.6000e-05
1.4281e-03
1.7690e-03
1.3924e-03
6.7350e-04
1.2464e-03
4.5967e-03
7.6976e-03
7.6812e-03
6.7584e-03
6.2908e-03
5.1446e-03
3.4330e-03
3.6263e-04
-1.4148e-03
-2.0101e-03
-3.1255e-03
-2.6178e-03
-3.6587e-03
-4.2179e-03
-2.5327e-03
-8.1869e-04
5.0803e-05
2.8989e-04
-7.5179e-04
8.9695e-04
1.8742e-03
1.9129e-03
1.2682e-03
1.6258e-03
3.5448e-03
3.9510e-03
3.7812e-03
2.3958e-03
1.6428e-03
1.0770e-03
2.3015e-03
3.8046e-03
3.8519e-03
4.3948e-03
4.0240e-03
2.5320e-03
5.9338e-04
-1.8358e-03
-2.6059e-03
-3.4740e-03
-4.0984e-03
-3.0936e-03
-2.9221e-03
-2.6769e-03
-2.0774e-03
-2.1379e-03
-2.2304e-03
-2.0754e-03
-2.5308e-03
-3.4776e-03
-3.9873e-03
-4.5940e-03
-4.3016e-03
-4.0898e-03
-4.0455e-03
-2.5553e-03
-3.6666e-04
2.3786e-03
3.5560e-03
4.2503e-03
5.6854e-03
6.8323e-03
6.0954e-03
5.0424e-03
4.1965e-03
2.6995e-03
1.2989e-03
-6.6924e-04
-2.5036e-03
-3.4385e-03
-4.2918e-03
-3.9689e-03
-3.0907e-03
-2.5251e-03
-1.8439e-03
-1.4494e-03
-1.9330e-03
-2.6739e-03
-3.3271e-03
-3.9196e-03
-2.7453e-03
-5.7542e-04
1.5719e-03
4.9788e-03
5.3939e-03
4.2093e-03
4.5194e-03
3.1785e-03
4.5775e-04
-2.6583e-03
-3.4812e-03
-1.6244e-03
-2.9613e-03
-4.5984e-03
-4.5160e-03
-5.3676e-03
-5.3848e-03
-3.8829e-03
-3.4394e-03
-2.7588e-03
-1.6839e-03
-1.2816e-03
-1.2002e-03
-7.0142e-04
-4.0274e-04
-2.3661e-04
-1.5263e-04
-5.2540e-04
-5.1149e-04
3.1786e-04
7.3082e-04
1.0885e-03
1.7187e-03
2.2459e-03
2.6991e-03
2.0587e-03
7.7860e-04
2.6950e-04
-5.7798e-04
-3.4097e-04
7.7050e-04
9.7205e-04
1.5864e-03
2.0897e-03
2.4676e-04
-9.5801e-04
-1.2335e-03
-2.0321e-03
-2.9161e-03
-3.3020e-03
-3.8141e-03
-4.3226e-03
-4.0340e-03
-3.8488e-03
-3.8880e-03
-3.6729e-03
-3.3908e-03
-2.4034e-03
-1.4375e-03
-5.1585e-04
7.1361e-04
1.0513e-03
7.3884e-04
1.1877e-03
1.6839e-03
1.9721e-03
2.4252e-03
3.6827e-03
4.8218e-03
5.5189e-03
5.3902e-03
4.8225e-03
4.7574e-03
3.5261e-03
1.7256e-03
1.2621e-03
9.7793e-04
-2.2784e-05
-1.3179e-03
-2.7308e-03
-3.9302e-03
-3.7652e-03
-2.3223e-03
-2.0592e-03
-7.0160e-04
9.2991e-04
2.0099e-03
2.8940e-03
2.4532e-03
3.8245e-04
-5.3660e-04
-9.4116e-04
-2.7661e-04
-3.9696e-04
-8.8042e-04
-1.4475e-04
3.9820e-04
5.9576e-04
9.7256e-04
3.1239e-04
-3.1655e-04
-5.8629e-04
-1.2112e-03
-1.8387e-03
-2.3902e-03
-2.9821e-03
-3.0366e-03
-1.8102e-03
-1.1752e-03
-5.9816e-04
-3.1854e-04
-9.2269e-04
-8.8699e-05
5.4511e-04
6.5769e-04
1.1128e-03
1.2814e-03
1.4502e-03
1.3907e-03
8.6920e-04
6.4846e-04
4.3957e-04
2.2666e-04
-9.4528e-06
-3.1267e-04
-5.6772e-04
-6.4085e-04
-3.0651e-04
-1.6029e-04
-1.5809e-04
-4.5503e-04
-6.8536e-05
6.8255e-04
8.6624e-04
9.2244e-04
1.1163e-03
1.2769e-03
1.1777e-03
1.1255e-03
9.7088e-04
3.5935e-04
-5.2306e-05
-2.9267e-04
-5.7981e-04
2.1550e-04
1.6530e-03
2.0635e-03
2.6994e-03
2.6250e-03
1.9727e-03
1.9108e-03
1.7627e-03
1.6067e-03
1.4592e-03
1.2176e-03
7.0743e-04
3.1612e-04
-5.9729e-05
2.6256e-05
6.1575e-04
7.4051e-04
9.2915e-04
8.2295e-04
6.3958e-04
1.5050e-04
-3.2090e-04
-7.1598e-04
-9.0191e-04
-3.2893e-04
-7.6007e-05
-5.4680e-05
-2.2978e-04
-3.9791e-04
-5.5904e-04
-7.8438e-04
-7.0678e-04
-1.2695e-04
1.5178e-04
5.1376e-04
1.3401e-03
1.9204e-03
1.7824e-03
1.8451e-03
1.8212e-03
-6.1183e-05
-1.4632e-03
-2.3241e-03
-3.6914e-03
-4.5780e-03
-3.9919e-03
-7.0738e-04
4.6243e-04
1.2730e-03
1.5972e-03
-9.2526e-04
-2.0172e-03
-3.3451e-03
-4.0923e-03
-1.4946e-03
-3.3185e-04
5.2575e-04
1.0776e-03
5.8084e-05
2.4874e-04
1.2285e-03
1.4103e-03
-7.3449e-04
-2.3197e-03
-3.1433e-03
-2.5862e-03
-8.8306e-04
2.4965e-05
1.2444e-03
2.2449e-03
2.9822e-03
3.6602e-03
2.1431e-03
5.4742e-04
-1.5159e-03
-2.3627e-04
1.5162e-03
1.4295e-03
8.5124e-04
-1.1686e-04
-5.8355e-04
-4.1617e-04
5.1415e-04
6.8345e-04
1.1203e-03
1.8058e-03
2.2781e-03
1.9990e-03
1.0969e-03
1.9137e-03
3.3808e-03
3.6578e-03
2.4216e-03
2.7421e-04
-2.2879e-04
-9.3113e-04
-1.4760e-03
-6.9668e-04
-5.9436e-04
3.3641e-04
1.9670e-03
2.9129e-03
3.4830e-03
2.7113e-03
2.4715e-03
2.5369e-03
2.8580e-03
2.8579e-03
1.2574e-03
-2.0008e-04
-1.5920e-03
-3.0136e-03
-2.4046e-03
-1.7827e-03
-1.9604e-03
-1.4039e-03
-8.8834e-04
-8.7895e-04
-9.0578e-04
-7.3988e-04
-7.0422e-04
-6.2432e-04
-5.1281e-04
-4.3751e-04
-3.4346e-04
-2.4717e-04
-3.7646e-04
-7.5519e-04
-9.3378e-04
-8.5632e-04
-3.4324e-04
-8.6926e-05
1.9660e-04
5.5483e-04
2.7819e-04
-5.3071e-04
-1.2016e-03
-1.8126e-03
-2.5588e-03
-2.3308e-03
-1.5749e-03
-1.4869e-03
-1.0164e-03
-1.1066e-04
5.3971e-04
6.1453e-04
-9.6158e-05
-3.1097e-04
-5.9468e-04
-8.2026e-04
-5.4822e-04
-5.5623e-04
-5.1817e-04
-2.3790e-04
2.4868e-06
2.4732e-04
5.8615e-04
8.8210e-04
1.2534e-03
1.6211e-03
1.9181e-03
1.3570e-03
3.2380e-04
-1.1000e-04
-8.3985e-04
-1.3421e-03
-4.5533e-04
-5.8955e-05
2.3893e-04
1.1838e-03
1.8810e-03
1.8834e-03
1.0200e-03
7.1554e-04
4.2377e-04
-3.4916e-05
-3.1499e-04
4.5612e-04
1.2927e-03
1.9043e-03
2.9122e-03
3.0158e-03
1.7858e-03
1.4151e-03
9.2710e-04
4.5980e-05
-4.8072e-04
-6.1694e-05
-1.3969e-05
-6.7563e-04
-7.1970e-04
-2.0378e-04
2.7070e-05
-1.3871e-04
-1.3684e-04
6.6106e-04
3.6938e-04
-1.0741e-03
-1.6006e-03
-1.0959e-03
6.4840e-05
4.0186e-04
1.0298e-03
8.5146e-04
9.6204e-04
2.2231e-03
2.8276e-03
3.4248e-03
2.6848e-03
8.5374e-04
-1.5445e-04
-1.4131e-03
-1.7948e-03
-5.3136e-05
6.2888e-04
1.4940e-03
2.3246e-03
1.3766e-03
-1.2565e-04
-5.8163e-04
-5.7174e-04
-1.1345e-03
-1.3825e-03
-3.8187e-04
5.2566e-05
-8.4457e-04
-1.2246e-03
-1.0979e-03
-4.3668e-04
-2.2773e-05
3.0036e-04
8.0484e-04
8.9854e-04
9.2869e-04
1.0979e-03
7.2626e-04
2.1898e-04
-2.4161e-04
-8.8731e-04
-7.5995e-04
-2.8766e-04
-3.1747e-04
-8.9224e-05
2.2189e-04
-3.5321e-05
-6.1967e-04
-8.0209e-04
-1.1539e-03
-1.4963e-03
-1.0588e-03
-7.3040e-04
-7.8478e-04
-9.6327e-04
-7.1930e-04
-4.1605e-04
-8.5940e-04
-5.1694e-04
-4.5462e-04
-1.0512e-03
-9.6771e-04
-5.0171e-04
-3.2151e-04
7.5026e-05
5.4091e-04
5.6650e-04
3.6677e-04
4.5776e-04
4.0993e-04
1.3747e-04
-1.9605e-04
-1.0977e-04
2.4761e-04
2.4603e-04
-1.3500e-04
-3.6778e-04
-5.1770e-04
-7.4027e-04
-3.9155e-04
-8.5049e-05
2.8238e-05
2.8463e-04
6.5984e-05
-7.9302e-05
1.2514e-04
-1.6333e-04
-7.1186e-04
-9.6684e-04
-6.7285e-04
4.5842e-05
2.5035e-04
4.4386e-04
7.6903e-04
1.0233e-03
1.1715e-03
6.3647e-04
-7.7993e-05
-4.0048e-04
-6.3659e-04
-4.2313e-04
-5.3044e-04
-7.6430e-04
-4.0467e-04
2.4776e-04
4.4525e-04
8.5746e-05
-2.0848e-04
-2.9940e-04
-5.7642e-04
-8.0492e-04
-9.8037e-04
-1.1314e-03
-7.1680e-04
-1.6705e-04
2.9746e-06
-5.5647e-05
2.9265e-05
2.2156e-04
6.5396e-04
9.6947e-04
1.2257e-03
1.4423e-03
8.6272e-04
5.0539e-04
3.8708e-04
3.2122e-05
1.0756e-04
5.4461e-04
5.5228e-04
5.1828e-04
5.3416e-04
3.1950e-04
-2.8155e-04
-9.7782e-04
-1.0091e-03
-9.6765e-04
-8.9057e-04
-5.7291e-04
-4.6534e-04
-5.2086e-04
-6.1722e-04
-5.7948e-04
-5.4283e-04
-2.9479e-04
9.7711e-05
4.0920e-04
6.5240e-04
4.8496e-04
4.4149e-04
5.7229e-04
5.4262e-04
4.4309e-04
3.9655e-04
3.7716e-04
3.3917e-04
1.9387e-04
1.7032e-05
1.7934e-05
4.2797e-05
-1.6437e-04
-2.8802e-04
-3.1875e-04
-2.4960e-04
-2.1530e-04
-1.8853e-04
-1.1148e-04
-5.6744e-05
3.4592e-05
1.0906e-04
6.5022e-05
-1.0900e-05
1.6369e-05
3.5249e-05
1.4174e-05
1.5480e-05
1.3333e-05
4.3745e-05
8.2706e-05
4.5260e-05
-3.4243e-05
-5.2090e-05
-2.0284e-05
1.2653e-05
2.9492e-05
5.3631e-05
2.9852e-05
1.6122e-05
1.6411e-05
2.5388e-05
2.8632e-05
2.9456e-05
2.4094e-05
4.1549e-06
-1.4243e-05
-2.5161e-05
-2.8925e-05
-2.8146e-05
-1.8391e-05
-1.6658e-05
-1.5281e-05
-1.6145e-05
-2.4371e-05
-2.9778e-05
-3.7698e-05
-3.6664e-05
-2.4905e-05
-2.1936e-05
-1.8363e-05
-1.2453e-05
-9.4464e-06
-8.4184e-06
-1.4921e-05
-1.8686e-05
-1.9800e-05
-1.7716e-05
-1.5480e-05
-1.5478e-05
-1.5088e-05
-1.8733e-05
-2.1792e-05
-2.3086e-05
-2.5022e-05
-2.6773e-05
-2.8047e-05
-2.9203e-05
-3.0223e-05
-3.1119e-05
-3.1480e-05
-3.1237e-05
-3.1607e-05
-3.2058e-05
-3.2700e-05
-3.3421e-05
-3.4036e-05
-3.4837e-05
-3.5674e-05
-3.6596e-05
-3.7566e-05
-3.8498e-05
-3.9500e-05
-4.0538e-05
-4.1503e-05
-4.2342e-05
-4.3243e-05
-4.4241e-05
-4.5320e-05
-4.6414e-05
-4.7461e-05
-4.8516e-05
-4.9577e-05
-5.0649e-05
-5.1732e-05
-5.2822e-05
-5.3917e-05
-5.5022e-05
-5.6143e-05
-5.7274e-05
-5.8416e-05
-5.9575e-05
-6.0747e-05
-6.1930e-05
-6.3125e-05
-6.4331e-05
-6.5548e-05
-6.6775e-05
-6.8013e-05
-6.9262e-05
-7.0521e-05
-7.1791e-05
-7.3070e-05
-7.4359e-05
-7.5658e-05
-7.6966e-05
-7.8283e-05
-7.9610e-05
-8.0945e-05
-8.2290e-05
-8.3642e-05
-8.5004e-05
-8.6373e-05
