-1.5085e-04
-1.5067e-04
-1.5057e-04
-1.5003e-04
-1.4938e-04
-1.4815e-04
-1.4667e-04
-1.4403e-04
-1.4021e-04
-1.3486e-04
-1.2892e-04
-1.2177e-04
-1.1454e-04
-1.0770e-04
-1.0138e-04
-9.5569e-05
-9.1177e-05
-8.8108e-05
-8.6431e-05
-8.4443e-05
-7.9877e-05
-6.8250e-05
-4.6096e-05
-1.8617e-05
7.1199e-06
2.5868e-05
3.3453e-05
3.5039e-05
2.5837e-05
3.7966e-06
-3.3603e-05
-9.0079e-05
-1.6019e-04
-2.4983e-04
-3.5171e-04
-4.5998e-04
-5.7484e-04
-6.8906e-04
-7.8959e-04
-8.7647e-04
-9.3458e-04
-9.6060e-04
-9.6363e-04
-9.4841e-04
-9.0677e-04
-8.3992e-04
-7.7160e-04
-7.2497e-04
-7.1062e-04
-7.5791e-04
-8.5120e-04
-9.9975e-04
-1.2009e-03
-1.4356e-03
-1.7009e-03
-1.9923e-03
-2.3027e-03
-2.6158e-03
-2.9202e-03
-3.2088e-03
-3.4733e-03
-3.6811e-03
-3.7524e-03
-3.6574e-03
-3.4724e-03
-3.2934e-03
-3.1122e-03
-2.9140e-03
-2.6856e-03
-2.3901e-03
-2.0118e-03
-1.5331e-03
-8.8390e-04
-9.4322e-05
7.9701e-04
1.7365e-03
2.6557e-03
3.5484e-03
4.4527e-03
5.3103e-03
6.0443e-03
6.5851e-03
6.8436e-03
6.7857e-03
6.4669e-03
5.9785e-03
5.3863e-03
4.7427e-03
4.0220e-03
3.2223e-03
2.4141e-03
1.6257e-03
8.4493e-04
7.1492e-05
-6.8488e-04
-1.3973e-03
-2.0949e-03
-2.7809e-03
-3.4809e-03
-4.0922e-03
-4.5029e-03
-4.7145e-03
-4.6539e-03
-4.3314e-03
-3.7858e-03
-3.1205e-03
-2.3614e-03
-1.4839e-03
-4.9866e-04
5.9415e-04
1.8291e-03
3.1292e-03
4.4091e-03
5.6169e-03
6.5667e-03
7.1676e-03
7.3821e-03
7.0771e-03
6.2416e-03
5.1203e-03
3.7246e-03
2.1481e-03
5.1419e-04
-1.2554e-03
-3.1252e-03
-5.0308e-03
-6.8851e-03
-8.5482e-03
-9.8617e-03
-1.0683e-02
-1.0813e-02
-1.0293e-02
-9.2913e-03
-7.9356e-03
-6.2062e-03
-4.0779e-03
-1.4973e-03
1.3624e-03
4.3042e-03
7.2407e-03
1.0081e-02
1.2611e-02
1.4910e-02
1.6937e-02
1.8570e-02
1.9625e-02
1.9944e-02
1.9461e-02
1.8315e-02
1.6816e-02
1.5045e-02
1.3197e-02
1.1392e-02
9.5770e-03
7.6145e-03
5.5608e-03
3.5070e-03
1.4126e-03
-8.2818e-04
-3.1260e-03
-5.4976e-03
-7.9123e-03
-1.0217e-02
-1.2342e-02
-1.4319e-02
-1.6197e-02
-1.7671e-02
-1.8683e-02
-1.9101e-02
-1.8738e-02
-1.7690e-02
-1.6110e-02
-1.4277e-02
-1.2304e-02
-1.0223e-02
-7.9174e-03
-5.3978e-03
-2.7927e-03
-6.2857e-05
2.8956e-03
5.9624e-03
8.9573e-03
1.1763e-02
1.4461e-02
1.6884e-02
1.8750e-02
1.9821e-02
1.9838e-02
1.8928e-02
1.7139e-02
1.4681e-02
1.1716e-02
8.4230e-03
4.9270e-03
1.2941e-03
-2.3544e-03
-5.8276e-03
-8.8685e-03
-1.1558e-02
-1.3970e-02
-1.5976e-02
-1.7529e-02
-1.8454e-02
-1.8638e-02
-1.8503e-02
-1.7888e-02
-1.6681e-02
-1.4934e-02
-1.2667e-02
-1.0192e-02
-7.5120e-03
-4.6775e-03
-1.6947e-03
1.4356e-03
4.5300e-03
7.4590e-03
9.8017e-03
1.1339e-02
1.1921e-02
1.1425e-02
1.0022e-02
7.8929e-03
5.1317e-03
2.1464e-03
-8.4745e-04
-3.9823e-03
-7.5495e-03
-1.1183e-02
-1.4708e-02
-1.8064e-02
-2.1227e-02
-2.4333e-02
-2.7527e-02
-3.0356e-02
-3.2609e-02
-3.4030e-02
-3.4237e-02
-3.3419e-02
-3.1579e-02
-2.8876e-02
-2.5623e-02
-2.1861e-02
-1.7778e-02
-1.3433e-02
-8.8224e-03
-3.9992e-03
8.4442e-04
5.3527e-03
9.4823e-03
1.3355e-02
1.6839e-02
2.0102e-02
2.2696e-02
2.4165e-02
2.4409e-02
2.3363e-02
2.1383e-02
1.8910e-02
1.6249e-02
1.3707e-02
1.1181e-02
8.4830e-03
5.5117e-03
2.1576e-03
-1.5114e-03
-5.0996e-03
-8.1668e-03
-1.0073e-02
-1.0443e-02
-9.0625e-03
-6.1255e-03
-2.4554e-03
1.3502e-03
5.2460e-03
9.1655e-03
1.3102e-02
1.7125e-02
2.0940e-02
2.4316e-02
2.7046e-02
2.8645e-02
2.8896e-02
2.7759e-02
2.5557e-02
2.2481e-02
1.8846e-02
1.5108e-02
1.1308e-02
7.0278e-03
2.3122e-03
-2.6068e-03
-7.5202e-03
-1.2507e-02
-1.7411e-02
-2.1855e-02
-2.5658e-02
-2.9145e-02
-3.2681e-02
-3.5721e-02
-3.7934e-02
-3.9013e-02
-3.8470e-02
-3.6356e-02
-3.3092e-02
-2.9415e-02
-2.5305e-02
-2.1013e-02
-1.6722e-02
-1.2506e-02
-8.4780e-03
-4.7299e-03
-1.3521e-03
1.6545e-03
4.2662e-03
6.4221e-03
8.4133e-03
1.0253e-02
1.1796e-02
1.2985e-02
1.3713e-02
1.3691e-02
1.2967e-02
1.1795e-02
1.0484e-02
9.1236e-03
7.5233e-03
5.4156e-03
2.7314e-03
-6.3925e-04
-4.6386e-03
-8.8268e-03
-1.2739e-02
-1.5878e-02
-1.7770e-02
-1.7970e-02
-1.6389e-02
-1.3868e-02
-1.0949e-02
-8.0415e-03
-5.2757e-03
-2.7423e-03
-3.2480e-04
2.0111e-03
4.2258e-03
6.5907e-03
8.8539e-03
1.1048e-02
1.2896e-02
1.4399e-02
1.5573e-02
1.6217e-02
1.6658e-02
1.6627e-02
1.6179e-02
1.5371e-02
1.4289e-02
1.3234e-02
1.2302e-02
1.1350e-02
1.0410e-02
9.3424e-03
8.2409e-03
7.2558e-03
6.5544e-03
6.1699e-03
5.7610e-03
5.1502e-03
4.2595e-03
3.1386e-03
1.7899e-03
2.9605e-04
-1.2723e-03
-2.5785e-03
-3.8569e-03
-5.0884e-03
-6.2161e-03
-7.1641e-03
-7.7254e-03
-7.8442e-03
-7.3668e-03
-6.5590e-03
-5.7633e-03
-5.2025e-03
-4.7596e-03
-4.3020e-03
-3.8337e-03
-3.4297e-03
-3.1489e-03
-2.7745e-03
-2.2237e-03
-1.5297e-03
-8.0055e-04
1.5964e-04
1.3395e-03
2.4927e-03
3.5624e-03
4.7625e-03
5.9936e-03
7.3035e-03
8.9753e-03
1.0892e-02
1.2732e-02
1.4507e-02
1.6107e-02
1.7464e-02
1.8438e-02
1.9023e-02
1.9057e-02
1.8654e-02
1.7881e-02
1.6820e-02
1.5544e-02
1.4054e-02
1.2336e-02
1.0211e-02
7.8481e-03
5.4468e-03
3.1490e-03
7.9439e-04
-1.6639e-03
-4.1465e-03
-6.5195e-03
-8.8170e-03
-1.0651e-02
-1.1963e-02
-1.2625e-02
-1.2332e-02
-1.1343e-02
-9.8906e-03
-8.3388e-03
-6.6788e-03
-5.0171e-03
-3.3878e-03
-1.6370e-03
3.5022e-04
2.4073e-03
4.4192e-03
6.2771e-03
7.9075e-03
9.7013e-03
1.1673e-02
1.3503e-02
1.5409e-02
1.7418e-02
1.9410e-02
2.1261e-02
2.2613e-02
2.3095e-02
2.2095e-02
1.9827e-02
1.6686e-02
1.3369e-02
1.0347e-02
7.5334e-03
4.8963e-03
2.2214e-03
-2.4119e-04
-2.5991e-03
-5.1470e-03
-7.6944e-03
-1.0254e-02
-1.2646e-02
-1.4461e-02
-1.5235e-02
-1.4984e-02
-1.3999e-02
-1.2514e-02
-1.0844e-02
-9.0867e-03
-7.1971e-03
-5.0819e-03
-2.9987e-03
-1.3470e-03
-5.6075e-04
-1.0402e-03
-3.0643e-03
-6.8256e-03
-1.1736e-02
-1.6731e-02
-2.1390e-02
-2.5295e-02
-2.8306e-02
-3.0353e-02
-3.1451e-02
-3.1542e-02
-3.0684e-02
-2.9038e-02
-2.6805e-02
-2.4096e-02
-2.0993e-02
-1.7641e-02
-1.3984e-02
-1.0314e-02
-6.8651e-03
-3.7506e-03
-1.1388e-03
1.0309e-03
2.7661e-03
4.4173e-03
5.9489e-03
7.3931e-03
8.6524e-03
9.5404e-03
1.0079e-02
1.0073e-02
9.6481e-03
8.8863e-03
7.9130e-03
6.7129e-03
5.3126e-03
3.5808e-03
1.6591e-03
-4.4318e-04
-2.7358e-03
-4.8700e-03
-6.6658e-03
-7.9462e-03
-8.1328e-03
-7.1813e-03
-5.1403e-03
-2.4382e-03
7.5756e-04
4.3328e-03
7.9401e-03
1.1547e-02
1.5117e-02
1.8468e-02
2.1621e-02
2.4756e-02
2.7717e-02
3.0113e-02
3.1696e-02
3.2019e-02
3.0753e-02
2.8337e-02
2.5135e-02
2.1393e-02
1.7175e-02
1.2697e-02
8.0843e-03
3.4618e-03
-9.9226e-04
-5.4311e-03
-9.5018e-03
-1.3170e-02
-1.6405e-02
-1.9164e-02
-2.1263e-02
-2.2677e-02
-2.2947e-02
-2.2169e-02
-2.0643e-02
-1.8684e-02
-1.6597e-02
-1.4551e-02
-1.2599e-02
-1.0389e-02
-7.9210e-03
-5.1551e-03
-2.1312e-03
9.5989e-04
4.1745e-03
7.3931e-03
1.0609e-02
1.3793e-02
1.6872e-02
1.9885e-02
2.2689e-02
2.5380e-02
2.7940e-02
3.0262e-02
3.2101e-02
3.3289e-02
3.3660e-02
3.3138e-02
3.1585e-02
2.9061e-02
2.5399e-02
2.0792e-02
1.5483e-02
9.7009e-03
3.8425e-03
-1.7329e-03
-6.5278e-03
-1.0596e-02
-1.4119e-02
-1.7225e-02
-2.0119e-02
-2.2790e-02
-2.5273e-02
-2.7385e-02
-2.9092e-02
-2.9963e-02
-2.9660e-02
-2.8522e-02
-2.6794e-02
-2.4677e-02
-2.2215e-02
-1.9446e-02
-1.6851e-02
-1.4372e-02
-1.1912e-02
-9.5082e-03
-7.0685e-03
-4.6393e-03
-2.3892e-03
-6.0770e-04
3.5679e-04
2.1946e-04
-9.8552e-04
-2.7344e-03
-4.5770e-03
-6.3805e-03
-8.1009e-03
-9.5730e-03
-1.0706e-02
-1.1484e-02
-1.1699e-02
-1.1213e-02
-1.0147e-02
-8.7322e-03
-6.9181e-03
-4.8559e-03
-2.5527e-03
7.8742e-05
3.0194e-03
5.7214e-03
8.0922e-03
1.0238e-02
1.2091e-02
1.3599e-02
1.4777e-02
1.5666e-02
1.6085e-02
1.5923e-02
1.5255e-02
1.4273e-02
1.3199e-02
1.1873e-02
1.0091e-02
7.9993e-03
5.7083e-03
3.2478e-03
6.8970e-04
-1.8502e-03
-4.4634e-03
-7.3350e-03
-1.0476e-02
-1.3695e-02
-1.6677e-02
-1.9136e-02
-2.0822e-02
-2.1481e-02
-2.0937e-02
-1.9219e-02
-1.6429e-02
-1.3010e-02
-9.2870e-03
-5.7160e-03
-2.5588e-03
1.9124e-04
2.7677e-03
5.0309e-03
6.5816e-03
7.4698e-03
7.6071e-03
6.7859e-03
4.9987e-03
2.4115e-03
-4.1459e-04
-3.0423e-03
-5.4845e-03
-7.6248e-03
-9.4509e-03
-1.1114e-02
-1.2805e-02
-1.4622e-02
-1.6411e-02
-1.8034e-02
-1.9040e-02
-1.9462e-02
-1.9133e-02
-1.8068e-02
-1.6398e-02
-1.4423e-02
-1.2365e-02
-1.0300e-02
-8.2714e-03
-6.2298e-03
-4.0685e-03
-1.6831e-03
5.9266e-04
2.8595e-03
5.1309e-03
7.3241e-03
9.3405e-03
1.1054e-02
1.2347e-02
1.3014e-02
1.3052e-02
1.2631e-02
1.1889e-02
1.1333e-02
1.0759e-02
1.0150e-02
9.6548e-03
9.0641e-03
8.3315e-03
7.6141e-03
7.2466e-03
7.4373e-03
8.2924e-03
9.4561e-03
1.0834e-02
1.2004e-02
1.2468e-02
1.2110e-02
1.1224e-02
1.0054e-02
8.6796e-03
7.5463e-03
6.9965e-03
7.0664e-03
7.8296e-03
8.9275e-03
1.0086e-02
1.0985e-02
1.1047e-02
1.0499e-02
9.4734e-03
8.1649e-03
6.7587e-03
5.4742e-03
3.9034e-03
2.0012e-03
-9.1057e-05
-2.3740e-03
-4.4731e-03
-6.3911e-03
-8.1360e-03
-9.7663e-03
-1.1463e-02
-1.3178e-02
-1.4904e-02
-1.6761e-02
-1.8803e-02
-2.1061e-02
-2.3502e-02
-2.5897e-02
-2.8013e-02
-2.9860e-02
-3.1250e-02
-3.1997e-02
-3.1964e-02
-3.1297e-02
-3.0073e-02
-2.8458e-02
-2.6581e-02
-2.4376e-02
-2.2103e-02
-1.9567e-02
-1.6830e-02
-1.3982e-02
-1.1085e-02
-8.2295e-03
-5.2016e-03
-2.0264e-03
1.0524e-03
3.9443e-03
6.8706e-03
9.8466e-03
1.2671e-02
1.5178e-02
1.7289e-02
1.9196e-02
2.1063e-02
2.2582e-02
2.3562e-02
2.3944e-02
2.3549e-02
2.2557e-02
2.1229e-02
1.9882e-02
1.8866e-02
1.8489e-02
1.8747e-02
1.9704e-02
2.1194e-02
2.2664e-02
2.3548e-02
2.3740e-02
2.3044e-02
2.1671e-02
2.0000e-02
1.8370e-02
1.6947e-02
1.5686e-02
1.4462e-02
1.3444e-02
1.2513e-02
1.1440e-02
1.0364e-02
9.4722e-03
8.4331e-03
7.2572e-03
6.2526e-03
5.4658e-03
4.7718e-03
4.3082e-03
4.1464e-03
4.2509e-03
4.7103e-03
5.5963e-03
6.8803e-03
8.3307e-03
9.7883e-03
1.1324e-02
1.3095e-02
1.4816e-02
1.6241e-02
1.7180e-02
1.7446e-02
1.7104e-02
1.6251e-02
1.5347e-02
1.4357e-02
1.3142e-02
1.1819e-02
1.0289e-02
8.7815e-03
7.3074e-03
5.9082e-03
4.5460e-03
3.1145e-03
1.8856e-03
9.0235e-04
1.2940e-04
-5.9266e-04
-1.1913e-03
-1.5729e-03
-1.7893e-03
-1.6868e-03
-1.0914e-03
-2.1049e-04
1.0454e-03
2.5770e-03
4.2464e-03
5.7582e-03
7.3101e-03
8.8296e-03
1.0097e-02
1.0868e-02
1.0688e-02
9.8815e-03
8.6881e-03
7.4482e-03
6.1206e-03
4.6582e-03
2.8906e-03
9.9038e-04
-9.0485e-04
-2.7418e-03
-4.7299e-03
-6.7107e-03
-8.5924e-03
-1.0376e-02
-1.2040e-02
-1.3289e-02
-1.4330e-02
-1.5080e-02
-1.5462e-02
-1.5228e-02
-1.4378e-02
-1.3045e-02
-1.1397e-02
-9.5805e-03
-7.8594e-03
-6.4505e-03
-5.8584e-03
-6.0005e-03
-6.7937e-03
-7.9430e-03
-9.3077e-03
-1.0646e-02
-1.1923e-02
-1.3211e-02
-1.4439e-02
-1.5467e-02
-1.6221e-02
-1.6431e-02
-1.6005e-02
-1.5057e-02
-1.3948e-02
-1.2787e-02
-1.1451e-02
-1.0209e-02
-9.3552e-03
-8.9228e-03
-9.0359e-03
-9.4889e-03
-1.0094e-02
-1.0854e-02
-1.1848e-02
-1.2952e-02
-1.3853e-02
-1.4617e-02
-1.5375e-02
-1.6032e-02
-1.6696e-02
-1.7369e-02
-1.7947e-02
-1.8551e-02
-1.9066e-02
-1.9241e-02
-1.9168e-02
-1.8856e-02
-1.8278e-02
-1.7518e-02
-1.6720e-02
-1.5755e-02
-1.4557e-02
-1.2899e-02
-1.0826e-02
-8.4592e-03
-5.8015e-03
-2.9408e-03
-3.9201e-05
2.8247e-03
5.6584e-03
8.2962e-03
1.0916e-02
1.3647e-02
1.6569e-02
1.9314e-02
2.1697e-02
2.3393e-02
2.3944e-02
2.3205e-02
2.1387e-02
1.8754e-02
1.5486e-02
1.1832e-02
8.0491e-03
4.1328e-03
2.6591e-04
-3.3893e-03
-6.8156e-03
-9.9402e-03
-1.2566e-02
-1.4782e-02
-1.6614e-02
-1.7933e-02
-1.8401e-02
-1.8026e-02
-1.7022e-02
-1.6188e-02
-1.6070e-02
-1.6803e-02
-1.8271e-02
-2.0185e-02
-2.2308e-02
-2.4472e-02
-2.6552e-02
-2.8443e-02
-3.0104e-02
-3.1500e-02
-3.2227e-02
-3.2059e-02
-3.1128e-02
-2.9753e-02
-2.8011e-02
-2.5734e-02
-2.3121e-02
-2.0286e-02
-1.7351e-02
-1.4234e-02
-1.0911e-02
-7.5306e-03
-3.8966e-03
1.6480e-04
4.4002e-03
8.5400e-03
1.2369e-02
1.5706e-02
1.8505e-02
2.0963e-02
2.3215e-02
2.5265e-02
2.7056e-02
2.8512e-02
2.9554e-02
2.9842e-02
2.9222e-02
2.7928e-02
2.6211e-02
2.4067e-02
2.1504e-02
1.8626e-02
1.5576e-02
1.2642e-02
1.0053e-02
7.9762e-03
6.2556e-03
4.7055e-03
3.0555e-03
1.1244e-03
-1.0994e-03
-3.3110e-03
-5.5660e-03
-7.5836e-03
-9.3980e-03
-1.1113e-02
-1.2813e-02
-1.4227e-02
-1.5187e-02
-1.5467e-02
-1.4823e-02
-1.3505e-02
-1.1828e-02
-9.7963e-03
-7.4452e-03
-4.7610e-03
-1.8683e-03
1.3319e-03
4.3914e-03
7.1815e-03
9.6265e-03
1.1337e-02
1.1936e-02
1.1619e-02
1.0711e-02
9.5119e-03
8.4738e-03
7.3495e-03
6.0472e-03
4.3555e-03
2.3566e-03
1.9790e-04
-2.0577e-03
-4.3065e-03
-6.4190e-03
-8.2309e-03
-9.6576e-03
-1.1110e-02
-1.2593e-02
-1.3853e-02
-1.4848e-02
-1.5374e-02
-1.5316e-02
-1.4511e-02
-1.3209e-02
-1.1583e-02
-9.8160e-03
-8.0892e-03
-6.3884e-03
-4.5669e-03
-2.5602e-03
-4.5838e-04
1.7345e-03
4.0122e-03
6.3314e-03
8.6007e-03
1.0675e-02
1.2368e-02
1.3510e-02
1.4031e-02
1.3904e-02
1.3204e-02
1.2214e-02
1.1296e-02
1.0418e-02
9.4006e-03
8.3609e-03
7.5628e-03
6.5971e-03
5.3268e-03
3.9812e-03
3.0188e-03
2.5629e-03
2.7359e-03
3.3752e-03
4.2650e-03
5.0910e-03
5.6856e-03
6.2959e-03
6.9977e-03
7.7571e-03
8.6379e-03
9.7170e-03
1.0806e-02
1.1911e-02
1.2841e-02
1.3453e-02
1.3679e-02
1.3397e-02
1.2485e-02
1.1215e-02
9.7165e-03
8.3895e-03
7.2239e-03
6.4378e-03
6.4460e-03
7.1938e-03
8.4149e-03
9.7373e-03
1.0962e-02
1.1676e-02
1.1743e-02
1.1124e-02
1.0159e-02
9.2223e-03
7.9599e-03
6.3464e-03
4.6547e-03
3.0179e-03
1.4393e-03
-4.6356e-05
-1.4409e-03
-2.7970e-03
-3.7707e-03
-4.1534e-03
-3.8084e-03
-3.1476e-03
-2.5855e-03
-2.2298e-03
-2.3673e-03
-3.1880e-03
-4.4789e-03
-5.8808e-03
-7.2307e-03
-8.6029e-03
-1.0148e-02
-1.1919e-02
-1.3835e-02
-1.5829e-02
-1.7908e-02
-2.0055e-02
-2.2014e-02
-2.3626e-02
-2.4496e-02
-2.4719e-02
-2.4270e-02
-2.3294e-02
-2.1998e-02
-2.0289e-02
-1.8292e-02
-1.5933e-02
-1.3281e-02
-1.0307e-02
-7.3941e-03
-4.5324e-03
-1.7061e-03
8.8981e-04
3.4822e-03
5.8136e-03
8.0044e-03
1.0135e-02
1.2200e-02
1.4239e-02
1.6266e-02
1.8214e-02
1.9807e-02
2.0882e-02
2.1564e-02
2.1795e-02
2.1403e-02
2.0564e-02
1.9425e-02
1.7899e-02
1.6107e-02
1.4276e-02
1.2263e-02
1.0115e-02
7.7900e-03
5.1934e-03
2.2790e-03
-9.3626e-04
-4.5234e-03
-8.0479e-03
-1.1187e-02
-1.3911e-02
-1.6417e-02
-1.8693e-02
-2.0817e-02
-2.2469e-02
-2.3642e-02
-2.4286e-02
-2.4485e-02
-2.4489e-02
-2.4047e-02
-2.3383e-02
-2.2522e-02
-2.1336e-02
-1.9970e-02
-1.8669e-02
-1.7108e-02
-1.5310e-02
-1.3019e-02
-1.0140e-02
-7.0770e-03
-3.8343e-03
-4.2646e-04
3.1100e-03
6.8688e-03
1.0704e-02
1.4494e-02
1.7952e-02
2.0935e-02
2.3561e-02
2.6056e-02
2.8212e-02
3.0058e-02
3.1552e-02
3.2163e-02
3.1656e-02
3.0406e-02
2.8788e-02
2.7054e-02
2.5325e-02
2.3668e-02
2.2264e-02
2.1094e-02
2.0563e-02
2.0906e-02
2.1919e-02
2.3239e-02
2.4894e-02
2.6773e-02
2.8763e-02
3.0508e-02
3.1938e-02
3.2778e-02
3.2939e-02
3.2660e-02
3.2031e-02
3.1162e-02
2.9995e-02
2.8490e-02
2.6861e-02
2.5062e-02
2.3094e-02
2.1157e-02
1.9339e-02
1.7645e-02
1.6013e-02
1.4435e-02
1.2740e-02
1.0865e-02
9.1561e-03
7.4720e-03
5.9647e-03
4.6559e-03
3.3754e-03
2.2480e-03
1.2427e-03
3.9776e-04
-5.4632e-04
-1.7601e-03
-3.1103e-03
-4.3365e-03
-5.4542e-03
-6.7194e-03
-8.1768e-03
-9.6242e-03
-1.1122e-02
-1.2697e-02
-1.4293e-02
-1.6020e-02
-1.7729e-02
-1.9714e-02
-2.1808e-02
-2.3936e-02
-2.5884e-02
-2.7765e-02
-2.9450e-02
-3.0935e-02
-3.2144e-02
-3.3080e-02
-3.3451e-02
-3.2983e-02
-3.2008e-02
-3.0802e-02
-2.9364e-02
-2.7499e-02
-2.5386e-02
-2.3117e-02
-2.0751e-02
-1.8101e-02
-1.5385e-02
-1.2487e-02
-9.3779e-03
-5.9602e-03
-2.6488e-03
3.7993e-04
3.2695e-03
5.8836e-03
8.1361e-03
1.0375e-02
1.2523e-02
1.4737e-02
1.7140e-02
1.9671e-02
2.2551e-02
2.5480e-02
2.8406e-02
3.1080e-02
3.3384e-02
3.5162e-02
3.6166e-02
3.6252e-02
3.5527e-02
3.4191e-02
3.2524e-02
3.0598e-02
2.8505e-02
2.6210e-02
2.3809e-02
2.1403e-02
1.9106e-02
1.6921e-02
1.4857e-02
1.2802e-02
1.0953e-02
9.0957e-03
7.3225e-03
5.6561e-03
3.9292e-03
1.9306e-03
-2.1620e-04
-2.4784e-03
-4.8931e-03
-7.4472e-03
-1.0120e-02
-1.2931e-02
-1.5965e-02
-1.9153e-02
-2.2433e-02
-2.5934e-02
-2.9425e-02
-3.2540e-02
-3.5156e-02
-3.6940e-02
-3.7451e-02
-3.6780e-02
-3.5111e-02
-3.2643e-02
-2.9522e-02
-2.5865e-02
-2.1829e-02
-1.7513e-02
-1.3145e-02
-8.8972e-03
-4.9488e-03
-1.4828e-03
1.4061e-03
3.7947e-03
5.6266e-03
6.7292e-03
7.0062e-03
6.5915e-03
5.7003e-03
4.6136e-03
3.7348e-03
3.1517e-03
3.0861e-03
3.4482e-03
3.9259e-03
4.6805e-03
5.6905e-03
6.7666e-03
7.8573e-03
8.7856e-03
9.5491e-03
1.0048e-02
1.0234e-02
9.9439e-03
9.3767e-03
8.6893e-03
7.7061e-03
6.4695e-03
4.9085e-03
3.1235e-03
1.1810e-03
-3.6977e-04
-1.0501e-03
-8.3214e-04
-3.4952e-06
1.1265e-03
2.2251e-03
2.9891e-03
3.2143e-03
2.6639e-03
1.5559e-03
2.2909e-04
-7.6437e-04
-9.7092e-04
-3.5466e-04
5.6548e-04
7.6505e-04
-2.6728e-04
-1.8753e-03
-3.1035e-03
-3.6927e-03
-3.4954e-03
-2.4181e-03
-4.7260e-04
2.0038e-03
4.4340e-03
6.6901e-03
8.8635e-03
1.0864e-02
1.3025e-02
1.5240e-02
1.7405e-02
1.9421e-02
2.1181e-02
2.3048e-02
2.4959e-02
2.6910e-02
2.8726e-02
3.0434e-02
3.1791e-02
3.2925e-02
3.3542e-02
3.3313e-02
3.2348e-02
3.0729e-02
2.8567e-02
2.5766e-02
2.2481e-02
1.8743e-02
1.5109e-02
1.1565e-02
8.2102e-03
4.9827e-03
1.9028e-03
-1.1614e-03
-4.1074e-03
-6.7810e-03
-9.1145e-03
-1.1256e-02
-1.3308e-02
-1.5131e-02
-1.6288e-02
-1.6423e-02
-1.5439e-02
-1.3614e-02
-1.1372e-02
-8.9871e-03
-6.4059e-03
-3.1699e-03
6.2317e-04
4.9080e-03
9.8442e-03
1.5192e-02
2.0482e-02
2.5435e-02
2.9650e-02
3.3520e-02
3.7037e-02
4.0184e-02
4.3237e-02
4.6305e-02
4.9218e-02
5.2147e-02
5.5130e-02
5.8055e-02
6.1041e-02
6.3986e-02
6.6959e-02
6.9913e-02
7.2680e-02
7.5286e-02
7.7581e-02
7.9663e-02
8.1685e-02
8.3650e-02
8.5391e-02
8.6832e-02
8.8143e-02
8.9239e-02
9.0149e-02
9.0781e-02
9.1080e-02
9.1193e-02
9.1217e-02
9.1188e-02
9.1132e-02
9.1067e-02
9.1013e-02
9.0989e-02
9.1027e-02
9.1152e-02
9.1378e-02
9.1664e-02
9.1905e-02
9.2043e-02
9.2058e-02
9.1611e-02
9.0799e-02
8.9832e-02
8.8581e-02
8.7209e-02
8.5832e-02
8.4302e-02
8.2725e-02
8.0964e-02
7.8880e-02
7.6501e-02
7.3745e-02
7.0545e-02
6.6944e-02
6.2970e-02
5.8383e-02
5.3166e-02
4.7415e-02
4.1234e-02
3.4449e-02
2.7010e-02
1.9127e-02
1.1090e-02
2.8936e-03
-5.7145e-03
-1.4843e-02
-2.4161e-02
-3.3689e-02
-4.3879e-02
-5.4875e-02
-6.6468e-02
-7.8282e-02
-9.0226e-02
-1.0195e-01
-1.1294e-01
-1.2283e-01
-1.3153e-01
-1.3902e-01
-1.4543e-01
-1.5062e-01
-1.5476e-01
-1.5820e-01
-1.6091e-01
-1.6298e-01
-1.6456e-01
-1.6536e-01
-1.6553e-01
-1.6528e-01
-1.6469e-01
-1.6385e-01
-1.6280e-01
-1.6145e-01
-1.5998e-01
-1.5833e-01
-1.5636e-01
-1.5419e-01
-1.5179e-01
-1.4913e-01
-1.4621e-01
-1.4312e-01
-1.3992e-01
-1.3629e-01
-1.3233e-01
-1.2816e-01
-1.2368e-01
-1.1895e-01
-1.1410e-01
-1.0906e-01
-1.0391e-01
-9.8850e-02
-9.3790e-02
-8.8856e-02
-8.4017e-02
-7.9244e-02
-7.4603e-02
-6.9946e-02
-6.5359e-02
-6.0751e-02
-5.6097e-02
-5.1498e-02
-4.7096e-02
-4.2914e-02
-3.9066e-02
-3.5783e-02
-3.2695e-02
-2.9849e-02
-2.7365e-02
-2.5252e-02
-2.3625e-02
-2.2177e-02
-2.0996e-02
-1.9997e-02
-1.9078e-02
-1.8106e-02
-1.7091e-02
-1.6218e-02
-1.5294e-02
-1.4097e-02
-1.2712e-02
-1.1418e-02
-9.8400e-03
-8.0239e-03
-6.1647e-03
-4.2454e-03
-2.1678e-03
1.6922e-04
2.6276e-03
5.1946e-03
7.9088e-03
1.0844e-02
1.3943e-02
1.7118e-02
2.0427e-02
2.3963e-02
2.7630e-02
3.1009e-02
3.3924e-02
3.6422e-02
3.8517e-02
4.0096e-02
4.1049e-02
4.1382e-02
4.1138e-02
4.0508e-02
3.9816e-02
3.8937e-02
3.7550e-02
3.5779e-02
3.3667e-02
3.0917e-02
2.7626e-02
2.4023e-02
2.0344e-02
1.6627e-02
1.3095e-02
9.8865e-03
6.9775e-03
4.4641e-03
2.0909e-03
-1.3565e-04
-2.3852e-03
-4.4054e-03
-6.1488e-03
-7.5054e-03
-8.2772e-03
-8.3854e-03
-8.0088e-03
-7.2456e-03
-6.2574e-03
-5.3918e-03
-4.7109e-03
-3.9719e-03
-3.1561e-03
-2.4070e-03
-1.7123e-03
-1.0910e-03
-2.7667e-04
7.8747e-04
1.9603e-03
3.2414e-03
4.9107e-03
6.9610e-03
9.2443e-03
1.1952e-02
1.5245e-02
1.8982e-02
2.3249e-02
2.8222e-02
3.3726e-02
3.9473e-02
4.5022e-02
5.0544e-02
5.5991e-02
6.1405e-02
6.6873e-02
7.2393e-02
7.8132e-02
8.3895e-02
8.9499e-02
9.4994e-02
1.0004e-01
1.0448e-01
1.0850e-01
1.1217e-01
1.1560e-01
1.1873e-01
1.2159e-01
1.2443e-01
1.2725e-01
1.3005e-01
1.3258e-01
1.3472e-01
1.3670e-01
1.3829e-01
1.3940e-01
1.3976e-01
1.3925e-01
1.3753e-01
1.3425e-01
1.2914e-01
1.2172e-01
1.1204e-01
1.0072e-01
8.8377e-02
7.5878e-02
6.3935e-02
5.2848e-02
4.2201e-02
3.1863e-02
2.1530e-02
1.0942e-02
2.2067e-04
-1.0740e-02
-2.1992e-02
-3.2937e-02
-4.2998e-02
-5.2132e-02
-6.0388e-02
-6.7718e-02
-7.3831e-02
-7.8331e-02
-8.1207e-02
-8.2194e-02
-8.1268e-02
-7.8824e-02
-7.5373e-02
-7.1341e-02
-6.7151e-02
-6.2999e-02
-5.8913e-02
-5.4793e-02
-5.0424e-02
-4.5722e-02
-4.0556e-02
-3.5174e-02
-3.0009e-02
-2.5108e-02
-2.0440e-02
-1.6168e-02
-1.2442e-02
-8.9779e-03
-5.8142e-03
-3.0567e-03
-6.1518e-04
1.9125e-03
4.3154e-03
6.5498e-03
8.8500e-03
1.1353e-02
1.4182e-02
1.7216e-02
2.0124e-02
2.2967e-02
2.5707e-02
2.8157e-02
3.0263e-02
3.1804e-02
3.2790e-02
3.3303e-02
3.3178e-02
3.2454e-02
3.1138e-02
2.9284e-02
2.6776e-02
2.3765e-02
2.0199e-02
1.6210e-02
1.1971e-02
7.4007e-03
2.3876e-03
-2.9570e-03
-8.5493e-03
-1.4308e-02
-2.0330e-02
-2.6592e-02
-3.3282e-02
-4.0696e-02
-4.8580e-02
-5.6553e-02
-6.4149e-02
-7.1155e-02
-7.7604e-02
-8.3407e-02
-8.8430e-02
-9.2451e-02
-9.5297e-02
-9.6852e-02
-9.6743e-02
-9.5063e-02
-9.2002e-02
-8.7593e-02
-8.1925e-02
-7.4921e-02
-6.6480e-02
-5.6824e-02
-4.6701e-02
-3.6878e-02
-2.7280e-02
-1.7825e-02
-8.6722e-03
-1.3425e-06
8.4462e-03
1.6689e-02
2.4506e-02
3.1889e-02
3.8901e-02
4.5060e-02
5.0376e-02
5.4768e-02
5.8230e-02
6.0699e-02
6.2151e-02
6.2278e-02
6.1068e-02
5.8309e-02
5.3650e-02
4.6702e-02
3.7147e-02
2.5539e-02
1.2475e-02
-1.2064e-03
-1.4931e-02
-2.8189e-02
-4.0487e-02
-5.1772e-02
-6.2519e-02
-7.3214e-02
-8.4220e-02
-9.5350e-02
-1.0613e-01
-1.1606e-01
-1.2469e-01
-1.3203e-01
-1.3839e-01
-1.4377e-01
-1.4819e-01
-1.5177e-01
-1.5445e-01
-1.5622e-01
-1.5685e-01
-1.5600e-01
-1.5352e-01
-1.4982e-01
-1.4489e-01
-1.3889e-01
-1.3200e-01
-1.2435e-01
-1.1649e-01
-1.0905e-01
-1.0223e-01
-9.5777e-02
-8.9315e-02
-8.2423e-02
-7.5114e-02
-6.7429e-02
-5.9622e-02
-5.2243e-02
-4.5549e-02
-3.9650e-02
-3.4738e-02
-3.0856e-02
-2.8205e-02
-2.6946e-02
-2.7166e-02
-2.8837e-02
-3.1435e-02
-3.4489e-02
-3.7972e-02
-4.2035e-02
-4.6657e-02
-5.1534e-02
-5.6460e-02
-6.1513e-02
-6.6715e-02
-7.1639e-02
-7.6591e-02
-8.1715e-02
-8.6939e-02
-9.2085e-02
-9.6904e-02
-1.0129e-01
-1.0502e-01
-1.0828e-01
-1.1090e-01
-1.1289e-01
-1.1403e-01
-1.1420e-01
-1.1299e-01
-1.1010e-01
-1.0503e-01
-9.7261e-02
-8.6756e-02
-7.3663e-02
-5.8663e-02
-4.2371e-02
-2.6032e-02
-1.0165e-02
5.2989e-03
2.0263e-02
3.4685e-02
4.8779e-02
6.3014e-02
7.7599e-02
9.3058e-02
1.0916e-01
1.2521e-01
1.4025e-01
1.5373e-01
1.6549e-01
1.7570e-01
1.8474e-01
1.9312e-01
2.0139e-01
2.0991e-01
2.1826e-01
2.2637e-01
2.3408e-01
2.4117e-01
2.4743e-01
2.5291e-01
2.5710e-01
2.6002e-01
2.6160e-01
2.6148e-01
2.5964e-01
2.5602e-01
2.5074e-01
2.4389e-01
2.3548e-01
2.2519e-01
2.1289e-01
1.9909e-01
1.8422e-01
1.6835e-01
1.5189e-01
1.3513e-01
1.1818e-01
1.0123e-01
8.4402e-02
6.8036e-02
5.2302e-02
3.7328e-02
2.3073e-02
9.3219e-03
-4.3721e-03
-1.8297e-02
-3.2376e-02
-4.6712e-02
-6.1335e-02
-7.6227e-02
-9.1488e-02
-1.0725e-01
-1.2385e-01
-1.4191e-01
-1.6107e-01
-1.8033e-01
-1.9799e-01
-2.1295e-01
-2.2436e-01
-2.3145e-01
-2.3503e-01
-2.3640e-01
-2.3645e-01
-2.3578e-01
-2.3453e-01
-2.3221e-01
-2.2825e-01
-2.2202e-01
-2.1308e-01
-2.0128e-01
-1.8679e-01
-1.6973e-01
-1.5062e-01
-1.3031e-01
-1.0927e-01
-8.8027e-02
-6.7570e-02
-4.8356e-02
-3.0536e-02
-1.3793e-02
2.1094e-03
1.7958e-02
3.4321e-02
5.1086e-02
6.8142e-02
8.5094e-02
1.0134e-01
1.1699e-01
1.3197e-01
1.4633e-01
1.5996e-01
1.7257e-01
1.8388e-01
1.9388e-01
2.0233e-01
2.0907e-01
2.1403e-01
2.1721e-01
2.1846e-01
2.1766e-01
2.1514e-01
2.1106e-01
2.0489e-01
1.9650e-01
1.8609e-01
1.7332e-01
1.5887e-01
1.4294e-01
1.2525e-01
1.0574e-01
8.4849e-02
6.2792e-02
3.9876e-02
1.6548e-02
-6.7260e-03
-2.9668e-02
-5.1616e-02
-7.1789e-02
-8.9939e-02
-1.0600e-01
-1.2049e-01
-1.3361e-01
-1.4544e-01
-1.5569e-01
-1.6406e-01
-1.7049e-01
-1.7506e-01
-1.7766e-01
-1.7812e-01
-1.7624e-01
-1.7240e-01
-1.6661e-01
-1.5879e-01
-1.4902e-01
-1.3723e-01
-1.2384e-01
-1.0870e-01
-9.1972e-02
-7.3968e-02
-5.5528e-02
-3.7149e-02
-1.9012e-02
-1.3710e-03
1.5666e-02
3.1906e-02
4.6926e-02
6.0703e-02
7.3190e-02
8.4837e-02
9.5718e-02
1.0600e-01
1.1541e-01
1.2382e-01
1.3087e-01
1.3643e-01
1.4037e-01
1.4298e-01
1.4431e-01
1.4439e-01
1.4324e-01
1.4121e-01
1.3872e-01
1.3628e-01
1.3439e-01
1.3345e-01
1.3381e-01
1.3548e-01
1.3787e-01
1.4048e-01
1.4305e-01
1.4569e-01
1.4825e-01
1.5033e-01
1.5175e-01
1.5226e-01
1.5169e-01
1.5005e-01
1.4734e-01
1.4350e-01
1.3853e-01
1.3259e-01
1.2556e-01
1.1775e-01
1.0943e-01
1.0061e-01
9.1667e-02
8.2839e-02
7.4023e-02
6.4596e-02
5.4770e-02
4.4837e-02
3.4675e-02
2.4248e-02
1.3910e-02
3.9134e-03
-5.7120e-03
-1.5019e-02
-2.4108e-02
-3.3162e-02
-4.2325e-02
-5.2177e-02
-6.2863e-02
-7.3876e-02
-8.5231e-02
-9.6326e-02
-1.0685e-01
-1.1666e-01
-1.2604e-01
-1.3550e-01
-1.4512e-01
-1.5514e-01
-1.6548e-01
-1.7577e-01
-1.8554e-01
-1.9447e-01
-2.0222e-01
-2.0915e-01
-2.1479e-01
-2.1908e-01
-2.2204e-01
-2.2383e-01
-2.2437e-01
-2.2388e-01
-2.2221e-01
-2.1914e-01
-2.1476e-01
-2.0882e-01
-2.0147e-01
-1.9289e-01
-1.8310e-01
-1.7227e-01
-1.6053e-01
-1.4830e-01
-1.3571e-01
-1.2295e-01
-1.1019e-01
-9.7843e-02
-8.6427e-02
-7.6131e-02
-6.6616e-02
-5.7846e-02
-5.0038e-02
-4.2586e-02
-3.5320e-02
-2.8445e-02
-2.2148e-02
-1.6482e-02
-1.1153e-02
-6.1726e-03
-1.7078e-03
2.5185e-03
6.6780e-03
1.0705e-02
1.4613e-02
1.8490e-02
2.2520e-02
2.6990e-02
3.1846e-02
3.6542e-02
4.1302e-02
4.5838e-02
5.0076e-02
5.3935e-02
5.7266e-02
6.0088e-02
6.2491e-02
6.4348e-02
6.5693e-02
6.6824e-02
6.7722e-02
6.8548e-02
6.9331e-02
7.0201e-02
7.1087e-02
7.2072e-02
7.3127e-02
7.4425e-02
7.5846e-02
7.7234e-02
7.8645e-02
7.9861e-02
8.0847e-02
8.1677e-02
8.2346e-02
8.2858e-02
8.3055e-02
8.3122e-02
8.3140e-02
8.3130e-02
8.3126e-02
8.3145e-02
8.3198e-02
8.3275e-02
8.3349e-02
8.3367e-02
8.3252e-02
8.2922e-02
8.2320e-02
8.1464e-02
8.0536e-02
7.9848e-02
7.9124e-02
7.8108e-02
7.6755e-02
7.5017e-02
7.2851e-02
7.0292e-02
6.7343e-02
6.4072e-02
6.0571e-02
5.6583e-02
5.1965e-02
4.7071e-02
4.2313e-02
3.7747e-02
3.3607e-02
2.9939e-02
2.6532e-02
2.3481e-02
2.0763e-02
1.8493e-02
1.6433e-02
1.4465e-02
1.2751e-02
1.1378e-02
1.0373e-02
9.7622e-03
9.6527e-03
1.0092e-02
1.1128e-02
1.2264e-02
1.3377e-02
1.4234e-02
1.4555e-02
1.4621e-02
1.4187e-02
1.3032e-02
1.1484e-02
9.5330e-03
7.0282e-03
4.2802e-03
1.1697e-03
-2.3224e-03
-6.1791e-03
-1.0690e-02
-1.5917e-02
-2.1702e-02
-2.7434e-02
-3.3367e-02
-3.9177e-02
-4.4687e-02
-4.9958e-02
-5.4746e-02
-5.9061e-02
-6.2905e-02
-6.6513e-02
-6.9808e-02
-7.2742e-02
-7.5458e-02
-7.7796e-02
-7.9644e-02
-8.1118e-02
-8.2358e-02
-8.3618e-02
-8.4876e-02
-8.6180e-02
-8.7454e-02
-8.8468e-02
-8.9104e-02
-8.9466e-02
-8.9432e-02
-8.8988e-02
-8.8396e-02
-8.7565e-02
-8.6460e-02
-8.5272e-02
-8.4095e-02
-8.2655e-02
-8.1092e-02
-7.9931e-02
-7.9475e-02
-7.9430e-02
-7.9741e-02
-8.0395e-02
-8.1221e-02
-8.1956e-02
-8.2613e-02
-8.2999e-02
-8.2959e-02
-8.2519e-02
-8.1624e-02
-8.0321e-02
-7.8828e-02
-7.7259e-02
-7.5438e-02
-7.3236e-02
-7.0427e-02
-6.7241e-02
-6.3866e-02
-6.0324e-02
-5.6712e-02
-5.3204e-02
-4.9370e-02
-4.5184e-02
-4.0882e-02
-3.6556e-02
-3.2338e-02
-2.8372e-02
-2.4788e-02
-2.1605e-02
-1.8673e-02
-1.5927e-02
-1.3509e-02
-1.1231e-02
-9.0482e-03
-6.9955e-03
-5.1038e-03
-3.3888e-03
-1.7908e-03
-2.2780e-04
1.3037e-03
3.0221e-03
4.7743e-03
6.7953e-03
9.0169e-03
1.1391e-02
1.3925e-02
1.6530e-02
1.9050e-02
2.1261e-02
2.3384e-02
2.5555e-02
2.7667e-02
2.9813e-02
3.2242e-02
3.5076e-02
3.8104e-02
4.1314e-02
4.4472e-02
4.7504e-02
5.0587e-02
5.3239e-02
5.5391e-02
5.7114e-02
5.8362e-02
5.9209e-02
5.9816e-02
6.0043e-02
5.9807e-02
5.9175e-02
5.8196e-02
5.7001e-02
5.5481e-02
5.3651e-02
5.1636e-02
4.9602e-02
4.7650e-02
4.5835e-02
4.4156e-02
4.2498e-02
4.0660e-02
3.8766e-02
3.6872e-02
3.4940e-02
3.2938e-02
3.1053e-02
2.9219e-02
2.7645e-02
2.6101e-02
2.4573e-02
2.2952e-02
2.1276e-02
1.9591e-02
1.7850e-02
1.6183e-02
1.4482e-02
1.2751e-02
1.0895e-02
9.1070e-03
7.1362e-03
5.0148e-03
2.7296e-03
2.0178e-04
-2.5827e-03
-5.5515e-03
-8.4819e-03
-1.1219e-02
-1.3648e-02
-1.5914e-02
-1.8082e-02
-2.0158e-02
-2.2096e-02
-2.3519e-02
-2.4347e-02
-2.4672e-02
-2.4363e-02
-2.3577e-02
-2.2461e-02
-2.0930e-02
-1.9029e-02
-1.6682e-02
-1.4121e-02
-1.1541e-02
-8.8481e-03
-5.9345e-03
-2.8420e-03
2.1362e-04
3.0369e-03
5.7840e-03
8.5849e-03
1.1373e-02
1.4051e-02
1.6787e-02
1.9559e-02
2.2208e-02
2.4881e-02
2.7624e-02
3.0460e-02
3.3453e-02
3.6471e-02
3.9409e-02
4.2395e-02
4.5325e-02
4.8044e-02
5.0582e-02
5.3071e-02
5.5264e-02
5.7262e-02
5.9134e-02
6.0880e-02
6.2321e-02
6.3513e-02
6.4332e-02
6.4749e-02
6.4695e-02
6.4259e-02
6.3530e-02
6.2675e-02
6.1988e-02
6.1343e-02
6.0675e-02
6.0086e-02
5.9579e-02
5.8846e-02
5.7768e-02
5.6414e-02
5.4845e-02
5.3222e-02
5.1648e-02
5.0030e-02
4.8220e-02
4.6027e-02
4.3144e-02
3.9428e-02
3.4903e-02
2.9849e-02
2.4511e-02
1.9008e-02
1.3464e-02
7.7945e-03
1.6995e-03
-4.7351e-03
-1.1203e-02
-1.7455e-02
-2.3270e-02
-2.8911e-02
-3.4284e-02
-3.9542e-02
-4.4859e-02
-5.0116e-02
-5.5365e-02
-6.0476e-02
-6.5490e-02
-7.0442e-02
-7.5398e-02
-8.0219e-02
-8.4606e-02
-8.8608e-02
-9.2150e-02
-9.5179e-02
-9.7788e-02
-9.9847e-02
-1.0111e-01
-1.0157e-01
-1.0102e-01
-9.9621e-02
-9.7742e-02
-9.5467e-02
-9.2750e-02
-8.9517e-02
-8.5775e-02
-8.1714e-02
-7.7391e-02
-7.2735e-02
-6.7659e-02
-6.2137e-02
-5.6268e-02
-5.0054e-02
-4.3734e-02
-3.7087e-02
-3.0463e-02
-2.4243e-02
-1.8215e-02
-1.2527e-02
-7.2564e-03
-2.2687e-03
2.5916e-03
7.1968e-03
1.1280e-02
1.4921e-02
1.8187e-02
2.1070e-02
2.3446e-02
2.5235e-02
2.6592e-02
2.7261e-02
2.7165e-02
2.6391e-02
2.4946e-02
2.2957e-02
2.0498e-02
1.7958e-02
1.5257e-02
1.2400e-02
9.5263e-03
6.5183e-03
3.3046e-03
-3.6039e-04
-4.1173e-03
-7.8493e-03
-1.1632e-02
-1.5588e-02
-1.9512e-02
-2.3315e-02
-2.7015e-02
-3.0441e-02
-3.3337e-02
-3.5690e-02
-3.7772e-02
-3.9682e-02
-4.1463e-02
-4.2888e-02
-4.3541e-02
-4.3158e-02
-4.1800e-02
-3.9808e-02
-3.7162e-02
-3.3746e-02
-2.9559e-02
-2.4799e-02
-1.9536e-02
-1.3913e-02
-8.2621e-03
-2.5778e-03
3.1518e-03
8.9980e-03
1.4741e-02
2.0162e-02
2.5180e-02
2.9771e-02
3.3703e-02
3.7110e-02
4.0169e-02
4.2948e-02
4.5254e-02
4.7022e-02
4.8220e-02
4.8796e-02
4.8782e-02
4.8209e-02
4.7320e-02
4.6035e-02
4.4410e-02
4.2723e-02
4.0993e-02
3.9121e-02
3.7194e-02
3.4956e-02
3.2518e-02
2.9972e-02
2.7271e-02
2.4447e-02
2.1537e-02
1.8614e-02
1.5871e-02
1.3090e-02
1.0085e-02
6.8547e-03
3.4007e-03
-1.5772e-05
-3.3646e-03
-6.6932e-03
-9.9372e-03
-1.3326e-02
-1.6906e-02
-2.0400e-02
-2.3763e-02
-2.6964e-02
-2.9826e-02
-3.2147e-02
-3.3991e-02
-3.5831e-02
-3.7641e-02
-3.9453e-02
-4.1147e-02
-4.2705e-02
-4.3916e-02
-4.4622e-02
-4.4798e-02
-4.4359e-02
-4.3478e-02
-4.2364e-02
-4.0983e-02
-3.9559e-02
-3.8387e-02
-3.7290e-02
-3.6181e-02
-3.5037e-02
-3.3674e-02
-3.2147e-02
-3.0394e-02
-2.8568e-02
-2.6694e-02
-2.4659e-02
-2.2343e-02
-1.9990e-02
-1.7361e-02
-1.4471e-02
-1.1513e-02
-8.5363e-03
-5.4046e-03
-2.0944e-03
1.6164e-03
5.6518e-03
9.8145e-03
1.4047e-02
1.8301e-02
2.2548e-02
2.6769e-02
3.0967e-02
3.5145e-02
3.9334e-02
4.3506e-02
4.7216e-02
5.0541e-02
5.3665e-02
5.6621e-02
5.9212e-02
6.1513e-02
6.3910e-02
6.6296e-02
6.8683e-02
7.1000e-02
7.3252e-02
7.5357e-02
7.7140e-02
7.8285e-02
7.8397e-02
7.7620e-02
7.6171e-02
7.4354e-02
7.2350e-02
7.0505e-02
6.8679e-02
6.6652e-02
6.4518e-02
6.2391e-02
6.0377e-02
5.8458e-02
5.6485e-02
5.4568e-02
5.2758e-02
5.1016e-02
4.9323e-02
4.7859e-02
4.6521e-02
4.5306e-02
4.4046e-02
4.2746e-02
4.1292e-02
3.9746e-02
3.8008e-02
3.6084e-02
3.4086e-02
3.1998e-02
2.9771e-02
2.7336e-02
2.4878e-02
2.2538e-02
1.9992e-02
1.7378e-02
1.4887e-02
1.2326e-02
9.6794e-03
7.0628e-03
4.6702e-03
2.3559e-03
6.0080e-05
-2.2034e-03
-4.3878e-03
-6.4427e-03
-8.6322e-03
-1.0846e-02
-1.2916e-02
-1.4830e-02
-1.6689e-02
-1.8326e-02
-1.9659e-02
-2.0780e-02
-2.1894e-02
-2.2884e-02
-2.3749e-02
-2.4855e-02
-2.6283e-02
-2.8244e-02
-3.0636e-02
-3.3062e-02
-3.5538e-02
-3.8015e-02
-4.0623e-02
-4.3256e-02
-4.6074e-02
-4.9148e-02
-5.2346e-02
-5.5589e-02
-5.8803e-02
-6.2047e-02
-6.5697e-02
-7.0332e-02
-7.6065e-02
-8.2571e-02
-8.9179e-02
-9.5016e-02
-9.9634e-02
-1.0325e-01
-1.0622e-01
-1.0860e-01
-1.1054e-01
-1.1210e-01
-1.1366e-01
-1.1524e-01
-1.1691e-01
-1.1874e-01
-1.2054e-01
-1.2217e-01
-1.2321e-01
-1.2373e-01
-1.2356e-01
-1.2275e-01
-1.2137e-01
-1.1959e-01
-1.1748e-01
-1.1490e-01
-1.1166e-01
-1.0762e-01
-1.0290e-01
-9.7678e-02
-9.1870e-02
-8.5510e-02
-7.8938e-02
-7.2001e-02
-6.4814e-02
-5.7558e-02
-5.0414e-02
-4.3233e-02
-3.5968e-02
-2.8324e-02
-2.0239e-02
-1.1772e-02
-3.1620e-03
5.2202e-03
1.3473e-02
2.1600e-02
2.9375e-02
3.6847e-02
4.3969e-02
5.0898e-02
5.7705e-02
6.4649e-02
7.1515e-02
7.8262e-02
8.4743e-02
9.0927e-02
9.6494e-02
1.0157e-01
1.0633e-01
1.1061e-01
1.1438e-01
1.1775e-01
1.2089e-01
1.2400e-01
1.2655e-01
1.2830e-01
1.2919e-01
1.2911e-01
1.2824e-01
1.2678e-01
1.2499e-01
1.2289e-01
1.2057e-01
1.1828e-01
1.1578e-01
1.1279e-01
1.0948e-01
1.0574e-01
1.0144e-01
9.6297e-02
9.0435e-02
8.4129e-02
7.7491e-02
7.0744e-02
6.4103e-02
5.7617e-02
5.1273e-02
4.5055e-02
3.8952e-02
3.3119e-02
2.7570e-02
2.2432e-02
1.7691e-02
1.3114e-02
8.6795e-03
4.4428e-03
5.1483e-04
-2.9832e-03
-5.9868e-03
-8.6057e-03
-1.0964e-02
-1.2984e-02
-1.4478e-02
-1.5246e-02
-1.5177e-02
-1.4236e-02
-1.2307e-02
-9.4547e-03
-5.7075e-03
-1.2219e-03
3.5082e-03
8.1986e-03
1.3044e-02
1.8088e-02
2.3240e-02
2.8270e-02
3.3091e-02
3.7744e-02
4.2188e-02
4.6391e-02
5.0258e-02
5.3685e-02
5.6664e-02
5.9347e-02
6.1733e-02
6.3647e-02
6.5288e-02
6.6598e-02
6.7195e-02
6.6592e-02
6.4934e-02
6.2411e-02
5.8907e-02
5.4375e-02
4.9050e-02
4.3228e-02
3.6900e-02
3.0312e-02
2.3600e-02
1.6874e-02
1.0262e-02
3.5538e-03
-2.9529e-03
-9.0593e-03
-1.4971e-02
-2.0858e-02
-2.6614e-02
-3.2191e-02
-3.7618e-02
-4.2650e-02
-4.7062e-02
-5.0725e-02
-5.3574e-02
-5.5674e-02
-5.7308e-02
-5.8666e-02
-5.9723e-02
-6.0458e-02
-6.1067e-02
-6.1499e-02
-6.1664e-02
-6.1720e-02
-6.1717e-02
-6.1675e-02
-6.1613e-02
-6.1429e-02
-6.0824e-02
-5.9900e-02
-5.8841e-02
-5.7609e-02
-5.6373e-02
-5.5185e-02
-5.4159e-02
-5.3145e-02
-5.2121e-02
-5.1312e-02
-5.0550e-02
-4.9584e-02
-4.8440e-02
-4.7365e-02
-4.6318e-02
-4.5148e-02
-4.4026e-02
-4.3040e-02
-4.1966e-02
-4.0856e-02
-3.9860e-02
-3.8786e-02
-3.7502e-02
-3.6167e-02
-3.4659e-02
-3.2770e-02
-3.0497e-02
-2.7998e-02
-2.5150e-02
-2.2262e-02
-1.9179e-02
-1.5808e-02
-1.2235e-02
-8.5963e-03
-4.8998e-03
-1.3469e-03
2.0905e-03
5.7582e-03
1.0149e-02
1.5020e-02
2.0398e-02
2.6346e-02
3.2697e-02
3.9163e-02
4.5926e-02
5.2793e-02
5.9512e-02
6.5891e-02
7.2103e-02
7.8255e-02
8.4049e-02
8.9297e-02
9.3639e-02
9.7282e-02
9.9946e-02
1.0170e-01
1.0267e-01
1.0272e-01
1.0186e-01
9.9944e-02
9.6904e-02
9.2796e-02
8.7742e-02
8.1780e-02
7.5055e-02
6.7856e-02
6.0433e-02
5.3112e-02
4.5948e-02
3.9193e-02
3.3057e-02
2.7487e-02
2.2373e-02
1.7423e-02
1.2610e-02
7.9124e-03
3.4437e-03
-7.6119e-04
-4.7225e-03
-8.4555e-03
-1.1912e-02
-1.5240e-02
-1.8637e-02
-2.2425e-02
-2.6583e-02
-3.0896e-02
-3.5277e-02
-3.9633e-02
-4.3881e-02
-4.7951e-02
-5.1833e-02
-5.5601e-02
-5.9397e-02
-6.2996e-02
-6.6321e-02
-6.9240e-02
-7.1540e-02
-7.2994e-02
-7.3783e-02
-7.4062e-02
-7.3927e-02
-7.3655e-02
-7.3421e-02
-7.3015e-02
-7.2582e-02
-7.1986e-02
-7.1175e-02
-7.0321e-02
-6.9689e-02
-6.9171e-02
-6.8519e-02
-6.7703e-02
-6.6840e-02
-6.6186e-02
-6.5764e-02
-6.5576e-02
-6.5521e-02
-6.5576e-02
-6.5735e-02
-6.5974e-02
-6.6285e-02
-6.6928e-02
-6.7768e-02
-6.8469e-02
-6.8870e-02
-6.9290e-02
-6.9873e-02
-7.0639e-02
-7.1502e-02
-7.2196e-02
-7.2770e-02
-7.3551e-02
-7.4659e-02
-7.6016e-02
-7.7478e-02
-7.9118e-02
-8.0835e-02
-8.2510e-02
-8.4096e-02
-8.5192e-02
-8.5598e-02
-8.5358e-02
-8.4450e-02
-8.2862e-02
-8.0771e-02
-7.8436e-02
-7.5917e-02
-7.2853e-02
-6.9301e-02
-6.5022e-02
-6.0076e-02
-5.4677e-02
-4.8651e-02
-4.2086e-02
-3.5305e-02
-2.8513e-02
-2.1936e-02
-1.5782e-02
-9.7153e-03
-3.3081e-03
3.6888e-03
1.1064e-02
1.8830e-02
2.6850e-02
3.4975e-02
4.3410e-02
5.1926e-02
6.0312e-02
6.8585e-02
7.7089e-02
8.5676e-02
9.4346e-02
1.0288e-01
1.1096e-01
1.1835e-01
1.2495e-01
1.3098e-01
1.3664e-01
1.4177e-01
1.4637e-01
1.5052e-01
1.5406e-01
1.5685e-01
1.5888e-01
1.6015e-01
1.6028e-01
1.5944e-01
1.5799e-01
1.5625e-01
1.5427e-01
1.5194e-01
1.4937e-01
1.4634e-01
1.4307e-01
1.3949e-01
1.3554e-01
1.3132e-01
1.2688e-01
1.2219e-01
1.1727e-01
1.1239e-01
1.0750e-01
1.0281e-01
9.8229e-02
9.3746e-02
8.9397e-02
8.4907e-02
8.0339e-02
7.5777e-02
7.1040e-02
6.6415e-02
6.1929e-02
5.7495e-02
5.3110e-02
4.8771e-02
4.4468e-02
4.0181e-02
3.5867e-02
3.1458e-02
2.6858e-02
2.1963e-02
1.6732e-02
1.1206e-02
5.1946e-03
-1.1972e-03
-7.7702e-03
-1.4456e-02
-2.0624e-02
-2.6368e-02
-3.1906e-02
-3.6964e-02
-4.1483e-02
-4.5721e-02
-4.9782e-02
-5.3739e-02
-5.7730e-02
-6.1715e-02
-6.5443e-02
-6.8758e-02
-7.1677e-02
-7.4330e-02
-7.6628e-02
-7.8604e-02
-8.0494e-02
-8.2437e-02
-8.4138e-02
-8.5532e-02
-8.6720e-02
-8.7361e-02
-8.7657e-02
-8.7695e-02
-8.7406e-02
-8.6710e-02
-8.5560e-02
-8.4075e-02
-8.2537e-02
-8.0609e-02
-7.8385e-02
-7.5919e-02
-7.3303e-02
-7.0435e-02
-6.7675e-02
-6.4973e-02
-6.2335e-02
-5.9866e-02
-5.7599e-02
-5.5612e-02
-5.3687e-02
-5.1736e-02
-4.9679e-02
-4.7532e-02
-4.5278e-02
-4.2892e-02
-4.0383e-02
-3.7803e-02
-3.5296e-02
-3.3052e-02
-3.0832e-02
-2.8491e-02
-2.6179e-02
-2.3877e-02
-2.1499e-02
-1.9041e-02
-1.6567e-02
-1.4227e-02
-1.2208e-02
-1.0357e-02
-8.8867e-03
-7.6239e-03
-6.5592e-03
-5.5072e-03
-4.4287e-03
-3.5959e-03
-2.9273e-03
-2.2703e-03
-1.7400e-03
-1.5885e-03
-1.7168e-03
-2.1240e-03
-2.7997e-03
-3.6368e-03
-4.7342e-03
-6.0567e-03
-7.2568e-03
-8.0183e-03
-8.3486e-03
-8.0025e-03
-7.0510e-03
-5.7012e-03
-4.2002e-03
-2.7262e-03
-1.2189e-03
4.0481e-04
2.2996e-03
4.3072e-03
6.3933e-03
8.5829e-03
1.0888e-02
1.3329e-02
1.5895e-02
1.8517e-02
2.1048e-02
2.3557e-02
2.6184e-02
2.8943e-02
3.1739e-02
3.4521e-02
3.7370e-02
4.0142e-02
4.2541e-02
4.4628e-02
4.6483e-02
4.8295e-02
5.0056e-02
5.1787e-02
5.3186e-02
5.4417e-02
5.5408e-02
5.6276e-02
5.7085e-02
5.7625e-02
5.7975e-02
5.7984e-02
5.7612e-02
5.7020e-02
5.5987e-02
5.4360e-02
5.2254e-02
4.9755e-02
4.6861e-02
4.3836e-02
4.0654e-02
3.7458e-02
3.4501e-02
3.1644e-02
2.8764e-02
2.5907e-02
2.2815e-02
1.9473e-02
1.6120e-02
1.2750e-02
9.6439e-03
7.0722e-03
4.9474e-03
3.0513e-03
1.3476e-03
-2.2192e-04
-1.6564e-03
-3.0335e-03
-4.2236e-03
-5.4735e-03
-6.6782e-03
-7.7122e-03
-8.3296e-03
-8.5428e-03
-8.6333e-03
-8.7427e-03
-9.0120e-03
-9.5506e-03
-1.0383e-02
-1.1376e-02
-1.2378e-02
-1.3299e-02
-1.4119e-02
-1.4722e-02
-1.5263e-02
-1.5688e-02
-1.5793e-02
-1.5605e-02
-1.5234e-02
-1.4789e-02
-1.4331e-02
-1.3650e-02
-1.2686e-02
-1.1582e-02
-1.0665e-02
-9.9687e-03
-9.3915e-03
-9.0646e-03
-8.9161e-03
-8.8155e-03
-8.7249e-03
-8.6464e-03
-8.6246e-03
-8.7416e-03
-9.0943e-03
-9.7449e-03
-1.0658e-02
-1.1599e-02
-1.2145e-02
-1.2307e-02
-1.2244e-02
-1.2007e-02
-1.1704e-02
-1.1472e-02
-1.1259e-02
-1.1181e-02
-1.1073e-02
-1.0830e-02
-1.0699e-02
-1.0585e-02
-1.0486e-02
-1.0469e-02
-1.0618e-02
-1.1024e-02
-1.1737e-02
-1.2699e-02
-1.3641e-02
-1.4137e-02
-1.4510e-02
-1.4864e-02
-1.5163e-02
-1.5326e-02
-1.5215e-02
-1.5120e-02
-1.5175e-02
-1.5118e-02
-1.4967e-02
-1.4668e-02
-1.4408e-02
-1.4016e-02
-1.3396e-02
-1.2609e-02
-1.1796e-02
-1.0934e-02
-1.0071e-02
-9.0201e-03
-7.8485e-03
-6.8706e-03
-5.9589e-03
-5.0128e-03
-4.1581e-03
-3.2619e-03
-2.2141e-03
-9.0679e-04
5.3391e-04
2.0645e-03
3.4808e-03
4.9782e-03
6.3897e-03
7.7787e-03
9.1643e-03
1.0199e-02
1.1176e-02
1.2014e-02
1.2612e-02
1.2921e-02
1.3135e-02
1.3356e-02
1.3595e-02
1.3804e-02
1.3905e-02
1.4117e-02
1.4183e-02
1.3930e-02
1.3631e-02
1.3511e-02
1.3509e-02
1.3496e-02
1.3380e-02
1.3196e-02
1.3124e-02
1.3089e-02
1.3075e-02
1.3092e-02
1.3137e-02
1.3195e-02
1.3233e-02
1.3200e-02
1.3035e-02
1.2682e-02
1.2129e-02
1.1463e-02
1.0880e-02
1.0343e-02
9.8910e-03
9.6110e-03
9.2569e-03
8.6942e-03
7.8961e-03
6.9728e-03
6.1899e-03
5.4291e-03
4.4399e-03
3.2324e-03
2.0141e-03
7.6747e-04
-6.7631e-04
-2.1211e-03
-3.5152e-03
-4.9745e-03
-6.5906e-03
-8.1850e-03
-9.7889e-03
-1.1597e-02
-1.3615e-02
-1.5787e-02
-1.8123e-02
-2.0641e-02
-2.3298e-02
-2.5959e-02
-2.8393e-02
-3.0671e-02
-3.2809e-02
-3.4751e-02
-3.6442e-02
-3.7870e-02
-3.9062e-02
-3.9738e-02
-3.9859e-02
-3.9585e-02
-3.8945e-02
-3.8030e-02
-3.7106e-02
-3.6513e-02
-3.5855e-02
-3.4956e-02
-3.3848e-02
-3.2691e-02
-3.1427e-02
-2.9830e-02
-2.8050e-02
-2.6086e-02
-2.3892e-02
-2.1510e-02
-1.8951e-02
-1.6234e-02
-1.3271e-02
-1.0132e-02
-6.8454e-03
-3.1720e-03
3.9482e-04
3.6040e-03
6.4786e-03
9.1745e-03
1.1367e-02
1.3089e-02
1.4653e-02
1.5977e-02
1.7115e-02
1.7912e-02
1.8308e-02
1.8083e-02
1.7267e-02
1.5910e-02
1.4195e-02
1.2175e-02
9.7923e-03
7.2668e-03
4.6438e-03
2.0001e-03
-6.3356e-04
-3.1533e-03
-5.7013e-03
-8.0940e-03
-1.0345e-02
-1.2477e-02
-1.4829e-02
-1.7289e-02
-1.9705e-02
-2.2110e-02
-2.4365e-02
-2.6490e-02
-2.8527e-02
-3.0393e-02
-3.1776e-02
-3.2523e-02
-3.2743e-02
-3.2511e-02
-3.1757e-02
-3.0471e-02
-2.8773e-02
-2.6718e-02
-2.4215e-02
-2.1578e-02
-1.8776e-02
-1.6063e-02
-1.3312e-02
-1.0643e-02
-8.0540e-03
-5.6012e-03
-3.3455e-03
-1.0390e-03
1.4122e-03
3.6910e-03
5.8434e-03
7.8645e-03
9.6942e-03
1.1358e-02
1.2971e-02
1.4753e-02
1.6561e-02
1.8402e-02
2.0389e-02
2.2618e-02
2.4829e-02
2.7115e-02
2.9034e-02
3.0109e-02
3.0238e-02
2.9287e-02
2.7509e-02
2.5189e-02
2.2404e-02
1.9182e-02
1.5345e-02
1.1268e-02
7.1595e-03
3.1290e-03
-4.4779e-04
-3.4110e-03
-5.8731e-03
-7.6912e-03
-8.7284e-03
-9.0656e-03
-8.6695e-03
-7.5943e-03
-6.3818e-03
-5.1556e-03
-3.9287e-03
-2.7788e-03
-1.4645e-03
1.7561e-05
1.4241e-03
2.7701e-03
4.2528e-03
5.9227e-03
7.8698e-03
9.9470e-03
1.2446e-02
1.5307e-02
1.8441e-02
2.2063e-02
2.6168e-02
3.0499e-02
3.4934e-02
3.9351e-02
4.3565e-02
4.7366e-02
5.0543e-02
5.3014e-02
5.4908e-02
5.6046e-02
5.6173e-02
5.5719e-02
5.4896e-02
5.3705e-02
5.2127e-02
5.0402e-02
4.8636e-02
4.6872e-02
4.5281e-02
4.3875e-02
4.2725e-02
4.1735e-02
4.1019e-02
4.0350e-02
3.9378e-02
3.7977e-02
3.6256e-02
3.4509e-02
3.2488e-02
2.9981e-02
2.6707e-02
2.2195e-02
1.6678e-02
1.0661e-02
4.2561e-03
-2.2349e-03
-8.3892e-03
-1.4277e-02
-1.9653e-02
-2.4653e-02
-2.9075e-02
-3.2759e-02
-3.5627e-02
-3.7549e-02
-3.8236e-02
-3.7528e-02
-3.5639e-02
-3.3177e-02
-3.0573e-02
-2.7765e-02
-2.4842e-02
-2.1981e-02
-1.9114e-02
-1.6268e-02
-1.3609e-02
-1.1083e-02
-8.8157e-03
-6.7691e-03
-5.2732e-03
-4.6366e-03
-4.6783e-03
-5.2779e-03
-6.1406e-03
-7.2592e-03
-8.5647e-03
-1.0167e-02
-1.1915e-02
-1.3851e-02
-1.5999e-02
-1.8314e-02
-2.0807e-02
-2.3435e-02
-2.6077e-02
-2.8528e-02
-3.0936e-02
-3.3364e-02
-3.5789e-02
-3.8140e-02
-4.0250e-02
-4.1941e-02
-4.3451e-02
-4.4765e-02
-4.6111e-02
-4.7349e-02
-4.8287e-02
-4.8512e-02
-4.7877e-02
-4.6515e-02
-4.4570e-02
-4.2115e-02
-3.9088e-02
-3.5483e-02
-3.1445e-02
-2.7134e-02
-2.2608e-02
-1.8324e-02
-1.4275e-02
-1.0457e-02
-6.8206e-03
-3.1872e-03
3.6193e-04
3.8113e-03
6.8858e-03
9.5375e-03
1.2019e-02
1.4513e-02
1.7022e-02
1.9064e-02
2.0439e-02
2.0621e-02
1.9436e-02
1.7310e-02
1.4756e-02
1.2186e-02
9.7532e-03
7.1351e-03
4.3870e-03
1.6684e-03
-9.5342e-04
-3.5461e-03
-6.0523e-03
-8.6288e-03
-1.0966e-02
-1.3115e-02
-1.5099e-02
-1.6868e-02
-1.8478e-02
-2.0055e-02
-2.1750e-02
-2.3446e-02
-2.5128e-02
-2.6557e-02
-2.7900e-02
-2.8910e-02
-2.9277e-02
-2.9082e-02
-2.8157e-02
-2.6340e-02
-2.3681e-02
-2.0328e-02
-1.6356e-02
-1.2013e-02
-7.4307e-03
-3.1184e-03
8.7915e-04
4.5363e-03
7.8748e-03
1.1089e-02
1.4108e-02
1.7057e-02
1.9943e-02
2.2526e-02
2.4562e-02
2.6256e-02
2.7702e-02
2.8828e-02
2.9822e-02
3.0509e-02
3.0832e-02
3.0633e-02
3.0045e-02
2.9179e-02
2.7889e-02
2.6152e-02
2.4203e-02
2.2069e-02
1.9720e-02
1.7433e-02
1.5252e-02
1.3184e-02
1.1282e-02
9.6206e-03
8.4949e-03
7.9203e-03
8.0422e-03
8.7513e-03
9.9363e-03
1.1405e-02
1.3003e-02
1.4449e-02
1.6010e-02
1.7586e-02
1.9163e-02
2.0855e-02
2.2723e-02
2.4887e-02
2.7037e-02
2.8892e-02
3.0142e-02
3.0523e-02
2.9984e-02
2.8748e-02
2.6851e-02
2.4340e-02
2.1299e-02
1.7828e-02
1.4188e-02
1.0708e-02
7.4397e-03
4.2535e-03
1.2226e-03
-1.8005e-03
-4.8868e-03
-7.8373e-03
-1.0425e-02
-1.2758e-02
-1.4809e-02
-1.6638e-02
-1.8412e-02
-2.0115e-02
-2.1807e-02
-2.3240e-02
-2.4570e-02
-2.5772e-02
-2.6989e-02
-2.8160e-02
-2.8918e-02
-2.9209e-02
-2.9104e-02
-2.8813e-02
-2.8303e-02
-2.7533e-02
-2.6623e-02
-2.5830e-02
-2.5279e-02
-2.4702e-02
-2.3947e-02
-2.3020e-02
-2.2096e-02
-2.1253e-02
-2.0247e-02
-1.9006e-02
-1.7728e-02
-1.6491e-02
-1.5093e-02
-1.3689e-02
-1.2320e-02
-1.0851e-02
-9.4098e-03
-7.9122e-03
-6.4256e-03
-5.0510e-03
-4.1081e-03
-3.4068e-03
-3.0739e-03
-3.1551e-03
-3.5998e-03
-4.4091e-03
-5.4800e-03
-6.7362e-03
-8.1233e-03
-9.5978e-03
-1.0827e-02
-1.1665e-02
-1.1944e-02
-1.1190e-02
-9.2139e-03
-6.0693e-03
-2.1253e-03
2.3062e-03
7.1155e-03
1.2201e-02
1.7377e-02
2.2316e-02
2.6668e-02
3.0267e-02
3.3266e-02
3.5982e-02
3.8041e-02
3.9531e-02
4.0569e-02
4.1079e-02
4.1252e-02
4.1095e-02
4.0509e-02
3.9420e-02
3.7877e-02
3.6142e-02
3.4283e-02
3.2202e-02
2.9749e-02
2.6996e-02
2.3847e-02
2.0690e-02
1.7519e-02
1.4208e-02
1.0956e-02
7.7413e-03
4.2640e-03
5.5842e-04
-3.2360e-03
-7.1908e-03
-1.1100e-02
-1.4784e-02
-1.8220e-02
-2.1515e-02
-2.4717e-02
-2.7903e-02
-3.0925e-02
-3.3422e-02
-3.5349e-02
-3.6536e-02
-3.6908e-02
-3.6301e-02
-3.4873e-02
-3.2874e-02
-3.0558e-02
-2.8097e-02
-2.5660e-02
-2.3479e-02
-2.1665e-02
-2.0278e-02
-1.9565e-02
-1.9564e-02
-2.0024e-02
-2.0810e-02
-2.1726e-02
-2.2719e-02
-2.3710e-02
-2.4838e-02
-2.6110e-02
-2.7537e-02
-2.8783e-02
-2.9535e-02
-2.9685e-02
-2.8958e-02
-2.7400e-02
-2.5233e-02
-2.2975e-02
-2.0665e-02
-1.8355e-02
-1.6139e-02
-1.4070e-02
-1.2206e-02
-1.0561e-02
-9.0819e-03
-7.6000e-03
-6.0812e-03
-4.4861e-03
-2.6214e-03
-6.3976e-04
1.4276e-03
3.6563e-03
6.0711e-03
8.3033e-03
1.0433e-02
1.2533e-02
1.4630e-02
1.6826e-02
1.9215e-02
2.1801e-02
2.4238e-02
2.6429e-02
2.8219e-02
2.9787e-02
3.0961e-02
3.1702e-02
3.2031e-02
3.1983e-02
3.1643e-02
3.1030e-02
3.0223e-02
2.9188e-02
2.7813e-02
2.6226e-02
2.4390e-02
2.2180e-02
1.9825e-02
1.7515e-02
1.5427e-02
1.3382e-02
1.1587e-02
9.9368e-03
8.5495e-03
7.4911e-03
6.9587e-03
6.5138e-03
5.9288e-03
5.1711e-03
4.3065e-03
3.6126e-03
3.0373e-03
2.2893e-03
1.2791e-03
1.1926e-04
-8.8634e-04
-1.6377e-03
-2.2589e-03
-2.7940e-03
-3.4586e-03
-4.2962e-03
-5.2185e-03
-6.3358e-03
-7.3672e-03
-8.4274e-03
-9.3628e-03
-1.0163e-02
-1.1157e-02
-1.2343e-02
-1.3467e-02
-1.4306e-02
-1.4888e-02
-1.5010e-02
-1.4418e-02
-1.3228e-02
-1.1681e-02
-1.0190e-02
-8.6346e-03
-7.1509e-03
-5.6674e-03
-3.8329e-03
-1.5613e-03
8.5124e-04
3.5734e-03
6.6956e-03
1.0079e-02
1.3428e-02
1.6585e-02
1.9654e-02
2.2536e-02
2.5282e-02
2.7753e-02
3.0046e-02
3.2231e-02
3.4304e-02
3.6250e-02
3.8073e-02
3.9819e-02
4.1623e-02
4.3609e-02
4.5560e-02
4.7331e-02
4.8839e-02
5.0062e-02
5.1074e-02
5.1699e-02
5.1858e-02
5.1582e-02
5.0953e-02
5.0055e-02
4.8959e-02
4.7522e-02
4.5577e-02
4.3100e-02
4.0028e-02
3.6344e-02
3.2249e-02
2.8008e-02
2.3768e-02
1.9634e-02
1.5679e-02
1.1898e-02
8.2218e-03
4.8057e-03
1.7800e-03
-8.9625e-04
-3.0906e-03
-4.8635e-03
-6.2238e-03
-7.2571e-03
-8.2042e-03
-9.0803e-03
-9.9926e-03
-1.0813e-02
-1.1503e-02
-1.1950e-02
-1.2294e-02
-1.2567e-02
-1.2924e-02
-1.3314e-02
-1.3463e-02
-1.3536e-02
-1.3576e-02
-1.3585e-02
-1.3575e-02
-1.3558e-02
-1.3539e-02
-1.3530e-02
-1.3535e-02
-1.3562e-02
-1.3603e-02
-1.3646e-02
-1.3642e-02
-1.3529e-02
-1.3215e-02
-1.2629e-02
-1.1757e-02
-1.0610e-02
-8.9851e-03
-6.9922e-03
-4.7525e-03
-2.2709e-03
4.4041e-04
3.2904e-03
6.0986e-03
8.8567e-03
1.1519e-02
1.3901e-02
1.6155e-02
1.8309e-02
2.0263e-02
2.1556e-02
2.2130e-02
2.1737e-02
2.0697e-02
1.9358e-02
1.7825e-02
1.6034e-02
1.4173e-02
1.2288e-02
1.0505e-02
8.7440e-03
6.6951e-03
4.4968e-03
2.1975e-03
-1.5214e-04
-2.4155e-03
-4.4579e-03
-6.5454e-03
-8.4463e-03
-9.9645e-03
-1.1018e-02
-1.1651e-02
-1.2165e-02
-1.2604e-02
-1.2895e-02
-1.3148e-02
-1.3571e-02
-1.4257e-02
-1.5187e-02
-1.6183e-02
-1.7134e-02
-1.8255e-02
-1.9598e-02
-2.0977e-02
-2.2349e-02
-2.3524e-02
-2.4543e-02
-2.5680e-02
-2.6917e-02
-2.7943e-02
-2.8586e-02
-2.8918e-02
-2.8796e-02
-2.8455e-02
-2.8143e-02
-2.7936e-02
-2.7709e-02
-2.7386e-02
-2.6950e-02
-2.6431e-02
-2.5966e-02
-2.5553e-02
-2.5088e-02
-2.4606e-02
-2.4177e-02
-2.3514e-02
-2.2494e-02
-2.1192e-02
-1.9888e-02
-1.8636e-02
-1.7414e-02
-1.6304e-02
-1.5107e-02
-1.3792e-02
-1.2607e-02
-1.1502e-02
-1.0406e-02
-9.2798e-03
-8.1615e-03
-6.8974e-03
-5.5138e-03
-4.0015e-03
-2.3514e-03
-4.0962e-04
1.6444e-03
3.7314e-03
5.8472e-03
7.9748e-03
1.0140e-02
1.2309e-02
1.4112e-02
1.5596e-02
1.6846e-02
1.7660e-02
1.8053e-02
1.8246e-02
1.8303e-02
1.8481e-02
1.8788e-02
1.9037e-02
1.8994e-02
1.8537e-02
1.7857e-02
1.7166e-02
1.6384e-02
1.5518e-02
1.4404e-02
1.3099e-02
1.1945e-02
1.1061e-02
1.0308e-02
9.4398e-03
8.4623e-03
7.6208e-03
7.3162e-03
7.1873e-03
7.0604e-03
6.8440e-03
6.4149e-03
5.7282e-03
4.8565e-03
4.0575e-03
3.4880e-03
2.9237e-03
2.2063e-03
1.3457e-03
4.8498e-04
-2.6732e-04
-8.2234e-04
-1.2978e-03
-1.6604e-03
-1.7432e-03
-1.6008e-03
-1.4073e-03
-9.4104e-04
-4.1203e-04
2.9579e-04
1.1723e-03
1.9962e-03
2.8064e-03
3.4921e-03
4.1543e-03
4.6971e-03
5.1817e-03
5.6581e-03
6.0019e-03
6.1315e-03
6.2115e-03
6.3146e-03
6.4709e-03
6.6890e-03
6.9190e-03
7.0260e-03
6.8370e-03
6.5772e-03
6.4730e-03
6.3111e-03
5.9700e-03
5.3767e-03
4.5119e-03
3.5228e-03
2.7598e-03
2.3544e-03
2.1183e-03
2.0387e-03
2.1585e-03
2.5066e-03
3.0935e-03
3.8484e-03
4.5364e-03
4.8346e-03
5.1038e-03
5.1755e-03
5.1251e-03
5.2862e-03
5.9265e-03
7.1769e-03
8.8089e-03
1.0903e-02
1.3304e-02
1.5763e-02
1.8037e-02
2.0001e-02
2.1832e-02
2.3663e-02
2.5220e-02
2.6304e-02
2.6829e-02
2.6656e-02
2.5795e-02
2.4397e-02
2.2712e-02
2.0884e-02
1.9199e-02
1.7474e-02
1.5708e-02
1.4257e-02
1.2971e-02
1.1901e-02
1.0902e-02
9.9736e-03
9.3697e-03
8.9375e-03
8.3814e-03
7.5926e-03
6.6108e-03
5.6842e-03
5.1856e-03
5.1293e-03
5.4340e-03
6.0796e-03
6.9425e-03
7.8519e-03
8.8487e-03
1.0023e-02
1.1379e-02
1.2660e-02
1.3862e-02
1.5022e-02
1.6102e-02
1.7343e-02
1.8752e-02
2.0089e-02
2.1363e-02
2.2508e-02
2.3469e-02
2.4462e-02
2.5416e-02
2.6175e-02
2.6937e-02
2.7846e-02
2.8764e-02
2.9385e-02
2.9609e-02
2.9363e-02
2.8707e-02
2.7748e-02
2.6722e-02
2.5784e-02
2.4588e-02
2.3100e-02
2.1543e-02
1.9907e-02
1.8009e-02
1.5773e-02
1.3292e-02
1.0616e-02
7.8476e-03
5.0727e-03
2.1327e-03
-9.9924e-04
-4.4938e-03
-7.9239e-03
-1.1153e-02
-1.4331e-02
-1.7502e-02
-2.0488e-02
-2.3318e-02
-2.5918e-02
-2.8393e-02
-3.0696e-02
-3.2695e-02
-3.4657e-02
-3.6337e-02
-3.7553e-02
-3.8281e-02
-3.8667e-02
-3.8726e-02
-3.8425e-02
-3.7980e-02
-3.7288e-02
-3.6368e-02
-3.5454e-02
-3.4897e-02
-3.4674e-02
-3.4597e-02
-3.4610e-02
-3.4655e-02
-3.4673e-02
-3.4605e-02
-3.4413e-02
-3.4081e-02
-3.3647e-02
-3.3227e-02
-3.2893e-02
-3.2432e-02
-3.1757e-02
-3.0909e-02
-3.0031e-02
-2.9001e-02
-2.7957e-02
-2.6987e-02
-2.5835e-02
-2.4484e-02
-2.3098e-02
-2.1566e-02
-1.9927e-02
-1.8601e-02
-1.7488e-02
-1.6755e-02
-1.6311e-02
-1.5938e-02
-1.5632e-02
-1.5472e-02
-1.5554e-02
-1.5774e-02
-1.6110e-02
-1.6285e-02
-1.6389e-02
-1.6486e-02
-1.6564e-02
-1.6611e-02
-1.6579e-02
-1.6403e-02
-1.6007e-02
-1.5359e-02
-1.4538e-02
-1.3750e-02
-1.3002e-02
-1.2400e-02
-1.1805e-02
-1.1262e-02
-1.0963e-02
-1.0792e-02
-1.0691e-02
-1.0687e-02
-1.0797e-02
-1.0766e-02
-1.0574e-02
-1.0311e-02
-1.0090e-02
-1.0118e-02
-1.0624e-02
-1.1407e-02
-1.2092e-02
-1.2616e-02
-1.2875e-02
-1.2900e-02
-1.2655e-02
-1.2080e-02
-1.1194e-02
-1.0148e-02
-9.2449e-03
-8.2828e-03
-7.0898e-03
-5.7947e-03
-4.5999e-03
-3.4578e-03
-2.4266e-03
-1.4784e-03
-7.4900e-04
-1.9352e-04
2.7488e-04
7.8349e-04
1.3134e-03
1.6838e-03
1.7473e-03
1.5894e-03
1.2395e-03
7.5439e-04
3.1136e-04
4.5666e-05
-1.5611e-04
-3.1161e-04
-3.7090e-04
-2.7765e-04
-8.2074e-05
1.6746e-05
8.6093e-05
1.4029e-04
1.5751e-04
1.1903e-04
-7.0332e-06
-2.4767e-04
-6.1007e-04
-1.0410e-03
-1.4149e-03
-1.7390e-03
-2.1852e-03
-2.7972e-03
-3.4933e-03
-4.1979e-03
-4.9536e-03
-5.3119e-03
-5.2935e-03
-4.9752e-03
-4.3584e-03
-3.5939e-03
-2.9349e-03
-2.4215e-03
-2.1885e-03
-2.3792e-03
-2.7859e-03
-3.1952e-03
-3.3451e-03
-3.3670e-03
-3.3197e-03
-3.2465e-03
-3.2521e-03
-3.3843e-03
-3.2460e-03
-2.9127e-03
-2.4673e-03
-2.0344e-03
-1.8551e-03
-1.7742e-03
-1.7415e-03
-1.7395e-03
-1.7312e-03
-1.6938e-03
-1.6198e-03
-1.5318e-03
-1.4820e-03
-1.5529e-03
-1.8364e-03
-2.4016e-03
-3.2352e-03
-4.1649e-03
-4.8240e-03
-5.0828e-03
-5.1869e-03
-5.2534e-03
-5.3740e-03
-5.6524e-03
-6.1322e-03
-6.7608e-03
-7.3464e-03
-7.7563e-03
-8.0086e-03
-8.3537e-03
-8.5241e-03
-8.3476e-03
-8.0232e-03
-7.6503e-03
-7.0371e-03
-6.4783e-03
-5.9310e-03
-5.4558e-03
-4.9815e-03
-4.3536e-03
-3.6028e-03
-2.8783e-03
-2.3056e-03
-1.8856e-03
-1.3948e-03
-6.5517e-04
3.5766e-04
1.5393e-03
2.8290e-03
4.0616e-03
5.2506e-03
6.5706e-03
8.0548e-03
9.7251e-03
1.1586e-02
1.3373e-02
1.5259e-02
1.7136e-02
1.8968e-02
2.0812e-02
2.2343e-02
2.3727e-02
2.4899e-02
2.5966e-02
2.6932e-02
2.7955e-02
2.9051e-02
3.0292e-02
3.1462e-02
3.2436e-02
3.3355e-02
3.4152e-02
3.4901e-02
3.5484e-02
3.5953e-02
3.6290e-02
3.6416e-02
3.6588e-02
3.6916e-02
3.7094e-02
3.7114e-02
3.6915e-02
3.6365e-02
3.5407e-02
3.4119e-02
3.2785e-02
3.1408e-02
2.9934e-02
2.8405e-02
2.6656e-02
2.4768e-02
2.2752e-02
2.0656e-02
1.8652e-02
1.6896e-02
1.5296e-02
1.4009e-02
1.2755e-02
1.1624e-02
1.0746e-02
9.9308e-03
9.2178e-03
8.5399e-03
8.1766e-03
7.9646e-03
7.6968e-03
7.2802e-03
6.6696e-03
5.9369e-03
5.2854e-03
4.7213e-03
4.3115e-03
3.7942e-03
3.0447e-03
2.0923e-03
1.1737e-03
7.0020e-04
3.5378e-04
4.7844e-05
-1.4898e-04
-1.3941e-04
2.1688e-04
6.7281e-04
1.3998e-03
2.4330e-03
3.5621e-03
4.4373e-03
5.4056e-03
6.4839e-03
7.4005e-03
8.0606e-03
8.6616e-03
9.1920e-03
9.4590e-03
9.4066e-03
9.1216e-03
8.6524e-03
8.1016e-03
7.5283e-03
6.7564e-03
5.7951e-03
4.8064e-03
3.6722e-03
2.4452e-03
1.0955e-03
-3.8020e-04
-1.8130e-03
-3.1799e-03
-4.5345e-03
-5.7569e-03
-6.9590e-03
-8.1314e-03
-9.3938e-03
-1.0662e-02
-1.1907e-02
-1.3093e-02
-1.4394e-02
-1.5798e-02
-1.7414e-02
-1.9190e-02
-2.1193e-02
-2.3245e-02
-2.5075e-02
-2.6500e-02
-2.7579e-02
-2.8605e-02
-2.9465e-02
-2.9880e-02
-3.0246e-02
-3.0442e-02
-3.0553e-02
-3.0629e-02
-3.0606e-02
-3.0421e-02
-2.9972e-02
-2.9203e-02
-2.8157e-02
-2.7042e-02
-2.5762e-02
-2.4072e-02
-2.2094e-02
-2.0039e-02
-1.7985e-02
-1.5990e-02
-1.4077e-02
-1.2215e-02
-1.0286e-02
-8.1436e-03
-6.0615e-03
-4.2978e-03
-2.8996e-03
-1.8160e-03
-1.0152e-03
-2.6436e-04
1.3762e-04
4.1649e-04
5.6328e-04
6.4930e-04
7.4069e-04
8.0210e-04
8.0878e-04
6.7333e-04
3.2482e-04
-3.0369e-04
-1.1668e-03
-2.0812e-03
-2.8758e-03
-3.7519e-03
-4.8235e-03
-5.9488e-03
-6.8489e-03
-7.5711e-03
-8.1391e-03
-8.3729e-03
-8.4121e-03
-8.3236e-03
-8.1065e-03
-7.7957e-03
-7.4547e-03
-7.1685e-03
-6.5964e-03
-5.6838e-03
-4.6223e-03
-3.5016e-03
-2.2929e-03
-1.1806e-03
-1.9779e-04
5.8840e-04
1.4247e-03
2.4878e-03
3.6749e-03
4.7737e-03
5.8485e-03
6.8814e-03
7.5443e-03
7.8034e-03
7.9162e-03
7.9982e-03
8.1316e-03
8.3885e-03
8.7819e-03
9.2350e-03
9.5742e-03
9.7913e-03
1.0005e-02
1.0249e-02
1.0512e-02
1.0716e-02
1.0728e-02
1.0714e-02
1.0901e-02
1.0981e-02
1.0675e-02
9.9587e-03
9.1158e-03
8.5503e-03
8.3215e-03
8.2147e-03
8.1249e-03
7.9563e-03
7.6075e-03
7.0489e-03
6.3428e-03
5.5356e-03
4.8569e-03
4.5333e-03
4.3652e-03
4.2750e-03
4.2355e-03
4.2046e-03
4.1801e-03
4.1245e-03
3.6420e-03
2.8276e-03
1.9051e-03
1.2258e-03
9.1802e-04
7.6604e-04
7.1498e-04
7.2531e-04
7.5769e-04
7.8191e-04
7.8865e-04
7.7582e-04
7.5548e-04
7.3820e-04
7.4017e-04
7.6753e-04
8.2179e-04
8.8335e-04
9.1706e-04
8.6208e-04
6.5037e-04
2.2101e-04
-4.3345e-04
-1.2057e-03
-1.8723e-03
-2.5189e-03
-3.1623e-03
-4.0289e-03
-5.1634e-03
-6.4128e-03
-7.8336e-03
-9.2392e-03
-1.0651e-02
-1.2022e-02
-1.3314e-02
-1.4706e-02
-1.6003e-02
-1.7030e-02
-1.7927e-02
-1.8846e-02
-1.9762e-02
-2.0502e-02
-2.1083e-02
-2.1555e-02
-2.1988e-02
-2.2305e-02
-2.2383e-02
-2.2299e-02
-2.1969e-02
-2.1594e-02
-2.1389e-02
-2.1143e-02
-2.0749e-02
-2.0173e-02
-1.9457e-02
-1.8744e-02
-1.7932e-02
-1.7305e-02
-1.6605e-02
-1.5774e-02
-1.4942e-02
-1.3903e-02
-1.2728e-02
-1.1550e-02
-1.0495e-02
-9.5878e-03
-8.5781e-03
-7.5077e-03
-6.4800e-03
-5.5366e-03
-4.6679e-03
-4.0028e-03
-3.4408e-03
-3.0665e-03
-2.8497e-03
-2.6378e-03
-2.4002e-03
-2.1539e-03
-2.0045e-03
-2.0967e-03
-2.2446e-03
-2.1909e-03
-2.1854e-03
-2.3979e-03
-2.7369e-03
-3.2362e-03
-3.9860e-03
-4.9012e-03
-5.7090e-03
-6.1971e-03
-6.5297e-03
-6.8322e-03
-7.1175e-03
-7.3330e-03
-7.3646e-03
-7.3702e-03
-7.5823e-03
-7.6933e-03
-7.5332e-03
-7.3120e-03
-7.2093e-03
-7.4043e-03
-7.6322e-03
-7.6016e-03
-7.1807e-03
-6.5297e-03
-5.8504e-03
-5.0581e-03
-4.2708e-03
-3.6412e-03
-3.1652e-03
-2.9863e-03
-2.9373e-03
-2.8486e-03
-2.6069e-03
-2.1073e-03
-1.3350e-03
-4.2997e-04
2.9285e-04
7.8844e-04
9.9795e-04
1.0092e-03
8.5606e-04
5.5712e-04
1.7908e-04
-1.5312e-04
-2.6262e-04
-2.7112e-04
-3.8637e-04
-6.9130e-04
-9.7275e-04
-1.3073e-03
-1.6625e-03
-1.8560e-03
-1.7122e-03
-1.3280e-03
-6.9747e-04
-1.5677e-04
1.8168e-04
1.7707e-04
-3.2251e-04
-1.0018e-03
-1.4886e-03
-1.6745e-03
-1.8303e-03
-1.7621e-03
-1.7060e-03
-1.6353e-03
-1.3000e-03
-9.7518e-04
-9.0872e-04
-9.3660e-04
-9.7367e-04
-9.4399e-04
-7.2392e-04
-2.7833e-04
5.6397e-05
4.4657e-04
8.9095e-04
1.0851e-03
1.1743e-03
1.2136e-03
1.2120e-03
1.1937e-03
1.1736e-03
1.1659e-03
1.1789e-03
1.2181e-03
1.2801e-03
1.3497e-03
1.3926e-03
1.3568e-03
1.1783e-03
8.0628e-04
2.3729e-04
-4.1693e-04
-9.5571e-04
-1.4905e-03
-1.9436e-03
-2.1151e-03
-2.1296e-03
-2.1259e-03
-2.2123e-03
-2.4975e-03
-3.0557e-03
-3.8620e-03
-4.7241e-03
-5.3186e-03
-5.5479e-03
-5.3838e-03
-4.9503e-03
-4.4113e-03
-3.9491e-03
-3.4100e-03
-2.7789e-03
-2.1393e-03
-1.2776e-03
-1.0124e-04
1.2297e-03
2.4937e-03
3.6969e-03
4.6974e-03
5.5148e-03
6.4209e-03
7.3935e-03
8.1867e-03
8.7009e-03
9.1688e-03
9.6653e-03
1.0114e-02
1.0362e-02
1.0454e-02
1.0525e-02
1.0635e-02
1.0829e-02
1.1118e-02
1.1452e-02
1.1693e-02
1.1606e-02
1.1003e-02
1.0161e-02
9.4650e-03
9.1066e-03
8.9252e-03
8.8408e-03
8.8283e-03
8.8435e-03
8.8666e-03
8.8862e-03
8.9138e-03
8.9608e-03
9.0416e-03
9.1498e-03
9.2599e-03
9.3054e-03
9.2080e-03
9.0431e-03
8.9769e-03
8.9483e-03
8.9452e-03
8.9669e-03
8.9914e-03
8.9819e-03
8.8934e-03
8.6838e-03
8.3407e-03
7.7889e-03
6.8715e-03
5.9422e-03
5.4901e-03
5.2861e-03
5.2716e-03
5.4818e-03
5.9066e-03
6.5009e-03
7.1171e-03
7.5612e-03
7.9519e-03
8.3017e-03
8.7785e-03
9.2869e-03
9.9861e-03
1.0881e-02
1.1745e-02
1.2430e-02
1.2767e-02
1.2848e-02
1.2656e-02
1.2141e-02
1.1308e-02
1.0289e-02
9.3652e-03
8.4891e-03
7.4083e-03
6.1777e-03
5.0329e-03
3.6909e-03
2.0656e-03
3.4735e-04
-1.4831e-03
-3.3080e-03
-5.2360e-03
-7.1364e-03
-8.9251e-03
-1.0641e-02
-1.2347e-02
-1.3925e-02
-1.5622e-02
-1.7317e-02
-1.8665e-02
-1.9640e-02
-2.0094e-02
-2.0159e-02
-1.9881e-02
-1.9237e-02
-1.8292e-02
-1.7204e-02
-1.5971e-02
-1.4726e-02
-1.3438e-02
-1.2213e-02
-1.0920e-02
-9.5800e-03
-8.5294e-03
-7.4482e-03
-6.4237e-03
-5.8329e-03
-5.5799e-03
-5.4812e-03
-5.4825e-03
-5.5451e-03
-5.6203e-03
-5.6585e-03
-5.5974e-03
-5.3732e-03
-4.9330e-03
-4.2756e-03
-3.5121e-03
-2.8667e-03
-2.2781e-03
-1.7428e-03
-9.9767e-04
8.4351e-05
1.3836e-03
2.6263e-03
4.1561e-03
5.9047e-03
7.6239e-03
9.2450e-03
1.0422e-02
1.1363e-02
1.2025e-02
1.2470e-02
1.2908e-02
1.3546e-02
1.4438e-02
1.5423e-02
1.6132e-02
1.6502e-02
1.6675e-02
1.6623e-02
1.6295e-02
1.5673e-02
1.4809e-02
1.3907e-02
1.3334e-02
1.3093e-02
1.2914e-02
1.2647e-02
1.2171e-02
1.1423e-02
1.0480e-02
9.4922e-03
8.4596e-03
7.3573e-03
6.2832e-03
5.5167e-03
4.6194e-03
3.4319e-03
2.1256e-03
1.0335e-03
-4.0795e-05
-1.0005e-03
-1.5836e-03
-1.9506e-03
-2.2594e-03
-2.5408e-03
-2.7350e-03
-2.8683e-03
-2.9785e-03
-2.8125e-03
-2.5198e-03
-2.3273e-03
-2.1124e-03
-2.0531e-03
-2.0551e-03
-2.0462e-03
-1.9660e-03
-1.7483e-03
-1.3543e-03
-8.2047e-04
-3.0455e-04
-7.1626e-05
-2.1279e-05
-1.6985e-04
-5.8129e-04
-1.1949e-03
-1.5247e-03
-1.9111e-03
-2.5645e-03
-3.5406e-03
-4.7968e-03
-6.0533e-03
-7.2481e-03
-8.4403e-03
-9.5391e-03
-1.0750e-02
-1.2177e-02
-1.3598e-02
-1.5002e-02
-1.6406e-02
-1.7637e-02
-1.8723e-02
-1.9540e-02
-2.0117e-02
-2.0358e-02
-2.0374e-02
-2.0173e-02
-1.9702e-02
-1.9113e-02
-1.8171e-02
-1.7129e-02
-1.5913e-02
-1.4426e-02
-1.2679e-02
-1.0592e-02
-8.4238e-03
-6.1857e-03
-3.8467e-03
-1.6719e-03
1.3757e-04
1.8036e-03
3.3113e-03
4.8474e-03
6.2485e-03
7.7170e-03
9.2199e-03
1.0496e-02
1.1749e-02
1.3017e-02
1.4232e-02
1.5428e-02
1.6486e-02
1.7654e-02
1.8731e-02
1.9446e-02
1.9741e-02
1.9845e-02
1.9860e-02
1.9825e-02
1.9809e-02
1.9848e-02
1.9977e-02
2.0191e-02
2.0447e-02
2.0668e-02
2.0999e-02
2.1286e-02
2.1699e-02
2.2174e-02
2.2351e-02
2.2342e-02
2.2011e-02
2.1530e-02
2.1095e-02
2.0528e-02
1.9868e-02
1.9534e-02
1.9370e-02
1.9174e-02
1.8845e-02
1.8273e-02
1.7436e-02
1.6448e-02
1.5602e-02
1.4830e-02
1.3886e-02
1.2756e-02
1.1602e-02
1.0355e-02
8.7345e-03
6.8192e-03
4.6726e-03
2.2494e-03
-2.5334e-04
-2.6420e-03
-5.0173e-03
-7.1381e-03
-9.0277e-03
-1.0720e-02
-1.2241e-02
-1.3746e-02
-1.5339e-02
-1.6917e-02
-1.8449e-02
-1.9709e-02
-2.0883e-02
-2.1888e-02
-2.2663e-02
-2.3131e-02
-2.3176e-02
-2.2958e-02
-2.2573e-02
-2.2018e-02
-2.1223e-02
-2.0510e-02
-1.9972e-02
-1.9718e-02
-1.9542e-02
-1.9310e-02
-1.8939e-02
-1.8366e-02
-1.7639e-02
-1.6894e-02
-1.6125e-02
-1.5670e-02
-1.5472e-02
-1.5374e-02
-1.5304e-02
-1.5159e-02
-1.4837e-02
-1.4262e-02
-1.3436e-02
-1.2505e-02
-1.1767e-02
-1.1158e-02
-1.0455e-02
-9.6267e-03
-8.7892e-03
-8.2045e-03
-7.8154e-03
-7.3510e-03
-6.7031e-03
-5.8632e-03
-4.9800e-03
-4.3773e-03
-4.0491e-03
-3.8172e-03
-3.6379e-03
-3.4959e-03
-3.4016e-03
-3.3972e-03
-3.4249e-03
-3.3214e-03
-3.1840e-03
-3.1186e-03
-3.1892e-03
-3.1562e-03
-3.1522e-03
-3.2959e-03
-3.6387e-03
-4.2210e-03
-4.9561e-03
-5.6099e-03
-5.9470e-03
-6.0665e-03
-6.0756e-03
-6.0139e-03
-5.9121e-03
-5.8010e-03
-5.6964e-03
-5.6128e-03
-5.5540e-03
-5.5253e-03
-5.5170e-03
-5.5099e-03
-5.4562e-03
-5.2916e-03
-4.9346e-03
-4.3268e-03
-3.4794e-03
-2.5183e-03
-1.4898e-03
-5.0858e-04
4.5041e-04
1.2626e-03
2.0566e-03
2.9929e-03
3.9499e-03
4.6603e-03
5.4095e-03
6.2059e-03
6.8206e-03
7.1681e-03
7.4290e-03
7.7161e-03
8.0357e-03
8.3360e-03
8.4857e-03
8.5622e-03
8.6732e-03
8.8811e-03
9.2206e-03
9.6630e-03
1.0103e-02
1.0618e-02
1.1209e-02
1.1707e-02
1.1972e-02
1.2149e-02
1.2201e-02
1.2232e-02
1.2373e-02
1.2688e-02
1.3195e-02
1.3785e-02
1.4226e-02
1.4519e-02
1.4865e-02
1.5307e-02
1.5775e-02
1.6105e-02
1.6325e-02
1.6400e-02
1.6481e-02
1.6647e-02
1.6899e-02
1.7172e-02
1.7354e-02
1.7542e-02
1.7698e-02
1.7720e-02
1.7752e-02
1.7903e-02
1.8202e-02
1.8594e-02
1.8914e-02
1.9126e-02
1.9119e-02
1.9002e-02
1.8811e-02
1.8536e-02
1.8178e-02
1.7734e-02
1.7234e-02
1.6742e-02
1.6189e-02
1.5476e-02
1.4895e-02
1.4467e-02
1.4026e-02
1.3535e-02
1.3016e-02
1.2523e-02
1.1913e-02
1.1378e-02
1.0947e-02
1.0524e-02
1.0012e-02
9.3746e-03
8.6751e-03
8.0759e-03
7.6749e-03
7.3145e-03
6.8796e-03
6.3197e-03
5.6559e-03
4.9986e-03
4.3873e-03
3.8982e-03
3.4541e-03
3.0761e-03
2.7289e-03
2.2742e-03
1.6808e-03
1.0064e-03
3.6064e-04
-2.3637e-04
-7.6471e-04
-1.1970e-03
-1.6637e-03
-2.1784e-03
-2.6427e-03
-3.0212e-03
-3.2900e-03
-3.5864e-03
-3.9705e-03
-4.4226e-03
-4.8578e-03
-5.2741e-03
-5.6492e-03
-6.1150e-03
-6.6806e-03
-7.2327e-03
-7.7324e-03
-8.2930e-03
-8.8871e-03
-9.4032e-03
-9.9070e-03
-1.0427e-02
-1.0831e-02
-1.1124e-02
-1.1425e-02
-1.1717e-02
-1.2029e-02
-1.2392e-02
-1.2721e-02
-1.3065e-02
-1.3421e-02
-1.3811e-02
-1.4136e-02
-1.4391e-02
-1.4719e-02
-1.5093e-02
-1.5383e-02
-1.5644e-02
-1.5949e-02
-1.6229e-02
-1.6534e-02
-1.6859e-02
-1.7197e-02
-1.7559e-02
-1.7855e-02
-1.8063e-02
-1.8158e-02
-1.8283e-02
-1.8436e-02
-1.8505e-02
-1.8523e-02
-1.8591e-02
-1.8670e-02
-1.8618e-02
-1.8392e-02
-1.8097e-02
-1.7759e-02
-1.7376e-02
-1.6942e-02
-1.6435e-02
-1.5842e-02
-1.5171e-02
-1.4470e-02
-1.3756e-02
-1.3013e-02
-1.2154e-02
-1.1181e-02
-1.0164e-02
-9.0959e-03
-8.0308e-03
-6.9368e-03
-5.8886e-03
-4.8065e-03
-3.6928e-03
-2.5417e-03
-1.3232e-03
-1.7215e-04
9.2263e-04
1.9954e-03
2.9833e-03
3.9719e-03
4.9136e-03
5.8428e-03
6.7525e-03
7.6243e-03
8.3897e-03
8.9935e-03
9.5415e-03
1.0073e-02
1.0558e-02
1.0989e-02
1.1310e-02
1.1601e-02
1.1833e-02
1.2011e-02
1.2133e-02
1.2170e-02
1.2170e-02
1.2113e-02
1.2045e-02
1.1942e-02
1.1722e-02
1.1392e-02
1.1075e-02
1.0747e-02
1.0409e-02
1.0072e-02
9.6722e-03
9.2360e-03
8.7096e-03
8.0932e-03
7.4603e-03
6.8098e-03
6.1743e-03
5.5802e-03
5.0265e-03
4.4949e-03
4.0003e-03
3.4929e-03
2.9766e-03
2.4412e-03
1.8939e-03
1.3618e-03
8.8764e-04
4.5865e-04
5.1518e-05
-3.5474e-04
-7.5224e-04
-1.1412e-03
-1.4871e-03
-1.8274e-03
-2.1915e-03
-2.5608e-03
-2.9113e-03
-3.2326e-03
-3.4968e-03
-3.7217e-03
-3.8610e-03
-3.9234e-03
-3.9327e-03
-3.9195e-03
-3.8842e-03
-3.8465e-03
-3.7831e-03
-3.6636e-03
-3.5131e-03
-3.3454e-03
-3.1605e-03
-2.9521e-03
-2.7144e-03
-2.4431e-03
-2.1490e-03
-1.8580e-03
-1.5584e-03
-1.2191e-03
-8.5648e-04
-4.9868e-04
-1.5641e-04
2.0360e-04
5.5635e-04
8.7368e-04
1.1463e-03
1.3804e-03
1.5772e-03
1.7404e-03
1.8845e-03
2.0189e-03
2.1382e-03
2.2518e-03
2.3500e-03
2.4330e-03
2.5118e-03
2.5790e-03
2.6283e-03
2.6572e-03
2.6811e-03
2.7016e-03
2.7353e-03
2.7768e-03
2.8006e-03
2.8091e-03
2.7983e-03
2.7746e-03
2.7379e-03
2.6978e-03
2.6563e-03
2.6237e-03
2.5847e-03
2.5391e-03
2.4873e-03
2.4367e-03
2.3879e-03
2.3367e-03
2.2943e-03
2.2443e-03
2.1838e-03
2.1149e-03
2.0422e-03
1.9684e-03
1.8942e-03
1.8212e-03
1.7497e-03
1.6804e-03
1.6131e-03
1.5477e-03
1.4835e-03
1.4192e-03
1.3532e-03
1.2836e-03
1.2094e-03
1.1310e-03
1.0522e-03
9.7668e-04
9.0392e-04
8.3194e-04
7.6095e-04
6.9615e-04
6.3526e-04
5.7374e-04
5.1463e-04
4.6442e-04
4.1872e-04
3.7602e-04
3.3716e-04
2.9820e-04
2.5899e-04
2.2145e-04
1.8364e-04
1.4638e-04
1.1377e-04
8.8865e-05
6.9397e-05
5.1976e-05
3.3217e-05
1.0457e-05
-1.0513e-05
-2.8113e-05
-4.4402e-05
-6.1398e-05
-7.9123e-05
-9.9082e-05
-1.2017e-04
-1.4062e-04
-1.6088e-04
-1.8248e-04
-2.0507e-04
-2.2720e-04
-2.4962e-04
-2.7401e-04
-2.9954e-04
-3.2539e-04
-3.5164e-04
-3.7680e-04
-4.0127e-04
-4.2691e-04
-4.5315e-04
-4.7928e-04
-5.0516e-04
-5.3064e-04
-5.5564e-04
-5.8015e-04
-6.0424e-04
-6.2805e-04
-6.5173e-04
-6.7541e-04
-6.9911e-04
-7.2257e-04
-7.4535e-04
-7.6745e-04
-7.8909e-04
-8.0999e-04
-8.3023e-04
-8.4995e-04
-8.6898e-04
-8.8773e-04
-9.0623e-04
-9.2434e-04
-9.4209e-04
-9.5934e-04
-9.7623e-04
-9.9269e-04
-1.0089e-03
-1.0248e-03
-1.0405e-03
-1.0560e-03
-1.0714e-03
-1.0868e-03
-1.1020e-03
-1.1171e-03
-1.1322e-03
-1.1471e-03
-1.1620e-03
-1.1768e-03
-1.1916e-03
-1.2064e-03
-1.2211e-03
-1.2358e-03
-1.2504e-03
-1.2650e-03
-1.2796e-03
-1.2941e-03
-1.3085e-03
-1.3228e-03
-1.3371e-03
-1.3513e-03
-1.3654e-03
-1.3793e-03
-1.3932e-03
-1.4070e-03
-1.4207e-03
-1.4343e-03
-1.4477e-03
-1.4611e-03
-1.4743e-03
-1.4874e-03
-1.5004e-03
-1.5133e-03
-1.5261e-03
-1.5388e-03
