1.1059e-03
1.0670e-03
1.0290e-03
1.0148e-03
1.0378e-03
1.0598e-03
1.0255e-03
1.0134e-03
1.0877e-03
1.2311e-03
1.3496e-03
1.2068e-03
8.9810e-04
8.5206e-04
8.4016e-04
7.9163e-04
8.1565e-04
9.6467e-04
1.2712e-03
1.5419e-03
1.3565e-03
9.2618e-04
5.3797e-04
5.5463e-04
6.6385e-04
7.1758e-04
7.0903e-04
4.5825e-04
-1.2505e-04
-9.4184e-04
-1.4532e-03
-1.8629e-03
-1.7205e-03
-1.6162e-03
-1.9171e-03
-2.8255e-03
-4.2288e-03
-5.1639e-03
-4.3877e-03
-2.7567e-03
-1.0954e-03
-4.3485e-04
-6.5403e-04
-2.1437e-03
-3.5811e-03
-4.7471e-03
-5.3883e-03
-4.8246e-03
-4.9835e-03
-5.6139e-03
-6.5488e-03
-8.2195e-03
-9.4001e-03
-1.0219e-02
-1.0103e-02
-9.9004e-03
-9.7906e-03
-9.7164e-03
-9.9646e-03
-1.0850e-02
-1.2389e-02
-1.3583e-02
-1.2966e-02
-1.0655e-02
-6.6479e-03
-2.3180e-03
3.8422e-04
1.6997e-03
2.2301e-03
2.8029e-03
5.0802e-03
9.4221e-03
1.5433e-02
2.1020e-02
2.4007e-02
2.3927e-02
2.0811e-02
1.4813e-02
6.9387e-03
-4.8471e-04
-5.2819e-03
-8.0686e-03
-8.6514e-03
-9.1011e-03
-9.8933e-03
-1.1156e-02
-1.2977e-02
-1.5157e-02
-1.5953e-02
-1.5979e-02
-1.5087e-02
-1.1663e-02
-5.1427e-03
3.3621e-03
1.2884e-02
2.0298e-02
2.2381e-02
1.9245e-02
1.3515e-02
8.3322e-03
4.9475e-03
4.5023e-03
7.2542e-03
8.9920e-03
8.1246e-03
4.7351e-03
1.1392e-03
1.4188e-04
2.6255e-03
9.2779e-03
1.7491e-02
2.4293e-02
2.7316e-02
2.4701e-02
1.8580e-02
1.4203e-02
1.4067e-02
1.6482e-02
1.9807e-02
2.1055e-02
1.9110e-02
1.4330e-02
8.0030e-03
2.7185e-03
9.4261e-04
8.5867e-04
1.1343e-03
1.0163e-03
5.9875e-04
2.1220e-04
-9.9865e-05
-1.2033e-04
4.2034e-04
1.8544e-03
3.8372e-03
5.5854e-03
6.7641e-03
5.4291e-03
1.1503e-03
-5.0189e-03
-1.2002e-02
-1.9297e-02
-2.5122e-02
-2.7790e-02
-2.8399e-02
-2.7817e-02
-2.6740e-02
-2.6251e-02
-2.6846e-02
-2.8608e-02
-3.0198e-02
-3.1106e-02
-3.2167e-02
-3.3654e-02
-3.4632e-02
-3.3453e-02
-2.9222e-02
-2.1545e-02
-1.1668e-02
-1.5806e-03
6.9332e-03
1.3432e-02
1.8543e-02
2.2293e-02
2.2639e-02
1.8877e-02
1.2408e-02
5.3061e-03
-5.8372e-04
-3.8632e-03
-3.3006e-03
-7.3552e-04
5.3456e-04
-1.9785e-03
-8.3382e-03
-1.5069e-02
-1.9090e-02
-1.8548e-02
-1.2206e-02
-4.5537e-04
1.4384e-02
2.7359e-02
3.4884e-02
3.6733e-02
3.2253e-02
2.3182e-02
1.4019e-02
7.8225e-03
4.0660e-03
1.2034e-03
-3.4978e-03
-1.2206e-02
-2.3936e-02
-3.8417e-02
-5.3285e-02
-6.0504e-02
-5.5804e-02
-4.0830e-02
-1.7812e-02
7.2417e-03
2.2948e-02
2.6342e-02
2.3213e-02
1.8703e-02
1.5511e-02
1.4056e-02
1.4638e-02
1.4493e-02
1.0072e-02
8.7008e-04
-1.1169e-02
-2.1556e-02
-2.7335e-02
-2.7701e-02
-2.2674e-02
-1.3069e-02
-1.0523e-03
8.5632e-03
1.3694e-02
1.5408e-02
1.5903e-02
1.6098e-02
1.6497e-02
1.8023e-02
1.9123e-02
1.8784e-02
1.6752e-02
1.2683e-02
7.3791e-03
3.3181e-05
-8.2380e-03
-1.4218e-02
-1.7702e-02
-1.7636e-02
-1.5582e-02
-1.1882e-02
-7.0089e-03
-1.1444e-03
4.6762e-03
8.5714e-03
1.0767e-02
1.0964e-02
9.6366e-03
8.7476e-03
7.9829e-03
7.3192e-03
5.6191e-03
2.5428e-03
-2.2727e-03
-6.6035e-03
-9.3706e-03
-1.1366e-02
-1.2316e-02
-1.2117e-02
-1.2084e-02
-1.3235e-02
-1.6015e-02
-1.9703e-02
-2.1502e-02
-2.1230e-02
-1.9565e-02
-1.5997e-02
-1.0659e-02
-4.1733e-03
2.0897e-03
9.7013e-03
1.8271e-02
2.7520e-02
3.6210e-02
4.1478e-02
4.2994e-02
3.9743e-02
3.1413e-02
2.1832e-02
1.2635e-02
6.3756e-03
5.6714e-04
-6.7125e-03
-1.6874e-02
-2.8391e-02
-3.8953e-02
-5.0400e-02
-5.9417e-02
-6.2174e-02
-5.9206e-02
-4.9554e-02
-3.4664e-02
-1.6484e-02
3.8852e-03
1.7712e-02
2.5700e-02
2.3861e-02
1.5776e-02
3.8716e-03
-7.1822e-03
-1.3602e-02
-1.4957e-02
-1.2537e-02
-9.6139e-03
-6.8625e-03
-5.4369e-03
-3.7905e-03
-4.4938e-04
6.3138e-03
1.5201e-02
2.2949e-02
2.7682e-02
2.7673e-02
2.2276e-02
1.4571e-02
7.9924e-03
4.2068e-03
2.4474e-03
2.3213e-03
1.5332e-03
-4.9418e-04
-3.0425e-03
-5.8500e-03
-7.9660e-03
-8.2262e-03
-7.3486e-03
-5.5783e-03
-3.0221e-03
-9.9336e-04
-3.0173e-04
1.7033e-04
9.0797e-04
2.0082e-03
4.1242e-03
7.8177e-03
1.2507e-02
1.8038e-02
2.1919e-02
2.1423e-02
1.6058e-02
5.3111e-03
-8.7216e-03
-2.0225e-02
-2.5395e-02
-2.5028e-02
-2.0018e-02
-1.1833e-02
-2.5607e-03
4.5480e-03
8.6429e-03
1.0673e-02
1.0694e-02
1.0129e-02
9.7532e-03
1.0304e-02
1.1257e-02
1.1276e-02
8.9090e-03
3.0947e-03
-4.8984e-03
-1.2848e-02
-1.9017e-02
-1.9880e-02
-1.3797e-02
-2.6639e-03
1.0023e-02
2.0578e-02
2.4564e-02
1.9638e-02
7.8478e-03
-7.6913e-03
-2.3865e-02
-3.5521e-02
-3.9875e-02
-3.8802e-02
-3.3075e-02
-2.3475e-02
-1.3375e-02
-5.2863e-03
1.4561e-03
6.8749e-03
9.5887e-03
9.8489e-03
8.4024e-03
6.0457e-03
3.8798e-03
2.6940e-03
2.8607e-03
3.8991e-03
5.2215e-03
6.3240e-03
7.6193e-03
9.2191e-03
1.1199e-02
1.3710e-02
1.5866e-02
1.6720e-02
1.6070e-02
1.4090e-02
1.0204e-02
5.6015e-03
1.9434e-04
-6.4861e-03
-1.3628e-02
-2.1563e-02
-3.1242e-02
-4.0611e-02
-4.6537e-02
-4.6354e-02
-3.9787e-02
-2.7795e-02
-1.5386e-02
-3.9509e-03
4.7852e-03
9.3776e-03
1.1618e-02
1.2462e-02
1.2237e-02
1.0763e-02
6.9209e-03
1.4665e-03
-4.2231e-03
-6.9468e-03
-7.2129e-03
-5.4918e-03
-2.5756e-03
-1.4613e-04
2.0266e-03
3.0717e-03
3.3612e-03
3.2318e-03
3.7739e-03
7.2748e-03
1.3150e-02
2.3115e-02
3.6689e-02
4.9193e-02
5.9860e-02
6.6441e-02
6.7576e-02
6.4408e-02
5.8028e-02
4.8653e-02
3.6581e-02
2.3965e-02
1.0452e-02
-2.6952e-03
-1.5813e-02
-2.8178e-02
-3.6757e-02
-4.1446e-02
-4.5060e-02
-4.6697e-02
-4.3901e-02
-3.7106e-02
-2.7544e-02
-1.5413e-02
-1.6309e-03
9.5478e-03
2.1276e-02
2.9933e-02
3.6347e-02
4.1557e-02
4.4461e-02
4.1761e-02
3.4711e-02
2.7812e-02
1.9420e-02
1.0078e-02
8.2594e-04
-8.8364e-03
-1.6565e-02
-2.1446e-02
-2.4959e-02
-2.6129e-02
-2.4815e-02
-2.1403e-02
-1.6570e-02
-1.3343e-02
-9.3251e-03
-5.8355e-03
-1.4973e-03
3.3092e-03
7.3064e-03
1.1085e-02
1.4278e-02
1.5523e-02
1.7981e-02
2.2703e-02
2.8075e-02
3.3891e-02
3.8271e-02
3.9116e-02
3.5079e-02
2.6873e-02
1.5137e-02
1.4441e-03
-9.5306e-03
-1.5901e-02
-1.3992e-02
-2.9945e-03
1.5648e-02
3.8067e-02
6.1148e-02
7.8743e-02
9.0842e-02
1.0216e-01
1.1128e-01
1.1628e-01
1.1780e-01
1.1626e-01
1.1142e-01
1.0570e-01
1.0021e-01
9.4027e-02
8.9506e-02
8.6482e-02
8.3229e-02
8.1310e-02
8.2050e-02
8.4059e-02
8.6743e-02
8.9174e-02
9.1064e-02
9.3247e-02
9.7508e-02
1.0387e-01
1.1175e-01
1.2114e-01
1.2996e-01
1.3666e-01
1.4248e-01
1.4906e-01
1.5671e-01
1.6595e-01
1.7662e-01
1.8797e-01
1.9706e-01
2.0248e-01
2.0402e-01
2.0022e-01
1.9156e-01
1.8087e-01
1.7071e-01
1.6221e-01
1.5299e-01
1.4284e-01
1.3252e-01
1.2344e-01
1.1640e-01
1.0933e-01
1.0025e-01
8.6674e-02
6.6901e-02
4.2629e-02
1.5601e-02
-1.5758e-02
-4.9545e-02
-8.0523e-02
-1.0763e-01
-1.3283e-01
-1.6184e-01
-1.9243e-01
-2.2170e-01
-2.5243e-01
-2.8137e-01
-3.0783e-01
-3.3293e-01
-3.5555e-01
-3.7931e-01
-4.0549e-01
-4.3447e-01
-4.6666e-01
-4.9791e-01
-5.2275e-01
-5.4299e-01
-5.5913e-01
-5.6778e-01
-5.6525e-01
-5.5215e-01
-5.2924e-01
-4.9694e-01
-4.5974e-01
-4.2213e-01
-3.8324e-01
-3.4335e-01
-3.0244e-01
-2.6279e-01
-2.2336e-01
-1.7546e-01
-1.1624e-01
-5.1329e-02
1.2114e-02
8.2068e-02
1.5910e-01
2.2635e-01
2.8635e-01
3.4264e-01
3.7961e-01
3.9486e-01
3.8682e-01
3.4810e-01
2.7970e-01
2.0107e-01
1.2779e-01
5.5452e-02
-2.1939e-03
-5.2309e-02
-8.8849e-02
-9.8111e-02
-9.0090e-02
-6.8431e-02
-3.8320e-02
-9.2570e-03
1.4581e-02
2.4523e-02
2.2367e-02
1.1194e-02
-5.8006e-03
-2.7769e-02
-5.0217e-02
-7.1643e-02
-8.5903e-02
-8.1992e-02
-5.7177e-02
-1.4110e-02
3.7033e-02
9.3918e-02
1.3498e-01
1.7101e-01
1.9713e-01
2.0272e-01
1.9808e-01
1.8492e-01
1.6844e-01
1.5504e-01
1.4988e-01
1.5398e-01
1.6315e-01
1.7519e-01
1.9023e-01
2.0759e-01
2.2188e-01
2.3332e-01
2.4216e-01
2.4413e-01
2.3820e-01
2.2315e-01
2.0220e-01
1.7433e-01
1.4604e-01
1.1142e-01
6.9876e-02
3.4430e-02
-4.0754e-03
-4.3392e-02
-7.4649e-02
-1.1063e-01
-1.4851e-01
-1.8274e-01
-2.1376e-01
-2.4078e-01
-2.5851e-01
-2.6735e-01
-2.6606e-01
-2.5807e-01
-2.4656e-01
-2.3004e-01
-2.0821e-01
-1.8114e-01
-1.5346e-01
-1.2826e-01
-1.1201e-01
-1.0163e-01
-9.1671e-02
-8.1756e-02
-7.1276e-02
-6.2408e-02
-5.6709e-02
-5.1144e-02
-4.5464e-02
-3.9343e-02
-3.1266e-02
-2.3906e-02
-1.8003e-02
-1.2079e-02
-3.9986e-03
8.3590e-03
2.3600e-02
3.9881e-02
5.6633e-02
7.1797e-02
8.7454e-02
1.0668e-01
1.2751e-01
1.4562e-01
1.5924e-01
1.6761e-01
1.6934e-01
1.6215e-01
1.4663e-01
1.2662e-01
1.0600e-01
8.6865e-02
6.4421e-02
3.7594e-02
9.0599e-03
-2.0190e-02
-4.4563e-02
-6.3793e-02
-7.4221e-02
-7.5997e-02
-7.2927e-02
-6.7124e-02
-5.8584e-02
-4.6250e-02
-3.1343e-02
-1.5669e-02
-1.5772e-03
1.2248e-02
2.5928e-02
3.8014e-02
4.9367e-02
5.9451e-02
6.5513e-02
6.7145e-02
6.4524e-02
5.7998e-02
4.8833e-02
3.7717e-02
2.6259e-02
1.3443e-02
-5.9377e-04
-1.4965e-02
-2.8657e-02
-3.7211e-02
-4.2052e-02
-4.3434e-02
-3.9628e-02
-3.0292e-02
-1.5102e-02
3.3738e-03
2.1445e-02
3.4544e-02
4.3300e-02
4.6158e-02
4.1111e-02
3.0457e-02
1.5627e-02
-2.0177e-03
-2.0965e-02
-4.2496e-02
-6.1559e-02
-7.6725e-02
-8.6575e-02
-9.0585e-02
-9.2490e-02
-9.2926e-02
-9.2659e-02
-9.2346e-02
-9.3232e-02
-9.5914e-02
-9.8887e-02
-1.0099e-01
-1.0324e-01
-1.0316e-01
-1.0173e-01
-9.7845e-02
-9.0060e-02
-7.7178e-02
-5.8862e-02
-3.7988e-02
-1.5382e-02
9.9560e-03
3.2751e-02
5.4763e-02
7.6916e-02
9.8327e-02
1.2227e-01
1.4335e-01
1.6458e-01
1.8388e-01
1.9819e-01
2.1005e-01
2.1863e-01
2.2170e-01
2.1789e-01
2.0948e-01
2.0015e-01
1.9112e-01
1.8422e-01
1.7802e-01
1.7246e-01
1.6725e-01
1.6059e-01
1.5262e-01
1.4490e-01
1.3499e-01
1.2258e-01
1.0766e-01
8.9553e-02
6.9647e-02
4.4765e-02
1.7182e-02
-1.0704e-02
-4.0756e-02
-6.6822e-02
-8.8681e-02
-1.1208e-01
-1.3495e-01
-1.5368e-01
-1.6700e-01
-1.7467e-01
-1.7798e-01
-1.7290e-01
-1.6091e-01
-1.4916e-01
-1.3697e-01
-1.2215e-01
-1.0299e-01
-8.2014e-02
-6.3322e-02
-4.6453e-02
-3.1860e-02
-1.9265e-02
-1.1225e-02
-1.0093e-02
-1.4725e-02
-2.3679e-02
-3.7142e-02
-5.6784e-02
-7.9553e-02
-9.9530e-02
-1.1364e-01
-1.2272e-01
-1.2869e-01
-1.3114e-01
-1.3042e-01
-1.2750e-01
-1.2194e-01
-1.1275e-01
-9.8273e-02
-7.9568e-02
-6.0345e-02
-4.2854e-02
-2.5954e-02
-7.2801e-03
9.9612e-03
2.4922e-02
3.8574e-02
4.9033e-02
5.7862e-02
6.6139e-02
7.3588e-02
8.0302e-02
8.6302e-02
9.0692e-02
9.3384e-02
9.3845e-02
9.2340e-02
8.9757e-02
8.7174e-02
8.5658e-02
8.4782e-02
8.4091e-02
8.3732e-02
8.3559e-02
8.3559e-02
8.3956e-02
8.4840e-02
8.5943e-02
8.7376e-02
8.9732e-02
9.3525e-02
9.8510e-02
1.0382e-01
1.0989e-01
1.1706e-01
1.2471e-01
1.3285e-01
1.3932e-01
1.4450e-01
1.4943e-01
1.5104e-01
1.4853e-01
1.4191e-01
1.3132e-01
1.1550e-01
9.5976e-02
7.6185e-02
5.2659e-02
2.8731e-02
1.4897e-03
-2.6092e-02
-4.9351e-02
-7.3269e-02
-9.4881e-02
-1.1350e-01
-1.2870e-01
-1.4112e-01
-1.4839e-01
-1.5108e-01
-1.4993e-01
-1.4569e-01
-1.3945e-01
-1.3264e-01
-1.2585e-01
-1.1852e-01
-1.1278e-01
-1.0681e-01
-1.0157e-01
-9.9306e-02
-9.8472e-02
-9.9069e-02
-1.0030e-01
-1.0131e-01
-1.0043e-01
-9.8003e-02
-9.4226e-02
-9.0225e-02
-8.5256e-02
-7.8609e-02
-7.2663e-02
-6.6908e-02
-6.2358e-02
-6.0744e-02
-5.9625e-02
-5.7594e-02
-5.3227e-02
-4.7522e-02
-4.1633e-02
-3.4837e-02
-2.7155e-02
-1.9850e-02
-1.1815e-02
-3.9354e-03
9.8647e-04
3.9975e-03
3.1968e-03
1.5686e-03
1.4561e-04
-4.2827e-04
4.8047e-04
4.3817e-03
1.1208e-02
2.1349e-02
3.3111e-02
4.4150e-02
5.3966e-02
6.1655e-02
6.8720e-02
7.6006e-02
8.2010e-02
8.8250e-02
9.4463e-02
1.0005e-01
1.0664e-01
1.1405e-01
1.2065e-01
1.2703e-01
1.3231e-01
1.3615e-01
1.3760e-01
1.3642e-01
1.3379e-01
1.2933e-01
1.2429e-01
1.1790e-01
1.1015e-01
1.0081e-01
8.9601e-02
7.7946e-02
6.6368e-02
5.5811e-02
4.7633e-02
3.9847e-02
3.2947e-02
2.8210e-02
2.4050e-02
2.0523e-02
1.6904e-02
1.1580e-02
5.4746e-03
-1.5069e-03
-1.0328e-02
-2.0950e-02
-3.3457e-02
-4.4822e-02
-5.4283e-02
-6.2915e-02
-6.9197e-02
-7.3534e-02
-7.7001e-02
-7.9032e-02
-7.9987e-02
-8.0633e-02
-8.1485e-02
-8.2848e-02
-8.5111e-02
-8.7978e-02
-9.0878e-02
-9.2573e-02
-9.2262e-02
-9.0583e-02
-8.8001e-02
-8.4513e-02
-8.0687e-02
-7.6082e-02
-7.0502e-02
-6.5093e-02
-5.9116e-02
-5.2111e-02
-4.5255e-02
-3.8719e-02
-3.1094e-02
-2.2121e-02
-1.2519e-02
-3.3897e-03
4.7008e-03
1.0893e-02
1.5131e-02
1.8740e-02
2.2658e-02
2.6036e-02
2.9282e-02
3.1981e-02
3.1696e-02
2.9040e-02
2.5602e-02
2.0008e-02
1.2904e-02
7.7070e-03
3.4505e-03
-3.4569e-04
-9.6674e-04
6.0007e-04
4.3360e-03
9.1070e-03
1.4612e-02
2.1404e-02
2.7119e-02
3.2689e-02
3.6336e-02
3.8637e-02
3.9710e-02
3.8716e-02
3.7606e-02
3.4768e-02
3.3234e-02
3.1695e-02
2.9811e-02
2.8765e-02
2.8188e-02
2.8156e-02
2.8299e-02
2.8859e-02
2.9898e-02
3.0823e-02
3.1637e-02
3.2387e-02
3.1278e-02
2.6192e-02
1.9285e-02
1.1101e-02
3.1529e-03
-5.9817e-03
-1.6771e-02
-2.7321e-02
-3.7986e-02
-4.7749e-02
-5.4535e-02
-6.1292e-02
-6.7647e-02
-7.1981e-02
-7.4427e-02
-7.5041e-02
-7.4639e-02
-7.2468e-02
-6.9680e-02
-6.5728e-02
-6.1282e-02
-5.9576e-02
-5.9738e-02
-6.2031e-02
-6.7194e-02
-7.3420e-02
-7.8795e-02
-8.3744e-02
-8.6682e-02
-8.7102e-02
-8.6666e-02
-8.5356e-02
-8.2520e-02
-7.8302e-02
-7.4220e-02
-7.0550e-02
-6.5451e-02
-5.9563e-02
-5.3618e-02
-4.7571e-02
-4.2187e-02
-3.6875e-02
-3.3018e-02
-3.0662e-02
-2.8882e-02
-2.8457e-02
-2.9163e-02
-2.9172e-02
-2.6128e-02
-1.9227e-02
-1.1264e-02
-2.1567e-03
8.9843e-03
2.0381e-02
3.1414e-02
4.1643e-02
4.9174e-02
5.4246e-02
5.8235e-02
6.1602e-02
6.5126e-02
6.9583e-02
7.5475e-02
8.1345e-02
8.5929e-02
9.1242e-02
9.6529e-02
1.0068e-01
1.0547e-01
1.1066e-01
1.1570e-01
1.2019e-01
1.2139e-01
1.2003e-01
1.1653e-01
1.1183e-01
1.0541e-01
9.6835e-02
8.7140e-02
7.7589e-02
6.8444e-02
6.1450e-02
5.6367e-02
5.3160e-02
4.8656e-02
4.3231e-02
3.9357e-02
3.5763e-02
3.1899e-02
2.8709e-02
2.5083e-02
2.1477e-02
1.9660e-02
1.8577e-02
1.7867e-02
1.9599e-02
2.3199e-02
2.7879e-02
3.3235e-02
3.7747e-02
4.1077e-02
4.4170e-02
4.6672e-02
4.7694e-02
4.8438e-02
4.8478e-02
4.6320e-02
4.2128e-02
3.6890e-02
3.0965e-02
2.4217e-02
1.7176e-02
1.0137e-02
4.4147e-03
2.8341e-04
-2.5197e-03
-3.6436e-03
-4.2218e-03
-5.9939e-03
-9.4797e-03
-1.5587e-02
-2.3393e-02
-3.1967e-02
-4.1488e-02
-4.9999e-02
-5.7210e-02
-6.4032e-02
-7.0463e-02
-7.6922e-02
-8.3102e-02
-8.9211e-02
-9.5411e-02
-1.0061e-01
-1.0487e-01
-1.0786e-01
-1.0816e-01
-1.0697e-01
-1.0465e-01
-1.0119e-01
-9.6288e-02
-9.1366e-02
-8.5943e-02
-7.9143e-02
-7.3442e-02
-6.8356e-02
-6.2476e-02
-5.8007e-02
-5.5118e-02
-5.2822e-02
-5.1529e-02
-5.1515e-02
-5.1140e-02
-4.9935e-02
-4.8184e-02
-4.6352e-02
-4.2962e-02
-3.8787e-02
-3.4355e-02
-2.7728e-02
-1.9878e-02
-1.2107e-02
-4.1038e-03
4.3749e-03
1.2403e-02
2.0050e-02
2.4801e-02
2.7186e-02
2.8218e-02
2.6691e-02
2.2634e-02
1.5497e-02
7.3379e-03
-8.9094e-05
-5.5492e-03
-7.5114e-03
-7.8358e-03
-7.0666e-03
-5.4922e-03
-3.4473e-03
-1.3528e-03
1.0438e-03
3.5340e-03
5.7102e-03
8.3370e-03
1.0769e-02
1.2093e-02
1.3271e-02
1.4219e-02
1.4598e-02
1.4693e-02
1.4539e-02
1.3780e-02
1.2244e-02
9.7592e-03
7.4572e-03
7.6832e-03
1.0005e-02
1.2682e-02
1.5883e-02
2.0330e-02
2.4368e-02
2.9374e-02
3.6195e-02
4.3452e-02
5.0398e-02
5.7205e-02
6.2719e-02
6.8662e-02
7.3727e-02
7.7459e-02
8.0050e-02
8.0006e-02
7.9516e-02
7.8645e-02
7.8167e-02
7.4969e-02
7.1160e-02
6.7832e-02
6.2610e-02
5.5619e-02
4.9440e-02
4.3743e-02
3.9286e-02
3.4966e-02
3.1849e-02
3.0365e-02
2.9199e-02
2.8202e-02
2.8329e-02
2.8934e-02
2.9529e-02
2.9821e-02
2.9815e-02
2.8921e-02
2.6950e-02
2.5463e-02
2.4145e-02
2.1576e-02
1.9100e-02
1.6695e-02
1.3369e-02
1.0508e-02
8.0535e-03
5.6542e-03
3.7379e-03
1.1508e-03
-1.8503e-03
-4.3811e-03
-5.8839e-03
-5.9642e-03
-5.3838e-03
-4.9851e-03
-5.4877e-03
-7.0349e-03
-1.0229e-02
-1.5115e-02
-2.0681e-02
-2.5400e-02
-3.0533e-02
-3.4795e-02
-3.6655e-02
-3.8455e-02
-4.0900e-02
-4.2821e-02
-4.3860e-02
-4.4559e-02
-4.4236e-02
-4.2827e-02
-4.2201e-02
-4.1312e-02
-4.0681e-02
-4.2010e-02
-4.3996e-02
-4.5464e-02
-4.7432e-02
-5.0103e-02
-5.2746e-02
-5.4971e-02
-5.6542e-02
-5.7629e-02
-5.9001e-02
-6.0133e-02
-6.1610e-02
-6.3354e-02
-6.6113e-02
-6.9376e-02
-7.3183e-02
-7.7342e-02
-8.1085e-02
-8.4690e-02
-8.7300e-02
-8.9211e-02
-8.9982e-02
-8.9484e-02
-8.8711e-02
-8.8049e-02
-8.7944e-02
-8.7813e-02
-8.6418e-02
-8.3530e-02
-8.0050e-02
-7.6779e-02
-7.3357e-02
-7.0440e-02
-6.8687e-02
-6.6372e-02
-6.2810e-02
-5.8891e-02
-5.2783e-02
-4.4324e-02
-3.5322e-02
-2.6193e-02
-1.7828e-02
-8.5045e-03
1.5497e-03
1.1233e-02
2.1717e-02
3.2374e-02
4.1053e-02
4.8701e-02
5.5580e-02
6.2067e-02
6.7979e-02
7.1693e-02
7.3696e-02
7.4461e-02
7.3929e-02
7.3074e-02
7.2714e-02
7.4051e-02
7.7158e-02
8.1216e-02
8.6721e-02
9.2939e-02
9.7982e-02
1.0242e-01
1.0594e-01
1.0813e-01
1.0920e-01
1.0863e-01
1.0686e-01
1.0447e-01
1.0115e-01
9.8624e-02
9.5110e-02
9.0914e-02
8.6751e-02
8.1811e-02
7.6846e-02
7.1587e-02
6.5922e-02
6.0721e-02
5.6023e-02
5.3027e-02
5.0416e-02
4.4329e-02
3.3369e-02
1.7824e-02
1.3450e-05
-1.2177e-02
-1.5849e-02
-1.7736e-02
-2.0127e-02
-2.3187e-02
-2.5695e-02
-2.7044e-02
-2.7425e-02
-2.7102e-02
-2.6641e-02
-2.6410e-02
-2.6999e-02
-2.8398e-02
-3.0017e-02
-3.1434e-02
-3.2155e-02
-3.2739e-02
-3.3885e-02
-3.5690e-02
-3.7413e-02
-3.8198e-02
-3.7791e-02
-3.6397e-02
-3.3778e-02
-3.0560e-02
-2.6817e-02
-2.1701e-02
-1.7071e-02
-1.3925e-02
-1.0885e-02
-8.2385e-03
-6.6742e-03
-4.6447e-03
-2.3424e-03
-6.5895e-04
5.1525e-04
1.7088e-03
5.0052e-03
9.0766e-03
1.2557e-02
1.6428e-02
1.9915e-02
2.2041e-02
2.4327e-02
2.6012e-02
2.6875e-02
2.7748e-02
2.6676e-02
2.3836e-02
2.0064e-02
1.6503e-02
1.1940e-02
6.7631e-03
2.0881e-03
-3.7140e-03
-9.3876e-03
-1.4395e-02
-1.9812e-02
-2.4179e-02
-2.8408e-02
-3.1995e-02
-3.3976e-02
-3.4877e-02
-3.4815e-02
-3.4550e-02
-3.4071e-02
-3.3699e-02
-3.4425e-02
-3.6022e-02
-3.8240e-02
-4.1377e-02
-4.4762e-02
-4.6273e-02
-4.7101e-02
-4.8224e-02
-4.8102e-02
-4.7471e-02
-4.6597e-02
-4.6229e-02
-4.7799e-02
-4.9840e-02
-5.2240e-02
-5.4785e-02
-5.6319e-02
-5.7814e-02
-5.8616e-02
-5.7499e-02
-5.5679e-02
-5.4025e-02
-5.1487e-02
-4.9673e-02
-4.9623e-02
-5.0934e-02
-5.1663e-02
-5.2909e-02
-5.5067e-02
-5.6393e-02
-5.6315e-02
-5.5364e-02
-5.3591e-02
-5.1275e-02
-4.8951e-02
-4.6615e-02
-4.5313e-02
-4.4618e-02
-4.4235e-02
-4.3914e-02
-4.3743e-02
-4.2822e-02
-4.0252e-02
-3.6441e-02
-3.3410e-02
-2.9568e-02
-2.4877e-02
-2.1090e-02
-1.6502e-02
-1.3079e-02
-1.0077e-02
-7.0560e-03
-4.7651e-03
-1.5267e-03
1.8663e-03
5.3394e-03
1.0153e-02
1.6247e-02
2.1592e-02
2.6646e-02
3.0979e-02
3.4985e-02
3.9705e-02
4.3991e-02
4.7456e-02
5.0868e-02
5.2937e-02
5.5362e-02
5.9048e-02
6.2980e-02
6.7905e-02
7.1286e-02
7.3724e-02
7.5531e-02
7.6118e-02
7.6927e-02
7.8203e-02
7.9995e-02
8.1350e-02
8.1178e-02
7.9099e-02
7.7208e-02
7.6033e-02
7.4480e-02
7.3221e-02
7.2380e-02
7.1960e-02
7.2135e-02
7.3752e-02
7.7408e-02
8.1928e-02
8.5863e-02
8.8995e-02
8.9866e-02
8.8582e-02
8.6428e-02
8.3160e-02
7.8753e-02
7.4055e-02
7.1184e-02
6.8898e-02
6.6568e-02
6.4681e-02
6.3416e-02
6.2373e-02
6.2297e-02
6.2426e-02
6.1843e-02
6.0057e-02
5.7088e-02
5.4192e-02
5.0629e-02
4.5654e-02
4.0727e-02
3.4016e-02
2.5771e-02
1.7967e-02
9.2242e-03
4.3607e-04
-8.7110e-03
-1.7876e-02
-2.5442e-02
-3.3961e-02
-4.2954e-02
-5.0346e-02
-5.6579e-02
-6.2154e-02
-6.5845e-02
-6.8166e-02
-6.8603e-02
-6.8697e-02
-6.9271e-02
-6.9958e-02
-7.0266e-02
-6.9446e-02
-6.8057e-02
-6.6008e-02
-6.4028e-02
-6.1855e-02
-5.8503e-02
-5.5350e-02
-5.1821e-02
-4.7760e-02
-4.5547e-02
-4.4451e-02
-4.3249e-02
-4.1757e-02
-3.9991e-02
-3.7935e-02
-3.5652e-02
-3.2695e-02
-3.0527e-02
-2.8179e-02
-2.5475e-02
-2.3710e-02
-2.1396e-02
-1.9038e-02
-1.7306e-02
-1.5752e-02
-1.3489e-02
-1.1382e-02
-9.1707e-03
-6.2917e-03
-5.0324e-03
-3.8856e-03
-3.9218e-03
-4.7875e-03
-6.4873e-03
-8.6184e-03
-9.0296e-03
-7.6500e-03
-6.4481e-03
-6.6660e-03
-6.6662e-03
-5.8922e-03
-4.6486e-03
-3.9310e-03
-3.9050e-03
-4.1476e-03
-4.9765e-03
-6.4755e-03
-8.0574e-03
-9.6239e-03
-1.1052e-02
-1.3264e-02
-1.4815e-02
-1.5404e-02
-1.5952e-02
-1.5561e-02
-1.4788e-02
-1.5440e-02
-1.6257e-02
-1.8577e-02
-2.0395e-02
-2.1433e-02
-2.2966e-02
-2.4179e-02
-2.4963e-02
-2.4157e-02
-2.2384e-02
-2.0310e-02
-1.8902e-02
-1.7530e-02
-1.5465e-02
-1.3700e-02
-1.1949e-02
-9.7851e-03
-8.1120e-03
-6.0202e-03
-3.9657e-03
-1.1567e-03
1.0665e-03
2.1049e-03
3.0509e-03
3.4900e-03
2.3862e-03
9.7052e-04
2.6446e-04
-1.1201e-04
-1.1963e-03
-2.2382e-03
-3.9237e-03
-5.7818e-03
-6.8953e-03
-6.6886e-03
-5.4320e-03
-2.7472e-03
1.0021e-03
4.4257e-03
7.5906e-03
1.1239e-02
1.4547e-02
1.6725e-02
1.8183e-02
1.8977e-02
1.9342e-02
1.9607e-02
2.0275e-02
2.1351e-02
2.2518e-02
2.4275e-02
2.7747e-02
3.2293e-02
3.6857e-02
4.0160e-02
4.1989e-02
4.4483e-02
4.7222e-02
4.9026e-02
5.0458e-02
5.0813e-02
4.9903e-02
4.8564e-02
4.6877e-02
4.4545e-02
4.2413e-02
4.0640e-02
3.8534e-02
3.6622e-02
3.4965e-02
3.3103e-02
3.1402e-02
2.9612e-02
2.7357e-02
2.4866e-02
2.2122e-02
1.8662e-02
1.4332e-02
1.0040e-02
7.9142e-03
7.0874e-03
5.6888e-03
3.3295e-03
1.4843e-04
-2.9473e-03
-5.0430e-03
-7.3810e-03
-1.0188e-02
-1.2421e-02
-1.4435e-02
-1.6388e-02
-1.8286e-02
-2.0760e-02
-2.2989e-02
-2.4497e-02
-2.5256e-02
-2.5513e-02
-2.5271e-02
-2.4760e-02
-2.4705e-02
-2.4803e-02
-2.4825e-02
-2.4925e-02
-2.5291e-02
-2.5908e-02
-2.6458e-02
-2.7125e-02
-2.6412e-02
-2.4926e-02
-2.3896e-02
-2.2375e-02
-2.0482e-02
-1.8817e-02
-1.6896e-02
-1.4784e-02
-1.3161e-02
-1.0773e-02
-8.0579e-03
-5.4827e-03
-2.9023e-03
-2.7963e-04
2.4701e-03
5.1986e-03
7.6477e-03
9.4367e-03
1.0374e-02
1.0971e-02
1.1623e-02
1.1681e-02
1.1176e-02
1.0271e-02
9.3101e-03
7.9020e-03
6.9390e-03
6.7378e-03
5.3594e-03
2.4810e-03
-6.7413e-04
-4.1126e-03
-7.7698e-03
-1.1135e-02
-1.5941e-02
-2.1721e-02
-2.6102e-02
-3.0767e-02
-3.4278e-02
-3.7715e-02
-4.1790e-02
-4.5234e-02
-4.9087e-02
-5.2455e-02
-5.3440e-02
-5.3271e-02
-5.3504e-02
-5.3853e-02
-5.3572e-02
-5.1887e-02
-4.8676e-02
-4.5351e-02
-4.2057e-02
-3.6367e-02
-3.1054e-02
-2.7251e-02
-2.1993e-02
-1.6190e-02
-1.1530e-02
-6.5162e-03
-8.2994e-04
3.9710e-03
8.4983e-03
1.1659e-02
1.5038e-02
1.8237e-02
2.0238e-02
2.2133e-02
2.3408e-02
2.4152e-02
2.4674e-02
2.5567e-02
2.7323e-02
2.9203e-02
3.0472e-02
3.1285e-02
3.1517e-02
3.1310e-02
3.1085e-02
3.0979e-02
3.1385e-02
3.2703e-02
3.4052e-02
3.5123e-02
3.5796e-02
3.6463e-02
3.7457e-02
3.7900e-02
3.8163e-02
3.9083e-02
4.0570e-02
4.1842e-02
4.3500e-02
4.5360e-02
4.7649e-02
4.9074e-02
4.9941e-02
5.0697e-02
5.1162e-02
5.0220e-02
4.7548e-02
4.3772e-02
3.8948e-02
3.3961e-02
3.0683e-02
2.8340e-02
2.6525e-02
2.4540e-02
2.3236e-02
2.2652e-02
2.2784e-02
2.3285e-02
2.3960e-02
2.4558e-02
2.5590e-02
2.6920e-02
2.8132e-02
2.8198e-02
2.7231e-02
2.5052e-02
2.2176e-02
1.8085e-02
1.3416e-02
9.4852e-03
6.3708e-03
4.7479e-03
4.4131e-03
4.1175e-03
3.5998e-03
2.7868e-03
1.6730e-03
1.1660e-03
9.2069e-04
3.6453e-04
-1.0046e-03
-3.0769e-03
-5.0579e-03
-7.7310e-03
-1.1146e-02
-1.4264e-02
-1.7742e-02
-2.0570e-02
-2.2588e-02
-2.4046e-02
-2.4442e-02
-2.4439e-02
-2.4619e-02
-2.4853e-02
-2.4920e-02
-2.4584e-02
-2.3704e-02
-2.2572e-02
-2.1968e-02
-2.0799e-02
-1.8729e-02
-1.7036e-02
-1.5804e-02
-1.3963e-02
-1.2035e-02
-1.0021e-02
-8.1457e-03
-6.7258e-03
-3.7179e-03
-1.1105e-03
2.6756e-03
5.8171e-03
7.3852e-03
8.2324e-03
8.7310e-03
9.0189e-03
9.3777e-03
9.4699e-03
8.4596e-03
6.0193e-03
2.7770e-03
-9.5122e-05
-3.5706e-03
-6.0012e-03
-7.8454e-03
-9.1345e-03
-9.9948e-03
-1.0871e-02
-1.0839e-02
-1.0081e-02
-9.6578e-03
-9.2493e-03
-8.0839e-03
-6.8714e-03
-6.4223e-03
-7.2381e-03
-8.6830e-03
-1.0038e-02
-1.1124e-02
-1.2166e-02
-1.3153e-02
-1.4408e-02
-1.5764e-02
-1.7106e-02
-1.8515e-02
-2.0035e-02
-2.1693e-02
-2.3286e-02
-2.5334e-02
-2.7327e-02
-2.8629e-02
-3.0080e-02
-3.1163e-02
-3.2178e-02
-3.3797e-02
-3.5158e-02
-3.5498e-02
-3.5650e-02
-3.5893e-02
-3.5808e-02
-3.6073e-02
-3.6128e-02
-3.6183e-02
-3.5221e-02
-3.4055e-02
-3.2439e-02
-3.0981e-02
-2.8947e-02
-2.7496e-02
-2.6466e-02
-2.4480e-02
-2.2716e-02
-2.2144e-02
-2.0532e-02
-1.7991e-02
-1.6544e-02
-1.5727e-02
-1.4836e-02
-1.4256e-02
-1.3035e-02
-1.1548e-02
-1.0681e-02
-9.8273e-03
-9.5364e-03
-9.6862e-03
-9.4682e-03
-8.6158e-03
-7.2422e-03
-6.0828e-03
-5.3819e-03
-4.6015e-03
-3.7632e-03
-2.2857e-03
2.3987e-04
3.6674e-03
7.1985e-03
9.4750e-03
1.1122e-02
1.2682e-02
1.4668e-02
1.6264e-02
1.6628e-02
1.6673e-02
1.7264e-02
1.8449e-02
1.9787e-02
2.1121e-02
2.2733e-02
2.4798e-02
2.7037e-02
2.8541e-02
2.9564e-02
2.9901e-02
2.9561e-02
2.8988e-02
2.8365e-02
2.8161e-02
2.7954e-02
2.6786e-02
2.4905e-02
2.2771e-02
2.1790e-02
2.2077e-02
2.2354e-02
2.2382e-02
2.1973e-02
2.0816e-02
1.8921e-02
1.7146e-02
1.6392e-02
1.6059e-02
1.5214e-02
1.4460e-02
1.4811e-02
1.5843e-02
1.6269e-02
1.6121e-02
1.5909e-02
1.5478e-02
1.4594e-02
1.3384e-02
1.2383e-02
1.1330e-02
1.0113e-02
9.2976e-03
8.1509e-03
6.9314e-03
5.6868e-03
4.6142e-03
4.7319e-03
5.2178e-03
5.8712e-03
6.3563e-03
5.6875e-03
4.3990e-03
4.3892e-03
4.3290e-03
3.7111e-03
2.7808e-03
2.1822e-03
1.7446e-03
2.0439e-03
2.6280e-03
3.0581e-03
2.8915e-03
2.8031e-03
3.1221e-03
3.5490e-03
2.5299e-03
9.2054e-04
-5.9627e-04
-2.2333e-03
-5.0064e-03
-8.1384e-03
-1.0554e-02
-1.2762e-02
-1.4949e-02
-1.6052e-02
-1.6571e-02
-1.6985e-02
-1.6577e-02
-1.5563e-02
-1.4700e-02
-1.5113e-02
-1.5721e-02
-1.5227e-02
-1.3530e-02
-1.1397e-02
-9.4447e-03
-7.3204e-03
-4.9507e-03
-3.3544e-03
-2.5302e-03
-2.7921e-03
-3.8953e-03
-4.5585e-03
-4.2422e-03
-3.3288e-03
-2.3083e-03
-1.7020e-03
-1.5189e-03
-7.8841e-04
1.1032e-03
3.6004e-03
5.9109e-03
7.6394e-03
8.6935e-03
9.2638e-03
8.8463e-03
7.7708e-03
6.1372e-03
4.1213e-03
2.0746e-03
2.7898e-04
-1.5710e-03
-2.8191e-03
-1.7998e-03
9.6808e-04
3.5566e-03
4.8280e-03
5.6120e-03
6.2673e-03
5.6184e-03
4.1394e-03
2.2317e-03
3.5174e-04
-2.0257e-03
-4.5193e-03
-6.1924e-03
-7.6992e-03
-8.9187e-03
-9.9611e-03
-1.0014e-02
-9.9186e-03
-9.9923e-03
-1.0293e-02
-1.1004e-02
-1.2056e-02
-1.2815e-02
-1.2130e-02
-1.1488e-02
-1.0437e-02
-8.8769e-03
-6.7635e-03
-5.7739e-03
-6.1082e-03
-6.2928e-03
-6.2828e-03
-6.2132e-03
-6.1729e-03
-6.2160e-03
-6.2634e-03
-6.1939e-03
-5.8319e-03
-5.1076e-03
-4.2676e-03
-2.8880e-03
-1.3788e-03
-8.3314e-06
2.1929e-03
4.5186e-03
5.9251e-03
6.4658e-03
7.3198e-03
9.0787e-03
1.0852e-02
1.2374e-02
1.3876e-02
1.5268e-02
1.7191e-02
1.9511e-02
2.1691e-02
2.3208e-02
2.4621e-02
2.5899e-02
2.6524e-02
2.6637e-02
2.6014e-02
2.4495e-02
2.1960e-02
1.8573e-02
1.5373e-02
1.2326e-02
1.0545e-02
1.0106e-02
1.0504e-02
1.1478e-02
1.2195e-02
1.2773e-02
1.4043e-02
1.5047e-02
1.4189e-02
1.1709e-02
7.9305e-03
4.1858e-03
9.5982e-04
-2.8163e-03
-6.2288e-03
-8.2306e-03
-1.0297e-02
-1.1889e-02
-1.2915e-02
-1.3855e-02
-1.4071e-02
-1.4575e-02
-1.5446e-02
-1.6076e-02
-1.6255e-02
-1.7338e-02
-1.8726e-02
-2.0163e-02
-2.1012e-02
-2.1666e-02
-2.1930e-02
-2.2864e-02
-2.4332e-02
-2.4686e-02
-2.2253e-02
-1.7843e-02
-1.2944e-02
-8.2097e-03
-3.9720e-03
-1.7369e-03
-6.0569e-05
1.0971e-03
1.6159e-03
2.2700e-03
2.3427e-03
1.7035e-03
1.9802e-03
2.0707e-03
1.5811e-03
1.4957e-03
1.3903e-03
1.3241e-03
1.6287e-03
2.6695e-03
4.3890e-03
6.1621e-03
7.4347e-03
7.8821e-03
7.7471e-03
6.8019e-03
6.0781e-03
4.2385e-03
1.2420e-03
-1.3314e-03
-3.2640e-03
-5.2601e-03
-6.9116e-03
-8.3162e-03
-9.9068e-03
-1.1112e-02
-1.2148e-02
-1.2910e-02
-1.3028e-02
-1.2025e-02
-1.0712e-02
-8.3905e-03
-4.8815e-03
-1.2145e-03
2.3145e-03
6.0350e-03
9.7466e-03
1.3136e-02
1.6324e-02
1.8836e-02
2.0919e-02
2.2109e-02
2.1918e-02
2.2125e-02
2.3280e-02
2.5243e-02
2.7120e-02
2.8037e-02
2.8815e-02
3.0220e-02
3.1218e-02
3.1553e-02
3.1850e-02
3.1303e-02
3.0448e-02
2.9401e-02
2.6889e-02
2.3536e-02
2.0935e-02
1.8872e-02
1.6213e-02
1.3869e-02
1.2169e-02
1.0516e-02
9.6966e-03
9.0553e-03
7.6457e-03
6.0661e-03
4.6979e-03
3.4322e-03
2.5409e-03
1.8885e-03
1.1276e-03
-8.9136e-04
-3.9596e-03
-7.3581e-03
-1.1026e-02
-1.4653e-02
-1.8176e-02
-2.1145e-02
-2.2736e-02
-2.3726e-02
-2.4373e-02
-2.4845e-02
-2.5523e-02
-2.5972e-02
-2.6367e-02
-2.6989e-02
-2.7584e-02
-2.8390e-02
-2.9473e-02
-2.9951e-02
-3.0156e-02
-3.0793e-02
-3.1780e-02
-3.3399e-02
-3.5463e-02
-3.7111e-02
-3.8166e-02
-3.8610e-02
-3.8315e-02
-3.7765e-02
-3.7667e-02
-3.7816e-02
-3.7815e-02
-3.7686e-02
-3.7657e-02
-3.8038e-02
-3.9034e-02
-4.0253e-02
-4.0481e-02
-3.9576e-02
-3.8039e-02
-3.6092e-02
-3.2485e-02
-2.7881e-02
-2.3877e-02
-2.0314e-02
-1.6167e-02
-1.3178e-02
-1.0965e-02
-9.2366e-03
-8.1510e-03
-7.0080e-03
-6.4426e-03
-5.6739e-03
-4.4910e-03
-3.7334e-03
-3.7001e-03
-3.7913e-03
-3.7893e-03
-3.7132e-03
-3.6192e-03
-3.5472e-03
-3.5782e-03
-3.7368e-03
-3.9703e-03
-3.9858e-03
-3.3402e-03
-1.6435e-03
6.5427e-04
1.8380e-03
1.8870e-03
2.2478e-03
2.8642e-03
4.2202e-03
4.5575e-03
4.7248e-03
4.7675e-03
4.1743e-03
4.1557e-03
4.1961e-03
4.1434e-03
4.2027e-03
4.6097e-03
5.5697e-03
6.7473e-03
7.2789e-03
8.5213e-03
1.0239e-02
1.0795e-02
1.0956e-02
1.1639e-02
1.2778e-02
1.5113e-02
1.7702e-02
1.8109e-02
1.8807e-02
2.0098e-02
2.2297e-02
2.5771e-02
2.8732e-02
3.2813e-02
3.5598e-02
3.7193e-02
3.8822e-02
3.9641e-02
4.0306e-02
4.0931e-02
4.0820e-02
4.0016e-02
3.8520e-02
3.6489e-02
3.3913e-02
3.1223e-02
2.9203e-02
2.6771e-02
2.3269e-02
1.9144e-02
1.4176e-02
9.8576e-03
7.9737e-03
6.4831e-03
4.5826e-03
1.8357e-03
-1.1354e-03
-3.2324e-03
-4.6941e-03
-4.7652e-03
-3.4188e-03
-1.0936e-03
1.7842e-03
4.8001e-03
7.6880e-03
1.0088e-02
1.2159e-02
1.3695e-02
1.5140e-02
1.6786e-02
1.8724e-02
2.0460e-02
2.2050e-02
2.2999e-02
2.3149e-02
2.2841e-02
2.2108e-02
2.1144e-02
1.9738e-02
1.8048e-02
1.6116e-02
1.4160e-02
1.1552e-02
7.4369e-03
3.0163e-03
-1.2672e-03
-5.3351e-03
-9.0308e-03
-1.3074e-02
-1.6774e-02
-2.0053e-02
-2.3322e-02
-2.5605e-02
-2.6964e-02
-2.8752e-02
-3.1147e-02
-3.4190e-02
-3.7163e-02
-3.8799e-02
-3.9732e-02
-3.9996e-02
-3.9254e-02
-3.7996e-02
-3.6570e-02
-3.4177e-02
-3.0676e-02
-2.6597e-02
-2.1733e-02
-1.5907e-02
-1.0746e-02
-6.6172e-03
-2.2996e-03
3.4339e-03
9.9786e-03
1.5590e-02
2.0348e-02
2.4846e-02
2.8310e-02
3.1005e-02
3.3253e-02
3.4525e-02
3.5627e-02
3.7002e-02
3.8304e-02
3.9524e-02
4.0612e-02
4.0681e-02
3.9793e-02
3.8736e-02
3.7335e-02
3.5890e-02
3.4902e-02
3.3329e-02
3.1004e-02
2.7052e-02
2.1519e-02
1.6621e-02
1.1179e-02
4.8457e-03
-5.2272e-04
-4.9856e-03
-8.5537e-03
-1.1353e-02
-1.4426e-02
-1.5734e-02
-1.6679e-02
-1.7692e-02
-1.8463e-02
-1.9349e-02
-1.9766e-02
-1.9512e-02
-1.8011e-02
-1.4905e-02
-1.1196e-02
-7.8786e-03
-6.2131e-03
-5.2489e-03
-3.8210e-03
-2.8169e-03
-1.5805e-03
-1.0078e-03
-1.4797e-03
-2.1681e-03
-2.4376e-03
-1.3254e-03
5.7389e-04
2.2439e-03
3.2912e-03
4.6351e-03
5.2397e-03
5.6806e-03
5.2662e-03
4.2999e-03
4.5404e-03
4.4280e-03
3.1266e-03
7.3546e-04
-1.5188e-03
-2.5682e-03
-4.0586e-03
-5.7570e-03
-7.6733e-03
-8.6247e-03
-8.9395e-03
-1.0034e-02
-1.1718e-02
-1.3595e-02
-1.6348e-02
-1.9061e-02
-2.1348e-02
-2.3042e-02
-2.4006e-02
-2.4428e-02
-2.4216e-02
-2.3593e-02
-2.2588e-02
-2.1870e-02
-2.2113e-02
-2.2102e-02
-2.1347e-02
-1.9953e-02
-1.8482e-02
-1.7240e-02
-1.5982e-02
-1.4845e-02
-1.3571e-02
-1.2249e-02
-1.0683e-02
-9.0389e-03
-7.4063e-03
-6.4389e-03
-5.9892e-03
-5.8726e-03
-6.0776e-03
-6.3284e-03
-6.1950e-03
-6.0983e-03
-6.2328e-03
-6.5624e-03
-6.8722e-03
-6.6274e-03
-5.7523e-03
-4.4214e-03
-2.3308e-03
8.3717e-04
4.8344e-03
7.8085e-03
9.7644e-03
1.1314e-02
1.2771e-02
1.5072e-02
1.7918e-02
2.0681e-02
2.3366e-02
2.5986e-02
2.8340e-02
3.0083e-02
3.1030e-02
3.1558e-02
3.1278e-02
2.9880e-02
2.7782e-02
2.5391e-02
2.3351e-02
2.1217e-02
1.8648e-02
1.6590e-02
1.4109e-02
1.0739e-02
6.7252e-03
2.7875e-03
4.5926e-04
-1.7174e-03
-3.8970e-03
-5.6554e-03
-7.3700e-03
-9.9142e-03
-1.2303e-02
-1.3638e-02
-1.4181e-02
-1.5111e-02
-1.6353e-02
-1.6537e-02
-1.6205e-02
-1.5778e-02
-1.5572e-02
-1.6105e-02
-1.6727e-02
-1.6586e-02
-1.6440e-02
-1.6652e-02
-1.7388e-02
-1.8423e-02
-1.8998e-02
-1.9117e-02
-1.8000e-02
-1.6215e-02
-1.4667e-02
-1.2176e-02
-9.9788e-03
-8.5320e-03
-7.3657e-03
-5.5397e-03
-4.2961e-03
-3.4333e-03
-2.6595e-03
-1.6412e-03
-1.0526e-03
-5.2813e-04
7.1342e-04
2.2290e-03
3.3853e-03
4.8150e-03
6.2241e-03
8.0950e-03
9.7425e-03
1.1213e-02
1.2135e-02
1.2196e-02
1.2250e-02
1.1951e-02
1.0671e-02
8.3197e-03
5.7297e-03
3.3625e-03
7.9457e-04
-5.0858e-04
-1.2558e-03
-1.0705e-03
-4.9535e-04
9.6205e-05
1.2191e-03
2.2653e-03
2.9898e-03
3.7884e-03
4.4166e-03
5.1957e-03
6.4063e-03
7.0997e-03
6.8416e-03
6.3375e-03
5.8764e-03
5.8655e-03
6.3997e-03
6.7564e-03
6.8655e-03
6.4644e-03
4.7666e-03
2.2391e-03
-1.2711e-03
-4.7690e-03
-7.7386e-03
-1.0145e-02
-1.1093e-02
-1.1796e-02
-1.3311e-02
-1.4794e-02
-1.6135e-02
-1.7189e-02
-1.8131e-02
-1.8961e-02
-1.9310e-02
-1.9405e-02
-1.9132e-02
-1.7932e-02
-1.5615e-02
-1.3082e-02
-1.0476e-02
-7.3967e-03
-4.8031e-03
-2.5714e-03
7.6999e-04
5.0536e-03
9.0987e-03
1.1973e-02
1.3325e-02
1.4765e-02
1.5831e-02
1.6507e-02
1.7284e-02
1.7631e-02
1.7751e-02
1.7520e-02
1.6514e-02
1.4599e-02
1.2510e-02
1.0655e-02
8.0988e-03
3.9321e-03
1.7316e-03
-1.5064e-03
-6.0221e-03
-9.2297e-03
-1.2909e-02
-1.5423e-02
-1.7414e-02
-1.9147e-02
-2.0780e-02
-2.3157e-02
-2.4501e-02
-2.4438e-02
-2.4228e-02
-2.3733e-02
-2.2684e-02
-2.1438e-02
-2.0443e-02
-1.8820e-02
-1.7118e-02
-1.5618e-02
-1.3463e-02
-1.0925e-02
-9.0328e-03
-6.1671e-03
-3.1549e-03
-3.0840e-04
2.9363e-03
5.5497e-03
8.0131e-03
1.0810e-02
1.2622e-02
1.4566e-02
1.6271e-02
1.6927e-02
1.6616e-02
1.5618e-02
1.4855e-02
1.4033e-02
1.2034e-02
9.4958e-03
7.7107e-03
6.7925e-03
6.0589e-03
4.9470e-03
3.8412e-03
2.7032e-03
1.8253e-03
1.2761e-03
3.1686e-04
-5.6806e-04
-8.6589e-04
-9.3422e-04
-8.7685e-04
-3.7253e-04
8.1473e-04
2.3393e-03
3.7740e-03
3.9586e-03
3.5048e-03
3.8327e-03
4.5801e-03
5.5737e-03
6.8375e-03
7.4653e-03
7.5728e-03
7.6473e-03
8.4666e-03
9.1846e-03
9.3270e-03
8.3625e-03
7.0505e-03
6.7965e-03
6.9421e-03
7.2059e-03
7.8800e-03
8.9880e-03
9.9487e-03
1.0528e-02
1.0903e-02
1.0383e-02
9.0299e-03
7.2933e-03
5.1882e-03
2.9078e-03
1.0996e-03
-2.9906e-04
-2.0117e-03
-3.7272e-03
-4.8323e-03
-5.8693e-03
-5.7520e-03
-5.6442e-03
-6.0656e-03
-6.9913e-03
-8.2008e-03
-8.7265e-03
-8.5786e-03
-8.4697e-03
-8.5076e-03
-8.5836e-03
-8.6583e-03
-8.6528e-03
-8.5708e-03
-8.4568e-03
-8.5018e-03
-8.9352e-03
-9.8934e-03
-1.0989e-02
-1.1470e-02
-1.1381e-02
-1.1133e-02
-1.0520e-02
-9.4800e-03
-8.5802e-03
-8.3956e-03
-7.7513e-03
-6.6319e-03
-5.5796e-03
-4.2824e-03
-2.5279e-03
-8.5231e-04
1.4908e-03
4.4929e-03
7.2871e-03
9.5637e-03
1.1403e-02
1.2955e-02
1.4809e-02
1.6821e-02
1.7930e-02
1.8497e-02
1.8963e-02
1.8964e-02
1.8400e-02
1.6987e-02
1.5035e-02
1.3477e-02
1.2630e-02
1.2119e-02
1.1690e-02
1.1265e-02
1.0816e-02
9.9182e-03
8.7334e-03
7.3706e-03
6.1038e-03
4.7702e-03
3.5222e-03
2.2881e-03
1.2816e-03
3.5032e-04
-4.9998e-04
-8.7457e-04
-9.9265e-04
-8.4431e-04
-5.6059e-05
1.4673e-03
2.7846e-03
2.0089e-03
3.7501e-04
-7.1776e-04
-9.3750e-04
-6.6026e-04
-5.7641e-04
-7.0267e-04
-9.1106e-04
-9.6243e-04
-5.8286e-04
4.5318e-04
1.8324e-03
2.6323e-03
3.5229e-03
4.5055e-03
5.6252e-03
7.2483e-03
8.5072e-03
9.6134e-03
9.8371e-03
9.7572e-03
9.7042e-03
9.4841e-03
9.0960e-03
8.8637e-03
9.4054e-03
1.0174e-02
1.0271e-02
9.7896e-03
8.7033e-03
7.2015e-03
6.1550e-03
5.1402e-03
4.5544e-03
3.7207e-03
2.6727e-03
2.5638e-03
2.4935e-03
1.7074e-03
1.1094e-04
-1.7007e-03
-3.2032e-03
-4.2624e-03
-5.8189e-03
-6.8963e-03
-7.9446e-03
-7.9993e-03
-7.9534e-03
-8.0124e-03
-7.8133e-03
-7.3118e-03
-6.6665e-03
-6.4938e-03
-6.1047e-03
-5.6056e-03
-5.5057e-03
-5.0695e-03
-4.1344e-03
-3.3788e-03
-3.7644e-03
-3.6684e-03
-3.8606e-03
-5.0611e-03
-5.5629e-03
-5.3225e-03
-5.3021e-03
-5.8457e-03
-6.9299e-03
-8.0399e-03
-8.0750e-03
-8.4468e-03
-9.6020e-03
-1.0855e-02
-1.0899e-02
-1.0702e-02
-1.0363e-02
-9.6274e-03
-8.8012e-03
-8.6799e-03
-8.9478e-03
-8.3030e-03
-7.6223e-03
-6.4892e-03
-5.3284e-03
-5.4733e-03
-5.5834e-03
-5.2156e-03
-4.3820e-03
-3.4256e-03
-3.0049e-03
-3.2141e-03
-4.2871e-03
-5.1860e-03
-5.2117e-03
-5.6141e-03
-6.5799e-03
-7.4071e-03
-7.5248e-03
-8.2331e-03
-9.9082e-03
-1.2169e-02
-1.4941e-02
-1.7779e-02
-2.0527e-02
-2.2845e-02
-2.4666e-02
-2.6764e-02
-2.8754e-02
-3.0722e-02
-3.2626e-02
-3.2988e-02
-3.2762e-02
-3.2720e-02
-3.2795e-02
-3.2902e-02
-3.2982e-02
-3.2977e-02
-3.2858e-02
-3.2669e-02
-3.2468e-02
-3.2506e-02
-3.3039e-02
-3.4149e-02
-3.5160e-02
-3.4832e-02
-3.2863e-02
-2.9962e-02
-2.6574e-02
-2.2713e-02
-1.8968e-02
-1.6010e-02
-1.2898e-02
-1.0063e-02
-7.4636e-03
-4.9255e-03
-3.0666e-03
-8.9785e-04
1.1481e-03
2.3953e-03
3.4426e-03
4.7314e-03
6.4059e-03
8.8790e-03
1.1220e-02
1.3132e-02
1.4593e-02
1.4928e-02
1.5137e-02
1.5590e-02
1.5790e-02
1.5763e-02
1.6295e-02
1.7178e-02
1.7662e-02
1.8280e-02
1.9615e-02
2.1137e-02
2.2546e-02
2.3956e-02
2.5017e-02
2.6264e-02
2.8126e-02
3.0066e-02
3.1085e-02
3.1600e-02
3.2192e-02
3.2591e-02
3.2702e-02
3.2488e-02
3.1925e-02
3.0856e-02
2.9960e-02
2.9034e-02
2.7963e-02
2.6571e-02
2.4277e-02
2.2387e-02
2.1348e-02
1.9764e-02
1.7670e-02
1.5711e-02
1.4348e-02
1.2898e-02
1.1054e-02
9.7892e-03
8.9300e-03
7.8118e-03
6.7438e-03
5.3243e-03
3.3190e-03
1.2286e-03
-2.7139e-04
-1.1324e-03
-2.4841e-03
-4.6643e-03
-6.9267e-03
-8.2278e-03
-8.2473e-03
-8.2784e-03
-9.6055e-03
-1.2476e-02
-1.5845e-02
-1.8469e-02
-1.9499e-02
-2.0177e-02
-2.1316e-02
-2.1605e-02
-2.0776e-02
-1.9468e-02
-1.8351e-02
-1.7107e-02
-1.5578e-02
-1.3573e-02
-1.1629e-02
-1.0433e-02
-9.4814e-03
-9.0661e-03
-8.9854e-03
-8.7569e-03
-8.5899e-03
-8.9191e-03
-9.9648e-03
-1.1323e-02
-1.1664e-02
-1.0670e-02
-8.6127e-03
-5.8250e-03
-2.3624e-03
2.4197e-04
2.0929e-03
3.9623e-03
4.9768e-03
6.0283e-03
6.8732e-03
7.0434e-03
7.0431e-03
7.0094e-03
6.9670e-03
7.0214e-03
7.4329e-03
8.3845e-03
9.6239e-03
1.0245e-02
1.1089e-02
1.2143e-02
1.2217e-02
1.1895e-02
1.1694e-02
1.1597e-02
1.0687e-02
9.5363e-03
8.5258e-03
7.4704e-03
7.2663e-03
7.0899e-03
6.4903e-03
5.8533e-03
5.7679e-03
4.8937e-03
4.6106e-03
4.7030e-03
4.6366e-03
4.5056e-03
4.4630e-03
4.7880e-03
5.6577e-03
6.8018e-03
7.2752e-03
7.0075e-03
6.8033e-03
6.9152e-03
7.5557e-03
8.8022e-03
1.0117e-02
1.0291e-02
1.0505e-02
1.0995e-02
1.2546e-02
1.3784e-02
1.5352e-02
1.6671e-02
1.8317e-02
1.9352e-02
2.0265e-02
2.1776e-02
2.4139e-02
2.6012e-02
2.7075e-02
2.6725e-02
2.5758e-02
2.4434e-02
2.3084e-02
2.1713e-02
2.0300e-02
1.9177e-02
1.7236e-02
1.5713e-02
1.5848e-02
1.6737e-02
1.6622e-02
1.4455e-02
1.2576e-02
1.0595e-02
8.2275e-03
6.1575e-03
4.1436e-03
1.4686e-03
-2.4176e-03
-4.8354e-03
-7.0986e-03
-9.3752e-03
-1.1040e-02
-1.3072e-02
-1.5201e-02
-1.6735e-02
-1.8190e-02
-2.0190e-02
-2.1810e-02
-2.3130e-02
-2.3829e-02
-2.3913e-02
-2.4869e-02
-2.6884e-02
-2.8846e-02
-2.8859e-02
-2.6887e-02
-2.4284e-02
-2.1090e-02
-1.7698e-02
-1.4670e-02
-1.2329e-02
-9.2325e-03
-5.3593e-03
-2.3680e-03
-1.7334e-04
2.3175e-03
3.9087e-03
5.5497e-03
6.2867e-03
6.0282e-03
5.3997e-03
5.1667e-03
5.1420e-03
5.1133e-03
4.6732e-03
4.5735e-03
4.6405e-03
4.7627e-03
5.0819e-03
5.3355e-03
5.1438e-03
4.5042e-03
3.7568e-03
2.5596e-03
1.5247e-03
8.2831e-04
-1.0308e-04
-1.2323e-03
-2.8293e-03
-4.6967e-03
-6.1792e-03
-7.3998e-03
-7.9254e-03
-7.3865e-03
-6.2351e-03
-5.7215e-03
-6.0299e-03
-6.1486e-03
-5.6962e-03
-4.6720e-03
-3.4173e-03
-2.3950e-03
-1.4434e-03
-7.7149e-04
-4.0259e-04
4.5790e-04
1.5702e-03
2.5150e-03
3.6586e-03
4.9442e-03
6.4678e-03
8.6621e-03
1.0705e-02
1.2604e-02
1.4803e-02
1.6324e-02
1.7526e-02
1.8863e-02
2.0129e-02
2.1221e-02
2.2218e-02
2.2350e-02
2.1921e-02
2.1798e-02
2.1388e-02
1.9873e-02
1.8298e-02
1.7335e-02
1.6528e-02
1.4488e-02
1.1393e-02
8.1744e-03
5.1242e-03
1.9733e-03
-5.5814e-04
-2.6541e-03
-5.2669e-03
-7.1380e-03
-8.1805e-03
-8.5722e-03
-8.5323e-03
-8.6530e-03
-8.9391e-03
-9.3009e-03
-9.4770e-03
-9.1652e-03
-8.9236e-03
-8.9479e-03
-8.9216e-03
-8.8872e-03
-8.9393e-03
-9.2145e-03
-9.6701e-03
-9.9345e-03
-9.3217e-03
-7.9655e-03
-5.8990e-03
-3.4981e-03
-7.4312e-04
1.6522e-03
3.9512e-03
5.8282e-03
7.9805e-03
1.0297e-02
1.1540e-02
1.2572e-02
1.3945e-02
1.4641e-02
1.4930e-02
1.4656e-02
1.4323e-02
1.4430e-02
1.4156e-02
1.3984e-02
1.3596e-02
1.2498e-02
1.0993e-02
9.9062e-03
8.5135e-03
6.8269e-03
4.1249e-03
1.0553e-03
-1.7216e-03
-4.9954e-03
-7.9159e-03
-1.0126e-02
-1.1392e-02
-1.2798e-02
-1.3789e-02
-1.4526e-02
-1.4582e-02
-1.4045e-02
-1.4248e-02
-1.4096e-02
-1.3648e-02
-1.3610e-02
-1.3340e-02
-1.2350e-02
-1.0778e-02
-9.5536e-03
-8.0786e-03
-6.8548e-03
-5.0099e-03
-3.5985e-03
-2.3472e-03
-1.2085e-03
-6.0414e-04
-5.8994e-04
-8.2800e-04
-1.5051e-03
-2.7067e-03
-3.7676e-03
-4.7452e-03
-5.8175e-03
-5.8593e-03
-5.9795e-03
-6.3613e-03
-6.4260e-03
-5.8266e-03
-5.6899e-03
-5.7495e-03
-6.0007e-03
-6.8261e-03
-8.0822e-03
-9.0684e-03
-9.7256e-03
-1.0254e-02
-9.4983e-03
-7.7359e-03
-6.9351e-03
-6.2740e-03
-4.7864e-03
-3.3521e-03
-2.2039e-03
-2.3505e-04
1.5290e-03
1.9347e-03
1.9575e-03
2.1788e-03
2.3125e-03
1.9306e-03
1.9337e-03
1.9185e-03
1.8271e-03
1.9195e-03
2.5224e-03
3.7897e-03
5.2698e-03
6.2830e-03
7.4183e-03
8.3048e-03
9.5358e-03
1.0523e-02
1.0916e-02
1.1071e-02
1.1136e-02
1.0400e-02
1.0472e-02
1.1199e-02
1.0969e-02
9.5103e-03
8.5647e-03
7.7296e-03
7.2760e-03
6.9934e-03
6.1740e-03
5.2316e-03
4.8514e-03
4.7651e-03
4.0978e-03
2.7805e-03
1.4931e-03
1.0531e-03
3.0435e-04
-1.2859e-03
-2.3658e-03
-3.0748e-03
-3.0119e-03
-3.2373e-03
-4.1700e-03
-5.4638e-03
-6.6309e-03
-7.7282e-03
-8.6221e-03
-8.3959e-03
-7.7455e-03
-6.7147e-03
-5.5913e-03
-4.7809e-03
-3.3350e-03
-1.6120e-03
-7.4501e-05
1.2240e-03
2.6104e-03
3.3216e-03
4.0106e-03
5.2028e-03
6.3347e-03
7.1660e-03
7.0176e-03
6.9522e-03
7.3301e-03
8.1231e-03
9.0076e-03
9.4380e-03
9.4012e-03
8.6599e-03
8.1389e-03
8.0379e-03
7.2054e-03
7.2390e-03
7.4195e-03
7.3768e-03
7.1636e-03
6.6596e-03
6.0230e-03
5.6285e-03
5.1190e-03
3.5951e-03
2.4282e-03
1.2534e-03
-7.9920e-04
-3.3801e-03
-5.3696e-03
-6.4740e-03
-7.1124e-03
-7.3591e-03
-6.6724e-03
-5.7793e-03
-5.8754e-03
-6.8540e-03
-8.0418e-03
-8.5903e-03
-8.3668e-03
-8.3086e-03
-8.6140e-03
-9.0451e-03
-9.1138e-03
-8.0880e-03
-6.2456e-03
-4.8303e-03
-3.9507e-03
-3.4762e-03
-3.4637e-03
-2.9671e-03
-1.9458e-03
-1.0540e-03
-8.9839e-04
-1.1796e-03
-1.3537e-03
-1.8977e-03
-3.2457e-03
-4.7585e-03
-6.2343e-03
-6.7659e-03
-6.0100e-03
-5.5659e-03
-5.7129e-03
-5.8836e-03
-5.9826e-03
-6.0060e-03
-5.9653e-03
-5.8605e-03
-5.7374e-03
-5.7133e-03
-6.0089e-03
-6.8017e-03
-7.9215e-03
-8.5351e-03
-8.4007e-03
-8.3442e-03
-8.4663e-03
-8.5513e-03
-8.3715e-03
-7.6861e-03
-6.6088e-03
-5.8132e-03
-5.4128e-03
-4.6035e-03
-3.7720e-03
-3.4649e-03
-3.2375e-03
-2.4350e-03
-1.2516e-03
-6.1773e-04
-8.3734e-04
-1.0078e-03
-7.8708e-04
1.5508e-05
1.3714e-03
2.6079e-03
3.4641e-03
4.2782e-03
4.5776e-03
4.5010e-03
4.4839e-03
4.5016e-03
4.5388e-03
4.6836e-03
5.0682e-03
5.7038e-03
6.2968e-03
6.7479e-03
7.2688e-03
8.0006e-03
9.1710e-03
1.0027e-02
1.0230e-02
1.0424e-02
1.0274e-02
9.7443e-03
9.0678e-03
7.8749e-03
6.7044e-03
5.8509e-03
4.9799e-03
4.6169e-03
4.7549e-03
5.2002e-03
6.0761e-03
7.1261e-03
8.0213e-03
9.0015e-03
9.9813e-03
1.1045e-02
1.2938e-02
1.5331e-02
1.7443e-02
1.8542e-02
1.8745e-02
1.8118e-02
1.6963e-02
1.6225e-02
1.5552e-02
1.5062e-02
1.4358e-02
1.3209e-02
1.2534e-02
1.2630e-02
1.2537e-02
1.1939e-02
1.0890e-02
9.7770e-03
8.3316e-03
5.7101e-03
3.0765e-03
1.0337e-03
-1.6545e-03
-4.5426e-03
-7.6362e-03
-1.1314e-02
-1.4599e-02
-1.7648e-02
-1.9686e-02
-2.0674e-02
-2.1319e-02
-2.1226e-02
-2.0809e-02
-2.0140e-02
-1.9607e-02
-1.9614e-02
-1.9593e-02
-1.9392e-02
-1.9472e-02
-1.9404e-02
-1.9568e-02
-2.0459e-02
-2.1072e-02
-2.0708e-02
-1.9881e-02
-1.9083e-02
-1.8158e-02
-1.7200e-02
-1.6446e-02
-1.5790e-02
-1.4411e-02
-1.2864e-02
-1.1770e-02
-1.1237e-02
-1.1452e-02
-1.1525e-02
-1.1150e-02
-1.0260e-02
-9.0758e-03
-8.4452e-03
-8.5226e-03
-8.2651e-03
-7.4426e-03
-6.3790e-03
-5.2753e-03
-3.7322e-03
-1.9595e-03
-1.1901e-03
-1.1760e-03
-9.2819e-04
-8.7384e-04
-8.0705e-04
-6.6433e-04
-5.4164e-04
-5.2929e-04
-8.0141e-04
-1.4686e-03
-2.3392e-03
-2.7275e-03
-2.7186e-03
-2.9693e-03
-3.2798e-03
-4.0923e-03
-5.2963e-03
-5.9592e-03
-5.8270e-03
-5.7548e-03
-5.8771e-03
-6.0082e-03
-5.9423e-03
-5.4170e-03
-4.4248e-03
-3.4793e-03
-3.1972e-03
-3.3320e-03
-3.4079e-03
-3.3884e-03
-3.2774e-03
-2.9770e-03
-2.4161e-03
-1.6685e-03
-5.7925e-04
1.0705e-03
2.7577e-03
3.9035e-03
3.8045e-03
2.7247e-03
2.1699e-03
2.1441e-03
1.9903e-03
2.1249e-03
2.2622e-03
2.2216e-03
1.8609e-03
9.9245e-04
-1.7266e-04
-8.2016e-04
-1.0227e-03
-1.4977e-03
-1.9755e-03
-2.4313e-03
-3.0198e-03
-3.2549e-03
-3.1782e-03
-3.0946e-03
-3.0217e-03
-2.9665e-03
-2.9844e-03
-3.0534e-03
-2.1953e-03
-2.7908e-04
1.3207e-03
1.9811e-03
1.7965e-03
1.0596e-03
1.2570e-04
-4.7103e-04
-5.3486e-04
-7.5854e-04
-1.6400e-03
-2.8233e-03
-3.2608e-03
-3.1357e-03
-3.1029e-03
-3.2083e-03
-3.3327e-03
-3.2756e-03
-2.7783e-03
-1.7549e-03
-5.9118e-04
5.0256e-04
1.6171e-03
2.0182e-03
9.5073e-04
5.4586e-04
-3.4610e-05
-5.7530e-04
-1.2378e-03
-2.0215e-03
-2.9487e-03
-3.6720e-03
-3.7937e-03
-3.7106e-03
-3.7486e-03
-3.8706e-03
-3.9239e-03
-3.7086e-03
-3.0410e-03
-2.0325e-03
-1.3233e-03
-1.2096e-03
-8.9671e-04
-3.2672e-05
9.2439e-04
1.0824e-03
1.4432e-03
1.6210e-03
1.6545e-03
1.7462e-03
1.7346e-03
1.5298e-03
1.0787e-03
6.9343e-04
9.2963e-04
1.3240e-03
1.3805e-03
1.8038e-03
1.9360e-03
1.8551e-03
1.7743e-03
1.7071e-03
1.7914e-03
2.2334e-03
3.1853e-03
4.3116e-03
4.7161e-03
5.2688e-03
6.2799e-03
6.9185e-03
6.9425e-03
6.8652e-03
6.9043e-03
7.0129e-03
7.1212e-03
7.0696e-03
6.6847e-03
5.8753e-03
5.0280e-03
4.9193e-03
4.6137e-03
4.5176e-03
4.5967e-03
4.5505e-03
4.3206e-03
3.7253e-03
2.8305e-03
1.9695e-03
7.8088e-04
-1.4771e-03
-4.1134e-03
-6.7014e-03
-7.9918e-03
-8.8800e-03
-9.9290e-03
-1.0186e-02
-1.0650e-02
-1.1097e-02
-1.0865e-02
-1.1842e-02
-1.2008e-02
-1.0637e-02
-8.9090e-03
-7.9114e-03
-6.9847e-03
-6.7753e-03
-6.2006e-03
-5.1218e-03
-4.4198e-03
-3.8736e-03
-2.8507e-03
-1.7673e-03
-1.8166e-03
-1.8111e-03
-1.4567e-03
-9.1697e-04
-5.8452e-04
-1.0371e-03
-1.4834e-03
-1.2436e-03
-9.5998e-04
-9.4808e-04
-1.2624e-03
-6.6268e-04
4.2445e-04
1.1676e-03
9.9248e-04
8.1240e-04
1.0199e-03
1.6923e-03
2.7835e-03
3.6016e-03
3.4914e-03
3.2946e-03
3.2423e-03
3.3163e-03
3.6840e-03
4.4033e-03
5.3011e-03
5.9277e-03
6.5045e-03
7.3063e-03
7.8659e-03
8.1692e-03
8.4004e-03
8.2966e-03
8.2831e-03
8.4756e-03
8.4625e-03
7.5524e-03
7.0788e-03
7.1344e-03
7.1467e-03
7.0936e-03
6.9923e-03
6.8903e-03
6.8144e-03
6.7969e-03
6.8170e-03
6.7941e-03
6.5594e-03
5.9519e-03
5.0309e-03
4.3142e-03
3.9136e-03
3.3589e-03
3.0237e-03
2.8072e-03
2.1421e-03
1.3370e-03
5.8829e-04
3.3913e-04
5.9446e-04
1.1616e-03
1.9942e-03
2.6295e-03
2.9479e-03
3.3336e-03
3.3107e-03
2.9200e-03
2.8729e-03
2.9600e-03
2.7154e-03
2.2684e-03
2.2588e-03
2.0898e-03
1.5148e-03
7.4689e-04
3.5876e-04
4.9611e-04
4.6066e-04
4.5328e-05
-6.5667e-04
-1.2160e-03
-1.3448e-03
-1.2204e-03
-9.1193e-04
-3.1947e-04
3.7027e-04
5.5555e-04
3.8897e-04
3.3763e-04
5.2718e-04
1.0083e-03
1.6394e-03
1.9317e-03
1.6696e-03
1.2427e-03
7.0656e-04
5.0810e-04
6.3674e-04
6.6048e-04
5.1159e-04
2.4355e-04
5.4373e-05
2.5702e-04
6.0142e-04
6.1375e-04
5.4626e-04
6.5132e-04
1.0380e-03
1.6491e-03
2.1276e-03
2.4593e-03
2.8908e-03
3.1864e-03
3.3434e-03
3.8003e-03
4.5518e-03
5.0987e-03
5.6012e-03
5.7773e-03
5.9018e-03
6.0155e-03
6.1569e-03
5.6740e-03
4.9803e-03
4.8445e-03
4.8239e-03
4.6062e-03
4.1026e-03
3.4313e-03
2.9524e-03
2.5954e-03
2.0864e-03
1.7303e-03
1.4603e-03
9.5522e-04
4.4267e-04
4.3799e-04
2.8453e-04
-2.4514e-04
-9.5382e-04
-1.4131e-03
-1.9659e-03
-2.3105e-03
-2.6871e-03
-2.8264e-03
-3.1607e-03
-3.5891e-03
-3.5183e-03
-3.3453e-03
-3.0528e-03
-2.5754e-03
-2.1112e-03
-2.0890e-03
-2.0853e-03
-2.0171e-03
-1.9549e-03
-1.8976e-03
-1.8115e-03
-1.5946e-03
-1.1634e-03
-5.8149e-04
3.0405e-05
8.2647e-04
1.3979e-03
1.5545e-03
1.4410e-03
1.3713e-03
1.3645e-03
1.3591e-03
1.3479e-03
1.3098e-03
1.2385e-03
1.1047e-03
9.0819e-04
6.9600e-04
5.1863e-04
2.3813e-04
-1.1723e-04
-5.1987e-04
-7.6634e-04
-9.5769e-04
-1.1443e-03
-1.2637e-03
-1.2152e-03
-1.2358e-03
-1.3866e-03
-1.5771e-03
-1.7333e-03
-1.8540e-03
-1.8476e-03
-1.6500e-03
-1.4321e-03
-1.2941e-03
-1.2502e-03
-1.1332e-03
-9.5823e-04
-8.9558e-04
-8.0871e-04
-6.4448e-04
-4.3443e-04
-2.6989e-04
-1.5028e-04
4.6311e-05
2.4982e-04
4.1793e-04
5.8675e-04
7.3535e-04
8.7323e-04
9.7209e-04
1.0434e-03
1.0882e-03
1.1599e-03
1.1725e-03
1.1126e-03
1.0562e-03
1.0040e-03
9.5164e-04
9.0366e-04
8.7506e-04
8.7814e-04
9.0442e-04
9.0282e-04
8.5596e-04
8.1699e-04
8.2257e-04
8.4346e-04
8.0830e-04
7.3374e-04
6.6665e-04
6.1070e-04
5.6492e-04
5.2482e-04
4.7769e-04
4.0503e-04
3.3813e-04
2.7706e-04
1.9293e-04
8.6758e-05
-1.0826e-05
-1.0856e-04
-1.9816e-04
-2.7584e-04
-3.4752e-04
-4.0051e-04
-4.4590e-04
-4.7736e-04
-5.0685e-04
-5.3444e-04
-5.5530e-04
-5.7558e-04
-5.7467e-04
-5.7558e-04
-5.8446e-04
-5.8218e-04
-5.6831e-04
-5.6050e-04
-5.6444e-04
-5.6972e-04
-5.5628e-04
-5.3859e-04
-5.2409e-04
-5.0803e-04
-4.8796e-04
-4.7877e-04
-4.7899e-04
-4.7840e-04
-4.6507e-04
-4.4870e-04
-4.3547e-04
-4.2436e-04
-4.1495e-04
-4.0591e-04
-3.9623e-04
-3.8454e-04
-3.7109e-04
-3.5917e-04
-3.5498e-04
-3.5238e-04
-3.4767e-04
-3.4113e-04
-3.3541e-04
-3.3474e-04
-3.3330e-04
-3.3157e-04
-3.3335e-04
-3.3455e-04
-3.3627e-04
-3.4139e-04
-3.4590e-04
-3.4871e-04
-3.5072e-04
-3.5419e-04
-3.6044e-04
-3.6645e-04
-3.7283e-04
-3.7987e-04
-3.8698e-04
-3.9437e-04
-4.0116e-04
-4.0781e-04
-4.1452e-04
-4.2123e-04
-4.2791e-04
-4.3435e-04
-4.4043e-04
-4.4673e-04
-4.5273e-04
-4.5866e-04
-4.6464e-04
-4.7052e-04
-4.7622e-04
-4.8190e-04
-4.8755e-04
-4.9310e-04
-4.9866e-04
-5.0420e-04
-5.0970e-04
-5.1516e-04
-5.2061e-04
-5.2605e-04
-5.3146e-04
-5.3685e-04
-5.4222e-04
-5.4755e-04
-5.5286e-04
-5.5814e-04
-5.6338e-04
-5.6859e-04
-5.7376e-04
-5.7890e-04
