1.3684e-03
1.3660e-03
1.3605e-03
1.3542e-03
1.3430e-03
1.3319e-03
1.3209e-03
1.3194e-03
1.3299e-03
1.3603e-03
1.4053e-03
1.4579e-03
1.4947e-03
1.4964e-03
1.4395e-03
1.3224e-03
1.1607e-03
1.0076e-03
9.2796e-04
9.7012e-04
1.1473e-03
1.4454e-03
1.8109e-03
2.2064e-03
2.5593e-03
2.7763e-03
2.7857e-03
2.5876e-03
2.2131e-03
1.7159e-03
1.1760e-03
7.1881e-04
4.3340e-04
3.1502e-04
3.0316e-04
3.4819e-04
4.8833e-04
8.0939e-04
1.3409e-03
2.0243e-03
2.7007e-03
3.1518e-03
3.2042e-03
2.9080e-03
2.5685e-03
2.6291e-03
3.3368e-03
4.3789e-03
5.2407e-03
5.4888e-03
4.8810e-03
3.3884e-03
1.2379e-03
-1.0793e-03
-2.9297e-03
-3.8627e-03
-3.5579e-03
-1.9447e-03
8.4901e-04
4.4363e-03
8.0127e-03
1.0402e-02
1.0547e-02
8.2690e-03
4.3793e-03
4.0850e-04
-2.3620e-03
-3.4572e-03
-3.0679e-03
-2.1512e-03
-1.5655e-03
-1.6264e-03
-2.3497e-03
-3.4330e-03
-4.5283e-03
-5.4728e-03
-6.0128e-03
-5.6731e-03
-3.9208e-03
-2.9958e-04
5.2163e-03
1.1942e-02
1.8040e-02
2.1047e-02
1.9566e-02
1.5080e-02
1.0005e-02
6.0710e-03
3.3981e-03
8.4774e-04
-2.4319e-03
-6.0871e-03
-8.8924e-03
-9.9210e-03
-9.5576e-03
-8.4136e-03
-6.9485e-03
-5.2653e-03
-2.8645e-03
8.1877e-04
5.6647e-03
1.0492e-02
1.3439e-02
1.3024e-02
8.7343e-03
1.2977e-03
-6.9342e-03
-1.2387e-02
-1.3033e-02
-8.3827e-03
1.1871e-03
1.4071e-02
2.7376e-02
3.7663e-02
4.2566e-02
4.1125e-02
3.3799e-02
2.2048e-02
8.7200e-03
-2.1169e-03
-8.0004e-03
-9.5988e-03
-8.4702e-03
-6.7088e-03
-5.6046e-03
-5.0170e-03
-4.6203e-03
-4.1701e-03
-3.5068e-03
-1.9779e-03
1.8048e-03
8.4702e-03
1.7318e-02
2.6601e-02
3.4345e-02
3.8579e-02
3.7335e-02
2.9432e-02
1.5677e-02
-3.8792e-04
-1.4687e-02
-2.4339e-02
-2.9044e-02
-2.9127e-02
-2.4293e-02
-1.4410e-02
-2.7171e-05
1.7321e-02
3.4724e-02
4.8221e-02
5.3215e-02
4.9539e-02
3.9207e-02
2.5780e-02
1.1993e-02
-1.2125e-03
-1.3186e-02
-2.2654e-02
-2.8534e-02
-3.0983e-02
-3.0892e-02
-2.9445e-02
-2.7449e-02
-2.4983e-02
-2.1470e-02
-1.6693e-02
-1.1248e-02
-5.3142e-03
1.8265e-03
1.0052e-02
1.7002e-02
1.8994e-02
1.3949e-02
3.0407e-03
-1.0264e-02
-2.1353e-02
-2.8161e-02
-3.1173e-02
-3.0540e-02
-2.6263e-02
-1.8379e-02
-7.6235e-03
4.3624e-03
1.5062e-02
2.2662e-02
2.6450e-02
2.5457e-02
1.8871e-02
7.2909e-03
-6.4092e-03
-1.7649e-02
-2.2989e-02
-2.1985e-02
-1.6484e-02
-9.5599e-03
-4.7411e-03
-3.8218e-03
-5.5733e-03
-6.8793e-03
-4.5355e-03
1.3819e-03
8.6089e-03
1.3928e-02
1.5656e-02
1.4030e-02
9.8997e-03
4.7947e-03
-1.9345e-04
-3.4539e-03
-2.7125e-03
3.9227e-03
1.6354e-02
3.2264e-02
4.7109e-02
5.5893e-02
5.6803e-02
5.0985e-02
4.1030e-02
3.0855e-02
2.3683e-02
2.1984e-02
2.5884e-02
3.1954e-02
3.4750e-02
2.8913e-02
1.3230e-02
-8.8618e-03
-2.9701e-02
-4.3909e-02
-4.9714e-02
-4.8047e-02
-3.9756e-02
-2.5996e-02
-8.8330e-03
9.5121e-03
2.6263e-02
3.8979e-02
4.5416e-02
4.4632e-02
3.7049e-02
2.4101e-02
8.8194e-03
-4.4182e-03
-1.1993e-02
-1.2368e-02
-6.0193e-03
4.4874e-03
1.5041e-02
2.1941e-02
2.4252e-02
2.3117e-02
2.0661e-02
1.8936e-02
1.9067e-02
2.0866e-02
2.3757e-02
2.7134e-02
3.0242e-02
3.1348e-02
2.7780e-02
1.7415e-02
4.2352e-04
-1.9429e-02
-3.6363e-02
-4.6860e-02
-4.9510e-02
-4.4974e-02
-3.4353e-02
-1.9369e-02
-2.5185e-03
1.2335e-02
2.0604e-02
1.9349e-02
9.8863e-03
-3.7285e-03
-1.5347e-02
-2.0816e-02
-1.9301e-02
-1.2138e-02
-2.2032e-03
6.4899e-03
1.1009e-02
1.0970e-02
7.8832e-03
4.2389e-03
2.1630e-03
2.0514e-03
3.1747e-03
4.9445e-03
6.9621e-03
8.7009e-03
9.4112e-03
8.2390e-03
4.5926e-03
-1.6243e-03
-1.0114e-02
-2.0120e-02
-3.0498e-02
-3.9661e-02
-4.5954e-02
-4.7544e-02
-4.2997e-02
-3.1548e-02
-1.3886e-02
6.5708e-03
2.3656e-02
3.1522e-02
2.7496e-02
1.3038e-02
-6.8977e-03
-2.3903e-02
-3.2992e-02
-3.3751e-02
-2.7480e-02
-1.6556e-02
-4.7666e-03
5.0386e-03
1.0828e-02
1.2004e-02
9.2341e-03
4.4710e-03
1.1428e-03
2.7532e-03
1.0768e-02
2.3787e-02
3.8399e-02
4.9750e-02
5.3556e-02
4.7051e-02
3.0997e-02
9.6392e-03
-9.2228e-03
-2.0683e-02
-2.2606e-02
-1.6912e-02
-7.6499e-03
-2.1946e-06
3.0892e-03
1.4453e-03
-4.0055e-03
-1.1310e-02
-1.8120e-02
-2.1688e-02
-2.0186e-02
-1.2944e-02
-7.8291e-04
1.4101e-02
2.8482e-02
3.9405e-02
4.5428e-02
4.6385e-02
4.3022e-02
3.6697e-02
2.9112e-02
2.2168e-02
1.7573e-02
1.6588e-02
1.8978e-02
2.2902e-02
2.6183e-02
2.7151e-02
2.5170e-02
2.0119e-02
1.1712e-02
2.0690e-04
-1.2537e-02
-2.3322e-02
-2.9726e-02
-3.1154e-02
-2.8695e-02
-2.4003e-02
-1.8859e-02
-1.4497e-02
-1.1079e-02
-8.1911e-03
-5.7042e-03
-3.8710e-03
-3.0088e-03
-3.1364e-03
-4.2731e-03
-6.3084e-03
-8.9624e-03
-1.1617e-02
-1.3444e-02
-1.3683e-02
-1.1978e-02
-8.2402e-03
-2.9124e-03
3.0079e-03
8.2685e-03
1.1768e-02
1.2752e-02
1.0617e-02
5.5548e-03
-1.3286e-03
-8.1820e-03
-1.3922e-02
-1.8371e-02
-2.2061e-02
-2.5581e-02
-2.9348e-02
-3.3630e-02
-3.8586e-02
-4.4452e-02
-5.1487e-02
-5.9577e-02
-6.8004e-02
-7.5764e-02
-8.2309e-02
-8.7020e-02
-8.9880e-02
-9.1535e-02
-9.3115e-02
-9.5767e-02
-1.0020e-01
-1.0675e-01
-1.1525e-01
-1.2530e-01
-1.3622e-01
-1.4732e-01
-1.5793e-01
-1.6731e-01
-1.7466e-01
-1.7967e-01
-1.8246e-01
-1.8391e-01
-1.8502e-01
-1.8639e-01
-1.8811e-01
-1.8965e-01
-1.9032e-01
-1.8910e-01
-1.8500e-01
-1.7718e-01
-1.6545e-01
-1.5024e-01
-1.3270e-01
-1.1392e-01
-9.4412e-02
-7.4951e-02
-5.6853e-02
-4.1389e-02
-3.0097e-02
-2.4395e-02
-2.5304e-02
-3.3612e-02
-4.9018e-02
-6.8992e-02
-8.8951e-02
-1.0489e-01
-1.1411e-01
-1.1695e-01
-1.1551e-01
-1.1259e-01
-1.1123e-01
-1.1385e-01
-1.2169e-01
-1.3429e-01
-1.4913e-01
-1.6237e-01
-1.7179e-01
-1.7702e-01
-1.7945e-01
-1.8027e-01
-1.8041e-01
-1.8036e-01
-1.8047e-01
-1.8105e-01
-1.8252e-01
-1.8531e-01
-1.8970e-01
-1.9530e-01
-2.0086e-01
-2.0481e-01
-2.0636e-01
-2.0567e-01
-2.0430e-01
-2.0480e-01
-2.0950e-01
-2.1972e-01
-2.3452e-01
-2.4999e-01
-2.5980e-01
-2.5664e-01
-2.3385e-01
-1.8915e-01
-1.2666e-01
-5.7017e-02
1.0762e-02
7.4073e-02
1.3230e-01
1.8566e-01
2.3236e-01
2.7282e-01
3.0751e-01
3.3640e-01
3.5833e-01
3.7030e-01
3.7026e-01
3.5949e-01
3.4272e-01
3.2508e-01
3.0855e-01
2.9274e-01
2.7521e-01
2.5230e-01
2.2037e-01
1.7849e-01
1.3037e-01
8.2053e-02
4.0821e-02
9.1863e-03
-1.3716e-02
-3.0513e-02
-4.3058e-02
-5.1754e-02
-5.5260e-02
-5.1086e-02
-3.7597e-02
-1.4917e-02
1.4179e-02
4.5251e-02
7.5124e-02
1.0176e-01
1.2555e-01
1.4914e-01
1.7483e-01
2.0309e-01
2.3084e-01
2.5247e-01
2.6055e-01
2.4771e-01
2.1108e-01
1.5767e-01
1.0401e-01
6.7802e-02
4.5199e-02
3.2426e-02
2.3949e-02
1.3302e-02
-7.9219e-04
-1.5100e-02
-2.4448e-02
-2.6669e-02
-2.1085e-02
-7.5439e-03
1.3230e-02
3.9729e-02
7.0629e-02
1.0509e-01
1.4208e-01
1.8138e-01
2.2338e-01
2.6811e-01
3.1522e-01
3.6247e-01
4.1035e-01
4.5941e-01
5.0680e-01
5.4702e-01
5.7280e-01
5.7699e-01
5.5589e-01
5.0897e-01
4.4134e-01
3.6205e-01
2.8667e-01
2.3082e-01
2.0210e-01
2.0527e-01
2.3544e-01
2.8099e-01
3.2997e-01
3.7513e-01
4.1267e-01
4.4053e-01
4.5504e-01
4.5089e-01
4.2381e-01
3.7386e-01
3.0685e-01
2.3029e-01
1.5657e-01
9.4280e-02
4.4854e-02
2.7228e-03
-3.7682e-02
-7.7684e-02
-1.1490e-01
-1.4375e-01
-1.6148e-01
-1.6834e-01
-1.6302e-01
-1.4735e-01
-1.2560e-01
-1.0052e-01
-7.4270e-02
-5.1085e-02
-3.3444e-02
-2.1326e-02
-1.3726e-02
-8.7841e-03
-4.8966e-03
-1.1882e-03
2.0887e-03
4.1118e-03
3.4347e-03
-9.4156e-04
-8.6593e-03
-1.8554e-02
-3.0405e-02
-4.3969e-02
-5.8316e-02
-7.1813e-02
-8.3379e-02
-9.2656e-02
-1.0055e-01
-1.0788e-01
-1.1561e-01
-1.2462e-01
-1.3514e-01
-1.4632e-01
-1.5694e-01
-1.6672e-01
-1.7630e-01
-1.8561e-01
-1.9444e-01
-2.0213e-01
-2.0766e-01
-2.1043e-01
-2.1043e-01
-2.0766e-01
-2.0190e-01
-1.9244e-01
-1.7848e-01
-1.5996e-01
-1.3849e-01
-1.1644e-01
-9.5865e-02
-7.9454e-02
-7.0513e-02
-6.9133e-02
-7.4499e-02
-8.4515e-02
-9.6114e-02
-1.0763e-01
-1.1870e-01
-1.2905e-01
-1.3845e-01
-1.4713e-01
-1.5562e-01
-1.6477e-01
-1.7529e-01
-1.8731e-01
-2.0010e-01
-2.1212e-01
-2.2097e-01
-2.2626e-01
-2.2945e-01
-2.3206e-01
-2.3513e-01
-2.3860e-01
-2.4158e-01
-2.4338e-01
-2.4318e-01
-2.3919e-01
-2.2862e-01
-2.0852e-01
-1.7862e-01
-1.4390e-01
-1.1163e-01
-8.5644e-02
-6.5878e-02
-5.0149e-02
-3.5798e-02
-2.0495e-02
-3.4217e-03
1.5140e-02
3.4713e-02
5.3844e-02
7.1304e-02
8.6855e-02
1.0083e-01
1.1448e-01
1.2835e-01
1.4280e-01
1.5764e-01
1.7224e-01
1.8660e-01
2.0116e-01
2.1650e-01
2.3308e-01
2.5061e-01
2.6734e-01
2.8065e-01
2.8855e-01
2.8939e-01
2.8268e-01
2.6835e-01
2.4654e-01
2.1674e-01
1.7818e-01
1.3145e-01
7.9506e-02
2.8672e-02
-1.7893e-02
-5.9739e-02
-9.4434e-02
-1.2203e-01
-1.4285e-01
-1.5694e-01
-1.6331e-01
-1.6094e-01
-1.4967e-01
-1.3219e-01
-1.1238e-01
-9.4083e-02
-7.9589e-02
-6.8768e-02
-6.0437e-02
-5.3218e-02
-4.6153e-02
-3.9074e-02
-3.2495e-02
-2.6523e-02
-2.0626e-02
-1.3977e-02
-5.6933e-03
4.6250e-03
1.6732e-02
2.9768e-02
4.3012e-02
5.6109e-02
6.9402e-02
8.3584e-02
9.8759e-02
1.1400e-01
1.2856e-01
1.4179e-01
1.5217e-01
1.5761e-01
1.5582e-01
1.4424e-01
1.2121e-01
8.8394e-02
5.1321e-02
1.5000e-02
-1.8251e-02
-4.7573e-02
-7.3866e-02
-9.8245e-02
-1.2098e-01
-1.4137e-01
-1.5789e-01
-1.6959e-01
-1.7674e-01
-1.7914e-01
-1.7678e-01
-1.6966e-01
-1.5760e-01
-1.4099e-01
-1.2121e-01
-1.0105e-01
-8.4492e-02
-7.4391e-02
-7.1077e-02
-7.3368e-02
-7.9489e-02
-8.7340e-02
-9.5643e-02
-1.0323e-01
-1.0865e-01
-1.1026e-01
-1.0632e-01
-9.5621e-02
-7.8022e-02
-5.4751e-02
-2.8661e-02
-3.0876e-03
2.0026e-02
3.9486e-02
5.5448e-02
6.9771e-02
8.3659e-02
9.7176e-02
1.0859e-01
1.1584e-01
1.1817e-01
1.1580e-01
1.1023e-01
1.0364e-01
9.7383e-02
9.1597e-02
8.6485e-02
8.2959e-02
8.2414e-02
8.5875e-02
9.3142e-02
1.0278e-01
1.1230e-01
1.1914e-01
1.2124e-01
1.1779e-01
1.0891e-01
9.5480e-02
7.9023e-02
6.1614e-02
4.5287e-02
3.1758e-02
2.1148e-02
1.2358e-02
4.0035e-03
-5.2995e-03
-1.6239e-02
-2.8373e-02
-4.0029e-02
-4.9535e-02
-5.6176e-02
-6.0217e-02
-6.1536e-02
-5.9323e-02
-5.2132e-02
-3.8317e-02
-1.6985e-02
1.0566e-02
4.0886e-02
7.0036e-02
9.5694e-02
1.1654e-01
1.3317e-01
1.4559e-01
1.5227e-01
1.5124e-01
1.4230e-01
1.2734e-01
1.0635e-01
7.9649e-02
4.9220e-02
1.8996e-02
-7.0183e-03
-2.6385e-02
-3.8282e-02
-4.3250e-02
-4.2128e-02
-3.7160e-02
-3.0435e-02
-2.3006e-02
-1.5369e-02
-8.0078e-03
-1.4195e-03
3.3390e-03
5.4896e-03
4.0524e-03
-1.4079e-03
-1.0485e-02
-2.1549e-02
-3.4643e-02
-5.1983e-02
-7.7348e-02
-1.1391e-01
-1.6214e-01
-1.9365e-01
-1.6259e-01
-1.0861e-01
-1.1440e-01
-1.6333e-01
-2.1094e-01
-2.2448e-01
-2.1609e-01
-1.9148e-01
-1.5554e-01
-1.2958e-01
-1.1696e-01
-1.1184e-01
-9.5579e-02
-6.2923e-02
-2.4137e-02
1.3598e-02
4.3821e-02
5.9941e-02
5.6402e-02
3.8118e-02
2.4206e-02
2.1546e-02
2.6103e-02
2.2431e-02
3.4215e-04
-3.0324e-02
-5.0124e-02
-5.4837e-02
-5.7701e-02
-5.7111e-02
-5.1643e-02
-4.3468e-02
-3.5892e-02
-3.5627e-02
-5.0027e-02
-7.0882e-02
-8.8378e-02
-1.0226e-01
-1.1845e-01
-1.3660e-01
-1.5514e-01
-1.7416e-01
-1.9254e-01
-2.0797e-01
-2.1649e-01
-2.1437e-01
-2.0027e-01
-1.7712e-01
-1.3710e-01
-8.2039e-02
-2.6774e-02
1.4277e-02
3.8959e-02
5.2464e-02
6.1104e-02
6.3855e-02
5.9986e-02
4.9989e-02
3.4575e-02
1.7213e-02
2.7199e-03
-4.0826e-03
-9.0099e-04
1.0341e-02
2.6112e-02
4.2219e-02
5.7982e-02
7.1625e-02
8.2239e-02
8.8576e-02
9.2572e-02
1.0058e-01
1.1334e-01
1.2406e-01
1.3021e-01
1.3094e-01
1.2649e-01
1.1926e-01
1.1161e-01
1.0466e-01
9.9154e-02
9.5715e-02
9.3728e-02
9.1308e-02
8.9284e-02
8.7515e-02
8.3465e-02
7.7348e-02
7.3913e-02
7.7435e-02
8.9367e-02
1.0701e-01
1.2245e-01
1.2922e-01
1.2996e-01
1.2668e-01
1.1976e-01
1.0946e-01
9.8683e-02
8.9114e-02
8.1199e-02
7.6100e-02
7.4373e-02
7.4497e-02
7.8657e-02
8.9555e-02
9.9255e-02
1.0932e-01
1.2273e-01
1.3674e-01
1.4422e-01
1.4221e-01
1.3562e-01
1.2668e-01
1.1599e-01
1.0379e-01
8.9563e-02
7.2294e-02
5.1265e-02
2.6882e-02
-7.8616e-04
-3.0708e-02
-5.9784e-02
-8.1903e-02
-9.1188e-02
-8.8459e-02
-7.5734e-02
-5.7850e-02
-3.7274e-02
-1.4242e-02
1.0506e-02
3.5771e-02
5.9113e-02
7.7381e-02
8.7440e-02
9.0795e-02
9.3462e-02
1.0398e-01
1.3061e-01
1.5520e-01
1.6540e-01
1.8115e-01
2.0498e-01
2.1754e-01
2.0326e-01
1.8069e-01
1.5609e-01
1.2978e-01
1.0372e-01
7.7473e-02
5.1479e-02
2.6040e-02
2.4069e-03
-1.8577e-02
-3.6312e-02
-5.2129e-02
-6.6694e-02
-7.8936e-02
-8.6770e-02
-9.0287e-02
-9.0280e-02
-8.8503e-02
-8.5715e-02
-8.2417e-02
-7.9045e-02
-7.6054e-02
-7.3517e-02
-7.1421e-02
-6.9657e-02
-6.8009e-02
-6.5948e-02
-6.3093e-02
-5.9317e-02
-5.4865e-02
-4.9683e-02
-4.3828e-02
-3.7457e-02
-3.1097e-02
-2.5528e-02
-2.1633e-02
-1.9693e-02
-1.9121e-02
-1.9538e-02
-2.3939e-02
-3.3271e-02
-4.5560e-02
-5.8548e-02
-7.1630e-02
-8.4394e-02
-9.4920e-02
-1.0105e-01
-1.0617e-01
-1.1188e-01
-1.1860e-01
-1.2623e-01
-1.3453e-01
-1.4358e-01
-1.5369e-01
-1.6369e-01
-1.7083e-01
-1.7401e-01
-1.7126e-01
-1.5937e-01
-1.3631e-01
-1.0367e-01
-6.7450e-02
-3.3161e-02
-4.1252e-03
1.6337e-02
2.8330e-02
3.4308e-02
3.6160e-02
3.4817e-02
2.6664e-02
7.9961e-03
-1.9672e-02
-4.8652e-02
-6.8490e-02
-8.0100e-02
-8.6070e-02
-8.8193e-02
-9.0216e-02
-9.1526e-02
-9.0248e-02
-8.6135e-02
-8.0897e-02
-7.6094e-02
-7.3437e-02
-7.4259e-02
-7.7774e-02
-8.1973e-02
-8.5684e-02
-9.0179e-02
-9.6651e-02
-1.0442e-01
-1.1210e-01
-1.1823e-01
-1.2341e-01
-1.2783e-01
-1.3013e-01
-1.2893e-01
-1.2393e-01
-1.1473e-01
-1.0054e-01
-8.0945e-02
-5.7617e-02
-3.4376e-02
-1.3825e-02
3.2782e-03
1.9108e-02
3.3446e-02
4.3666e-02
5.0285e-02
5.5188e-02
5.9259e-02
6.2260e-02
6.4451e-02
6.5863e-02
6.5137e-02
6.1239e-02
5.5565e-02
5.0362e-02
4.5476e-02
3.8302e-02
2.9623e-02
2.3503e-02
1.9558e-02
1.6689e-02
1.5370e-02
1.6352e-02
1.9030e-02
2.2548e-02
2.6971e-02
3.2815e-02
3.9764e-02
4.6721e-02
5.2438e-02
5.5221e-02
5.4008e-02
4.8239e-02
3.8726e-02
2.7300e-02
1.5742e-02
4.8745e-03
-5.1111e-03
-1.4537e-02
-2.3024e-02
-3.0215e-02
-3.5594e-02
-3.8634e-02
-3.9335e-02
-3.7904e-02
-3.4440e-02
-2.8746e-02
-2.0708e-02
-1.1192e-02
-1.8247e-03
6.7105e-03
1.4903e-02
2.2465e-02
2.8996e-02
3.4626e-02
4.0238e-02
4.6320e-02
5.1859e-02
5.5609e-02
5.7195e-02
5.6482e-02
5.3657e-02
5.0111e-02
4.7322e-02
4.2594e-02
3.3562e-02
2.0319e-02
5.1822e-03
-8.8260e-03
-2.0940e-02
-3.0791e-02
-3.7840e-02
-4.1342e-02
-4.0571e-02
-3.5231e-02
-2.5361e-02
-1.0813e-02
7.9752e-03
2.8869e-02
4.8067e-02
6.2831e-02
7.2687e-02
7.7374e-02
7.6868e-02
7.1338e-02
6.0341e-02
4.3393e-02
2.2877e-02
2.7517e-03
-1.6954e-02
-3.5803e-02
-5.0596e-02
-5.7709e-02
-5.4451e-02
-4.2859e-02
-2.7177e-02
-1.2035e-02
4.5409e-04
1.1173e-02
2.0989e-02
2.9510e-02
3.4624e-02
3.3785e-02
2.6887e-02
1.5787e-02
3.1228e-03
-1.0962e-02
-2.6106e-02
-4.0461e-02
-5.2797e-02
-6.2042e-02
-6.7726e-02
-7.0529e-02
-7.0846e-02
-6.8143e-02
-6.1272e-02
-5.0046e-02
-3.5613e-02
-2.0047e-02
-5.0268e-03
9.9680e-03
2.5252e-02
4.0641e-02
5.6456e-02
7.3017e-02
8.9318e-02
1.0410e-01
1.1662e-01
1.2691e-01
1.3434e-01
1.3945e-01
1.4297e-01
1.4451e-01
1.4308e-01
1.3825e-01
1.3091e-01
1.2184e-01
1.1049e-01
9.6452e-02
7.9615e-02
6.1191e-02
4.4019e-02
2.9845e-02
1.9479e-02
1.5253e-02
1.8734e-02
2.9667e-02
4.6016e-02
6.4072e-02
8.0501e-02
9.3107e-02
9.9891e-02
9.9808e-02
9.2683e-02
7.9516e-02
6.2227e-02
4.3573e-02
2.7057e-02
1.4556e-02
8.0159e-03
8.2089e-03
1.4291e-02
2.4717e-02
3.7383e-02
5.0290e-02
6.2663e-02
7.3418e-02
8.0419e-02
8.1515e-02
7.5982e-02
6.4249e-02
4.6692e-02
2.4246e-02
1.6735e-03
-1.6676e-02
-3.0496e-02
-4.1373e-02
-5.0148e-02
-5.5470e-02
-5.5860e-02
-5.3452e-02
-5.0506e-02
-4.8332e-02
-4.7984e-02
-5.0140e-02
-5.5393e-02
-6.3132e-02
-7.1727e-02
-8.0878e-02
-9.0437e-02
-1.0000e-01
-1.0819e-01
-1.1356e-01
-1.1538e-01
-1.1286e-01
-1.0570e-01
-9.4709e-02
-8.2232e-02
-7.1647e-02
-6.4667e-02
-6.2446e-02
-6.4939e-02
-7.0516e-02
-7.7121e-02
-8.3529e-02
-8.9922e-02
-9.6524e-02
-1.0304e-01
-1.0906e-01
-1.1407e-01
-1.1783e-01
-1.2027e-01
-1.2159e-01
-1.2208e-01
-1.2165e-01
-1.2004e-01
-1.1756e-01
-1.1506e-01
-1.1313e-01
-1.1189e-01
-1.1131e-01
-1.1090e-01
-1.0976e-01
-1.0696e-01
-1.0179e-01
-9.4387e-02
-8.5308e-02
-7.5321e-02
-6.5041e-02
-5.5406e-02
-4.6648e-02
-3.8835e-02
-3.1863e-02
-2.6057e-02
-2.2249e-02
-2.1283e-02
-2.3568e-02
-2.8683e-02
-3.5926e-02
-4.4198e-02
-5.2268e-02
-5.9006e-02
-6.3365e-02
-6.5290e-02
-6.4822e-02
-6.1993e-02
-5.6758e-02
-4.9010e-02
-3.9023e-02
-2.7522e-02
-1.5627e-02
-4.2335e-03
6.7567e-03
1.8027e-02
2.9756e-02
4.1515e-02
5.2173e-02
6.1325e-02
6.9265e-02
7.6115e-02
8.1678e-02
8.5633e-02
8.8098e-02
8.9839e-02
9.1686e-02
9.3914e-02
9.6183e-02
9.7989e-02
9.9486e-02
1.0125e-01
1.0380e-01
1.0705e-01
1.1038e-01
1.1307e-01
1.1472e-01
1.1548e-01
1.1487e-01
1.1159e-01
1.0426e-01
9.3096e-02
8.0690e-02
7.0382e-02
6.3617e-02
6.0154e-02
6.0444e-02
6.4759e-02
7.2596e-02
8.3033e-02
9.4886e-02
1.0605e-01
1.1470e-01
1.2081e-01
1.2469e-01
1.2706e-01
1.2869e-01
1.2956e-01
1.2852e-01
1.2459e-01
1.1813e-01
1.0982e-01
9.9547e-02
8.7743e-02
7.5417e-02
6.3737e-02
5.2967e-02
4.3818e-02
3.6168e-02
2.9511e-02
2.3574e-02
1.8900e-02
1.6468e-02
1.6348e-02
1.7834e-02
2.0300e-02
2.3154e-02
2.5639e-02
2.7422e-02
2.8090e-02
2.7144e-02
2.4273e-02
1.9239e-02
1.2241e-02
4.0212e-03
-4.6267e-03
-1.3397e-02
-2.2282e-02
-3.1013e-02
-3.9222e-02
-4.6013e-02
-4.9933e-02
-5.1451e-02
-5.1615e-02
-5.1254e-02
-5.1128e-02
-5.1913e-02
-5.4388e-02
-5.8786e-02
-6.4581e-02
-7.0752e-02
-7.6473e-02
-8.1742e-02
-8.6880e-02
-9.1958e-02
-9.6939e-02
-1.0140e-01
-1.0479e-01
-1.0702e-01
-1.0855e-01
-1.0954e-01
-1.0951e-01
-1.0785e-01
-1.0396e-01
-9.7468e-02
-8.8658e-02
-7.8361e-02
-6.8035e-02
-5.9332e-02
-5.2505e-02
-4.7158e-02
-4.3045e-02
-3.9861e-02
-3.7238e-02
-3.4691e-02
-3.2137e-02
-2.9760e-02
-2.7755e-02
-2.6206e-02
-2.4835e-02
-2.3227e-02
-2.1031e-02
-1.7829e-02
-1.3417e-02
-7.8996e-03
-1.5833e-03
4.8729e-03
1.0706e-02
1.5176e-02
1.8165e-02
1.9717e-02
1.9879e-02
1.8875e-02
1.7340e-02
1.5745e-02
1.4454e-02
1.3646e-02
1.3134e-02
1.2963e-02
1.3671e-02
1.5597e-02
1.8376e-02
2.1039e-02
2.2791e-02
2.3481e-02
2.3325e-02
2.2530e-02
2.1263e-02
1.9205e-02
1.5602e-02
1.0488e-02
4.7831e-03
-1.7265e-04
-4.0275e-03
-6.7809e-03
-8.2173e-03
-8.6349e-03
-8.6325e-03
-8.4569e-03
-7.9094e-03
-6.7771e-03
-5.0979e-03
-3.0918e-03
-9.1294e-04
1.4648e-03
4.0273e-03
6.6520e-03
9.1513e-03
1.1516e-02
1.3693e-02
1.5331e-02
1.6313e-02
1.6750e-02
1.6636e-02
1.6114e-02
1.5612e-02
1.5368e-02
1.5079e-02
1.4779e-02
1.4649e-02
1.4664e-02
1.4676e-02
1.4594e-02
1.4493e-02
1.4573e-02
1.5292e-02
1.6801e-02
1.8752e-02
2.0520e-02
2.1604e-02
2.1719e-02
2.0786e-02
1.9039e-02
1.6720e-02
1.4392e-02
1.2672e-02
1.1504e-02
1.0390e-02
8.6375e-03
5.7806e-03
1.9205e-03
-2.6393e-03
-7.5444e-03
-1.2289e-02
-1.6505e-02
-2.0123e-02
-2.3052e-02
-2.5155e-02
-2.6388e-02
-2.6949e-02
-2.6825e-02
-2.5864e-02
-2.4121e-02
-2.1980e-02
-1.9573e-02
-1.6840e-02
-1.3898e-02
-1.1082e-02
-8.8335e-03
-7.7170e-03
-7.6779e-03
-8.7000e-03
-1.0762e-02
-1.3507e-02
-1.6745e-02
-2.0381e-02
-2.4346e-02
-2.8314e-02
-3.1974e-02
-3.4678e-02
-3.5954e-02
-3.5245e-02
-3.2037e-02
-2.6452e-02
-1.8883e-02
-1.0040e-02
-1.0364e-03
7.1579e-03
1.3894e-02
1.8237e-02
1.9895e-02
1.9097e-02
1.6643e-02
1.3078e-02
8.8842e-03
4.9073e-03
1.8673e-03
5.4998e-05
-6.1678e-04
-3.2253e-04
6.9739e-04
2.0430e-03
3.2724e-03
4.4452e-03
5.7588e-03
6.9317e-03
7.5349e-03
7.4320e-03
6.9541e-03
6.3753e-03
5.5921e-03
4.4918e-03
3.0118e-03
8.1738e-04
-2.3742e-03
-6.4184e-03
-1.0987e-02
-1.5520e-02
-1.9154e-02
-2.0841e-02
-1.9696e-02
-1.5796e-02
-1.0123e-02
-3.4860e-03
3.8459e-03
1.1670e-02
1.9192e-02
2.5445e-02
2.9451e-02
3.0732e-02
2.9399e-02
2.6191e-02
2.1773e-02
1.6553e-02
1.1082e-02
6.5516e-03
4.1094e-03
3.4779e-03
3.3236e-03
2.9435e-03
2.3048e-03
1.1474e-03
-4.1918e-04
-2.0091e-03
-3.4418e-03
-4.5158e-03
-5.2253e-03
-5.5978e-03
-5.7492e-03
-5.9591e-03
-6.5132e-03
-7.2078e-03
-7.9988e-03
-8.7878e-03
-9.6065e-03
-1.0469e-02
-1.1375e-02
-1.2371e-02
-1.3326e-02
-1.4026e-02
-1.4473e-02
-1.4802e-02
-1.5153e-02
-1.5064e-02
-1.3724e-02
-1.1072e-02
-7.5174e-03
-3.3325e-03
1.5453e-03
6.9476e-03
1.2507e-02
1.7968e-02
2.3230e-02
2.8043e-02
3.1886e-02
3.4407e-02
3.5632e-02
3.5585e-02
3.4534e-02
3.2783e-02
3.0609e-02
2.8089e-02
2.4900e-02
2.0638e-02
1.5588e-02
1.0266e-02
5.1639e-03
7.2339e-04
-2.6038e-03
-4.5229e-03
-5.2723e-03
-5.0852e-03
-3.9891e-03
-1.9684e-03
6.4152e-04
3.4309e-03
6.0070e-03
7.9625e-03
9.0525e-03
9.0748e-03
8.2467e-03
7.1332e-03
6.0725e-03
5.2219e-03
4.7759e-03
5.2035e-03
6.5775e-03
8.4912e-03
1.0503e-02
1.2555e-02
1.4705e-02
1.6866e-02
1.9054e-02
2.1237e-02
2.3278e-02
2.4888e-02
2.5933e-02
2.6400e-02
2.6197e-02
2.4887e-02
2.2092e-02
1.8040e-02
1.3249e-02
8.2820e-03
3.7858e-03
1.7583e-04
-2.4923e-03
-4.2359e-03
-4.9934e-03
-4.8862e-03
-4.1560e-03
-3.2938e-03
-2.8876e-03
-3.2342e-03
-4.2477e-03
-5.4572e-03
-6.4167e-03
-6.9773e-03
-6.9578e-03
-6.2954e-03
-5.2649e-03
-4.1970e-03
-3.4937e-03
-3.3499e-03
-4.0255e-03
-5.4941e-03
-7.3745e-03
-9.4282e-03
-1.1386e-02
-1.3129e-02
-1.4289e-02
-1.4782e-02
-1.4960e-02
-1.5038e-02
-1.5122e-02
-1.5302e-02
-1.5436e-02
-1.4881e-02
-1.2998e-02
-9.7955e-03
-5.6092e-03
-9.1389e-04
3.5462e-03
6.9309e-03
9.1164e-03
1.0490e-02
1.1018e-02
1.0181e-02
8.2543e-03
6.1986e-03
4.8669e-03
4.3007e-03
4.3483e-03
4.8561e-03
5.5557e-03
6.1955e-03
6.7679e-03
7.0256e-03
6.3656e-03
4.4323e-03
1.8190e-03
-2.8473e-04
-1.2907e-03
-1.4329e-03
-1.2292e-03
-8.1025e-04
-4.6854e-04
-5.7004e-04
-1.2268e-03
-2.3844e-03
-4.1035e-03
-6.5256e-03
-9.8803e-03
-1.3942e-02
-1.8037e-02
-2.1498e-02
-2.3502e-02
-2.4231e-02
-2.4334e-02
-2.3817e-02
-2.2364e-02
-2.0212e-02
-1.8182e-02
-1.6753e-02
-1.6070e-02
-1.5879e-02
-1.5625e-02
-1.5003e-02
-1.4383e-02
-1.4144e-02
-1.4229e-02
-1.4328e-02
-1.4287e-02
-1.4221e-02
-1.4197e-02
-1.3902e-02
-1.3084e-02
-1.1644e-02
-9.2927e-03
-5.5535e-03
2.3258e-04
7.8129e-03
1.5810e-02
2.2984e-02
2.9262e-02
3.4191e-02
3.7370e-02
3.8994e-02
3.9303e-02
3.8662e-02
3.7455e-02
3.5928e-02
3.4196e-02
3.1968e-02
2.9187e-02
2.6172e-02
2.3060e-02
1.9937e-02
1.7179e-02
1.5003e-02
1.3635e-02
1.3118e-02
1.2959e-02
1.2617e-02
1.2044e-02
1.1698e-02
1.1577e-02
1.1334e-02
1.0848e-02
1.0026e-02
8.6574e-03
6.5408e-03
3.3352e-03
-1.1301e-03
-6.8924e-03
-1.3462e-02
-2.0191e-02
-2.6563e-02
-3.2853e-02
-3.9234e-02
-4.5137e-02
-4.9787e-02
-5.2959e-02
-5.5020e-02
-5.6450e-02
-5.7133e-02
-5.6592e-02
-5.4545e-02
-5.0981e-02
-4.6163e-02
-4.0748e-02
-3.5526e-02
-3.0949e-02
-2.6786e-02
-2.3037e-02
-1.9803e-02
-1.7183e-02
-1.4942e-02
-1.2544e-02
-9.4880e-03
-5.9623e-03
-2.4406e-03
7.6980e-04
3.6375e-03
6.1692e-03
8.3453e-03
1.0301e-02
1.2158e-02
1.3650e-02
1.4473e-02
1.4791e-02
1.5053e-02
1.5583e-02
1.6696e-02
1.8577e-02
2.1082e-02
2.3918e-02
2.6730e-02
2.9145e-02
3.0803e-02
3.1303e-02
3.0456e-02
2.8631e-02
2.6297e-02
2.3730e-02
2.1184e-02
1.8916e-02
1.7224e-02
1.6156e-02
1.5700e-02
1.5825e-02
1.6262e-02
1.6696e-02
1.7262e-02
1.8130e-02
1.9425e-02
2.0999e-02
2.2686e-02
2.4541e-02
2.6637e-02
2.8832e-02
3.0831e-02
3.2299e-02
3.3139e-02
3.3392e-02
3.2986e-02
3.1968e-02
3.0447e-02
2.8493e-02
2.6341e-02
2.4576e-02
2.3827e-02
2.4083e-02
2.4935e-02
2.6058e-02
2.7352e-02
2.8701e-02
2.9753e-02
3.0045e-02
2.9348e-02
2.7619e-02
2.4861e-02
2.1320e-02
1.7282e-02
1.3075e-02
8.7807e-03
4.5056e-03
5.5061e-04
-2.8994e-03
-6.0161e-03
-8.8781e-03
-1.1269e-02
-1.2879e-02
-1.3625e-02
-1.3852e-02
-1.3885e-02
-1.4014e-02
-1.4408e-02
-1.5223e-02
-1.6516e-02
-1.8289e-02
-2.0632e-02
-2.3652e-02
-2.7518e-02
-3.2040e-02
-3.6799e-02
-4.1425e-02
-4.5457e-02
-4.8374e-02
-4.9732e-02
-4.9706e-02
-4.8989e-02
-4.7877e-02
-4.6152e-02
-4.3701e-02
-4.0683e-02
-3.7314e-02
-3.4018e-02
-3.1180e-02
-2.8874e-02
-2.6964e-02
-2.5408e-02
-2.4272e-02
-2.3753e-02
-2.3674e-02
-2.3659e-02
-2.3450e-02
-2.2937e-02
-2.2027e-02
-2.0567e-02
-1.8435e-02
-1.5662e-02
-1.2517e-02
-9.4910e-03
-7.1667e-03
-5.9800e-03
-6.0049e-03
-6.9056e-03
-8.3528e-03
-1.0148e-02
-1.2120e-02
-1.3948e-02
-1.5194e-02
-1.5440e-02
-1.4472e-02
-1.2443e-02
-9.7249e-03
-6.8538e-03
-4.3724e-03
-2.5739e-03
-1.6736e-03
-1.7354e-03
-2.9189e-03
-5.2569e-03
-8.5127e-03
-1.2250e-02
-1.5949e-02
-1.8905e-02
-2.0865e-02
-2.1642e-02
-2.1476e-02
-2.0473e-02
-1.8663e-02
-1.6383e-02
-1.3924e-02
-1.1421e-02
-8.7862e-03
-5.9997e-03
-3.3115e-03
-1.0188e-03
7.6935e-04
2.0995e-03
2.8789e-03
3.1078e-03
3.1138e-03
3.0607e-03
3.0389e-03
3.3691e-03
4.3324e-03
6.0263e-03
8.2975e-03
1.0878e-02
1.3503e-02
1.5803e-02
1.7634e-02
1.9018e-02
2.0228e-02
2.1552e-02
2.3156e-02
2.4893e-02
2.6379e-02
2.7179e-02
2.7077e-02
2.5874e-02
2.3517e-02
2.0474e-02
1.7470e-02
1.5070e-02
1.3641e-02
1.3138e-02
1.3362e-02
1.4169e-02
1.5266e-02
1.6342e-02
1.7063e-02
1.7064e-02
1.6138e-02
1.4234e-02
1.1417e-02
7.8475e-03
3.8180e-03
8.3135e-05
-2.5660e-03
-3.5983e-03
-2.8681e-03
-5.0015e-04
3.0593e-03
7.3130e-03
1.1794e-02
1.6113e-02
2.0185e-02
2.4000e-02
2.7532e-02
3.0732e-02
3.3574e-02
3.6087e-02
3.8343e-02
4.0466e-02
4.2346e-02
4.3721e-02
4.4333e-02
4.3949e-02
4.2613e-02
4.0288e-02
3.6976e-02
3.2760e-02
2.7744e-02
2.2333e-02
1.7185e-02
1.2857e-02
9.6174e-03
7.4126e-03
6.1902e-03
5.8535e-03
6.0893e-03
6.6358e-03
7.3068e-03
7.9804e-03
8.3874e-03
8.3811e-03
7.9724e-03
7.1091e-03
5.6314e-03
3.4918e-03
1.0581e-03
-1.2638e-03
-3.0656e-03
-4.1318e-03
-4.4587e-03
-4.3989e-03
-4.5371e-03
-5.2451e-03
-6.5149e-03
-8.0276e-03
-9.3991e-03
-1.0286e-02
-1.0500e-02
-1.0041e-02
-8.9729e-03
-7.4785e-03
-5.8635e-03
-4.3563e-03
-3.1181e-03
-2.3000e-03
-2.0265e-03
-2.3209e-03
-3.1865e-03
-4.6418e-03
-6.4558e-03
-8.3746e-03
-1.0393e-02
-1.2464e-02
-1.4626e-02
-1.6727e-02
-1.8559e-02
-2.0007e-02
-2.0982e-02
-2.1372e-02
-2.1161e-02
-2.0553e-02
-1.9835e-02
-1.9219e-02
-1.8699e-02
-1.8305e-02
-1.8198e-02
-1.8470e-02
-1.9343e-02
-2.0998e-02
-2.3589e-02
-2.7113e-02
-3.1402e-02
-3.6232e-02
-4.1324e-02
-4.6256e-02
-5.0511e-02
-5.3805e-02
-5.5894e-02
-5.6685e-02
-5.6087e-02
-5.3936e-02
-5.0241e-02
-4.5256e-02
-3.9242e-02
-3.2677e-02
-2.6192e-02
-2.0250e-02
-1.5197e-02
-1.1544e-02
-9.3439e-03
-8.5280e-03
-8.8809e-03
-1.0076e-02
-1.1791e-02
-1.3684e-02
-1.5227e-02
-1.5769e-02
-1.4817e-02
-1.2535e-02
-9.5698e-03
-6.4070e-03
-3.1191e-03
3.1527e-04
3.5276e-03
5.9935e-03
7.5310e-03
8.4156e-03
8.8568e-03
8.5722e-03
7.1200e-03
4.3673e-03
7.5038e-04
-3.1299e-03
-6.8683e-03
-1.0263e-02
-1.3223e-02
-1.5597e-02
-1.6939e-02
-1.6680e-02
-1.4729e-02
-1.1648e-02
-8.1645e-03
-4.6986e-03
-1.4257e-03
1.7316e-03
4.9719e-03
8.3248e-03
1.1772e-02
1.5290e-02
1.8833e-02
2.2084e-02
2.4825e-02
2.6985e-02
2.8745e-02
3.0560e-02
3.2857e-02
3.5538e-02
3.8169e-02
4.0188e-02
4.1239e-02
4.1083e-02
3.9401e-02
3.6352e-02
3.2622e-02
2.8990e-02
2.6088e-02
2.4264e-02
2.3692e-02
2.4408e-02
2.6227e-02
2.8797e-02
3.1818e-02
3.4918e-02
3.7531e-02
3.9349e-02
4.0594e-02
4.1086e-02
4.0496e-02
3.8697e-02
3.5899e-02
3.2471e-02
2.8903e-02
2.5511e-02
2.2615e-02
2.0536e-02
1.9423e-02
1.9256e-02
1.9655e-02
2.0025e-02
2.0000e-02
1.9656e-02
1.9107e-02
1.8333e-02
1.7018e-02
1.4882e-02
1.1775e-02
7.8019e-03
3.3658e-03
-9.9816e-04
-4.8579e-03
-8.1306e-03
-1.0886e-02
-1.3274e-02
-1.5304e-02
-1.7056e-02
-1.8816e-02
-2.0724e-02
-2.2691e-02
-2.4371e-02
-2.5478e-02
-2.5923e-02
-2.5637e-02
-2.4696e-02
-2.3433e-02
-2.2154e-02
-2.0999e-02
-2.0178e-02
-1.9925e-02
-2.0370e-02
-2.1177e-02
-2.1863e-02
-2.2293e-02
-2.2316e-02
-2.1698e-02
-2.0318e-02
-1.8489e-02
-1.6604e-02
-1.4719e-02
-1.2805e-02
-1.0931e-02
-9.4053e-03
-8.6351e-03
-8.8647e-03
-1.0024e-02
-1.1757e-02
-1.3607e-02
-1.4998e-02
-1.5536e-02
-1.5202e-02
-1.4185e-02
-1.2812e-02
-1.1464e-02
-1.0586e-02
-1.0371e-02
-1.0829e-02
-1.1730e-02
-1.2928e-02
-1.4292e-02
-1.5651e-02
-1.6621e-02
-1.6911e-02
-1.6500e-02
-1.5368e-02
-1.3550e-02
-1.0910e-02
-7.4158e-03
-3.4060e-03
7.2781e-04
4.6375e-03
8.1504e-03
1.0931e-02
1.2976e-02
1.4295e-02
1.4819e-02
1.4666e-02
1.4390e-02
1.4694e-02
1.6139e-02
1.8729e-02
2.2121e-02
2.5975e-02
2.9814e-02
3.3427e-02
3.6709e-02
3.9528e-02
4.1632e-02
4.2924e-02
4.3330e-02
4.2828e-02
4.1425e-02
3.9085e-02
3.5890e-02
3.2240e-02
2.8526e-02
2.5224e-02
2.2666e-02
2.0669e-02
1.9108e-02
1.7899e-02
1.6777e-02
1.5522e-02
1.4255e-02
1.3021e-02
1.1884e-02
1.1264e-02
1.1711e-02
1.3156e-02
1.5078e-02
1.7008e-02
1.8627e-02
1.9818e-02
2.0709e-02
2.1499e-02
2.2204e-02
2.2646e-02
2.2788e-02
2.2644e-02
2.2303e-02
2.1727e-02
2.0962e-02
2.0154e-02
1.9496e-02
1.9113e-02
1.9035e-02
1.9147e-02
1.9120e-02
1.8602e-02
1.7554e-02
1.6051e-02
1.4353e-02
1.2667e-02
1.1075e-02
9.6782e-03
8.4573e-03
7.4137e-03
6.6441e-03
6.1919e-03
5.7890e-03
5.0148e-03
3.3520e-03
3.5854e-04
-4.2650e-03
-1.0339e-02
-1.7303e-02
-2.4139e-02
-2.9979e-02
-3.4221e-02
-3.6525e-02
-3.6708e-02
-3.4764e-02
-3.1110e-02
-2.6299e-02
-2.1048e-02
-1.6538e-02
-1.3694e-02
-1.2535e-02
-1.2424e-02
-1.2509e-02
-1.2177e-02
-1.1268e-02
-1.0114e-02
-8.9726e-03
-8.1589e-03
-7.8763e-03
-8.1301e-03
-8.8484e-03
-9.8407e-03
-1.0957e-02
-1.2132e-02
-1.3344e-02
-1.4540e-02
-1.5473e-02
-1.5887e-02
-1.5780e-02
-1.5148e-02
-1.3910e-02
-1.2105e-02
-9.9406e-03
-7.7765e-03
-6.0146e-03
-4.9161e-03
-4.5329e-03
-4.5687e-03
-4.6169e-03
-4.2400e-03
-3.1824e-03
-1.3999e-03
1.0912e-03
4.1264e-03
7.4662e-03
1.0851e-02
1.3985e-02
1.6657e-02
1.8751e-02
1.9986e-02
1.9969e-02
1.8516e-02
1.5701e-02
1.1705e-02
6.8667e-03
1.7665e-03
-2.9864e-03
-7.0067e-03
-1.0213e-02
-1.2624e-02
-1.4253e-02
-1.5332e-02
-1.6156e-02
-1.6962e-02
-1.7662e-02
-1.8366e-02
-1.9199e-02
-2.0098e-02
-2.0753e-02
-2.1052e-02
-2.1118e-02
-2.1143e-02
-2.1344e-02
-2.1782e-02
-2.2301e-02
-2.2627e-02
-2.2541e-02
-2.1897e-02
-2.0524e-02
-1.8377e-02
-1.5752e-02
-1.3181e-02
-1.1232e-02
-1.0272e-02
-1.0459e-02
-1.1736e-02
-1.4029e-02
-1.7420e-02
-2.1854e-02
-2.6853e-02
-3.1521e-02
-3.4873e-02
-3.6198e-02
-3.5509e-02
-3.2936e-02
-2.8684e-02
-2.3207e-02
-1.7138e-02
-1.1448e-02
-6.9251e-03
-3.6727e-03
-1.4035e-03
6.9817e-05
6.0217e-04
1.2721e-04
-1.2108e-03
-3.2035e-03
-5.6866e-03
-8.5353e-03
-1.1710e-02
-1.5189e-02
-1.8909e-02
-2.2648e-02
-2.6022e-02
-2.8889e-02
-3.1110e-02
-3.2710e-02
-3.3573e-02
-3.3376e-02
-3.1802e-02
-2.8454e-02
-2.3207e-02
-1.6634e-02
-9.7643e-03
-3.4704e-03
1.9047e-03
5.9721e-03
8.4687e-03
9.6149e-03
9.9617e-03
9.8392e-03
9.4022e-03
8.7303e-03
7.9411e-03
7.0882e-03
6.2788e-03
5.8589e-03
6.0733e-03
7.0762e-03
8.8380e-03
1.1280e-02
1.4302e-02
1.7564e-02
2.0457e-02
2.2585e-02
2.3984e-02
2.4436e-02
2.3717e-02
2.2049e-02
2.0037e-02
1.8177e-02
1.6714e-02
1.5634e-02
1.4689e-02
1.3723e-02
1.2607e-02
1.1051e-02
9.0114e-03
6.8415e-03
4.9933e-03
3.7875e-03
3.4027e-03
3.9283e-03
5.3218e-03
7.4212e-03
9.9401e-03
1.2501e-02
1.4854e-02
1.6778e-02
1.8094e-02
1.8920e-02
1.9569e-02
2.0189e-02
2.0728e-02
2.1279e-02
2.1706e-02
2.1641e-02
2.0732e-02
1.8823e-02
1.6163e-02
1.3260e-02
1.0839e-02
9.3711e-03
8.8836e-03
9.3103e-03
1.0416e-02
1.1892e-02
1.3338e-02
1.4642e-02
1.5639e-02
1.6089e-02
1.6061e-02
1.5853e-02
1.5453e-02
1.4774e-02
1.3914e-02
1.3234e-02
1.2943e-02
1.2967e-02
1.3280e-02
1.3902e-02
1.4819e-02
1.5971e-02
1.7302e-02
1.8526e-02
1.9176e-02
1.8851e-02
1.7363e-02
1.4786e-02
1.1360e-02
7.3826e-03
3.0112e-03
-1.5242e-03
-5.9455e-03
-9.8789e-03
-1.2885e-02
-1.4730e-02
-1.5397e-02
-1.5000e-02
-1.3701e-02
-1.1742e-02
-9.4002e-03
-7.1380e-03
-5.3964e-03
-4.5696e-03
-4.8409e-03
-5.9778e-03
-7.8663e-03
-1.0305e-02
-1.2630e-02
-1.4593e-02
-1.6059e-02
-1.6873e-02
-1.6732e-02
-1.5656e-02
-1.3774e-02
-1.1136e-02
-7.9111e-03
-4.4400e-03
-1.3161e-03
9.7004e-04
2.2260e-03
2.4563e-03
1.7887e-03
5.3125e-04
-9.7615e-04
-2.3590e-03
-3.3715e-03
-3.7087e-03
-3.1801e-03
-1.8779e-03
-9.5433e-06
2.2076e-03
4.3661e-03
6.2140e-03
7.4642e-03
8.0070e-03
7.8816e-03
7.1584e-03
6.0598e-03
4.6471e-03
3.0077e-03
1.2567e-03
-2.7211e-04
-1.1768e-03
-1.2728e-03
-6.1211e-04
5.9574e-04
2.1840e-03
4.0593e-03
6.0523e-03
7.9985e-03
9.7212e-03
1.1236e-02
1.2537e-02
1.3555e-02
1.4264e-02
1.4451e-02
1.4032e-02
1.2965e-02
1.1095e-02
8.3710e-03
4.9162e-03
9.8011e-04
-3.0134e-03
-6.5592e-03
-9.3479e-03
-1.1394e-02
-1.2723e-02
-1.3246e-02
-1.2982e-02
-1.2300e-02
-1.1771e-02
-1.1663e-02
-1.2125e-02
-1.3097e-02
-1.4493e-02
-1.6436e-02
-1.8978e-02
-2.1869e-02
-2.4740e-02
-2.7503e-02
-3.0146e-02
-3.2460e-02
-3.4252e-02
-3.5201e-02
-3.5030e-02
-3.3711e-02
-3.1170e-02
-2.7673e-02
-2.3634e-02
-1.9402e-02
-1.5164e-02
-1.1285e-02
-8.2146e-03
-6.5481e-03
-6.8140e-03
-8.9562e-03
-1.2378e-02
-1.6200e-02
-1.9624e-02
-2.2387e-02
-2.4542e-02
-2.6012e-02
-2.6842e-02
-2.7315e-02
-2.7874e-02
-2.8526e-02
-2.9115e-02
-2.9614e-02
-2.9953e-02
-3.0009e-02
-2.9677e-02
-2.8928e-02
-2.7966e-02
-2.7053e-02
-2.6168e-02
-2.5136e-02
-2.3594e-02
-2.1202e-02
-1.7804e-02
-1.3672e-02
-9.3073e-03
-5.1932e-03
-1.6452e-03
1.2664e-03
3.7118e-03
5.9211e-03
8.1437e-03
1.0457e-02
1.2502e-02
1.3845e-02
1.4142e-02
1.3311e-02
1.1515e-02
8.8565e-03
5.5649e-03
1.9789e-03
-1.5216e-03
-4.3745e-03
-6.1585e-03
-6.7161e-03
-6.0609e-03
-4.3990e-03
-2.0839e-03
4.0827e-04
2.6678e-03
4.4457e-03
5.4576e-03
5.8514e-03
5.9852e-03
5.8780e-03
5.6230e-03
5.5617e-03
6.0051e-03
7.1729e-03
9.1451e-03
1.1827e-02
1.4894e-02
1.7789e-02
1.9979e-02
2.1189e-02
2.1439e-02
2.0942e-02
1.9969e-02
1.8972e-02
1.8372e-02
1.8305e-02
1.8629e-02
1.9087e-02
1.9541e-02
2.0026e-02
2.0522e-02
2.0944e-02
2.1411e-02
2.2018e-02
2.2756e-02
2.3704e-02
2.4771e-02
2.5876e-02
2.6805e-02
2.7488e-02
2.7965e-02
2.8174e-02
2.7915e-02
2.6927e-02
2.5109e-02
2.2597e-02
1.9586e-02
1.6442e-02
1.3478e-02
1.0860e-02
8.7218e-03
7.0928e-03
6.0641e-03
5.5902e-03
5.5562e-03
5.7414e-03
6.0308e-03
6.4069e-03
6.9901e-03
7.9103e-03
9.1657e-03
1.0589e-02
1.2178e-02
1.3669e-02
1.4592e-02
1.4601e-02
1.3851e-02
1.2635e-02
1.1539e-02
1.1031e-02
1.1355e-02
1.2341e-02
1.3683e-02
1.5174e-02
1.6824e-02
1.8499e-02
1.9804e-02
2.0447e-02
2.0624e-02
2.0530e-02
2.0317e-02
2.0225e-02
2.0222e-02
1.9965e-02
1.9036e-02
1.7125e-02
1.4141e-02
1.0274e-02
5.9070e-03
1.6795e-03
-1.8814e-03
-4.5098e-03
-6.2599e-03
-7.1190e-03
-7.1548e-03
-6.6901e-03
-6.1079e-03
-5.8268e-03
-5.9115e-03
-6.0105e-03
-5.8711e-03
-5.3190e-03
-4.2423e-03
-2.6983e-03
-9.1509e-04
9.2183e-04
2.6495e-03
3.8613e-03
4.1921e-03
3.6982e-03
2.6178e-03
1.2545e-03
-2.8278e-04
-1.9689e-03
-3.6255e-03
-4.9950e-03
-5.9264e-03
-6.5358e-03
-7.0328e-03
-7.5825e-03
-8.0835e-03
-8.3002e-03
-8.0257e-03
-7.1467e-03
-5.8392e-03
-4.4905e-03
-3.4025e-03
-2.6490e-03
-2.2112e-03
-2.0913e-03
-2.1215e-03
-2.1108e-03
-1.9420e-03
-1.6210e-03
-1.3493e-03
-1.2764e-03
-1.3379e-03
-1.3596e-03
-1.2760e-03
-1.0981e-03
-8.5276e-04
-4.9359e-04
7.4037e-05
8.2198e-04
1.4577e-03
1.7520e-03
1.6323e-03
1.0178e-03
-6.7732e-05
-1.5665e-03
-3.4566e-03
-5.5173e-03
-7.4298e-03
-8.8732e-03
-9.7989e-03
-1.0217e-02
-1.0086e-02
-9.2751e-03
-7.6785e-03
-5.6008e-03
-3.5152e-03
-1.9081e-03
-9.0120e-04
-6.0967e-04
-1.2840e-03
-2.9535e-03
-5.5430e-03
-8.6762e-03
-1.1918e-02
-1.5086e-02
-1.8000e-02
-2.0439e-02
-2.2043e-02
-2.2502e-02
-2.1645e-02
-1.9435e-02
-1.6139e-02
-1.2206e-02
-8.1743e-03
-4.6639e-03
-2.1175e-03
-7.2905e-04
-3.5686e-04
-5.8456e-04
-1.3285e-03
-2.5388e-03
-3.9458e-03
-5.2594e-03
-6.2740e-03
-6.7019e-03
-6.2077e-03
-4.9292e-03
-3.3027e-03
-1.6819e-03
-2.1240e-04
9.1340e-04
1.3462e-03
8.3401e-04
-5.3058e-04
-2.3978e-03
-4.5019e-03
-6.6279e-03
-8.4963e-03
-9.9792e-03
-1.1123e-02
-1.1922e-02
-1.2265e-02
-1.2248e-02
-1.2014e-02
-1.1690e-02
-1.1251e-02
-1.0746e-02
-1.0267e-02
-9.8112e-03
-9.4320e-03
-9.0541e-03
-8.4523e-03
-7.3988e-03
-5.9351e-03
-4.2530e-03
-2.6093e-03
-1.1514e-03
5.8900e-05
1.0736e-03
1.7929e-03
1.9283e-03
1.3400e-03
1.3383e-04
-1.3142e-03
-2.4857e-03
-3.0221e-03
-2.8927e-03
-2.2301e-03
-1.4176e-03
-6.7771e-04
-2.2338e-04
-2.3487e-04
-8.6483e-04
-2.0499e-03
-3.4756e-03
-4.6458e-03
-5.3096e-03
-5.2930e-03
-4.4883e-03
-2.8624e-03
-7.0545e-04
1.4762e-03
3.2927e-03
4.4439e-03
4.7061e-03
4.0058e-03
2.5080e-03
7.1023e-04
-8.8237e-04
-2.3737e-03
-3.6960e-03
-4.6650e-03
-4.8279e-03
-3.9712e-03
-2.0894e-03
6.8363e-04
4.1205e-03
7.9877e-03
1.1980e-02
1.5909e-02
1.9352e-02
2.1886e-02
2.3207e-02
2.3341e-02
2.2464e-02
2.0692e-02
1.8087e-02
1.4960e-02
1.1425e-02
7.7272e-03
4.2659e-03
1.3559e-03
-8.8024e-04
-2.5232e-03
-3.7299e-03
-4.6349e-03
-5.2655e-03
-5.7746e-03
-6.2191e-03
-6.3463e-03
-6.0978e-03
-5.4794e-03
-4.3540e-03
-2.7547e-03
-9.7824e-04
7.3995e-04
2.4723e-03
4.1466e-03
5.5306e-03
6.5434e-03
7.2284e-03
7.6717e-03
7.8871e-03
7.8452e-03
7.6699e-03
7.4341e-03
7.1990e-03
7.0104e-03
6.8661e-03
6.7073e-03
6.3334e-03
5.6848e-03
4.8274e-03
3.7364e-03
2.3647e-03
7.2054e-04
-9.3787e-04
-2.3749e-03
-3.4199e-03
-4.0603e-03
-4.4007e-03
-4.6958e-03
-4.9786e-03
-4.9883e-03
-4.5532e-03
-3.7396e-03
-2.6191e-03
-1.3352e-03
-8.3382e-05
1.0733e-03
2.2424e-03
3.2726e-03
3.9995e-03
4.4317e-03
4.8424e-03
5.4305e-03
6.2157e-03
7.0680e-03
7.7123e-03
8.2890e-03
8.8045e-03
9.1841e-03
9.3452e-03
9.2308e-03
8.7784e-03
8.0445e-03
7.2546e-03
6.5860e-03
6.0116e-03
5.4648e-03
4.9387e-03
4.3966e-03
3.7575e-03
3.0741e-03
2.4916e-03
2.1637e-03
2.1405e-03
2.3643e-03
2.6945e-03
2.9334e-03
2.8301e-03
2.2059e-03
1.1116e-03
-2.7594e-04
-1.8868e-03
-3.5054e-03
-4.8803e-03
-5.7271e-03
-6.0990e-03
-6.2974e-03
-6.4980e-03
-6.7720e-03
-7.1686e-03
-7.6225e-03
-7.9920e-03
-8.0535e-03
-7.5551e-03
-6.3819e-03
-4.7121e-03
-2.9588e-03
-1.5086e-03
-7.1335e-04
-7.5191e-04
-1.6120e-03
-3.1317e-03
-4.9193e-03
-6.3612e-03
-6.9543e-03
-6.4424e-03
-4.9278e-03
-2.8634e-03
-7.5646e-04
1.0200e-03
2.1581e-03
2.6545e-03
2.5741e-03
2.0559e-03
1.2777e-03
3.9552e-04
-5.7077e-04
-1.5789e-03
-2.5961e-03
-3.5783e-03
-4.3822e-03
-5.1075e-03
-5.7105e-03
-6.2742e-03
-6.7830e-03
-7.3375e-03
-8.0021e-03
-8.8569e-03
-9.8858e-03
-1.0902e-02
-1.1825e-02
-1.2566e-02
-1.3155e-02
-1.3715e-02
-1.4189e-02
-1.4181e-02
-1.3607e-02
-1.2530e-02
-1.0955e-02
-9.0877e-03
-7.1890e-03
-5.2999e-03
-3.4856e-03
-1.8096e-03
-2.7442e-04
1.1937e-03
2.6834e-03
3.9951e-03
4.8926e-03
5.2436e-03
5.1744e-03
4.8880e-03
4.5519e-03
4.1357e-03
3.6132e-03
2.9239e-03
2.0834e-03
1.2080e-03
5.0229e-04
-1.0880e-04
-6.8709e-04
-1.0530e-03
-1.1354e-03
-1.0378e-03
-8.0253e-04
-3.6067e-04
3.0943e-04
1.0517e-03
1.7794e-03
2.4324e-03
2.8974e-03
3.2216e-03
3.5568e-03
4.0483e-03
4.7624e-03
5.5937e-03
6.1915e-03
6.2192e-03
5.4840e-03
4.0605e-03
2.2571e-03
1.8611e-04
-1.8387e-03
-3.4899e-03
-4.4831e-03
-4.6241e-03
-4.1062e-03
-3.1436e-03
-2.0200e-03
-1.1866e-03
-8.9427e-04
-9.8404e-04
-1.2810e-03
-1.5874e-03
-1.6608e-03
-1.3599e-03
-7.1374e-04
2.1239e-04
1.2474e-03
2.3668e-03
3.4789e-03
4.4858e-03
5.4016e-03
6.1970e-03
6.6733e-03
6.7828e-03
6.6378e-03
6.4949e-03
6.6290e-03
7.0632e-03
7.7887e-03
8.9253e-03
1.0445e-02
1.2046e-02
1.3610e-02
1.4907e-02
1.5723e-02
1.5983e-02
1.5770e-02
1.5200e-02
1.4359e-02
1.3481e-02
1.2559e-02
1.1697e-02
1.1135e-02
1.0940e-02
1.1107e-02
1.1530e-02
1.2075e-02
1.2631e-02
1.3125e-02
1.3483e-02
1.3710e-02
1.3760e-02
1.3625e-02
1.3358e-02
1.3022e-02
1.2732e-02
1.2435e-02
1.2048e-02
1.1505e-02
1.0779e-02
9.8997e-03
8.7337e-03
7.1846e-03
5.2225e-03
3.0876e-03
1.1226e-03
-5.9934e-04
-2.1525e-03
-3.7149e-03
-5.2789e-03
-6.6412e-03
-7.8390e-03
-8.9455e-03
-1.0103e-02
-1.1274e-02
-1.2341e-02
-1.3048e-02
-1.2972e-02
-1.1829e-02
-9.8417e-03
-7.3953e-03
-4.7758e-03
-2.1392e-03
2.2723e-04
2.0931e-03
3.3623e-03
3.9285e-03
3.7602e-03
2.9568e-03
1.6057e-03
-2.7729e-04
-2.7887e-03
-5.6973e-03
-8.5411e-03
-1.1084e-02
-1.3449e-02
-1.5593e-02
-1.7303e-02
-1.8523e-02
-1.9234e-02
-1.9565e-02
-1.9519e-02
-1.9152e-02
-1.8474e-02
-1.7357e-02
-1.5793e-02
-1.4048e-02
-1.2504e-02
-1.1361e-02
-1.0494e-02
-9.9390e-03
-9.7072e-03
-9.6761e-03
-9.7583e-03
-9.9966e-03
-1.0505e-02
-1.1240e-02
-1.2022e-02
-1.2746e-02
-1.3328e-02
-1.3466e-02
-1.2969e-02
-1.1974e-02
-1.0831e-02
-9.5585e-03
-8.3207e-03
-7.3310e-03
-6.6914e-03
-6.5048e-03
-6.6426e-03
-6.8858e-03
-7.1201e-03
-7.3249e-03
-7.5668e-03
-7.9122e-03
-8.3405e-03
-8.7970e-03
-9.2136e-03
-9.5126e-03
-9.6280e-03
-9.4441e-03
-8.7916e-03
-7.5950e-03
-6.1468e-03
-4.5845e-03
-3.1812e-03
-2.2058e-03
-1.8352e-03
-2.0895e-03
-2.8452e-03
-3.8490e-03
-4.8340e-03
-5.6851e-03
-6.4958e-03
-7.2926e-03
-8.1003e-03
-9.0775e-03
-1.0151e-02
-1.1212e-02
-1.2291e-02
-1.3417e-02
-1.4422e-02
-1.5025e-02
-1.5000e-02
-1.4330e-02
-1.3244e-02
-1.2074e-02
-1.1078e-02
-1.0434e-02
-1.0190e-02
-1.0096e-02
-9.8539e-03
-9.2909e-03
-8.4469e-03
-7.2469e-03
-5.7631e-03
-4.1650e-03
-2.6424e-03
-1.2913e-03
-2.0967e-04
5.3697e-04
9.9100e-04
1.1324e-03
1.1498e-03
1.2171e-03
1.4048e-03
1.6667e-03
1.9235e-03
2.2798e-03
2.7863e-03
3.4972e-03
4.3415e-03
5.3129e-03
6.4821e-03
7.5255e-03
8.1346e-03
8.0943e-03
7.4370e-03
6.1821e-03
4.4371e-03
2.5050e-03
7.3144e-04
-6.6402e-04
-1.5695e-03
-1.9816e-03
-1.8671e-03
-1.2492e-03
-3.9317e-04
6.7401e-04
1.8606e-03
3.1826e-03
4.6640e-03
6.4065e-03
8.3796e-03
1.0380e-02
1.2125e-02
1.3354e-02
1.3989e-02
1.3964e-02
1.3301e-02
1.2097e-02
1.0574e-02
8.8830e-03
7.1757e-03
5.7271e-03
4.6753e-03
4.1084e-03
3.9642e-03
4.1428e-03
4.5022e-03
4.9830e-03
5.4392e-03
5.8114e-03
5.9674e-03
5.8082e-03
5.3645e-03
4.6939e-03
3.8608e-03
3.0708e-03
2.4238e-03
2.0316e-03
1.9655e-03
2.1538e-03
2.4385e-03
2.6463e-03
2.9540e-03
3.3825e-03
3.9646e-03
4.7418e-03
5.7304e-03
6.8717e-03
8.1112e-03
9.4616e-03
1.0846e-02
1.2097e-02
1.3053e-02
1.3616e-02
1.3709e-02
1.3370e-02
1.2658e-02
1.1651e-02
1.0399e-02
8.9777e-03
7.4938e-03
5.8913e-03
4.2342e-03
2.5396e-03
9.1793e-04
-5.8802e-04
-1.8432e-03
-2.6488e-03
-2.9533e-03
-2.8588e-03
-2.5271e-03
-2.0743e-03
-1.5841e-03
-1.0905e-03
-5.6780e-04
-7.8532e-06
6.9416e-04
1.5019e-03
2.4685e-03
3.5843e-03
4.7094e-03
5.6757e-03
6.2576e-03
6.2805e-03
5.7788e-03
4.8593e-03
3.7086e-03
2.4450e-03
1.2891e-03
3.4694e-04
-3.5086e-04
-8.7947e-04
-1.2232e-03
-1.2069e-03
-6.5584e-04
5.0216e-04
2.2378e-03
4.4075e-03
6.6095e-03
8.4830e-03
9.7417e-03
1.0275e-02
1.0125e-02
9.3137e-03
7.9072e-03
6.0456e-03
4.0632e-03
2.2914e-03
9.3512e-04
1.8048e-04
8.4676e-05
5.9313e-04
1.4718e-03
2.6745e-03
4.0922e-03
5.5482e-03
6.9638e-03
8.2420e-03
9.2667e-03
1.0066e-02
1.0587e-02
1.0836e-02
1.0722e-02
1.0267e-02
9.4980e-03
8.4626e-03
7.3866e-03
6.3060e-03
5.3567e-03
4.7216e-03
4.5151e-03
4.6043e-03
4.8230e-03
5.0974e-03
5.3181e-03
5.4117e-03
5.4029e-03
5.2881e-03
5.0338e-03
4.5293e-03
3.8132e-03
2.9510e-03
1.9221e-03
7.9479e-04
-3.5814e-04
-1.4393e-03
-2.3950e-03
-3.1787e-03
-3.8140e-03
-4.1906e-03
-4.1531e-03
-3.7471e-03
-3.0947e-03
-2.2510e-03
-1.3541e-03
-5.7741e-04
-1.2474e-04
-5.7760e-05
-1.6298e-04
-3.8899e-04
-7.9407e-04
-1.3860e-03
-2.1549e-03
-3.0859e-03
-4.0443e-03
-4.9048e-03
-5.5742e-03
-5.8362e-03
-5.7028e-03
-5.2994e-03
-5.1110e-03
-4.5693e-03
-4.0587e-03
-3.6362e-03
-3.3423e-03
-3.2164e-03
-3.3496e-03
-3.6876e-03
-4.2406e-03
-5.1012e-03
-6.2503e-03
-7.5768e-03
-8.8659e-03
-9.8696e-03
-1.0481e-02
-1.0758e-02
-1.0744e-02
-1.0437e-02
-9.8890e-03
-9.1190e-03
-8.1417e-03
-7.1388e-03
-6.3425e-03
-5.8488e-03
-5.4764e-03
-5.1021e-03
-4.6884e-03
-4.1421e-03
-3.5168e-03
-2.9772e-03
-2.6140e-03
-2.4490e-03
-2.3732e-03
-2.3407e-03
-2.3564e-03
-2.3288e-03
-2.2983e-03
-2.2528e-03
-2.1802e-03
-2.1094e-03
-2.1693e-03
-2.4973e-03
-3.2606e-03
-4.2380e-03
-5.3293e-03
-6.4467e-03
-7.3736e-03
-7.9797e-03
-8.2142e-03
-8.0940e-03
-7.7292e-03
-7.2799e-03
-6.9273e-03
-6.7439e-03
-6.7197e-03
-6.7979e-03
-6.9239e-03
-7.1213e-03
-7.3228e-03
-7.4834e-03
-7.5501e-03
-7.3852e-03
-6.8929e-03
-6.0038e-03
-4.7030e-03
-3.0363e-03
-1.2255e-03
5.5534e-04
2.0910e-03
3.2429e-03
3.8641e-03
3.9685e-03
3.5971e-03
2.8465e-03
1.8504e-03
6.0513e-04
-8.1546e-04
-2.2186e-03
-3.5452e-03
-4.6249e-03
-5.2499e-03
-5.4555e-03
-5.3272e-03
-4.9370e-03
-4.3066e-03
-3.5648e-03
-2.6945e-03
-1.7223e-03
-5.8317e-04
7.7257e-04
2.2134e-03
3.6247e-03
4.8120e-03
5.6408e-03
6.1146e-03
6.2531e-03
6.1496e-03
6.0316e-03
6.0079e-03
6.0161e-03
6.0515e-03
6.1077e-03
6.1706e-03
6.1744e-03
6.0079e-03
5.6539e-03
5.1160e-03
4.4074e-03
3.6291e-03
2.7335e-03
1.7223e-03
6.8562e-04
-3.0142e-04
-1.1728e-03
-1.8242e-03
-2.0940e-03
-1.8409e-03
-1.0049e-03
3.8027e-04
2.1777e-03
4.1402e-03
5.9833e-03
7.3862e-03
8.2325e-03
8.6277e-03
8.6391e-03
8.3675e-03
7.9073e-03
7.3142e-03
6.5817e-03
5.7774e-03
5.0248e-03
4.4177e-03
4.0569e-03
3.9609e-03
4.0557e-03
4.1855e-03
4.1072e-03
3.7387e-03
3.0492e-03
1.9761e-03
5.9632e-04
-9.7913e-04
-2.6037e-03
-4.1348e-03
-5.4266e-03
-6.3531e-03
-6.8820e-03
-7.0459e-03
-6.9166e-03
-6.5699e-03
-6.0083e-03
-5.3521e-03
-4.7136e-03
-4.0708e-03
-3.4079e-03
-2.7288e-03
-2.1120e-03
-1.5339e-03
-9.9793e-04
-5.5584e-04
-2.6412e-04
-1.0551e-04
-4.9539e-05
-8.6011e-05
-1.9588e-04
-3.2772e-04
-4.6528e-04
-5.8577e-04
-6.3540e-04
-6.2278e-04
-5.4048e-04
-4.0542e-04
-2.1620e-04
3.7247e-05
3.8031e-04
8.3072e-04
1.2873e-03
1.5926e-03
1.6962e-03
1.5607e-03
1.2013e-03
6.6440e-04
8.1610e-06
-6.8734e-04
-1.3320e-03
-1.8649e-03
-2.2834e-03
-2.6353e-03
-2.9661e-03
-3.2506e-03
-3.5898e-03
-4.0674e-03
-4.7036e-03
-5.4569e-03
-6.1875e-03
-6.7150e-03
-6.8527e-03
-6.5254e-03
-5.8195e-03
-4.8716e-03
-3.8566e-03
-2.9116e-03
-2.0673e-03
-1.3306e-03
-6.6229e-04
-7.4969e-05
4.9375e-04
1.0640e-03
1.5603e-03
1.8885e-03
2.0054e-03
1.9600e-03
1.7979e-03
1.5907e-03
1.4064e-03
1.3110e-03
1.2844e-03
1.2874e-03
1.2938e-03
1.2962e-03
1.2567e-03
1.1578e-03
1.0130e-03
8.4083e-04
6.8040e-04
6.0935e-04
6.7387e-04
8.7327e-04
1.1943e-03
1.6297e-03
2.1501e-03
2.7291e-03
3.3148e-03
3.8830e-03
4.3986e-03
4.8384e-03
5.1772e-03
5.4106e-03
5.5519e-03
5.5942e-03
5.5615e-03
5.4593e-03
5.2757e-03
4.9902e-03
4.5808e-03
4.0683e-03
3.5178e-03
3.0041e-03
2.5670e-03
2.2199e-03
1.9862e-03
1.8780e-03
1.8700e-03
1.9142e-03
1.9507e-03
1.9399e-03
1.8587e-03
1.7193e-03
1.5369e-03
1.3245e-03
1.1123e-03
9.3158e-04
7.8804e-04
6.8951e-04
6.3562e-04
6.2153e-04
6.4108e-04
6.9239e-04
7.7801e-04
8.9911e-04
1.0342e-03
1.1719e-03
1.3226e-03
1.4955e-03
1.6878e-03
1.8768e-03
2.0304e-03
2.1381e-03
2.2145e-03
2.2743e-03
2.3089e-03
2.2963e-03
2.2189e-03
2.0766e-03
1.8846e-03
1.6408e-03
1.3700e-03
1.1007e-03
8.6729e-04
6.9682e-04
6.0050e-04
5.7658e-04
5.9949e-04
6.4595e-04
6.9691e-04
7.3637e-04
7.5249e-04
7.4763e-04
7.2045e-04
6.8444e-04
6.4608e-04
6.0647e-04
5.6552e-04
5.2213e-04
4.8042e-04
4.3884e-04
3.9506e-04
3.4731e-04
3.0182e-04
2.6653e-04
2.4349e-04
2.3391e-04
2.3578e-04
2.4157e-04
2.4015e-04
2.2477e-04
1.9690e-04
1.6341e-04
1.2660e-04
9.0606e-05
5.8553e-05
3.0273e-05
7.8583e-07
-3.6806e-05
-8.4935e-05
-1.4250e-04
-2.0485e-04
-2.6382e-04
-3.1385e-04
-3.5285e-04
-3.7926e-04
-3.9432e-04
-4.0023e-04
-3.9999e-04
-3.9601e-04
-3.9072e-04
-3.8626e-04
-3.8375e-04
-3.8353e-04
-3.8582e-04
-3.9119e-04
-4.0061e-04
-4.1395e-04
-4.3183e-04
-4.5421e-04
-4.7981e-04
-5.0648e-04
-5.3200e-04
-5.5493e-04
-5.7539e-04
-5.9434e-04
-6.1245e-04
-6.2970e-04
-6.4566e-04
-6.6052e-04
-6.7448e-04
-6.8792e-04
-7.0109e-04
-7.1428e-04
-7.2744e-04
-7.4046e-04
-7.5337e-04
-7.6612e-04
-7.7847e-04
-7.9045e-04
-8.0225e-04
-8.1395e-04
-8.2548e-04
-8.3682e-04
-8.4794e-04
-8.5884e-04
-8.6963e-04
-8.8045e-04
-8.9131e-04
-9.0216e-04
-9.1296e-04
-9.2366e-04
-9.3422e-04
-9.4460e-04
-9.5478e-04
-9.6474e-04
-9.7450e-04
-9.8407e-04
-9.9346e-04
-1.0027e-03
-1.0118e-03
-1.0208e-03
-1.0296e-03
-1.0383e-03
-1.0469e-03
-1.0553e-03
-1.0636e-03
-1.0717e-03
-1.0796e-03
-1.0874e-03
-1.0950e-03
-1.1025e-03
-1.1098e-03
-1.1170e-03
