9.5692e-04
9.5697e-04
9.5702e-04
9.5702e-04
9.5699e-04
9.5695e-04
9.5686e-04
9.5675e-04
9.5659e-04
9.5644e-04
9.5627e-04
9.5618e-04
9.5624e-04
9.5653e-04
9.5698e-04
9.5750e-04
9.5800e-04
9.5857e-04
9.5927e-04
9.6023e-04
9.6147e-04
9.6306e-04
9.6537e-04
9.6885e-04
9.7329e-04
9.7805e-04
9.8266e-04
9.8691e-04
9.8925e-04
9.8779e-04
9.8168e-04
9.7134e-04
9.5754e-04
9.4119e-04
9.2601e-04
9.1511e-04
9.0427e-04
8.8643e-04
8.6174e-04
8.3040e-04
7.9083e-04
7.4151e-04
6.8324e-04
6.2580e-04
5.7948e-04
5.4659e-04
5.2129e-04
4.9613e-04
4.7330e-04
4.6658e-04
4.8753e-04
5.3547e-04
5.9447e-04
6.5664e-04
7.3502e-04
8.3601e-04
9.3966e-04
1.0176e-03
1.0690e-03
1.1064e-03
1.1242e-03
1.1277e-03
1.1283e-03
1.1597e-03
1.2442e-03
1.3602e-03
1.5031e-03
1.6652e-03
1.8089e-03
1.9023e-03
1.9445e-03
1.9599e-03
1.9664e-03
1.9258e-03
1.8177e-03
1.6818e-03
1.5250e-03
1.3522e-03
1.2086e-03
1.1340e-03
1.1280e-03
1.1582e-03
1.1882e-03
1.1993e-03
1.1931e-03
1.1660e-03
1.0554e-03
8.3509e-04
5.4384e-04
2.2702e-04
-5.0988e-05
-2.2903e-04
-2.9734e-04
-2.9788e-04
-2.8701e-04
-2.9931e-04
-3.0821e-04
-2.0110e-04
3.9880e-05
2.9742e-04
4.5153e-04
4.8661e-04
4.9219e-04
5.2401e-04
6.5434e-04
8.3421e-04
9.6327e-04
1.0589e-03
1.1636e-03
1.2691e-03
1.3462e-03
1.3806e-03
1.3822e-03
1.3727e-03
1.3690e-03
1.3330e-03
1.1203e-03
7.0246e-04
1.6618e-04
-3.9216e-04
-8.2570e-04
-9.8854e-04
-9.6494e-04
-9.4138e-04
-1.0071e-03
-1.1381e-03
-1.2649e-03
-1.3368e-03
-1.3529e-03
-1.4292e-03
-1.7164e-03
-2.0875e-03
-2.2912e-03
-2.1793e-03
-1.8547e-03
-1.5517e-03
-1.4272e-03
-1.3927e-03
-1.1236e-03
-4.3303e-04
6.2204e-04
1.8463e-03
2.9804e-03
3.9325e-03
4.6368e-03
5.0411e-03
5.1910e-03
5.2679e-03
5.4847e-03
5.7760e-03
5.8998e-03
5.7959e-03
5.5899e-03
5.2958e-03
4.7823e-03
4.0163e-03
3.0392e-03
1.9809e-03
9.1454e-04
5.2299e-05
-4.2165e-04
-5.2049e-04
-4.1955e-04
-3.1300e-04
-2.9781e-04
-2.6734e-04
4.9634e-05
7.2152e-04
1.4696e-03
1.9659e-03
2.0961e-03
2.0072e-03
2.1238e-03
2.7695e-03
3.9408e-03
5.3682e-03
6.5457e-03
7.1032e-03
6.8489e-03
5.8820e-03
4.5134e-03
2.9643e-03
1.4184e-03
-1.4878e-05
-1.3210e-03
-2.4361e-03
-3.2027e-03
-3.5554e-03
-3.6345e-03
-3.9091e-03
-4.8644e-03
-6.4999e-03
-8.4380e-03
-1.0314e-02
-1.1916e-02
-1.2937e-02
-1.3155e-02
-1.2427e-02
-1.0712e-02
-8.3500e-03
-5.8039e-03
-3.4154e-03
-1.1855e-03
1.1499e-03
3.6275e-03
5.9659e-03
7.7356e-03
8.6609e-03
8.8853e-03
9.0080e-03
9.6345e-03
1.0767e-02
1.1901e-02
1.2503e-02
1.2116e-02
1.0789e-02
8.8144e-03
6.3566e-03
3.9085e-03
1.9208e-03
4.4431e-04
-6.2291e-04
-1.5043e-03
-2.3592e-03
-3.3046e-03
-4.2484e-03
-4.9417e-03
-5.2498e-03
-5.2501e-03
-5.1340e-03
-4.9311e-03
-4.2629e-03
-3.0954e-03
-1.7875e-03
-3.6342e-04
1.0690e-03
2.1488e-03
2.6460e-03
2.5010e-03
1.5176e-03
-2.5947e-04
-2.5350e-03
-4.6204e-03
-5.8703e-03
-6.1628e-03
-5.6398e-03
-4.1255e-03
-1.4043e-03
2.3732e-03
6.5088e-03
9.8129e-03
1.1587e-02
1.2206e-02
1.2395e-02
1.2618e-02
1.3093e-02
1.3930e-02
1.4908e-02
1.5649e-02
1.5963e-02
1.5936e-02
1.5794e-02
1.5552e-02
1.4834e-02
1.3536e-02
1.2156e-02
1.1098e-02
1.0145e-02
9.0114e-03
8.0647e-03
7.8992e-03
8.4568e-03
9.0252e-03
8.7138e-03
7.1515e-03
4.8099e-03
2.3948e-03
3.4619e-04
-9.1817e-04
-1.5553e-03
-1.8754e-03
-2.0809e-03
-2.2581e-03
-2.6115e-03
-3.5591e-03
-5.1006e-03
-6.3640e-03
-6.3237e-03
-4.9325e-03
-3.1236e-03
-1.6439e-03
-4.3100e-04
7.8492e-04
2.1029e-03
3.2192e-03
3.6134e-03
3.2882e-03
2.6931e-03
2.2502e-03
1.9277e-03
1.6841e-03
1.7393e-03
2.0807e-03
2.4736e-03
2.7050e-03
2.6573e-03
1.8558e-03
-4.2494e-04
-3.9509e-03
-7.6392e-03
-1.0671e-02
-1.2650e-02
-1.3537e-02
-1.3546e-02
-1.2443e-02
-9.8067e-03
-6.1772e-03
-2.4273e-03
7.7392e-04
3.4173e-03
5.7871e-03
8.3515e-03
1.1482e-02
1.5018e-02
1.8536e-02
2.1657e-02
2.3983e-02
2.5242e-02
2.5633e-02
2.5866e-02
2.6170e-02
2.6283e-02
2.6062e-02
2.5402e-02
2.4605e-02
2.3619e-02
2.2270e-02
2.0925e-02
2.0009e-02
1.9300e-02
1.8143e-02
1.6461e-02
1.4756e-02
1.3000e-02
1.1105e-02
9.3647e-03
7.5574e-03
5.3725e-03
2.6209e-03
-3.5536e-04
-2.6635e-03
-3.7309e-03
-3.7133e-03
-3.2300e-03
-2.7380e-03
-1.7542e-03
4.1893e-04
3.6357e-03
6.8316e-03
8.8699e-03
9.3547e-03
8.4114e-03
6.2766e-03
3.0486e-03
-9.2684e-04
-5.0357e-03
-8.8635e-03
-1.1288e-02
-1.1675e-02
-1.1179e-02
-1.1469e-02
-1.3174e-02
-1.6374e-02
-2.1002e-02
-2.6463e-02
-3.1285e-02
-3.3888e-02
-3.3153e-02
-2.8824e-02
-2.1266e-02
-1.1629e-02
-1.5550e-03
7.4341e-03
1.4446e-02
1.8948e-02
2.0950e-02
2.1213e-02
2.0822e-02
2.0584e-02
2.0744e-02
2.1005e-02
2.0595e-02
1.8896e-02
1.5979e-02
1.2336e-02
8.3605e-03
4.7457e-03
2.1374e-03
1.1902e-03
2.4864e-03
6.4688e-03
1.2838e-02
2.0662e-02
2.8691e-02
3.5831e-02
4.1302e-02
4.4828e-02
4.7234e-02
4.9378e-02
5.1617e-02
5.3775e-02
5.5688e-02
5.7177e-02
5.8066e-02
5.8376e-02
5.8328e-02
5.8190e-02
5.8016e-02
5.7351e-02
5.5546e-02
5.2091e-02
4.6862e-02
3.9971e-02
3.1723e-02
2.2761e-02
1.3970e-02
5.7908e-03
-1.6505e-03
-8.1616e-03
-1.3263e-02
-1.7184e-02
-2.0597e-02
-2.3810e-02
-2.6462e-02
-2.7935e-02
-2.7942e-02
-2.7163e-02
-2.6263e-02
-2.5585e-02
-2.5428e-02
-2.6067e-02
-2.7044e-02
-2.7223e-02
-2.5794e-02
-2.2844e-02
-1.8952e-02
-1.4436e-02
-9.6655e-03
-5.3612e-03
-1.9875e-03
-3.1219e-04
-7.3762e-04
-2.9810e-03
-7.0501e-03
-1.2720e-02
-1.9082e-02
-2.4667e-02
-2.8129e-02
-2.8834e-02
-2.6979e-02
-2.4051e-02
-2.1648e-02
-2.0098e-02
-1.8855e-02
-1.7640e-02
-1.6261e-02
-1.3920e-02
-9.8585e-03
-3.7898e-03
4.2072e-03
1.3054e-02
2.1273e-02
2.7753e-02
3.1757e-02
3.3304e-02
3.3409e-02
3.3547e-02
3.4557e-02
3.6784e-02
4.0489e-02
4.5608e-02
5.1487e-02
5.6993e-02
6.1106e-02
6.2972e-02
6.2146e-02
5.9118e-02
5.3972e-02
4.6396e-02
3.7032e-02
2.7530e-02
1.9489e-02
1.4047e-02
1.1510e-02
1.0909e-02
1.0886e-02
1.1185e-02
1.2029e-02
1.2912e-02
1.2746e-02
1.0680e-02
6.4620e-03
1.1087e-03
-3.0890e-03
-4.1939e-03
-2.2606e-03
1.2311e-03
4.9045e-03
7.7243e-03
9.2277e-03
9.2858e-03
8.6707e-03
8.2827e-03
7.8898e-03
6.6979e-03
4.3151e-03
1.0125e-03
-2.8275e-03
-6.7926e-03
-1.0427e-02
-1.3910e-02
-1.7437e-02
-2.1244e-02
-2.5746e-02
-3.0903e-02
-3.5973e-02
-4.0480e-02
-4.4365e-02
-4.7242e-02
-4.9107e-02
-5.0612e-02
-5.1937e-02
-5.2637e-02
-5.2554e-02
-5.1750e-02
-5.0397e-02
-4.8446e-02
-4.5612e-02
-4.2080e-02
-3.8379e-02
-3.4904e-02
-3.1427e-02
-2.7225e-02
-2.1569e-02
-1.4115e-02
-5.1991e-03
4.4377e-03
1.4340e-02
2.4124e-02
3.3239e-02
4.1103e-02
4.7234e-02
5.1986e-02
5.6015e-02
5.9371e-02
6.1944e-02
6.3703e-02
6.4709e-02
6.5404e-02
6.5788e-02
6.5364e-02
6.4397e-02
6.3255e-02
6.1417e-02
5.8428e-02
5.4487e-02
4.9642e-02
4.4140e-02
3.8530e-02
3.3415e-02
2.9240e-02
2.6024e-02
2.3739e-02
2.2351e-02
2.1368e-02
2.0171e-02
1.7896e-02
1.3858e-02
8.1691e-03
1.8158e-03
-3.6583e-03
-7.6032e-03
-1.0147e-02
-1.1978e-02
-1.3873e-02
-1.5745e-02
-1.6813e-02
-1.6958e-02
-1.6376e-02
-1.5542e-02
-1.5203e-02
-1.5306e-02
-1.5342e-02
-1.5203e-02
-1.5362e-02
-1.6045e-02
-1.7068e-02
-1.8519e-02
-2.0619e-02
-2.3376e-02
-2.6371e-02
-2.8751e-02
-2.9907e-02
-2.9594e-02
-2.7575e-02
-2.4204e-02
-2.0518e-02
-1.7770e-02
-1.6593e-02
-1.6719e-02
-1.7365e-02
-1.7980e-02
-1.8445e-02
-1.8455e-02
-1.7798e-02
-1.6453e-02
-1.4739e-02
-1.2981e-02
-1.1357e-02
-9.5726e-03
-7.4885e-03
-5.6115e-03
-4.7564e-03
-5.5733e-03
-7.7726e-03
-1.0353e-02
-1.2750e-02
-1.4806e-02
-1.6486e-02
-1.7702e-02
-1.7822e-02
-1.6364e-02
-1.3560e-02
-1.0577e-02
-8.9586e-03
-9.3641e-03
-1.1879e-02
-1.6064e-02
-2.0765e-02
-2.4904e-02
-2.8122e-02
-3.0742e-02
-3.3339e-02
-3.6609e-02
-4.1167e-02
-4.7378e-02
-5.5509e-02
-6.5309e-02
-7.5808e-02
-8.5920e-02
-9.4522e-02
-1.0034e-01
-1.0200e-01
-9.8371e-02
-8.9946e-02
-7.8682e-02
-6.7060e-02
-5.7592e-02
-5.2061e-02
-5.1003e-02
-5.4309e-02
-6.1912e-02
-7.3160e-02
-8.6707e-02
-1.0093e-01
-1.1446e-01
-1.2655e-01
-1.3744e-01
-1.4816e-01
-1.5952e-01
-1.7126e-01
-1.8264e-01
-1.9295e-01
-2.0226e-01
-2.1067e-01
-2.1755e-01
-2.2176e-01
-2.2226e-01
-2.1929e-01
-2.1388e-01
-2.0631e-01
-1.9595e-01
-1.8216e-01
-1.6479e-01
-1.4348e-01
-1.1864e-01
-9.1655e-02
-6.4272e-02
-3.8612e-02
-1.5712e-02
5.1123e-03
2.5061e-02
4.4895e-02
6.4537e-02
8.3802e-02
1.0233e-01
1.1979e-01
1.3549e-01
1.4862e-01
1.5884e-01
1.6569e-01
1.6878e-01
1.6849e-01
1.6536e-01
1.5968e-01
1.5172e-01
1.4218e-01
1.3268e-01
1.2529e-01
1.2139e-01
1.2093e-01
1.2292e-01
1.2580e-01
1.2797e-01
1.2839e-01
1.2610e-01
1.2019e-01
1.1074e-01
9.8550e-02
8.5389e-02
7.3746e-02
6.6167e-02
6.4455e-02
6.9262e-02
7.9615e-02
9.2950e-02
1.0649e-01
1.1783e-01
1.2507e-01
1.2751e-01
1.2562e-01
1.2004e-01
1.1096e-01
9.8260e-02
8.1878e-02
6.1774e-02
3.8598e-02
1.3593e-02
-1.2706e-02
-4.0066e-02
-6.7781e-02
-9.5456e-02
-1.2275e-01
-1.4863e-01
-1.7142e-01
-1.8923e-01
-2.0038e-01
-2.0389e-01
-1.9947e-01
-1.8756e-01
-1.6986e-01
-1.4785e-01
-1.2235e-01
-9.5006e-02
-6.7890e-02
-4.2540e-02
-2.0388e-02
-2.4404e-03
1.1550e-02
2.2949e-02
3.3934e-02
4.6021e-02
5.9133e-02
7.1969e-02
8.3062e-02
9.1023e-02
9.4599e-02
9.2903e-02
8.5028e-02
7.1116e-02
5.3063e-02
3.3702e-02
1.5655e-02
3.9913e-04
-1.1728e-02
-2.0354e-02
-2.5166e-02
-2.6212e-02
-2.3529e-02
-1.7579e-02
-8.8937e-03
2.0399e-03
1.4382e-02
2.6574e-02
3.6918e-02
4.3922e-02
4.6823e-02
4.5274e-02
3.9037e-02
2.8857e-02
1.6930e-02
6.4011e-03
4.1958e-04
1.4200e-03
9.9310e-03
2.4103e-02
4.0023e-02
5.3305e-02
6.0304e-02
5.9153e-02
5.0307e-02
3.5936e-02
1.8686e-02
9.5172e-04
-1.5446e-02
-2.9927e-02
-4.2816e-02
-5.4655e-02
-6.6251e-02
-7.8533e-02
-9.2125e-02
-1.0668e-01
-1.2142e-01
-1.3566e-01
-1.4898e-01
-1.6150e-01
-1.7402e-01
-1.8700e-01
-1.9983e-01
-2.1135e-01
-2.2035e-01
-2.2620e-01
-2.2915e-01
-2.3004e-01
-2.2978e-01
-2.2796e-01
-2.2297e-01
-2.1333e-01
-1.9789e-01
-1.7528e-01
-1.4417e-01
-1.0464e-01
-5.8757e-02
-1.1388e-02
3.2162e-02
6.8542e-02
9.6787e-02
1.1765e-01
1.3347e-01
1.4695e-01
1.5981e-01
1.7226e-01
1.8357e-01
1.9295e-01
2.0002e-01
2.0418e-01
2.0412e-01
1.9876e-01
1.8668e-01
1.6567e-01
1.3484e-01
9.5240e-02
4.9589e-02
1.5118e-03
-4.5738e-02
-9.0072e-02
-1.3071e-01
-1.6665e-01
-1.9594e-01
-2.1625e-01
-2.2502e-01
-2.2088e-01
-2.0491e-01
-1.8002e-01
-1.5043e-01
-1.1976e-01
-8.9925e-02
-6.1367e-02
-3.2860e-02
-1.7444e-03
3.3512e-02
7.2451e-02
1.1331e-01
1.5425e-01
1.9360e-01
2.2923e-01
2.5871e-01
2.7988e-01
2.9207e-01
2.9593e-01
2.9211e-01
2.8053e-01
2.6070e-01
2.3243e-01
1.9614e-01
1.5277e-01
1.0396e-01
5.3075e-02
3.9653e-03
-4.0076e-02
-7.6840e-02
-1.0629e-01
-1.3027e-01
-1.5127e-01
-1.7139e-01
-1.9140e-01
-2.1090e-01
-2.2913e-01
-2.4440e-01
-2.5427e-01
-2.5644e-01
-2.4938e-01
-2.3264e-01
-2.0655e-01
-1.7207e-01
-1.3011e-01
-8.2509e-02
-3.2923e-02
1.4223e-02
5.5384e-02
8.8395e-02
1.1280e-01
1.3043e-01
1.4383e-01
1.5462e-01
1.6331e-01
1.6950e-01
1.7219e-01
1.7036e-01
1.6296e-01
1.4874e-01
1.2722e-01
9.9001e-02
6.5566e-02
2.9305e-02
-6.4471e-03
-3.8793e-02
-6.6386e-02
-8.9216e-02
-1.0773e-01
-1.2242e-01
-1.3433e-01
-1.4439e-01
-1.5304e-01
-1.6112e-01
-1.6885e-01
-1.7530e-01
-1.7902e-01
-1.7903e-01
-1.7468e-01
-1.6547e-01
-1.5098e-01
-1.3027e-01
-1.0286e-01
-6.9959e-02
-3.4656e-02
-8.9366e-04
2.7932e-02
5.0082e-02
6.5271e-02
7.3817e-02
7.6578e-02
7.5170e-02
7.1297e-02
6.6426e-02
6.2122e-02
5.9243e-02
5.7819e-02
5.7650e-02
5.8884e-02
6.1060e-02
6.3055e-02
6.3957e-02
6.3039e-02
5.9204e-02
5.1180e-02
3.8669e-02
2.2589e-02
4.4705e-03
-1.4234e-02
-3.2780e-02
-5.1516e-02
-7.1222e-02
-9.2319e-02
-1.1478e-01
-1.3777e-01
-1.5942e-01
-1.7654e-01
-1.8538e-01
-1.8227e-01
-1.6499e-01
-1.3395e-01
-9.2204e-02
-4.4979e-02
3.1589e-04
3.6704e-02
6.0822e-02
7.3718e-02
7.9461e-02
8.2995e-02
8.8013e-02
9.6327e-02
1.0790e-01
1.2160e-01
1.3589e-01
1.4961e-01
1.6152e-01
1.7063e-01
1.7651e-01
1.7894e-01
1.7824e-01
1.7535e-01
1.7113e-01
1.6631e-01
1.6228e-01
1.6047e-01
1.6089e-01
1.6231e-01
1.6320e-01
1.6251e-01
1.6005e-01
1.5596e-01
1.4945e-01
1.3903e-01
1.2367e-01
1.0317e-01
7.7629e-02
4.8496e-02
1.9357e-02
-5.2938e-03
-2.2476e-02
-3.2354e-02
-3.7611e-02
-4.1200e-02
-4.4690e-02
-4.8114e-02
-5.1191e-02
-5.4120e-02
-5.8004e-02
-6.4465e-02
-7.3876e-02
-8.4088e-02
-9.1179e-02
-9.1373e-02
-8.2734e-02
-6.5256e-02
-4.0457e-02
-1.1063e-02
1.9297e-02
4.6120e-02
6.5483e-02
7.5193e-02
7.4853e-02
6.5999e-02
5.1272e-02
3.4071e-02
1.8284e-02
7.2240e-03
2.9159e-03
5.9316e-03
1.5237e-02
2.8694e-02
4.3720e-02
5.8059e-02
7.0050e-02
7.8209e-02
8.1753e-02
8.0431e-02
7.4184e-02
6.3661e-02
5.0101e-02
3.4991e-02
1.9755e-02
5.2837e-03
-8.4088e-03
-2.1534e-02
-3.4539e-02
-4.8393e-02
-6.4079e-02
-8.2043e-02
-1.0181e-01
-1.2140e-01
-1.3818e-01
-1.5070e-01
-1.5873e-01
-1.6226e-01
-1.6130e-01
-1.5612e-01
-1.4754e-01
-1.3662e-01
-1.2415e-01
-1.1014e-01
-9.4192e-02
-7.5849e-02
-5.5405e-02
-3.4816e-02
-1.7423e-02
-6.1644e-03
-1.7571e-03
-2.6505e-03
-5.4818e-03
-6.6706e-03
-4.0421e-03
2.6554e-03
1.1787e-02
2.1520e-02
3.1371e-02
4.1763e-02
5.3020e-02
6.4353e-02
7.3624e-02
7.8853e-02
7.9442e-02
7.6577e-02
7.2101e-02
6.6601e-02
5.9353e-02
4.9380e-02
3.7253e-02
2.5432e-02
1.6959e-02
1.3908e-02
1.7069e-02
2.5810e-02
3.8440e-02
5.2927e-02
6.7023e-02
7.8992e-02
8.8219e-02
9.5054e-02
9.9820e-02
1.0250e-01
1.0300e-01
1.0150e-01
9.8644e-02
9.5344e-02
9.2618e-02
9.1094e-02
9.0381e-02
8.9710e-02
8.8433e-02
8.6226e-02
8.3339e-02
7.9498e-02
7.4088e-02
6.6189e-02
5.4600e-02
3.8804e-02
1.9134e-02
-2.9388e-03
-2.5086e-02
-4.5560e-02
-6.4131e-02
-8.1714e-02
-9.9509e-02
-1.1854e-01
-1.3925e-01
-1.6158e-01
-1.8472e-01
-2.0759e-01
-2.2959e-01
-2.5078e-01
-2.7106e-01
-2.8953e-01
-3.0466e-01
-3.1533e-01
-3.2151e-01
-3.2409e-01
-3.2454e-01
-3.2433e-01
-3.2411e-01
-3.2336e-01
-3.2058e-01
-3.1421e-01
-3.0380e-01
-2.8998e-01
-2.7352e-01
-2.5511e-01
-2.3576e-01
-2.1684e-01
-1.9990e-01
-1.8594e-01
-1.7538e-01
-1.6754e-01
-1.6054e-01
-1.5225e-01
-1.4135e-01
-1.2769e-01
-1.1245e-01
-9.7491e-02
-8.4533e-02
-7.4881e-02
-6.8861e-02
-6.5748e-02
-6.4480e-02
-6.4080e-02
-6.3892e-02
-6.3656e-02
-6.3374e-02
-6.2687e-02
-6.1046e-02
-5.8933e-02
-5.7785e-02
-5.9012e-02
-6.3000e-02
-6.9585e-02
-7.8077e-02
-8.7664e-02
-9.7975e-02
-1.0872e-01
-1.1957e-01
-1.2997e-01
-1.3894e-01
-1.4504e-01
-1.4634e-01
-1.4089e-01
-1.2684e-01
-1.0289e-01
-6.9255e-02
-2.7606e-02
1.8886e-02
6.5850e-02
1.1024e-01
1.5198e-01
1.9310e-01
2.3521e-01
2.7756e-01
3.1697e-01
3.4918e-01
3.7078e-01
3.8049e-01
3.7970e-01
3.7169e-01
3.5950e-01
3.4442e-01
3.2622e-01
3.0371e-01
2.7621e-01
2.4441e-01
2.0890e-01
1.6985e-01
1.2774e-01
8.4083e-02
4.1119e-02
9.8869e-04
-3.4609e-02
-6.4921e-02
-8.9974e-02
-1.0988e-01
-1.2449e-01
-1.3389e-01
-1.3900e-01
-1.4088e-01
-1.4013e-01
-1.3635e-01
-1.2876e-01
-1.1725e-01
-1.0248e-01
-8.6377e-02
-7.1411e-02
-5.9448e-02
-5.0506e-02
-4.3105e-02
-3.5742e-02
-2.7350e-02
-1.7946e-02
-8.0213e-03
1.3844e-03
8.7516e-03
1.2873e-02
1.2976e-02
8.0954e-03
-1.9084e-03
-1.6185e-02
-3.3333e-02
-5.1905e-02
-7.0983e-02
-8.9711e-02
-1.0750e-01
-1.2388e-01
-1.3861e-01
-1.5116e-01
-1.6106e-01
-1.6759e-01
-1.6942e-01
-1.6524e-01
-1.5496e-01
-1.4032e-01
-1.2371e-01
-1.0667e-01
-8.9350e-02
-7.0823e-02
-4.9961e-02
-2.6538e-02
-1.2683e-03
2.4746e-02
5.0515e-02
7.5997e-02
1.0071e-01
1.2338e-01
1.4311e-01
1.6023e-01
1.7570e-01
1.9072e-01
2.0561e-01
2.2008e-01
2.3445e-01
2.4987e-01
2.6722e-01
2.8590e-01
3.0459e-01
3.2179e-01
3.3592e-01
3.4581e-01
3.5087e-01
3.5095e-01
3.4549e-01
3.3382e-01
3.1640e-01
2.9520e-01
2.7246e-01
2.4986e-01
2.2890e-01
2.1079e-01
1.9607e-01
1.8423e-01
1.7413e-01
1.6525e-01
1.5776e-01
1.5228e-01
1.4906e-01
1.4700e-01
1.4443e-01
1.4001e-01
1.3255e-01
1.2116e-01
1.0489e-01
8.3537e-02
5.7991e-02
2.9541e-02
-1.2582e-04
-2.8830e-02
-5.5201e-02
-7.8825e-02
-9.9472e-02
-1.1695e-01
-1.3115e-01
-1.4213e-01
-1.5001e-01
-1.5476e-01
-1.5585e-01
-1.5305e-01
-1.4665e-01
-1.3676e-01
-1.2314e-01
-1.0649e-01
-8.9310e-02
-7.4911e-02
-6.5917e-02
-6.2711e-02
-6.3442e-02
-6.6055e-02
-6.9174e-02
-7.1771e-02
-7.3490e-02
-7.4046e-02
-7.2633e-02
-6.8317e-02
-6.0515e-02
-4.9087e-02
-3.4113e-02
-1.6616e-02
1.7330e-03
1.9554e-02
3.6332e-02
5.1544e-02
6.4496e-02
7.5264e-02
8.4251e-02
9.1946e-02
9.9404e-02
1.0828e-01
1.2030e-01
1.3631e-01
1.5637e-01
1.8018e-01
2.0726e-01
2.3673e-01
2.6744e-01
2.9809e-01
3.2656e-01
3.5040e-01
3.6799e-01
3.7822e-01
3.8038e-01
3.7520e-01
3.6441e-01
3.4955e-01
3.3101e-01
3.0855e-01
2.8324e-01
2.5739e-01
2.3253e-01
2.0874e-01
1.8539e-01
1.6208e-01
1.3847e-01
1.1435e-01
8.9775e-02
6.5327e-02
4.2119e-02
2.1259e-02
4.1542e-03
-8.2805e-03
-1.6060e-02
-1.9820e-02
-1.9995e-02
-1.7236e-02
-1.2932e-02
-9.1889e-03
-7.8886e-03
-1.0090e-02
-1.5611e-02
-2.3481e-02
-3.1998e-02
-3.8830e-02
-4.1894e-02
-4.0028e-02
-3.3355e-02
-2.3040e-02
-1.0800e-02
1.8323e-03
1.4048e-02
2.5339e-02
3.4962e-02
4.2383e-02
4.7315e-02
4.9792e-02
5.0389e-02
4.9821e-02
4.8963e-02
4.8430e-02
4.8037e-02
4.6991e-02
4.4524e-02
4.0770e-02
3.6286e-02
3.1694e-02
2.7950e-02
2.6194e-02
2.7370e-02
3.2110e-02
4.0003e-02
4.9711e-02
5.9953e-02
6.9526e-02
7.7749e-02
8.4584e-02
8.9800e-02
9.3268e-02
9.5292e-02
9.6553e-02
9.7302e-02
9.7417e-02
9.7049e-02
9.6512e-02
9.5712e-02
9.4206e-02
9.1699e-02
8.7955e-02
8.2531e-02
7.5000e-02
6.4676e-02
5.1505e-02
3.6118e-02
1.9285e-02
2.2150e-03
-1.4554e-02
-3.0657e-02
-4.5363e-02
-5.7893e-02
-6.7958e-02
-7.6546e-02
-8.4981e-02
-9.4950e-02
-1.0807e-01
-1.2477e-01
-1.4424e-01
-1.6500e-01
-1.8615e-01
-2.0691e-01
-2.2630e-01
-2.4388e-01
-2.5921e-01
-2.7213e-01
-2.8258e-01
-2.9021e-01
-2.9481e-01
-2.9660e-01
-2.9665e-01
-2.9597e-01
-2.9543e-01
-2.9597e-01
-2.9801e-01
-3.0136e-01
-3.0578e-01
-3.1089e-01
-3.1572e-01
-3.1906e-01
-3.2021e-01
-3.1878e-01
-3.1455e-01
-3.0764e-01
-2.9802e-01
-2.8554e-01
-2.6964e-01
-2.4987e-01
-2.2642e-01
-2.0028e-01
-1.7244e-01
-1.4423e-01
-1.1706e-01
-9.2008e-02
-7.0026e-02
-5.1192e-02
-3.4635e-02
-1.9235e-02
-3.7437e-03
1.2574e-02
2.9980e-02
4.8010e-02
6.5371e-02
8.0506e-02
9.2341e-02
1.0082e-01
1.0654e-01
1.0989e-01
1.1107e-01
1.0975e-01
1.0501e-01
9.5846e-02
8.1856e-02
6.3767e-02
4.2742e-02
1.9822e-02
-4.1969e-03
-2.8909e-02
-5.3483e-02
-7.6101e-02
-9.5251e-02
-1.1007e-01
-1.1942e-01
-1.2200e-01
-1.1717e-01
-1.0550e-01
-8.8596e-02
-6.8170e-02
-4.5574e-02
-2.1759e-02
2.9793e-03
2.9102e-02
5.6847e-02
8.5141e-02
1.1151e-01
1.3380e-01
1.5148e-01
1.6481e-01
1.7412e-01
1.7957e-01
1.8140e-01
1.8005e-01
1.7566e-01
1.6855e-01
1.5907e-01
1.4758e-01
1.3479e-01
1.2095e-01
1.0628e-01
9.1065e-02
7.6290e-02
6.3832e-02
5.5300e-02
5.1480e-02
5.1850e-02
5.4362e-02
5.6559e-02
5.6681e-02
5.3921e-02
4.8095e-02
3.8946e-02
2.6001e-02
8.9736e-03
-1.0824e-02
-3.0534e-02
-4.6087e-02
-5.3649e-02
-5.0990e-02
-3.7998e-02
-1.6298e-02
1.0893e-02
3.9549e-02
6.5563e-02
8.5684e-02
9.8322e-02
1.0428e-01
1.0591e-01
1.0541e-01
1.0449e-01
1.0409e-01
1.0435e-01
1.0507e-01
1.0665e-01
1.0949e-01
1.1369e-01
1.1895e-01
1.2437e-01
1.2909e-01
1.3314e-01
1.3690e-01
1.4053e-01
1.4407e-01
1.4731e-01
1.4950e-01
1.4976e-01
1.4773e-01
1.4359e-01
1.3795e-01
1.3127e-01
1.2318e-01
1.1319e-01
1.0163e-01
8.9602e-02
7.7867e-02
6.6585e-02
5.5883e-02
4.5846e-02
3.6728e-02
2.9293e-02
2.4068e-02
2.1043e-02
2.0277e-02
2.1870e-02
2.5802e-02
3.1244e-02
3.6444e-02
3.9973e-02
4.1694e-02
4.2170e-02
4.1877e-02
4.0779e-02
3.8770e-02
3.6215e-02
3.3801e-02
3.1899e-02
3.0735e-02
3.0550e-02
3.1395e-02
3.2903e-02
3.4635e-02
3.6260e-02
3.7969e-02
3.9883e-02
4.1588e-02
4.2606e-02
4.2832e-02
4.2515e-02
4.1806e-02
4.0712e-02
3.8916e-02
3.5657e-02
3.0284e-02
2.2382e-02
1.2026e-02
9.6246e-06
-1.2338e-02
-2.3955e-02
-3.4265e-02
-4.2941e-02
-5.0691e-02
-5.8768e-02
-6.7721e-02
-7.7406e-02
-8.7573e-02
-9.7646e-02
-1.0730e-01
-1.1638e-01
-1.2448e-01
-1.3135e-01
-1.3653e-01
-1.3978e-01
-1.4108e-01
-1.4078e-01
-1.3947e-01
-1.3782e-01
-1.3623e-01
-1.3484e-01
-1.3339e-01
-1.3087e-01
-1.2558e-01
-1.1571e-01
-1.0029e-01
-7.9021e-02
-5.2924e-02
-2.4454e-02
3.6503e-03
2.9790e-02
5.3823e-02
7.5702e-02
9.4542e-02
1.0919e-01
1.1873e-01
1.2254e-01
1.2042e-01
1.1276e-01
1.0014e-01
8.3145e-02
6.2464e-02
3.9261e-02
1.5313e-02
-7.8644e-03
-2.9401e-02
-4.8384e-02
-6.4205e-02
-7.6378e-02
-8.4899e-02
-9.0201e-02
-9.2376e-02
-9.0711e-02
-8.4952e-02
-7.5785e-02
-6.3965e-02
-5.0202e-02
-3.5642e-02
-2.1861e-02
-9.8883e-03
-2.5097e-04
7.1838e-03
1.2896e-02
1.6853e-02
1.8923e-02
1.9458e-02
1.9199e-02
1.8674e-02
1.7684e-02
1.5792e-02
1.3447e-02
1.2160e-02
1.3285e-02
1.7486e-02
2.4354e-02
3.2806e-02
4.1896e-02
5.0467e-02
5.7751e-02
6.3364e-02
6.6608e-02
6.6916e-02
6.4193e-02
5.8516e-02
5.0242e-02
4.0122e-02
2.9413e-02
1.9200e-02
9.8578e-03
1.3362e-03
-6.3253e-03
-1.3001e-02
-1.8400e-02
-2.2181e-02
-2.4386e-02
-2.4978e-02
-2.3553e-02
-1.9736e-02
-1.3050e-02
-3.3601e-03
8.8675e-03
2.2589e-02
3.6389e-02
4.8945e-02
5.9054e-02
6.6154e-02
7.0219e-02
7.1260e-02
6.9931e-02
6.6565e-02
6.0656e-02
5.1986e-02
4.0959e-02
2.8217e-02
1.4303e-02
9.4378e-05
-1.3122e-02
-2.4398e-02
-3.3603e-02
-4.1758e-02
-4.9864e-02
-5.7922e-02
-6.5386e-02
-7.1581e-02
-7.6219e-02
-8.0004e-02
-8.4187e-02
-8.9581e-02
-9.6557e-02
-1.0539e-01
-1.1601e-01
-1.2757e-01
-1.3912e-01
-1.5000e-01
-1.5938e-01
-1.6587e-01
-1.6775e-01
-1.6400e-01
-1.5458e-01
-1.4034e-01
-1.2283e-01
-1.0344e-01
-8.3276e-02
-6.3709e-02
-4.5887e-02
-3.0057e-02
-1.5879e-02
-2.8157e-03
9.6900e-03
2.1942e-02
3.3560e-02
4.3621e-02
5.1364e-02
5.6128e-02
5.7375e-02
5.4850e-02
4.8307e-02
3.7504e-02
2.2304e-02
3.2558e-03
-1.8067e-02
-3.9531e-02
-5.9645e-02
-7.7921e-02
-9.3888e-02
-1.0689e-01
-1.1651e-01
-1.2282e-01
-1.2633e-01
-1.2750e-01
-1.2704e-01
-1.2551e-01
-1.2302e-01
-1.1950e-01
-1.1517e-01
-1.1022e-01
-1.0455e-01
-9.7786e-02
-8.9885e-02
-8.1644e-02
-7.4038e-02
-6.7638e-02
-6.2669e-02
-5.9134e-02
-5.7024e-02
-5.6321e-02
-5.6916e-02
-5.8163e-02
-5.9212e-02
-5.9601e-02
-5.9423e-02
-5.9242e-02
-5.9562e-02
-5.9809e-02
-5.8981e-02
-5.6658e-02
-5.2909e-02
-4.7497e-02
-4.0226e-02
-3.1445e-02
-2.1731e-02
-1.1294e-02
-4.4434e-04
1.0074e-02
1.9907e-02
2.8733e-02
3.6344e-02
4.2547e-02
4.6952e-02
4.9381e-02
4.9585e-02
4.7719e-02
4.3811e-02
3.7360e-02
2.8126e-02
1.6085e-02
2.0305e-03
-1.2418e-02
-2.5710e-02
-3.6737e-02
-4.4930e-02
-5.0337e-02
-5.3301e-02
-5.3841e-02
-5.1737e-02
-4.6873e-02
-3.9889e-02
-3.1873e-02
-2.4069e-02
-1.7201e-02
-1.1193e-02
-5.5050e-03
1.0263e-04
5.2327e-03
9.4734e-03
1.2844e-02
1.5980e-02
2.0379e-02
2.7715e-02
3.8144e-02
5.0685e-02
6.4575e-02
7.9235e-02
9.4536e-02
1.0955e-01
1.2273e-01
1.3332e-01
1.4122e-01
1.4691e-01
1.5111e-01
1.5449e-01
1.5727e-01
1.5917e-01
1.5995e-01
1.5922e-01
1.5634e-01
1.5094e-01
1.4292e-01
1.3255e-01
1.2060e-01
1.0805e-01
9.5563e-02
8.3386e-02
7.1776e-02
6.1433e-02
5.3311e-02
4.8158e-02
4.5962e-02
4.5791e-02
4.6384e-02
4.7084e-02
4.7823e-02
4.8488e-02
4.8904e-02
4.9015e-02
4.8939e-02
4.8857e-02
4.8987e-02
5.0108e-02
5.3174e-02
5.8335e-02
6.4838e-02
7.1779e-02
7.9179e-02
8.7009e-02
9.3949e-02
9.8601e-02
1.0024e-01
9.8568e-02
9.3546e-02
8.5317e-02
7.4097e-02
6.0352e-02
4.4700e-02
2.8168e-02
1.2261e-02
-1.9516e-03
-1.4706e-02
-2.7532e-02
-4.1430e-02
-5.6391e-02
-7.1950e-02
-8.7690e-02
-1.0367e-01
-1.1978e-01
-1.3527e-01
-1.4926e-01
-1.6114e-01
-1.7026e-01
-1.7564e-01
-1.7688e-01
-1.7413e-01
-1.6839e-01
-1.6134e-01
-1.5428e-01
-1.4746e-01
-1.4109e-01
-1.3535e-01
-1.3049e-01
-1.2673e-01
-1.2402e-01
-1.2131e-01
-1.1738e-01
-1.1185e-01
-1.0524e-01
-9.8418e-02
-9.2309e-02
-8.8015e-02
-8.6081e-02
-8.6346e-02
-8.8383e-02
-9.1347e-02
-9.4571e-02
-9.7432e-02
-9.9804e-02
-1.0189e-01
-1.0396e-01
-1.0690e-01
-1.1155e-01
-1.1779e-01
-1.2502e-01
-1.3287e-01
-1.4077e-01
-1.4777e-01
-1.5313e-01
-1.5606e-01
-1.5583e-01
-1.5238e-01
-1.4611e-01
-1.3731e-01
-1.2667e-01
-1.1532e-01
-1.0410e-01
-9.3354e-02
-8.3171e-02
-7.4321e-02
-6.7991e-02
-6.4578e-02
-6.3195e-02
-6.2720e-02
-6.2387e-02
-6.1631e-02
-5.9989e-02
-5.7314e-02
-5.3322e-02
-4.7731e-02
-4.0925e-02
-3.3213e-02
-2.4883e-02
-1.7058e-02
-1.0992e-02
-7.0185e-03
-4.7364e-03
-3.6646e-03
-3.6090e-03
-4.4516e-03
-6.0306e-03
-8.1922e-03
-1.0463e-02
-1.2478e-02
-1.4040e-02
-1.4974e-02
-1.5367e-02
-1.5799e-02
-1.6794e-02
-1.8844e-02
-2.2083e-02
-2.5966e-02
-2.9690e-02
-3.2312e-02
-3.2517e-02
-2.9068e-02
-2.1478e-02
-1.0149e-02
3.5004e-03
1.7888e-02
3.1837e-02
4.4706e-02
5.6318e-02
6.6980e-02
7.6436e-02
8.3510e-02
8.7510e-02
8.8324e-02
8.6168e-02
8.1881e-02
7.5964e-02
6.8125e-02
5.8156e-02
4.6651e-02
3.5142e-02
2.5504e-02
1.9107e-02
1.6389e-02
1.7066e-02
2.0491e-02
2.5565e-02
3.0794e-02
3.4899e-02
3.7185e-02
3.7788e-02
3.7467e-02
3.6872e-02
3.6088e-02
3.5204e-02
3.4500e-02
3.4405e-02
3.5207e-02
3.6486e-02
3.7745e-02
3.8659e-02
3.8790e-02
3.8234e-02
3.7504e-02
3.6808e-02
3.5715e-02
3.3760e-02
3.0920e-02
2.7574e-02
2.4130e-02
2.0870e-02
1.8541e-02
1.8445e-02
2.1115e-02
2.5863e-02
3.1576e-02
3.6810e-02
4.0118e-02
4.0767e-02
3.8596e-02
3.3384e-02
2.4956e-02
1.3890e-02
1.6803e-03
-1.0334e-02
-2.2348e-02
-3.4797e-02
-4.7437e-02
-5.9950e-02
-7.2169e-02
-8.3861e-02
-9.4941e-02
-1.0515e-01
-1.1425e-01
-1.2226e-01
-1.2920e-01
-1.3450e-01
-1.3705e-01
-1.3581e-01
-1.2981e-01
-1.1870e-01
-1.0317e-01
-8.4313e-02
-6.3001e-02
-4.0131e-02
-1.7092e-02
5.2731e-03
2.6416e-02
4.5436e-02
6.1046e-02
7.2301e-02
7.9052e-02
8.1457e-02
7.9884e-02
7.5181e-02
6.8211e-02
5.9210e-02
4.7634e-02
3.2757e-02
1.5374e-02
-2.5376e-03
-1.9541e-02
-3.5439e-02
-5.0235e-02
-6.3906e-02
-7.6652e-02
-8.8717e-02
-9.9834e-02
-1.0932e-01
-1.1669e-01
-1.2136e-01
-1.2177e-01
-1.1609e-01
-1.0354e-01
-8.4804e-02
-6.1668e-02
-3.6091e-02
-1.0371e-02
1.3527e-02
3.4075e-02
5.0901e-02
6.4731e-02
7.6455e-02
8.6037e-02
9.3002e-02
9.7693e-02
1.0111e-01
1.0386e-01
1.0619e-01
1.0788e-01
1.0842e-01
1.0765e-01
1.0566e-01
1.0283e-01
9.9646e-02
9.6514e-02
9.3815e-02
9.1385e-02
8.8503e-02
8.4384e-02
7.8930e-02
7.3214e-02
6.8356e-02
6.4213e-02
6.0184e-02
5.6071e-02
5.2184e-02
4.9579e-02
4.9276e-02
5.0988e-02
5.3629e-02
5.6466e-02
5.9722e-02
6.4330e-02
7.0785e-02
7.9201e-02
8.9538e-02
1.0120e-01
1.1275e-01
1.2327e-01
1.3283e-01
1.4147e-01
1.4884e-01
1.5475e-01
1.5887e-01
1.6099e-01
1.6149e-01
1.6107e-01
1.6001e-01
1.5813e-01
1.5493e-01
1.5017e-01
1.4415e-01
1.3755e-01
1.3079e-01
1.2310e-01
1.1291e-01
9.8633e-02
7.9017e-02
5.4751e-02
2.8475e-02
3.1576e-03
-1.9336e-02
-3.8212e-02
-5.3255e-02
-6.4481e-02
-7.2366e-02
-7.7360e-02
-7.9220e-02
-7.7572e-02
-7.2691e-02
-6.5260e-02
-5.6395e-02
-4.7524e-02
-3.9537e-02
-3.3211e-02
-2.8783e-02
-2.5994e-02
-2.4978e-02
-2.5989e-02
-2.8601e-02
-3.2509e-02
-3.7287e-02
-4.2056e-02
-4.5831e-02
-4.7924e-02
-4.8170e-02
-4.6484e-02
-4.2541e-02
-3.5934e-02
-2.6647e-02
-1.5562e-02
-3.9941e-03
6.7484e-03
1.5359e-02
2.1469e-02
2.5822e-02
2.9353e-02
3.2693e-02
3.6079e-02
3.9474e-02
4.2744e-02
4.5555e-02
4.7645e-02
4.8750e-02
4.8249e-02
4.5569e-02
4.0753e-02
3.4552e-02
2.7942e-02
2.1715e-02
1.6751e-02
1.3431e-02
1.1234e-02
9.6077e-03
8.4332e-03
7.7550e-03
7.5267e-03
7.5047e-03
7.1349e-03
6.2526e-03
5.6915e-03
6.5573e-03
9.2678e-03
1.3541e-02
1.8637e-02
2.4311e-02
3.0539e-02
3.6954e-02
4.2656e-02
4.6430e-02
4.7472e-02
4.6133e-02
4.3037e-02
3.8568e-02
3.3104e-02
2.7085e-02
2.0841e-02
1.4444e-02
7.9381e-03
1.2738e-03
-5.6063e-03
-1.2572e-02
-1.9969e-02
-2.7732e-02
-3.5102e-02
-4.1110e-02
-4.5354e-02
-4.8122e-02
-4.9934e-02
-5.1398e-02
-5.2697e-02
-5.3661e-02
-5.4499e-02
-5.6280e-02
-5.9640e-02
-6.3769e-02
-6.7383e-02
-6.9500e-02
-6.9991e-02
-6.9250e-02
-6.7314e-02
-6.3821e-02
-5.8238e-02
-4.9956e-02
-3.9085e-02
-2.6575e-02
-1.3628e-02
-1.5165e-03
8.7220e-03
1.6802e-02
2.2446e-02
2.5483e-02
2.6367e-02
2.5634e-02
2.3626e-02
2.0847e-02
1.7205e-02
1.1957e-02
4.5467e-03
-4.0989e-03
-1.2798e-02
-2.1308e-02
-2.9651e-02
-3.8078e-02
-4.6772e-02
-5.5236e-02
-6.3168e-02
-7.0932e-02
-7.8715e-02
-8.5667e-02
-9.0944e-02
-9.4740e-02
-9.7392e-02
-9.8677e-02
-9.8172e-02
-9.5879e-02
-9.1886e-02
-8.6460e-02
-7.9867e-02
-7.2259e-02
-6.4361e-02
-5.6890e-02
-5.0191e-02
-4.4219e-02
-3.9224e-02
-3.5565e-02
-3.3388e-02
-3.2984e-02
-3.4690e-02
-3.7927e-02
-4.1868e-02
-4.6285e-02
-5.0903e-02
-5.5141e-02
-5.8204e-02
-5.9241e-02
-5.7915e-02
-5.4432e-02
-4.9392e-02
-4.3851e-02
-3.8627e-02
-3.4154e-02
-3.0928e-02
-2.9253e-02
-2.8940e-02
-2.9748e-02
-3.1749e-02
-3.5233e-02
-4.0350e-02
-4.7247e-02
-5.6175e-02
-6.7047e-02
-7.9125e-02
-9.1325e-02
-1.0327e-01
-1.1467e-01
-1.2472e-01
-1.3283e-01
-1.3905e-01
-1.4321e-01
-1.4476e-01
-1.4330e-01
-1.3824e-01
-1.2927e-01
-1.1697e-01
-1.0284e-01
-8.8329e-02
-7.4433e-02
-6.1638e-02
-5.0155e-02
-3.9701e-02
-2.9155e-02
-1.7794e-02
-5.7503e-03
5.9671e-03
1.6588e-02
2.5602e-02
3.2597e-02
3.7081e-02
3.8829e-02
3.7704e-02
3.3427e-02
2.6045e-02
1.6050e-02
4.1524e-03
-9.1446e-03
-2.3137e-02
-3.6452e-02
-4.7956e-02
-5.7404e-02
-6.5109e-02
-7.1321e-02
-7.5526e-02
-7.7266e-02
-7.7198e-02
-7.6249e-02
-7.5254e-02
-7.4564e-02
-7.3879e-02
-7.2877e-02
-7.1242e-02
-6.8552e-02
-6.4315e-02
-5.8249e-02
-4.9762e-02
-3.8242e-02
-2.4295e-02
-9.3404e-03
5.0554e-03
1.7853e-02
2.8729e-02
3.8164e-02
4.7017e-02
5.5728e-02
6.3973e-02
7.1091e-02
7.6759e-02
8.1580e-02
8.6292e-02
9.0924e-02
9.5107e-02
9.8398e-02
1.0038e-01
1.0103e-01
1.0083e-01
1.0041e-01
9.9955e-02
9.8999e-02
9.6814e-02
9.2860e-02
8.7258e-02
8.0252e-02
7.1769e-02
6.1950e-02
5.1262e-02
4.0806e-02
3.1715e-02
2.4316e-02
1.8500e-02
1.4353e-02
1.2073e-02
1.1730e-02
1.3171e-02
1.5870e-02
1.9079e-02
2.1948e-02
2.4109e-02
2.6227e-02
2.8879e-02
3.1766e-02
3.4011e-02
3.5042e-02
3.4934e-02
3.3717e-02
3.1452e-02
2.8144e-02
2.3759e-02
1.8972e-02
1.4621e-02
1.0887e-02
7.9001e-03
5.7199e-03
4.4612e-03
4.2977e-03
4.8764e-03
5.6199e-03
6.4061e-03
7.3379e-03
8.6270e-03
1.0513e-02
1.2800e-02
1.5480e-02
1.8757e-02
2.2770e-02
2.7339e-02
3.2235e-02
3.7352e-02
4.2021e-02
4.5525e-02
4.7547e-02
4.7891e-02
4.6807e-02
4.4508e-02
4.1143e-02
3.7373e-02
3.4315e-02
3.2755e-02
3.2602e-02
3.3139e-02
3.3725e-02
3.4349e-02
3.5079e-02
3.5740e-02
3.6031e-02
3.5576e-02
3.4499e-02
3.3293e-02
3.2099e-02
3.1008e-02
3.0240e-02
2.9907e-02
2.9913e-02
3.0067e-02
3.0392e-02
3.1313e-02
3.3058e-02
3.5244e-02
3.7555e-02
3.9813e-02
4.1792e-02
4.3472e-02
4.4734e-02
4.5434e-02
4.5614e-02
4.5327e-02
4.4475e-02
4.3161e-02
4.1562e-02
3.9678e-02
3.7013e-02
3.3528e-02
2.9964e-02
2.7159e-02
2.5077e-02
2.3089e-02
2.0866e-02
1.8616e-02
1.6602e-02
1.4942e-02
1.3254e-02
1.1067e-02
8.2348e-03
4.9765e-03
1.6184e-03
-1.5994e-03
-4.3705e-03
-6.2305e-03
-6.9657e-03
-6.5497e-03
-5.0074e-03
-2.8119e-03
-5.7255e-04
1.6063e-03
3.9602e-03
6.6444e-03
9.3440e-03
1.1687e-02
1.3744e-02
1.5311e-02
1.5869e-02
1.5197e-02
1.3641e-02
1.2156e-02
1.2071e-02
1.4343e-02
1.8828e-02
2.4441e-02
3.0355e-02
3.6015e-02
4.0884e-02
4.5017e-02
4.8485e-02
5.1260e-02
5.3350e-02
5.4999e-02
5.6467e-02
5.8033e-02
6.0007e-02
6.2211e-02
6.4305e-02
6.5973e-02
6.6867e-02
6.6527e-02
6.4715e-02
6.1873e-02
5.8913e-02
5.5925e-02
5.2301e-02
4.7978e-02
4.3578e-02
3.9808e-02
3.7173e-02
3.5411e-02
3.3674e-02
3.1191e-02
2.7411e-02
2.2112e-02
1.5355e-02
7.6873e-03
-2.0084e-04
-7.3364e-03
-1.3005e-02
-1.7276e-02
-2.0358e-02
-2.2572e-02
-2.4237e-02
-2.5552e-02
-2.6378e-02
-2.6761e-02
-2.6589e-02
-2.5968e-02
-2.5293e-02
-2.4906e-02
-2.4883e-02
-2.5246e-02
-2.6136e-02
-2.7478e-02
-2.9313e-02
-3.1780e-02
-3.4551e-02
-3.7012e-02
-3.8638e-02
-3.8719e-02
-3.6990e-02
-3.3914e-02
-3.0098e-02
-2.5664e-02
-2.0512e-02
-1.4709e-02
-8.7235e-03
-2.9253e-03
2.7925e-03
8.0922e-03
1.2512e-02
1.5971e-02
1.8629e-02
2.0694e-02
2.2354e-02
2.3573e-02
2.4557e-02
2.5641e-02
2.7003e-02
2.8612e-02
3.0317e-02
3.1930e-02
3.3104e-02
3.3603e-02
3.3266e-02
3.2205e-02
3.1007e-02
3.0234e-02
3.0082e-02
3.0688e-02
3.2324e-02
3.4937e-02
3.7791e-02
4.0247e-02
4.2325e-02
4.4072e-02
4.5222e-02
4.5247e-02
4.3852e-02
4.1591e-02
3.9185e-02
3.6912e-02
3.4955e-02
3.3278e-02
3.1838e-02
3.0808e-02
3.0307e-02
3.0164e-02
2.9790e-02
2.8805e-02
2.7079e-02
2.4520e-02
2.0655e-02
1.4500e-02
5.7177e-03
-5.3813e-03
-1.8710e-02
-3.3878e-02
-4.9804e-02
-6.4965e-02
-7.8129e-02
-8.9088e-02
-9.7465e-02
-1.0214e-01
-1.0265e-01
-9.9638e-02
-9.3785e-02
-8.6133e-02
-7.7908e-02
-7.0014e-02
-6.3238e-02
-5.7787e-02
-5.3477e-02
-4.9949e-02
-4.6799e-02
-4.3709e-02
-4.0707e-02
-3.8154e-02
-3.6014e-02
-3.3660e-02
-3.0190e-02
-2.5008e-02
-1.8132e-02
-1.0416e-02
-2.7579e-03
4.7659e-03
1.2271e-02
1.9104e-02
2.4613e-02
2.9008e-02
3.2621e-02
3.5445e-02
3.7393e-02
3.8129e-02
3.7527e-02
3.5901e-02
3.3673e-02
3.0796e-02
2.7403e-02
2.3863e-02
2.0498e-02
1.7400e-02
1.4464e-02
1.1541e-02
8.7884e-03
6.7701e-03
6.0638e-03
6.8126e-03
8.7379e-03
1.1487e-02
1.4329e-02
1.6901e-02
1.9077e-02
2.0352e-02
2.0023e-02
1.7684e-02
1.3173e-02
6.3279e-03
-2.4178e-03
-1.2127e-02
-2.2125e-02
-3.1939e-02
-4.1387e-02
-5.0516e-02
-5.9269e-02
-6.7851e-02
-7.6491e-02
-8.4461e-02
-9.0638e-02
-9.4356e-02
-9.5414e-02
-9.4077e-02
-9.0847e-02
-8.6129e-02
-8.0095e-02
-7.2761e-02
-6.4536e-02
-5.5789e-02
-4.6475e-02
-3.6506e-02
-2.5798e-02
-1.4713e-02
-3.9631e-03
5.9806e-03
1.5053e-02
2.2856e-02
2.8728e-02
3.2199e-02
3.3058e-02
3.1390e-02
2.6898e-02
1.9352e-02
8.8367e-03
-4.2285e-03
-1.8667e-02
-3.3102e-02
-4.6016e-02
-5.5749e-02
-6.1470e-02
-6.3127e-02
-6.0991e-02
-5.5646e-02
-4.8206e-02
-3.9368e-02
-2.9224e-02
-1.8089e-02
-7.2400e-03
1.9000e-03
8.8459e-03
1.3907e-02
1.7548e-02
1.9921e-02
2.0934e-02
2.0552e-02
1.9538e-02
1.9138e-02
1.9951e-02
2.1788e-02
2.3772e-02
2.5183e-02
2.5916e-02
2.5880e-02
2.5068e-02
2.3623e-02
2.2133e-02
2.0972e-02
1.9995e-02
1.8916e-02
1.7286e-02
1.4859e-02
1.1781e-02
8.4291e-03
4.8970e-03
9.7932e-04
-3.6149e-03
-9.3304e-03
-1.6096e-02
-2.3443e-02
-3.1290e-02
-4.0032e-02
-4.9861e-02
-6.0227e-02
-7.0087e-02
-7.8750e-02
-8.6015e-02
-9.1826e-02
-9.5570e-02
-9.6153e-02
-9.2917e-02
-8.6228e-02
-7.7257e-02
-6.7049e-02
-5.6221e-02
-4.5619e-02
-3.5633e-02
-2.6006e-02
-1.6483e-02
-6.9616e-03
2.4700e-03
1.1467e-02
2.0180e-02
2.8910e-02
3.7987e-02
4.7249e-02
5.5439e-02
6.1267e-02
6.4133e-02
6.4102e-02
6.1805e-02
5.8120e-02
5.4123e-02
4.9857e-02
4.4656e-02
3.8260e-02
3.1773e-02
2.6134e-02
2.1199e-02
1.6746e-02
1.2786e-02
9.3136e-03
6.3761e-03
4.2787e-03
3.2403e-03
3.2465e-03
4.1561e-03
5.4147e-03
6.3503e-03
6.6449e-03
6.2250e-03
5.0986e-03
3.5413e-03
1.8555e-03
2.7626e-04
-1.2075e-03
-2.6511e-03
-4.1682e-03
-5.7348e-03
-7.3271e-03
-8.8927e-03
-1.0697e-02
-1.3087e-02
-1.6070e-02
-1.8753e-02
-2.0061e-02
-2.0176e-02
-2.0088e-02
-2.0414e-02
-2.1423e-02
-2.3255e-02
-2.5580e-02
-2.8127e-02
-3.0840e-02
-3.3794e-02
-3.6942e-02
-4.0364e-02
-4.4436e-02
-4.8793e-02
-5.2890e-02
-5.6277e-02
-5.8754e-02
-6.0372e-02
-6.1135e-02
-6.0321e-02
-5.5715e-02
-4.5369e-02
-2.9918e-02
-1.2025e-02
5.8871e-03
2.2451e-02
3.6897e-02
4.8631e-02
5.7758e-02
6.4612e-02
6.9553e-02
7.3066e-02
7.5570e-02
7.7503e-02
7.8982e-02
7.9895e-02
8.0236e-02
8.0186e-02
7.9821e-02
7.8634e-02
7.5804e-02
7.1374e-02
6.6448e-02
6.1575e-02
5.6822e-02
5.2445e-02
4.8905e-02
4.6716e-02
4.5942e-02
4.6344e-02
4.7807e-02
5.0159e-02
5.2859e-02
5.5222e-02
5.6977e-02
5.8020e-02
5.8423e-02
5.8436e-02
5.8363e-02
5.8357e-02
5.8087e-02
5.6953e-02
5.4981e-02
5.2727e-02
5.0749e-02
4.9566e-02
4.9672e-02
5.1320e-02
5.4108e-02
5.7014e-02
5.9366e-02
6.1279e-02
6.2892e-02
6.3994e-02
6.4064e-02
6.2748e-02
6.0513e-02
5.8122e-02
5.6154e-02
5.4644e-02
5.3501e-02
5.2778e-02
5.2346e-02
5.1607e-02
4.9920e-02
4.7164e-02
4.3651e-02
3.9488e-02
3.4558e-02
2.8836e-02
2.2607e-02
1.6735e-02
1.2033e-02
8.6100e-03
5.9439e-03
3.5268e-03
1.4548e-03
1.0407e-04
-2.1278e-04
5.8791e-04
2.1389e-03
4.1480e-03
6.5401e-03
9.2870e-03
1.2334e-02
1.5597e-02
1.8675e-02
2.1080e-02
2.2533e-02
2.2750e-02
2.1560e-02
1.8304e-02
1.2365e-02
4.0062e-03
-5.9412e-03
-1.6885e-02
-2.8485e-02
-4.0450e-02
-5.2456e-02
-6.3761e-02
-7.3329e-02
-8.0766e-02
-8.6356e-02
-9.0572e-02
-9.3655e-02
-9.5550e-02
-9.6256e-02
-9.5514e-02
-9.3034e-02
-8.8962e-02
-8.3411e-02
-7.6624e-02
-6.9103e-02
-6.0882e-02
-5.2058e-02
-4.2713e-02
-3.2919e-02
-2.3009e-02
-1.3329e-02
-4.0606e-03
4.3834e-03
1.1015e-02
1.5597e-02
1.8934e-02
2.1933e-02
2.5099e-02
2.8485e-02
3.1915e-02
3.5171e-02
3.7752e-02
3.9057e-02
3.8660e-02
3.6718e-02
3.4057e-02
3.1185e-02
2.8388e-02
2.5434e-02
2.2051e-02
1.8276e-02
1.3969e-02
8.8842e-03
3.0455e-03
-3.4499e-03
-1.0938e-02
-1.9431e-02
-2.8060e-02
-3.5838e-02
-4.2447e-02
-4.7924e-02
-5.2217e-02
-5.5654e-02
-5.8455e-02
-6.0932e-02
-6.3319e-02
-6.5336e-02
-6.6583e-02
-6.7236e-02
-6.7911e-02
-6.8794e-02
-6.9626e-02
-7.0106e-02
-6.9937e-02
-6.8739e-02
-6.6197e-02
-6.2332e-02
-5.7660e-02
-5.2519e-02
-4.7006e-02
-4.1179e-02
-3.5142e-02
-2.8787e-02
-2.2056e-02
-1.5389e-02
-9.1086e-03
-3.1688e-03
2.6414e-03
8.2408e-03
1.3438e-02
1.8204e-02
2.2652e-02
2.6647e-02
2.9484e-02
3.0414e-02
2.9112e-02
2.5555e-02
1.9721e-02
1.1959e-02
3.2620e-03
-5.6493e-03
-1.3908e-02
-2.0469e-02
-2.5245e-02
-2.8627e-02
-3.1155e-02
-3.3529e-02
-3.6253e-02
-3.9358e-02
-4.2221e-02
-4.4050e-02
-4.4490e-02
-4.3369e-02
-4.0540e-02
-3.6398e-02
-3.1478e-02
-2.5955e-02
-1.9495e-02
-1.1878e-02
-3.8159e-03
3.3397e-03
8.9471e-03
1.3205e-02
1.6685e-02
1.9740e-02
2.2104e-02
2.3416e-02
2.3731e-02
2.3491e-02
2.3360e-02
2.3941e-02
2.5280e-02
2.7062e-02
2.8661e-02
2.9713e-02
3.0673e-02
3.2093e-02
3.3790e-02
3.5363e-02
3.6707e-02
3.7447e-02
3.7377e-02
3.7104e-02
3.6907e-02
3.6489e-02
3.5804e-02
3.5115e-02
3.4440e-02
3.3278e-02
3.1358e-02
2.8718e-02
2.5699e-02
2.3108e-02
2.1043e-02
1.9021e-02
1.6817e-02
1.4304e-02
1.1494e-02
8.7639e-03
6.5050e-03
4.8068e-03
3.4504e-03
2.0911e-03
3.5376e-04
-2.3004e-03
-5.7112e-03
-9.5319e-03
-1.3918e-02
-1.9057e-02
-2.4483e-02
-2.9340e-02
-3.3157e-02
-3.6114e-02
-3.8772e-02
-4.1689e-02
-4.5550e-02
-5.0761e-02
-5.6949e-02
-6.3185e-02
-6.9026e-02
-7.4025e-02
-7.8181e-02
-8.1535e-02
-8.3053e-02
-8.1795e-02
-7.7794e-02
-7.1706e-02
-6.3993e-02
-5.5296e-02
-4.6020e-02
-3.6534e-02
-2.7186e-02
-1.8228e-02
-1.0050e-02
-2.8726e-03
3.6673e-03
1.0327e-02
1.7359e-02
2.4271e-02
3.0155e-02
3.4308e-02
3.6479e-02
3.6836e-02
3.5847e-02
3.4237e-02
3.2567e-02
3.1111e-02
2.9786e-02
2.8691e-02
2.8001e-02
2.7493e-02
2.6447e-02
2.4143e-02
2.0577e-02
1.6331e-02
1.1555e-02
6.4089e-03
1.1852e-03
-3.2140e-03
-5.8579e-03
-6.6109e-03
-5.9090e-03
-4.4655e-03
-3.1777e-03
-2.6011e-03
-2.7064e-03
-3.0943e-03
-3.4468e-03
-4.1803e-03
-5.8444e-03
-8.3463e-03
-1.1261e-02
-1.3910e-02
-1.5922e-02
-1.7272e-02
-1.7936e-02
-1.7733e-02
-1.6794e-02
-1.5654e-02
-1.4454e-02
-1.2840e-02
-1.0506e-02
-7.4959e-03
-4.0582e-03
-4.0117e-04
3.5593e-03
7.7169e-03
1.1695e-02
1.5218e-02
1.8425e-02
2.1908e-02
2.5898e-02
3.0126e-02
3.4379e-02
3.8127e-02
4.1040e-02
4.3324e-02
4.5076e-02
4.6181e-02
4.6626e-02
4.6435e-02
4.5382e-02
4.3126e-02
3.9328e-02
3.4041e-02
2.7808e-02
2.1316e-02
1.5023e-02
9.1876e-03
4.1074e-03
1.4050e-04
-2.2979e-03
-3.2240e-03
-3.3875e-03
-3.5604e-03
-3.6860e-03
-3.5995e-03
-3.3507e-03
-3.1000e-03
-2.9664e-03
-2.9632e-03
-3.0273e-03
-3.0954e-03
-3.3677e-03
-4.3963e-03
-6.5241e-03
-9.6119e-03
-1.3199e-02
-1.6762e-02
-1.9968e-02
-2.2507e-02
-2.4092e-02
-2.4973e-02
-2.5470e-02
-2.5762e-02
-2.5859e-02
-2.5187e-02
-2.3014e-02
-1.9161e-02
-1.3874e-02
-7.4666e-03
-5.6364e-04
6.1899e-03
1.2497e-02
1.8453e-02
2.4302e-02
2.9985e-02
3.5032e-02
3.9037e-02
4.1718e-02
4.2945e-02
4.2579e-02
4.0292e-02
3.5946e-02
2.9635e-02
2.1727e-02
1.3225e-02
5.3815e-03
-7.8476e-04
-4.5959e-03
-5.9437e-03
-4.8953e-03
-1.7737e-03
3.1769e-03
9.8878e-03
1.7723e-02
2.5575e-02
3.2210e-02
3.6958e-02
4.0119e-02
4.2485e-02
4.4307e-02
4.5084e-02
4.4467e-02
4.2239e-02
3.8597e-02
3.3804e-02
2.7571e-02
1.9358e-02
9.4372e-03
-1.0872e-03
-1.0965e-02
-1.9008e-02
-2.4918e-02
-2.9095e-02
-3.1677e-02
-3.2438e-02
-3.1411e-02
-2.8385e-02
-2.3108e-02
-1.6201e-02
-8.5198e-03
-3.0621e-04
7.9599e-03
1.5409e-02
2.1226e-02
2.5265e-02
2.7946e-02
2.9613e-02
3.0314e-02
2.9980e-02
2.9359e-02
2.9969e-02
3.2338e-02
3.5538e-02
3.8411e-02
4.0162e-02
4.0660e-02
4.0363e-02
3.9664e-02
3.8410e-02
3.6115e-02
3.2266e-02
2.6875e-02
2.0524e-02
1.3975e-02
8.1680e-03
3.7623e-03
5.9927e-05
-3.9277e-03
-8.3200e-03
-1.2857e-02
-1.7392e-02
-2.1616e-02
-2.5277e-02
-2.8198e-02
-3.0379e-02
-3.2009e-02
-3.3030e-02
-3.2822e-02
-3.0767e-02
-2.7218e-02
-2.3213e-02
-1.9940e-02
-1.8208e-02
-1.7994e-02
-1.8854e-02
-2.0242e-02
-2.1745e-02
-2.3153e-02
-2.4184e-02
-2.4676e-02
-2.4675e-02
-2.4097e-02
-2.2946e-02
-2.1384e-02
-1.9780e-02
-1.8706e-02
-1.8655e-02
-1.9230e-02
-1.9554e-02
-1.9214e-02
-1.8138e-02
-1.6597e-02
-1.4828e-02
-1.2750e-02
-1.0227e-02
-7.2896e-03
-4.1826e-03
-1.5057e-03
1.9865e-04
1.0896e-03
1.2849e-03
7.9940e-04
-3.4867e-04
-1.8924e-03
-3.6789e-03
-5.7286e-03
-7.6824e-03
-8.8802e-03
-8.7468e-03
-7.4263e-03
-5.4968e-03
-3.7324e-03
-2.7403e-03
-2.5961e-03
-3.1461e-03
-4.6360e-03
-6.9359e-03
-9.6639e-03
-1.2387e-02
-1.4649e-02
-1.6377e-02
-1.7727e-02
-1.9028e-02
-2.0295e-02
-2.1589e-02
-2.3388e-02
-2.5533e-02
-2.7629e-02
-3.0000e-02
-3.2968e-02
-3.6414e-02
-3.9968e-02
-4.3313e-02
-4.6204e-02
-4.8245e-02
-4.8974e-02
-4.8269e-02
-4.6619e-02
-4.4454e-02
-4.2178e-02
-4.0170e-02
-3.8275e-02
-3.6331e-02
-3.4667e-02
-3.3668e-02
-3.3380e-02
-3.3562e-02
-3.4081e-02
-3.4976e-02
-3.5728e-02
-3.5398e-02
-3.3700e-02
-3.1165e-02
-2.8034e-02
-2.4054e-02
-1.9284e-02
-1.4168e-02
-9.1644e-03
-4.4299e-03
3.6352e-04
5.3115e-03
1.0002e-02
1.4007e-02
1.7283e-02
2.0094e-02
2.2490e-02
2.4237e-02
2.5504e-02
2.6577e-02
2.7437e-02
2.7888e-02
2.7502e-02
2.6042e-02
2.4342e-02
2.3497e-02
2.3670e-02
2.4060e-02
2.4216e-02
2.4297e-02
2.4440e-02
2.4631e-02
2.4788e-02
2.4753e-02
2.4194e-02
2.3275e-02
2.3054e-02
2.4773e-02
2.8613e-02
3.3796e-02
3.9089e-02
4.3723e-02
4.7657e-02
5.0664e-02
5.2413e-02
5.2785e-02
5.1728e-02
4.9252e-02
4.5330e-02
3.9925e-02
3.2985e-02
2.4843e-02
1.6148e-02
7.1118e-03
-1.8455e-03
-9.9939e-03
-1.6720e-02
-2.1708e-02
-2.5017e-02
-2.7032e-02
-2.8432e-02
-2.9758e-02
-3.1076e-02
-3.2010e-02
-3.2661e-02
-3.3444e-02
-3.4961e-02
-3.7142e-02
-3.9202e-02
-4.0699e-02
-4.1747e-02
-4.2387e-02
-4.2348e-02
-4.1488e-02
-3.9931e-02
-3.7469e-02
-3.3933e-02
-2.9460e-02
-2.4093e-02
-1.7903e-02
-1.0907e-02
-3.4596e-03
3.4451e-03
9.0928e-03
1.3152e-02
1.5697e-02
1.6808e-02
1.6692e-02
1.5927e-02
1.4730e-02
1.2783e-02
9.5143e-03
4.6662e-03
-1.3978e-03
-7.9590e-03
-1.4409e-02
-2.0412e-02
-2.5516e-02
-2.9137e-02
-3.1304e-02
-3.2338e-02
-3.2160e-02
-3.0528e-02
-2.7459e-02
-2.3069e-02
-1.7445e-02
-1.0837e-02
-3.9628e-03
2.8563e-03
9.8985e-03
1.7793e-02
2.6281e-02
3.4413e-02
4.1588e-02
4.7707e-02
5.2656e-02
5.6559e-02
5.9337e-02
6.0537e-02
6.0338e-02
5.9307e-02
5.7678e-02
5.5207e-02
5.1365e-02
4.5807e-02
3.8462e-02
2.9715e-02
2.0159e-02
1.0581e-02
1.9726e-03
-5.1900e-03
-1.1223e-02
-1.6816e-02
-2.2254e-02
-2.7157e-02
-3.0870e-02
-3.3200e-02
-3.4548e-02
-3.5320e-02
-3.5734e-02
-3.5576e-02
-3.4189e-02
-3.0652e-02
-2.4774e-02
-1.7545e-02
-1.0233e-02
-3.3314e-03
2.9549e-03
8.4627e-03
1.2783e-02
1.5376e-02
1.6189e-02
1.5451e-02
1.3415e-02
1.0252e-02
6.5047e-03
2.6962e-03
-7.1082e-04
-3.8737e-03
-7.1961e-03
-1.0857e-02
-1.5120e-02
-2.0343e-02
-2.6704e-02
-3.3481e-02
-3.9828e-02
-4.5602e-02
-5.0957e-02
-5.5689e-02
-5.9668e-02
-6.2560e-02
-6.4084e-02
-6.4255e-02
-6.3131e-02
-6.0705e-02
-5.6852e-02
-5.1646e-02
-4.5557e-02
-3.9508e-02
-3.4571e-02
-3.0809e-02
-2.7824e-02
-2.5374e-02
-2.3293e-02
-2.1737e-02
-2.0628e-02
-1.9095e-02
-1.6248e-02
-1.2258e-02
-8.0151e-03
-4.5149e-03
-2.4744e-03
-1.9328e-03
-2.7528e-03
-4.8277e-03
-7.8162e-03
-1.1863e-02
-1.7031e-02
-2.2658e-02
-2.7409e-02
-3.0444e-02
-3.1935e-02
-3.2452e-02
-3.2605e-02
-3.3059e-02
-3.4140e-02
-3.5410e-02
-3.5970e-02
-3.5286e-02
-3.3462e-02
-3.0820e-02
-2.7765e-02
-2.4576e-02
-2.1151e-02
-1.7650e-02
-1.4218e-02
-1.1080e-02
-8.5034e-03
-6.5991e-03
-5.1228e-03
-3.7717e-03
-2.3139e-03
-7.4003e-04
9.1554e-04
2.5473e-03
4.1986e-03
6.2452e-03
9.0518e-03
1.2942e-02
1.8035e-02
2.4036e-02
3.0430e-02
3.6679e-02
4.2236e-02
4.7053e-02
5.1306e-02
5.5074e-02
5.8344e-02
6.0802e-02
6.2141e-02
6.2467e-02
6.2235e-02
6.1764e-02
6.0982e-02
6.0004e-02
5.8843e-02
5.7070e-02
5.4554e-02
5.1057e-02
4.6352e-02
4.0768e-02
3.5288e-02
3.0641e-02
2.6655e-02
2.2946e-02
1.9360e-02
1.5933e-02
1.2894e-02
1.0705e-02
9.4032e-03
8.4557e-03
7.3595e-03
5.8848e-03
4.4276e-03
3.5164e-03
3.5339e-03
4.5465e-03
6.1928e-03
8.2812e-03
1.1001e-02
1.4598e-02
1.8695e-02
2.2644e-02
2.6137e-02
2.9248e-02
3.1870e-02
3.3633e-02
3.4423e-02
3.4782e-02
3.5354e-02
3.5948e-02
3.6253e-02
3.6486e-02
3.6812e-02
3.7168e-02
3.7420e-02
3.7506e-02
3.7467e-02
3.7392e-02
3.7281e-02
3.6804e-02
3.5832e-02
3.4763e-02
3.4064e-02
3.3830e-02
3.3562e-02
3.2869e-02
3.2014e-02
3.1824e-02
3.3007e-02
3.5203e-02
3.7264e-02
3.8314e-02
3.8293e-02
3.7654e-02
3.6518e-02
3.4656e-02
3.1917e-02
2.8094e-02
2.3089e-02
1.7158e-02
1.0567e-02
3.1363e-03
-4.4693e-03
-1.0971e-02
-1.5978e-02
-1.9861e-02
-2.3274e-02
-2.6892e-02
-3.0437e-02
-3.2869e-02
-3.3325e-02
-3.2012e-02
-2.9822e-02
-2.7832e-02
-2.6608e-02
-2.5668e-02
-2.4150e-02
-2.1618e-02
-1.8106e-02
-1.3638e-02
-8.4648e-03
-3.3756e-03
7.3338e-04
3.5489e-03
5.7215e-03
7.4464e-03
8.0264e-03
7.0307e-03
4.7882e-03
1.4481e-03
-2.7262e-03
-6.9352e-03
-1.0675e-02
-1.3449e-02
-1.5139e-02
-1.6218e-02
-1.7002e-02
-1.7324e-02
-1.6858e-02
-1.5627e-02
-1.3898e-02
-1.2061e-02
-9.8663e-03
-6.9924e-03
-3.6552e-03
2.7592e-04
5.1006e-03
1.0814e-02
1.6838e-02
2.2203e-02
2.6557e-02
3.0618e-02
3.4874e-02
3.8826e-02
4.2101e-02
4.4592e-02
4.6123e-02
4.6679e-02
4.6265e-02
4.4805e-02
4.2725e-02
4.0905e-02
3.9642e-02
3.8392e-02
3.6759e-02
3.4784e-02
3.2507e-02
3.0148e-02
2.7731e-02
2.5121e-02
2.2173e-02
1.8403e-02
1.3795e-02
9.0096e-03
4.3197e-03
-6.7247e-04
-6.2432e-03
-1.1911e-02
-1.6758e-02
-1.9993e-02
-2.1380e-02
-2.1358e-02
-2.0507e-02
-1.9644e-02
-1.9093e-02
-1.8343e-02
-1.6988e-02
-1.4747e-02
-1.1887e-02
-9.0645e-03
-6.8410e-03
-5.2701e-03
-4.2067e-03
-3.9105e-03
-4.5727e-03
-6.0778e-03
-7.8277e-03
-9.0727e-03
-9.4869e-03
-9.2792e-03
-8.9021e-03
-8.7023e-03
-8.7636e-03
-9.0693e-03
-9.7892e-03
-1.0719e-02
-1.1085e-02
-1.0560e-02
-9.5835e-03
-8.6843e-03
-7.7234e-03
-6.2804e-03
-4.5387e-03
-3.0182e-03
-1.7708e-03
-6.2002e-04
7.0248e-04
2.1241e-03
3.4575e-03
5.1316e-03
7.1937e-03
8.9998e-03
9.9746e-03
9.9708e-03
9.1416e-03
8.3321e-03
8.2627e-03
8.8635e-03
9.6023e-03
1.0021e-02
9.9994e-03
9.6996e-03
9.0542e-03
7.5612e-03
5.3052e-03
2.6436e-03
-3.6316e-04
-3.7884e-03
-7.3311e-03
-1.1119e-02
-1.5460e-02
-2.0060e-02
-2.4141e-02
-2.7024e-02
-2.8926e-02
-3.0538e-02
-3.2054e-02
-3.3205e-02
-3.3590e-02
-3.2926e-02
-3.1446e-02
-2.9601e-02
-2.7679e-02
-2.5466e-02
-2.2860e-02
-1.9611e-02
-1.5779e-02
-1.1904e-02
-8.4029e-03
-5.5030e-03
-3.5335e-03
-2.6410e-03
-2.8095e-03
-3.8764e-03
-5.2019e-03
-6.3291e-03
-7.3091e-03
-8.1307e-03
-8.9193e-03
-9.9688e-03
-1.1336e-02
-1.2709e-02
-1.3575e-02
-1.4062e-02
-1.4419e-02
-1.4748e-02
-1.5018e-02
-1.5177e-02
-1.5218e-02
-1.5188e-02
-1.5135e-02
-1.4852e-02
-1.4030e-02
-1.2898e-02
-1.1752e-02
-1.0594e-02
-9.3431e-03
-7.6607e-03
-5.2437e-03
-2.1508e-03
1.0016e-03
3.5991e-03
5.6993e-03
7.5379e-03
9.2938e-03
1.1278e-02
1.3468e-02
1.5614e-02
1.7789e-02
2.0194e-02
2.2649e-02
2.4836e-02
2.6620e-02
2.8089e-02
2.9405e-02
3.0415e-02
3.0669e-02
2.9974e-02
2.8830e-02
2.7936e-02
2.7601e-02
2.7380e-02
2.6403e-02
2.4201e-02
2.0966e-02
1.7006e-02
1.2327e-02
6.9178e-03
1.1809e-03
-4.1272e-03
-8.7611e-03
-1.2896e-02
-1.6573e-02
-1.9579e-02
-2.2182e-02
-2.4687e-02
-2.7159e-02
-2.9661e-02
-3.1964e-02
-3.3900e-02
-3.5453e-02
-3.6845e-02
-3.8193e-02
-3.9339e-02
-4.0338e-02
-4.0962e-02
-4.0902e-02
-4.0280e-02
-3.9141e-02
-3.7321e-02
-3.4775e-02
-3.1715e-02
-2.8467e-02
-2.5193e-02
-2.1649e-02
-1.7952e-02
-1.4176e-02
-1.0338e-02
-6.7223e-03
-3.8424e-03
-1.6978e-03
1.7469e-04
1.8720e-03
3.1059e-03
3.6808e-03
3.7086e-03
3.4958e-03
3.2171e-03
2.6462e-03
1.6356e-03
1.6672e-04
-1.4225e-03
-2.7125e-03
-3.7768e-03
-4.7291e-03
-5.4550e-03
-5.7088e-03
-5.1729e-03
-3.9162e-03
-2.0449e-03
2.4607e-04
2.4706e-03
4.3545e-03
5.8911e-03
7.4843e-03
9.6079e-03
1.2236e-02
1.4642e-02
1.6236e-02
1.7037e-02
1.7214e-02
1.7320e-02
1.7553e-02
1.7474e-02
1.6728e-02
1.5107e-02
1.2800e-02
1.0265e-02
7.5951e-03
5.0119e-03
2.5559e-03
-1.6777e-04
-3.8417e-03
-8.5051e-03
-1.3308e-02
-1.7523e-02
-2.0634e-02
-2.2883e-02
-2.4765e-02
-2.6287e-02
-2.6984e-02
-2.6252e-02
-2.3998e-02
-2.0741e-02
-1.7220e-02
-1.3946e-02
-1.1251e-02
-9.0120e-03
-6.2106e-03
-2.1666e-03
2.6132e-03
7.1501e-03
1.0853e-02
1.3560e-02
1.5398e-02
1.6772e-02
1.7582e-02
1.7465e-02
1.6660e-02
1.5498e-02
1.3869e-02
1.1842e-02
9.3784e-03
5.9767e-03
1.8018e-03
-2.4258e-03
-6.1289e-03
-9.2088e-03
-1.1920e-02
-1.4363e-02
-1.6743e-02
-1.9006e-02
-2.0742e-02
-2.1876e-02
-2.2444e-02
-2.2345e-02
-2.1814e-02
-2.1284e-02
-2.1042e-02
-2.1101e-02
-2.1290e-02
-2.1425e-02
-2.1407e-02
-2.1264e-02
-2.1103e-02
-2.0952e-02
-2.0564e-02
-2.0067e-02
-1.9573e-02
-1.8950e-02
-1.7963e-02
-1.6605e-02
-1.4914e-02
-1.2709e-02
-9.5313e-03
-5.0421e-03
3.5773e-04
6.3254e-03
1.2690e-02
1.8829e-02
2.4269e-02
2.8840e-02
3.2317e-02
3.5070e-02
3.7496e-02
3.9389e-02
4.0446e-02
4.0698e-02
4.0376e-02
3.9409e-02
3.7580e-02
3.4910e-02
3.1620e-02
2.7756e-02
2.3564e-02
1.9545e-02
1.6026e-02
1.2991e-02
1.0302e-02
8.0400e-03
6.1542e-03
4.4467e-03
2.3621e-03
-2.8817e-04
-3.6838e-03
-7.9354e-03
-1.2466e-02
-1.6639e-02
-1.9892e-02
-2.2118e-02
-2.3419e-02
-2.3807e-02
-2.3239e-02
-2.2158e-02
-2.1237e-02
-2.0682e-02
-1.9923e-02
-1.8459e-02
-1.6639e-02
-1.5223e-02
-1.4639e-02
-1.4581e-02
-1.4264e-02
-1.3424e-02
-1.2427e-02
-1.1575e-02
-1.0880e-02
-1.0496e-02
-1.0184e-02
-9.5386e-03
-8.1444e-03
-5.9932e-03
-3.8095e-03
-2.4143e-03
-2.0589e-03
-2.3892e-03
-2.8393e-03
-3.0313e-03
-2.9178e-03
-2.6738e-03
-2.4877e-03
-2.2267e-03
-1.5128e-03
-4.6342e-04
6.7699e-04
1.8829e-03
3.1505e-03
4.5758e-03
6.1256e-03
7.7308e-03
9.0595e-03
1.0056e-02
1.1266e-02
1.3008e-02
1.5053e-02
1.7072e-02
1.8803e-02
2.0256e-02
2.1328e-02
2.1907e-02
2.2040e-02
2.1677e-02
2.0490e-02
1.8541e-02
1.6348e-02
1.4103e-02
1.1466e-02
8.2127e-03
4.6305e-03
5.7594e-04
-3.8263e-03
-7.9741e-03
-1.1565e-02
-1.4583e-02
-1.7386e-02
-1.9985e-02
-2.2471e-02
-2.4833e-02
-2.6657e-02
-2.7599e-02
-2.7725e-02
-2.7193e-02
-2.6118e-02
-2.5227e-02
-2.5277e-02
-2.5848e-02
-2.6002e-02
-2.5432e-02
-2.4233e-02
-2.2705e-02
-2.1384e-02
-2.0358e-02
-1.9116e-02
-1.7436e-02
-1.5796e-02
-1.4731e-02
-1.4084e-02
-1.3055e-02
-1.1022e-02
-8.0467e-03
-4.9215e-03
-2.3875e-03
-3.8034e-04
1.3474e-03
2.6865e-03
3.4506e-03
3.6643e-03
3.5199e-03
2.9503e-03
1.6061e-03
-3.7090e-04
-2.2400e-03
-3.6421e-03
-5.0441e-03
-7.3002e-03
-1.0512e-02
-1.3628e-02
-1.5871e-02
-1.7511e-02
-1.9006e-02
-2.0311e-02
-2.1167e-02
-2.1443e-02
-2.1041e-02
-2.0266e-02
-1.9475e-02
-1.8438e-02
-1.7002e-02
-1.5160e-02
-1.2920e-02
-1.0709e-02
-9.0419e-03
-7.4580e-03
-5.1650e-03
-2.3271e-03
4.2114e-04
2.5632e-03
4.1546e-03
5.8255e-03
8.1243e-03
1.1065e-02
1.3934e-02
1.5828e-02
1.6432e-02
1.6138e-02
1.5622e-02
1.5368e-02
1.5474e-02
1.5755e-02
1.5908e-02
1.5537e-02
1.4857e-02
1.4156e-02
1.3544e-02
1.3419e-02
1.3644e-02
1.3746e-02
1.3908e-02
1.4439e-02
1.5192e-02
1.5806e-02
1.6063e-02
1.6069e-02
1.6342e-02
1.7227e-02
1.8735e-02
2.0519e-02
2.2271e-02
2.3827e-02
2.5265e-02
2.6595e-02
2.7575e-02
2.7961e-02
2.7485e-02
2.6335e-02
2.4996e-02
2.3662e-02
2.2543e-02
2.1876e-02
2.1707e-02
2.1672e-02
2.1162e-02
2.0139e-02
1.9097e-02
1.8493e-02
1.8253e-02
1.7827e-02
1.6856e-02
1.5296e-02
1.3467e-02
1.1513e-02
9.4654e-03
7.6721e-03
6.3879e-03
5.3780e-03
4.3241e-03
2.9890e-03
1.4098e-03
-4.8368e-04
-2.6605e-03
-4.4304e-03
-5.0924e-03
-5.0167e-03
-5.0654e-03
-5.9011e-03
-7.3308e-03
-8.6266e-03
-9.2490e-03
-9.0193e-03
-7.9683e-03
-6.5902e-03
-5.3566e-03
-4.2554e-03
-3.3429e-03
-2.7524e-03
-2.2733e-03
-1.4710e-03
-4.2656e-04
4.4188e-04
8.4459e-04
8.1095e-04
5.7924e-04
6.1389e-04
1.3498e-03
2.5258e-03
3.5077e-03
3.8812e-03
3.6895e-03
3.2721e-03
3.1962e-03
3.9044e-03
5.0952e-03
6.1230e-03
6.7887e-03
7.1689e-03
7.4367e-03
8.2311e-03
1.0031e-02
1.2509e-02
1.4944e-02
1.6856e-02
1.8233e-02
1.9341e-02
2.0198e-02
2.0695e-02
2.0834e-02
2.0739e-02
2.0571e-02
2.0416e-02
2.0023e-02
1.9112e-02
1.7689e-02
1.6014e-02
1.4556e-02
1.3360e-02
1.2297e-02
1.1394e-02
1.0436e-02
9.2372e-03
7.7258e-03
6.1117e-03
4.8806e-03
4.3295e-03
4.3600e-03
4.6260e-03
4.7950e-03
4.7573e-03
4.5858e-03
4.4108e-03
4.3493e-03
4.4227e-03
4.5549e-03
4.5714e-03
4.0605e-03
3.0067e-03
1.9083e-03
1.1495e-03
4.9010e-04
-2.9728e-04
-1.0658e-03
-1.6860e-03
-2.4336e-03
-3.4945e-03
-4.8201e-03
-5.8695e-03
-6.5082e-03
-6.9545e-03
-7.3020e-03
-7.5149e-03
-7.5735e-03
-7.5300e-03
-7.4627e-03
-7.3118e-03
-6.7221e-03
-5.6842e-03
-4.5024e-03
-3.2561e-03
-1.9625e-03
-5.6919e-04
7.2227e-04
1.7603e-03
2.7697e-03
3.7830e-03
4.5626e-03
4.7560e-03
4.0706e-03
2.6765e-03
9.2741e-04
-6.2004e-04
-1.6668e-03
-2.5047e-03
-3.5146e-03
-4.9174e-03
-6.5796e-03
-8.3003e-03
-9.7227e-03
-1.0745e-02
-1.1705e-02
-1.2661e-02
-1.3407e-02
-1.4025e-02
-1.4857e-02
-1.5807e-02
-1.6530e-02
-1.6827e-02
-1.6778e-02
-1.6831e-02
-1.7479e-02
-1.8566e-02
-1.9552e-02
-1.9799e-02
-1.8968e-02
-1.7609e-02
-1.6827e-02
-1.7290e-02
-1.8572e-02
-1.9748e-02
-2.0229e-02
-2.0002e-02
-1.9157e-02
-1.7568e-02
-1.5259e-02
-1.2982e-02
-1.1491e-02
-1.0707e-02
-1.0030e-02
-8.9566e-03
-7.3616e-03
-5.4718e-03
-3.5615e-03
-1.9164e-03
-8.7150e-04
-5.3434e-04
-6.8570e-04
-9.3729e-04
-1.0154e-03
-8.9127e-04
-7.0019e-04
-5.9860e-04
-6.2065e-04
-6.9263e-04
-7.3929e-04
-6.5169e-04
-7.1570e-05
1.0201e-03
2.2380e-03
3.4485e-03
4.5381e-03
5.2921e-03
5.6299e-03
5.6382e-03
5.5003e-03
5.3958e-03
5.4235e-03
5.5504e-03
5.6607e-03
5.6916e-03
5.5197e-03
4.8604e-03
3.6921e-03
2.1283e-03
5.9830e-04
-5.7938e-04
-1.5772e-03
-2.6612e-03
-4.0435e-03
-5.4792e-03
-6.6553e-03
-7.6980e-03
-8.8216e-03
-1.0038e-02
-1.0931e-02
-1.1489e-02
-1.1878e-02
-1.2181e-02
-1.2400e-02
-1.2505e-02
-1.2486e-02
-1.2395e-02
-1.2297e-02
-1.1986e-02
-1.0919e-02
-9.0307e-03
-7.0536e-03
-5.7629e-03
-5.1782e-03
-4.7038e-03
-4.2928e-03
-4.3942e-03
-5.0254e-03
-6.0148e-03
-7.3237e-03
-8.8685e-03
-1.0456e-02
-1.1696e-02
-1.2601e-02
-1.3515e-02
-1.4712e-02
-1.6185e-02
-1.7497e-02
-1.8236e-02
-1.8355e-02
-1.8123e-02
-1.7875e-02
-1.7762e-02
-1.7519e-02
-1.7072e-02
-1.6548e-02
-1.5850e-02
-1.4704e-02
-1.2856e-02
-1.0609e-02
-8.4148e-03
-6.5902e-03
-5.0876e-03
-3.7927e-03
-2.8309e-03
-2.3268e-03
-2.2247e-03
-2.3281e-03
-2.4381e-03
-2.4563e-03
-2.3941e-03
-2.3139e-03
-2.1621e-03
-1.5998e-03
-4.8300e-04
1.1128e-03
2.7683e-03
4.0153e-03
4.9728e-03
5.8465e-03
6.6816e-03
7.7112e-03
9.0463e-03
1.0835e-02
1.2892e-02
1.4464e-02
1.5366e-02
1.5803e-02
1.5985e-02
1.6069e-02
1.6127e-02
1.6348e-02
1.7074e-02
1.8176e-02
1.9157e-02
1.9813e-02
2.0461e-02
2.1239e-02
2.1951e-02
2.2372e-02
2.2462e-02
2.2341e-02
2.1943e-02
2.1063e-02
1.9951e-02
1.8863e-02
1.7736e-02
1.6469e-02
1.4998e-02
1.3402e-02
1.1522e-02
9.3625e-03
7.1407e-03
4.8741e-03
2.6963e-03
7.8379e-04
-7.8957e-04
-1.8945e-03
-2.7534e-03
-3.7141e-03
-4.6759e-03
-5.3277e-03
-5.5350e-03
-5.4212e-03
-5.1761e-03
-4.6075e-03
-3.2931e-03
-1.3878e-03
4.1430e-04
1.8326e-03
2.9170e-03
3.6485e-03
4.1062e-03
4.7369e-03
5.8329e-03
7.3943e-03
9.0967e-03
1.0388e-02
1.0951e-02
1.0901e-02
1.0533e-02
9.9383e-03
9.4443e-03
9.0442e-03
8.5663e-03
8.0686e-03
7.6044e-03
7.0163e-03
6.4988e-03
6.0418e-03
5.5318e-03
5.0790e-03
4.8299e-03
4.8016e-03
4.8917e-03
4.8572e-03
4.4540e-03
4.0667e-03
4.0925e-03
4.6675e-03
6.0015e-03
7.8721e-03
9.2554e-03
9.5170e-03
8.9191e-03
8.3365e-03
8.4676e-03
9.1349e-03
1.0077e-02
1.0994e-02
1.1748e-02
1.2569e-02
1.3485e-02
1.4022e-02
1.3629e-02
1.2072e-02
9.4143e-03
6.1899e-03
2.8715e-03
2.5805e-04
-1.3136e-03
-2.4951e-03
-3.9807e-03
-5.8519e-03
-7.8519e-03
-9.4239e-03
-1.0184e-02
-1.0194e-02
-9.8435e-03
-9.5476e-03
-9.4980e-03
-9.6446e-03
-9.8057e-03
-9.8566e-03
-9.7942e-03
-9.6917e-03
-9.6228e-03
-9.6144e-03
-9.6471e-03
-9.6842e-03
-9.7030e-03
-9.7206e-03
-9.7240e-03
-9.4090e-03
-8.4998e-03
-7.0246e-03
-5.2895e-03
-3.8872e-03
-3.2152e-03
-3.1501e-03
-3.0617e-03
-2.7511e-03
-2.2294e-03
-1.5105e-03
-8.3109e-04
-4.3134e-04
-3.5926e-04
-4.8208e-04
-6.1994e-04
-6.6569e-04
-6.1784e-04
-5.3546e-04
-3.6437e-04
2.3848e-04
1.2791e-03
2.3038e-03
2.8913e-03
2.9619e-03
2.6215e-03
1.7922e-03
5.4190e-04
-9.9408e-04
-2.5844e-03
-4.2682e-03
-6.3316e-03
-8.8196e-03
-1.1279e-02
-1.3371e-02
-1.4887e-02
-1.5860e-02
-1.6719e-02
-1.7635e-02
-1.8412e-02
-1.8656e-02
-1.7842e-02
-1.5941e-02
-1.3769e-02
-1.2262e-02
-1.1620e-02
-1.1236e-02
-1.0670e-02
-9.9831e-03
-9.4433e-03
-9.2205e-03
-9.4414e-03
-1.0260e-02
-1.1401e-02
-1.2328e-02
-1.2699e-02
-1.2388e-02
-1.1377e-02
-1.0082e-02
-8.8637e-03
-7.7161e-03
-6.7685e-03
-6.1836e-03
-5.7585e-03
-5.0201e-03
-3.7844e-03
-2.1572e-03
-6.6429e-04
4.4224e-04
1.4083e-03
2.2827e-03
2.9118e-03
3.1887e-03
2.9519e-03
2.0583e-03
6.4729e-04
-1.0477e-03
-2.7395e-03
-4.5612e-03
-6.6026e-03
-8.6403e-03
-1.0512e-02
-1.2186e-02
-1.3678e-02
-1.4793e-02
-1.5405e-02
-1.5877e-02
-1.6657e-02
-1.7642e-02
-1.8435e-02
-1.8780e-02
-1.8682e-02
-1.8062e-02
-1.6885e-02
-1.5286e-02
-1.3278e-02
-1.1128e-02
-9.4148e-03
-8.2284e-03
-6.9765e-03
-5.2690e-03
-3.0972e-03
-5.8876e-04
1.8131e-03
3.8193e-03
5.3909e-03
6.7455e-03
8.0869e-03
9.5811e-03
1.1142e-02
1.2448e-02
1.3548e-02
1.4578e-02
1.5414e-02
1.5893e-02
1.6011e-02
1.5921e-02
1.5804e-02
1.5705e-02
1.5230e-02
1.3945e-02
1.2442e-02
1.1688e-02
1.1907e-02
1.2727e-02
1.3879e-02
1.5050e-02
1.5881e-02
1.6105e-02
1.5367e-02
1.3695e-02
1.2137e-02
1.1611e-02
1.2070e-02
1.2867e-02
1.3499e-02
1.4128e-02
1.5023e-02
1.6339e-02
1.7704e-02
1.8343e-02
1.8225e-02
1.7682e-02
1.7269e-02
1.7024e-02
1.6542e-02
1.5490e-02
1.4128e-02
1.3039e-02
1.2569e-02
1.2468e-02
1.1909e-02
1.0371e-02
8.3511e-03
6.7795e-03
6.1704e-03
6.3695e-03
6.8602e-03
7.3631e-03
8.0659e-03
8.9554e-03
9.7363e-03
1.0363e-02
1.1147e-02
1.2079e-02
1.2875e-02
1.3287e-02
1.3316e-02
1.3390e-02
1.3793e-02
1.4069e-02
1.3894e-02
1.3410e-02
1.2953e-02
1.2738e-02
1.2529e-02
1.1646e-02
9.8563e-03
7.6391e-03
5.7717e-03
5.0779e-03
5.5409e-03
6.4691e-03
7.1589e-03
7.3135e-03
7.0689e-03
6.7478e-03
6.5541e-03
6.2145e-03
5.1335e-03
3.2907e-03
1.4419e-03
2.9652e-04
-2.6925e-04
-8.2647e-04
-1.5413e-03
-2.2085e-03
-2.6003e-03
-2.6724e-03
-2.5526e-03
-2.4138e-03
-2.3608e-03
-2.3982e-03
-2.4695e-03
-2.5173e-03
-2.5199e-03
-2.4918e-03
-2.4612e-03
-2.4471e-03
-2.4514e-03
-2.3953e-03
-1.9179e-03
-9.1085e-04
1.9794e-04
1.0145e-03
1.7225e-03
2.5514e-03
3.3630e-03
3.9055e-03
4.0823e-03
3.8831e-03
3.0190e-03
1.2728e-03
-9.3721e-04
-3.0752e-03
-4.6809e-03
-5.7094e-03
-6.9764e-03
-8.8299e-03
-1.0800e-02
-1.2554e-02
-1.3886e-02
-1.4628e-02
-1.4689e-02
-1.3935e-02
-1.2560e-02
-1.0695e-02
-8.4748e-03
-6.2932e-03
-4.3818e-03
-2.7918e-03
-1.1730e-03
7.5577e-04
2.6500e-03
4.0995e-03
5.2020e-03
5.9242e-03
6.0818e-03
6.0620e-03
6.2053e-03
6.2799e-03
5.5679e-03
3.8423e-03
1.8427e-03
4.8651e-04
1.3942e-04
5.2802e-04
1.0828e-03
1.3731e-03
1.3098e-03
1.0642e-03
8.5911e-04
8.0882e-04
8.8848e-04
1.0015e-03
1.0640e-03
1.0347e-03
9.2927e-04
8.1337e-04
7.4623e-04
7.4183e-04
8.2407e-04
1.2271e-03
1.7609e-03
1.9307e-03
1.6443e-03
1.1768e-03
8.4383e-04
7.7512e-04
8.9738e-04
1.0535e-03
1.1293e-03
1.1062e-03
9.6716e-04
4.1993e-04
-5.4921e-04
-1.1514e-03
-8.4926e-04
5.2865e-05
9.0024e-04
1.2717e-03
1.0831e-03
3.6139e-04
-3.8128e-04
-9.5734e-04
-1.4880e-03
-2.0693e-03
-2.9489e-03
-4.0838e-03
-5.2568e-03
-6.6534e-03
-8.4605e-03
-1.0457e-02
-1.2387e-02
-1.3891e-02
-1.4692e-02
-1.4842e-02
-1.4653e-02
-1.4438e-02
-1.4169e-02
-1.3303e-02
-1.1331e-02
-8.5431e-03
-5.8067e-03
-3.6857e-03
-1.9907e-03
8.0551e-07
2.3957e-03
5.0746e-03
7.9431e-03
1.0928e-02
1.4025e-02
1.7251e-02
2.0492e-02
2.3350e-02
2.5584e-02
2.7476e-02
2.8965e-02
2.9598e-02
2.9349e-02
2.8404e-02
2.7054e-02
2.5856e-02
2.5181e-02
2.4666e-02
2.3460e-02
2.1183e-02
1.8409e-02
1.5884e-02
1.4019e-02
1.2620e-02
1.1062e-02
9.2325e-03
7.6422e-03
6.7749e-03
6.6892e-03
7.0484e-03
7.4173e-03
7.5448e-03
7.4377e-03
7.2513e-03
7.1257e-03
7.0862e-03
7.0931e-03
7.2191e-03
7.8104e-03
8.8600e-03
9.8938e-03
1.0342e-02
9.7576e-03
8.4340e-03
7.1645e-03
6.3663e-03
5.7518e-03
4.9292e-03
3.8252e-03
2.8836e-03
2.1910e-03
1.4871e-03
4.1736e-04
-1.0573e-03
-2.8006e-03
-4.3591e-03
-5.0537e-03
-4.5057e-03
-3.2305e-03
-2.1074e-03
-1.6626e-03
-1.8331e-03
-1.9816e-03
-1.4073e-03
-2.0207e-04
1.2253e-03
2.8720e-03
4.4667e-03
5.5770e-03
6.3007e-03
7.0852e-03
8.2729e-03
9.8607e-03
1.1579e-02
1.2910e-02
1.3526e-02
1.3515e-02
1.3188e-02
1.2633e-02
1.2100e-02
1.1581e-02
1.0564e-02
9.0251e-03
7.5137e-03
6.3196e-03
5.7488e-03
5.9744e-03
6.6508e-03
7.2513e-03
7.4089e-03
6.8311e-03
5.6482e-03
4.4671e-03
3.8081e-03
3.6441e-03
3.3342e-03
2.4261e-03
8.4910e-04
-9.2649e-04
-2.2060e-03
-2.6647e-03
-2.5969e-03
-2.7831e-03
-3.5725e-03
-4.7887e-03
-6.2543e-03
-7.7635e-03
-9.2378e-03
-1.0307e-02
-1.0567e-02
-1.0428e-02
-1.0451e-02
-1.0800e-02
-1.1280e-02
-1.1628e-02
-1.1723e-02
-1.1626e-02
-1.1466e-02
-1.1333e-02
-1.1269e-02
-1.1270e-02
-1.1310e-02
-1.1596e-02
-1.2438e-02
-1.3811e-02
-1.5484e-02
-1.6913e-02
-1.7669e-02
-1.7765e-02
-1.7549e-02
-1.7331e-02
-1.7004e-02
-1.6606e-02
-1.6558e-02
-1.6973e-02
-1.7803e-02
-1.8633e-02
-1.8822e-02
-1.8326e-02
-1.7605e-02
-1.7130e-02
-1.7064e-02
-1.7337e-02
-1.7987e-02
-1.8672e-02
-1.9199e-02
-1.9699e-02
-2.0167e-02
-2.0501e-02
-2.0643e-02
-2.0636e-02
-2.0571e-02
-2.0527e-02
-2.0530e-02
-2.0563e-02
-2.0514e-02
-2.0099e-02
-1.9518e-02
-1.8879e-02
-1.8194e-02
-1.7518e-02
-1.6653e-02
-1.5491e-02
-1.3996e-02
-1.2454e-02
-1.1351e-02
-1.0815e-02
-1.0351e-02
-9.5123e-03
-8.1133e-03
-6.2946e-03
-4.1722e-03
-1.8877e-03
5.4110e-05
1.1679e-03
1.4151e-03
1.1633e-03
8.6472e-04
7.7144e-04
7.1385e-04
4.2326e-04
2.2102e-04
1.2271e-04
-7.1851e-05
-2.9633e-04
-7.4974e-04
-1.3933e-03
-1.9593e-03
-2.2422e-03
-2.2283e-03
-1.8180e-03
-1.0942e-03
-7.4096e-04
-1.0403e-03
-1.6500e-03
-1.8119e-03
-1.0697e-03
1.8236e-04
1.2194e-03
1.6620e-03
1.8805e-03
2.4786e-03
3.7162e-03
5.3877e-03
6.9321e-03
8.4222e-03
1.0245e-02
1.2144e-02
1.3857e-02
1.5288e-02
1.6252e-02
1.6673e-02
1.6623e-02
1.6002e-02
1.4904e-02
1.3826e-02
1.3146e-02
1.2547e-02
1.1349e-02
9.5474e-03
7.7766e-03
6.3236e-03
5.1098e-03
3.8132e-03
2.4190e-03
1.1881e-03
6.7276e-05
-9.6957e-04
-1.7402e-03
-2.1093e-03
-2.0200e-03
-1.2942e-03
-1.1945e-04
9.4412e-04
1.4793e-03
1.4750e-03
1.3276e-03
1.8138e-03
3.4068e-03
5.5812e-03
7.4996e-03
8.9206e-03
1.0010e-02
1.0972e-02
1.1669e-02
1.2260e-02
1.2866e-02
1.3360e-02
1.3607e-02
1.3617e-02
1.3511e-02
1.3418e-02
1.3400e-02
1.3444e-02
1.3501e-02
1.3531e-02
1.3527e-02
1.3504e-02
1.3485e-02
1.3470e-02
1.3219e-02
1.2190e-02
1.0304e-02
8.0995e-03
6.0687e-03
4.4571e-03
3.1283e-03
2.0646e-03
1.1245e-03
-2.2630e-04
-2.3972e-03
-5.1104e-03
-7.4349e-03
-8.8689e-03
-9.7146e-03
-1.0293e-02
-1.0713e-02
-1.1018e-02
-1.1472e-02
-1.2030e-02
-1.2202e-02
-1.1866e-02
-1.1318e-02
-1.0915e-02
-1.0815e-02
-1.0940e-02
-1.1153e-02
-1.1576e-02
-1.2096e-02
-1.2216e-02
-1.1838e-02
-1.1274e-02
-1.0881e-02
-1.0800e-02
-1.0939e-02
-1.1114e-02
-1.1131e-02
-1.0640e-02
-9.5819e-03
-8.3565e-03
-7.1533e-03
-6.0427e-03
-5.1637e-03
-4.3198e-03
-3.3445e-03
-2.3698e-03
-1.3865e-03
-6.4435e-04
-1.7837e-04
2.7372e-04
7.5724e-04
1.1449e-03
1.2233e-03
7.5472e-04
2.0111e-04
1.1671e-04
5.2976e-04
1.1014e-03
1.5962e-03
2.2585e-03
3.2892e-03
4.7300e-03
6.2546e-03
7.3439e-03
7.7539e-03
7.6406e-03
7.3589e-03
7.1938e-03
7.2267e-03
7.3702e-03
7.3598e-03
6.5990e-03
4.8142e-03
2.4817e-03
4.8062e-05
-2.2346e-03
-3.9751e-03
-4.8835e-03
-5.0463e-03
-4.8344e-03
-4.6186e-03
-4.4146e-03
-3.8759e-03
-2.9978e-03
-2.1478e-03
-1.4819e-03
-7.1204e-04
2.1374e-04
1.0178e-03
1.4516e-03
1.5033e-03
1.3524e-03
1.2239e-03
1.4154e-03
2.2221e-03
3.4202e-03
4.6482e-03
5.8550e-03
6.9007e-03
7.5690e-03
7.8129e-03
8.0010e-03
8.6426e-03
9.6581e-03
1.0799e-02
1.2010e-02
1.3060e-02
1.3935e-02
1.4926e-02
1.6191e-02
1.7741e-02
1.9184e-02
2.0067e-02
2.0037e-02
1.9018e-02
1.7606e-02
1.6340e-02
1.5255e-02
1.4171e-02
1.2853e-02
1.1313e-02
9.6614e-03
8.2829e-03
7.2525e-03
6.2734e-03
5.3092e-03
4.2934e-03
3.1500e-03
2.1221e-03
1.5015e-03
1.3087e-03
1.0700e-03
3.3060e-04
-7.6168e-04
-2.0031e-03
-3.2907e-03
-4.3313e-03
-4.9193e-03
-5.3137e-03
-5.6973e-03
-6.1189e-03
-7.0344e-03
-8.5738e-03
-1.0132e-02
-1.0788e-02
-1.0115e-02
-8.4136e-03
-6.3835e-03
-4.8682e-03
-4.2871e-03
-4.4564e-03
-4.8760e-03
-5.1283e-03
-5.0185e-03
-4.3176e-03
-3.1140e-03
-1.9476e-03
-1.2270e-03
-7.4603e-04
-4.2045e-04
-1.0380e-04
4.0785e-04
9.2650e-04
8.6483e-04
9.3771e-06
-1.1219e-03
-1.9356e-03
-2.5500e-03
-3.2901e-03
-4.0867e-03
-4.6796e-03
-4.9241e-03
-4.8839e-03
-4.7377e-03
-4.6397e-03
-4.6427e-03
-4.7105e-03
-4.7772e-03
-4.8013e-03
-4.7831e-03
-4.7511e-03
-4.8386e-03
-5.3954e-03
-6.4072e-03
-7.5240e-03
-8.6867e-03
-9.6955e-03
-9.9228e-03
-9.2264e-03
-8.2867e-03
-8.1311e-03
-9.0236e-03
-1.0322e-02
-1.1238e-02
-1.1279e-02
-1.0306e-02
-8.8244e-03
-7.4562e-03
-6.3266e-03
-5.4542e-03
-4.7437e-03
-3.8578e-03
-2.7809e-03
-1.8432e-03
-1.1628e-03
-6.0181e-04
-4.4335e-04
-8.0241e-04
-1.3741e-03
-1.8027e-03
-2.1543e-03
-2.8218e-03
-3.7502e-03
-4.5545e-03
-4.9387e-03
-4.6939e-03
-3.9657e-03
-3.5002e-03
-3.4261e-03
-2.9649e-03
-1.8141e-03
-7.8715e-04
-5.0976e-04
-9.0303e-04
-1.4862e-03
-1.8337e-03
-2.0625e-03
-2.6620e-03
-3.5896e-03
-4.4436e-03
-5.2188e-03
-6.4138e-03
-8.1498e-03
-9.8470e-03
-1.0879e-02
-1.1094e-02
-1.0801e-02
-1.0466e-02
-1.0608e-02
-1.1221e-02
-1.1933e-02
-1.2592e-02
-1.2777e-02
-1.2185e-02
-1.1164e-02
-1.0321e-02
-9.9309e-03
-9.5167e-03
-8.3516e-03
-6.5002e-03
-4.7583e-03
-3.8077e-03
-3.7316e-03
-4.1279e-03
-4.5072e-03
-4.5396e-03
-3.9031e-03
-2.6762e-03
-1.4469e-03
-7.4599e-04
-5.9893e-04
-4.8710e-04
-2.3467e-04
1.8256e-04
4.9351e-04
6.3014e-04
4.3946e-04
-1.2346e-04
-7.7288e-04
-1.0882e-03
-7.3024e-04
-1.6058e-04
-1.2285e-05
-4.8625e-04
-1.6146e-03
-3.0183e-03
-4.1073e-03
-4.6721e-03
-5.1508e-03
-5.8666e-03
-6.6706e-03
-7.4329e-03
-8.3483e-03
-9.3694e-03
-1.0182e-02
-1.0567e-02
-1.0564e-02
-1.0388e-02
-1.0248e-02
-1.0228e-02
-1.0117e-02
-9.4925e-03
-8.4214e-03
-7.2407e-03
-6.0311e-03
-4.9341e-03
-4.1899e-03
-3.9077e-03
-3.9795e-03
-3.9326e-03
-3.2484e-03
-2.1108e-03
-1.0973e-03
-3.9810e-04
6.6109e-05
5.2165e-05
-1.9128e-04
-2.2432e-04
-4.0690e-05
2.6283e-04
4.7201e-04
8.0389e-04
1.0753e-03
1.0061e-03
7.2426e-04
1.8158e-04
-5.2211e-04
-1.4100e-03
-2.5373e-03
-3.6108e-03
-4.2808e-03
-4.4174e-03
-3.9191e-03
-2.8392e-03
-1.6720e-03
-9.3436e-04
-7.7929e-04
-9.5859e-04
-8.4944e-04
-3.0762e-05
1.1889e-03
2.1852e-03
2.5885e-03
2.4676e-03
2.1495e-03
1.9346e-03
1.9315e-03
2.1323e-03
2.7327e-03
3.7634e-03
4.8964e-03
6.0511e-03
7.2074e-03
8.0562e-03
8.1167e-03
7.6692e-03
7.4659e-03
7.7668e-03
8.3337e-03
8.8065e-03
8.8671e-03
8.0770e-03
6.2739e-03
4.1056e-03
2.5192e-03
1.9637e-03
2.1030e-03
2.0335e-03
1.3141e-03
2.7527e-04
-5.2211e-04
-6.7565e-04
7.2337e-05
1.2932e-03
2.0530e-03
2.2425e-03
2.2974e-03
2.4672e-03
2.8283e-03
3.7419e-03
5.3228e-03
6.7085e-03
7.1586e-03
6.7396e-03
5.8657e-03
4.7542e-03
3.6917e-03
2.9887e-03
2.7601e-03
2.6903e-03
2.1894e-03
1.3730e-03
8.8570e-04
7.1639e-04
5.6409e-04
3.4829e-04
3.0638e-04
6.7203e-04
1.0275e-03
1.1792e-03
1.5295e-03
2.3858e-03
3.5588e-03
4.4787e-03
5.1113e-03
5.5485e-03
5.8335e-03
6.2301e-03
7.1077e-03
8.4919e-03
1.0205e-02
1.1982e-02
1.3908e-02
1.5985e-02
1.7965e-02
1.9691e-02
2.0695e-02
2.0762e-02
2.0543e-02
2.0593e-02
2.0965e-02
2.1407e-02
2.1674e-02
2.1695e-02
2.1547e-02
2.1355e-02
2.1188e-02
2.0789e-02
1.9936e-02
1.8869e-02
1.7768e-02
1.6630e-02
1.5383e-02
1.4252e-02
1.3505e-02
1.2957e-02
1.2449e-02
1.1716e-02
1.0602e-02
9.4365e-03
8.6640e-03
8.4049e-03
8.2329e-03
7.8955e-03
7.4751e-03
7.1554e-03
7.0213e-03
6.8373e-03
6.7727e-03
6.7424e-03
6.2364e-03
5.7331e-03
5.7738e-03
6.3841e-03
7.0885e-03
7.6016e-03
7.9595e-03
7.9134e-03
7.6561e-03
7.6850e-03
8.0876e-03
8.5353e-03
8.4104e-03
7.4313e-03
5.7611e-03
3.9698e-03
2.7487e-03
2.3059e-03
2.0076e-03
9.5200e-04
-9.6256e-04
-3.2512e-03
-5.3661e-03
-7.2302e-03
-8.9957e-03
-1.0180e-02
-1.0488e-02
-1.0442e-02
-1.0384e-02
-1.0648e-02
-1.1324e-02
-1.2067e-02
-1.2613e-02
-1.3216e-02
-1.4051e-02
-1.4754e-02
-1.4481e-02
-1.2879e-02
-1.0685e-02
-8.8001e-03
-7.2850e-03
-5.7805e-03
-4.3068e-03
-3.0290e-03
-1.6718e-03
-8.7131e-05
1.2472e-03
2.1664e-03
2.7447e-03
3.0404e-03
3.1273e-03
3.1202e-03
2.8682e-03
2.0750e-03
1.1841e-03
8.0517e-04
9.1274e-04
1.0239e-03
2.3930e-04
-1.3851e-03
-3.2375e-03
-4.6905e-03
-5.3127e-03
-5.2592e-03
-5.0096e-03
-5.1620e-03
-5.5278e-03
-5.7840e-03
-6.0710e-03
-6.4440e-03
-6.8278e-03
-7.4000e-03
-8.3514e-03
-9.4110e-03
-1.0159e-02
-1.0430e-02
-1.0366e-02
-1.0283e-02
-1.0701e-02
-1.1690e-02
-1.2481e-02
-1.2778e-02
-1.2860e-02
-1.2674e-02
-1.2449e-02
-1.2534e-02
-1.2576e-02
-1.2143e-02
-1.1289e-02
-1.0058e-02
-8.6984e-03
-7.6765e-03
-7.1247e-03
-6.6135e-03
-5.7527e-03
-4.2436e-03
-2.0331e-03
2.5603e-04
1.8909e-03
2.9157e-03
3.6538e-03
4.2163e-03
4.5897e-03
4.9458e-03
5.6791e-03
6.7430e-03
7.7017e-03
8.3806e-03
9.0989e-03
1.0118e-02
1.1536e-02
1.2822e-02
1.2954e-02
1.1531e-02
9.3670e-03
7.6746e-03
7.0709e-03
7.1196e-03
6.8735e-03
5.8381e-03
4.0907e-03
2.3432e-03
1.3163e-03
1.1642e-03
1.2896e-03
6.5791e-04
-1.1178e-03
-3.3093e-03
-5.1169e-03
-6.3785e-03
-7.1209e-03
-7.4380e-03
-7.5364e-03
-7.8873e-03
-8.8083e-03
-1.0019e-02
-1.1228e-02
-1.2077e-02
-1.2129e-02
-1.1530e-02
-1.0815e-02
-1.0421e-02
-1.0440e-02
-1.0682e-02
-1.0900e-02
-1.0960e-02
-1.0881e-02
-1.0694e-02
-1.0142e-02
-9.1710e-03
-8.1849e-03
-7.5960e-03
-7.5004e-03
-7.7014e-03
-7.9233e-03
-8.0004e-03
-7.9305e-03
-7.8087e-03
-7.7218e-03
-7.6885e-03
-7.8150e-03
-8.4254e-03
-9.4753e-03
-1.0487e-02
-1.1044e-02
-1.1089e-02
-1.0855e-02
-1.0632e-02
-1.0691e-02
-1.1386e-02
-1.2766e-02
-1.4574e-02
-1.6387e-02
-1.7852e-02
-1.8601e-02
-1.8923e-02
-1.9234e-02
-1.9623e-02
-1.9797e-02
-1.9284e-02
-1.8030e-02
-1.6304e-02
-1.4693e-02
-1.3485e-02
-1.2230e-02
-1.0579e-02
-8.8998e-03
-7.7702e-03
-7.4000e-03
-7.3350e-03
-7.0949e-03
-6.9519e-03
-7.1252e-03
-7.5010e-03
-7.8367e-03
-7.9808e-03
-7.9431e-03
-7.8319e-03
-7.7132e-03
-7.3721e-03
-6.8737e-03
-6.7220e-03
-7.0150e-03
-7.1765e-03
-6.6903e-03
-6.0028e-03
-5.6531e-03
-5.7955e-03
-6.4695e-03
-7.3351e-03
-7.9554e-03
-8.2031e-03
-8.5150e-03
-9.2334e-03
-1.0146e-02
-1.0841e-02
-1.1099e-02
-1.0934e-02
-1.0231e-02
-9.0892e-03
-7.9347e-03
-6.8707e-03
-5.8641e-03
-5.0694e-03
-4.5317e-03
-3.9972e-03
-3.6552e-03
-3.7729e-03
-4.2199e-03
-4.6656e-03
-4.8801e-03
-4.9533e-03
-5.2525e-03
-5.5789e-03
-5.7758e-03
-6.4547e-03
-7.4181e-03
-7.7300e-03
-7.3058e-03
-6.4133e-03
-5.4026e-03
-4.6804e-03
-4.4288e-03
-4.5346e-03
-4.7382e-03
-4.6741e-03
-3.9753e-03
-2.8270e-03
-1.6231e-03
-4.2839e-04
6.3620e-04
1.5249e-03
2.5062e-03
3.7428e-03
5.2499e-03
6.5228e-03
6.9684e-03
6.8865e-03
6.8399e-03
7.0465e-03
7.3840e-03
7.4184e-03
6.7519e-03
5.8753e-03
5.6883e-03
6.3369e-03
7.2820e-03
7.9454e-03
8.1227e-03
7.9570e-03
7.7214e-03
7.6105e-03
7.6575e-03
7.7678e-03
7.5978e-03
6.7853e-03
5.5914e-03
4.3592e-03
3.1263e-03
2.0859e-03
1.4554e-03
1.0204e-03
2.7658e-04
-9.9762e-04
-2.6725e-03
-4.1705e-03
-4.9923e-03
-5.0923e-03
-4.8000e-03
-4.5103e-03
-4.4358e-03
-4.5573e-03
-4.7323e-03
-4.8345e-03
-4.8286e-03
-4.7218e-03
-4.3026e-03
-3.3990e-03
-2.3345e-03
-1.5577e-03
-1.0175e-03
-6.0275e-04
-2.2680e-04
3.3949e-04
1.0228e-03
1.6292e-03
2.2574e-03
2.7760e-03
3.1747e-03
3.6448e-03
4.0900e-03
4.0165e-03
3.2075e-03
2.0906e-03
1.2612e-03
1.0668e-03
1.7301e-03
3.0340e-03
4.3614e-03
5.4900e-03
6.4518e-03
7.2766e-03
8.3635e-03
1.0113e-02
1.2174e-02
1.3761e-02
1.4420e-02
1.4295e-02
1.3875e-02
1.3700e-02
1.4265e-02
1.5457e-02
1.6527e-02
1.6594e-02
1.5569e-02
1.4196e-02
1.3275e-02
1.3097e-02
1.3421e-02
1.3637e-02
1.2966e-02
1.1181e-02
9.0233e-03
7.3088e-03
6.1211e-03
5.1431e-03
3.9603e-03
2.6392e-03
1.5956e-03
1.1105e-03
1.1137e-03
1.0944e-03
7.0985e-04
4.1626e-04
5.3918e-04
9.6236e-04
1.3891e-03
1.8480e-03
2.6532e-03
3.9161e-03
5.5326e-03
6.9717e-03
7.7645e-03
7.8863e-03
7.6466e-03
7.3853e-03
7.2930e-03
7.3704e-03
7.5063e-03
7.5928e-03
7.5925e-03
7.5362e-03
7.4781e-03
7.4538e-03
7.4647e-03
7.4946e-03
7.5451e-03
7.6139e-03
7.6770e-03
7.7120e-03
7.7161e-03
7.7030e-03
7.6895e-03
7.6849e-03
7.7526e-03
8.2129e-03
9.1567e-03
1.0183e-02
1.0842e-02
1.1098e-02
1.1465e-02
1.2114e-02
1.2549e-02
1.2736e-02
1.2973e-02
1.3218e-02
1.2976e-02
1.2114e-02
1.0980e-02
9.7479e-03
8.6006e-03
7.6798e-03
6.7283e-03
5.6850e-03
4.8155e-03
4.3473e-03
4.1044e-03
3.7328e-03
3.4903e-03
3.6377e-03
3.8772e-03
3.5839e-03
2.7125e-03
1.7548e-03
1.0032e-03
2.3033e-04
-6.3655e-04
-1.3754e-03
-1.7786e-03
-1.8396e-03
-1.7165e-03
-1.5802e-03
-1.2963e-03
-7.8541e-04
-5.7077e-04
-8.9999e-04
-1.5271e-03
-2.2760e-03
-3.2249e-03
-4.1849e-03
-4.8443e-03
-5.0742e-03
-4.9912e-03
-4.8205e-03
-4.7682e-03
-5.1131e-03
-5.7152e-03
-5.9811e-03
-5.7113e-03
-5.1744e-03
-4.7463e-03
-4.5668e-03
-4.2525e-03
-3.4247e-03
-2.0613e-03
-7.7799e-04
3.5278e-05
5.3024e-04
8.8590e-04
1.1684e-03
1.3663e-03
1.4651e-03
1.6423e-03
2.6673e-03
4.5962e-03
6.2758e-03
7.1034e-03
7.3015e-03
7.2661e-03
7.2697e-03
7.4920e-03
8.2122e-03
9.4357e-03
1.1008e-02
1.2528e-02
1.3527e-02
1.3874e-02
1.3785e-02
1.3588e-02
1.3497e-02
1.3380e-02
1.2983e-02
1.2498e-02
1.1911e-02
1.1079e-02
9.8645e-03
8.3708e-03
6.8977e-03
5.9576e-03
5.2897e-03
4.2666e-03
2.8994e-03
1.7051e-03
1.0946e-03
1.0744e-03
1.3484e-03
1.5897e-03
1.6386e-03
1.5275e-03
1.3814e-03
1.3026e-03
1.3139e-03
1.3846e-03
1.6845e-03
2.4761e-03
3.5239e-03
4.3481e-03
4.6763e-03
4.5823e-03
4.3751e-03
4.5891e-03
5.4767e-03
6.3187e-03
6.0048e-03
4.3431e-03
2.2840e-03
8.6609e-04
2.0242e-04
-2.5950e-04
-8.2314e-04
-1.4764e-03
-2.3736e-03
-3.5293e-03
-4.5791e-03
-5.2372e-03
-5.7188e-03
-6.0803e-03
-6.4505e-03
-6.9643e-03
-7.1461e-03
-6.5624e-03
-5.1576e-03
-3.3759e-03
-1.8523e-03
-6.5916e-04
3.0184e-04
9.7926e-04
1.4304e-03
2.0589e-03
2.9989e-03
4.0329e-03
5.0416e-03
5.6959e-03
6.0661e-03
6.3270e-03
6.2870e-03
6.1800e-03
6.2485e-03
6.1208e-03
5.5480e-03
4.6711e-03
3.5389e-03
2.3493e-03
1.4626e-03
9.3899e-04
3.1496e-04
-7.3463e-04
-2.2594e-03
-3.8778e-03
-5.0193e-03
-5.4347e-03
-5.4877e-03
-6.0706e-03
-7.6696e-03
-9.7288e-03
-1.1295e-02
-1.1872e-02
-1.1643e-02
-1.1148e-02
-1.0845e-02
-1.0862e-02
-1.1044e-02
-1.1179e-02
-1.0996e-02
-1.0189e-02
-8.9790e-03
-7.9426e-03
-7.4686e-03
-7.5227e-03
-7.6364e-03
-7.1900e-03
-6.1810e-03
-5.1466e-03
-4.7341e-03
-5.3554e-03
-6.6510e-03
-7.8314e-03
-8.3516e-03
-8.2234e-03
-8.0719e-03
-8.5806e-03
-9.6523e-03
-1.0702e-02
-1.1504e-02
-1.2322e-02
-1.3172e-02
-1.3847e-02
-1.4197e-02
-1.4231e-02
-1.3862e-02
-1.2932e-02
-1.1780e-02
-1.0675e-02
-9.5399e-03
-8.5218e-03
-7.6290e-03
-6.6085e-03
-5.5621e-03
-4.8033e-03
-4.4981e-03
-4.5540e-03
-4.7507e-03
-5.1214e-03
-5.6517e-03
-5.9014e-03
-5.9984e-03
-6.3892e-03
-7.0807e-03
-7.7088e-03
-7.7159e-03
-6.8891e-03
-5.9687e-03
-5.8058e-03
-6.2004e-03
-6.6182e-03
-6.7097e-03
-6.2201e-03
-5.3915e-03
-4.6942e-03
-4.4125e-03
-4.5068e-03
-4.7043e-03
-4.4906e-03
-3.5771e-03
-2.3575e-03
-1.3936e-03
-7.0941e-04
-3.3644e-04
-4.8629e-04
-9.8579e-04
-1.4901e-03
-2.0264e-03
-2.4524e-03
-2.7658e-03
-3.2466e-03
-4.1541e-03
-5.0698e-03
-5.3459e-03
-4.9437e-03
-4.3654e-03
-4.3222e-03
-4.7474e-03
-5.0257e-03
-4.8738e-03
-4.4295e-03
-4.0098e-03
-3.8167e-03
-3.8381e-03
-3.9496e-03
-4.0294e-03
-3.9326e-03
-3.3379e-03
-2.2508e-03
-1.0459e-03
1.5548e-04
1.2440e-03
2.0018e-03
2.3433e-03
2.3522e-03
2.2189e-03
2.1344e-03
2.1576e-03
2.2499e-03
2.3275e-03
2.2456e-03
1.7685e-03
1.1782e-03
5.9315e-04
-1.2490e-04
-1.1984e-03
-2.4904e-03
-3.5400e-03
-4.0361e-03
-4.1317e-03
-4.4496e-03
-5.2479e-03
-6.1821e-03
-6.8150e-03
-6.9628e-03
-6.7598e-03
-6.4794e-03
-6.1613e-03
-5.5090e-03
-4.3599e-03
-2.7455e-03
-9.5346e-04
8.0176e-04
2.2136e-03
3.1889e-03
4.1026e-03
5.2728e-03
6.6356e-03
7.5129e-03
7.6902e-03
7.6377e-03
7.6724e-03
7.8791e-03
7.8617e-03
7.4977e-03
7.0128e-03
6.6839e-03
6.4279e-03
5.8816e-03
5.0851e-03
4.3803e-03
4.0280e-03
4.0474e-03
4.2762e-03
4.4988e-03
4.5860e-03
4.5564e-03
4.5037e-03
4.2672e-03
3.5531e-03
2.3383e-03
7.6197e-04
-6.5168e-04
-1.4150e-03
-1.4800e-03
-1.1548e-03
-8.0763e-04
-6.6126e-04
-7.2607e-04
-8.7724e-04
-1.0215e-03
-1.3825e-03
-2.1835e-03
-3.1659e-03
-3.8947e-03
-4.1552e-03
-4.0461e-03
-3.8203e-03
-3.7054e-03
-4.0391e-03
-4.9681e-03
-5.9409e-03
-5.7516e-03
-3.9968e-03
-1.6697e-03
-1.9710e-05
4.5091e-04
1.3774e-04
9.6056e-05
1.2502e-03
3.3923e-03
5.4449e-03
6.5320e-03
6.5537e-03
6.0185e-03
5.5332e-03
5.4121e-03
5.6146e-03
5.9299e-03
6.1491e-03
6.1710e-03
6.0723e-03
6.0106e-03
6.0596e-03
6.1783e-03
6.2845e-03
6.3270e-03
6.3087e-03
6.2664e-03
6.2358e-03
6.2317e-03
6.2647e-03
6.5141e-03
7.4479e-03
9.0778e-03
1.0445e-02
1.0807e-02
1.0312e-02
9.5983e-03
9.1876e-03
9.0442e-03
8.6579e-03
7.8810e-03
7.0389e-03
6.5012e-03
6.3716e-03
6.2898e-03
5.9452e-03
5.4911e-03
4.8969e-03
4.2608e-03
3.5282e-03
2.5019e-03
1.4023e-03
6.1882e-04
3.5275e-04
4.8227e-04
9.6200e-04
1.9177e-03
3.0512e-03
3.8826e-03
4.1398e-03
3.6438e-03
2.4757e-03
1.2107e-03
4.2776e-04
3.0526e-04
5.9840e-04
8.6870e-04
6.2138e-04
-8.8991e-05
-8.9665e-04
-1.9770e-03
-3.3687e-03
-4.2674e-03
-3.7059e-03
-1.8393e-03
1.3782e-04
7.8172e-04
-5.9095e-04
-3.1918e-03
-5.4902e-03
-6.4352e-03
-5.7546e-03
-4.0732e-03
-2.5085e-03
-1.8043e-03
-1.9631e-03
-2.4922e-03
-2.7758e-03
-2.2543e-03
-1.1232e-03
-4.2072e-04
-6.3038e-04
-1.1433e-03
-1.6016e-03
-2.0114e-03
-2.4448e-03
-3.1911e-03
-4.2434e-03
-5.2143e-03
-5.7736e-03
-5.8691e-03
-5.7116e-03
-5.5606e-03
-5.5454e-03
-5.6440e-03
-5.7625e-03
-5.8250e-03
-5.8167e-03
-5.7706e-03
-5.7183e-03
-5.6604e-03
-5.6021e-03
-5.5594e-03
-5.5415e-03
-5.5438e-03
-5.5541e-03
-5.5617e-03
-5.5626e-03
-5.5594e-03
-5.5564e-03
-5.5571e-03
-5.5777e-03
-5.6371e-03
-5.7165e-03
-5.7899e-03
-6.0524e-03
-6.5754e-03
-6.8304e-03
-6.5512e-03
-5.9702e-03
-5.4798e-03
-5.2640e-03
-5.0473e-03
-4.6929e-03
-4.2757e-03
-3.7437e-03
-3.4418e-03
-3.5037e-03
-3.5237e-03
-3.2834e-03
-2.8958e-03
-2.5816e-03
-2.4651e-03
-2.5191e-03
-2.6327e-03
-2.7021e-03
-2.6756e-03
-2.5957e-03
-2.4758e-03
-1.9991e-03
-1.0408e-03
1.2110e-05
7.6790e-04
1.4206e-03
2.2443e-03
3.1645e-03
4.2184e-03
5.3721e-03
6.3227e-03
6.8189e-03
6.8730e-03
6.7018e-03
6.5413e-03
6.5169e-03
6.6313e-03
6.6815e-03
6.0931e-03
4.4848e-03
2.3528e-03
7.6030e-04
6.3768e-04
1.9581e-03
3.9443e-03
5.4460e-03
6.1080e-03
6.2483e-03
6.2469e-03
6.3138e-03
6.4685e-03
6.6180e-03
6.6621e-03
6.6033e-03
6.5348e-03
6.5248e-03
6.5706e-03
6.6369e-03
6.8640e-03
7.5803e-03
8.6660e-03
9.6301e-03
1.0107e-02
1.0094e-02
9.8462e-03
9.6401e-03
9.5928e-03
9.4384e-03
8.9835e-03
8.4702e-03
7.8505e-03
7.1944e-03
6.7032e-03
6.5704e-03
7.2827e-03
8.8230e-03
1.0246e-02
1.1112e-02
1.1668e-02
1.2119e-02
1.2480e-02
1.2706e-02
1.2790e-02
1.2818e-02
1.3152e-02
1.4008e-02
1.4759e-02
1.4624e-02
1.3379e-02
1.1508e-02
9.8596e-03
8.6924e-03
7.8532e-03
7.2032e-03
6.3837e-03
5.2491e-03
4.1403e-03
3.3869e-03
2.7448e-03
1.9176e-03
1.0451e-03
3.6011e-04
-2.8000e-04
-8.0663e-04
-1.2730e-03
-1.8348e-03
-2.3960e-03
-2.7683e-03
-2.8551e-03
-2.7361e-03
-2.6011e-03
-2.5779e-03
-2.6597e-03
-2.6544e-03
-2.2403e-03
-1.7698e-03
-1.6279e-03
-1.4470e-03
-8.9245e-04
3.3980e-05
1.1358e-03
1.7449e-03
1.5421e-03
8.5094e-04
3.8186e-05
-9.1293e-04
-1.9010e-03
-2.8179e-03
-3.9973e-03
-5.7264e-03
-7.6070e-03
-9.1219e-03
-1.0270e-02
-1.1130e-02
-1.1677e-02
-1.1906e-02
-1.1687e-02
-1.0859e-02
-9.7498e-03
-8.6552e-03
-7.3011e-03
-5.2849e-03
-2.7785e-03
-5.9723e-04
8.3787e-04
1.8412e-03
2.6489e-03
3.4616e-03
4.2262e-03
4.5114e-03
4.2029e-03
3.3221e-03
2.0253e-03
8.1313e-04
1.2690e-04
-9.6069e-06
-1.5098e-04
-8.3059e-04
-1.9239e-03
-3.1466e-03
-4.1029e-03
-4.5790e-03
-4.8800e-03
-5.2160e-03
-5.5627e-03
-5.8124e-03
-5.9100e-03
-5.8877e-03
-5.8918e-03
-6.4006e-03
-7.8652e-03
-9.9375e-03
-1.1640e-02
-1.2018e-02
-1.1019e-02
-9.5328e-03
-8.5145e-03
-8.3263e-03
-8.7112e-03
-9.0620e-03
-8.6725e-03
-7.5116e-03
-6.2276e-03
-5.3453e-03
-4.6894e-03
-4.0052e-03
-3.3492e-03
-2.8803e-03
-2.6906e-03
-2.6191e-03
-2.1561e-03
-1.1840e-03
-2.5393e-04
-1.9783e-04
-1.0099e-03
-1.8201e-03
-2.2950e-03
-2.5365e-03
-2.6639e-03
-2.8930e-03
-3.4266e-03
-3.8489e-03
-3.8024e-03
-3.5502e-03
-3.5821e-03
-3.7141e-03
-3.6284e-03
-3.3200e-03
-2.9838e-03
-2.7835e-03
-2.5385e-03
-1.8327e-03
-7.7135e-04
4.0631e-04
1.6561e-03
2.7231e-03
3.5811e-03
4.5287e-03
5.5191e-03
6.2646e-03
6.5898e-03
6.5619e-03
6.3922e-03
6.2704e-03
6.2575e-03
6.1021e-03
5.6453e-03
5.0661e-03
4.3384e-03
3.2935e-03
1.9178e-03
6.3231e-04
-1.3019e-04
-3.2255e-04
-4.6429e-04
-1.1157e-03
-2.4306e-03
-4.1310e-03
-5.6088e-03
-6.6943e-03
-7.6193e-03
-8.4122e-03
-8.9034e-03
-8.7250e-03
-7.7409e-03
-6.1205e-03
-4.2849e-03
-2.6154e-03
-1.6460e-03
-1.6944e-03
-2.3962e-03
-3.1004e-03
-3.3710e-03
-3.2101e-03
-2.8841e-03
-2.7337e-03
-3.2010e-03
-4.3068e-03
-5.5032e-03
-6.2392e-03
-6.4710e-03
-6.7710e-03
-7.4769e-03
-8.3514e-03
-8.8869e-03
-8.6568e-03
-8.1025e-03
-7.7922e-03
-7.5345e-03
-7.0526e-03
-6.4380e-03
-5.8076e-03
-4.8286e-03
-3.1359e-03
-1.1025e-03
5.7955e-04
1.7927e-03
2.7817e-03
3.9444e-03
5.2904e-03
6.4144e-03
6.9893e-03
7.0278e-03
6.7984e-03
6.5914e-03
6.5425e-03
6.4584e-03
5.9145e-03
4.9475e-03
4.0093e-03
3.3222e-03
2.6211e-03
1.7995e-03
1.0372e-03
3.8626e-04
-4.1598e-04
-1.3643e-03
-2.1570e-03
-2.5502e-03
-2.3779e-03
-1.4959e-03
-2.4537e-04
7.7010e-04
1.3553e-03
1.7357e-03
1.7962e-03
1.4807e-03
1.0256e-03
8.9107e-04
1.3738e-03
2.1249e-03
2.7443e-03
2.5200e-03
1.5548e-03
9.4677e-04
1.1705e-03
2.2254e-03
3.5323e-03
4.4254e-03
4.6470e-03
4.3951e-03
4.0513e-03
3.8883e-03
3.9511e-03
4.1204e-03
4.2534e-03
4.3086e-03
4.5445e-03
5.0865e-03
5.6443e-03
6.2271e-03
6.5735e-03
6.4658e-03
6.3433e-03
6.2922e-03
5.9320e-03
5.2448e-03
4.5497e-03
3.9165e-03
3.1031e-03
2.1951e-03
1.4583e-03
7.8335e-04
-7.7431e-05
-9.7097e-04
-1.6280e-03
-2.1916e-03
-3.0023e-03
-4.2518e-03
-5.7945e-03
-6.8530e-03
-7.0278e-03
-6.5425e-03
-5.6673e-03
-4.8300e-03
-4.3707e-03
-4.3339e-03
-4.4873e-03
-4.3166e-03
-3.5007e-03
-2.3326e-03
-1.1053e-03
-1.9009e-04
-2.0461e-05
-1.9530e-04
1.7492e-05
7.2801e-04
1.4689e-03
1.4859e-03
5.7294e-04
-6.4973e-04
-1.1196e-03
-3.9557e-04
9.2289e-04
1.9755e-03
2.3342e-03
2.1177e-03
1.7236e-03
1.4886e-03
1.5110e-03
1.6855e-03
1.7849e-03
1.3863e-03
4.6273e-04
-2.5722e-04
-4.0944e-04
3.0228e-05
7.8815e-04
1.1790e-03
1.1877e-03
1.2225e-03
1.4498e-03
1.7706e-03
2.0159e-03
2.1003e-03
2.0516e-03
1.8549e-03
1.3579e-03
8.4049e-04
2.5017e-04
-8.5188e-04
-2.4649e-03
-4.2227e-03
-5.3113e-03
-5.2587e-03
-4.4157e-03
-3.5143e-03
-3.0767e-03
-3.1597e-03
-3.4894e-03
-3.7585e-03
-3.9808e-03
-4.3580e-03
-4.7432e-03
-5.0272e-03
-4.8808e-03
-4.2428e-03
-3.4714e-03
-2.9629e-03
-2.8551e-03
-3.0168e-03
-3.2187e-03
-3.3008e-03
-3.3939e-03
-3.7491e-03
-4.1782e-03
-4.6749e-03
-5.0598e-03
-5.0008e-03
-4.8135e-03
-4.8878e-03
-5.2274e-03
-5.4444e-03
-5.1933e-03
-4.6185e-03
-3.8016e-03
-2.9908e-03
-2.4703e-03
-2.3277e-03
-2.4199e-03
-2.5107e-03
-2.2383e-03
-1.3107e-03
1.5383e-04
1.8821e-03
3.3439e-03
4.1463e-03
4.2883e-03
4.0741e-03
3.8508e-03
3.7914e-03
3.6437e-03
2.7686e-03
1.0083e-03
-9.2134e-04
-2.2236e-03
-2.9084e-03
-3.4740e-03
-4.0917e-03
-4.6319e-03
-4.9425e-03
-5.0044e-03
-4.8807e-03
-4.4066e-03
-3.4511e-03
-2.3591e-03
-1.5614e-03
-9.1826e-04
1.9950e-04
1.9390e-03
3.7224e-03
4.9456e-03
5.7165e-03
6.8112e-03
8.5675e-03
1.0766e-02
1.2847e-02
1.4191e-02
1.4608e-02
1.4401e-02
1.4077e-02
1.3916e-02
1.3552e-02
1.2378e-02
1.0469e-02
8.3017e-03
6.4292e-03
5.2787e-03
4.5947e-03
3.9300e-03
3.1638e-03
2.1535e-03
9.4312e-04
-9.2323e-05
-6.3802e-04
-6.8851e-04
-4.7529e-04
-2.4349e-04
-1.3083e-04
-1.4698e-04
-1.1702e-04
2.7048e-04
7.0107e-04
7.2052e-04
3.3447e-04
-1.4484e-04
-4.2458e-04
-4.0412e-04
-1.9155e-04
3.1288e-05
1.6462e-04
1.9966e-04
1.6588e-04
1.0246e-04
6.9865e-05
9.3980e-05
1.4990e-04
1.9718e-04
2.1940e-04
3.8675e-04
1.0342e-03
2.0534e-03
2.9722e-03
3.4331e-03
3.4250e-03
3.1887e-03
2.9892e-03
2.9636e-03
3.3229e-03
4.2637e-03
5.2035e-03
5.2838e-03
4.7249e-03
4.4978e-03
4.9638e-03
5.7543e-03
6.3773e-03
6.8388e-03
7.5130e-03
8.3907e-03
9.3745e-03
1.0515e-02
1.2042e-02
1.2741e-02
1.2997e-02
1.2952e-02
1.2799e-02
1.2674e-02
1.2596e-02
1.2271e-02
1.1453e-02
1.0382e-02
9.2334e-03
8.0334e-03
7.0244e-03
6.4116e-03
5.9319e-03
5.1954e-03
4.2293e-03
3.0743e-03
1.7862e-03
7.1009e-04
1.4084e-04
7.2287e-05
2.6109e-04
4.3848e-04
5.3757e-04
9.2798e-04
1.7419e-03
2.2853e-03
1.9895e-03
1.0936e-03
2.2382e-04
-1.1596e-04
4.4164e-04
1.7341e-03
3.0509e-03
3.7826e-03
3.8214e-03
3.4764e-03
3.1449e-03
3.0450e-03
3.1567e-03
3.3296e-03
3.4291e-03
3.4129e-03
3.2147e-03
2.6576e-03
2.1566e-03
2.1797e-03
2.6580e-03
3.3082e-03
4.0453e-03
4.5670e-03
4.9158e-03
5.3071e-03
5.7335e-03
5.9721e-03
5.5805e-03
4.5669e-03
3.4747e-03
2.8192e-03
2.7311e-03
3.1480e-03
4.0606e-03
5.1539e-03
5.9519e-03
6.0656e-03
5.4514e-03
4.6682e-03
4.1443e-03
4.2542e-03
4.9285e-03
5.6929e-03
6.1376e-03
6.1879e-03
6.0172e-03
5.8434e-03
5.7789e-03
5.6411e-03
5.0220e-03
3.9834e-03
3.0043e-03
2.4685e-03
2.2039e-03
1.6473e-03
7.3916e-04
-1.4842e-04
-9.0053e-04
-1.7654e-03
-2.6849e-03
-3.3795e-03
-3.6770e-03
-3.8544e-03
-4.4293e-03
-5.3640e-03
-6.2223e-03
-6.6705e-03
-6.9204e-03
-7.4828e-03
-8.1257e-03
-8.1524e-03
-7.4852e-03
-6.6034e-03
-5.7737e-03
-4.9049e-03
-4.0967e-03
-3.5552e-03
-3.3590e-03
-3.3706e-03
-3.1304e-03
-2.2936e-03
-1.1097e-03
1.3034e-04
1.2972e-03
2.1666e-03
2.5871e-03
2.6209e-03
2.4760e-03
2.3507e-03
2.2937e-03
1.9993e-03
1.1993e-03
1.6605e-04
-6.2234e-04
-9.1764e-04
-8.1193e-04
-5.1086e-04
2.6963e-05
5.2223e-04
5.4980e-04
1.9476e-04
1.0436e-04
6.7412e-04
1.6086e-03
2.3661e-03
2.5822e-03
2.0186e-03
8.5945e-04
-2.8786e-04
-9.4435e-04
-1.0411e-03
-8.2413e-04
-6.0281e-04
-5.4635e-04
-5.4061e-04
-2.3848e-04
1.3697e-04
1.8068e-04
-1.2902e-04
-5.3800e-04
-7.9923e-04
-8.4118e-04
-6.6661e-04
-2.0147e-04
1.5181e-04
3.8468e-05
-4.2833e-04
-9.0433e-04
-1.1389e-03
-1.1090e-03
-9.5383e-04
-8.3654e-04
-9.8456e-04
-1.5146e-03
-2.0736e-03
-2.5824e-03
-3.0610e-03
-3.4312e-03
-3.6260e-03
-3.4875e-03
-2.7989e-03
-2.0188e-03
-1.7089e-03
-1.6534e-03
-1.5322e-03
-1.0678e-03
-7.7867e-05
1.2856e-03
2.5714e-03
3.0893e-03
2.9364e-03
2.6751e-03
2.5959e-03
2.7810e-03
2.9943e-03
3.0864e-03
2.8000e-03
2.2164e-03
1.6565e-03
1.3643e-03
1.3592e-03
1.4953e-03
1.6072e-03
1.5804e-03
1.1796e-03
2.9522e-04
-7.2168e-04
-1.4191e-03
-1.6200e-03
-1.4682e-03
-1.2390e-03
-1.1888e-03
-1.6505e-03
-2.5692e-03
-3.2408e-03
-3.4165e-03
-3.4305e-03
-3.5359e-03
-3.7480e-03
-3.9573e-03
-4.0114e-03
-3.6605e-03
-3.1063e-03
-2.5651e-03
-2.0918e-03
-1.9984e-03
-2.1726e-03
-2.1753e-03
-1.8694e-03
-1.4539e-03
-1.1805e-03
-1.1410e-03
-1.2606e-03
-1.4933e-03
-1.9491e-03
-2.3117e-03
-2.3336e-03
-2.3092e-03
-2.3447e-03
-2.5916e-03
-3.0134e-03
-3.0929e-03
-2.5900e-03
-1.8188e-03
-1.2327e-03
-1.0506e-03
-1.1740e-03
-1.2210e-03
-7.6239e-04
1.1927e-04
9.6403e-04
1.5337e-03
2.0407e-03
2.6014e-03
3.0927e-03
3.3675e-03
3.4035e-03
3.2902e-03
3.0031e-03
2.3875e-03
1.5712e-03
7.0264e-04
-2.5431e-04
-1.3185e-03
-2.5090e-03
-3.7374e-03
-4.9493e-03
-6.0979e-03
-7.2229e-03
-8.1505e-03
-8.6815e-03
-8.9709e-03
-9.4090e-03
-1.0025e-02
-1.0564e-02
-1.0817e-02
-1.0771e-02
-1.0573e-02
-1.0416e-02
-1.0605e-02
-1.1276e-02
-1.2110e-02
-1.2674e-02
-1.2786e-02
-1.2535e-02
-1.1986e-02
-1.1365e-02
-1.0901e-02
-1.0492e-02
-1.0093e-02
-9.7618e-03
-9.5548e-03
-9.4187e-03
-9.0633e-03
-8.3629e-03
-7.5772e-03
-6.9855e-03
-6.4598e-03
-5.8187e-03
-5.1230e-03
-4.3424e-03
-3.4319e-03
-2.3995e-03
-1.6153e-03
-1.4667e-03
-1.8613e-03
-2.3955e-03
-2.7151e-03
-2.7929e-03
-2.9139e-03
-3.0228e-03
-2.9294e-03
-2.6618e-03
-2.3058e-03
-1.7437e-03
-1.0045e-03
-3.5540e-04
-9.0066e-05
-3.8428e-04
-8.2961e-04
-9.3621e-04
-6.5057e-04
-2.3273e-04
5.0545e-05
2.1618e-04
4.4612e-04
5.7026e-04
5.4852e-04
5.8638e-04
5.7176e-04
3.8030e-04
9.0680e-05
-1.5006e-04
-2.6968e-04
-2.8266e-04
-2.4624e-04
-2.0695e-04
-1.7395e-04
-1.4614e-04
-1.3002e-04
-2.3445e-04
-5.3276e-04
-7.2142e-04
-6.1701e-04
-3.2442e-04
-6.5839e-05
1.2860e-05
-7.1765e-05
-1.9926e-04
-1.1837e-04
3.9247e-04
1.1452e-03
1.8943e-03
2.5950e-03
3.1533e-03
3.6209e-03
4.2040e-03
4.8402e-03
5.2976e-03
5.2878e-03
4.6919e-03
3.8417e-03
3.1929e-03
2.9623e-03
3.0594e-03
3.2252e-03
3.1100e-03
2.5565e-03
1.7957e-03
1.0166e-03
2.6866e-04
-3.3601e-04
-8.4363e-04
-1.3603e-03
-1.6792e-03
-1.7105e-03
-1.7098e-03
-1.7944e-03
-1.7256e-03
-1.3317e-03
-7.4561e-04
-5.5879e-05
6.4734e-04
1.1752e-03
1.4106e-03
1.3969e-03
1.3117e-03
1.4628e-03
1.9508e-03
2.4982e-03
2.6688e-03
2.4818e-03
2.2737e-03
2.0970e-03
1.9725e-03
1.8249e-03
1.5596e-03
1.2449e-03
9.4752e-04
5.4135e-04
3.0863e-06
-4.9722e-04
-7.8151e-04
-8.1536e-04
-7.0524e-04
-5.9092e-04
-5.5105e-04
-5.2655e-04
-3.3929e-04
-6.8463e-05
2.3294e-04
5.5117e-04
8.0753e-04
1.0179e-03
1.3426e-03
1.7779e-03
2.1536e-03
2.3318e-03
2.3094e-03
2.1799e-03
2.0480e-03
1.9833e-03
1.9876e-03
2.0187e-03
2.1110e-03
2.3183e-03
2.3579e-03
2.0154e-03
1.5066e-03
1.0098e-03
6.2205e-04
2.9643e-04
-2.1032e-04
-8.9449e-04
-1.4807e-03
-2.0006e-03
-2.5872e-03
-3.1561e-03
-3.6333e-03
-4.1709e-03
-4.8657e-03
-5.5322e-03
-5.9190e-03
-5.9633e-03
-5.7952e-03
-5.5865e-03
-5.4399e-03
-5.3708e-03
-5.3323e-03
-5.2783e-03
-5.1993e-03
-5.0985e-03
-4.9695e-03
-4.7215e-03
-4.2953e-03
-3.8206e-03
-3.4746e-03
-3.3025e-03
-3.1431e-03
-2.9831e-03
-2.9159e-03
-2.8150e-03
-2.5505e-03
-2.1872e-03
-1.8769e-03
-1.7406e-03
-1.8652e-03
-2.1052e-03
-2.3164e-03
-2.4747e-03
-2.5613e-03
-2.5761e-03
-2.5336e-03
-2.4220e-03
-2.1522e-03
-1.7852e-03
-1.5618e-03
-1.4904e-03
-1.4326e-03
-1.3247e-03
-1.1543e-03
-8.5967e-04
-4.7351e-04
-8.9078e-05
2.8379e-04
6.1352e-04
8.3460e-04
9.2072e-04
9.0795e-04
8.6138e-04
8.3113e-04
8.3160e-04
8.4933e-04
8.6205e-04
8.1390e-04
6.2440e-04
3.4063e-04
9.6060e-05
-7.8773e-05
-2.6652e-04
-5.2366e-04
-8.6394e-04
-1.1821e-03
-1.3596e-03
-1.3690e-03
-1.2731e-03
-1.1615e-03
-1.0930e-03
-1.1277e-03
-1.2978e-03
-1.4377e-03
-1.3102e-03
-8.9593e-04
-4.0777e-04
-1.3227e-05
2.5403e-04
4.0244e-04
4.6529e-04
4.8515e-04
4.9584e-04
5.1213e-04
5.2932e-04
5.3754e-04
5.3636e-04
5.4460e-04
6.1670e-04
7.1037e-04
7.3369e-04
6.7564e-04
5.8823e-04
5.1935e-04
4.3578e-04
3.0629e-04
1.6919e-04
8.4042e-05
6.2629e-05
2.5069e-05
-7.1497e-05
-1.8148e-04
-2.6043e-04
-3.3921e-04
-4.1843e-04
-4.1253e-04
-2.9062e-04
-1.1999e-04
1.4032e-05
7.3924e-05
7.7864e-05
6.8277e-05
7.8072e-05
1.1714e-04
1.8684e-04
3.1070e-04
4.8960e-04
7.2768e-04
1.0090e-03
1.2566e-03
1.3966e-03
1.4202e-03
1.3774e-03
1.3315e-03
1.3164e-03
1.3296e-03
1.3667e-03
1.4419e-03
1.5352e-03
1.6029e-03
1.6215e-03
1.6009e-03
1.5665e-03
1.5384e-03
1.5228e-03
1.4972e-03
1.4292e-03
1.3336e-03
1.2506e-03
1.1897e-03
1.1428e-03
1.1134e-03
1.0802e-03
1.0537e-03
1.0682e-03
1.1193e-03
1.1715e-03
1.1957e-03
1.1874e-03
1.1616e-03
1.1366e-03
1.1223e-03
1.1186e-03
1.1184e-03
1.1137e-03
1.1035e-03
1.0926e-03
1.0989e-03
1.1335e-03
1.1777e-03
1.2045e-03
1.2023e-03
1.1789e-03
1.1500e-03
1.1275e-03
1.1139e-03
1.1080e-03
1.1158e-03
1.1234e-03
1.1097e-03
1.0769e-03
1.0414e-03
1.0161e-03
1.0030e-03
9.9634e-04
9.8904e-04
9.7816e-04
9.6382e-04
9.4783e-04
9.3107e-04
9.0463e-04
8.6542e-04
8.2196e-04
7.7753e-04
7.4051e-04
7.2512e-04
7.2393e-04
7.2335e-04
7.2337e-04
7.1932e-04
7.0651e-04
6.9145e-04
6.8669e-04
6.8771e-04
6.8579e-04
6.8347e-04
6.8025e-04
6.7927e-04
6.8322e-04
6.8834e-04
6.8918e-04
6.8398e-04
6.7463e-04
6.6211e-04
6.4634e-04
6.3447e-04
6.3080e-04
6.3241e-04
6.3337e-04
6.2768e-04
6.1145e-04
5.8942e-04
5.7056e-04
5.6006e-04
5.5685e-04
5.5640e-04
5.5459e-04
5.4830e-04
5.3544e-04
5.1957e-04
5.0684e-04
5.0025e-04
4.9857e-04
4.9831e-04
4.9681e-04
4.9359e-04
4.8950e-04
4.8550e-04
4.8212e-04
4.7929e-04
4.7646e-04
4.7338e-04
4.6987e-04
4.6600e-04
4.6211e-04
4.5844e-04
4.5603e-04
4.5492e-04
4.5237e-04
4.4741e-04
4.4209e-04
4.3828e-04
4.3476e-04
4.3121e-04
4.2871e-04
4.2690e-04
4.2446e-04
4.2063e-04
4.1565e-04
4.1021e-04
4.0487e-04
3.9983e-04
3.9497e-04
3.8957e-04
3.8297e-04
3.7588e-04
3.6942e-04
3.6368e-04
3.5852e-04
3.5380e-04
3.4938e-04
3.4544e-04
3.4134e-04
3.3633e-04
3.3072e-04
3.2526e-04
3.2043e-04
3.1613e-04
3.1202e-04
3.0778e-04
3.0331e-04
2.9869e-04
2.9406e-04
2.8951e-04
2.8503e-04
2.8056e-04
2.7607e-04
2.7168e-04
2.6734e-04
2.6273e-04
2.5785e-04
2.5285e-04
2.4778e-04
2.4266e-04
2.3766e-04
2.3286e-04
2.2825e-04
2.2372e-04
2.1917e-04
2.1455e-04
2.0990e-04
2.0534e-04
2.0089e-04
1.9643e-04
1.9185e-04
1.8713e-04
1.8233e-04
1.7753e-04
1.7281e-04
1.6814e-04
1.6345e-04
1.5869e-04
1.5386e-04
1.4900e-04
1.4419e-04
1.3947e-04
1.3481e-04
1.3014e-04
1.2541e-04
1.2061e-04
1.1577e-04
1.1096e-04
1.0620e-04
1.0150e-04
9.6801e-05
9.2090e-05
8.7364e-05
8.2644e-05
7.7948e-05
7.3274e-05
6.8608e-05
6.3942e-05
5.9276e-05
5.4620e-05
4.9983e-05
4.5364e-05
4.0760e-05
3.6162e-05
3.1568e-05
2.6979e-05
2.2396e-05
1.7821e-05
1.3257e-05
8.7028e-06
4.1573e-06
-3.8119e-07
-4.9128e-06
-9.4358e-06
-1.3948e-05
-1.8451e-05
-2.2944e-05
-2.7427e-05
-3.1899e-05
-3.6360e-05
-4.0811e-05
-4.5250e-05
-4.9678e-05
-5.4094e-05
-5.8500e-05
-6.2893e-05
-6.7275e-05
-7.1644e-05
-7.6002e-05
-8.0347e-05
-8.4680e-05
-8.9000e-05
-9.3308e-05
-9.7603e-05
-1.0189e-04
-1.0615e-04
-1.1041e-04
-1.1465e-04
-1.1888e-04
-1.2310e-04
-1.2730e-04
-1.3149e-04
-1.3567e-04
-1.3983e-04
-1.4398e-04
-1.4812e-04
-1.5224e-04
-1.5635e-04
-1.6044e-04
