-4.2069e-05
-4.2183e-05
-4.2300e-05
-4.2403e-05
-4.2520e-05
-4.2619e-05
-4.2731e-05
-4.2818e-05
-4.2932e-05
-4.3062e-05
-4.3217e-05
-4.3341e-05
-4.3458e-05
-4.3521e-05
-4.3538e-05
-4.3599e-05
-4.3732e-05
-4.3854e-05
-4.3925e-05
-4.3903e-05
-4.3591e-05
-4.3454e-05
-4.4054e-05
-4.5154e-05
-4.5422e-05
-4.4429e-05
-4.3692e-05
-4.4014e-05
-4.4441e-05
-4.3077e-05
-4.2046e-05
-4.3243e-05
-4.2376e-05
-3.8366e-05
-3.4679e-05
-3.1219e-05
-3.1453e-05
-3.4511e-05
-3.5025e-05
-3.2297e-05
-2.8384e-05
-2.0414e-05
-1.4106e-05
-1.8392e-05
-1.8772e-05
-8.4304e-06
3.5738e-06
1.9945e-05
4.1686e-05
4.7056e-05
3.5036e-05
1.7630e-05
1.5155e-05
4.1223e-05
6.9594e-05
6.7844e-05
1.5364e-05
-4.7519e-05
-5.2087e-05
-2.6269e-05
-1.0378e-05
-3.0538e-05
-5.3837e-05
-1.9236e-05
-5.9313e-06
-4.8602e-05
-8.2356e-05
-6.5317e-05
-8.6191e-06
2.6305e-05
1.7634e-05
-2.5385e-07
-1.4325e-05
-4.7056e-05
-5.9508e-05
-8.6233e-06
2.7947e-05
-2.4876e-05
-7.8277e-05
-4.9332e-05
-1.3640e-05
-3.1070e-06
-2.5294e-05
-4.7746e-05
-1.4649e-04
-2.5490e-04
-2.0751e-04
-1.3797e-04
-1.8305e-04
-2.9433e-04
-3.4655e-04
-4.2071e-04
-4.8095e-04
-4.0420e-04
-2.4679e-04
-1.5445e-04
-1.2331e-04
-1.2121e-04
-1.5462e-04
-1.5181e-04
-7.2479e-06
1.5915e-04
2.0881e-04
1.1068e-04
-1.7342e-05
-5.9481e-05
3.8517e-05
1.3690e-04
1.2721e-04
2.5152e-05
-8.3081e-06
1.7479e-04
3.0162e-04
1.7831e-04
-3.1937e-05
-1.6625e-04
-2.1460e-04
-2.3531e-04
-2.3317e-04
-2.4718e-04
-1.4861e-04
9.5156e-05
3.1289e-04
3.5111e-04
2.1841e-04
5.0393e-05
9.5209e-05
2.3802e-04
2.0534e-04
1.6262e-04
1.8667e-04
2.1094e-04
2.1042e-04
1.0632e-04
-6.6193e-05
-2.1955e-04
-1.5226e-04
7.9704e-05
2.7778e-04
4.6948e-04
5.4125e-04
3.9792e-04
1.8867e-04
1.4885e-04
3.2477e-04
3.3748e-04
1.2832e-04
-5.6716e-05
-3.1854e-04
-6.5861e-04
-8.8681e-04
-8.9232e-04
-9.8901e-04
-1.3213e-03
-1.5164e-03
-1.3489e-03
-1.0729e-03
-1.0452e-03
-1.3443e-03
-1.6311e-03
-1.4826e-03
-9.6073e-04
-4.4327e-04
-1.5915e-04
-2.0759e-04
-2.8032e-04
-1.0048e-04
3.0947e-04
7.5726e-04
9.4079e-04
8.0126e-04
5.3535e-04
6.7054e-04
1.4562e-03
2.3346e-03
2.8614e-03
3.1984e-03
3.0388e-03
2.4627e-03
2.1162e-03
2.0597e-03
2.0697e-03
2.0030e-03
1.7160e-03
1.3114e-03
7.5427e-04
3.8639e-04
3.3360e-04
2.1032e-04
8.5337e-05
1.9900e-04
1.6744e-04
-1.3986e-04
-5.3712e-04
-6.1985e-04
-3.3881e-04
-3.9814e-04
-1.0690e-03
-1.9842e-03
-2.8722e-03
-3.4398e-03
-3.3438e-03
-2.6179e-03
-1.9620e-03
-1.3948e-03
-9.0403e-04
-8.9897e-04
-1.4813e-03
-2.2156e-03
-2.7657e-03
-3.2014e-03
-3.4469e-03
-3.2941e-03
-2.9299e-03
-2.1659e-03
-1.0627e-03
-5.6987e-04
-1.1123e-03
-1.9776e-03
-2.1183e-03
-1.4122e-03
-8.4109e-05
8.0304e-04
7.2419e-04
5.3893e-04
1.1433e-03
2.4498e-03
3.5604e-03
4.0940e-03
4.0714e-03
3.4648e-03
2.7072e-03
2.3570e-03
2.9946e-03
4.1010e-03
4.9019e-03
5.0868e-03
4.4424e-03
3.2937e-03
2.9333e-03
4.2250e-03
6.2518e-03
6.8410e-03
5.0200e-03
2.3689e-03
7.0650e-04
1.4468e-04
8.2807e-04
2.2907e-03
3.1721e-03
2.7590e-03
1.6693e-03
1.4509e-03
2.5223e-03
3.5085e-03
3.0758e-03
1.2114e-03
-1.0237e-03
-2.8239e-03
-3.4742e-03
-3.0166e-03
-1.9041e-03
-7.7950e-04
5.9153e-05
3.0676e-06
-1.0583e-03
-2.4444e-03
-2.9493e-03
-2.1246e-03
-9.2200e-04
-7.3999e-04
-2.0381e-03
-3.4227e-03
-3.8987e-03
-3.5096e-03
-2.9248e-03
-3.5829e-03
-5.8659e-03
-7.9383e-03
-8.4055e-03
-7.2065e-03
-4.9458e-03
-2.0442e-03
4.8903e-04
1.3906e-03
8.2962e-04
6.9013e-04
1.6118e-03
2.9913e-03
3.6660e-03
3.1112e-03
2.4079e-03
2.4229e-03
3.0892e-03
4.0990e-03
5.3088e-03
6.4387e-03
6.3277e-03
4.7590e-03
3.4273e-03
3.2345e-03
3.0950e-03
1.9264e-03
-6.6136e-05
-1.7227e-03
-2.5422e-03
-2.4651e-03
-1.3076e-03
-6.2999e-04
-1.6232e-03
-2.3361e-03
-1.0183e-03
1.6852e-03
3.8743e-03
5.3311e-03
6.8564e-03
7.5304e-03
6.0548e-03
3.4305e-03
1.2930e-03
8.4765e-05
-3.1064e-04
-5.3305e-04
-9.0106e-04
-1.6921e-03
-2.9456e-03
-4.5737e-03
-6.0827e-03
-6.7386e-03
-6.8031e-03
-6.2187e-03
-4.8658e-03
-3.1252e-03
-1.1719e-03
8.9259e-04
3.0136e-03
4.9605e-03
5.6427e-03
5.1242e-03
4.8787e-03
5.7347e-03
6.7322e-03
6.8843e-03
6.3694e-03
5.7208e-03
6.0893e-03
7.8500e-03
8.8960e-03
6.7457e-03
1.8643e-03
-3.2011e-03
-6.4779e-03
-5.9090e-03
-1.7479e-03
2.8825e-03
5.7772e-03
5.3485e-03
3.0394e-03
2.5681e-03
4.6704e-03
8.0268e-03
1.0411e-02
1.0321e-02
8.5583e-03
7.0484e-03
7.1679e-03
9.3300e-03
1.1055e-02
1.0446e-02
7.8652e-03
5.0457e-03
3.2206e-03
2.3500e-03
1.5075e-03
1.9563e-04
-1.6059e-03
-3.8727e-03
-6.2912e-03
-8.5005e-03
-9.7340e-03
-9.2040e-03
-8.8155e-03
-1.0752e-02
-1.3421e-02
-1.4601e-02
-1.4384e-02
-1.3546e-02
-1.1811e-02
-9.8501e-03
-7.9551e-03
-5.8206e-03
-4.0641e-03
-3.6973e-03
-4.4833e-03
-5.6646e-03
-7.0219e-03
-8.5091e-03
-9.3321e-03
-8.9210e-03
-8.0631e-03
-8.3098e-03
-1.0209e-02
-1.2468e-02
-1.2561e-02
-9.5126e-03
-5.2051e-03
-1.7035e-03
8.6628e-04
2.3755e-03
1.8055e-03
3.6022e-04
-2.7367e-04
1.5957e-05
8.4341e-04
1.5067e-03
1.7774e-03
1.3790e-03
-2.5534e-04
-2.6723e-03
-4.4843e-03
-4.8380e-03
-4.1614e-03
-2.4320e-03
9.2983e-05
1.6137e-03
-1.9203e-05
-3.6007e-03
-6.3877e-03
-7.6450e-03
-7.9139e-03
-8.4706e-03
-9.7954e-03
-1.0949e-02
-1.1575e-02
-1.1932e-02
-1.1945e-02
-1.0203e-02
-7.3798e-03
-4.9954e-03
-2.3838e-03
4.5398e-04
2.5561e-03
3.3095e-03
3.4306e-03
2.8751e-03
1.5136e-03
6.8997e-04
9.4304e-04
1.3876e-03
1.0605e-03
2.5431e-05
-1.1050e-03
-1.9209e-03
-1.7090e-03
-1.1432e-03
-1.6410e-03
-3.8986e-03
-5.8756e-03
-5.9023e-03
-4.6051e-03
-2.5730e-03
-1.5396e-03
-3.0990e-03
-6.2027e-03
-8.4232e-03
-8.5831e-03
-6.9708e-03
-3.9525e-03
-3.8254e-04
2.3255e-03
3.6174e-03
4.2591e-03
4.8503e-03
5.3573e-03
6.1061e-03
7.4021e-03
9.1317e-03
1.0232e-02
9.6041e-03
8.0194e-03
7.1864e-03
7.1064e-03
6.9958e-03
6.3107e-03
5.3004e-03
3.8713e-03
2.1894e-03
4.1517e-04
-8.4029e-04
-8.5997e-04
-3.8228e-04
4.3883e-04
9.5580e-04
8.0165e-04
4.8849e-04
3.1632e-04
-2.5599e-05
2.4252e-04
2.7932e-03
7.4280e-03
1.2357e-02
1.5448e-02
1.4827e-02
1.1174e-02
7.8208e-03
7.2030e-03
8.3427e-03
8.3527e-03
5.2766e-03
-2.8479e-04
-5.2491e-03
-7.1460e-03
-7.4402e-03
-8.3271e-03
-1.0569e-02
-1.4277e-02
-1.8242e-02
-2.0761e-02
-2.0372e-02
-1.7217e-02
-1.2640e-02
-8.1370e-03
-5.6344e-03
-5.6263e-03
-6.6971e-03
-6.9478e-03
-5.2668e-03
-2.6308e-03
-1.1169e-04
2.2061e-03
4.9565e-03
9.0257e-03
1.3052e-02
1.4870e-02
1.2611e-02
7.8539e-03
3.7030e-03
2.0507e-03
2.0953e-03
2.2470e-03
2.1266e-03
1.3243e-03
-3.9230e-04
-2.3090e-03
-3.5612e-03
-5.5202e-03
-8.9900e-03
-1.2972e-02
-1.6112e-02
-1.7256e-02
-1.6492e-02
-1.5183e-02
-1.3455e-02
-1.1838e-02
-1.1350e-02
-1.2027e-02
-1.1673e-02
-8.2532e-03
-2.5600e-03
2.8576e-03
6.2803e-03
7.8531e-03
7.5757e-03
5.9546e-03
4.9399e-03
6.1323e-03
8.2873e-03
8.9558e-03
8.8380e-03
9.4879e-03
1.0977e-02
1.2877e-02
1.4297e-02
1.4280e-02
1.2290e-02
9.0987e-03
6.3572e-03
5.4153e-03
5.4263e-03
4.4943e-03
1.8157e-03
-1.1746e-03
-2.8673e-03
-2.1887e-03
1.1806e-03
5.4068e-03
8.4832e-03
9.1674e-03
6.3125e-03
1.2293e-03
-3.5206e-03
-6.9132e-03
-8.4363e-03
-7.7039e-03
-4.7910e-03
-2.6958e-04
4.4623e-03
8.2791e-03
1.0372e-02
1.0136e-02
7.3330e-03
2.9515e-03
-1.3411e-03
-4.2208e-03
-5.2855e-03
-5.3388e-03
-6.9060e-03
-1.2400e-02
-2.0085e-02
-2.5977e-02
-2.8258e-02
-2.8221e-02
-2.8059e-02
-2.8427e-02
-2.8334e-02
-2.6749e-02
-2.3350e-02
-2.0290e-02
-2.0581e-02
-2.3357e-02
-2.4990e-02
-2.3871e-02
-2.1188e-02
-1.8731e-02
-1.8494e-02
-2.1086e-02
-2.4296e-02
-2.6020e-02
-2.6351e-02
-2.6473e-02
-2.7119e-02
-2.7721e-02
-2.7675e-02
-2.8374e-02
-3.0733e-02
-3.3907e-02
-3.5774e-02
-3.5223e-02
-3.2355e-02
-2.8349e-02
-2.5071e-02
-2.3969e-02
-2.4789e-02
-2.4717e-02
-2.2051e-02
-1.7853e-02
-1.3240e-02
-9.6216e-03
-8.1440e-03
-7.9400e-03
-6.4560e-03
-2.1662e-03
3.9562e-03
1.1251e-02
1.8052e-02
2.2899e-02
2.6511e-02
2.9611e-02
3.2240e-02
3.4190e-02
3.5532e-02
3.6577e-02
3.7279e-02
3.7789e-02
3.7709e-02
3.7140e-02
3.6314e-02
3.5373e-02
3.5161e-02
3.6932e-02
4.1688e-02
4.8036e-02
5.3901e-02
5.8557e-02
6.1354e-02
6.1585e-02
6.0895e-02
6.1294e-02
6.2989e-02
6.4784e-02
6.5679e-02
6.5166e-02
6.3328e-02
6.1555e-02
6.0456e-02
5.9183e-02
5.7577e-02
5.6108e-02
5.4647e-02
5.2632e-02
5.0145e-02
4.7415e-02
4.4256e-02
4.1008e-02
3.8122e-02
3.5088e-02
3.1283e-02
2.6610e-02
2.1424e-02
1.5854e-02
9.7968e-03
3.0384e-03
-5.2202e-03
-1.6016e-02
-2.8198e-02
-3.9979e-02
-5.1115e-02
-6.3040e-02
-7.5719e-02
-8.6806e-02
-9.5443e-02
-1.0232e-01
-1.0803e-01
-1.1346e-01
-1.1910e-01
-1.2441e-01
-1.2931e-01
-1.3333e-01
-1.3641e-01
-1.3951e-01
-1.4262e-01
-1.4450e-01
-1.4348e-01
-1.3972e-01
-1.3525e-01
-1.3175e-01
-1.2986e-01
-1.2794e-01
-1.2325e-01
-1.1405e-01
-9.9668e-02
-8.2069e-02
-6.3432e-02
-4.7350e-02
-3.6269e-02
-2.7884e-02
-1.8765e-02
-8.8003e-03
-3.2700e-05
6.8294e-03
1.2697e-02
1.9222e-02
2.6795e-02
3.2960e-02
3.6297e-02
3.6079e-02
3.3866e-02
3.3557e-02
3.6110e-02
4.0153e-02
4.5879e-02
5.4142e-02
6.5322e-02
7.7548e-02
8.9392e-02
1.0155e-01
1.1400e-01
1.2608e-01
1.3671e-01
1.4605e-01
1.5365e-01
1.5893e-01
1.6248e-01
1.6430e-01
1.6344e-01
1.6116e-01
1.5916e-01
1.5685e-01
1.5275e-01
1.4643e-01
1.3914e-01
1.3068e-01
1.1998e-01
1.0680e-01
9.0599e-02
7.1681e-02
5.1804e-02
3.3024e-02
1.5215e-02
-2.6096e-03
-2.0134e-02
-3.6166e-02
-4.9948e-02
-6.1721e-02
-7.0850e-02
-7.6778e-02
-7.8560e-02
-7.5883e-02
-6.9909e-02
-6.1426e-02
-5.0355e-02
-3.8989e-02
-3.0385e-02
-2.5409e-02
-2.2494e-02
-1.9942e-02
-1.6916e-02
-1.1941e-02
-5.2707e-03
6.8921e-04
4.7955e-03
5.9654e-03
3.4911e-03
-1.4370e-03
-8.0428e-03
-1.6329e-02
-2.5920e-02
-3.5495e-02
-4.3713e-02
-4.9863e-02
-5.4080e-02
-5.7206e-02
-5.8982e-02
-5.9186e-02
-5.8185e-02
-5.6531e-02
-5.5322e-02
-5.5235e-02
-5.5116e-02
-5.3143e-02
-5.0310e-02
-4.8366e-02
-4.8123e-02
-4.8706e-02
-4.8846e-02
-4.7731e-02
-4.5107e-02
-4.2546e-02
-4.0691e-02
-3.8867e-02
-3.5757e-02
-3.0702e-02
-2.5176e-02
-1.9718e-02
-1.3704e-02
-7.8771e-03
-2.3885e-03
2.9652e-03
8.2220e-03
1.3258e-02
1.7190e-02
1.9507e-02
2.1389e-02
2.4244e-02
2.7830e-02
3.1866e-02
3.5935e-02
3.9055e-02
4.0744e-02
4.1242e-02
4.0818e-02
3.9160e-02
3.6789e-02
3.4118e-02
2.9877e-02
2.4441e-02
1.9373e-02
1.5132e-02
1.1408e-02
7.9982e-03
5.4416e-03
4.0301e-03
3.1062e-03
2.4421e-03
2.6352e-03
3.9127e-03
6.5687e-03
1.1645e-02
1.8755e-02
2.6024e-02
3.2685e-02
3.9633e-02
4.7279e-02
5.6059e-02
6.6349e-02
7.7682e-02
8.8599e-02
9.7756e-02
1.0452e-01
1.0988e-01
1.1466e-01
1.1748e-01
1.1626e-01
1.1125e-01
1.0446e-01
9.7780e-02
9.1797e-02
8.6796e-02
8.3508e-02
8.1517e-02
7.9953e-02
7.8371e-02
7.6827e-02
7.5515e-02
7.4364e-02
7.3442e-02
7.3411e-02
7.4148e-02
7.3947e-02
7.1237e-02
6.6646e-02
6.1870e-02
5.6689e-02
4.9802e-02
4.1057e-02
3.1300e-02
1.9850e-02
7.2972e-03
-3.8621e-03
-1.2466e-02
-1.9558e-02
-2.6936e-02
-3.3615e-02
-3.7528e-02
-3.8172e-02
-3.5758e-02
-3.1704e-02
-2.7447e-02
-2.3101e-02
-1.9027e-02
-1.4810e-02
-9.9367e-03
-5.6336e-03
-1.6336e-03
3.1371e-03
8.1920e-03
1.2311e-02
1.4402e-02
1.4349e-02
1.3938e-02
1.4033e-02
1.3293e-02
1.0925e-02
7.0950e-03
2.5733e-03
-1.0888e-03
-3.5641e-03
-5.2816e-03
-6.2518e-03
-7.4989e-03
-9.9223e-03
-1.2751e-02
-1.4496e-02
-1.4316e-02
-1.3371e-02
-1.3593e-02
-1.4658e-02
-1.4641e-02
-1.3271e-02
-1.2090e-02
-1.1636e-02
-1.1394e-02
-1.0352e-02
-8.9230e-03
-7.4188e-03
-6.0940e-03
-6.0712e-03
-9.2226e-03
-1.5585e-02
-2.2656e-02
-2.9189e-02
-3.4684e-02
-3.8422e-02
-4.1854e-02
-4.6309e-02
-5.0533e-02
-5.3796e-02
-5.6864e-02
-6.0353e-02
-6.4449e-02
-6.9808e-02
-7.5223e-02
-7.8367e-02
-7.7398e-02
-7.2331e-02
-6.4592e-02
-5.5727e-02
-4.6528e-02
-3.7828e-02
-3.0421e-02
-2.4306e-02
-1.9919e-02
-1.7492e-02
-1.6385e-02
-1.4706e-02
-1.2024e-02
-1.0014e-02
-9.6060e-03
-9.8263e-03
-1.0556e-02
-1.2122e-02
-1.3695e-02
-1.4519e-02
-1.4338e-02
-1.3129e-02
-1.0904e-02
-7.5953e-03
-3.5113e-03
2.1286e-04
2.8703e-03
4.6327e-03
5.9571e-03
7.5230e-03
8.9323e-03
7.8736e-03
2.9129e-03
-4.7279e-03
-1.2819e-02
-2.0041e-02
-2.6182e-02
-3.2066e-02
-3.8277e-02
-4.3940e-02
-4.8689e-02
-5.2604e-02
-5.5702e-02
-5.8289e-02
-6.0094e-02
-6.1262e-02
-6.2152e-02
-6.3418e-02
-6.5722e-02
-6.8991e-02
-7.4198e-02
-8.0529e-02
-8.6484e-02
-9.2240e-02
-9.8733e-02
-1.0634e-01
-1.1431e-01
-1.2229e-01
-1.2955e-01
-1.3554e-01
-1.4140e-01
-1.4798e-01
-1.5489e-01
-1.6196e-01
-1.6974e-01
-1.7838e-01
-1.8611e-01
-1.9109e-01
-1.9289e-01
-1.9237e-01
-1.9084e-01
-1.8754e-01
-1.8015e-01
-1.6641e-01
-1.4294e-01
-1.1365e-01
-8.3487e-02
-5.4114e-02
-3.0225e-02
-9.2187e-03
1.3181e-02
3.5117e-02
5.3472e-02
6.7393e-02
7.8783e-02
8.8750e-02
9.5866e-02
9.7680e-02
9.4547e-02
8.9350e-02
8.3921e-02
7.9001e-02
7.4461e-02
7.0648e-02
6.8728e-02
6.9734e-02
7.2794e-02
7.6630e-02
8.1999e-02
8.8630e-02
9.4836e-02
9.9970e-02
1.0333e-01
1.0519e-01
1.0720e-01
1.1009e-01
1.1346e-01
1.1600e-01
1.1713e-01
1.1773e-01
1.1806e-01
1.1694e-01
1.1377e-01
1.0928e-01
1.0465e-01
1.0036e-01
9.5956e-02
9.0555e-02
8.3804e-02
7.6473e-02
6.9433e-02
6.2835e-02
5.6825e-02
5.1456e-02
4.5471e-02
3.8253e-02
3.0572e-02
2.2977e-02
1.5900e-02
9.9518e-03
5.8540e-03
4.2203e-03
5.4560e-03
8.6687e-03
1.0555e-02
8.2852e-03
3.7341e-03
-4.1373e-04
-3.1021e-03
-4.2498e-03
-3.5861e-03
-1.7484e-03
-7.3032e-04
-2.5744e-03
-8.0504e-03
-1.5386e-02
-2.1887e-02
-2.6131e-02
-2.8976e-02
-3.1780e-02
-3.3864e-02
-3.4258e-02
-3.3861e-02
-3.2476e-02
-2.9338e-02
-2.4218e-02
-1.7148e-02
-8.3346e-03
3.9102e-03
2.0192e-02
3.8945e-02
5.4656e-02
6.6337e-02
7.5874e-02
8.3787e-02
9.0139e-02
9.4904e-02
9.8356e-02
1.0195e-01
1.0636e-01
1.1057e-01
1.1315e-01
1.1289e-01
1.1040e-01
1.0751e-01
1.0505e-01
1.0247e-01
9.8312e-02
9.2944e-02
8.8210e-02
8.4175e-02
7.9573e-02
7.3216e-02
6.4744e-02
5.4614e-02
4.3674e-02
3.2884e-02
2.2762e-02
1.3825e-02
5.7590e-03
-2.0373e-03
-1.0263e-02
-1.8783e-02
-2.5647e-02
-2.9805e-02
-3.1461e-02
-3.0473e-02
-2.7402e-02
-2.3985e-02
-2.1876e-02
-2.1595e-02
-2.2015e-02
-2.1490e-02
-1.9055e-02
-1.5852e-02
-1.2921e-02
-8.9335e-03
-3.6681e-03
1.3602e-03
3.7882e-03
2.7272e-03
1.0759e-03
1.5804e-03
2.8181e-03
1.4861e-03
-2.3019e-03
-6.2764e-03
-9.9763e-03
-1.4584e-02
-2.0947e-02
-2.8933e-02
-3.8173e-02
-4.7347e-02
-5.4729e-02
-5.9392e-02
-6.1533e-02
-6.2678e-02
-6.4095e-02
-6.4852e-02
-6.3278e-02
-6.0501e-02
-5.8966e-02
-5.9469e-02
-6.0678e-02
-6.1174e-02
-6.0074e-02
-5.7289e-02
-5.2957e-02
-4.7411e-02
-4.1647e-02
-3.5934e-02
-2.9267e-02
-2.1382e-02
-1.2212e-02
-3.0949e-03
4.2596e-03
9.5892e-03
1.2888e-02
1.4128e-02
1.2726e-02
9.1429e-03
4.3841e-03
-6.3341e-04
-5.9499e-03
-1.0563e-02
-1.3204e-02
-1.3800e-02
-1.3500e-02
-1.3034e-02
-1.2256e-02
-1.0533e-02
-7.7360e-03
-5.2670e-03
-3.5492e-03
-2.0699e-03
-1.6102e-03
-2.4458e-03
-4.3382e-03
-7.4107e-03
-1.2863e-02
-2.0681e-02
-3.0150e-02
-3.9605e-02
-4.7582e-02
-5.4059e-02
-5.9728e-02
-6.4966e-02
-6.9984e-02
-7.4545e-02
-7.7954e-02
-8.0532e-02
-8.2161e-02
-8.2230e-02
-8.0515e-02
-7.7813e-02
-7.4419e-02
-6.9453e-02
-6.2749e-02
-5.5096e-02
-4.6271e-02
-3.6710e-02
-2.9128e-02
-2.4509e-02
-2.1658e-02
-1.9761e-02
-1.8450e-02
-1.7737e-02
-1.6962e-02
-1.5337e-02
-1.3302e-02
-1.1533e-02
-1.1257e-02
-1.3814e-02
-1.8868e-02
-2.4432e-02
-2.8618e-02
-3.1164e-02
-3.2563e-02
-3.2820e-02
-3.2366e-02
-3.1977e-02
-3.1441e-02
-3.0393e-02
-2.8456e-02
-2.4718e-02
-1.8755e-02
-1.0786e-02
-1.8770e-03
6.0384e-03
1.2580e-02
1.7136e-02
1.8222e-02
1.6914e-02
1.6790e-02
1.8895e-02
2.1671e-02
2.3922e-02
2.5622e-02
2.6706e-02
2.6842e-02
2.5867e-02
2.3866e-02
2.1920e-02
2.0858e-02
2.0160e-02
1.9039e-02
1.7171e-02
1.4697e-02
1.1805e-02
8.5362e-03
5.5136e-03
3.5548e-03
2.6106e-03
2.4638e-03
3.1638e-03
3.5375e-03
2.8333e-03
2.1273e-03
2.1036e-03
1.9935e-03
8.8796e-04
-1.5851e-03
-4.5738e-03
-6.6614e-03
-8.4972e-03
-1.1073e-02
-1.1776e-02
-8.3980e-03
-1.6453e-03
6.5367e-03
1.4525e-02
2.1691e-02
2.7305e-02
3.1525e-02
3.4633e-02
3.6517e-02
3.7216e-02
3.7198e-02
3.6399e-02
3.4026e-02
3.0533e-02
2.7528e-02
2.5631e-02
2.4599e-02
2.4393e-02
2.4912e-02
2.5616e-02
2.6970e-02
2.9209e-02
3.1338e-02
3.1998e-02
3.1543e-02
3.1645e-02
3.3609e-02
3.6826e-02
4.0232e-02
4.3245e-02
4.6085e-02
4.9054e-02
5.0453e-02
4.9054e-02
4.5190e-02
4.0844e-02
3.7205e-02
3.4490e-02
3.2915e-02
3.3092e-02
3.4988e-02
3.7685e-02
4.0909e-02
4.4217e-02
4.6964e-02
4.9495e-02
5.1236e-02
5.1546e-02
5.1201e-02
5.1159e-02
5.0760e-02
4.8858e-02
4.5293e-02
4.0225e-02
3.4407e-02
2.8652e-02
2.2395e-02
1.5073e-02
7.8551e-03
9.4521e-04
-6.2889e-03
-1.3943e-02
-2.0985e-02
-2.5766e-02
-2.7766e-02
-2.8050e-02
-2.8170e-02
-2.8747e-02
-2.9351e-02
-2.9404e-02
-2.8564e-02
-2.7048e-02
-2.4844e-02
-2.1496e-02
-1.7984e-02
-1.4963e-02
-1.2048e-02
-9.2808e-03
-6.5780e-03
-3.2400e-03
-1.8320e-04
2.3394e-03
4.7686e-03
7.1186e-03
8.4315e-03
7.2745e-03
4.4368e-03
1.6654e-03
-9.2201e-04
-3.9678e-03
-7.5036e-03
-1.1120e-02
-1.4445e-02
-1.7255e-02
-1.9472e-02
-2.0169e-02
-2.0453e-02
-2.1997e-02
-2.4779e-02
-2.8135e-02
-3.2148e-02
-3.6095e-02
-3.8514e-02
-3.9395e-02
-3.9298e-02
-3.7869e-02
-3.4702e-02
-2.9312e-02
-2.2368e-02
-1.4727e-02
-6.0570e-03
3.1575e-03
1.1600e-02
1.8998e-02
2.6194e-02
3.2747e-02
3.7474e-02
4.0372e-02
4.1396e-02
4.0641e-02
3.8604e-02
3.5933e-02
3.2061e-02
2.6259e-02
2.0085e-02
1.5855e-02
1.4038e-02
1.2906e-02
1.1155e-02
9.6979e-03
9.8607e-03
1.1404e-02
1.3355e-02
1.4757e-02
1.4544e-02
1.2480e-02
9.3471e-03
6.0833e-03
2.6273e-03
-9.8212e-04
-4.4746e-03
-7.7884e-03
-1.0647e-02
-1.3018e-02
-1.5423e-02
-1.8542e-02
-2.2272e-02
-2.6080e-02
-3.0107e-02
-3.4512e-02
-3.8958e-02
-4.2631e-02
-4.5531e-02
-4.8871e-02
-5.2229e-02
-5.4615e-02
-5.5532e-02
-5.5227e-02
-5.5105e-02
-5.5019e-02
-5.4240e-02
-5.2349e-02
-4.8651e-02
-4.3836e-02
-3.9747e-02
-3.8284e-02
-3.9800e-02
-4.2772e-02
-4.5523e-02
-4.7116e-02
-4.8115e-02
-4.9924e-02
-5.2684e-02
-5.5444e-02
-5.6561e-02
-5.4278e-02
-4.8640e-02
-4.1420e-02
-3.3513e-02
-2.4663e-02
-1.6506e-02
-1.0549e-02
-6.5773e-03
-3.2133e-03
6.1797e-04
4.4444e-03
8.4135e-03
1.2890e-02
1.7238e-02
2.0786e-02
2.3513e-02
2.4449e-02
2.2933e-02
2.0445e-02
1.9177e-02
1.8848e-02
1.8287e-02
1.7415e-02
1.7201e-02
1.8761e-02
2.2033e-02
2.6270e-02
3.0803e-02
3.5631e-02
4.0497e-02
4.4212e-02
4.6320e-02
4.6288e-02
4.4032e-02
4.1724e-02
4.0871e-02
4.0508e-02
3.9050e-02
3.7027e-02
3.6092e-02
3.6624e-02
3.8375e-02
4.0836e-02
4.3653e-02
4.5914e-02
4.5802e-02
4.2414e-02
3.6226e-02
2.9098e-02
2.2735e-02
1.7415e-02
1.2523e-02
8.4091e-03
5.7138e-03
4.6235e-03
5.0902e-03
6.0658e-03
6.2442e-03
5.5375e-03
4.6127e-03
4.5080e-03
5.4510e-03
6.4747e-03
7.3367e-03
8.0089e-03
8.7506e-03
1.0151e-02
1.0634e-02
8.4261e-03
5.0479e-03
2.5533e-03
1.2458e-03
4.3954e-04
-9.4135e-05
-2.7155e-04
-7.1673e-04
-2.0959e-03
-5.0756e-03
-8.6224e-03
-1.1303e-02
-1.2898e-02
-1.3876e-02
-1.4651e-02
-1.5853e-02
-1.8136e-02
-2.0535e-02
-2.1831e-02
-2.1706e-02
-2.0838e-02
-1.9795e-02
-1.8082e-02
-1.5452e-02
-1.2815e-02
-1.1364e-02
-1.0337e-02
-9.1615e-03
-9.0231e-03
-1.0436e-02
-1.3404e-02
-1.6754e-02
-1.8661e-02
-1.9033e-02
-1.8264e-02
-1.7194e-02
-1.6276e-02
-1.5740e-02
-1.6197e-02
-1.7075e-02
-1.7957e-02
-2.0244e-02
-2.4366e-02
-2.9263e-02
-3.3477e-02
-3.6383e-02
-3.8033e-02
-3.9103e-02
-4.0178e-02
-4.0669e-02
-4.0905e-02
-4.1389e-02
-4.2306e-02
-4.3428e-02
-4.3972e-02
-4.3810e-02
-4.3926e-02
-4.5205e-02
-4.6204e-02
-4.5819e-02
-4.5446e-02
-4.5404e-02
-4.3675e-02
-3.9014e-02
-3.3337e-02
-2.8395e-02
-2.3919e-02
-1.9361e-02
-1.4588e-02
-9.9918e-03
-5.3275e-03
-3.1783e-04
3.6496e-03
6.8423e-03
1.0439e-02
1.4388e-02
1.7804e-02
2.0951e-02
2.4697e-02
2.8216e-02
2.9889e-02
2.8929e-02
2.6716e-02
2.5402e-02
2.5878e-02
2.6889e-02
2.6061e-02
2.3231e-02
2.0793e-02
2.0714e-02
2.1657e-02
2.1446e-02
1.9512e-02
1.7063e-02
1.4815e-02
1.1605e-02
7.0167e-03
2.0414e-03
-2.5574e-03
-6.6700e-03
-9.7027e-03
-1.1342e-02
-1.2279e-02
-1.2872e-02
-1.3558e-02
-1.5333e-02
-1.8011e-02
-2.0587e-02
-2.2654e-02
-2.4419e-02
-2.5466e-02
-2.4992e-02
-2.4706e-02
-2.7513e-02
-3.2447e-02
-3.6520e-02
-3.8972e-02
-4.0072e-02
-4.0617e-02
-4.1042e-02
-4.0664e-02
-3.8750e-02
-3.5699e-02
-3.1811e-02
-2.6652e-02
-2.1107e-02
-1.6754e-02
-1.3642e-02
-1.1271e-02
-8.5483e-03
-5.1420e-03
-2.4664e-03
-1.3800e-03
-1.2337e-03
-7.4035e-04
6.3802e-04
2.4867e-03
5.3699e-03
9.8398e-03
1.5072e-02
1.9663e-02
2.3999e-02
2.8525e-02
3.2126e-02
3.4464e-02
3.6632e-02
3.9423e-02
4.1463e-02
4.2141e-02
4.2344e-02
4.3189e-02
4.4890e-02
4.7003e-02
4.8407e-02
4.8124e-02
4.6408e-02
4.5123e-02
4.4841e-02
4.4522e-02
4.3085e-02
4.1233e-02
4.0163e-02
4.0210e-02
4.0845e-02
4.1120e-02
4.0104e-02
3.8385e-02
3.6697e-02
3.5604e-02
3.5951e-02
3.7382e-02
3.8339e-02
3.8161e-02
3.8095e-02
3.9150e-02
4.0802e-02
4.2243e-02
4.3731e-02
4.5955e-02
4.9362e-02
5.3122e-02
5.6428e-02
5.9201e-02
6.1986e-02
6.4709e-02
6.6595e-02
6.7657e-02
6.8413e-02
6.8368e-02
6.7399e-02
6.5944e-02
6.3050e-02
5.8699e-02
5.3332e-02
4.7025e-02
3.9513e-02
3.2277e-02
2.6356e-02
2.2531e-02
2.0912e-02
1.9722e-02
1.7272e-02
1.3785e-02
1.0644e-02
8.3782e-03
6.0374e-03
3.8561e-03
2.4341e-03
1.7619e-03
8.8033e-04
-1.2766e-03
-4.1508e-03
-6.8825e-03
-9.7957e-03
-1.4205e-02
-2.0580e-02
-2.7332e-02
-3.2511e-02
-3.5419e-02
-3.6783e-02
-3.7780e-02
-3.8396e-02
-3.8810e-02
-3.8812e-02
-3.8481e-02
-3.8203e-02
-3.7518e-02
-3.5657e-02
-3.2844e-02
-3.0166e-02
-2.8452e-02
-2.7929e-02
-2.7807e-02
-2.7765e-02
-2.7656e-02
-2.8779e-02
-3.1759e-02
-3.5314e-02
-3.7909e-02
-3.9625e-02
-4.0961e-02
-4.1605e-02
-4.1393e-02
-4.0449e-02
-3.9536e-02
-3.8662e-02
-3.6095e-02
-3.0939e-02
-2.4182e-02
-1.7214e-02
-1.0303e-02
-3.1534e-03
4.0617e-03
1.1983e-02
2.0487e-02
2.8382e-02
3.4623e-02
3.9067e-02
4.2211e-02
4.4353e-02
4.6185e-02
4.7509e-02
4.7303e-02
4.5630e-02
4.2854e-02
3.9480e-02
3.5987e-02
3.2072e-02
2.7633e-02
2.3496e-02
1.9966e-02
1.6354e-02
1.2504e-02
8.7337e-03
4.8296e-03
1.7530e-04
-4.4634e-03
-8.7667e-03
-1.2972e-02
-1.6990e-02
-2.0610e-02
-2.3906e-02
-2.7398e-02
-3.0468e-02
-3.2551e-02
-3.4317e-02
-3.6694e-02
-3.9561e-02
-4.2695e-02
-4.5711e-02
-4.8824e-02
-5.1482e-02
-5.2917e-02
-5.3730e-02
-5.4448e-02
-5.4051e-02
-5.1330e-02
-4.7146e-02
-4.3376e-02
-4.0434e-02
-3.7634e-02
-3.5070e-02
-3.2480e-02
-2.9128e-02
-2.5190e-02
-2.0906e-02
-1.6256e-02
-1.2511e-02
-1.0286e-02
-8.4685e-03
-6.1679e-03
-4.0020e-03
-2.6259e-03
-1.6976e-03
-7.6716e-04
-1.5523e-04
-8.0658e-05
1.5220e-04
1.3983e-03
2.3464e-03
1.9913e-03
2.4239e-03
6.2146e-03
1.2997e-02
2.0373e-02
2.5321e-02
2.7269e-02
2.7669e-02
2.8226e-02
2.9530e-02
3.0574e-02
3.0937e-02
3.0902e-02
3.0086e-02
2.8300e-02
2.6278e-02
2.4548e-02
2.1962e-02
1.8296e-02
1.4501e-02
1.1107e-02
8.6431e-03
6.8658e-03
4.9878e-03
2.5921e-03
3.6942e-04
-1.3192e-03
-2.2005e-03
-1.6789e-03
1.8392e-04
2.6997e-03
5.5060e-03
7.6356e-03
8.1613e-03
6.5607e-03
4.6532e-03
3.3969e-03
2.0164e-03
2.2776e-04
-2.3965e-03
-5.5870e-03
-8.1350e-03
-9.2387e-03
-9.3706e-03
-9.6357e-03
-9.9683e-03
-1.0659e-02
-1.1882e-02
-1.3736e-02
-1.6862e-02
-2.0682e-02
-2.4449e-02
-2.7406e-02
-2.9083e-02
-3.0799e-02
-3.2722e-02
-3.4282e-02
-3.4362e-02
-3.2331e-02
-2.9858e-02
-2.8223e-02
-2.6375e-02
-2.3915e-02
-2.1346e-02
-1.8630e-02
-1.6384e-02
-1.4254e-02
-1.1932e-02
-1.0078e-02
-8.0098e-03
-5.1737e-03
-2.0332e-03
4.7756e-04
2.5395e-03
4.3648e-03
4.4690e-03
2.0535e-03
-7.2969e-04
-2.3475e-03
-3.1196e-03
-4.2018e-03
-6.8907e-03
-1.1013e-02
-1.5733e-02
-2.0707e-02
-2.5287e-02
-2.8907e-02
-3.1507e-02
-3.2729e-02
-3.3099e-02
-3.2935e-02
-3.2420e-02
-3.0909e-02
-2.8281e-02
-2.5317e-02
-2.2769e-02
-2.1045e-02
-1.9591e-02
-1.8127e-02
-1.6494e-02
-1.5150e-02
-1.4883e-02
-1.5256e-02
-1.6494e-02
-1.8712e-02
-2.1524e-02
-2.4383e-02
-2.6685e-02
-2.7975e-02
-2.8838e-02
-3.0005e-02
-3.0786e-02
-3.1246e-02
-3.1679e-02
-3.1958e-02
-3.2268e-02
-3.1989e-02
-3.1291e-02
-3.0348e-02
-2.8380e-02
-2.5127e-02
-2.1489e-02
-1.7164e-02
-1.1643e-02
-5.4654e-03
9.1848e-04
7.1527e-03
1.3563e-02
2.0231e-02
2.5753e-02
2.9234e-02
3.1234e-02
3.2119e-02
3.1181e-02
2.8849e-02
2.6467e-02
2.4731e-02
2.3618e-02
2.2609e-02
2.1512e-02
2.0882e-02
2.0894e-02
2.1639e-02
2.3510e-02
2.6306e-02
2.9890e-02
3.3956e-02
3.7914e-02
4.1481e-02
4.3929e-02
4.5424e-02
4.6748e-02
4.7567e-02
4.7713e-02
4.7616e-02
4.7271e-02
4.6357e-02
4.5443e-02
4.4941e-02
4.4608e-02
4.4440e-02
4.4041e-02
4.3275e-02
4.1945e-02
3.9657e-02
3.7000e-02
3.4245e-02
3.1491e-02
2.8606e-02
2.5263e-02
2.1623e-02
1.8039e-02
1.4584e-02
1.1000e-02
6.7897e-03
2.8535e-03
-7.1389e-05
-1.8348e-03
-2.6604e-03
-2.7034e-03
-2.7993e-03
-2.8790e-03
-2.6314e-03
-1.8501e-03
-7.2755e-04
-1.2607e-04
-4.6659e-04
-1.5704e-03
-2.8423e-03
-4.0528e-03
-5.5844e-03
-6.9630e-03
-7.7418e-03
-8.6988e-03
-9.5281e-03
-9.6935e-03
-9.3127e-03
-8.4095e-03
-7.1544e-03
-5.9521e-03
-5.1992e-03
-5.0693e-03
-4.6375e-03
-2.7233e-03
4.4480e-04
4.2727e-03
8.5526e-03
1.3053e-02
1.7446e-02
2.0664e-02
2.2005e-02
2.2276e-02
2.2098e-02
2.1797e-02
2.1051e-02
1.8776e-02
1.5447e-02
1.1907e-02
8.1657e-03
4.2070e-03
2.3942e-06
-3.4556e-03
-5.2921e-03
-6.0935e-03
-6.6414e-03
-7.0534e-03
-7.2164e-03
-6.8995e-03
-6.7620e-03
-7.3499e-03
-8.6447e-03
-9.7920e-03
-9.9021e-03
-9.5443e-03
-1.0036e-02
-1.1555e-02
-1.3150e-02
-1.4373e-02
-1.5900e-02
-1.8167e-02
-2.0604e-02
-2.2026e-02
-2.1694e-02
-2.0600e-02
-1.9321e-02
-1.8197e-02
-1.7737e-02
-1.7455e-02
-1.6937e-02
-1.5975e-02
-1.4337e-02
-1.1353e-02
-7.5204e-03
-4.0959e-03
-1.5718e-03
7.2642e-04
2.8304e-03
4.7645e-03
5.9934e-03
5.7827e-03
4.7375e-03
3.2938e-03
1.9749e-03
1.0209e-03
2.7358e-04
-4.7682e-04
-2.1257e-03
-4.9192e-03
-8.4944e-03
-1.2029e-02
-1.4015e-02
-1.4024e-02
-1.3509e-02
-1.3667e-02
-1.3976e-02
-1.3381e-02
-1.2238e-02
-1.1176e-02
-1.0100e-02
-9.0636e-03
-7.9032e-03
-6.7709e-03
-5.5664e-03
-4.6463e-03
-3.2386e-03
-8.5171e-04
8.3528e-04
8.3233e-05
-2.7033e-03
-5.8561e-03
-8.4197e-03
-1.0340e-02
-1.2294e-02
-1.5068e-02
-1.8759e-02
-2.2189e-02
-2.3773e-02
-2.3493e-02
-2.2963e-02
-2.2865e-02
-2.3191e-02
-2.3954e-02
-2.5796e-02
-2.8746e-02
-3.0851e-02
-3.2066e-02
-3.3648e-02
-3.5220e-02
-3.6196e-02
-3.7077e-02
-3.8270e-02
-3.9564e-02
-4.0277e-02
-4.0220e-02
-3.9839e-02
-3.8788e-02
-3.6552e-02
-3.3103e-02
-2.9529e-02
-2.6674e-02
-2.4206e-02
-2.1306e-02
-1.7321e-02
-1.2486e-02
-7.6052e-03
-2.8370e-03
2.6953e-03
8.3945e-03
1.3271e-02
1.7500e-02
2.1481e-02
2.5800e-02
3.0512e-02
3.4895e-02
3.8926e-02
4.2717e-02
4.6037e-02
4.7949e-02
4.7371e-02
4.4019e-02
3.9593e-02
3.6672e-02
3.5302e-02
3.3888e-02
3.2071e-02
3.0404e-02
2.9139e-02
2.8633e-02
2.9557e-02
3.0982e-02
3.2778e-02
3.5805e-02
4.0011e-02
4.4070e-02
4.7492e-02
5.0667e-02
5.3431e-02
5.5799e-02
5.8077e-02
6.0192e-02
6.1166e-02
6.0067e-02
5.7503e-02
5.4678e-02
5.1797e-02
4.8387e-02
4.4592e-02
4.1309e-02
3.8550e-02
3.6399e-02
3.4968e-02
3.3787e-02
3.2779e-02
3.2055e-02
3.1820e-02
3.2234e-02
3.2170e-02
3.0959e-02
2.9382e-02
2.8164e-02
2.6852e-02
2.4463e-02
2.1602e-02
1.9193e-02
1.7154e-02
1.5345e-02
1.3145e-02
9.7090e-03
6.1175e-03
4.2953e-03
3.3419e-03
1.5073e-03
-8.5787e-04
-2.4749e-03
-2.8783e-03
-2.6206e-03
-2.5925e-03
-3.2999e-03
-4.3281e-03
-5.5581e-03
-7.0681e-03
-8.9338e-03
-1.1538e-02
-1.3990e-02
-1.4901e-02
-1.4839e-02
-1.4523e-02
-1.4153e-02
-1.2870e-02
-9.8121e-03
-5.1822e-03
1.9224e-04
5.3076e-03
1.0083e-02
1.4140e-02
1.6967e-02
1.9004e-02
2.0698e-02
2.1760e-02
2.0801e-02
1.7744e-02
1.3813e-02
1.0517e-02
7.5702e-03
4.8474e-03
2.2258e-03
-7.6147e-04
-3.8723e-03
-6.7501e-03
-9.0146e-03
-1.1236e-02
-1.3153e-02
-1.4423e-02
-1.5436e-02
-1.5970e-02
-1.4650e-02
-1.2409e-02
-1.0523e-02
-8.3526e-03
-6.4819e-03
-5.3901e-03
-5.0551e-03
-5.4407e-03
-6.0282e-03
-6.8025e-03
-8.0953e-03
-9.6252e-03
-1.0780e-02
-1.1748e-02
-1.1946e-02
-1.0958e-02
-8.7339e-03
-4.9523e-03
-2.4109e-04
4.3524e-03
7.8353e-03
9.2404e-03
8.6622e-03
7.3824e-03
6.1421e-03
5.2582e-03
4.4373e-03
2.5716e-03
1.9470e-04
-1.4172e-03
-2.2476e-03
-2.7594e-03
-3.4340e-03
-4.7858e-03
-6.8359e-03
-9.1532e-03
-1.0943e-02
-1.1891e-02
-1.2206e-02
-1.2273e-02
-1.2346e-02
-1.2084e-02
-1.1513e-02
-1.0956e-02
-1.1062e-02
-1.2049e-02
-1.2565e-02
-1.2391e-02
-1.2635e-02
-1.4014e-02
-1.5570e-02
-1.7067e-02
-1.9049e-02
-2.1465e-02
-2.3884e-02
-2.6154e-02
-2.8414e-02
-3.0633e-02
-3.2349e-02
-3.3385e-02
-3.4007e-02
-3.5162e-02
-3.6353e-02
-3.6307e-02
-3.4601e-02
-3.2276e-02
-2.9956e-02
-2.8364e-02
-2.7320e-02
-2.6025e-02
-2.5029e-02
-2.4849e-02
-2.5038e-02
-2.5063e-02
-2.4901e-02
-2.4766e-02
-2.4800e-02
-2.5089e-02
-2.5901e-02
-2.6473e-02
-2.5003e-02
-2.2001e-02
-1.9275e-02
-1.7350e-02
-1.5044e-02
-1.2083e-02
-1.0006e-02
-8.4058e-03
-6.2689e-03
-3.9175e-03
-2.2975e-03
-1.6076e-03
-9.7892e-04
8.6480e-04
3.3940e-03
5.4029e-03
7.1176e-03
9.0177e-03
1.1045e-02
1.2570e-02
1.3601e-02
1.5050e-02
1.7411e-02
2.0498e-02
2.3561e-02
2.5934e-02
2.7569e-02
2.9451e-02
3.1563e-02
3.2781e-02
3.2747e-02
3.2026e-02
3.1412e-02
3.1495e-02
3.1909e-02
3.2041e-02
3.1839e-02
3.1641e-02
3.1616e-02
3.1301e-02
2.9832e-02
2.7614e-02
2.5548e-02
2.3601e-02
2.1477e-02
1.9120e-02
1.6694e-02
1.4332e-02
1.2050e-02
9.7620e-03
7.3881e-03
4.9879e-03
2.6238e-03
3.6501e-04
-1.4271e-03
-2.7045e-03
-4.1405e-03
-5.5702e-03
-6.8500e-03
-7.8116e-03
-8.0273e-03
-7.8331e-03
-7.6062e-03
-6.7203e-03
-5.7930e-03
-6.2739e-03
-7.8948e-03
-9.4720e-03
-1.0869e-02
-1.2284e-02
-1.4104e-02
-1.6243e-02
-1.7538e-02
-1.8060e-02
-1.8765e-02
-1.9494e-02
-1.9737e-02
-1.9383e-02
-1.7928e-02
-1.5484e-02
-1.2947e-02
-1.0804e-02
-8.7844e-03
-6.3059e-03
-2.7344e-03
8.9956e-04
3.6063e-03
5.2987e-03
6.2239e-03
7.7312e-03
1.0353e-02
1.3023e-02
1.4567e-02
1.4918e-02
1.4394e-02
1.3811e-02
1.3431e-02
1.3364e-02
1.3486e-02
1.3337e-02
1.2428e-02
1.0827e-02
8.5463e-03
5.4539e-03
2.1106e-03
-1.3843e-04
-6.6607e-04
-9.6642e-04
-2.3172e-03
-4.5537e-03
-6.7569e-03
-8.3782e-03
-1.0054e-02
-1.2262e-02
-1.4489e-02
-1.6007e-02
-1.7273e-02
-1.9237e-02
-2.1300e-02
-2.2547e-02
-2.3395e-02
-2.4111e-02
-2.5101e-02
-2.6134e-02
-2.6806e-02
-2.7545e-02
-2.8385e-02
-2.8767e-02
-2.8636e-02
-2.7807e-02
-2.6504e-02
-2.5630e-02
-2.4901e-02
-2.3480e-02
-2.1128e-02
-1.8551e-02
-1.6970e-02
-1.6191e-02
-1.4584e-02
-1.2632e-02
-1.1912e-02
-1.1929e-02
-1.1260e-02
-1.0515e-02
-1.1135e-02
-1.3126e-02
-1.5631e-02
-1.7921e-02
-2.0664e-02
-2.4280e-02
-2.7414e-02
-2.9024e-02
-2.9291e-02
-2.9089e-02
-2.8794e-02
-2.8431e-02
-2.7395e-02
-2.5224e-02
-2.2597e-02
-2.0189e-02
-1.7648e-02
-1.4797e-02
-1.1860e-02
-9.5280e-03
-8.3132e-03
-7.9601e-03
-7.9239e-03
-7.7797e-03
-7.5292e-03
-7.5015e-03
-8.2141e-03
-9.4392e-03
-1.0104e-02
-1.0146e-02
-1.0902e-02
-1.1916e-02
-1.1611e-02
-1.0209e-02
-9.1422e-03
-8.0624e-03
-6.3293e-03
-5.2059e-03
-5.8719e-03
-7.4259e-03
-8.3045e-03
-9.1414e-03
-1.0953e-02
-1.2946e-02
-1.4274e-02
-1.5260e-02
-1.6185e-02
-1.6487e-02
-1.5698e-02
-1.4147e-02
-1.2152e-02
-9.9340e-03
-7.3417e-03
-4.0750e-03
-1.2378e-03
1.2029e-03
3.6429e-03
6.1158e-03
8.1885e-03
9.3086e-03
1.0289e-02
1.1092e-02
1.1708e-02
1.3244e-02
1.5460e-02
1.6952e-02
1.7841e-02
1.8752e-02
2.0047e-02
2.1114e-02
2.1726e-02
2.1851e-02
2.1490e-02
2.0821e-02
1.9973e-02
1.8333e-02
1.6200e-02
1.4352e-02
1.2789e-02
1.1217e-02
9.1595e-03
7.2315e-03
6.0969e-03
5.1922e-03
4.6491e-03
4.5980e-03
4.9892e-03
5.2149e-03
5.4292e-03
6.3333e-03
7.7122e-03
9.3385e-03
1.0680e-02
1.2035e-02
1.3368e-02
1.4213e-02
1.5072e-02
1.6285e-02
1.7585e-02
1.7999e-02
1.6979e-02
1.5813e-02
1.5738e-02
1.6316e-02
1.6584e-02
1.6349e-02
1.5908e-02
1.4913e-02
1.3651e-02
1.2620e-02
1.2748e-02
1.3887e-02
1.4574e-02
1.5094e-02
1.5965e-02
1.7263e-02
1.8560e-02
1.9723e-02
2.0697e-02
2.1453e-02
2.2419e-02
2.3683e-02
2.4896e-02
2.5490e-02
2.5587e-02
2.6471e-02
2.7882e-02
2.8966e-02
2.9955e-02
3.1772e-02
3.4687e-02
3.7246e-02
3.8872e-02
3.9894e-02
4.0468e-02
4.0993e-02
4.0947e-02
3.9920e-02
3.8517e-02
3.7498e-02
3.7272e-02
3.7503e-02
3.7451e-02
3.6525e-02
3.5158e-02
3.4136e-02
3.2784e-02
3.0941e-02
2.9605e-02
2.8577e-02
2.7976e-02
2.7908e-02
2.7607e-02
2.5934e-02
2.3584e-02
2.2220e-02
2.1120e-02
1.9451e-02
1.7969e-02
1.6371e-02
1.4112e-02
1.1546e-02
9.1815e-03
7.1940e-03
5.7697e-03
4.4547e-03
2.5672e-03
7.0480e-04
-8.0509e-04
-2.1160e-03
-3.2073e-03
-4.3617e-03
-5.2882e-03
-6.1748e-03
-7.0082e-03
-7.3349e-03
-7.2243e-03
-7.1386e-03
-7.5115e-03
-8.0524e-03
-8.4265e-03
-9.7584e-03
-1.2200e-02
-1.4521e-02
-1.5770e-02
-1.6528e-02
-1.7705e-02
-1.9612e-02
-2.2023e-02
-2.3732e-02
-2.4620e-02
-2.6168e-02
-2.8025e-02
-2.9382e-02
-2.9999e-02
-2.9985e-02
-3.0200e-02
-2.9858e-02
-2.8634e-02
-2.7258e-02
-2.6139e-02
-2.5136e-02
-2.3350e-02
-2.1479e-02
-1.9814e-02
-1.6980e-02
-1.3699e-02
-1.1108e-02
-9.3414e-03
-8.1399e-03
-6.6719e-03
-5.1281e-03
-3.8135e-03
-3.3625e-03
-4.2762e-03
-5.2978e-03
-5.1639e-03
-3.6602e-03
-2.0355e-03
-8.5380e-04
6.3957e-04
2.0669e-03
3.3818e-03
5.3065e-03
7.3669e-03
8.9514e-03
1.0390e-02
1.1535e-02
1.2961e-02
1.5023e-02
1.6583e-02
1.7614e-02
1.8234e-02
1.8476e-02
1.9105e-02
2.0171e-02
2.0277e-02
1.8966e-02
1.7319e-02
1.6106e-02
1.4699e-02
1.2510e-02
1.0024e-02
8.2845e-03
7.2025e-03
5.4117e-03
3.0571e-03
1.5500e-03
6.1274e-04
-2.8012e-04
-1.9717e-03
-4.1743e-03
-5.3829e-03
-5.6123e-03
-5.5831e-03
-5.5130e-03
-5.1524e-03
-5.0269e-03
-5.8497e-03
-7.4730e-03
-9.5471e-03
-1.1410e-02
-1.2377e-02
-1.3244e-02
-1.4368e-02
-1.6292e-02
-1.8778e-02
-2.0524e-02
-2.1103e-02
-2.1500e-02
-2.2431e-02
-2.3056e-02
-2.2833e-02
-2.1685e-02
-2.0639e-02
-1.9884e-02
-1.8714e-02
-1.6585e-02
-1.3857e-02
-1.1569e-02
-1.0418e-02
-1.0107e-02
-1.0409e-02
-1.0575e-02
-1.0360e-02
-1.0807e-02
-1.1751e-02
-1.2543e-02
-1.3387e-02
-1.4125e-02
-1.4226e-02
-1.3502e-02
-1.2196e-02
-1.0478e-02
-8.3716e-03
-6.0803e-03
-3.8048e-03
-1.6430e-03
1.0650e-04
1.2646e-03
1.8074e-03
1.6467e-03
5.2606e-04
-5.6896e-04
-1.1921e-03
-2.0698e-03
-3.9362e-03
-6.4203e-03
-8.4992e-03
-1.0521e-02
-1.2432e-02
-1.3900e-02
-1.5505e-02
-1.7329e-02
-1.8650e-02
-1.8940e-02
-1.8680e-02
-1.8613e-02
-1.8858e-02
-1.9086e-02
-1.9089e-02
-1.8777e-02
-1.7880e-02
-1.6310e-02
-1.4049e-02
-1.2105e-02
-1.1141e-02
-1.0364e-02
-9.8075e-03
-9.9140e-03
-1.0289e-02
-9.9591e-03
-8.8159e-03
-6.8157e-03
-4.3559e-03
-1.2836e-03
2.0217e-03
3.8600e-03
4.1290e-03
4.2638e-03
5.4577e-03
7.2784e-03
8.7240e-03
9.2380e-03
8.9956e-03
8.3995e-03
7.5523e-03
6.9322e-03
6.7974e-03
6.2437e-03
6.0375e-03
7.3422e-03
9.5499e-03
1.1436e-02
1.2839e-02
1.4166e-02
1.5376e-02
1.6079e-02
1.6160e-02
1.5829e-02
1.4797e-02
1.3864e-02
1.3953e-02
1.5044e-02
1.6294e-02
1.6679e-02
1.6256e-02
1.5906e-02
1.6048e-02
1.6367e-02
1.6479e-02
1.6373e-02
1.6260e-02
1.6252e-02
1.6112e-02
1.5334e-02
1.4235e-02
1.3586e-02
1.3017e-02
1.2148e-02
1.1136e-02
9.5888e-03
7.9542e-03
6.7685e-03
5.8278e-03
4.7200e-03
3.1357e-03
9.1398e-04
-1.8348e-03
-4.8049e-03
-7.3362e-03
-8.8495e-03
-9.1091e-03
-8.8388e-03
-8.1129e-03
-6.3395e-03
-3.8883e-03
-1.1388e-03
1.6759e-03
4.0673e-03
5.8280e-03
7.4259e-03
9.7596e-03
1.2674e-02
1.5321e-02
1.7419e-02
1.8964e-02
2.0120e-02
2.1214e-02
2.2003e-02
2.2188e-02
2.2076e-02
2.2068e-02
2.2083e-02
2.1385e-02
1.9224e-02
1.5519e-02
1.1884e-02
9.0183e-03
6.2466e-03
3.4835e-03
1.0988e-03
-3.0694e-04
-1.5153e-04
7.0280e-04
1.5128e-03
2.4804e-03
4.0677e-03
5.7085e-03
6.7117e-03
6.8787e-03
6.8919e-03
7.5444e-03
8.2615e-03
8.0568e-03
5.9891e-03
2.2840e-03
-1.1932e-03
-4.0130e-03
-6.9576e-03
-1.0418e-02
-1.3871e-02
-1.6571e-02
-1.8966e-02
-2.1593e-02
-2.3637e-02
-2.4391e-02
-2.3824e-02
-2.2197e-02
-1.9591e-02
-1.5912e-02
-1.1796e-02
-8.2149e-03
-5.1133e-03
-2.2514e-03
-6.3953e-05
9.5538e-04
1.3357e-03
1.3314e-03
5.9822e-04
-4.7935e-04
-6.5074e-04
1.4243e-04
6.4885e-04
5.5205e-04
1.0700e-03
2.5829e-03
5.1790e-03
8.5547e-03
1.1585e-02
1.4417e-02
1.8241e-02
2.3022e-02
2.7245e-02
2.9931e-02
3.1691e-02
3.3222e-02
3.4416e-02
3.4481e-02
3.3431e-02
3.0952e-02
2.7221e-02
2.2631e-02
1.7304e-02
1.1782e-02
6.5110e-03
8.7030e-04
-4.8374e-03
-1.0445e-02
-1.5877e-02
-2.0509e-02
-2.3596e-02
-2.5599e-02
-2.7806e-02
-2.9609e-02
-3.0091e-02
-2.9520e-02
-2.8504e-02
-2.7715e-02
-2.6966e-02
-2.5177e-02
-2.3242e-02
-2.2374e-02
-2.1877e-02
-2.1244e-02
-2.0853e-02
-2.0820e-02
-2.0515e-02
-1.9431e-02
-1.8327e-02
-1.7457e-02
-1.6481e-02
-1.5564e-02
-1.4620e-02
-1.3957e-02
-1.3861e-02
-1.4013e-02
-1.4042e-02
-1.3977e-02
-1.4346e-02
-1.5073e-02
-1.5915e-02
-1.7454e-02
-1.9751e-02
-2.1178e-02
-2.1019e-02
-2.0413e-02
-2.0194e-02
-1.9317e-02
-1.7132e-02
-1.4436e-02
-1.2085e-02
-1.0079e-02
-7.9198e-03
-5.2866e-03
-2.7682e-03
-1.1674e-03
-5.6000e-05
1.7470e-03
4.3846e-03
7.4515e-03
1.1145e-02
1.5357e-02
2.0075e-02
2.4874e-02
3.0426e-02
3.6086e-02
4.0536e-02
4.3917e-02
4.6827e-02
4.9817e-02
5.1565e-02
5.0607e-02
4.8513e-02
4.6694e-02
4.4661e-02
4.2242e-02
3.8999e-02
3.4649e-02
3.0068e-02
2.4912e-02
1.9067e-02
1.3131e-02
7.4049e-03
1.7394e-03
-4.0301e-03
-8.7568e-03
-1.1840e-02
-1.4168e-02
-1.6619e-02
-1.8328e-02
-1.8526e-02
-1.7663e-02
-1.6514e-02
-1.5593e-02
-1.5187e-02
-1.4869e-02
-1.4363e-02
-1.4040e-02
-1.4146e-02
-1.4909e-02
-1.6041e-02
-1.6606e-02
-1.6403e-02
-1.6103e-02
-1.6394e-02
-1.7896e-02
-1.9934e-02
-2.1509e-02
-2.2696e-02
-2.3228e-02
-2.3350e-02
-2.3903e-02
-2.4951e-02
-2.6575e-02
-2.8464e-02
-3.0625e-02
-3.2946e-02
-3.4973e-02
-3.6301e-02
-3.7260e-02
-3.8388e-02
-3.9514e-02
-4.0604e-02
-4.1804e-02
-4.2690e-02
-4.3551e-02
-4.4313e-02
-4.4491e-02
-4.3540e-02
-4.1302e-02
-3.8299e-02
-3.4311e-02
-2.9421e-02
-2.4657e-02
-2.0767e-02
-1.7575e-02
-1.4814e-02
-1.2710e-02
-1.0933e-02
-9.1777e-03
-7.7610e-03
-7.1366e-03
-7.3029e-03
-8.0966e-03
-9.3383e-03
-1.1107e-02
-1.3110e-02
-1.4083e-02
-1.3825e-02
-1.3440e-02
-1.3597e-02
-1.3629e-02
-1.2199e-02
-9.8585e-03
-8.3972e-03
-7.2824e-03
-5.3224e-03
-2.6460e-03
4.2813e-05
2.5042e-03
4.1892e-03
4.2549e-03
3.0042e-03
1.3850e-03
-3.8965e-04
-1.8981e-03
-2.8442e-03
-3.7980e-03
-4.4440e-03
-4.5024e-03
-3.6677e-03
-2.3183e-03
-7.0943e-04
2.0725e-03
5.4116e-03
7.9795e-03
9.6320e-03
1.1130e-02
1.2319e-02
1.2287e-02
1.1579e-02
1.1383e-02
1.1617e-02
1.0962e-02
9.4556e-03
7.7444e-03
6.2435e-03
5.2792e-03
4.9920e-03
5.0816e-03
5.1976e-03
5.6947e-03
6.6670e-03
7.4029e-03
8.0028e-03
9.2732e-03
1.1683e-02
1.4890e-02
1.7912e-02
2.0410e-02
2.1839e-02
2.2034e-02
2.1833e-02
2.1791e-02
2.1115e-02
1.9006e-02
1.6782e-02
1.5939e-02
1.5645e-02
1.4965e-02
1.4302e-02
1.3584e-02
1.2429e-02
1.1728e-02
1.1835e-02
1.1826e-02
1.1148e-02
1.0227e-02
9.5602e-03
9.4877e-03
9.3207e-03
8.3431e-03
7.2462e-03
6.6122e-03
5.8958e-03
5.1231e-03
4.9256e-03
5.5881e-03
6.7446e-03
7.4201e-03
7.3293e-03
7.5234e-03
8.6357e-03
9.6932e-03
9.9670e-03
1.0577e-02
1.1585e-02
1.1999e-02
1.1787e-02
1.1468e-02
1.0911e-02
9.7635e-03
7.8229e-03
5.6552e-03
4.3760e-03
3.4612e-03
2.7885e-03
2.6081e-03
2.6715e-03
2.6213e-03
2.8221e-03
3.9683e-03
5.3835e-03
7.0261e-03
9.2556e-03
1.1923e-02
1.4440e-02
1.6632e-02
1.8506e-02
1.9890e-02
2.0676e-02
2.0341e-02
1.8495e-02
1.5819e-02
1.3362e-02
1.1024e-02
7.7896e-03
3.5835e-03
-4.1532e-04
-3.0074e-03
-4.7614e-03
-6.1157e-03
-6.6645e-03
-6.6641e-03
-6.6321e-03
-5.8500e-03
-3.5928e-03
-7.9560e-04
1.4080e-03
2.4183e-03
3.1494e-03
4.1752e-03
4.9335e-03
5.8730e-03
6.9506e-03
7.3260e-03
7.3358e-03
8.2414e-03
9.4440e-03
1.0001e-02
1.0769e-02
1.1909e-02
1.3290e-02
1.4308e-02
1.4984e-02
1.5801e-02
1.6622e-02
1.7333e-02
1.7658e-02
1.7419e-02
1.6358e-02
1.4692e-02
1.3461e-02
1.2136e-02
1.0338e-02
8.8813e-03
7.7358e-03
7.1758e-03
7.2221e-03
7.8945e-03
9.0709e-03
9.6096e-03
9.3043e-03
8.9419e-03
8.9791e-03
8.9418e-03
7.7402e-03
5.5254e-03
3.4226e-03
1.4797e-03
-6.3942e-04
-2.9902e-03
-5.4075e-03
-7.3826e-03
-8.6320e-03
-9.6247e-03
-1.0817e-02
-1.2277e-02
-1.3785e-02
-1.5452e-02
-1.7170e-02
-1.8564e-02
-1.9978e-02
-2.1144e-02
-2.1500e-02
-2.1682e-02
-2.1873e-02
-2.2069e-02
-2.2033e-02
-2.1813e-02
-2.2070e-02
-2.2272e-02
-2.2570e-02
-2.3660e-02
-2.5727e-02
-2.8207e-02
-3.0492e-02
-3.2787e-02
-3.6006e-02
-3.9574e-02
-4.1692e-02
-4.2225e-02
-4.2529e-02
-4.3529e-02
-4.3646e-02
-4.2540e-02
-4.0920e-02
-3.9787e-02
-3.8205e-02
-3.5155e-02
-3.1646e-02
-2.8660e-02
-2.6422e-02
-2.4439e-02
-2.2679e-02
-2.1361e-02
-1.9581e-02
-1.7048e-02
-1.4392e-02
-1.1978e-02
-9.6959e-03
-8.1563e-03
-7.8612e-03
-7.4075e-03
-6.0077e-03
-4.3503e-03
-3.1261e-03
-2.9773e-03
-3.3267e-03
-2.6963e-03
-9.6729e-04
9.0248e-04
2.8756e-03
4.9353e-03
6.3134e-03
7.2349e-03
8.2466e-03
9.6221e-03
1.0872e-02
1.1310e-02
1.1924e-02
1.3254e-02
1.4918e-02
1.6075e-02
1.7046e-02
1.7924e-02
1.8789e-02
1.9806e-02
2.0427e-02
2.0204e-02
1.9384e-02
1.8742e-02
1.8148e-02
1.7187e-02
1.5729e-02
1.3554e-02
1.0879e-02
8.3675e-03
6.2002e-03
4.3747e-03
3.5365e-03
3.4111e-03
2.6081e-03
1.2608e-03
-4.7528e-04
-2.6468e-03
-4.6217e-03
-6.1934e-03
-8.1027e-03
-1.0585e-02
-1.3518e-02
-1.6128e-02
-1.7593e-02
-1.8400e-02
-1.8963e-02
-1.9251e-02
-1.9355e-02
-1.9356e-02
-1.8902e-02
-1.7771e-02
-1.6308e-02
-1.4313e-02
-1.1400e-02
-8.3963e-03
-6.0441e-03
-3.9383e-03
-1.1891e-03
1.9827e-03
5.0517e-03
7.2120e-03
8.4892e-03
9.7885e-03
1.1109e-02
1.2883e-02
1.4924e-02
1.6227e-02
1.7408e-02
1.9192e-02
2.1290e-02
2.2587e-02
2.2951e-02
2.3559e-02
2.5159e-02
2.7097e-02
2.8447e-02
2.8999e-02
2.8919e-02
2.8775e-02
2.8190e-02
2.7456e-02
2.7290e-02
2.7548e-02
2.7681e-02
2.7613e-02
2.7984e-02
2.9061e-02
3.0077e-02
3.1024e-02
3.2030e-02
3.3233e-02
3.4309e-02
3.4809e-02
3.5661e-02
3.6675e-02
3.7022e-02
3.6824e-02
3.6545e-02
3.5941e-02
3.4680e-02
3.2499e-02
2.9526e-02
2.5554e-02
2.0864e-02
1.6167e-02
1.1735e-02
7.3047e-03
2.5077e-03
-2.4770e-03
-6.3370e-03
-8.4196e-03
-9.6999e-03
-1.1117e-02
-1.1549e-02
-1.0383e-02
-8.7210e-03
-6.7812e-03
-4.5632e-03
-2.3117e-03
-8.2999e-04
-3.0697e-04
-3.3254e-04
-7.3357e-04
-1.6081e-03
-3.4724e-03
-5.5554e-03
-7.0000e-03
-8.4369e-03
-1.0594e-02
-1.3055e-02
-1.4520e-02
-1.4894e-02
-1.5099e-02
-1.5645e-02
-1.5500e-02
-1.3922e-02
-1.1330e-02
-8.3373e-03
-6.2882e-03
-5.4495e-03
-4.7235e-03
-3.2890e-03
-1.2568e-03
2.2249e-04
1.1099e-03
1.3615e-03
1.5661e-03
1.9716e-03
2.0716e-03
1.3121e-03
1.3938e-04
-5.1688e-04
-6.2459e-04
-3.3926e-04
-3.0944e-04
-2.2734e-04
-3.9009e-05
2.6683e-05
-2.3196e-05
-5.1030e-05
-1.3593e-05
3.2046e-05
4.0740e-05
4.5061e-05
5.2576e-05
5.3385e-05
2.7827e-05
-4.2774e-04
-1.8961e-03
-3.9233e-03
-6.0916e-03
-8.3190e-03
-1.0855e-02
-1.3518e-02
-1.5346e-02
-1.6587e-02
-1.7690e-02
-1.8466e-02
-1.8671e-02
-1.8613e-02
-1.8684e-02
-1.9322e-02
-2.0501e-02
-2.1297e-02
-2.1221e-02
-2.0735e-02
-2.0010e-02
-1.9147e-02
-1.8487e-02
-1.7255e-02
-1.5201e-02
-1.3887e-02
-1.3992e-02
-1.4531e-02
-1.4735e-02
-1.4922e-02
-1.4925e-02
-1.4335e-02
-1.3637e-02
-1.3043e-02
-1.2620e-02
-1.1659e-02
-9.6549e-03
-6.9209e-03
-3.5979e-03
-4.5416e-04
2.2852e-03
4.6398e-03
6.8939e-03
9.2752e-03
1.1214e-02
1.2459e-02
1.3535e-02
1.4416e-02
1.5411e-02
1.6287e-02
1.6518e-02
1.6328e-02
1.6237e-02
1.6351e-02
1.6099e-02
1.4685e-02
1.2542e-02
1.0522e-02
8.9951e-03
7.8766e-03
6.2633e-03
3.8005e-03
1.1115e-03
-1.2593e-03
-3.4025e-03
-5.4713e-03
-6.8341e-03
-7.3586e-03
-7.2472e-03
-6.8989e-03
-6.9040e-03
-6.9457e-03
-5.9901e-03
-4.5582e-03
-3.1992e-03
-2.2672e-03
-1.2750e-03
-1.8842e-04
1.1123e-03
2.0521e-03
2.1345e-03
1.6189e-03
2.1558e-04
-2.0502e-03
-4.4845e-03
-6.4355e-03
-7.5488e-03
-8.5276e-03
-9.2948e-03
-9.5480e-03
-9.3263e-03
-8.5217e-03
-7.5002e-03
-6.7355e-03
-5.3728e-03
-3.0008e-03
-3.4701e-04
1.9558e-03
3.6555e-03
4.8060e-03
5.9004e-03
6.5762e-03
6.9536e-03
7.8072e-03
8.9260e-03
9.6485e-03
1.0061e-02
1.0194e-02
9.8798e-03
8.9556e-03
7.7721e-03
6.9782e-03
6.8815e-03
6.3850e-03
5.0620e-03
4.2802e-03
4.4653e-03
4.5040e-03
3.8330e-03
2.9401e-03
2.3242e-03
2.2987e-03
2.5760e-03
3.3979e-03
4.5859e-03
4.9966e-03
4.6643e-03
4.3966e-03
4.5405e-03
4.8138e-03
4.8995e-03
4.8046e-03
4.5713e-03
3.5042e-03
1.3120e-03
-7.9493e-04
-1.9690e-03
-3.0748e-03
-4.9102e-03
-7.5574e-03
-9.6309e-03
-1.0898e-02
-1.1958e-02
-1.2713e-02
-1.3263e-02
-1.3130e-02
-1.2176e-02
-1.1236e-02
-9.9870e-03
-7.8879e-03
-5.6045e-03
-4.4390e-03
-3.5840e-03
-1.5971e-03
4.8268e-05
1.4144e-04
-4.1742e-04
-3.5199e-04
8.0151e-04
2.1737e-03
2.5803e-03
2.1563e-03
1.8317e-03
2.2212e-03
3.4754e-03
5.2138e-03
6.7376e-03
7.6445e-03
8.5185e-03
9.6211e-03
1.0986e-02
1.2229e-02
1.3359e-02
1.3850e-02
1.3739e-02
1.3897e-02
1.4348e-02
1.4557e-02
1.4457e-02
1.3982e-02
1.3697e-02
1.3775e-02
1.3567e-02
1.2820e-02
1.1614e-02
9.9579e-03
8.1567e-03
6.0840e-03
3.6362e-03
1.1951e-03
-2.6461e-04
-1.1418e-03
-2.0262e-03
-2.5112e-03
-2.5414e-03
-2.3459e-03
-1.4917e-03
-3.2090e-04
3.6172e-04
2.9420e-04
6.3097e-04
1.6382e-03
2.2070e-03
2.0178e-03
1.7001e-03
1.7421e-03
1.9806e-03
2.0590e-03
1.9524e-03
1.8547e-03
1.7473e-03
1.1374e-03
1.0498e-05
-8.7341e-04
-1.5787e-03
-2.7628e-03
-4.4971e-03
-5.8366e-03
-6.8628e-03
-7.2178e-03
-6.5875e-03
-5.8123e-03
-5.1557e-03
-4.2761e-03
-2.9189e-03
-9.9144e-04
1.3424e-03
3.5376e-03
4.8522e-03
6.2869e-03
8.3379e-03
1.0104e-02
1.0670e-02
1.0280e-02
1.0074e-02
9.7543e-03
9.1217e-03
8.7823e-03
8.8643e-03
8.6058e-03
7.4835e-03
6.3719e-03
5.8469e-03
5.2320e-03
4.4634e-03
3.8057e-03
3.6251e-03
4.1241e-03
4.8578e-03
5.7964e-03
7.2280e-03
8.6412e-03
9.1979e-03
1.0070e-02
1.0916e-02
1.1371e-02
1.1980e-02
1.2441e-02
1.2765e-02
1.2201e-02
1.0073e-02
7.2959e-03
4.9531e-03
2.9362e-03
2.7881e-04
-2.3963e-03
-4.2574e-03
-5.0740e-03
-5.5190e-03
-5.8718e-03
-5.7596e-03
-5.7233e-03
-5.6510e-03
-5.1525e-03
-3.8845e-03
-2.5412e-03
-1.3510e-03
-6.6619e-04
-6.7934e-04
-8.9187e-04
-1.2462e-03
-2.4626e-03
-4.1216e-03
-5.6023e-03
-6.9647e-03
-7.9865e-03
-9.1191e-03
-9.9271e-03
-1.0022e-02
-1.0021e-02
-1.0455e-02
-1.1060e-02
-1.1999e-02
-1.2313e-02
-1.1808e-02
-1.1218e-02
-1.0423e-02
-1.0000e-02
-1.0138e-02
-1.0060e-02
-9.0640e-03
-7.8050e-03
-6.7712e-03
-5.7860e-03
-5.4437e-03
-5.6670e-03
-5.8157e-03
-5.6535e-03
-5.4331e-03
-5.3882e-03
-5.4796e-03
-5.5512e-03
-5.4933e-03
-4.6790e-03
-3.2762e-03
-2.3389e-03
-1.6581e-03
-1.0862e-03
-7.5438e-04
-2.6774e-05
2.5975e-04
-6.5678e-04
-2.3158e-03
-3.9899e-03
-5.0507e-03
-5.3354e-03
-5.2088e-03
-5.2703e-03
-6.0410e-03
-7.2598e-03
-7.4329e-03
-6.1575e-03
-5.0930e-03
-5.2098e-03
-5.7756e-03
-5.9345e-03
-5.6470e-03
-5.3703e-03
-5.3672e-03
-5.5081e-03
-5.5795e-03
-5.5405e-03
-5.4826e-03
-5.4830e-03
-5.8956e-03
-7.1719e-03
-8.1527e-03
-8.0785e-03
-7.6194e-03
-7.5313e-03
-7.4241e-03
-6.3853e-03
-5.0176e-03
-3.3529e-03
-1.5485e-03
-5.6864e-04
-4.3368e-05
7.1855e-04
1.3326e-03
1.4349e-03
8.6697e-04
-7.1233e-04
-2.7199e-03
-4.4818e-03
-5.9276e-03
-7.7501e-03
-9.5930e-03
-1.0274e-02
-9.9744e-03
-9.7368e-03
-9.9663e-03
-1.0302e-02
-1.0383e-02
-1.0225e-02
-9.5543e-03
-8.2690e-03
-7.0048e-03
-5.9062e-03
-5.2199e-03
-5.1573e-03
-6.3777e-03
-8.0411e-03
-9.1494e-03
-9.8700e-03
-1.0442e-02
-1.1393e-02
-1.2355e-02
-1.2658e-02
-1.2488e-02
-1.2377e-02
-1.2446e-02
-1.1857e-02
-1.0524e-02
-9.1244e-03
-7.6529e-03
-5.9986e-03
-3.8243e-03
-8.1239e-04
2.5129e-03
5.1085e-03
7.0962e-03
9.0837e-03
1.0630e-02
1.1791e-02
1.2889e-02
1.4195e-02
1.5360e-02
1.5646e-02
1.5437e-02
1.5784e-02
1.6604e-02
1.7064e-02
1.7290e-02
1.7131e-02
1.6218e-02
1.5375e-02
1.5357e-02
1.5779e-02
1.5944e-02
1.5746e-02
1.5529e-02
1.5517e-02
1.5618e-02
1.5652e-02
1.5628e-02
1.5738e-02
1.6196e-02
1.6208e-02
1.5818e-02
1.6218e-02
1.7377e-02
1.7536e-02
1.6266e-02
1.4839e-02
1.3334e-02
1.1694e-02
1.0582e-02
9.5980e-03
8.7255e-03
7.7950e-03
6.7980e-03
5.9533e-03
4.8301e-03
3.6573e-03
2.3899e-03
1.6650e-03
1.5602e-03
1.3947e-03
1.4553e-03
1.5239e-03
1.1640e-03
7.3014e-04
-1.1869e-04
-7.7419e-04
-1.0384e-03
-1.6963e-03
-2.9518e-03
-4.0730e-03
-4.3527e-03
-4.3218e-03
-4.5037e-03
-4.1446e-03
-3.2542e-03
-2.5320e-03
-1.7846e-03
-7.3625e-04
5.0515e-04
2.0060e-03
3.7925e-03
5.2954e-03
6.6416e-03
8.6437e-03
1.0605e-02
1.1113e-02
1.0671e-02
1.1193e-02
1.2896e-02
1.4220e-02
1.4933e-02
1.5365e-02
1.5879e-02
1.6905e-02
1.7929e-02
1.8882e-02
1.9942e-02
2.0371e-02
2.0179e-02
2.0028e-02
2.0152e-02
1.9934e-02
1.8528e-02
1.6282e-02
1.4079e-02
1.1912e-02
8.8670e-03
5.3069e-03
2.5463e-03
6.5539e-04
-9.8437e-04
-3.2581e-03
-5.8054e-03
-7.3974e-03
-7.8657e-03
-8.5424e-03
-9.7357e-03
-1.0368e-02
-1.0209e-02
-1.0034e-02
-1.0534e-02
-1.0826e-02
-1.0425e-02
-1.0038e-02
-1.0074e-02
-1.0518e-02
-1.1684e-02
-1.2700e-02
-1.2975e-02
-1.3672e-02
-1.4897e-02
-1.6371e-02
-1.7404e-02
-1.8023e-02
-1.8831e-02
-1.9506e-02
-1.9636e-02
-1.9481e-02
-1.9423e-02
-1.9552e-02
-1.9693e-02
-1.9705e-02
-1.9636e-02
-1.9595e-02
-1.9611e-02
-1.9642e-02
-1.9650e-02
-1.9638e-02
-1.9628e-02
-1.9629e-02
-1.9635e-02
-1.9638e-02
-1.9631e-02
-1.9431e-02
-1.8608e-02
-1.7478e-02
-1.6631e-02
-1.5634e-02
-1.4564e-02
-1.2908e-02
-1.0488e-02
-7.9352e-03
-5.6081e-03
-3.5230e-03
-2.0106e-03
-9.3810e-04
1.5112e-04
1.1743e-03
1.6061e-03
1.5391e-03
1.4760e-03
2.1023e-03
2.9707e-03
2.7981e-03
2.7402e-03
3.5420e-03
4.2626e-03
4.8243e-03
5.8574e-03
7.1143e-03
8.3616e-03
9.4161e-03
1.0524e-02
1.1126e-02
1.1349e-02
1.1801e-02
1.1903e-02
1.1312e-02
1.0517e-02
9.6101e-03
8.8708e-03
8.0141e-03
6.8334e-03
5.9209e-03
5.0622e-03
3.9317e-03
2.6738e-03
1.8336e-03
1.0553e-03
-8.3466e-05
-1.0904e-03
-2.0648e-03
-3.5307e-03
-5.0876e-03
-6.2778e-03
-7.2342e-03
-7.5548e-03
-7.4519e-03
-7.4193e-03
-7.5831e-03
-7.7497e-03
-7.6589e-03
-6.6996e-03
-5.4243e-03
-5.0841e-03
-5.5313e-03
-5.8389e-03
-5.6967e-03
-5.4445e-03
-5.3841e-03
-5.4872e-03
-5.5766e-03
-5.5722e-03
-5.5256e-03
-5.5050e-03
-5.5192e-03
-5.5370e-03
-5.3991e-03
-4.4668e-03
-3.1762e-03
-2.3759e-03
-2.0535e-03
-1.5793e-03
-7.7680e-04
6.5475e-04
2.3324e-03
3.4857e-03
3.8580e-03
4.3148e-03
5.3860e-03
6.2199e-03
6.3986e-03
6.7062e-03
7.1041e-03
6.7677e-03
5.9885e-03
5.1361e-03
4.2591e-03
3.8065e-03
4.0075e-03
4.6216e-03
4.5830e-03
4.0161e-03
4.3321e-03
5.6430e-03
6.6725e-03
7.1405e-03
7.4241e-03
8.0035e-03
8.5290e-03
8.6248e-03
8.4922e-03
8.4509e-03
8.5427e-03
8.6178e-03
8.2415e-03
6.9570e-03
5.5688e-03
4.0466e-03
2.3236e-03
1.2968e-03
7.0300e-04
-9.2661e-05
-1.1753e-03
-2.5390e-03
-3.3148e-03
-3.7342e-03
-4.6895e-03
-5.5009e-03
-5.5852e-03
-5.3429e-03
-5.5911e-03
-6.6892e-03
-7.8530e-03
-8.1207e-03
-7.7841e-03
-8.1571e-03
-9.6226e-03
-1.0619e-02
-1.0456e-02
-9.9568e-03
-9.8838e-03
-9.9070e-03
-9.7329e-03
-9.6067e-03
-8.9398e-03
-8.0157e-03
-7.6998e-03
-7.5638e-03
-6.7258e-03
-5.6736e-03
-5.3253e-03
-5.2191e-03
-4.3995e-03
-3.2837e-03
-2.1919e-03
-1.1511e-03
-8.0232e-04
-3.3148e-04
5.0947e-04
9.5098e-04
1.1961e-03
1.3351e-03
1.3932e-03
1.3919e-03
1.3704e-03
1.3754e-03
1.3973e-03
1.4050e-03
1.4664e-03
2.0047e-03
3.1087e-03
3.9123e-03
3.8821e-03
3.5404e-03
3.4882e-03
3.7142e-03
3.8891e-03
3.8683e-03
3.7666e-03
3.7971e-03
4.3786e-03
5.5214e-03
6.3220e-03
6.2701e-03
5.9191e-03
5.9943e-03
6.6776e-03
6.8562e-03
6.4405e-03
6.4972e-03
6.8394e-03
7.7074e-03
8.6116e-03
8.6338e-03
7.6057e-03
6.3085e-03
5.8461e-03
5.9822e-03
5.2207e-03
3.9823e-03
3.5276e-03
3.7268e-03
3.3352e-03
2.0924e-03
1.3605e-03
2.2404e-03
3.7902e-03
4.3462e-03
3.8411e-03
3.5726e-03
4.4974e-03
5.9661e-03
6.9517e-03
7.8479e-03
8.4369e-03
8.4573e-03
8.3203e-03
8.6717e-03
9.7848e-03
1.0886e-02
1.1102e-02
1.0723e-02
1.0506e-02
1.0402e-02
9.7433e-03
8.7712e-03
8.3811e-03
8.6028e-03
8.7921e-03
8.2860e-03
7.0099e-03
5.9754e-03
5.9455e-03
6.3829e-03
6.5122e-03
6.2422e-03
5.6000e-03
4.5304e-03
3.6870e-03
3.6512e-03
4.0129e-03
4.1382e-03
3.9327e-03
3.7725e-03
4.1606e-03
4.5187e-03
4.6925e-03
5.3628e-03
6.1291e-03
6.2935e-03
6.0449e-03
5.9175e-03
6.0463e-03
5.9741e-03
4.8946e-03
3.4803e-03
2.2100e-03
1.3117e-03
2.5745e-04
-6.6782e-04
-8.7587e-04
-7.9861e-04
-1.3170e-03
-2.0620e-03
-2.0883e-03
-1.2304e-03
-5.5576e-04
-2.7578e-04
6.1524e-04
1.8781e-03
3.1837e-03
3.8066e-03
3.6487e-03
3.4074e-03
3.5083e-03
3.7673e-03
3.8635e-03
3.5053e-03
2.5078e-03
1.4521e-03
6.4776e-04
-2.9543e-04
-8.7210e-04
-8.7153e-04
-7.0989e-04
-7.2039e-04
-8.7143e-04
-9.4856e-04
-2.2325e-04
1.1216e-03
1.3619e-03
7.2559e-04
7.1884e-04
1.2450e-03
1.5289e-03
1.0464e-03
-1.1573e-04
-3.3930e-04
9.5879e-04
1.9140e-03
1.6787e-03
1.0852e-03
9.7073e-04
1.2681e-03
1.4247e-03
8.3849e-04
-4.0577e-04
-1.3966e-03
-2.2424e-03
-3.2997e-03
-4.6813e-03
-5.6467e-03
-5.6897e-03
-5.5112e-03
-5.9482e-03
-6.4365e-03
-7.2104e-03
-8.0359e-03
-8.2226e-03
-7.8343e-03
-6.9769e-03
-5.9208e-03
-5.1168e-03
-4.2993e-03
-4.0039e-03
-4.0091e-03
-4.1276e-03
-3.7840e-03
-3.2489e-03
-3.1040e-03
-3.2928e-03
-3.4486e-03
-3.6718e-03
-3.9392e-03
-3.9397e-03
-4.4153e-03
-5.3551e-03
-5.8390e-03
-5.6919e-03
-5.7401e-03
-6.7211e-03
-7.9251e-03
-7.9925e-03
-6.7132e-03
-6.0999e-03
-6.5969e-03
-6.4357e-03
-5.8047e-03
-5.5275e-03
-5.6687e-03
-5.8256e-03
-5.7922e-03
-5.6777e-03
-5.6343e-03
-5.6729e-03
-5.7162e-03
-5.7185e-03
-5.6975e-03
-5.6137e-03
-5.2136e-03
-5.0733e-03
-5.5322e-03
-5.9040e-03
-5.8337e-03
-5.7567e-03
-6.6611e-03
-7.8589e-03
-7.9144e-03
-7.6016e-03
-7.6748e-03
-7.9654e-03
-8.1138e-03
-8.0653e-03
-7.9809e-03
-7.9714e-03
-8.0131e-03
-8.0174e-03
-7.6490e-03
-6.9709e-03
-6.3188e-03
-5.8131e-03
-5.7099e-03
-5.8393e-03
-5.8762e-03
-5.7411e-03
-5.2501e-03
-4.5588e-03
-3.9544e-03
-3.5077e-03
-3.4248e-03
-3.6009e-03
-3.9957e-03
-4.0269e-03
-3.5809e-03
-3.7780e-03
-4.9636e-03
-5.8807e-03
-5.4869e-03
-4.9514e-03
-5.1414e-03
-4.9982e-03
-3.8717e-03
-2.3823e-03
-1.2957e-03
-1.0271e-03
-1.1340e-03
-5.4738e-04
7.5385e-04
1.5693e-03
1.4334e-03
1.0397e-03
1.0089e-03
1.2599e-03
1.4231e-03
1.2017e-03
5.0988e-04
1.9552e-04
8.5046e-04
1.5649e-03
1.7707e-03
2.2188e-03
3.1633e-03
4.0417e-03
4.8978e-03
5.6989e-03
5.9971e-03
5.8737e-03
5.7805e-03
5.8911e-03
6.0289e-03
5.7880e-03
5.3332e-03
4.9732e-03
4.1738e-03
3.8173e-03
4.4843e-03
5.1340e-03
5.0887e-03
5.0913e-03
5.6226e-03
5.7056e-03
5.3679e-03
5.1766e-03
4.5395e-03
3.6421e-03
2.6390e-03
1.5471e-03
7.6052e-04
-1.1260e-04
-1.0396e-03
-2.1509e-03
-3.2648e-03
-4.0814e-03
-4.9105e-03
-5.5687e-03
-5.7117e-03
-5.5817e-03
-5.5594e-03
-5.6908e-03
-5.8010e-03
-5.5629e-03
-4.4017e-03
-3.2656e-03
-3.1641e-03
-3.5062e-03
-3.2330e-03
-2.8709e-03
-2.6731e-03
-2.7933e-03
-2.6081e-03
-1.6904e-03
-9.3906e-04
-9.6091e-04
-1.2986e-03
-1.3776e-03
-1.1855e-03
-1.0229e-03
-1.0354e-03
-1.1274e-03
-1.1763e-03
-9.8588e-04
-3.2130e-04
3.5601e-04
7.2888e-04
5.3700e-04
6.0721e-04
1.0525e-03
1.3020e-03
9.5698e-04
4.3309e-04
6.5013e-04
1.2251e-03
1.9398e-03
2.9913e-03
3.5644e-03
3.4011e-03
3.1219e-03
3.4423e-03
4.3714e-03
5.2356e-03
5.7176e-03
5.7001e-03
5.5003e-03
5.4607e-03
5.6005e-03
5.7217e-03
5.7160e-03
5.6216e-03
5.1473e-03
4.1104e-03
3.6516e-03
4.2750e-03
5.1801e-03
5.2933e-03
4.9196e-03
4.6670e-03
4.7118e-03
4.3125e-03
3.3432e-03
2.8918e-03
3.1066e-03
3.3458e-03
3.1583e-03
2.2988e-03
1.1118e-03
4.2305e-04
7.3065e-05
-3.7813e-04
-1.1260e-03
-1.6495e-03
-1.6518e-03
-1.2902e-03
-8.4481e-04
-7.6577e-04
-1.5341e-04
6.6136e-04
1.0851e-03
1.7311e-03
2.6663e-03
3.1267e-03
3.2541e-03
3.4372e-03
3.5111e-03
3.5693e-03
3.2764e-03
2.9606e-03
2.9528e-03
3.0970e-03
3.1434e-03
3.0915e-03
3.7702e-03
5.1362e-03
5.7453e-03
5.4321e-03
5.5154e-03
6.7150e-03
7.8740e-03
7.9885e-03
7.3932e-03
6.2823e-03
5.2861e-03
5.1242e-03
4.9678e-03
3.8368e-03
2.4012e-03
2.1295e-03
2.5028e-03
2.9118e-03
3.1156e-03
3.0150e-03
2.9679e-03
3.6628e-03
5.3281e-03
7.2153e-03
7.9126e-03
7.4696e-03
7.0689e-03
7.2689e-03
7.6786e-03
7.8183e-03
7.6817e-03
7.5095e-03
6.9267e-03
5.6874e-03
4.9375e-03
4.8270e-03
4.2354e-03
2.6124e-03
7.6338e-04
1.2468e-04
2.2611e-04
-6.8231e-05
-5.6509e-04
-8.2844e-04
-1.1688e-03
-1.4187e-03
-1.4097e-03
-1.6850e-03
-1.9476e-03
-1.5605e-03
-7.7683e-04
-1.0410e-04
1.6677e-04
-2.5184e-04
-5.8124e-04
-5.2678e-04
-3.0833e-04
-5.0659e-04
-1.5239e-03
-2.3817e-03
-2.3598e-03
-2.0721e-03
-2.4090e-03
-2.7502e-03
-3.0026e-03
-3.4135e-03
-4.0940e-03
-4.5800e-03
-4.7578e-03
-5.0096e-03
-4.8463e-03
-4.4180e-03
-4.2928e-03
-4.6957e-03
-5.5039e-03
-5.9452e-03
-6.0345e-03
-6.3977e-03
-6.7974e-03
-6.8705e-03
-6.7293e-03
-6.6650e-03
-6.7590e-03
-6.8599e-03
-6.8381e-03
-6.7652e-03
-6.7164e-03
-6.3795e-03
-6.0845e-03
-6.1226e-03
-6.2742e-03
-6.6719e-03
-6.9000e-03
-6.8049e-03
-6.5625e-03
-6.1495e-03
-6.1037e-03
-6.5544e-03
-6.4236e-03
-5.5432e-03
-4.7023e-03
-4.8728e-03
-5.6182e-03
-6.0101e-03
-6.2876e-03
-6.5752e-03
-6.6658e-03
-6.7579e-03
-7.1775e-03
-7.3590e-03
-7.7417e-03
-8.6152e-03
-9.1761e-03
-9.0785e-03
-8.8152e-03
-8.8144e-03
-9.0308e-03
-9.7258e-03
-1.1002e-02
-1.1712e-02
-1.1767e-02
-1.2055e-02
-1.2754e-02
-1.3571e-02
-1.3926e-02
-1.4175e-02
-1.5073e-02
-1.6075e-02
-1.6312e-02
-1.6009e-02
-1.5842e-02
-1.6026e-02
-1.6579e-02
-1.6812e-02
-1.6340e-02
-1.5770e-02
-1.4893e-02
-1.3929e-02
-1.3710e-02
-1.4043e-02
-1.4043e-02
-1.2827e-02
-1.1424e-02
-1.0944e-02
-1.0341e-02
-9.4827e-03
-9.3782e-03
-1.0424e-02
-1.0558e-02
-9.4266e-03
-8.4931e-03
-7.9223e-03
-7.3206e-03
-6.9596e-03
-6.7887e-03
-6.0908e-03
-4.9365e-03
-4.1524e-03
-3.7017e-03
-3.2422e-03
-2.6070e-03
-1.9367e-03
-1.0145e-03
-8.5987e-05
1.9784e-04
-3.7415e-05
6.7136e-05
5.8030e-04
8.1930e-04
1.3767e-03
2.2689e-03
2.6479e-03
2.7838e-03
3.2318e-03
3.9671e-03
4.6771e-03
4.8542e-03
4.6794e-03
4.9309e-03
5.6994e-03
6.0505e-03
5.4350e-03
4.5923e-03
4.4410e-03
4.7243e-03
4.5325e-03
4.1873e-03
3.8765e-03
3.0423e-03
2.2747e-03
2.2144e-03
2.6340e-03
3.2972e-03
3.8171e-03
4.2817e-03
4.7387e-03
5.3281e-03
5.6774e-03
5.4521e-03
5.5760e-03
5.3241e-03
4.5097e-03
3.4683e-03
2.5785e-03
2.3163e-03
2.5058e-03
2.4277e-03
1.8389e-03
1.5583e-03
1.3898e-03
1.2105e-03
1.1541e-03
1.2038e-03
1.5063e-03
2.1251e-03
2.4604e-03
2.0759e-03
1.5075e-03
1.5218e-03
1.8505e-03
2.3031e-03
2.1198e-03
1.6440e-03
1.5297e-03
1.7284e-03
2.2496e-03
2.5217e-03
2.3653e-03
2.1314e-03
2.1171e-03
2.3232e-03
2.9485e-03
3.9906e-03
4.6870e-03
4.7715e-03
5.4237e-03
6.6528e-03
7.1872e-03
7.0390e-03
7.4204e-03
8.6245e-03
9.4947e-03
9.4293e-03
9.0394e-03
8.9750e-03
9.2093e-03
9.3874e-03
9.3609e-03
9.2538e-03
9.2122e-03
9.2462e-03
9.2846e-03
9.2860e-03
9.2662e-03
9.2551e-03
9.2594e-03
9.2670e-03
9.2681e-03
9.2500e-03
8.9574e-03
8.2885e-03
7.6326e-03
7.1268e-03
6.9705e-03
7.0619e-03
7.1077e-03
7.0174e-03
6.9286e-03
7.2602e-03
8.3308e-03
9.3419e-03
9.5094e-03
9.8972e-03
1.1110e-02
1.1853e-02
1.1352e-02
1.0707e-02
1.1111e-02
1.1670e-02
1.0857e-02
9.3108e-03
8.6288e-03
8.1818e-03
7.2436e-03
5.8245e-03
4.4864e-03
3.2750e-03
1.8800e-03
9.4926e-04
3.4808e-04
-5.0390e-04
-1.2007e-03
-1.3128e-03
-1.2510e-03
-1.6309e-03
-1.8996e-03
-1.9305e-03
-1.5718e-03
-9.9032e-04
-3.3173e-04
-1.7396e-05
-1.2629e-04
-2.7581e-04
-2.2517e-04
-7.8067e-05
1.9956e-06
5.1440e-06
-1.9842e-05
-4.6645e-05
-3.1290e-04
-6.7874e-04
-7.0890e-04
-1.1661e-03
-2.1274e-03
-2.9089e-03
-3.7203e-03
-4.9171e-03
-6.2430e-03
-7.0726e-03
-7.4416e-03
-7.8629e-03
-8.5373e-03
-9.2854e-03
-9.5420e-03
-9.3752e-03
-9.2403e-03
-9.2487e-03
-8.8457e-03
-7.8118e-03
-7.0024e-03
-6.9270e-03
-6.7066e-03
-5.6683e-03
-4.5704e-03
-3.7737e-03
-3.0703e-03
-2.9872e-03
-2.8581e-03
-1.9428e-03
-1.0479e-03
-9.3523e-04
-1.1500e-03
-7.5694e-04
-5.7234e-05
3.6113e-04
7.6865e-04
1.2936e-03
1.9711e-03
2.3485e-03
2.4730e-03
3.1469e-03
4.3042e-03
4.9015e-03
4.6926e-03
4.1116e-03
3.7746e-03
3.9770e-03
3.6435e-03
2.6439e-03
1.7792e-03
9.9110e-04
2.4528e-04
-3.3281e-04
-1.2034e-03
-1.8142e-03
-1.4542e-03
-9.6910e-04
-1.3534e-03
-1.9632e-03
-1.6765e-03
-7.1899e-04
1.2426e-04
5.6461e-04
1.2432e-03
2.0575e-03
2.2724e-03
1.7027e-03
1.3623e-03
1.5210e-03
1.8290e-03
1.8452e-03
1.7843e-03
1.9960e-03
1.8555e-03
1.6121e-03
1.5391e-03
1.8498e-03
2.3136e-03
2.5514e-03
2.9457e-03
3.3966e-03
3.5160e-03
3.5183e-03
4.0288e-03
4.6782e-03
4.8293e-03
4.6130e-03
4.4822e-03
4.5726e-03
4.7021e-03
4.5349e-03
3.8441e-03
3.1274e-03
2.5784e-03
2.3779e-03
2.6723e-03
3.3488e-03
3.6898e-03
3.5209e-03
3.5682e-03
4.2467e-03
4.8065e-03
4.7918e-03
4.5640e-03
4.5457e-03
4.7031e-03
4.8081e-03
4.7848e-03
4.7212e-03
4.6789e-03
4.3172e-03
3.6329e-03
2.9423e-03
2.0904e-03
1.6886e-03
1.8324e-03
1.6312e-03
8.3572e-04
7.0420e-05
3.0708e-04
7.4204e-04
4.4270e-04
-6.1263e-05
-1.7070e-04
1.9762e-05
8.7988e-06
-9.6643e-04
-2.2801e-03
-2.6363e-03
-2.3234e-03
-2.7100e-03
-3.9943e-03
-4.9109e-03
-4.8147e-03
-4.6090e-03
-5.6688e-03
-7.1920e-03
-7.9594e-03
-7.4777e-03
-6.6691e-03
-6.5671e-03
-6.8135e-03
-6.3008e-03
-5.0944e-03
-4.2247e-03
-3.7800e-03
-3.4509e-03
-2.6804e-03
-1.3800e-03
-1.8083e-04
5.9453e-04
1.5713e-03
2.2999e-03
2.6824e-03
3.4416e-03
4.4480e-03
4.8872e-03
5.0010e-03
5.7383e-03
6.8609e-03
7.3356e-03
7.0952e-03
6.8330e-03
6.9150e-03
7.1410e-03
7.2507e-03
7.5394e-03
8.0709e-03
7.9669e-03
7.2233e-03
7.1513e-03
7.6385e-03
7.5372e-03
6.7441e-03
6.2401e-03
6.3991e-03
6.6675e-03
6.5638e-03
5.5483e-03
4.5437e-03
4.4502e-03
4.8665e-03
5.0389e-03
4.7676e-03
3.9932e-03
2.9357e-03
2.6220e-03
2.7870e-03
2.2004e-03
1.1548e-03
3.3116e-04
-1.6204e-04
-5.5981e-04
-4.4499e-04
1.1889e-05
1.5264e-04
-1.7882e-04
-8.0208e-04
-7.6045e-04
-1.1947e-04
2.1658e-04
-8.5389e-05
-1.0308e-03
-2.1851e-03
-2.6772e-03
-2.4328e-03
-2.3412e-03
-3.0595e-03
-3.8167e-03
-4.0912e-03
-4.4155e-03
-4.5731e-03
-3.8504e-03
-2.8465e-03
-2.9838e-03
-3.6083e-03
-3.2806e-03
-2.4381e-03
-1.5894e-03
-5.7409e-04
-6.0608e-05
-2.0350e-04
-1.4852e-04
5.8170e-04
1.1958e-03
1.1916e-03
9.3816e-04
1.1489e-03
1.9237e-03
2.1602e-03
1.7431e-03
1.7715e-03
2.1710e-03
2.3750e-03
2.2579e-03
1.7402e-03
1.0351e-03
4.7026e-04
5.5168e-05
-4.3019e-05
3.9404e-05
5.0851e-05
-1.0686e-04
-6.0114e-04
-8.2139e-04
-3.1628e-04
1.3958e-04
8.5003e-05
-1.7507e-04
-2.5351e-04
-7.1012e-05
4.1482e-04
6.1769e-04
5.1147e-04
2.7312e-04
-7.3602e-05
-1.9348e-04
-1.9808e-04
-5.4913e-04
-5.9183e-04
-1.6904e-04
8.8077e-05
-1.4202e-04
-1.0091e-03
-2.1607e-03
-2.6923e-03
-2.5771e-03
-2.7014e-03
-2.7768e-03
-2.5558e-03
-2.4011e-03
-2.2646e-03
-1.5387e-03
-4.0610e-04
3.1648e-04
7.2271e-04
9.2166e-04
1.1153e-03
1.9226e-03
3.3054e-03
4.4813e-03
4.7626e-03
4.9884e-03
6.0954e-03
7.0492e-03
7.0928e-03
6.7347e-03
6.6409e-03
6.8466e-03
7.0251e-03
7.0129e-03
6.9126e-03
6.8670e-03
6.8957e-03
6.9338e-03
6.9378e-03
6.9199e-03
6.9085e-03
6.9119e-03
6.9193e-03
6.9211e-03
6.9178e-03
6.8914e-03
6.5056e-03
5.8245e-03
5.4767e-03
5.2109e-03
4.8077e-03
4.5930e-03
4.5578e-03
4.0752e-03
2.9370e-03
1.9909e-03
1.5179e-03
1.1871e-03
6.4714e-04
4.0162e-05
-1.7106e-04
-5.3684e-05
3.7367e-05
-3.0700e-05
-1.3724e-04
-4.0461e-04
-1.5027e-03
-2.6136e-03
-2.7399e-03
-2.5397e-03
-3.4723e-03
-4.9312e-03
-6.0116e-03
-6.7780e-03
-7.0929e-03
-7.0296e-03
-6.9834e-03
-7.4768e-03
-8.8471e-03
-9.8387e-03
-9.7130e-03
-8.8538e-03
-7.7365e-03
-7.4847e-03
-7.6395e-03
-7.5437e-03
-7.0182e-03
-6.2049e-03
-5.5435e-03
-5.3164e-03
-5.5319e-03
-5.3850e-03
-4.9617e-03
-4.7670e-03
-4.8429e-03
-4.9364e-03
-4.9250e-03
-4.8388e-03
-4.8033e-03
-4.8619e-03
-4.9207e-03
-4.8497e-03
-4.0288e-03
-2.6317e-03
-1.3409e-03
-3.5199e-04
-1.4229e-04
-3.5946e-04
-6.1731e-05
8.1845e-04
1.6726e-03
2.1949e-03
2.1795e-03
1.5766e-03
4.5539e-04
-2.7835e-04
1.8691e-04
7.3811e-04
3.7346e-04
-2.4065e-04
-3.7855e-04
-1.4291e-04
-4.4881e-05
-5.0211e-04
-8.4527e-04
-8.9756e-04
-1.0732e-03
-1.3297e-03
-1.9453e-03
-2.9101e-03
-3.0710e-03
-2.5546e-03
-2.7497e-03
-3.6512e-03
-4.5952e-03
-4.9762e-03
-4.9021e-03
-5.2202e-03
-5.9434e-03
-7.0007e-03
-8.4367e-03
-9.0497e-03
-8.8449e-03
-8.5098e-03
-8.8518e-03
-9.3494e-03
-9.1566e-03
-8.8913e-03
-8.5874e-03
-8.5210e-03
-8.7974e-03
-8.5567e-03
-8.8253e-03
-9.5628e-03
-9.8494e-03
-9.6288e-03
-9.6061e-03
-1.0068e-02
-1.0093e-02
-9.7149e-03
-9.5288e-03
-9.6305e-03
-9.5146e-03
-9.1674e-03
-9.3057e-03
-9.1629e-03
-8.0106e-03
-7.1002e-03
-7.1868e-03
-7.3676e-03
-6.5506e-03
-5.2708e-03
-4.4213e-03
-3.7060e-03
-2.6652e-03
-1.3656e-03
2.0429e-04
1.5665e-03
1.8701e-03
1.5196e-03
1.4041e-03
2.0205e-03
2.5860e-03
2.2081e-03
1.6195e-03
1.5389e-03
1.8025e-03
1.9543e-03
1.8737e-03
1.6000e-03
6.1865e-04
-5.8194e-04
-8.8260e-04
-4.8194e-04
-2.3505e-04
-4.1711e-04
-6.8919e-04
-7.4819e-04
-6.3813e-04
-6.9514e-04
-1.5913e-03
-2.4878e-03
-2.5282e-03
-1.6782e-03
-9.2538e-04
-8.6208e-04
-1.5425e-03
-2.6187e-03
-3.1356e-03
-2.8835e-03
-2.5430e-03
-2.5825e-03
-2.8373e-03
-2.9627e-03
-2.8655e-03
-2.7278e-03
-2.7035e-03
-2.7601e-03
-2.7976e-03
-2.7842e-03
-2.7565e-03
-2.6202e-03
-2.0279e-03
-1.6103e-03
-1.8043e-03
-1.4981e-03
-1.1897e-03
-1.1646e-03
-7.7139e-04
-2.7470e-04
-1.6643e-04
-4.8074e-04
-7.9342e-04
1.3787e-05
1.2798e-03
2.0885e-03
2.1619e-03
2.1153e-03
2.8664e-03
4.1510e-03
4.7795e-03
4.5382e-03
4.1927e-03
4.2533e-03
4.8020e-03
5.5995e-03
6.2090e-03
6.6564e-03
6.8020e-03
6.7218e-03
6.7099e-03
6.8078e-03
6.8841e-03
6.9016e-03
7.1655e-03
8.0775e-03
8.8500e-03
8.7797e-03
8.7196e-03
8.9844e-03
9.2290e-03
9.2565e-03
9.1776e-03
9.1452e-03
9.1792e-03
9.2155e-03
9.2161e-03
9.2444e-03
1.0006e-02
1.1375e-02
1.1943e-02
1.1558e-02
1.1167e-02
1.1277e-02
1.1593e-02
1.1716e-02
1.1621e-02
1.1456e-02
1.1057e-02
1.0816e-02
1.0341e-02
9.3799e-03
8.5008e-03
7.9946e-03
7.5473e-03
7.0692e-03
6.8151e-03
6.4003e-03
5.7443e-03
5.0261e-03
4.4248e-03
3.8179e-03
2.8953e-03
2.0294e-03
1.2790e-03
3.9867e-04
-2.9913e-04
-1.0030e-03
-1.9789e-03
-2.7425e-03
-3.2766e-03
-3.7438e-03
-4.2589e-03
-4.2329e-03
-3.6522e-03
-2.8884e-03
-2.4955e-03
-2.6203e-03
-2.8262e-03
-2.7926e-03
-2.6183e-03
-2.5257e-03
-2.5643e-03
-2.6323e-03
-2.6473e-03
-2.6202e-03
-2.6115e-03
-2.6570e-03
-2.7029e-03
-2.7056e-03
-2.6861e-03
-2.6787e-03
-2.6883e-03
-2.7124e-03
-2.7381e-03
-2.7390e-03
-2.7496e-03
-2.7687e-03
-2.7761e-03
-2.7721e-03
-2.7686e-03
-2.7574e-03
-2.4763e-03
-1.5755e-03
-5.5763e-04
-2.6898e-04
-5.6715e-04
-7.6703e-04
-6.2467e-04
-4.0184e-04
-3.6984e-04
-5.0223e-04
-5.9559e-04
-5.9912e-04
-1.2705e-03
-2.5796e-03
-2.8384e-03
-2.2337e-03
-2.2622e-03
-2.8492e-03
-3.5298e-03
-4.0815e-03
-4.1718e-03
-4.0039e-03
-4.3078e-03
-5.0779e-03
-5.4667e-03
-5.3038e-03
-5.0733e-03
-5.0922e-03
-5.2502e-03
-5.3300e-03
-5.2893e-03
-5.2266e-03
-5.2158e-03
-5.2429e-03
-5.2624e-03
-5.2580e-03
-5.1734e-03
-4.6192e-03
-3.5180e-03
-2.7239e-03
-2.7572e-03
-3.0952e-03
-3.0229e-03
-2.3395e-03
-2.0123e-03
-1.9753e-03
-1.8260e-03
-1.7999e-03
-2.3116e-03
-2.8753e-03
-2.9298e-03
-2.6867e-03
-2.4638e-03
-2.1312e-03
-2.3734e-03
-3.2876e-03
-3.5861e-03
-3.3345e-03
-2.8359e-03
-2.5063e-03
-2.5501e-03
-2.5388e-03
-1.7774e-03
-5.5475e-04
-8.7764e-07
-2.4163e-04
-5.3403e-04
-4.5780e-04
-2.0924e-04
-9.5311e-05
2.9266e-05
5.6691e-04
1.0533e-03
1.2574e-03
1.6859e-03
2.1287e-03
2.2214e-03
2.2780e-03
2.8358e-03
3.6117e-03
4.3266e-03
4.6210e-03
4.7504e-03
4.9620e-03
5.0354e-03
5.3420e-03
5.4379e-03
5.1534e-03
5.2628e-03
5.3901e-03
4.9298e-03
4.4436e-03
4.4219e-03
4.6368e-03
4.6971e-03
4.5833e-03
4.7516e-03
5.1040e-03
4.8697e-03
4.3990e-03
4.2899e-03
4.4658e-03
4.5780e-03
4.5641e-03
4.8438e-03
5.4543e-03
5.7683e-03
5.9675e-03
5.7307e-03
5.0444e-03
5.0991e-03
5.9849e-03
6.5140e-03
5.9068e-03
5.2123e-03
5.2097e-03
5.5750e-03
5.7148e-03
5.2003e-03
4.3582e-03
4.0850e-03
4.7272e-03
5.6158e-03
5.4401e-03
4.3913e-03
3.9322e-03
4.6350e-03
5.1879e-03
4.7376e-03
4.0549e-03
3.5839e-03
3.7103e-03
4.3178e-03
4.6080e-03
4.4113e-03
4.1663e-03
4.1685e-03
4.3103e-03
4.3588e-03
4.2825e-03
4.2115e-03
4.1403e-03
3.7684e-03
3.6320e-03
4.0760e-03
4.3648e-03
3.7507e-03
2.4613e-03
1.6547e-03
1.8041e-03
2.2172e-03
2.3611e-03
2.6302e-03
3.1384e-03
3.8346e-03
4.2857e-03
4.2796e-03
4.1124e-03
4.0902e-03
4.2200e-03
4.3509e-03
4.3756e-03
4.3222e-03
4.2833e-03
4.2866e-03
4.2776e-03
4.2575e-03
4.1607e-03
3.5128e-03
2.3795e-03
1.7277e-03
1.8824e-03
2.2048e-03
2.1814e-03
1.7451e-03
9.7571e-04
5.3244e-04
6.4493e-04
6.7496e-04
5.7612e-05
-5.7022e-04
-6.3052e-04
-3.8353e-04
-2.8363e-04
-4.1220e-04
-5.6859e-04
-5.8931e-04
-8.9663e-04
-1.6676e-03
-1.4227e-03
-5.5798e-04
-5.5682e-04
-1.8306e-03
-3.1699e-03
-3.3923e-03
-2.8753e-03
-2.5974e-03
-2.8627e-03
-3.7574e-03
-4.8331e-03
-5.0807e-03
-5.0547e-03
-5.1977e-03
-5.1287e-03
-4.8507e-03
-5.1072e-03
-5.5923e-03
-5.9893e-03
-6.4515e-03
-6.7282e-03
-7.0621e-03
-7.6468e-03
-7.9639e-03
-7.9111e-03
-8.1847e-03
-9.2798e-03
-1.0357e-02
-1.0510e-02
-1.0115e-02
-9.9421e-03
-1.0144e-02
-1.0376e-02
-1.0399e-02
-1.0265e-02
-1.0151e-02
-1.0130e-02
-9.8024e-03
-9.1150e-03
-8.3962e-03
-7.9066e-03
-7.8860e-03
-7.9739e-03
-7.4073e-03
-6.1476e-03
-5.2451e-03
-5.2752e-03
-5.6599e-03
-5.7326e-03
-5.5599e-03
-5.7436e-03
-5.9671e-03
-6.0192e-03
-5.7927e-03
-5.3139e-03
-5.1079e-03
-5.2402e-03
-5.4268e-03
-5.7579e-03
-5.7823e-03
-5.2910e-03
-4.9589e-03
-5.0639e-03
-5.2814e-03
-5.1920e-03
-4.6197e-03
-4.3760e-03
-4.2969e-03
-4.0599e-03
-3.8933e-03
-3.9014e-03
-3.9554e-03
-4.0686e-03
-4.4502e-03
-4.5754e-03
-4.7270e-03
-4.8174e-03
-4.5167e-03
-4.6302e-03
-5.0909e-03
-5.2795e-03
-5.1474e-03
-5.0397e-03
-5.0943e-03
-5.1924e-03
-5.2341e-03
-5.4762e-03
-5.8144e-03
-5.5683e-03
-5.1363e-03
-5.0695e-03
-5.2693e-03
-5.3881e-03
-5.3276e-03
-5.2492e-03
-5.2498e-03
-4.9290e-03
-4.2944e-03
-4.0171e-03
-3.8139e-03
-3.3075e-03
-2.9712e-03
-2.6185e-03
-1.6800e-03
-7.2517e-04
-4.7576e-04
-2.7277e-04
6.1913e-04
1.6329e-03
2.2943e-03
2.6970e-03
3.1932e-03
3.8104e-03
4.5329e-03
5.5067e-03
6.2223e-03
6.3578e-03
6.6581e-03
7.3534e-03
8.2084e-03
8.6964e-03
8.5113e-03
7.8626e-03
7.8719e-03
8.5451e-03
9.0509e-03
9.3166e-03
9.0384e-03
8.9028e-03
9.8504e-03
1.0628e-02
1.0869e-02
1.0881e-02
1.0864e-02
1.0911e-02
1.1000e-02
1.1243e-02
1.1867e-02
1.2088e-02
1.1421e-02
1.0810e-02
1.0868e-02
1.1211e-02
1.1304e-02
1.0866e-02
9.8360e-03
8.8476e-03
8.2903e-03
7.5481e-03
6.7141e-03
6.0617e-03
5.1943e-03
4.6874e-03
4.7558e-03
4.5678e-03
4.2156e-03
4.0739e-03
4.1178e-03
3.8674e-03
3.6623e-03
3.9640e-03
4.2867e-03
4.2750e-03
4.1048e-03
3.9766e-03
3.6709e-03
3.6062e-03
4.0339e-03
4.3451e-03
4.1400e-03
3.3717e-03
2.7642e-03
2.8053e-03
3.1090e-03
3.0638e-03
2.3288e-03
1.6113e-03
1.4363e-03
1.1723e-03
8.4623e-04
1.2102e-03
1.6593e-03
1.1675e-03
4.0958e-04
4.4122e-04
9.7567e-04
4.1733e-04
-6.6492e-04
-9.8804e-04
-6.2507e-04
-3.4696e-04
-4.5730e-04
-7.1948e-04
-1.0874e-03
-1.3826e-03
-1.3023e-03
-1.1745e-03
-8.7438e-04
-6.4196e-04
-6.7176e-04
-7.7387e-04
-4.7900e-04
-9.4867e-05
-3.7996e-04
-8.3554e-04
-8.7611e-04
-3.0976e-04
4.1879e-04
2.5031e-04
-3.4072e-04
-4.8939e-04
-5.7340e-04
-6.8439e-04
-7.1976e-04
-7.1426e-04
-7.5239e-04
-8.2679e-04
-7.8566e-04
-3.6883e-04
-2.2294e-04
-6.2423e-04
-6.2066e-04
-4.6783e-04
-7.1729e-04
-1.0123e-03
-1.0358e-03
-9.1283e-04
-8.6482e-04
-9.2225e-04
-9.8335e-04
-9.8567e-04
-9.5475e-04
-9.3766e-04
-9.4510e-04
-9.5814e-04
-9.7329e-04
-1.0022e-03
-1.2000e-03
-2.0178e-03
-3.1155e-03
-3.3791e-03
-2.7112e-03
-2.5794e-03
-3.1688e-03
-3.6069e-03
-3.8079e-03
-4.4657e-03
-5.4232e-03
-5.8194e-03
-5.6253e-03
-5.7182e-03
-6.7345e-03
-7.9362e-03
-8.2486e-03
-7.5872e-03
-6.6741e-03
-6.4373e-03
-6.8235e-03
-7.4805e-03
-8.0327e-03
-8.0372e-03
-7.7607e-03
-7.6682e-03
-7.8156e-03
-7.9402e-03
-7.5360e-03
-6.7348e-03
-6.3214e-03
-6.0533e-03
-5.6514e-03
-5.4285e-03
-5.4567e-03
-5.5153e-03
-5.4503e-03
-5.3338e-03
-5.2945e-03
-5.3322e-03
-5.3686e-03
-5.2437e-03
-4.7641e-03
-4.7134e-03
-5.1939e-03
-5.4868e-03
-5.3646e-03
-5.1594e-03
-5.1400e-03
-5.2430e-03
-5.2845e-03
-4.9777e-03
-3.9202e-03
-3.2703e-03
-3.1304e-03
-3.0772e-03
-2.6230e-03
-1.2817e-03
-2.3496e-04
-2.7767e-04
-7.3747e-04
-6.3879e-04
2.7888e-04
1.2830e-03
1.8836e-03
1.8954e-03
1.6367e-03
1.2973e-03
5.6553e-04
-3.0092e-04
-5.9129e-04
-3.7420e-04
-2.3492e-04
-3.8323e-04
-2.5134e-04
4.1547e-04
1.1819e-03
1.7407e-03
1.8352e-03
2.0019e-03
2.2615e-03
2.3813e-03
2.7783e-03
3.4414e-03
3.6783e-03
2.7389e-03
1.5712e-03
1.3763e-03
1.7915e-03
1.5412e-03
2.8744e-04
-7.7501e-04
-8.0333e-04
-3.9701e-04
-6.9576e-04
-1.5772e-03
-2.0962e-03
-2.2753e-03
-2.0881e-03
-1.6873e-03
-1.4505e-03
-1.0493e-03
-5.8964e-04
-4.8843e-04
-6.3278e-04
-6.7135e-04
-5.7969e-04
-5.1162e-04
-5.1049e-04
-5.2238e-04
-5.4791e-04
-5.5941e-04
-5.3004e-04
-5.1331e-04
-5.0105e-04
-4.8244e-04
-3.0293e-04
9.1821e-05
1.0908e-04
2.6009e-05
-2.8866e-04
-6.2324e-04
-6.3707e-04
-1.8536e-04
7.8547e-04
1.4054e-03
6.4655e-04
-4.3164e-04
-4.9166e-04
-2.5918e-04
-7.0053e-05
3.8291e-05
1.3541e-05
3.1524e-04
9.5980e-04
1.6188e-03
1.7781e-03
1.6044e-03
1.5147e-03
1.5938e-03
1.7708e-03
2.3140e-03
3.3340e-03
4.0789e-03
4.0292e-03
3.5407e-03
2.6578e-03
2.0672e-03
1.9708e-03
1.7579e-03
1.1621e-03
9.3345e-04
8.3843e-04
5.5142e-04
2.3241e-04
-4.4068e-05
4.7096e-04
8.7876e-04
6.0761e-04
4.0647e-04
7.9221e-04
8.5792e-04
4.6321e-04
3.6910e-04
8.3758e-04
1.1007e-03
1.2566e-03
1.3957e-03
1.4412e-03
1.4130e-03
1.6632e-03
2.0606e-03
1.8302e-03
1.3414e-03
1.2223e-03
1.4214e-03
1.5633e-03
1.5098e-03
1.3756e-03
9.8173e-04
3.5931e-04
6.6907e-05
2.6885e-04
8.3007e-04
9.8602e-04
8.5300e-04
1.0480e-03
1.3384e-03
1.4358e-03
1.3644e-03
1.2871e-03
1.2991e-03
1.4664e-03
2.1492e-03
3.1518e-03
3.3399e-03
3.1500e-03
3.4296e-03
4.1695e-03
4.6152e-03
5.0999e-03
4.9713e-03
3.9881e-03
3.5017e-03
4.1116e-03
4.3802e-03
3.9182e-03
3.7755e-03
4.4380e-03
4.7486e-03
4.0612e-03
3.3971e-03
3.6999e-03
4.4361e-03
4.3142e-03
3.6515e-03
3.3890e-03
3.6364e-03
3.8642e-03
3.7982e-03
3.2639e-03
2.1612e-03
1.2460e-03
1.1895e-03
1.5525e-03
1.6586e-03
1.3728e-03
7.8805e-04
6.5088e-04
1.2144e-03
1.7294e-03
2.1876e-03
3.0461e-03
3.7470e-03
3.7853e-03
3.5382e-03
3.4984e-03
3.6774e-03
3.8188e-03
3.8041e-03
3.5726e-03
2.7363e-03
1.4339e-03
3.5642e-04
1.0512e-04
3.9166e-04
3.3223e-04
-3.0371e-04
-6.0073e-04
-9.2524e-04
-1.9422e-03
-2.9107e-03
-2.9654e-03
-2.9158e-03
-3.1815e-03
-3.4557e-03
-3.5119e-03
-3.4395e-03
-3.4000e-03
-3.4294e-03
-3.4681e-03
-3.4740e-03
-3.4816e-03
-3.5172e-03
-3.5654e-03
-3.6069e-03
-3.6155e-03
-3.5746e-03
-3.1534e-03
-2.4442e-03
-1.8459e-03
-1.9052e-03
-2.4425e-03
-2.2597e-03
-1.4188e-03
-9.8583e-04
-1.1916e-03
-1.6047e-03
-2.1740e-03
-2.4493e-03
-1.8432e-03
-1.2139e-03
-1.6234e-03
-2.0254e-03
-1.8251e-03
-1.9545e-03
-2.2861e-03
-2.1000e-03
-2.2836e-03
-3.0693e-03
-3.3454e-03
-3.1910e-03
-2.7427e-03
-2.2064e-03
-1.8896e-03
-1.9982e-03
-1.8381e-03
-1.4626e-03
-1.3141e-03
-1.4146e-03
-1.4863e-03
-1.4350e-03
-1.3621e-03
-1.3736e-03
-1.7665e-03
-2.0838e-03
-1.6765e-03
-1.2245e-03
-1.5806e-03
-2.1207e-03
-1.8224e-03
-1.2367e-03
-7.7496e-04
-8.0593e-04
-1.3424e-03
-1.6477e-03
-1.4946e-03
-1.1877e-03
-6.9179e-04
-2.6640e-04
-6.4967e-04
-1.4213e-03
-1.6404e-03
-1.2444e-03
-5.9321e-04
-5.5227e-04
-6.6587e-04
-4.3616e-04
-1.7888e-04
3.2465e-06
5.3757e-04
1.0391e-03
1.0456e-03
8.2909e-04
8.0267e-04
7.6387e-04
7.2540e-05
-6.6870e-04
2.9114e-05
1.4210e-03
2.3028e-03
2.2729e-03
1.8669e-03
1.7807e-03
2.3172e-03
3.2237e-03
4.1686e-03
5.2136e-03
5.6958e-03
5.5135e-03
5.0193e-03
4.1614e-03
3.3198e-03
2.8267e-03
2.7930e-03
2.9152e-03
2.5110e-03
2.0391e-03
1.9421e-03
1.7324e-03
1.1447e-03
7.7167e-04
4.6903e-04
7.4309e-05
1.3879e-04
-1.4188e-04
-1.1030e-03
-1.6573e-03
-1.4810e-03
-1.1020e-03
-7.0520e-04
-6.8916e-04
-8.7239e-04
-9.8819e-04
-8.2469e-04
-8.9095e-04
-1.2943e-03
-1.5180e-03
-1.4323e-03
-1.3018e-03
-1.3099e-03
-1.5194e-03
-2.2710e-03
-3.3969e-03
-3.9274e-03
-3.5232e-03
-2.8246e-03
-3.2140e-03
-4.5777e-03
-5.1747e-03
-4.2723e-03
-3.2901e-03
-3.2942e-03
-3.8023e-03
-3.7707e-03
-3.2357e-03
-3.2408e-03
-3.4088e-03
-2.9858e-03
-2.2049e-03
-1.4958e-03
-1.3119e-03
-1.4930e-03
-1.3186e-03
-5.2927e-04
3.7192e-04
9.5938e-04
1.3401e-03
1.8109e-03
2.0727e-03
2.0792e-03
2.4051e-03
3.1283e-03
3.5154e-03
3.7248e-03
3.8147e-03
3.8865e-03
4.7123e-03
5.6666e-03
5.8509e-03
5.5113e-03
5.3295e-03
5.4822e-03
5.6869e-03
5.7201e-03
5.6306e-03
5.5667e-03
5.4596e-03
5.0505e-03
4.9395e-03
4.7458e-03
3.8770e-03
3.1047e-03
2.9419e-03
2.5315e-03
1.4755e-03
6.9766e-04
7.2139e-04
1.0282e-03
8.7384e-04
-1.4027e-04
-1.3847e-03
-1.8313e-03
-1.5158e-03
-1.2252e-03
-1.3525e-03
-1.8773e-03
-2.3313e-03
-2.2660e-03
-2.3099e-03
-2.3165e-03
-2.1209e-03
-2.3362e-03
-2.7339e-03
-2.8364e-03
-2.6859e-03
-2.6017e-03
-3.0313e-03
-3.8021e-03
-4.1079e-03
-3.8936e-03
-3.6804e-03
-3.7376e-03
-3.9080e-03
-3.9749e-03
-3.9215e-03
-3.8593e-03
-3.8553e-03
-3.8859e-03
-3.9036e-03
-3.8969e-03
-3.8845e-03
-3.8820e-03
-3.8873e-03
-3.7704e-03
-3.0788e-03
-2.0543e-03
-1.8688e-03
-2.0393e-03
-1.8449e-03
-1.5228e-03
-1.2218e-03
-6.6374e-04
-2.2939e-04
-6.0179e-05
3.4670e-04
7.8481e-04
1.0907e-03
1.3344e-03
1.0785e-03
7.0879e-04
9.7465e-04
2.1115e-03
3.2392e-03
3.1924e-03
2.4414e-03
2.4955e-03
3.4767e-03
4.1541e-03
4.0239e-03
4.0208e-03
4.2634e-03
4.4059e-03
4.0132e-03
3.2751e-03
2.9906e-03
3.2068e-03
3.3435e-03
2.8340e-03
2.0068e-03
1.1666e-03
-7.2550e-05
-8.9018e-04
-8.8250e-04
-4.6150e-04
-1.4640e-04
-6.9779e-04
-1.5526e-03
-1.7572e-03
-1.4217e-03
-1.1909e-03
-1.4355e-03
-2.1997e-03
-2.7949e-03
-2.7698e-03
-2.6744e-03
-3.0440e-03
-3.2512e-03
-3.3033e-03
-3.1440e-03
-3.3203e-03
-3.7369e-03
-3.7344e-03
-3.0056e-03
-2.1662e-03
-1.5597e-03
-1.4224e-03
-1.5767e-03
-1.6405e-03
-1.5325e-03
-1.6710e-03
-2.0163e-03
-1.8199e-03
-1.6578e-03
-2.1877e-03
-2.4109e-03
-1.7480e-03
-1.1721e-03
-1.2389e-03
-1.5514e-03
-1.6342e-03
-1.4848e-03
-1.3311e-03
-9.5562e-04
-3.7665e-04
-5.5007e-04
-1.3863e-03
-1.7850e-03
-1.5308e-03
-1.2202e-03
-1.0977e-03
-3.7161e-04
7.4029e-04
1.1207e-03
8.0436e-04
5.5506e-04
8.0943e-04
1.6262e-03
2.2699e-03
2.2394e-03
1.9272e-03
1.7211e-03
1.4357e-03
1.4602e-03
1.5187e-03
1.7245e-03
2.0543e-03
1.9681e-03
1.4108e-03
1.2700e-03
1.2166e-03
1.1926e-03
1.4962e-03
1.3763e-03
8.9453e-04
6.8825e-04
1.0194e-03
1.5944e-03
1.6917e-03
1.4704e-03
9.9617e-04
7.1522e-04
8.1315e-04
9.9411e-04
1.0026e-03
8.8746e-04
8.1336e-04
8.3290e-04
9.0492e-04
1.3051e-03
1.9694e-03
2.2335e-03
2.0532e-03
1.9262e-03
2.7568e-03
4.2717e-03
4.8887e-03
4.4775e-03
4.0542e-03
4.0612e-03
3.9442e-03
3.9117e-03
4.2774e-03
4.4678e-03
3.9079e-03
3.1791e-03
3.3914e-03
3.8416e-03
3.5886e-03
3.1120e-03
2.9965e-03
3.1707e-03
3.2945e-03
3.2492e-03
3.1546e-03
3.1288e-03
3.1651e-03
3.1972e-03
3.3152e-03
3.7218e-03
3.6802e-03
3.5830e-03
4.4262e-03
5.1208e-03
5.1862e-03
4.8102e-03
4.9395e-03
5.1090e-03
4.1086e-03
2.7992e-03
1.9040e-03
1.2791e-03
1.0080e-03
1.0196e-03
8.0049e-04
-1.4171e-04
-1.3437e-03
-1.7437e-03
-1.4119e-03
-1.4175e-03
-2.2018e-03
-2.8669e-03
-3.1338e-03
-3.4722e-03
-3.7302e-03
-3.7319e-03
-3.4088e-03
-3.0808e-03
-3.4045e-03
-3.8830e-03
-3.6003e-03
-2.7360e-03
-2.3372e-03
-2.5519e-03
-2.4541e-03
-1.7467e-03
-1.2753e-03
-1.3632e-03
-1.5975e-03
-1.6176e-03
-1.4762e-03
-1.3604e-03
-1.0241e-03
-7.6036e-04
-8.2639e-04
-8.9929e-04
-3.3048e-04
6.5390e-04
6.3298e-04
-2.3799e-04
-6.1749e-04
2.9636e-05
5.9471e-04
6.2377e-04
5.8768e-04
3.1528e-04
2.3872e-04
6.7233e-04
1.0227e-03
9.7249e-04
7.7721e-04
7.2711e-04
7.0644e-04
3.6625e-04
3.5661e-04
7.8928e-04
9.2583e-04
3.9056e-04
-2.2517e-05
-6.6147e-04
-1.4276e-03
-1.6244e-03
-1.4075e-03
-1.2994e-03
-1.2577e-03
-1.3400e-03
-2.4891e-03
-3.0990e-03
-2.3230e-03
-1.8857e-03
-2.5509e-03
-3.5049e-03
-3.3830e-03
-2.8047e-03
-3.3158e-03
-4.7038e-03
-5.2636e-03
-4.5997e-03
-4.5776e-03
-5.4296e-03
-5.8995e-03
-6.0321e-03
-6.0767e-03
-6.0928e-03
-6.1160e-03
-6.1690e-03
-6.4748e-03
-6.8731e-03
-7.1256e-03
-7.3332e-03
-6.7155e-03
-5.9794e-03
-5.9039e-03
-5.8891e-03
-5.7216e-03
-5.5656e-03
-4.7834e-03
-3.7833e-03
-3.1903e-03
-3.2314e-03
-3.7899e-03
-3.7013e-03
-2.4669e-03
-1.2510e-03
-1.0607e-03
-1.0927e-03
-6.8935e-04
-2.8686e-04
-1.4995e-04
1.2187e-04
2.8877e-04
3.6854e-04
7.3493e-04
1.3621e-03
1.4970e-03
9.4751e-04
5.6242e-04
8.1173e-04
1.6463e-03
2.2636e-03
2.3121e-03
2.4356e-03
2.3674e-03
2.0339e-03
1.8941e-03
2.0202e-03
2.1439e-03
2.2374e-03
2.5681e-03
2.4808e-03
1.8304e-03
1.0024e-03
6.6300e-04
8.5694e-04
8.9164e-04
4.2210e-04
5.5927e-04
1.7930e-03
3.1533e-03
3.5095e-03
3.0896e-03
2.8153e-03
3.0050e-03
3.3049e-03
3.3648e-03
2.9738e-03
2.4949e-03
2.4694e-03
2.0724e-03
1.1525e-03
6.5657e-04
1.0841e-03
1.6912e-03
1.0436e-03
-3.5547e-04
-1.2359e-03
-1.1302e-03
-6.7713e-04
-5.9818e-04
-8.6071e-04
-1.7858e-03
-2.4011e-03
-1.8831e-03
-1.1905e-03
-1.1548e-03
-1.5188e-03
-1.7068e-03
-1.5203e-03
-8.0872e-04
2.2474e-04
5.2988e-04
2.9385e-04
4.0478e-04
6.7925e-04
4.0092e-04
-3.1181e-04
-8.2235e-04
1.4401e-04
1.9922e-03
2.5219e-03
1.3438e-03
-2.0145e-06
-7.6998e-04
-1.1795e-04
1.1177e-03
1.4150e-03
8.6501e-04
4.5010e-04
4.5880e-04
2.3447e-04
-2.0175e-04
-5.5882e-04
-1.0846e-03
-1.4941e-03
-1.5166e-03
-1.3793e-03
-1.3613e-03
-1.4640e-03
-1.5421e-03
-1.5320e-03
-1.4860e-03
-1.4725e-03
-1.6852e-03
-2.5029e-03
-3.2148e-03
-2.6061e-03
-1.7916e-03
-1.4381e-03
-1.4991e-03
-1.6612e-03
-1.6644e-03
-1.5349e-03
-1.4387e-03
-1.4459e-03
-1.4972e-03
-1.5198e-03
-1.5050e-03
-1.4861e-03
-1.4845e-03
-1.4936e-03
-1.4992e-03
-1.4832e-03
-1.2041e-03
-8.2318e-04
-8.0436e-04
-6.6043e-04
-7.2336e-04
-1.3043e-03
-1.6890e-03
-1.5789e-03
-1.3523e-03
-1.3391e-03
-1.4796e-03
-1.5691e-03
-1.5433e-03
-1.5070e-03
-1.8757e-03
-2.5806e-03
-2.9039e-03
-3.0833e-03
-3.5277e-03
-3.5232e-03
-3.2319e-03
-3.4882e-03
-3.8956e-03
-3.9682e-03
-3.8752e-03
-4.1812e-03
-4.3823e-03
-4.0102e-03
-3.6526e-03
-3.7575e-03
-4.3585e-03
-4.5668e-03
-4.0929e-03
-4.0406e-03
-4.2616e-03
-4.0729e-03
-3.7733e-03
-3.7225e-03
-3.8387e-03
-3.8992e-03
-3.8522e-03
-3.7900e-03
-3.7818e-03
-3.8106e-03
-3.8298e-03
-3.8247e-03
-3.6994e-03
-3.1637e-03
-2.5127e-03
-2.0109e-03
-2.0992e-03
-2.1222e-03
-1.7264e-03
-1.2961e-03
-8.9022e-04
-1.0335e-03
-1.5835e-03
-1.8119e-03
-1.6008e-03
-1.4045e-03
-1.4565e-03
-1.5983e-03
-1.4577e-03
-7.8095e-04
-2.3809e-04
-2.6463e-04
-3.3026e-04
5.5669e-05
2.5229e-04
2.8762e-04
1.3639e-04
3.6023e-04
8.0649e-04
9.5732e-04
1.0012e-03
1.3179e-03
1.2224e-03
7.9385e-04
1.0319e-03
2.1559e-03
2.2590e-03
1.0736e-03
5.3439e-04
1.4278e-03
2.6180e-03
3.2517e-03
3.1654e-03
2.8697e-03
2.8463e-03
3.0583e-03
3.2293e-03
3.4690e-03
3.7220e-03
3.4200e-03
2.7116e-03
2.2850e-03
2.7545e-03
3.3611e-03
3.3935e-03
3.0777e-03
2.9183e-03
3.0234e-03
3.1709e-03
3.1939e-03
3.1286e-03
3.1009e-03
3.4382e-03
3.7688e-03
3.4137e-03
2.9570e-03
2.9319e-03
3.1570e-03
3.2621e-03
3.1790e-03
3.0735e-03
3.0612e-03
3.1101e-03
3.1415e-03
3.1318e-03
3.1105e-03
3.1047e-03
3.1128e-03
3.1198e-03
3.1190e-03
3.1149e-03
3.1131e-03
3.1142e-03
3.1156e-03
3.0934e-03
2.7324e-03
2.0951e-03
1.8333e-03
2.0026e-03
2.1735e-03
2.1219e-03
1.9786e-03
1.9231e-03
1.8961e-03
1.5429e-03
1.3967e-03
1.8277e-03
2.2553e-03
2.5717e-03
2.5667e-03
2.5348e-03
2.8725e-03
3.1812e-03
3.1902e-03
3.1363e-03
3.5025e-03
3.7823e-03
3.7626e-03
3.5926e-03
3.5811e-03
3.5778e-03
3.2774e-03
3.0412e-03
3.0675e-03
3.1790e-03
3.0121e-03
1.8781e-03
6.5085e-04
4.7963e-04
9.2757e-04
1.1076e-03
7.5794e-04
-3.3363e-05
-5.9162e-04
-5.2873e-04
-2.4387e-04
-1.8623e-04
-2.3432e-04
1.7462e-04
7.5941e-04
8.0774e-04
6.1372e-05
-5.1128e-04
7.4233e-05
9.9390e-04
9.8017e-04
-4.3613e-05
-7.7623e-04
-4.0827e-04
6.5244e-04
1.2060e-03
9.4086e-04
5.4608e-04
5.3656e-04
7.7614e-04
9.1941e-04
8.8363e-04
8.2617e-04
8.3350e-04
8.7004e-04
8.8758e-04
8.8119e-04
8.8573e-04
1.1894e-03
2.1256e-03
2.8945e-03
2.7881e-03
2.6862e-03
2.6970e-03
2.6149e-03
2.8976e-03
3.2713e-03
3.3118e-03
2.8910e-03
2.4598e-03
2.7708e-03
3.3175e-03
3.4493e-03
3.5760e-03
3.7393e-03
3.7869e-03
4.1312e-03
4.4660e-03
4.8374e-03
5.0292e-03
4.9303e-03
4.8383e-03
4.9088e-03
5.3712e-03
5.3283e-03
4.5994e-03
4.4616e-03
4.8586e-03
4.8466e-03
4.8515e-03
4.7627e-03
4.0337e-03
3.5678e-03
3.5641e-03
3.4055e-03
3.1748e-03
3.0928e-03
3.1286e-03
3.1533e-03
3.1273e-03
3.0220e-03
2.5397e-03
1.8552e-03
1.2166e-03
6.7766e-04
2.1734e-04
3.3019e-04
8.0604e-04
9.5687e-04
7.4246e-04
4.3920e-04
-8.9973e-05
-6.5330e-04
-1.2339e-03
-1.5003e-03
-9.4991e-04
-2.7017e-04
-1.0315e-04
-1.1591e-04
-7.0261e-04
-1.2239e-03
-1.2904e-03
-7.7612e-04
-4.9544e-04
-1.1460e-03
-1.8788e-03
-1.5728e-03
-3.8778e-04
-3.1704e-04
-1.0487e-03
-1.5445e-03
-1.2859e-03
-1.1747e-03
-1.4974e-03
-1.7626e-03
-1.7463e-03
-1.6291e-03
-1.6029e-03
-1.6630e-03
-1.7106e-03
-1.7036e-03
-1.6747e-03
-1.6637e-03
-1.6731e-03
-1.6836e-03
-1.6840e-03
-1.6787e-03
-1.6759e-03
-1.6904e-03
-1.9496e-03
-2.2918e-03
-2.0397e-03
-1.5790e-03
-1.5007e-03
-1.9890e-03
-2.7567e-03
-2.7354e-03
-1.8344e-03
-1.2836e-03
-1.4979e-03
-1.8752e-03
-1.9139e-03
-1.7078e-03
-1.5718e-03
-1.6066e-03
-1.6721e-03
-1.6777e-03
-1.6456e-03
-1.6002e-03
-1.5834e-03
-1.5964e-03
-1.6097e-03
-1.6074e-03
-1.6215e-03
-1.9796e-03
-2.3064e-03
-2.3020e-03
-2.4723e-03
-2.6952e-03
-2.7488e-03
-2.6884e-03
-2.6589e-03
-2.6207e-03
-2.1820e-03
-1.5578e-03
-1.3678e-03
-1.4880e-03
-1.2271e-03
-9.5834e-04
-8.3570e-04
-5.9795e-04
-7.6173e-04
-9.1889e-04
-5.6050e-04
-1.9778e-04
-1.9971e-04
-3.7404e-04
-3.5191e-04
1.1252e-04
2.2671e-04
-2.0815e-04
-6.3700e-04
-9.9931e-04
-9.2895e-04
-9.5445e-04
-1.3372e-03
-1.4872e-03
-9.0159e-04
-7.8255e-04
-1.3089e-03
-1.6702e-03
-1.6687e-03
-1.8794e-03
-1.8500e-03
-1.5812e-03
-1.9453e-03
-2.6338e-03
-2.7059e-03
-2.0482e-03
-1.9483e-03
-2.6761e-03
-3.4405e-03
-3.2021e-03
-2.6585e-03
-2.8485e-03
-3.1867e-03
-3.5256e-03
-3.5781e-03
-3.1450e-03
-2.9853e-03
-3.0477e-03
-3.2553e-03
-3.2178e-03
-3.3507e-03
-3.6556e-03
-3.7676e-03
-3.6635e-03
-3.3566e-03
-2.9959e-03
-3.0115e-03
-3.1564e-03
-3.2523e-03
-3.1674e-03
-3.3742e-03
-3.1580e-03
-1.9672e-03
-1.0852e-03
-9.3120e-04
-7.2533e-04
-3.8458e-04
6.7731e-05
7.0964e-04
1.0651e-03
9.8575e-04
8.2377e-04
8.4179e-04
9.8475e-04
1.3272e-03
1.6782e-03
1.6878e-03
1.5580e-03
1.4330e-03
1.8036e-03
2.2764e-03
2.7122e-03
3.1932e-03
3.3952e-03
3.6451e-03
3.8744e-03
3.8997e-03
3.8396e-03
3.4666e-03
3.2030e-03
3.2813e-03
3.7767e-03
4.0730e-03
3.5827e-03
3.0653e-03
3.0526e-03
2.9897e-03
2.8231e-03
3.0792e-03
3.3536e-03
2.9662e-03
2.1081e-03
1.4343e-03
1.4869e-03
2.0409e-03
1.9482e-03
1.5092e-03
1.2791e-03
1.4883e-03
1.9496e-03
1.7902e-03
1.4189e-03
1.2181e-03
9.9021e-04
8.7731e-04
9.8497e-04
1.4217e-03
1.5353e-03
1.0348e-03
6.5050e-04
8.0204e-04
1.4944e-03
2.0602e-03
1.6886e-03
1.3138e-03
1.6863e-03
2.2704e-03
2.8431e-03
3.0540e-03
2.5741e-03
2.3147e-03
2.4069e-03
2.7944e-03
3.3012e-03
3.7586e-03
3.5695e-03
2.9857e-03
2.5567e-03
1.7316e-03
8.7891e-04
8.1552e-04
1.5106e-03
1.6355e-03
9.6310e-04
4.9123e-04
5.9130e-04
8.6423e-04
9.5426e-04
8.5550e-04
7.4302e-04
8.7952e-04
1.4886e-03
1.9805e-03
2.1148e-03
2.4233e-03
2.7908e-03
2.8708e-03
2.5052e-03
1.6245e-03
9.9975e-04
1.4165e-03
2.3071e-03
2.7041e-03
2.3690e-03
2.3012e-03
2.3860e-03
2.0295e-03
1.6365e-03
1.5926e-03
1.4284e-03
8.4194e-04
4.5486e-04
5.1654e-04
6.9168e-04
6.9319e-04
5.6927e-04
4.9062e-04
5.0861e-04
5.5388e-04
5.3752e-04
1.5659e-04
-5.0150e-04
-1.1389e-03
-1.5293e-03
-1.5330e-03
-1.3416e-03
-9.8320e-04
-9.6857e-04
-1.4579e-03
-1.7757e-03
-1.5968e-03
-1.0307e-03
-9.1687e-04
-1.4180e-03
-1.7703e-03
-1.6695e-03
-1.4395e-03
-1.2834e-03
-8.8382e-04
-5.6635e-04
-8.9614e-04
-1.1545e-03
-1.1568e-03
-9.4392e-04
-1.0571e-03
-1.2896e-03
-1.0801e-03
-9.2381e-04
-7.1041e-04
-4.6855e-04
-4.1670e-04
-4.9606e-04
-5.3340e-04
-4.8769e-04
-4.4570e-04
-6.7283e-04
-1.2125e-03
-1.3147e-03
-9.1661e-04
-7.3458e-04
-8.3678e-04
-1.2489e-03
-1.5391e-03
-1.4667e-03
-1.0743e-03
-7.4950e-04
-1.0518e-03
-1.5090e-03
-1.5540e-03
-1.0358e-03
-3.7095e-04
-1.9268e-04
-1.1666e-04
2.8653e-04
6.0307e-04
6.0011e-04
4.8335e-04
4.6659e-04
5.3417e-04
5.5565e-04
5.0390e-04
3.9954e-04
2.6869e-05
-4.9772e-04
-1.0133e-03
-1.3170e-03
-1.0242e-03
-7.9790e-04
-1.1531e-03
-1.5173e-03
-1.4979e-03
-1.3085e-03
-1.2621e-03
-1.3540e-03
-1.3981e-03
-1.3503e-03
-1.2965e-03
-1.3853e-03
-1.8567e-03
-2.3190e-03
-2.4987e-03
-2.6418e-03
-2.4475e-03
-2.1137e-03
-1.8976e-03
-1.5440e-03
-1.2386e-03
-1.2048e-03
-1.2933e-03
-1.3002e-03
-1.2195e-03
-1.1555e-03
-1.1556e-03
-1.1825e-03
-1.1899e-03
-1.1732e-03
-1.1542e-03
-1.1466e-03
-1.1458e-03
-1.1425e-03
-1.1354e-03
-1.1439e-03
-1.1712e-03
-1.1811e-03
-1.1662e-03
-1.1488e-03
-1.1431e-03
-1.1434e-03
-1.1572e-03
-1.4143e-03
-1.5968e-03
-1.2902e-03
-9.6701e-04
-9.7108e-04
-1.1310e-03
-1.1317e-03
-7.0280e-04
-1.1386e-04
3.4208e-04
5.8233e-04
5.7539e-04
5.0469e-04
6.1353e-04
1.0207e-03
1.0640e-03
6.7196e-04
4.2705e-04
5.1407e-04
6.7059e-04
6.8278e-04
5.9228e-04
6.1771e-04
1.0289e-03
1.3297e-03
1.0659e-03
9.7990e-04
1.2645e-03
1.4786e-03
1.5640e-03
1.7355e-03
1.4742e-03
9.8750e-04
1.4161e-03
2.2258e-03
2.4172e-03
2.0829e-03
1.8399e-03
1.9129e-03
2.0779e-03
2.1108e-03
2.0237e-03
1.9435e-03
1.9295e-03
1.9453e-03
1.9419e-03
1.9134e-03
1.8819e-03
1.8465e-03
1.5790e-03
1.1165e-03
9.1816e-04
1.0233e-03
1.1149e-03
8.3102e-04
5.2892e-04
7.8941e-04
1.3238e-03
1.1346e-03
3.1999e-04
1.4297e-04
5.0336e-04
8.0942e-04
9.0381e-04
5.5246e-04
5.8812e-05
-5.9954e-05
1.2723e-04
2.5379e-04
1.8844e-04
6.9063e-05
3.2024e-05
6.9020e-05
3.2150e-05
-3.0183e-04
-6.5175e-04
-7.6807e-04
-9.7708e-04
-1.2616e-03
-1.3570e-03
-1.2869e-03
-1.2327e-03
-1.2607e-03
-1.3042e-03
-1.1959e-03
-9.0548e-04
-8.5251e-04
-8.9713e-04
-8.7897e-04
-3.7195e-04
1.0344e-05
-4.5813e-04
-1.2599e-03
-1.3524e-03
-8.4858e-04
-5.9272e-04
-4.2245e-04
-2.3986e-04
-2.3547e-04
-1.2816e-04
5.4068e-05
1.2406e-04
8.1858e-05
3.8879e-05
4.6498e-05
6.0541e-05
-1.3271e-04
-4.9674e-04
-6.5055e-04
-5.5580e-04
-4.6832e-04
-6.8902e-04
-9.2493e-04
-7.3508e-04
-4.5973e-04
-4.2891e-04
-5.9153e-04
-8.7049e-04
-9.0246e-04
-5.6077e-04
-1.5378e-04
-1.4516e-04
-5.0409e-04
-7.0792e-04
-6.4826e-04
-6.8834e-04
-7.4420e-04
-8.6987e-04
-1.0530e-03
-1.1183e-03
-1.0795e-03
-1.0464e-03
-1.0575e-03
-1.0801e-03
-1.0811e-03
-1.0626e-03
-1.0443e-03
-1.0356e-03
-1.0316e-03
-1.0225e-03
-9.2048e-04
-6.9793e-04
-6.6533e-04
-6.1099e-04
-4.6609e-04
-3.9206e-04
-5.0419e-04
-8.2951e-04
-1.0445e-03
-9.9249e-04
-8.6573e-04
-8.3981e-04
-7.7899e-04
-6.5537e-04
-7.6052e-04
-9.4340e-04
-9.6707e-04
-8.7252e-04
-8.1233e-04
-8.3065e-04
-8.6606e-04
-8.6601e-04
-8.3793e-04
-8.1383e-04
-8.0627e-04
-8.0501e-04
-7.9840e-04
-7.8583e-04
-7.7307e-04
-7.9303e-04
-9.5059e-04
-9.9954e-04
-7.7126e-04
-4.4646e-04
-4.0844e-04
-6.7335e-04
-8.3328e-04
-7.5279e-04
-6.2032e-04
-5.9408e-04
-6.4621e-04
-6.7900e-04
-6.5935e-04
-6.2268e-04
-6.4912e-04
-8.1311e-04
-8.6305e-04
-8.8575e-04
-9.5616e-04
-9.2011e-04
-6.7250e-04
-4.7041e-04
-4.7849e-04
-5.6500e-04
-5.7557e-04
-5.1288e-04
-4.6032e-04
-4.5486e-04
-4.6352e-04
-4.5032e-04
-4.2577e-04
-4.1040e-04
-4.0531e-04
-4.0059e-04
-3.9129e-04
-3.8722e-04
-4.8755e-04
-5.7410e-04
-5.5037e-04
-4.8881e-04
-3.6562e-04
-3.9632e-04
-4.9952e-04
-4.1472e-04
-2.7120e-04
-2.3403e-04
-2.7752e-04
-2.8469e-04
-1.6138e-04
-9.9721e-05
-1.9278e-04
-1.4927e-04
1.2685e-04
2.8415e-04
2.3528e-04
1.2260e-04
1.3222e-04
1.2678e-04
-5.6933e-05
-2.0500e-04
-1.1269e-04
-3.6786e-05
-9.3776e-05
-6.6716e-05
5.1657e-05
1.5137e-04
2.6131e-04
3.3138e-04
3.2455e-04
2.9466e-04
2.9298e-04
3.4994e-04
4.8705e-04
6.2575e-04
7.1761e-04
7.2464e-04
6.8187e-04
6.1093e-04
5.5511e-04
6.0981e-04
6.7865e-04
6.2139e-04
4.5754e-04
3.5881e-04
3.1564e-04
2.4546e-04
1.9520e-04
1.8979e-04
1.9672e-04
1.8934e-04
1.7313e-04
1.6314e-04
1.6224e-04
1.6304e-04
1.4951e-04
8.5457e-05
5.0454e-05
3.7703e-05
-5.7863e-05
-1.6735e-04
-1.8590e-04
-1.4350e-04
-1.1889e-04
-1.3119e-04
-1.4829e-04
-1.4612e-04
-1.3086e-04
-1.1876e-04
-1.0190e-04
-4.0179e-05
2.1972e-05
4.6729e-05
9.1966e-05
1.4028e-04
1.4921e-04
1.3420e-04
1.6308e-04
2.7066e-04
3.0763e-04
2.3075e-04
1.2204e-04
1.0127e-04
1.8847e-04
2.5720e-04
2.3944e-04
1.8976e-04
1.7150e-04
1.8477e-04
1.9509e-04
1.6689e-04
1.2433e-04
1.3675e-04
1.7195e-04
1.7710e-04
1.5617e-04
1.4100e-04
1.6284e-04
1.8415e-04
1.5229e-04
8.9534e-05
6.3258e-05
9.8884e-05
1.0599e-04
5.7061e-05
2.3612e-05
5.0303e-05
7.2614e-05
2.5708e-05
-3.6636e-05
-4.8179e-05
-2.8122e-05
-3.7865e-05
-7.1456e-05
-8.5474e-05
-8.0170e-05
-8.7209e-05
-8.4280e-05
-6.9565e-05
-8.5743e-05
-1.3259e-04
-1.5795e-04
-1.4378e-04
-1.2063e-04
-1.1358e-04
-1.2427e-04
-1.3957e-04
-1.3220e-04
-1.1760e-04
-9.8438e-05
-8.2823e-05
-7.7948e-05
-7.7090e-05
-7.2348e-05
-6.3544e-05
-4.7837e-05
-2.5343e-05
-1.2378e-05
-1.2368e-05
-1.4316e-05
-1.0352e-05
3.6127e-06
2.3622e-05
3.3521e-05
3.0822e-05
2.7883e-05
3.7943e-05
4.9538e-05
5.2308e-05
6.2927e-05
7.8576e-05
8.4153e-05
8.5488e-05
8.4769e-05
8.0417e-05
8.5372e-05
1.0206e-04
1.1342e-04
1.1025e-04
1.0094e-04
9.0987e-05
8.4165e-05
8.4941e-05
9.3122e-05
9.8503e-05
9.5394e-05
8.9326e-05
8.6795e-05
8.7256e-05
8.7174e-05
8.5379e-05
8.3037e-05
8.1316e-05
8.0190e-05
7.7639e-05
7.2995e-05
7.1509e-05
6.9843e-05
6.5685e-05
5.9859e-05
5.6687e-05
5.5502e-05
5.1242e-05
4.5466e-05
4.3771e-05
4.5913e-05
4.6666e-05
4.4016e-05
4.3601e-05
4.6008e-05
4.5093e-05
4.3314e-05
4.4033e-05
4.4961e-05
4.6929e-05
4.8981e-05
5.0024e-05
5.1781e-05
5.3524e-05
5.4262e-05
5.3670e-05
5.4250e-05
5.7711e-05
6.1019e-05
6.1671e-05
6.1160e-05
6.2270e-05
6.4330e-05
6.5486e-05
6.6270e-05
6.6909e-05
6.7061e-05
6.7122e-05
6.7932e-05
6.8961e-05
6.9489e-05
6.9073e-05
6.8879e-05
6.9103e-05
6.9086e-05
6.8544e-05
6.7766e-05
6.7870e-05
6.8742e-05
6.9262e-05
6.8942e-05
6.7819e-05
6.6915e-05
6.6824e-05
6.6772e-05
6.6568e-05
6.6329e-05
6.5906e-05
6.5536e-05
6.5362e-05
6.5273e-05
6.5125e-05
6.4911e-05
6.4711e-05
6.4551e-05
6.4402e-05
6.4118e-05
6.3683e-05
6.3469e-05
6.3526e-05
6.3517e-05
6.3259e-05
6.2944e-05
6.2799e-05
6.2774e-05
6.2716e-05
6.2580e-05
6.2424e-05
6.2295e-05
6.2183e-05
6.2061e-05
6.1922e-05
6.1776e-05
6.1618e-05
6.1445e-05
6.1283e-05
6.1091e-05
6.0916e-05
6.0806e-05
6.0669e-05
6.0475e-05
6.0272e-05
6.0088e-05
5.9902e-05
5.9697e-05
5.9488e-05
5.9285e-05
5.9081e-05
5.8869e-05
5.8659e-05
5.8448e-05
5.8218e-05
5.7964e-05
5.7703e-05
5.7452e-05
5.7208e-05
5.6954e-05
5.6686e-05
5.6413e-05
5.6139e-05
5.5862e-05
5.5579e-05
5.5290e-05
5.4996e-05
5.4697e-05
5.4394e-05
5.4086e-05
5.3774e-05
5.3456e-05
5.3135e-05
5.2809e-05
5.2478e-05
5.2142e-05
5.1802e-05
5.1458e-05
5.1109e-05
5.0756e-05
5.0399e-05
5.0037e-05
4.9672e-05
4.9302e-05
4.8928e-05
4.8550e-05
4.8168e-05
4.7782e-05
4.7392e-05
4.6998e-05
4.6600e-05
4.6198e-05
4.5792e-05
4.5382e-05
4.4969e-05
4.4551e-05
4.4130e-05
4.3706e-05
4.3277e-05
4.2845e-05
4.2409e-05
4.1970e-05
4.1527e-05
