1.2188e-04
1.2178e-04
1.2166e-04
1.2153e-04
1.2136e-04
1.2117e-04
1.2095e-04
1.2071e-04
1.2043e-04
1.2011e-04
1.1981e-04
1.1954e-04
1.1925e-04
1.1870e-04
1.1794e-04
1.1735e-04
1.1799e-04
1.1898e-04
1.1647e-04
1.0347e-04
8.6592e-05
8.0907e-05
8.0307e-05
9.7520e-05
1.1233e-04
1.1471e-04
1.1227e-04
1.1006e-04
1.0934e-04
1.0900e-04
1.0838e-04
1.0748e-04
1.0654e-04
1.0569e-04
1.0475e-04
1.0379e-04
1.0271e-04
1.0198e-04
1.0139e-04
1.0061e-04
9.8227e-05
9.5300e-05
9.5002e-05
1.0190e-04
1.0722e-04
8.6545e-05
1.4484e-05
-4.5277e-05
1.3024e-05
8.2826e-05
9.9155e-05
8.8658e-05
8.0593e-05
8.9844e-05
9.9756e-05
7.1881e-05
-3.0878e-05
-1.1694e-04
-3.4164e-05
6.5708e-05
9.2007e-05
8.1074e-05
6.8689e-05
6.7065e-05
6.8705e-05
6.6294e-05
6.0237e-05
5.9901e-05
7.5240e-05
8.8173e-05
4.4122e-05
-1.1176e-04
-2.4222e-04
-1.1505e-04
3.7657e-05
7.8710e-05
6.2673e-05
4.3845e-05
4.0134e-05
4.2902e-05
4.4193e-05
4.2708e-05
3.9147e-05
3.5499e-05
3.2731e-05
3.6049e-05
4.1772e-05
3.8833e-05
7.6723e-06
-2.1753e-05
3.9231e-05
2.9348e-04
5.1338e-04
2.7607e-04
-1.8527e-04
-5.2892e-04
-5.5893e-04
-5.0017e-04
-2.1751e-04
7.8571e-06
4.4579e-05
1.6959e-05
-5.4448e-06
-5.0685e-06
-8.8076e-07
5.6910e-07
-2.3251e-06
-6.1496e-06
-1.0381e-05
-1.2769e-05
-8.6903e-06
-1.7109e-06
-6.5394e-06
-4.4296e-05
-7.6695e-05
8.9181e-06
3.3877e-04
6.2564e-04
3.7970e-04
7.0084e-05
-1.2525e-04
-4.5901e-04
-7.2679e-04
-4.2307e-04
-6.5631e-05
3.4549e-05
-5.5169e-06
-8.2757e-05
-1.1359e-04
-6.1069e-07
3.5722e-04
6.4957e-04
4.2509e-04
4.3163e-04
6.6128e-04
3.6223e-04
5.8389e-06
-1.0814e-04
-1.2934e-04
-1.3183e-04
-1.4974e-05
4.0274e-04
7.6687e-04
4.4993e-04
5.2025e-05
-1.9584e-04
-6.1544e-04
-9.4986e-04
-5.6505e-04
-1.2026e-04
-3.8761e-06
-4.6363e-05
-9.6556e-05
-1.0184e-04
-9.1726e-05
-8.5283e-05
-8.8334e-05
-9.2176e-05
-9.4771e-05
-9.5611e-05
-9.7306e-05
-9.9222e-05
-9.9409e-05
-9.7502e-05
-9.7543e-05
-1.0845e-04
-1.2429e-04
-1.1953e-04
-6.1724e-05
-1.4000e-05
-1.6122e-04
-6.9231e-04
-1.1352e-03
-6.9478e-04
-1.6611e-04
-2.1228e-05
-7.1423e-05
-1.3184e-04
-1.3930e-04
-1.2553e-04
-1.1611e-04
-1.1786e-04
-1.2450e-04
-1.3100e-04
-1.3142e-04
-1.1848e-04
-1.0331e-04
-1.1945e-04
-1.9553e-04
-2.4033e-04
-3.3294e-05
5.6653e-04
8.8558e-04
-8.7311e-05
-1.0714e-03
-9.1057e-04
-8.5852e-04
-1.1122e-03
-6.9606e-04
-2.2258e-04
-7.7253e-05
-4.9302e-05
-4.6855e-05
-2.1110e-04
-7.7286e-04
-1.2420e-03
-7.6682e-04
-1.9745e-04
-4.1552e-05
-9.4333e-05
-1.5901e-04
-1.6645e-04
-1.4997e-04
-1.3634e-04
-1.3693e-04
-1.5120e-04
-1.6904e-04
-1.6201e-04
-9.7937e-05
-4.5137e-05
-2.0366e-04
-7.7676e-04
-1.2546e-03
-7.7764e-04
-2.0551e-04
-4.8203e-05
-1.0163e-04
-1.6597e-04
-1.7297e-04
-1.5777e-04
-1.4788e-04
-1.4981e-04
-1.5375e-04
-1.5555e-04
-1.5544e-04
-1.5585e-04
-1.5698e-04
-1.5600e-04
-1.5309e-04
-1.5199e-04
-1.6290e-04
-1.7891e-04
-1.7293e-04
-1.0940e-04
-5.7032e-05
-2.1512e-04
-7.8828e-04
-1.2659e-03
-7.8924e-04
-2.1702e-04
-5.9852e-05
-1.1316e-04
-1.7762e-04
-1.8456e-04
-1.6948e-04
-1.5954e-04
-1.6155e-04
-1.6545e-04
-1.6733e-04
-1.6718e-04
-1.6767e-04
-1.6876e-04
-1.6785e-04
-1.6491e-04
-1.6386e-04
-1.7475e-04
-1.9081e-04
-1.8481e-04
-1.2133e-04
-6.8947e-05
-2.2708e-04
-8.0024e-04
-1.2779e-03
-8.0124e-04
-2.2903e-04
-7.1797e-05
-1.2513e-04
-1.8972e-04
-1.9695e-04
-1.8174e-04
-1.7104e-04
-1.7214e-04
-1.7739e-04
-1.8319e-04
-1.8518e-04
-1.7604e-04
-1.5956e-04
-1.6193e-04
-2.2188e-04
-2.8490e-04
-1.5219e-04
4.1364e-04
9.6171e-04
5.9190e-04
-9.8105e-05
-9.7893e-04
-1.9226e-03
-1.8213e-03
-9.1562e-04
-7.1176e-04
-1.0457e-03
-8.4370e-04
-9.0089e-04
-1.1947e-03
-7.5110e-04
-2.9728e-04
-2.0545e-04
-9.5725e-05
4.1761e-04
8.9642e-04
4.5718e-04
-9.9143e-05
-3.2700e-04
-3.9106e-04
-2.2245e-04
5.0390e-04
1.5229e-03
1.5184e-03
5.3351e-04
-1.4113e-04
-4.0226e-04
-8.5949e-04
-1.2673e-03
-8.0008e-04
-2.5360e-04
-1.0522e-04
-1.5331e-04
-2.1282e-04
-2.1945e-04
-2.0605e-04
-1.9592e-04
-1.9585e-04
-2.0014e-04
-2.0815e-04
-2.1510e-04
-2.0567e-04
-1.7465e-04
-1.5824e-04
-2.3652e-04
-3.8288e-04
-3.0093e-04
4.9591e-04
1.6893e-03
1.6447e-03
-1.5897e-04
-2.1732e-03
-2.6916e-03
-1.3525e-03
4.8894e-04
5.2439e-04
-7.0350e-04
-1.6096e-03
-9.6327e-04
5.6120e-04
1.7583e-03
9.7302e-04
-1.4046e-03
-2.6108e-03
-1.6570e-03
2.1107e-04
1.1159e-03
1.6901e-03
2.0059e-03
1.9942e-03
1.9246e-03
2.0434e-03
2.5954e-03
3.1216e-03
2.7771e-03
2.1899e-03
1.3720e-03
1.4575e-04
-4.9927e-04
1.5300e-04
2.1038e-03
3.9382e-03
4.0185e-03
2.2837e-03
1.6197e-04
-1.2547e-03
-1.5419e-03
-1.2303e-04
1.5815e-03
1.6499e-03
3.1921e-04
-5.6097e-04
1.1876e-04
2.2215e-03
3.9666e-03
3.3498e-03
8.8969e-04
-6.1504e-04
-6.7422e-05
2.0447e-03
4.0538e-03
4.4177e-03
3.0460e-03
1.4677e-03
1.9367e-03
2.9872e-03
2.3580e-03
6.6889e-04
-1.0638e-03
-2.8650e-03
-3.6420e-03
-2.4446e-03
-9.1501e-04
-8.3407e-04
-1.2775e-03
-2.2816e-04
1.5216e-03
1.8423e-03
1.0504e-04
-2.6531e-03
-4.8086e-03
-4.6871e-03
-1.5318e-03
3.1925e-03
6.3151e-03
7.0130e-03
6.5069e-03
5.6666e-03
5.2448e-03
5.9563e-03
6.6120e-03
6.0861e-03
4.2812e-03
2.4352e-03
1.6907e-03
1.8298e-03
2.2586e-03
2.3431e-03
1.0250e-03
-2.0136e-03
-4.8997e-03
-6.0006e-03
-5.4152e-03
-5.2594e-03
-6.2133e-03
-7.0063e-03
-7.1215e-03
-6.5530e-03
-5.4856e-03
-4.2243e-03
-2.2910e-03
-8.9382e-05
9.9540e-04
4.2684e-04
-2.7583e-04
-2.6543e-04
1.9065e-05
-5.5253e-04
-2.9720e-03
-6.1563e-03
-7.6221e-03
-6.2572e-03
-2.3942e-03
1.2880e-03
2.0623e-03
8.6944e-05
-2.7656e-03
-4.6594e-03
-4.3963e-03
-2.4407e-03
-1.0132e-03
-1.8744e-03
-4.5240e-03
-7.9683e-03
-1.0764e-02
-1.0614e-02
-7.7958e-03
-4.8826e-03
-2.6536e-03
1.7232e-04
4.8547e-03
1.0137e-02
1.2781e-02
1.1659e-02
8.1415e-03
4.1401e-03
2.0349e-03
3.0723e-03
5.5627e-03
5.6379e-03
2.3659e-03
-1.3638e-03
-3.4263e-03
-4.4789e-03
-4.9804e-03
-4.6903e-03
-2.8274e-03
1.0654e-03
5.5205e-03
6.7036e-03
2.9499e-03
-3.4613e-03
-7.3452e-03
-6.1323e-03
-1.0225e-03
4.0203e-03
6.4785e-03
6.6873e-03
6.2685e-03
6.4024e-03
7.2606e-03
7.6983e-03
5.9045e-03
3.0287e-03
1.7467e-03
2.3492e-03
3.4857e-03
3.8684e-03
4.5186e-03
7.4998e-03
1.2243e-02
1.5011e-02
1.3561e-02
8.5047e-03
1.7303e-03
-4.1242e-03
-7.0913e-03
-7.5178e-03
-6.5147e-03
-4.6198e-03
-2.9175e-03
-2.5937e-03
-3.9160e-03
-7.0266e-03
-1.2749e-02
-1.9867e-02
-2.3952e-02
-2.2360e-02
-1.7030e-02
-1.1439e-02
-6.5231e-03
-1.9519e-03
1.3722e-03
1.5116e-03
-1.5133e-03
-5.6283e-03
-8.6534e-03
-7.7382e-03
-1.5320e-03
8.9633e-03
1.8770e-02
2.2446e-02
1.9037e-02
1.1536e-02
5.1866e-03
2.5573e-03
2.5993e-03
4.7826e-03
7.6001e-03
9.2776e-03
1.0286e-02
1.1461e-02
1.3132e-02
1.3508e-02
9.6412e-03
3.1396e-04
-1.1277e-02
-2.0674e-02
-2.4608e-02
-2.1869e-02
-1.4640e-02
-7.2038e-03
-1.6892e-03
1.5947e-03
2.0499e-03
-2.4018e-05
-3.2218e-03
-4.9909e-03
-1.5400e-03
8.4678e-03
2.0629e-02
2.7523e-02
2.3539e-02
1.1074e-02
-1.1894e-03
-6.2463e-03
-4.7908e-03
-1.8695e-03
4.9834e-04
1.3790e-03
-3.8538e-04
-4.0980e-03
-8.0492e-03
-1.0557e-02
-9.4227e-03
-4.6903e-03
1.6550e-03
6.8445e-03
8.3201e-03
4.3229e-03
-4.4139e-03
-1.4583e-02
-2.1106e-02
-1.7849e-02
-3.1884e-03
1.4547e-02
2.4919e-02
2.2621e-02
9.4109e-03
-5.9307e-03
-1.5874e-02
-1.9177e-02
-1.7962e-02
-1.3575e-02
-6.9485e-03
3.7323e-04
5.7501e-03
5.9592e-03
6.7649e-04
-7.5698e-03
-1.5859e-02
-2.0643e-02
-1.9029e-02
-1.0857e-02
6.4620e-04
1.2777e-02
2.2549e-02
2.7613e-02
2.7390e-02
2.4033e-02
1.9586e-02
1.5643e-02
1.3303e-02
1.2182e-02
1.1471e-02
1.1252e-02
1.0327e-02
6.5638e-03
-7.3461e-04
-1.0597e-02
-2.0762e-02
-2.9412e-02
-3.4307e-02
-3.3214e-02
-2.5565e-02
-1.5382e-02
-9.4069e-03
-9.1611e-03
-1.1066e-02
-1.0775e-02
-7.2050e-03
-3.0700e-03
-8.4190e-04
5.1437e-04
4.1863e-03
1.1148e-02
1.9226e-02
2.4780e-02
2.5661e-02
2.2195e-02
1.7797e-02
1.5635e-02
1.5654e-02
1.4781e-02
9.9862e-03
2.5727e-03
-2.3853e-03
-1.6197e-03
3.2359e-03
6.7822e-03
5.4420e-03
-3.2283e-04
-5.7626e-03
-6.9101e-03
-5.3179e-03
-5.2506e-03
-8.7319e-03
-1.4297e-02
-1.9111e-02
-2.0922e-02
-2.0792e-02
-2.0306e-02
-1.9660e-02
-1.8543e-02
-1.6815e-02
-1.2859e-02
-4.4734e-03
6.9178e-03
1.6423e-02
1.9596e-02
1.7337e-02
1.4552e-02
1.5284e-02
1.8297e-02
2.0625e-02
2.1618e-02
2.1013e-02
1.8447e-02
1.3121e-02
6.8551e-03
2.1716e-03
-7.9914e-04
-3.7652e-03
-8.4654e-03
-1.5607e-02
-2.2118e-02
-2.4888e-02
-2.4214e-02
-2.3239e-02
-2.5643e-02
-3.0846e-02
-3.3952e-02
-3.0744e-02
-2.0606e-02
-7.4585e-03
3.8957e-03
1.1348e-02
1.5445e-02
1.7214e-02
1.7581e-02
1.7631e-02
1.7780e-02
1.7352e-02
1.5140e-02
1.1000e-02
6.1540e-03
2.1743e-03
1.3571e-04
-5.0042e-04
-1.2881e-03
-1.9539e-03
2.0795e-04
6.1027e-03
1.3146e-02
1.7350e-02
1.5349e-02
6.4057e-03
-7.3780e-03
-2.1787e-02
-3.2435e-02
-3.7334e-02
-3.6322e-02
-3.1928e-02
-2.6880e-02
-2.2293e-02
-1.8576e-02
-1.5567e-02
-1.2021e-02
-6.5650e-03
1.7318e-03
1.1538e-02
1.9426e-02
2.1169e-02
1.5736e-02
6.6171e-03
-1.7230e-03
-6.7402e-03
-7.6465e-03
-2.8848e-03
6.2795e-03
1.7357e-02
2.8429e-02
3.8464e-02
4.6797e-02
5.1798e-02
5.3492e-02
5.5966e-02
6.2787e-02
7.2973e-02
8.1587e-02
8.4603e-02
8.1989e-02
7.6450e-02
7.0654e-02
6.4585e-02
5.7037e-02
4.7368e-02
3.6426e-02
2.5292e-02
1.5212e-02
4.7595e-03
-9.1163e-03
-2.7669e-02
-4.7399e-02
-6.5400e-02
-7.9936e-02
-9.0341e-02
-9.7843e-02
-1.0362e-01
-1.0899e-01
-1.1411e-01
-1.1850e-01
-1.1995e-01
-1.1373e-01
-9.3806e-02
-6.0062e-02
-2.0981e-02
1.5766e-02
4.6747e-02
7.0954e-02
8.8614e-02
1.0050e-01
1.0696e-01
1.0684e-01
9.8941e-02
8.4772e-02
6.9582e-02
5.7588e-02
4.8338e-02
3.8593e-02
2.5052e-02
6.3863e-03
-1.3371e-02
-2.8417e-02
-3.6560e-02
-4.0444e-02
-4.3498e-02
-4.6633e-02
-4.7252e-02
-4.2489e-02
-3.1443e-02
-1.6152e-02
-3.8631e-04
1.2788e-02
2.2246e-02
2.8180e-02
3.0365e-02
2.6893e-02
1.4058e-02
-8.0149e-03
-3.5761e-02
-6.2485e-02
-8.2420e-02
-9.4037e-02
-9.9165e-02
-9.8802e-02
-8.9722e-02
-6.6456e-02
-2.6682e-02
2.4158e-02
7.4815e-02
1.1494e-01
1.4105e-01
1.5621e-01
1.6397e-01
1.6528e-01
1.5839e-01
1.3812e-01
9.8876e-02
4.0252e-02
-2.9630e-02
-9.8163e-02
-1.5355e-01
-1.9001e-01
-2.0924e-01
-2.1576e-01
-2.1260e-01
-2.0301e-01
-1.9012e-01
-1.7659e-01
-1.6356e-01
-1.4975e-01
-1.3219e-01
-1.0847e-01
-7.9030e-02
-4.7575e-02
-1.6184e-02
1.7105e-02
5.6351e-02
1.0355e-01
1.5386e-01
1.9824e-01
2.3189e-01
2.5386e-01
2.6369e-01
2.5933e-01
2.3640e-01
1.9306e-01
1.3726e-01
8.2364e-02
3.7582e-02
5.5811e-03
-1.5613e-02
-2.9765e-02
-4.1766e-02
-5.6603e-02
-7.8927e-02
-1.0938e-01
-1.4372e-01
-1.7581e-01
-2.0057e-01
-2.1775e-01
-2.3022e-01
-2.3818e-01
-2.3842e-01
-2.2567e-01
-1.9315e-01
-1.3951e-01
-7.3901e-02
-1.0225e-02
4.4836e-02
9.2674e-02
1.3464e-01
1.6711e-01
1.8453e-01
1.8170e-01
1.5623e-01
1.1070e-01
5.6692e-02
9.0736e-03
-2.3540e-02
-4.0090e-02
-4.3406e-02
-3.7684e-02
-2.5433e-02
-7.5845e-03
1.6767e-02
4.7594e-02
8.0336e-02
1.0924e-01
1.2858e-01
1.3458e-01
1.2824e-01
1.1377e-01
9.2604e-02
6.4227e-02
3.0354e-02
-4.5305e-03
-3.4754e-02
-5.7833e-02
-7.5591e-02
-8.9176e-02
-9.9357e-02
-1.0566e-01
-1.0438e-01
-9.1888e-02
-6.9432e-02
-4.3024e-02
-2.0455e-02
-7.1120e-03
-3.3991e-03
-4.3546e-03
-2.0427e-03
8.1478e-03
2.4863e-02
4.3108e-02
5.7475e-02
6.6893e-02
7.3044e-02
7.6253e-02
7.3563e-02
5.9078e-02
2.9273e-02
-1.0722e-02
-4.8500e-02
-7.3962e-02
-8.5567e-02
-8.6276e-02
-7.2193e-02
-4.0959e-02
1.5769e-03
4.5963e-02
8.4006e-02
1.1212e-01
1.3031e-01
1.3884e-01
1.3816e-01
1.2716e-01
1.0575e-01
7.7729e-02
4.5873e-02
1.1654e-02
-2.3563e-02
-5.8856e-02
-9.1084e-02
-1.1616e-01
-1.3263e-01
-1.4096e-01
-1.4071e-01
-1.3060e-01
-1.0921e-01
-7.5864e-02
-3.3791e-02
9.9849e-03
4.8669e-02
7.9506e-02
1.0336e-01
1.2203e-01
1.3483e-01
1.4065e-01
1.3975e-01
1.3211e-01
1.1737e-01
9.4555e-02
6.5367e-02
3.4682e-02
6.5695e-03
-1.6251e-02
-3.3553e-02
-4.7109e-02
-5.9510e-02
-7.1548e-02
-8.0325e-02
-8.3086e-02
-8.0206e-02
-7.4961e-02
-7.1383e-02
-7.0288e-02
-6.9391e-02
-6.4312e-02
-5.2822e-02
-3.7094e-02
-2.1197e-02
-1.0407e-02
-6.1582e-03
-5.1592e-03
-4.4327e-03
-3.0716e-03
-2.6312e-03
-4.8289e-03
-9.9541e-03
-1.6121e-02
-1.9320e-02
-1.6847e-02
-9.8368e-03
-4.6472e-05
1.1152e-02
2.1370e-02
2.7798e-02
2.9746e-02
2.8356e-02
2.3462e-02
1.5336e-02
6.0980e-03
-1.9490e-03
-7.7081e-03
-1.2068e-02
-1.5283e-02
-1.6603e-02
-1.5816e-02
-1.2407e-02
-5.9389e-03
3.3890e-03
1.2781e-02
1.9466e-02
2.2015e-02
1.9919e-02
1.2885e-02
9.8130e-04
-1.3435e-02
-2.5116e-02
-2.9127e-02
-2.3237e-02
-9.0936e-03
8.9817e-03
2.4860e-02
3.3335e-02
3.3955e-02
2.8097e-02
1.6908e-02
3.5717e-03
-6.2540e-03
-7.5651e-03
-4.7763e-05
1.2502e-02
2.4092e-02
3.0376e-02
3.0826e-02
2.8723e-02
2.8228e-02
3.1395e-02
3.6918e-02
4.0177e-02
3.6839e-02
2.5097e-02
8.2281e-03
-7.7113e-03
-2.0597e-02
-3.0296e-02
-3.6319e-02
-3.6710e-02
-3.0989e-02
-2.2521e-02
-1.3929e-02
-6.9922e-03
-3.0051e-03
-2.5451e-03
-5.0921e-03
-9.1923e-03
-1.2659e-02
-1.2865e-02
-7.4923e-03
2.1731e-03
1.2344e-02
1.9130e-02
2.1758e-02
2.2672e-02
2.3836e-02
2.3753e-02
1.9347e-02
8.7549e-03
-7.5719e-03
-2.7070e-02
-4.5112e-02
-5.6768e-02
-5.8126e-02
-4.7402e-02
-2.7005e-02
-2.7318e-03
1.8631e-02
3.3155e-02
4.1801e-02
4.6983e-02
4.8853e-02
4.3724e-02
2.7282e-02
2.9831e-04
-2.9988e-02
-5.5218e-02
-6.9703e-02
-7.3419e-02
-6.8739e-02
-5.6761e-02
-3.9771e-02
-2.1209e-02
-5.6265e-03
4.9303e-03
1.1630e-02
1.6580e-02
2.2766e-02
3.1054e-02
4.2082e-02
5.5201e-02
6.8295e-02
7.9627e-02
8.9100e-02
9.7403e-02
1.0426e-01
1.0815e-01
1.0654e-01
9.5935e-02
7.2102e-02
3.7906e-02
3.0737e-03
-2.3935e-02
-4.0524e-02
-4.7396e-02
-4.7617e-02
-4.5110e-02
-4.2876e-02
-4.2790e-02
-4.5495e-02
-5.0334e-02
-5.4887e-02
-5.6750e-02
-5.6869e-02
-5.6626e-02
-5.5463e-02
-5.2246e-02
-4.7607e-02
-4.2701e-02
-3.8598e-02
-3.6392e-02
-3.6412e-02
-3.7829e-02
-3.9666e-02
-4.1432e-02
-4.2191e-02
-4.2277e-02
-4.0650e-02
-3.6540e-02
-2.9838e-02
-2.0113e-02
-7.4931e-03
6.2716e-03
1.8929e-02
2.9052e-02
3.6720e-02
4.2234e-02
4.5966e-02
4.7031e-02
4.3398e-02
3.2914e-02
1.6436e-02
-1.7409e-03
-1.6183e-02
-2.5111e-02
-3.0228e-02
-3.3812e-02
-3.6220e-02
-3.6556e-02
-3.3737e-02
-2.7544e-02
-1.9994e-02
-1.4576e-02
-1.4721e-02
-2.0110e-02
-2.6837e-02
-3.1855e-02
-3.4809e-02
-3.5979e-02
-3.4380e-02
-2.9084e-02
-2.0256e-02
-1.0460e-02
-2.9173e-03
2.0967e-03
6.1767e-03
1.0353e-02
1.4848e-02
1.9891e-02
2.5790e-02
3.2496e-02
4.0539e-02
5.0133e-02
5.9405e-02
6.6928e-02
7.2293e-02
7.5464e-02
7.7724e-02
7.9904e-02
8.1161e-02
7.9995e-02
7.5874e-02
6.7939e-02
5.4918e-02
3.7758e-02
1.9215e-02
1.9395e-03
-1.1891e-02
-2.1122e-02
-2.4924e-02
-2.2459e-02
-1.4699e-02
-4.4859e-03
5.2601e-03
1.1801e-02
1.3798e-02
1.0581e-02
4.5464e-03
-1.0513e-03
-4.9751e-03
-7.0338e-03
-8.0840e-03
-9.0649e-03
-9.5436e-03
-9.2115e-03
-8.3007e-03
-6.9783e-03
-4.3202e-03
-8.0649e-04
8.5221e-04
-8.7639e-04
-4.2818e-03
-6.7489e-03
-8.5140e-03
-1.1586e-02
-1.5972e-02
-2.0705e-02
-2.5295e-02
-2.9662e-02
-3.3960e-02
-3.8471e-02
-4.3605e-02
-4.8916e-02
-5.2729e-02
-5.3651e-02
-5.0175e-02
-4.2077e-02
-3.0611e-02
-1.8469e-02
-6.8520e-03
4.1171e-03
1.3806e-02
2.2209e-02
3.1216e-02
4.1292e-02
5.0237e-02
5.5880e-02
5.6755e-02
5.1534e-02
4.0350e-02
2.4701e-02
8.5705e-03
-5.3023e-03
-1.6522e-02
-2.5266e-02
-3.1309e-02
-3.4363e-02
-3.4939e-02
-3.2899e-02
-2.7683e-02
-2.1233e-02
-1.5801e-02
-1.2038e-02
-9.6783e-03
-7.2082e-03
-2.8370e-03
3.7646e-03
1.1098e-02
1.6410e-02
1.7285e-02
1.4564e-02
1.1377e-02
1.0388e-02
1.0757e-02
9.4672e-03
4.4130e-03
-2.9406e-03
-9.7852e-03
-1.3373e-02
-1.2263e-02
-7.4839e-03
-3.7734e-04
8.1308e-03
1.7150e-02
2.6217e-02
3.4867e-02
4.2080e-02
4.6327e-02
4.5651e-02
3.9247e-02
2.9235e-02
1.8726e-02
9.1284e-03
7.6679e-04
-7.1775e-03
-1.4377e-02
-1.9550e-02
-2.1929e-02
-2.2428e-02
-2.1107e-02
-1.8103e-02
-1.3901e-02
-9.9113e-03
-7.6551e-03
-7.0519e-03
-7.0019e-03
-7.4716e-03
-1.0029e-02
-1.5967e-02
-2.5070e-02
-3.6370e-02
-4.8508e-02
-5.9216e-02
-6.6130e-02
-7.0056e-02
-7.1686e-02
-7.0347e-02
-6.4923e-02
-5.4119e-02
-3.8599e-02
-2.1041e-02
-4.4245e-03
9.3463e-03
1.9784e-02
2.9165e-02
3.9026e-02
4.8171e-02
5.5223e-02
5.9722e-02
6.1499e-02
6.0423e-02
5.6322e-02
4.8548e-02
3.8356e-02
2.7133e-02
1.5128e-02
4.1021e-03
-4.4051e-03
-1.1052e-02
-1.7500e-02
-2.3232e-02
-2.7608e-02
-2.9483e-02
-2.7345e-02
-2.0670e-02
-1.0231e-02
2.6183e-03
1.6441e-02
2.8547e-02
3.7235e-02
4.1717e-02
4.1779e-02
3.7698e-02
2.9903e-02
1.9325e-02
8.8342e-03
1.3621e-03
-2.4426e-03
-3.7782e-03
-4.5476e-03
-5.1097e-03
-5.3869e-03
-4.6835e-03
-1.6150e-03
4.8270e-03
1.5242e-02
2.6964e-02
3.6205e-02
4.1439e-02
4.1511e-02
3.6808e-02
2.9774e-02
2.2734e-02
1.5440e-02
7.8414e-03
-3.0140e-06
-7.6188e-03
-1.4703e-02
-1.9875e-02
-2.1018e-02
-1.8101e-02
-1.2623e-02
-6.3577e-03
2.2544e-04
7.0513e-03
1.5174e-02
2.3346e-02
2.8487e-02
2.8610e-02
2.3132e-02
1.3244e-02
2.0983e-03
-8.3005e-03
-1.7675e-02
-2.5543e-02
-3.2322e-02
-3.7804e-02
-4.1175e-02
-4.2851e-02
-4.3361e-02
-4.2864e-02
-4.0737e-02
-3.6368e-02
-2.9630e-02
-2.0693e-02
-9.9802e-03
2.1090e-03
1.5199e-02
2.7617e-02
3.7438e-02
4.4348e-02
4.8030e-02
4.7251e-02
4.0754e-02
2.7743e-02
1.1435e-02
-2.6326e-03
-1.1807e-02
-1.6982e-02
-2.0028e-02
-2.1628e-02
-2.1736e-02
-1.9495e-02
-1.5437e-02
-1.0155e-02
-4.9432e-03
-3.8842e-04
3.3738e-03
6.2353e-03
8.6464e-03
1.0338e-02
9.9731e-03
6.8230e-03
1.2165e-03
-6.9329e-03
-1.7255e-02
-2.8589e-02
-3.8525e-02
-4.6220e-02
-5.1210e-02
-5.1849e-02
-4.7694e-02
-3.9464e-02
-2.7617e-02
-1.2945e-02
7.9688e-04
1.1902e-02
2.1173e-02
2.8206e-02
3.2865e-02
3.5637e-02
3.6597e-02
3.5341e-02
3.2559e-02
2.9191e-02
2.5662e-02
2.1117e-02
1.5678e-02
1.0638e-02
6.0131e-03
9.5329e-04
-4.5877e-03
-9.2161e-03
-1.2239e-02
-1.3913e-02
-1.3959e-02
-1.2129e-02
-8.4804e-03
-3.8334e-03
-3.5534e-04
1.4143e-03
2.2443e-03
3.1268e-03
4.3054e-03
6.1140e-03
7.9334e-03
8.7348e-03
8.1354e-03
5.7967e-03
2.2604e-03
-1.3560e-03
-4.6080e-03
-6.7913e-03
-8.2223e-03
-9.5190e-03
-9.0892e-03
-5.1107e-03
2.0250e-03
9.8203e-03
1.4949e-02
1.6159e-02
1.3457e-02
7.0511e-03
-5.3576e-04
-7.7074e-03
-1.4157e-02
-1.9484e-02
-2.4109e-02
-2.9696e-02
-3.5665e-02
-4.0385e-02
-4.3911e-02
-4.6845e-02
-4.8194e-02
-4.6582e-02
-4.0811e-02
-3.2137e-02
-2.3137e-02
-1.5518e-02
-1.0046e-02
-7.3719e-03
-6.8540e-03
-7.4788e-03
-9.1963e-03
-1.2209e-02
-1.6403e-02
-2.0290e-02
-2.2077e-02
-2.2086e-02
-2.2004e-02
-2.1461e-02
-1.9493e-02
-1.4776e-02
-7.4992e-03
2.4453e-03
1.4915e-02
2.7880e-02
3.9471e-02
4.9643e-02
5.8473e-02
6.4732e-02
6.8317e-02
6.9208e-02
6.7357e-02
6.2924e-02
5.7334e-02
5.0567e-02
4.2032e-02
3.2094e-02
2.2335e-02
1.5523e-02
1.2262e-02
1.0603e-02
8.7294e-03
5.6585e-03
1.4231e-03
-2.0470e-03
-2.7320e-03
-1.0504e-03
1.4663e-03
4.4551e-03
8.3025e-03
1.2644e-02
1.6825e-02
2.0621e-02
2.3585e-02
2.3562e-02
1.9539e-02
1.3060e-02
6.5393e-03
1.2703e-03
-3.0574e-03
-6.6915e-03
-9.8144e-03
-1.3509e-02
-1.8665e-02
-2.5706e-02
-3.3208e-02
-3.8456e-02
-4.0472e-02
-3.9892e-02
-3.7225e-02
-3.1729e-02
-2.5169e-02
-2.0890e-02
-2.0985e-02
-2.4702e-02
-2.9110e-02
-3.2192e-02
-3.3825e-02
-3.4303e-02
-3.3777e-02
-3.1677e-02
-2.7432e-02
-2.0766e-02
-1.1517e-02
-1.4101e-05
1.2006e-02
2.1991e-02
2.8989e-02
3.2644e-02
3.2409e-02
2.9053e-02
2.4409e-02
1.9004e-02
1.2301e-02
5.1182e-03
-1.1120e-03
-6.8191e-03
-1.2479e-02
-1.7748e-02
-2.0779e-02
-2.0322e-02
-1.6281e-02
-9.7871e-03
-2.1198e-03
5.8255e-03
1.2664e-02
1.7867e-02
2.1611e-02
2.3660e-02
2.4321e-02
2.4690e-02
2.4974e-02
2.4656e-02
2.4762e-02
2.5161e-02
2.4335e-02
2.2327e-02
1.9279e-02
1.4660e-02
9.0077e-03
3.8298e-03
-2.8138e-04
-3.5124e-03
-6.1216e-03
-7.8342e-03
-9.4653e-03
-1.1098e-02
-1.2382e-02
-1.3386e-02
-1.3451e-02
-1.2671e-02
-1.1437e-02
-8.4677e-03
-3.4051e-03
1.8368e-03
5.9260e-03
8.7220e-03
1.0919e-02
1.2590e-02
1.2857e-02
1.1243e-02
7.6143e-03
2.2344e-03
-3.0209e-03
-6.4751e-03
-7.5602e-03
-7.4556e-03
-7.1137e-03
-6.4256e-03
-5.5202e-03
-5.4428e-03
-5.9248e-03
-6.0185e-03
-6.4195e-03
-7.3869e-03
-9.6816e-03
-1.3279e-02
-1.6991e-02
-1.9442e-02
-1.8943e-02
-1.5663e-02
-1.0327e-02
-3.7308e-03
3.7239e-03
1.0003e-02
1.3610e-02
1.5058e-02
1.4784e-02
1.3566e-02
1.2372e-02
1.1233e-02
1.0173e-02
8.9646e-03
7.8465e-03
6.9143e-03
6.3822e-03
5.2426e-03
2.6374e-03
-3.9851e-04
-3.4569e-03
-6.1811e-03
-7.4873e-03
-7.5858e-03
-6.3694e-03
-3.1248e-03
1.8672e-03
8.3329e-03
1.5866e-02
2.3374e-02
2.9054e-02
3.2352e-02
3.3521e-02
3.3609e-02
3.2351e-02
2.8362e-02
2.2113e-02
1.5635e-02
1.0373e-02
6.3961e-03
3.6362e-03
2.1552e-03
2.2677e-03
3.0425e-03
2.8092e-03
1.1272e-03
-2.4549e-03
-7.0680e-03
-1.1307e-02
-1.4304e-02
-1.5820e-02
-1.5593e-02
-1.4321e-02
-1.3598e-02
-1.4068e-02
-1.5688e-02
-1.7963e-02
-2.0996e-02
-2.4813e-02
-2.7896e-02
-2.7882e-02
-2.3294e-02
-1.6335e-02
-9.3866e-03
-2.7523e-03
4.6161e-03
1.3541e-02
2.2552e-02
2.9594e-02
3.5222e-02
3.9617e-02
4.2188e-02
4.1982e-02
3.7598e-02
2.8318e-02
1.5002e-02
4.9298e-04
-1.2227e-02
-2.2275e-02
-2.9457e-02
-3.4442e-02
-3.7593e-02
-3.8527e-02
-3.7963e-02
-3.7177e-02
-3.6954e-02
-3.6616e-02
-3.6449e-02
-3.5889e-02
-3.3191e-02
-2.7731e-02
-2.0705e-02
-1.2991e-02
-5.1443e-03
1.4687e-03
6.5263e-03
1.1028e-02
1.5494e-02
1.8990e-02
2.0230e-02
1.9194e-02
1.6272e-02
1.2062e-02
6.3701e-03
2.8468e-04
-4.9925e-03
-9.6715e-03
-1.3678e-02
-1.5884e-02
-1.5312e-02
-1.2458e-02
-9.1927e-03
-6.0815e-03
-3.5123e-03
-2.5638e-03
-2.4954e-03
-1.8986e-03
-7.4468e-04
-7.3535e-04
-2.7622e-03
-5.6984e-03
-8.3391e-03
-1.1156e-02
-1.3343e-02
-1.4135e-02
-1.3595e-02
-1.1395e-02
-7.4385e-03
-2.0255e-03
4.3337e-03
9.9277e-03
1.3378e-02
1.5590e-02
1.7610e-02
1.9270e-02
1.9981e-02
1.9921e-02
1.9264e-02
1.8157e-02
1.7030e-02
1.5481e-02
1.3333e-02
1.0337e-02
6.3453e-03
2.4182e-03
-4.7185e-04
-2.7133e-03
-4.8613e-03
-6.6780e-03
-7.4567e-03
-6.7831e-03
-4.3341e-03
-1.1503e-03
8.0065e-04
5.9157e-04
-2.2611e-03
-5.7040e-03
-8.3175e-03
-1.1112e-02
-1.3798e-02
-1.5607e-02
-1.6150e-02
-1.5910e-02
-1.5657e-02
-1.6244e-02
-1.8434e-02
-2.1770e-02
-2.5345e-02
-2.9382e-02
-3.3467e-02
-3.6547e-02
-3.7656e-02
-3.5879e-02
-3.1930e-02
-2.7250e-02
-2.2112e-02
-1.6080e-02
-9.3662e-03
-2.3931e-03
4.4443e-03
1.0165e-02
1.3735e-02
1.5021e-02
1.3677e-02
9.5441e-03
3.2068e-03
-3.0913e-03
-8.4550e-03
-1.2649e-02
-1.5512e-02
-1.5059e-02
-1.0179e-02
-2.0163e-03
8.4775e-03
1.9859e-02
3.0768e-02
4.0347e-02
4.8158e-02
5.3780e-02
5.7608e-02
5.9452e-02
5.9090e-02
5.6207e-02
4.9486e-02
3.9905e-02
2.8832e-02
1.7299e-02
6.4379e-03
-2.1921e-03
-7.3573e-03
-8.8545e-03
-6.9301e-03
-2.8328e-03
1.9885e-03
6.7976e-03
1.0837e-02
1.2675e-02
1.1523e-02
7.8903e-03
2.6361e-03
-2.5947e-03
-7.1990e-03
-1.1109e-02
-1.4005e-02
-1.5706e-02
-1.5663e-02
-1.3900e-02
-1.1074e-02
-7.6875e-03
-3.8174e-03
1.2134e-03
7.0374e-03
1.3023e-02
1.7581e-02
1.9263e-02
1.8125e-02
1.5691e-02
1.2637e-02
8.6753e-03
4.2540e-03
2.0577e-04
-3.1864e-03
-6.3696e-03
-9.2145e-03
-1.2073e-02
-1.4843e-02
-1.6637e-02
-1.7726e-02
-1.8104e-02
-1.8102e-02
-1.8166e-02
-1.8250e-02
-1.7734e-02
-1.6012e-02
-1.3548e-02
-1.1205e-02
-9.7221e-03
-8.9045e-03
-6.9161e-03
-2.3209e-03
4.6902e-03
1.1905e-02
1.6726e-02
1.8743e-02
1.7924e-02
1.6090e-02
1.4669e-02
1.3462e-02
1.2821e-02
1.3328e-02
1.5716e-02
1.9749e-02
2.3875e-02
2.6871e-02
2.8664e-02
2.9219e-02
2.8148e-02
2.4797e-02
1.9559e-02
1.3140e-02
6.8222e-03
1.6982e-03
-2.1590e-03
-4.9383e-03
-7.0973e-03
-8.5882e-03
-9.2172e-03
-9.8006e-03
-1.0762e-02
-1.1361e-02
-1.1526e-02
-1.1542e-02
-1.1068e-02
-9.4158e-03
-6.2228e-03
-1.6345e-03
3.7249e-03
1.0002e-02
1.5526e-02
1.9549e-02
2.2515e-02
2.5171e-02
2.6757e-02
2.5942e-02
2.4137e-02
2.1491e-02
1.8084e-02
1.5184e-02
1.3521e-02
1.3116e-02
1.3070e-02
1.2589e-02
1.2085e-02
1.2549e-02
1.3210e-02
1.3401e-02
1.2799e-02
1.1202e-02
9.0073e-03
6.0974e-03
1.7888e-03
-3.7235e-03
-1.0023e-02
-1.7497e-02
-2.5429e-02
-3.2793e-02
-3.8457e-02
-4.2856e-02
-4.6581e-02
-4.9568e-02
-5.1896e-02
-5.2873e-02
-5.1773e-02
-4.9583e-02
-4.7183e-02
-4.4000e-02
-3.9182e-02
-3.2830e-02
-2.4759e-02
-1.6258e-02
-8.8558e-03
-2.7469e-03
2.3861e-03
6.9649e-03
1.0208e-02
1.0803e-02
9.5342e-03
8.0895e-03
6.9786e-03
6.4598e-03
5.9150e-03
4.9396e-03
4.2039e-03
3.6156e-03
3.1750e-03
3.1917e-03
2.7652e-03
1.7839e-03
-9.0546e-05
-2.9244e-03
-6.1546e-03
-8.9895e-03
-1.2024e-02
-1.5930e-02
-1.9366e-02
-2.0734e-02
-2.0233e-02
-1.8340e-02
-1.5292e-02
-1.1277e-02
-7.3693e-03
-4.5176e-03
-2.2717e-03
-1.9430e-05
2.1342e-03
3.3465e-03
3.3847e-03
3.2154e-03
2.6564e-03
2.1231e-03
1.4287e-03
3.6600e-04
-2.4260e-04
-2.6184e-05
1.0606e-03
3.4745e-03
8.0402e-03
1.3254e-02
1.7572e-02
2.0324e-02
2.1337e-02
2.0796e-02
1.9610e-02
1.7638e-02
1.4815e-02
1.2074e-02
1.0738e-02
1.0156e-02
9.7640e-03
1.0250e-02
1.1416e-02
1.3260e-02
1.5047e-02
1.5807e-02
1.5306e-02
1.3409e-02
1.0397e-02
7.0341e-03
4.6956e-03
3.4143e-03
2.3939e-03
2.0416e-03
2.6253e-03
3.3769e-03
2.9319e-03
1.1505e-03
-1.7942e-03
-4.6250e-03
-6.9085e-03
-9.1297e-03
-1.1788e-02
-1.4665e-02
-1.7094e-02
-1.9299e-02
-2.0436e-02
-2.0596e-02
-1.9976e-02
-1.8174e-02
-1.5256e-02
-1.1858e-02
-9.1054e-03
-6.8621e-03
-4.1305e-03
-3.7620e-04
3.6373e-03
7.3580e-03
1.0887e-02
1.3058e-02
1.2641e-02
9.8632e-03
6.0550e-03
1.3484e-03
-3.4929e-03
-7.0440e-03
-9.9574e-03
-1.2936e-02
-1.5201e-02
-1.7021e-02
-1.9229e-02
-2.0981e-02
-2.1735e-02
-2.0773e-02
-1.8324e-02
-1.4518e-02
-9.9904e-03
-7.1429e-03
-6.4788e-03
-6.6601e-03
-6.8526e-03
-7.3302e-03
-8.4361e-03
-9.7877e-03
-1.1025e-02
-1.0997e-02
-9.3307e-03
-6.9515e-03
-4.5954e-03
-2.3783e-03
-1.1952e-04
2.2187e-03
4.3154e-03
5.5030e-03
5.8414e-03
6.2488e-03
5.4065e-03
2.7194e-03
2.9328e-04
-5.7499e-04
-3.6816e-04
4.2811e-04
1.4752e-03
2.1047e-03
2.6983e-03
3.6409e-03
4.3405e-03
4.9688e-03
5.5135e-03
5.4527e-03
5.2741e-03
5.1568e-03
6.3456e-03
9.0259e-03
1.2455e-02
1.5994e-02
2.0004e-02
2.4071e-02
2.7079e-02
2.8194e-02
2.6944e-02
2.4431e-02
2.1923e-02
2.0249e-02
1.9759e-02
1.9842e-02
1.9916e-02
1.9899e-02
1.9961e-02
2.0124e-02
1.9986e-02
1.8781e-02
1.6729e-02
1.5502e-02
1.4674e-02
1.3157e-02
1.1640e-02
1.1004e-02
1.0476e-02
8.9478e-03
6.6113e-03
4.1564e-03
2.3344e-03
1.7277e-03
2.3496e-03
4.1166e-03
6.5016e-03
8.9766e-03
1.1101e-02
1.2191e-02
1.2333e-02
1.2728e-02
1.2716e-02
1.1809e-02
1.0477e-02
8.6156e-03
6.9400e-03
6.3482e-03
6.5446e-03
6.7310e-03
6.0805e-03
4.2970e-03
2.5068e-03
1.8374e-03
2.0195e-03
2.2578e-03
1.7366e-03
-2.2023e-05
-2.4300e-03
-4.6954e-03
-6.3178e-03
-7.5185e-03
-9.1688e-03
-1.0825e-02
-1.1536e-02
-1.1429e-02
-1.0844e-02
-1.0262e-02
-1.0058e-02
-9.4819e-03
-9.2103e-03
-9.7589e-03
-1.0231e-02
-9.2233e-03
-7.5699e-03
-6.6380e-03
-6.4272e-03
-7.0715e-03
-9.3874e-03
-1.3427e-02
-1.8057e-02
-2.2079e-02
-2.5004e-02
-2.7299e-02
-2.8880e-02
-2.8889e-02
-2.7264e-02
-2.4864e-02
-2.2042e-02
-1.8742e-02
-1.5147e-02
-1.1105e-02
-7.7747e-03
-6.4602e-03
-6.5399e-03
-7.3701e-03
-8.9362e-03
-1.0719e-02
-1.2663e-02
-1.4871e-02
-1.5877e-02
-1.5469e-02
-1.4756e-02
-1.4580e-02
-1.4163e-02
-1.3647e-02
-1.2938e-02
-1.1961e-02
-1.1403e-02
-1.0811e-02
-9.3697e-03
-7.1679e-03
-4.1947e-03
-2.7242e-04
3.8213e-03
7.3594e-03
1.0079e-02
1.1251e-02
1.1354e-02
1.0679e-02
8.7854e-03
5.8603e-03
3.0422e-03
1.8352e-03
1.7344e-03
1.8287e-03
2.3945e-03
4.2053e-03
7.1007e-03
9.8741e-03
1.1132e-02
1.1753e-02
1.2701e-02
1.3255e-02
1.2840e-02
1.1627e-02
1.0327e-02
9.1484e-03
8.6002e-03
8.6153e-03
8.8242e-03
8.9339e-03
8.3528e-03
6.6279e-03
4.2887e-03
2.2739e-03
1.1508e-03
1.2787e-03
2.9668e-03
4.7870e-03
6.5393e-03
8.1829e-03
9.5670e-03
1.0716e-02
1.0238e-02
7.4792e-03
3.3273e-03
-1.7531e-03
-6.7963e-03
-1.1968e-02
-1.7660e-02
-2.2895e-02
-2.6423e-02
-2.7104e-02
-2.5012e-02
-2.0452e-02
-1.3057e-02
-2.7669e-03
8.9119e-03
1.9944e-02
2.8350e-02
3.3277e-02
3.5887e-02
3.7530e-02
3.8161e-02
3.6669e-02
3.1882e-02
2.4413e-02
1.4784e-02
3.9369e-03
-5.5634e-03
-1.1883e-02
-1.6377e-02
-2.0188e-02
-2.2429e-02
-2.1860e-02
-1.8544e-02
-1.4347e-02
-1.0139e-02
-5.5932e-03
-1.6023e-03
1.2479e-03
2.2440e-03
2.0812e-03
1.9140e-03
2.4306e-03
3.6142e-03
4.7711e-03
5.8916e-03
7.0221e-03
8.6441e-03
1.0383e-02
1.1739e-02
1.2762e-02
1.2717e-02
1.1713e-02
1.0554e-02
8.8509e-03
6.1374e-03
2.2641e-03
-2.3024e-03
-7.3942e-03
-1.3000e-02
-1.8683e-02
-2.4361e-02
-2.9408e-02
-3.3459e-02
-3.6338e-02
-3.7956e-02
-3.7865e-02
-3.6210e-02
-3.3894e-02
-3.1343e-02
-2.8470e-02
-2.5859e-02
-2.4673e-02
-2.4025e-02
-2.2728e-02
-2.1164e-02
-1.9341e-02
-1.6125e-02
-1.1706e-02
-6.4931e-03
-6.8259e-04
5.0224e-03
9.9780e-03
1.3330e-02
1.5767e-02
1.7940e-02
1.8967e-02
1.7829e-02
1.5524e-02
1.3569e-02
1.2399e-02
1.1467e-02
1.0822e-02
1.0198e-02
9.8203e-03
1.0407e-02
1.0906e-02
1.0474e-02
9.4021e-03
8.6392e-03
7.9789e-03
7.0742e-03
6.4994e-03
5.9143e-03
4.8552e-03
3.6263e-03
2.3799e-03
1.8095e-03
2.2558e-03
3.5533e-03
5.3550e-03
7.5206e-03
9.1811e-03
1.0906e-02
1.3132e-02
1.5523e-02
1.7323e-02
1.7794e-02
1.7110e-02
1.6015e-02
1.5458e-02
1.4835e-02
1.3185e-02
1.0946e-02
9.1591e-03
8.1018e-03
7.0056e-03
5.3933e-03
3.1885e-03
1.3866e-03
-3.1703e-04
-1.9783e-03
-3.3142e-03
-4.3030e-03
-4.1027e-03
-3.0889e-03
-2.9666e-03
-3.9082e-03
-4.7272e-03
-5.4197e-03
-6.2874e-03
-6.8817e-03
-7.6205e-03
-8.7494e-03
-9.2827e-03
-8.7253e-03
-7.5431e-03
-6.8636e-03
-6.7867e-03
-6.8785e-03
-7.0072e-03
-7.1603e-03
-7.0636e-03
-5.9526e-03
-3.7894e-03
-1.8517e-03
-2.7147e-05
1.4686e-03
2.0647e-03
2.1651e-03
2.1281e-03
1.5583e-03
-1.0083e-04
-2.4442e-03
-4.8085e-03
-6.6291e-03
-7.6955e-03
-8.1261e-03
-7.6987e-03
-7.1811e-03
-6.3453e-03
-4.5954e-03
-2.9376e-03
-2.7846e-03
-3.9593e-03
-5.3155e-03
-6.5144e-03
-7.1303e-03
-7.2413e-03
-6.6539e-03
-4.8220e-03
-1.9523e-03
9.2966e-04
2.6800e-03
3.8318e-03
4.8285e-03
5.8144e-03
6.3486e-03
6.9562e-03
8.4654e-03
1.0640e-02
1.3159e-02
1.6068e-02
1.8813e-02
2.0131e-02
2.0273e-02
1.9481e-02
1.7219e-02
1.3824e-02
1.0294e-02
6.8872e-03
4.0350e-03
1.6944e-03
3.6485e-05
-4.0562e-04
2.3756e-04
1.2876e-03
1.8445e-03
2.5360e-03
4.2793e-03
6.3950e-03
7.5264e-03
7.6631e-03
8.6365e-03
1.0281e-02
1.1522e-02
1.2092e-02
1.2079e-02
1.2542e-02
1.3079e-02
1.3306e-02
1.3206e-02
1.2558e-02
1.1513e-02
1.0860e-02
1.0319e-02
9.3906e-03
8.2155e-03
6.4089e-03
4.2388e-03
2.4393e-03
1.2074e-03
1.6485e-04
-3.0027e-04
-2.5111e-04
-1.9857e-04
-6.8703e-04
-1.8326e-03
-3.1184e-03
-4.6317e-03
-6.0856e-03
-7.9063e-03
-1.1420e-02
-1.5880e-02
-1.9392e-02
-2.1208e-02
-2.2660e-02
-2.4181e-02
-2.5496e-02
-2.6642e-02
-2.7019e-02
-2.6605e-02
-2.6143e-02
-2.5992e-02
-2.4760e-02
-2.2585e-02
-2.0869e-02
-2.0297e-02
-1.9834e-02
-1.8288e-02
-1.5949e-02
-1.3594e-02
-1.1829e-02
-1.0671e-02
-9.6594e-03
-9.1540e-03
-9.1105e-03
-9.1724e-03
-9.1921e-03
-9.1722e-03
-9.1927e-03
-9.2566e-03
-9.2134e-03
-8.7046e-03
-7.6845e-03
-6.5293e-03
-4.7865e-03
-2.4605e-03
-8.0592e-05
1.5913e-03
2.0712e-03
2.0184e-03
2.3923e-03
3.4472e-03
4.7435e-03
6.4525e-03
8.1543e-03
9.4008e-03
1.0380e-02
1.0563e-02
1.0171e-02
9.3306e-03
6.8927e-03
4.1045e-03
2.7815e-03
3.3763e-03
4.6285e-03
5.8708e-03
7.0267e-03
8.6805e-03
1.0462e-02
1.1652e-02
1.2061e-02
1.1522e-02
1.1154e-02
1.1042e-02
9.8815e-03
7.0887e-03
4.2378e-03
2.4032e-03
1.2580e-03
-2.3828e-04
-1.8403e-03
-3.0330e-03
-4.1974e-03
-5.3754e-03
-6.5206e-03
-6.6802e-03
-5.5764e-03
-3.5826e-03
-7.5029e-04
1.4951e-03
2.7118e-03
3.7706e-03
4.8349e-03
5.8540e-03
6.3464e-03
6.9499e-03
8.5845e-03
1.0863e-02
1.2829e-02
1.3970e-02
1.4308e-02
1.3716e-02
1.3314e-02
1.3305e-02
1.2638e-02
1.0452e-02
7.7464e-03
5.9480e-03
4.1472e-03
1.4579e-03
-1.5015e-03
-3.2909e-03
-3.7259e-03
-3.0763e-03
-2.6472e-03
-2.5521e-03
-1.4691e-03
1.2517e-03
4.2330e-03
6.6538e-03
8.3920e-03
9.4924e-03
9.9956e-03
9.3579e-03
8.1553e-03
6.9493e-03
6.4208e-03
6.3900e-03
6.3449e-03
6.3405e-03
6.9970e-03
8.6855e-03
1.0386e-02
1.1133e-02
1.1243e-02
1.1053e-02
1.0001e-02
7.8472e-03
5.3832e-03
2.4153e-03
-2.4976e-04
-1.9779e-03
-3.1231e-03
-4.6031e-03
-6.2043e-03
-7.5819e-03
-9.2331e-03
-1.0685e-02
-1.1402e-02
-1.2151e-02
-1.3217e-02
-1.3203e-02
-1.1487e-02
-9.1131e-03
-7.3949e-03
-6.7232e-03
-6.1106e-03
-5.1858e-03
-5.1628e-03
-6.1806e-03
-7.0084e-03
-7.1912e-03
-6.5387e-03
-4.7878e-03
-2.4351e-03
-9.4397e-05
1.7195e-03
2.7984e-03
3.2251e-03
2.7593e-03
2.2145e-03
1.4777e-03
-6.9138e-05
-1.8423e-03
-3.2475e-03
-4.2645e-03
-4.1419e-03
-3.0875e-03
-2.3646e-03
-2.1475e-03
-2.1967e-03
-2.8682e-03
-4.5937e-03
-6.7681e-03
-8.5391e-03
-9.8728e-03
-1.1450e-02
-1.2514e-02
-1.2189e-02
-1.1115e-02
-9.2342e-03
-6.3410e-03
-2.8242e-03
7.4613e-05
1.7027e-03
2.1839e-03
2.6093e-03
3.6177e-03
4.7796e-03
6.0401e-03
7.2045e-03
8.2862e-03
8.7931e-03
8.8593e-03
8.9112e-03
8.8864e-03
8.2327e-03
6.6525e-03
5.0246e-03
3.7669e-03
2.0255e-03
-2.0757e-04
-1.9930e-03
-2.5717e-03
-2.3466e-03
-2.1587e-03
-2.8169e-03
-4.5884e-03
-6.3471e-03
-7.0219e-03
-6.9440e-03
-6.7734e-03
-6.7874e-03
-6.9244e-03
-6.8949e-03
-6.2694e-03
-5.1586e-03
-4.5195e-03
-4.4438e-03
-4.5363e-03
-4.6394e-03
-4.7226e-03
-4.6278e-03
-3.9811e-03
-2.9201e-03
-2.3829e-03
-2.2777e-03
-1.8110e-03
-8.0404e-04
-9.1082e-06
6.2556e-04
1.0026e-03
5.1694e-04
2.3213e-05
-2.0272e-04
-7.0651e-04
-1.5627e-03
-2.1782e-03
-3.0921e-03
-4.7782e-03
-5.7510e-03
-4.6768e-03
-2.9468e-03
-2.2607e-03
-2.3139e-03
-1.8366e-03
-1.9523e-04
1.6036e-03
2.4590e-03
2.4568e-03
1.6538e-03
-4.5594e-05
-1.8128e-03
-3.0206e-03
-3.9393e-03
-4.5040e-03
-5.2965e-03
-6.3882e-03
-6.3605e-03
-4.7258e-03
-2.7439e-03
-1.5079e-03
-1.1781e-03
-1.6871e-03
-1.6106e-03
-8.2866e-04
-7.7822e-04
-1.0586e-03
-8.6060e-05
1.4362e-03
2.2250e-03
2.7688e-03
3.7773e-03
5.0215e-03
6.2403e-03
6.6706e-03
6.2026e-03
5.6243e-03
5.5293e-03
4.9452e-03
3.8916e-03
2.7620e-03
2.1602e-03
1.6436e-03
6.2517e-04
-6.1019e-04
-1.9281e-03
-2.5452e-03
-1.9434e-03
-9.1684e-05
2.1683e-03
3.9082e-03
5.1160e-03
6.6524e-03
8.2848e-03
9.5407e-03
1.0659e-02
1.1311e-02
1.1435e-02
1.0732e-02
8.8316e-03
6.5584e-03
5.3790e-03
5.8263e-03
6.5767e-03
7.3035e-03
8.3121e-03
9.3729e-03
1.0627e-02
1.1876e-02
1.2918e-02
1.2902e-02
1.1988e-02
1.1202e-02
1.0014e-02
7.9738e-03
6.0987e-03
4.2363e-03
2.6797e-03
2.1124e-03
2.1776e-03
2.2785e-03
2.1553e-03
2.0367e-03
2.6661e-03
4.7451e-03
7.5784e-03
1.0264e-02
1.3255e-02
1.5315e-02
1.5199e-02
1.3566e-02
1.2414e-02
1.2232e-02
1.1129e-02
8.9760e-03
7.1991e-03
6.6948e-03
6.6804e-03
5.7113e-03
3.6191e-03
1.7755e-03
-7.4536e-05
-2.2660e-03
-4.4564e-03
-6.1099e-03
-7.2358e-03
-8.7986e-03
-1.0941e-02
-1.3359e-02
-1.5811e-02
-1.7923e-02
-1.8980e-02
-1.9086e-02
-1.9577e-02
-2.0015e-02
-1.9659e-02
-1.8548e-02
-1.7210e-02
-1.5535e-02
-1.3966e-02
-1.2761e-02
-1.1127e-02
-9.0237e-03
-6.7611e-03
-4.3401e-03
-1.5294e-03
1.2167e-03
2.9654e-03
4.2040e-03
5.2082e-03
5.7566e-03
5.2290e-03
4.1644e-03
2.8781e-03
1.5411e-03
9.6853e-06
-8.9295e-04
-1.0139e-03
-2.1443e-03
-4.3149e-03
-6.1861e-03
-6.8627e-03
-6.7468e-03
-6.4981e-03
-6.4705e-03
-7.0279e-03
-8.2189e-03
-9.4987e-03
-1.0671e-02
-1.1129e-02
-1.0994e-02
-1.0943e-02
-1.1645e-02
-1.2947e-02
-1.3436e-02
-1.2256e-02
-1.0101e-02
-8.8949e-03
-8.1210e-03
-6.2041e-03
-3.4902e-03
-9.8328e-04
1.8437e-03
4.6113e-03
7.0014e-03
8.7436e-03
9.3392e-03
8.7266e-03
6.9569e-03
4.6230e-03
2.2516e-03
7.1829e-05
-1.6662e-03
-2.9382e-03
-3.9275e-03
-3.8403e-03
-2.8066e-03
-2.0664e-03
-1.8211e-03
-1.8976e-03
-2.6637e-03
-4.3872e-03
-6.0231e-03
-6.6113e-03
-6.6974e-03
-7.1984e-03
-7.8134e-03
-7.2893e-03
-5.6207e-03
-3.2908e-03
-1.4390e-03
2.6435e-04
1.8544e-03
3.0254e-03
4.0148e-03
4.5941e-03
5.2754e-03
6.3129e-03
6.8468e-03
6.7997e-03
6.8014e-03
7.4627e-03
8.5498e-03
8.6649e-03
7.6299e-03
6.3725e-03
5.0547e-03
3.8610e-03
2.8795e-03
2.8708e-03
3.4465e-03
3.5703e-03
3.5324e-03
3.0729e-03
2.6715e-03
1.8484e-03
-3.6924e-04
-3.0975e-03
-4.6068e-03
-5.2662e-03
-5.4183e-03
-4.3240e-03
-2.8751e-03
-1.9963e-03
-7.7367e-04
1.1566e-03
2.3368e-03
3.1049e-03
4.5380e-03
6.2154e-03
7.5969e-03
8.7945e-03
9.2271e-03
8.6109e-03
7.4323e-03
6.7804e-03
6.7436e-03
6.8605e-03
6.9121e-03
6.8903e-03
6.8652e-03
6.8658e-03
6.8902e-03
6.9024e-03
6.8592e-03
6.7782e-03
6.8523e-03
7.4285e-03
8.4191e-03
9.0898e-03
9.8043e-03
1.0879e-02
1.1425e-02
1.0988e-02
9.8548e-03
8.6005e-03
6.8967e-03
4.7977e-03
2.5666e-03
1.1159e-04
-2.7511e-03
-5.4071e-03
-6.6505e-03
-7.2795e-03
-8.1659e-03
-8.7082e-03
-8.7752e-03
-8.7284e-03
-8.8019e-03
-8.8692e-03
-8.3170e-03
-6.6468e-03
-4.3453e-03
-2.0117e-03
2.0427e-04
2.4227e-03
4.7663e-03
7.0673e-03
8.7198e-03
9.2424e-03
9.2022e-03
9.2370e-03
9.3167e-03
8.7038e-03
6.8667e-03
4.6426e-03
3.4514e-03
3.4355e-03
3.0480e-03
2.0813e-03
7.7997e-04
-4.3649e-04
-1.5198e-03
-2.0741e-03
-2.2369e-03
-2.1905e-03
-1.4621e-03
2.3097e-04
1.8747e-03
2.5652e-03
3.0028e-03
3.9594e-03
5.2722e-03
6.9700e-03
8.1359e-03
8.2666e-03
8.1666e-03
7.4971e-03
6.4665e-03
5.2123e-03
4.0133e-03
2.9487e-03
2.4992e-03
2.3873e-03
1.8612e-03
9.2459e-04
3.6469e-04
-2.9619e-04
-1.9532e-03
-4.1900e-03
-6.0282e-03
-7.1304e-03
-8.0717e-03
-9.1240e-03
-1.0868e-02
-1.3126e-02
-1.5331e-02
-1.7156e-02
-1.8900e-02
-2.0914e-02
-2.2091e-02
-2.2849e-02
-2.3854e-02
-2.4363e-02
-2.3934e-02
-2.2821e-02
-2.1586e-02
-1.9873e-02
-1.7711e-02
-1.5420e-02
-1.3108e-02
-1.0810e-02
-8.6757e-03
-7.0285e-03
-5.7485e-03
-4.1309e-03
-2.6807e-03
-2.0201e-03
-1.2672e-03
2.7115e-04
1.3889e-03
1.0733e-03
3.3180e-04
-4.7143e-04
-1.3738e-03
-1.8686e-03
-2.5644e-03
-4.1832e-03
-5.9431e-03
-6.8015e-03
-6.7211e-03
-5.5238e-03
-3.2761e-03
-9.0665e-04
1.8842e-03
4.6773e-03
7.5062e-03
1.0373e-02
1.2741e-02
1.4790e-02
1.5785e-02
1.6526e-02
1.8114e-02
1.9781e-02
2.0434e-02
2.0358e-02
2.0349e-02
2.0865e-02
2.1423e-02
2.1064e-02
2.0425e-02
1.9643e-02
1.8648e-02
1.8121e-02
1.7899e-02
1.7451e-02
1.7103e-02
1.7545e-02
1.7541e-02
1.6550e-02
1.5364e-02
1.4216e-02
1.3132e-02
1.1469e-02
9.2215e-03
6.8605e-03
4.7170e-03
2.9938e-03
1.2796e-03
-9.1116e-04
-2.6178e-03
-3.7656e-03
-4.3749e-03
-4.9141e-03
-5.3202e-03
-4.8495e-03
-4.3159e-03
-4.1175e-03
-4.0594e-03
-4.1688e-03
-4.8210e-03
-5.9467e-03
-6.5531e-03
-6.4844e-03
-6.3028e-03
-6.8073e-03
-8.5373e-03
-1.0941e-02
-1.3229e-02
-1.4874e-02
-1.6042e-02
-1.7599e-02
-1.9271e-02
-2.0529e-02
-2.1582e-02
-2.2181e-02
-2.2670e-02
-2.3132e-02
-2.3258e-02
-2.3784e-02
-2.4248e-02
-2.4432e-02
-2.4754e-02
-2.5212e-02
-2.5688e-02
-2.6899e-02
-2.7159e-02
-2.4641e-02
-2.1268e-02
-1.8675e-02
-1.5843e-02
-1.2538e-02
-9.2043e-03
-6.9630e-03
-5.6947e-03
-4.1845e-03
-2.6517e-03
-1.8114e-03
-1.2948e-03
-1.0252e-03
-1.4195e-03
-1.3365e-03
-6.1118e-04
-4.2512e-04
-1.9137e-04
1.1999e-03
2.3350e-03
3.0767e-03
4.1178e-03
5.2889e-03
6.4404e-03
6.9115e-03
6.8625e-03
6.9760e-03
7.6189e-03
8.0629e-03
6.9684e-03
5.2724e-03
4.4698e-03
4.5178e-03
4.7811e-03
4.7660e-03
4.0996e-03
3.0086e-03
2.4574e-03
2.3378e-03
1.8625e-03
9.1477e-04
2.3372e-04
-4.6088e-04
-1.5202e-03
-2.1846e-03
-2.1787e-03
-1.4763e-03
-3.9705e-04
1.6212e-04
3.6260e-04
8.4898e-04
1.2947e-03
7.8295e-04
1.2429e-04
2.3635e-05
7.0808e-04
1.8885e-03
2.5152e-03
2.4913e-03
2.3246e-03
2.4342e-03
3.0251e-03
3.5247e-03
3.0459e-03
2.4594e-03
2.3000e-03
2.3799e-03
2.4689e-03
2.4244e-03
2.2616e-03
2.2664e-03
3.0029e-03
4.5822e-03
5.7431e-03
5.9449e-03
6.3679e-03
6.7896e-03
6.9261e-03
6.9240e-03
6.8530e-03
6.7629e-03
6.7891e-03
7.3252e-03
8.4384e-03
9.6203e-03
1.0863e-02
1.1958e-02
1.2901e-02
1.3444e-02
1.4262e-02
1.5853e-02
1.6904e-02
1.6474e-02
1.5850e-02
1.5747e-02
1.5807e-02
1.5312e-02
1.4102e-02
1.2924e-02
1.2279e-02
1.2388e-02
1.2454e-02
1.2413e-02
1.1846e-02
1.1464e-02
1.1397e-02
1.0742e-02
9.0396e-03
7.3601e-03
6.8132e-03
6.8255e-03
6.2184e-03
4.6706e-03
3.5472e-03
3.4311e-03
2.8966e-03
1.7509e-03
5.7681e-04
5.9183e-04
1.6933e-03
2.4504e-03
2.5248e-03
2.3071e-03
2.2252e-03
2.7459e-03
3.9765e-03
5.3260e-03
6.4342e-03
6.3726e-03
5.2808e-03
4.1757e-03
3.0299e-03
1.3183e-03
-1.5591e-03
-4.4657e-03
-6.3080e-03
-6.8252e-03
-6.6379e-03
-6.4045e-03
-6.4610e-03
-7.1730e-03
-8.3281e-03
-8.8498e-03
-8.4464e-03
-7.8224e-03
-7.5695e-03
-6.9576e-03
-6.5844e-03
-7.1248e-03
-8.2134e-03
-8.7798e-03
-8.8917e-03
-9.4101e-03
-1.0460e-02
-1.1105e-02
-1.1182e-02
-1.1087e-02
-1.1035e-02
-1.1051e-02
-1.1067e-02
-1.1058e-02
-1.1045e-02
-1.1088e-02
-1.1169e-02
-1.1103e-02
-1.0527e-02
-9.5257e-03
-8.8432e-03
-8.1601e-03
-7.1583e-03
-6.5843e-03
-6.5220e-03
-6.6031e-03
-6.6313e-03
-6.6031e-03
-6.6203e-03
-6.7134e-03
-6.7121e-03
-6.1657e-03
-4.9753e-03
-3.7590e-03
-2.7471e-03
-2.2536e-03
-1.5583e-03
4.0724e-05
1.6622e-03
2.4338e-03
2.9771e-03
3.8239e-03
4.4622e-03
5.1865e-03
6.2312e-03
6.8061e-03
6.8024e-03
6.6525e-03
6.7516e-03
7.3419e-03
7.8953e-03
7.4658e-03
6.7300e-03
6.0209e-03
5.6282e-03
6.1336e-03
6.5634e-03
6.6645e-03
7.2808e-03
8.9267e-03
1.0628e-02
1.1366e-02
1.1461e-02
1.1319e-02
1.0609e-02
9.0318e-03
7.4010e-03
6.1650e-03
4.5023e-03
2.2900e-03
1.8640e-05
-1.7622e-03
-2.9855e-03
-4.0266e-03
-4.4075e-03
-4.0292e-03
-3.5343e-03
-3.2996e-03
-2.1531e-03
-5.9011e-04
1.4664e-04
1.7053e-04
1.4910e-05
-6.2640e-05
-4.5987e-05
5.6273e-05
1.6988e-04
3.6487e-05
-7.1473e-04
-1.7155e-03
-1.6129e-03
-6.1706e-04
-5.1498e-04
-1.5171e-03
-2.2687e-03
-2.3995e-03
-2.2803e-03
-2.1794e-03
-2.1789e-03
-2.2760e-03
-2.4019e-03
-2.2868e-03
-1.5559e-03
-5.2443e-04
-5.4850e-04
-1.5606e-03
-2.1887e-03
-2.3057e-03
-2.7794e-03
-3.9225e-03
-5.0312e-03
-5.6459e-03
-5.7046e-03
-6.1822e-03
-6.6610e-03
-6.7891e-03
-6.7636e-03
-6.7245e-03
-6.7177e-03
-6.7004e-03
-6.6840e-03
-6.7344e-03
-6.8819e-03
-6.8703e-03
-6.1354e-03
-4.5462e-03
-3.3685e-03
-3.1924e-03
-2.8520e-03
-2.4268e-03
-1.7813e-03
-6.4159e-04
5.7378e-04
1.7297e-03
2.2672e-03
2.2771e-03
2.1656e-03
2.1081e-03
2.1602e-03
2.3004e-03
2.3143e-03
1.6633e-03
8.2015e-05
-1.6109e-03
-2.9904e-03
-4.6789e-03
-6.2124e-03
-6.8041e-03
-6.8924e-03
-7.2840e-03
-7.8685e-03
-7.9723e-03
-7.9348e-03
-7.3915e-03
-6.8503e-03
-6.2059e-03
-5.1198e-03
-3.9880e-03
-2.8584e-03
-1.8828e-03
-6.7999e-04
1.0431e-03
3.2935e-03
4.9394e-03
6.0749e-03
7.2005e-03
8.9002e-03
1.0546e-02
1.1199e-02
1.1206e-02
1.1144e-02
1.1081e-02
1.0574e-02
9.4946e-03
8.3349e-03
7.0849e-03
5.9078e-03
4.8562e-03
4.4458e-03
4.3714e-03
3.7550e-03
2.5687e-03
2.0357e-03
2.6915e-03
3.8218e-03
3.8539e-03
2.8306e-03
2.1809e-03
2.0586e-03
1.5922e-03
4.5552e-04
-6.6048e-04
-1.2881e-03
-1.3472e-03
-1.7746e-03
-2.2072e-03
-2.4472e-03
-2.9319e-03
-3.4484e-03
-3.4762e-03
-3.5512e-03
-3.5453e-03
-3.5427e-03
-2.8539e-03
-1.8535e-03
-1.2176e-03
-1.1771e-03
-7.5454e-04
-1.4275e-04
5.4113e-04
1.0314e-03
5.8443e-04
-6.6926e-05
-7.8924e-04
-1.7095e-03
-2.3184e-03
-3.0515e-03
-4.1781e-03
-4.7011e-03
-4.1204e-03
-2.9303e-03
-2.3286e-03
-2.3748e-03
-2.3567e-03
-1.7172e-03
-8.0247e-04
-8.2650e-04
-1.1893e-03
-1.9397e-04
1.4283e-03
2.2270e-03
2.2501e-03
2.0893e-03
2.0275e-03
2.0530e-03
2.0794e-03
2.0790e-03
2.0715e-03
2.0835e-03
2.0988e-03
2.0656e-03
1.9708e-03
1.9992e-03
2.5524e-03
3.6607e-03
4.5360e-03
5.0785e-03
4.8109e-03
3.2682e-03
2.2176e-03
1.8665e-03
9.4548e-04
-5.7301e-04
-1.4076e-03
-2.1179e-03
-2.4406e-03
-1.9138e-03
-8.5520e-04
-1.1436e-04
5.2444e-04
1.3685e-03
1.8982e-03
2.6563e-03
4.3008e-03
5.9714e-03
6.6540e-03
6.6722e-03
6.6057e-03
6.4844e-03
5.9191e-03
4.9607e-03
4.3519e-03
3.6606e-03
2.1879e-03
4.9728e-04
-9.7831e-04
-2.6074e-03
-3.5523e-03
-3.1445e-03
-2.6094e-03
-2.3684e-03
-1.7873e-03
-7.4433e-04
-1.7599e-04
-2.1181e-04
-2.4939e-04
3.4009e-04
1.4841e-03
2.1146e-03
2.0788e-03
1.9142e-03
2.3411e-03
3.6759e-03
5.5080e-03
7.1130e-03
7.1645e-03
6.7145e-03
6.5589e-03
6.0477e-03
4.4166e-03
1.9960e-03
-3.7536e-04
-1.9225e-03
-2.4758e-03
-3.1739e-03
-4.6610e-03
-5.6849e-03
-5.4456e-03
-5.4165e-03
-5.7802e-03
-5.2888e-03
-4.1570e-03
-2.9547e-03
-2.4582e-03
-2.4040e-03
-1.9074e-03
-8.5643e-04
-1.5698e-04
2.0148e-05
-1.3574e-04
-8.2131e-04
-1.9167e-03
-2.5225e-03
-2.5682e-03
-2.4700e-03
-2.4351e-03
-2.4650e-03
-2.4782e-03
-2.4219e-03
-2.3699e-03
-2.5230e-03
-3.0804e-03
-3.5411e-03
-3.0962e-03
-2.6128e-03
-2.4446e-03
-1.9642e-03
-8.7349e-04
3.4358e-04
1.4904e-03
2.0858e-03
2.2535e-03
2.1472e-03
1.3175e-03
-3.1369e-04
-1.3365e-03
-9.4083e-04
-7.5801e-04
-1.5994e-03
-2.9351e-03
-4.7811e-03
-6.5289e-03
-7.3477e-03
-7.1728e-03
-5.7633e-03
-3.5537e-03
-2.4412e-03
-2.3717e-03
-1.9933e-03
-5.5885e-04
1.3157e-03
3.2974e-03
5.4712e-03
6.5564e-03
6.6050e-03
6.4290e-03
6.4102e-03
6.5224e-03
6.4611e-03
5.8561e-03
4.8715e-03
4.3217e-03
3.6837e-03
2.0497e-03
-2.0612e-04
-2.1111e-03
-3.2315e-03
-3.7480e-03
-3.6953e-03
-3.6268e-03
-3.1843e-03
-2.7090e-03
-1.8985e-03
-2.5758e-04
1.2797e-03
1.9345e-03
2.5923e-03
4.1258e-03
5.7129e-03
6.4712e-03
7.0513e-03
7.9782e-03
8.5770e-03
8.7184e-03
8.5889e-03
8.0142e-03
6.9571e-03
5.7674e-03
4.0632e-03
1.9028e-03
-4.1121e-04
-2.7918e-03
-5.0720e-03
-6.7002e-03
-7.1833e-03
-7.0607e-03
-7.0916e-03
-7.6309e-03
-8.1198e-03
-7.6403e-03
-7.0430e-03
-6.8692e-03
-6.9624e-03
-7.0577e-03
-6.8979e-03
-6.3112e-03
-5.8121e-03
-6.2163e-03
-6.7192e-03
-6.9581e-03
-7.3403e-03
-7.7594e-03
-7.8486e-03
-8.3369e-03
-8.8117e-03
-8.9575e-03
-8.8012e-03
-8.1347e-03
-7.1126e-03
-6.4768e-03
-5.8938e-03
-4.8395e-03
-3.6347e-03
-2.4652e-03
-1.9535e-03
-2.0115e-03
-2.0689e-03
-1.5588e-03
-4.0770e-04
7.6308e-04
1.7705e-03
2.3131e-03
2.9055e-03
3.8596e-03
4.4176e-03
4.4685e-03
4.3496e-03
4.2720e-03
4.3154e-03
4.4271e-03
4.3729e-03
3.7307e-03
2.6175e-03
2.0909e-03
2.5678e-03
3.5843e-03
4.2535e-03
4.8145e-03
5.6029e-03
6.0982e-03
6.5988e-03
7.5166e-03
8.5466e-03
9.5752e-03
1.0068e-02
9.9443e-03
9.2660e-03
8.2563e-03
7.5926e-03
6.9900e-03
6.1351e-03
5.5015e-03
4.8251e-03
3.9293e-03
3.4755e-03
3.3412e-03
2.8345e-03
1.8727e-03
1.2842e-03
1.2312e-03
1.3746e-03
1.3876e-03
8.9468e-04
-1.2395e-04
-1.1434e-03
-2.0501e-03
-2.5818e-03
-3.0734e-03
-3.4889e-03
-3.0741e-03
-2.0625e-03
-5.6680e-04
8.7257e-04
1.8388e-03
2.5822e-03
2.9871e-03
3.5053e-03
4.3281e-03
4.7052e-03
4.3562e-03
3.7114e-03
3.1138e-03
2.2170e-03
1.7310e-03
1.2669e-03
8.8116e-04
3.7881e-04
-4.8829e-04
-1.3745e-03
-2.2746e-03
-3.0733e-03
-3.9421e-03
-4.7939e-03
-5.6093e-03
-5.9695e-03
-5.9129e-03
-5.7508e-03
-5.6381e-03
-5.6606e-03
-5.7594e-03
-5.6118e-03
-4.6113e-03
-2.9301e-03
-1.9880e-03
-1.9318e-03
-2.0926e-03
-2.0258e-03
-1.5769e-03
-1.1965e-03
-1.5038e-03
-1.8669e-03
-1.9411e-03
-1.9461e-03
-2.0033e-03
-1.8806e-03
-1.0249e-03
4.2740e-04
1.2786e-03
1.6941e-03
2.3081e-03
3.0263e-03
3.7468e-03
4.0821e-03
4.1093e-03
3.9859e-03
3.4673e-03
2.3803e-03
1.2528e-03
3.8971e-04
-6.2612e-04
-1.6589e-03
-2.4673e-03
-3.1411e-03
-3.3367e-03
-2.9975e-03
-2.5645e-03
-2.4318e-03
-2.1322e-03
-1.8229e-03
-1.4200e-03
-7.2531e-04
2.4812e-05
7.1882e-04
9.5226e-04
6.9063e-04
3.3793e-04
1.6115e-04
-4.0774e-04
-9.6213e-04
-1.0857e-03
-1.3381e-03
-1.5562e-03
-1.6198e-03
-1.6001e-03
-1.4666e-03
-1.1369e-03
-8.6833e-04
-1.0845e-03
-1.3210e-03
-1.4112e-03
-1.6533e-03
-2.1028e-03
-2.4052e-03
-2.7092e-03
-3.1558e-03
-3.3616e-03
-3.3090e-03
-3.2134e-03
-3.1585e-03
-3.0468e-03
-2.6686e-03
-2.0915e-03
-1.7653e-03
-1.6395e-03
-1.3566e-03
-8.9084e-04
-5.8010e-04
-2.0488e-04
5.5342e-04
1.3050e-03
1.5945e-03
1.5531e-03
1.4611e-03
1.4275e-03
1.4436e-03
1.4398e-03
1.3394e-03
1.1031e-03
9.5830e-04
1.1344e-03
1.0333e-03
4.2737e-04
-1.1611e-05
1.4297e-04
3.8713e-04
4.4073e-04
4.5154e-04
6.5126e-04
1.0114e-03
1.1858e-03
1.2281e-03
1.4182e-03
1.7111e-03
1.6593e-03
1.3077e-03
1.1892e-03
1.3139e-03
1.3940e-03
1.5207e-03
1.4255e-03
1.0935e-03
8.9102e-04
8.1867e-04
6.4555e-04
3.4986e-04
1.9570e-04
1.6032e-04
2.1269e-05
-2.4715e-04
-3.9314e-04
-3.8554e-04
-3.3628e-04
-3.0321e-04
-2.8546e-04
-2.5386e-04
-2.0572e-04
-1.9391e-04
-3.1830e-04
-5.4526e-04
-6.2573e-04
-4.8472e-04
-2.3737e-04
-4.3140e-05
2.3924e-04
6.4463e-04
8.3508e-04
8.3099e-04
9.0161e-04
1.1692e-03
1.4359e-03
1.4968e-03
1.4246e-03
1.3653e-03
1.3898e-03
1.4093e-03
1.2881e-03
1.1605e-03
1.0757e-03
9.4438e-04
7.5465e-04
6.3300e-04
5.9859e-04
5.9281e-04
5.6198e-04
4.5635e-04
2.9899e-04
2.0674e-04
1.8614e-04
1.8986e-04
1.9314e-04
1.7795e-04
1.0696e-04
-1.8907e-05
-1.2785e-04
-1.8049e-04
-1.6216e-04
-1.4621e-04
-1.3815e-04
-1.7779e-04
-2.1038e-04
-2.1005e-04
-1.9493e-04
-1.6675e-04
-1.1993e-04
-8.5589e-05
-1.0549e-04
-9.8463e-05
-4.0515e-05
9.0983e-06
5.2749e-05
9.5277e-05
8.9897e-05
6.2606e-05
7.3470e-05
9.0014e-05
9.6964e-05
1.1060e-04
1.1808e-04
8.9647e-05
6.0504e-05
4.6921e-05
3.9436e-05
3.6241e-05
4.8553e-05
7.6724e-05
9.7677e-05
1.0124e-04
8.8365e-05
8.6282e-05
8.4639e-05
7.4923e-05
5.9518e-05
3.4627e-05
1.7450e-06
-2.8884e-05
-5.7485e-05
-7.8839e-05
-8.7869e-05
-7.9975e-05
-7.2285e-05
-7.2220e-05
-7.5786e-05
-7.9559e-05
-8.0445e-05
-7.5261e-05
-6.6301e-05
-6.3573e-05
-6.7210e-05
-7.2372e-05
-7.5422e-05
-7.3777e-05
-6.9248e-05
-6.8885e-05
-7.3252e-05
-8.0015e-05
-8.5871e-05
-8.8418e-05
-9.1839e-05
-9.4924e-05
-9.7884e-05
-1.0154e-04
-1.0427e-04
-1.0612e-04
-1.0667e-04
-1.0669e-04
-1.0635e-04
-1.0636e-04
-1.0537e-04
-1.0216e-04
-9.8011e-05
-9.4559e-05
-9.2079e-05
-8.9636e-05
-8.6748e-05
-8.2758e-05
-7.8151e-05
-7.4331e-05
-7.1490e-05
-6.8618e-05
-6.5865e-05
-6.3674e-05
-6.1771e-05
-5.9913e-05
-5.8191e-05
-5.6666e-05
-5.5430e-05
-5.4342e-05
-5.3167e-05
-5.1922e-05
-5.0708e-05
-4.9576e-05
-4.8482e-05
-4.7342e-05
-4.6185e-05
-4.5061e-05
-4.3981e-05
-4.2940e-05
-4.1931e-05
-4.0945e-05
-3.9983e-05
-3.9044e-05
-3.8128e-05
-3.7231e-05
-3.6352e-05
-3.5488e-05
-3.4640e-05
-3.3807e-05
