-5.6408e-05
-5.8918e-05
-5.7879e-05
-6.0344e-05
-5.9248e-05
-6.1674e-05
-6.0526e-05
-6.2909e-05
-6.1713e-05
-6.4057e-05
-6.2800e-05
-6.5103e-05
-6.3796e-05
-6.6060e-05
-6.4702e-05
-6.6930e-05
-6.5510e-05
-6.7696e-05
-6.6226e-05
-6.8380e-05
-6.6859e-05
-6.8963e-05
-6.7396e-05
-6.9467e-05
-6.7848e-05
-6.9882e-05
-6.8206e-05
-7.0209e-05
-6.8483e-05
-7.0442e-05
-6.8661e-05
-7.0592e-05
-6.8760e-05
-7.0651e-05
-6.8765e-05
-7.0623e-05
-6.8687e-05
-7.0508e-05
-6.8517e-05
-7.0306e-05
-6.8268e-05
-7.0027e-05
-6.7946e-05
-6.9665e-05
-6.7529e-05
-6.9223e-05
-6.7039e-05
-6.8703e-05
-6.6462e-05
-6.8100e-05
-6.5821e-05
-6.7426e-05
-6.5098e-05
-6.6682e-05
-6.4309e-05
-6.5858e-05
-6.3442e-05
-6.4969e-05
-6.2505e-05
-6.4005e-05
-6.1496e-05
-6.2972e-05
-6.0415e-05
-6.1867e-05
-5.9280e-05
-6.0716e-05
-5.8075e-05
-5.9486e-05
-5.6802e-05
-5.8196e-05
-5.5466e-05
-5.6838e-05
-5.4072e-05
-5.5429e-05
-5.2617e-05
-5.3955e-05
-5.1103e-05
-5.2421e-05
-4.9533e-05
-5.0840e-05
-4.7909e-05
-4.9205e-05
-4.6239e-05
-4.7529e-05
-4.4525e-05
-4.5793e-05
-4.2763e-05
-4.4035e-05
-4.0964e-05
-4.2222e-05
-3.9115e-05
-4.0377e-05
-3.7235e-05
-3.8491e-05
-3.5313e-05
-3.6566e-05
-3.3361e-05
-3.4611e-05
-3.1369e-05
-3.2619e-05
-2.9346e-05
-3.0591e-05
-2.7288e-05
-2.8544e-05
-2.5208e-05
-2.6465e-05
-2.3102e-05
-2.4360e-05
-2.0969e-05
-2.2249e-05
-1.8830e-05
-2.0115e-05
-1.6668e-05
-1.7963e-05
-1.4487e-05
-1.5799e-05
-1.2297e-05
-1.3632e-05
-1.0105e-05
-1.1451e-05
-7.8993e-06
-9.2667e-06
-5.6848e-06
-7.0798e-06
-3.4738e-06
-4.8870e-06
-1.2416e-06
-2.6531e-06
9.6224e-07
-4.9952e-07
3.1775e-06
1.6756e-06
5.3817e-06
3.8477e-06
7.5792e-06
6.0118e-06
9.7643e-06
8.1588e-06
1.1937e-05
1.0292e-05
1.4102e-05
1.2411e-05
1.6246e-05
1.4512e-05
1.8376e-05
1.6593e-05
2.0478e-05
1.8647e-05
2.2569e-05
2.0673e-05
2.4618e-05
2.2668e-05
2.6646e-05
2.4629e-05
2.8640e-05
2.6557e-05
3.0604e-05
2.8450e-05
3.2534e-05
3.0302e-05
3.4425e-05
3.2110e-05
3.6282e-05
3.3882e-05
3.8092e-05
3.5600e-05
3.9868e-05
3.7279e-05
4.1595e-05
3.8906e-05
4.3289e-05
4.0476e-05
4.4923e-05
4.1991e-05
4.6518e-05
4.3444e-05
4.8053e-05
4.4843e-05
4.9551e-05
4.6170e-05
5.0990e-05
4.7429e-05
5.2373e-05
4.8611e-05
5.3703e-05
4.9706e-05
5.4989e-05
5.0753e-05
5.6240e-05
5.1696e-05
5.7391e-05
5.2503e-05
5.8615e-05
5.3471e-05
5.9866e-05
5.3605e-05
5.9997e-05
5.4177e-05
6.4088e-05
5.8210e-05
6.1744e-05
4.2522e-05
5.2662e-05
7.6645e-05
1.3367e-04
5.7945e-05
-2.3650e-04
-6.3483e-04
-2.9692e-04
3.3014e-05
8.6920e-05
8.4446e-05
5.0802e-05
5.3669e-05
5.7782e-05
6.4539e-05
6.6010e-05
6.4766e-05
6.0793e-05
4.6779e-05
5.1535e-05
8.2187e-05
1.3628e-04
6.1362e-05
-2.5462e-04
-6.6958e-04
-3.1895e-04
3.3545e-05
8.4680e-05
8.6742e-05
4.5598e-05
5.4196e-05
5.3115e-05
6.5009e-05
5.7459e-05
6.0692e-05
5.4706e-05
5.8972e-05
5.5069e-05
5.8109e-05
5.4360e-05
5.6591e-05
5.3472e-05
5.5255e-05
5.2562e-05
5.3865e-05
5.1454e-05
5.2402e-05
5.0253e-05
5.0875e-05
4.8929e-05
4.9281e-05
4.7510e-05
4.7618e-05
4.6001e-05
4.5882e-05
4.4427e-05
4.4165e-05
4.2878e-05
4.2479e-05
4.1324e-05
4.0831e-05
3.9797e-05
3.9176e-05
3.8282e-05
3.7573e-05
3.6773e-05
3.5976e-05
3.5277e-05
3.4406e-05
3.3802e-05
3.2855e-05
3.2345e-05
3.1333e-05
3.0904e-05
2.9835e-05
2.9479e-05
2.8358e-05
2.8074e-05
2.6896e-05
2.6685e-05
2.5457e-05
2.5318e-05
2.4049e-05
2.3981e-05
2.2664e-05
2.2656e-05
2.1311e-05
2.1362e-05
1.9976e-05
2.0096e-05
1.8683e-05
1.8864e-05
1.7407e-05
1.7643e-05
1.6169e-05
1.6459e-05
1.4946e-05
1.5293e-05
1.3753e-05
1.4148e-05
1.2579e-05
1.3031e-05
1.1433e-05
1.1934e-05
1.0315e-05
1.0860e-05
9.2196e-06
9.8124e-06
8.1479e-06
8.7891e-06
7.1037e-06
7.7894e-06
6.0922e-06
6.8173e-06
5.1020e-06
5.8832e-06
4.1540e-06
4.9860e-06
3.2459e-06
4.1031e-06
2.3352e-06
3.2466e-06
1.4667e-06
2.4289e-06
6.3327e-07
1.6433e-06
-1.7176e-07
8.7957e-07
-9.5207e-07
1.4812e-07
-1.6973e-06
-5.4403e-07
-2.4051e-06
-1.2102e-06
-3.0851e-06
-1.8454e-06
-3.7412e-06
-2.4514e-06
-4.3637e-06
-3.0251e-06
-4.9539e-06
-3.5843e-06
-5.5270e-06
-4.1114e-06
-6.0743e-06
-4.6062e-06
-6.5760e-06
-5.0642e-06
-7.0438e-06
-5.4818e-06
-7.4774e-06
-5.8726e-06
-7.8819e-06
-6.2279e-06
-8.2560e-06
-6.5470e-06
-8.5796e-06
-6.8212e-06
-8.8795e-06
-7.0714e-06
-9.1386e-06
-7.2772e-06
-9.3591e-06
-7.4419e-06
-9.5669e-06
-7.5913e-06
-9.7253e-06
-7.7000e-06
-9.8555e-06
-7.7761e-06
-9.9589e-06
-7.8217e-06
-1.0035e-05
-7.8364e-06
-1.0075e-05
-7.8174e-06
-1.0085e-05
-7.7471e-06
-1.0042e-05
-7.6566e-06
-9.9882e-06
-7.5037e-06
-9.8163e-06
-7.3531e-06
-9.7469e-06
-7.1470e-06
-9.5860e-06
-6.8938e-06
-9.3758e-06
-6.6007e-06
-9.1390e-06
-6.2741e-06
-8.8612e-06
-5.8937e-06
-8.5414e-06
-5.4710e-06
-8.1986e-06
-5.0095e-06
-7.8053e-06
-4.5000e-06
-7.3942e-06
-3.9488e-06
-6.9470e-06
-3.3561e-06
-6.4691e-06
-2.7237e-06
-5.9723e-06
-2.0258e-06
-5.4447e-06
-1.3026e-06
-4.9203e-06
-5.3110e-07
-4.3154e-06
4.4603e-07
-3.7071e-06
1.0804e-06
-3.6270e-06
2.2415e-06
-1.4995e-06
5.0223e-06
-3.2779e-06
-1.5555e-06
-6.7137e-06
1.7649e-05
2.8236e-05
1.1265e-05
-9.0069e-05
-1.0050e-04
2.5460e-04
1.1256e-03
1.5344e-03
1.1959e-03
3.0826e-04
-9.5344e-05
3.0185e-04
1.1067e-03
1.2045e-03
4.4079e-04
9.8788e-06
-3.9405e-05
2.0518e-05
3.0749e-05
-4.8115e-05
-6.0945e-05
2.6749e-04
1.0203e-03
1.4167e-03
1.4803e-03
1.5473e-03
1.4947e-03
1.1024e-03
3.3422e-04
2.7739e-04
1.0093e-03
1.4451e-03
1.4967e-03
1.4610e-03
1.4052e-03
1.4209e-03
1.4617e-03
1.5432e-03
1.4697e-03
1.1194e-03
6.0355e-04
9.7314e-04
1.6629e-03
2.4856e-03
2.9226e-03
2.9763e-03
2.9100e-03
2.5311e-03
2.0393e-03
2.3361e-03
3.0513e-03
4.1238e-03
5.2849e-03
5.9127e-03
6.7130e-03
7.3941e-03
8.2050e-03
8.5494e-03
8.5249e-03
8.5606e-03
8.8786e-03
9.3305e-03
9.0482e-03
8.6686e-03
8.3489e-03
7.5896e-03
7.0358e-03
6.2358e-03
5.3404e-03
3.8578e-03
2.5612e-03
7.9943e-04
-1.2042e-03
-3.5934e-03
-6.4489e-03
-9.5787e-03
-1.3134e-02
-1.6398e-02
-1.9615e-02
-2.2925e-02
-2.5429e-02
-2.7621e-02
-2.9433e-02
-3.0925e-02
-3.2246e-02
-3.2763e-02
-3.2282e-02
-3.0259e-02
-2.7441e-02
-2.4286e-02
-2.0672e-02
-1.7150e-02
-1.3604e-02
-1.0388e-02
-7.2206e-03
-3.6394e-03
-4.4798e-04
2.4931e-03
5.3849e-03
8.0326e-03
9.9380e-03
1.1108e-02
1.1457e-02
1.1388e-02
1.1357e-02
1.1609e-02
1.2360e-02
1.3086e-02
1.3968e-02
1.4500e-02
1.4277e-02
1.2975e-02
1.0705e-02
8.5598e-03
6.6569e-03
5.6072e-03
4.5694e-03
3.4411e-03
2.7114e-03
1.9724e-03
1.6206e-03
1.3176e-03
5.9847e-04
1.3131e-04
-1.3175e-04
4.1327e-05
1.5993e-03
4.8093e-03
8.4420e-03
1.2108e-02
1.5140e-02
1.7346e-02
1.9238e-02
1.9954e-02
2.0037e-02
2.0146e-02
2.0046e-02
1.8963e-02
1.6277e-02
1.2040e-02
6.9133e-03
2.2455e-03
-1.7497e-03
-5.2419e-03
-8.8141e-03
-1.2076e-02
-1.4990e-02
-1.7618e-02
-1.9554e-02
-2.0893e-02
-2.1140e-02
-1.9865e-02
-1.7142e-02
-1.3534e-02
-9.9856e-03
-6.3115e-03
-2.9465e-03
-2.0639e-04
1.3787e-03
1.4097e-03
5.3047e-04
-6.7555e-06
3.1112e-04
1.4721e-03
2.7646e-03
3.1815e-03
2.8749e-03
2.0264e-03
1.5358e-03
1.4552e-03
1.8352e-03
2.9229e-03
4.0436e-03
4.5209e-03
4.7153e-03
4.5811e-03
3.3046e-03
4.8451e-04
-3.1991e-03
-6.2751e-03
-8.1763e-03
-9.3657e-03
-9.7845e-03
-9.5697e-03
-8.5268e-03
-6.9969e-03
-5.4595e-03
-4.3834e-03
-4.1468e-03
-3.9114e-03
-2.6154e-03
-4.5786e-04
1.4922e-03
3.0774e-03
4.2758e-03
4.5546e-03
4.1618e-03
3.6508e-03
4.2644e-03
5.4958e-03
6.4305e-03
7.0313e-03
6.1200e-03
3.7906e-03
9.3258e-04
-2.3789e-03
-6.1067e-03
-9.0960e-03
-1.0578e-02
-1.1032e-02
-1.1417e-02
-1.1976e-02
-1.1303e-02
-9.5214e-03
-7.3960e-03
-6.0498e-03
-4.9819e-03
-2.0198e-03
2.5659e-03
8.0000e-03
1.3190e-02
1.7193e-02
2.0934e-02
2.3957e-02
2.5604e-02
2.5812e-02
2.4843e-02
2.3211e-02
2.0828e-02
1.7756e-02
1.3917e-02
9.6493e-03
5.3109e-03
9.7518e-04
-2.9691e-03
-6.2356e-03
-9.1107e-03
-1.1805e-02
-1.3787e-02
-1.4827e-02
-1.4154e-02
-1.2304e-02
-9.9767e-03
-8.4682e-03
-8.1485e-03
-8.0242e-03
-7.1507e-03
-5.4622e-03
-2.8820e-03
5.6325e-05
2.6720e-03
4.4794e-03
5.7900e-03
7.0937e-03
8.8046e-03
1.1317e-02
1.3991e-02
1.6003e-02
1.7242e-02
1.7313e-02
1.6268e-02
1.4890e-02
1.3522e-02
1.1923e-02
9.5886e-03
6.5366e-03
2.7420e-03
-1.5568e-03
-6.2235e-03
-1.1131e-02
-1.4884e-02
-1.7255e-02
-1.8042e-02
-1.8005e-02
-1.7701e-02
-1.7004e-02
-1.6409e-02
-1.5417e-02
-1.3993e-02
-1.2256e-02
-1.0160e-02
-8.3839e-03
-6.5412e-03
-4.2557e-03
-2.6031e-03
-2.2985e-03
-3.2561e-03
-5.1530e-03
-7.7830e-03
-1.0114e-02
-1.0890e-02
-1.0855e-02
-1.0733e-02
-1.0825e-02
-1.1163e-02
-1.1488e-02
-1.1063e-02
-1.1085e-02
-1.2026e-02
-1.2372e-02
-1.0931e-02
-7.3077e-03
-2.8061e-03
1.0972e-03
3.3832e-03
4.4066e-03
4.6462e-03
4.8375e-03
5.9172e-03
7.5928e-03
9.7032e-03
1.1672e-02
1.4248e-02
1.7516e-02
2.0717e-02
2.2105e-02
2.1954e-02
2.0550e-02
1.7980e-02
1.5175e-02
1.2677e-02
1.0618e-02
8.1112e-03
5.2646e-03
2.7541e-03
8.7785e-04
-9.3914e-04
-2.9981e-03
-3.8919e-03
-3.3212e-03
-1.2280e-03
1.1837e-03
3.1739e-03
5.9595e-03
9.9796e-03
1.4122e-02
1.6871e-02
1.7734e-02
1.7847e-02
1.7661e-02
1.6384e-02
1.3664e-02
1.0079e-02
6.8363e-03
3.9224e-03
9.7015e-04
-1.7453e-03
-3.3937e-03
-3.4598e-03
-2.4357e-03
-1.7174e-03
-2.4503e-03
-5.5804e-03
-1.0037e-02
-1.4401e-02
-1.8129e-02
-2.0596e-02
-2.2935e-02
-2.4792e-02
-2.5710e-02
-2.5095e-02
-2.3821e-02
-2.2424e-02
-2.0482e-02
-1.7338e-02
-1.3837e-02
-9.9886e-03
-5.9169e-03
-1.4905e-03
4.0556e-03
1.0675e-02
1.7158e-02
2.2406e-02
2.4633e-02
2.3554e-02
2.0051e-02
1.5390e-02
1.0173e-02
5.3334e-03
1.6342e-03
-1.8342e-04
-8.5811e-04
-1.9462e-03
-3.1898e-03
-3.6744e-03
-3.2692e-03
-2.2766e-03
-2.0755e-03
-3.4374e-03
-5.7780e-03
-7.7362e-03
-8.8042e-03
-9.0334e-03
-9.3115e-03
-1.0492e-02
-1.1792e-02
-1.1979e-02
-1.0662e-02
-8.4996e-03
-6.6259e-03
-4.8391e-03
-2.6965e-03
-9.3220e-04
4.4789e-04
1.8556e-03
3.5646e-03
5.7451e-03
7.5862e-03
9.1711e-03
1.0608e-02
1.1483e-02
1.1271e-02
1.0724e-02
9.4239e-03
7.0235e-03
4.0790e-03
1.0293e-03
-1.4702e-03
-2.3719e-03
-1.7528e-03
3.1938e-04
2.3188e-03
2.9363e-03
1.5059e-03
-4.4310e-04
-1.9845e-03
-3.0652e-03
-3.3853e-03
-3.7113e-03
-4.4031e-03
-4.8079e-03
-4.9787e-03
-5.1369e-03
-4.6683e-03
-2.6857e-03
4.7795e-04
4.3441e-03
8.2559e-03
1.1828e-02
1.5909e-02
1.9834e-02
2.2016e-02
2.1980e-02
1.9835e-02
1.6597e-02
1.3057e-02
9.9273e-03
6.8123e-03
2.9286e-03
-1.1028e-03
-4.6596e-03
-7.8673e-03
-1.0458e-02
-1.3267e-02
-1.5788e-02
-1.5786e-02
-1.2799e-02
-8.5506e-03
-4.2330e-03
4.3345e-04
5.5109e-03
1.0024e-02
1.3013e-02
1.4679e-02
1.5413e-02
1.5875e-02
1.5109e-02
1.3793e-02
1.2762e-02
1.2027e-02
1.0103e-02
6.6559e-03
1.8478e-03
-2.6335e-03
-5.7278e-03
-7.6941e-03
-8.8665e-03
-8.9023e-03
-7.7450e-03
-6.5279e-03
-6.3524e-03
-7.3222e-03
-8.6935e-03
-1.0370e-02
-1.2782e-02
-1.5752e-02
-1.8760e-02
-2.1088e-02
-2.1865e-02
-2.1936e-02
-2.1943e-02
-2.1669e-02
-2.0666e-02
-1.9284e-02
-1.7891e-02
-1.6344e-02
-1.4113e-02
-1.0842e-02
-5.9196e-03
-1.7039e-05
5.7673e-03
1.0179e-02
1.1900e-02
1.0912e-02
8.3187e-03
5.6802e-03
3.8075e-03
2.4301e-03
1.2918e-03
5.6777e-04
-1.3801e-04
-4.0163e-04
-6.5009e-04
-1.7078e-03
-3.2429e-03
-4.6014e-03
-4.8970e-03
-3.7212e-03
-1.1637e-03
2.2723e-03
5.8075e-03
7.5182e-03
6.8765e-03
5.2931e-03
3.7073e-03
2.6412e-03
2.3507e-03
2.0888e-03
1.1449e-03
-1.4876e-04
-1.7179e-03
-4.1618e-03
-7.6338e-03
-1.2042e-02
-1.5733e-02
-1.8503e-02
-2.0517e-02
-2.1508e-02
-2.0645e-02
-1.7920e-02
-1.4300e-02
-1.0739e-02
-7.1769e-03
-3.7095e-03
-1.4798e-04
3.4123e-03
6.9777e-03
1.0303e-02
1.3264e-02
1.5999e-02
1.7516e-02
1.7720e-02
1.6932e-02
1.6215e-02
1.5250e-02
1.4740e-02
1.5119e-02
1.7222e-02
2.0471e-02
2.4098e-02
2.6500e-02
2.7201e-02
2.5598e-02
2.2636e-02
1.8737e-02
1.3823e-02
7.9882e-03
2.8093e-03
-1.2868e-03
-4.2742e-03
-6.1422e-03
-7.3928e-03
-7.6721e-03
-6.8250e-03
-4.8224e-03
-1.2918e-03
2.7411e-03
6.1699e-03
8.9727e-03
1.0613e-02
1.0628e-02
9.1450e-03
7.2544e-03
6.5935e-03
6.4393e-03
5.2465e-03
2.6548e-03
-8.6915e-04
-4.6912e-03
-9.5551e-03
-1.5000e-02
-2.0202e-02
-2.5000e-02
-2.7621e-02
-2.7627e-02
-2.4862e-02
-1.9950e-02
-1.4887e-02
-1.0583e-02
-5.8326e-03
-1.3418e-03
1.7341e-03
3.2214e-03
3.4439e-03
3.7264e-03
4.8348e-03
6.1383e-03
6.4573e-03
5.5570e-03
3.6501e-03
9.2191e-04
-1.5168e-03
-2.0325e-03
-9.0298e-04
7.5013e-04
1.8627e-03
1.8556e-03
1.2855e-03
1.7021e-03
2.4776e-03
3.0897e-03
2.4697e-03
1.0272e-03
-4.9606e-04
-1.9322e-03
-3.0534e-03
-3.7937e-03
-4.5990e-03
-4.9545e-03
-4.7094e-03
-4.1135e-03
-3.5501e-03
-2.2813e-03
2.6070e-04
3.2446e-03
5.7152e-03
6.5831e-03
6.3172e-03
5.1991e-03
3.6994e-03
2.2552e-03
1.1015e-03
4.8220e-04
-1.7834e-04
-8.2309e-04
-1.9476e-03
-3.3786e-03
-4.4768e-03
-5.1543e-03
-6.1340e-03
-7.5317e-03
-9.0075e-03
-1.0533e-02
-1.1739e-02
-1.2294e-02
-1.2060e-02
-1.0780e-02
-8.5107e-03
-6.3285e-03
-4.3416e-03
-3.3622e-03
-2.7217e-03
-2.1329e-03
-8.3934e-04
1.2796e-03
3.3974e-03
5.8272e-03
8.3907e-03
1.0711e-02
1.2965e-02
1.3621e-02
1.1759e-02
7.4288e-03
2.7047e-03
-1.3557e-03
-4.8532e-03
-8.2237e-03
-1.1010e-02
-1.3039e-02
-1.3207e-02
-1.1322e-02
-9.5248e-03
-8.3810e-03
-7.7955e-03
-6.6285e-03
-5.1066e-03
-4.2315e-03
-4.9259e-03
-6.0390e-03
-6.4747e-03
-6.6899e-03
-7.4420e-03
-8.3246e-03
-9.1224e-03
-8.2945e-03
-5.2938e-03
-6.7652e-04
4.0044e-03
8.4663e-03
1.2923e-02
1.6580e-02
1.7934e-02
1.7078e-02
1.4211e-02
1.0982e-02
8.0942e-03
5.1034e-03
2.3466e-03
5.8187e-04
7.5877e-04
2.8749e-03
5.6043e-03
7.5561e-03
8.7890e-03
9.0610e-03
8.7323e-03
8.0166e-03
7.7030e-03
7.3757e-03
6.4115e-03
5.2517e-03
4.4027e-03
3.5220e-03
3.4253e-03
4.4375e-03
5.9254e-03
7.3854e-03
8.5578e-03
9.2708e-03
1.0014e-02
1.0310e-02
1.0316e-02
1.0597e-02
1.1328e-02
1.1864e-02
1.2016e-02
1.1507e-02
9.5593e-03
6.8213e-03
3.5298e-03
-5.0369e-04
-4.3008e-03
-6.5711e-03
-7.6872e-03
-8.2085e-03
-9.0521e-03
-1.0624e-02
-1.3280e-02
-1.7250e-02
-2.1895e-02
-2.6679e-02
-3.0363e-02
-3.3365e-02
-3.5949e-02
-3.7502e-02
-3.7943e-02
-3.7900e-02
-3.7774e-02
-3.7787e-02
-3.8193e-02
-3.9009e-02
-3.9190e-02
-3.8384e-02
-3.6901e-02
-3.4118e-02
-2.9173e-02
-2.2075e-02
-1.2924e-02
-2.5740e-03
8.3171e-03
1.8565e-02
2.7282e-02
3.4348e-02
4.0151e-02
4.6220e-02
5.4036e-02
6.3620e-02
7.4647e-02
8.7519e-02
1.0263e-01
1.1920e-01
1.3547e-01
1.5048e-01
1.6300e-01
1.7321e-01
1.8067e-01
1.8418e-01
1.8331e-01
1.7868e-01
1.7161e-01
1.6235e-01
1.5040e-01
1.3478e-01
1.1386e-01
8.8130e-02
5.8285e-02
2.6588e-02
-5.2005e-03
-3.5725e-02
-6.5210e-02
-9.4187e-02
-1.2250e-01
-1.4870e-01
-1.7057e-01
-1.8686e-01
-1.9779e-01
-2.0559e-01
-2.1226e-01
-2.1853e-01
-2.2515e-01
-2.3246e-01
-2.4080e-01
-2.5033e-01
-2.6040e-01
-2.7112e-01
-2.8247e-01
-2.9485e-01
-3.0710e-01
-3.1414e-01
-3.1052e-01
-2.9359e-01
-2.6353e-01
-2.2458e-01
-1.8093e-01
-1.3569e-01
-8.8606e-02
-3.8398e-02
1.3567e-02
6.4771e-02
1.1441e-01
1.6344e-01
2.1364e-01
2.6404e-01
3.1247e-01
3.5573e-01
3.9135e-01
4.1876e-01
4.3739e-01
4.4543e-01
4.4116e-01
4.2634e-01
4.0406e-01
3.7765e-01
3.4809e-01
3.1160e-01
2.6752e-01
2.1806e-01
1.6543e-01
1.0927e-01
4.8842e-02
-1.4972e-02
-7.9981e-02
-1.4525e-01
-2.0922e-01
-2.7117e-01
-3.3048e-01
-3.8045e-01
-4.1454e-01
-4.2992e-01
-4.3402e-01
-4.4071e-01
-4.4981e-01
-4.4553e-01
-4.1590e-01
-3.6353e-01
-2.9758e-01
-2.2281e-01
-1.4569e-01
-7.7153e-02
-2.8061e-02
6.2684e-03
5.0315e-02
1.1455e-01
1.7951e-01
2.2502e-01
2.5688e-01
2.9077e-01
3.2517e-01
3.4524e-01
3.4139e-01
3.2092e-01
2.9622e-01
2.6839e-01
2.3489e-01
1.9738e-01
1.5697e-01
1.1289e-01
6.5218e-02
1.9032e-02
-1.8131e-02
-4.6796e-02
-6.9862e-02
-8.8073e-02
-1.0058e-01
-1.0618e-01
-1.0597e-01
-1.0014e-01
-8.6199e-02
-6.5147e-02
-3.8264e-02
-1.3379e-02
6.6216e-03
2.5551e-02
4.6109e-02
6.6981e-02
8.6598e-02
1.0060e-01
1.0529e-01
1.0324e-01
9.8589e-02
9.1175e-02
7.8557e-02
5.8702e-02
3.2993e-02
5.1975e-03
-2.2518e-02
-5.0048e-02
-7.6471e-02
-9.8680e-02
-1.1545e-01
-1.3002e-01
-1.4363e-01
-1.5384e-01
-1.5896e-01
-1.5945e-01
-1.5478e-01
-1.4413e-01
-1.3030e-01
-1.1576e-01
-1.0153e-01
-8.8702e-02
-7.7720e-02
-6.7626e-02
-5.5105e-02
-3.7105e-02
-1.3265e-02
1.3657e-02
4.2172e-02
7.2584e-02
1.0718e-01
1.4541e-01
1.8255e-01
2.1183e-01
2.2798e-01
2.2879e-01
2.1829e-01
2.0175e-01
1.8289e-01
1.6216e-01
1.3838e-01
1.1111e-01
7.7980e-02
3.8708e-02
-4.6406e-03
-5.0227e-02
-9.4581e-02
-1.3467e-01
-1.6936e-01
-1.9628e-01
-2.1648e-01
-2.3076e-01
-2.4010e-01
-2.4683e-01
-2.4946e-01
-2.4279e-01
-2.2461e-01
-1.9689e-01
-1.6380e-01
-1.2804e-01
-8.9808e-02
-5.0226e-02
-1.1913e-02
2.4920e-02
6.2084e-02
9.8029e-02
1.2830e-01
1.4981e-01
1.6717e-01
1.8817e-01
2.1433e-01
2.4014e-01
2.6050e-01
2.7314e-01
2.7313e-01
2.5568e-01
2.2398e-01
1.8493e-01
1.4360e-01
1.0237e-01
6.0060e-02
1.5885e-02
-2.5666e-02
-5.9707e-02
-8.4779e-02
-1.0190e-01
-1.1126e-01
-1.1355e-01
-1.0882e-01
-9.7343e-02
-8.1821e-02
-6.5483e-02
-5.1860e-02
-4.1861e-02
-3.4500e-02
-2.7657e-02
-1.9345e-02
-1.0699e-02
-1.7931e-03
8.6351e-03
2.0207e-02
3.0154e-02
3.7084e-02
4.2330e-02
4.5902e-02
4.5012e-02
3.8240e-02
2.7470e-02
1.4270e-02
-1.1099e-03
-1.8214e-02
-3.8139e-02
-6.1556e-02
-8.5590e-02
-1.0621e-01
-1.2045e-01
-1.2757e-01
-1.2803e-01
-1.2472e-01
-1.1965e-01
-1.1227e-01
-1.0357e-01
-9.4656e-02
-8.6268e-02
-7.7154e-02
-6.6520e-02
-5.3844e-02
-3.7155e-02
-1.5678e-02
9.2836e-03
3.5465e-02
6.0937e-02
8.2522e-02
9.7950e-02
1.0744e-01
1.1260e-01
1.1488e-01
1.1490e-01
1.1395e-01
1.1184e-01
1.0607e-01
9.6413e-02
8.3302e-02
6.7855e-02
5.0442e-02
3.1439e-02
1.3011e-02
-3.2477e-03
-1.7652e-02
-3.0647e-02
-4.2400e-02
-5.2400e-02
-5.9870e-02
-6.4718e-02
-6.7873e-02
-6.9671e-02
-6.9660e-02
-6.6518e-02
-5.9935e-02
-4.9840e-02
-3.7243e-02
-2.5408e-02
-1.8135e-02
-1.4977e-02
-1.3700e-02
-1.1959e-02
-7.8594e-03
-1.7247e-03
4.4431e-03
1.0194e-02
1.5776e-02
2.1218e-02
2.6224e-02
3.0446e-02
3.2202e-02
2.9929e-02
2.3726e-02
1.5314e-02
6.5639e-03
-8.0328e-04
-5.1685e-03
-5.7530e-03
-4.0170e-03
-2.5841e-03
-4.2255e-03
-7.5890e-03
-1.0010e-02
-1.1764e-02
-1.3574e-02
-1.5366e-02
-1.8292e-02
-2.3472e-02
-3.0738e-02
-3.9840e-02
-5.2090e-02
-6.7273e-02
-8.2647e-02
-9.5027e-02
-1.0256e-01
-1.0482e-01
-1.0279e-01
-9.8530e-02
-9.3247e-02
-8.7883e-02
-8.2256e-02
-7.5052e-02
-6.4893e-02
-5.2101e-02
-3.6877e-02
-2.0073e-02
-3.2564e-03
1.1943e-02
2.4585e-02
3.3427e-02
3.8689e-02
4.2845e-02
4.7993e-02
5.5331e-02
6.5753e-02
7.8453e-02
9.2378e-02
1.0651e-01
1.1984e-01
1.3147e-01
1.3975e-01
1.4315e-01
1.4229e-01
1.3683e-01
1.2556e-01
1.0905e-01
8.8432e-02
6.5374e-02
4.1603e-02
1.7150e-02
-6.4124e-03
-2.7766e-02
-4.5556e-02
-5.8726e-02
-6.7283e-02
-7.1971e-02
-7.3115e-02
-7.1103e-02
-6.8917e-02
-6.9303e-02
-7.1901e-02
-7.4984e-02
-7.7046e-02
-7.6382e-02
-7.1228e-02
-6.1817e-02
-4.7938e-02
-2.8349e-02
-3.9040e-03
2.4421e-02
5.3261e-02
8.0191e-02
1.0390e-01
1.2417e-01
1.4040e-01
1.5153e-01
1.5675e-01
1.5514e-01
1.4624e-01
1.3045e-01
1.0904e-01
8.3579e-02
5.4689e-02
2.3759e-02
-7.5529e-03
-3.7700e-02
-6.5014e-02
-8.8179e-02
-1.0717e-01
-1.2350e-01
-1.3903e-01
-1.5374e-01
-1.6593e-01
-1.7259e-01
-1.7050e-01
-1.5846e-01
-1.3881e-01
-1.1463e-01
-8.6995e-02
-5.7488e-02
-2.8215e-02
-1.1217e-03
2.3479e-02
4.4679e-02
6.3193e-02
7.9831e-02
9.4146e-02
1.0443e-01
1.0881e-01
1.0807e-01
1.0306e-01
9.4848e-02
8.4201e-02
7.2546e-02
6.0665e-02
4.9548e-02
3.8301e-02
2.6860e-02
1.3878e-02
-1.8885e-04
-1.4434e-02
-2.8970e-02
-4.3263e-02
-5.5868e-02
-6.4996e-02
-7.1190e-02
-7.6556e-02
-8.2937e-02
-9.0899e-02
-9.7972e-02
-1.0083e-01
-9.8332e-02
-8.9829e-02
-7.6148e-02
-5.8255e-02
-3.7579e-02
-1.6317e-02
3.8042e-03
2.2069e-02
3.8597e-02
5.4763e-02
7.1038e-02
8.8017e-02
1.0514e-01
1.2036e-01
1.3207e-01
1.4063e-01
1.4601e-01
1.4792e-01
1.4844e-01
1.4778e-01
1.4652e-01
1.4491e-01
1.4234e-01
1.3872e-01
1.3409e-01
1.2752e-01
1.1857e-01
1.0711e-01
9.2034e-02
7.3199e-02
5.2031e-02
2.9540e-02
6.7111e-03
-1.5606e-02
-3.6395e-02
-5.5566e-02
-7.2551e-02
-8.7854e-02
-1.0109e-01
-1.1166e-01
-1.1985e-01
-1.2558e-01
-1.2993e-01
-1.3215e-01
-1.3078e-01
-1.2701e-01
-1.2215e-01
-1.1619e-01
-1.0981e-01
-1.0274e-01
-9.5314e-02
-8.8750e-02
-8.1881e-02
-7.3696e-02
-6.4546e-02
-5.5538e-02
-4.9114e-02
-4.5472e-02
-4.3040e-02
-4.1073e-02
-3.8700e-02
-3.5807e-02
-3.1849e-02
-2.5595e-02
-1.5762e-02
-9.3718e-04
1.8181e-02
3.9059e-02
5.9262e-02
7.7833e-02
9.4520e-02
1.0921e-01
1.2041e-01
1.2827e-01
1.3333e-01
1.3453e-01
1.3031e-01
1.2114e-01
1.0879e-01
9.4174e-02
7.7916e-02
5.9083e-02
3.8754e-02
1.8567e-02
5.3606e-04
-1.5858e-02
-3.1843e-02
-4.6591e-02
-6.0305e-02
-7.3529e-02
-8.5223e-02
-9.5751e-02
-1.0622e-01
-1.1586e-01
-1.2171e-01
-1.2194e-01
-1.1804e-01
-1.1160e-01
-1.0326e-01
-9.2431e-02
-7.8509e-02
-6.2135e-02
-4.5131e-02
-2.9169e-02
-1.4731e-02
-1.9586e-03
9.4149e-03
2.0043e-02
3.1062e-02
4.2125e-02
5.2469e-02
6.1874e-02
6.9808e-02
7.3861e-02
7.2904e-02
6.6865e-02
5.6712e-02
4.3543e-02
2.7227e-02
9.2659e-03
-7.3167e-03
-2.0181e-02
-2.7035e-02
-2.7696e-02
-2.3482e-02
-1.6469e-02
-7.5974e-03
2.1785e-03
9.9421e-03
1.2862e-02
1.2160e-02
1.0576e-02
9.6904e-03
1.0427e-02
1.4206e-02
2.0444e-02
2.6575e-02
3.1091e-02
3.3054e-02
3.2005e-02
2.7820e-02
2.0858e-02
1.2680e-02
3.3939e-03
-5.9511e-03
-1.4078e-02
-2.1891e-02
-2.9452e-02
-3.6905e-02
-4.3559e-02
-4.7349e-02
-4.7747e-02
-4.5128e-02
-4.0341e-02
-3.4554e-02
-2.7496e-02
-1.8512e-02
-8.0241e-03
3.8568e-03
1.5780e-02
2.6952e-02
3.6904e-02
4.5739e-02
5.4586e-02
6.3918e-02
7.2755e-02
8.0350e-02
8.6289e-02
8.9499e-02
8.8859e-02
8.3885e-02
7.4735e-02
6.2042e-02
4.6449e-02
2.9107e-02
9.7383e-03
-1.1662e-02
-3.3715e-02
-5.4083e-02
-7.1487e-02
-8.6331e-02
-9.9209e-02
-1.0994e-01
-1.1745e-01
-1.2040e-01
-1.1814e-01
-1.1255e-01
-1.0407e-01
-9.2548e-02
-7.9126e-02
-6.4582e-02
-5.0397e-02
-3.6801e-02
-2.2242e-02
-7.1845e-03
7.9097e-03
2.1159e-02
3.1413e-02
3.9022e-02
4.5161e-02
5.0669e-02
5.5121e-02
5.8165e-02
6.0113e-02
6.1422e-02
6.1771e-02
6.0497e-02
5.7416e-02
5.3034e-02
4.9368e-02
4.6350e-02
4.3521e-02
4.1131e-02
3.9334e-02
3.6785e-02
3.1803e-02
2.3358e-02
1.1231e-02
-2.7304e-03
-1.5681e-02
-2.5778e-02
-3.2654e-02
-3.7689e-02
-4.1290e-02
-4.4296e-02
-4.6949e-02
-4.8603e-02
-4.9126e-02
-4.8708e-02
-4.6860e-02
-4.3704e-02
-3.8648e-02
-3.1654e-02
-2.3324e-02
-1.4803e-02
-7.5956e-03
-2.6403e-03
7.8335e-05
7.4841e-04
3.7385e-04
-1.9282e-04
1.1330e-04
1.0508e-03
2.7663e-03
4.6672e-03
6.6574e-03
8.7783e-03
9.0440e-03
7.0197e-03
3.9632e-03
1.1139e-03
-6.4020e-04
-6.9768e-04
9.6693e-04
3.8535e-03
6.1233e-03
8.0914e-03
1.0113e-02
1.0691e-02
9.4066e-03
6.8800e-03
4.1852e-03
2.2288e-03
9.0210e-04
6.6000e-04
2.0253e-03
5.3509e-03
1.0236e-02
1.6669e-02
2.3514e-02
2.9564e-02
3.5103e-02
4.0241e-02
4.4934e-02
4.7408e-02
4.7424e-02
4.5509e-02
4.2287e-02
3.7377e-02
3.0328e-02
2.1024e-02
9.7788e-03
-2.6007e-03
-1.5480e-02
-2.8298e-02
-4.0715e-02
-5.1785e-02
-6.1310e-02
-6.7668e-02
-7.0077e-02
-6.8948e-02
-6.4792e-02
-5.8668e-02
-5.2537e-02
-4.6909e-02
-4.1645e-02
-3.6466e-02
-3.0442e-02
-2.4295e-02
-1.8448e-02
-1.2965e-02
-8.4832e-03
-4.5730e-03
-7.3406e-04
4.0551e-03
8.5434e-03
1.1660e-02
1.3388e-02
1.4356e-02
1.5202e-02
1.7061e-02
1.9340e-02
2.1460e-02
2.2168e-02
2.1053e-02
1.8395e-02
1.4098e-02
8.6946e-03
3.3818e-03
-4.2804e-04
-2.8453e-03
-3.5704e-03
-3.1450e-03
-2.2257e-03
-1.9866e-03
-3.0843e-03
-4.9931e-03
-7.0745e-03
-7.7058e-03
-6.7906e-03
-4.9656e-03
-2.3103e-03
3.5170e-04
1.9218e-03
2.2435e-03
2.0282e-03
2.1603e-03
3.4430e-03
5.9767e-03
8.8952e-03
1.1578e-02
1.3520e-02
1.4789e-02
1.4898e-02
1.3664e-02
1.1559e-02
9.3670e-03
6.7503e-03
4.2138e-03
2.6933e-03
1.9955e-03
1.1852e-03
5.8268e-04
6.3229e-04
2.2080e-03
5.7512e-03
9.8793e-03
1.3335e-02
1.5860e-02
1.6784e-02
1.5998e-02
1.2999e-02
8.8240e-03
4.1890e-03
-1.2130e-03
-6.5920e-03
-1.1080e-02
-1.4568e-02
-1.7318e-02
-1.8424e-02
-1.7041e-02
-1.4009e-02
-9.4188e-03
-3.2935e-03
2.5309e-03
7.3083e-03
1.1360e-02
1.4658e-02
1.7193e-02
1.8690e-02
1.9501e-02
2.0654e-02
2.1484e-02
2.0902e-02
1.9615e-02
1.8263e-02
1.6374e-02
1.3108e-02
8.6546e-03
3.0902e-03
-3.4568e-03
-9.9745e-03
-1.6274e-02
-2.1067e-02
-2.4269e-02
-2.6313e-02
-2.6999e-02
-2.5165e-02
-2.1406e-02
-1.6822e-02
-1.1510e-02
-5.9003e-03
-2.3345e-04
5.5151e-03
1.1237e-02
1.6642e-02
2.1315e-02
2.5656e-02
2.9898e-02
3.3797e-02
3.7208e-02
4.1033e-02
4.5629e-02
5.0781e-02
5.5375e-02
5.8583e-02
6.0135e-02
5.9420e-02
5.6295e-02
5.0449e-02
4.3017e-02
3.4698e-02
2.6330e-02
1.9038e-02
1.3003e-02
7.8058e-03
2.8828e-03
-2.7842e-03
-9.0465e-03
-1.4253e-02
-1.8393e-02
-2.1359e-02
-2.3193e-02
-2.4330e-02
-2.4775e-02
-2.4853e-02
-2.4610e-02
-2.3630e-02
-2.2254e-02
-2.0698e-02
-1.9114e-02
-1.7932e-02
-1.7899e-02
-1.8722e-02
-1.9104e-02
-1.8362e-02
-1.6283e-02
-1.1816e-02
-5.5923e-03
1.9006e-03
9.4652e-03
1.6753e-02
2.3716e-02
2.9341e-02
3.3002e-02
3.4850e-02
3.4631e-02
3.1397e-02
2.5603e-02
1.7926e-02
9.4850e-03
5.4517e-04
-9.6503e-03
-2.0552e-02
-3.2359e-02
-4.3947e-02
-5.4592e-02
-6.4265e-02
-7.1727e-02
-7.6334e-02
-7.8446e-02
-7.8897e-02
-7.7693e-02
-7.3598e-02
-6.5839e-02
-5.5315e-02
-4.3727e-02
-3.1365e-02
-1.8354e-02
-4.6643e-03
8.7138e-03
2.0906e-02
3.0785e-02
3.8773e-02
4.4868e-02
4.9629e-02
5.4092e-02
5.7976e-02
6.0101e-02
6.0183e-02
5.8292e-02
5.4755e-02
4.8999e-02
4.1528e-02
3.2419e-02
2.2023e-02
1.1005e-02
8.7157e-04
-6.4948e-03
-1.0488e-02
-1.1663e-02
-1.0583e-02
-8.3696e-03
-6.8068e-03
-6.0332e-03
-5.3755e-03
-5.1400e-03
-5.1287e-03
-4.5468e-03
-3.1456e-03
-1.9803e-03
-7.6961e-04
4.2928e-04
4.9717e-04
-4.6205e-04
-1.8806e-03
-3.2282e-03
-4.8954e-03
-7.2364e-03
-1.0184e-02
-1.3351e-02
-1.6628e-02
-1.9032e-02
-2.1589e-02
-2.4503e-02
-2.7201e-02
-2.8783e-02
-2.9149e-02
-2.9047e-02
-2.9092e-02
-2.9318e-02
-2.9271e-02
-2.7755e-02
-2.4336e-02
-1.9973e-02
-1.5561e-02
-1.1397e-02
-8.1607e-03
-5.9297e-03
-4.9525e-03
-3.8477e-03
-2.2499e-03
-4.6011e-04
9.2516e-04
3.0630e-03
5.6480e-03
7.5884e-03
8.8501e-03
9.2169e-03
9.0461e-03
8.7905e-03
9.1951e-03
1.1478e-02
1.5380e-02
1.9835e-02
2.4038e-02
2.7186e-02
2.8792e-02
2.8651e-02
2.6882e-02
2.4718e-02
2.2226e-02
1.9775e-02
1.7768e-02
1.5303e-02
1.2223e-02
8.6801e-03
5.2230e-03
1.4160e-03
-3.0450e-03
-8.2317e-03
-1.3935e-02
-1.9955e-02
-2.6444e-02
-3.2484e-02
-3.7991e-02
-4.2890e-02
-4.7182e-02
-4.9752e-02
-4.9395e-02
-4.6738e-02
-4.2652e-02
-3.7472e-02
-3.1443e-02
-2.3861e-02
-1.5095e-02
-5.2795e-03
4.6849e-03
1.3181e-02
1.8682e-02
2.0958e-02
1.9681e-02
1.6423e-02
1.2322e-02
8.3434e-03
5.5756e-03
3.5413e-03
8.6106e-04
-2.7816e-03
-6.2417e-03
-9.0733e-03
-1.0598e-02
-1.0586e-02
-9.7112e-03
-9.3348e-03
-9.7096e-03
-1.0314e-02
-9.8761e-03
-8.3741e-03
-5.7631e-03
-1.5916e-03
3.9756e-03
1.0414e-02
1.6485e-02
2.2307e-02
2.8025e-02
3.3257e-02
3.7111e-02
3.9846e-02
4.1070e-02
4.0486e-02
3.9087e-02
3.7424e-02
3.5287e-02
3.2972e-02
2.9837e-02
2.6498e-02
2.2627e-02
1.7816e-02
1.2082e-02
6.6033e-03
1.2454e-03
-3.7695e-03
-7.7124e-03
-1.1798e-02
-1.5791e-02
-1.8664e-02
-2.0388e-02
-2.2321e-02
-2.5616e-02
-2.9579e-02
-3.3598e-02
-3.8189e-02
-4.1776e-02
-4.3346e-02
-4.2336e-02
-3.8647e-02
-3.3085e-02
-2.6273e-02
-1.9074e-02
-1.2181e-02
-6.2900e-03
-1.5284e-03
2.4311e-03
5.4721e-03
8.1404e-03
1.1460e-02
1.6368e-02
2.2151e-02
2.7742e-02
3.2448e-02
3.5712e-02
3.6883e-02
3.4836e-02
3.0116e-02
2.3799e-02
1.5954e-02
7.5887e-03
-2.8008e-05
-6.6628e-03
-1.1710e-02
-1.5844e-02
-1.9169e-02
-2.1548e-02
-2.2427e-02
-2.2306e-02
-2.1355e-02
-1.9422e-02
-1.6106e-02
-1.1940e-02
-7.1179e-03
-1.0989e-03
5.1703e-03
1.1653e-02
1.8130e-02
2.4624e-02
3.0301e-02
3.4424e-02
3.7600e-02
3.8814e-02
3.8590e-02
3.7301e-02
3.5235e-02
3.3079e-02
3.0200e-02
2.6943e-02
2.4766e-02
2.3081e-02
2.0858e-02
1.8019e-02
1.4004e-02
8.2070e-03
4.8676e-04
-8.1030e-03
-1.6708e-02
-2.5054e-02
-3.2665e-02
-3.9422e-02
-4.4480e-02
-4.7519e-02
-4.7963e-02
-4.5430e-02
-4.0298e-02
-3.3641e-02
-2.6334e-02
-1.8297e-02
-9.5299e-03
-2.6504e-05
9.6688e-03
1.8971e-02
2.8194e-02
3.6315e-02
4.2849e-02
4.6742e-02
4.8161e-02
4.7597e-02
4.5595e-02
4.2194e-02
3.8050e-02
3.3603e-02
2.8292e-02
2.2324e-02
1.5856e-02
9.8122e-03
4.1118e-03
-1.5981e-03
-7.3237e-03
-1.2734e-02
-1.7393e-02
-2.1694e-02
-2.5978e-02
-3.0041e-02
-3.3430e-02
-3.6050e-02
-3.7635e-02
-3.8148e-02
-3.8026e-02
-3.6813e-02
-3.4235e-02
-3.0378e-02
-2.5757e-02
-2.0632e-02
-1.5929e-02
-1.1933e-02
-8.7375e-03
-5.9088e-03
-3.0814e-03
-2.5995e-04
2.5356e-03
5.3627e-03
8.4395e-03
1.1997e-02
1.5553e-02
1.9294e-02
2.2635e-02
2.5084e-02
2.6093e-02
2.5691e-02
2.3429e-02
1.9330e-02
1.4113e-02
8.2309e-03
1.6670e-03
-5.7136e-03
-1.3948e-02
-2.2438e-02
-2.9831e-02
-3.5535e-02
-3.9187e-02
-4.1470e-02
-4.2362e-02
-4.2623e-02
-4.2127e-02
-3.9805e-02
-3.6021e-02
-3.1884e-02
-2.7472e-02
-2.2042e-02
-1.5053e-02
-6.9578e-03
1.3211e-03
9.1934e-03
1.7199e-02
2.4520e-02
3.0364e-02
3.4207e-02
3.6168e-02
3.5825e-02
3.4706e-02
3.4162e-02
3.3828e-02
3.3541e-02
3.3980e-02
3.4076e-02
3.3176e-02
3.1843e-02
3.0071e-02
2.7562e-02
2.4752e-02
2.2243e-02
2.0141e-02
1.7696e-02
1.4879e-02
1.2110e-02
9.3219e-03
6.2454e-03
2.3490e-03
-1.8689e-03
-5.9575e-03
-9.6279e-03
-1.3102e-02
-1.5345e-02
-1.6195e-02
-1.5812e-02
-1.5398e-02
-1.5350e-02
-1.5262e-02
-1.5295e-02
-1.5665e-02
-1.6588e-02
-1.6832e-02
-1.5675e-02
-1.3147e-02
-9.8739e-03
-6.4559e-03
-4.1323e-03
-2.7108e-03
-1.9499e-03
-2.0153e-03
-1.6093e-03
-1.2326e-03
-1.1877e-03
-1.2278e-03
-1.3398e-03
-1.1035e-03
-1.9330e-04
1.2587e-03
3.0557e-03
5.1426e-03
6.2106e-03
5.9583e-03
3.4282e-03
-1.6923e-03
-8.4299e-03
-1.5697e-02
-2.2937e-02
-2.9557e-02
-3.4758e-02
-3.8788e-02
-4.1520e-02
-4.2777e-02
-4.3437e-02
-4.2563e-02
-3.9961e-02
-3.6143e-02
-3.1643e-02
-2.6446e-02
-2.0621e-02
-1.3937e-02
-6.5095e-03
1.3987e-03
8.9446e-03
1.5848e-02
2.2084e-02
2.7594e-02
3.1840e-02
3.4217e-02
3.5282e-02
3.4707e-02
3.2704e-02
2.9228e-02
2.5321e-02
2.1759e-02
1.7820e-02
1.3785e-02
1.0394e-02
7.7983e-03
6.3351e-03
5.6486e-03
4.6549e-03
3.5323e-03
2.7340e-03
1.8666e-03
1.4960e-03
1.8027e-03
2.5869e-03
3.0949e-03
3.1639e-03
2.8326e-03
1.7740e-03
6.4973e-04
-1.1972e-04
-9.1938e-04
-1.3216e-03
-1.0634e-03
-1.8244e-04
1.1317e-03
2.9637e-03
6.2746e-03
1.0712e-02
1.6440e-02
2.3007e-02
2.9031e-02
3.3642e-02
3.6533e-02
3.7170e-02
3.5784e-02
3.2355e-02
2.7501e-02
2.1343e-02
1.5215e-02
9.7574e-03
5.1269e-03
9.2631e-04
-3.2287e-03
-7.4796e-03
-1.2056e-02
-1.7055e-02
-2.1761e-02
-2.6185e-02
-3.0306e-02
-3.3356e-02
-3.4957e-02
-3.5339e-02
-3.5205e-02
-3.5059e-02
-3.5299e-02
-3.6470e-02
-3.8089e-02
-3.9150e-02
-3.8401e-02
-3.5857e-02
-3.1840e-02
-2.6342e-02
-1.9329e-02
-1.1138e-02
-2.8227e-03
4.7157e-03
1.1596e-02
1.7822e-02
2.3391e-02
2.7596e-02
2.9889e-02
3.1027e-02
3.1342e-02
3.1331e-02
3.1376e-02
3.1448e-02
3.1455e-02
3.1098e-02
3.0390e-02
3.0051e-02
2.9868e-02
2.8950e-02
2.7314e-02
2.4762e-02
2.1893e-02
1.9258e-02
1.7201e-02
1.5165e-02
1.3208e-02
1.0507e-02
6.7388e-03
2.4695e-03
-2.1505e-03
-7.2083e-03
-1.1870e-02
-1.5964e-02
-1.9345e-02
-2.2050e-02
-2.3595e-02
-2.3724e-02
-2.2991e-02
-2.2299e-02
-2.1332e-02
-2.0046e-02
-1.8374e-02
-1.5894e-02
-1.3003e-02
-1.0145e-02
-7.5616e-03
-5.4404e-03
-3.2635e-03
-1.4668e-03
2.8139e-05
1.4294e-03
2.5574e-03
3.2882e-03
4.1109e-03
4.5615e-03
4.4096e-03
3.4703e-03
1.7640e-03
-7.3440e-04
-3.5896e-03
-6.1857e-03
-8.3397e-03
-1.0457e-02
-1.2220e-02
-1.3729e-02
-1.5310e-02
-1.6494e-02
-1.6642e-02
-1.5667e-02
-1.4359e-02
-1.2710e-02
-1.0126e-02
-6.3576e-03
-1.8368e-03
3.4880e-03
9.1650e-03
1.4902e-02
2.0542e-02
2.5924e-02
3.0947e-02
3.6095e-02
4.0593e-02
4.3781e-02
4.5486e-02
4.5468e-02
4.3563e-02
4.0211e-02
3.5288e-02
2.9526e-02
2.3782e-02
1.8410e-02
1.3806e-02
9.2563e-03
4.3330e-03
-4.0203e-04
-5.0138e-03
-9.6847e-03
-1.3550e-02
-1.7531e-02
-2.1725e-02
-2.5637e-02
-2.9151e-02
-3.3050e-02
-3.7313e-02
-4.1392e-02
-4.4808e-02
-4.7503e-02
-4.9092e-02
-4.9279e-02
-4.8333e-02
-4.6640e-02
-4.4238e-02
-4.1389e-02
-3.8275e-02
-3.4752e-02
-3.1357e-02
-2.7526e-02
-2.3030e-02
-1.7776e-02
-1.2178e-02
-6.4966e-03
-4.2232e-04
6.0630e-03
1.1932e-02
1.6659e-02
2.0712e-02
2.4021e-02
2.6734e-02
2.8350e-02
2.8589e-02
2.7638e-02
2.5930e-02
2.3390e-02
2.0505e-02
1.7933e-02
1.6126e-02
1.4652e-02
1.3168e-02
1.1945e-02
1.1537e-02
1.1847e-02
1.2574e-02
1.2988e-02
1.3329e-02
1.4062e-02
1.4433e-02
1.4495e-02
1.4500e-02
1.4467e-02
1.4391e-02
1.4333e-02
1.4652e-02
1.5669e-02
1.6828e-02
1.7588e-02
1.8409e-02
1.8800e-02
1.8618e-02
1.7759e-02
1.6227e-02
1.3571e-02
9.3864e-03
4.1190e-03
-1.2669e-03
-6.2507e-03
-1.1555e-02
-1.6896e-02
-2.1658e-02
-2.6078e-02
-3.0102e-02
-3.3061e-02
-3.4946e-02
-3.6393e-02
-3.7564e-02
-3.8031e-02
-3.7871e-02
-3.6950e-02
-3.5324e-02
-3.2682e-02
-2.8975e-02
-2.4565e-02
-1.9024e-02
-1.2284e-02
-5.0276e-03
1.9738e-03
7.8649e-03
1.2299e-02
1.5556e-02
1.8085e-02
1.9931e-02
2.1436e-02
2.2730e-02
2.3269e-02
2.2849e-02
2.0863e-02
1.7781e-02
1.3856e-02
9.4780e-03
5.1715e-03
1.4255e-03
-1.1665e-03
-3.4084e-03
-4.8886e-03
-5.3159e-03
-5.4113e-03
-5.4151e-03
-5.1021e-03
-4.1106e-03
-3.0251e-03
-2.2502e-03
-1.1631e-03
-8.1008e-05
3.2395e-04
4.3939e-04
4.8368e-04
2.0244e-04
-8.5827e-04
-2.2504e-03
-3.3775e-03
-4.1069e-03
-5.1337e-03
-6.2613e-03
-6.9267e-03
-7.6387e-03
-8.2659e-03
-9.3610e-03
-1.0759e-02
-1.1900e-02
-1.2652e-02
-1.3471e-02
-1.3907e-02
-1.3639e-02
-1.2642e-02
-1.1285e-02
-9.9256e-03
-8.1672e-03
-5.7693e-03
-3.1992e-03
-1.0453e-03
1.2539e-03
3.1417e-03
4.3277e-03
4.3923e-03
3.6938e-03
3.2629e-03
2.9184e-03
2.1958e-03
1.8242e-03
1.7172e-03
1.7392e-03
2.0126e-03
2.7043e-03
3.3475e-03
4.3934e-03
5.7879e-03
7.2399e-03
8.7287e-03
1.0113e-02
1.1244e-02
1.2022e-02
1.2881e-02
1.3087e-02
1.2143e-02
1.0401e-02
7.9132e-03
5.4243e-03
3.3208e-03
8.4170e-04
-1.9568e-03
-4.5380e-03
-6.7098e-03
-8.8591e-03
-1.0717e-02
-1.2214e-02
-1.3454e-02
-1.3817e-02
-1.3564e-02
-1.2762e-02
-1.2156e-02
-1.1431e-02
-1.0724e-02
-9.6028e-03
-8.5811e-03
-8.2572e-03
-7.7935e-03
-6.0998e-03
-3.7415e-03
-5.6340e-04
2.6424e-03
5.9170e-03
9.6434e-03
1.2648e-02
1.4259e-02
1.4709e-02
1.4660e-02
1.4340e-02
1.3575e-02
1.2987e-02
1.2349e-02
1.1712e-02
1.0304e-02
8.1490e-03
6.5809e-03
5.7790e-03
4.9776e-03
4.6425e-03
4.9431e-03
5.7043e-03
6.1198e-03
6.1499e-03
6.1404e-03
6.1012e-03
6.0545e-03
6.0271e-03
6.2913e-03
7.0665e-03
7.8463e-03
8.6130e-03
8.7452e-03
8.1491e-03
7.5774e-03
6.1870e-03
3.7040e-03
1.0319e-03
-8.8543e-04
-2.0199e-03
-2.3569e-03
-2.4016e-03
-2.4614e-03
-2.2308e-03
-1.2996e-03
1.2207e-04
1.8778e-03
4.0107e-03
5.8130e-03
7.5900e-03
9.7228e-03
1.1504e-02
1.3009e-02
1.4498e-02
1.5708e-02
1.6202e-02
1.5942e-02
1.4914e-02
1.3468e-02
1.2024e-02
1.0539e-02
9.2206e-03
8.1252e-03
7.2263e-03
5.4794e-03
3.4446e-03
9.7854e-04
-1.7731e-03
-4.6756e-03
-7.8915e-03
-1.1201e-02
-1.3496e-02
-1.5107e-02
-1.6272e-02
-1.6321e-02
-1.5333e-02
-1.4199e-02
-1.3420e-02
-1.2415e-02
-1.1413e-02
-1.0797e-02
-9.6895e-03
-8.0485e-03
-6.1672e-03
-4.7586e-03
-2.9590e-03
-1.2121e-03
2.2605e-04
1.7162e-03
3.1052e-03
4.2931e-03
5.0121e-03
5.7706e-03
6.1183e-03
6.1970e-03
6.2743e-03
6.0901e-03
5.1600e-03
3.4329e-03
9.2653e-04
-1.7202e-03
-3.6997e-03
-5.0321e-03
-5.1774e-03
-3.8473e-03
-1.3838e-03
1.2225e-03
3.4385e-03
5.5765e-03
7.1095e-03
7.9378e-03
8.7811e-03
8.7976e-03
7.8094e-03
6.6460e-03
5.9519e-03
5.1728e-03
4.5120e-03
3.7440e-03
3.3708e-03
3.2880e-03
3.2065e-03
3.3939e-03
4.3900e-03
6.1531e-03
8.4455e-03
1.0315e-02
1.1454e-02
1.1890e-02
1.2018e-02
1.1828e-02
1.0547e-02
8.1292e-03
5.3178e-03
2.5073e-03
-5.4885e-04
-4.3093e-03
-8.5504e-03
-1.3143e-02
-1.8160e-02
-2.2881e-02
-2.7282e-02
-3.1314e-02
-3.4275e-02
-3.6221e-02
-3.7657e-02
-3.8541e-02
-3.8302e-02
-3.7737e-02
-3.6419e-02
-3.4128e-02
-3.1315e-02
-2.7926e-02
-2.3642e-02
-1.9448e-02
-1.4773e-02
-1.0150e-02
-5.8386e-03
-1.5920e-03
2.3564e-03
6.0149e-03
9.6984e-03
1.2693e-02
1.4502e-02
1.5686e-02
1.6437e-02
1.7219e-02
1.7272e-02
1.6527e-02
1.6107e-02
1.6070e-02
1.6169e-02
1.6195e-02
1.5911e-02
1.5196e-02
1.4594e-02
1.3631e-02
1.2062e-02
9.6761e-03
6.5482e-03
2.8479e-03
-7.9530e-04
-4.1023e-03
-6.2902e-03
-7.7861e-03
-9.3334e-03
-1.0473e-02
-1.0644e-02
-9.8497e-03
-9.1672e-03
-8.4369e-03
-7.9164e-03
-6.8866e-03
-5.1619e-03
-2.9523e-03
-1.0963e-03
3.8700e-04
1.7544e-03
2.8346e-03
3.5875e-03
4.6210e-03
5.6781e-03
6.3268e-03
7.3703e-03
8.8132e-03
1.0337e-02
1.1556e-02
1.1955e-02
1.1715e-02
1.1003e-02
1.0252e-02
9.1507e-03
8.0604e-03
7.7208e-03
7.4624e-03
6.6234e-03
5.2235e-03
3.2119e-03
2.9258e-04
-2.2890e-03
-4.8493e-03
-7.0478e-03
-8.1689e-03
-9.2793e-03
-1.0372e-02
-1.0788e-02
-1.0898e-02
-1.0883e-02
-1.0621e-02
-9.8437e-03
-9.1044e-03
-8.3136e-03
-8.0285e-03
-8.0763e-03
-7.7705e-03
-6.7693e-03
-5.6505e-03
-4.9049e-03
-3.8778e-03
-2.7667e-03
-2.0180e-03
-1.2106e-03
-8.4482e-04
-8.4912e-04
-9.2526e-04
-9.2740e-04
-6.0620e-04
7.9386e-05
4.5863e-04
7.9487e-04
1.5370e-03
2.0014e-03
2.1243e-03
1.8387e-03
7.3931e-04
-6.4487e-04
-1.8200e-03
-2.5644e-03
-3.3894e-03
-3.7618e-03
-3.4927e-03
-2.7102e-03
-2.0548e-03
-1.4286e-03
-8.0344e-04
5.3736e-04
2.7206e-03
4.5357e-03
5.9968e-03
7.3851e-03
8.8663e-03
1.0337e-02
1.1429e-02
1.1837e-02
1.2178e-02
1.2874e-02
1.3170e-02
1.3232e-02
1.3638e-02
1.4435e-02
1.4517e-02
1.3522e-02
1.2404e-02
1.1682e-02
1.0698e-02
9.3889e-03
7.9748e-03
6.2669e-03
4.1591e-03
2.0176e-03
-4.3875e-04
-2.9902e-03
-5.0644e-03
-7.2713e-03
-9.3438e-03
-1.1551e-02
-1.3420e-02
-1.4926e-02
-1.6066e-02
-1.6484e-02
-1.6546e-02
-1.6354e-02
-1.5502e-02
-1.3916e-02
-1.1120e-02
-7.1919e-03
-3.2090e-03
5.4260e-05
3.0153e-03
5.9260e-03
8.2344e-03
9.1464e-03
9.2875e-03
8.9790e-03
7.6599e-03
5.5440e-03
3.4453e-03
1.2239e-03
-9.4487e-04
-3.1047e-03
-4.6656e-03
-5.4079e-03
-6.2253e-03
-6.5421e-03
-6.3482e-03
-5.7051e-03
-5.0722e-03
-3.7557e-03
-1.6084e-03
5.5079e-04
2.7613e-03
4.5411e-03
5.9483e-03
7.4340e-03
8.8758e-03
1.0091e-02
1.0559e-02
1.0647e-02
1.0265e-02
9.2445e-03
8.0824e-03
7.4164e-03
6.6318e-03
6.0376e-03
5.2451e-03
4.6030e-03
3.7988e-03
3.1503e-03
2.3944e-03
1.8266e-03
1.0519e-03
7.5838e-05
-1.4467e-03
-2.4918e-03
-3.2870e-03
-3.9256e-03
-4.6613e-03
-5.3246e-03
-6.0641e-03
-6.7482e-03
-7.5842e-03
-8.3230e-03
-8.7488e-03
-8.3883e-03
-7.9752e-03
-7.9565e-03
-7.9396e-03
-8.0045e-03
-7.9738e-03
-7.9897e-03
-7.9604e-03
-7.9860e-03
-7.9738e-03
-7.9942e-03
-7.9624e-03
-7.9568e-03
-7.9575e-03
-8.0626e-03
-8.1043e-03
-7.7812e-03
-6.7416e-03
-5.6726e-03
-4.9930e-03
-3.9709e-03
-2.5230e-03
-1.0592e-03
1.4013e-04
7.4434e-04
1.3437e-03
1.9447e-03
3.3482e-03
5.5872e-03
7.4301e-03
8.6330e-03
9.3214e-03
1.0050e-02
1.0452e-02
1.0491e-02
1.0476e-02
1.0356e-02
1.0368e-02
1.0698e-02
1.1521e-02
1.1899e-02
1.1684e-02
1.0974e-02
1.0317e-02
9.2827e-03
7.8845e-03
6.4025e-03
4.9426e-03
3.7808e-03
3.0732e-03
2.3858e-03
2.0015e-03
1.6586e-03
9.3453e-04
5.7143e-04
2.9367e-04
-3.3769e-04
-1.0383e-03
-2.1816e-03
-3.4076e-03
-3.8176e-03
-3.5748e-03
-2.7727e-03
-2.0983e-03
-1.3009e-03
-6.3753e-04
4.5971e-05
4.2537e-04
7.6300e-04
1.5174e-03
1.9068e-03
1.9947e-03
1.9626e-03
1.6934e-03
1.0775e-03
4.3957e-04
-8.6270e-04
-3.0010e-03
-5.0666e-03
-7.3042e-03
-9.4633e-03
-1.1706e-02
-1.3310e-02
-1.3824e-02
-1.3633e-02
-1.2563e-02
-1.0820e-02
-8.6312e-03
-6.8226e-03
-5.4185e-03
-4.0030e-03
-2.5289e-03
-1.0193e-03
5.7529e-05
4.4975e-04
6.9510e-04
1.4361e-03
2.0840e-03
2.8918e-03
3.5152e-03
4.2972e-03
5.0079e-03
5.7978e-03
6.1713e-03
6.1624e-03
6.1497e-03
6.2082e-03
6.2896e-03
6.0310e-03
5.0165e-03
3.6511e-03
2.2033e-03
5.2513e-04
-1.6026e-03
-3.6778e-03
-5.9444e-03
-8.0654e-03
-1.0006e-02
-1.1183e-02
-1.1992e-02
-1.2101e-02
-1.1171e-02
-9.8585e-03
-8.1113e-03
-5.6372e-03
-2.8105e-03
-2.1820e-04
1.9881e-03
4.1418e-03
5.7028e-03
6.5098e-03
7.2626e-03
7.2815e-03
6.6387e-03
6.2788e-03
5.9185e-03
4.9457e-03
3.8872e-03
3.1073e-03
1.9916e-03
8.7475e-04
4.7738e-04
4.5256e-04
4.4067e-04
4.1779e-04
6.0974e-04
1.3532e-03
2.3275e-03
3.8146e-03
4.9215e-03
6.0384e-03
7.1915e-03
7.6147e-03
7.6603e-03
7.3461e-03
6.6772e-03
6.0273e-03
4.9877e-03
3.5020e-03
2.0789e-03
8.9866e-04
2.6941e-04
-5.1211e-04
-1.1740e-03
-1.8982e-03
-2.2298e-03
-2.5706e-03
-3.5502e-03
-4.6267e-03
-5.4061e-03
-6.5215e-03
-7.6248e-03
-8.0170e-03
-8.0552e-03
-8.1083e-03
-8.1499e-03
-7.8221e-03
-6.7943e-03
-5.7262e-03
-5.1058e-03
-4.0805e-03
-2.3921e-03
-2.2814e-04
1.6309e-03
3.1552e-03
4.6187e-03
5.6737e-03
6.0745e-03
6.3446e-03
7.1110e-03
7.7883e-03
8.5121e-03
8.8829e-03
9.3152e-03
1.0148e-02
1.0264e-02
9.2218e-03
7.7774e-03
6.5670e-03
5.8577e-03
5.0970e-03
4.6554e-03
4.6063e-03
4.9423e-03
5.7969e-03
6.2547e-03
6.0349e-03
5.0421e-03
3.6078e-03
1.9173e-03
-2.3452e-04
-2.3250e-03
-4.5655e-03
-6.5033e-03
-8.0018e-03
-8.8420e-03
-8.5256e-03
-8.1398e-03
-7.7534e-03
-7.0111e-03
-6.6440e-03
-6.5839e-03
-6.6007e-03
-6.6949e-03
-6.7744e-03
-6.5231e-03
-5.4906e-03
-4.0130e-03
-2.5447e-03
-1.3511e-03
-6.6381e-04
-8.8219e-06
2.9622e-04
6.5461e-04
1.6683e-03
2.7308e-03
3.4403e-03
4.5121e-03
5.8901e-03
7.0809e-03
7.8900e-03
8.6184e-03
8.7312e-03
8.1225e-03
7.5494e-03
6.2208e-03
3.8394e-03
9.8092e-04
-1.9561e-03
-4.8577e-03
-7.4043e-03
-9.2798e-03
-1.0764e-02
-1.1965e-02
-1.2409e-02
-1.2193e-02
-1.1192e-02
-9.7846e-03
-8.1137e-03
-6.0585e-03
-3.9093e-03
-1.1324e-03
2.0878e-03
4.5470e-03
7.1396e-03
1.0025e-02
1.2597e-02
1.4174e-02
1.4943e-02
1.5680e-02
1.5876e-02
1.5265e-02
1.4288e-02
1.2201e-02
9.7853e-03
7.6329e-03
4.9422e-03
1.7090e-03
-1.1804e-03
-4.5001e-03
-7.3494e-03
-9.1971e-03
-1.0941e-02
-1.3035e-02
-1.4844e-02
-1.6373e-02
-1.7864e-02
-1.9064e-02
-1.9527e-02
-1.9282e-02
-1.8318e-02
-1.6946e-02
-1.5204e-02
-1.2761e-02
-1.0210e-02
-8.0346e-03
-5.8432e-03
-4.0660e-03
-2.6314e-03
-1.2197e-03
1.6719e-04
1.5910e-03
3.0058e-03
4.4371e-03
5.8860e-03
7.3102e-03
8.5365e-03
9.3435e-03
9.8717e-03
9.2816e-03
7.8561e-03
6.0906e-03
3.9561e-03
2.1988e-03
4.0618e-04
-1.8217e-03
-3.6821e-03
-4.7942e-03
-5.1750e-03
-5.4860e-03
-6.2933e-03
-6.6751e-03
-6.4743e-03
-5.7802e-03
-5.1614e-03
-4.0863e-03
-2.3793e-03
-3.0624e-04
1.4456e-03
3.2096e-03
5.7300e-03
8.3249e-03
1.0169e-02
1.1319e-02
1.2095e-02
1.2918e-02
1.3043e-02
1.1971e-02
1.0571e-02
9.4085e-03
8.7644e-03
7.7605e-03
6.4585e-03
5.0159e-03
3.3193e-03
1.1376e-03
-9.8252e-04
-3.1995e-03
-4.9922e-03
-6.4244e-03
-7.8183e-03
-9.2175e-03
-1.0661e-02
-1.2132e-02
-1.3535e-02
-1.4677e-02
-1.5406e-02
-1.6252e-02
-1.6690e-02
-1.6454e-02
-1.5433e-02
-1.4030e-02
-1.2584e-02
-1.0937e-02
-8.9323e-03
-6.8683e-03
-4.0869e-03
-5.0140e-04
2.8050e-03
5.7574e-03
8.3029e-03
1.0155e-02
1.1634e-02
1.2784e-02
1.3233e-02
1.3248e-02
1.2960e-02
1.2260e-02
1.1628e-02
1.0608e-02
9.2229e-03
7.7754e-03
6.2764e-03
4.8810e-03
3.7421e-03
2.9996e-03
2.1422e-03
1.7127e-03
2.0285e-03
3.0588e-03
4.1831e-03
4.8362e-03
5.8492e-03
7.1999e-03
8.7260e-03
1.0244e-02
1.1447e-02
1.1818e-02
1.1586e-02
1.0887e-02
1.0222e-02
9.0934e-03
7.6955e-03
6.6056e-03
5.9982e-03
4.9971e-03
3.3470e-03
1.1639e-03
-9.4494e-04
-3.1576e-03
-5.2605e-03
-7.3552e-03
-9.1497e-03
-1.0918e-02
-1.3178e-02
-1.5020e-02
-1.6158e-02
-1.6528e-02
-1.6832e-02
-1.7573e-02
-1.7979e-02
-1.8067e-02
-1.8036e-02
-1.7815e-02
-1.7216e-02
-1.6373e-02
-1.4339e-02
-1.1283e-02
-7.6528e-03
-3.9963e-03
-3.4555e-04
2.6727e-03
4.5797e-03
5.8145e-03
6.1543e-03
5.8552e-03
5.1091e-03
4.6656e-03
4.3909e-03
3.9922e-03
4.0427e-03
3.6218e-03
3.2622e-03
3.2705e-03
3.3055e-03
3.2860e-03
2.9397e-03
2.5064e-03
2.7856e-03
3.1640e-03
3.4720e-03
4.2504e-03
4.8627e-03
5.6575e-03
6.2773e-03
7.0669e-03
7.7783e-03
8.5667e-03
8.9543e-03
8.9509e-03
8.9278e-03
8.9121e-03
9.0006e-03
9.0249e-03
8.7676e-03
7.9804e-03
7.2585e-03
6.5113e-03
6.1539e-03
5.9051e-03
5.2139e-03
4.5093e-03
3.4303e-03
2.3103e-03
1.6356e-03
8.3406e-04
1.5270e-04
-5.3984e-04
-8.4794e-04
-1.1170e-03
-2.1346e-03
-3.5213e-03
-4.9727e-03
-6.4050e-03
-7.8939e-03
-9.3719e-03
-1.0520e-02
-1.0919e-02
-1.0980e-02
-1.1017e-02
-1.0776e-02
-9.8493e-03
-8.4162e-03
-6.6330e-03
-4.4550e-03
-2.7100e-03
-1.2038e-03
4.8741e-04
2.3228e-03
3.4565e-03
4.5719e-03
5.6761e-03
6.1327e-03
6.2594e-03
6.0265e-03
5.0132e-03
3.3326e-03
1.1437e-03
-9.7631e-04
-3.1541e-03
-5.0441e-03
-6.5943e-03
-7.7652e-03
-7.8629e-03
-7.1881e-03
-6.5006e-03
-5.5222e-03
-4.1330e-03
-2.4607e-03
-2.7210e-04
1.7654e-03
3.9701e-03
6.0884e-03
8.3698e-03
1.0245e-02
1.1408e-02
1.1786e-02
1.1756e-02
1.1745e-02
1.1740e-02
1.1770e-02
1.1757e-02
1.1754e-02
1.1754e-02
1.1814e-02
1.1810e-02
1.1569e-02
1.0888e-02
1.0244e-02
9.1838e-03
7.7903e-03
6.3726e-03
4.9427e-03
3.5067e-03
2.0248e-03
6.2395e-04
-4.5895e-04
-1.1738e-03
-2.2129e-03
-3.3398e-03
-4.0051e-03
-4.7466e-03
-5.4181e-03
-6.4546e-03
-7.5415e-03
-8.2726e-03
-9.3142e-03
-1.0439e-02
-1.1168e-02
-1.1935e-02
-1.2292e-02
-1.2376e-02
-1.2376e-02
-1.2101e-02
-1.1368e-02
-1.0711e-02
-9.9400e-03
-9.3025e-03
-8.5374e-03
-7.8131e-03
-7.0408e-03
-6.6281e-03
-6.6231e-03
-6.6434e-03
-6.7443e-03
-6.7083e-03
-6.4048e-03
-5.6831e-03
-5.2853e-03
-4.9355e-03
-4.2803e-03
-3.9053e-03
-3.5369e-03
-2.7673e-03
-2.3690e-03
-2.3401e-03
-2.4525e-03
-2.5446e-03
-2.2114e-03
-1.1612e-03
-2.3101e-06
6.5754e-04
1.3389e-03
1.9534e-03
3.0645e-03
4.4986e-03
5.6562e-03
6.3317e-03
7.0720e-03
7.7781e-03
8.5619e-03
8.9724e-03
8.9588e-03
8.9441e-03
8.9174e-03
9.0163e-03
9.0307e-03
8.7760e-03
7.9797e-03
7.2780e-03
6.5492e-03
6.1844e-03
5.8399e-03
5.0834e-03
4.7017e-03
4.6749e-03
4.7091e-03
4.6997e-03
4.6018e-03
4.6051e-03
5.0008e-03
5.7861e-03
5.9200e-03
5.1951e-03
4.5000e-03
3.6878e-03
3.0450e-03
2.2961e-03
1.6573e-03
9.4840e-04
2.4296e-04
-7.6183e-04
-1.9234e-03
-2.6489e-03
-3.4527e-03
-3.7915e-03
-3.8237e-03
-3.7983e-03
-3.7911e-03
-3.7956e-03
-3.8234e-03
-3.8267e-03
-3.8043e-03
-3.7195e-03
-3.7388e-03
-4.0820e-03
-4.8367e-03
-5.1542e-03
-5.1716e-03
-5.4679e-03
-6.2350e-03
-6.7179e-03
-6.7439e-03
-6.4001e-03
-5.6507e-03
-5.2785e-03
-5.0054e-03
-4.3380e-03
-3.6393e-03
-2.5725e-03
-1.4274e-03
-7.2304e-04
5.8530e-05
4.7894e-04
5.6759e-04
2.5113e-04
-7.5420e-04
-1.8957e-03
-2.6726e-03
-3.5233e-03
-3.8744e-03
-3.5635e-03
-2.7887e-03
-2.3606e-03
-2.3228e-03
-2.3616e-03
-2.4755e-03
-2.5212e-03
-2.2049e-03
-1.1899e-03
-4.8011e-05
7.2039e-04
1.5412e-03
1.8798e-03
1.6364e-03
9.7634e-04
3.6282e-04
-7.2176e-04
-2.4471e-03
-4.3127e-03
-5.4516e-03
-6.4651e-03
-7.5768e-03
-8.3180e-03
-9.2087e-03
-9.5383e-03
-9.2258e-03
-8.5013e-03
-8.1814e-03
-7.9572e-03
-6.9707e-03
-5.3229e-03
-3.1729e-03
-1.0678e-03
1.4267e-03
4.2257e-03
6.7906e-03
8.9754e-03
1.1195e-02
1.3039e-02
1.4197e-02
1.4675e-02
1.4736e-02
1.4542e-02
1.3489e-02
1.1799e-02
9.6399e-03
7.8228e-03
6.0618e-03
4.0047e-03
2.2033e-03
4.0806e-04
-1.8169e-03
-3.5889e-03
-4.7908e-03
-5.5005e-03
-6.3032e-03
-6.6885e-03
-6.4859e-03
-5.7856e-03
-5.0269e-03
-3.9201e-03
-2.7977e-03
-2.3962e-03
-2.2887e-03
-2.2737e-03
-2.5734e-03
-3.5788e-03
-4.7447e-03
-5.5851e-03
-6.3651e-03
-6.4381e-03
-5.6797e-03
-5.0386e-03
-4.3107e-03
-3.6735e-03
-2.5627e-03
-1.1604e-03
-8.4681e-05
5.6066e-04
1.5776e-03
3.0574e-03
4.5550e-03
5.6780e-03
6.0559e-03
6.3819e-03
7.1107e-03
7.5158e-03
7.5626e-03
7.5389e-03
7.4953e-03
7.5177e-03
7.5758e-03
7.5997e-03
7.3439e-03
6.6360e-03
5.9079e-03
4.8704e-03
3.7786e-03
3.0634e-03
2.0196e-03
9.5436e-04
2.1225e-04
-7.8580e-04
-1.8323e-03
-2.5753e-03
-3.7097e-03
-4.8334e-03
-5.2416e-03
-5.2339e-03
-5.2080e-03
-5.2772e-03
-5.3561e-03
-5.0427e-03
-4.0304e-03
-2.9065e-03
-2.1568e-03
-1.1417e-03
-1.0917e-04
6.1290e-04
1.6609e-03
2.7789e-03
3.5186e-03
4.3176e-03
4.7406e-03
4.7643e-03
4.4874e-03
3.7234e-03
3.0839e-03
2.2920e-03
1.5847e-03
7.9805e-04
3.9820e-04
4.1593e-04
4.8683e-04
5.0819e-04
1.6595e-04
-5.2784e-04
-9.1983e-04
-1.1781e-03
-1.8650e-03
-2.5534e-03
-3.6454e-03
-4.7651e-03
-5.4369e-03
-6.1975e-03
-6.8895e-03
-7.6834e-03
-8.1391e-03
-8.1271e-03
-7.8596e-03
-7.1602e-03
-6.6089e-03
-5.5353e-03
-3.8024e-03
-1.6183e-03
1.2711e-04
1.5473e-03
3.2480e-03
5.4139e-03
7.3365e-03
8.8600e-03
9.9865e-03
1.0344e-02
1.0433e-02
1.0480e-02
1.0241e-02
9.2373e-03
7.8118e-03
6.2872e-03
4.8509e-03
3.7128e-03
3.0459e-03
2.2807e-03
1.6605e-03
9.5380e-04
2.9291e-04
-7.7239e-04
-2.1691e-03
-3.3217e-03
-4.1095e-03
-4.9246e-03
-5.3046e-03
-4.9730e-03
-4.2176e-03
-3.7775e-03
-3.7834e-03
-3.7960e-03
-3.8511e-03
-3.7982e-03
-3.7895e-03
-3.7670e-03
-3.8853e-03
-3.9401e-03
-3.6721e-03
-2.5723e-03
-1.2493e-03
-1.2057e-04
8.5057e-04
2.6254e-03
4.3636e-03
5.8491e-03
7.3557e-03
8.8838e-03
1.0035e-02
1.0175e-02
9.4897e-03
8.8729e-03
7.8273e-03
6.1894e-03
3.9965e-03
1.8454e-03
-3.2896e-04
-2.1305e-03
-3.6405e-03
-5.1114e-03
-6.1667e-03
-6.5698e-03
-6.9088e-03
-7.7197e-03
-8.1315e-03
-7.9138e-03
-7.1156e-03
-6.3642e-03
-5.6423e-03
-5.2792e-03
-5.0200e-03
-4.2767e-03
-3.6452e-03
-2.8217e-03
-2.1184e-03
-1.3385e-03
-9.6070e-04
-9.4478e-04
-9.5271e-04
-9.7515e-04
-9.7327e-04
-9.8152e-04
-9.5276e-04
-8.8252e-04
-8.8504e-04
-1.2228e-03
-1.9767e-03
-2.3568e-03
-2.3933e-03
-2.4548e-03
-2.4891e-03
-2.1958e-03
-1.1825e-03
-4.0891e-05
7.2524e-04
1.5052e-03
1.8691e-03
1.8527e-03
1.7885e-03
1.7756e-03
2.1244e-03
2.8204e-03
3.2142e-03
3.4851e-03
4.2350e-03
4.9172e-03
5.7426e-03
6.1482e-03
6.2204e-03
6.1242e-03
5.7765e-03
5.3399e-03
5.6956e-03
6.0820e-03
6.2193e-03
6.2762e-03
5.9134e-03
4.9099e-03
3.8053e-03
3.0639e-03
2.0142e-03
9.2586e-04
2.5478e-04
-5.1398e-04
-1.2067e-03
-1.9866e-03
-2.3838e-03
-2.3753e-03
-2.3630e-03
-2.3488e-03
-2.4406e-03
-2.4265e-03
-2.1350e-03
-1.4141e-03
-1.0038e-03
-6.3382e-04
5.1426e-06
3.0282e-04
5.7793e-04
1.5898e-03
2.9973e-03
4.5266e-03
5.9391e-03
7.0863e-03
7.8116e-03
8.6551e-03
9.0312e-03
8.7782e-03
8.0011e-03
7.3398e-03
6.6452e-03
5.9942e-03
4.8990e-03
3.4759e-03
2.3819e-03
1.6941e-03
7.0773e-04
-6.7622e-04
-2.0866e-03
-3.5458e-03
-4.9567e-03
-6.4442e-03
-7.8358e-03
-8.9956e-03
-9.7142e-03
-1.0570e-02
-1.1005e-02
-1.0781e-02
-9.7412e-03
-8.3028e-03
-6.8579e-03
-5.4408e-03
-4.0369e-03
-2.6101e-03
-1.1782e-03
2.0948e-04
1.5549e-03
2.9607e-03
4.6998e-03
6.8746e-03
8.7703e-03
1.0297e-02
1.1497e-02
1.1863e-02
1.1609e-02
1.0823e-02
1.0182e-02
9.4726e-03
8.8551e-03
7.8200e-03
6.4047e-03
4.9678e-03
3.5381e-03
2.1464e-03
7.1437e-04
-7.6596e-04
-2.1870e-03
-3.2736e-03
-3.9160e-03
-4.9262e-03
-6.3324e-03
-7.8359e-03
-9.2886e-03
-1.0428e-02
-1.1139e-02
-1.1893e-02
-1.2313e-02
-1.2334e-02
-1.2081e-02
-1.1380e-02
-1.0747e-02
-9.7069e-03
-8.3233e-03
-6.8790e-03
-5.3676e-03
-3.9473e-03
-2.8061e-03
-2.1574e-03
-1.3875e-03
-6.9288e-04
8.5021e-05
4.7134e-04
4.7451e-04
4.6040e-04
4.3717e-04
4.7625e-04
4.8690e-04
4.5785e-04
3.5912e-04
3.8347e-04
7.9341e-04
1.5711e-03
1.6375e-03
8.8655e-04
4.4564e-04
4.0104e-04
5.0787e-04
5.6624e-04
2.9300e-04
-4.8091e-04
-1.1928e-03
-1.9090e-03
-2.2846e-03
-2.6085e-03
-3.3595e-03
-3.7443e-03
-3.8440e-03
-3.8333e-03
-3.5788e-03
-2.8967e-03
-2.1565e-03
-1.0276e-03
9.7932e-05
4.1937e-04
4.2912e-04
6.4359e-04
1.4048e-03
2.0859e-03
2.8796e-03
3.4931e-03
4.2495e-03
4.9754e-03
5.8227e-03
6.2449e-03
5.9904e-03
5.2064e-03
4.4284e-03
3.6709e-03
3.3549e-03
3.3823e-03
3.0983e-03
2.3781e-03
1.6896e-03
9.6409e-04
2.5499e-04
-7.0728e-04
-1.8171e-03
-2.5502e-03
-3.6771e-03
-4.6843e-03
-5.1133e-03
-5.4556e-03
-6.2746e-03
-6.6556e-03
-6.4418e-03
-5.6392e-03
-4.9661e-03
-4.2390e-03
-3.6363e-03
-2.6289e-03
-1.2243e-03
2.8167e-04
1.7940e-03
2.9298e-03
3.3092e-03
3.3241e-03
3.3728e-03
3.3707e-03
3.0609e-03
2.2964e-03
1.8788e-03
1.8346e-03
1.8840e-03
1.9945e-03
1.9786e-03
1.6256e-03
8.3936e-04
4.7150e-04
5.1626e-04
5.3242e-04
2.1696e-04
-5.2514e-04
-8.5042e-04
-8.7749e-04
-1.1845e-03
-1.9215e-03
-2.3444e-03
-2.3782e-03
-2.3610e-03
-2.3028e-03
-2.3142e-03
-2.3477e-03
-2.4530e-03
-2.4153e-03
-2.0162e-03
-1.2360e-03
-1.1827e-03
-1.9005e-03
-2.3278e-03
-2.3837e-03
-2.4227e-03
-2.3898e-03
-2.1388e-03
-1.3806e-03
-7.3328e-04
3.6735e-05
6.5497e-04
1.4297e-03
2.1475e-03
2.9268e-03
3.3212e-03
3.3259e-03
3.3211e-03
3.2823e-03
3.2959e-03
3.3023e-03
3.3678e-03
3.3680e-03
3.1250e-03
2.4152e-03
1.7096e-03
6.5829e-04
-4.6641e-04
-1.1964e-03
-1.9786e-03
-2.3346e-03
-2.3557e-03
-2.3534e-03
-2.3364e-03
-2.3363e-03
-2.3127e-03
-2.3342e-03
-2.4253e-03
-2.4929e-03
-2.1426e-03
-1.0748e-03
8.4215e-06
4.1966e-04
7.5978e-04
1.4682e-03
1.8754e-03
1.9261e-03
1.9087e-03
1.8073e-03
1.8157e-03
2.0803e-03
2.8396e-03
3.4839e-03
4.2861e-03
4.9892e-03
5.7713e-03
6.1582e-03
6.1558e-03
6.1230e-03
6.1080e-03
6.2141e-03
6.2843e-03
5.9797e-03
4.9340e-03
3.7578e-03
3.0127e-03
2.3100e-03
1.9528e-03
1.6271e-03
9.2137e-04
5.2765e-04
1.7956e-04
-4.7022e-04
-8.4121e-04
-1.2149e-03
-1.9655e-03
-2.3315e-03
-2.3600e-03
-2.3654e-03
-2.4061e-03
-2.4116e-03
-2.0909e-03
-1.3939e-03
-9.9292e-04
-7.0957e-04
4.3369e-07
6.1359e-04
1.4329e-03
2.1458e-03
2.9255e-03
3.2894e-03
3.2909e-03
3.3060e-03
3.3608e-03
3.3638e-03
3.0188e-03
2.2768e-03
1.9490e-03
1.9273e-03
1.6151e-03
8.6344e-04
4.3235e-04
4.2089e-04
5.1115e-04
5.5386e-04
2.1931e-04
-5.3396e-04
-9.7188e-04
-1.0386e-03
-9.5904e-04
-6.0511e-04
-1.9611e-04
-4.8595e-04
-8.4711e-04
-1.1424e-03
-1.9241e-03
-2.5899e-03
-3.3976e-03
-3.7852e-03
-3.8853e-03
-3.8600e-03
-3.5153e-03
-2.7545e-03
-2.3647e-03
-2.3356e-03
-2.3612e-03
-2.3836e-03
-2.3688e-03
-2.3634e-03
-2.3712e-03
-2.3847e-03
-2.3633e-03
-2.3027e-03
-2.3105e-03
-2.6235e-03
-3.3124e-03
-3.7175e-03
-4.0795e-03
-4.8282e-03
-5.1866e-03
-5.2226e-03
-5.2107e-03
-5.2570e-03
-5.2760e-03
-5.0209e-03
-4.2740e-03
-3.5973e-03
-2.7893e-03
-2.1158e-03
-1.4361e-03
-1.0227e-03
-6.1585e-04
1.3545e-04
1.6696e-04
-5.3481e-04
-9.5028e-04
-9.8235e-04
-9.6707e-04
-9.7721e-04
-1.0077e-03
-7.6760e-04
-9.7531e-05
6.1819e-04
1.6643e-03
2.8218e-03
3.5469e-03
4.3339e-03
4.6670e-03
4.7066e-03
4.7401e-03
4.7466e-03
4.5046e-03
3.8160e-03
3.0871e-03
2.0239e-03
8.8012e-04
2.2323e-04
-5.3300e-04
-1.1293e-03
-1.9142e-03
-2.6240e-03
-3.4204e-03
-3.8629e-03
-3.8834e-03
-3.6249e-03
-2.8825e-03
-2.1806e-03
-1.1545e-03
-1.0895e-04
6.2475e-04
1.7295e-03
2.8452e-03
3.2782e-03
3.3648e-03
3.3314e-03
3.0340e-03
2.2955e-03
1.6645e-03
9.4678e-04
2.3432e-04
-8.3839e-04
-1.9831e-03
-2.3910e-03
-2.4878e-03
-2.4522e-03
-2.1941e-03
-1.4327e-03
-7.2542e-04
6.3708e-05
4.2829e-04
4.3584e-04
4.2068e-04
4.0037e-04
4.1361e-04
4.1488e-04
4.3782e-04
4.4671e-04
4.4001e-04
3.7409e-04
3.5160e-04
6.1160e-04
1.3815e-03
2.1195e-03
2.9019e-03
3.2698e-03
3.2757e-03
3.3328e-03
3.3139e-03
3.0705e-03
2.3194e-03
1.6679e-03
8.5756e-04
1.6369e-04
-5.7819e-04
-9.4433e-04
-9.7741e-04
-1.0445e-03
-1.0051e-03
-6.8729e-04
4.0563e-05
3.4860e-04
3.8525e-04
6.8652e-04
1.4085e-03
1.8054e-03
1.8640e-03
1.9185e-03
1.8696e-03
1.5307e-03
7.8335e-04
4.7585e-04
4.9098e-04
2.0548e-04
-7.4368e-04
-1.8205e-03
-2.5730e-03
-3.6585e-03
-4.7427e-03
-5.1403e-03
-5.1512e-03
-5.0968e-03
-5.0573e-03
-5.0499e-03
-5.0649e-03
-5.1113e-03
-5.0794e-03
-4.7579e-03
-4.0679e-03
-3.6654e-03
-3.2986e-03
-2.5629e-03
-2.1881e-03
-2.1384e-03
-2.1478e-03
-2.1594e-03
-2.1260e-03
-2.0985e-03
-2.0946e-03
-2.1520e-03
-2.1489e-03
-1.8677e-03
-1.1285e-03
-5.0495e-04
1.8349e-04
8.3674e-04
1.8150e-03
2.9171e-03
3.6031e-03
4.3399e-03
4.6652e-03
4.7210e-03
4.6886e-03
4.4178e-03
3.7766e-03
3.1667e-03
2.1560e-03
7.5383e-04
-6.0558e-04
-1.6251e-03
-1.9710e-03
-2.3182e-03
-2.9803e-03
-3.1142e-03
-2.5000e-03
-1.8410e-03
-7.5570e-04
5.0000e-04
1.4790e-03
2.0947e-03
3.0997e-03
4.4056e-03
5.4040e-03
5.7641e-03
6.0259e-03
6.6428e-03
6.9497e-03
6.9631e-03
6.9714e-03
6.9239e-03
6.6615e-03
5.9242e-03
5.2402e-03
4.5057e-03
4.1830e-03
4.1025e-03
3.8577e-03
3.4630e-03
3.4528e-03
3.0827e-03
2.7485e-03
2.6991e-03
2.6359e-03
2.6648e-03
2.7087e-03
2.7530e-03
2.4131e-03
1.4714e-03
5.0178e-04
1.3731e-04
-1.6507e-04
-7.6068e-04
-1.0929e-03
-1.1082e-03
-1.0924e-03
-1.0771e-03
-1.1568e-03
-1.1498e-03
-8.7374e-04
-2.1742e-04
9.1237e-05
5.9590e-05
5.4140e-06
2.1007e-04
8.5436e-04
1.4441e-03
2.0136e-03
2.2914e-03
2.5264e-03
3.1438e-03
3.4614e-03
3.4530e-03
3.1282e-03
2.5457e-03
2.2447e-03
1.9350e-03
1.0510e-03
1.8095e-04
-1.8193e-04
-3.9133e-04
-9.4143e-04
-1.4388e-03
-2.0894e-03
-2.6177e-03
-3.1498e-03
-3.4161e-03
-3.6458e-03
-4.1924e-03
-4.4726e-03
-4.5270e-03
-4.4631e-03
-4.1305e-03
-3.5308e-03
-3.2648e-03
-3.2744e-03
-3.0140e-03
-2.2367e-03
-1.3358e-03
-8.1679e-04
-2.5850e-04
1.7081e-04
7.4402e-04
1.2487e-03
1.7969e-03
2.0673e-03
2.0992e-03
2.0641e-03
1.7788e-03
1.2189e-03
9.1100e-04
8.7856e-04
8.7332e-04
8.9099e-04
8.6684e-04
8.3458e-04
7.5497e-04
7.4756e-04
9.5835e-04
1.4718e-03
1.7074e-03
1.6954e-03
1.6550e-03
1.6493e-03
1.6269e-03
1.4217e-03
9.2821e-04
4.8491e-04
-1.7170e-04
-1.0917e-03
-2.2339e-03
-3.6470e-03
-4.7644e-03
-5.6458e-03
-6.5207e-03
-7.3812e-03
-8.0263e-03
-8.1664e-03
-8.0509e-03
-7.9264e-03
-7.8453e-03
-7.7489e-03
-7.4861e-03
-6.9611e-03
-6.4572e-03
-5.7269e-03
-4.7921e-03
-3.8445e-03
-2.8737e-03
-1.9917e-03
-1.2929e-03
-8.4290e-04
-2.1720e-04
4.1268e-04
8.1813e-04
1.3969e-03
2.1244e-03
2.9204e-03
3.9456e-03
5.1701e-03
5.9798e-03
6.1143e-03
6.0032e-03
5.8780e-03
5.8316e-03
5.7558e-03
5.5214e-03
5.0040e-03
4.5549e-03
4.0778e-03
3.6858e-03
3.1205e-03
2.3211e-03
1.3323e-03
1.1662e-04
-8.0831e-04
-1.3674e-03
-1.7076e-03
-2.2330e-03
-2.7903e-03
-2.9584e-03
-2.9074e-03
-2.8034e-03
-2.7879e-03
-2.9086e-03
-3.0767e-03
-2.8398e-03
-2.6058e-03
-2.5279e-03
-2.4788e-03
-2.4504e-03
-2.3954e-03
-2.3394e-03
-2.2789e-03
-2.2423e-03
-2.2186e-03
-2.1660e-03
-1.9715e-03
-1.6173e-03
-1.3975e-03
-1.2120e-03
-8.5970e-04
-6.6412e-04
-5.8229e-04
-5.6726e-04
-7.0195e-04
-1.0174e-03
-1.1353e-03
-9.7924e-04
-6.6623e-04
-4.9366e-04
-3.2839e-04
1.0428e-04
5.2161e-04
6.8282e-04
7.8416e-04
1.0537e-03
1.2970e-03
1.5487e-03
1.6601e-03
1.7500e-03
1.9890e-03
2.0851e-03
2.0494e-03
1.9692e-03
1.9173e-03
1.9887e-03
2.2019e-03
2.2811e-03
2.2283e-03
2.1595e-03
2.1006e-03
2.0695e-03
2.0126e-03
1.8631e-03
1.5959e-03
1.4266e-03
1.2832e-03
1.0470e-03
9.0818e-04
7.8204e-04
5.6314e-04
4.1856e-04
3.0236e-04
1.7484e-04
2.6740e-04
3.5593e-04
3.7049e-04
3.5152e-04
2.4644e-04
6.3709e-05
-3.4849e-05
-1.0417e-04
-2.7557e-04
-4.2353e-04
-5.8653e-04
-6.7150e-04
-7.2326e-04
-7.8879e-04
-6.8614e-04
-6.0495e-04
-5.7464e-04
-4.8772e-04
-3.2644e-04
-2.3672e-04
-2.2530e-04
-2.1591e-04
-2.0420e-04
-1.9483e-04
-2.4372e-04
-3.5351e-04
-4.1149e-04
-4.5415e-04
-5.6087e-04
-5.9707e-04
-5.7999e-04
-5.4795e-04
-5.1864e-04
-4.9571e-04
-4.8334e-04
-4.6212e-04
-4.0053e-04
-2.6924e-04
-1.5360e-04
-4.3010e-05
1.0730e-05
4.7693e-05
1.4364e-04
2.2948e-04
3.2432e-04
3.6082e-04
3.4766e-04
3.2652e-04
3.1403e-04
3.4134e-04
4.0853e-04
4.3391e-04
4.2076e-04
4.0871e-04
3.8842e-04
3.4313e-04
2.5934e-04
2.1382e-04
2.0168e-04
1.9454e-04
1.8727e-04
1.7899e-04
1.7535e-04
1.6753e-04
1.3926e-04
7.7759e-05
2.9343e-05
-1.8891e-05
-5.8724e-05
-1.2209e-04
-2.0166e-04
-2.6101e-04
-2.9243e-04
-3.1340e-04
-2.9375e-04
-2.3524e-04
-2.0142e-04
-1.7225e-04
-1.0956e-04
-1.6050e-05
9.0937e-05
1.7310e-04
2.3025e-04
2.7840e-04
3.0988e-04
3.2325e-04
3.3295e-04
3.2685e-04
3.0676e-04
2.9078e-04
2.7306e-04
2.4705e-04
1.9574e-04
1.4034e-04
9.6899e-05
7.1753e-05
3.9074e-05
5.8830e-07
-3.7077e-05
-6.8678e-05
-9.0402e-05
-9.8969e-05
-1.0729e-04
-1.0657e-04
-9.9710e-05
-9.0805e-05
-7.6927e-05
-5.8033e-05
-4.5846e-05
-3.6265e-05
-2.1368e-05
-9.1664e-06
4.0252e-06
1.4294e-05
2.3273e-05
2.6296e-05
2.5436e-05
2.7962e-05
3.3605e-05
3.5052e-05
3.2884e-05
3.3322e-05
3.6607e-05
3.7060e-05
3.3886e-05
3.0400e-05
2.7042e-05
2.6119e-05
2.7447e-05
2.8023e-05
2.8212e-05
2.7496e-05
2.6651e-05
2.5668e-05
2.4471e-05
2.1787e-05
1.6174e-05
9.1578e-06
2.3546e-06
-2.0699e-06
-6.8752e-06
-1.0811e-05
-1.3652e-05
-1.6323e-05
-1.8762e-05
-1.9910e-05
-2.1483e-05
-2.2470e-05
-2.2349e-05
-2.1458e-05
-2.0730e-05
-1.9971e-05
-1.9360e-05
-1.8381e-05
-1.7315e-05
-1.6542e-05
-1.6213e-05
-1.5802e-05
-1.5531e-05
-1.5243e-05
-1.5207e-05
-1.5013e-05
-1.4933e-05
-1.4680e-05
-1.4274e-05
-1.3786e-05
-1.3436e-05
-1.2984e-05
-1.2543e-05
-1.2058e-05
-1.1630e-05
-1.1252e-05
-1.0959e-05
-1.0647e-05
-1.0399e-05
-1.0141e-05
-9.9303e-06
-9.7349e-06
-9.5831e-06
-9.4218e-06
-9.2703e-06
-9.1110e-06
-8.9617e-06
-8.8016e-06
-8.6449e-06
-8.4802e-06
-8.3174e-06
-8.1493e-06
-7.9815e-06
-7.8106e-06
-7.6395e-06
-7.4667e-06
-7.2932e-06
-7.1185e-06
