2.2778e-02
2.3437e-02
2.0426e-02
1.8010e-02
1.2751e-02
3.7517e-03
-1.9317e-03
-4.0692e-03
3.0417e-03
1.6744e-02
3.1865e-02
4.0526e-02
3.4869e-02
1.5197e-02
-1.0949e-02
-3.2940e-02
-4.3833e-02
-4.6579e-02
-4.5399e-02
-4.0925e-02
-3.0917e-02
-1.9069e-02
-8.2032e-03
-1.7490e-03
-2.1300e-03
-9.5789e-03
-2.1876e-02
-3.4410e-02
-4.4399e-02
-4.5647e-02
-3.9335e-02
-2.1519e-02
5.5364e-03
3.3901e-02
5.3373e-02
6.6043e-02
6.5558e-02
5.0328e-02
1.5798e-02
-2.7445e-02
-4.9047e-02
-5.3074e-02
-3.5774e-02
9.7344e-03
6.2278e-02
9.3610e-02
1.0322e-01
9.0190e-02
5.4958e-02
2.9492e-03
-3.9159e-02
-5.6818e-02
-5.7276e-02
-3.6667e-02
-1.2814e-02
3.3385e-03
9.1580e-04
-1.2814e-02
-2.8169e-02
-4.5084e-02
-5.4171e-02
-4.8580e-02
-2.9919e-02
-1.0275e-02
5.9659e-03
2.0801e-02
3.6862e-02
4.6363e-02
5.1119e-02
4.9899e-02
4.2484e-02
2.5995e-02
6.0596e-03
-5.8838e-03
-8.9983e-03
-4.8157e-04
1.2594e-02
2.0983e-02
2.3236e-02
2.1522e-02
1.2890e-02
3.4333e-03
2.9407e-03
8.5919e-03
1.4748e-02
1.9251e-02
1.7052e-02
7.0630e-03
-1.8759e-03
-5.0753e-03
-8.3832e-03
-2.4616e-02
-5.2348e-02
-7.3472e-02
-8.5829e-02
-7.9400e-02
-6.5390e-02
-3.6104e-02
7.8928e-03
3.7689e-02
5.5235e-02
5.8141e-02
5.0867e-02
3.5086e-02
7.0549e-03
-2.1233e-02
-3.4503e-02
-2.6989e-02
-4.7371e-03
1.2382e-02
-1.9568e-03
-4.3061e-02
-6.2886e-02
-5.7798e-02
-3.2792e-02
-4.1043e-03
6.5080e-03
-2.3731e-04
-1.6853e-02
-2.7651e-02
-2.0979e-02
-2.2811e-03
1.8321e-02
3.0918e-02
3.6482e-02
4.7890e-02
6.3938e-02
7.2205e-02
4.9286e-02
7.1336e-03
-1.7541e-02
-2.1259e-02
-1.4923e-02
-8.2395e-03
-1.1526e-02
-2.3139e-02
-3.6620e-02
-4.0209e-02
-3.1311e-02
-1.2761e-02
1.2343e-02
2.5895e-02
2.2002e-02
7.0817e-03
-5.8493e-03
-1.8552e-03
1.7479e-02
4.2231e-02
6.1820e-02
7.1484e-02
7.1772e-02
5.9844e-02
3.7071e-02
-1.6510e-03
-3.4551e-02
-5.4913e-02
-6.2581e-02
-5.3182e-02
-3.9683e-02
-2.6327e-02
-1.9977e-02
-1.2049e-02
-4.4637e-03
-2.3349e-03
-1.3870e-02
-3.2667e-02
-4.7354e-02
-5.1855e-02
-4.6052e-02
-3.4285e-02
-1.7297e-02
-2.6718e-03
5.8378e-03
9.4875e-04
-8.4299e-03
-1.7426e-02
-2.0598e-02
-1.1619e-02
1.0205e-02
4.3562e-02
7.5538e-02
9.3540e-02
9.3856e-02
7.2440e-02
3.0509e-02
-1.2307e-02
-3.7080e-02
-4.6233e-02
-3.1767e-02
6.5399e-03
3.9816e-02
5.4934e-02
5.2412e-02
3.2617e-02
-8.4850e-03
-4.6957e-02
-7.2228e-02
-8.7556e-02
-9.3136e-02
-8.9745e-02
-7.3664e-02
-4.8068e-02
-2.0134e-02
-2.5362e-04
1.5313e-02
2.7081e-02
3.5973e-02
4.1187e-02
4.6657e-02
5.7458e-02
7.2742e-02
8.3286e-02
9.2361e-02
1.0006e-01
9.6030e-02
8.3325e-02
5.6678e-02
1.6408e-02
-2.5717e-02
-5.4276e-02
-6.8192e-02
-6.4327e-02
-5.0208e-02
-3.2675e-02
-1.6245e-02
-3.4854e-03
5.8893e-03
8.6723e-03
1.2518e-02
1.5403e-02
1.7443e-02
1.3319e-02
3.2163e-03
-1.0800e-02
-2.7768e-02
-5.1739e-02
-7.7604e-02
-9.7532e-02
-1.0847e-01
-1.0471e-01
-8.9326e-02
-6.5587e-02
-3.8912e-02
-1.1929e-02
7.7418e-03
1.9636e-02
2.6535e-02
3.4253e-02
4.7045e-02
6.0426e-02
7.5127e-02
8.5724e-02
9.4468e-02
1.0063e-01
9.7263e-02
8.4219e-02
6.1959e-02
3.9757e-02
1.1186e-02
-2.2976e-02
-4.7314e-02
-6.0211e-02
-6.1981e-02
-5.6270e-02
-5.9040e-02
-6.9025e-02
-7.8117e-02
-8.0813e-02
-6.8010e-02
-4.0195e-02
-2.1408e-03
2.8801e-02
4.5000e-02
4.1069e-02
2.0909e-02
1.4255e-04
-1.4363e-02
-1.8609e-02
-1.7589e-02
-1.3576e-02
-2.7734e-03
1.2602e-02
2.6609e-02
2.8679e-02
2.0135e-02
1.1580e-02
7.6663e-03
1.4567e-02
3.1485e-02
6.2676e-02
9.8933e-02
1.1863e-01
1.2158e-01
1.1410e-01
1.0257e-01
8.4059e-02
5.1533e-02
8.6343e-03
-3.3081e-02
-6.0269e-02
-7.3963e-02
-7.8394e-02
-7.8997e-02
-7.6547e-02
-7.1231e-02
-6.5718e-02
-5.5854e-02
-5.0237e-02
-5.6502e-02
-6.9023e-02
-7.4915e-02
-6.7537e-02
-4.9979e-02
-2.4525e-02
9.2641e-04
2.1193e-02
3.5407e-02
4.2114e-02
3.9040e-02
2.6885e-02
8.4687e-03
-1.4520e-02
-2.8704e-02
-2.0014e-02
1.3629e-03
1.9897e-02
3.0847e-02
3.4852e-02
4.0024e-02
4.4224e-02
4.0998e-02
3.3628e-02
2.7999e-02
3.0208e-02
3.6191e-02
4.3661e-02
4.7203e-02
3.8789e-02
2.6810e-02
1.2133e-02
-1.0445e-03
-1.1082e-02
-1.6485e-02
-1.9679e-02
-2.2147e-02
-2.0158e-02
-1.2194e-02
-2.3110e-03
3.0881e-04
-3.7676e-03
-1.5997e-02
-2.8754e-02
-4.0873e-02
-5.5633e-02
-6.7964e-02
-7.4387e-02
-6.7730e-02
-4.6537e-02
-4.8675e-03
2.8865e-02
3.8003e-02
1.8887e-02
-1.8261e-02
-4.3770e-02
-5.4212e-02
-4.2949e-02
-2.1180e-02
4.2319e-04
1.4137e-02
2.9701e-02
5.4940e-02
7.9209e-02
8.5597e-02
6.6435e-02
1.9058e-02
-2.5220e-02
-4.6013e-02
-5.2568e-02
-4.5431e-02
-3.0563e-02
-1.4412e-02
4.0261e-03
3.1958e-02
5.5695e-02
7.3786e-02
7.8210e-02
6.2365e-02
1.6982e-02
-3.4020e-02
-6.0448e-02
-6.7284e-02
-5.6075e-02
-3.9513e-02
-1.9046e-02
-5.6012e-05
1.2104e-02
1.6015e-02
1.8145e-02
1.9832e-02
2.1050e-02
2.1167e-02
2.5063e-02
3.7709e-02
5.3101e-02
6.3863e-02
6.0895e-02
4.3829e-02
1.6577e-02
-1.2618e-02
-4.4868e-02
-8.5899e-02
-1.2020e-01
-1.4054e-01
-1.4685e-01
-1.4013e-01
-1.2426e-01
-1.0228e-01
-7.6804e-02
-4.4622e-02
-1.0124e-02
3.4518e-02
7.0447e-02
9.0348e-02
9.3203e-02
7.9307e-02
6.4401e-02
5.5920e-02
5.6887e-02
6.6297e-02
7.6123e-02
8.2820e-02
8.0428e-02
6.8530e-02
4.8191e-02
2.6548e-02
9.6731e-03
-4.5431e-03
-1.8883e-02
-3.8987e-02
-5.5787e-02
-7.1521e-02
-8.1474e-02
-8.4290e-02
-7.3631e-02
-5.2173e-02
-1.3121e-02
3.9441e-02
8.6045e-02
1.1267e-01
1.1746e-01
1.0557e-01
7.9404e-02
4.9963e-02
2.0919e-02
-9.2123e-04
-1.6912e-02
-2.5060e-02
-2.4350e-02
-1.4754e-02
-9.8767e-04
1.0400e-02
1.1559e-02
-1.2200e-03
-2.8431e-02
-5.9059e-02
-8.0220e-02
-9.3784e-02
-9.5843e-02
-8.4813e-02
-5.2267e-02
-3.2839e-03
4.2446e-02
7.6522e-02
8.8719e-02
8.3315e-02
5.9435e-02
1.8793e-02
-2.2949e-02
-5.4562e-02
-7.1488e-02
-8.0300e-02
-7.5802e-02
-6.5706e-02
-5.2560e-02
-4.0087e-02
-2.4084e-02
-1.0370e-02
3.0698e-03
1.1733e-02
1.1305e-02
1.2218e-02
1.6566e-03
-1.0442e-02
-2.2519e-02
-2.8187e-02
-2.8707e-02
-2.1087e-02
-7.5866e-03
9.1338e-03
2.9127e-02
5.0032e-02
6.4849e-02
7.1656e-02
7.0408e-02
6.1701e-02
5.3611e-02
4.7741e-02
4.8250e-02
5.3215e-02
5.1504e-02
3.7334e-02
1.4043e-02
-9.6238e-03
-2.3969e-02
-3.3948e-02
-4.1685e-02
-4.9777e-02
-5.1241e-02
-4.3306e-02
-2.7733e-02
-1.1895e-02
1.8820e-03
1.0633e-02
7.8519e-03
-5.1612e-04
-7.4798e-03
-1.1343e-02
-1.3172e-02
-1.7011e-02
-2.3377e-02
-2.9490e-02
-3.8554e-02
-4.4855e-02
-4.7642e-02
-4.5975e-02
-3.9814e-02
-2.9546e-02
-1.3767e-02
5.2040e-03
2.1466e-02
3.4367e-02
4.3087e-02
4.7318e-02
5.4749e-02
6.8172e-02
8.1185e-02
9.6556e-02
1.0774e-01
1.1007e-01
1.0525e-01
8.6901e-02
5.7482e-02
2.3356e-02
-5.3706e-03
-2.5744e-02
-3.9315e-02
-4.4156e-02
-4.2922e-02
-3.6717e-02
-2.9556e-02
-2.8906e-02
-3.4776e-02
-4.5557e-02
-5.6938e-02
-6.4872e-02
-6.6944e-02
-6.3011e-02
-5.6054e-02
-4.6563e-02
-3.2062e-02
-1.9794e-02
-9.7668e-03
-1.9511e-03
4.2959e-04
-2.5598e-03
-3.0447e-03
1.3796e-04
6.9428e-03
1.6485e-02
2.4861e-02
3.1668e-02
3.6671e-02
4.1721e-02
4.2108e-02
3.5808e-02
2.5366e-02
1.5345e-02
3.7837e-03
-6.8062e-03
-1.7777e-02
-2.8473e-02
-3.4228e-02
-3.1030e-02
-2.4856e-02
-1.7240e-02
-1.0670e-02
-9.2550e-03
-9.1963e-03
-1.2823e-02
-1.6030e-02
-1.9402e-02
-2.0765e-02
-2.0526e-02
-1.8534e-02
-1.4523e-02
-7.5883e-03
5.1255e-03
1.5450e-02
1.6931e-02
1.0907e-02
-3.0423e-03
-1.4500e-02
-1.8837e-02
-1.5417e-02
-3.9603e-03
8.4014e-03
1.8372e-02
2.2513e-02
1.9478e-02
9.7777e-03
1.2009e-03
-4.3104e-03
-1.2170e-03
9.1664e-03
1.9787e-02
2.9331e-02
2.9766e-02
2.3550e-02
1.2256e-02
-6.5824e-04
-8.3133e-03
-5.8611e-03
1.8240e-03
1.3266e-02
2.8447e-02
4.0607e-02
5.0212e-02
5.8454e-02
6.0539e-02
5.8405e-02
5.0167e-02
3.4096e-02
1.4786e-02
-9.0524e-03
-3.2339e-02
-5.0792e-02
-6.7104e-02
-7.7938e-02
-8.2760e-02
-7.6038e-02
-6.5694e-02
-5.7185e-02
-5.0361e-02
-4.4543e-02
-3.8984e-02
-3.1845e-02
-2.1157e-02
-1.3785e-02
4.5742e-04
1.4087e-02
2.7640e-02
3.8532e-02
4.6326e-02
5.0300e-02
5.1737e-02
5.3209e-02
5.1118e-02
4.9276e-02
4.3491e-02
3.1227e-02
1.4322e-02
-2.2119e-03
-1.0797e-02
-8.0452e-03
3.0185e-03
1.7696e-02
2.8077e-02
3.2077e-02
2.6186e-02
1.4633e-02
3.1079e-03
-9.6561e-03
-1.9579e-02
-2.7353e-02
-3.1749e-02
-3.3130e-02
-3.1621e-02
-3.0347e-02
-3.0150e-02
-3.0702e-02
-3.4848e-02
-3.8170e-02
-3.7855e-02
-3.1926e-02
-1.8319e-02
-2.2788e-03
1.6225e-02
3.1634e-02
4.3229e-02
5.3519e-02
6.1737e-02
6.7892e-02
6.9901e-02
6.9171e-02
5.7529e-02
4.2656e-02
2.2954e-02
5.5595e-03
3.2550e-03
2.4005e-03
-5.7134e-04
-8.7177e-03
-1.4431e-02
-1.8623e-02
-2.0795e-02
-2.4404e-02
-2.9726e-02
-3.7359e-02
-4.6481e-02
-5.0167e-02
-5.3345e-02
-5.2237e-02
-4.4395e-02
-3.0753e-02
-1.7911e-02
-6.4576e-03
-2.9624e-04
-2.7811e-03
-8.8251e-03
-1.2993e-02
-1.1615e-02
-1.7249e-03
1.6131e-02
3.4212e-02
4.8120e-02
5.1282e-02
4.3184e-02
2.7650e-02
5.7158e-03
-1.8571e-02
-3.8533e-02
-5.2930e-02
-6.1755e-02
-6.5760e-02
-6.4375e-02
-5.5333e-02
-4.6489e-02
-3.9465e-02
-3.4243e-02
-2.9336e-02
-2.4081e-02
-2.0137e-02
-1.6237e-02
-1.1148e-02
-5.4561e-03
3.8446e-03
1.1152e-02
1.2910e-02
1.2595e-02
1.4185e-02
1.8522e-02
2.2231e-02
2.7998e-02
3.3134e-02
3.6521e-02
3.6941e-02
3.6236e-02
3.2388e-02
3.0121e-02
3.0177e-02
3.0714e-02
3.6538e-02
4.4115e-02
5.4174e-02
6.4714e-02
7.1767e-02
7.3544e-02
6.7076e-02
5.3364e-02
3.4252e-02
1.5042e-02
4.8636e-04
-1.1082e-02
-1.6624e-02
-2.1494e-02
-2.2813e-02
-2.4740e-02
-2.8440e-02
-3.3021e-02
-4.1339e-02
-4.5830e-02
-4.7900e-02
-4.2559e-02
-3.2165e-02
-1.6124e-02
8.3763e-04
1.2588e-02
1.8402e-02
1.7278e-02
1.1710e-02
3.9122e-03
-1.0926e-03
-5.2559e-03
-7.6279e-03
-6.3800e-03
-7.4192e-03
-8.6454e-03
-1.1324e-02
-1.5302e-02
-1.9777e-02
-2.2155e-02
-2.2942e-02
-2.0440e-02
-1.7529e-02
-1.6892e-02
-1.7318e-02
-1.7081e-02
-1.6885e-02
-1.6077e-02
-1.2450e-02
-8.5503e-03
-1.7063e-03
6.6094e-03
1.9299e-02
3.2796e-02
4.5945e-02
5.5009e-02
6.0961e-02
6.3112e-02
5.8633e-02
5.1559e-02
3.8811e-02
2.0683e-02
2.0991e-03
-1.3393e-02
-2.6557e-02
-3.7847e-02
-4.1265e-02
-4.3411e-02
-4.0861e-02
-3.6926e-02
-3.4645e-02
-3.1230e-02
-3.0997e-02
-3.0478e-02
-3.0293e-02
-2.5695e-02
-2.2182e-02
-1.8953e-02
-1.5018e-02
-9.7482e-03
-8.1372e-03
-8.0916e-03
-8.2742e-03
-9.7722e-03
-8.4743e-03
-5.8199e-03
-6.1301e-04
1.0894e-02
2.1054e-02
3.1733e-02
4.2838e-02
4.9789e-02
5.2437e-02
4.9748e-02
4.2182e-02
2.9640e-02
2.0726e-02
1.1519e-02
4.4054e-03
-2.4929e-03
-5.1237e-03
-5.3781e-03
-3.6671e-03
-3.2366e-03
-4.0520e-03
-4.3041e-03
-7.2695e-03
-9.5327e-03
-1.4598e-02
-2.0755e-02
-2.4958e-02
-2.6325e-02
-2.6604e-02
-2.4523e-02
-2.2006e-02
-1.9290e-02
-1.3649e-02
-4.7657e-03
3.2414e-03
1.4540e-02
2.5004e-02
3.2881e-02
3.5448e-02
3.4575e-02
2.9092e-02
2.3518e-02
2.0382e-02
1.7328e-02
1.6841e-02
1.1773e-02
4.3009e-03
-3.0865e-03
-1.1915e-02
-2.2486e-02
-3.3654e-02
-4.4052e-02
-5.3253e-02
-5.7308e-02
-5.8704e-02
-6.0450e-02
-5.7059e-02
-4.9815e-02
-3.8725e-02
-2.6372e-02
-1.1536e-02
3.0041e-03
1.4209e-02
2.3221e-02
2.8537e-02
3.3583e-02
3.7500e-02
4.1120e-02
4.0503e-02
3.6159e-02
2.8863e-02
1.9323e-02
1.1893e-02
4.3573e-03
-2.5020e-03
-6.7936e-03
-7.8568e-03
-5.8785e-03
-6.0644e-04
1.6893e-03
4.0199e-03
5.0395e-03
6.8070e-03
9.6420e-03
1.4003e-02
1.7634e-02
1.9056e-02
1.7517e-02
1.5027e-02
1.4371e-02
1.5229e-02
1.5834e-02
1.3097e-02
1.3166e-02
1.1608e-02
9.4118e-03
6.8268e-03
4.8333e-03
-6.4754e-04
-5.1065e-03
-9.3764e-03
-1.5503e-02
-1.9429e-02
-2.0186e-02
-1.7743e-02
-1.1973e-02
-2.7785e-03
3.4545e-03
8.7941e-03
8.7485e-03
5.7896e-03
1.2372e-03
-5.4763e-03
-1.1701e-02
-1.7692e-02
-2.0390e-02
-1.8445e-02
-1.5788e-02
-1.1290e-02
-5.9680e-03
-2.9368e-04
5.1241e-03
8.5157e-03
1.4553e-02
1.7949e-02
1.8454e-02
1.5301e-02
1.0301e-02
6.1375e-03
5.6895e-03
8.7419e-03
1.4094e-02
2.0206e-02
2.6676e-02
2.8352e-02
2.5896e-02
1.9208e-02
8.2185e-03
-1.6975e-03
-9.0219e-03
-1.1753e-02
-1.1694e-02
-8.5308e-03
-5.0936e-03
-3.3957e-03
-3.5739e-03
-6.0675e-03
-1.0853e-02
-1.7279e-02
-2.4723e-02
-2.9217e-02
-3.2313e-02
-3.1776e-02
-2.6989e-02
-1.9399e-02
-9.5443e-03
-3.9112e-03
-2.6872e-03
-3.7655e-03
-6.5069e-03
-9.1811e-03
-6.6353e-03
-2.6916e-03
3.2827e-03
8.8723e-03
9.4399e-03
8.9833e-03
7.1811e-03
1.4394e-03
-5.0263e-03
-1.1335e-02
-1.6236e-02
-1.8740e-02
-1.8951e-02
-1.7545e-02
-1.4992e-02
-1.0946e-02
-6.0700e-03
9.4576e-04
1.0551e-02
2.3417e-02
3.3887e-02
4.2692e-02
4.6534e-02
4.5030e-02
4.0747e-02
3.4692e-02
2.7420e-02
1.8632e-02
1.1180e-02
3.3855e-03
-6.0672e-03
-1.3990e-02
-1.9455e-02
-2.6690e-02
-3.3652e-02
-3.9478e-02
-4.0935e-02
-4.0431e-02
-3.9202e-02
-3.8276e-02
-3.9296e-02
-3.5946e-02
-3.0239e-02
-2.3965e-02
-1.3751e-02
-1.9130e-03
1.1390e-02
2.6178e-02
3.8364e-02
4.8234e-02
5.2600e-02
5.2348e-02
4.8380e-02
4.3519e-02
3.6703e-02
3.2166e-02
3.0862e-02
2.6937e-02
2.4718e-02
2.4894e-02
2.5416e-02
2.5444e-02
2.7559e-02
2.7922e-02
2.7775e-02
2.5312e-02
2.0390e-02
1.2004e-02
1.5732e-03
-4.8252e-03
-1.2452e-02
-2.1150e-02
-2.7594e-02
-3.3588e-02
-3.7725e-02
-4.2347e-02
-5.0139e-02
-5.3685e-02
-5.6068e-02
-5.5868e-02
-5.3537e-02
-5.0702e-02
-4.5830e-02
-4.2969e-02
-4.0865e-02
-3.7765e-02
-3.7056e-02
-3.5332e-02
-3.0199e-02
-2.7283e-02
-2.4231e-02
-2.0876e-02
-1.8511e-02
-1.4661e-02
-9.7322e-03
-6.2580e-03
7.4891e-04
6.9473e-03
1.4048e-02
2.3607e-02
3.0736e-02
3.9595e-02
4.6720e-02
5.3188e-02
5.7121e-02
5.7464e-02
5.6751e-02
5.6525e-02
5.4862e-02
5.2036e-02
4.8351e-02
4.0218e-02
3.1339e-02
2.1706e-02
1.3669e-02
5.2420e-03
-2.7846e-03
-6.9545e-03
-9.4090e-03
-8.7025e-03
-7.2306e-03
-7.0067e-03
-7.7153e-03
-8.0154e-03
-1.0550e-02
-1.5938e-02
-2.0483e-02
-2.4580e-02
-2.5030e-02
-2.2045e-02
-1.7775e-02
-1.1329e-02
-5.2543e-03
1.2549e-03
4.7444e-03
4.9402e-03
4.3858e-03
4.6620e-03
5.3577e-03
8.9819e-03
1.0552e-02
1.1273e-02
1.3800e-02
1.3172e-02
1.0313e-02
5.8191e-03
9.6670e-04
-5.2511e-03
-1.0060e-02
-1.3117e-02
-1.8369e-02
-2.1991e-02
-2.5020e-02
-2.6039e-02
-2.3170e-02
-2.2276e-02
-1.7924e-02
-1.2688e-02
-8.6293e-03
-6.7900e-03
-5.6333e-03
-3.3483e-03
-3.2526e-03
-3.2634e-03
-7.0548e-03
-1.2381e-02
-1.5653e-02
-2.0519e-02
-2.5021e-02
-2.6154e-02
-2.5643e-02
-2.0908e-02
-1.6268e-02
-1.0737e-02
-5.2480e-03
-2.0737e-03
1.5830e-03
8.4249e-03
1.4332e-02
1.9832e-02
2.9168e-02
3.6012e-02
4.5758e-02
5.5451e-02
5.9497e-02
6.2442e-02
6.2619e-02
5.9780e-02
5.3708e-02
4.2448e-02
3.2211e-02
2.1782e-02
1.1092e-02
2.5220e-03
-4.9631e-03
-1.2238e-02
-1.8377e-02
-2.3017e-02
-2.8706e-02
-3.2213e-02
-3.5291e-02
-3.7539e-02
-3.9544e-02
-4.0968e-02
-4.0137e-02
-3.8078e-02
-3.4678e-02
-2.7517e-02
-1.9153e-02
-8.9892e-03
-2.2552e-04
7.1599e-03
1.3660e-02
1.9218e-02
2.2820e-02
2.3107e-02
2.3057e-02
2.0564e-02
1.6462e-02
1.0418e-02
1.4499e-03
-6.5767e-03
-1.3577e-02
-1.9408e-02
-2.2310e-02
-2.4319e-02
-2.1852e-02
-2.0099e-02
-1.7160e-02
-1.2925e-02
-9.6745e-03
-4.1501e-03
1.5025e-03
5.6921e-03
1.1488e-02
1.7287e-02
2.2796e-02
2.7396e-02
3.2147e-02
3.5647e-02
3.8419e-02
4.2306e-02
4.6444e-02
4.8579e-02
4.8907e-02
4.6007e-02
4.3033e-02
4.0403e-02
3.4694e-02
2.9635e-02
2.1359e-02
1.4558e-02
6.3231e-03
-5.8392e-04
-6.5755e-03
-1.3146e-02
-1.5872e-02
-1.9168e-02
-2.2739e-02
-2.6348e-02
-2.6583e-02
-3.0246e-02
-3.2349e-02
-3.2614e-02
-3.5110e-02
-3.7916e-02
-4.0321e-02
-4.3092e-02
-4.6475e-02
-4.7269e-02
-4.8927e-02
-4.7838e-02
-4.4740e-02
-4.3094e-02
-3.8833e-02
-3.3522e-02
-3.1052e-02
-2.7499e-02
-2.5603e-02
-2.2566e-02
-2.0005e-02
-1.8039e-02
-1.3626e-02
-1.1534e-02
-9.4646e-03
-8.2470e-03
-7.7686e-03
-5.8401e-03
-2.4094e-03
1.6128e-03
4.0891e-03
7.5309e-03
1.1109e-02
1.5830e-02
1.7636e-02
2.2059e-02
2.6346e-02
2.7159e-02
3.0807e-02
3.0644e-02
2.9208e-02
2.6221e-02
2.3538e-02
2.0112e-02
1.4435e-02
8.8264e-03
3.6914e-03
-4.0590e-03
-1.0618e-02
-1.4499e-02
-1.8960e-02
-2.0849e-02
-2.3801e-02
-2.3732e-02
-2.2612e-02
-2.3031e-02
-1.9968e-02
-1.6946e-02
-1.1163e-02
-2.5362e-03
5.0883e-03
1.3441e-02
2.1670e-02
2.9973e-02
3.5604e-02
3.7065e-02
3.7459e-02
3.3803e-02
2.9420e-02
2.5154e-02
2.1696e-02
2.1813e-02
2.0963e-02
2.0618e-02
1.7120e-02
1.5539e-02
1.3013e-02
9.2522e-03
5.6608e-03
1.0062e-03
-1.7852e-04
-1.9220e-03
-1.2675e-03
-1.5957e-03
7.3932e-04
4.8593e-03
8.4466e-03
1.1440e-02
1.4489e-02
1.4535e-02
1.0450e-02
5.5299e-03
-1.8965e-03
-8.1273e-03
-1.3573e-02
-1.6184e-02
-1.5695e-02
-1.3821e-02
-8.5727e-03
-1.8417e-03
3.9197e-03
1.0666e-02
1.4393e-02
1.5315e-02
1.5860e-02
1.6945e-02
1.6893e-02
1.4019e-02
1.1417e-02
1.1678e-02
1.0359e-02
9.8957e-03
1.3024e-02
1.3805e-02
1.4701e-02
1.4266e-02
1.3547e-02
1.1188e-02
5.5987e-03
1.0028e-03
-2.1820e-03
-4.7800e-03
-8.0192e-03
-8.0300e-03
-9.3038e-03
-1.0658e-02
-1.0701e-02
-1.4089e-02
-1.4319e-02
-1.6930e-02
-1.9421e-02
-2.1208e-02
-2.0602e-02
-2.0006e-02
-1.8282e-02
-1.5701e-02
-1.5096e-02
-1.3283e-02
-1.1437e-02
-9.3566e-03
-1.0054e-02
-1.0191e-02
-1.2765e-02
-1.4459e-02
-1.4776e-02
-1.4839e-02
-1.4254e-02
-9.8383e-03
-5.9923e-03
-1.2983e-03
4.1826e-03
6.9938e-03
8.5354e-03
6.6202e-03
6.7616e-03
4.7790e-03
4.5943e-03
3.5943e-03
3.2074e-03
2.7380e-03
5.9013e-04
-1.1860e-03
-2.6729e-03
-3.0185e-03
-3.2576e-03
-2.5030e-03
-1.1366e-04
2.8019e-03
5.5456e-03
8.9982e-03
1.0085e-02
1.3940e-02
1.5214e-02
1.4769e-02
1.8047e-02
2.0343e-02
2.0252e-02
2.1291e-02
2.1054e-02
2.1813e-02
2.1448e-02
2.0613e-02
1.7761e-02
1.5379e-02
1.3098e-02
8.9892e-03
6.2152e-03
4.2760e-03
9.6937e-04
-1.3220e-03
-4.9069e-03
-6.6983e-03
-8.1287e-03
-1.2177e-02
-1.1592e-02
-1.5829e-02
-1.7523e-02
-2.0658e-02
-2.3403e-02
-2.3108e-02
-2.3545e-02
-2.0879e-02
-1.8583e-02
-1.7235e-02
-1.8298e-02
-1.7774e-02
-1.7655e-02
-1.9233e-02
-1.9798e-02
-1.9250e-02
-1.8963e-02
-1.7224e-02
-1.5344e-02
-1.3032e-02
-9.1712e-03
-6.8079e-03
-6.2817e-03
-7.2991e-03
-8.1970e-03
-7.1382e-03
-6.2729e-03
-4.7489e-03
-2.4118e-03
-7.0726e-04
4.0256e-03
8.6130e-03
1.1278e-02
1.5964e-02
1.8977e-02
2.1047e-02
2.3412e-02
2.5445e-02
2.9002e-02
3.0041e-02
3.0087e-02
2.7939e-02
2.4050e-02
1.9784e-02
1.4819e-02
1.1021e-02
8.1074e-03
4.9289e-03
1.7287e-03
-2.3455e-03
-7.5502e-03
-1.0740e-02
-1.6072e-02
-1.9338e-02
-2.0145e-02
-2.2732e-02
-2.3128e-02
-2.2532e-02
-2.4113e-02
-2.1208e-02
-1.8928e-02
-1.6667e-02
-1.4945e-02
-1.1675e-02
-9.0119e-03
-7.8272e-03
-8.4968e-03
-9.0512e-03
-8.2707e-03
-8.5034e-03
-8.9013e-03
-9.6492e-03
-9.2122e-03
-8.2557e-03
-7.6231e-03
-7.9514e-03
-6.4406e-03
-6.2993e-03
-5.4798e-03
-5.5842e-03
-4.8690e-03
-5.3996e-03
-3.6995e-03
-5.1975e-03
-7.9152e-03
-7.1000e-03
-7.6806e-03
-8.6133e-03
-8.6243e-03
-9.8506e-03
-1.3179e-02
-1.2327e-02
-1.2821e-02
-1.1125e-02
-8.9795e-03
-6.5012e-03
-3.6425e-03
-1.7773e-03
4.1186e-03
8.8297e-03
1.4678e-02
1.9904e-02
2.5463e-02
3.0611e-02
3.4544e-02
3.5415e-02
3.6559e-02
3.6865e-02
3.5152e-02
3.3567e-02
3.2486e-02
3.0258e-02
2.7649e-02
2.6653e-02
2.5568e-02
2.1909e-02
1.9267e-02
1.7388e-02
1.5110e-02
1.2531e-02
9.6176e-03
8.4716e-03
6.9300e-03
7.5059e-03
7.0317e-03
5.5683e-03
5.2746e-03
6.6940e-03
5.7567e-03
4.2803e-03
1.3255e-03
-2.4903e-03
-6.9300e-03
-1.2024e-02
-1.5399e-02
-1.9595e-02
-2.0313e-02
-2.2337e-02
-2.3679e-02
-2.2396e-02
-2.1621e-02
-2.1056e-02
-2.1821e-02
-2.1315e-02
-2.0798e-02
-2.0266e-02
-1.8699e-02
-1.6644e-02
-1.3225e-02
-7.5186e-03
-1.1011e-03
3.0684e-03
6.9378e-03
9.8617e-03
1.0427e-02
1.0709e-02
8.3800e-03
7.8752e-03
6.0726e-03
2.8741e-03
2.1128e-03
-1.1901e-03
-3.7234e-03
-2.5824e-03
-3.6026e-03
-1.9312e-03
7.6635e-04
2.7073e-03
6.5310e-03
8.8720e-03
1.2898e-02
1.4545e-02
1.8382e-02
2.0890e-02
2.3775e-02
2.5844e-02
2.5739e-02
2.5267e-02
2.1303e-02
1.7026e-02
1.0913e-02
8.0400e-03
2.3630e-03
-2.7337e-03
-7.4758e-03
-1.3273e-02
-1.5406e-02
-1.8107e-02
-1.6977e-02
-1.5967e-02
-1.3750e-02
-1.1148e-02
-8.3573e-03
-3.6946e-03
-1.1864e-03
1.5806e-03
2.8517e-03
3.2315e-03
2.6026e-03
-2.9613e-04
-8.5337e-04
-1.0258e-03
-1.4505e-03
-1.2859e-03
-1.3737e-03
-4.9390e-04
3.1773e-03
4.9941e-03
7.6218e-03
9.6256e-03
9.8748e-03
1.0476e-02
1.0175e-02
1.0351e-02
1.0254e-02
1.0517e-02
1.0379e-02
9.9692e-03
1.0118e-02
1.1978e-02
1.4510e-02
1.4768e-02
1.2791e-02
1.0690e-02
6.8282e-03
1.6661e-03
-1.2502e-03
-4.5949e-03
-6.2133e-03
-7.7535e-03
-8.0175e-03
-9.8404e-03
-1.1542e-02
-1.0001e-02
-1.1617e-02
-1.1675e-02
-1.1911e-02
-1.2214e-02
-1.2306e-02
-1.1868e-02
-1.1500e-02
-9.2703e-03
-8.0300e-03
-8.4137e-03
-6.8516e-03
-4.2678e-03
-5.8516e-03
-5.8918e-03
-6.7365e-03
-1.0192e-02
-1.1080e-02
-1.1197e-02
-1.1685e-02
-1.4125e-02
-1.3164e-02
-1.2719e-02
-1.2546e-02
-1.1863e-02
-1.1014e-02
-1.0178e-02
-1.0097e-02
-9.1722e-03
-7.7190e-03
-5.7897e-03
-5.7150e-03
-4.3466e-03
-3.9958e-03
-1.2360e-03
1.7498e-03
3.1050e-03
5.9343e-03
5.7808e-03
5.9294e-03
3.2387e-03
1.4806e-03
-1.4471e-03
-3.2008e-03
-4.5980e-03
-7.4932e-03
-8.1209e-03
-9.1942e-03
-8.9218e-03
-9.0104e-03
-1.1129e-02
-1.3144e-02
-1.0891e-02
-9.3255e-03
-7.2182e-03
-3.6109e-03
-2.6015e-04
2.8036e-03
6.9240e-03
8.9617e-03
9.0600e-03
9.0236e-03
9.1806e-03
8.6615e-03
6.8966e-03
6.5644e-03
5.0777e-03
4.0672e-03
3.4567e-03
3.5353e-03
3.2965e-03
4.1839e-03
4.8690e-03
7.8848e-03
8.1221e-03
7.2832e-03
6.5791e-03
4.3922e-03
4.5512e-03
3.0404e-03
1.2231e-03
-1.0638e-03
-7.5054e-04
-3.8571e-03
-6.4506e-03
-9.1724e-03
-1.5145e-02
-1.7808e-02
-1.9208e-02
-1.9684e-02
-2.0777e-02
-1.9343e-02
-1.7182e-02
-1.4336e-02
-1.2136e-02
-8.1181e-03
-3.7026e-03
2.9670e-03
8.7741e-03
1.3234e-02
1.8522e-02
2.2615e-02
2.7753e-02
2.9184e-02
3.0738e-02
3.0608e-02
3.0683e-02
2.7976e-02
2.4896e-02
2.3472e-02
2.2009e-02
1.9936e-02
1.7705e-02
1.6534e-02
1.4468e-02
1.2354e-02
9.3682e-03
6.4313e-03
2.1912e-03
-1.9761e-03
-4.9367e-03
-8.6160e-03
-1.1234e-02
-1.5515e-02
-1.9193e-02
-2.2652e-02
-2.7026e-02
-2.7908e-02
-3.0657e-02
-3.1081e-02
-3.0553e-02
-2.9900e-02
-2.8164e-02
-2.5840e-02
-2.1695e-02
-1.8873e-02
-1.6826e-02
-1.4066e-02
-1.0508e-02
-7.0058e-03
-3.6935e-03
-1.4965e-03
1.1794e-03
3.9212e-03
7.2276e-03
8.5974e-03
1.0272e-02
1.1350e-02
1.2054e-02
1.2961e-02
1.3686e-02
1.4750e-02
1.4847e-02
1.5739e-02
1.6096e-02
1.6275e-02
1.6401e-02
1.5544e-02
1.4337e-02
1.2720e-02
1.1530e-02
1.0714e-02
9.2786e-03
8.7366e-03
8.0644e-03
7.6720e-03
8.2270e-03
8.0591e-03
8.1751e-03
8.6510e-03
7.7439e-03
7.3084e-03
6.8372e-03
5.4022e-03
4.5776e-03
3.5310e-03
2.0946e-03
1.6058e-03
4.3357e-04
-2.6667e-04
-9.8751e-04
-1.9112e-03
-2.2535e-03
-2.3825e-03
-2.5910e-03
-2.5352e-03
-2.2482e-03
-2.4081e-03
-2.3117e-03
-2.5649e-03
-2.9195e-03
-3.3234e-03
-3.7577e-03
-4.0738e-03
-4.9286e-03
-5.0527e-03
-5.1942e-03
-4.6852e-03
-4.3167e-03
-4.5970e-03
-4.1251e-03
-3.9878e-03
-3.8678e-03
-3.7021e-03
-3.8327e-03
-3.8188e-03
-3.6497e-03
-3.3440e-03
-3.1959e-03
-2.9828e-03
-2.6941e-03
-2.3883e-03
-1.8866e-03
-1.6199e-03
-1.4824e-03
-1.3621e-03
-1.2270e-03
-1.1673e-03
-9.2579e-04
-6.3363e-04
-4.1615e-04
-1.0131e-04
1.0195e-04
1.1148e-04
3.4667e-05
2.9296e-05
-1.4798e-04
-2.1511e-04
-1.9017e-04
-3.7996e-04
-1.4767e-04
3.6673e-05
2.3169e-04
3.9912e-04
4.6921e-04
4.8808e-04
5.0658e-04
4.6882e-04
3.7862e-04
3.4290e-04
2.3442e-04
1.7486e-04
1.1089e-04
2.1556e-05
-2.6173e-05
-7.0558e-05
-1.2670e-04
-1.2420e-04
-1.3035e-04
-1.2729e-04
-1.0437e-04
-7.3917e-05
-3.3217e-05
-2.5748e-05
2.2072e-05
7.3360e-05
9.9806e-05
1.3049e-04
1.5671e-04
1.6534e-04
1.7043e-04
1.7208e-04
1.5455e-04
1.3393e-04
1.1697e-04
9.8041e-05
7.9519e-05
6.1010e-05
4.6516e-05
3.2068e-05
1.5985e-05
2.3019e-06
-1.1160e-05
-2.4726e-05
-3.9285e-05
-5.0111e-05
-6.0416e-05
-7.0456e-05
-8.1045e-05
-9.1768e-05
-1.0199e-04
-1.1198e-04
-1.2217e-04
-1.3274e-04
-1.4345e-04
-1.5435e-04
-1.6538e-04
-1.7649e-04
-1.8765e-04
-1.9897e-04
-2.1044e-04
-2.2208e-04
-2.3392e-04
-2.4600e-04
-2.5841e-04
-2.7124e-04
-2.8459e-04
