-5.0250e-06
-5.0271e-06
-5.0568e-06
-5.0858e-06
-5.1096e-06
-5.1295e-06
-5.1499e-06
-5.1707e-06
-5.1878e-06
-5.2064e-06
-5.2221e-06
-5.2394e-06
-5.2543e-06
-5.2714e-06
-5.2898e-06
-5.3032e-06
-5.3095e-06
-5.3238e-06
-5.3341e-06
-5.3439e-06
-5.3607e-06
-5.3799e-06
-5.3826e-06
-5.3706e-06
-5.3571e-06
-5.3581e-06
-5.3666e-06
-5.3761e-06
-5.3828e-06
-5.3854e-06
-5.3883e-06
-5.3912e-06
-5.3742e-06
-5.3480e-06
-5.3382e-06
-5.3264e-06
-5.3402e-06
-5.3771e-06
-5.3799e-06
-5.3299e-06
-5.2651e-06
-5.2397e-06
-5.2723e-06
-5.3268e-06
-5.3166e-06
-5.2798e-06
-5.3024e-06
-5.3433e-06
-5.2809e-06
-5.1634e-06
-5.1574e-06
-5.2080e-06
-5.1678e-06
-5.0887e-06
-5.0868e-06
-5.1091e-06
-5.1021e-06
-5.1109e-06
-5.0575e-06
-4.9419e-06
-4.8367e-06
-4.7805e-06
-4.8024e-06
-4.8877e-06
-4.9335e-06
-4.8781e-06
-4.8086e-06
-4.7959e-06
-4.7279e-06
-4.6526e-06
-4.6888e-06
-4.7621e-06
-4.7175e-06
-4.4639e-06
-4.2640e-06
-4.2408e-06
-4.2951e-06
-4.3246e-06
-4.2679e-06
-4.2948e-06
-4.3182e-06
-4.3336e-06
-4.3591e-06
-4.2613e-06
-4.1203e-06
-3.9450e-06
-3.9083e-06
-3.9923e-06
-4.1022e-06
-4.2018e-06
-4.0723e-06
-3.9602e-06
-3.8483e-06
-3.6834e-06
-3.5659e-06
-3.5043e-06
-3.7226e-06
-3.8350e-06
-3.6865e-06
-3.5455e-06
-3.4318e-06
-3.3765e-06
-3.1885e-06
-3.0121e-06
-2.9593e-06
-2.8202e-06
-2.5477e-06
-2.4331e-06
-2.4997e-06
-2.4536e-06
-2.3898e-06
-2.2893e-06
-2.2486e-06
-2.3483e-06
-2.4351e-06
-2.5224e-06
-2.2319e-06
-1.8654e-06
-1.9382e-06
-2.0715e-06
-1.9767e-06
-1.7772e-06
-1.7766e-06
-1.8344e-06
-1.4765e-06
-1.1959e-06
-1.4686e-06
-1.7800e-06
-1.7512e-06
-1.3864e-06
-1.0395e-06
-9.7429e-07
-1.1390e-06
-1.4374e-06
-1.6608e-06
-1.5863e-06
-1.2556e-06
-8.7887e-07
-5.4735e-07
-5.3511e-07
-4.6312e-07
2.6838e-08
2.1517e-07
1.2475e-07
1.8072e-07
3.7629e-07
4.7728e-07
4.1915e-07
3.7093e-07
4.7057e-07
1.0596e-06
1.3776e-06
9.8102e-07
4.2075e-07
1.2314e-07
3.5674e-07
9.8434e-07
1.3709e-06
8.8694e-07
4.5376e-07
9.4220e-07
1.4151e-06
1.3820e-06
1.5199e-06
2.0333e-06
2.3056e-06
2.0310e-06
1.6554e-06
1.9393e-06
2.6375e-06
2.6559e-06
2.2672e-06
2.3695e-06
2.5049e-06
2.0061e-06
1.6042e-06
2.0388e-06
2.3970e-06
2.4240e-06
2.5213e-06
2.6051e-06
3.1201e-06
3.3313e-06
3.0627e-06
3.2175e-06
3.6109e-06
3.9448e-06
3.7387e-06
3.4923e-06
3.8334e-06
3.7444e-06
3.3767e-06
3.3701e-06
4.0042e-06
4.9824e-06
4.3954e-06
3.0033e-06
3.0146e-06
4.0850e-06
5.2746e-06
5.8118e-06
5.2762e-06
4.6263e-06
4.3949e-06
4.7952e-06
5.6141e-06
5.6178e-06
5.7889e-06
5.9718e-06
5.2803e-06
4.4382e-06
4.0246e-06
4.8076e-06
5.9297e-06
6.9222e-06
7.3699e-06
7.1145e-06
6.8019e-06
6.6253e-06
6.8145e-06
6.7908e-06
6.8847e-06
7.3369e-06
7.0773e-06
6.4544e-06
6.7507e-06
6.8446e-06
5.8001e-06
5.3469e-06
6.0680e-06
6.5865e-06
6.8441e-06
7.8420e-06
8.5123e-06
7.9791e-06
7.7042e-06
7.7313e-06
6.7964e-06
6.3844e-06
7.5719e-06
8.8329e-06
8.8589e-06
8.2921e-06
8.3569e-06
8.5785e-06
9.3286e-06
1.0427e-05
1.0240e-05
9.6656e-06
9.4011e-06
9.3254e-06
9.3219e-06
9.6054e-06
1.0679e-05
1.1603e-05
1.2013e-05
1.1229e-05
1.0089e-05
1.0358e-05
1.0588e-05
1.0596e-05
1.1154e-05
1.1635e-05
1.1502e-05
1.1170e-05
1.1034e-05
1.0900e-05
1.0411e-05
1.0439e-05
1.1039e-05
1.0483e-05
1.0013e-05
1.0789e-05
1.1338e-05
1.1386e-05
1.1543e-05
1.1914e-05
1.1649e-05
1.1257e-05
1.2301e-05
1.3355e-05
1.2994e-05
1.1985e-05
1.1428e-05
1.1922e-05
1.2390e-05
1.2096e-05
1.2222e-05
1.2843e-05
1.3698e-05
1.5236e-05
1.4339e-05
1.1109e-05
1.0700e-05
1.2199e-05
1.2874e-05
1.3467e-05
1.3880e-05
1.4112e-05
1.3765e-05
1.2775e-05
1.3735e-05
1.5728e-05
1.6217e-05
1.4811e-05
1.4591e-05
1.5223e-05
1.3657e-05
1.3003e-05
1.3325e-05
1.4416e-05
1.2981e-05
1.2948e-05
1.2609e-05
1.0684e-05
1.2944e-05
1.3090e-05
1.8895e-05
1.3353e-05
1.9118e-05
1.8335e-05
4.4603e-06
4.7877e-06
-3.4964e-05
-1.5565e-05
-2.1491e-05
9.8614e-05
3.0688e-04
3.0109e-04
2.8203e-04
3.2752e-05
-1.1008e-04
5.5080e-07
2.8066e-04
4.6873e-04
2.3463e-04
-1.1836e-04
-1.0913e-03
-1.3552e-03
-9.1404e-04
-4.6044e-04
7.4353e-04
1.0018e-03
1.0234e-04
-7.6976e-04
-1.2702e-03
-1.2305e-03
1.6547e-04
1.6009e-03
1.5743e-03
1.4403e-03
7.3546e-04
-2.9485e-04
-1.5680e-03
-2.5513e-03
-2.0334e-03
-2.0122e-04
2.0830e-03
2.0833e-03
1.0892e-03
4.8587e-05
-1.2407e-03
-6.4858e-04
-4.0566e-05
-5.4179e-04
-7.8604e-05
1.0278e-03
1.2599e-03
1.0598e-03
3.3842e-04
-1.9672e-05
2.1150e-04
-1.4773e-03
-3.1532e-03
-2.9384e-03
-1.2901e-03
1.7120e-03
3.6396e-03
2.2210e-03
-2.0407e-03
-5.7049e-03
-6.1364e-03
-2.1775e-03
4.2500e-03
7.4791e-03
6.3773e-03
3.0353e-03
-1.4607e-03
-4.0416e-03
-2.9696e-03
-6.9229e-04
2.3787e-03
4.9514e-03
3.3075e-03
-1.5164e-03
-6.9195e-03
-9.3141e-03
-5.2866e-03
1.3287e-03
4.1319e-03
4.5397e-03
4.9729e-03
1.8654e-03
-2.6124e-03
-3.7429e-03
-1.4773e-03
2.3915e-03
3.6251e-03
2.5066e-04
-4.8536e-03
-7.1306e-03
-6.1363e-03
-2.8893e-03
2.8638e-03
5.6564e-03
4.4630e-03
2.8094e-03
-2.5350e-03
-6.0860e-03
-3.0234e-03
-1.3261e-03
4.1568e-04
5.4248e-03
8.8259e-03
8.4758e-03
4.8457e-03
1.0386e-04
-3.6854e-03
-6.4138e-03
-7.3589e-03
-6.2041e-03
-2.5421e-03
1.2563e-03
8.3945e-04
-5.5919e-04
-1.3683e-03
-3.1989e-03
-2.4937e-03
1.2659e-04
4.1660e-04
6.0504e-04
3.4884e-03
6.5084e-03
7.0409e-03
4.9411e-03
1.0581e-03
-9.3476e-04
1.6404e-03
1.2716e-03
-2.7410e-03
-4.4999e-03
-4.3300e-03
-1.9204e-03
6.2735e-04
1.0531e-03
1.2377e-03
2.1799e-03
4.2731e-04
2.2093e-03
8.9572e-03
1.0968e-02
9.6190e-03
4.6787e-03
-2.8384e-03
-5.3317e-03
-1.6108e-03
-1.9056e-03
-5.6883e-03
-3.8416e-03
3.8816e-03
1.6972e-02
1.4804e-02
-1.1974e-02
-3.8502e-02
-4.1278e-02
-1.7555e-02
7.6642e-03
1.3348e-02
5.3530e-03
2.3716e-03
4.0451e-03
-1.4304e-03
-1.3286e-02
-1.9918e-02
-7.8391e-03
1.0791e-02
1.8412e-02
8.8488e-03
-8.1007e-03
-1.6677e-02
-1.4407e-02
-4.0236e-04
3.7774e-03
-5.8810e-03
-7.9991e-03
-2.6836e-03
4.3293e-03
7.3674e-03
4.9786e-03
-1.3786e-03
-2.9711e-03
-2.4912e-03
-4.4368e-03
2.5595e-03
8.8987e-03
8.0612e-03
-1.8339e-03
-1.7722e-02
-2.2041e-02
-1.2313e-02
-2.0233e-04
2.4410e-03
-1.5534e-03
-5.0550e-03
2.0930e-03
1.2435e-02
2.3795e-03
-1.5334e-02
-1.8209e-02
-7.7474e-03
7.0308e-03
1.3036e-02
7.0383e-03
5.4663e-03
8.3439e-03
5.5623e-03
-1.2112e-03
-9.0781e-03
-1.4681e-02
-1.5505e-02
-1.4272e-02
-1.3887e-02
-1.0217e-02
-1.2072e-02
-1.7101e-02
-7.8750e-03
3.9126e-03
7.8327e-03
1.0913e-02
9.7880e-03
1.1344e-03
-1.6697e-03
1.9674e-03
-2.2454e-03
-1.2485e-02
-2.0206e-02
-2.3487e-02
-1.6867e-02
3.5555e-03
1.8176e-02
1.4924e-02
4.5318e-03
-1.1090e-02
-2.3394e-02
-1.6576e-02
2.9896e-04
1.2179e-02
1.8544e-02
1.8315e-02
1.7148e-02
1.5657e-02
4.2989e-03
-1.5508e-02
-2.8632e-02
-1.6038e-02
7.5792e-03
2.8984e-02
3.9856e-02
1.7102e-02
-6.5839e-03
-6.6413e-03
-1.5910e-03
1.1385e-02
2.0925e-02
1.2347e-02
5.2277e-03
1.0338e-02
1.7477e-02
2.3750e-02
2.7918e-02
2.4835e-02
1.9631e-02
1.6825e-02
4.1382e-03
-6.2494e-03
3.2112e-03
8.8577e-03
7.7605e-03
5.8164e-03
-1.3894e-03
-1.8976e-03
3.9331e-03
8.5006e-03
-7.0900e-03
-3.8912e-02
-4.8791e-02
-2.7819e-02
-2.8974e-03
-5.4296e-03
-1.9005e-02
-2.2844e-02
-2.2560e-02
-2.1359e-02
-2.8112e-02
-2.7179e-02
-1.4153e-02
-3.2845e-04
9.2875e-03
1.4683e-02
2.6404e-02
3.4808e-02
4.3347e-02
3.9750e-02
8.1624e-03
-1.4581e-02
-2.0785e-02
-1.8479e-02
-8.7450e-03
-1.0533e-02
-5.6040e-03
4.8313e-03
-1.5172e-02
-5.1449e-02
-7.9332e-02
-7.6018e-02
-2.9369e-02
2.8657e-02
5.5021e-02
4.2897e-02
2.6997e-02
1.2858e-02
8.5294e-03
2.0769e-02
2.3076e-02
3.3729e-02
4.8792e-02
4.3848e-02
3.4879e-02
3.2367e-02
3.4930e-02
3.9528e-02
4.4730e-02
3.4338e-02
1.6976e-02
1.9719e-02
3.3834e-02
4.6036e-02
4.6292e-02
3.2546e-02
2.5544e-02
3.3168e-02
3.2610e-02
1.2785e-02
-7.6822e-03
-1.4359e-02
-1.5120e-02
-1.5769e-02
-7.3346e-03
1.6623e-03
3.9797e-03
7.9748e-03
6.4125e-03
3.4549e-03
1.4459e-02
2.9508e-02
3.5021e-02
4.4698e-02
5.7816e-02
5.9338e-02
6.3951e-02
6.5296e-02
5.0685e-02
3.3467e-02
1.2162e-02
-1.6351e-03
4.8020e-03
1.2340e-02
9.8910e-03
-3.3980e-03
-1.7386e-02
-1.0265e-02
6.7566e-03
7.5831e-03
7.9435e-03
1.9857e-02
3.0980e-02
6.2665e-02
1.0706e-01
1.2453e-01
1.2348e-01
1.1197e-01
9.6199e-02
8.5840e-02
7.8495e-02
8.8534e-02
9.5146e-02
8.2024e-02
7.0748e-02
4.0661e-02
2.4407e-03
-1.7178e-02
-2.9456e-02
-2.2486e-02
-1.4868e-02
-2.5077e-02
-4.2529e-02
-6.3726e-02
-6.9277e-02
-6.4737e-02
-6.5253e-02
-6.7312e-02
-6.9120e-02
-6.6408e-02
-5.9483e-02
-5.3628e-02
-5.3057e-02
-4.9946e-02
-3.7252e-02
-2.8628e-02
-2.2894e-02
-5.7271e-03
1.6193e-02
4.4246e-02
7.3780e-02
7.2141e-02
3.8295e-02
4.5215e-03
-1.1619e-02
-1.4878e-02
-1.7183e-02
-2.1373e-02
-2.7249e-02
-3.3291e-02
-2.3842e-02
6.3365e-03
3.9508e-02
6.5701e-02
6.4444e-02
2.3284e-02
-1.8177e-02
-3.5030e-02
-4.1575e-02
-4.4183e-02
-3.1124e-02
4.1141e-03
4.5328e-02
7.6389e-02
9.0143e-02
8.5714e-02
7.5335e-02
6.9872e-02
6.7710e-02
5.7675e-02
3.4858e-02
1.3905e-02
-1.3418e-03
-2.3562e-02
-4.0706e-02
-4.1490e-02
-4.4595e-02
-5.8804e-02
-7.2087e-02
-7.1945e-02
-6.7116e-02
-7.7224e-02
-1.0320e-01
-1.2728e-01
-1.2486e-01
-1.0957e-01
-1.1051e-01
-1.2138e-01
-1.3324e-01
-1.5313e-01
-1.7716e-01
-1.7395e-01
-1.4474e-01
-1.1729e-01
-1.0619e-01
-1.1657e-01
-1.2548e-01
-1.2136e-01
-1.1156e-01
-1.0662e-01
-1.1051e-01
-1.1495e-01
-1.1911e-01
-1.2167e-01
-1.1380e-01
-9.7829e-02
-9.3292e-02
-9.3399e-02
-8.5948e-02
-7.4676e-02
-6.1351e-02
-5.2850e-02
-3.9413e-02
-1.7871e-02
-3.1929e-03
-5.6564e-03
-3.5990e-02
-7.9118e-02
-1.1122e-01
-1.3856e-01
-1.5860e-01
-1.5190e-01
-1.1382e-01
-6.5931e-02
-3.9794e-02
-4.3039e-02
-6.3602e-02
-8.3073e-02
-1.0006e-01
-1.1219e-01
-9.4162e-02
-5.7611e-02
-2.7396e-02
-9.1214e-04
1.9627e-02
2.7542e-02
1.6265e-02
-7.2474e-03
-1.4870e-02
-3.6822e-03
4.9930e-04
-3.0301e-03
-7.5170e-03
-1.4078e-02
-1.0184e-02
1.5346e-03
8.7610e-03
6.5036e-03
-1.0577e-02
-3.3192e-02
-4.4785e-02
-3.7785e-02
-1.7264e-02
2.7595e-03
2.1071e-02
3.9327e-02
4.9068e-02
4.8461e-02
3.1968e-02
-1.9394e-03
-3.1934e-02
-5.1413e-02
-7.2942e-02
-8.3459e-02
-7.5826e-02
-7.0654e-02
-7.1977e-02
-6.8315e-02
-4.8795e-02
-1.3619e-02
2.9433e-02
6.9903e-02
9.3404e-02
9.8512e-02
9.0925e-02
7.8503e-02
6.8423e-02
5.8269e-02
4.9671e-02
5.9353e-02
8.2860e-02
9.2581e-02
8.6748e-02
7.0242e-02
4.0845e-02
6.2845e-03
-2.3264e-02
-4.3965e-02
-5.7611e-02
-5.6808e-02
-3.9505e-02
-1.7083e-02
5.8495e-03
2.4487e-02
3.3535e-02
4.0232e-02
5.4991e-02
8.1226e-02
1.0853e-01
1.2297e-01
1.2747e-01
1.2564e-01
1.1707e-01
1.0983e-01
1.2124e-01
1.5804e-01
1.9305e-01
2.0358e-01
1.9722e-01
1.8739e-01
1.7997e-01
1.7176e-01
1.5817e-01
1.3330e-01
9.3873e-02
4.9923e-02
1.4306e-02
-9.6081e-03
-2.9069e-02
-5.1363e-02
-6.8948e-02
-7.4877e-02
-7.6305e-02
-7.3293e-02
-5.9420e-02
-3.8585e-02
-1.6243e-02
6.5159e-03
2.5769e-02
3.9409e-02
5.0752e-02
6.3976e-02
7.9594e-02
9.3316e-02
1.0682e-01
1.2088e-01
1.3184e-01
1.4164e-01
1.5141e-01
1.6016e-01
1.5654e-01
1.2843e-01
8.6194e-02
4.5276e-02
1.3145e-02
-5.5604e-03
-1.6364e-02
-2.6275e-02
-3.3732e-02
-4.2661e-02
-5.4466e-02
-6.3720e-02
-6.8966e-02
-7.0275e-02
-7.4437e-02
-8.7964e-02
-1.0501e-01
-1.1016e-01
-9.1446e-02
-5.1591e-02
-1.7136e-03
4.7658e-02
8.6855e-02
1.0656e-01
1.0812e-01
1.0076e-01
8.7162e-02
6.5987e-02
4.2524e-02
2.2639e-02
7.2203e-03
1.6086e-03
4.9981e-03
8.9116e-03
1.1653e-02
1.5822e-02
2.1148e-02
2.5844e-02
2.7869e-02
2.4769e-02
2.2065e-02
2.4033e-02
2.5934e-02
2.2521e-02
1.2761e-02
2.0444e-03
-6.5819e-03
-1.1049e-02
-3.1466e-03
1.8309e-02
4.6136e-02
7.6764e-02
1.0520e-01
1.2220e-01
1.2219e-01
1.0751e-01
8.4760e-02
6.0369e-02
4.2917e-02
4.0247e-02
4.3692e-02
3.8960e-02
3.2102e-02
2.8403e-02
2.6320e-02
2.7757e-02
2.9546e-02
3.1811e-02
3.0969e-02
2.2993e-02
1.5102e-02
1.7534e-02
3.1236e-02
4.3505e-02
5.2253e-02
6.1236e-02
6.7416e-02
6.8144e-02
6.8421e-02
8.0993e-02
1.0007e-01
1.1306e-01
1.1922e-01
1.2053e-01
1.1355e-01
9.1686e-02
6.2177e-02
4.6785e-02
5.3480e-02
5.8496e-02
5.1385e-02
3.9621e-02
2.2213e-02
1.2392e-03
-2.5973e-02
-5.3543e-02
-7.0307e-02
-7.9235e-02
-8.3936e-02
-8.2354e-02
-6.7551e-02
-4.0534e-02
-1.1397e-02
1.5143e-02
3.3573e-02
3.8412e-02
3.3700e-02
2.3986e-02
1.1978e-02
1.2152e-03
-7.3016e-03
-1.5732e-02
-2.3081e-02
-2.5168e-02
-2.9647e-02
-4.2623e-02
-5.2041e-02
-4.7521e-02
-3.6772e-02
-3.1008e-02
-3.1365e-02
-4.0037e-02
-5.8472e-02
-8.2532e-02
-1.0424e-01
-1.1675e-01
-1.2125e-01
-1.2056e-01
-1.2232e-01
-1.2490e-01
-1.1742e-01
-1.0818e-01
-1.0880e-01
-1.2028e-01
-1.3701e-01
-1.4959e-01
-1.5219e-01
-1.4591e-01
-1.3575e-01
-1.1957e-01
-9.8291e-02
-7.7130e-02
-5.7470e-02
-4.0554e-02
-2.4800e-02
-1.1939e-02
-1.7194e-03
1.2043e-02
2.5275e-02
2.5856e-02
1.8098e-02
1.7458e-02
2.1761e-02
2.2826e-02
1.8709e-02
8.7644e-03
-4.1158e-03
-1.9726e-02
-2.9701e-02
-2.2640e-02
-1.9088e-02
-3.6301e-02
-4.1914e-02
-3.6282e-02
-4.0022e-02
-2.3276e-02
-4.9520e-03
6.5954e-03
2.7598e-02
1.7155e-02
-2.9839e-03
-1.2103e-02
-2.0128e-02
-1.0931e-02
-2.6680e-03
7.3974e-03
2.2789e-02
3.5807e-02
5.7389e-02
7.3328e-02
8.0071e-02
8.2938e-02
8.0905e-02
8.0777e-02
7.8042e-02
6.9276e-02
5.6721e-02
4.3934e-02
3.5219e-02
2.9258e-02
2.6066e-02
2.0264e-02
6.8099e-03
-6.0507e-03
-1.1577e-02
-1.1524e-02
-1.2297e-02
-2.1011e-02
-3.7996e-02
-5.6066e-02
-6.6059e-02
-6.4872e-02
-5.7288e-02
-4.8678e-02
-4.1087e-02
-3.4580e-02
-2.8969e-02
-2.3994e-02
-2.0756e-02
-2.1573e-02
-2.5477e-02
-2.7177e-02
-2.4039e-02
-2.1237e-02
-2.1315e-02
-2.4215e-02
-3.3678e-02
-4.5487e-02
-5.1615e-02
-5.2006e-02
-5.1574e-02
-5.0891e-02
-4.5859e-02
-3.9448e-02
-3.4612e-02
-2.8959e-02
-1.9867e-02
-6.4188e-03
4.6912e-03
8.3487e-03
6.4500e-03
1.3161e-03
-2.0411e-03
-9.9499e-04
-3.6336e-03
-1.4392e-02
-2.5473e-02
-3.3844e-02
-4.3200e-02
-5.3035e-02
-6.1334e-02
-7.0855e-02
-7.9086e-02
-7.7579e-02
-6.9790e-02
-5.8848e-02
-3.9724e-02
-1.5585e-02
4.1329e-03
1.0256e-02
3.7590e-03
-2.9122e-03
-5.6362e-03
-6.9075e-03
-7.6655e-03
-1.1079e-02
-1.7095e-02
-2.5625e-02
-3.3368e-02
-3.4042e-02
-3.4922e-02
-4.4013e-02
-5.9558e-02
-7.6613e-02
-9.1694e-02
-1.0444e-01
-1.0804e-01
-1.0134e-01
-9.4788e-02
-8.8533e-02
-7.7885e-02
-6.9942e-02
-6.9226e-02
-6.9443e-02
-7.1568e-02
-7.9307e-02
-8.6451e-02
-8.7079e-02
-7.9782e-02
-6.6478e-02
-5.4761e-02
-4.8433e-02
-4.1080e-02
-3.1411e-02
-2.1649e-02
-7.9165e-03
7.9721e-03
2.1375e-02
3.1161e-02
3.6018e-02
3.3504e-02
2.5167e-02
1.8829e-02
1.3838e-02
4.7868e-03
-8.1915e-03
-2.4148e-02
-4.1797e-02
-5.7410e-02
-6.1730e-02
-5.4007e-02
-4.0011e-02
-1.6145e-02
1.1585e-02
2.6261e-02
2.3433e-02
1.2617e-02
3.8278e-03
2.8254e-03
1.6294e-02
4.5279e-02
7.8647e-02
1.0251e-01
1.1203e-01
1.0900e-01
9.5729e-02
7.9671e-02
6.9108e-02
6.7510e-02
7.3271e-02
8.1634e-02
8.8733e-02
8.8308e-02
8.1298e-02
7.1424e-02
5.8308e-02
4.8704e-02
4.2997e-02
3.8476e-02
3.6744e-02
3.3009e-02
2.8416e-02
2.9431e-02
3.5681e-02
4.2292e-02
4.6170e-02
4.6732e-02
4.1741e-02
3.5523e-02
3.5744e-02
3.8085e-02
3.7675e-02
3.9501e-02
4.2825e-02
3.8907e-02
3.1435e-02
3.3715e-02
4.0759e-02
3.8790e-02
3.2705e-02
3.4899e-02
4.2938e-02
4.4646e-02
4.3622e-02
5.0147e-02
5.8323e-02
6.1751e-02
6.5723e-02
7.3659e-02
8.0373e-02
8.2095e-02
7.8142e-02
6.7446e-02
5.2551e-02
4.1086e-02
3.5635e-02
3.1829e-02
2.8631e-02
2.3847e-02
1.4658e-02
3.4467e-03
-4.6143e-03
-4.9731e-03
7.3108e-04
7.0354e-03
1.2792e-02
1.9799e-02
2.6945e-02
3.1174e-02
2.9418e-02
2.3625e-02
1.7231e-02
9.4367e-03
2.8497e-03
1.5335e-03
4.5227e-03
9.1521e-03
1.0069e-02
-7.1069e-04
-1.9899e-02
-3.8778e-02
-5.6257e-02
-6.8974e-02
-7.3057e-02
-7.4676e-02
-7.7808e-02
-7.5993e-02
-6.8805e-02
-5.8451e-02
-4.1490e-02
-2.0773e-02
-5.1507e-03
-1.1797e-03
-5.1911e-03
-7.5799e-03
-3.9048e-03
7.8434e-03
2.4596e-02
3.8958e-02
4.9827e-02
5.9931e-02
6.9767e-02
7.7061e-02
7.8462e-02
7.3545e-02
6.3319e-02
4.9076e-02
3.5364e-02
2.4254e-02
2.0334e-02
2.7096e-02
3.3227e-02
3.5544e-02
3.8100e-02
3.6384e-02
3.2237e-02
3.2701e-02
4.6597e-02
6.8798e-02
7.7243e-02
7.5722e-02
7.3033e-02
5.8267e-02
4.1306e-02
3.2227e-02
2.3025e-02
1.7460e-02
1.9610e-02
2.3829e-02
2.9585e-02
4.1620e-02
5.4587e-02
5.7498e-02
5.2525e-02
4.7379e-02
4.5202e-02
4.4484e-02
3.9752e-02
3.2108e-02
2.5068e-02
1.7911e-02
1.1630e-02
4.6636e-03
-5.8995e-03
-1.7351e-02
-2.5498e-02
-3.2250e-02
-3.6609e-02
-3.5829e-02
-3.5799e-02
-3.4793e-02
-2.7384e-02
-1.8629e-02
-1.4218e-02
-1.4140e-02
-1.7364e-02
-2.1653e-02
-1.9162e-02
-6.6319e-03
4.9946e-03
4.2547e-03
-3.9074e-03
-1.2357e-02
-2.1159e-02
-2.5978e-02
-2.7068e-02
-2.9098e-02
-3.1061e-02
-3.1768e-02
-2.8623e-02
-2.2427e-02
-1.7838e-02
-1.5574e-02
-1.8426e-02
-2.4257e-02
-2.7193e-02
-2.6710e-02
-2.1223e-02
-1.4140e-02
-1.2101e-02
-1.6992e-02
-2.6175e-02
-3.4560e-02
-4.0631e-02
-4.0549e-02
-3.1595e-02
-1.9971e-02
-8.1046e-03
4.6250e-03
1.4567e-02
1.9183e-02
1.7378e-02
1.1521e-02
1.0453e-02
2.0287e-02
3.3375e-02
3.8229e-02
3.0890e-02
1.4247e-02
-5.2972e-03
-2.2950e-02
-2.9516e-02
-2.7088e-02
-2.8852e-02
-3.5033e-02
-4.4455e-02
-5.5682e-02
-6.5992e-02
-7.6832e-02
-8.6741e-02
-9.2495e-02
-9.3859e-02
-9.4751e-02
-9.8780e-02
-1.0529e-01
-1.1059e-01
-1.1078e-01
-1.0326e-01
-8.8469e-02
-6.7854e-02
-4.5102e-02
-2.7067e-02
-1.9358e-02
-2.2876e-02
-3.0273e-02
-3.3397e-02
-2.9220e-02
-2.2894e-02
-2.1058e-02
-2.1387e-02
-2.1934e-02
-2.3204e-02
-2.5073e-02
-2.5384e-02
-2.2276e-02
-1.9392e-02
-2.1440e-02
-2.8986e-02
-3.5033e-02
-3.3152e-02
-2.4807e-02
-1.1492e-02
6.6061e-03
2.1615e-02
2.8050e-02
2.9461e-02
2.6837e-02
2.4335e-02
2.3904e-02
2.1672e-02
1.6434e-02
5.5528e-03
-7.9459e-03
-1.8388e-02
-2.5354e-02
-2.7501e-02
-2.4600e-02
-1.9441e-02
-1.2368e-02
-4.4416e-03
-2.7665e-04
2.3030e-03
7.0577e-03
1.0426e-02
8.4593e-03
1.1550e-03
-5.1304e-03
-5.8809e-03
-5.1928e-03
-7.2363e-03
-1.0117e-02
-9.0030e-03
-4.4446e-03
2.4570e-04
7.5064e-03
1.8472e-02
2.6724e-02
2.7909e-02
2.4602e-02
2.1732e-02
2.3277e-02
2.8832e-02
3.1922e-02
2.7206e-02
1.8512e-02
1.5109e-02
2.1381e-02
3.2849e-02
4.4934e-02
5.5707e-02
6.1225e-02
6.2476e-02
6.3980e-02
6.5919e-02
6.8735e-02
7.2991e-02
7.4485e-02
6.6672e-02
5.1135e-02
3.5513e-02
2.0103e-02
7.5523e-03
4.4741e-03
8.4673e-03
1.3940e-02
1.6416e-02
1.3938e-02
9.0542e-03
6.9880e-03
1.0189e-02
1.4561e-02
1.7948e-02
2.1549e-02
2.5600e-02
3.1557e-02
3.9253e-02
4.4292e-02
4.3759e-02
3.5809e-02
2.3901e-02
1.8920e-02
2.1776e-02
2.5583e-02
2.6467e-02
2.3494e-02
1.8338e-02
1.2747e-02
8.2205e-03
2.6947e-03
-4.9159e-03
-1.2487e-02
-1.8701e-02
-2.2389e-02
-2.2799e-02
-1.7548e-02
-6.1397e-03
6.8812e-03
1.4481e-02
1.4283e-02
1.0232e-02
5.0243e-03
2.1704e-03
8.9213e-03
2.6088e-02
4.1096e-02
4.7368e-02
5.3891e-02
6.3470e-02
6.9150e-02
6.9809e-02
6.7837e-02
6.2268e-02
5.4540e-02
4.3961e-02
2.3590e-02
-8.8461e-03
-4.6241e-02
-7.9006e-02
-1.0233e-01
-1.1230e-01
-1.0367e-01
-7.8209e-02
-4.6716e-02
-2.0384e-02
-4.8958e-03
-6.3019e-04
-3.4144e-03
-1.0726e-02
-2.1145e-02
-3.1244e-02
-3.7291e-02
-3.2072e-02
-1.6945e-02
-4.9963e-03
-5.8587e-03
-1.9471e-02
-3.8882e-02
-5.8375e-02
-7.1002e-02
-7.3361e-02
-6.8280e-02
-5.6380e-02
-4.2852e-02
-3.7387e-02
-4.3455e-02
-5.6485e-02
-7.0999e-02
-8.3146e-02
-9.0151e-02
-9.4218e-02
-9.7268e-02
-9.3979e-02
-7.6922e-02
-4.7344e-02
-1.6207e-02
5.4197e-03
1.3642e-02
1.3436e-02
1.1589e-02
1.1512e-02
1.5543e-02
2.4308e-02
3.5456e-02
4.4518e-02
4.6870e-02
4.2238e-02
3.6658e-02
3.6202e-02
3.8642e-02
3.6346e-02
3.0648e-02
2.8146e-02
2.8432e-02
3.1781e-02
3.8667e-02
4.6081e-02
5.2492e-02
5.5675e-02
5.5426e-02
5.4128e-02
5.1383e-02
4.6132e-02
4.0474e-02
3.6437e-02
3.0855e-02
2.2266e-02
1.3575e-02
3.4953e-03
-8.5002e-03
-1.9199e-02
-2.9536e-02
-4.0558e-02
-4.8335e-02
-5.0431e-02
-4.9817e-02
-5.1078e-02
-5.5263e-02
-5.8441e-02
-5.7284e-02
-5.1964e-02
-4.0810e-02
-2.5589e-02
-1.5112e-02
-1.0678e-02
-7.4663e-03
-2.6873e-03
7.2821e-03
2.2540e-02
4.1175e-02
6.2254e-02
8.1630e-02
9.3069e-02
9.2799e-02
8.3460e-02
7.2904e-02
6.8246e-02
7.0663e-02
7.6188e-02
8.0537e-02
8.1135e-02
7.7176e-02
6.9413e-02
5.9399e-02
4.8751e-02
4.0429e-02
3.8971e-02
4.5332e-02
5.4836e-02
6.3079e-02
6.7500e-02
6.6396e-02
6.1703e-02
5.6839e-02
5.3782e-02
5.1931e-02
4.8544e-02
4.2650e-02
3.4851e-02
2.5794e-02
1.6304e-02
7.2471e-03
-1.0975e-03
-7.4592e-03
-9.4451e-03
-8.0039e-03
-4.8686e-03
-6.3566e-04
1.9209e-03
1.1276e-03
-3.1056e-04
2.8259e-04
1.0635e-03
-3.7462e-04
-4.2114e-03
-1.0265e-02
-1.7734e-02
-2.6033e-02
-3.3931e-02
-3.9383e-02
-4.3002e-02
-4.6813e-02
-5.1161e-02
-5.4905e-02
-5.7013e-02
-5.8091e-02
-6.0168e-02
-6.5057e-02
-7.2253e-02
-7.9153e-02
-8.2783e-02
-8.2970e-02
-8.2773e-02
-8.3800e-02
-8.6615e-02
-8.9914e-02
-8.8985e-02
-8.0968e-02
-6.9721e-02
-6.2634e-02
-6.0483e-02
-5.9477e-02
-5.8117e-02
-5.6426e-02
-5.6534e-02
-5.9390e-02
-6.2400e-02
-6.2646e-02
-6.0125e-02
-5.7774e-02
-5.7883e-02
-6.1381e-02
-6.9015e-02
-7.8755e-02
-8.6868e-02
-9.1508e-02
-8.8988e-02
-7.7898e-02
-6.2853e-02
-4.8365e-02
-3.7578e-02
-3.0130e-02
-2.4627e-02
-2.1398e-02
-1.8321e-02
-1.2826e-02
-5.0062e-03
6.2917e-04
-1.9732e-04
-4.1827e-03
-7.3934e-03
-8.8110e-03
-7.1305e-03
-3.3573e-03
-1.6903e-03
-4.8990e-03
-9.9155e-03
-1.5779e-02
-2.3896e-02
-2.9744e-02
-3.1273e-02
-3.2501e-02
-3.5648e-02
-3.7668e-02
-3.5286e-02
-3.1514e-02
-3.0579e-02
-3.1102e-02
-2.9413e-02
-2.4235e-02
-1.5400e-02
-3.5586e-03
7.5663e-03
1.4776e-02
1.9077e-02
2.2164e-02
2.4488e-02
2.5242e-02
2.4226e-02
2.3828e-02
2.4563e-02
2.3348e-02
1.5978e-02
1.0635e-03
-1.7937e-02
-3.5665e-02
-4.7707e-02
-5.2737e-02
-5.3564e-02
-5.4462e-02
-5.5886e-02
-5.5170e-02
-5.0531e-02
-4.2951e-02
-3.5514e-02
-3.0585e-02
-2.8763e-02
-2.9112e-02
-3.0753e-02
-3.2495e-02
-3.3314e-02
-3.2730e-02
-2.9471e-02
-2.4073e-02
-1.7866e-02
-1.0892e-02
-2.4993e-03
7.7986e-03
1.6333e-02
1.9963e-02
1.9808e-02
1.5891e-02
1.0204e-02
4.9234e-03
-6.4421e-04
-5.4280e-03
-9.6855e-03
-1.4565e-02
-1.7955e-02
-1.8536e-02
-1.7751e-02
-1.6053e-02
-1.3481e-02
-1.2540e-02
-1.6343e-02
-2.5343e-02
-3.6056e-02
-4.4630e-02
-4.7529e-02
-4.0616e-02
-2.7300e-02
-1.4435e-02
-3.9230e-03
1.5664e-03
1.7932e-03
-5.7818e-04
-4.1302e-03
-5.8145e-03
-5.0246e-03
-2.8427e-03
2.0214e-03
1.0469e-02
2.1713e-02
3.3869e-02
4.4756e-02
5.2609e-02
5.7862e-02
6.2870e-02
6.9408e-02
7.8899e-02
8.9901e-02
9.5674e-02
9.1080e-02
7.7333e-02
5.9491e-02
4.3442e-02
3.2895e-02
2.8455e-02
2.8263e-02
3.1150e-02
3.7051e-02
4.4314e-02
5.1750e-02
5.8851e-02
6.5048e-02
6.9879e-02
7.2693e-02
7.3996e-02
7.4287e-02
7.3980e-02
7.3567e-02
7.2891e-02
7.2521e-02
7.2790e-02
7.4109e-02
7.7080e-02
8.1086e-02
8.5287e-02
8.8654e-02
9.0762e-02
9.1699e-02
9.1729e-02
9.1330e-02
9.1021e-02
9.1007e-02
8.9302e-02
8.5315e-02
8.0291e-02
7.4096e-02
6.6716e-02
5.7664e-02
4.7287e-02
3.8756e-02
3.3596e-02
3.1415e-02
3.3162e-02
3.8545e-02
4.6057e-02
5.4450e-02
6.2731e-02
6.9695e-02
7.3174e-02
7.1320e-02
6.1430e-02
4.3766e-02
2.4526e-02
8.9325e-03
-1.8924e-03
-8.4347e-03
-1.0952e-02
-1.0473e-02
-9.4278e-03
-9.1221e-03
-9.4944e-03
-1.0750e-02
-1.2942e-02
-1.5456e-02
-1.7781e-02
-2.0251e-02
-2.3371e-02
-2.6095e-02
-2.6583e-02
-2.4669e-02
-2.1581e-02
-1.8501e-02
-1.5741e-02
-1.3596e-02
-1.2697e-02
-1.2995e-02
-1.4879e-02
-1.8298e-02
-2.1805e-02
-2.4718e-02
-2.7310e-02
-2.9614e-02
-3.1630e-02
-3.4162e-02
-3.7165e-02
-3.9164e-02
-3.9571e-02
-3.8277e-02
-3.5359e-02
-3.1633e-02
-2.7247e-02
-2.1952e-02
-1.6032e-02
-9.8603e-03
-3.3275e-03
3.7650e-03
1.0458e-02
1.5512e-02
1.8668e-02
1.9968e-02
1.9668e-02
1.8705e-02
1.7905e-02
1.7718e-02
1.8269e-02
1.8574e-02
1.7628e-02
1.5618e-02
1.3689e-02
1.2820e-02
1.2828e-02
1.2824e-02
1.1380e-02
7.6358e-03
1.8411e-03
-5.4080e-03
-1.2942e-02
-1.9534e-02
-2.5029e-02
-2.9512e-02
-3.1735e-02
-3.0081e-02
-2.3978e-02
-1.4370e-02
-3.6251e-03
5.4790e-03
1.0964e-02
1.2779e-02
1.2129e-02
1.0683e-02
1.0330e-02
1.2040e-02
1.5519e-02
1.9674e-02
2.2963e-02
2.3972e-02
2.1691e-02
1.6002e-02
8.0907e-03
-3.1813e-04
-6.8004e-03
-9.4821e-03
-9.4868e-03
-9.3879e-03
-1.0872e-02
-1.4058e-02
-1.7912e-02
-2.1695e-02
-2.4820e-02
-2.6581e-02
-2.7017e-02
-2.6758e-02
-2.6245e-02
-2.5748e-02
-2.5569e-02
-2.5378e-02
-2.4791e-02
-2.4384e-02
-2.4692e-02
-2.5523e-02
-2.6742e-02
-2.8538e-02
-3.0391e-02
-3.1498e-02
-3.2198e-02
-3.3984e-02
-3.7988e-02
-4.3311e-02
-4.8144e-02
-5.1372e-02
-5.2085e-02
-4.9778e-02
-4.4436e-02
-3.6042e-02
-2.6004e-02
-1.7002e-02
-1.1612e-02
-1.1069e-02
-1.2653e-02
-1.2311e-02
-8.9161e-03
-3.4605e-03
2.4872e-03
7.9196e-03
1.2351e-02
1.5445e-02
1.7567e-02
1.9528e-02
2.1986e-02
2.4489e-02
2.5900e-02
2.5943e-02
2.4694e-02
2.1982e-02
1.7219e-02
1.0790e-02
4.4876e-03
-9.0200e-04
-4.8871e-03
-7.5333e-03
-9.4619e-03
-1.0332e-02
-1.0279e-02
-9.5730e-03
-8.5057e-03
-7.0801e-03
-5.4924e-03
-5.4335e-03
-7.4008e-03
-1.0562e-02
-1.3805e-02
-1.6013e-02
-1.7298e-02
-1.8466e-02
-2.0220e-02
-2.1885e-02
-2.1871e-02
-2.0085e-02
-1.7545e-02
-1.5044e-02
-1.3114e-02
-1.2423e-02
-1.3032e-02
-1.4006e-02
-1.5300e-02
-1.6997e-02
-1.7985e-02
-1.8184e-02
-1.8774e-02
-2.0513e-02
-2.2663e-02
-2.3137e-02
-2.0283e-02
-1.4058e-02
-6.3793e-03
1.7958e-04
4.0207e-03
4.9871e-03
4.0441e-03
1.7914e-03
-1.5897e-03
-5.6945e-03
-9.4202e-03
-1.1137e-02
-1.0484e-02
-8.1518e-03
-4.4280e-03
1.1491e-04
4.2210e-03
7.5045e-03
1.0247e-02
1.1848e-02
1.1495e-02
9.1237e-03
5.4641e-03
1.5746e-03
-1.9319e-03
-4.8932e-03
-7.1976e-03
-8.3761e-03
-8.4325e-03
-7.8600e-03
-6.1457e-03
-2.7610e-03
1.9322e-03
7.3761e-03
1.2538e-02
1.6427e-02
1.8870e-02
1.9937e-02
1.9835e-02
1.8983e-02
1.7917e-02
1.6863e-02
1.5448e-02
1.3725e-02
1.2106e-02
1.0346e-02
7.9667e-03
4.6720e-03
3.2283e-04
-4.7505e-03
-1.0088e-02
-1.4750e-02
-1.7237e-02
-1.7127e-02
-1.5477e-02
-1.3747e-02
-1.2589e-02
-1.1852e-02
-1.1463e-02
-1.1079e-02
-1.0130e-02
-8.6291e-03
-7.0059e-03
-5.5910e-03
-4.6192e-03
-4.5090e-03
-5.4731e-03
-7.0172e-03
-8.1397e-03
-8.1143e-03
-7.2693e-03
-6.3967e-03
-6.3822e-03
-7.9281e-03
-1.0557e-02
-1.3114e-02
-1.4757e-02
-1.5293e-02
-1.5070e-02
-1.4408e-02
-1.3383e-02
-1.1965e-02
-1.0163e-02
-8.3036e-03
-6.5299e-03
-4.8194e-03
-3.9574e-03
-4.3133e-03
-5.0788e-03
-5.9443e-03
-6.9057e-03
-7.3067e-03
-7.2213e-03
-7.9284e-03
-1.0131e-02
-1.3263e-02
-1.6609e-02
-2.0060e-02
-2.3338e-02
-2.5563e-02
-2.6422e-02
-2.5813e-02
-2.3402e-02
-1.9814e-02
-1.5694e-02
-1.1552e-02
-7.9107e-03
-4.6144e-03
-1.5792e-03
1.2341e-03
3.5513e-03
5.1899e-03
6.2938e-03
6.5983e-03
6.2820e-03
5.3322e-03
3.3892e-03
1.3600e-03
-3.7936e-04
-2.1402e-03
-3.4297e-03
-4.7240e-03
-6.5332e-03
-8.9525e-03
-1.2256e-02
-1.5403e-02
-1.7175e-02
-1.7325e-02
-1.6646e-02
-1.5983e-02
-1.5496e-02
-1.5562e-02
-1.5804e-02
-1.5273e-02
-1.3658e-02
-1.0609e-02
-6.1046e-03
-1.1258e-03
2.9285e-03
4.7989e-03
4.0753e-03
1.6551e-03
-5.9822e-04
-1.3668e-03
-7.1856e-04
9.2570e-04
3.1202e-03
5.1600e-03
6.4351e-03
7.1857e-03
7.7062e-03
7.4623e-03
6.1414e-03
3.8698e-03
1.3034e-03
-8.2199e-04
-2.1257e-03
-1.9776e-03
-5.6464e-05
3.3763e-03
7.3148e-03
1.0567e-02
1.2740e-02
1.3665e-02
1.3448e-02
1.2522e-02
1.1305e-02
1.0262e-02
1.0055e-02
1.1683e-02
1.5306e-02
2.0020e-02
2.4857e-02
2.8799e-02
3.1255e-02
3.2457e-02
3.2555e-02
3.1420e-02
2.9619e-02
2.7895e-02
2.6360e-02
2.4819e-02
2.3069e-02
2.1316e-02
1.9922e-02
1.9596e-02
2.0983e-02
2.3417e-02
2.5720e-02
2.7342e-02
2.8503e-02
2.9454e-02
2.9947e-02
2.9970e-02
2.9648e-02
2.9176e-02
2.9215e-02
2.9868e-02
3.0728e-02
3.2014e-02
3.4248e-02
3.7705e-02
4.2016e-02
4.6322e-02
4.9707e-02
5.1234e-02
5.0498e-02
4.7983e-02
4.4529e-02
4.0716e-02
3.6923e-02
3.3411e-02
3.0697e-02
2.9205e-02
2.7893e-02
2.5373e-02
2.1789e-02
1.8451e-02
1.6452e-02
1.5743e-02
1.5740e-02
1.6140e-02
1.6846e-02
1.7699e-02
1.8649e-02
1.9982e-02
2.1666e-02
2.3436e-02
2.5078e-02
2.6057e-02
2.6140e-02
2.5171e-02
2.2946e-02
2.0218e-02
1.7854e-02
1.5720e-02
1.3383e-02
1.0856e-02
8.2219e-03
5.4509e-03
2.6330e-03
3.6183e-05
-2.3153e-03
-4.8370e-03
-7.6752e-03
-1.1171e-02
-1.5871e-02
-2.1372e-02
-2.6415e-02
-3.0014e-02
-3.2219e-02
-3.3278e-02
-3.2946e-02
-3.0825e-02
-2.7096e-02
-2.2776e-02
-1.9239e-02
-1.7596e-02
-1.8009e-02
-1.9871e-02
-2.1886e-02
-2.2930e-02
-2.3127e-02
-2.3194e-02
-2.3423e-02
-2.3477e-02
-2.3016e-02
-2.1696e-02
-1.9605e-02
-1.7206e-02
-1.4468e-02
-1.1153e-02
-7.0650e-03
-2.7369e-03
8.0201e-04
3.0094e-03
4.0708e-03
4.7143e-03
5.4780e-03
6.4893e-03
7.6847e-03
9.0982e-03
1.0629e-02
1.1971e-02
1.3024e-02
1.3766e-02
1.4211e-02
1.4440e-02
1.4441e-02
1.4332e-02
1.4561e-02
1.5184e-02
1.5587e-02
1.5020e-02
1.3242e-02
1.0724e-02
7.9359e-03
5.2477e-03
3.1213e-03
2.0184e-03
2.0321e-03
2.6747e-03
3.7901e-03
5.6442e-03
8.4076e-03
1.2071e-02
1.6169e-02
2.0090e-02
2.3253e-02
2.4886e-02
2.4113e-02
2.0288e-02
1.3658e-02
5.2573e-03
-3.6056e-03
-1.1808e-02
-1.8765e-02
-2.4602e-02
-2.9613e-02
-3.3251e-02
-3.5120e-02
-3.5718e-02
-3.5300e-02
-3.4143e-02
-3.3771e-02
-3.4790e-02
-3.5770e-02
-3.6104e-02
-3.5489e-02
-3.3624e-02
-3.0848e-02
-2.6615e-02
-2.2113e-02
-1.9909e-02
-1.8569e-02
-1.7234e-02
-1.9058e-02
-2.2616e-02
-2.4092e-02
-2.5235e-02
-2.6999e-02
-2.7345e-02
-2.6844e-02
-2.7145e-02
-2.8539e-02
-2.9446e-02
-2.8494e-02
-2.7595e-02
-2.7869e-02
-2.7899e-02
-2.7209e-02
-2.6084e-02
-2.4590e-02
-2.2556e-02
-2.0450e-02
-1.8592e-02
-1.6571e-02
-1.4691e-02
-1.3330e-02
-1.2850e-02
-1.3322e-02
-1.4267e-02
-1.4564e-02
-1.4106e-02
-1.4235e-02
-1.4969e-02
-1.6305e-02
-1.8404e-02
-2.0573e-02
-2.1855e-02
-2.1807e-02
-2.1308e-02
-2.0350e-02
-1.8049e-02
-1.5134e-02
-1.2051e-02
-8.4610e-03
-5.8886e-03
-5.3443e-03
-5.0717e-03
-4.2286e-03
-4.7842e-03
-7.4378e-03
-9.8252e-03
-1.1035e-02
-1.2225e-02
-1.2740e-02
-1.1716e-02
-1.0166e-02
-8.9310e-03
-8.0632e-03
-7.2307e-03
-6.0853e-03
-4.2297e-03
-1.8194e-03
5.0612e-04
2.9788e-03
5.4178e-03
7.6817e-03
9.7138e-03
1.1351e-02
1.2741e-02
1.3458e-02
1.4052e-02
1.4825e-02
1.5337e-02
1.5017e-02
1.3375e-02
1.1383e-02
9.5402e-03
7.7595e-03
6.9931e-03
8.0808e-03
1.0340e-02
1.2781e-02
1.5265e-02
1.8152e-02
2.1438e-02
2.4767e-02
2.7661e-02
2.8995e-02
2.8246e-02
2.5958e-02
2.3059e-02
1.9959e-02
1.7339e-02
1.6149e-02
1.5478e-02
1.4454e-02
1.2819e-02
1.0044e-02
6.2815e-03
2.3613e-03
-9.3386e-04
-4.0443e-03
-7.0899e-03
-8.6503e-03
-8.2620e-03
-6.2217e-03
-2.9635e-03
2.4178e-04
2.9478e-03
5.1607e-03
7.0584e-03
9.1544e-03
1.1300e-02
1.3361e-02
1.4513e-02
1.4437e-02
1.4254e-02
1.3856e-02
1.2538e-02
1.0616e-02
8.8927e-03
7.7664e-03
7.1923e-03
7.0128e-03
6.8055e-03
6.7378e-03
6.8063e-03
6.5855e-03
6.2248e-03
5.5102e-03
4.0550e-03
1.6839e-03
-1.1109e-03
-3.4339e-03
-5.2513e-03
-6.7283e-03
-7.9487e-03
-9.0404e-03
-9.8387e-03
-1.0029e-02
-9.6461e-03
-9.2310e-03
-9.2441e-03
-1.0037e-02
-1.1615e-02
-1.3027e-02
-1.3239e-02
-1.1917e-02
-9.4978e-03
-7.2936e-03
-5.8840e-03
-4.3035e-03
-2.1984e-03
3.6434e-04
3.3330e-03
5.2016e-03
5.0856e-03
3.5759e-03
1.2425e-03
-1.0021e-03
-2.2628e-03
-2.4761e-03
-2.0220e-03
-1.3321e-03
-9.6238e-04
-4.1583e-04
1.1578e-03
3.0682e-03
4.6314e-03
5.7929e-03
6.3520e-03
6.6322e-03
7.5296e-03
9.4376e-03
1.2044e-02
1.5012e-02
1.7853e-02
1.9906e-02
2.1191e-02
2.2090e-02
2.2245e-02
2.1131e-02
1.8898e-02
1.5986e-02
1.3175e-02
1.1333e-02
1.0438e-02
1.0034e-02
9.9738e-03
1.0163e-02
1.0329e-02
1.0275e-02
1.0423e-02
1.0906e-02
1.0568e-02
8.6822e-03
5.9433e-03
3.1990e-03
1.0728e-03
-1.6173e-04
-9.4495e-04
-1.8555e-03
-2.6922e-03
-2.8819e-03
-2.5419e-03
-2.1448e-03
-2.3225e-03
-3.8215e-03
-6.4989e-03
-8.9228e-03
-9.6798e-03
-7.8377e-03
-3.1192e-03
2.2597e-03
5.0933e-03
4.0524e-03
2.2622e-04
-3.3395e-03
-4.4852e-03
-3.5228e-03
-2.0021e-03
-1.6739e-03
-3.1545e-03
-5.6794e-03
-8.1520e-03
-9.3154e-03
-8.3275e-03
-5.6104e-03
-2.3382e-03
2.7840e-04
1.5722e-03
1.6393e-03
6.3630e-04
-1.0354e-03
-2.5861e-03
-3.5927e-03
-3.9766e-03
-3.9864e-03
-4.2505e-03
-5.2978e-03
-7.1032e-03
-9.2547e-03
-1.1695e-02
-1.4233e-02
-1.5963e-02
-1.6726e-02
-1.6924e-02
-1.6531e-02
-1.5955e-02
-1.5736e-02
-1.6000e-02
-1.6551e-02
-1.6895e-02
-1.6838e-02
-1.6500e-02
-1.5828e-02
-1.4868e-02
-1.3997e-02
-1.3526e-02
-1.3460e-02
-1.3584e-02
-1.3696e-02
-1.3310e-02
-1.1802e-02
-9.0718e-03
-5.4999e-03
-1.9965e-03
4.8317e-04
1.9684e-03
2.9716e-03
3.6447e-03
4.2992e-03
5.2895e-03
6.6598e-03
8.3037e-03
9.9427e-03
1.1579e-02
1.3301e-02
1.5026e-02
1.6573e-02
1.7492e-02
1.7485e-02
1.6392e-02
1.4190e-02
1.1498e-02
9.0894e-03
7.0917e-03
4.8867e-03
1.9090e-03
-1.6065e-03
-4.7739e-03
-6.5648e-03
-6.6354e-03
-5.2637e-03
-2.9054e-03
-4.1888e-04
1.5573e-03
2.8834e-03
3.6602e-03
4.1316e-03
4.3966e-03
4.2985e-03
3.5307e-03
2.1918e-03
5.3307e-04
-1.2140e-03
-2.4923e-03
-3.0500e-03
-3.1194e-03
-2.8102e-03
-2.0114e-03
-1.1032e-03
-3.8065e-04
5.5457e-04
1.5762e-03
2.2981e-03
2.5523e-03
2.2034e-03
1.3443e-03
4.3553e-04
1.9655e-04
7.5393e-04
2.0622e-03
3.9908e-03
6.0242e-03
7.7365e-03
8.5588e-03
8.2488e-03
7.1154e-03
5.6274e-03
4.2959e-03
3.3368e-03
2.7594e-03
2.4217e-03
1.9698e-03
1.4393e-03
1.3892e-03
2.4601e-03
4.7239e-03
7.6036e-03
1.0552e-02
1.3077e-02
1.5062e-02
1.6816e-02
1.8625e-02
2.0659e-02
2.2913e-02
2.5077e-02
2.6742e-02
2.7778e-02
2.8073e-02
2.7887e-02
2.7603e-02
2.7568e-02
2.8437e-02
3.0114e-02
3.2194e-02
3.4158e-02
3.5296e-02
3.5636e-02
3.5170e-02
3.4203e-02
3.2987e-02
3.1142e-02
2.9212e-02
2.7340e-02
2.5255e-02
2.3419e-02
2.1698e-02
1.9816e-02
1.7552e-02
1.4547e-02
1.0799e-02
6.6234e-03
2.8019e-03
-7.7068e-05
-1.9191e-03
-2.8046e-03
-3.0593e-03
-3.1539e-03
-3.3822e-03
-3.7404e-03
-4.3577e-03
-5.1263e-03
-5.7192e-03
-6.3987e-03
-7.3202e-03
-8.3122e-03
-9.2229e-03
-9.6893e-03
-9.6335e-03
-9.0510e-03
-7.9234e-03
-6.7910e-03
-6.0514e-03
-5.7713e-03
-5.9738e-03
-6.6965e-03
-8.1048e-03
-9.9883e-03
-1.1933e-02
-1.3680e-02
-1.5117e-02
-1.6330e-02
-1.7309e-02
-1.8075e-02
-1.8807e-02
-1.9636e-02
-2.0533e-02
-2.1301e-02
-2.1843e-02
-2.2087e-02
-2.1947e-02
-2.1484e-02
-2.0776e-02
-1.9888e-02
-1.8838e-02
-1.7732e-02
-1.6666e-02
-1.5726e-02
-1.5210e-02
-1.5338e-02
-1.6150e-02
-1.7219e-02
-1.7928e-02
-1.8164e-02
-1.7674e-02
-1.6429e-02
-1.4594e-02
-1.2324e-02
-1.0081e-02
-8.0643e-03
-6.6623e-03
-5.7238e-03
-5.3493e-03
-5.5314e-03
-6.3599e-03
-7.5530e-03
-9.2324e-03
-1.2365e-02
-1.6786e-02
-2.2242e-02
-2.0512e-02
-1.6086e-02
-2.2182e-02
-2.7806e-02
-2.8305e-02
-3.0341e-02
-3.0619e-02
-3.0041e-02
-3.0334e-02
-2.9576e-02
-3.0926e-02
-3.0752e-02
-2.8008e-02
-2.6587e-02
-2.3551e-02
-2.2947e-02
-2.2515e-02
-2.0719e-02
-2.0492e-02
-1.8818e-02
-1.8564e-02
-1.8066e-02
-1.7435e-02
-1.7935e-02
-1.7252e-02
-1.7292e-02
-1.6904e-02
-1.6812e-02
-1.7661e-02
-1.7884e-02
-1.8555e-02
-1.9418e-02
-2.0504e-02
-2.1780e-02
-2.2366e-02
-2.2601e-02
-2.2282e-02
-2.1511e-02
-2.0604e-02
-1.9290e-02
-1.8152e-02
-1.7241e-02
-1.6552e-02
-1.6276e-02
-1.6105e-02
-1.6059e-02
-1.6048e-02
-1.6041e-02
-1.5933e-02
-1.5464e-02
-1.4751e-02
-1.4036e-02
-1.3356e-02
-1.2532e-02
-1.1279e-02
-9.5587e-03
-7.5385e-03
-5.4867e-03
-3.6383e-03
-1.9748e-03
-4.0519e-04
1.2782e-03
3.0921e-03
4.8607e-03
6.3824e-03
7.3334e-03
7.4509e-03
6.7050e-03
5.3619e-03
3.8952e-03
2.7449e-03
2.2101e-03
2.2332e-03
2.6308e-03
3.4743e-03
4.6837e-03
6.1388e-03
7.6267e-03
9.0866e-03
1.0522e-02
1.1554e-02
1.2008e-02
1.1954e-02
1.1674e-02
1.1418e-02
1.1263e-02
1.1095e-02
1.0650e-02
9.8184e-03
8.6261e-03
7.3761e-03
6.2265e-03
5.2336e-03
4.4276e-03
3.8177e-03
3.7576e-03
4.4416e-03
5.8756e-03
7.9623e-03
1.0516e-02
1.3270e-02
1.5838e-02
1.8139e-02
2.0144e-02
2.1907e-02
2.3702e-02
2.5469e-02
2.7043e-02
2.8456e-02
2.9578e-02
3.0260e-02
3.0474e-02
3.0193e-02
2.9576e-02
2.8749e-02
2.7851e-02
2.7039e-02
2.6153e-02
2.4987e-02
2.3463e-02
2.1716e-02
2.0023e-02
1.8596e-02
1.7473e-02
1.6600e-02
1.6168e-02
1.6251e-02
1.6842e-02
1.8127e-02
2.0071e-02
2.2146e-02
2.3823e-02
2.4940e-02
2.5302e-02
2.5263e-02
2.5527e-02
2.6307e-02
2.7691e-02
2.9392e-02
3.0982e-02
3.2322e-02
3.3073e-02
3.3121e-02
3.2655e-02
3.1481e-02
2.9665e-02
2.7573e-02
2.5467e-02
2.3820e-02
2.2717e-02
2.1888e-02
2.1479e-02
2.1375e-02
2.0923e-02
2.0548e-02
2.1132e-02
2.2011e-02
2.2898e-02
2.3987e-02
2.4400e-02
2.4289e-02
2.3864e-02
2.2875e-02
2.2299e-02
2.2435e-02
2.2983e-02
2.3519e-02
2.3385e-02
2.2623e-02
2.1220e-02
1.9660e-02
1.8416e-02
1.7189e-02
1.6005e-02
1.4673e-02
1.3081e-02
1.1532e-02
1.0167e-02
9.0536e-03
8.1388e-03
7.3789e-03
6.6628e-03
5.7807e-03
4.8046e-03
3.7613e-03
2.6166e-03
1.5044e-03
2.7658e-04
-9.4491e-04
-1.5814e-03
-1.5711e-03
-1.2026e-03
-7.2909e-04
-3.5492e-04
-1.2085e-04
1.5450e-04
6.3695e-04
1.0407e-03
1.0498e-03
7.5198e-04
1.8847e-04
-7.3060e-04
-1.9866e-03
-3.4179e-03
-4.8693e-03
-6.2803e-03
-7.4769e-03
-8.3455e-03
-9.0131e-03
-9.6565e-03
-1.0202e-02
-1.0581e-02
-1.1034e-02
-1.1465e-02
-1.1620e-02
-1.1503e-02
-1.1195e-02
-1.0822e-02
-1.0366e-02
-9.6793e-03
-8.6730e-03
-7.6271e-03
-6.9160e-03
-6.4030e-03
-5.8385e-03
-5.2153e-03
-4.8031e-03
-4.9179e-03
-5.3945e-03
-5.8977e-03
-6.2450e-03
-6.3294e-03
-6.2739e-03
-6.2371e-03
-6.1467e-03
-5.9135e-03
-5.6281e-03
-5.4319e-03
-5.4381e-03
-5.7285e-03
-6.1325e-03
-6.3461e-03
-6.2101e-03
-5.5924e-03
-4.4889e-03
-3.1602e-03
-2.0447e-03
-1.3289e-03
-7.6791e-04
-4.7987e-04
-7.6614e-04
-1.4099e-03
-2.2594e-03
-3.3909e-03
-4.5900e-03
-5.4483e-03
-6.0443e-03
-6.7186e-03
-7.4457e-03
-8.4204e-03
-9.9214e-03
-1.1825e-02
-1.3491e-02
-1.4586e-02
-1.5483e-02
-1.6022e-02
-1.6488e-02
-1.7178e-02
-1.7277e-02
-1.6864e-02
-1.6651e-02
-1.6284e-02
-1.5359e-02
-1.4361e-02
-1.3410e-02
-1.2344e-02
-1.1373e-02
-1.0351e-02
-9.3679e-03
-8.8533e-03
-8.5155e-03
-8.0732e-03
-7.9631e-03
-8.2807e-03
-8.5439e-03
-8.5942e-03
-8.6492e-03
-8.8737e-03
-9.4651e-03
-1.0733e-02
-1.2621e-02
-1.4653e-02
-1.6548e-02
-1.8291e-02
-1.9617e-02
-2.0274e-02
-2.0647e-02
-2.0921e-02
-2.0923e-02
-2.0929e-02
-2.1134e-02
-2.1405e-02
-2.1690e-02
-2.2042e-02
-2.2310e-02
-2.2217e-02
-2.1864e-02
-2.1781e-02
-2.1970e-02
-2.1876e-02
-2.1732e-02
-2.1710e-02
-2.1694e-02
-2.2081e-02
-2.2606e-02
-2.2708e-02
-2.2659e-02
-2.2483e-02
-2.2132e-02
-2.2031e-02
-2.1865e-02
-2.1678e-02
-2.1906e-02
-2.2073e-02
-2.1816e-02
-2.1377e-02
-2.1354e-02
-2.1608e-02
-2.1352e-02
-2.0568e-02
-1.9771e-02
-1.8807e-02
-1.7438e-02
-1.6081e-02
-1.4490e-02
-1.2582e-02
-1.0689e-02
-8.7078e-03
-6.8666e-03
-5.4425e-03
-4.4989e-03
-4.1773e-03
-4.4703e-03
-4.9028e-03
-5.2522e-03
-5.6647e-03
-5.9643e-03
-6.0637e-03
-5.7943e-03
-4.9811e-03
-3.8729e-03
-2.6612e-03
-1.4198e-03
-5.7675e-04
-2.1007e-04
2.8092e-05
1.8039e-04
7.1652e-04
1.9630e-03
3.5091e-03
4.8410e-03
5.4709e-03
5.2990e-03
4.5649e-03
3.5859e-03
2.7932e-03
2.5148e-03
2.4844e-03
1.9683e-03
9.9972e-04
4.9827e-04
4.9995e-04
5.5063e-04
8.9891e-04
1.4771e-03
2.1070e-03
2.9444e-03
3.8700e-03
4.7135e-03
5.3001e-03
5.5624e-03
5.7355e-03
5.9222e-03
6.1012e-03
6.3647e-03
6.7663e-03
7.1986e-03
7.5320e-03
7.5960e-03
7.3813e-03
7.1662e-03
7.0056e-03
6.8602e-03
6.6837e-03
6.2260e-03
5.5315e-03
4.9120e-03
4.3714e-03
3.8186e-03
3.2056e-03
2.3741e-03
1.4891e-03
9.3684e-04
9.0011e-04
1.3754e-03
2.2490e-03
3.2249e-03
3.9944e-03
4.5760e-03
4.9482e-03
5.1372e-03
5.3603e-03
5.6783e-03
6.0609e-03
6.2552e-03
6.0537e-03
5.5165e-03
4.8163e-03
4.3160e-03
4.1010e-03
4.1168e-03
4.4253e-03
4.9038e-03
5.4603e-03
5.9496e-03
6.1629e-03
5.7132e-03
4.4840e-03
3.2574e-03
2.6535e-03
2.6179e-03
2.8374e-03
3.2552e-03
3.9646e-03
4.7919e-03
5.7138e-03
6.6591e-03
7.4128e-03
7.9611e-03
8.3759e-03
8.7250e-03
9.1255e-03
9.5342e-03
9.6187e-03
9.1511e-03
8.2144e-03
7.1825e-03
6.1717e-03
5.1624e-03
4.4782e-03
4.0995e-03
3.8211e-03
3.6563e-03
3.6584e-03
3.8054e-03
3.8467e-03
3.6595e-03
3.2336e-03
2.4834e-03
1.6785e-03
1.1581e-03
8.7793e-04
7.4524e-04
7.5231e-04
9.5878e-04
1.4706e-03
2.2720e-03
3.1235e-03
3.7969e-03
4.3562e-03
4.9689e-03
5.5191e-03
5.6580e-03
5.3049e-03
4.6026e-03
3.6888e-03
2.7082e-03
1.7995e-03
8.4671e-04
-3.8968e-04
-1.8856e-03
-3.4557e-03
-4.6113e-03
-5.0389e-03
-4.8427e-03
-4.1983e-03
-3.5774e-03
-3.2691e-03
-3.0285e-03
-2.6704e-03
-2.2798e-03
-2.0190e-03
-1.8249e-03
-1.5343e-03
-1.0464e-03
-3.4379e-05
1.2983e-03
2.2861e-03
2.9908e-03
3.8970e-03
5.1877e-03
6.7670e-03
8.4912e-03
1.0256e-02
1.1941e-02
1.3570e-02
1.5468e-02
1.7654e-02
1.9885e-02
2.1951e-02
2.3513e-02
2.4390e-02
2.4613e-02
2.4468e-02
2.4211e-02
2.3682e-02
2.2762e-02
2.1898e-02
2.1426e-02
2.1098e-02
2.0841e-02
2.0540e-02
2.0099e-02
1.9910e-02
2.0337e-02
2.1355e-02
2.2541e-02
2.3511e-02
2.4033e-02
2.4030e-02
2.3682e-02
2.3003e-02
2.2107e-02
2.1345e-02
2.0835e-02
2.0612e-02
2.0707e-02
2.0804e-02
2.0488e-02
1.9528e-02
1.7907e-02
1.5866e-02
1.3742e-02
1.1966e-02
1.0899e-02
1.0417e-02
1.0235e-02
1.0303e-02
1.0595e-02
1.1126e-02
1.1898e-02
1.2683e-02
1.3226e-02
1.3458e-02
1.3505e-02
1.3503e-02
1.3590e-02
1.3960e-02
1.4525e-02
1.4955e-02
1.5067e-02
1.4771e-02
1.4090e-02
1.3273e-02
1.2450e-02
1.1450e-02
1.0200e-02
8.7839e-03
7.3656e-03
6.0201e-03
4.5866e-03
3.5381e-03
3.1549e-03
2.8744e-03
2.7126e-03
2.6913e-03
2.3491e-03
1.6604e-03
1.2093e-03
1.4698e-03
2.3139e-03
3.3063e-03
3.9145e-03
4.0498e-03
3.9483e-03
3.6792e-03
3.3037e-03
2.6266e-03
1.4636e-03
1.1429e-04
-1.1936e-03
-2.3848e-03
-3.3519e-03
-4.0936e-03
-4.3680e-03
-3.9687e-03
-3.0126e-03
-1.7108e-03
-5.3198e-04
1.5911e-04
3.4588e-04
7.2440e-05
-4.7262e-04
-1.0574e-03
-1.5942e-03
-1.9438e-03
-2.0198e-03
-1.9481e-03
-1.8175e-03
-1.8186e-03
-2.2015e-03
-2.8321e-03
-3.6050e-03
-4.6232e-03
-5.7824e-03
-6.9445e-03
-8.3374e-03
-1.0051e-02
-1.1492e-02
-1.2276e-02
-1.2471e-02
-1.2187e-02
-1.1851e-02
-1.1794e-02
-1.1973e-02
-1.2385e-02
-1.2857e-02
-1.2945e-02
-1.2662e-02
-1.2311e-02
-1.1950e-02
-1.1762e-02
-1.1750e-02
-1.1516e-02
-1.1224e-02
-1.1256e-02
-1.1315e-02
-1.1216e-02
-1.1074e-02
-1.0764e-02
-1.0317e-02
-1.0015e-02
-9.8974e-03
-9.9052e-03
-1.0108e-02
-1.0727e-02
-1.1861e-02
-1.3235e-02
-1.4809e-02
-1.6299e-02
-1.7212e-02
-1.7830e-02
-1.8701e-02
-2.0158e-02
-2.1702e-02
-2.2343e-02
-2.2083e-02
-2.1779e-02
-2.2160e-02
-2.3011e-02
-2.3412e-02
-2.3112e-02
-2.2722e-02
-2.2636e-02
-2.2741e-02
-2.2777e-02
-2.2496e-02
-2.1783e-02
-2.0829e-02
-1.9883e-02
-1.9050e-02
-1.8517e-02
-1.8088e-02
-1.7415e-02
-1.6487e-02
-1.5470e-02
-1.4817e-02
-1.4781e-02
-1.5289e-02
-1.6161e-02
-1.7031e-02
-1.7739e-02
-1.8470e-02
-1.9277e-02
-2.0194e-02
-2.1216e-02
-2.2058e-02
-2.2524e-02
-2.2633e-02
-2.2522e-02
-2.2224e-02
-2.2173e-02
-2.2455e-02
-2.2286e-02
-2.1396e-02
-1.9938e-02
-1.8337e-02
-1.6821e-02
-1.5312e-02
-1.3977e-02
-1.3009e-02
-1.2484e-02
-1.2081e-02
-1.1459e-02
-1.0658e-02
-1.0005e-02
-9.7863e-03
-1.0029e-02
-1.0528e-02
-1.0865e-02
-1.1061e-02
-1.1544e-02
-1.2253e-02
-1.2659e-02
-1.2439e-02
-1.1731e-02
-1.0737e-02
-9.7639e-03
-9.2268e-03
-8.8391e-03
-8.3178e-03
-7.8208e-03
-7.2639e-03
-6.7889e-03
-6.5692e-03
-6.4647e-03
-6.2913e-03
-5.8763e-03
-5.3012e-03
-4.8134e-03
-4.7602e-03
-5.1819e-03
-5.6493e-03
-5.9596e-03
-6.1332e-03
-6.4092e-03
-6.8582e-03
-7.2636e-03
-7.3610e-03
-6.9605e-03
-6.4726e-03
-5.8464e-03
-4.9723e-03
-4.3319e-03
-3.9404e-03
-3.7201e-03
-3.5972e-03
-3.3299e-03
-2.8874e-03
-2.4470e-03
-2.1136e-03
-2.0440e-03
-1.9686e-03
-1.6934e-03
-1.4626e-03
-1.0937e-03
-7.5228e-04
-6.2239e-04
-8.1704e-04
-1.2619e-03
-1.3907e-03
-9.3489e-04
9.1089e-05
1.0825e-03
1.7334e-03
2.0963e-03
2.1156e-03
2.0371e-03
1.8273e-03
1.4576e-03
1.1735e-03
1.0755e-03
1.1020e-03
1.3458e-03
1.7345e-03
2.0229e-03
2.1231e-03
1.8709e-03
1.6877e-03
2.1104e-03
2.8539e-03
3.5562e-03
4.0771e-03
4.3883e-03
4.7177e-03
5.3330e-03
6.2503e-03
7.0870e-03
7.5070e-03
7.6270e-03
7.5004e-03
7.2026e-03
7.1478e-03
7.4035e-03
7.5654e-03
7.5093e-03
7.3777e-03
7.4060e-03
7.8489e-03
8.4966e-03
9.2200e-03
1.0200e-02
1.1380e-02
1.2615e-02
1.3508e-02
1.3805e-02
1.3867e-02
1.4042e-02
1.4495e-02
1.5232e-02
1.5954e-02
1.6309e-02
1.6340e-02
1.5903e-02
1.4807e-02
1.3766e-02
1.3377e-02
1.3863e-02
1.4863e-02
1.5608e-02
1.6149e-02
1.6649e-02
1.7080e-02
1.7416e-02
1.7682e-02
1.8037e-02
1.8279e-02
1.8154e-02
1.7626e-02
1.6634e-02
1.5397e-02
1.4470e-02
1.3941e-02
1.3594e-02
1.3287e-02
1.2894e-02
1.2672e-02
1.2668e-02
1.2568e-02
1.2471e-02
1.2515e-02
1.2547e-02
1.2678e-02
1.2943e-02
1.3103e-02
1.3251e-02
1.3478e-02
1.3680e-02
1.3719e-02
1.3586e-02
1.3475e-02
1.3381e-02
1.3217e-02
1.2820e-02
1.1961e-02
1.0841e-02
9.9180e-03
9.2766e-03
8.7510e-03
8.1601e-03
7.5376e-03
7.3070e-03
7.5453e-03
8.0154e-03
8.4885e-03
8.7730e-03
9.0277e-03
9.1022e-03
8.8531e-03
8.7703e-03
8.8823e-03
8.8261e-03
8.4496e-03
7.6697e-03
6.6111e-03
5.5158e-03
4.8030e-03
4.7558e-03
5.3065e-03
6.2122e-03
7.0537e-03
7.8185e-03
8.4434e-03
8.5681e-03
8.3203e-03
8.1168e-03
8.4395e-03
9.3942e-03
1.0727e-02
1.2435e-02
1.4028e-02
1.4911e-02
1.5374e-02
1.5418e-02
1.4750e-02
1.3770e-02
1.2997e-02
1.2410e-02
1.1636e-02
1.0592e-02
9.3092e-03
7.6903e-03
6.0809e-03
4.8945e-03
4.0853e-03
3.6606e-03
3.6117e-03
3.5642e-03
3.4179e-03
3.4530e-03
3.6507e-03
3.9315e-03
4.1608e-03
4.0475e-03
3.8481e-03
3.9893e-03
4.3971e-03
4.8982e-03
5.3798e-03
5.5095e-03
5.2166e-03
5.0005e-03
5.0367e-03
5.0973e-03
5.0792e-03
4.8355e-03
4.5262e-03
4.3608e-03
3.9451e-03
3.2453e-03
2.7989e-03
2.8363e-03
3.0745e-03
3.1702e-03
3.0852e-03
2.7418e-03
2.1896e-03
1.6755e-03
1.2865e-03
1.1094e-03
1.1960e-03
1.2770e-03
1.0343e-03
5.3508e-04
-1.3192e-04
-8.5240e-04
-1.4129e-03
-1.7657e-03
-1.8781e-03
-1.7920e-03
-1.4891e-03
-1.0997e-03
-1.1138e-03
-1.6605e-03
-2.4103e-03
-3.0367e-03
-3.2831e-03
-3.0793e-03
-2.5116e-03
-1.7576e-03
-1.2217e-03
-1.2125e-03
-1.6714e-03
-2.2418e-03
-2.5826e-03
-2.6423e-03
-2.4963e-03
-2.2554e-03
-1.9996e-03
-1.8167e-03
-1.8220e-03
-2.0122e-03
-2.2632e-03
-2.4086e-03
-2.4446e-03
-2.5511e-03
-2.8136e-03
-3.2734e-03
-4.0739e-03
-5.1495e-03
-6.2159e-03
-7.0552e-03
-7.5359e-03
-7.6358e-03
-7.6288e-03
-7.8521e-03
-8.2808e-03
-8.7142e-03
-8.8989e-03
-8.7807e-03
-8.5028e-03
-8.0737e-03
-7.5538e-03
-6.9532e-03
-6.2833e-03
-5.6842e-03
-5.2644e-03
-4.9688e-03
-4.6007e-03
-4.2462e-03
-4.0867e-03
-4.0519e-03
-4.1431e-03
-4.4301e-03
-4.9070e-03
-5.5292e-03
-6.1477e-03
-6.5341e-03
-6.4239e-03
-5.8462e-03
-5.0878e-03
-4.2652e-03
-3.4988e-03
-2.8568e-03
-2.4272e-03
-2.3759e-03
-2.6765e-03
-3.2873e-03
-3.9993e-03
-4.5532e-03
-4.8906e-03
-4.9794e-03
-5.0032e-03
-5.0925e-03
-5.2473e-03
-5.6351e-03
-6.2053e-03
-6.8278e-03
-7.3754e-03
-7.6347e-03
-7.7185e-03
-7.7107e-03
-7.4824e-03
-7.1128e-03
-6.6996e-03
-6.1606e-03
-5.7158e-03
-5.6776e-03
-5.9235e-03
-6.3796e-03
-7.0726e-03
-7.8782e-03
-8.6729e-03
-9.4593e-03
-1.0339e-02
-1.1322e-02
-1.2366e-02
-1.3323e-02
-1.3968e-02
-1.4324e-02
-1.4513e-02
-1.4552e-02
-1.4538e-02
-1.4556e-02
-1.4674e-02
-1.4893e-02
-1.4903e-02
-1.4523e-02
-1.3979e-02
-1.3442e-02
-1.2843e-02
-1.2441e-02
-1.2366e-02
-1.2287e-02
-1.2239e-02
-1.2277e-02
-1.2300e-02
-1.2215e-02
-1.1987e-02
-1.1867e-02
-1.1988e-02
-1.2290e-02
-1.2659e-02
-1.2907e-02
-1.2730e-02
-1.2207e-02
-1.1689e-02
-1.1376e-02
-1.1611e-02
-1.2203e-02
-1.2713e-02
-1.3043e-02
-1.2987e-02
-1.2679e-02
-1.2516e-02
-1.2606e-02
-1.2733e-02
-1.2670e-02
-1.2436e-02
-1.2113e-02
-1.1656e-02
-1.0995e-02
-1.0136e-02
-9.0612e-03
-7.8283e-03
-6.6199e-03
-5.7335e-03
-5.3582e-03
-5.2447e-03
-5.0216e-03
-4.5794e-03
-4.0076e-03
-3.4582e-03
-3.0397e-03
-2.7047e-03
-2.3682e-03
-1.9155e-03
-1.2817e-03
-6.5219e-04
-1.7813e-04
1.8773e-04
5.0154e-04
7.9792e-04
1.1702e-03
1.7156e-03
2.3285e-03
2.8500e-03
3.1410e-03
3.0318e-03
2.5944e-03
1.9934e-03
1.5413e-03
1.4444e-03
1.4755e-03
1.5708e-03
1.7314e-03
1.9118e-03
2.1074e-03
2.1709e-03
2.1027e-03
2.1198e-03
2.3375e-03
2.7347e-03
3.2029e-03
3.5874e-03
3.8573e-03
4.0387e-03
4.2473e-03
4.6316e-03
5.2212e-03
5.9285e-03
6.5037e-03
6.9247e-03
7.2601e-03
7.4696e-03
7.5755e-03
7.5058e-03
7.3245e-03
7.1575e-03
7.0488e-03
6.9134e-03
6.5023e-03
5.9284e-03
5.4826e-03
5.1960e-03
5.0258e-03
4.8819e-03
4.7312e-03
4.5912e-03
4.3092e-03
3.8509e-03
3.3049e-03
2.7153e-03
2.2474e-03
2.0245e-03
2.0299e-03
2.1879e-03
2.3699e-03
2.4130e-03
2.2757e-03
2.0848e-03
2.0696e-03
2.4508e-03
3.0179e-03
3.4755e-03
3.8154e-03
3.9794e-03
3.9435e-03
3.7778e-03
3.5807e-03
3.4053e-03
3.2207e-03
2.9670e-03
2.6157e-03
2.1822e-03
1.6693e-03
1.0875e-03
4.5557e-04
-3.7086e-05
-1.8238e-04
-2.1463e-05
2.8941e-04
5.8992e-04
7.6008e-04
8.4684e-04
1.0529e-03
1.3809e-03
1.6785e-03
1.9698e-03
2.2284e-03
2.3729e-03
2.4953e-03
2.5535e-03
2.3991e-03
2.1065e-03
1.7915e-03
1.4078e-03
9.5012e-04
4.9754e-04
3.8370e-05
-3.7800e-04
-6.4325e-04
-7.1993e-04
-6.8850e-04
-6.8550e-04
-7.7626e-04
-9.6623e-04
-1.0785e-03
-1.0074e-03
-8.3568e-04
-6.1892e-04
-4.9955e-04
-5.1059e-04
-4.9692e-04
-4.2167e-04
-3.3559e-04
-2.9450e-04
-4.1737e-04
-6.9400e-04
-1.0070e-03
-1.3545e-03
-1.7167e-03
-2.0486e-03
-2.3808e-03
-2.6602e-03
-2.7959e-03
-2.9512e-03
-3.2454e-03
-3.4968e-03
-3.4941e-03
-3.1972e-03
-2.7616e-03
-2.3104e-03
-1.9135e-03
-1.6763e-03
-1.6215e-03
-1.6595e-03
-1.7969e-03
-1.9812e-03
-2.0089e-03
-1.8683e-03
-1.6583e-03
-1.4465e-03
-1.2904e-03
-1.2552e-03
-1.2793e-03
-1.3747e-03
-1.5951e-03
-1.7744e-03
-1.9321e-03
-2.0736e-03
-2.0775e-03
-2.0412e-03
-1.9953e-03
-1.7285e-03
-1.1982e-03
-5.8022e-04
5.4519e-05
6.0690e-04
1.0055e-03
1.3966e-03
1.8612e-03
2.3390e-03
2.8052e-03
3.2306e-03
3.5107e-03
3.7024e-03
3.9018e-03
4.0013e-03
3.9935e-03
4.0056e-03
4.0699e-03
4.1151e-03
4.1687e-03
4.1076e-03
3.7952e-03
3.5432e-03
3.6318e-03
4.0039e-03
4.2736e-03
4.1984e-03
3.9385e-03
3.7019e-03
3.8931e-03
4.6616e-03
5.4785e-03
5.7972e-03
5.5264e-03
5.1022e-03
5.0059e-03
5.2382e-03
5.5217e-03
5.6826e-03
5.6558e-03
5.5198e-03
5.6301e-03
6.0005e-03
6.3397e-03
6.7782e-03
7.4549e-03
8.1081e-03
8.6593e-03
9.2212e-03
9.7382e-03
1.0226e-02
1.0766e-02
1.1376e-02
1.2017e-02
1.2687e-02
1.3289e-02
1.3757e-02
1.4145e-02
1.4417e-02
1.4700e-02
1.5144e-02
1.5590e-02
1.5890e-02
1.6368e-02
1.6971e-02
1.7336e-02
1.7436e-02
1.7290e-02
1.7349e-02
1.7799e-02
1.8312e-02
1.8744e-02
1.8991e-02
1.9044e-02
1.9083e-02
1.9141e-02
1.9115e-02
1.9150e-02
1.9248e-02
1.9362e-02
1.9352e-02
1.9068e-02
1.8762e-02
1.8475e-02
1.8078e-02
1.7580e-02
1.7029e-02
1.6357e-02
1.5819e-02
1.5695e-02
1.5657e-02
1.5603e-02
1.5430e-02
1.4963e-02
1.4530e-02
1.4240e-02
1.3942e-02
1.3715e-02
1.3507e-02
1.3159e-02
1.2657e-02
1.2115e-02
1.1741e-02
1.1614e-02
1.1599e-02
1.1482e-02
1.1255e-02
1.0878e-02
1.0237e-02
9.4038e-03
8.4074e-03
7.5848e-03
7.1966e-03
6.9071e-03
6.4163e-03
5.8884e-03
5.6031e-03
5.5053e-03
5.4499e-03
5.2745e-03
5.0495e-03
4.9687e-03
5.0721e-03
5.1968e-03
4.9997e-03
4.6015e-03
4.2247e-03
3.9105e-03
3.5039e-03
2.8518e-03
2.2442e-03
1.7693e-03
1.2887e-03
7.9870e-04
4.4272e-04
2.2936e-04
-8.1797e-05
-5.3496e-04
-1.2448e-03
-2.2378e-03
-3.0820e-03
-3.6511e-03
-4.1612e-03
-4.6024e-03
-5.0259e-03
-5.6236e-03
-6.3025e-03
-6.9047e-03
-7.4284e-03
-7.8178e-03
-8.0723e-03
-8.2001e-03
-8.2435e-03
-8.2900e-03
-8.3109e-03
-8.2671e-03
-8.2124e-03
-8.3952e-03
-8.8670e-03
-9.2774e-03
-9.3457e-03
-9.1737e-03
-9.1298e-03
-9.3410e-03
-9.6471e-03
-9.9620e-03
-1.0380e-02
-1.0921e-02
-1.1290e-02
-1.1445e-02
-1.1731e-02
-1.2024e-02
-1.1957e-02
-1.1745e-02
-1.1937e-02
-1.2496e-02
-1.2907e-02
-1.3229e-02
-1.3615e-02
-1.3844e-02
-1.4071e-02
-1.4412e-02
-1.4829e-02
-1.5391e-02
-1.5946e-02
-1.6617e-02
-1.7407e-02
-1.8018e-02
-1.8467e-02
-1.8672e-02
-1.8659e-02
-1.8712e-02
-1.8792e-02
-1.8643e-02
-1.8346e-02
-1.8286e-02
-1.8557e-02
-1.8875e-02
-1.9011e-02
-1.9066e-02
-1.9192e-02
-1.9356e-02
-1.9525e-02
-1.9678e-02
-1.9801e-02
-1.9955e-02
-2.0107e-02
-2.0186e-02
-2.0372e-02
-2.0845e-02
-2.1312e-02
-2.1397e-02
-2.1164e-02
-2.0848e-02
-2.0743e-02
-2.0934e-02
-2.1103e-02
-2.1125e-02
-2.1082e-02
-2.0792e-02
-2.0280e-02
-1.9817e-02
-1.9418e-02
-1.9025e-02
-1.8662e-02
-1.8536e-02
-1.8572e-02
-1.8457e-02
-1.8230e-02
-1.7875e-02
-1.7443e-02
-1.7081e-02
-1.6806e-02
-1.6644e-02
-1.6617e-02
-1.6588e-02
-1.6373e-02
-1.6274e-02
-1.6466e-02
-1.6560e-02
-1.6444e-02
-1.6425e-02
-1.6464e-02
-1.6181e-02
-1.5688e-02
-1.5257e-02
-1.4727e-02
-1.4104e-02
-1.3493e-02
-1.2829e-02
-1.2236e-02
-1.1793e-02
-1.1478e-02
-1.1185e-02
-1.0644e-02
-9.8018e-03
-8.7880e-03
-7.9487e-03
-7.7726e-03
-8.1340e-03
-8.3626e-03
-7.9612e-03
-7.0902e-03
-6.6267e-03
-6.8864e-03
-7.2827e-03
-7.5370e-03
-7.6883e-03
-7.8140e-03
-7.8136e-03
-7.6647e-03
-7.4715e-03
-7.0200e-03
-6.3935e-03
-5.8415e-03
-5.5345e-03
-5.4135e-03
-5.1791e-03
-4.7184e-03
-3.9298e-03
-2.9567e-03
-2.0397e-03
-1.2195e-03
-3.7311e-04
5.1049e-04
1.0269e-03
1.2229e-03
1.6933e-03
2.6005e-03
3.5855e-03
4.1533e-03
4.1084e-03
3.8094e-03
3.8315e-03
4.4270e-03
5.3658e-03
6.0512e-03
6.0187e-03
5.8189e-03
6.0516e-03
6.5135e-03
6.8590e-03
6.8383e-03
6.7049e-03
6.6716e-03
6.8037e-03
7.1127e-03
7.4868e-03
7.9685e-03
8.3117e-03
8.3208e-03
7.7880e-03
6.9191e-03
6.2670e-03
6.1453e-03
6.7710e-03
7.8529e-03
8.8583e-03
9.1552e-03
8.8323e-03
8.5791e-03
8.5756e-03
8.8726e-03
9.3542e-03
9.7720e-03
1.0077e-02
1.0355e-02
1.0538e-02
1.0672e-02
1.1094e-02
1.1789e-02
1.2479e-02
1.2875e-02
1.2760e-02
1.2379e-02
1.2252e-02
1.2338e-02
1.2294e-02
1.2262e-02
1.2382e-02
1.2755e-02
1.3569e-02
1.4489e-02
1.4991e-02
1.5053e-02
1.4968e-02
1.5061e-02
1.5321e-02
1.5426e-02
1.5463e-02
1.5640e-02
1.5931e-02
1.6318e-02
1.6663e-02
1.6972e-02
1.7327e-02
1.7524e-02
1.7349e-02
1.6897e-02
1.6668e-02
1.7021e-02
1.7654e-02
1.8110e-02
1.8320e-02
1.8385e-02
1.8283e-02
1.8045e-02
1.7860e-02
1.7677e-02
1.7213e-02
1.6610e-02
1.6128e-02
1.5763e-02
1.5610e-02
1.5549e-02
1.5201e-02
1.4565e-02
1.3963e-02
1.3570e-02
1.3374e-02
1.3058e-02
1.2369e-02
1.1641e-02
1.1166e-02
1.0941e-02
1.1036e-02
1.1475e-02
1.2067e-02
1.2496e-02
1.2484e-02
1.1944e-02
1.1126e-02
1.0327e-02
9.6576e-03
9.1953e-03
9.0354e-03
9.1624e-03
9.3256e-03
9.3248e-03
9.2108e-03
9.1492e-03
9.2572e-03
9.4829e-03
9.6587e-03
9.7244e-03
9.8478e-03
9.9170e-03
9.6670e-03
9.1776e-03
8.5636e-03
7.9587e-03
7.4537e-03
6.8299e-03
5.8244e-03
4.5927e-03
3.6135e-03
3.2146e-03
3.3135e-03
3.4116e-03
3.1606e-03
2.6326e-03
2.0516e-03
1.7005e-03
1.6279e-03
1.7901e-03
2.2566e-03
2.7781e-03
2.9976e-03
2.8246e-03
2.4306e-03
2.3933e-03
3.0664e-03
3.9290e-03
4.4343e-03
4.5742e-03
4.4768e-03
4.2110e-03
3.7859e-03
3.3718e-03
3.0894e-03
2.8477e-03
2.7377e-03
2.7916e-03
2.7533e-03
2.4804e-03
2.1595e-03
1.9384e-03
1.7265e-03
1.6129e-03
1.7841e-03
1.9447e-03
1.7723e-03
1.4585e-03
1.1576e-03
8.5511e-04
5.0724e-04
9.2304e-05
-2.6754e-04
-5.7557e-04
-7.2496e-04
-6.2008e-04
-6.2509e-04
-7.9021e-04
-8.7118e-04
-1.1449e-03
-1.7619e-03
-2.2885e-03
-2.4153e-03
-2.1315e-03
-1.6155e-03
-1.2218e-03
-1.0831e-03
-1.0497e-03
-1.2106e-03
-1.6732e-03
-2.0374e-03
-2.1618e-03
-2.2126e-03
-2.1231e-03
-2.0337e-03
-2.1587e-03
-2.6140e-03
-3.4125e-03
-4.3630e-03
-5.1908e-03
-5.3456e-03
-4.5297e-03
-3.2904e-03
-2.4392e-03
-2.3573e-03
-2.7075e-03
-3.1044e-03
-3.6875e-03
-4.3206e-03
-4.5454e-03
-4.2611e-03
-3.6376e-03
-3.1403e-03
-3.3032e-03
-4.0985e-03
-4.9888e-03
-5.4625e-03
-5.3950e-03
-5.0169e-03
-4.7477e-03
-4.9075e-03
-5.4256e-03
-5.9409e-03
-6.1932e-03
-6.2143e-03
-6.1823e-03
-6.3695e-03
-6.7281e-03
-6.7750e-03
-6.2232e-03
-5.2240e-03
-4.4013e-03
-4.2617e-03
-4.7398e-03
-5.5194e-03
-6.1194e-03
-6.2115e-03
-5.9785e-03
-5.7629e-03
-5.6342e-03
-5.6761e-03
-6.0744e-03
-6.8367e-03
-7.7560e-03
-8.4451e-03
-8.6514e-03
-8.4133e-03
-8.0463e-03
-7.9419e-03
-8.3001e-03
-9.0605e-03
-9.8029e-03
-1.0069e-02
-9.7160e-03
-9.0182e-03
-8.3796e-03
-7.9788e-03
-7.9005e-03
-8.1476e-03
-8.5294e-03
-8.7837e-03
-8.7673e-03
-8.4065e-03
-7.7865e-03
-7.2130e-03
-6.9048e-03
-6.9090e-03
-7.1080e-03
-7.3340e-03
-7.5817e-03
-7.8954e-03
-8.1703e-03
-8.3016e-03
-8.3463e-03
-8.3780e-03
-8.4184e-03
-8.5304e-03
-8.7813e-03
-9.1275e-03
-9.5715e-03
-1.0080e-02
-1.0426e-02
-1.0504e-02
-1.0381e-02
-1.0122e-02
-9.8646e-03
-9.7839e-03
-9.9073e-03
-1.0105e-02
-1.0262e-02
-1.0404e-02
-1.0397e-02
-1.0063e-02
-9.5550e-03
-9.0832e-03
-8.7635e-03
-8.7053e-03
-8.9273e-03
-9.2303e-03
-9.5109e-03
-9.8274e-03
-1.0123e-02
-1.0342e-02
-1.0443e-02
-1.0525e-02
-1.0685e-02
-1.0884e-02
-1.1036e-02
-1.0970e-02
-1.0739e-02
-1.0464e-02
-1.0142e-02
-9.8696e-03
-9.6755e-03
-9.5591e-03
-9.5746e-03
-9.4878e-03
-8.9935e-03
-8.2645e-03
-7.6582e-03
-7.4693e-03
-7.8094e-03
-8.2886e-03
-8.3916e-03
-8.0326e-03
-7.5300e-03
-7.1553e-03
-6.9628e-03
-6.8675e-03
-6.6784e-03
-6.3877e-03
-6.1140e-03
-5.7670e-03
-5.3766e-03
-5.0000e-03
-4.4997e-03
-4.0414e-03
-3.6949e-03
-3.5328e-03
-3.5707e-03
-3.4151e-03
-3.3318e-03
-3.4725e-03
-3.2753e-03
-2.8017e-03
-2.3913e-03
-1.8655e-03
-1.4705e-03
-1.7318e-03
-2.1870e-03
-2.4522e-03
-2.7059e-03
-2.7262e-03
-2.3840e-03
-2.1114e-03
-2.0221e-03
-1.8788e-03
-1.8377e-03
-1.6071e-03
-8.8773e-04
-1.1037e-04
4.0328e-04
4.7403e-04
2.7190e-04
2.1626e-04
6.1155e-04
1.4067e-03
2.3234e-03
3.2141e-03
3.9263e-03
4.3877e-03
4.4361e-03
4.2188e-03
4.1259e-03
4.2372e-03
4.4850e-03
4.7587e-03
4.9990e-03
5.0807e-03
5.1745e-03
5.4264e-03
5.6192e-03
5.8614e-03
6.1585e-03
6.4843e-03
7.2219e-03
8.2477e-03
8.4915e-03
7.5980e-03
6.9184e-03
7.2729e-03
8.4676e-03
1.0322e-02
1.1154e-02
9.4167e-03
7.0210e-03
6.3082e-03
7.4767e-03
9.5887e-03
1.0653e-02
9.9152e-03
8.4986e-03
7.4823e-03
7.4976e-03
7.8464e-03
7.4033e-03
6.3552e-03
6.1212e-03
7.1160e-03
8.2415e-03
8.8495e-03
8.3992e-03
7.2358e-03
6.3074e-03
6.1074e-03
6.7978e-03
7.4156e-03
7.0903e-03
6.4266e-03
6.7794e-03
7.5003e-03
7.5766e-03
7.7313e-03
7.3870e-03
6.6149e-03
6.7114e-03
7.1386e-03
7.6105e-03
8.1478e-03
7.4993e-03
6.4369e-03
6.6010e-03
6.8329e-03
6.8078e-03
7.0498e-03
6.4546e-03
5.3767e-03
5.3189e-03
5.2856e-03
4.4037e-03
4.7154e-03
6.0765e-03
6.6598e-03
6.5570e-03
6.2390e-03
6.1654e-03
6.1014e-03
6.3799e-03
7.3607e-03
7.7287e-03
7.5229e-03
7.7355e-03
7.5020e-03
6.5119e-03
6.0692e-03
6.2366e-03
6.4983e-03
6.6294e-03
6.2694e-03
5.4679e-03
4.9583e-03
5.2021e-03
5.6001e-03
5.5903e-03
4.8700e-03
4.1197e-03
4.2026e-03
4.7824e-03
5.2580e-03
5.0337e-03
4.2857e-03
3.9853e-03
4.6473e-03
5.4312e-03
5.3142e-03
4.3903e-03
3.6651e-03
3.8485e-03
4.2476e-03
4.4812e-03
4.2920e-03
3.6188e-03
3.4459e-03
3.8377e-03
4.0909e-03
3.7087e-03
2.8828e-03
2.3704e-03
2.4537e-03
2.9071e-03
3.0993e-03
2.5861e-03
1.6968e-03
7.6249e-04
-3.9303e-04
-1.4277e-03
-1.5142e-03
-7.9343e-04
-1.1360e-04
-1.3154e-04
-6.3533e-04
-8.0196e-04
-6.1184e-04
-6.0463e-04
-1.2078e-03
-2.1837e-03
-2.8064e-03
-2.9696e-03
-2.7857e-03
-2.6233e-03
-2.9112e-03
-3.2175e-03
-2.8940e-03
-2.1567e-03
-1.7959e-03
-1.9207e-03
-2.1279e-03
-2.0248e-03
-1.5530e-03
-1.3794e-03
-1.7794e-03
-2.1420e-03
-2.1876e-03
-1.8835e-03
-1.4338e-03
-1.8329e-03
-2.8813e-03
-3.5052e-03
-3.3476e-03
-2.6065e-03
-2.0647e-03
-1.8900e-03
-2.1978e-03
-2.8192e-03
-2.7054e-03
-2.1888e-03
-2.3562e-03
-2.9516e-03
-2.7147e-03
-1.3676e-03
1.7567e-05
3.3486e-04
-8.9700e-04
-2.3473e-03
-2.3655e-03
-1.5876e-03
-1.2300e-03
-1.5379e-03
-2.0203e-03
-1.8165e-03
-1.0816e-03
-1.0806e-03
-1.7649e-03
-1.7031e-03
-9.1248e-04
-3.9077e-04
-3.5527e-04
-3.9340e-04
-1.1985e-04
-4.5579e-05
-6.7867e-04
-1.2012e-03
-8.4714e-04
-1.4192e-04
3.0311e-04
2.6485e-04
-2.2919e-04
-4.5230e-04
-1.2209e-05
6.3883e-04
1.3214e-03
1.9340e-03
1.9838e-03
1.5260e-03
1.2139e-03
1.1604e-03
8.8650e-04
1.1302e-04
-9.2378e-04
-1.3180e-03
-3.8735e-04
1.1068e-03
2.1234e-03
2.4612e-03
2.1639e-03
1.4793e-03
9.1945e-04
7.6755e-04
1.2002e-03
2.0902e-03
2.6772e-03
2.6887e-03
2.5558e-03
2.4287e-03
2.2320e-03
1.9159e-03
1.2764e-03
8.4681e-05
-1.4500e-03
-2.6058e-03
-2.6169e-03
-1.2446e-03
1.0646e-03
3.6446e-03
6.0744e-03
8.2241e-03
9.6625e-03
9.4074e-03
7.2260e-03
4.2341e-03
1.7187e-03
5.7052e-04
1.1049e-03
2.6672e-03
4.1978e-03
4.6245e-03
3.5045e-03
1.7864e-03
4.8677e-04
-2.1959e-04
-6.2068e-04
-7.6197e-04
-4.7880e-04
-4.6167e-04
-1.3545e-03
-2.8445e-03
-3.9096e-03
-3.5183e-03
-1.7800e-03
2.8282e-04
1.7346e-03
2.0304e-03
8.9957e-04
-1.1108e-03
-3.2578e-03
-4.6170e-03
-4.0608e-03
-2.0275e-03
2.5038e-04
1.6437e-03
1.5912e-03
6.1899e-04
-4.0201e-04
-7.0659e-04
-4.3171e-06
1.4055e-03
2.4934e-03
2.5586e-03
2.0346e-03
1.3819e-03
6.9356e-04
9.5389e-05
-2.9729e-04
-5.9850e-04
-8.4007e-04
-9.2437e-04
-6.6369e-04
1.2991e-04
1.0295e-03
1.3118e-03
8.0538e-04
1.1689e-04
-7.1100e-05
3.2111e-04
1.0981e-03
1.7375e-03
1.6580e-03
1.2089e-03
9.5821e-04
1.0304e-03
1.4601e-03
1.6842e-03
1.2735e-03
7.1398e-04
4.3567e-04
2.2216e-04
-4.9452e-04
-1.7326e-03
-3.0381e-03
-4.0985e-03
-4.7232e-03
-4.9281e-03
-4.9158e-03
-4.7621e-03
-4.3550e-03
-3.8055e-03
-3.3577e-03
-3.0797e-03
-3.0177e-03
-3.2595e-03
-3.5725e-03
-3.4921e-03
-2.9565e-03
-2.4340e-03
-2.5297e-03
-3.3189e-03
-4.1399e-03
-4.4757e-03
-4.4896e-03
-4.4430e-03
-4.6575e-03
-5.2008e-03
-5.7272e-03
-6.0623e-03
-6.0018e-03
-5.7022e-03
-5.5572e-03
-5.4244e-03
-4.8513e-03
-3.8090e-03
-2.8786e-03
-2.5047e-03
-2.7463e-03
-3.3840e-03
-4.1404e-03
-4.7521e-03
-5.0810e-03
-5.3320e-03
-5.7360e-03
-6.2882e-03
-6.6191e-03
-6.5888e-03
-6.5576e-03
-6.7048e-03
-6.9508e-03
-7.0358e-03
-6.6883e-03
-6.0089e-03
-5.3623e-03
-5.0573e-03
-5.1778e-03
-5.5080e-03
-5.6363e-03
-5.2762e-03
-4.3814e-03
-3.1282e-03
-1.8686e-03
-1.1954e-03
-1.7214e-03
-3.3867e-03
-5.6161e-03
-7.6963e-03
-8.9075e-03
-8.8123e-03
-7.5643e-03
-5.9262e-03
-4.5661e-03
-3.7923e-03
-3.7749e-03
-4.4097e-03
-5.2244e-03
-5.6971e-03
-5.5690e-03
-5.0434e-03
-4.6593e-03
-4.7251e-03
-5.2514e-03
-5.8847e-03
-5.9888e-03
-5.3776e-03
-4.5651e-03
-4.2592e-03
-4.7900e-03
-5.9693e-03
-7.0754e-03
-7.3854e-03
-7.0086e-03
-6.5050e-03
-6.0833e-03
-5.7821e-03
-5.6998e-03
-5.5606e-03
-4.9622e-03
-3.9866e-03
-2.9148e-03
-1.9976e-03
-1.5211e-03
-1.5985e-03
-2.1115e-03
-2.6780e-03
-2.9000e-03
-2.8325e-03
-2.6039e-03
-2.2932e-03
-2.0766e-03
-1.8647e-03
-1.4618e-03
-9.1925e-04
-4.7553e-04
-1.8409e-04
2.7159e-05
1.7485e-04
2.9304e-04
3.8507e-04
5.5753e-04
7.1890e-04
7.1573e-04
6.4523e-04
5.2892e-04
5.4950e-04
9.5305e-04
1.5425e-03
1.9025e-03
1.8132e-03
1.3962e-03
1.1532e-03
1.3936e-03
1.9104e-03
2.4434e-03
2.7851e-03
2.8795e-03
2.8272e-03
2.8098e-03
2.9259e-03
3.0526e-03
3.1432e-03
3.0209e-03
2.4729e-03
1.7554e-03
1.2991e-03
1.2191e-03
1.4645e-03
1.9859e-03
2.5432e-03
3.0113e-03
3.4722e-03
3.9427e-03
4.4786e-03
5.0302e-03
5.3801e-03
5.5304e-03
5.6487e-03
5.7483e-03
5.8246e-03
5.9297e-03
6.0455e-03
6.1628e-03
6.3609e-03
6.6468e-03
6.9185e-03
7.1010e-03
7.2208e-03
7.2689e-03
7.0942e-03
6.6648e-03
6.1470e-03
5.6310e-03
5.0877e-03
4.7075e-03
4.5901e-03
4.5776e-03
4.5998e-03
4.4869e-03
4.2111e-03
4.0815e-03
4.2477e-03
4.5204e-03
4.7425e-03
4.9178e-03
5.0880e-03
5.3182e-03
5.6614e-03
6.0843e-03
6.3849e-03
6.4893e-03
6.4997e-03
6.4489e-03
6.4254e-03
6.4793e-03
6.5047e-03
6.4350e-03
6.2090e-03
5.7926e-03
5.4090e-03
5.2926e-03
5.4810e-03
5.9320e-03
6.4664e-03
6.8242e-03
6.7503e-03
6.2086e-03
5.5293e-03
5.0453e-03
4.9146e-03
5.0765e-03
5.2894e-03
5.2607e-03
4.8030e-03
4.0269e-03
3.1152e-03
2.4906e-03
2.5954e-03
3.2916e-03
4.0802e-03
4.2179e-03
3.2634e-03
1.7060e-03
4.9491e-04
1.1879e-04
5.9406e-04
1.4352e-03
1.4838e-03
8.1783e-04
7.0014e-04
9.7066e-04
1.1227e-03
1.4080e-03
9.2134e-04
-1.1597e-03
-2.6891e-03
-1.7788e-03
-3.6200e-04
-2.9468e-04
-9.4284e-04
-1.4291e-03
-1.7475e-03
-1.9049e-03
-2.2823e-03
-3.1845e-03
-3.3718e-03
-2.6417e-03
-1.9147e-03
-1.3241e-03
-5.8287e-04
9.3852e-05
-2.8718e-04
-1.8238e-03
-3.1490e-03
-3.4203e-03
-2.8568e-03
-1.8720e-03
-1.3567e-03
-9.9960e-04
-6.2824e-04
-9.0503e-04
-1.2451e-03
-1.2179e-03
-8.6953e-04
-6.5159e-04
-3.2895e-04
1.2390e-04
2.9239e-04
5.4473e-04
4.2882e-04
9.5690e-05
-5.9551e-06
-1.0858e-04
-2.4745e-04
-3.8995e-04
-9.0233e-05
5.9288e-04
9.9233e-04
1.1761e-03
1.2213e-03
1.1456e-03
1.4410e-03
1.8279e-03
1.8805e-03
1.7198e-03
1.6862e-03
2.2093e-03
3.0416e-03
3.3389e-03
2.9283e-03
2.6834e-03
2.7332e-03
2.7098e-03
2.5853e-03
1.9497e-03
1.3128e-03
1.1548e-03
7.4392e-04
3.4232e-04
3.7076e-04
6.8752e-04
9.9342e-04
9.1840e-04
1.1233e-03
1.7966e-03
2.5029e-03
2.8776e-03
2.5540e-03
1.9649e-03
1.5867e-03
1.6042e-03
1.9836e-03
2.4291e-03
2.3784e-03
1.7935e-03
1.3781e-03
1.2683e-03
1.3625e-03
1.4073e-03
1.0224e-03
5.1750e-04
5.2800e-04
9.5057e-04
1.0550e-03
5.7496e-04
-2.6478e-04
-9.5479e-04
-9.4814e-04
-6.1593e-04
-4.4900e-04
-3.6181e-04
-6.8918e-04
-1.2876e-03
-1.4528e-03
-1.2078e-03
-1.0401e-03
-1.3116e-03
-1.9282e-03
-2.2227e-03
-1.8038e-03
-1.2054e-03
-9.6978e-04
-1.1899e-03
-1.3945e-03
-1.2585e-03
-1.1026e-03
-1.0451e-03
-1.2036e-03
-1.4207e-03
-1.5375e-03
-1.7975e-03
-1.8936e-03
-1.7378e-03
-1.5679e-03
-1.3654e-03
-1.3405e-03
-1.4188e-03
-1.1413e-03
-6.0215e-04
-4.6879e-04
-1.0594e-03
-1.8169e-03
-1.8324e-03
-1.5555e-03
-1.8656e-03
-2.0071e-03
-1.1711e-03
-2.9806e-05
5.1959e-04
8.6579e-04
1.1114e-03
1.0529e-03
8.0100e-04
-1.7631e-05
-5.7025e-04
-3.0799e-05
9.7752e-04
1.7356e-03
2.1627e-03
2.6346e-03
2.9214e-03
2.5823e-03
1.6894e-03
7.3280e-04
8.8604e-05
-4.0920e-05
5.0569e-04
1.2286e-03
1.6566e-03
1.8026e-03
1.8169e-03
1.9714e-03
2.0932e-03
1.9580e-03
1.6406e-03
1.1669e-03
8.3252e-04
8.0358e-04
8.2933e-04
9.2374e-04
1.3082e-03
1.7802e-03
1.5411e-03
2.3773e-04
-8.2720e-04
-8.4530e-04
-7.5559e-04
-1.0974e-03
-1.7954e-03
-2.4030e-03
-2.5036e-03
-2.3167e-03
-2.1369e-03
-2.3766e-03
-3.0556e-03
-3.7873e-03
-4.4089e-03
-4.6060e-03
-4.1083e-03
-3.2111e-03
-2.4673e-03
-2.3672e-03
-2.8667e-03
-3.4612e-03
-4.0475e-03
-4.4359e-03
-4.5810e-03
-4.5064e-03
-3.9274e-03
-3.6930e-03
-4.3578e-03
-5.2529e-03
-5.9091e-03
-6.0059e-03
-5.8221e-03
-5.8537e-03
-5.9967e-03
-6.0285e-03
-5.8465e-03
-6.0148e-03
-6.6361e-03
-6.7186e-03
-6.3599e-03
-6.3191e-03
-6.7639e-03
-7.3945e-03
-7.6949e-03
-7.5533e-03
-7.0311e-03
-6.2265e-03
-5.2134e-03
-4.4834e-03
-4.9176e-03
-6.0166e-03
-6.4945e-03
-6.4185e-03
-6.2223e-03
-6.1495e-03
-6.5843e-03
-6.7214e-03
-6.0974e-03
-5.5760e-03
-5.6659e-03
-5.8616e-03
-5.3762e-03
-4.5466e-03
-4.0591e-03
-4.0631e-03
-4.3564e-03
-4.6502e-03
-4.7644e-03
-4.7420e-03
-4.6958e-03
-4.2505e-03
-3.6158e-03
-3.6041e-03
-3.9957e-03
-3.9678e-03
-3.7623e-03
-4.0469e-03
-4.5106e-03
-4.3185e-03
-3.4529e-03
-2.5879e-03
-1.6041e-03
-8.0366e-04
-8.3572e-04
-1.3187e-03
-1.7212e-03
-1.9568e-03
-2.4601e-03
-2.9831e-03
-2.6923e-03
-1.0582e-03
1.0017e-03
1.0942e-03
-1.0188e-03
-3.5742e-03
-4.9816e-03
-4.1427e-03
-1.8394e-03
3.9729e-05
5.7090e-04
8.1903e-05
-5.1304e-04
-5.0854e-04
4.0433e-04
1.8752e-03
3.1184e-03
3.3893e-03
2.4895e-03
7.1777e-04
-2.0951e-03
-5.2374e-03
-6.9595e-03
-6.3761e-03
-3.6328e-03
-2.7968e-04
1.9779e-03
2.5958e-03
1.8386e-03
1.1492e-03
1.6537e-03
3.3493e-03
5.4497e-03
6.1647e-03
4.2823e-03
3.5135e-04
-3.6379e-03
-5.8648e-03
-5.1513e-03
-1.4969e-03
2.3988e-03
3.6791e-03
1.4993e-03
-2.7047e-03
-6.1629e-03
-7.0400e-03
-4.7774e-03
-3.5660e-04
3.8555e-03
5.7312e-03
5.2732e-03
3.3040e-03
3.1258e-04
-2.6112e-03
-4.7780e-03
-5.3601e-03
-4.0321e-03
-1.8975e-03
3.3846e-04
2.1255e-03
2.6099e-03
1.7408e-03
3.9392e-04
-5.5680e-04
-4.7137e-04
3.1374e-04
9.1181e-04
1.1256e-03
6.7680e-04
-3.1153e-05
-1.2467e-04
2.2694e-04
6.9845e-04
1.1050e-03
1.2018e-03
1.0653e-03
7.3045e-04
1.2129e-04
-4.6080e-04
-5.4059e-04
9.7846e-05
1.0122e-03
1.4405e-03
1.1737e-03
6.9298e-04
9.3561e-04
2.1295e-03
3.5051e-03
4.4066e-03
4.4233e-03
3.7491e-03
2.9596e-03
2.2915e-03
1.9037e-03
1.6644e-03
1.3534e-03
1.0143e-03
9.2395e-04
1.3747e-03
2.1603e-03
2.7190e-03
2.6696e-03
2.1506e-03
1.3958e-03
7.5873e-04
6.0871e-04
7.9889e-04
1.1487e-03
1.5695e-03
1.9944e-03
2.5771e-03
3.3798e-03
3.9390e-03
3.8618e-03
3.2160e-03
2.3050e-03
1.6608e-03
1.5682e-03
1.9984e-03
2.7049e-03
3.2390e-03
3.1961e-03
2.4772e-03
1.4081e-03
4.9763e-04
6.6581e-05
1.6376e-04
8.3399e-04
1.8195e-03
2.6771e-03
3.1412e-03
3.2494e-03
3.3775e-03
3.5806e-03
3.6782e-03
3.5357e-03
3.0602e-03
2.4023e-03
1.8756e-03
1.6666e-03
1.6671e-03
1.7793e-03
2.0819e-03
2.5210e-03
2.6199e-03
2.1067e-03
1.3799e-03
1.0027e-03
1.4252e-03
2.4474e-03
3.2307e-03
3.4643e-03
3.3340e-03
2.9412e-03
2.6044e-03
2.4173e-03
2.2745e-03
2.3678e-03
2.6847e-03
3.1818e-03
3.6784e-03
3.8350e-03
3.8544e-03
4.0772e-03
4.4580e-03
4.9964e-03
5.7798e-03
6.3486e-03
6.3607e-03
5.9978e-03
5.5004e-03
5.2803e-03
5.3922e-03
5.6057e-03
5.8621e-03
5.9003e-03
5.5580e-03
5.0285e-03
4.5051e-03
4.2489e-03
4.5136e-03
5.2339e-03
6.0836e-03
6.5685e-03
6.1985e-03
4.9332e-03
3.5319e-03
2.9235e-03
3.1947e-03
3.7791e-03
4.0077e-03
3.4907e-03
2.6595e-03
2.2862e-03
2.6858e-03
3.6659e-03
4.6198e-03
4.9638e-03
4.6142e-03
3.9096e-03
3.2859e-03
3.0936e-03
3.3090e-03
3.7036e-03
4.0798e-03
4.1340e-03
3.9669e-03
3.8269e-03
3.7379e-03
3.8644e-03
4.3588e-03
5.2583e-03
6.1811e-03
6.4796e-03
6.0587e-03
5.3702e-03
4.9756e-03
5.0954e-03
5.5822e-03
6.0837e-03
6.1155e-03
5.5395e-03
4.6715e-03
4.2470e-03
4.7395e-03
5.5503e-03
5.7509e-03
4.7273e-03
2.6042e-03
4.5675e-04
-8.2848e-04
-1.1725e-03
-9.8913e-04
-7.9146e-04
-5.3831e-04
8.6939e-05
9.6206e-04
1.7623e-03
2.2773e-03
2.4532e-03
2.4120e-03
2.2401e-03
1.9204e-03
1.5099e-03
1.1555e-03
1.0833e-03
1.3492e-03
1.8501e-03
2.6205e-03
3.2289e-03
3.0758e-03
2.2505e-03
1.0708e-03
-1.8544e-05
-4.7194e-04
-2.2693e-04
1.9713e-04
2.5014e-04
-1.7578e-04
-7.9714e-04
-1.1924e-03
-1.0021e-03
-2.4519e-04
5.8623e-04
8.7173e-04
2.3533e-04
-9.7807e-04
-2.1097e-03
-2.7045e-03
-2.6528e-03
-2.4375e-03
-2.3950e-03
-2.5056e-03
-2.7209e-03
-2.7504e-03
-2.3920e-03
-1.9455e-03
-1.8251e-03
-2.1231e-03
-2.6184e-03
-3.0566e-03
-3.3511e-03
-3.4044e-03
-3.2989e-03
-3.2189e-03
-3.1335e-03
-3.0296e-03
-3.0624e-03
-3.4918e-03
-4.1244e-03
-4.6209e-03
-5.1063e-03
-5.5831e-03
-5.9557e-03
-6.2974e-03
-6.5791e-03
-6.6908e-03
-6.6613e-03
-6.5458e-03
-6.3164e-03
-6.0819e-03
-6.0471e-03
-6.2728e-03
-6.5840e-03
-6.8800e-03
-7.1258e-03
-7.1271e-03
-6.9767e-03
-6.8883e-03
-6.8470e-03
-6.8611e-03
-6.9387e-03
-7.0828e-03
-7.2160e-03
-7.1516e-03
-6.8573e-03
-6.4539e-03
-6.1611e-03
-6.1285e-03
-6.1911e-03
-6.1713e-03
-6.0786e-03
-5.9143e-03
-5.7218e-03
-5.5795e-03
-5.4442e-03
-5.2759e-03
-5.1085e-03
-4.9488e-03
-4.8400e-03
-4.7771e-03
-4.6612e-03
-4.4592e-03
-4.1498e-03
-3.7823e-03
-3.5039e-03
-3.4083e-03
-3.4924e-03
-3.6694e-03
-3.8427e-03
-3.9324e-03
-3.8454e-03
-3.5946e-03
-3.3568e-03
-3.1092e-03
-2.7278e-03
-2.3153e-03
-1.8721e-03
-1.3889e-03
-1.0201e-03
-7.2387e-04
-4.3093e-04
-3.5149e-04
-5.5212e-04
-9.2166e-04
-1.2967e-03
-1.3534e-03
-1.2020e-03
-1.0655e-03
-9.2208e-04
-8.9648e-04
-9.3829e-04
-9.4409e-04
-1.0024e-03
-1.2165e-03
-1.4463e-03
-1.6049e-03
-1.8333e-03
-2.0278e-03
-2.0348e-03
-1.8268e-03
-1.5588e-03
-1.4609e-03
-1.5969e-03
-1.8485e-03
-1.8959e-03
-1.6820e-03
-1.5145e-03
-1.4584e-03
-1.4045e-03
-1.4044e-03
-1.3743e-03
-1.1882e-03
-1.0419e-03
-1.2318e-03
-1.7812e-03
-2.4206e-03
-2.8739e-03
-3.0787e-03
-3.1322e-03
-3.1817e-03
-3.2609e-03
-3.2404e-03
-3.1847e-03
-3.2228e-03
-3.3418e-03
-3.5342e-03
-3.6069e-03
-3.4193e-03
-3.0552e-03
-2.4794e-03
-1.7147e-03
-1.0892e-03
-8.5959e-04
-9.9535e-04
-1.3524e-03
-1.7452e-03
-2.0546e-03
-2.1589e-03
-2.0802e-03
-1.9275e-03
-1.6501e-03
-1.4058e-03
-1.2876e-03
-1.1044e-03
-8.3151e-04
-6.7408e-04
-6.3157e-04
-4.8818e-04
-2.5226e-04
9.8073e-05
5.7841e-04
1.0284e-03
1.3877e-03
1.6918e-03
1.9975e-03
2.3172e-03
2.6416e-03
2.9576e-03
3.2531e-03
3.4614e-03
3.5826e-03
3.6248e-03
3.5056e-03
3.3432e-03
3.1869e-03
3.0744e-03
3.0090e-03
2.8884e-03
2.8665e-03
2.9536e-03
3.1295e-03
3.4180e-03
3.6444e-03
3.7461e-03
3.7970e-03
3.8524e-03
3.9851e-03
4.2296e-03
4.3834e-03
4.3933e-03
4.3806e-03
4.3449e-03
4.3138e-03
4.2022e-03
3.8454e-03
3.3534e-03
2.9820e-03
2.8445e-03
2.9810e-03
3.2153e-03
3.4300e-03
3.5401e-03
3.4781e-03
3.5265e-03
3.6980e-03
3.9220e-03
4.1793e-03
4.3509e-03
4.5119e-03
4.7357e-03
4.9595e-03
5.0919e-03
5.1774e-03
5.2819e-03
5.3163e-03
5.1343e-03
4.9170e-03
4.9504e-03
5.1915e-03
5.4825e-03
5.6974e-03
5.6431e-03
5.3216e-03
5.1573e-03
5.1652e-03
5.0446e-03
4.8759e-03
4.7876e-03
4.8551e-03
5.0544e-03
5.2448e-03
5.3875e-03
5.5076e-03
5.5751e-03
5.5978e-03
5.5874e-03
5.4860e-03
5.4551e-03
5.5359e-03
5.5119e-03
5.4192e-03
5.3048e-03
5.2517e-03
5.3954e-03
5.6451e-03
5.8427e-03
5.9519e-03
5.9197e-03
5.6447e-03
5.4375e-03
5.3870e-03
5.3688e-03
5.4845e-03
5.4732e-03
5.2827e-03
5.0342e-03
4.7935e-03
4.7839e-03
4.8096e-03
4.6251e-03
4.3005e-03
4.0002e-03
3.8925e-03
3.8937e-03
3.9234e-03
3.9076e-03
3.7537e-03
3.6537e-03
3.7648e-03
4.0541e-03
4.3706e-03
4.6181e-03
4.6548e-03
4.5082e-03
4.4567e-03
4.4287e-03
4.2994e-03
4.0318e-03
3.7050e-03
3.3896e-03
2.9648e-03
2.4263e-03
1.9067e-03
1.5368e-03
1.2326e-03
9.9666e-04
8.5335e-04
7.0052e-04
5.6143e-04
4.6120e-04
4.1441e-04
4.5501e-04
5.9977e-04
6.9302e-04
6.4522e-04
5.1090e-04
1.9954e-04
-2.1841e-04
-5.4392e-04
-7.5085e-04
-8.8650e-04
-9.0221e-04
-8.5130e-04
-1.0200e-03
-1.3473e-03
-1.6566e-03
-2.0066e-03
-2.2916e-03
-2.4999e-03
-2.6589e-03
-2.7227e-03
-2.7884e-03
-2.9306e-03
-3.1385e-03
-3.3618e-03
-3.6826e-03
-4.1376e-03
-4.5423e-03
-4.7948e-03
-4.8980e-03
-4.9385e-03
-5.0814e-03
-5.3371e-03
-5.5565e-03
-5.6501e-03
-5.7390e-03
-5.9808e-03
-6.2957e-03
-6.6099e-03
-6.8802e-03
-6.9145e-03
-6.8317e-03
-6.8957e-03
-7.0346e-03
-7.2474e-03
-7.5463e-03
-7.7732e-03
-7.9728e-03
-8.1963e-03
-8.3885e-03
-8.5314e-03
-8.5708e-03
-8.5802e-03
-8.6941e-03
-8.8966e-03
-9.1480e-03
-9.5043e-03
-9.8964e-03
-1.0146e-02
-1.0101e-02
-9.8136e-03
-9.6359e-03
-9.5217e-03
-9.4493e-03
-9.6507e-03
-9.7448e-03
-9.6169e-03
-9.6126e-03
-9.6186e-03
-9.5278e-03
-9.6053e-03
-9.9028e-03
-1.0127e-02
-1.0119e-02
-9.8400e-03
-9.3382e-03
-8.8431e-03
-8.5820e-03
-8.5930e-03
-8.7097e-03
-8.8049e-03
-8.7209e-03
-8.3830e-03
-7.8825e-03
-7.3317e-03
-6.8922e-03
-6.5506e-03
-6.3620e-03
-6.3588e-03
-6.3204e-03
-6.0981e-03
-5.5808e-03
-4.9245e-03
-4.5163e-03
-4.3578e-03
-4.3151e-03
-4.4044e-03
-4.4413e-03
-4.2289e-03
-3.7859e-03
-3.2201e-03
-2.7339e-03
-2.4335e-03
-2.1410e-03
-1.9443e-03
-1.9354e-03
-1.8378e-03
-1.7586e-03
-1.7364e-03
-1.6990e-03
-1.7964e-03
-1.7916e-03
-1.5306e-03
-1.2906e-03
-1.1248e-03
-9.9116e-04
-9.2710e-04
-8.1529e-04
-7.2260e-04
-7.9536e-04
-1.0775e-03
-1.3657e-03
-1.4782e-03
-1.5276e-03
-1.4623e-03
-1.3976e-03
-1.3082e-03
-1.0888e-03
-8.7069e-04
-5.3249e-04
-7.1761e-05
2.1675e-04
1.4304e-04
6.2229e-05
9.7658e-05
1.3437e-04
3.7844e-04
8.0944e-04
1.0274e-03
5.5288e-04
1.7014e-04
4.2136e-04
5.8626e-04
7.0282e-04
8.7827e-04
9.1249e-04
7.4038e-04
4.8821e-04
4.5867e-04
5.1495e-04
4.7610e-04
5.2763e-04
6.4140e-04
5.4237e-04
5.2663e-04
6.5988e-04
6.1011e-04
7.0893e-04
9.1394e-04
9.6061e-04
1.1068e-03
1.4003e-03
1.7082e-03
1.9969e-03
2.2586e-03
2.2305e-03
1.9876e-03
1.9406e-03
2.0013e-03
2.0448e-03
2.1008e-03
2.0949e-03
2.1097e-03
2.3614e-03
2.6617e-03
2.7253e-03
2.5520e-03
2.3153e-03
2.1351e-03
1.9923e-03
2.0776e-03
2.2857e-03
2.4874e-03
2.8534e-03
3.2812e-03
3.5953e-03
3.7152e-03
3.8217e-03
3.9717e-03
4.0713e-03
4.2924e-03
4.6419e-03
5.0468e-03
5.4440e-03
5.6987e-03
5.6572e-03
5.3679e-03
5.1740e-03
5.0653e-03
4.9506e-03
5.0178e-03
5.3354e-03
5.7190e-03
5.9250e-03
5.9444e-03
5.7712e-03
5.5074e-03
5.4094e-03
5.4851e-03
5.5632e-03
5.6629e-03
5.8949e-03
6.0041e-03
5.8682e-03
5.6829e-03
5.6060e-03
5.8051e-03
6.0957e-03
6.0502e-03
5.8160e-03
5.6812e-03
5.6009e-03
5.6810e-03
5.9420e-03
6.2490e-03
6.4273e-03
6.3380e-03
6.0896e-03
5.9264e-03
6.0641e-03
6.3689e-03
6.5563e-03
6.5242e-03
6.3793e-03
6.3403e-03
6.4574e-03
6.6850e-03
6.7430e-03
6.5715e-03
6.4897e-03
6.3150e-03
6.0671e-03
5.9482e-03
5.8472e-03
5.8888e-03
5.9902e-03
5.7823e-03
5.3677e-03
5.3074e-03
5.4273e-03
5.3587e-03
5.3233e-03
5.2576e-03
5.0896e-03
4.8427e-03
4.6576e-03
4.5586e-03
4.3240e-03
4.0732e-03
3.9441e-03
3.9995e-03
4.1445e-03
4.2163e-03
4.2050e-03
4.2324e-03
4.3888e-03
4.5167e-03
4.3945e-03
3.9637e-03
3.5547e-03
3.4330e-03
3.4432e-03
3.2143e-03
2.8233e-03
2.6354e-03
2.6113e-03
2.6972e-03
2.8603e-03
3.1985e-03
3.6590e-03
3.9610e-03
3.9806e-03
3.6851e-03
3.2028e-03
2.7607e-03
2.6151e-03
2.6366e-03
2.6098e-03
2.3847e-03
1.9801e-03
1.7463e-03
1.7848e-03
2.1103e-03
2.5306e-03
2.8853e-03
3.2007e-03
3.3470e-03
3.2458e-03
2.8762e-03
2.3265e-03
1.9913e-03
2.2180e-03
2.6412e-03
2.7682e-03
2.4762e-03
1.9334e-03
1.4953e-03
1.3851e-03
1.6575e-03
2.0134e-03
2.2466e-03
2.2930e-03
2.0861e-03
1.8936e-03
1.9164e-03
2.1097e-03
2.3160e-03
2.4016e-03
2.2939e-03
2.0653e-03
1.8549e-03
1.7473e-03
1.8997e-03
2.0894e-03
2.0395e-03
1.8537e-03
1.5713e-03
1.2433e-03
9.0748e-04
5.5934e-04
3.1026e-04
1.4110e-04
-1.3710e-04
-4.5819e-04
-5.9181e-04
-5.6042e-04
-4.7717e-04
-5.1490e-04
-7.4935e-04
-1.0273e-03
-1.2629e-03
-1.4438e-03
-1.6925e-03
-2.0154e-03
-2.1885e-03
-2.2516e-03
-2.3668e-03
-2.5155e-03
-2.8375e-03
-3.3478e-03
-3.7071e-03
-3.9553e-03
-4.1321e-03
-4.2079e-03
-4.4120e-03
-4.5530e-03
-4.5209e-03
-4.6160e-03
-4.8755e-03
-5.0387e-03
-5.0386e-03
-5.0592e-03
-5.1625e-03
-5.3029e-03
-5.2836e-03
-5.1180e-03
-5.1071e-03
-5.1650e-03
-5.2655e-03
-5.5609e-03
-5.8744e-03
-6.1659e-03
-6.4736e-03
-6.6936e-03
-6.7439e-03
-6.5688e-03
-6.4068e-03
-6.3392e-03
-6.1905e-03
-6.0654e-03
-6.0177e-03
-5.9875e-03
-6.0165e-03
-6.0941e-03
-6.2025e-03
-6.3551e-03
-6.5185e-03
-6.6586e-03
-6.7618e-03
-6.8825e-03
-7.0474e-03
-7.3238e-03
-7.8677e-03
-8.5773e-03
-9.1302e-03
-9.3114e-03
-9.1339e-03
-8.7251e-03
-8.4144e-03
-8.4729e-03
-8.7374e-03
-9.0158e-03
-9.2012e-03
-9.1232e-03
-8.6706e-03
-8.0308e-03
-7.5410e-03
-7.2536e-03
-7.2150e-03
-7.5127e-03
-7.9505e-03
-8.3486e-03
-8.6802e-03
-8.8126e-03
-8.6040e-03
-8.2218e-03
-7.8203e-03
-7.4569e-03
-7.2887e-03
-7.3162e-03
-7.5452e-03
-7.8864e-03
-8.1177e-03
-8.0884e-03
-7.7581e-03
-7.2982e-03
-6.9712e-03
-7.0757e-03
-7.4761e-03
-7.7525e-03
-7.6981e-03
-7.3466e-03
-7.0586e-03
-6.8142e-03
-6.5321e-03
-6.5588e-03
-6.6932e-03
-6.8125e-03
-6.9476e-03
-6.6736e-03
-6.1744e-03
-5.7947e-03
-5.4332e-03
-5.0049e-03
-4.5577e-03
-4.2467e-03
-4.1647e-03
-4.2141e-03
-4.0815e-03
-3.7176e-03
-3.2674e-03
-2.8498e-03
-2.5750e-03
-2.3342e-03
-2.0370e-03
-1.7599e-03
-1.6195e-03
-1.6130e-03
-1.5971e-03
-1.3517e-03
-9.7965e-04
-6.9763e-04
-3.8560e-04
-1.0634e-04
1.0235e-04
2.1577e-04
8.3812e-05
-1.2413e-04
-3.9077e-05
4.4547e-04
9.7807e-04
1.4065e-03
1.7273e-03
1.9062e-03
2.0481e-03
2.0978e-03
2.1046e-03
2.2086e-03
2.4426e-03
2.7371e-03
2.9320e-03
3.2049e-03
3.6053e-03
3.7406e-03
3.6635e-03
3.5986e-03
3.5596e-03
3.5199e-03
3.5309e-03
3.5129e-03
3.3077e-03
3.3751e-03
3.5913e-03
3.7350e-03
4.1773e-03
4.4920e-03
4.4904e-03
4.2834e-03
3.9897e-03
4.0155e-03
4.2680e-03
4.6504e-03
4.9071e-03
4.9196e-03
5.0759e-03
5.2461e-03
5.4145e-03
5.7133e-03
5.9337e-03
6.0206e-03
6.0175e-03
6.0844e-03
6.2351e-03
6.4681e-03
6.7487e-03
6.8225e-03
6.8401e-03
6.7986e-03
6.5363e-03
6.2790e-03
6.1068e-03
6.0503e-03
6.1039e-03
6.1242e-03
6.0676e-03
5.8406e-03
5.5832e-03
5.4078e-03
5.2242e-03
5.2194e-03
5.3778e-03
5.4654e-03
5.4112e-03
5.4119e-03
5.3396e-03
5.0282e-03
4.7497e-03
4.5515e-03
4.7065e-03
5.1776e-03
5.5592e-03
5.7327e-03
5.6236e-03
5.3381e-03
5.0385e-03
4.8694e-03
4.8157e-03
4.8714e-03
5.1734e-03
5.6233e-03
5.7949e-03
5.4788e-03
4.8659e-03
4.2733e-03
4.1688e-03
4.7106e-03
5.2927e-03
5.1680e-03
4.5116e-03
4.0351e-03
3.9930e-03
4.2862e-03
4.6218e-03
4.4101e-03
3.6402e-03
3.1538e-03
3.1770e-03
3.1941e-03
3.1424e-03
3.1106e-03
2.8397e-03
2.4423e-03
2.2231e-03
2.2815e-03
2.5439e-03
2.8151e-03
2.9362e-03
2.7699e-03
2.5568e-03
2.4178e-03
2.2000e-03
2.0285e-03
2.0568e-03
2.1084e-03
2.0669e-03
2.1047e-03
2.0448e-03
1.9958e-03
2.1180e-03
1.9173e-03
1.5984e-03
1.4843e-03
1.3096e-03
1.3495e-03
1.5436e-03
1.2552e-03
7.3230e-04
5.6108e-04
5.7721e-04
3.1936e-04
-5.5106e-05
-1.4130e-04
-5.2768e-06
2.2530e-04
3.4437e-04
5.0277e-05
-3.4379e-04
-3.0304e-04
-2.1818e-06
1.9012e-05
-3.7537e-04
-8.9136e-04
-1.1395e-03
-9.6682e-04
-6.4225e-04
-5.3391e-04
-7.3853e-04
-1.1002e-03
-1.3117e-03
-1.4734e-03
-1.7683e-03
-1.9004e-03
-2.1209e-03
-2.4801e-03
-2.3724e-03
-1.9654e-03
-1.6283e-03
-1.4914e-03
-1.7992e-03
-2.4443e-03
-2.8068e-03
-2.5618e-03
-2.1081e-03
-1.9160e-03
-2.0570e-03
-2.2133e-03
-2.1262e-03
-1.9177e-03
-1.7251e-03
-1.6356e-03
-1.9562e-03
-2.6060e-03
-3.1001e-03
-3.2297e-03
-2.9730e-03
-2.3960e-03
-1.8947e-03
-1.9799e-03
-2.4560e-03
-2.8295e-03
-3.0434e-03
-3.1276e-03
-3.0476e-03
-2.9962e-03
-3.1272e-03
-3.3812e-03
-3.7129e-03
-3.8666e-03
-3.8203e-03
-3.8190e-03
-3.8707e-03
-3.9721e-03
-4.1117e-03
-4.1747e-03
-3.9634e-03
-3.4260e-03
-2.9319e-03
-2.7942e-03
-2.9443e-03
-3.2521e-03
-3.5590e-03
-3.7501e-03
-3.7721e-03
-3.7415e-03
-3.8725e-03
-4.1330e-03
-4.3500e-03
-4.4293e-03
-4.4577e-03
-4.4599e-03
-4.3850e-03
-4.2023e-03
-4.1614e-03
-4.3845e-03
-4.5837e-03
-4.5561e-03
-4.1521e-03
-3.7584e-03
-3.8086e-03
-4.2024e-03
-4.6960e-03
-4.9415e-03
-4.5250e-03
-3.6175e-03
-3.1115e-03
-3.2392e-03
-3.5114e-03
-3.4613e-03
-2.9144e-03
-2.3367e-03
-2.3019e-03
-2.6962e-03
-3.1147e-03
-3.1604e-03
-2.6758e-03
-2.1696e-03
-2.1550e-03
-2.7928e-03
-3.4096e-03
-3.3142e-03
-2.7895e-03
-2.2843e-03
-2.2542e-03
-2.4877e-03
-2.4309e-03
-1.9653e-03
-1.1609e-03
-5.2830e-04
-4.7552e-04
-9.3839e-04
-1.4600e-03
-1.4340e-03
-9.6088e-04
-5.6041e-04
-4.2509e-04
-4.1939e-04
-1.9014e-04
2.2462e-04
4.1769e-04
4.6170e-04
6.1722e-04
7.6921e-04
7.9848e-04
7.6938e-04
7.2285e-04
8.4423e-04
1.1824e-03
1.3969e-03
1.2721e-03
9.7867e-04
8.5719e-04
1.1010e-03
1.4925e-03
1.6712e-03
1.6321e-03
1.5177e-03
1.5097e-03
1.6525e-03
1.8421e-03
2.0691e-03
2.1647e-03
1.8139e-03
9.3994e-04
-1.4239e-05
-5.3795e-04
-2.5908e-04
7.9607e-04
2.0501e-03
2.9736e-03
3.4454e-03
3.7096e-03
3.6385e-03
2.9155e-03
1.6989e-03
4.0928e-04
-5.3485e-04
-8.6354e-04
-6.4283e-04
-1.2986e-04
4.9741e-04
1.1369e-03
1.8352e-03
2.6088e-03
3.3714e-03
3.9065e-03
4.0384e-03
3.6646e-03
2.8380e-03
1.9728e-03
1.2824e-03
1.2137e-03
2.0757e-03
3.1825e-03
3.9373e-03
4.1294e-03
3.8382e-03
3.4611e-03
3.1557e-03
2.9953e-03
2.9770e-03
2.9354e-03
2.8735e-03
2.8591e-03
3.0478e-03
3.5363e-03
4.0921e-03
4.4977e-03
4.6070e-03
4.3194e-03
3.7644e-03
3.1792e-03
2.9095e-03
3.2102e-03
3.8720e-03
4.2410e-03
3.9475e-03
3.4756e-03
3.3890e-03
3.7990e-03
4.2341e-03
4.1081e-03
3.5756e-03
3.0556e-03
2.7488e-03
2.7750e-03
3.1373e-03
3.5542e-03
3.7732e-03
3.7067e-03
3.3301e-03
2.8386e-03
2.2966e-03
1.8057e-03
1.7359e-03
2.1882e-03
2.9464e-03
3.6926e-03
3.9443e-03
3.4635e-03
2.6560e-03
2.0270e-03
1.7860e-03
1.9200e-03
2.2242e-03
2.3692e-03
2.2563e-03
2.1096e-03
2.0219e-03
1.9675e-03
1.9514e-03
1.8960e-03
1.6963e-03
1.3463e-03
9.1626e-04
5.1278e-04
4.0832e-04
9.1000e-04
1.8253e-03
2.5616e-03
2.7017e-03
2.1720e-03
1.3556e-03
6.2281e-04
4.0060e-05
-2.4053e-04
-2.4841e-04
-1.4875e-04
8.5824e-05
5.5135e-04
1.3190e-03
2.1398e-03
2.4819e-03
2.1002e-03
1.3678e-03
8.4549e-04
7.6008e-04
1.0487e-03
1.4015e-03
1.4158e-03
9.4457e-04
2.5050e-04
-3.3244e-04
-6.3288e-04
-5.2544e-04
-1.0344e-04
3.2108e-04
4.6086e-04
3.0837e-04
1.2481e-04
3.7392e-06
-1.7687e-04
-3.5028e-04
-3.8108e-04
-4.2021e-04
-4.8043e-04
-2.2576e-04
3.9073e-04
9.6119e-04
1.1242e-03
9.1225e-04
5.2918e-04
1.6150e-05
-4.4535e-04
-5.7144e-04
-4.2445e-04
-2.7254e-04
-3.0557e-04
-4.7344e-04
-7.1640e-04
-9.5800e-04
-9.0527e-04
-5.3732e-04
-7.1919e-05
2.4322e-04
1.9274e-04
-8.6687e-05
-4.7007e-04
-8.0141e-04
-9.5481e-04
-1.2318e-03
-1.4855e-03
-1.3784e-03
-1.1902e-03
-1.1928e-03
-1.4311e-03
-1.7628e-03
-1.9499e-03
-1.9117e-03
-1.6644e-03
-1.4215e-03
-1.3303e-03
-1.2353e-03
-1.1238e-03
-1.0690e-03
-1.1927e-03
-1.5681e-03
-1.8883e-03
-1.9897e-03
-1.8925e-03
-1.7168e-03
-1.7138e-03
-1.9000e-03
-2.2142e-03
-2.5015e-03
-2.6880e-03
-2.8724e-03
-3.0121e-03
-3.0548e-03
-3.0059e-03
-2.9593e-03
-2.9038e-03
-2.8101e-03
-2.8420e-03
-2.8942e-03
-2.8055e-03
-2.7380e-03
-2.8550e-03
-3.0938e-03
-3.0944e-03
-2.8398e-03
-2.7371e-03
-2.6459e-03
-2.6393e-03
-3.0885e-03
-3.5150e-03
-3.6972e-03
-3.8215e-03
-3.7071e-03
-3.5047e-03
-3.3356e-03
-3.0539e-03
-2.8209e-03
-2.6351e-03
-2.5177e-03
-2.7455e-03
-3.0210e-03
-3.0262e-03
-2.9670e-03
-2.9838e-03
-3.1288e-03
-3.3430e-03
-3.4534e-03
-3.5303e-03
-3.7545e-03
-4.0041e-03
-4.0519e-03
-3.8304e-03
-3.4874e-03
-3.2569e-03
-3.1883e-03
-3.2256e-03
-3.3920e-03
-3.6237e-03
-3.6636e-03
-3.5279e-03
-3.3320e-03
-3.2551e-03
-3.4293e-03
-3.5369e-03
-3.5513e-03
-3.5709e-03
-3.4835e-03
-3.3130e-03
-3.0783e-03
-2.8253e-03
-2.7359e-03
-2.8854e-03
-3.1246e-03
-3.2482e-03
-3.1966e-03
-3.0735e-03
-2.8831e-03
-2.8365e-03
-3.0071e-03
-3.0609e-03
-3.0091e-03
-2.9512e-03
-2.9234e-03
-3.0063e-03
-3.2233e-03
-3.3493e-03
-3.1305e-03
-2.7905e-03
-2.6689e-03
-2.8873e-03
-3.2241e-03
-3.3379e-03
-3.0122e-03
-2.4599e-03
-2.2127e-03
-2.4160e-03
-2.7936e-03
-2.9307e-03
-2.7483e-03
-2.2927e-03
-1.6936e-03
-1.2498e-03
-9.7782e-04
-7.9102e-04
-5.7444e-04
-4.3024e-04
-4.7003e-04
-6.8560e-04
-1.0200e-03
-9.6326e-04
-4.6951e-04
-1.2085e-05
2.1793e-04
2.0757e-05
-4.6671e-04
-6.7624e-04
-4.3357e-04
1.0854e-05
4.4507e-04
7.4663e-04
6.3593e-04
2.5626e-04
1.0310e-04
1.6525e-04
3.9648e-04
7.5535e-04
9.9445e-04
1.0526e-03
9.7037e-04
8.6433e-04
8.2613e-04
9.7147e-04
1.3167e-03
1.6490e-03
1.7904e-03
1.6535e-03
1.3941e-03
1.3360e-03
1.4846e-03
1.6497e-03
1.8438e-03
2.1085e-03
2.4117e-03
2.6609e-03
2.8101e-03
2.7852e-03
2.5560e-03
2.3636e-03
2.2895e-03
2.3193e-03
2.4246e-03
2.5847e-03
2.8115e-03
2.9343e-03
2.9603e-03
3.0627e-03
3.2453e-03
3.2947e-03
3.1362e-03
2.9293e-03
2.8555e-03
3.0546e-03
3.5246e-03
4.0983e-03
4.3596e-03
4.2181e-03
3.8733e-03
3.4483e-03
3.1782e-03
3.0835e-03
3.1163e-03
3.1507e-03
3.0897e-03
3.1788e-03
3.4508e-03
3.5719e-03
3.4304e-03
3.3316e-03
3.3943e-03
3.5015e-03
3.6327e-03
3.6995e-03
3.6709e-03
3.6644e-03
3.7788e-03
3.9917e-03
4.1709e-03
4.2592e-03
4.1794e-03
3.9622e-03
3.8676e-03
3.9702e-03
4.1410e-03
4.1648e-03
3.9682e-03
3.6427e-03
3.1835e-03
2.8182e-03
2.7597e-03
2.7831e-03
2.7693e-03
2.8031e-03
2.8231e-03
2.8209e-03
2.8958e-03
3.0139e-03
3.0563e-03
3.0586e-03
3.0605e-03
2.8622e-03
2.5101e-03
2.3010e-03
2.2799e-03
2.4483e-03
2.7059e-03
2.7923e-03
2.7384e-03
2.6508e-03
2.5764e-03
2.6123e-03
2.5945e-03
2.4574e-03
2.3952e-03
2.3794e-03
2.4254e-03
2.5781e-03
2.6944e-03
2.7330e-03
2.6830e-03
2.6137e-03
2.5916e-03
2.5795e-03
2.6143e-03
2.6825e-03
2.7617e-03
2.8918e-03
3.0483e-03
2.9615e-03
2.5688e-03
2.1743e-03
1.9274e-03
1.9638e-03
2.2249e-03
2.3781e-03
2.2772e-03
2.1168e-03
1.9730e-03
1.7626e-03
1.7398e-03
1.8813e-03
1.9956e-03
2.0318e-03
1.8114e-03
1.4185e-03
1.1103e-03
1.1257e-03
1.4231e-03
1.6646e-03
1.6232e-03
1.3851e-03
1.2869e-03
1.3790e-03
1.5411e-03
1.6641e-03
1.5037e-03
1.1110e-03
8.3956e-04
7.4997e-04
6.0375e-04
3.3048e-04
2.2639e-05
-2.1753e-04
-2.9215e-04
-2.9471e-04
-4.5681e-04
-7.7505e-04
-1.1682e-03
-1.6757e-03
-2.1585e-03
-2.3788e-03
-2.3183e-03
-2.2490e-03
-2.3311e-03
-2.5024e-03
-2.6783e-03
-2.7080e-03
-2.6598e-03
-2.6663e-03
-2.7542e-03
-2.9730e-03
-3.1935e-03
-3.3399e-03
-3.5328e-03
-3.7368e-03
-3.8244e-03
-3.8270e-03
-3.8110e-03
-3.8880e-03
-4.0809e-03
-4.1744e-03
-4.1018e-03
-3.9460e-03
-3.7151e-03
-3.4999e-03
-3.4446e-03
-3.6095e-03
-3.9168e-03
-4.0724e-03
-3.9804e-03
-3.8238e-03
-3.6617e-03
-3.5874e-03
-3.6797e-03
-3.8008e-03
-3.8009e-03
-3.6579e-03
-3.3851e-03
-3.0447e-03
-2.7971e-03
-2.7447e-03
-2.8932e-03
-3.0936e-03
-3.1970e-03
-3.2147e-03
-3.0990e-03
-2.9164e-03
-2.8252e-03
-2.8656e-03
-2.9893e-03
-3.0155e-03
-2.9845e-03
-3.0129e-03
-2.9883e-03
-2.9345e-03
-2.9020e-03
-2.8717e-03
-2.8913e-03
-2.9041e-03
-2.8607e-03
-2.8122e-03
-2.7194e-03
-2.5876e-03
-2.5066e-03
-2.4954e-03
-2.5702e-03
-2.7056e-03
-2.8206e-03
-2.8183e-03
-2.6906e-03
-2.5658e-03
-2.4056e-03
-2.1249e-03
-1.8585e-03
-1.7128e-03
-1.7121e-03
-1.8489e-03
-1.9786e-03
-1.9800e-03
-1.8664e-03
-1.6795e-03
-1.5264e-03
-1.5064e-03
-1.5927e-03
-1.6813e-03
-1.6913e-03
-1.6908e-03
-1.7155e-03
-1.7736e-03
-1.8777e-03
-1.8957e-03
-1.8670e-03
-1.8940e-03
-1.8521e-03
-1.7101e-03
-1.5807e-03
-1.5130e-03
-1.5172e-03
-1.5674e-03
-1.6285e-03
-1.6927e-03
-1.7367e-03
-1.7550e-03
-1.7389e-03
-1.6876e-03
-1.6529e-03
-1.6575e-03
-1.6770e-03
-1.6825e-03
-1.6728e-03
-1.6764e-03
-1.6701e-03
-1.6285e-03
-1.5679e-03
-1.4836e-03
-1.3421e-03
-1.1545e-03
-1.0215e-03
-1.0115e-03
-1.0886e-03
-1.1594e-03
-1.1981e-03
-1.1999e-03
-1.1166e-03
-9.6256e-04
-8.2401e-04
-7.1339e-04
-5.9305e-04
-4.9448e-04
-3.6874e-04
-2.3433e-04
-1.7248e-04
-1.6752e-04
-1.8497e-04
-1.5976e-04
-9.7871e-05
9.6093e-06
1.5563e-04
2.6693e-04
3.1990e-04
3.2974e-04
3.3286e-04
3.5357e-04
4.4851e-04
5.9827e-04
7.6446e-04
9.5052e-04
1.0447e-03
1.0335e-03
1.0305e-03
1.0887e-03
1.2119e-03
1.3785e-03
1.4999e-03
1.5123e-03
1.4747e-03
1.3710e-03
1.2564e-03
1.2669e-03
1.3631e-03
1.4884e-03
1.6459e-03
1.8397e-03
1.9774e-03
2.0180e-03
2.0143e-03
1.9639e-03
1.9498e-03
2.0125e-03
2.0974e-03
2.1884e-03
2.2727e-03
2.3030e-03
2.2723e-03
2.2597e-03
2.2845e-03
2.3657e-03
2.4826e-03
2.5683e-03
2.6451e-03
2.6844e-03
2.6784e-03
2.6445e-03
2.5914e-03
2.6041e-03
2.7298e-03
2.9052e-03
2.9871e-03
2.9587e-03
2.8860e-03
2.8112e-03
2.8525e-03
3.0151e-03
3.0971e-03
3.0445e-03
2.9791e-03
2.8622e-03
2.8064e-03
2.8811e-03
2.9139e-03
2.9763e-03
3.0132e-03
2.9849e-03
3.0300e-03
3.0937e-03
3.1306e-03
3.1452e-03
3.1833e-03
3.2507e-03
3.2557e-03
3.1929e-03
3.0340e-03
2.8010e-03
2.6806e-03
2.6874e-03
2.7539e-03
2.8789e-03
3.0226e-03
3.1160e-03
3.0596e-03
2.8588e-03
2.6333e-03
2.5389e-03
2.6301e-03
2.7438e-03
2.7195e-03
2.6411e-03
2.5841e-03
2.5208e-03
2.4898e-03
2.4162e-03
2.2347e-03
2.0673e-03
2.0200e-03
1.9916e-03
1.9298e-03
1.9259e-03
1.9301e-03
1.8607e-03
1.7578e-03
1.6988e-03
1.6674e-03
1.6442e-03
1.5748e-03
1.3959e-03
1.2020e-03
1.1101e-03
1.1264e-03
1.1314e-03
1.0418e-03
9.4237e-04
8.9714e-04
8.0243e-04
6.7487e-04
5.9503e-04
5.4173e-04
5.3600e-04
5.5629e-04
5.6321e-04
5.3457e-04
4.1488e-04
2.5173e-04
1.8842e-04
1.9133e-04
1.9092e-04
1.8433e-04
1.0832e-04
-2.0036e-05
-1.1514e-04
-1.4340e-04
-1.8025e-04
-2.6221e-04
-3.3963e-04
-3.6471e-04
-3.8890e-04
-4.6976e-04
-5.5003e-04
-6.7934e-04
-8.4808e-04
-9.8753e-04
-1.0919e-03
-1.1142e-03
-1.0846e-03
-1.0515e-03
-1.0707e-03
-1.1808e-03
-1.3208e-03
-1.4195e-03
-1.4798e-03
-1.5735e-03
-1.6793e-03
-1.7628e-03
-1.8146e-03
-1.7950e-03
-1.7742e-03
-1.7756e-03
-1.7812e-03
-1.7924e-03
-1.7554e-03
-1.7210e-03
-1.7391e-03
-1.7755e-03
-1.8016e-03
-1.7841e-03
-1.7201e-03
-1.6435e-03
-1.6110e-03
-1.6594e-03
-1.7425e-03
-1.7952e-03
-1.7850e-03
-1.6997e-03
-1.6007e-03
-1.5262e-03
-1.4723e-03
-1.4677e-03
-1.4873e-03
-1.5326e-03
-1.6233e-03
-1.6916e-03
-1.7093e-03
-1.6795e-03
-1.5997e-03
-1.5135e-03
-1.4480e-03
-1.4399e-03
-1.4775e-03
-1.4712e-03
-1.4366e-03
-1.4374e-03
-1.4301e-03
-1.3838e-03
-1.3570e-03
-1.3432e-03
-1.2954e-03
-1.2479e-03
-1.2468e-03
-1.2727e-03
-1.2795e-03
-1.2438e-03
-1.1847e-03
-1.1496e-03
-1.1649e-03
-1.1972e-03
-1.1880e-03
-1.1357e-03
-1.0631e-03
-1.0010e-03
-9.5847e-04
-9.3837e-04
-9.5333e-04
-9.5919e-04
-9.5346e-04
-9.3727e-04
-8.7661e-04
-7.9512e-04
-7.4145e-04
-7.3362e-04
-7.4937e-04
-7.5036e-04
-7.3166e-04
-7.1010e-04
-6.6492e-04
-6.1093e-04
-5.7448e-04
-5.3583e-04
-5.0061e-04
-4.8330e-04
-4.6190e-04
-4.1518e-04
-3.6631e-04
-3.1232e-04
-2.4829e-04
-2.2765e-04
-2.5662e-04
-2.7222e-04
-2.4334e-04
-1.8791e-04
-1.3281e-04
-8.8918e-05
-4.4741e-05
-9.5179e-06
1.3636e-05
3.4461e-05
5.0442e-05
6.4602e-05
7.9531e-05
1.0314e-04
1.2294e-04
1.2959e-04
1.3163e-04
1.2881e-04
1.3842e-04
1.6358e-04
1.8643e-04
2.0241e-04
2.1565e-04
2.3806e-04
2.4919e-04
2.3359e-04
2.1249e-04
2.0214e-04
2.1441e-04
2.4157e-04
2.7183e-04
2.8189e-04
2.7842e-04
2.8649e-04
2.8526e-04
2.7314e-04
2.7954e-04
2.9847e-04
2.8982e-04
2.7636e-04
2.6593e-04
2.4376e-04
2.4702e-04
2.5142e-04
2.4741e-04
2.5324e-04
2.5257e-04
2.4917e-04
2.3264e-04
2.0038e-04
1.6739e-04
1.6331e-04
1.8792e-04
1.9355e-04
1.6809e-04
1.2187e-04
9.8946e-05
1.1153e-04
1.2686e-04
1.4113e-04
1.4903e-04
1.4919e-04
1.4234e-04
1.2744e-04
9.5665e-05
6.7310e-05
6.3463e-05
6.2732e-05
5.6888e-05
4.5354e-05
3.5942e-05
4.2676e-05
6.7184e-05
7.1000e-05
2.7729e-05
-2.1046e-05
-2.0761e-05
3.4758e-05
8.8239e-05
1.1089e-04
9.4562e-05
5.6276e-05
4.3529e-05
3.9487e-05
3.6450e-05
3.6667e-05
3.5162e-05
4.4482e-05
4.8819e-05
3.9561e-05
2.6925e-05
1.8846e-05
1.5523e-05
1.2095e-05
5.8150e-06
1.6312e-05
4.6371e-05
6.0178e-05
5.4366e-05
4.8498e-05
4.7933e-05
4.6276e-05
4.3842e-05
4.3316e-05
4.5589e-05
5.0012e-05
5.5049e-05
6.0586e-05
6.0803e-05
6.0441e-05
5.5371e-05
5.2886e-05
6.2419e-05
6.8348e-05
6.6316e-05
5.6688e-05
5.3394e-05
5.9976e-05
6.2882e-05
6.3516e-05
6.4244e-05
6.8934e-05
7.4500e-05
7.6139e-05
7.7010e-05
7.6587e-05
7.2223e-05
6.6851e-05
7.3561e-05
8.6599e-05
8.4382e-05
7.1151e-05
6.4068e-05
7.3647e-05
9.3009e-05
9.8728e-05
7.8659e-05
5.1202e-05
5.1017e-05
7.7813e-05
1.0067e-04
1.0170e-04
8.3201e-05
6.3683e-05
5.7012e-05
6.0296e-05
7.0788e-05
8.3008e-05
8.6239e-05
7.7741e-05
6.7302e-05
6.7430e-05
7.3366e-05
7.8134e-05
7.8400e-05
6.8240e-05
5.8262e-05
5.7325e-05
6.1897e-05
6.7383e-05
6.5855e-05
5.9863e-05
5.8856e-05
6.3003e-05
6.6408e-05
6.4069e-05
5.8251e-05
5.3126e-05
4.9500e-05
4.8349e-05
4.9821e-05
5.1504e-05
5.1083e-05
4.8867e-05
4.5592e-05
4.3131e-05
4.2665e-05
4.2242e-05
4.1009e-05
4.0118e-05
4.0011e-05
3.9822e-05
3.9350e-05
3.8225e-05
3.5717e-05
3.2581e-05
3.0344e-05
2.9728e-05
3.0275e-05
3.0797e-05
2.9917e-05
2.7879e-05
2.6121e-05
2.5399e-05
2.5388e-05
2.5028e-05
2.3834e-05
2.2425e-05
2.1486e-05
2.0965e-05
2.0576e-05
2.0286e-05
1.9980e-05
1.9190e-05
1.7921e-05
1.6802e-05
1.6090e-05
1.5462e-05
1.4745e-05
1.4193e-05
1.3757e-05
1.3274e-05
1.2763e-05
1.1999e-05
1.0895e-05
9.7410e-06
8.9290e-06
8.5221e-06
8.1744e-06
7.6253e-06
6.9040e-06
6.1138e-06
5.3729e-06
4.7872e-06
4.2745e-06
3.7131e-06
3.0852e-06
2.4383e-06
1.8242e-06
1.2321e-06
6.4295e-07
3.4875e-08
-5.9468e-07
-1.1996e-06
-1.7574e-06
-2.2884e-06
-2.8126e-06
-3.3409e-06
-3.8782e-06
-4.4211e-06
-4.9648e-06
-5.5072e-06
-6.0450e-06
-6.5738e-06
-7.0969e-06
-7.6203e-06
-8.1446e-06
-8.6680e-06
-9.1891e-06
-9.7065e-06
-1.0220e-05
-1.0731e-05
-1.1238e-05
-1.1743e-05
-1.2247e-05
-1.2749e-05
-1.3249e-05
-1.3747e-05
-1.4242e-05
-1.4736e-05
-1.5227e-05
-1.5716e-05
-1.6202e-05
-1.6687e-05
-1.7169e-05
