-8.6845e-05
-8.6232e-05
-8.5509e-05
-8.4961e-05
-8.4788e-05
-8.4970e-05
-8.4713e-05
-8.2901e-05
-8.0585e-05
-8.1059e-05
-8.5000e-05
-8.9454e-05
-9.2125e-05
-9.2048e-05
-8.8891e-05
-8.3456e-05
-7.9410e-05
-8.0422e-05
-8.0437e-05
-7.7764e-05
-7.5033e-05
-6.5965e-05
-5.4653e-05
-5.7776e-05
-7.4421e-05
-8.5053e-05
-8.0680e-05
-7.2852e-05
-7.8390e-05
-8.9997e-05
-1.0419e-04
-1.2986e-04
-1.7430e-04
-2.2570e-04
-2.4837e-04
-2.3268e-04
-1.8568e-04
-1.0100e-04
3.5198e-06
1.3873e-04
2.7117e-04
3.4062e-04
3.2744e-04
2.5623e-04
1.7281e-04
7.9746e-05
-4.2328e-05
-1.5921e-04
-1.9618e-04
-1.9248e-04
-2.1559e-04
-2.9175e-04
-3.8678e-04
-4.2028e-04
-4.0153e-04
-4.0462e-04
-4.4923e-04
-5.4456e-04
-6.0519e-04
-5.5352e-04
-3.9235e-04
-1.8947e-04
3.0543e-05
2.3100e-04
3.1507e-04
2.5283e-04
1.2023e-04
2.6134e-05
-6.3018e-06
8.0160e-05
2.1913e-04
2.0303e-04
-3.0314e-05
-3.5898e-04
-6.3251e-04
-7.2998e-04
-6.4185e-04
-3.4356e-04
3.8574e-05
2.9730e-04
2.1390e-04
-1.9949e-04
-6.5422e-04
-8.9883e-04
-9.9297e-04
-1.1270e-03
-1.2394e-03
-1.2003e-03
-9.2335e-04
-4.4045e-04
3.6050e-05
4.0765e-04
8.2397e-04
1.2281e-03
1.5287e-03
1.7926e-03
1.8945e-03
1.7191e-03
1.3208e-03
8.8046e-04
4.4625e-04
4.1008e-05
-2.1452e-04
-3.6511e-04
-5.6318e-04
-8.9782e-04
-1.2316e-03
-1.2348e-03
-8.5873e-04
-3.8542e-04
1.0153e-06
1.6521e-04
3.9661e-05
-9.7072e-05
-3.6497e-05
1.3666e-04
2.5936e-04
4.1157e-04
6.2177e-04
9.3857e-04
1.0910e-03
8.0351e-04
7.7862e-05
-8.4091e-04
-1.7138e-03
-2.2776e-03
-2.4519e-03
-2.2660e-03
-1.7166e-03
-9.1793e-04
-1.5209e-04
4.0238e-04
7.2475e-04
1.0502e-03
1.3189e-03
1.4591e-03
1.5087e-03
1.5095e-03
1.4964e-03
1.4847e-03
1.4895e-03
1.5251e-03
1.5995e-03
1.6857e-03
1.6960e-03
1.4881e-03
9.3865e-04
1.4033e-04
-5.5573e-04
-1.0324e-03
-1.2829e-03
-1.3539e-03
-1.6944e-03
-2.3087e-03
-2.5616e-03
-1.9795e-03
-6.2319e-04
8.2886e-04
1.6855e-03
1.8381e-03
1.5353e-03
1.1712e-03
9.7742e-04
5.5285e-04
-2.1795e-04
-7.7025e-04
-8.2953e-04
-8.1144e-04
-3.9014e-04
6.9135e-04
1.6087e-03
1.7841e-03
1.1841e-03
2.4532e-04
-2.7137e-04
-1.7439e-05
7.7809e-04
1.5933e-03
2.3176e-03
3.1383e-03
3.9772e-03
4.3412e-03
3.9732e-03
3.0753e-03
2.1183e-03
1.1983e-03
2.5082e-04
-6.2836e-04
-1.6238e-03
-2.8261e-03
-3.9012e-03
-4.4926e-03
-4.3857e-03
-3.9255e-03
-3.2639e-03
-2.2393e-03
-8.7448e-04
3.1356e-04
1.0408e-03
1.6511e-03
2.1113e-03
2.3370e-03
2.2899e-03
1.8773e-03
1.0668e-03
1.6418e-04
-1.8443e-04
2.1245e-04
8.8332e-04
1.0203e-03
4.9921e-04
-1.3035e-04
-6.3732e-04
-1.1579e-03
-1.8337e-03
-2.4330e-03
-2.3664e-03
-1.6501e-03
-9.3612e-04
-5.8336e-04
-5.7288e-04
-7.2297e-04
-7.8478e-04
-5.1860e-04
2.1887e-04
1.2323e-03
1.9870e-03
2.2997e-03
2.3133e-03
2.2189e-03
2.1510e-03
2.1487e-03
2.1831e-03
2.1698e-03
2.0122e-03
1.6302e-03
1.1197e-03
5.8451e-04
-2.8232e-04
-1.3596e-03
-2.3150e-03
-2.7603e-03
-2.8707e-03
-3.0441e-03
-2.9511e-03
-2.3151e-03
-1.4477e-03
-1.1153e-03
-1.6573e-03
-2.6541e-03
-3.1579e-03
-2.6027e-03
-1.1440e-03
3.8113e-04
1.3436e-03
1.7666e-03
1.3518e-03
9.2302e-05
-1.4809e-03
-2.8345e-03
-3.3807e-03
-2.9486e-03
-1.8572e-03
-6.6711e-04
4.6830e-04
1.4866e-03
2.0662e-03
2.1905e-03
2.1079e-03
2.1141e-03
2.4430e-03
3.1431e-03
3.8685e-03
3.9584e-03
3.3698e-03
2.6391e-03
1.9431e-03
1.1177e-03
1.7359e-04
-5.2609e-04
-8.6475e-04
-9.2637e-04
-7.4846e-04
-3.0143e-04
3.9472e-04
1.0113e-03
9.7015e-04
3.7987e-04
-2.8217e-05
5.8012e-05
2.7567e-04
6.8796e-05
-4.4291e-04
-1.0381e-03
-1.5363e-03
-1.5148e-03
-5.7189e-04
7.7494e-04
1.8153e-03
2.5410e-03
3.3272e-03
4.2727e-03
4.9734e-03
5.1443e-03
4.6889e-03
3.6112e-03
2.3291e-03
1.4544e-03
5.7288e-04
-6.3367e-04
-1.6227e-03
-1.8872e-03
-1.6298e-03
-8.1928e-04
6.0981e-04
1.8312e-03
2.4169e-03
2.4412e-03
2.0798e-03
1.4824e-03
9.2964e-04
6.9319e-04
6.0184e-04
6.2710e-04
6.5016e-04
8.1401e-04
1.1093e-03
1.5753e-03
1.7729e-03
1.3555e-03
4.9820e-04
-3.1418e-04
-9.9052e-04
-1.7552e-03
-2.5989e-03
-3.1741e-03
-3.4589e-03
-3.7589e-03
-4.3775e-03
-5.3128e-03
-6.1933e-03
-6.9599e-03
-7.6451e-03
-8.2141e-03
-8.8197e-03
-8.9991e-03
-8.2120e-03
-6.3601e-03
-3.9476e-03
-1.6253e-03
3.8310e-04
2.3225e-03
4.1901e-03
5.8552e-03
7.2925e-03
8.1823e-03
8.2371e-03
7.1498e-03
4.7558e-03
1.4682e-03
-1.8129e-03
-4.1874e-03
-5.6000e-03
-6.3930e-03
-7.2695e-03
-8.7272e-03
-1.0592e-02
-1.2244e-02
-1.2823e-02
-1.2395e-02
-1.1214e-02
-9.4544e-03
-7.5173e-03
-5.4898e-03
-2.9815e-03
9.0554e-05
3.2262e-03
5.7444e-03
7.5564e-03
8.6954e-03
9.1728e-03
8.9339e-03
8.2465e-03
7.0327e-03
5.0075e-03
2.2974e-03
-7.1751e-04
-3.5884e-03
-5.8405e-03
-7.1705e-03
-7.5678e-03
-7.1711e-03
-6.6374e-03
-6.3622e-03
-6.2708e-03
-6.0810e-03
-5.5030e-03
-4.5469e-03
-3.5474e-03
-2.5385e-03
-1.4906e-03
-6.0538e-04
2.1702e-04
1.1160e-03
2.0356e-03
3.2438e-03
4.9765e-03
6.8989e-03
8.5995e-03
9.9569e-03
1.0797e-02
1.1139e-02
1.0969e-02
9.9997e-03
7.9403e-03
4.9354e-03
1.4153e-03
-1.9329e-03
-4.3740e-03
-5.8308e-03
-6.4108e-03
-6.4673e-03
-6.3934e-03
-6.3712e-03
-6.3569e-03
-6.1532e-03
-5.5425e-03
-4.5507e-03
-3.4781e-03
-2.3112e-03
-9.9772e-04
1.3502e-04
1.1316e-03
2.6846e-03
4.8158e-03
6.9170e-03
8.4875e-03
9.4140e-03
9.7761e-03
9.9105e-03
9.6441e-03
8.9452e-03
8.1374e-03
7.0940e-03
5.5391e-03
3.4586e-03
1.0572e-03
-1.0932e-03
-2.8931e-03
-4.4660e-03
-5.9466e-03
-7.1372e-03
-7.6613e-03
-7.1268e-03
-5.6738e-03
-3.5540e-03
-1.1825e-03
1.1047e-03
3.4630e-03
6.3758e-03
9.6140e-03
1.2239e-02
1.3807e-02
1.4679e-02
1.5178e-02
1.5232e-02
1.4765e-02
1.3337e-02
1.1011e-02
8.2031e-03
5.1706e-03
1.9609e-03
-1.4812e-03
-4.9481e-03
-8.0055e-03
-1.0447e-02
-1.1866e-02
-1.2393e-02
-1.2436e-02
-1.2102e-02
-1.1136e-02
-9.2301e-03
-6.4724e-03
-3.1058e-03
5.3065e-04
4.1018e-03
7.5383e-03
1.0143e-02
1.1161e-02
1.0262e-02
7.3922e-03
3.1068e-03
-1.6037e-03
-5.8386e-03
-8.6420e-03
-9.5433e-03
-8.7121e-03
-6.5792e-03
-3.7795e-03
-7.8250e-04
2.2571e-03
5.3156e-03
8.2141e-03
1.0398e-02
1.1057e-02
9.5170e-03
5.5137e-03
-3.4056e-04
-7.0949e-03
-1.3635e-02
-1.8750e-02
-2.1673e-02
-2.1925e-02
-1.9691e-02
-1.5182e-02
-8.8744e-03
-1.4533e-03
6.2875e-03
1.3516e-02
1.8983e-02
2.1542e-02
2.0738e-02
1.7118e-02
1.2145e-02
6.9699e-03
1.9114e-03
-2.7879e-03
-6.9015e-03
-1.0422e-02
-1.2995e-02
-1.3962e-02
-1.3531e-02
-1.2452e-02
-1.0910e-02
-8.8163e-03
-6.4731e-03
-4.3803e-03
-2.7337e-03
-1.2720e-03
2.5794e-04
2.1021e-03
4.0855e-03
5.9053e-03
7.4251e-03
8.2709e-03
8.1592e-03
6.8970e-03
4.6141e-03
2.1988e-03
9.4646e-04
1.7189e-03
4.2658e-03
7.8679e-03
1.1816e-02
1.5172e-02
1.6787e-02
1.6119e-02
1.3108e-02
8.2239e-03
2.3983e-03
-3.5010e-03
-8.8274e-03
-1.3187e-02
-1.6330e-02
-1.7899e-02
-1.8036e-02
-1.7008e-02
-1.4991e-02
-1.2305e-02
-9.1564e-03
-5.5124e-03
-1.4237e-03
2.7644e-03
6.7064e-03
9.9925e-03
1.2275e-02
1.2755e-02
1.1218e-02
8.2158e-03
4.3521e-03
1.9634e-04
-3.6282e-03
-6.8441e-03
-9.2746e-03
-1.0536e-02
-1.0388e-02
-9.0526e-03
-6.5082e-03
-2.6932e-03
2.1808e-03
7.3254e-03
1.1740e-02
1.4508e-02
1.4830e-02
1.2724e-02
8.4063e-03
2.4789e-03
-4.3927e-03
-1.1489e-02
-1.7781e-02
-2.2386e-02
-2.4793e-02
-2.4949e-02
-2.2790e-02
-1.8875e-02
-1.4119e-02
-9.0346e-03
-4.1399e-03
1.9829e-04
3.9055e-03
6.9049e-03
9.2452e-03
1.0592e-02
1.1035e-02
1.0948e-02
1.0536e-02
9.8316e-03
8.8949e-03
7.8937e-03
6.5080e-03
4.3973e-03
1.5926e-03
-2.2110e-03
-6.7190e-03
-1.0485e-02
-1.1976e-02
-1.0750e-02
-7.4722e-03
-3.6567e-03
-4.9765e-04
1.4690e-03
2.3822e-03
3.1405e-03
4.6871e-03
7.3719e-03
1.1195e-02
1.5815e-02
2.0401e-02
2.3907e-02
2.5157e-02
2.3659e-02
1.9806e-02
1.4893e-02
1.0475e-02
7.8910e-03
6.9416e-03
6.5872e-03
6.1336e-03
5.4434e-03
4.2645e-03
2.3612e-03
1.7547e-06
-2.4612e-03
-4.6832e-03
-6.0116e-03
-6.5043e-03
-6.7447e-03
-7.2088e-03
-7.8947e-03
-8.3037e-03
-8.3080e-03
-7.9178e-03
-6.5494e-03
-3.9067e-03
6.0644e-05
5.1966e-03
1.0743e-02
1.5599e-02
1.8778e-02
1.9930e-02
1.9187e-02
1.6706e-02
1.2711e-02
7.5896e-03
2.1782e-03
-2.5007e-03
-5.7528e-03
-7.6911e-03
-8.8361e-03
-9.2989e-03
-9.0688e-03
-8.0933e-03
-6.4837e-03
-4.7950e-03
-3.4355e-03
-2.2011e-03
-9.6251e-04
-2.1094e-04
-5.4853e-04
-2.5056e-03
-6.0417e-03
-9.9708e-03
-1.3106e-02
-1.5179e-02
-1.6021e-02
-1.5714e-02
-1.5006e-02
-1.4344e-02
-1.3753e-02
-1.2925e-02
-1.1053e-02
-8.1922e-03
-5.0328e-03
-1.9406e-03
6.0455e-04
2.4258e-03
3.1729e-03
2.6708e-03
1.6114e-03
4.4696e-04
-1.1803e-03
-3.1688e-03
-5.0006e-03
-6.4382e-03
-7.8023e-03
-9.2633e-03
-1.0198e-02
-9.9756e-03
-8.6931e-03
-6.5517e-03
-3.8383e-03
-7.2539e-04
2.8925e-03
7.0658e-03
1.1535e-02
1.5935e-02
1.9545e-02
2.1632e-02
2.1631e-02
1.9488e-02
1.5704e-02
1.0999e-02
6.2629e-03
1.9670e-03
-2.1656e-03
-6.3623e-03
-1.0104e-02
-1.2858e-02
-1.4742e-02
-1.5816e-02
-1.5947e-02
-1.4909e-02
-1.3131e-02
-1.1137e-02
-9.0213e-03
-7.0282e-03
-5.3557e-03
-3.9361e-03
-2.8001e-03
-1.8605e-03
-9.5022e-04
5.5135e-04
3.2030e-03
6.6215e-03
9.7380e-03
1.1966e-02
1.3272e-02
1.3497e-02
1.2635e-02
1.1000e-02
9.2299e-03
7.6608e-03
5.8876e-03
3.6878e-03
1.5636e-03
-1.7736e-04
-1.3299e-03
-1.8515e-03
-1.9368e-03
-2.2304e-03
-3.1223e-03
-4.6795e-03
-6.0644e-03
-6.7057e-03
-6.4753e-03
-5.3340e-03
-3.5245e-03
-1.7725e-03
-6.7296e-04
-1.1355e-04
3.0393e-04
6.9210e-04
9.0066e-04
1.0773e-03
1.0953e-03
1.2246e-03
1.9547e-03
2.9520e-03
3.4803e-03
2.8745e-03
1.2856e-03
-6.6727e-04
-1.9035e-03
-1.5900e-03
1.1437e-04
2.7069e-03
5.1966e-03
6.7493e-03
7.6237e-03
8.0113e-03
8.0286e-03
7.7424e-03
7.0506e-03
5.9572e-03
4.6437e-03
3.0775e-03
1.1880e-03
-1.1019e-03
-3.3405e-03
-4.6616e-03
-4.5488e-03
-3.2740e-03
-1.1448e-03
1.5013e-03
4.4674e-03
7.5096e-03
9.5676e-03
9.8062e-03
8.4215e-03
6.3840e-03
4.4095e-03
2.5051e-03
4.8759e-04
-1.7294e-03
-3.8362e-03
-5.9063e-03
-8.0960e-03
-1.0285e-02
-1.1814e-02
-1.2480e-02
-1.2371e-02
-1.1366e-02
-9.2896e-03
-6.2666e-03
-2.5847e-03
1.2795e-03
4.6474e-03
7.2867e-03
9.4291e-03
1.1331e-02
1.2478e-02
1.2000e-02
9.8191e-03
6.6492e-03
2.9459e-03
-6.9878e-04
-3.9914e-03
-6.8221e-03
-9.2481e-03
-1.1735e-02
-1.3681e-02
-1.4240e-02
-1.3297e-02
-1.1214e-02
-8.2484e-03
-5.0809e-03
-2.6052e-03
-1.0532e-03
-4.3461e-04
-4.8698e-04
-8.5144e-04
-1.2778e-03
-1.4768e-03
-1.3069e-03
-1.3230e-03
-1.8584e-03
-2.4716e-03
-2.2107e-03
-7.4869e-04
1.2220e-03
2.8265e-03
3.5778e-03
3.3413e-03
2.6365e-03
1.8315e-03
1.0064e-03
4.1419e-04
5.0921e-04
1.0960e-03
1.3699e-03
1.0514e-03
3.4855e-04
-6.7275e-04
-1.3558e-03
-1.2294e-03
-8.7480e-04
-9.4048e-04
-1.6692e-03
-2.7033e-03
-3.1533e-03
-2.5028e-03
-9.5893e-04
5.2913e-04
1.1752e-03
8.5997e-04
-5.8827e-04
-2.7945e-03
-5.1600e-03
-7.5078e-03
-9.9802e-03
-1.2160e-02
-1.3065e-02
-1.2010e-02
-9.4294e-03
-6.3014e-03
-3.5108e-03
-1.6160e-03
-5.5963e-04
4.6540e-04
2.2525e-03
4.8281e-03
7.7027e-03
1.0208e-02
1.1798e-02
1.2137e-02
1.0925e-02
8.4850e-03
5.2862e-03
1.4832e-03
-2.8241e-03
-7.2996e-03
-1.1543e-02
-1.4874e-02
-1.6766e-02
-1.7087e-02
-1.6334e-02
-1.5191e-02
-1.3607e-02
-1.1198e-02
-8.1261e-03
-4.8253e-03
-1.3124e-03
2.1147e-03
5.2709e-03
8.1308e-03
1.0610e-02
1.2589e-02
1.4166e-02
1.5751e-02
1.7548e-02
1.9509e-02
2.0939e-02
2.1012e-02
1.9690e-02
1.7698e-02
1.5580e-02
1.3263e-02
1.0685e-02
7.8736e-03
4.7753e-03
1.3413e-03
-2.5879e-03
-7.4968e-03
-1.2868e-02
-1.7482e-02
-2.0843e-02
-2.2921e-02
-2.3790e-02
-2.3658e-02
-2.2531e-02
-2.0285e-02
-1.7089e-02
-1.3317e-02
-9.3111e-03
-4.7630e-03
6.5859e-04
6.7070e-03
1.3084e-02
1.8918e-02
2.3345e-02
2.6118e-02
2.7654e-02
2.8109e-02
2.7327e-02
2.5008e-02
2.1034e-02
1.5647e-02
9.7753e-03
4.4864e-03
-2.7548e-05
-3.9517e-03
-7.6757e-03
-1.1190e-02
-1.3801e-02
-1.5076e-02
-1.5190e-02
-1.4409e-02
-1.2923e-02
-1.0910e-02
-8.3114e-03
-5.4625e-03
-2.8269e-03
-1.3734e-04
2.8596e-03
5.9549e-03
8.7725e-03
1.1397e-02
1.3624e-02
1.4787e-02
1.4466e-02
1.2985e-02
1.0766e-02
8.3218e-03
6.0304e-03
3.7419e-03
9.4534e-04
-2.2367e-03
-5.0631e-03
-7.3571e-03
-9.5600e-03
-1.1814e-02
-1.3895e-02
-1.5658e-02
-1.7171e-02
-1.8303e-02
-1.8875e-02
-1.8715e-02
-1.8060e-02
-1.6821e-02
-1.4659e-02
-1.1557e-02
-7.7531e-03
-3.5065e-03
1.4213e-03
7.0713e-03
1.2569e-02
1.7208e-02
2.0774e-02
2.3164e-02
2.4603e-02
2.5044e-02
2.4290e-02
2.2187e-02
1.8805e-02
1.4401e-02
9.3124e-03
3.8178e-03
-1.5694e-03
-6.7049e-03
-1.1269e-02
-1.4806e-02
-1.7234e-02
-1.8737e-02
-1.9590e-02
-1.9737e-02
-1.9360e-02
-1.8659e-02
-1.7324e-02
-1.5182e-02
-1.1745e-02
-7.4964e-03
-3.4231e-03
-4.8606e-05
2.3268e-03
3.4168e-03
3.3035e-03
2.7562e-03
2.2273e-03
1.7109e-03
1.1366e-03
8.1281e-04
1.3358e-03
2.8117e-03
5.1420e-03
7.8103e-03
1.0011e-02
1.1119e-02
1.0981e-02
9.6542e-03
7.4012e-03
5.0735e-03
3.3602e-03
1.8843e-03
4.8412e-04
-4.6517e-04
-3.8722e-04
5.6358e-05
-1.0634e-04
-9.5453e-04
-2.3066e-03
-3.9939e-03
-6.1865e-03
-8.9710e-03
-1.2268e-02
-1.5846e-02
-1.9039e-02
-2.0924e-02
-2.1171e-02
-2.0030e-02
-1.8395e-02
-1.6352e-02
-1.3458e-02
-9.9367e-03
-6.6086e-03
-3.8976e-03
-1.5924e-03
1.1342e-03
5.2834e-03
1.0874e-02
1.7105e-02
2.3062e-02
2.8426e-02
3.2662e-02
3.4963e-02
3.5064e-02
3.3268e-02
2.9545e-02
2.4022e-02
1.7550e-02
1.1343e-02
5.9612e-03
1.5191e-03
-1.7121e-03
-4.0947e-03
-5.7665e-03
-6.4685e-03
-6.1110e-03
-4.7245e-03
-2.7360e-03
-9.6706e-04
5.9170e-04
2.3420e-03
4.1848e-03
5.8529e-03
7.2165e-03
7.9813e-03
8.0300e-03
7.3474e-03
5.9947e-03
4.2058e-03
2.0759e-03
1.3660e-05
-1.5130e-03
-2.2640e-03
-2.1061e-03
-1.3052e-03
-1.8552e-04
4.8126e-04
5.2779e-04
-3.2450e-04
-2.4372e-03
-5.1672e-03
-8.0358e-03
-1.0994e-02
-1.3646e-02
-1.5987e-02
-1.8389e-02
-2.0571e-02
-2.1604e-02
-2.0720e-02
-1.8105e-02
-1.4321e-02
-9.9384e-03
-5.5316e-03
-1.3469e-03
2.4346e-03
5.9196e-03
9.1086e-03
1.1756e-02
1.3939e-02
1.5396e-02
1.5673e-02
1.4833e-02
1.3213e-02
1.0747e-02
7.3263e-03
3.0439e-03
-1.7469e-03
-6.6666e-03
-1.0928e-02
-1.3766e-02
-1.5259e-02
-1.6204e-02
-1.7089e-02
-1.7562e-02
-1.7079e-02
-1.5240e-02
-1.2017e-02
-7.5645e-03
-2.4435e-03
2.2746e-03
6.1747e-03
9.1387e-03
1.0984e-02
1.2110e-02
1.2792e-02
1.2682e-02
1.1653e-02
9.9595e-03
7.7452e-03
5.3572e-03
3.1786e-03
1.1963e-03
-9.8090e-04
-3.3659e-03
-5.5764e-03
-7.2663e-03
-8.2962e-03
-8.4214e-03
-7.7903e-03
-6.7805e-03
-5.1516e-03
-2.4575e-03
1.0541e-03
4.6146e-03
7.8738e-03
1.0906e-02
1.3826e-02
1.6536e-02
1.8594e-02
1.9455e-02
1.8811e-02
1.6588e-02
1.3036e-02
8.6595e-03
4.1136e-03
-1.0935e-04
-3.4953e-03
-5.8440e-03
-7.3393e-03
-8.3413e-03
-8.9835e-03
-9.4915e-03
-1.0058e-02
-1.0406e-02
-9.9712e-03
-8.6512e-03
-6.4559e-03
-3.6329e-03
-5.5919e-04
2.4434e-03
5.0503e-03
6.9622e-03
8.0971e-03
8.8306e-03
9.3721e-03
9.5726e-03
9.3444e-03
8.2827e-03
6.3601e-03
3.9542e-03
1.7813e-03
4.2532e-06
-1.5411e-03
-3.1020e-03
-4.5883e-03
-5.6092e-03
-5.4403e-03
-3.7787e-03
-1.0554e-03
2.1282e-03
5.2814e-03
8.0167e-03
9.9583e-03
1.0916e-02
1.1097e-02
1.0746e-02
9.8959e-03
8.6104e-03
7.1511e-03
5.6535e-03
4.2919e-03
3.1033e-03
2.1390e-03
1.1478e-03
-5.7645e-05
-1.2609e-03
-2.3156e-03
-3.1821e-03
-4.3761e-03
-6.5126e-03
-9.5892e-03
-1.3006e-02
-1.5988e-02
-1.8291e-02
-1.9537e-02
-1.9390e-02
-1.8355e-02
-1.7594e-02
-1.7906e-02
-1.9443e-02
-2.1420e-02
-2.2229e-02
-2.1098e-02
-1.8321e-02
-1.4392e-02
-9.7899e-03
-5.0930e-03
-8.3861e-04
2.2076e-03
3.4882e-03
3.1134e-03
2.0203e-03
1.1009e-03
7.9586e-04
8.0892e-04
1.1842e-03
2.3640e-03
4.0389e-03
5.6565e-03
7.0103e-03
7.9932e-03
8.8542e-03
9.8007e-03
1.0676e-02
1.1536e-02
1.2422e-02
1.3161e-02
1.3902e-02
1.4870e-02
1.5722e-02
1.5425e-02
1.3211e-02
9.1482e-03
3.7271e-03
-2.6135e-03
-9.0765e-03
-1.5061e-02
-2.0144e-02
-2.3893e-02
-2.5952e-02
-2.5887e-02
-2.3512e-02
-1.9056e-02
-1.3181e-02
-7.1150e-03
-1.5755e-03
3.1744e-03
6.7277e-03
9.2228e-03
1.0760e-02
1.1910e-02
1.3280e-02
1.4888e-02
1.6794e-02
1.9452e-02
2.2995e-02
2.6856e-02
2.9859e-02
3.1104e-02
3.0243e-02
2.7186e-02
2.2325e-02
1.6502e-02
1.0507e-02
4.9013e-03
8.0572e-05
-3.8066e-03
-6.9702e-03
-9.4834e-03
-1.1021e-02
-1.1199e-02
-1.0242e-02
-8.7890e-03
-7.1812e-03
-5.5390e-03
-3.7396e-03
-1.8213e-03
-1.2904e-04
7.1543e-04
7.7986e-04
2.7241e-04
-2.7114e-04
-6.0919e-04
-9.4332e-04
-1.5581e-03
-2.4651e-03
-3.2942e-03
-3.9336e-03
-4.4008e-03
-4.4285e-03
-3.6140e-03
-2.2924e-03
-8.4673e-04
9.7068e-04
3.3183e-03
5.3153e-03
5.7218e-03
4.3239e-03
1.4764e-03
-2.2069e-03
-6.3706e-03
-1.0193e-02
-1.2542e-02
-1.2603e-02
-1.0826e-02
-8.3468e-03
-6.4886e-03
-5.6431e-03
-5.5696e-03
-6.1312e-03
-7.4077e-03
-9.3348e-03
-1.1201e-02
-1.2125e-02
-1.1632e-02
-9.6324e-03
-6.4389e-03
-2.5025e-03
1.5237e-03
4.6486e-03
6.2714e-03
6.2079e-03
4.3945e-03
1.6306e-03
-1.0897e-03
-3.7797e-03
-6.7025e-03
-9.9391e-03
-1.3188e-02
-1.5980e-02
-1.8308e-02
-2.0318e-02
-2.2559e-02
-2.4805e-02
-2.6810e-02
-2.8731e-02
-3.0399e-02
-3.1252e-02
-3.0195e-02
-2.6628e-02
-2.1037e-02
-1.4159e-02
-6.5884e-03
1.0754e-03
8.6712e-03
1.6590e-02
2.4935e-02
3.3354e-02
4.1187e-02
4.7738e-02
5.2605e-02
5.5560e-02
5.6690e-02
5.6155e-02
5.3709e-02
4.8814e-02
4.1078e-02
3.1118e-02
2.0291e-02
9.6808e-03
-2.1696e-04
-8.9348e-03
-1.6260e-02
-2.2014e-02
-2.5655e-02
-2.7119e-02
-2.6715e-02
-2.4477e-02
-2.0529e-02
-1.5845e-02
-1.1582e-02
-8.4080e-03
-6.8118e-03
-7.1140e-03
-8.9100e-03
-1.1050e-02
-1.2423e-02
-1.2513e-02
-1.1101e-02
-8.2550e-03
-4.7645e-03
-1.7488e-03
5.1645e-04
2.5833e-03
4.8354e-03
7.4085e-03
1.0460e-02
1.4243e-02
1.8860e-02
2.3904e-02
2.8868e-02
3.3294e-02
3.6278e-02
3.6868e-02
3.4691e-02
3.0396e-02
2.4530e-02
1.7472e-02
9.4266e-03
2.2539e-04
-9.9573e-03
-2.0777e-02
-3.1328e-02
-4.0383e-02
-4.6931e-02
-5.0498e-02
-5.1362e-02
-4.9509e-02
-4.4753e-02
-3.6963e-02
-2.6717e-02
-1.5135e-02
-3.2355e-03
8.1611e-03
1.8219e-02
2.6209e-02
3.1697e-02
3.4175e-02
3.3671e-02
3.0253e-02
2.4048e-02
1.5707e-02
6.6132e-03
-1.6524e-03
-8.2024e-03
-1.2501e-02
-1.4632e-02
-1.4903e-02
-1.3756e-02
-1.1389e-02
-7.7260e-03
-3.6358e-03
2.6438e-04
4.0809e-03
8.4987e-03
1.3452e-02
1.8126e-02
2.1778e-02
2.4280e-02
2.6015e-02
2.7461e-02
2.8553e-02
2.8824e-02
2.7658e-02
2.5155e-02
2.1762e-02
1.7886e-02
1.3684e-02
8.8928e-03
3.8247e-03
-1.6027e-03
-8.1605e-03
-1.5901e-02
-2.3887e-02
-3.1349e-02
-3.7597e-02
-4.2190e-02
-4.5114e-02
-4.6629e-02
-4.6682e-02
-4.5657e-02
-4.3737e-02
-4.0678e-02
-3.5667e-02
-2.7813e-02
-1.6940e-02
-3.0136e-03
1.3212e-02
3.0083e-02
4.5683e-02
5.8158e-02
6.5776e-02
6.7856e-02
6.5127e-02
5.8729e-02
4.9669e-02
3.8964e-02
2.7736e-02
1.6953e-02
7.1950e-03
-1.3821e-03
-8.5782e-03
-1.4139e-02
-1.8395e-02
-2.2237e-02
-2.6585e-02
-3.2422e-02
-4.0067e-02
-4.8838e-02
-5.7487e-02
-6.4462e-02
-6.8378e-02
-6.8671e-02
-6.5363e-02
-5.8394e-02
-4.7254e-02
-3.2489e-02
-1.5940e-02
5.3994e-04
1.5537e-02
2.7710e-02
3.6317e-02
4.1121e-02
4.2205e-02
4.0066e-02
3.5073e-02
2.7400e-02
1.7789e-02
7.6656e-03
-1.2510e-03
-8.3017e-03
-1.3067e-02
-1.4970e-02
-1.4454e-02
-1.2672e-02
-1.0984e-02
-1.0460e-02
-1.1771e-02
-1.4551e-02
-1.7831e-02
-2.0590e-02
-2.1916e-02
-2.1490e-02
-1.9889e-02
-1.7807e-02
-1.5965e-02
-1.4684e-02
-1.3477e-02
-1.1777e-02
-9.5660e-03
-6.9480e-03
-3.5764e-03
1.4045e-03
9.0173e-03
1.9963e-02
3.3680e-02
4.8309e-02
6.1675e-02
7.2460e-02
7.9996e-02
8.3910e-02
8.3596e-02
7.8709e-02
6.9507e-02
5.6688e-02
4.1351e-02
2.4577e-02
7.5503e-03
-8.5147e-03
-2.2660e-02
-3.4546e-02
-4.4349e-02
-5.2086e-02
-5.7037e-02
-5.8155e-02
-5.5089e-02
-4.8839e-02
-4.0918e-02
-3.2770e-02
-2.5590e-02
-2.0387e-02
-1.6856e-02
-1.4068e-02
-1.1384e-02
-8.6646e-03
-5.8258e-03
-1.9478e-03
3.6785e-03
1.0934e-02
1.9626e-02
2.9099e-02
3.8270e-02
4.6048e-02
5.0920e-02
5.2030e-02
4.9334e-02
4.4016e-02
3.7964e-02
3.2387e-02
2.8303e-02
2.6455e-02
2.6404e-02
2.6499e-02
2.5328e-02
2.2181e-02
1.6528e-02
7.9786e-03
-3.6355e-03
-1.8116e-02
-3.4668e-02
-5.1859e-02
-6.7980e-02
-8.1437e-02
-9.1367e-02
-9.7779e-02
-1.0070e-01
-9.9475e-02
-9.3022e-02
-8.0792e-02
-6.3705e-02
-4.4138e-02
-2.4383e-02
-5.7068e-03
1.1608e-02
2.7279e-02
4.0589e-02
5.0536e-02
5.5952e-02
5.6860e-02
5.3996e-02
4.7991e-02
3.9640e-02
3.0633e-02
2.2567e-02
1.6435e-02
1.2507e-02
1.0687e-02
1.1051e-02
1.3597e-02
1.7955e-02
2.3584e-02
2.9897e-02
3.5572e-02
3.9175e-02
3.9571e-02
3.5762e-02
2.7025e-02
1.3497e-02
-3.6174e-03
-2.2438e-02
-4.0895e-02
-5.7284e-02
-7.0094e-02
-7.8361e-02
-8.1906e-02
-8.0596e-02
-7.4565e-02
-6.3904e-02
-4.8918e-02
-3.0833e-02
-1.0904e-02
1.0239e-02
3.1764e-02
5.2587e-02
7.1142e-02
8.6226e-02
9.7384e-02
1.0396e-01
1.0570e-01
1.0287e-01
9.6121e-02
8.5588e-02
7.1317e-02
5.4376e-02
3.6622e-02
1.9285e-02
2.7474e-03
-1.3209e-02
-2.8960e-02
-4.4214e-02
-5.8017e-02
-6.9117e-02
-7.7062e-02
-8.1809e-02
-8.3671e-02
-8.3403e-02
-8.1395e-02
-7.7807e-02
-7.3204e-02
-6.8226e-02
-6.3808e-02
-6.0753e-02
-5.8901e-02
-5.7316e-02
-5.5112e-02
-5.1417e-02
-4.5379e-02
-3.6758e-02
-2.6260e-02
-1.5287e-02
-5.1752e-03
3.5614e-03
1.1393e-02
1.8539e-02
2.4775e-02
2.9924e-02
3.3855e-02
3.6535e-02
3.7718e-02
3.7209e-02
3.5338e-02
3.2459e-02
2.9305e-02
2.6711e-02
2.4699e-02
2.3076e-02
2.1406e-02
1.8914e-02
1.5301e-02
1.1114e-02
7.6620e-03
6.2195e-03
7.4477e-03
1.0949e-02
1.5783e-02
2.0890e-02
2.5728e-02
3.0488e-02
3.5276e-02
4.0125e-02
4.5014e-02
4.9243e-02
5.1832e-02
5.2552e-02
5.1853e-02
4.9912e-02
4.7380e-02
4.5272e-02
4.4310e-02
4.4512e-02
4.5393e-02
4.6009e-02
4.5112e-02
4.1969e-02
3.6103e-02
2.7296e-02
1.5805e-02
2.4467e-03
-1.1582e-02
-2.5253e-02
-3.8025e-02
-4.9772e-02
-6.0014e-02
-6.7642e-02
-7.1603e-02
-7.1535e-02
-6.7610e-02
-6.0590e-02
-5.1922e-02
-4.3008e-02
-3.4857e-02
-2.8081e-02
-2.2869e-02
-1.9347e-02
-1.7238e-02
-1.5383e-02
-1.2503e-02
-7.8941e-03
-2.1181e-03
3.9473e-03
9.0921e-03
1.2773e-02
1.5286e-02
1.6590e-02
1.6790e-02
1.5892e-02
1.3663e-02
1.0023e-02
5.1166e-03
-5.0705e-04
-6.1965e-03
-1.1417e-02
-1.5880e-02
-1.9444e-02
-2.1729e-02
-2.2426e-02
-2.1013e-02
-1.7276e-02
-1.1288e-02
-3.6298e-03
4.5971e-03
1.2384e-02
1.9298e-02
2.5569e-02
3.1334e-02
3.5980e-02
3.8256e-02
3.7054e-02
3.2274e-02
2.4949e-02
1.5899e-02
5.7725e-03
-4.7486e-03
-1.5159e-02
-2.4572e-02
-3.2174e-02
-3.7951e-02
-4.2050e-02
-4.4561e-02
-4.5717e-02
-4.5283e-02
-4.3105e-02
-3.9568e-02
-3.5444e-02
-3.1715e-02
-2.8863e-02
-2.6888e-02
-2.5342e-02
-2.3394e-02
-2.0545e-02
-1.6679e-02
-1.2109e-02
-7.7048e-03
-4.1487e-03
-1.2146e-03
1.6239e-03
4.0954e-03
5.9239e-03
7.1631e-03
7.7554e-03
7.9107e-03
8.0267e-03
8.4708e-03
9.4342e-03
1.1000e-02
1.3686e-02
1.7949e-02
2.4089e-02
3.2210e-02
4.1389e-02
5.0537e-02
5.8640e-02
6.4585e-02
6.7419e-02
6.6441e-02
6.1468e-02
5.3164e-02
4.2765e-02
3.1509e-02
2.0377e-02
1.0500e-02
2.3773e-03
-4.0140e-03
-8.8941e-03
-1.2390e-02
-1.4526e-02
-1.5163e-02
-1.4180e-02
-1.1534e-02
-7.6006e-03
-2.9451e-03
2.2380e-03
7.6774e-03
1.2937e-02
1.7614e-02
2.1258e-02
2.3082e-02
2.2506e-02
1.9363e-02
1.4726e-02
9.9285e-03
5.6539e-03
2.2108e-03
-7.1675e-04
-3.7453e-03
-7.3166e-03
-1.1279e-02
-1.4806e-02
-1.7142e-02
-1.7887e-02
-1.7140e-02
-1.5302e-02
-1.2995e-02
-1.0482e-02
-7.6396e-03
-4.6080e-03
-1.4809e-03
1.1466e-03
2.8348e-03
3.5889e-03
3.0230e-03
4.1445e-04
-4.3043e-03
-1.0962e-02
-1.9062e-02
-2.7984e-02
-3.6705e-02
-4.4540e-02
-5.1192e-02
-5.6020e-02
-5.8680e-02
-5.9299e-02
-5.7760e-02
-5.4067e-02
-4.8278e-02
-4.0706e-02
-3.1970e-02
-2.2561e-02
-1.2896e-02
-3.4748e-03
5.5264e-03
1.3965e-02
2.1362e-02
2.7078e-02
3.0907e-02
3.3124e-02
3.4133e-02
3.4348e-02
3.4121e-02
3.4211e-02
3.4930e-02
3.5960e-02
3.7161e-02
3.8313e-02
3.8824e-02
3.8291e-02
3.6637e-02
3.4036e-02
3.0426e-02
2.5315e-02
1.8519e-02
1.0648e-02
1.8716e-03
-7.7287e-03
-1.7559e-02
-2.6349e-02
-3.3169e-02
-3.8292e-02
-4.1847e-02
-4.3655e-02
-4.3872e-02
-4.2493e-02
-3.9311e-02
-3.4621e-02
-2.9358e-02
-2.4469e-02
-2.0284e-02
-1.6296e-02
-1.1949e-02
-7.3575e-03
-2.8432e-03
1.4672e-03
5.2920e-03
8.4199e-03
1.0468e-02
1.0862e-02
9.2461e-03
5.8296e-03
1.6470e-03
-2.1721e-03
-4.7392e-03
-5.8425e-03
-5.4383e-03
-3.9275e-03
-2.1684e-03
-5.7458e-04
1.3519e-03
4.0974e-03
7.3332e-03
1.0779e-02
1.4388e-02
1.7989e-02
2.1170e-02
2.3996e-02
2.6640e-02
2.8537e-02
2.9070e-02
2.7712e-02
2.4622e-02
2.0401e-02
1.5615e-02
1.0417e-02
5.0411e-03
-7.6619e-05
-4.5742e-03
-8.1256e-03
-1.0191e-02
-1.0395e-02
-8.4637e-03
-4.5488e-03
1.3283e-03
8.5604e-03
1.6338e-02
2.3691e-02
2.9839e-02
3.4813e-02
3.8934e-02
4.1953e-02
4.3321e-02
4.2697e-02
4.0333e-02
3.6670e-02
3.2608e-02
2.8592e-02
2.4164e-02
1.9339e-02
1.4588e-02
1.0107e-02
5.5611e-03
5.2895e-04
-5.2701e-03
-1.1504e-02
-1.7918e-02
-2.4421e-02
-3.0558e-02
-3.5529e-02
-3.8905e-02
-4.0514e-02
-4.0861e-02
-4.0600e-02
-4.0031e-02
-3.9182e-02
-3.8204e-02
-3.7549e-02
-3.7344e-02
-3.7395e-02
-3.7385e-02
-3.6942e-02
-3.5810e-02
-3.3888e-02
-3.0920e-02
-2.7120e-02
-2.3195e-02
-1.9541e-02
-1.6424e-02
-1.4021e-02
-1.1816e-02
-9.3249e-03
-6.3158e-03
-2.7085e-03
1.2476e-03
4.9508e-03
8.0598e-03
1.0393e-02
1.1782e-02
1.2051e-02
1.0874e-02
8.4602e-03
5.1664e-03
1.1116e-03
-3.5164e-03
-8.0838e-03
-1.2009e-02
-1.5289e-02
-1.8083e-02
-2.0339e-02
-2.1779e-02
-2.2383e-02
-2.2578e-02
-2.2297e-02
-2.1596e-02
-2.0798e-02
-1.9689e-02
-1.7796e-02
-1.4983e-02
-1.1300e-02
-7.0083e-03
-2.6501e-03
1.3510e-03
4.6289e-03
7.3046e-03
9.9523e-03
1.3002e-02
1.5936e-02
1.8110e-02
1.9374e-02
2.0239e-02
2.1226e-02
2.2433e-02
2.3903e-02
2.5531e-02
2.7215e-02
2.8598e-02
2.9186e-02
2.8430e-02
2.6294e-02
2.3055e-02
1.9464e-02
1.6016e-02
1.2889e-02
1.0341e-02
8.8040e-03
8.5905e-03
9.3083e-03
1.0182e-02
1.0999e-02
1.1987e-02
1.3206e-02
1.4213e-02
1.4911e-02
1.5983e-02
1.7785e-02
2.0204e-02
2.2636e-02
2.4878e-02
2.6784e-02
2.8334e-02
2.9847e-02
3.1498e-02
3.3352e-02
3.4993e-02
3.5972e-02
3.6393e-02
3.6537e-02
3.6417e-02
3.5592e-02
3.3422e-02
2.9495e-02
2.3817e-02
1.6801e-02
8.7472e-03
5.6864e-04
-7.2155e-03
-1.4864e-02
-2.2516e-02
-3.0183e-02
-3.7791e-02
-4.4560e-02
-4.9545e-02
-5.2393e-02
-5.3159e-02
-5.2587e-02
-5.0911e-02
-4.7762e-02
-4.3123e-02
-3.7612e-02
-3.2009e-02
-2.6880e-02
-2.2331e-02
-1.8047e-02
-1.3889e-02
-9.8628e-03
-6.2944e-03
-3.3714e-03
-1.1805e-03
2.7299e-04
1.0790e-03
1.1776e-03
6.0343e-04
-9.1744e-04
-3.1073e-03
-5.3291e-03
-7.2860e-03
-9.1565e-03
-1.0980e-02
-1.2835e-02
-1.5034e-02
-1.7475e-02
-1.9722e-02
-2.1452e-02
-2.2628e-02
-2.3158e-02
-2.3255e-02
-2.3327e-02
-2.3660e-02
-2.4218e-02
-2.4423e-02
-2.3407e-02
-2.1009e-02
-1.7407e-02
-1.2786e-02
-7.3812e-03
-1.4127e-03
4.4565e-03
9.8974e-03
1.5261e-02
2.1133e-02
2.7481e-02
3.4192e-02
4.1004e-02
4.7293e-02
5.2668e-02
5.7056e-02
6.0456e-02
6.2612e-02
6.3404e-02
6.2603e-02
6.0199e-02
5.6241e-02
5.1307e-02
4.5947e-02
4.0394e-02
3.5087e-02
3.0094e-02
2.5648e-02
2.2019e-02
1.8996e-02
1.6184e-02
1.3321e-02
1.0417e-02
7.7666e-03
5.8411e-03
4.9239e-03
4.7523e-03
4.8650e-03
4.9481e-03
4.9191e-03
4.9103e-03
5.1654e-03
5.8873e-03
6.9331e-03
7.7622e-03
8.0919e-03
7.8777e-03
7.1197e-03
6.0026e-03
4.9250e-03
3.9394e-03
3.0477e-03
2.4675e-03
2.0200e-03
1.2251e-03
-2.1798e-04
-2.1480e-03
-4.5008e-03
-7.5365e-03
-1.0938e-02
-1.3810e-02
-1.5773e-02
-1.7077e-02
-1.7909e-02
-1.8543e-02
-1.9006e-02
-1.9051e-02
-1.8755e-02
-1.8137e-02
-1.7730e-02
-1.7999e-02
-1.9054e-02
-2.0465e-02
-2.1548e-02
-2.2601e-02
-2.4064e-02
-2.6293e-02
-2.9119e-02
-3.1856e-02
-3.3627e-02
-3.3787e-02
-3.2501e-02
-3.0515e-02
-2.8174e-02
-2.5082e-02
-2.1126e-02
-1.6769e-02
-1.2573e-02
-9.2357e-03
-7.0836e-03
-5.9137e-03
-5.0744e-03
-4.1858e-03
-3.5356e-03
-3.4138e-03
-4.0125e-03
-5.3423e-03
-7.1455e-03
-9.2244e-03
-1.1070e-02
-1.2173e-02
-1.2469e-02
-1.1987e-02
-1.0591e-02
-8.3335e-03
-5.6185e-03
-2.3376e-03
1.3609e-03
4.7821e-03
7.4506e-03
9.2306e-03
1.0105e-02
9.7572e-03
8.2190e-03
6.1105e-03
3.9432e-03
1.8467e-03
2.1822e-04
-5.1663e-04
-4.1449e-04
1.5567e-04
9.6923e-04
2.3803e-03
4.2226e-03
6.0004e-03
7.3420e-03
7.7281e-03
6.9854e-03
5.4595e-03
3.9895e-03
3.0632e-03
2.4507e-03
2.2611e-03
2.5511e-03
3.0792e-03
3.2492e-03
2.3719e-03
6.1909e-04
-1.5639e-03
-3.9753e-03
-6.1030e-03
-7.2852e-03
-7.4250e-03
-7.3362e-03
-7.5043e-03
-7.8862e-03
-8.5158e-03
-8.8894e-03
-8.5367e-03
-7.3718e-03
-5.5588e-03
-3.0429e-03
3.4137e-05
3.5877e-03
8.1320e-03
1.3606e-02
1.9289e-02
2.4163e-02
2.7271e-02
2.8272e-02
2.7376e-02
2.4934e-02
2.1453e-02
1.7462e-02
1.3369e-02
8.9809e-03
4.1006e-03
-1.0360e-03
-6.6517e-03
-1.2878e-02
-1.9330e-02
-2.5231e-02
-3.0259e-02
-3.4466e-02
-3.7519e-02
-3.8986e-02
-3.8701e-02
-3.6978e-02
-3.3953e-02
-2.9923e-02
-2.5387e-02
-2.0538e-02
-1.5642e-02
-1.0843e-02
-6.0408e-03
-1.5377e-03
2.2519e-03
5.3400e-03
7.8972e-03
1.0003e-02
1.1767e-02
1.3385e-02
1.4632e-02
1.5384e-02
1.5961e-02
1.6149e-02
1.5649e-02
1.4465e-02
1.2849e-02
1.0887e-02
8.7993e-03
6.6977e-03
4.4664e-03
2.4519e-03
1.3082e-03
1.1957e-03
1.3946e-03
1.3934e-03
1.3582e-03
1.6668e-03
2.0210e-03
2.0455e-03
1.5599e-03
6.2210e-04
-4.9363e-04
-1.8957e-03
-3.6567e-03
-5.2575e-03
-6.1421e-03
-6.4017e-03
-6.5171e-03
-7.0047e-03
-8.0721e-03
-9.5764e-03
-1.1442e-02
-1.3491e-02
-1.5355e-02
-1.6420e-02
-1.6631e-02
-1.5831e-02
-1.4015e-02
-1.1133e-02
-7.4889e-03
-3.6965e-03
1.7916e-04
4.2968e-03
8.6182e-03
1.3063e-02
1.7262e-02
2.0701e-02
2.2815e-02
2.3531e-02
2.3028e-02
2.1849e-02
2.0269e-02
1.8202e-02
1.5238e-02
1.1468e-02
7.5832e-03
4.1195e-03
1.2306e-03
-1.6234e-03
-4.6278e-03
-7.1068e-03
-8.0757e-03
-7.6191e-03
-6.6474e-03
-5.6814e-03
-4.9193e-03
-4.4055e-03
-3.8398e-03
-3.4598e-03
-3.5897e-03
-4.3445e-03
-5.4754e-03
-6.3048e-03
-6.4161e-03
-5.6742e-03
-4.2478e-03
-2.6437e-03
-1.2848e-03
-6.1204e-04
-6.6437e-04
-1.1609e-03
-1.6139e-03
-1.5800e-03
-1.2737e-03
-7.4102e-04
3.5795e-04
2.2784e-03
4.7650e-03
7.3872e-03
9.9227e-03
1.2575e-02
1.5684e-02
1.8932e-02
2.1985e-02
2.4716e-02
2.7033e-02
2.8935e-02
3.0363e-02
3.0688e-02
2.9133e-02
2.5296e-02
1.9634e-02
1.2860e-02
5.6569e-03
-1.2623e-03
-7.5104e-03
-1.3006e-02
-1.8211e-02
-2.3201e-02
-2.7424e-02
-3.0317e-02
-3.1708e-02
-3.1161e-02
-2.8375e-02
-2.3702e-02
-1.7968e-02
-1.1916e-02
-5.9814e-03
-4.5075e-04
4.3745e-03
8.2514e-03
1.1165e-02
1.2949e-02
1.3254e-02
1.2011e-02
9.2917e-03
5.0212e-03
-2.8154e-04
-5.8640e-03
-1.1212e-02
-1.6217e-02
-2.0967e-02
-2.4958e-02
-2.7424e-02
-2.8329e-02
-2.8193e-02
-2.6946e-02
-2.4420e-02
-2.0551e-02
-1.6001e-02
-1.1580e-02
-7.5843e-03
-4.3637e-03
-2.5676e-03
-2.0986e-03
-1.8979e-03
-1.4683e-03
-1.1880e-03
-1.3149e-03
-1.6206e-03
-1.6776e-03
-1.5449e-03
-9.5845e-04
4.8571e-04
2.4320e-03
4.8507e-03
7.8565e-03
1.1531e-02
1.5720e-02
1.9864e-02
2.3404e-02
2.5878e-02
2.7356e-02
2.7905e-02
2.7675e-02
2.6854e-02
2.5722e-02
2.4733e-02
2.3925e-02
2.3173e-02
2.2400e-02
2.1031e-02
1.8422e-02
1.4707e-02
1.0640e-02
6.7736e-03
3.6673e-03
1.9801e-03
1.6734e-03
2.4692e-03
4.1857e-03
6.6779e-03
9.8729e-03
1.3238e-02
1.6430e-02
1.9401e-02
2.2104e-02
2.4371e-02
2.6007e-02
2.6871e-02
2.6600e-02
2.5273e-02
2.3512e-02
2.1588e-02
1.8997e-02
1.5245e-02
1.0300e-02
4.9184e-03
-1.2341e-04
-4.9001e-03
-9.2074e-03
-1.3174e-02
-1.6924e-02
-2.0104e-02
-2.2520e-02
-2.4334e-02
-2.5851e-02
-2.6952e-02
-2.7228e-02
-2.6169e-02
-2.3916e-02
-2.0813e-02
-1.6874e-02
-1.1996e-02
-6.3952e-03
-4.7717e-04
5.2772e-03
1.0264e-02
1.3894e-02
1.5868e-02
1.6075e-02
1.4794e-02
1.2387e-02
8.8848e-03
4.4587e-03
-8.5645e-04
-6.8306e-03
-1.2889e-02
-1.8474e-02
-2.3652e-02
-2.8340e-02
-3.2169e-02
-3.4874e-02
-3.6055e-02
-3.5460e-02
-3.3394e-02
-3.0236e-02
-2.6520e-02
-2.2259e-02
-1.7213e-02
-1.1690e-02
-6.4243e-03
-2.2581e-03
4.6209e-04
2.2114e-03
3.3955e-03
4.1067e-03
4.0532e-03
3.3344e-03
2.5153e-03
1.7943e-03
1.1096e-03
5.8072e-04
5.3782e-04
6.2548e-04
3.7535e-05
-1.4297e-03
-3.6063e-03
-5.8411e-03
-7.3538e-03
-8.0208e-03
-8.5130e-03
-9.1534e-03
-1.0099e-02
-1.1182e-02
-1.1737e-02
-1.1345e-02
-1.0059e-02
-8.2858e-03
-6.2953e-03
-4.4713e-03
-2.9262e-03
-1.2170e-03
1.1290e-03
4.3214e-03
7.7539e-03
1.0745e-02
1.2851e-02
1.3950e-02
1.4425e-02
1.4588e-02
1.4534e-02
1.4680e-02
1.4871e-02
1.4390e-02
1.2951e-02
1.0429e-02
7.1400e-03
3.7952e-03
1.1180e-03
-1.2517e-03
-4.2436e-03
-7.7108e-03
-1.1370e-02
-1.4494e-02
-1.6369e-02
-1.6856e-02
-1.6286e-02
-1.4640e-02
-1.2214e-02
-9.4546e-03
-6.5011e-03
-3.1976e-03
6.8736e-04
4.9852e-03
8.8346e-03
1.1553e-02
1.3336e-02
1.4496e-02
1.5197e-02
1.5336e-02
1.4846e-02
1.3328e-02
1.0948e-02
8.2981e-03
5.8722e-03
3.7935e-03
1.8721e-03
3.2985e-04
-4.9115e-04
-7.4203e-04
-8.2908e-04
-1.1345e-03
-1.7813e-03
-2.7853e-03
-4.3666e-03
-6.2098e-03
-8.3811e-03
-1.0862e-02
-1.2815e-02
-1.3905e-02
-1.4559e-02
-1.4713e-02
-1.4103e-02
-1.2662e-02
-1.0551e-02
-7.9958e-03
-5.4693e-03
-2.9922e-03
-6.5980e-04
1.2093e-03
2.4952e-03
3.5193e-03
4.4235e-03
4.8080e-03
4.4018e-03
3.3067e-03
1.8439e-03
6.6476e-05
-2.0686e-03
-4.5753e-03
-7.1090e-03
-9.6064e-03
-1.1770e-02
-1.2999e-02
-1.3065e-02
-1.2465e-02
-1.1409e-02
-9.7524e-03
-7.3870e-03
-4.2771e-03
-9.5640e-04
2.2139e-03
5.2225e-03
8.1424e-03
1.0959e-02
1.3478e-02
1.5403e-02
1.6644e-02
1.7577e-02
1.8445e-02
1.9023e-02
1.9251e-02
1.9273e-02
1.9239e-02
1.9242e-02
1.9284e-02
1.9271e-02
1.9042e-02
1.8442e-02
1.7529e-02
1.6583e-02
1.5465e-02
1.3962e-02
1.2202e-02
1.0482e-02
9.1645e-03
7.7995e-03
6.1724e-03
4.2532e-03
1.8529e-03
-7.1697e-04
-2.7051e-03
-3.4275e-03
-2.7507e-03
-1.0251e-03
1.0326e-03
3.0374e-03
5.2445e-03
7.8194e-03
1.0714e-02
1.3744e-02
1.6553e-02
1.8609e-02
1.9443e-02
1.8962e-02
1.7329e-02
1.4814e-02
1.1620e-02
8.3137e-03
5.1307e-03
1.8817e-03
-1.6388e-03
-5.2415e-03
-8.2509e-03
-1.0364e-02
-1.1649e-02
-1.1905e-02
-1.1032e-02
-9.2554e-03
-7.2376e-03
-5.4836e-03
-3.9864e-03
-2.6549e-03
-1.2872e-03
1.5949e-04
1.6980e-03
3.1059e-03
4.1320e-03
4.4320e-03
4.1525e-03
3.6649e-03
2.8340e-03
1.7473e-03
4.8635e-04
-8.8016e-04
-2.5631e-03
-4.4447e-03
-5.7600e-03
-6.4005e-03
-6.8054e-03
-7.3426e-03
-7.8981e-03
-7.9069e-03
-7.3417e-03
-6.7171e-03
-6.1586e-03
-5.3794e-03
-4.1848e-03
-2.7127e-03
-1.1102e-03
3.0625e-04
1.2653e-03
1.4753e-03
1.2181e-03
1.0623e-03
1.0406e-03
1.1321e-03
9.3931e-04
5.4188e-04
6.1472e-04
1.2724e-03
1.9676e-03
2.3778e-03
2.4566e-03
2.2257e-03
1.6976e-03
1.0368e-03
4.5863e-04
-1.3067e-04
-3.6199e-04
1.2519e-04
1.2860e-03
2.7779e-03
4.3961e-03
5.9403e-03
7.2872e-03
8.1549e-03
8.3804e-03
7.8312e-03
6.2895e-03
3.9473e-03
1.5584e-03
-5.6463e-04
-2.2666e-03
-3.6372e-03
-5.3062e-03
-7.5266e-03
-9.6926e-03
-1.1317e-02
-1.1969e-02
-1.1513e-02
-1.0159e-02
-8.2826e-03
-6.0738e-03
-3.9447e-03
-2.3483e-03
-1.4920e-03
-1.5951e-03
-2.2813e-03
-2.7356e-03
-2.7197e-03
-2.7189e-03
-3.3544e-03
-4.3085e-03
-5.0984e-03
-5.7490e-03
-5.9416e-03
-5.4742e-03
-4.5856e-03
-3.7538e-03
-3.0215e-03
-2.1488e-03
-1.2361e-03
-8.6082e-04
-1.3573e-03
-2.5147e-03
-3.7465e-03
-4.6605e-03
-5.1952e-03
-5.7548e-03
-6.3158e-03
-6.7815e-03
-7.0465e-03
-7.0652e-03
-7.4564e-03
-8.4400e-03
-9.5152e-03
-1.0128e-02
-9.9706e-03
-9.4511e-03
-8.9096e-03
-8.3644e-03
-7.8680e-03
-7.4344e-03
-6.6867e-03
-5.6514e-03
-4.5184e-03
-3.4694e-03
-2.2672e-03
-6.2500e-04
1.2060e-03
2.9491e-03
4.6253e-03
6.1474e-03
7.3398e-03
7.7798e-03
7.2716e-03
6.0418e-03
4.5613e-03
3.0596e-03
1.6240e-03
9.7076e-05
-1.6132e-03
-3.5320e-03
-5.2259e-03
-6.1963e-03
-6.4908e-03
-6.4197e-03
-6.2433e-03
-6.0978e-03
-6.0405e-03
-6.1327e-03
-6.4429e-03
-6.9909e-03
-7.5236e-03
-7.6723e-03
-7.4888e-03
-6.9677e-03
-6.4960e-03
-6.2864e-03
-6.1877e-03
-5.9378e-03
-5.3226e-03
-4.4608e-03
-3.7580e-03
-3.2027e-03
-2.4342e-03
-1.2830e-03
3.2309e-05
1.3207e-03
2.3783e-03
3.3351e-03
4.2854e-03
4.9562e-03
5.2901e-03
5.3634e-03
5.1407e-03
4.4400e-03
3.1681e-03
1.4745e-03
-5.6687e-04
-2.5980e-03
-4.2660e-03
-5.5127e-03
-6.2162e-03
-6.4940e-03
-6.5188e-03
-6.2311e-03
-5.3603e-03
-3.7187e-03
-1.5407e-03
1.0014e-03
3.8714e-03
6.6493e-03
9.0476e-03
1.0686e-02
1.1862e-02
1.3070e-02
1.4340e-02
1.5545e-02
1.6342e-02
1.6669e-02
1.6644e-02
1.6310e-02
1.5621e-02
1.4659e-02
1.3699e-02
1.2632e-02
1.1313e-02
9.9570e-03
8.8000e-03
8.1428e-03
7.8721e-03
7.5845e-03
6.9607e-03
6.0834e-03
5.4317e-03
5.1091e-03
4.8376e-03
4.2735e-03
3.3445e-03
2.3288e-03
1.2541e-03
1.7533e-04
-5.3063e-04
-7.4793e-04
-5.8352e-04
-1.9509e-04
1.9845e-04
1.9932e-04
-4.9126e-04
-1.2225e-03
-1.3396e-03
-1.1046e-03
-7.7661e-04
-3.0962e-04
4.4348e-04
1.3842e-03
2.0750e-03
2.3923e-03
2.4815e-03
2.4703e-03
2.3592e-03
2.0274e-03
1.3744e-03
5.6948e-04
6.3213e-05
-2.3822e-04
-6.2706e-04
-9.1758e-04
-1.7044e-03
-3.5160e-03
-6.0546e-03
-8.6615e-03
-1.0783e-02
-1.2355e-02
-1.3916e-02
-1.5676e-02
-1.7087e-02
-1.8076e-02
-1.8889e-02
-1.9386e-02
-1.8988e-02
-1.7669e-02
-1.6195e-02
-1.5159e-02
-1.4232e-02
-1.2634e-02
-1.0088e-02
-7.3212e-03
-4.8237e-03
-2.6304e-03
-7.8309e-04
1.0790e-03
2.7338e-03
4.0609e-03
5.1327e-03
6.3634e-03
8.0362e-03
9.7008e-03
1.0771e-02
1.1135e-02
1.0914e-02
1.0141e-02
8.8959e-03
7.3669e-03
5.5350e-03
3.4416e-03
1.2935e-03
-3.6055e-04
-1.6338e-03
-2.9025e-03
-4.1537e-03
-5.2787e-03
-6.0054e-03
-6.3973e-03
-6.7065e-03
-7.0416e-03
-7.1279e-03
-6.6018e-03
-5.8174e-03
-5.3040e-03
-5.2840e-03
-5.1736e-03
-4.5632e-03
-3.5559e-03
-2.0734e-03
-2.2804e-04
1.1945e-03
1.3737e-03
3.9773e-04
-9.2454e-04
-1.8830e-03
-2.1262e-03
-1.9312e-03
-1.5287e-03
-1.4255e-03
-1.6658e-03
-1.8527e-03
-1.9282e-03
-1.7053e-03
-1.3319e-03
-6.3167e-04
6.0326e-04
1.7180e-03
2.5099e-03
3.3108e-03
4.2950e-03
5.2279e-03
5.9852e-03
6.3641e-03
6.0550e-03
5.3011e-03
4.2613e-03
3.0732e-03
2.1122e-03
1.4740e-03
1.2036e-03
1.3501e-03
1.3860e-03
1.1170e-03
7.3555e-04
1.7098e-04
-2.9003e-04
-5.1250e-04
-6.5026e-04
-8.8148e-04
-1.2632e-03
-1.5248e-03
-1.3164e-03
-9.2494e-04
-5.7308e-04
-2.1671e-04
2.3026e-04
6.5825e-04
9.0364e-04
1.2953e-03
1.9708e-03
3.2553e-03
5.3911e-03
7.9226e-03
9.9721e-03
1.0827e-02
1.0386e-02
9.0335e-03
7.3544e-03
5.6588e-03
4.1753e-03
2.9981e-03
2.2931e-03
1.9564e-03
1.7205e-03
1.5277e-03
1.3547e-03
6.7842e-04
-4.8373e-04
-1.1558e-03
-5.8168e-04
7.9239e-04
2.1874e-03
3.4278e-03
4.4896e-03
5.1070e-03
5.2412e-03
5.0351e-03
4.5934e-03
4.0933e-03
3.6097e-03
2.7428e-03
1.4833e-03
9.0014e-05
-9.8786e-04
-1.4906e-03
-1.5122e-03
-1.8180e-03
-2.7328e-03
-3.7791e-03
-4.4016e-03
-4.2746e-03
-3.8008e-03
-3.2985e-03
-2.7507e-03
-2.1415e-03
-1.4452e-03
-3.2073e-04
9.3079e-04
1.8714e-03
2.7503e-03
4.1335e-03
6.0690e-03
7.8517e-03
9.2263e-03
1.0094e-02
1.0022e-02
9.0025e-03
7.4497e-03
5.6135e-03
3.7088e-03
1.9439e-03
5.7694e-04
-8.1806e-04
-2.2625e-03
-3.4835e-03
-4.5699e-03
-5.4828e-03
-5.8008e-03
-5.4069e-03
-4.6919e-03
-4.2850e-03
-4.1541e-03
-3.8717e-03
-3.6134e-03
-3.5353e-03
-3.5168e-03
-3.2852e-03
-2.5321e-03
-1.2377e-03
2.0854e-04
1.4472e-03
2.1338e-03
2.3845e-03
2.6278e-03
3.2133e-03
4.0943e-03
4.8157e-03
5.2579e-03
5.5867e-03
5.9296e-03
6.1029e-03
5.8231e-03
5.4316e-03
5.2006e-03
5.0907e-03
4.9360e-03
4.5556e-03
3.9772e-03
3.3157e-03
2.3494e-03
1.4014e-03
7.1690e-04
-1.2001e-04
-1.1803e-03
-2.3518e-03
-3.4017e-03
-4.3974e-03
-5.3787e-03
-6.0487e-03
-6.3560e-03
-6.4283e-03
-6.3184e-03
-5.9589e-03
-5.2523e-03
-4.3500e-03
-3.6827e-03
-3.2839e-03
-2.8746e-03
-2.2611e-03
-1.6705e-03
-1.6969e-03
-2.3245e-03
-2.9253e-03
-3.2258e-03
-3.3949e-03
-3.7452e-03
-4.4483e-03
-5.1964e-03
-5.2358e-03
-4.3362e-03
-2.8875e-03
-1.2323e-03
2.9065e-04
1.5504e-03
2.4127e-03
3.0546e-03
3.6291e-03
4.1092e-03
4.6383e-03
4.8212e-03
4.2966e-03
3.1883e-03
1.9914e-03
1.0161e-03
2.7570e-04
-6.2499e-04
-1.4702e-03
-2.0107e-03
-2.6185e-03
-3.3644e-03
-4.3308e-03
-5.4335e-03
-6.1944e-03
-6.3733e-03
-5.9837e-03
-5.1819e-03
-4.4282e-03
-4.4042e-03
-5.0968e-03
-5.8326e-03
-6.2474e-03
-6.3596e-03
-6.3113e-03
-6.2254e-03
-6.1474e-03
-6.0799e-03
-6.0348e-03
-6.0904e-03
-6.3618e-03
-6.9201e-03
-7.5396e-03
-7.8128e-03
-7.6458e-03
-6.7844e-03
-5.3869e-03
-3.7615e-03
-2.3864e-03
-1.3363e-03
-5.4069e-05
1.3117e-03
2.2200e-03
2.5444e-03
2.4184e-03
2.0185e-03
1.5390e-03
1.3347e-03
1.6908e-03
2.1177e-03
2.1088e-03
1.4845e-03
4.8656e-04
-2.8738e-04
-6.2831e-04
-6.8529e-04
-6.5934e-04
-6.5191e-04
-5.9629e-04
-3.1246e-04
3.6943e-04
1.3214e-03
2.1028e-03
2.6188e-03
3.0622e-03
3.4762e-03
3.8225e-03
4.4164e-03
5.1903e-03
6.0612e-03
6.8647e-03
7.1950e-03
7.1772e-03
7.1798e-03
6.9149e-03
6.2739e-03
5.5403e-03
4.6279e-03
3.2523e-03
1.6341e-03
5.7358e-04
-6.2520e-06
-7.1720e-04
-1.3038e-03
-1.3812e-03
-1.2621e-03
-1.0899e-03
-5.1275e-04
6.7309e-04
1.7238e-03
2.3131e-03
2.7165e-03
3.3003e-03
4.1140e-03
4.8220e-03
5.4063e-03
6.1050e-03
6.9460e-03
7.6582e-03
8.2896e-03
9.0884e-03
9.9680e-03
1.0427e-02
1.0259e-02
9.7453e-03
9.2519e-03
8.6850e-03
8.1799e-03
7.7081e-03
7.0390e-03
6.1672e-03
5.3492e-03
4.4568e-03
3.1967e-03
1.4822e-03
-7.8119e-04
-3.2462e-03
-5.2783e-03
-6.4781e-03
-7.0253e-03
-7.1829e-03
-7.1306e-03
-7.4655e-03
-8.2133e-03
-8.6418e-03
-8.2363e-03
-7.0549e-03
-5.6124e-03
-4.3172e-03
-3.4592e-03
-2.8552e-03
-2.1361e-03
-1.3474e-03
-1.0179e-03
-1.3585e-03
-2.0139e-03
-2.3491e-03
-2.3994e-03
-2.6545e-03
-3.0642e-03
-3.5892e-03
-4.2928e-03
-4.9911e-03
-5.2618e-03
-5.2730e-03
-5.5276e-03
-5.8882e-03
-6.1799e-03
-6.3687e-03
-6.3837e-03
-6.0589e-03
-5.1933e-03
-3.8315e-03
-2.4659e-03
-1.2779e-03
1.2971e-04
1.4263e-03
1.9076e-03
1.4287e-03
5.0041e-04
2.8443e-06
2.7947e-04
9.5380e-04
1.2839e-03
1.2037e-03
1.1495e-03
1.2110e-03
1.4767e-03
1.6010e-03
1.4816e-03
1.6095e-03
2.5378e-03
3.8550e-03
4.8284e-03
5.3451e-03
5.6656e-03
6.0073e-03
6.1991e-03
5.8789e-03
5.2430e-03
4.4319e-03
3.4933e-03
2.5421e-03
1.2297e-03
-7.8538e-04
-3.1767e-03
-5.2192e-03
-6.3749e-03
-6.6634e-03
-6.2947e-03
-5.3628e-03
-4.0320e-03
-2.6685e-03
-1.4581e-03
-5.1092e-04
4.5755e-04
1.7092e-03
3.0726e-03
4.3051e-03
5.0501e-03
5.3075e-03
5.3209e-03
5.2780e-03
5.2048e-03
4.9695e-03
4.3872e-03
3.4634e-03
2.4307e-03
1.1630e-03
-4.7146e-04
-2.1002e-03
-3.3848e-03
-4.5446e-03
-5.7645e-03
-6.7526e-03
-7.1743e-03
-6.8933e-03
-6.4883e-03
-6.4347e-03
-6.7810e-03
-7.1516e-03
-7.0556e-03
-6.6347e-03
-5.9936e-03
-5.0700e-03
-4.0807e-03
-3.5975e-03
-3.8525e-03
-4.5381e-03
-5.1531e-03
-5.5262e-03
-5.1789e-03
-4.0379e-03
-2.6744e-03
-1.6236e-03
-1.2985e-03
-1.3742e-03
-1.1610e-03
-6.5174e-04
5.3392e-05
7.8418e-04
1.3148e-03
1.7618e-03
1.8703e-03
1.5534e-03
1.2377e-03
1.4755e-03
2.1766e-03
3.1928e-03
4.3148e-03
5.0729e-03
5.3524e-03
5.2856e-03
5.0078e-03
4.5760e-03
4.1167e-03
3.6728e-03
2.8198e-03
1.5276e-03
5.0540e-05
-1.1192e-03
-1.5993e-03
-1.3034e-03
-8.6236e-04
-7.8172e-04
-1.1057e-03
-1.4513e-03
-1.3323e-03
-9.2547e-04
-3.7085e-04
4.0295e-04
1.3096e-03
2.0358e-03
2.6458e-03
3.4267e-03
4.3493e-03
4.9423e-03
5.0018e-03
4.6512e-03
4.2604e-03
4.1479e-03
3.9501e-03
3.5587e-03
3.3460e-03
3.1696e-03
2.6185e-03
1.9622e-03
1.6442e-03
1.7619e-03
1.5654e-03
4.2064e-04
-1.3788e-03
-2.7654e-03
-3.3755e-03
-3.5780e-03
-3.8590e-03
-4.4617e-03
-5.0431e-03
-4.8381e-03
-3.7218e-03
-2.4592e-03
-1.6165e-03
-1.0236e-03
-7.1082e-04
-5.6669e-04
-2.7249e-04
4.1257e-04
1.3714e-03
2.1022e-03
2.4369e-03
2.5112e-03
2.4829e-03
2.3934e-03
2.1420e-03
1.5657e-03
6.7125e-04
-3.3417e-04
-1.6211e-03
-3.3538e-03
-5.1298e-03
-6.4561e-03
-7.2731e-03
-7.4753e-03
-6.8199e-03
-5.5948e-03
-4.1824e-03
-2.9196e-03
-1.8278e-03
-6.9311e-04
7.9895e-04
2.1601e-03
3.1553e-03
3.7582e-03
3.9000e-03
3.8569e-03
3.6665e-03
3.4891e-03
3.2841e-03
3.3014e-03
3.4008e-03
3.0934e-03
2.4585e-03
1.5586e-03
4.6776e-04
-5.3749e-04
-1.5069e-03
-2.4833e-03
-3.1953e-03
-3.5965e-03
-3.7638e-03
-3.6071e-03
-2.8715e-03
-1.3548e-03
5.1553e-04
1.6571e-03
1.7808e-03
1.5178e-03
1.6612e-03
2.2131e-03
2.9740e-03
3.6361e-03
3.8394e-03
3.6800e-03
3.1631e-03
2.6527e-03
2.3037e-03
1.9654e-03
1.4879e-03
1.0295e-03
9.2492e-04
1.1115e-03
1.5707e-03
1.8707e-03
1.7605e-03
1.4858e-03
1.3672e-03
1.1129e-03
6.9521e-04
5.3962e-04
5.1468e-04
1.2779e-04
-5.0078e-04
-1.1906e-03
-1.7218e-03
-1.8870e-03
-1.9661e-03
-2.1232e-03
-2.6068e-03
-3.1637e-03
-3.5271e-03
-3.5826e-03
-3.1843e-03
-2.2245e-03
-8.6760e-04
2.7065e-04
1.0038e-03
1.9595e-03
3.4211e-03
5.2586e-03
6.7600e-03
7.1793e-03
6.5867e-03
5.5523e-03
4.1947e-03
2.3963e-03
3.9167e-04
-1.5978e-03
-3.5667e-03
-5.1646e-03
-6.0250e-03
-6.3461e-03
-6.5592e-03
-6.9333e-03
-7.2741e-03
-7.1241e-03
-6.4897e-03
-5.2512e-03
-3.2718e-03
-8.9970e-04
1.3834e-03
3.4221e-03
5.4323e-03
7.2673e-03
8.6336e-03
9.4299e-03
9.6395e-03
9.5224e-03
9.0114e-03
8.1784e-03
6.8798e-03
5.0009e-03
3.0606e-03
1.6861e-03
1.1616e-03
1.4284e-03
1.7719e-03
1.6824e-03
1.2964e-03
9.8605e-04
7.5638e-04
7.3031e-04
8.9660e-04
1.4608e-03
2.3064e-03
3.3607e-03
4.4715e-03
5.1211e-03
5.0778e-03
4.3989e-03
3.4266e-03
2.6676e-03
2.1107e-03
1.3514e-03
1.8961e-04
-1.1470e-03
-2.3971e-03
-3.2610e-03
-3.7915e-03
-4.2112e-03
-4.4274e-03
-4.1748e-03
-3.6962e-03
-3.1138e-03
-2.3187e-03
-1.4123e-03
-7.8482e-04
-4.6494e-04
-1.7623e-04
3.1071e-04
8.5751e-04
1.0502e-03
7.7431e-04
-2.2167e-04
-1.6174e-03
-3.1064e-03
-4.7288e-03
-5.8855e-03
-6.3697e-03
-6.4212e-03
-6.2600e-03
-5.9772e-03
-5.5404e-03
-5.0281e-03
-4.5229e-03
-3.7192e-03
-2.7346e-03
-1.8337e-03
-1.2332e-03
-5.1719e-04
7.9122e-04
2.1629e-03
3.2814e-03
4.0508e-03
4.2682e-03
4.3279e-03
4.8385e-03
5.5992e-03
6.0836e-03
5.9327e-03
5.5357e-03
5.2579e-03
5.1421e-03
5.0704e-03
4.8825e-03
4.5160e-03
4.1740e-03
4.1372e-03
4.1109e-03
4.1067e-03
4.4433e-03
4.8746e-03
5.1992e-03
5.4051e-03
5.4405e-03
5.1422e-03
4.2848e-03
2.9119e-03
1.4995e-03
5.2770e-04
4.3531e-04
9.7661e-04
1.3810e-03
1.4792e-03
1.5443e-03
1.3770e-03
1.0636e-03
9.8401e-04
1.0936e-03
1.3856e-03
1.4424e-03
1.1801e-03
8.5212e-04
3.5428e-04
-1.5324e-04
-7.1037e-04
-1.5554e-03
-2.6089e-03
-3.3272e-03
-3.3572e-03
-2.6109e-03
-1.3097e-03
8.5628e-07
9.4892e-04
1.3876e-03
1.5854e-03
1.4275e-03
1.0545e-03
8.6428e-04
8.4677e-04
1.0636e-03
1.2923e-03
1.3795e-03
8.5796e-04
-2.3031e-04
-1.0273e-03
-1.0594e-03
-1.0031e-03
-1.6364e-03
-3.1456e-03
-4.9674e-03
-6.5249e-03
-7.7648e-03
-8.9214e-03
-1.0322e-02
-1.1449e-02
-1.2034e-02
-1.2167e-02
-1.1883e-02
-1.1088e-02
-9.7934e-03
-8.2671e-03
-6.6874e-03
-5.3089e-03
-4.2676e-03
-3.6665e-03
-3.1585e-03
-2.1602e-03
-4.8740e-04
1.2762e-03
2.4096e-03
2.7291e-03
2.3483e-03
1.4322e-03
3.3926e-04
-3.5961e-04
-5.3887e-04
-4.8272e-04
-6.0072e-04
-1.2560e-03
-2.4843e-03
-3.9235e-03
-5.2941e-03
-6.3213e-03
-7.0784e-03
-7.6086e-03
-7.7566e-03
-7.5818e-03
-6.8712e-03
-5.7006e-03
-4.1761e-03
-2.4150e-03
-4.2395e-04
1.5068e-03
3.0788e-03
4.3333e-03
5.2929e-03
6.2254e-03
7.2295e-03
7.9472e-03
8.1764e-03
7.8985e-03
7.1228e-03
6.1472e-03
5.4013e-03
4.8832e-03
4.2482e-03
3.3346e-03
2.3223e-03
1.2074e-03
8.9978e-05
-5.2893e-04
-4.0302e-04
3.9258e-04
1.4063e-03
1.9133e-03
1.6778e-03
1.1223e-03
8.5705e-04
1.0061e-03
1.6118e-03
2.1713e-03
2.2138e-03
1.5796e-03
4.5394e-04
-6.2812e-04
-1.4354e-03
-1.7954e-03
-1.5214e-03
-9.5673e-04
-2.8563e-04
5.6295e-04
1.4301e-03
1.8411e-03
1.6808e-03
1.3371e-03
1.2553e-03
1.2333e-03
1.2569e-03
1.5519e-03
1.7788e-03
1.7655e-03
1.7338e-03
2.1880e-03
3.3370e-03
4.3399e-03
4.7064e-03
4.5457e-03
4.2483e-03
4.0679e-03
3.4529e-03
2.1057e-03
5.1135e-04
-7.9476e-04
-1.8315e-03
-2.6927e-03
-3.1987e-03
-3.4444e-03
-3.7350e-03
-4.2796e-03
-4.9316e-03
-5.2296e-03
-5.2303e-03
-5.2890e-03
-5.1852e-03
-4.8660e-03
-4.5048e-03
-3.9208e-03
-3.2584e-03
-2.5647e-03
-1.8584e-03
-1.1923e-03
-3.9949e-04
3.6315e-04
1.5002e-03
2.9640e-03
3.8385e-03
3.8705e-03
3.3230e-03
2.1693e-03
8.0083e-04
-4.4935e-04
-1.6117e-03
-2.2150e-03
-2.4170e-03
-2.8207e-03
-3.4182e-03
-3.9901e-03
-4.4719e-03
-5.2298e-03
-6.2676e-03
-7.3387e-03
-8.0306e-03
-8.1789e-03
-7.8332e-03
-7.0681e-03
-6.1361e-03
-5.4346e-03
-4.9432e-03
-4.3180e-03
-3.3661e-03
-2.1788e-03
-7.7078e-04
8.0805e-04
2.5352e-03
4.0510e-03
4.9353e-03
5.1661e-03
4.8454e-03
4.0042e-03
2.7801e-03
1.5703e-03
6.9165e-04
4.3844e-04
6.0140e-04
7.7521e-04
1.0396e-03
1.5009e-03
2.3645e-03
3.2549e-03
3.6725e-03
3.8410e-03
4.2609e-03
4.8017e-03
5.0611e-03
4.7905e-03
4.3979e-03
4.3288e-03
4.7663e-03
5.5539e-03
6.2132e-03
6.5002e-03
6.3449e-03
5.6597e-03
4.4503e-03
2.9278e-03
1.2915e-03
1.4839e-05
-4.8663e-04
-3.3724e-04
-7.2115e-05
-1.8433e-04
-5.0155e-04
-7.5625e-04
-8.1125e-04
-6.0503e-04
-1.6779e-04
2.6143e-04
3.7151e-04
1.9823e-04
-2.3679e-04
-5.7897e-04
-5.8999e-04
-3.1452e-04
-4.4614e-05
-1.0604e-04
-3.5575e-04
-7.2465e-04
-1.3523e-03
-2.2680e-03
-3.2511e-03
-4.0887e-03
-4.5385e-03
-4.6239e-03
-4.5471e-03
-4.4682e-03
-4.4386e-03
-4.3761e-03
-4.1195e-03
-3.5200e-03
-2.6602e-03
-1.8936e-03
-1.4686e-03
-1.3987e-03
-1.2434e-03
-8.2618e-04
-4.1679e-04
-1.5345e-04
-1.8401e-05
-5.4328e-07
-1.6846e-04
-6.5144e-04
-1.4530e-03
-2.3568e-03
-3.1675e-03
-3.6418e-03
-3.7172e-03
-3.4228e-03
-2.7625e-03
-1.8457e-03
-1.0018e-03
-3.2780e-04
4.6336e-04
1.2594e-03
1.7501e-03
1.9077e-03
1.8750e-03
1.7960e-03
1.7509e-03
1.7483e-03
1.7444e-03
1.6690e-03
1.4736e-03
1.1865e-03
1.0085e-03
1.1766e-03
1.5547e-03
1.9922e-03
2.3552e-03
2.4846e-03
2.5938e-03
3.0370e-03
3.6530e-03
4.1079e-03
4.3575e-03
4.5251e-03
4.6263e-03
4.5857e-03
4.4752e-03
4.2452e-03
3.9290e-03
3.3899e-03
2.3645e-03
9.0288e-04
-4.3789e-04
-1.1811e-03
-1.3429e-03
-1.4370e-03
-1.7592e-03
-2.1673e-03
-2.4285e-03
-2.3755e-03
-2.1422e-03
-1.7965e-03
-1.2783e-03
-6.1767e-04
-6.5813e-05
2.3889e-04
4.4376e-04
5.5285e-04
5.9566e-04
6.6716e-04
8.3625e-04
1.0534e-03
1.1982e-03
1.2722e-03
1.1378e-03
7.9003e-04
4.0951e-04
3.8619e-05
-3.4248e-04
-7.1324e-04
-1.1704e-03
-1.7615e-03
-2.2953e-03
-2.5640e-03
-2.5802e-03
-2.4801e-03
-2.4005e-03
-2.4170e-03
-2.5138e-03
-2.5406e-03
-2.3135e-03
-1.8711e-03
-1.3292e-03
-8.2953e-04
-4.4944e-04
-2.3194e-04
-8.8998e-05
1.1846e-04
4.1129e-04
6.5541e-04
7.4936e-04
6.1306e-04
2.5360e-04
-7.3891e-05
-2.5130e-04
-3.2647e-04
-3.7237e-04
-4.0064e-04
-3.9241e-04
-4.5019e-04
-5.7477e-04
-6.3551e-04
-5.8995e-04
-5.2359e-04
-5.3970e-04
-5.8607e-04
-6.0711e-04
-5.9792e-04
-5.7157e-04
-5.4438e-04
-5.2137e-04
-4.9392e-04
-4.4188e-04
-3.4843e-04
-2.1982e-04
-1.1598e-04
-1.1904e-04
-1.7075e-04
-1.0028e-04
1.5604e-04
4.9785e-04
7.7781e-04
9.2225e-04
9.7986e-04
1.0313e-03
1.0858e-03
1.0694e-03
9.4214e-04
7.3883e-04
5.5638e-04
4.3322e-04
3.0256e-04
1.3479e-04
-6.2586e-05
-2.3133e-04
-3.2320e-04
-3.6296e-04
-4.0130e-04
-4.5310e-04
-4.8638e-04
-4.8870e-04
-4.6363e-04
-4.0864e-04
-3.1353e-04
-1.8065e-04
-3.5874e-05
1.0165e-04
2.0115e-04
2.5851e-04
3.1218e-04
3.5664e-04
3.8065e-04
4.0422e-04
4.1876e-04
4.1179e-04
3.7444e-04
2.9691e-04
1.8557e-04
7.4972e-05
-6.4401e-07
-4.3670e-05
-8.9966e-05
-1.4129e-04
-1.7859e-04
-1.9073e-04
-1.7397e-04
-1.4162e-04
-1.0003e-04
-6.4458e-05
-3.9566e-05
-1.6697e-05
1.4807e-05
5.7737e-05
1.0478e-04
1.5223e-04
1.9546e-04
2.3196e-04
2.5289e-04
2.5570e-04
2.5110e-04
2.4119e-04
2.3031e-04
2.2285e-04
2.0927e-04
1.8452e-04
1.5344e-04
1.2162e-04
9.8086e-05
8.8438e-05
8.8195e-05
8.9401e-05
8.6919e-05
8.1903e-05
8.0353e-05
8.4387e-05
9.2104e-05
9.9449e-05
1.0327e-04
1.0641e-04
1.1026e-04
1.1425e-04
1.2007e-04
1.2710e-04
1.3432e-04
1.4054e-04
1.4532e-04
1.4747e-04
1.4688e-04
1.4490e-04
1.4104e-04
1.3646e-04
1.3144e-04
1.2528e-04
1.1876e-04
1.1284e-04
1.0826e-04
1.0467e-04
1.0135e-04
9.8158e-05
9.5482e-05
9.3283e-05
9.1239e-05
8.9208e-05
8.7395e-05
8.6141e-05
8.5131e-05
8.3765e-05
8.2141e-05
8.0422e-05
7.8630e-05
7.6862e-05
7.5041e-05
7.3127e-05
7.1164e-05
6.9229e-05
6.7381e-05
6.5590e-05
6.3854e-05
6.2142e-05
6.0419e-05
5.8706e-05
5.7017e-05
5.5348e-05
5.3690e-05
5.2035e-05
5.0381e-05
4.8733e-05
4.7095e-05
4.5469e-05
4.3851e-05
4.2242e-05
4.0644e-05
3.9058e-05
3.7483e-05
3.5919e-05
3.4366e-05
3.2824e-05
