-1.0123e-04
-1.1050e-04
-1.2079e-04
-1.2418e-04
-1.1085e-04
-7.3552e-05
-1.2798e-05
5.8244e-05
1.1648e-04
1.3900e-04
1.1442e-04
4.3991e-05
-6.0829e-05
-1.8768e-04
-3.2226e-04
-4.5672e-04
-5.6266e-04
-6.0978e-04
-5.8301e-04
-4.6415e-04
-2.4901e-04
3.2431e-05
3.1063e-04
4.6716e-04
3.8736e-04
5.1538e-05
-4.5922e-04
-9.7606e-04
-1.3256e-03
-1.4663e-03
-1.3242e-03
-9.0891e-04
-3.3295e-04
2.2260e-04
5.3993e-04
5.3048e-04
2.3683e-04
-2.0524e-04
-6.1867e-04
-8.5630e-04
-8.5933e-04
-5.8827e-04
-8.7018e-05
5.4385e-04
1.1248e-03
1.4781e-03
1.5883e-03
1.5921e-03
1.5831e-03
1.5022e-03
1.2134e-03
7.3586e-04
2.9337e-04
2.2397e-04
6.5398e-04
1.4125e-03
2.1915e-03
2.6628e-03
2.6748e-03
2.2535e-03
1.4993e-03
5.7834e-04
-2.8497e-04
-1.0084e-03
-1.6776e-03
-2.2053e-03
-2.4901e-03
-2.3369e-03
-1.7295e-03
-9.0484e-04
-3.0623e-04
-3.1323e-04
-8.8024e-04
-1.7597e-03
-2.4775e-03
-2.5215e-03
-1.9623e-03
-1.0860e-03
-2.0467e-04
4.0558e-04
6.5850e-04
5.3619e-04
1.1335e-04
-4.7338e-04
-1.1433e-03
-1.8432e-03
-2.5608e-03
-2.9811e-03
-2.6687e-03
-1.3561e-03
8.1112e-04
3.3339e-03
5.5515e-03
6.6887e-03
6.5716e-03
5.4632e-03
3.8734e-03
2.3204e-03
1.0393e-03
6.9187e-05
-5.4928e-04
-8.3785e-04
-9.5874e-04
-1.1077e-03
-1.5182e-03
-2.1661e-03
-2.9333e-03
-3.6428e-03
-3.9804e-03
-3.7795e-03
-3.1272e-03
-2.2617e-03
-1.4291e-03
-7.6063e-04
-1.9726e-04
3.8912e-04
1.0396e-03
1.5394e-03
1.7139e-03
1.6994e-03
1.6510e-03
1.6746e-03
1.6577e-03
1.3905e-03
8.1773e-04
6.0444e-05
-7.7696e-04
-1.4060e-03
-1.4497e-03
-8.9539e-04
1.8023e-05
9.4692e-04
1.5264e-03
1.5312e-03
9.9277e-04
1.0320e-05
-1.1950e-03
-2.2132e-03
-2.7620e-03
-2.9379e-03
-2.9428e-03
-2.8203e-03
-2.5269e-03
-2.0212e-03
-1.3258e-03
-5.0972e-04
3.3631e-04
1.1462e-03
1.8647e-03
2.4347e-03
2.8787e-03
3.2228e-03
3.5245e-03
3.7623e-03
3.9148e-03
3.9024e-03
3.7877e-03
3.6337e-03
3.6007e-03
3.7028e-03
3.8489e-03
3.8052e-03
3.4287e-03
2.7581e-03
1.9732e-03
1.1743e-03
3.7574e-04
-4.3909e-04
-1.2121e-03
-1.7632e-03
-2.0562e-03
-2.1836e-03
-2.4202e-03
-2.9220e-03
-3.9016e-03
-5.2756e-03
-6.7113e-03
-7.8347e-03
-8.3253e-03
-8.0877e-03
-7.2924e-03
-6.1902e-03
-5.0969e-03
-4.1325e-03
-3.3199e-03
-2.5381e-03
-1.5582e-03
-1.6365e-04
1.7558e-03
3.9919e-03
6.1102e-03
7.8603e-03
9.2159e-03
1.0222e-02
1.1034e-02
1.1708e-02
1.2256e-02
1.2545e-02
1.2385e-02
1.1603e-02
1.0096e-02
8.0519e-03
5.8019e-03
3.5252e-03
1.5279e-03
7.2148e-05
-7.5412e-04
-1.1236e-03
-1.0652e-03
-8.7972e-04
-9.0918e-04
-1.3946e-03
-2.5326e-03
-4.2229e-03
-6.1931e-03
-8.0065e-03
-9.2594e-03
-9.8739e-03
-9.9229e-03
-9.4922e-03
-8.7730e-03
-8.0788e-03
-7.6290e-03
-7.3453e-03
-7.1143e-03
-6.6870e-03
-5.9076e-03
-4.8605e-03
-3.7433e-03
-2.6488e-03
-1.6096e-03
-6.3271e-04
3.7808e-04
1.4036e-03
2.3589e-03
3.2350e-03
3.8007e-03
3.8257e-03
3.2301e-03
2.0829e-03
5.6273e-04
-1.0545e-03
-2.2197e-03
-2.6686e-03
-2.4579e-03
-1.6595e-03
-4.8347e-04
7.7623e-04
1.8225e-03
2.5305e-03
2.9367e-03
3.1447e-03
3.2447e-03
3.4155e-03
3.8542e-03
4.5818e-03
5.3445e-03
5.9007e-03
5.9840e-03
5.5553e-03
4.5939e-03
3.2509e-03
1.6457e-03
2.6566e-05
-1.3697e-03
-2.3833e-03
-3.1168e-03
-3.7178e-03
-4.3547e-03
-5.2213e-03
-6.2477e-03
-7.3893e-03
-8.4936e-03
-9.3856e-03
-9.9332e-03
-1.0065e-02
-9.9458e-03
-9.6974e-03
-9.3355e-03
-8.7805e-03
-7.9485e-03
-6.9418e-03
-5.8780e-03
-4.9910e-03
-4.3721e-03
-3.8451e-03
-3.2409e-03
-2.2567e-03
-8.6991e-04
9.2284e-04
3.0218e-03
5.2222e-03
7.1965e-03
8.7385e-03
9.6699e-03
9.7788e-03
9.1360e-03
7.9693e-03
6.6959e-03
5.8717e-03
5.9101e-03
6.7970e-03
8.1552e-03
9.3540e-03
9.9741e-03
9.8067e-03
8.8501e-03
7.0974e-03
4.8418e-03
2.3829e-03
3.5164e-04
-7.2573e-04
-8.1572e-04
-1.3517e-04
8.7759e-04
1.5998e-03
1.5066e-03
3.7719e-04
-1.6072e-03
-3.9834e-03
-5.9916e-03
-7.0833e-03
-7.2964e-03
-6.7300e-03
-5.7423e-03
-4.7742e-03
-4.1343e-03
-3.8995e-03
-4.0788e-03
-4.5109e-03
-4.9763e-03
-5.1215e-03
-4.6837e-03
-3.6417e-03
-2.0182e-03
-6.5127e-05
1.9521e-03
3.7449e-03
5.0809e-03
5.7628e-03
5.7994e-03
5.3627e-03
4.6292e-03
3.8633e-03
3.2259e-03
2.8477e-03
2.8604e-03
3.3443e-03
4.2342e-03
5.1870e-03
5.7991e-03
5.8672e-03
5.4668e-03
4.7692e-03
3.8204e-03
2.7532e-03
1.7443e-03
1.0138e-03
8.3956e-04
1.0768e-03
1.4295e-03
1.5569e-03
1.1158e-03
-3.7591e-05
-1.6883e-03
-3.3090e-03
-4.3716e-03
-4.5788e-03
-3.8898e-03
-2.5787e-03
-1.1723e-03
-1.9144e-04
-5.4324e-05
-9.4734e-04
-2.6355e-03
-4.4573e-03
-5.4817e-03
-5.2007e-03
-3.5716e-03
-8.8483e-04
2.0662e-03
4.4027e-03
5.5719e-03
5.2496e-03
3.5032e-03
7.3538e-04
-2.3673e-03
-4.8581e-03
-6.0093e-03
-5.7122e-03
-4.3261e-03
-2.2738e-03
-2.1891e-04
1.0182e-03
8.3380e-04
-7.2401e-04
-3.0077e-03
-5.1219e-03
-6.1527e-03
-5.7345e-03
-3.9711e-03
-1.4379e-03
1.1702e-03
3.2371e-03
4.3701e-03
4.5751e-03
4.2315e-03
3.7144e-03
3.3895e-03
3.5597e-03
4.0171e-03
4.5390e-03
4.7240e-03
4.1835e-03
2.8613e-03
1.0102e-03
-7.7344e-04
-2.0820e-03
-2.5885e-03
-2.2608e-03
-1.5322e-03
-7.9326e-04
-3.7878e-04
-5.9057e-04
-1.4143e-03
-2.6103e-03
-3.7567e-03
-4.4277e-03
-4.4241e-03
-3.5271e-03
-1.9467e-03
-1.6993e-04
1.2110e-03
1.6948e-03
8.2042e-04
-1.4749e-03
-4.7680e-03
-8.3237e-03
-1.1248e-02
-1.2730e-02
-1.2501e-02
-1.0925e-02
-8.5728e-03
-6.3295e-03
-5.0636e-03
-5.3893e-03
-7.0945e-03
-9.2632e-03
-1.0604e-02
-9.9083e-03
-6.3614e-03
6.8567e-05
8.2965e-03
1.6530e-02
2.2202e-02
2.3551e-02
2.0007e-02
1.2371e-02
2.6611e-03
-7.2998e-03
-1.6051e-02
-2.2251e-02
-2.4986e-02
-2.4796e-02
-2.2524e-02
-1.9033e-02
-1.5119e-02
-1.1316e-02
-7.8289e-03
-4.3775e-03
-3.4411e-04
4.4778e-03
9.8682e-03
1.4967e-02
1.8716e-02
2.0325e-02
1.9961e-02
1.8620e-02
1.7533e-02
1.7995e-02
2.0560e-02
2.4872e-02
2.9862e-02
3.4035e-02
3.6011e-02
3.4971e-02
3.1150e-02
2.5342e-02
1.9275e-02
1.4659e-02
1.2797e-02
1.3917e-02
1.7843e-02
2.3867e-02
3.0574e-02
3.6309e-02
3.9772e-02
4.1364e-02
4.1526e-02
4.0765e-02
3.9443e-02
3.7409e-02
3.4066e-02
2.8762e-02
2.1192e-02
1.1245e-02
-9.8740e-04
-1.4680e-02
-2.8510e-02
-4.1336e-02
-5.2067e-02
-5.9225e-02
-6.2600e-02
-6.3005e-02
-6.0949e-02
-5.7987e-02
-5.5596e-02
-5.4238e-02
-5.4019e-02
-5.4459e-02
-5.4649e-02
-5.3683e-02
-5.0741e-02
-4.5263e-02
-3.7162e-02
-2.6774e-02
-1.5200e-02
-3.8247e-03
5.9952e-03
1.2636e-02
1.5766e-02
1.5442e-02
1.2407e-02
7.7618e-03
3.3908e-03
9.1798e-04
1.2133e-03
4.3791e-03
9.9981e-03
1.7132e-02
2.4192e-02
3.0269e-02
3.4944e-02
3.7576e-02
3.8431e-02
3.8067e-02
3.6914e-02
3.5160e-02
3.2707e-02
2.9413e-02
2.4951e-02
1.9344e-02
1.3174e-02
6.5271e-03
-2.3842e-04
-6.5946e-03
-1.1933e-02
-1.6022e-02
-1.9260e-02
-2.1824e-02
-2.4459e-02
-2.7726e-02
-3.1665e-02
-3.5779e-02
-3.9097e-02
-4.0539e-02
-3.9620e-02
-3.6294e-02
-3.0863e-02
-2.4328e-02
-1.7735e-02
-1.1884e-02
-7.1803e-03
-3.8537e-03
-1.8217e-03
-5.1833e-04
6.3016e-04
2.0568e-03
3.8724e-03
6.0011e-03
8.4480e-03
1.0599e-02
1.1806e-02
1.1680e-02
1.0122e-02
7.3916e-03
4.1500e-03
1.4140e-03
-2.6549e-04
-7.1049e-04
-1.1031e-04
1.2032e-03
2.8277e-03
4.4420e-03
5.9124e-03
7.2441e-03
8.4555e-03
9.6891e-03
1.0890e-02
1.1918e-02
1.2607e-02
1.2857e-02
1.2601e-02
1.1794e-02
1.0381e-02
8.5043e-03
6.2080e-03
3.6039e-03
1.0023e-03
-1.3358e-03
-3.2340e-03
-4.6215e-03
-5.6076e-03
-6.4641e-03
-7.3742e-03
-8.2943e-03
-9.2198e-03
-9.9833e-03
-1.0469e-02
-1.0540e-02
-1.0274e-02
-9.7709e-03
-9.2108e-03
-8.7869e-03
-8.6416e-03
-8.7675e-03
-9.1467e-03
-9.6752e-03
-1.0193e-02
-1.0519e-02
-1.0368e-02
-9.5393e-03
-7.9944e-03
-5.8426e-03
-3.3066e-03
-5.8140e-04
2.0988e-03
4.5934e-03
6.8683e-03
8.7686e-03
1.0327e-02
1.1638e-02
1.2842e-02
1.4100e-02
1.5448e-02
1.6903e-02
1.8437e-02
1.9862e-02
2.0993e-02
2.1688e-02
2.1984e-02
2.1878e-02
2.1366e-02
2.0471e-02
1.9069e-02
1.7182e-02
1.4878e-02
1.2162e-02
9.3702e-03
6.9943e-03
4.8605e-03
3.0413e-03
1.4043e-03
-1.7794e-04
-1.8203e-03
-3.4054e-03
-4.7486e-03
-5.8316e-03
-6.7604e-03
-7.5185e-03
-8.3111e-03
-9.3402e-03
-1.0724e-02
-1.2382e-02
-1.4061e-02
-1.5637e-02
-1.6920e-02
-1.7756e-02
-1.8083e-02
-1.7951e-02
-1.7516e-02
-1.6989e-02
-1.6533e-02
-1.6183e-02
-1.5851e-02
-1.5259e-02
-1.4134e-02
-1.2367e-02
-1.0045e-02
-7.2758e-03
-4.2135e-03
-1.1660e-03
1.7378e-03
4.3518e-03
6.5516e-03
8.2075e-03
9.4186e-03
1.0365e-02
1.1304e-02
1.2376e-02
1.3679e-02
1.5254e-02
1.6916e-02
1.8361e-02
1.9248e-02
1.9187e-02
1.8090e-02
1.5885e-02
1.2761e-02
9.0655e-03
5.1304e-03
1.5032e-03
-1.6172e-03
-4.0967e-03
-5.7208e-03
-6.7764e-03
-7.3452e-03
-7.6119e-03
-7.7314e-03
-7.8045e-03
-7.7218e-03
-7.3641e-03
-6.6510e-03
-5.5619e-03
-4.1527e-03
-2.6323e-03
-1.3240e-03
-3.4118e-04
3.8477e-04
1.0870e-03
2.0482e-03
3.2904e-03
4.5585e-03
5.4943e-03
5.9464e-03
5.9286e-03
5.4700e-03
4.5965e-03
3.3710e-03
1.9516e-03
4.9982e-04
-9.7278e-04
-2.4507e-03
-4.0282e-03
-5.6464e-03
-7.1875e-03
-8.5113e-03
-9.4783e-03
-9.9368e-03
-9.8641e-03
-9.2355e-03
-8.1890e-03
-6.9320e-03
-5.6618e-03
-4.5583e-03
-3.7453e-03
-3.2570e-03
-2.9400e-03
-2.6307e-03
-2.2407e-03
-1.7883e-03
-1.2517e-03
-5.7733e-04
2.7893e-04
1.2717e-03
2.3809e-03
3.5190e-03
4.6482e-03
5.7771e-03
6.8747e-03
7.8221e-03
8.5097e-03
8.9097e-03
8.9876e-03
8.7266e-03
8.2268e-03
7.5022e-03
6.6226e-03
5.6802e-03
4.6575e-03
3.5440e-03
2.4559e-03
1.3119e-03
2.1618e-04
-7.9551e-04
-1.7696e-03
-2.6762e-03
-3.5629e-03
-4.3265e-03
-4.8256e-03
-5.1188e-03
-5.1578e-03
-4.9258e-03
-4.4166e-03
-3.5649e-03
-2.3712e-03
-8.8699e-04
7.9353e-04
2.5269e-03
4.1653e-03
5.5163e-03
6.3196e-03
6.5644e-03
6.3871e-03
5.8917e-03
5.2620e-03
4.6867e-03
4.1819e-03
3.8152e-03
3.5771e-03
3.3709e-03
3.1015e-03
2.7496e-03
2.3631e-03
1.9745e-03
1.5594e-03
1.1403e-03
7.0465e-04
2.2793e-04
-2.8238e-04
-8.6893e-04
-1.5840e-03
-2.0713e-03
-2.1497e-03
-1.9474e-03
-1.5896e-03
-1.2650e-03
-1.0188e-03
-9.2130e-04
-9.6756e-04
-1.0853e-03
-1.1971e-03
-1.3193e-03
-1.3722e-03
-1.3950e-03
-1.4072e-03
-1.4751e-03
-1.6438e-03
-1.8641e-03
-2.1010e-03
-2.3398e-03
-2.5328e-03
-2.6078e-03
-2.4975e-03
-2.2291e-03
-1.8060e-03
-1.3010e-03
-7.9855e-04
-3.7873e-04
-7.7963e-05
1.4552e-04
3.4255e-04
5.5938e-04
7.7097e-04
1.0170e-03
1.2302e-03
1.3876e-03
1.4805e-03
1.4920e-03
1.3922e-03
1.1614e-03
9.0247e-04
6.3923e-04
4.7489e-04
4.9536e-04
6.8835e-04
1.0624e-03
1.5248e-03
1.9879e-03
2.3351e-03
2.4604e-03
2.3939e-03
2.1949e-03
1.8829e-03
1.5416e-03
1.1870e-03
8.2723e-04
4.0129e-04
-2.5292e-04
-1.2077e-03
-2.4275e-03
-3.7407e-03
-5.0489e-03
-6.2178e-03
-7.1262e-03
-7.7262e-03
-8.0396e-03
-8.1093e-03
-7.9948e-03
-7.7535e-03
-7.4638e-03
-7.1203e-03
-6.6346e-03
-5.9370e-03
-4.9954e-03
-3.7619e-03
-2.2154e-03
-4.8884e-04
1.2285e-03
2.7330e-03
3.9548e-03
4.7935e-03
5.3278e-03
5.6029e-03
5.6538e-03
5.6136e-03
5.3339e-03
4.8252e-03
4.0532e-03
3.1741e-03
2.3966e-03
1.7172e-03
1.1538e-03
7.9519e-04
6.7422e-04
7.3727e-04
9.6652e-04
1.2352e-03
1.5056e-03
1.7873e-03
2.0440e-03
2.1794e-03
2.2435e-03
2.2981e-03
2.2675e-03
2.1236e-03
1.9489e-03
1.7380e-03
1.4926e-03
1.3291e-03
1.2823e-03
1.3281e-03
1.3545e-03
1.2291e-03
8.5300e-04
2.0600e-04
-6.5924e-04
-1.7150e-03
-2.8296e-03
-3.9513e-03
-4.8068e-03
-5.3591e-03
-5.6754e-03
-5.8280e-03
-5.7425e-03
-5.4354e-03
-4.9586e-03
-4.3339e-03
-3.6214e-03
-2.9231e-03
-2.3248e-03
-1.8512e-03
-1.5380e-03
-1.3165e-03
-1.1324e-03
-1.0462e-03
-1.1209e-03
-1.3049e-03
-1.4824e-03
-1.5868e-03
-1.6027e-03
-1.5713e-03
-1.4783e-03
-1.2774e-03
-9.6502e-04
-5.3887e-04
-6.9275e-06
6.1192e-04
1.2692e-03
1.9025e-03
2.4403e-03
2.8793e-03
3.1761e-03
3.3155e-03
3.4205e-03
3.5276e-03
3.6853e-03
3.9064e-03
4.1879e-03
4.4627e-03
4.6212e-03
4.6046e-03
4.4562e-03
4.1901e-03
3.8602e-03
3.4568e-03
3.0061e-03
2.5806e-03
2.1802e-03
1.7693e-03
1.3098e-03
9.2848e-04
4.9795e-04
-2.4819e-05
-6.4099e-04
-1.3590e-03
-2.0539e-03
-2.6337e-03
-3.0911e-03
-3.3415e-03
-3.3963e-03
-3.3461e-03
-3.1807e-03
-2.8240e-03
-2.3129e-03
-1.6441e-03
-9.0971e-04
-2.1944e-04
4.2873e-04
1.0698e-03
1.7108e-03
2.3830e-03
3.0516e-03
3.6352e-03
4.1834e-03
4.7002e-03
5.0916e-03
5.2956e-03
5.3406e-03
5.2752e-03
5.1478e-03
4.9737e-03
4.7997e-03
4.6234e-03
4.3663e-03
3.9601e-03
3.3370e-03
2.4959e-03
1.4722e-03
3.8378e-04
-5.7323e-04
-1.2399e-03
-1.6108e-03
-1.8959e-03
-2.1469e-03
-2.4166e-03
-2.7586e-03
-3.3069e-03
-4.0227e-03
-4.6661e-03
-5.2247e-03
-5.6533e-03
-5.9263e-03
-6.0423e-03
-6.0249e-03
-5.8611e-03
-5.5747e-03
-5.2440e-03
-4.9423e-03
-4.6471e-03
-4.2945e-03
-3.8167e-03
-3.1756e-03
-2.3816e-03
-1.4665e-03
-5.1840e-04
2.6406e-04
8.0314e-04
1.1798e-03
1.4355e-03
1.6162e-03
1.7165e-03
1.8018e-03
1.8822e-03
1.9498e-03
2.0164e-03
2.1395e-03
2.2592e-03
2.3098e-03
2.2958e-03
2.2513e-03
2.1366e-03
2.0596e-03
2.0735e-03
2.1853e-03
2.3971e-03
2.6277e-03
2.8359e-03
2.9666e-03
3.0226e-03
3.0673e-03
3.1227e-03
3.1900e-03
3.3127e-03
3.4402e-03
3.5470e-03
3.6478e-03
3.6489e-03
3.5960e-03
3.4891e-03
3.2794e-03
2.9222e-03
2.4563e-03
1.8365e-03
1.0127e-03
5.8676e-05
-9.0249e-04
-1.8958e-03
-2.9255e-03
-3.8237e-03
-4.6022e-03
-5.2430e-03
-5.6649e-03
-5.8849e-03
-6.0330e-03
-6.1334e-03
-6.2216e-03
-6.3135e-03
-6.4011e-03
-6.4948e-03
-6.5565e-03
-6.5289e-03
-6.3551e-03
-6.0864e-03
-5.7266e-03
-5.2579e-03
-4.6740e-03
-3.9956e-03
-3.2575e-03
-2.5065e-03
-1.7271e-03
-9.8505e-04
-3.0392e-04
2.3279e-04
6.0025e-04
8.1087e-04
8.9127e-04
8.6242e-04
6.7744e-04
4.2290e-04
3.0285e-04
3.5459e-04
5.3708e-04
7.9372e-04
1.0697e-03
1.2975e-03
1.4649e-03
1.5506e-03
1.5911e-03
1.6505e-03
1.6702e-03
1.6818e-03
1.7295e-03
1.9090e-03
2.1464e-03
2.4521e-03
2.8586e-03
3.3106e-03
3.7511e-03
4.1678e-03
4.5843e-03
5.0193e-03
5.4235e-03
5.6932e-03
5.8377e-03
5.8308e-03
5.6304e-03
5.3177e-03
4.8583e-03
4.3639e-03
3.8567e-03
3.2442e-03
2.5219e-03
1.7201e-03
8.2625e-04
-1.2988e-04
-1.0633e-03
-1.9292e-03
-2.7798e-03
-3.5450e-03
-4.1542e-03
-4.6227e-03
-5.2065e-03
-5.7281e-03
-6.1224e-03
-6.3538e-03
-6.3584e-03
-6.1302e-03
-5.6873e-03
-5.0574e-03
-4.3436e-03
-3.6333e-03
-2.9683e-03
-2.3436e-03
-1.7010e-03
-1.0274e-03
-3.6114e-04
3.2620e-04
9.8603e-04
1.6399e-03
2.2402e-03
2.6923e-03
2.9554e-03
3.0679e-03
3.1031e-03
2.9882e-03
2.7185e-03
2.3611e-03
2.0645e-03
1.7753e-03
1.4472e-03
1.0816e-03
6.7755e-04
2.4142e-04
-2.8359e-04
-8.3957e-04
-1.4340e-03
-1.9249e-03
-2.2428e-03
-2.4148e-03
-2.4187e-03
-2.2846e-03
-2.0298e-03
-1.7051e-03
-1.2982e-03
-8.6274e-04
-4.0971e-04
-5.3113e-06
3.5056e-04
5.9347e-04
6.9795e-04
6.4760e-04
4.3992e-04
9.1661e-05
-3.5053e-04
-8.6585e-04
-1.4453e-03
-2.0912e-03
-2.7765e-03
-3.4196e-03
-3.8555e-03
-4.0228e-03
-4.0202e-03
-3.9344e-03
-3.7829e-03
-3.5766e-03
-3.3634e-03
-3.1094e-03
-2.8499e-03
-2.5623e-03
-2.2279e-03
-1.9295e-03
-1.5837e-03
-1.2276e-03
-8.4593e-04
-3.7028e-04
2.2868e-04
8.7035e-04
1.5345e-03
2.1285e-03
2.5764e-03
2.9487e-03
3.2847e-03
3.5511e-03
3.7714e-03
3.9662e-03
3.9931e-03
3.8769e-03
3.6549e-03
3.4976e-03
3.4644e-03
3.5642e-03
3.7688e-03
3.9750e-03
4.1593e-03
4.3188e-03
4.4060e-03
4.4076e-03
4.2627e-03
3.9754e-03
3.6430e-03
3.1684e-03
2.5907e-03
1.9601e-03
1.3111e-03
6.5196e-04
-3.2549e-05
-7.4044e-04
-1.4527e-03
-2.1511e-03
-2.8066e-03
-3.2711e-03
-3.5563e-03
-3.6877e-03
-3.7215e-03
-3.7130e-03
-3.6818e-03
-3.7093e-03
-3.8434e-03
-3.9647e-03
-4.0762e-03
-4.1048e-03
-4.0157e-03
-3.7809e-03
-3.4186e-03
-3.0066e-03
-2.5435e-03
-2.1145e-03
-1.7675e-03
-1.4475e-03
-1.1351e-03
-8.1363e-04
-4.7920e-04
-1.8674e-04
7.3712e-05
3.0631e-04
5.0558e-04
6.4164e-04
6.5575e-04
5.6313e-04
4.1132e-04
2.9860e-04
2.1271e-04
1.5380e-04
6.2076e-05
-1.1031e-04
-3.1653e-04
-5.9843e-04
-9.5988e-04
-1.3036e-03
-1.6225e-03
-1.8712e-03
-2.0673e-03
-2.2560e-03
-2.2826e-03
-2.1420e-03
-1.8598e-03
-1.4947e-03
-1.1570e-03
-8.0106e-04
-2.4953e-04
5.0541e-04
1.4125e-03
2.3116e-03
3.1442e-03
3.9077e-03
4.5274e-03
4.9654e-03
5.1572e-03
5.1354e-03
5.0198e-03
4.8198e-03
4.4608e-03
4.0165e-03
3.4927e-03
3.0084e-03
2.5614e-03
2.1134e-03
1.5499e-03
9.2029e-04
3.6410e-04
-1.4268e-04
-5.0022e-04
-6.6058e-04
-6.6226e-04
-5.8643e-04
-5.6899e-04
-6.3664e-04
-7.4339e-04
-8.2173e-04
-7.9743e-04
-7.1037e-04
-6.1392e-04
-4.8681e-04
-3.0312e-04
-8.9463e-05
1.3965e-04
3.5965e-04
5.8523e-04
8.2067e-04
1.1404e-03
1.5347e-03
1.9390e-03
2.3304e-03
2.6113e-03
2.7915e-03
2.8395e-03
2.7808e-03
2.5581e-03
2.2531e-03
1.8846e-03
1.5017e-03
1.2171e-03
9.8712e-04
8.1625e-04
7.3534e-04
7.2901e-04
7.8991e-04
8.8072e-04
9.7523e-04
1.0045e-03
9.5673e-04
9.3053e-04
9.3976e-04
9.7580e-04
9.5066e-04
8.6104e-04
7.0642e-04
5.0498e-04
2.3426e-04
-3.6967e-05
-2.6621e-04
-4.9439e-04
-7.7928e-04
-1.0494e-03
-1.3023e-03
-1.6267e-03
-1.9674e-03
-2.2595e-03
-2.4308e-03
-2.4993e-03
-2.5484e-03
-2.5466e-03
-2.4021e-03
-2.1424e-03
-1.7811e-03
-1.3493e-03
-8.5888e-04
-3.1560e-04
1.5544e-04
5.4040e-04
8.1471e-04
1.0260e-03
1.2051e-03
1.3414e-03
1.4452e-03
1.5210e-03
1.5518e-03
1.5349e-03
1.5224e-03
1.5244e-03
1.5625e-03
1.5682e-03
1.4870e-03
1.3093e-03
1.0649e-03
8.1483e-04
5.7181e-04
2.8764e-04
-4.5128e-05
-3.8590e-04
-7.0325e-04
-1.0062e-03
-1.3269e-03
-1.6507e-03
-1.9872e-03
-2.2800e-03
-2.5203e-03
-2.7517e-03
-2.9981e-03
-3.2530e-03
-3.4869e-03
-3.6817e-03
-3.7643e-03
-3.7456e-03
-3.6738e-03
-3.6044e-03
-3.4738e-03
-3.1859e-03
-2.6975e-03
-2.0522e-03
-1.3764e-03
-6.8631e-04
3.9041e-05
6.5731e-04
1.1592e-03
1.5661e-03
1.9161e-03
2.2040e-03
2.3696e-03
2.4274e-03
2.4040e-03
2.3337e-03
2.2331e-03
2.0936e-03
1.9275e-03
1.7156e-03
1.4730e-03
1.2235e-03
9.5260e-04
6.7981e-04
4.3372e-04
2.5707e-04
1.7150e-04
1.5089e-04
1.8346e-04
2.1155e-04
2.4801e-04
3.0646e-04
2.7701e-04
1.6452e-04
-1.6168e-04
-6.5387e-04
-1.1848e-03
-1.6323e-03
-1.9136e-03
-2.0669e-03
-2.2172e-03
-2.3991e-03
-2.5452e-03
-2.5653e-03
-2.4671e-03
-2.3018e-03
-2.0573e-03
-1.8254e-03
-1.6457e-03
-1.5415e-03
-1.4901e-03
-1.4283e-03
-1.3315e-03
-1.0941e-03
-7.0990e-04
-2.5654e-04
1.2999e-04
3.7185e-04
4.9135e-04
4.8269e-04
3.8963e-04
2.6428e-04
1.0095e-04
-5.0083e-05
-1.8773e-04
-2.5927e-04
-2.7030e-04
-2.7424e-04
-2.5333e-04
-2.6736e-04
-3.5014e-04
-4.9846e-04
-7.0556e-04
-8.0384e-04
-7.1934e-04
-4.9725e-04
-2.4004e-04
-4.1059e-05
1.1892e-04
2.9213e-04
4.6196e-04
6.7292e-04
9.5892e-04
1.2644e-03
1.6077e-03
1.9579e-03
2.2235e-03
2.3784e-03
2.3896e-03
2.3315e-03
2.2642e-03
2.0533e-03
1.7697e-03
1.4439e-03
1.1446e-03
8.8234e-04
6.6797e-04
4.7615e-04
2.9590e-04
4.0320e-05
-3.4036e-04
-7.3649e-04
-1.0851e-03
-1.2812e-03
-1.3810e-03
-1.4060e-03
-1.3845e-03
-1.3210e-03
-1.2301e-03
-1.1124e-03
-9.5786e-04
-7.6992e-04
-5.8118e-04
-3.7700e-04
-1.4233e-04
1.0124e-04
3.5211e-04
5.6244e-04
7.2784e-04
8.2525e-04
8.8044e-04
9.8050e-04
1.1225e-03
1.3341e-03
1.5276e-03
1.6684e-03
1.8213e-03
1.9886e-03
2.1000e-03
2.1622e-03
2.2431e-03
2.3206e-03
2.3376e-03
2.3755e-03
2.4959e-03
2.5813e-03
2.6350e-03
2.6775e-03
2.6345e-03
2.5242e-03
2.4083e-03
2.3294e-03
2.2359e-03
2.1511e-03
2.0323e-03
1.8412e-03
1.6199e-03
1.3251e-03
9.5875e-04
5.6051e-04
2.0406e-04
-8.0603e-05
-2.9913e-04
-5.1937e-04
-8.0249e-04
-1.0721e-03
-1.3024e-03
-1.5005e-03
-1.5795e-03
-1.5596e-03
-1.4349e-03
-1.2022e-03
-9.3752e-04
-6.2944e-04
-3.4391e-04
-1.0287e-04
7.8297e-05
1.7565e-04
1.4867e-04
4.6993e-05
-7.0105e-05
-1.9881e-04
-4.1984e-04
-5.4063e-04
-4.4479e-04
-2.5793e-04
-8.7796e-05
-4.3534e-05
-1.4774e-04
-3.2120e-04
-5.0307e-04
-6.6542e-04
-7.9107e-04
-8.6152e-04
-8.6291e-04
-7.5431e-04
-5.9199e-04
-4.2568e-04
-3.8287e-04
-4.6584e-04
-5.8394e-04
-7.7439e-04
-9.7760e-04
-1.1049e-03
-1.1074e-03
-1.0143e-03
-9.0091e-04
-8.2835e-04
-8.7736e-04
-1.1367e-03
-1.5464e-03
-2.0300e-03
-2.4985e-03
-2.9163e-03
-3.2076e-03
-3.3528e-03
-3.4657e-03
-3.4798e-03
-3.3605e-03
-3.1440e-03
-2.8509e-03
-2.5426e-03
-2.2384e-03
-1.9590e-03
-1.6805e-03
-1.4829e-03
-1.3179e-03
-1.1726e-03
-1.0094e-03
-8.1392e-04
-5.9329e-04
-3.1648e-04
-5.8326e-05
1.2861e-04
3.0153e-04
4.9605e-04
6.9107e-04
8.7653e-04
1.0511e-03
1.1500e-03
1.1570e-03
1.1188e-03
1.0680e-03
9.6987e-04
8.0529e-04
5.8259e-04
3.5922e-04
9.1640e-05
-1.9051e-04
-4.7839e-04
-7.0205e-04
-8.5610e-04
-9.5174e-04
-1.0209e-03
-1.0382e-03
-1.0354e-03
-9.9027e-04
-9.0196e-04
-7.5326e-04
-5.4180e-04
-3.3113e-04
-1.7330e-04
-5.5006e-05
4.3218e-05
1.8720e-04
3.6483e-04
5.5844e-04
6.9959e-04
8.0084e-04
9.5011e-04
1.1361e-03
1.3315e-03
1.4939e-03
1.6585e-03
1.8585e-03
2.0812e-03
2.2892e-03
2.4487e-03
2.5836e-03
2.7362e-03
2.9580e-03
3.1253e-03
3.2860e-03
3.4716e-03
3.7117e-03
3.9203e-03
4.0154e-03
3.9486e-03
3.7439e-03
3.4638e-03
3.1760e-03
2.8593e-03
2.6008e-03
2.3325e-03
1.9975e-03
1.6277e-03
1.2056e-03
7.3299e-04
2.2261e-04
-2.1686e-04
-5.8733e-04
-8.4434e-04
-1.0643e-03
-1.2685e-03
-1.3879e-03
-1.4166e-03
-1.4657e-03
-1.5430e-03
-1.7202e-03
-2.0278e-03
-2.3673e-03
-2.6290e-03
-2.7625e-03
-2.8001e-03
-2.7255e-03
-2.6002e-03
-2.4867e-03
-2.3352e-03
-2.1896e-03
-2.0410e-03
-1.8642e-03
-1.6483e-03
-1.3688e-03
-1.0784e-03
-7.6383e-04
-4.6839e-04
-2.1615e-04
-4.1136e-05
6.1276e-05
1.3007e-04
1.8069e-04
1.9985e-04
2.0303e-04
2.1278e-04
2.3357e-04
2.4360e-04
2.9715e-04
3.3765e-04
3.6016e-04
4.2087e-04
4.5273e-04
4.5124e-04
4.9889e-04
5.9192e-04
6.8514e-04
7.0016e-04
6.0128e-04
3.7757e-04
1.2618e-04
-5.1004e-05
-2.7250e-04
-4.5513e-04
-6.5762e-04
-9.3863e-04
-1.1778e-03
-1.3932e-03
-1.5041e-03
-1.5430e-03
-1.5134e-03
-1.3525e-03
-1.1435e-03
-9.2859e-04
-7.2834e-04
-4.8183e-04
-2.0686e-04
5.5830e-05
2.8288e-04
4.7626e-04
5.8787e-04
6.7416e-04
7.3883e-04
8.0747e-04
8.8645e-04
9.2838e-04
9.3363e-04
9.4151e-04
9.2931e-04
8.8977e-04
8.1457e-04
6.1039e-04
2.8614e-04
-1.1036e-04
-5.1079e-04
-7.9621e-04
-9.3762e-04
-9.6009e-04
-9.2182e-04
-9.0263e-04
-9.4450e-04
-9.5791e-04
-9.0964e-04
-8.3292e-04
-7.0208e-04
-4.9249e-04
-2.7534e-04
-1.4822e-04
-3.9229e-05
2.8155e-05
9.6334e-05
1.5676e-04
1.6189e-04
1.1465e-04
5.8568e-06
-1.1510e-04
-1.6817e-04
-1.0045e-04
5.3579e-05
2.3517e-04
4.4200e-04
5.8893e-04
6.3736e-04
5.9683e-04
5.2136e-04
4.5442e-04
4.9078e-04
6.0894e-04
7.7544e-04
9.4393e-04
1.0652e-03
1.1997e-03
1.3066e-03
1.4119e-03
1.5025e-03
1.5701e-03
1.6391e-03
1.7081e-03
1.7763e-03
1.8288e-03
1.8479e-03
1.8380e-03
1.7427e-03
1.5933e-03
1.3837e-03
1.0866e-03
7.0342e-04
2.8636e-04
-5.2302e-05
-3.2612e-04
-5.7380e-04
-8.1754e-04
-1.0494e-03
-1.3061e-03
-1.5809e-03
-1.8003e-03
-2.0063e-03
-2.1666e-03
-2.2808e-03
-2.2613e-03
-2.1107e-03
-1.9116e-03
-1.7271e-03
-1.5148e-03
-1.2633e-03
-1.0168e-03
-8.0254e-04
-6.2186e-04
-4.0390e-04
-1.9024e-04
2.3025e-06
1.8480e-04
4.0138e-04
6.4794e-04
8.8490e-04
1.0491e-03
1.1415e-03
1.1794e-03
1.1887e-03
1.2121e-03
1.1975e-03
1.1819e-03
1.1451e-03
1.0703e-03
9.7467e-04
8.6893e-04
7.3277e-04
5.7223e-04
4.7349e-04
3.7103e-04
2.1109e-04
7.5848e-05
-5.7808e-05
-2.3888e-04
-4.1515e-04
-5.0324e-04
-4.6051e-04
-3.2058e-04
-1.4096e-04
1.1748e-05
9.4520e-05
1.5780e-04
1.8467e-04
1.3046e-04
1.6155e-05
-1.6879e-04
-3.8885e-04
-6.0334e-04
-7.9171e-04
-9.6398e-04
-1.1107e-03
-1.2419e-03
-1.3518e-03
-1.3872e-03
-1.4001e-03
-1.3892e-03
-1.3227e-03
-1.2360e-03
-1.0957e-03
-9.3499e-04
-7.6913e-04
-5.7981e-04
-4.5220e-04
-2.9957e-04
-7.1641e-05
2.4555e-04
5.2359e-04
7.7464e-04
9.8978e-04
1.1641e-03
1.2944e-03
1.3868e-03
1.4614e-03
1.5016e-03
1.5065e-03
1.4775e-03
1.3966e-03
1.2493e-03
1.0726e-03
8.4423e-04
5.9862e-04
3.5073e-04
6.8753e-05
-1.5200e-04
-3.5126e-04
-5.0299e-04
-6.1538e-04
-7.0196e-04
-7.8523e-04
-9.0785e-04
-9.7377e-04
-9.9897e-04
-1.0105e-03
-9.8613e-04
-9.4458e-04
-9.1032e-04
-8.5728e-04
-7.6630e-04
-6.7305e-04
-5.8134e-04
-5.1146e-04
-4.7553e-04
-4.7866e-04
-4.9838e-04
-5.3355e-04
-5.8024e-04
-6.1185e-04
-6.2739e-04
-6.2081e-04
-6.0621e-04
-5.6572e-04
-5.1109e-04
-4.5043e-04
-3.6885e-04
-2.6460e-04
-1.6827e-04
-8.6195e-05
-4.1458e-06
8.4141e-05
1.6489e-04
2.5892e-04
3.5363e-04
4.2348e-04
4.8079e-04
5.2756e-04
5.5883e-04
5.6874e-04
5.6912e-04
5.6806e-04
5.4337e-04
5.0316e-04
4.4698e-04
3.6782e-04
2.7987e-04
2.0307e-04
1.4557e-04
1.0683e-04
8.1609e-05
6.1714e-05
4.2831e-05
2.6589e-05
1.2865e-05
5.4737e-06
1.2351e-06
5.1105e-06
1.7190e-05
3.6666e-05
5.8632e-05
8.0089e-05
9.8406e-05
1.1342e-04
1.2479e-04
1.3076e-04
1.3318e-04
1.3428e-04
1.3408e-04
1.2911e-04
1.2202e-04
1.1471e-04
1.0677e-04
9.8753e-05
9.0325e-05
8.2190e-05
7.6355e-05
7.3079e-05
7.1709e-05
7.1149e-05
7.0912e-05
7.1066e-05
7.1315e-05
7.0953e-05
7.0161e-05
6.9317e-05
6.7827e-05
6.5680e-05
6.2995e-05
5.9848e-05
5.6581e-05
5.3168e-05
4.9761e-05
4.6439e-05
4.3212e-05
4.0114e-05
3.7228e-05
3.4513e-05
3.1909e-05
2.9404e-05
2.6964e-05
2.4582e-05
2.2246e-05
1.9952e-05
1.7700e-05
1.5492e-05
1.3330e-05
1.1215e-05
9.1464e-06
7.1257e-06
5.1541e-06
