1.3692e-04
1.3910e-04
1.3718e-04
1.4105e-04
1.4213e-04
1.4959e-04
1.5327e-04
1.6056e-04
1.5985e-04
1.5831e-04
1.4989e-04
1.4841e-04
1.4002e-04
1.2612e-04
1.0367e-04
9.8962e-05
1.0250e-04
1.1114e-04
1.0918e-04
1.2107e-04
1.3600e-04
1.5361e-04
1.5995e-04
1.7926e-04
1.8893e-04
1.9170e-04
1.7082e-04
1.4338e-04
1.1541e-04
9.8397e-05
7.1121e-05
9.0448e-05
1.3826e-04
1.7109e-04
1.4295e-04
1.0364e-04
8.5280e-05
2.6862e-05
-2.2045e-05
5.4959e-05
1.7655e-04
2.5733e-04
3.2509e-04
3.5865e-04
3.5231e-04
2.5080e-04
1.3517e-04
9.6178e-06
-5.5309e-05
-1.0670e-04
-9.6270e-05
-4.7316e-05
9.0049e-05
2.2119e-04
2.4787e-04
2.4651e-04
1.3991e-04
2.1907e-05
1.3114e-05
1.2267e-04
1.3392e-04
2.3606e-07
-1.2727e-04
-5.0684e-05
1.0678e-04
2.6573e-04
3.9350e-04
4.4433e-04
5.7675e-04
7.8793e-04
9.6815e-04
1.0007e-03
8.9724e-04
8.6375e-04
7.6026e-04
5.4794e-04
1.9155e-04
-1.9167e-04
-4.7461e-04
-8.5445e-04
-1.1895e-03
-1.3902e-03
-1.2963e-03
-1.1004e-03
-9.0374e-04
-4.7288e-04
2.2455e-04
9.8595e-04
1.5777e-03
1.9288e-03
1.9580e-03
1.6047e-03
1.2405e-03
8.2436e-04
4.4752e-04
-3.5226e-05
-6.5224e-04
-1.3201e-03
-1.9662e-03
-2.0740e-03
-1.5934e-03
-9.7378e-04
-3.8853e-04
3.1237e-04
1.2615e-03
2.0877e-03
2.4604e-03
2.2887e-03
1.9441e-03
1.6537e-03
1.2853e-03
6.7800e-04
-1.4960e-04
-1.2128e-03
-2.1410e-03
-2.5761e-03
-2.4049e-03
-1.9026e-03
-1.3429e-03
-1.1523e-03
-8.6822e-04
-8.9593e-05
7.9737e-04
1.7365e-03
2.2201e-03
1.9368e-03
1.1455e-03
5.8218e-04
2.1507e-04
1.3905e-04
-2.1885e-04
-1.1625e-03
-2.5633e-03
-3.6424e-03
-3.8472e-03
-3.3496e-03
-2.6310e-03
-2.3993e-03
-2.1420e-03
-1.5336e-03
-6.1225e-04
3.7581e-04
9.9077e-04
1.9581e-03
3.1646e-03
4.2007e-03
4.0463e-03
3.0280e-03
1.4344e-03
-2.1956e-04
-1.2680e-03
-1.6227e-03
-2.4959e-03
-3.3340e-03
-3.4809e-03
-2.4754e-03
-3.0067e-04
1.9819e-03
3.4095e-03
4.1764e-03
4.2592e-03
3.2816e-03
1.6978e-03
2.6811e-04
-1.3978e-03
-2.8010e-03
-3.5531e-03
-3.6508e-03
-3.1850e-03
-2.5693e-03
-1.9497e-03
-1.3216e-03
-7.9180e-04
-1.3385e-04
1.1999e-03
2.9962e-03
3.7480e-03
3.5504e-03
3.7860e-03
3.9318e-03
4.1123e-03
5.1954e-03
5.4914e-03
4.3682e-03
1.9928e-03
-8.5806e-04
-4.0220e-03
-6.0002e-03
-6.3930e-03
-4.6419e-03
-2.8942e-03
-1.0973e-03
1.1593e-03
3.0458e-03
3.5635e-03
3.3863e-03
3.0970e-03
2.8083e-03
1.7612e-03
2.4615e-04
-9.1266e-04
-1.9407e-03
-3.7349e-03
-5.8075e-03
-6.9686e-03
-7.6513e-03
-6.5585e-03
-3.5029e-03
1.8625e-04
3.6384e-03
6.0159e-03
6.9612e-03
7.1263e-03
6.6134e-03
5.7601e-03
4.5883e-03
4.2976e-03
4.4637e-03
4.3173e-03
3.1444e-03
1.7527e-03
8.8974e-04
1.6469e-04
-4.5162e-04
-6.4200e-04
-1.1343e-03
-2.0459e-03
-3.2213e-03
-3.5395e-03
-2.9897e-03
-2.0979e-03
-8.5904e-04
-6.2193e-04
-1.8135e-03
-3.3946e-03
-4.5937e-03
-4.4039e-03
-3.6158e-03
-2.3829e-03
-7.8468e-04
4.4710e-04
2.4242e-04
-6.6247e-04
-1.3524e-03
-1.2497e-03
-1.6989e-04
2.3053e-05
-5.4354e-04
-6.8693e-04
-5.8070e-04
-7.9039e-04
-1.5733e-03
-2.1297e-03
-3.4450e-03
-4.6450e-03
-2.8250e-03
3.8218e-04
3.9054e-03
5.5232e-03
3.7575e-03
1.0553e-03
7.4767e-04
2.6591e-03
4.1640e-03
3.7581e-03
2.3169e-03
9.6064e-04
6.5707e-04
1.3735e-03
2.7896e-03
3.6105e-03
2.3608e-03
-3.2796e-04
-1.9091e-03
-1.3111e-03
-1.2361e-04
-5.7953e-04
-1.8833e-03
-2.1528e-03
-1.5218e-03
-7.2360e-04
-5.0409e-05
-3.3650e-04
-1.9254e-03
-5.0266e-03
-7.4635e-03
-7.7997e-03
-6.5586e-03
-4.4610e-03
-2.5702e-03
-1.5837e-03
-3.8721e-04
1.7679e-03
4.4707e-03
6.7645e-03
7.8436e-03
7.7620e-03
6.0635e-03
4.4150e-03
3.8378e-03
4.2066e-03
3.8756e-03
2.4324e-03
3.2565e-04
-1.6953e-03
-2.5729e-03
-3.2391e-03
-4.7139e-03
-6.7073e-03
-7.6227e-03
-7.2245e-03
-6.4692e-03
-5.2048e-03
-3.3067e-03
-1.1053e-03
1.5844e-03
4.3747e-03
6.8063e-03
8.8444e-03
9.3520e-03
8.1332e-03
5.5157e-03
2.0814e-03
-8.9982e-04
-2.9631e-03
-4.0896e-03
-5.3294e-03
-6.2132e-03
-6.3784e-03
-6.2801e-03
-5.8381e-03
-5.2281e-03
-3.7813e-03
-1.0424e-03
1.0908e-03
7.9158e-04
-5.7084e-04
-8.1393e-04
4.5180e-04
2.6046e-03
4.6030e-03
5.4589e-03
5.6875e-03
6.3311e-03
6.4613e-03
5.2471e-03
3.2872e-03
1.6183e-03
2.7869e-04
-3.9447e-04
-6.7282e-04
-1.8637e-03
-3.3100e-03
-3.9789e-03
-4.2311e-03
-4.9253e-03
-5.0908e-03
-2.7850e-03
1.5213e-03
6.2310e-03
8.4960e-03
7.8968e-03
4.7574e-03
8.2665e-04
-1.6747e-03
-3.7116e-03
-5.9179e-03
-8.0582e-03
-9.6619e-03
-1.0457e-02
-1.0039e-02
-8.2543e-03
-5.4732e-03
-2.0280e-03
8.8688e-04
2.5067e-03
3.3082e-03
4.1322e-03
4.9503e-03
4.9637e-03
3.7190e-03
2.7993e-03
3.4885e-03
5.4599e-03
6.3671e-03
4.7406e-03
1.3926e-03
-2.7612e-03
-7.0370e-03
-1.0137e-02
-1.1120e-02
-9.6549e-03
-6.8145e-03
-2.9556e-03
7.4093e-04
3.6634e-03
5.9418e-03
7.4958e-03
8.3794e-03
8.5339e-03
7.9626e-03
6.6672e-03
5.0993e-03
3.8370e-03
3.6788e-03
3.6292e-03
2.2949e-03
4.3786e-04
-5.2408e-04
-1.3124e-03
-2.6301e-03
-2.9261e-03
-1.6260e-03
4.1856e-04
1.4065e-03
7.0506e-04
-1.0944e-03
-2.0759e-03
-1.9941e-03
-1.6074e-03
-1.8705e-03
-2.1834e-03
-2.7237e-03
-3.4367e-03
-3.5881e-03
-3.4681e-03
-3.0369e-03
-2.8823e-03
-2.3014e-03
-9.8685e-04
4.1559e-04
1.3930e-03
1.8564e-03
1.4507e-03
1.4105e-03
2.4717e-03
3.4667e-03
4.6090e-03
5.5623e-03
6.2820e-03
6.3489e-03
5.2605e-03
3.7584e-03
1.8840e-03
-2.3042e-04
-2.5958e-03
-4.7056e-03
-4.4528e-03
-1.8150e-03
1.0090e-03
1.9749e-03
9.3710e-04
-6.2835e-04
-1.9556e-03
-2.1071e-03
-9.8690e-04
3.4676e-04
1.8469e-03
3.8376e-03
5.3979e-03
5.7038e-03
5.0408e-03
3.6567e-03
2.3470e-03
1.7771e-03
8.9704e-04
-2.2589e-03
-6.3471e-03
-8.8412e-03
-9.8067e-03
-9.4950e-03
-7.3928e-03
-3.5577e-03
-9.2710e-04
-1.3600e-03
-3.9969e-03
-6.6522e-03
-7.4937e-03
-8.2591e-03
-1.0860e-02
-1.3946e-02
-1.4311e-02
-1.0718e-02
-5.1522e-03
-6.2550e-04
1.4522e-03
8.9856e-04
9.1696e-04
1.9165e-03
4.4039e-03
7.4369e-03
8.9908e-03
7.9624e-03
5.3094e-03
3.1639e-03
2.2396e-03
1.6605e-03
7.9511e-04
-5.6478e-04
-1.4417e-03
-8.3228e-04
9.6819e-04
2.5411e-03
3.4461e-03
3.5875e-03
2.2313e-03
-3.2047e-04
-1.9525e-03
-2.0541e-03
-2.0045e-03
-3.2764e-03
-5.9625e-03
-8.7501e-03
-1.0430e-02
-1.1070e-02
-1.0854e-02
-1.0646e-02
-9.5956e-03
-7.4977e-03
-4.9230e-03
-2.6240e-03
-4.6751e-04
1.6789e-03
3.0620e-03
3.5751e-03
4.0882e-03
3.6273e-03
1.7028e-03
-3.5281e-04
-1.8994e-03
-3.2839e-03
-4.7891e-03
-6.1090e-03
-6.9797e-03
-7.8186e-03
-8.5513e-03
-7.5734e-03
-4.3713e-03
4.7837e-04
5.8951e-03
1.0442e-02
1.4050e-02
1.6660e-02
1.7661e-02
1.5930e-02
1.1483e-02
6.5467e-03
2.1689e-03
-1.8947e-03
-5.6751e-03
-9.4418e-03
-1.2371e-02
-1.2203e-02
-9.5400e-03
-6.9924e-03
-6.4252e-03
-6.5651e-03
-6.5840e-03
-6.4618e-03
-5.4131e-03
-3.8835e-03
-1.8496e-03
-2.3252e-04
-8.1809e-05
-1.3828e-03
-2.3890e-03
-1.0871e-03
3.2814e-03
8.3011e-03
1.1927e-02
1.3922e-02
1.4769e-02
1.3541e-02
1.0334e-02
8.1126e-03
8.2918e-03
9.1003e-03
9.6924e-03
9.9672e-03
9.8423e-03
8.2442e-03
5.3224e-03
1.5972e-03
-1.8474e-03
-5.0527e-03
-6.8806e-03
-7.1164e-03
-7.2072e-03
-6.8010e-03
-5.3100e-03
-2.1239e-03
4.3642e-04
6.3941e-04
-1.7970e-03
-5.1788e-03
-7.5332e-03
-8.5948e-03
-8.1799e-03
-5.4606e-03
-6.0930e-04
3.9729e-03
8.7764e-03
1.4410e-02
1.9443e-02
2.2747e-02
2.3928e-02
2.2453e-02
1.7321e-02
8.7444e-03
-9.5743e-04
-9.7045e-03
-1.7264e-02
-2.2178e-02
-2.1727e-02
-1.5406e-02
-6.6458e-03
-1.2478e-04
2.2781e-03
5.6735e-04
-2.0798e-03
-7.1242e-04
4.6955e-03
1.1040e-02
1.4753e-02
1.4885e-02
1.4010e-02
1.2958e-02
1.1625e-02
9.6253e-03
6.2272e-03
2.1355e-03
-1.9540e-03
-6.2220e-03
-1.2192e-02
-1.9708e-02
-2.7646e-02
-3.5014e-02
-4.0295e-02
-4.1697e-02
-3.9896e-02
-3.6944e-02
-3.4278e-02
-2.9787e-02
-2.0648e-02
-7.5948e-03
6.6292e-03
1.9501e-02
3.1909e-02
4.2129e-02
4.7952e-02
4.8297e-02
4.2768e-02
3.4056e-02
2.5453e-02
1.9419e-02
1.5742e-02
1.3722e-02
1.1554e-02
1.0058e-02
1.0078e-02
9.9859e-03
6.8944e-03
2.0389e-03
-1.5556e-03
-2.7678e-03
-3.8714e-03
-5.9867e-03
-9.7900e-03
-1.5216e-02
-2.2378e-02
-3.1101e-02
-4.1677e-02
-5.1544e-02
-5.9410e-02
-6.4175e-02
-6.4879e-02
-5.9515e-02
-4.7409e-02
-3.1967e-02
-1.4907e-02
3.6624e-03
2.0165e-02
2.9166e-02
3.2594e-02
3.6965e-02
4.5449e-02
5.4850e-02
6.1803e-02
6.5411e-02
6.4559e-02
5.8503e-02
4.9349e-02
3.9848e-02
2.9653e-02
2.0493e-02
1.3575e-02
9.3674e-03
5.4366e-03
2.6329e-04
-3.0530e-03
-5.0830e-03
-8.9622e-03
-1.6198e-02
-2.5036e-02
-3.1949e-02
-3.2870e-02
-2.5937e-02
-1.4348e-02
-1.2536e-03
1.0132e-02
1.7151e-02
1.7666e-02
1.3123e-02
7.7941e-03
5.6858e-03
6.7736e-03
8.5442e-03
9.0626e-03
5.6166e-03
-3.7989e-04
-6.2055e-03
-1.1308e-02
-1.5392e-02
-1.7921e-02
-2.0361e-02
-2.3174e-02
-2.3542e-02
-2.0561e-02
-1.6911e-02
-1.4318e-02
-1.1842e-02
-6.4111e-03
3.7070e-03
1.3930e-02
1.8439e-02
1.6124e-02
1.0028e-02
2.9496e-03
-2.5113e-03
-4.4966e-03
-6.0599e-03
-1.0078e-02
-1.4356e-02
-1.5249e-02
-1.2210e-02
-5.8783e-03
2.9767e-03
1.3320e-02
2.3838e-02
3.2558e-02
3.7771e-02
3.5477e-02
2.3240e-02
4.6945e-03
-1.4896e-02
-3.1052e-02
-4.1557e-02
-4.7621e-02
-4.9346e-02
-4.9028e-02
-4.8507e-02
-4.7234e-02
-4.3791e-02
-3.7817e-02
-2.8302e-02
-1.6004e-02
-4.8579e-03
2.6196e-03
6.4786e-03
9.4811e-03
1.5851e-02
2.6033e-02
3.8439e-02
5.0280e-02
5.9551e-02
6.4155e-02
6.5414e-02
6.4776e-02
6.1179e-02
5.2254e-02
3.8047e-02
2.1645e-02
6.4368e-03
-7.6618e-03
-2.1794e-02
-3.6183e-02
-5.0097e-02
-6.0762e-02
-6.4878e-02
-6.2286e-02
-5.5045e-02
-4.6243e-02
-3.6314e-02
-2.7724e-02
-2.1966e-02
-1.8831e-02
-1.5511e-02
-7.7789e-03
4.8378e-03
1.9400e-02
3.1932e-02
3.7354e-02
3.3384e-02
2.4091e-02
1.3773e-02
5.0989e-03
-1.1745e-03
-5.5724e-03
-7.7727e-03
-8.4211e-03
-7.6190e-03
-6.1611e-03
-4.1643e-03
-1.3782e-03
1.2804e-03
3.8814e-03
8.0442e-03
1.5457e-02
2.3373e-02
2.7590e-02
2.6492e-02
2.1411e-02
1.3895e-02
6.0324e-03
1.2139e-03
1.2441e-03
4.3795e-03
6.8481e-03
6.3249e-03
2.2632e-03
-3.3769e-03
-9.6564e-03
-1.5898e-02
-2.0376e-02
-2.3240e-02
-2.5031e-02
-2.2605e-02
-1.2935e-02
2.2752e-03
1.6315e-02
2.1677e-02
1.6711e-02
6.6182e-03
-5.0163e-03
-1.6503e-02
-2.5467e-02
-2.9958e-02
-2.9917e-02
-2.7040e-02
-2.2922e-02
-1.8198e-02
-1.3165e-02
-8.3461e-03
-3.5860e-03
2.3759e-03
1.2250e-02
2.7104e-02
4.5199e-02
6.2432e-02
7.5083e-02
8.1082e-02
7.8548e-02
6.8470e-02
5.4386e-02
3.8709e-02
2.2008e-02
3.0607e-03
-1.6967e-02
-3.4095e-02
-4.4245e-02
-4.7088e-02
-4.6250e-02
-4.4359e-02
-4.1333e-02
-3.7416e-02
-3.1479e-02
-2.2484e-02
-1.1057e-02
-6.5903e-04
7.0350e-03
1.1646e-02
1.2502e-02
1.0781e-02
7.7134e-03
3.5117e-03
-1.5721e-03
-5.5124e-03
-4.4622e-03
2.5747e-03
1.3195e-02
2.2036e-02
2.3670e-02
1.8273e-02
1.2521e-02
1.1598e-02
1.5485e-02
2.1271e-02
2.4539e-02
2.0212e-02
8.5070e-03
-6.3579e-03
-2.0272e-02
-3.2489e-02
-4.1704e-02
-4.6695e-02
-4.7178e-02
-4.3705e-02
-3.5789e-02
-2.3845e-02
-1.1381e-02
-2.9972e-04
1.0932e-02
2.1385e-02
2.8457e-02
3.0029e-02
2.6372e-02
1.9714e-02
1.0214e-02
-1.3733e-03
-1.1359e-02
-1.7989e-02
-1.9873e-02
-1.8220e-02
-1.4359e-02
-9.4452e-03
-5.6750e-03
-4.8161e-03
-6.3323e-03
-6.7072e-03
-4.6200e-03
-4.3455e-04
7.6890e-03
1.8624e-02
2.9657e-02
3.6110e-02
3.6987e-02
3.5404e-02
3.0018e-02
2.1690e-02
1.3267e-02
4.4004e-03
-2.5458e-03
-5.9162e-03
-6.5147e-03
-5.5772e-03
-3.3309e-03
6.4261e-04
3.9065e-03
4.6658e-03
6.3084e-03
9.8049e-03
1.3433e-02
1.5345e-02
1.4380e-02
1.0094e-02
2.8006e-03
-6.6025e-03
-1.7185e-02
-2.8297e-02
-3.8239e-02
-4.5484e-02
-4.8033e-02
-4.6179e-02
-4.1052e-02
-3.1446e-02
-1.8375e-02
-4.2811e-03
7.7422e-03
1.5755e-02
1.9436e-02
2.2370e-02
2.7050e-02
3.2199e-02
3.6648e-02
3.9227e-02
3.9288e-02
3.7128e-02
3.5370e-02
3.4315e-02
3.2125e-02
2.5689e-02
1.1984e-02
-6.4706e-03
-2.4045e-02
-3.7220e-02
-4.4760e-02
-4.8233e-02
-4.9095e-02
-4.7031e-02
-4.0709e-02
-2.8985e-02
-1.3828e-02
2.2442e-03
1.6955e-02
2.8830e-02
3.5636e-02
3.6128e-02
3.0767e-02
2.1104e-02
8.8839e-03
-4.6877e-03
-1.8270e-02
-2.8193e-02
-3.2087e-02
-3.1453e-02
-2.9295e-02
-2.7002e-02
-2.5877e-02
-2.4590e-02
-2.2105e-02
-1.8441e-02
-1.1797e-02
2.1125e-04
1.5589e-02
2.8508e-02
3.5447e-02
3.8326e-02
3.8404e-02
3.4066e-02
2.5080e-02
1.4684e-02
5.6079e-03
-2.1369e-03
-7.0673e-03
-9.1018e-03
-9.2450e-03
-7.5700e-03
-5.4317e-03
-4.1183e-03
-3.3894e-03
-1.4219e-03
2.7036e-03
6.9246e-03
8.4092e-03
6.7144e-03
2.4960e-03
-2.8238e-03
-5.5374e-03
-5.1062e-03
-4.0655e-03
-5.3839e-03
-1.1134e-02
-1.8745e-02
-2.3885e-02
-2.5984e-02
-2.7495e-02
-2.8468e-02
-2.6884e-02
-2.2835e-02
-1.7586e-02
-1.2647e-02
-6.6885e-03
2.1166e-03
1.3617e-02
2.5508e-02
3.5693e-02
4.0775e-02
4.0049e-02
3.7614e-02
3.7484e-02
3.8805e-02
3.7766e-02
3.3479e-02
2.7822e-02
2.1190e-02
1.3543e-02
5.1606e-03
-3.4601e-03
-1.0951e-02
-1.5752e-02
-1.6315e-02
-1.3729e-02
-1.1995e-02
-1.4900e-02
-2.1959e-02
-2.8538e-02
-2.8653e-02
-2.1878e-02
-1.4019e-02
-9.4500e-03
-7.9054e-03
-6.9285e-03
-3.8172e-03
6.4148e-04
4.6916e-03
6.6388e-03
7.0012e-03
6.0355e-03
2.1209e-03
-5.5290e-03
-1.4635e-02
-2.3300e-02
-3.0409e-02
-3.3727e-02
-3.0364e-02
-2.1189e-02
-8.8343e-03
3.5699e-03
1.1806e-02
1.3682e-02
1.1948e-02
1.0966e-02
1.2368e-02
1.6247e-02
1.9449e-02
1.9356e-02
1.5416e-02
9.2442e-03
4.6892e-03
4.6916e-03
7.9865e-03
1.1452e-02
1.2438e-02
1.1334e-02
1.0419e-02
1.0960e-02
1.3005e-02
1.5451e-02
1.5628e-02
1.1324e-02
4.5469e-03
-2.9029e-04
-2.2704e-03
-2.6531e-03
-5.4578e-03
-1.1821e-02
-1.9260e-02
-2.2516e-02
-1.7451e-02
-8.0627e-03
-1.0233e-03
1.0897e-03
-1.7210e-03
-7.6785e-03
-1.3534e-02
-1.5789e-02
-1.2273e-02
-3.2980e-03
7.1897e-03
1.5394e-02
2.0307e-02
2.2147e-02
2.0717e-02
1.6988e-02
1.2647e-02
8.4071e-03
5.4366e-03
3.9139e-03
1.9526e-03
-2.5426e-03
-9.5218e-03
-1.6740e-02
-2.0081e-02
-1.6683e-02
-6.2105e-03
6.8880e-03
1.5527e-02
1.7822e-02
1.6324e-02
1.3906e-02
1.1497e-02
8.7849e-03
7.3890e-03
7.8568e-03
6.6436e-03
1.7003e-03
-4.6866e-03
-1.0351e-02
-1.4827e-02
-1.7995e-02
-1.9684e-02
-1.8955e-02
-1.5804e-02
-9.9477e-03
-2.2059e-03
5.0703e-03
8.7390e-03
7.7767e-03
3.7863e-03
8.7657e-04
2.6631e-03
8.1658e-03
1.5052e-02
1.9989e-02
1.9968e-02
1.4298e-02
6.0750e-03
7.6411e-04
-4.1455e-04
-5.6414e-04
-3.3216e-03
-8.4974e-03
-1.5334e-02
-2.0051e-02
-1.9586e-02
-1.4708e-02
-7.5765e-03
3.5962e-04
6.3416e-03
1.0830e-02
1.6038e-02
2.0731e-02
2.0374e-02
1.2594e-02
6.0551e-04
-8.6587e-03
-1.3100e-02
-1.4568e-02
-1.6513e-02
-1.9474e-02
-2.1754e-02
-2.2634e-02
-2.2111e-02
-2.1038e-02
-1.9546e-02
-1.6551e-02
-1.2210e-02
-7.3353e-03
-3.1793e-03
-7.3751e-04
2.3254e-03
7.8369e-03
1.6162e-02
2.4602e-02
2.9100e-02
2.8977e-02
2.5387e-02
2.0019e-02
1.4462e-02
9.4718e-03
5.4830e-03
2.0800e-03
1.3840e-04
-1.0833e-03
-2.5294e-03
-5.5989e-03
-1.0961e-02
-1.7986e-02
-2.4674e-02
-2.7974e-02
-2.6544e-02
-2.2668e-02
-1.9696e-02
-1.8202e-02
-1.6939e-02
-1.4671e-02
-1.0851e-02
-7.1130e-03
-4.2517e-03
-2.0468e-03
-6.0838e-05
2.7626e-03
7.2988e-03
1.3060e-02
1.8708e-02
2.2645e-02
2.3802e-02
2.2659e-02
1.9829e-02
1.6706e-02
1.2326e-02
7.3027e-03
1.8586e-03
-4.0355e-03
-1.0137e-02
-1.4863e-02
-1.7868e-02
-1.9626e-02
-2.0466e-02
-2.0161e-02
-1.8316e-02
-1.4522e-02
-8.9352e-03
-2.6304e-03
2.0341e-03
3.6359e-03
3.2973e-03
3.9327e-03
6.5139e-03
8.7728e-03
9.2789e-03
8.0474e-03
4.7349e-03
-3.9938e-04
-5.4416e-03
-1.0357e-02
-1.5499e-02
-1.9499e-02
-1.9618e-02
-1.4154e-02
-4.1756e-03
7.1109e-03
1.6527e-02
2.2286e-02
2.5251e-02
2.6435e-02
2.7786e-02
3.0113e-02
3.1773e-02
2.9843e-02
2.2703e-02
1.1281e-02
-1.2755e-03
-1.1477e-02
-1.9073e-02
-2.5166e-02
-2.9351e-02
-2.9841e-02
-2.6316e-02
-2.1375e-02
-1.7715e-02
-1.5676e-02
-1.4367e-02
-1.1519e-02
-8.5531e-03
-5.6401e-03
-2.0498e-03
7.7473e-04
1.1698e-03
5.2215e-04
1.1483e-03
3.1496e-03
4.6470e-03
4.7249e-03
4.6814e-03
6.4084e-03
9.9527e-03
1.4146e-02
1.6662e-02
1.6241e-02
1.3402e-02
9.8316e-03
5.2314e-03
-8.6273e-04
-7.8288e-03
-1.5042e-02
-2.1132e-02
-2.4324e-02
-2.3271e-02
-1.9237e-02
-1.3281e-02
-6.6183e-03
-5.1561e-04
6.1250e-03
1.2329e-02
1.7778e-02
2.1886e-02
2.5254e-02
2.8119e-02
3.0750e-02
3.3711e-02
3.3579e-02
2.7492e-02
1.7415e-02
6.9725e-03
-1.9828e-03
-9.7865e-03
-1.5886e-02
-1.9797e-02
-2.2295e-02
-2.3916e-02
-2.4235e-02
-2.2500e-02
-1.8790e-02
-1.3341e-02
-6.2628e-03
8.9491e-04
4.4199e-03
3.3569e-03
7.3697e-04
1.0828e-03
5.3597e-03
1.0453e-02
1.4275e-02
1.5273e-02
1.1140e-02
-4.2355e-04
-1.7070e-02
-3.1896e-02
-3.9056e-02
-3.7797e-02
-3.3895e-02
-3.0609e-02
-2.6865e-02
-2.0643e-02
-1.1004e-02
-1.0977e-03
4.6699e-03
5.9981e-03
5.3497e-03
5.5699e-03
9.5321e-03
1.8798e-02
2.9391e-02
3.4818e-02
3.3062e-02
2.5882e-02
1.6524e-02
8.9098e-03
4.0459e-03
8.7304e-04
-3.8963e-03
-1.1485e-02
-1.8385e-02
-2.0576e-02
-1.6404e-02
-8.5898e-03
-1.8506e-03
1.9724e-03
3.6388e-03
4.5674e-03
6.4057e-03
8.8811e-03
1.1193e-02
1.0733e-02
5.8903e-03
-4.2913e-04
-5.1431e-03
-7.5095e-03
-7.1557e-03
-5.6675e-03
-5.6880e-03
-8.7758e-03
-1.2043e-02
-1.1674e-02
-6.5304e-03
-2.7801e-04
2.2804e-03
1.3484e-03
9.1933e-04
3.0607e-03
7.5667e-03
1.1543e-02
1.2744e-02
1.0743e-02
6.3014e-03
3.1593e-03
2.8524e-03
3.9414e-03
4.7681e-03
5.4547e-03
6.2005e-03
6.2236e-03
5.2124e-03
3.8038e-03
1.7557e-03
-1.1458e-03
-2.9643e-03
-1.6722e-03
2.7429e-03
6.0200e-03
5.6028e-03
2.5768e-03
9.0155e-05
-6.5514e-04
-2.0632e-05
6.6458e-04
-5.0729e-04
-3.2727e-03
-5.9191e-03
-7.0429e-03
-7.7019e-03
-8.4801e-03
-8.7059e-03
-8.0511e-03
-6.2167e-03
-4.0099e-03
-1.8840e-03
-3.7780e-04
3.6749e-04
1.0600e-03
2.8795e-03
5.9070e-03
9.2928e-03
1.0480e-02
8.7905e-03
5.5915e-03
1.9137e-03
-2.0999e-03
-5.2541e-03
-7.2470e-03
-8.8965e-03
-1.1612e-02
-1.4602e-02
-1.5471e-02
-1.3895e-02
-1.2151e-02
-1.1520e-02
-1.1731e-02
-1.1114e-02
-6.3730e-03
1.9995e-03
1.1167e-02
1.6930e-02
1.7490e-02
1.4370e-02
1.1514e-02
1.1959e-02
1.4524e-02
1.5582e-02
1.3753e-02
1.0397e-02
7.4269e-03
5.8470e-03
5.6427e-03
6.2311e-03
6.4658e-03
5.3351e-03
1.5621e-03
-5.0877e-03
-1.3311e-02
-2.1261e-02
-2.7859e-02
-3.2500e-02
-3.5427e-02
-3.7286e-02
-3.8926e-02
-3.8743e-02
-3.3974e-02
-2.4547e-02
-1.2984e-02
-3.1164e-03
3.6718e-03
6.8654e-03
7.3334e-03
9.0393e-03
1.3966e-02
2.0833e-02
2.5387e-02
2.5337e-02
2.3403e-02
2.2641e-02
2.3188e-02
2.3038e-02
2.0944e-02
1.5866e-02
9.0564e-03
3.0647e-03
-1.4867e-03
-3.8772e-03
-4.0377e-03
-3.6978e-03
-5.3748e-03
-7.6351e-03
-8.1598e-03
-5.8537e-03
4.4619e-05
8.9628e-03
1.7723e-02
2.2861e-02
2.3325e-02
2.2113e-02
1.9732e-02
1.4996e-02
8.8695e-03
4.1493e-03
1.9056e-03
1.0359e-03
-8.5065e-04
-5.4225e-03
-1.1766e-02
-1.7660e-02
-1.9878e-02
-1.6611e-02
-8.6130e-03
1.2149e-03
8.1345e-03
9.0416e-03
5.3652e-03
7.5611e-04
-2.3633e-03
-4.9510e-03
-8.3801e-03
-1.3296e-02
-1.8949e-02
-2.2490e-02
-2.2175e-02
-1.7455e-02
-1.0553e-02
-3.4862e-03
2.4216e-03
5.7110e-03
6.1989e-03
4.9888e-03
3.2582e-03
1.6359e-03
-5.5964e-04
-2.5713e-03
-2.2486e-03
-5.0123e-04
5.0115e-04
1.2166e-03
2.0048e-03
1.9361e-03
7.9041e-04
5.1103e-04
2.2398e-03
5.1525e-03
8.5283e-03
1.0820e-02
1.1712e-02
1.2444e-02
1.3797e-02
1.5313e-02
1.5821e-02
1.3984e-02
8.2429e-03
-4.0590e-04
-8.8082e-03
-1.5185e-02
-1.7320e-02
-1.6268e-02
-1.5742e-02
-1.6929e-02
-1.7697e-02
-1.6190e-02
-1.3832e-02
-1.0707e-02
-7.2802e-03
-3.2377e-03
1.8619e-03
7.4317e-03
1.1248e-02
1.2782e-02
1.3990e-02
1.6529e-02
1.7665e-02
1.5366e-02
1.1245e-02
7.4830e-03
5.3383e-03
5.0698e-03
5.0377e-03
3.7010e-03
1.6279e-03
6.1454e-04
1.2925e-03
3.1059e-03
4.2203e-03
4.1168e-03
2.8666e-03
1.9910e-03
3.1972e-03
6.3098e-03
9.5003e-03
1.1598e-02
1.1096e-02
7.6275e-03
8.8105e-04
-7.2779e-03
-1.5017e-02
-1.9942e-02
-1.9981e-02
-1.6690e-02
-1.2785e-02
-1.1501e-02
-1.2065e-02
-1.2882e-02
-1.2925e-02
-1.1116e-02
-7.3624e-03
-2.9197e-03
1.6961e-03
5.0999e-03
7.3469e-03
8.1620e-03
7.2212e-03
6.3686e-03
6.2373e-03
6.7816e-03
8.2240e-03
1.0283e-02
1.1234e-02
9.9921e-03
7.5032e-03
5.7622e-03
4.6569e-03
3.2442e-03
-1.1563e-05
-5.4787e-03
-1.1095e-02
-1.4958e-02
-1.6704e-02
-1.7067e-02
-1.6081e-02
-1.2942e-02
-6.9409e-03
6.1187e-04
6.7798e-03
9.9789e-03
9.9797e-03
7.8967e-03
5.2516e-03
4.1688e-03
5.9235e-03
9.6841e-03
1.4108e-02
1.8293e-02
2.0894e-02
2.0634e-02
1.7495e-02
1.2003e-02
6.0425e-03
-1.4526e-03
-9.2547e-03
-1.4652e-02
-1.7209e-02
-1.8639e-02
-1.9979e-02
-2.1144e-02
-1.8861e-02
-1.2606e-02
-3.2331e-03
6.1562e-03
1.1717e-02
1.3111e-02
1.2100e-02
1.0667e-02
9.3920e-03
9.1307e-03
9.6827e-03
1.0545e-02
1.1256e-02
1.0628e-02
8.2866e-03
5.9618e-03
3.8914e-03
2.2072e-03
1.4898e-03
2.4434e-03
4.1327e-03
5.3531e-03
4.9254e-03
3.6501e-03
3.4322e-03
3.6943e-03
3.4398e-03
1.6135e-03
-2.2758e-04
-8.0177e-04
-2.0650e-03
-3.4049e-03
-2.5045e-03
-3.7999e-04
1.1934e-03
1.3138e-03
1.1805e-04
-1.2711e-03
-2.1369e-03
-2.6768e-03
-2.8898e-03
-3.5314e-03
-4.6739e-03
-5.6345e-03
-7.0017e-03
-7.9707e-03
-6.7863e-03
-2.9982e-03
1.4253e-03
4.3877e-03
4.9118e-03
3.5969e-03
1.6412e-03
1.8422e-04
-9.1179e-05
2.1958e-05
4.2806e-04
6.4959e-04
1.1976e-03
1.8660e-03
2.1440e-03
2.1223e-03
9.5177e-04
-1.6540e-03
-4.6788e-03
-7.2550e-03
-8.3614e-03
-9.1967e-03
-1.0357e-02
-1.0172e-02
-8.8599e-03
-6.8851e-03
-4.2786e-03
-1.3598e-03
2.0822e-03
5.1078e-03
6.7738e-03
6.9280e-03
6.3035e-03
6.2289e-03
7.4732e-03
9.4440e-03
1.1129e-02
1.1925e-02
1.0890e-02
7.7293e-03
3.5047e-03
-7.4544e-04
-3.3854e-03
-3.6390e-03
-1.2114e-03
2.2392e-03
4.4916e-03
4.8876e-03
4.6824e-03
4.7236e-03
6.1162e-03
8.7317e-03
1.0347e-02
9.9642e-03
8.9869e-03
8.6370e-03
1.0104e-02
1.1424e-02
1.1368e-02
8.9422e-03
4.4916e-03
2.0403e-05
-4.7526e-03
-9.5361e-03
-1.3651e-02
-1.7107e-02
-1.7945e-02
-1.5474e-02
-1.0311e-02
-3.9774e-03
1.5877e-03
5.4941e-03
8.5374e-03
1.1839e-02
1.4493e-02
1.6639e-02
1.7012e-02
1.4756e-02
1.0644e-02
5.6616e-03
1.3798e-03
-3.5154e-04
-5.5170e-04
-1.8020e-03
-5.0322e-03
-8.7878e-03
-1.1979e-02
-1.3381e-02
-1.4468e-02
-1.5544e-02
-1.6272e-02
-1.5893e-02
-1.3445e-02
-9.3060e-03
-4.0359e-03
5.1591e-04
4.1708e-03
7.0894e-03
8.9447e-03
9.8033e-03
9.1363e-03
6.9508e-03
4.7919e-03
1.4749e-03
-4.5336e-03
-1.1535e-02
-1.6896e-02
-1.9432e-02
-1.9681e-02
-1.8785e-02
-1.7876e-02
-1.5716e-02
-1.1675e-02
-5.0968e-03
3.8389e-03
1.2729e-02
1.9204e-02
2.1058e-02
1.9467e-02
1.5557e-02
9.7309e-03
3.4760e-03
-3.0313e-03
-1.0070e-02
-1.6004e-02
-1.8762e-02
-1.8555e-02
-1.6637e-02
-1.3979e-02
-1.1313e-02
-8.9659e-03
-5.9896e-03
-2.7091e-03
1.3027e-03
4.5007e-03
4.9498e-03
3.0226e-03
2.4747e-04
-7.9318e-04
9.6891e-04
4.8219e-03
9.0629e-03
1.2858e-02
1.5665e-02
1.6248e-02
1.5104e-02
1.3127e-02
1.0333e-02
7.1519e-03
4.1641e-03
2.5970e-04
-5.3743e-03
-1.1661e-02
-1.6385e-02
-1.7648e-02
-1.5814e-02
-1.2213e-02
-9.4348e-03
-7.0858e-03
-5.9542e-03
-5.3251e-03
-3.9296e-03
-1.4813e-03
1.5932e-03
5.0577e-03
7.3913e-03
7.1363e-03
5.2712e-03
3.1107e-03
1.0938e-03
-5.2046e-04
-1.8234e-03
-2.7455e-03
-3.5764e-03
-4.1853e-03
-3.6585e-03
-2.9699e-03
-3.4668e-03
-4.8006e-03
-5.7560e-03
-5.4170e-03
-2.7098e-03
2.8962e-03
9.3285e-03
1.5312e-02
2.0263e-02
2.1878e-02
2.0048e-02
1.5740e-02
1.0977e-02
6.0599e-03
-6.9961e-04
-8.9506e-03
-1.6937e-02
-2.3199e-02
-2.6584e-02
-2.5258e-02
-1.9139e-02
-1.0719e-02
-1.9254e-03
5.6345e-03
1.1644e-02
1.5555e-02
1.5847e-02
1.3155e-02
7.9789e-03
2.5071e-03
-1.8157e-03
-6.6687e-03
-1.3565e-02
-2.0835e-02
-2.5107e-02
-2.4435e-02
-1.9357e-02
-1.2136e-02
-5.5388e-03
2.4709e-04
4.8180e-03
7.2278e-03
7.6120e-03
7.6819e-03
8.3525e-03
9.0313e-03
9.1446e-03
9.2119e-03
9.2593e-03
8.2057e-03
5.0147e-03
-3.8253e-04
-7.1770e-03
-1.3300e-02
-1.7648e-02
-1.8507e-02
-1.6509e-02
-1.2957e-02
-9.6871e-03
-6.0786e-03
-2.1418e-03
2.4354e-03
6.9220e-03
1.0930e-02
1.4951e-02
1.9126e-02
2.1125e-02
1.8893e-02
1.3710e-02
8.3680e-03
5.0419e-03
4.3977e-03
3.8515e-03
1.2542e-03
-2.2887e-03
-5.7944e-03
-8.1371e-03
-9.5798e-03
-1.0055e-02
-9.4810e-03
-6.4535e-03
-1.1393e-03
4.6380e-03
9.1444e-03
1.1168e-02
1.0130e-02
6.3364e-03
1.5102e-03
-2.1886e-03
-4.5336e-03
-6.1157e-03
-7.4612e-03
-8.3790e-03
-9.6601e-03
-1.1121e-02
-1.1964e-02
-1.1550e-02
-1.0107e-02
-7.7700e-03
-5.4472e-03
-2.7290e-03
1.2553e-04
1.8915e-03
2.1111e-03
8.0941e-04
-1.1844e-03
-2.1023e-03
-1.5338e-03
-2.9414e-04
5.6355e-04
1.1534e-03
1.4665e-03
1.4177e-03
-1.6167e-04
-3.6005e-03
-8.4250e-03
-1.2819e-02
-1.4138e-02
-1.1936e-02
-7.2710e-03
-1.2988e-03
4.4917e-03
9.5742e-03
1.3983e-02
1.7160e-02
1.8811e-02
1.8565e-02
1.6786e-02
1.3462e-02
8.5966e-03
3.2921e-03
-7.3059e-04
-4.6713e-03
-9.1411e-03
-1.3854e-02
-1.7320e-02
-1.8927e-02
-1.8123e-02
-1.4730e-02
-1.0041e-02
-6.2927e-03
-4.7506e-03
-4.0083e-03
-1.9890e-03
2.5069e-03
7.6055e-03
1.1985e-02
1.4518e-02
1.4779e-02
1.2634e-02
9.1887e-03
4.5231e-03
-6.8018e-04
-4.9770e-03
-6.3127e-03
-5.0541e-03
-3.1836e-03
-2.7424e-03
-3.5878e-03
-4.8926e-03
-5.1185e-03
-3.2548e-03
-6.7933e-05
3.1356e-03
5.7912e-03
6.4851e-03
5.1050e-03
2.4134e-03
-1.2777e-04
-7.4217e-04
-1.2861e-03
-2.0510e-03
-2.1748e-03
-1.5901e-03
-8.5727e-04
-2.5753e-04
4.2817e-04
1.8534e-03
3.8525e-03
4.9193e-03
4.3572e-03
2.3674e-03
-1.2261e-04
-1.5466e-03
-2.1763e-03
-4.3609e-04
4.0601e-03
8.4879e-03
1.0987e-02
1.1281e-02
9.6208e-03
6.7942e-03
3.4466e-03
9.7524e-04
1.1053e-04
6.5071e-04
1.4524e-03
8.3813e-04
-1.6845e-03
-4.6124e-03
-6.1753e-03
-5.8916e-03
-4.4536e-03
-2.5288e-03
-9.8283e-04
-3.0958e-04
-2.5070e-05
5.2574e-04
1.1226e-03
1.3822e-03
2.5331e-03
3.5672e-03
3.4265e-03
1.3098e-03
-1.1329e-03
-3.7048e-03
-6.0529e-03
-7.6058e-03
-7.9057e-03
-6.6291e-03
-4.2094e-03
-1.7284e-03
7.2224e-04
2.1468e-03
2.5415e-03
1.5778e-03
5.6051e-04
1.3243e-03
3.6807e-03
5.9913e-03
7.0688e-03
7.5075e-03
6.1353e-03
4.4026e-03
2.0732e-03
-4.1935e-04
-3.4646e-03
-6.1129e-03
-8.2013e-03
-8.6898e-03
-6.7800e-03
-2.9988e-03
9.1094e-04
4.0552e-03
5.5442e-03
6.7017e-03
7.5779e-03
7.7519e-03
8.2555e-03
9.0501e-03
1.0356e-02
1.1677e-02
1.2295e-02
1.2108e-02
9.2218e-03
4.2445e-03
-4.4143e-04
-3.1768e-03
-5.0676e-03
-6.9510e-03
-8.7520e-03
-9.3311e-03
-8.6009e-03
-7.2967e-03
-6.0214e-03
-5.7673e-03
-5.1863e-03
-3.9505e-03
-2.3505e-03
-5.0166e-04
1.0666e-03
2.4383e-03
4.0802e-03
5.3279e-03
5.1044e-03
3.7904e-03
2.3119e-03
3.4442e-04
-1.1357e-03
-2.0642e-03
-2.6675e-03
-3.2403e-03
-4.2258e-03
-6.9989e-03
-9.7122e-03
-1.2215e-02
-1.3273e-02
-1.2878e-02
-1.2232e-02
-1.0934e-02
-8.4270e-03
-5.4459e-03
-2.7517e-03
-1.1075e-03
3.0850e-04
2.3495e-03
4.5477e-03
6.1223e-03
6.4875e-03
5.2141e-03
2.0265e-03
-2.0847e-03
-5.6816e-03
-8.6389e-03
-1.0987e-02
-1.2051e-02
-1.0411e-02
-5.9541e-03
1.7721e-04
6.0652e-03
1.0567e-02
1.2448e-02
1.1932e-02
1.0329e-02
9.7545e-03
9.4161e-03
9.3034e-03
8.7587e-03
6.7179e-03
3.4474e-03
4.8400e-04
-1.6204e-03
-3.3331e-03
-5.2368e-03
-6.3857e-03
-6.4485e-03
-5.2605e-03
-2.8401e-03
1.5316e-04
4.0987e-03
7.8642e-03
1.0227e-02
1.1046e-02
1.0719e-02
1.0583e-02
1.0165e-02
8.8320e-03
6.1678e-03
2.7474e-03
-2.2090e-04
-2.3704e-03
-3.9773e-03
-5.4305e-03
-6.7328e-03
-7.3633e-03
-8.0612e-03
-7.4761e-03
-7.1274e-03
-7.1484e-03
-6.5033e-03
-5.9088e-03
-5.7212e-03
-5.2327e-03
-3.9039e-03
-1.8493e-03
7.6725e-04
3.1675e-03
5.3141e-03
6.1832e-03
5.1907e-03
3.6503e-03
2.3625e-03
1.6499e-03
8.7782e-04
-9.9923e-04
-3.2578e-03
-4.8699e-03
-4.9784e-03
-3.2563e-03
-1.0391e-03
8.7292e-04
2.4224e-03
4.5078e-03
7.2388e-03
9.0305e-03
9.2403e-03
7.5380e-03
4.5270e-03
1.3053e-03
8.8804e-05
6.8174e-04
1.3499e-03
1.3670e-03
7.8742e-04
6.0481e-04
7.3364e-04
1.2150e-03
1.4583e-03
1.4923e-03
7.9423e-04
-1.0924e-03
-3.0863e-03
-4.3086e-03
-5.3910e-03
-5.1908e-03
-3.8629e-03
-2.2810e-03
-9.3702e-04
-1.3260e-03
-3.2161e-03
-5.2987e-03
-6.9720e-03
-8.2129e-03
-8.1110e-03
-6.7687e-03
-4.0388e-03
-1.6405e-04
2.5801e-03
3.8830e-03
3.0684e-03
1.0629e-03
-1.1388e-03
-3.2175e-03
-4.1114e-03
-3.7316e-03
-2.9740e-03
-1.7989e-03
-2.5984e-04
1.6337e-03
3.2388e-03
4.6082e-03
6.0027e-03
7.4190e-03
9.0318e-03
1.0377e-02
1.0091e-02
8.1568e-03
5.4836e-03
2.5882e-03
-1.4465e-04
-2.3417e-03
-4.0981e-03
-5.9627e-03
-6.5472e-03
-5.8538e-03
-3.9411e-03
-1.3077e-03
9.5483e-04
3.0773e-03
5.1397e-03
6.8067e-03
8.2014e-03
9.0084e-03
9.1395e-03
9.2188e-03
9.2263e-03
8.6109e-03
7.3002e-03
5.9653e-03
4.6159e-03
2.5125e-03
-7.3907e-04
-3.8202e-03
-6.0269e-03
-6.9800e-03
-6.6328e-03
-5.2697e-03
-2.7045e-03
2.1493e-04
2.3824e-03
3.3375e-03
3.4914e-03
3.4361e-03
2.9882e-03
2.7275e-03
2.3722e-03
2.0648e-03
1.0206e-03
-4.8396e-04
-1.9509e-03
-3.2602e-03
-3.6635e-03
-3.5801e-03
-2.5069e-03
-4.5124e-04
2.2491e-03
5.0926e-03
7.4062e-03
8.8869e-03
9.1290e-03
8.6304e-03
7.9150e-03
6.6290e-03
4.6938e-03
2.5208e-03
-1.1287e-04
-3.0176e-03
-5.9432e-03
-8.1829e-03
-8.6378e-03
-7.3655e-03
-4.7987e-03
-1.9857e-03
2.4837e-04
1.8553e-03
2.6643e-03
2.2674e-03
8.7859e-04
-9.9032e-04
-2.6519e-03
-4.0661e-03
-4.8528e-03
-4.4200e-03
-3.6535e-03
-3.0152e-03
-2.8582e-03
-2.8911e-03
-2.9906e-03
-2.8612e-03
-1.7779e-03
-2.7257e-04
1.1227e-03
2.0820e-03
2.0587e-03
8.6063e-04
-5.3345e-04
-7.7347e-04
-5.4918e-04
-6.5528e-04
-2.4635e-03
-5.2631e-03
-7.5228e-03
-8.3870e-03
-8.0178e-03
-7.1315e-03
-5.9878e-03
-5.2596e-03
-4.9726e-03
-3.8600e-03
-3.0180e-03
-2.4660e-03
-1.2065e-03
2.1284e-03
6.9539e-03
1.1138e-02
1.2834e-02
1.3158e-02
1.1134e-02
8.2137e-03
5.6290e-03
3.2258e-03
8.1310e-05
-3.1685e-03
-5.8725e-03
-7.0332e-03
-6.9380e-03
-6.6013e-03
-6.9745e-03
-7.2223e-03
-6.6481e-03
-5.3406e-03
-3.1363e-03
-6.8606e-04
6.3804e-04
1.6472e-03
2.5890e-03
3.9600e-03
5.9916e-03
7.0463e-03
6.5127e-03
4.0788e-03
5.9673e-04
-2.9919e-03
-5.7900e-03
-7.0931e-03
-7.6046e-03
-6.8465e-03
-5.1905e-03
-2.7292e-03
-3.7722e-04
1.0214e-03
1.9021e-03
2.6951e-03
3.7995e-03
4.3470e-03
5.3239e-03
5.7111e-03
5.5059e-03
5.1296e-03
5.0590e-03
4.3896e-03
1.9483e-03
-9.2684e-04
-3.2831e-03
-4.7769e-03
-4.8700e-03
-3.8628e-03
-3.4821e-03
-3.6029e-03
-4.1783e-03
-4.9924e-03
-5.4695e-03
-5.2043e-03
-5.0344e-03
-4.5265e-03
-2.6736e-03
1.8285e-04
3.5847e-03
5.9857e-03
6.9063e-03
6.4610e-03
5.1278e-03
3.3022e-03
1.5989e-03
-3.1639e-04
-1.8559e-03
-2.7266e-03
-3.4705e-03
-3.7032e-03
-2.9552e-03
-1.0969e-03
4.0946e-04
7.3579e-04
5.8318e-04
3.4769e-05
-1.4040e-04
6.0426e-04
1.9269e-03
2.6519e-03
2.1837e-03
1.9227e-03
2.6500e-03
4.5874e-03
6.6760e-03
7.7146e-03
7.7360e-03
6.5974e-03
4.6865e-03
2.5368e-03
-1.7826e-04
-3.0731e-03
-5.3394e-03
-6.3206e-03
-5.9263e-03
-4.4077e-03
-2.0743e-03
-3.4556e-04
1.1316e-03
3.0223e-03
4.1392e-03
4.7876e-03
4.5020e-03
3.0604e-03
-6.0284e-06
-3.6860e-03
-7.1396e-03
-9.6224e-03
-1.0934e-02
-1.0801e-02
-1.0050e-02
-8.8360e-03
-6.8584e-03
-4.7564e-03
-2.6121e-03
-4.5134e-04
1.6362e-03
3.2112e-03
4.6029e-03
5.9994e-03
7.5035e-03
9.0007e-03
9.7212e-03
8.8587e-03
7.2326e-03
4.8212e-03
2.4559e-03
4.4550e-04
-1.2157e-03
-2.5101e-03
-3.4607e-03
-4.2016e-03
-4.7941e-03
-4.5360e-03
-4.2681e-03
-3.2539e-03
-1.6817e-03
2.7409e-04
1.8261e-03
2.6351e-03
3.2353e-03
4.0603e-03
5.4981e-03
6.7654e-03
6.5088e-03
5.7366e-03
5.0432e-03
4.3545e-03
3.7164e-03
3.0107e-03
1.6883e-03
-3.5136e-04
-2.5066e-03
-4.0503e-03
-4.8202e-03
-4.9611e-03
-5.0520e-03
-5.0366e-03
-4.4143e-03
-3.2239e-03
-2.2400e-03
-1.0547e-03
-1.9180e-04
4.5981e-04
1.2567e-03
2.4450e-03
3.4991e-03
4.5483e-03
4.9440e-03
5.4467e-03
6.2444e-03
6.8972e-03
7.1634e-03
7.0126e-03
6.0054e-03
4.4797e-03
2.4992e-03
3.5983e-04
-1.1831e-03
-2.0643e-03
-2.1966e-03
-1.5094e-03
-2.9304e-04
4.5693e-04
7.8165e-04
1.6094e-03
2.1261e-03
3.2848e-03
4.6748e-03
4.9127e-03
4.4623e-03
3.6237e-03
1.7835e-03
-4.0989e-04
-1.8489e-03
-2.2757e-03
-2.1072e-03
-1.0162e-03
4.4316e-04
1.2854e-03
1.4331e-03
7.0405e-04
-5.0904e-04
-1.2763e-03
-1.4664e-03
-1.9990e-03
-2.2999e-03
-2.0896e-03
-1.0117e-03
-1.8849e-04
2.8674e-06
4.0798e-04
7.1344e-04
1.2925e-03
1.4459e-03
3.2849e-04
-1.8031e-03
-4.5825e-03
-6.7299e-03
-7.1722e-03
-6.5549e-03
-5.2371e-03
-3.3499e-03
-1.6353e-03
-2.8056e-04
-8.1917e-05
-1.1441e-03
-2.2047e-03
-3.2365e-03
-3.1587e-03
-2.3338e-03
-4.2631e-04
2.3716e-03
4.4487e-03
5.0336e-03
4.9125e-03
3.7849e-03
1.6765e-03
-2.3299e-04
-1.3545e-03
-2.5506e-03
-3.9349e-03
-4.9508e-03
-6.1789e-03
-6.4815e-03
-5.7846e-03
-4.5750e-03
-3.7166e-03
-3.0455e-03
-2.3311e-03
-1.6250e-03
-9.1647e-04
-1.4098e-04
5.6044e-04
6.7706e-04
9.1679e-05
-6.6633e-04
-1.3200e-03
-1.4998e-03
-1.3865e-03
-9.5726e-04
-6.6566e-04
-2.3439e-04
-2.0907e-05
-1.3143e-05
-4.1791e-05
-6.0956e-04
-1.3105e-03
-2.0469e-03
-2.7512e-03
-3.3752e-03
-3.6976e-03
-4.1308e-03
-3.7582e-03
-2.9589e-03
-2.3121e-03
-2.1088e-03
-2.2440e-03
-2.7225e-03
-2.9715e-03
-2.8557e-03
-2.2721e-03
-1.5861e-03
-1.4416e-03
-1.4845e-03
-1.5561e-03
-1.4094e-03
-8.0761e-04
-7.1572e-04
-1.8493e-03
-3.4325e-03
-4.8206e-03
-5.0201e-03
-3.8343e-03
-2.3238e-03
-1.1097e-03
-6.9389e-04
-2.4338e-04
-3.0742e-05
-7.5680e-05
-2.6009e-05
2.4120e-05
-8.3836e-05
-6.5536e-04
-7.9295e-04
-1.5533e-04
6.7757e-04
1.1111e-03
7.7083e-04
1.2235e-03
2.5560e-03
3.4331e-03
3.5842e-03
2.9117e-03
1.5479e-03
2.5155e-04
-3.7137e-05
6.2343e-08
-3.7315e-05
-2.4317e-05
1.1365e-05
-1.1110e-04
-5.9941e-04
-7.2053e-04
-7.2054e-04
-1.2806e-03
-2.1232e-03
-2.7750e-03
-2.3940e-03
-9.8581e-04
1.0416e-03
3.0204e-03
4.1694e-03
5.2810e-03
5.6844e-03
5.6090e-03
5.1373e-03
4.2988e-03
3.1086e-03
2.1616e-03
1.6008e-03
1.3637e-03
9.1909e-04
1.0604e-04
-1.1868e-03
-2.6994e-03
-3.4658e-03
-3.0489e-03
-1.7219e-03
-1.7340e-04
1.1178e-03
8.7037e-04
-5.0240e-04
-2.5117e-03
-4.6128e-03
-6.1308e-03
-6.9913e-03
-7.1913e-03
-6.5241e-03
-4.7381e-03
-2.5884e-03
-4.3200e-04
1.6680e-03
3.1970e-03
4.1215e-03
4.7353e-03
4.8621e-03
4.9833e-03
5.5143e-03
5.6108e-03
5.1786e-03
4.8352e-03
3.8872e-03
2.9056e-03
1.7135e-03
2.5825e-04
-1.1805e-03
-2.6448e-03
-3.4873e-03
-3.5179e-03
-2.9523e-03
-2.8643e-03
-3.4303e-03
-4.1750e-03
-4.9304e-03
-5.5280e-03
-5.2587e-03
-4.3910e-03
-2.5801e-03
-4.5494e-04
1.1628e-03
2.4677e-03
2.8925e-03
2.7518e-03
1.6749e-03
2.2279e-04
-1.1340e-03
-2.2313e-03
-2.6932e-03
-1.2264e-03
1.1303e-03
3.1264e-03
4.0783e-03
4.0909e-03
4.2501e-03
4.7685e-03
5.0309e-03
4.5120e-03
3.3607e-03
1.3461e-03
1.1587e-03
1.4772e-03
1.4389e-03
1.3561e-03
8.5417e-04
5.4511e-04
2.0638e-04
4.9075e-04
6.7821e-04
7.2222e-04
1.1530e-03
1.3939e-03
2.0298e-03
2.6450e-03
2.3204e-03
1.4889e-03
2.1607e-04
-1.1851e-03
-2.0504e-03
-2.6598e-03
-2.9141e-03
-3.3712e-03
-3.6435e-03
-4.0577e-03
-4.3842e-03
-4.7811e-03
-4.5720e-03
-3.7320e-03
-1.8551e-03
8.8072e-04
3.0983e-03
4.6141e-03
5.5681e-03
6.1831e-03
5.7294e-03
4.6787e-03
3.5571e-03
1.2793e-03
-1.0679e-03
-2.6397e-03
-3.8988e-03
-4.3476e-03
-4.8039e-03
-4.4944e-03
-3.6611e-03
-2.4370e-03
-1.4751e-03
-1.0356e-03
-1.2806e-03
-9.3851e-04
-2.1152e-04
5.3888e-04
1.8307e-03
3.2130e-03
4.1904e-03
4.7468e-03
4.3751e-03
3.6377e-03
2.9403e-03
2.1831e-03
1.6101e-03
1.3912e-03
8.5151e-04
2.9676e-05
-5.6936e-04
-6.9351e-04
-8.0139e-04
-1.2762e-03
-1.0290e-03
-1.4038e-04
1.6706e-03
3.8219e-03
5.4808e-03
6.6880e-03
6.6114e-03
6.2265e-03
5.2371e-03
4.3626e-03
3.7505e-03
2.8532e-03
1.7156e-03
1.3049e-03
1.4578e-03
1.9396e-03
2.6123e-03
3.4167e-03
4.7313e-03
5.4750e-03
5.1355e-03
4.3862e-03
3.0926e-03
1.0497e-03
-9.9193e-04
-2.5579e-03
-3.9982e-03
-5.4290e-03
-6.2422e-03
-6.4335e-03
-6.3655e-03
-5.9136e-03
-5.1115e-03
-3.8204e-03
-2.4331e-03
-1.5912e-03
-9.0086e-04
-2.3388e-04
5.1775e-04
1.7258e-03
3.3415e-03
5.2210e-03
6.2771e-03
6.3541e-03
5.7796e-03
4.5229e-03
3.0578e-03
1.5841e-03
8.2714e-04
1.2349e-03
2.1058e-03
2.7012e-03
2.2596e-03
9.3555e-04
-4.9882e-04
-1.8911e-03
-2.7321e-03
-2.8966e-03
-2.2604e-03
-9.8342e-04
3.9764e-04
1.3029e-03
1.9298e-03
2.0364e-03
2.0828e-03
2.6334e-03
3.4256e-03
4.1297e-03
4.3110e-03
3.6280e-03
2.2718e-03
1.0129e-03
6.7110e-04
1.7720e-04
-5.7404e-04
-1.3579e-03
-2.0462e-03
-2.0851e-03
-1.5896e-03
-1.3949e-03
-1.3776e-03
-1.5040e-03
-2.0585e-03
-2.1427e-03
-1.5173e-03
-9.2139e-04
-7.1961e-04
-2.0556e-04
5.3194e-04
1.2413e-03
1.9993e-03
2.6430e-03
2.8634e-03
2.7771e-03
2.2717e-03
1.5304e-03
7.5586e-04
7.0102e-05
1.0446e-04
5.0226e-04
1.1182e-04
-4.8773e-04
-8.0133e-04
-1.8692e-03
-2.7136e-03
-2.8705e-03
-2.8360e-03
-2.4094e-03
-1.4755e-03
2.6255e-04
1.4015e-03
1.3382e-03
2.1088e-04
-1.1886e-03
-2.0265e-03
-2.6978e-03
-2.8880e-03
-2.7684e-03
-2.2863e-03
-2.1836e-03
-2.1576e-03
-1.5888e-03
-8.1156e-04
-2.1907e-04
5.6312e-05
4.2111e-04
6.6983e-04
1.2928e-03
2.4660e-03
2.9896e-03
3.3219e-03
2.4164e-03
9.5960e-04
-4.8888e-04
-1.9415e-03
-2.6661e-03
-2.2804e-03
-1.5881e-03
-8.1379e-04
3.5615e-04
1.3120e-03
1.9833e-03
2.0906e-03
1.5021e-03
8.4352e-04
1.6897e-04
-6.8381e-04
-1.7760e-03
-2.1501e-03
-2.6530e-03
-3.4922e-03
-4.1610e-03
-4.1837e-03
-3.7637e-03
-4.0072e-03
-4.2992e-03
-4.9136e-03
-5.6016e-03
-5.1676e-03
-3.8349e-03
-1.8572e-03
2.8406e-04
2.4097e-03
3.9979e-03
4.7542e-03
4.4580e-03
3.6242e-03
1.8552e-03
-3.4253e-04
-2.4525e-03
-4.0378e-03
-4.7835e-03
-4.8761e-03
-5.0225e-03
-5.6227e-03
-5.6435e-03
-4.6389e-03
-3.6694e-03
-2.3849e-03
-9.7650e-04
-2.2591e-04
4.9623e-05
4.9643e-04
6.6605e-04
7.4646e-04
1.2300e-03
1.3916e-03
1.4317e-03
1.4299e-03
8.5434e-04
-4.0982e-04
-1.9266e-03
-3.3517e-03
-4.0455e-03
-3.7665e-03
-3.5101e-03
-2.9485e-03
-2.2661e-03
-2.1895e-03
-2.1941e-03
-1.6155e-03
-3.0697e-04
1.2291e-03
2.5624e-03
2.7935e-03
2.2199e-03
1.5519e-03
7.8918e-04
-3.2560e-04
-1.3521e-03
-2.6008e-03
-3.4197e-03
-3.1014e-03
-2.1958e-03
-4.0427e-04
1.1814e-03
1.9509e-03
2.1373e-03
1.9838e-03
1.5738e-03
1.4833e-03
1.3793e-03
3.5621e-04
-6.6583e-04
-1.8319e-03
-2.6993e-03
-3.3733e-03
-4.1675e-03
-4.8595e-03
-4.9773e-03
-4.4486e-03
-3.6656e-03
-2.4538e-03
-1.0464e-03
4.9394e-04
2.2921e-03
3.4940e-03
4.5940e-03
5.0284e-03
4.8720e-03
4.3423e-03
3.7430e-03
3.4811e-03
2.5013e-03
1.4616e-03
2.4665e-04
-5.2513e-04
-6.9394e-04
-1.2509e-03
-2.0399e-03
-2.6963e-03
-2.9057e-03
-2.8135e-03
-2.3009e-03
-1.5557e-03
-8.2109e-04
-1.6183e-04
-1.3407e-05
-1.0056e-05
-3.5181e-05
-5.8721e-05
6.8196e-05
5.4605e-04
6.4802e-04
7.1074e-04
1.3242e-03
1.9228e-03
2.0700e-03
2.7088e-03
3.9665e-03
4.8263e-03
5.0216e-03
4.8611e-03
3.9216e-03
2.8585e-03
1.2252e-03
-4.5771e-04
-2.3595e-03
-4.5809e-03
-6.6747e-03
-8.3290e-03
-9.0516e-03
-8.6558e-03
-7.3467e-03
-5.9293e-03
-4.6025e-03
-3.6616e-03
-2.5282e-03
-1.5681e-03
-2.7018e-04
1.1112e-03
2.0047e-03
2.6774e-03
3.2518e-03
3.6991e-03
4.6053e-03
4.4247e-03
3.6406e-03
2.9726e-03
2.2070e-03
1.5871e-03
1.4046e-03
1.4417e-03
1.4150e-03
1.4165e-03
1.3861e-03
1.4326e-03
1.4770e-03
1.3481e-03
8.0142e-04
7.4493e-04
1.2538e-03
1.4514e-03
1.4402e-03
1.3592e-03
9.1367e-04
6.2031e-04
1.4751e-04
-7.0757e-07
8.7346e-05
-1.1977e-04
-5.9868e-04
-1.9199e-04
1.1669e-03
2.5860e-03
3.8921e-03
4.8880e-03
6.0353e-03
6.4189e-03
6.3082e-03
5.8603e-03
5.1377e-03
3.8003e-03
1.7962e-03
2.2532e-04
-5.3351e-04
-6.8510e-04
-7.4393e-04
-7.0430e-04
-1.4473e-04
5.5957e-04
1.1972e-03
2.0310e-03
3.2853e-03
4.1172e-03
4.2022e-03
4.1719e-03
4.3281e-03
4.7108e-03
4.4853e-03
4.2638e-03
3.6587e-03
2.3429e-03
1.5186e-03
1.4704e-03
1.9451e-03
2.1799e-03
2.6665e-03
2.9508e-03
2.7668e-03
1.7243e-03
7.3905e-04
1.6185e-04
4.8376e-05
1.7985e-05
-5.7035e-04
-1.2948e-03
-1.9883e-03
-2.6925e-03
-3.4481e-03
-4.1069e-03
-4.3108e-03
-4.2371e-03
-3.7586e-03
-2.9673e-03
-1.7304e-03
-2.9211e-04
1.1095e-03
2.5642e-03
3.9198e-03
4.9111e-03
5.5017e-03
5.0877e-03
3.8607e-03
2.4115e-03
3.8051e-04
-1.7432e-03
-3.2558e-03
-4.0826e-03
-4.8074e-03
-5.5783e-03
-6.2048e-03
-6.4087e-03
-6.5496e-03
-6.3024e-03
-4.7048e-03
-3.1658e-03
-2.1724e-03
-1.0134e-03
-7.6907e-04
-1.2437e-03
-1.5203e-03
-1.9561e-03
-2.1625e-03
-2.1554e-03
-2.0825e-03
-1.6443e-03
-1.3961e-03
-8.2652e-04
-2.1896e-04
1.7789e-05
5.7452e-04
1.2015e-03
1.4740e-03
1.9863e-03
2.1205e-03
1.6135e-03
8.2830e-04
-4.6534e-04
-1.8600e-03
-2.7592e-03
-3.3209e-03
-3.5552e-03
-4.1164e-03
-4.8376e-03
-5.1103e-03
-4.9521e-03
-3.7694e-03
-2.4113e-03
-1.6793e-03
-8.3413e-04
9.2393e-04
2.6271e-03
3.9639e-03
4.7997e-03
5.0226e-03
4.9229e-03
3.8832e-03
2.3919e-03
4.5865e-04
-1.7548e-03
-3.8916e-03
-5.3834e-03
-5.7604e-03
-5.5754e-03
-4.6329e-03
-3.6467e-03
-2.4153e-03
-1.0750e-03
-1.2336e-04
1.1388e-03
2.0219e-03
2.1178e-03
1.5377e-03
7.6917e-04
1.4346e-04
-4.8683e-06
1.2876e-05
-7.7300e-06
-5.7803e-06
3.1826e-06
-1.8663e-05
-7.9533e-05
5.0672e-05
5.9029e-04
7.1225e-04
1.3425e-04
-5.7093e-04
-1.3311e-03
-2.0433e-03
-2.1965e-03
-1.4698e-03
-2.8011e-04
4.6101e-04
8.5211e-04
1.7686e-03
1.5904e-03
8.1530e-04
1.2985e-04
-6.1665e-04
-1.2576e-03
-1.5034e-03
-1.3999e-03
-8.0487e-04
-1.5525e-04
-5.7577e-05
3.8396e-05
4.9118e-04
7.2532e-04
1.1733e-03
2.0329e-03
3.2716e-03
4.1805e-03
4.2331e-03
3.6738e-03
2.8708e-03
2.2973e-03
2.1709e-03
2.0899e-03
1.5506e-03
1.4093e-03
1.4669e-03
1.3521e-03
8.6661e-04
7.1841e-04
6.4630e-04
2.2503e-04
-4.1275e-05
-6.1082e-04
-1.2797e-03
-1.4112e-03
-1.4837e-03
-1.4605e-03
-8.2973e-04
3.9826e-04
1.3159e-03
2.0004e-03
2.1491e-03
1.5448e-03
2.7358e-04
-1.2047e-03
-2.5796e-03
-3.3954e-03
-3.6459e-03
-3.5032e-03
-2.4661e-03
-1.0347e-03
4.9816e-04
2.3553e-03
3.4455e-03
4.1122e-03
4.2168e-03
3.6899e-03
2.9788e-03
2.1634e-03
1.1522e-03
6.0449e-04
-4.9910e-04
-1.2364e-03
-8.3073e-04
-7.3608e-04
-1.2011e-03
-1.5087e-03
-2.0419e-03
-2.2066e-03
-1.5000e-03
-3.0225e-04
5.6985e-04
1.2315e-03
2.0023e-03
2.6568e-03
2.8878e-03
2.7928e-03
2.2810e-03
1.5323e-03
7.9874e-04
1.3690e-04
-8.0539e-06
8.0927e-07
9.7381e-06
-1.4307e-05
-6.4547e-05
-9.1846e-06
5.3355e-04
1.2714e-03
2.0254e-03
2.6681e-03
2.8270e-03
2.8038e-03
2.8095e-03
2.8234e-03
2.8820e-03
2.8043e-03
2.2818e-03
1.5849e-03
7.7190e-04
-3.9723e-04
-1.2571e-03
-2.0859e-03
-3.1710e-03
-3.6456e-03
-4.1330e-03
-4.2827e-03
-3.6928e-03
-3.0069e-03
-2.2671e-03
-1.5544e-03
-9.3245e-04
-6.7597e-04
-2.0024e-04
5.4515e-06
2.7750e-05
-9.3887e-05
-5.5299e-04
-7.0879e-04
-7.7867e-04
-1.2227e-03
-1.4127e-03
-1.9927e-03
-2.8839e-03
-3.3553e-03
-2.4464e-03
-1.4797e-03
-9.6118e-04
-6.5448e-04
-1.5465e-04
-4.9667e-05
-6.0318e-04
-7.4620e-04
-6.7400e-04
-7.1791e-04
-1.2741e-03
-2.0161e-03
-2.7691e-03
-3.3946e-03
-3.5754e-03
-3.5901e-03
-3.5152e-03
-3.0581e-03
-2.7768e-03
-2.3720e-03
-2.1222e-03
-1.6257e-03
-8.5760e-04
-1.2100e-04
5.4660e-04
6.8558e-04
6.7924e-04
6.5991e-04
6.9511e-04
7.6019e-04
7.0264e-04
5.1680e-05
-6.1754e-04
-6.3493e-04
-2.6933e-04
-4.7648e-04
-2.0821e-04
-7.0264e-06
-4.9987e-05
4.8376e-05
1.6584e-05
-6.1737e-04
-1.8513e-03
-2.7848e-03
-3.4406e-03
-3.5469e-03
-3.0361e-03
-2.2808e-03
-1.0410e-03
4.4489e-04
1.8555e-03
2.7158e-03
2.7900e-03
2.2485e-03
1.5231e-03
7.8874e-04
1.5449e-04
-2.7638e-05
-5.5851e-05
4.7046e-05
5.3360e-04
7.0671e-04
6.7322e-04
6.8916e-04
6.9833e-04
6.8034e-04
6.3321e-04
7.6838e-04
1.2384e-03
1.3568e-03
1.4023e-03
2.0135e-03
2.6112e-03
2.8390e-03
3.3933e-03
4.0966e-03
4.2972e-03
4.2174e-03
3.6561e-03
2.9700e-03
2.3016e-03
1.4596e-03
3.6112e-04
-1.5949e-04
-5.2543e-04
-2.0253e-04
5.9844e-04
1.2840e-03
1.9254e-03
2.1422e-03
2.6090e-03
2.8649e-03
3.3218e-03
3.6298e-03
3.9987e-03
3.8099e-03
3.4860e-03
2.4289e-03
9.0724e-04
-4.2136e-04
-1.3584e-03
-1.9559e-03
-2.1416e-03
-2.1379e-03
-2.2101e-03
-2.0680e-03
-1.6245e-03
-1.4796e-03
-1.3936e-03
-8.5006e-04
-7.8648e-04
-1.2201e-03
-1.4815e-03
-2.0413e-03
-2.7256e-03
-2.8446e-03
-2.8479e-03
-2.9008e-03
-2.8756e-03
-2.3064e-03
-1.5241e-03
-8.8131e-04
-7.3486e-04
-7.5735e-04
-7.3930e-04
-7.3206e-04
-7.3279e-04
-7.4314e-04
-7.2038e-04
-6.9598e-04
-8.1136e-04
-1.2111e-03
-1.4167e-03
-2.0857e-03
-3.2608e-03
-3.6586e-03
-3.5800e-03
-2.9517e-03
-1.7847e-03
-8.0005e-04
3.6377e-04
1.2419e-03
1.9211e-03
2.7338e-03
3.4058e-03
3.4591e-03
2.9947e-03
2.8270e-03
2.2835e-03
1.0295e-03
-5.7141e-04
-2.3632e-03
-3.4489e-03
-4.2576e-03
-4.7759e-03
-3.8678e-03
-2.9062e-03
-2.3694e-03
-2.1502e-03
-1.6292e-03
-8.6117e-04
-1.9136e-04
5.4006e-04
1.2865e-03
1.9691e-03
2.0898e-03
2.0379e-03
2.1398e-03
2.6542e-03
2.8780e-03
2.8210e-03
2.2909e-03
1.4089e-03
3.5200e-04
-6.8386e-05
-5.8951e-04
-1.2305e-03
-1.5006e-03
-2.0256e-03
-2.1806e-03
-1.6311e-03
-7.7345e-04
3.4335e-04
8.0891e-04
1.0937e-03
9.2015e-04
1.1258e-03
1.4438e-03
1.9668e-03
2.6902e-03
2.8646e-03
2.7920e-03
2.1911e-03
1.5984e-03
1.3187e-03
8.7439e-04
6.6289e-04
7.0827e-04
6.6282e-04
7.0774e-04
7.1109e-04
6.4482e-04
1.7807e-04
-9.9492e-05
-5.7036e-04
-7.4812e-04
-7.2398e-04
-7.3110e-04
-7.2443e-04
-7.4608e-04
-7.7909e-04
-6.8657e-04
-2.5605e-04
6.6693e-05
5.4716e-04
6.5518e-04
1.6190e-04
-1.0579e-04
-5.7359e-04
-7.4010e-04
-7.2317e-04
-7.5066e-04
-7.3744e-04
-6.6878e-04
-7.4575e-04
-1.3657e-03
-2.0122e-03
-2.0936e-03
-2.1963e-03
-2.7490e-03
-2.8876e-03
-2.3067e-03
-1.5655e-03
-8.3093e-04
-2.4761e-04
3.6213e-05
4.8604e-04
6.9954e-04
6.9863e-04
6.9308e-04
1.6666e-04
-6.5888e-04
-1.8650e-03
-2.7203e-03
-3.4024e-03
-4.1530e-03
-4.8216e-03
-5.0304e-03
-4.9683e-03
-4.4529e-03
-3.6314e-03
-2.5436e-03
-1.5722e-03
-2.4374e-04
1.0824e-03
1.3893e-03
1.4073e-03
1.3610e-03
8.4957e-04
1.2442e-04
-6.4446e-04
-1.3591e-03
-1.4255e-03
-8.2818e-04
-2.1378e-04
3.8605e-05
4.9835e-04
6.9245e-04
6.6760e-04
6.9202e-04
6.6382e-04
6.4783e-04
7.4290e-04
1.1667e-03
1.4178e-03
1.9902e-03
2.6702e-03
2.8003e-03
2.8066e-03
2.8405e-03
2.7661e-03
2.3197e-03
2.0189e-03
1.5544e-03
1.3853e-03
1.4544e-03
1.3248e-03
9.1313e-04
6.4664e-04
1.0713e-04
-6.0462e-04
-7.9680e-04
-7.0949e-04
-1.1803e-04
4.6656e-04
7.4775e-04
1.2564e-03
1.4168e-03
8.1334e-04
6.6286e-05
-6.0897e-04
-7.7065e-04
-6.7301e-04
-2.2867e-04
4.8684e-05
5.0288e-04
6.8500e-04
6.8795e-04
7.2227e-04
5.5700e-04
2.1162e-04
5.0144e-04
6.6706e-04
6.6148e-04
1.2557e-03
1.9997e-03
2.6169e-03
2.8673e-03
3.3314e-03
3.5331e-03
3.5602e-03
3.4976e-03
2.9712e-03
2.2907e-03
1.4743e-03
2.7859e-04
-5.9639e-04
-1.2780e-03
-2.0325e-03
-2.6915e-03
-2.9147e-03
-2.8058e-03
-2.2907e-03
-1.6360e-03
-8.8937e-04
4.3031e-04
1.8073e-03
2.7089e-03
3.3097e-03
3.5915e-03
3.5860e-03
2.8532e-03
1.1783e-03
3.4180e-05
-1.1019e-03
-2.0528e-03
-2.6591e-03
-2.8558e-03
-2.8762e-03
-2.8530e-03
-2.3010e-03
-1.5609e-03
-8.1732e-04
-2.6019e-04
-2.0709e-05
5.5709e-04
1.2556e-03
1.3819e-03
1.3873e-03
1.4022e-03
1.3588e-03
9.5077e-04
5.4388e-04
-4.0993e-04
-7.7630e-04
-7.0580e-04
-6.4149e-04
-6.2771e-04
-6.6949e-04
-6.8584e-04
-5.8738e-04
-1.5991e-04
1.0064e-04
6.5027e-04
1.3010e-03
1.5299e-03
1.9625e-03
2.2552e-03
2.7247e-03
2.9099e-03
2.8679e-03
2.8688e-03
2.8813e-03
2.9192e-03
2.8184e-03
2.3713e-03
2.0642e-03
1.6046e-03
1.4284e-03
1.4895e-03
1.3501e-03
9.5797e-04
7.1346e-04
6.1593e-05
-1.0187e-03
-1.4160e-03
-2.0044e-03
-2.5852e-03
-2.2920e-03
-1.9652e-03
-1.5377e-03
-1.4159e-03
-1.3597e-03
-7.7015e-04
-2.3192e-04
8.3219e-05
1.0670e-03
2.0146e-03
2.6019e-03
2.8290e-03
2.6929e-03
2.1595e-03
1.5378e-03
1.2788e-03
7.7060e-04
6.8100e-04
1.1189e-03
1.3998e-03
1.8348e-03
1.9842e-03
1.8841e-03
2.0042e-03
2.4675e-03
2.6780e-03
2.5037e-03
2.0974e-03
1.8360e-03
1.3799e-03
6.3854e-04
-6.6936e-05
-7.3961e-04
-7.6018e-04
-3.6667e-04
-1.1281e-04
3.5021e-04
9.4829e-04
1.1822e-03
1.6632e-03
1.6954e-03
1.2798e-03
1.0442e-03
5.6186e-04
-1.9992e-04
-7.2768e-04
-8.7006e-04
-9.7735e-04
-1.4281e-03
-1.0534e-03
-3.3213e-04
2.6098e-04
3.6980e-04
3.5131e-04
3.3784e-04
3.4792e-04
3.4695e-04
3.8282e-04
2.3367e-04
-1.3676e-04
-2.6567e-04
-4.6193e-04
-1.2607e-03
-1.1241e-03
-9.3453e-04
-9.4505e-04
-9.2487e-04
-1.0034e-03
-1.3738e-03
-1.6299e-03
-2.0683e-03
-2.1661e-03
-1.6648e-03
-1.0312e-03
-3.8508e-04
1.6388e-04
2.8411e-04
2.4599e-04
2.4879e-04
3.3358e-04
2.9562e-04
-3.2944e-04
-1.2953e-03
-1.4961e-03
-1.5141e-03
-2.0062e-03
-2.5038e-03
-2.6662e-03
-3.1148e-03
-3.6310e-03
-3.7475e-03
-3.7170e-03
-3.6020e-03
-3.2126e-03
-3.0130e-03
-2.5994e-03
-1.8990e-03
-9.5930e-04
-2.1462e-04
3.8863e-04
8.0760e-04
5.2801e-04
3.9201e-04
4.5835e-04
3.4251e-04
-2.8650e-05
-1.4751e-04
-1.2767e-04
-5.5119e-04
-1.2016e-03
-2.0078e-03
-2.3040e-03
-2.6556e-03
-2.7800e-03
-2.2761e-03
-1.2696e-03
-2.1253e-04
3.7766e-04
5.0297e-04
4.0520e-04
6.1934e-05
-6.8683e-05
-2.5602e-05
-1.6471e-05
-8.8156e-05
-3.9034e-04
-5.5969e-04
-9.5084e-04
-1.4086e-03
-1.4789e-03
-1.4668e-03
-1.4705e-03
-1.3736e-03
-1.0352e-03
-9.2888e-04
-8.4339e-04
-5.0469e-04
-4.0974e-04
-3.9458e-04
-4.3453e-06
5.0986e-04
9.2290e-04
9.8856e-04
9.9430e-04
1.0355e-03
8.8619e-04
2.8947e-04
2.3257e-05
-2.8858e-04
-7.7012e-04
-1.1116e-03
-1.2887e-03
-1.5544e-03
-1.5909e-03
-1.2705e-03
-1.1242e-03
-7.6815e-04
-3.0432e-04
6.4464e-05
2.2696e-04
4.9666e-04
5.9980e-04
5.8761e-04
6.1702e-04
5.3893e-04
2.6992e-04
1.4855e-04
1.5772e-04
1.9622e-04
4.4804e-04
5.9856e-04
8.5154e-04
9.2331e-04
8.6775e-04
9.2802e-04
1.1684e-03
1.2389e-03
1.1924e-03
1.2281e-03
1.1811e-03
8.0624e-04
2.0871e-04
9.6177e-07
-1.9176e-04
-3.4604e-04
-5.7385e-04
-6.4790e-04
-5.7691e-04
-6.3907e-04
-8.7655e-04
-9.2125e-04
-6.0352e-04
-2.6869e-04
5.2213e-05
4.1680e-04
9.5968e-04
1.3412e-03
1.6432e-03
1.8789e-03
1.9099e-03
1.8687e-03
1.8165e-03
1.5567e-03
1.1698e-03
6.2397e-04
2.2820e-04
-3.5136e-06
-1.0280e-04
-3.4339e-04
-5.9827e-04
-6.2421e-04
-6.4462e-04
-8.1612e-04
-8.5853e-04
-8.2740e-04
-8.3029e-04
-7.8053e-04
-5.4234e-04
-2.8526e-04
-2.2167e-04
-2.2990e-04
-2.2964e-04
-1.8678e-04
-2.9512e-05
6.7691e-05
2.0807e-04
2.6704e-04
2.6284e-04
2.4485e-04
7.2457e-05
-1.4312e-04
-3.6806e-04
-5.4625e-04
-5.4098e-04
-3.9174e-04
-3.1594e-04
-1.5761e-04
5.6115e-05
2.1406e-04
2.8498e-04
3.8547e-04
4.1428e-04
4.1868e-04
5.2995e-04
5.4867e-04
5.2187e-04
5.0216e-04
4.9833e-04
4.6355e-04
3.2786e-04
1.5547e-04
7.4557e-06
-1.3960e-04
-2.6942e-04
-4.0463e-04
-5.2299e-04
-6.2072e-04
-6.4452e-04
-6.8127e-04
-6.0071e-04
-5.2889e-04
-4.2258e-04
-2.5973e-04
-5.0607e-05
1.0595e-04
1.9720e-04
2.2295e-04
2.1908e-04
1.9903e-04
1.2846e-04
1.0856e-04
9.6711e-05
3.1988e-05
1.3499e-05
1.8052e-05
1.8450e-05
3.4800e-05
8.7383e-05
1.1332e-04
1.6768e-04
2.4826e-04
3.1021e-04
3.0900e-04
2.3840e-04
1.5647e-04
9.4196e-05
7.9800e-05
8.2124e-05
7.6175e-05
7.4096e-05
8.4415e-05
1.1458e-04
8.9982e-05
6.6233e-05
3.9509e-05
2.3664e-05
-1.0445e-05
-4.6708e-05
-4.6132e-05
-4.5426e-05
-5.8660e-05
-3.5524e-05
-1.4100e-05
1.7350e-05
6.6112e-05
1.1776e-04
1.3701e-04
1.5073e-04
1.5504e-04
1.4707e-04
1.4318e-04
1.3629e-04
1.3163e-04
1.2605e-04
1.2267e-04
1.1396e-04
9.6301e-05
8.3717e-05
6.9221e-05
6.1932e-05
6.2266e-05
6.0833e-05
6.1738e-05
5.6876e-05
4.5786e-05
4.3557e-05
5.3650e-05
5.7736e-05
6.4715e-05
6.5270e-05
6.2658e-05
6.0886e-05
5.9451e-05
5.5718e-05
4.7819e-05
4.4407e-05
4.3724e-05
4.2038e-05
4.2343e-05
4.5465e-05
4.5579e-05
4.3480e-05
4.2289e-05
3.9479e-05
3.5018e-05
3.2763e-05
3.1499e-05
2.7647e-05
2.6291e-05
2.5827e-05
2.5455e-05
2.4670e-05
2.4004e-05
2.3715e-05
2.4662e-05
2.4161e-05
2.3055e-05
2.1967e-05
2.0961e-05
1.9886e-05
1.8879e-05
1.7753e-05
1.6629e-05
1.5648e-05
1.5354e-05
1.4857e-05
1.3659e-05
1.2231e-05
1.0953e-05
9.6633e-06
8.3320e-06
6.8027e-06
5.5936e-06
4.5031e-06
3.3642e-06
2.1256e-06
1.0659e-06
4.5260e-08
-1.0608e-06
-2.1589e-06
-3.1895e-06
-4.1732e-06
-5.0844e-06
-6.0019e-06
-6.9257e-06
-7.8501e-06
-8.7915e-06
-9.7660e-06
-1.0758e-05
-1.1770e-05
-1.2779e-05
-1.3793e-05
-1.4802e-05
-1.5812e-05
-1.6819e-05
-1.7822e-05
-1.8820e-05
-1.9815e-05
-2.0804e-05
-2.1791e-05
-2.2773e-05
-2.3752e-05
-2.4727e-05
