-3.7829e-05
-3.8465e-05
-3.9107e-05
-3.9756e-05
-4.0421e-05
-4.1098e-05
-4.1778e-05
-4.2430e-05
-4.3018e-05
-4.3541e-05
-4.4045e-05
-4.4680e-05
-4.5629e-05
-4.6755e-05
-4.7472e-05
-4.7513e-05
-4.6758e-05
-4.5443e-05
-4.3444e-05
-4.0854e-05
-3.7124e-05
-3.2312e-05
-2.7561e-05
-2.5219e-05
-2.5414e-05
-3.1097e-05
-4.5886e-05
-6.3556e-05
-7.9675e-05
-9.6260e-05
-1.1162e-04
-1.2304e-04
-1.3134e-04
-1.3997e-04
-1.5807e-04
-1.8315e-04
-1.9288e-04
-1.5237e-04
-5.8063e-05
6.2495e-05
1.7277e-04
2.3795e-04
2.2523e-04
1.4988e-04
6.0300e-05
3.0654e-06
-2.6743e-05
-6.4376e-05
-1.0712e-04
-1.1131e-04
-4.9419e-05
9.4392e-05
3.0518e-04
4.9026e-04
5.8215e-04
5.9445e-04
5.7264e-04
4.8984e-04
3.0654e-04
3.6613e-05
-2.7149e-04
-5.0565e-04
-5.9998e-04
-5.8919e-04
-5.0754e-04
-3.8081e-04
-2.7814e-04
-2.5188e-04
-3.2821e-04
-4.4833e-04
-5.3186e-04
-5.3823e-04
-3.8420e-04
-4.4237e-05
3.4925e-04
6.1130e-04
6.8307e-04
6.3862e-04
5.3240e-04
4.9483e-04
5.8295e-04
7.8324e-04
1.0460e-03
1.1838e-03
1.0827e-03
8.5663e-04
5.5650e-04
2.9168e-04
1.6833e-04
9.0742e-05
-9.1973e-05
-4.8086e-04
-9.1069e-04
-1.1524e-03
-1.0801e-03
-6.6093e-04
-9.2619e-05
3.0741e-04
4.1185e-04
3.0337e-04
-2.5855e-05
-5.1191e-04
-1.0156e-03
-1.5121e-03
-1.6587e-03
-1.0062e-03
3.3062e-04
1.8755e-03
3.1603e-03
3.8424e-03
3.9410e-03
3.6762e-03
3.2610e-03
2.7387e-03
2.1845e-03
1.6919e-03
1.2599e-03
8.5110e-04
5.1411e-04
1.0555e-04
-3.2551e-04
-5.5810e-04
-3.0500e-04
5.0218e-04
1.6178e-03
2.6120e-03
2.9405e-03
2.1336e-03
5.1135e-04
-1.4094e-03
-3.1206e-03
-4.2285e-03
-4.6513e-03
-4.6557e-03
-4.7231e-03
-4.9304e-03
-4.4855e-03
-2.4898e-03
1.5553e-03
7.0921e-03
1.2483e-02
1.5733e-02
1.5761e-02
1.3143e-02
9.2540e-03
4.9493e-03
4.6735e-04
-4.1685e-03
-8.6463e-03
-1.2227e-02
-1.4204e-02
-1.4641e-02
-1.3801e-02
-1.1731e-02
-8.3909e-03
-4.1228e-03
-6.0980e-05
2.3277e-03
2.2520e-03
2.6531e-04
-2.3819e-03
-4.8601e-03
-6.3070e-03
-5.7765e-03
-3.3631e-03
-1.4379e-04
2.5116e-03
3.5086e-03
2.7806e-03
1.7572e-03
2.5052e-03
6.0915e-03
1.1106e-02
1.4871e-02
1.5326e-02
1.2213e-02
6.6965e-03
4.5165e-04
-4.6601e-03
-7.5009e-03
-7.8175e-03
-6.3360e-03
-3.9590e-03
-1.3363e-03
6.4015e-04
1.1313e-03
-5.6571e-04
-4.8622e-03
-1.0834e-02
-1.7093e-02
-2.2018e-02
-2.3301e-02
-1.9534e-02
-1.1269e-02
-9.9578e-06
1.1788e-02
2.1678e-02
2.8252e-02
3.1637e-02
3.2776e-02
3.2680e-02
3.1926e-02
3.0155e-02
2.6377e-02
1.9159e-02
7.8574e-03
-6.9879e-03
-2.3327e-02
-3.7827e-02
-4.8049e-02
-5.2897e-02
-5.2029e-02
-4.5977e-02
-3.5447e-02
-2.1705e-02
-6.5180e-03
8.4387e-03
2.0942e-02
2.8982e-02
3.1440e-02
2.8332e-02
2.0677e-02
1.0646e-02
7.0711e-04
-6.6694e-03
-9.8344e-03
-8.2904e-03
-3.3672e-03
2.6375e-03
8.0609e-03
1.1595e-02
1.2382e-02
1.0732e-02
7.3949e-03
3.4020e-03
-3.0105e-05
-2.2121e-03
-3.0517e-03
-3.0493e-03
-3.0804e-03
-3.6577e-03
-4.7569e-03
-6.5480e-03
-8.7790e-03
-1.1211e-02
-1.3390e-02
-1.4214e-02
-1.2870e-02
-9.4367e-03
-4.9776e-03
-7.2233e-04
2.1127e-03
3.0868e-03
3.1304e-03
3.9570e-03
6.4034e-03
9.9679e-03
1.3633e-02
1.6142e-02
1.6072e-02
1.2558e-02
5.7446e-03
-3.7555e-03
-1.4548e-02
-2.4068e-02
-2.9901e-02
-3.0335e-02
-2.5045e-02
-1.5803e-02
-5.5650e-03
2.6816e-03
6.9340e-03
7.3431e-03
5.8763e-03
4.7639e-03
5.5112e-03
8.2259e-03
1.1544e-02
1.4216e-02
1.5302e-02
1.4497e-02
1.2134e-02
8.8350e-03
5.8004e-03
4.0246e-03
3.8136e-03
4.6095e-03
4.9547e-03
3.5338e-03
-1.8867e-04
-5.5196e-03
-1.0273e-02
-1.1181e-02
-6.8670e-03
1.3738e-03
1.0279e-02
1.6339e-02
1.7348e-02
1.3085e-02
5.0383e-03
-4.4111e-03
-1.2548e-02
-1.7855e-02
-2.0357e-02
-2.0544e-02
-1.9325e-02
-1.7486e-02
-1.4887e-02
-1.1427e-02
-7.3064e-03
-2.9620e-03
1.3555e-03
5.3009e-03
8.4586e-03
1.0726e-02
1.2549e-02
1.4357e-02
1.6549e-02
1.8887e-02
2.0443e-02
2.0223e-02
1.7830e-02
1.3694e-02
8.6359e-03
3.7221e-03
-4.9192e-04
-4.5865e-03
-9.4710e-03
-1.5372e-02
-2.1568e-02
-2.6552e-02
-2.9163e-02
-2.8713e-02
-2.4818e-02
-1.8123e-02
-9.9931e-03
-1.9671e-03
5.1154e-03
1.0920e-02
1.5573e-02
1.8717e-02
1.9664e-02
1.8244e-02
1.4853e-02
1.0371e-02
5.8576e-03
1.9229e-03
-1.0690e-03
-3.2481e-03
-4.8709e-03
-5.8438e-03
-5.7407e-03
-4.4625e-03
-2.3594e-03
-1.4501e-04
1.2499e-03
1.5374e-03
9.6347e-04
-3.0902e-04
-2.3081e-03
-5.1058e-03
-8.1917e-03
-9.9281e-03
-8.7053e-03
-4.3752e-03
1.5145e-03
6.6049e-03
9.0252e-03
8.2371e-03
5.5252e-03
3.0295e-03
2.3582e-03
3.8613e-03
6.6598e-03
9.5638e-03
1.1773e-02
1.2989e-02
1.2875e-02
1.1323e-02
8.7208e-03
5.3513e-03
1.8034e-03
-1.3524e-03
-4.1523e-03
-6.6254e-03
-8.9775e-03
-1.1602e-02
-1.4277e-02
-1.6303e-02
-1.6933e-02
-1.5685e-02
-1.2713e-02
-8.4315e-03
-3.1709e-03
2.6954e-03
8.7640e-03
1.4463e-02
1.8785e-02
2.0767e-02
2.0047e-02
1.6693e-02
1.1636e-02
6.2069e-03
1.3831e-03
-2.0538e-03
-3.8547e-03
-4.4082e-03
-4.2348e-03
-3.7038e-03
-2.7606e-03
-1.3335e-03
3.0687e-04
1.7494e-03
2.5928e-03
2.5883e-03
1.4052e-03
-1.2268e-03
-5.4411e-03
-1.0981e-02
-1.6638e-02
-2.0676e-02
-2.2078e-02
-2.1055e-02
-1.8647e-02
-1.5810e-02
-1.2504e-02
-8.1876e-03
-1.9616e-03
5.8438e-03
1.3588e-02
1.9627e-02
2.2850e-02
2.2875e-02
2.0186e-02
1.5552e-02
1.0105e-02
5.3565e-03
2.1366e-03
1.3992e-04
-9.7473e-04
-1.6411e-03
-2.3408e-03
-3.2154e-03
-3.9735e-03
-4.3171e-03
-4.1362e-03
-3.9044e-03
-4.1413e-03
-4.8585e-03
-5.6382e-03
-6.4842e-03
-7.5986e-03
-8.7964e-03
-9.7429e-03
-9.8260e-03
-8.7863e-03
-6.8724e-03
-4.7588e-03
-3.1496e-03
-1.9756e-03
-3.9050e-04
2.3178e-03
6.0368e-03
9.7441e-03
1.2222e-02
1.2858e-02
1.2058e-02
1.0560e-02
8.7592e-03
6.8033e-03
4.9383e-03
3.3353e-03
2.1143e-03
1.4610e-03
1.4781e-03
1.6017e-03
1.0169e-03
-8.1942e-04
-3.7914e-03
-7.3722e-03
-1.0488e-02
-1.2073e-02
-1.1777e-02
-1.0112e-02
-7.4613e-03
-4.0916e-03
-6.3185e-04
2.0640e-03
3.3415e-03
2.9651e-03
1.0231e-03
-2.0811e-03
-5.4045e-03
-8.3016e-03
-1.0309e-02
-1.1323e-02
-1.1401e-02
-1.0607e-02
-9.2362e-03
-7.6707e-03
-6.1726e-03
-4.9726e-03
-4.1018e-03
-3.3706e-03
-2.3472e-03
-4.2534e-04
2.1383e-03
4.8229e-03
6.8798e-03
7.9529e-03
8.1979e-03
8.0601e-03
8.0009e-03
8.3125e-03
8.8543e-03
9.3865e-03
9.5317e-03
9.3131e-03
9.0329e-03
8.8402e-03
8.5472e-03
7.9989e-03
7.1859e-03
6.1029e-03
5.0855e-03
4.7427e-03
5.2805e-03
6.4235e-03
7.4183e-03
7.7460e-03
7.2065e-03
5.5810e-03
2.7391e-03
-1.0225e-03
-5.1626e-03
-8.7881e-03
-1.1330e-02
-1.2348e-02
-1.1508e-02
-9.0955e-03
-5.9135e-03
-2.7423e-03
-1.2739e-04
1.6449e-03
2.3416e-03
1.7895e-03
1.8512e-04
-1.7349e-03
-3.1999e-03
-4.0840e-03
-4.7788e-03
-5.2248e-03
-4.9309e-03
-3.7805e-03
-2.1938e-03
-8.5218e-04
-2.2929e-04
-2.4700e-04
-5.6669e-04
-9.0459e-04
-8.8986e-04
-4.2969e-04
5.9244e-04
1.8966e-03
2.7090e-03
2.4775e-03
1.3060e-03
-8.9500e-05
-1.2429e-03
-2.1989e-03
-2.7582e-03
-2.2250e-03
-2.0526e-04
3.0589e-03
7.2231e-03
1.1814e-02
1.6352e-02
2.0164e-02
2.2312e-02
2.2464e-02
2.0913e-02
1.7990e-02
1.4039e-02
8.9700e-03
2.9714e-03
-3.2424e-03
-9.1725e-03
-1.4183e-02
-1.7486e-02
-1.8531e-02
-1.7323e-02
-1.4760e-02
-1.2435e-02
-1.1624e-02
-1.2667e-02
-1.5339e-02
-1.9349e-02
-2.3928e-02
-2.8668e-02
-3.3156e-02
-3.6958e-02
-4.0046e-02
-4.2601e-02
-4.4582e-02
-4.5073e-02
-4.2660e-02
-3.5959e-02
-2.4193e-02
-7.2916e-03
1.2969e-02
3.3676e-02
5.1485e-02
6.3352e-02
6.8278e-02
6.6996e-02
6.1115e-02
5.1758e-02
3.9430e-02
2.4638e-02
9.1940e-03
-4.8178e-03
-1.5627e-02
-2.2189e-02
-2.4320e-02
-2.2138e-02
-1.6101e-02
-7.3614e-03
2.4231e-03
1.0901e-02
1.6219e-02
1.7685e-02
1.5860e-02
1.2081e-02
7.8905e-03
4.4071e-03
1.8702e-03
-1.1549e-04
-2.2939e-03
-4.9361e-03
-7.9853e-03
-1.0955e-02
-1.3018e-02
-1.3512e-02
-1.2324e-02
-9.4286e-03
-4.9338e-03
3.0697e-05
3.8378e-03
4.8833e-03
2.4522e-03
-2.6463e-03
-8.5039e-03
-1.3468e-02
-1.6515e-02
-1.7588e-02
-1.6941e-02
-1.4860e-02
-1.1582e-02
-7.3169e-03
-1.9768e-03
4.4158e-03
1.1012e-02
1.6675e-02
2.0396e-02
2.1792e-02
2.1283e-02
1.9659e-02
1.7579e-02
1.5325e-02
1.2795e-02
9.5604e-03
4.9092e-03
-1.0871e-03
-7.6390e-03
-1.4233e-02
-2.0200e-02
-2.4831e-02
-2.7561e-02
-2.7756e-02
-2.5022e-02
-1.9530e-02
-1.2272e-02
-4.5393e-03
2.2095e-03
7.1609e-03
1.0287e-02
1.1985e-02
1.2436e-02
1.1379e-02
8.7430e-03
4.7912e-03
4.1513e-04
-3.1560e-03
-4.8559e-03
-4.0034e-03
-7.6110e-04
3.9815e-03
9.1711e-03
1.3778e-02
1.6809e-02
1.7482e-02
1.5593e-02
1.1560e-02
6.3516e-03
1.2724e-03
-2.6615e-03
-5.4218e-03
-7.4064e-03
-9.0412e-03
-1.0653e-02
-1.2228e-02
-1.3385e-02
-1.3738e-02
-1.2896e-02
-1.0532e-02
-6.8201e-03
-2.2810e-03
2.7252e-03
8.1147e-03
1.3387e-02
1.7956e-02
2.1490e-02
2.3586e-02
2.4018e-02
2.2689e-02
1.9648e-02
1.5521e-02
1.1140e-02
7.0485e-03
3.8325e-03
1.8601e-03
1.2881e-03
2.5484e-03
5.8426e-03
1.0571e-02
1.5803e-02
2.0508e-02
2.3774e-02
2.5197e-02
2.4916e-02
2.3190e-02
2.0763e-02
1.8613e-02
1.7067e-02
1.5851e-02
1.4355e-02
1.2117e-02
9.1752e-03
5.7374e-03
2.2743e-03
-9.2758e-04
-3.6418e-03
-5.6721e-03
-7.2152e-03
-8.4988e-03
-9.4462e-03
-9.9215e-03
-1.0022e-02
-9.9695e-03
-9.9343e-03
-9.9764e-03
-1.0303e-02
-1.1344e-02
-1.3112e-02
-1.5328e-02
-1.7822e-02
-1.9687e-02
-1.9578e-02
-1.7024e-02
-1.2504e-02
-7.0418e-03
-1.9061e-03
1.6266e-03
2.8058e-03
1.6510e-03
-9.5409e-04
-3.3786e-03
-3.8794e-03
-1.3382e-03
4.2582e-03
1.1568e-02
1.8383e-02
2.2832e-02
2.4187e-02
2.2844e-02
2.0057e-02
1.7047e-02
1.4015e-02
1.1002e-02
8.3119e-03
6.1362e-03
4.7478e-03
4.2202e-03
4.1596e-03
3.5184e-03
1.3000e-03
-2.6560e-03
-8.1283e-03
-1.4803e-02
-2.2159e-02
-2.8874e-02
-3.3212e-02
-3.4162e-02
-3.1673e-02
-2.6778e-02
-2.1073e-02
-1.5760e-02
-1.1088e-02
-6.9993e-03
-3.4950e-03
-3.2137e-04
2.8004e-03
5.9975e-03
9.2385e-03
1.2254e-02
1.4481e-02
1.5223e-02
1.4380e-02
1.2646e-02
1.0830e-02
9.6015e-03
8.9237e-03
8.1575e-03
7.0919e-03
6.1281e-03
5.8086e-03
6.4407e-03
7.9998e-03
9.8589e-03
1.1248e-02
1.1875e-02
1.2062e-02
1.2528e-02
1.3707e-02
1.5564e-02
1.7518e-02
1.8725e-02
1.8600e-02
1.6773e-02
1.3391e-02
8.8060e-03
3.7581e-03
-8.0017e-04
-4.4563e-03
-6.9425e-03
-8.2859e-03
-9.0151e-03
-9.6775e-03
-1.0380e-02
-1.1073e-02
-1.1789e-02
-1.2388e-02
-1.2829e-02
-1.3162e-02
-1.3341e-02
-1.3220e-02
-1.2699e-02
-1.1761e-02
-1.0625e-02
-9.9476e-03
-1.0199e-02
-1.1611e-02
-1.4033e-02
-1.7077e-02
-2.0220e-02
-2.2738e-02
-2.3903e-02
-2.2932e-02
-1.9330e-02
-1.3145e-02
-5.0293e-03
3.3922e-03
1.0432e-02
1.5038e-02
1.6927e-02
1.6767e-02
1.5584e-02
1.4174e-02
1.2893e-02
1.1707e-02
1.0402e-02
8.6204e-03
5.7601e-03
2.0886e-03
-1.3643e-03
-3.5517e-03
-3.5522e-03
-1.1472e-03
2.9766e-03
7.4757e-03
1.0651e-02
1.1660e-02
1.0546e-02
7.7507e-03
4.2088e-03
4.3925e-04
-3.4173e-03
-7.5803e-03
-1.1773e-02
-1.5615e-02
-1.8387e-02
-1.9308e-02
-1.7834e-02
-1.4214e-02
-9.7115e-03
-5.8766e-03
-3.5448e-03
-2.8247e-03
-3.6729e-03
-5.6610e-03
-8.0815e-03
-1.0545e-02
-1.2462e-02
-1.3138e-02
-1.2642e-02
-1.1852e-02
-1.1757e-02
-1.3136e-02
-1.5745e-02
-1.8664e-02
-2.1233e-02
-2.3102e-02
-2.3801e-02
-2.3097e-02
-2.1048e-02
-1.7845e-02
-1.3568e-02
-8.2817e-03
-2.3172e-03
3.6514e-03
8.8056e-03
1.2677e-02
1.4995e-02
1.5581e-02
1.4390e-02
1.2182e-02
9.6661e-03
7.1660e-03
4.4440e-03
1.1332e-03
-2.9182e-03
-7.5405e-03
-1.2321e-02
-1.6541e-02
-1.9427e-02
-2.0417e-02
-1.9422e-02
-1.6898e-02
-1.3262e-02
-8.7282e-03
-3.6261e-03
1.4285e-03
5.5306e-03
8.3301e-03
9.9487e-03
1.0667e-02
1.1006e-02
1.1058e-02
1.0743e-02
1.0124e-02
9.4079e-03
8.8622e-03
8.5250e-03
8.5355e-03
8.8889e-03
9.6527e-03
1.0701e-02
1.1907e-02
1.2976e-02
1.3401e-02
1.2586e-02
1.0422e-02
6.9996e-03
2.8498e-03
-1.6134e-03
-6.1628e-03
-1.0091e-02
-1.3114e-02
-1.5178e-02
-1.6134e-02
-1.5951e-02
-1.4598e-02
-1.2263e-02
-9.5073e-03
-6.6083e-03
-3.5916e-03
-8.7729e-04
1.3148e-03
2.7864e-03
3.4318e-03
3.4955e-03
3.4495e-03
3.6936e-03
4.1222e-03
4.3802e-03
4.1572e-03
3.5683e-03
3.3176e-03
4.1042e-03
6.2243e-03
9.2597e-03
1.2224e-02
1.4035e-02
1.3895e-02
1.1671e-02
7.7919e-03
3.0590e-03
-1.7602e-03
-5.5498e-03
-7.4487e-03
-7.1533e-03
-4.9459e-03
-1.5238e-03
2.3816e-03
6.3659e-03
1.0075e-02
1.3462e-02
1.6380e-02
1.8533e-02
1.9577e-02
1.9384e-02
1.7947e-02
1.5478e-02
1.2264e-02
8.3635e-03
4.3471e-03
6.2725e-04
-2.5113e-03
-5.2838e-03
-8.0147e-03
-1.0565e-02
-1.2581e-02
-1.3621e-02
-1.3195e-02
-1.1233e-02
-7.9995e-03
-4.3685e-03
-1.6157e-03
-2.5542e-04
1.1941e-04
9.9357e-05
1.5076e-05
-2.0963e-04
-7.7223e-04
-1.8370e-03
-3.2284e-03
-4.5061e-03
-5.1981e-03
-4.6830e-03
-2.8862e-03
-2.9727e-04
2.5542e-03
5.0974e-03
6.9292e-03
7.8307e-03
7.8270e-03
7.3868e-03
6.9863e-03
7.1291e-03
7.8665e-03
8.7944e-03
9.1147e-03
7.9870e-03
5.2839e-03
1.4273e-03
-2.8748e-03
-6.6675e-03
-9.3806e-03
-1.0928e-02
-1.1467e-02
-1.1561e-02
-1.1805e-02
-1.2296e-02
-1.2850e-02
-1.2944e-02
-1.1986e-02
-9.1995e-03
-4.6291e-03
1.3211e-03
7.8213e-03
1.3264e-02
1.6599e-02
1.7921e-02
1.7626e-02
1.5850e-02
1.2810e-02
8.8383e-03
4.2124e-03
-7.0506e-04
-5.5651e-03
-9.7225e-03
-1.2884e-02
-1.4957e-02
-1.5426e-02
-1.4053e-02
-1.1025e-02
-7.0024e-03
-2.6913e-03
1.0001e-03
3.2937e-03
3.9283e-03
2.9506e-03
1.0091e-03
-9.6487e-04
-2.5226e-03
-3.7597e-03
-4.8717e-03
-5.8884e-03
-7.0502e-03
-8.7621e-03
-1.0904e-02
-1.2958e-02
-1.4408e-02
-1.4702e-02
-1.3365e-02
-1.0353e-02
-6.3876e-03
-2.5223e-03
7.1506e-04
3.7658e-03
6.9970e-03
1.0108e-02
1.2552e-02
1.3928e-02
1.3763e-02
1.1843e-02
8.5102e-03
4.6946e-03
1.1759e-03
-1.8762e-03
-4.7907e-03
-7.5983e-03
-1.0078e-02
-1.2160e-02
-1.3536e-02
-1.3709e-02
-1.2516e-02
-1.0477e-02
-8.1095e-03
-5.6526e-03
-3.2809e-03
-8.8020e-04
1.4698e-03
3.2926e-03
4.0474e-03
3.2292e-03
1.1601e-03
-1.2277e-03
-2.9580e-03
-3.3178e-03
-2.0117e-03
8.7122e-04
4.8628e-03
9.3673e-03
1.3738e-02
1.7323e-02
1.9590e-02
2.0155e-02
1.8989e-02
1.6285e-02
1.2834e-02
9.6048e-03
7.1196e-03
5.6079e-03
4.9763e-03
4.8810e-03
4.9162e-03
4.9059e-03
5.2272e-03
6.2143e-03
7.7531e-03
9.4926e-03
1.1082e-02
1.1831e-02
1.1038e-02
8.3826e-03
3.6214e-03
-2.7671e-03
-9.2017e-03
-1.4312e-02
-1.7614e-02
-1.9227e-02
-1.9413e-02
-1.8143e-02
-1.5434e-02
-1.1551e-02
-6.8104e-03
-1.6232e-03
3.2481e-03
6.9688e-03
9.0022e-03
8.8868e-03
6.5577e-03
2.6093e-03
-1.9970e-03
-6.1635e-03
-9.1773e-03
-1.0613e-02
-1.0357e-02
-8.9534e-03
-7.2293e-03
-5.7267e-03
-4.8560e-03
-4.4810e-03
-4.1618e-03
-3.9710e-03
-3.9793e-03
-4.0014e-03
-3.4846e-03
-1.6017e-03
1.8376e-03
6.6883e-03
1.2328e-02
1.7757e-02
2.2085e-02
2.4814e-02
2.5764e-02
2.4925e-02
2.2696e-02
1.9374e-02
1.5364e-02
1.0802e-02
5.8092e-03
8.6423e-04
-3.4262e-03
-7.0465e-03
-1.0023e-02
-1.1889e-02
-1.2485e-02
-1.1990e-02
-1.1153e-02
-1.0708e-02
-1.0833e-02
-1.1433e-02
-1.2271e-02
-1.3004e-02
-1.3016e-02
-1.1799e-02
-9.4550e-03
-6.1754e-03
-2.2389e-03
1.4806e-03
3.8882e-03
4.6043e-03
3.9965e-03
2.6725e-03
1.2250e-03
1.7505e-04
-2.1750e-04
-1.8370e-04
-3.5004e-04
-1.2902e-03
-3.1573e-03
-5.6152e-03
-8.0061e-03
-9.4048e-03
-9.1912e-03
-7.0250e-03
-3.3721e-03
7.9509e-04
4.6774e-03
7.5810e-03
8.9158e-03
8.5263e-03
6.3024e-03
2.5574e-03
-1.8651e-03
-6.3652e-03
-1.0005e-02
-1.1917e-02
-1.1705e-02
-9.4935e-03
-5.8666e-03
-1.9724e-03
1.2903e-03
3.3505e-03
3.7627e-03
2.5045e-03
1.6944e-04
-2.4731e-03
-4.4675e-03
-5.4229e-03
-5.5047e-03
-5.0712e-03
-4.4893e-03
-3.4734e-03
-1.6474e-03
1.2816e-03
5.3616e-03
1.0131e-02
1.4340e-02
1.7080e-02
1.7808e-02
1.6354e-02
1.2696e-02
7.2458e-03
7.3489e-04
-6.0826e-03
-1.2574e-02
-1.8196e-02
-2.2370e-02
-2.5075e-02
-2.5855e-02
-2.4287e-02
-2.0356e-02
-1.4499e-02
-7.6868e-03
-1.1108e-03
3.9839e-03
6.7131e-03
7.2816e-03
6.6371e-03
5.8557e-03
5.7654e-03
6.3443e-03
7.2252e-03
8.1012e-03
8.9010e-03
9.9040e-03
1.1419e-02
1.3276e-02
1.4950e-02
1.5564e-02
1.4493e-02
1.1858e-02
8.2894e-03
4.7138e-03
1.9831e-03
7.9290e-04
1.2504e-03
2.4804e-03
3.3077e-03
2.9494e-03
1.0900e-03
-1.7997e-03
-5.1773e-03
-8.3695e-03
-1.0545e-02
-1.1424e-02
-1.1039e-02
-9.7448e-03
-7.9404e-03
-6.0349e-03
-4.0868e-03
-2.0900e-03
2.7397e-04
3.3395e-03
6.8720e-03
1.0384e-02
1.3552e-02
1.5824e-02
1.6803e-02
1.6594e-02
1.5565e-02
1.4344e-02
1.3390e-02
1.2763e-02
1.2429e-02
1.2096e-02
1.1292e-02
9.8959e-03
8.1521e-03
6.2533e-03
4.8333e-03
4.5410e-03
5.4650e-03
7.1221e-03
8.8440e-03
9.8745e-03
9.6187e-03
8.1723e-03
5.8739e-03
3.4548e-03
1.4774e-03
-3.7732e-04
-2.3222e-03
-4.4030e-03
-6.6712e-03
-9.0350e-03
-1.1169e-02
-1.2669e-02
-1.3126e-02
-1.2610e-02
-1.1672e-02
-1.1009e-02
-1.1150e-02
-1.2417e-02
-1.4635e-02
-1.7374e-02
-1.9889e-02
-2.1480e-02
-2.1727e-02
-2.0275e-02
-1.7003e-02
-1.2056e-02
-5.8415e-03
9.2688e-04
6.9154e-03
1.1198e-02
1.3679e-02
1.4617e-02
1.4255e-02
1.2821e-02
1.0497e-02
7.3863e-03
3.5251e-03
-8.5786e-04
-5.0586e-03
-8.5228e-03
-1.0534e-02
-1.0333e-02
-7.5988e-03
-2.4417e-03
4.4423e-03
1.1685e-02
1.8185e-02
2.2864e-02
2.4895e-02
2.3645e-02
1.9191e-02
1.2155e-02
4.1208e-03
-3.1376e-03
-8.3369e-03
-1.1076e-02
-1.1456e-02
-9.9994e-03
-7.2791e-03
-3.8466e-03
-4.2742e-04
2.2033e-03
3.6245e-03
3.4180e-03
1.8877e-03
-9.7103e-05
-2.1965e-03
-3.9816e-03
-5.0751e-03
-5.2957e-03
-4.9730e-03
-4.6631e-03
-4.6268e-03
-4.7973e-03
-4.9851e-03
-5.0413e-03
-4.7226e-03
-3.5889e-03
-1.5557e-03
1.1159e-03
3.6870e-03
5.3998e-03
5.9968e-03
5.5570e-03
3.7916e-03
8.3166e-04
-2.9901e-03
-7.3791e-03
-1.1948e-02
-1.6078e-02
-1.9432e-02
-2.1877e-02
-2.3325e-02
-2.3422e-02
-2.1665e-02
-1.8092e-02
-1.3465e-02
-8.9028e-03
-5.5522e-03
-3.6742e-03
-2.7473e-03
-1.9141e-03
-6.0674e-04
1.1887e-03
3.3308e-03
5.6601e-03
8.0301e-03
1.0511e-02
1.2806e-02
1.4198e-02
1.4087e-02
1.2266e-02
9.0146e-03
4.8724e-03
5.4569e-04
-3.6586e-03
-7.6595e-03
-1.1247e-02
-1.4003e-02
-1.5593e-02
-1.5507e-02
-1.3510e-02
-9.5127e-03
-4.1133e-03
1.6204e-03
6.6376e-03
1.0380e-02
1.2571e-02
1.3109e-02
1.2284e-02
1.0570e-02
8.4564e-03
6.4770e-03
4.8847e-03
3.7380e-03
2.9608e-03
2.4614e-03
1.7896e-03
5.6482e-04
-1.2977e-03
-3.5704e-03
-5.5246e-03
-6.5254e-03
-6.5974e-03
-6.0563e-03
-5.2625e-03
-4.5159e-03
-4.0856e-03
-4.0485e-03
-4.4127e-03
-5.1222e-03
-5.9766e-03
-6.6978e-03
-6.8373e-03
-6.2261e-03
-4.9864e-03
-3.3113e-03
-1.0972e-03
1.5547e-03
4.0340e-03
5.9424e-03
7.3425e-03
8.3309e-03
8.8704e-03
9.0842e-03
9.4301e-03
1.0357e-02
1.1803e-02
1.3184e-02
1.3878e-02
1.3538e-02
1.1999e-02
9.3130e-03
5.5796e-03
1.2472e-03
-2.7751e-03
-5.8512e-03
-8.0088e-03
-9.3402e-03
-9.8190e-03
-9.4046e-03
-8.4706e-03
-7.4562e-03
-6.4428e-03
-5.5024e-03
-4.6242e-03
-3.5540e-03
-2.0490e-03
1.8400e-04
3.1544e-03
6.6995e-03
1.0389e-02
1.3430e-02
1.5534e-02
1.6518e-02
1.6236e-02
1.4610e-02
1.2096e-02
9.2167e-03
6.2026e-03
3.1084e-03
4.8851e-04
-1.0556e-03
-1.2225e-03
-9.3840e-05
2.0200e-03
4.4871e-03
7.2239e-03
1.0258e-02
1.3533e-02
1.6588e-02
1.8778e-02
1.9439e-02
1.8221e-02
1.5194e-02
1.0706e-02
5.4148e-03
6.8412e-05
-4.5866e-03
-8.0705e-03
-9.9664e-03
-9.9650e-03
-8.4198e-03
-6.2387e-03
-3.9465e-03
-1.8343e-03
2.6674e-06
1.8661e-03
4.0772e-03
6.6569e-03
9.0687e-03
1.0812e-02
1.1398e-02
1.0567e-02
8.4165e-03
5.1837e-03
1.4694e-03
-2.1290e-03
-5.5130e-03
-8.6975e-03
-1.1520e-02
-1.3398e-02
-1.4055e-02
-1.3646e-02
-1.2398e-02
-1.0309e-02
-7.6412e-03
-5.1901e-03
-3.6468e-03
-3.1859e-03
-3.3656e-03
-3.6118e-03
-3.6294e-03
-3.3652e-03
-2.8774e-03
-2.3864e-03
-1.8715e-03
-1.3316e-03
-9.6879e-04
-9.1793e-04
-1.2311e-03
-1.6904e-03
-2.1553e-03
-2.4623e-03
-2.4877e-03
-2.1227e-03
-1.3596e-03
-9.2822e-05
1.9768e-03
4.8129e-03
7.9140e-03
1.0578e-02
1.2544e-02
1.3590e-02
1.3770e-02
1.3289e-02
1.2328e-02
1.1149e-02
9.8153e-03
8.6815e-03
7.6737e-03
6.5322e-03
5.4155e-03
4.6509e-03
4.2505e-03
4.2153e-03
4.2657e-03
4.3808e-03
4.5235e-03
4.6553e-03
4.9583e-03
5.4924e-03
5.9825e-03
6.1541e-03
5.7841e-03
4.7613e-03
3.2630e-03
1.6568e-03
4.1940e-04
-1.3358e-04
-1.5738e-05
7.4551e-04
1.7974e-03
2.7339e-03
3.3906e-03
3.6366e-03
3.3569e-03
2.6152e-03
1.4775e-03
6.6236e-06
-1.8367e-03
-4.0593e-03
-6.7011e-03
-9.6822e-03
-1.2818e-02
-1.5843e-02
-1.8263e-02
-1.9654e-02
-1.9676e-02
-1.8017e-02
-1.4753e-02
-1.0259e-02
-5.2896e-03
-5.2644e-04
3.5712e-03
6.6166e-03
8.1983e-03
7.8282e-03
5.5266e-03
1.7931e-03
-2.4548e-03
-6.2856e-03
-8.6533e-03
-8.9951e-03
-7.4730e-03
-4.6327e-03
-1.0425e-03
2.3332e-03
4.8999e-03
6.6043e-03
7.5441e-03
7.6372e-03
6.7441e-03
4.7998e-03
2.2067e-03
-6.0599e-04
-3.2046e-03
-5.2109e-03
-6.4265e-03
-6.7739e-03
-6.1638e-03
-4.8834e-03
-3.5769e-03
-2.6914e-03
-2.4269e-03
-2.8004e-03
-3.7331e-03
-5.3871e-03
-7.5249e-03
-9.9121e-03
-1.2187e-02
-1.4113e-02
-1.5227e-02
-1.5198e-02
-1.4025e-02
-1.1809e-02
-8.9629e-03
-6.1360e-03
-3.7974e-03
-2.2573e-03
-1.3875e-03
-7.7163e-04
-7.9606e-05
7.7488e-04
1.6534e-03
2.2521e-03
2.4328e-03
2.3401e-03
2.1510e-03
1.8594e-03
1.5927e-03
1.5323e-03
1.8583e-03
2.5049e-03
3.1261e-03
3.6514e-03
4.1539e-03
4.5728e-03
4.9667e-03
5.1692e-03
4.7670e-03
3.7340e-03
2.1262e-03
2.7788e-04
-1.3969e-03
-2.5529e-03
-3.0311e-03
-2.9708e-03
-2.5298e-03
-1.9285e-03
-1.5210e-03
-1.4863e-03
-1.8886e-03
-2.5613e-03
-3.0905e-03
-3.1997e-03
-2.7386e-03
-1.6604e-03
-1.5846e-04
1.4757e-03
2.9353e-03
3.6890e-03
3.2737e-03
1.7000e-03
-9.0135e-04
-3.9213e-03
-6.8000e-03
-9.0772e-03
-1.0500e-02
-1.0620e-02
-9.3948e-03
-7.0130e-03
-3.8025e-03
-4.2196e-04
2.4350e-03
4.4060e-03
5.5419e-03
6.1918e-03
6.6254e-03
7.1399e-03
7.8274e-03
8.3588e-03
8.3207e-03
7.6275e-03
6.3749e-03
4.7559e-03
2.9427e-03
1.3372e-03
5.0060e-06
-1.2244e-03
-2.3336e-03
-3.1722e-03
-3.4317e-03
-3.2441e-03
-2.9355e-03
-2.5803e-03
-2.3146e-03
-2.2423e-03
-2.1893e-03
-1.6906e-03
-6.8665e-04
5.8208e-04
1.5882e-03
2.1466e-03
2.2655e-03
1.9836e-03
1.6274e-03
1.5276e-03
1.8902e-03
2.6462e-03
3.5991e-03
4.6876e-03
5.7934e-03
6.9313e-03
8.0006e-03
8.8485e-03
9.3146e-03
9.4221e-03
9.3069e-03
8.8974e-03
7.9915e-03
6.6055e-03
4.9838e-03
3.3608e-03
1.8188e-03
3.3487e-04
-1.1504e-03
-2.5768e-03
-3.5467e-03
-3.8267e-03
-3.4366e-03
-2.6462e-03
-1.8366e-03
-1.3211e-03
-1.0230e-03
-8.5741e-04
-8.4135e-04
-1.0662e-03
-1.4329e-03
-1.9189e-03
-2.4822e-03
-2.8969e-03
-2.9872e-03
-2.5872e-03
-1.5827e-03
-1.1718e-04
1.5243e-03
3.0658e-03
4.1399e-03
4.2861e-03
3.3888e-03
1.8183e-03
9.2838e-05
-1.5981e-03
-3.5162e-03
-5.4905e-03
-7.0432e-03
-7.9812e-03
-8.2880e-03
-7.9971e-03
-7.2553e-03
-6.1313e-03
-4.7042e-03
-3.0711e-03
-1.3992e-03
1.0944e-04
1.2519e-03
1.8950e-03
1.8376e-03
1.1170e-03
-2.1158e-04
-2.1373e-03
-4.5011e-03
-7.0374e-03
-9.5645e-03
-1.1486e-02
-1.2299e-02
-1.1941e-02
-1.0642e-02
-8.9436e-03
-7.3020e-03
-5.9299e-03
-4.9352e-03
-4.2890e-03
-3.9810e-03
-4.0718e-03
-4.8051e-03
-6.0463e-03
-7.2037e-03
-7.6885e-03
-7.2334e-03
-5.7865e-03
-3.5412e-03
-1.0869e-03
1.4780e-03
4.0672e-03
6.2875e-03
8.0092e-03
9.3720e-03
1.0356e-02
1.0857e-02
1.0893e-02
1.0403e-02
9.3379e-03
7.8659e-03
6.2476e-03
4.6661e-03
3.2479e-03
2.2405e-03
1.8468e-03
2.1657e-03
3.0725e-03
3.9898e-03
4.6072e-03
4.8486e-03
4.7611e-03
4.3970e-03
4.0275e-03
3.9340e-03
4.2539e-03
4.7664e-03
5.2337e-03
5.3196e-03
5.0184e-03
4.3721e-03
3.3138e-03
1.9118e-03
4.6426e-04
-5.3744e-04
-9.9047e-04
-8.5255e-04
-2.3498e-04
5.8775e-04
1.3487e-03
1.8329e-03
2.1994e-03
2.6536e-03
3.1296e-03
3.6106e-03
3.9730e-03
4.0684e-03
3.7552e-03
3.0772e-03
2.2339e-03
1.4470e-03
9.2737e-04
5.3159e-04
6.5865e-05
-4.0550e-04
-9.3406e-04
-1.6644e-03
-2.7058e-03
-3.9566e-03
-5.5087e-03
-7.1959e-03
-8.5926e-03
-9.4818e-03
-9.7306e-03
-9.1325e-03
-7.8124e-03
-6.2279e-03
-4.9084e-03
-4.0490e-03
-3.4534e-03
-2.9040e-03
-2.4661e-03
-2.3465e-03
-2.8046e-03
-3.5379e-03
-4.2594e-03
-4.8730e-03
-5.2320e-03
-5.2559e-03
-4.8748e-03
-4.1740e-03
-3.2999e-03
-2.2598e-03
-1.0482e-03
6.1159e-04
2.3411e-03
3.5305e-03
3.7447e-03
3.1558e-03
2.4069e-03
1.7916e-03
1.2571e-03
7.3403e-04
3.4976e-04
1.8837e-04
1.2939e-04
-8.2667e-05
-4.4763e-04
-9.7214e-04
-1.6036e-03
-2.1877e-03
-2.9215e-03
-3.8292e-03
-4.8039e-03
-5.9440e-03
-7.2262e-03
-8.2363e-03
-8.7878e-03
-8.7269e-03
-8.1063e-03
-7.1761e-03
-6.0757e-03
-4.9686e-03
-3.7382e-03
-2.1364e-03
-3.0137e-04
1.4953e-03
3.1242e-03
4.5104e-03
5.3665e-03
5.5731e-03
5.1965e-03
4.4154e-03
3.3584e-03
2.2942e-03
1.3057e-03
-2.9009e-05
-1.9679e-03
-4.3520e-03
-6.7983e-03
-8.8929e-03
-1.0492e-02
-1.1547e-02
-1.1978e-02
-1.1705e-02
-1.0719e-02
-9.1501e-03
-7.0387e-03
-4.7901e-03
-2.6892e-03
-8.7239e-04
5.8825e-04
1.5030e-03
2.0151e-03
2.2868e-03
2.3565e-03
2.1118e-03
1.5322e-03
7.4978e-04
-1.4127e-04
-1.2420e-03
-2.6111e-03
-4.1687e-03
-5.6676e-03
-6.6269e-03
-6.8440e-03
-6.4089e-03
-5.5590e-03
-4.4000e-03
-3.1265e-03
-2.1915e-03
-1.6759e-03
-1.4270e-03
-1.1009e-03
-4.1634e-04
7.0288e-04
1.9957e-03
3.2806e-03
4.3332e-03
4.8902e-03
5.0317e-03
5.1070e-03
5.0908e-03
4.9423e-03
4.6252e-03
4.1888e-03
3.4007e-03
2.2409e-03
1.1578e-03
1.4979e-04
-9.2364e-04
-1.8145e-03
-2.3713e-03
-2.4347e-03
-2.1366e-03
-1.6690e-03
-1.2497e-03
-8.2318e-04
-3.0904e-04
1.1238e-04
2.9532e-04
2.7507e-04
2.4289e-04
4.5090e-04
8.0237e-04
9.9449e-04
8.5391e-04
7.1832e-04
7.6644e-04
9.6061e-04
1.3781e-03
1.9381e-03
2.1815e-03
1.9852e-03
1.4814e-03
1.0187e-03
8.9024e-04
1.2550e-03
2.1776e-03
3.8846e-03
5.9906e-03
7.9301e-03
9.4698e-03
1.0496e-02
1.0954e-02
1.0959e-02
1.0595e-02
9.9679e-03
9.1619e-03
8.1470e-03
7.0893e-03
6.1097e-03
5.0177e-03
3.7164e-03
2.4496e-03
1.4971e-03
9.7015e-04
5.9740e-04
1.7798e-04
-8.0199e-05
-2.0867e-04
-6.2739e-05
4.0979e-04
9.9109e-04
1.7690e-03
2.6972e-03
3.6049e-03
4.3672e-03
4.8531e-03
5.2470e-03
5.7977e-03
6.5124e-03
7.1437e-03
7.6323e-03
7.9226e-03
8.0058e-03
7.9223e-03
7.5245e-03
6.5862e-03
5.1045e-03
3.1483e-03
9.4815e-04
-1.0339e-03
-2.3679e-03
-2.8973e-03
-2.8171e-03
-2.2819e-03
-1.3470e-03
-2.8942e-04
6.2557e-04
1.3048e-03
1.6095e-03
1.3867e-03
7.2251e-04
-1.8812e-04
-1.2691e-03
-2.3222e-03
-3.1978e-03
-3.9259e-03
-4.5637e-03
-4.9972e-03
-5.1677e-03
-5.1124e-03
-4.7675e-03
-4.1259e-03
-3.2895e-03
-2.4248e-03
-1.6297e-03
-8.9311e-04
-1.5502e-04
5.2673e-04
9.4731e-04
1.1502e-03
1.3839e-03
1.6273e-03
1.8676e-03
2.1994e-03
2.5749e-03
3.0760e-03
3.6670e-03
4.1829e-03
4.6166e-03
4.8771e-03
4.8641e-03
4.4666e-03
3.7578e-03
2.8374e-03
1.6403e-03
3.6215e-04
-6.2848e-04
-1.4924e-03
-2.2356e-03
-2.7601e-03
-3.1679e-03
-3.4348e-03
-3.6298e-03
-3.9249e-03
-4.3003e-03
-4.7410e-03
-5.0651e-03
-5.1760e-03
-5.0593e-03
-4.6358e-03
-3.8507e-03
-2.6545e-03
-1.2376e-03
-9.4732e-06
9.4690e-04
1.8065e-03
2.4787e-03
2.9038e-03
2.9177e-03
2.5349e-03
1.7817e-03
9.5625e-04
-3.4343e-05
-1.3134e-03
-2.6641e-03
-3.6210e-03
-4.1355e-03
-4.2127e-03
-3.8218e-03
-3.0968e-03
-2.1841e-03
-1.0362e-03
3.5438e-04
1.8165e-03
3.0316e-03
3.9082e-03
4.5904e-03
5.1784e-03
5.5654e-03
5.7147e-03
5.6311e-03
5.2292e-03
4.4660e-03
3.3780e-03
2.2721e-03
1.3643e-03
6.4282e-04
6.4872e-05
-2.7580e-04
-3.8262e-04
-4.6002e-04
-8.2728e-04
-1.5386e-03
-2.3356e-03
-2.7477e-03
-2.4765e-03
-1.6683e-03
-5.9838e-04
6.5193e-04
1.8735e-03
2.6939e-03
3.0507e-03
2.9255e-03
2.4658e-03
1.7417e-03
1.1671e-03
9.7756e-04
1.0712e-03
1.3896e-03
2.0981e-03
3.0306e-03
3.8508e-03
4.0921e-03
3.5453e-03
2.6265e-03
1.4840e-03
1.4917e-04
-1.2324e-03
-2.2122e-03
-2.3223e-03
-1.6507e-03
-5.6667e-04
7.2571e-04
2.0355e-03
3.1072e-03
3.9073e-03
4.4193e-03
4.4634e-03
4.1672e-03
3.7153e-03
3.3996e-03
3.4258e-03
3.8154e-03
4.3115e-03
4.7866e-03
4.9721e-03
4.7081e-03
4.1309e-03
3.1572e-03
1.8919e-03
6.9373e-04
-2.6827e-04
-1.0278e-03
-1.5880e-03
-1.7566e-03
-1.5119e-03
-1.0707e-03
-6.0525e-04
-3.4562e-04
-3.2506e-04
-4.2761e-04
-7.5334e-04
-1.3987e-03
-2.1873e-03
-3.0176e-03
-3.7724e-03
-4.4989e-03
-4.9545e-03
-4.8412e-03
-4.0477e-03
-2.9655e-03
-1.8559e-03
-6.4474e-04
7.1727e-04
1.9678e-03
2.7797e-03
3.2043e-03
3.3356e-03
3.2144e-03
2.9048e-03
2.6613e-03
2.4917e-03
2.1379e-03
1.6056e-03
1.0774e-03
6.2756e-04
3.9294e-04
4.8118e-04
8.5069e-04
1.3170e-03
1.8848e-03
2.4381e-03
2.7516e-03
2.8009e-03
2.7184e-03
2.5263e-03
2.0926e-03
1.5172e-03
8.8966e-04
1.7746e-04
-4.3546e-04
-8.9963e-04
-1.2451e-03
-1.5805e-03
-1.8221e-03
-1.9227e-03
-1.9248e-03
-1.9144e-03
-2.0864e-03
-2.4426e-03
-2.7402e-03
-2.8340e-03
-2.6113e-03
-2.0309e-03
-1.2359e-03
-5.4695e-04
-1.0219e-04
1.2174e-05
-1.9002e-04
-4.3257e-04
-5.4395e-04
-6.5871e-04
-7.2197e-04
-5.8248e-04
-2.3615e-04
1.9479e-04
6.1716e-04
9.7374e-04
1.1539e-03
1.1717e-03
1.0955e-03
7.2989e-04
9.2678e-05
-5.6795e-04
-1.2032e-03
-1.7107e-03
-2.1167e-03
-2.6211e-03
-3.1692e-03
-3.6733e-03
-4.0636e-03
-4.0976e-03
-3.7886e-03
-3.3006e-03
-2.6942e-03
-2.1690e-03
-1.9257e-03
-1.9328e-03
-2.0430e-03
-2.2644e-03
-2.5603e-03
-2.7433e-03
-2.5872e-03
-1.8565e-03
-7.0495e-04
4.2727e-04
1.3062e-03
1.9630e-03
2.4069e-03
2.5917e-03
2.4418e-03
1.9401e-03
1.3436e-03
6.8262e-04
-1.6141e-04
-1.0919e-03
-2.1369e-03
-3.3872e-03
-4.5427e-03
-5.4641e-03
-6.1716e-03
-6.5324e-03
-6.5883e-03
-6.4859e-03
-6.0252e-03
-5.1580e-03
-4.1760e-03
-3.2989e-03
-2.5597e-03
-1.8763e-03
-1.1752e-03
-6.2172e-04
-3.9415e-04
-6.3481e-04
-1.2729e-03
-1.9083e-03
-2.3851e-03
-2.6372e-03
-2.4929e-03
-2.1030e-03
-1.6011e-03
-9.9952e-04
-4.9029e-04
-7.9939e-05
2.4417e-04
5.7123e-04
6.8002e-04
3.4347e-04
-1.9037e-04
-7.6011e-04
-1.3653e-03
-1.8260e-03
-2.0069e-03
-1.9816e-03
-1.9044e-03
-1.8533e-03
-1.6738e-03
-1.3731e-03
-9.4925e-04
-5.1849e-04
-1.1953e-04
8.9503e-06
-1.6277e-04
-4.0962e-04
-7.4880e-04
-1.2859e-03
-1.9771e-03
-2.5359e-03
-2.7626e-03
-2.7052e-03
-2.3840e-03
-2.0049e-03
-1.8078e-03
-1.8177e-03
-1.9171e-03
-2.0117e-03
-2.2257e-03
-2.5110e-03
-2.6957e-03
-2.7589e-03
-2.9436e-03
-3.2522e-03
-3.4651e-03
-3.3178e-03
-2.9335e-03
-2.6091e-03
-2.3133e-03
-2.0557e-03
-1.9244e-03
-1.9100e-03
-1.9419e-03
-1.9605e-03
-1.9257e-03
-1.6627e-03
-1.0979e-03
-5.2058e-04
-2.3533e-04
-2.5134e-04
-3.8718e-04
-4.7827e-04
-4.7274e-04
-3.8657e-04
-1.1565e-04
2.5855e-04
6.9990e-04
1.0132e-03
9.1680e-04
5.8130e-04
3.3445e-04
2.9673e-04
3.9240e-04
5.4857e-04
8.3364e-04
1.1802e-03
1.6308e-03
2.1968e-03
2.7002e-03
3.0779e-03
3.1341e-03
2.9304e-03
2.7180e-03
2.5891e-03
2.3887e-03
2.0991e-03
1.7567e-03
1.6525e-03
1.8039e-03
2.0019e-03
2.1618e-03
2.4483e-03
2.9970e-03
3.7170e-03
4.2705e-03
4.5247e-03
4.7145e-03
4.8591e-03
4.7554e-03
4.5017e-03
4.2032e-03
3.5976e-03
2.7047e-03
1.7499e-03
8.8831e-04
1.9333e-04
-1.5211e-04
4.8026e-05
6.6094e-04
1.2767e-03
1.8048e-03
2.3072e-03
2.6118e-03
2.5019e-03
2.1203e-03
1.6364e-03
1.2303e-03
9.3461e-04
8.7865e-04
8.4555e-04
7.2074e-04
5.7937e-04
4.3905e-04
1.7192e-04
-1.2684e-04
-3.5261e-04
-6.2229e-04
-8.3289e-04
-7.3241e-04
-4.3927e-04
-2.0808e-04
-8.3150e-05
1.0795e-04
3.3695e-04
4.3581e-04
2.4602e-04
-7.4827e-05
-2.9668e-04
-3.3280e-04
-2.5218e-04
-1.1480e-04
1.5467e-04
4.8481e-04
8.8072e-04
1.2131e-03
1.4138e-03
1.5959e-03
1.5919e-03
1.4320e-03
1.2334e-03
9.3043e-04
5.8622e-04
1.9026e-04
-1.2955e-04
-2.7121e-04
-2.5912e-04
-1.9691e-04
-1.2520e-04
9.0459e-05
4.3023e-04
8.7043e-04
1.2986e-03
1.7018e-03
1.9904e-03
2.1005e-03
2.0868e-03
1.9905e-03
1.7297e-03
1.3802e-03
9.7037e-04
5.8921e-04
2.0331e-04
-1.1222e-04
-3.0589e-04
-6.0562e-04
-1.1382e-03
-1.6487e-03
-1.9014e-03
-1.9055e-03
-1.8086e-03
-1.7422e-03
-1.7485e-03
-1.7973e-03
-1.7566e-03
-1.3966e-03
-7.7363e-04
-9.7472e-05
7.3743e-04
1.6533e-03
2.6082e-03
3.6051e-03
4.4638e-03
5.2599e-03
5.8034e-03
6.0001e-03
5.9712e-03
5.7283e-03
5.1446e-03
4.4067e-03
3.4118e-03
2.2621e-03
1.3797e-03
7.7038e-04
3.7949e-04
3.6357e-04
6.4401e-04
1.0962e-03
1.4362e-03
1.5293e-03
1.4537e-03
1.2714e-03
9.5538e-04
5.9852e-04
2.1075e-04
-6.3647e-05
-1.5464e-04
-1.2537e-04
-7.6178e-05
-5.8268e-05
-6.2918e-05
-7.4827e-05
-8.2698e-05
-8.2866e-05
-1.6196e-04
-4.3856e-04
-6.5606e-04
-5.3108e-04
-2.2762e-04
1.9538e-04
8.4655e-04
1.3939e-03
1.7323e-03
1.9824e-03
2.1298e-03
2.0736e-03
1.7833e-03
1.3766e-03
8.2992e-04
1.3322e-04
-6.4077e-04
-1.3016e-03
-1.6333e-03
-1.6569e-03
-1.4409e-03
-1.0745e-03
-8.0972e-04
-7.5646e-04
-9.5347e-04
-1.3441e-03
-1.6541e-03
-1.7466e-03
-1.6757e-03
-1.4584e-03
-1.1078e-03
-7.2337e-04
-3.4107e-04
-1.0874e-04
-5.8650e-05
-1.1066e-04
-2.7932e-04
-5.9250e-04
-9.6893e-04
-1.3711e-03
-1.7600e-03
-2.2741e-03
-2.8472e-03
-3.3432e-03
-3.8693e-03
-4.3992e-03
-4.7327e-03
-4.8217e-03
-4.7669e-03
-4.5703e-03
-4.1108e-03
-3.5290e-03
-3.0312e-03
-2.6391e-03
-2.3208e-03
-1.9812e-03
-1.6090e-03
-1.3057e-03
-1.1995e-03
-1.0754e-03
-9.3467e-04
-8.3994e-04
-8.0873e-04
-8.1729e-04
-8.3336e-04
-8.3881e-04
-8.3306e-04
-8.2385e-04
-8.0420e-04
-6.5831e-04
-3.3357e-04
-3.6739e-05
2.1550e-04
5.2006e-04
7.6183e-04
9.7304e-04
1.1389e-03
9.5418e-04
4.6928e-04
5.3285e-05
-3.2429e-04
-8.7399e-04
-1.3403e-03
-1.5418e-03
-1.5269e-03
-1.4298e-03
-1.2423e-03
-9.3076e-04
-5.6345e-04
-1.7262e-04
7.9331e-05
1.4419e-04
1.0100e-04
4.5231e-05
-8.5412e-05
-3.6900e-04
-7.4377e-04
-1.1519e-03
-1.2975e-03
-1.0586e-03
-7.2897e-04
-6.6286e-04
-9.5737e-04
-1.3206e-03
-1.5120e-03
-1.5101e-03
-1.5357e-03
-1.7758e-03
-2.0743e-03
-2.2462e-03
-2.2586e-03
-2.3183e-03
-2.5896e-03
-2.8884e-03
-3.0394e-03
-3.0256e-03
-2.9536e-03
-2.9210e-03
-2.9419e-03
-2.9728e-03
-2.7417e-03
-1.9822e-03
-9.3913e-04
1.6626e-04
1.1645e-03
1.8609e-03
2.2481e-03
2.3528e-03
2.1589e-03
1.7923e-03
1.4130e-03
9.4018e-04
4.2533e-04
-2.8036e-05
-5.4992e-04
-1.1119e-03
-1.4814e-03
-1.5879e-03
-1.5315e-03
-1.3396e-03
-1.0142e-03
-6.4340e-04
-2.7018e-04
-4.8170e-05
1.1892e-04
3.9170e-04
7.6223e-04
1.2093e-03
1.6319e-03
2.0024e-03
2.0951e-03
1.8326e-03
1.5007e-03
1.2172e-03
9.3377e-04
7.4722e-04
6.9321e-04
7.1647e-04
7.3995e-04
6.1626e-04
2.8511e-04
-2.6630e-05
-1.7126e-04
-1.7152e-04
-1.1299e-04
-1.9134e-04
-6.2919e-04
-1.2648e-03
-1.7174e-03
-1.9622e-03
-2.2958e-03
-2.7662e-03
-3.1351e-03
-3.2739e-03
-3.1221e-03
-2.6240e-03
-1.9965e-03
-1.4800e-03
-9.8812e-04
-5.1314e-04
-2.1741e-04
-1.3552e-04
-1.7665e-04
-3.4847e-04
-7.7847e-04
-1.3313e-03
-1.5812e-03
-1.3566e-03
-8.6558e-04
-3.3740e-04
7.6440e-05
5.1802e-04
1.0078e-03
1.4629e-03
1.8753e-03
2.1368e-03
2.2184e-03
2.1892e-03
2.0286e-03
1.7121e-03
1.3234e-03
7.9944e-04
2.3608e-04
-2.2532e-04
-4.8340e-04
-3.9054e-04
-1.4498e-04
2.5713e-04
1.0115e-03
1.9564e-03
2.7502e-03
3.2305e-03
3.5250e-03
3.6741e-03
3.6202e-03
3.3410e-03
2.9440e-03
2.4012e-03
1.8488e-03
1.5277e-03
1.4731e-03
1.5511e-03
1.6195e-03
1.6276e-03
1.5982e-03
1.6792e-03
1.9762e-03
2.2801e-03
2.4217e-03
2.2914e-03
1.9141e-03
1.3527e-03
5.0109e-04
-4.7329e-04
-1.4805e-03
-2.5321e-03
-3.4936e-03
-4.1883e-03
-4.3660e-03
-3.9383e-03
-3.2324e-03
-2.5200e-03
-1.6999e-03
-8.2696e-04
-1.0249e-04
2.6529e-04
3.2379e-04
2.4377e-04
-4.7877e-05
-6.3290e-04
-1.2550e-03
-1.8731e-03
-2.4000e-03
-2.6765e-03
-2.7220e-03
-2.7845e-03
-3.0410e-03
-3.3200e-03
-3.4704e-03
-3.4814e-03
-3.4265e-03
-3.3666e-03
-3.2146e-03
-2.9031e-03
-2.4961e-03
-1.9331e-03
-1.3367e-03
-8.5259e-04
-3.3973e-04
3.1597e-04
9.7854e-04
1.4915e-03
1.8788e-03
2.1081e-03
2.3582e-03
2.8403e-03
3.4178e-03
3.7996e-03
3.8968e-03
3.7915e-03
3.3510e-03
2.6633e-03
2.0082e-03
1.4088e-03
9.4635e-04
7.3255e-04
7.1821e-04
7.7057e-04
7.7899e-04
5.9526e-04
2.3792e-04
-2.1318e-04
-6.5744e-04
-1.0696e-03
-1.5762e-03
-2.0768e-03
-2.3711e-03
-2.5850e-03
-2.8478e-03
-3.0625e-03
-3.1620e-03
-3.1522e-03
-2.9433e-03
-2.5850e-03
-2.3159e-03
-2.2393e-03
-2.2940e-03
-2.3690e-03
-2.3976e-03
-2.3727e-03
-2.1775e-03
-1.8161e-03
-1.3774e-03
-9.7412e-04
-7.6554e-04
-7.5116e-04
-8.1942e-04
-8.6721e-04
-8.5999e-04
-8.0562e-04
-6.0186e-04
-2.5792e-04
1.5761e-04
5.4876e-04
7.7303e-04
9.7874e-04
1.4158e-03
1.9687e-03
2.3389e-03
2.4342e-03
2.3622e-03
2.2575e-03
2.0514e-03
1.7303e-03
1.3480e-03
9.8614e-04
7.8675e-04
7.5797e-04
8.0802e-04
8.6166e-04
1.0102e-03
1.1411e-03
1.2323e-03
1.5520e-03
2.0317e-03
2.3801e-03
2.4824e-03
2.4053e-03
2.1223e-03
1.5804e-03
9.8437e-04
3.4152e-04
-3.3882e-04
-9.7674e-04
-1.5872e-03
-2.0636e-03
-2.2884e-03
-2.3081e-03
-2.2362e-03
-2.0094e-03
-1.7015e-03
-1.5069e-03
-1.4512e-03
-1.2947e-03
-1.0191e-03
-7.9911e-04
-6.9353e-04
-4.7828e-04
1.5852e-05
5.5036e-04
8.4345e-04
8.6838e-04
7.6786e-04
6.8689e-04
6.8229e-04
7.2992e-04
7.7929e-04
7.9912e-04
8.1337e-04
1.0320e-03
1.5773e-03
2.1585e-03
2.4647e-03
2.4739e-03
2.3397e-03
2.2392e-03
2.2057e-03
2.0364e-03
1.7533e-03
1.5424e-03
1.4769e-03
1.5093e-03
1.5820e-03
1.8124e-03
2.1249e-03
2.3256e-03
2.3629e-03
2.3081e-03
2.2781e-03
2.4714e-03
2.6237e-03
2.5629e-03
2.4168e-03
2.3144e-03
2.2957e-03
2.3297e-03
2.3673e-03
2.3808e-03
2.3709e-03
2.3536e-03
2.3425e-03
2.3416e-03
2.3468e-03
2.3519e-03
2.3535e-03
2.3266e-03
2.0942e-03
1.7139e-03
1.2541e-03
8.4241e-04
4.3531e-04
-9.3626e-05
-5.7562e-04
-8.0340e-04
-7.9657e-04
-7.0548e-04
-6.5172e-04
-6.6665e-04
-7.1663e-04
-7.5697e-04
-7.6717e-04
-7.5421e-04
-7.3645e-04
-7.0364e-04
-4.6811e-04
6.8186e-05
6.2064e-04
9.0207e-04
9.0429e-04
7.8684e-04
6.8813e-04
6.6559e-04
7.0354e-04
7.5216e-04
7.5157e-04
5.0750e-04
-5.5981e-05
-6.2979e-04
-9.1650e-04
-9.1207e-04
-7.8759e-04
-7.0105e-04
-7.0692e-04
-7.8272e-04
-8.3858e-04
-6.7167e-04
-5.1285e-04
-3.6507e-04
-1.5457e-04
1.9003e-04
5.5652e-04
7.5024e-04
7.6625e-04
6.9660e-04
6.3343e-04
6.2220e-04
6.5279e-04
7.0317e-04
7.4378e-04
7.5602e-04
7.6992e-04
9.6893e-04
1.2917e-03
1.5224e-03
1.5834e-03
1.5343e-03
1.4713e-03
1.4264e-03
1.2334e-03
9.3662e-04
7.2806e-04
6.7370e-04
6.9301e-04
5.3304e-04
2.1915e-04
-2.9588e-05
-1.1404e-04
-5.3744e-05
2.2407e-04
5.8316e-04
7.9816e-04
8.2172e-04
7.4576e-04
6.7849e-04
6.6832e-04
7.0149e-04
7.4021e-04
7.5847e-04
7.5399e-04
7.3957e-04
7.2857e-04
7.2816e-04
7.4864e-04
7.7906e-04
7.9912e-04
8.0102e-04
7.8047e-04
7.6525e-04
7.6948e-04
7.7058e-04
7.7151e-04
7.6736e-04
7.9372e-04
1.0590e-03
1.6397e-03
2.2193e-03
2.5150e-03
2.6896e-03
2.6891e-03
2.5168e-03
2.3560e-03
2.2689e-03
2.0488e-03
1.5485e-03
1.0142e-03
7.2472e-04
6.7844e-04
5.6466e-04
2.8782e-04
-1.6835e-04
-6.2670e-04
-8.6814e-04
-8.8468e-04
-8.1529e-04
-7.7418e-04
-7.3613e-04
-5.2940e-04
-2.3455e-04
-4.7119e-05
3.5453e-05
2.2646e-04
4.8993e-04
6.7325e-04
7.2625e-04
6.9621e-04
6.0037e-04
3.3442e-04
-4.1196e-05
-4.8367e-04
-8.3003e-04
-9.6506e-04
-9.4393e-04
-8.9583e-04
-8.9205e-04
-9.2866e-04
-9.1304e-04
-6.1411e-04
-2.2481e-05
5.1223e-04
7.2765e-04
6.1524e-04
1.7388e-04
-4.6573e-04
-9.5956e-04
-1.1337e-03
-1.0745e-03
-9.6136e-04
-9.1528e-04
-9.5043e-04
-1.0161e-03
-1.0604e-03
-1.0659e-03
-1.0461e-03
-1.0243e-03
-1.0185e-03
-9.8199e-04
-7.4671e-04
-4.2541e-04
-2.7876e-04
-5.0887e-04
-9.0805e-04
-1.1747e-03
-1.3262e-03
-1.7331e-03
-2.2755e-03
-2.7425e-03
-3.3262e-03
-3.9412e-03
-4.4935e-03
-4.8606e-03
-4.9756e-03
-4.9309e-03
-4.8647e-03
-4.8512e-03
-4.8289e-03
-4.6112e-03
-4.3118e-03
-4.1205e-03
-4.0692e-03
-4.0974e-03
-4.1298e-03
-4.0679e-03
-3.7363e-03
-3.1354e-03
-2.5942e-03
-2.2780e-03
-1.9482e-03
-1.4811e-03
-1.0649e-03
-8.6282e-04
-8.5280e-04
-9.1706e-04
-9.5819e-04
-9.4842e-04
-9.8864e-04
-1.2187e-03
-1.5680e-03
-2.0007e-03
-2.3334e-03
-2.3914e-03
-2.0799e-03
-1.5969e-03
-1.0998e-03
-7.1560e-04
-2.9683e-04
2.1100e-04
5.9977e-04
7.5305e-04
7.3417e-04
6.7024e-04
6.4490e-04
6.6919e-04
7.1136e-04
7.3846e-04
6.5623e-04
3.5376e-04
1.4239e-05
-8.0679e-05
1.2342e-04
3.0450e-04
4.8657e-04
6.2850e-04
6.8200e-04
6.6896e-04
6.4081e-04
6.3173e-04
6.4479e-04
6.5857e-04
6.4982e-04
6.2785e-04
6.1030e-04
6.0532e-04
6.8808e-04
1.0407e-03
1.6094e-03
2.0603e-03
2.2160e-03
1.9842e-03
1.2998e-03
6.0884e-04
5.3084e-05
-5.2505e-04
-1.1435e-03
-1.8861e-03
-2.4712e-03
-2.8440e-03
-3.2719e-03
-3.7865e-03
-4.1594e-03
-4.2909e-03
-4.2520e-03
-4.0540e-03
-3.5981e-03
-3.0308e-03
-2.6675e-03
-2.4851e-03
-2.1570e-03
-1.6445e-03
-1.2302e-03
-1.0666e-03
-1.0964e-03
-1.1750e-03
-1.0925e-03
-7.6054e-04
-3.0666e-04
1.4708e-04
4.0044e-04
5.5382e-04
8.1444e-04
1.1940e-03
1.6325e-03
1.9284e-03
2.0205e-03
2.0000e-03
2.0766e-03
2.4848e-03
3.1053e-03
3.5603e-03
3.6932e-03
3.6082e-03
3.4881e-03
3.4440e-03
3.4807e-03
3.5298e-03
3.4023e-03
3.0873e-03
2.8112e-03
2.7030e-03
2.7333e-03
2.8043e-03
2.8427e-03
2.8189e-03
2.6184e-03
2.2750e-03
2.0130e-03
1.9340e-03
1.9838e-03
2.0266e-03
1.7063e-03
1.0267e-03
4.5719e-04
2.5057e-04
3.3828e-04
4.9940e-04
5.6867e-04
5.4505e-04
6.4595e-04
9.4840e-04
1.3868e-03
1.8251e-03
2.0689e-03
2.0983e-03
2.0259e-03
1.9670e-03
1.9672e-03
1.9932e-03
1.8502e-03
1.3677e-03
7.6177e-04
3.8141e-04
3.1312e-04
4.1890e-04
5.2522e-04
5.4760e-04
5.0067e-04
4.4017e-04
3.9856e-04
3.9165e-04
4.0603e-04
4.1302e-04
4.0820e-04
3.9869e-04
3.9177e-04
3.9019e-04
3.7796e-04
2.1285e-04
-1.1776e-04
-5.4229e-04
-9.4926e-04
-1.1698e-03
-1.2047e-03
-1.1614e-03
-1.1148e-03
-9.4058e-04
-4.7727e-04
7.9538e-05
4.2178e-04
4.9499e-04
5.5718e-04
6.5855e-04
9.3394e-04
1.4560e-03
1.8843e-03
1.8883e-03
1.5105e-03
9.7864e-04
5.1744e-04
3.0302e-04
1.5123e-04
-2.2638e-04
-7.2963e-04
-1.0803e-03
-1.1655e-03
-9.2731e-04
-4.9976e-04
-4.0466e-05
3.5435e-04
7.2185e-04
1.2156e-03
1.7330e-03
2.0554e-03
2.1241e-03
2.0459e-03
1.9646e-03
1.9367e-03
1.8056e-03
1.3787e-03
8.2233e-04
4.5903e-04
3.6601e-04
3.0023e-04
2.4666e-04
3.3142e-04
4.5935e-04
5.3173e-04
5.3248e-04
5.1442e-04
6.4354e-04
7.9148e-04
7.3245e-04
5.5580e-04
4.1718e-04
3.7975e-04
4.1420e-04
4.6087e-04
4.8142e-04
4.7291e-04
4.5314e-04
4.3856e-04
4.3911e-04
5.9118e-04
9.1032e-04
1.1886e-03
1.3143e-03
1.4398e-03
1.5235e-03
1.5563e-03
1.5450e-03
1.5537e-03
1.7047e-03
1.8840e-03
1.9826e-03
1.9878e-03
1.9489e-03
1.9163e-03
1.9004e-03
1.8785e-03
1.6948e-03
1.2090e-03
6.2199e-04
2.5196e-04
2.0511e-04
4.8142e-04
9.0547e-04
1.1815e-03
1.1964e-03
9.3346e-04
6.8200e-04
7.0592e-04
7.4683e-04
6.0832e-04
4.0864e-04
2.8020e-04
2.5434e-04
2.8758e-04
3.2375e-04
3.3302e-04
3.0884e-04
2.7852e-04
2.6099e-04
2.5115e-04
2.4840e-04
2.5019e-04
2.5262e-04
2.5339e-04
2.5263e-04
2.5162e-04
2.5689e-04
3.8683e-04
8.2773e-04
1.4447e-03
1.8752e-03
1.9779e-03
1.8589e-03
1.6009e-03
1.2361e-03
8.4793e-04
4.6476e-04
2.2504e-04
3.8976e-05
-2.5425e-04
-6.4217e-04
-1.0818e-03
-1.3859e-03
-1.4911e-03
-1.4631e-03
-1.4074e-03
-1.3976e-03
-1.4435e-03
-1.4954e-03
-1.4034e-03
-1.0955e-03
-7.9869e-04
-7.8807e-04
-1.0170e-03
-1.2131e-03
-1.4127e-03
-1.5571e-03
-1.6166e-03
-1.6136e-03
-1.5936e-03
-1.5963e-03
-1.6256e-03
-1.5414e-03
-1.2493e-03
-8.3999e-04
-4.0867e-04
-1.5846e-04
-1.2366e-04
-1.9606e-04
-2.5821e-04
-2.6106e-04
-2.2163e-04
-1.8047e-04
-1.7150e-04
-1.9193e-04
-2.1497e-04
-2.3739e-04
-3.3370e-04
-5.1699e-04
-5.1672e-04
-4.5557e-04
-5.9939e-04
-8.5251e-04
-1.0338e-03
-1.1715e-03
-1.4355e-03
-1.7121e-03
-1.8626e-03
-1.8782e-03
-1.8319e-03
-1.7951e-03
-1.7949e-03
-1.8253e-03
-1.8640e-03
-1.8742e-03
-1.8574e-03
-1.8351e-03
-1.8230e-03
-1.8232e-03
-1.8294e-03
-1.8344e-03
-1.8350e-03
-1.8324e-03
-1.8293e-03
-1.8275e-03
-1.8272e-03
-1.8269e-03
-1.7426e-03
-1.5497e-03
-1.4578e-03
-1.4148e-03
-1.5592e-03
-1.7854e-03
-1.9240e-03
-1.9224e-03
-1.8484e-03
-1.7869e-03
-1.7807e-03
-1.8253e-03
-1.7857e-03
-1.5056e-03
-1.1717e-03
-8.9984e-04
-6.0247e-04
-3.7287e-04
-2.9433e-04
-3.2277e-04
-3.7069e-04
-3.8556e-04
-3.6571e-04
-3.3534e-04
-2.3968e-04
-5.6572e-05
-5.2480e-05
-2.1963e-04
-3.9024e-04
-4.6189e-04
-4.4118e-04
-3.8889e-04
-3.5640e-04
-3.5775e-04
-3.7740e-04
-3.1130e-04
-1.2442e-04
-2.7949e-05
2.9048e-05
-9.5620e-05
-3.1389e-04
-4.5782e-04
-4.9169e-04
-5.4393e-04
-7.8892e-04
-1.1677e-03
-1.6231e-03
-1.9512e-03
-2.0552e-03
-2.0077e-03
-1.9345e-03
-1.9882e-03
-2.2764e-03
-2.5161e-03
-2.4041e-03
-2.0935e-03
-1.8386e-03
-1.7547e-03
-1.7175e-03
-1.4211e-03
-8.4842e-04
-3.4876e-04
-1.4226e-04
-1.7409e-04
-2.7316e-04
-3.2701e-04
-2.9837e-04
-2.3045e-04
-2.5711e-04
-5.0744e-04
-8.9765e-04
-1.3626e-03
-1.5958e-03
-1.3937e-03
-9.3230e-04
-3.9104e-04
-4.0550e-05
2.9615e-05
-6.3559e-05
-1.6057e-04
-1.7382e-04
-1.0625e-04
-2.4485e-05
1.8112e-05
1.4558e-05
-1.0878e-05
-3.1524e-05
-3.6635e-05
-1.1342e-04
-3.0184e-04
-3.1840e-04
-1.6304e-04
1.4253e-05
3.0284e-04
8.9744e-04
1.4506e-03
1.9051e-03
2.5039e-03
3.0059e-03
3.2268e-03
3.2181e-03
3.1352e-03
3.0930e-03
3.1144e-03
2.9955e-03
2.4663e-03
1.8625e-03
1.5323e-03
1.4981e-03
1.4846e-03
1.2691e-03
9.8932e-04
8.2333e-04
8.0677e-04
9.8283e-04
1.3393e-03
1.6354e-03
1.7383e-03
1.6811e-03
1.3446e-03
6.7982e-04
1.2900e-04
-5.4824e-05
3.4964e-05
5.5100e-05
-1.9919e-04
-5.2915e-04
-7.2884e-04
-7.4301e-04
-5.3195e-04
-1.4005e-04
1.7077e-04
2.6872e-04
2.1100e-04
1.2306e-04
9.5570e-05
1.4115e-04
2.0698e-04
2.3751e-04
2.2542e-04
2.0829e-04
2.0300e-04
2.0836e-04
2.1683e-04
2.2229e-04
2.2306e-04
2.2097e-04
2.1866e-04
2.1767e-04
2.1799e-04
2.1876e-04
2.1882e-04
2.0968e-04
1.9474e-04
1.8649e-04
1.7513e-04
1.6413e-04
1.5833e-04
1.5763e-04
1.5907e-04
1.6002e-04
1.5963e-04
1.5845e-04
1.5698e-04
1.4748e-04
1.3257e-04
1.1588e-04
9.0253e-05
7.1332e-05
5.4137e-05
4.2299e-05
2.6975e-05
-2.1923e-04
-8.3166e-04
-1.4022e-03
-1.6491e-03
-1.6094e-03
-1.4631e-03
-1.1469e-03
-5.6344e-04
-5.6624e-05
1.4718e-04
9.6685e-05
-1.4865e-04
-6.3645e-04
-1.2032e-03
-1.5490e-03
-1.6164e-03
-1.7690e-03
-2.1894e-03
-2.5741e-03
-2.8949e-03
-3.0702e-03
-3.0962e-03
-2.9302e-03
-2.7040e-03
-2.6115e-03
-2.4917e-03
-2.3666e-03
-2.2933e-03
-2.2718e-03
-2.1603e-03
-1.8641e-03
-1.5772e-03
-1.4447e-03
-1.4566e-03
-1.5167e-03
-1.4350e-03
-1.1097e-03
-6.5663e-04
-1.9256e-04
9.0846e-05
1.3918e-04
4.9777e-05
-2.9345e-05
-2.3797e-05
3.7319e-05
9.5768e-05
1.2714e-04
1.3975e-04
1.3966e-04
1.3481e-04
1.3209e-04
1.3357e-04
1.3722e-04
1.4006e-04
1.4063e-04
1.4484e-04
2.6678e-04
5.8734e-04
1.0190e-03
1.4706e-03
1.7392e-03
1.6631e-03
1.1675e-03
5.2104e-04
1.2990e-04
8.1137e-05
8.3045e-05
-2.4513e-04
-8.2941e-04
-1.2835e-03
-1.4337e-03
-1.3646e-03
-1.2477e-03
-1.1815e-03
-1.0668e-03
-9.1323e-04
-8.4766e-04
-8.3392e-04
-9.8744e-04
-1.1820e-03
-1.2882e-03
-1.2892e-03
-1.2416e-03
-1.2043e-03
-1.1921e-03
-1.1900e-03
-1.2013e-03
-1.2253e-03
-1.2437e-03
-1.2379e-03
-1.2028e-03
-1.0204e-03
-5.3558e-04
5.9383e-05
4.3464e-04
7.4667e-04
1.2754e-03
1.7657e-03
2.0037e-03
1.9802e-03
1.5487e-03
8.4555e-04
3.3467e-04
2.0398e-04
3.3031e-04
4.7663e-04
5.1896e-04
4.7405e-04
4.0578e-04
3.6585e-04
3.6670e-04
3.7560e-04
2.4340e-04
7.1514e-05
-2.0944e-04
-6.8728e-04
-1.0812e-03
-1.2160e-03
-1.0076e-03
-5.8423e-04
-1.0593e-04
2.9157e-04
4.7092e-04
4.7024e-04
4.0748e-04
3.7473e-04
3.9532e-04
4.5220e-04
4.9526e-04
3.5383e-04
1.5941e-05
-4.2657e-04
-8.3397e-04
-1.0309e-03
-1.0279e-03
-9.4705e-04
-8.8404e-04
-8.7041e-04
-8.9508e-04
-9.2637e-04
-9.3992e-04
-9.2227e-04
-8.8467e-04
-8.5519e-04
-8.4570e-04
-8.3995e-04
-8.2476e-04
-7.9842e-04
-7.7801e-04
-7.6909e-04
-7.6019e-04
-7.5253e-04
-7.4867e-04
-7.4720e-04
-7.3548e-04
-7.1214e-04
-6.9288e-04
-6.8621e-04
-6.7369e-04
-4.9808e-04
-1.7300e-04
-6.4425e-05
-2.8535e-04
-5.8122e-04
-7.4154e-04
-7.3746e-04
-6.5634e-04
-5.9207e-04
-5.8289e-04
-6.1304e-04
-6.4766e-04
-6.6381e-04
-6.6006e-04
-6.1892e-04
-2.7238e-04
3.7798e-04
9.1174e-04
1.1038e-03
1.0334e-03
8.9810e-04
8.3502e-04
8.6404e-04
9.3146e-04
9.7961e-04
9.8687e-04
9.4266e-04
6.7999e-04
1.0928e-04
-4.7185e-04
-7.6275e-04
-7.4569e-04
-5.7452e-04
-2.3506e-04
3.0663e-04
8.0004e-04
1.0215e-03
1.0004e-03
8.9658e-04
8.3823e-04
8.5664e-04
9.1309e-04
9.5768e-04
9.9161e-04
1.2147e-03
1.7531e-03
2.3251e-03
2.6263e-03
2.6378e-03
2.5211e-03
2.4337e-03
2.4328e-03
2.4388e-03
2.0497e-03
1.3854e-03
8.9900e-04
7.6256e-04
8.5907e-04
9.4255e-04
5.6227e-04
-1.3748e-04
-6.6299e-04
-8.1546e-04
-7.1045e-04
-5.6150e-04
-4.5458e-04
-6.5736e-05
5.2006e-04
9.2791e-04
1.0317e-03
9.4593e-04
8.4127e-04
8.1136e-04
8.5152e-04
9.1114e-04
9.5985e-04
9.8278e-04
9.5585e-04
7.2791e-04
3.8780e-04
1.5846e-04
8.5530e-05
-6.8691e-05
-3.3272e-04
-5.2002e-04
-3.8706e-04
-1.6459e-05
4.6857e-04
8.7262e-04
1.0361e-03
1.0501e-03
1.3864e-03
2.0011e-03
2.4787e-03
2.6374e-03
2.5660e-03
2.4446e-03
2.3910e-03
2.4183e-03
2.4773e-03
2.5178e-03
2.5224e-03
2.5034e-03
2.4590e-03
2.2362e-03
1.9090e-03
1.6875e-03
1.6139e-03
1.4544e-03
1.1855e-03
9.7310e-04
8.9391e-04
9.1335e-04
9.5771e-04
9.7751e-04
9.6574e-04
9.4119e-04
9.2376e-04
9.2060e-04
9.5235e-04
1.1894e-03
1.5471e-03
1.7911e-03
1.8698e-03
1.9986e-03
2.0449e-03
1.9212e-03
1.7792e-03
1.8714e-03
1.9804e-03
1.8942e-03
1.5397e-03
1.1058e-03
8.5013e-04
8.2024e-04
9.0646e-04
9.8324e-04
9.7109e-04
7.1949e-04
3.2157e-04
-1.4183e-04
-4.9816e-04
-4.2015e-04
1.4382e-04
7.7689e-04
1.0959e-03
1.0756e-03
9.1203e-04
7.9506e-04
7.9138e-04
8.5987e-04
9.2812e-04
9.5389e-04
9.3942e-04
9.1095e-04
8.9191e-04
8.8951e-04
8.9743e-04
9.0568e-04
9.0848e-04
9.0602e-04
9.0169e-04
8.9854e-04
8.9756e-04
8.9792e-04
8.9834e-04
8.9806e-04
8.9710e-04
8.9588e-04
8.9482e-04
8.9404e-04
8.9345e-04
8.9285e-04
8.9217e-04
8.9140e-04
8.9060e-04
8.8982e-04
8.8908e-04
8.8767e-04
7.7809e-04
2.8035e-04
-3.5548e-04
-7.4223e-04
-7.9867e-04
-6.7923e-04
-5.6768e-04
-5.4878e-04
-6.0259e-04
-6.6726e-04
-6.9900e-04
-6.9378e-04
-7.8391e-04
-1.2823e-03
-1.9385e-03
-2.3466e-03
-2.4135e-03
-2.2935e-03
-2.1765e-03
-2.0990e-03
-1.8453e-03
-1.3267e-03
-8.2551e-04
-5.8469e-04
-5.9150e-04
-6.9380e-04
-7.6016e-04
-7.5131e-04
-7.0004e-04
-6.5522e-04
-6.4187e-04
-6.5488e-04
-6.7501e-04
-6.8636e-04
-5.7795e-04
-7.5086e-05
5.6529e-04
9.5255e-04
1.0060e-03
8.8266e-04
7.6823e-04
7.4759e-04
7.4609e-04
5.0723e-04
-2.8236e-05
-5.4634e-04
-7.9186e-04
-7.7893e-04
-6.6743e-04
-5.9554e-04
-6.0450e-04
-6.5950e-04
-7.0844e-04
-7.2437e-04
-7.1231e-04
-6.9248e-04
-6.8104e-04
-6.8147e-04
-6.3492e-04
-4.4787e-04
-3.8156e-04
-5.0511e-04
-6.6825e-04
-7.5524e-04
-7.5194e-04
-7.0716e-04
-6.7227e-04
-6.6776e-04
-6.8465e-04
-7.0377e-04
-7.1234e-04
-6.5594e-04
-4.0134e-04
-1.3369e-04
-1.8892e-04
-4.8130e-04
-7.3744e-04
-8.2315e-04
-7.7317e-04
-6.9019e-04
-6.4835e-04
-6.5989e-04
-6.9606e-04
-7.2431e-04
-7.3095e-04
-7.2174e-04
-7.0941e-04
-6.4896e-04
-3.4776e-04
2.1309e-04
7.1906e-04
8.8406e-04
6.0363e-04
1.1648e-04
-3.9075e-04
-7.2014e-04
-7.9573e-04
-7.2103e-04
-6.3964e-04
-6.2493e-04
-5.5962e-04
-1.1637e-04
4.9070e-04
8.7910e-04
8.4404e-04
2.4182e-04
-5.0199e-04
-9.1302e-04
-9.2298e-04
-7.4308e-04
-5.9997e-04
-5.8515e-04
-6.6042e-04
-7.4280e-04
-7.7869e-04
-7.1253e-04
-4.3276e-04
-3.8737e-05
4.0579e-04
7.4138e-04
8.6246e-04
7.2003e-04
1.5408e-04
-5.0708e-04
-8.6854e-04
-8.8224e-04
-7.3514e-04
-6.2146e-04
-6.7449e-04
-1.0638e-03
-1.7242e-03
-2.2783e-03
-2.4353e-03
-2.1229e-03
-1.6079e-03
-1.0787e-03
-7.3638e-04
-6.5913e-04
-7.3827e-04
-8.2375e-04
-8.3860e-04
-7.9350e-04
-7.3817e-04
-7.1010e-04
-7.1462e-04
-7.3482e-04
-7.5153e-04
-7.5623e-04
-7.5161e-04
-7.4500e-04
-7.4099e-04
-6.5665e-04
-3.7606e-04
-7.3140e-05
8.2700e-05
-1.3239e-06
-3.5080e-04
-7.0468e-04
-8.6301e-04
-8.3440e-04
-7.3888e-04
-6.7974e-04
-6.8608e-04
-7.2831e-04
-6.8057e-04
-3.2404e-04
2.7458e-04
7.5318e-04
9.2077e-04
8.5492e-04
7.3437e-04
6.8036e-04
7.0855e-04
7.6977e-04
8.1261e-04
8.1851e-04
7.9977e-04
7.7862e-04
7.6901e-04
7.7155e-04
7.7902e-04
7.8431e-04
7.8481e-04
7.8205e-04
7.7895e-04
7.7733e-04
7.7729e-04
7.7791e-04
7.7826e-04
7.7681e-04
6.3335e-04
1.0795e-04
-5.1227e-04
-8.6616e-04
-9.7294e-04
-1.2133e-03
-1.7098e-03
-2.1957e-03
-2.4401e-03
-2.3354e-03
-1.7285e-03
-1.0038e-03
-6.0487e-04
-4.8294e-04
-1.5322e-04
3.4992e-04
7.2475e-04
8.5259e-04
8.0939e-04
7.2948e-04
6.9696e-04
7.1960e-04
7.6197e-04
7.8958e-04
7.9155e-04
7.7763e-04
7.6322e-04
7.5727e-04
7.5952e-04
7.6472e-04
7.6809e-04
7.6777e-04
7.1122e-04
4.6021e-04
8.7135e-05
-3.5439e-04
-6.9939e-04
-8.3218e-04
-8.0419e-04
-7.3487e-04
-7.0586e-04
-7.2845e-04
-7.7080e-04
-7.9969e-04
-8.0331e-04
-7.3668e-04
-4.7439e-04
-9.6792e-05
3.4228e-04
6.8206e-04
8.1087e-04
7.7752e-04
6.8976e-04
6.3686e-04
5.9019e-04
3.8066e-04
4.1288e-05
-3.3892e-04
-5.0175e-04
-4.7271e-04
-7.6297e-05
4.8335e-04
8.4068e-04
8.9733e-04
7.8516e-04
7.8310e-04
1.2556e-03
1.9377e-03
2.3845e-03
2.4709e-03
2.2372e-03
1.6059e-03
9.3281e-04
5.9451e-04
5.5332e-04
4.0916e-04
-4.7320e-05
-5.6262e-04
-8.5809e-04
-8.9614e-04
-7.5056e-04
-3.6627e-04
2.1156e-04
6.8154e-04
8.5562e-04
8.0168e-04
6.9184e-04
7.5176e-04
1.2236e-03
1.6123e-03
1.4554e-03
9.8192e-04
6.0775e-04
5.0429e-04
4.8739e-04
1.1710e-04
-3.5403e-04
-3.2134e-04
8.0462e-06
4.0564e-04
6.9221e-04
7.7327e-04
7.1441e-04
6.3492e-04
6.0767e-04
6.3863e-04
7.0154e-04
7.5315e-04
7.6914e-04
7.5705e-04
7.3830e-04
7.2854e-04
7.3009e-04
6.8271e-04
3.8557e-04
-1.7927e-04
-6.9174e-04
-8.6078e-04
-5.2726e-04
1.5495e-04
7.3220e-04
9.3692e-04
8.4617e-04
6.8199e-04
6.0328e-04
6.3474e-04
7.1408e-04
7.7270e-04
7.8355e-04
7.6081e-04
7.3294e-04
6.6565e-04
4.7447e-04
4.1534e-04
5.4736e-04
7.1386e-04
7.9872e-04
7.9103e-04
7.4280e-04
7.0661e-04
7.0201e-04
6.7362e-04
4.3577e-04
-8.9592e-05
-6.2849e-04
-9.0343e-04
-9.0678e-04
-7.9526e-04
-7.1579e-04
-7.1881e-04
-7.7304e-04
-8.2471e-04
-8.4348e-04
-8.3230e-04
-8.1143e-04
-7.9824e-04
-7.9766e-04
-8.0459e-04
-8.1152e-04
-8.1422e-04
-8.1300e-04
-8.1046e-04
-8.1072e-04
-8.2722e-04
-8.5363e-04
-8.7226e-04
-8.7699e-04
-8.7286e-04
-8.6959e-04
-8.8448e-04
-9.1170e-04
-9.7937e-04
-1.4122e-03
-2.0674e-03
-2.4855e-03
-2.3843e-03
-2.1466e-03
-2.0337e-03
-1.8899e-03
-1.7119e-03
-1.5977e-03
-1.5752e-03
-1.6153e-03
-1.6609e-03
-1.6757e-03
-1.6618e-03
-1.5782e-03
-1.2806e-03
-9.2039e-04
-7.2534e-04
-7.2856e-04
-7.7942e-04
-6.2032e-04
-3.2149e-04
-9.4523e-05
-7.4948e-05
-3.4544e-04
-7.0130e-04
-9.0838e-04
-9.6033e-04
-1.0905e-03
-1.1758e-03
-1.2572e-03
-1.2292e-03
-1.0543e-03
-8.8765e-04
-7.9725e-04
-6.2745e-04
-5.3394e-04
-4.7091e-04
-4.9953e-04
-4.7490e-04
-3.3590e-04
-3.8079e-04
-6.0588e-04
-6.2666e-04
-3.9196e-04
-1.6114e-04
-2.5617e-04
-6.0333e-04
-9.0204e-04
-1.0043e-03
-9.5142e-04
-8.5996e-04
-8.1371e-04
-8.5022e-04
-1.1037e-03
-1.4406e-03
-1.4860e-03
-1.3899e-03
-1.2099e-03
-9.8342e-04
-8.4551e-04
-8.2881e-04
-8.7637e-04
-9.1902e-04
-9.2530e-04
-9.0375e-04
-8.7865e-04
-8.6685e-04
-8.4624e-04
-6.4052e-04
-3.0183e-04
-4.9650e-05
2.5009e-05
2.0842e-06
1.4888e-04
4.7908e-04
9.5713e-04
1.4014e-03
1.6156e-03
1.6354e-03
1.7602e-03
2.0322e-03
2.2694e-03
2.3702e-03
2.3569e-03
2.3055e-03
2.2752e-03
2.2804e-03
2.3042e-03
2.3239e-03
2.3037e-03
2.0693e-03
1.7201e-03
1.4781e-03
1.4118e-03
1.4594e-03
1.5223e-03
1.5195e-03
1.2842e-03
9.1994e-04
6.9395e-04
8.5205e-04
1.2466e-03
1.5478e-03
1.6092e-03
1.5048e-03
1.3848e-03
1.3386e-03
1.3420e-03
1.1804e-03
8.8385e-04
6.5697e-04
5.8507e-04
6.2177e-04
6.5553e-04
4.8856e-04
3.5652e-04
4.2979e-04
5.9862e-04
7.1420e-04
7.0201e-04
4.6392e-04
2.7751e-04
1.7480e-04
2.2257e-04
2.3953e-04
1.0532e-04
-6.0123e-05
-1.5428e-04
-1.3927e-04
1.0826e-04
4.6776e-04
7.1966e-04
9.6000e-04
1.2202e-03
1.3879e-03
1.4202e-03
1.2299e-03
8.8445e-04
6.2550e-04
5.5536e-04
6.1318e-04
6.8869e-04
7.1653e-04
7.0505e-04
6.7721e-04
6.4894e-04
6.3199e-04
4.9255e-04
3.4924e-04
4.1799e-04
6.0159e-04
7.5470e-04
9.4449e-04
1.2003e-03
1.3904e-03
1.4656e-03
1.4663e-03
1.4467e-03
1.4408e-03
1.4547e-03
1.4865e-03
1.5230e-03
1.5284e-03
1.3485e-03
9.9710e-04
7.1290e-04
6.1592e-04
6.5930e-04
7.3450e-04
7.6812e-04
7.3651e-04
5.3063e-04
1.8592e-04
-7.4960e-05
-1.5269e-04
-1.0294e-04
-3.1346e-05
1.0697e-05
1.5869e-04
4.3996e-04
6.5821e-04
5.9107e-04
4.0092e-04
2.3972e-04
5.0303e-05
-2.3589e-04
-5.8542e-04
-8.3721e-04
-1.0830e-03
-1.3855e-03
-1.6113e-03
-1.6795e-03
-1.4824e-03
-1.1004e-03
-8.0925e-04
-7.2867e-04
-7.9364e-04
-8.8061e-04
-9.1338e-04
-8.8899e-04
-8.4517e-04
-8.1701e-04
-8.1506e-04
-8.2906e-04
-8.4335e-04
-8.4897e-04
-8.4631e-04
-8.4076e-04
-8.3713e-04
-8.3690e-04
-8.3878e-04
-8.4074e-04
-8.2707e-04
-6.5849e-04
-3.5420e-04
-2.5075e-04
-3.2648e-04
-4.5646e-04
-5.1915e-04
-5.2982e-04
-6.2119e-04
-6.0163e-04
-5.1855e-04
-4.2568e-04
-2.5442e-04
-1.0338e-04
-4.0706e-05
-5.1817e-05
-8.5234e-05
-1.0239e-04
-9.5529e-05
-9.2213e-05
-2.4711e-04
-5.6265e-04
-8.2459e-04
-9.1964e-04
-8.8554e-04
-8.3455e-04
-9.8418e-04
-1.3406e-03
-1.6347e-03
-1.5731e-03
-1.1946e-03
-8.3727e-04
-7.1443e-04
-9.3271e-04
-1.2157e-03
-1.2498e-03
-1.2472e-03
-1.3906e-03
-1.5751e-03
-1.6879e-03
-1.7085e-03
-1.6799e-03
-1.6516e-03
-1.6465e-03
-1.6600e-03
-1.6763e-03
-1.6842e-03
-1.6826e-03
-1.6766e-03
-1.6709e-03
-1.6425e-03
-1.4515e-03
-1.1012e-03
-6.7039e-04
-2.6620e-04
-5.0954e-05
-3.0066e-05
-9.5506e-05
-1.4395e-04
-1.3859e-04
-9.9750e-05
-6.3818e-05
-5.1196e-05
-5.9420e-05
-7.4259e-05
-8.3631e-05
-8.4175e-05
-7.9511e-05
-7.4907e-05
-7.3277e-05
-5.9855e-05
1.0646e-04
4.3791e-04
8.4841e-04
1.1032e-03
1.1853e-03
1.2809e-03
1.3775e-03
1.4395e-03
1.4624e-03
1.4477e-03
1.2741e-03
9.5484e-04
6.8696e-04
4.3423e-04
1.4085e-04
-2.1873e-04
-5.9796e-04
-8.3438e-04
-8.9076e-04
-8.4711e-04
-7.9924e-04
-7.9298e-04
-8.2066e-04
-8.5273e-04
-8.6806e-04
-8.6461e-04
-8.5278e-04
-8.5818e-04
-1.0246e-03
-1.3462e-03
-1.6072e-03
-1.6980e-03
-1.6605e-03
-1.5929e-03
-1.5623e-03
-1.5630e-03
-1.4285e-03
-1.1343e-03
-8.8119e-04
-7.6801e-04
-6.2554e-04
-3.8290e-04
-3.1094e-04
-3.6111e-04
-3.0683e-04
-1.8197e-04
-9.5368e-05
-2.1339e-04
-3.9169e-04
-5.2532e-04
-6.8899e-04
-8.1605e-04
-8.4960e-04
-6.7169e-04
-3.3041e-04
-6.5496e-05
1.3560e-05
-3.9108e-05
-1.1491e-04
-1.4497e-04
-1.1023e-04
9.6312e-05
4.3977e-04
6.9900e-04
7.7580e-04
7.2602e-04
6.5482e-04
6.2759e-04
6.4788e-04
6.8456e-04
7.0831e-04
7.1016e-04
6.8293e-04
4.9087e-04
1.5644e-04
-9.3452e-05
-1.6456e-04
-1.1453e-04
-4.7039e-05
-3.4854e-05
-7.9739e-05
-1.3489e-04
-1.6407e-04
-1.7697e-04
-3.1430e-04
-4.6505e-04
-5.6893e-04
-7.2396e-04
-8.6128e-04
-9.2439e-04
-9.0876e-04
-7.1686e-04
-3.8533e-04
-1.3349e-04
-4.4235e-05
7.5938e-05
3.2551e-04
5.5666e-04
6.6572e-04
6.6441e-04
6.0681e-04
4.1062e-04
9.6405e-05
-1.3864e-04
-2.0842e-04
-1.6440e-04
-9.0666e-05
-4.4919e-05
-4.5245e-05
-7.1611e-05
-9.5089e-05
-1.0104e-04
-9.2570e-05
-8.0813e-05
-7.4333e-05
-7.4746e-05
-9.3239e-05
-2.6503e-04
-5.8426e-04
-8.4013e-04
-9.1282e-04
-7.0641e-04
-3.2212e-04
-3.6301e-05
3.6609e-05
-3.4103e-05
-1.2347e-04
-1.5608e-04
-1.3060e-04
-8.5977e-05
-5.7645e-05
-5.5914e-05
-7.0133e-05
-8.4403e-05
-8.9791e-05
-8.7954e-05
-9.5116e-05
-1.1582e-04
-1.3527e-04
-1.2937e-04
4.0001e-05
3.6263e-04
6.2218e-04
7.1052e-04
6.7126e-04
6.0344e-04
5.7355e-04
5.8953e-04
6.2373e-04
6.4762e-04
6.5103e-04
6.4087e-04
6.2947e-04
6.2450e-04
6.2626e-04
6.3072e-04
6.3393e-04
6.3449e-04
6.3326e-04
6.3184e-04
6.3126e-04
6.3154e-04
6.3219e-04
6.3268e-04
6.3282e-04
6.3274e-04
6.3151e-04
6.1968e-04
6.0826e-04
6.1202e-04
6.1215e-04
5.9858e-04
5.9294e-04
5.9489e-04
5.9078e-04
5.9459e-04
6.1253e-04
6.1602e-04
4.5587e-04
1.3663e-04
-1.2455e-04
-2.1593e-04
-1.7829e-04
-9.5549e-05
1.0409e-04
4.0757e-04
6.3069e-04
6.9537e-04
6.5441e-04
6.1289e-04
7.4882e-04
9.3393e-04
1.0729e-03
1.2421e-03
1.3733e-03
1.4228e-03
1.4135e-03
1.4019e-03
1.4028e-03
1.2639e-03
9.6854e-04
7.1910e-04
6.2620e-04
6.4183e-04
5.3585e-04
2.4779e-04
-2.1567e-05
-1.4124e-04
-1.4121e-04
-2.3287e-04
-3.4420e-04
-2.8740e-04
-1.4749e-04
-4.6078e-05
-2.4420e-05
-5.3984e-05
-8.8018e-05
-9.9739e-05
-8.9857e-05
-7.3297e-05
-6.3058e-05
-6.2609e-05
-8.2357e-05
-2.5573e-04
-5.6112e-04
-6.4832e-04
-4.1654e-04
-1.2093e-04
3.4126e-05
4.0348e-05
1.2666e-04
3.8197e-04
6.3115e-04
7.5036e-04
7.3234e-04
5.1269e-04
1.6011e-04
-7.9587e-05
2.4317e-05
4.0194e-04
7.3234e-04
8.4515e-04
7.8344e-04
6.7857e-04
6.2588e-04
6.4118e-04
6.8761e-04
7.2344e-04
7.3130e-04
7.1877e-04
6.8460e-04
4.7768e-04
1.4936e-04
-8.3639e-05
-1.4323e-04
-9.1601e-05
-2.7308e-05
-6.5311e-06
-2.8204e-05
-6.2073e-05
-8.2122e-05
-8.1882e-05
-7.0264e-05
-5.9354e-05
-5.5475e-05
-5.7784e-05
-6.1952e-05
-6.4399e-05
-6.4204e-05
-6.2502e-05
-6.0868e-05
-6.0138e-05
-6.0213e-05
-6.0531e-05
-6.0627e-05
-6.0377e-05
-5.9930e-05
-5.9486e-05
-5.9162e-05
-5.8938e-05
-5.8751e-05
-5.8503e-05
-8.1845e-05
-2.7135e-04
-4.1085e-04
-5.2283e-04
-6.7832e-04
-7.9802e-04
-8.4234e-04
-8.3270e-04
-8.1056e-04
-8.0226e-04
-8.1032e-04
-8.2382e-04
-8.3220e-04
-8.5781e-04
-1.0829e-03
-1.4332e-03
-1.6772e-03
-1.7366e-03
-1.6547e-03
-1.3570e-03
-9.8096e-04
-7.3484e-04
-4.9835e-04
-2.4745e-04
-8.7061e-05
-4.0806e-05
-5.8773e-05
-8.2050e-05
-8.2692e-05
-6.4939e-05
-4.5805e-05
-3.7112e-05
-1.5807e-05
1.9074e-04
5.1533e-04
7.6675e-04
1.0136e-03
1.1023e-03
1.1521e-03
1.2886e-03
1.4306e-03
1.4853e-03
1.3061e-03
1.1446e-03
1.0134e-03
8.8503e-04
1.0035e-03
1.2996e-03
1.5319e-03
1.5929e-03
1.5200e-03
1.3680e-03
1.0788e-03
7.9564e-04
6.6674e-04
6.8189e-04
7.4790e-04
7.8707e-04
7.7899e-04
7.4609e-04
7.1873e-04
7.1144e-04
7.2014e-04
7.3228e-04
6.8494e-04
4.3637e-04
1.1501e-04
-8.1283e-05
-1.0983e-04
-4.8317e-05
9.7774e-06
2.0868e-05
-5.3399e-06
-3.7457e-05
-5.3048e-05
-4.9467e-05
-3.7120e-05
-2.7296e-05
-2.4751e-05
-2.7600e-05
-3.1427e-05
-3.3156e-05
-3.2380e-05
-3.0434e-05
-2.8794e-05
-2.8098e-05
-2.8103e-05
-2.8239e-05
-2.8103e-05
-2.7296e-05
2.7731e-05
2.7264e-04
5.7153e-04
7.4049e-04
7.5326e-04
6.2007e-04
3.0668e-04
-2.9981e-06
-1.3088e-04
-9.2918e-05
-4.1708e-06
4.4794e-05
3.4250e-05
-5.6312e-06
-3.7634e-05
-4.5101e-05
-3.3842e-05
-1.8800e-05
-1.0721e-05
-1.1280e-05
-1.6030e-05
-1.9873e-05
-2.0526e-05
-1.8708e-05
-1.6370e-05
-1.4922e-05
-1.3881e-05
7.1177e-05
3.5464e-04
6.6044e-04
8.1867e-04
8.2046e-04
7.5544e-04
7.9271e-04
1.0699e-03
1.3844e-03
1.5482e-03
1.4644e-03
1.1933e-03
1.0312e-03
8.9154e-04
7.7216e-04
6.2859e-04
3.3937e-04
4.7015e-05
-1.0479e-04
-1.1315e-04
-5.9217e-05
-1.9039e-05
-1.9539e-05
-4.5827e-05
-7.1108e-05
-7.9990e-05
-6.7346e-05
-3.4492e-05
-3.7387e-06
9.3199e-06
6.5435e-06
-1.4411e-06
-5.9479e-06
-5.4869e-06
-8.6561e-05
-3.6645e-04
-6.7050e-04
-8.2779e-04
-7.4518e-04
-4.8083e-04
-4.1001e-04
-5.5670e-04
-7.4274e-04
-8.3943e-04
-8.3238e-04
-7.7771e-04
-7.3449e-04
-7.2661e-04
-7.4407e-04
-7.6406e-04
-6.8811e-04
-4.0136e-04
-8.7335e-05
7.6776e-05
7.9510e-05
1.2123e-05
4.6034e-05
2.4331e-04
2.9652e-04
1.7970e-04
2.6735e-05
-6.0275e-05
-5.2566e-05
3.4783e-07
4.1801e-05
4.9322e-05
3.3033e-05
1.4070e-05
6.0244e-06
9.1955e-06
2.5412e-06
-1.3781e-04
-4.5570e-04
-7.2858e-04
-8.2452e-04
-6.6657e-04
-2.8902e-04
3.1388e-05
1.4172e-04
8.7531e-05
-5.6901e-06
-4.9496e-05
-3.1073e-05
1.4044e-05
4.7319e-05
5.3783e-05
4.1562e-05
2.6828e-05
2.0203e-05
2.2570e-05
2.8819e-05
3.3676e-05
2.9615e-05
-8.9283e-05
-2.7976e-04
-3.8183e-04
-5.2542e-04
-6.6592e-04
-7.4576e-04
-8.8022e-04
-1.0569e-03
-1.0184e-03
-8.4555e-04
-7.0340e-04
-6.6284e-04
-6.9698e-04
-7.4481e-04
-7.6590e-04
-7.5637e-04
-7.3444e-04
-7.1908e-04
-7.2569e-04
-7.5510e-04
-7.8374e-04
-7.9587e-04
-7.9270e-04
-7.8412e-04
-7.7810e-04
-7.6836e-04
-7.4754e-04
-7.2806e-04
-7.1903e-04
-7.1929e-04
-7.2272e-04
-7.2444e-04
-7.1783e-04
-5.9195e-04
-2.8287e-04
3.3808e-06
1.2621e-04
1.0539e-04
3.7206e-05
-1.6949e-06
1.2731e-05
1.6952e-04
5.0406e-04
7.9705e-04
9.1194e-04
8.7445e-04
6.7693e-04
3.3177e-04
5.9457e-05
-2.6461e-05
2.2809e-05
9.7884e-05
1.2800e-04
1.0761e-04
6.8997e-05
4.9061e-05
1.7029e-04
4.8976e-04
7.8835e-04
9.1694e-04
8.9462e-04
8.2183e-04
7.7948e-04
7.8782e-04
8.2267e-04
8.5197e-04
8.6045e-04
8.5234e-04
8.3990e-04
8.2447e-04
8.1146e-04
8.1260e-04
7.0616e-04
4.1201e-04
1.2991e-04
3.8294e-06
2.0444e-05
8.7509e-05
1.2856e-04
1.2296e-04
9.2108e-05
6.5713e-05
5.8393e-05
7.2098e-05
2.0756e-04
5.2156e-04
8.0705e-04
9.2641e-04
9.0279e-04
8.3392e-04
7.9595e-04
8.0619e-04
8.4037e-04
8.6798e-04
8.6982e-04
7.4374e-04
5.4866e-04
5.5898e-04
6.0494e-04
5.6418e-04
5.1430e-04
3.4254e-04
1.5248e-04
5.1795e-05
4.8974e-05
9.0134e-05
1.2178e-04
1.2382e-04
1.0070e-04
-3.5264e-05
-2.2582e-04
-2.0025e-04
-2.9815e-05
1.1922e-04
1.6804e-04
1.3745e-04
8.7854e-05
6.2804e-05
6.9427e-05
9.0769e-05
1.0759e-04
1.1175e-04
1.0111e-04
-2.3558e-05
-2.1031e-04
-1.8754e-04
-2.1873e-05
1.0189e-04
1.4951e-04
1.2478e-04
1.9333e-04
3.5660e-04
4.6330e-04
6.2706e-04
7.8384e-04
8.6151e-04
8.6311e-04
8.3412e-04
8.1437e-04
8.1623e-04
8.2496e-04
7.1402e-04
4.1055e-04
1.2103e-04
-1.3745e-05
-1.1498e-04
-2.3069e-04
-1.7452e-04
-1.4672e-04
-2.4853e-04
-3.5229e-04
-5.4269e-04
-7.2213e-04
-8.0429e-04
-7.9708e-04
-7.5773e-04
-7.3388e-04
-7.3842e-04
-7.5768e-04
-7.6519e-04
-7.6103e-04
-8.7376e-04
-1.0566e-03
-1.1491e-03
-1.2963e-03
-1.4477e-03
-1.5296e-03
-1.5380e-03
-1.5130e-03
-1.4982e-03
-1.6132e-03
-1.8048e-03
-1.7929e-03
-1.6342e-03
-1.4871e-03
-1.4320e-03
-1.4482e-03
-1.3670e-03
-1.1899e-03
-1.0759e-03
-9.0210e-04
-7.3462e-04
-6.4400e-04
-5.1789e-04
-2.4526e-04
1.4664e-05
1.3778e-04
1.3373e-04
8.1371e-05
4.7608e-05
5.2136e-05
7.8228e-05
1.0115e-04
1.0829e-04
1.0224e-04
9.2623e-05
8.7061e-05
8.7275e-05
9.0627e-05
8.8436e-05
-2.9104e-05
-3.1905e-04
-4.7483e-04
-3.0632e-04
-3.4607e-05
1.2815e-04
1.4305e-04
1.9303e-04
3.2630e-04
3.1057e-04
1.8264e-04
-3.6159e-05
-2.4914e-04
-3.2209e-04
-4.2273e-04
-5.4405e-04
-7.3813e-04
-9.4443e-04
-9.1033e-04
-7.2980e-04
-5.7931e-04
-5.4067e-04
-6.9422e-04
-9.2789e-04
-9.2567e-04
-7.4925e-04
-5.7922e-04
-5.1207e-04
-5.3024e-04
-4.6705e-04
-2.1220e-04
5.5500e-05
1.9018e-04
1.8946e-04
1.3208e-04
9.0914e-05
9.0926e-05
1.1674e-04
1.4184e-04
1.5115e-04
1.4587e-04
1.3576e-04
1.2927e-04
1.2392e-04
1.5552e-05
-2.5314e-04
-3.9617e-04
-2.2825e-04
4.7520e-05
2.1879e-04
2.3519e-04
1.6658e-04
1.0226e-04
8.5697e-05
1.0368e-04
3.0475e-05
-1.1972e-04
-2.1005e-04
-3.4674e-04
-4.7843e-04
-5.4363e-04
-5.4417e-04
-5.1807e-04
-4.9896e-04
-4.9754e-04
-5.0634e-04
-5.1356e-04
-5.1306e-04
-5.0607e-04
-4.9255e-04
-3.7944e-04
-1.1201e-04
1.3314e-04
2.3716e-04
2.1858e-04
1.6026e-04
1.2722e-04
1.3471e-04
1.6259e-04
1.8523e-04
1.9093e-04
1.7894e-04
6.9793e-05
-9.3462e-05
-1.7629e-04
-2.9100e-04
-4.0299e-04
-4.6063e-04
-4.6396e-04
-4.4374e-04
-4.2780e-04
-4.2553e-04
-4.3136e-04
-4.3151e-04
-3.2938e-04
-7.3540e-05
1.6377e-04
2.6563e-04
2.4389e-04
8.7689e-05
-1.9122e-04
-4.1094e-04
-4.7811e-04
-4.3444e-04
-3.6918e-04
-3.4010e-04
-3.5195e-04
-3.7441e-04
-2.9374e-04
-5.1344e-05
1.8335e-04
2.8943e-04
2.7681e-04
2.2139e-04
1.8666e-04
1.9027e-04
2.1509e-04
2.3678e-04
2.4313e-04
2.3673e-04
2.2694e-04
2.1693e-04
1.2755e-04
-7.3318e-06
1.3333e-05
1.3740e-04
2.4412e-04
2.7779e-04
2.5466e-04
2.1856e-04
2.0030e-04
2.0447e-04
2.1871e-04
2.2946e-04
2.3119e-04
2.2641e-04
2.2057e-04
2.1736e-04
2.1717e-04
2.1833e-04
2.1906e-04
2.1863e-04
2.1736e-04
2.1593e-04
2.1481e-04
2.1407e-04
2.1349e-04
2.1363e-04
2.2104e-04
2.2801e-04
2.2362e-04
2.1366e-04
1.9613e-04
7.8870e-05
-1.3536e-04
-2.9388e-04
-2.2592e-04
3.3180e-05
2.6237e-04
3.2539e-04
1.6818e-04
-6.0753e-06
3.6527e-06
1.3180e-04
2.5525e-04
3.0431e-04
2.9551e-04
3.5440e-04
4.2332e-04
3.8151e-04
3.6787e-04
3.8090e-04
3.2044e-04
2.3311e-04
1.7796e-04
1.6814e-04
1.8311e-04
1.9765e-04
1.9980e-04
1.9190e-04
1.8219e-04
1.7668e-04
1.7615e-04
1.7795e-04
1.7915e-04
1.7849e-04
1.7641e-04
1.7405e-04
1.7220e-04
1.7098e-04
1.7005e-04
1.6905e-04
1.6780e-04
1.6637e-04
1.6490e-04
1.6349e-04
1.6214e-04
1.6083e-04
1.5950e-04
1.5814e-04
1.5675e-04
1.5534e-04
1.5394e-04
1.5253e-04
1.5113e-04
1.4972e-04
1.4831e-04
1.4687e-04
1.5825e-04
2.7199e-04
4.4601e-04
5.6243e-04
5.8386e-04
5.4721e-04
4.9334e-04
3.7649e-04
3.0990e-04
2.6477e-04
1.9057e-04
1.2579e-04
9.5220e-05
8.1187e-05
-1.8807e-05
-1.7921e-04
-2.8107e-04
-2.0301e-04
-1.3828e-05
1.2978e-04
1.6566e-04
1.2773e-04
7.9228e-05
5.8966e-05
6.8431e-05
9.9742e-05
2.0219e-04
2.6869e-04
3.1664e-04
3.5101e-04
2.7759e-04
1.4413e-04
7.4770e-05
1.4090e-04
1.9412e-04
1.6360e-04
9.6653e-05
4.7022e-05
3.3338e-05
4.3883e-05
5.8126e-05
6.3422e-05
5.9031e-05
5.0926e-05
4.4853e-05
4.2752e-05
4.3219e-05
4.3879e-05
4.3302e-05
4.1476e-05
3.9172e-05
3.7115e-05
3.5554e-05
3.4315e-05
3.3108e-05
3.1756e-05
3.0254e-05
2.8700e-05
2.7181e-05
2.5729e-05
2.4323e-05
2.2930e-05
2.1523e-05
2.0105e-05
1.8687e-05
1.7282e-05
1.5890e-05
1.4510e-05
1.3139e-05
1.1764e-05
9.0031e-06
-1.3526e-05
-7.4995e-05
-1.0834e-04
-1.2338e-04
-9.1141e-05
-4.7799e-05
-7.9647e-05
-1.5577e-04
-2.1201e-04
-2.2401e-04
-2.0580e-04
-1.8277e-04
-1.7047e-04
-1.6972e-04
-1.7321e-04
-1.7407e-04
-1.7011e-04
-1.6313e-04
-1.5604e-04
-1.5052e-04
-1.4653e-04
-1.4313e-04
-1.3947e-04
-1.3527e-04
-1.3075e-04
-1.2625e-04
-1.2198e-04
-1.1794e-04
-1.1401e-04
-1.1009e-04
-1.0615e-04
-1.0222e-04
-9.8336e-05
-9.4525e-05
-9.0787e-05
-8.7109e-05
-8.3480e-05
-7.9895e-05
-7.6359e-05
-7.2876e-05
-6.9448e-05
-6.6077e-05
-6.2760e-05
-5.9497e-05
-5.6287e-05
-5.3130e-05
-5.0029e-05
-4.6983e-05
-4.3994e-05
-4.1060e-05
-3.8181e-05
-3.5359e-05
-3.2591e-05
-2.9966e-05
-3.7448e-05
-6.7554e-05
-9.9017e-05
-1.1345e-04
-1.0968e-04
-1.0617e-04
-1.1512e-04
-1.0991e-04
-9.1060e-05
-7.2470e-05
-6.1671e-05
-5.7601e-05
-4.7644e-05
-2.6009e-05
-1.1869e-05
5.0296e-06
2.1858e-05
3.1841e-05
3.4641e-05
3.4158e-05
4.0104e-05
6.1300e-05
8.3679e-05
9.4471e-05
9.3405e-05
8.7324e-05
8.2505e-05
8.1085e-05
8.1803e-05
8.2507e-05
8.1989e-05
8.0349e-05
7.8338e-05
7.6562e-05
7.1179e-05
5.7094e-05
4.3051e-05
3.6575e-05
3.7341e-05
4.0904e-05
4.3470e-05
4.3910e-05
4.3117e-05
4.2410e-05
4.2458e-05
4.3140e-05
4.3974e-05
4.4587e-05
4.4894e-05
4.5016e-05
4.5113e-05
4.5262e-05
4.5453e-05
4.5632e-05
4.5760e-05
4.5827e-05
4.5846e-05
4.5837e-05
4.5807e-05
4.5757e-05
4.5682e-05
4.5577e-05
4.5442e-05
4.5279e-05
4.5091e-05
4.4880e-05
4.4646e-05
4.4398e-05
4.5288e-05
4.7574e-05
4.8378e-05
4.9323e-05
5.0215e-05
5.0253e-05
5.0297e-05
5.1011e-05
4.9822e-05
4.7960e-05
4.7230e-05
4.6456e-05
4.5833e-05
4.3912e-05
4.1933e-05
4.1195e-05
4.0524e-05
3.9913e-05
3.8203e-05
3.5948e-05
3.4110e-05
3.2548e-05
3.0507e-05
2.8585e-05
2.7349e-05
2.6726e-05
2.6332e-05
2.5865e-05
2.5244e-05
2.4537e-05
2.3842e-05
2.3201e-05
2.2603e-05
2.2226e-05
2.2278e-05
2.2257e-05
2.1798e-05
2.0965e-05
2.0010e-05
1.9124e-05
1.8351e-05
1.7638e-05
1.6921e-05
1.6174e-05
1.5404e-05
1.4637e-05
1.3887e-05
1.3157e-05
1.2362e-05
1.1419e-05
1.0506e-05
9.7544e-06
9.1414e-06
8.5780e-06
7.9977e-06
7.3852e-06
6.7585e-06
6.1393e-06
5.5368e-06
4.9479e-06
4.3655e-06
3.8104e-06
3.2840e-06
2.7239e-06
2.1681e-06
1.5966e-06
9.9522e-07
4.2419e-07
-1.1741e-07
-6.5511e-07
-1.2007e-06
-1.7507e-06
-2.2964e-06
-2.8322e-06
-3.3570e-06
-3.8725e-06
-4.3808e-06
-4.8824e-06
-5.3771e-06
-5.8644e-06
-6.3438e-06
-6.8153e-06
-7.2792e-06
-7.7355e-06
-8.1844e-06
-8.6258e-06
-9.0596e-06
-9.4849e-06
-9.9007e-06
-1.0310e-05
-1.0714e-05
-1.1114e-05
-1.1507e-05
-1.1891e-05
-1.2267e-05
-1.2634e-05
-1.2994e-05
-1.3346e-05
-1.3691e-05
-1.4029e-05
-1.4359e-05
-1.4683e-05
-1.4999e-05
-1.5308e-05
-1.5610e-05
-1.5906e-05
-1.6194e-05
-1.6475e-05
-1.6749e-05
-1.7017e-05
-1.7277e-05
-1.7531e-05
-1.7777e-05
-1.8017e-05
-1.8250e-05
-1.8476e-05
-1.8695e-05
-1.8908e-05
-1.9114e-05
-1.9313e-05
-1.9506e-05
-1.9692e-05
-1.9872e-05
-2.0045e-05
-2.0211e-05
