-1.0063e-04
-1.0070e-04
-1.0076e-04
-1.0074e-04
-1.0063e-04
-1.0055e-04
-1.0080e-04
-1.0147e-04
-1.0180e-04
-1.0110e-04
-9.8593e-05
-9.3584e-05
-8.8601e-05
-8.7168e-05
-9.0585e-05
-9.5780e-05
-9.7908e-05
-9.7634e-05
-9.7594e-05
-9.7439e-05
-9.2218e-05
-7.8048e-05
-5.9899e-05
-4.5092e-05
-4.2553e-05
-5.7453e-05
-8.0580e-05
-9.3586e-05
-9.8121e-05
-9.8622e-05
-9.2025e-05
-8.6553e-05
-8.7310e-05
-9.0732e-05
-8.5907e-05
-5.9063e-05
-2.3708e-05
-2.6978e-05
-6.2714e-05
-9.2174e-05
-1.0063e-04
-8.6239e-05
-7.2026e-05
-7.7364e-05
-1.1010e-04
-1.6138e-04
-2.1265e-04
-2.3575e-04
-2.1411e-04
-1.8085e-04
-1.6863e-04
-1.6097e-04
-1.2570e-04
-5.3060e-05
4.6908e-05
1.4240e-04
2.0358e-04
1.9044e-04
9.1337e-05
-3.8070e-05
-1.3983e-04
-1.9250e-04
-1.8562e-04
-1.4584e-04
-1.2350e-04
-1.2195e-04
-1.2164e-04
-1.2077e-04
-1.4449e-04
-2.1659e-04
-3.0734e-04
-3.7299e-04
-3.7212e-04
-2.6513e-04
-1.2809e-04
-3.6303e-05
-9.5526e-06
-1.4370e-05
-1.9153e-05
-1.8445e-05
-1.5589e-05
-9.9996e-06
-1.0560e-06
4.2456e-08
-3.6233e-05
-1.1236e-04
-1.7649e-04
-1.9913e-04
-2.0089e-04
-3.1240e-04
-5.4063e-04
-7.6829e-04
-9.2154e-04
-9.3982e-04
-7.8329e-04
-4.5212e-04
-2.0267e-05
3.9343e-04
7.1647e-04
8.8200e-04
8.6161e-04
7.4557e-04
6.2573e-04
3.9084e-04
1.3002e-04
1.5303e-05
1.4640e-05
4.4496e-05
6.9734e-05
6.8829e-05
-6.7976e-06
-1.6693e-04
-2.7480e-04
-2.3148e-04
-1.5057e-04
-1.2239e-04
-2.0028e-04
-4.0118e-04
-5.9414e-04
-6.0729e-04
-4.1766e-04
-1.5379e-04
4.0988e-05
1.0196e-04
9.2022e-05
8.0108e-05
8.0649e-05
8.4881e-05
8.7762e-05
9.6069e-05
1.0917e-04
1.0181e-04
2.5375e-05
-1.0199e-04
-1.6460e-04
-1.7602e-04
-2.4198e-04
-3.8415e-04
-4.8168e-04
-4.8594e-04
-3.9179e-04
-2.4353e-04
-1.7335e-04
-1.7354e-04
-1.3143e-04
2.3771e-05
2.7731e-04
6.0107e-04
7.9907e-04
8.6097e-04
7.7238e-04
5.5513e-04
4.5520e-04
2.8316e-04
7.2019e-05
-1.1706e-04
-2.1965e-04
-2.2577e-04
-1.1740e-04
1.0178e-04
2.4295e-04
7.2839e-05
-5.8670e-04
-1.5165e-03
-2.1946e-03
-2.3000e-03
-1.9192e-03
-1.3418e-03
-7.9206e-04
-2.6575e-04
2.5373e-04
7.9611e-04
1.2847e-03
1.6812e-03
1.9135e-03
1.8967e-03
1.8265e-03
1.9990e-03
2.2875e-03
2.4439e-03
2.4534e-03
2.3465e-03
2.1153e-03
1.7739e-03
1.1793e-03
1.8293e-04
-9.2884e-04
-1.6693e-03
-1.7645e-03
-1.3175e-03
-6.1499e-04
2.7169e-05
5.5705e-04
1.0854e-03
1.3522e-03
1.4650e-03
1.7188e-03
2.1441e-03
2.6147e-03
2.9082e-03
2.7945e-03
2.3837e-03
2.0693e-03
1.8880e-03
1.6903e-03
1.2196e-03
5.5238e-04
-1.1952e-05
-6.3229e-04
-1.2951e-03
-1.8251e-03
-2.2228e-03
-2.5111e-03
-2.7183e-03
-2.9085e-03
-3.0016e-03
-3.0067e-03
-2.9976e-03
-2.9962e-03
-2.9421e-03
-2.7140e-03
-2.1935e-03
-1.1998e-03
9.4353e-05
1.0160e-03
1.1101e-03
5.7348e-04
1.5292e-04
-1.5758e-06
-1.6489e-05
1.2285e-04
2.2063e-04
1.4398e-04
-8.3935e-05
-3.3479e-04
-5.3905e-04
-5.2905e-04
-3.1371e-04
-8.6570e-05
8.7212e-05
1.7901e-04
3.9129e-04
8.6179e-04
1.3682e-03
1.8216e-03
2.3090e-03
2.8051e-03
3.1497e-03
3.3554e-03
3.3244e-03
3.0335e-03
2.6418e-03
2.2186e-03
1.6793e-03
9.8682e-04
3.9215e-04
6.7029e-05
-2.1006e-04
-5.6869e-04
-9.8298e-04
-1.4142e-03
-1.8188e-03
-2.1188e-03
-2.2465e-03
-2.2459e-03
-2.0537e-03
-1.5671e-03
-8.4440e-04
1.0262e-04
1.0574e-03
1.7992e-03
2.1081e-03
1.9128e-03
1.4145e-03
7.9160e-04
3.1688e-04
4.5078e-04
1.0745e-03
1.4844e-03
1.4407e-03
9.7816e-04
2.1528e-04
-6.3010e-04
-1.3473e-03
-1.7706e-03
-1.8958e-03
-1.7653e-03
-1.3056e-03
-5.8890e-04
3.2311e-05
2.9261e-04
3.0924e-04
1.4132e-04
-3.1873e-04
-9.3207e-04
-1.2544e-03
-1.0866e-03
-6.6501e-04
-1.8503e-04
3.5815e-04
8.7111e-04
1.0562e-03
8.4232e-04
4.2666e-04
1.7799e-04
1.0203e-04
1.2284e-04
4.5160e-04
1.2631e-03
2.2221e-03
2.9856e-03
3.3771e-03
3.4424e-03
3.3917e-03
3.3715e-03
3.4174e-03
3.4672e-03
3.2957e-03
2.6699e-03
1.6429e-03
4.9362e-04
-4.4264e-04
-1.2328e-03
-1.8941e-03
-2.5130e-03
-3.1010e-03
-3.6084e-03
-3.9814e-03
-4.3526e-03
-4.7788e-03
-5.4003e-03
-6.0012e-03
-6.2682e-03
-6.2623e-03
-6.0208e-03
-5.5215e-03
-4.9044e-03
-4.1892e-03
-3.4113e-03
-2.6035e-03
-1.7052e-03
-6.9455e-04
3.2959e-04
1.3190e-03
2.1830e-03
3.0050e-03
3.9464e-03
4.9418e-03
5.5813e-03
5.7061e-03
5.5696e-03
5.2179e-03
4.7843e-03
4.2764e-03
3.8964e-03
3.7042e-03
3.5052e-03
3.1922e-03
2.7917e-03
2.5974e-03
2.5955e-03
2.5365e-03
2.2511e-03
1.7684e-03
1.1659e-03
4.4121e-04
-5.6115e-04
-1.6973e-03
-2.7352e-03
-3.5367e-03
-3.9713e-03
-4.1925e-03
-4.1301e-03
-3.6182e-03
-2.8152e-03
-2.1393e-03
-1.6199e-03
-1.1898e-03
-9.0037e-04
-5.5938e-04
-8.3668e-05
3.7611e-04
6.8439e-04
1.1698e-03
2.0493e-03
3.1117e-03
4.1101e-03
4.7409e-03
4.8323e-03
4.3168e-03
3.4542e-03
2.4227e-03
1.3199e-03
2.9697e-04
-7.8970e-04
-1.7927e-03
-2.7095e-03
-3.5775e-03
-4.3481e-03
-5.1651e-03
-6.0305e-03
-6.8806e-03
-7.2620e-03
-6.9012e-03
-6.0805e-03
-5.1681e-03
-4.0562e-03
-2.8245e-03
-1.6976e-03
-5.2306e-04
7.6239e-04
1.8582e-03
2.4205e-03
2.7066e-03
2.8375e-03
2.7327e-03
2.5212e-03
2.3028e-03
2.2005e-03
2.1924e-03
2.2046e-03
2.2300e-03
2.2694e-03
2.2505e-03
2.0042e-03
1.5281e-03
1.1730e-03
9.7119e-04
4.6932e-04
-5.5506e-04
-1.7111e-03
-2.4622e-03
-2.6701e-03
-2.6310e-03
-2.5605e-03
-2.4316e-03
-2.2562e-03
-2.2519e-03
-2.4420e-03
-2.6087e-03
-2.6489e-03
-2.4335e-03
-1.8358e-03
-1.0095e-03
-1.3102e-04
6.9445e-04
1.2830e-03
1.4870e-03
1.4669e-03
1.3999e-03
1.3169e-03
1.2634e-03
1.2559e-03
1.0329e-03
6.1763e-04
2.8347e-04
2.6573e-04
5.0973e-04
7.7167e-04
8.8614e-04
6.8440e-04
2.7369e-04
-1.8883e-04
-6.3180e-04
-9.2994e-04
-9.0810e-04
-5.9028e-04
-2.4876e-04
-9.7620e-05
-1.2270e-04
-2.8925e-04
-5.1542e-04
-5.2088e-04
-1.9182e-04
3.2048e-04
7.4916e-04
9.6715e-04
1.2284e-03
1.5032e-03
1.8313e-03
2.2200e-03
2.6162e-03
3.0195e-03
3.4536e-03
3.8924e-03
4.1695e-03
4.0684e-03
3.6872e-03
3.3513e-03
2.9506e-03
2.3083e-03
1.4132e-03
2.6102e-04
-1.0709e-03
-2.3908e-03
-3.4342e-03
-4.2242e-03
-4.7816e-03
-5.0931e-03
-5.3111e-03
-5.3919e-03
-5.2037e-03
-4.7093e-03
-4.0828e-03
-3.3565e-03
-2.5628e-03
-1.7514e-03
-9.4572e-04
-1.6509e-04
5.5911e-04
1.2629e-03
1.9591e-03
2.4671e-03
2.8685e-03
3.1488e-03
3.3727e-03
3.4948e-03
3.4146e-03
3.0011e-03
2.2658e-03
1.4265e-03
7.4703e-04
3.6070e-04
2.5402e-04
4.4711e-04
4.4152e-04
1.1124e-04
-1.4529e-04
-3.0581e-04
-4.8376e-04
-5.6653e-04
-4.7257e-04
-2.5980e-04
-1.1335e-04
-9.2066e-05
-2.3047e-04
-5.5831e-04
-8.8516e-04
-9.9811e-04
-8.7461e-04
-6.3663e-04
-5.0865e-04
-5.8070e-04
-8.2520e-04
-1.1772e-03
-1.5709e-03
-1.7449e-03
-1.7465e-03
-1.8388e-03
-2.1371e-03
-2.4478e-03
-2.5619e-03
-2.5549e-03
-2.5658e-03
-2.5986e-03
-2.4289e-03
-1.8075e-03
-7.8654e-04
3.5159e-04
1.2926e-03
2.1723e-03
3.0291e-03
3.8731e-03
4.7060e-03
5.3409e-03
5.5453e-03
5.3068e-03
4.7634e-03
4.2363e-03
3.8365e-03
3.4692e-03
2.9899e-03
2.3026e-03
1.4839e-03
6.1930e-04
-2.0908e-04
-8.0682e-04
-9.9570e-04
-9.4177e-04
-8.9729e-04
-1.0729e-03
-1.5048e-03
-1.9876e-03
-2.4112e-03
-2.4758e-03
-2.1643e-03
-1.8159e-03
-1.6799e-03
-1.7138e-03
-1.7795e-03
-1.7596e-03
-1.5282e-03
-1.1495e-03
-9.4240e-04
-8.2762e-04
-5.4598e-04
-7.9027e-05
4.2949e-04
8.8572e-04
1.4823e-03
2.0749e-03
2.4244e-03
2.5531e-03
2.4212e-03
2.0141e-03
1.3136e-03
5.5964e-04
-1.9784e-04
-8.0737e-04
-1.0212e-03
-8.6820e-04
-4.9516e-04
-2.4683e-04
-4.3196e-04
-1.0419e-03
-1.9095e-03
-2.7831e-03
-3.5846e-03
-4.0583e-03
-4.1905e-03
-4.1949e-03
-4.0705e-03
-3.5895e-03
-2.7035e-03
-1.6431e-03
-4.9422e-04
6.0741e-04
1.5149e-03
2.2672e-03
2.9480e-03
3.6926e-03
4.5944e-03
5.3075e-03
5.5852e-03
5.5679e-03
5.2900e-03
4.6829e-03
3.9853e-03
3.3912e-03
2.7909e-03
2.0023e-03
9.2979e-04
-1.2741e-04
-1.1111e-03
-1.9888e-03
-2.4727e-03
-2.5612e-03
-2.5178e-03
-2.5275e-03
-2.5704e-03
-2.4459e-03
-1.9408e-03
-1.2397e-03
-7.6875e-04
-4.5153e-04
-2.1069e-04
-1.0396e-04
-7.5241e-05
-8.9581e-05
-2.2304e-04
-5.1183e-04
-7.7724e-04
-9.1181e-04
-1.1381e-03
-1.5364e-03
-1.7530e-03
-1.5951e-03
-1.1527e-03
-6.7694e-04
-2.3915e-04
-5.5571e-05
-1.8361e-04
-5.0854e-04
-7.9308e-04
-9.1971e-04
-1.1151e-03
-1.4910e-03
-1.8144e-03
-2.0364e-03
-2.1859e-03
-2.3691e-03
-2.6837e-03
-3.2053e-03
-3.7177e-03
-4.0403e-03
-4.1527e-03
-4.1552e-03
-4.0405e-03
-3.6995e-03
-3.1821e-03
-2.7131e-03
-2.5115e-03
-2.2953e-03
-1.7442e-03
-1.0492e-03
-4.6331e-04
6.1668e-05
5.1928e-04
7.1344e-04
7.2888e-04
7.3072e-04
7.1772e-04
5.2087e-04
5.6023e-05
-4.7075e-04
-1.0340e-03
-1.6951e-03
-2.2815e-03
-2.7252e-03
-3.2335e-03
-3.7103e-03
-3.9950e-03
-4.0940e-03
-4.2786e-03
-4.7259e-03
-5.2504e-03
-5.8203e-03
-6.4887e-03
-7.0768e-03
-7.5064e-03
-7.9913e-03
-8.4860e-03
-8.9079e-03
-9.1988e-03
-9.3203e-03
-9.3457e-03
-9.2322e-03
-8.8080e-03
-8.0965e-03
-7.3739e-03
-6.8415e-03
-6.3895e-03
-5.8995e-03
-5.3026e-03
-4.4710e-03
-3.5816e-03
-2.3484e-03
-5.7243e-04
1.4787e-03
3.5332e-03
5.4428e-03
7.1566e-03
8.6871e-03
9.9139e-03
1.0629e-02
1.0708e-02
1.0271e-02
9.5465e-03
8.6711e-03
7.5226e-03
5.8093e-03
3.2644e-03
-1.4147e-04
-4.3048e-03
-8.6191e-03
-1.2097e-02
-1.4396e-02
-1.5802e-02
-1.6860e-02
-1.7817e-02
-1.8770e-02
-1.9858e-02
-2.0775e-02
-2.1423e-02
-2.1903e-02
-2.2111e-02
-2.2027e-02
-2.1608e-02
-2.0878e-02
-2.0010e-02
-1.9193e-02
-1.8624e-02
-1.8324e-02
-1.7911e-02
-1.7131e-02
-1.5867e-02
-1.3692e-02
-1.0469e-02
-6.3712e-03
-1.7968e-03
2.7437e-03
7.0630e-03
1.1188e-02
1.5133e-02
1.8636e-02
2.1334e-02
2.3230e-02
2.4747e-02
2.6083e-02
2.7258e-02
2.8438e-02
2.9670e-02
3.1094e-02
3.2475e-02
3.3514e-02
3.4332e-02
3.5085e-02
3.5689e-02
3.6030e-02
3.6200e-02
3.6164e-02
3.5982e-02
3.5858e-02
3.5749e-02
3.5569e-02
3.5374e-02
3.5161e-02
3.4953e-02
3.4689e-02
3.4408e-02
3.4062e-02
3.3481e-02
3.2872e-02
3.2428e-02
3.2041e-02
3.1756e-02
3.1492e-02
3.1220e-02
3.0821e-02
3.0061e-02
2.9051e-02
2.7797e-02
2.6317e-02
2.4759e-02
2.3132e-02
2.1219e-02
1.8946e-02
1.6653e-02
1.4350e-02
1.1806e-02
8.8116e-03
5.3966e-03
1.7024e-03
-2.0396e-03
-5.8874e-03
-9.8616e-03
-1.3593e-02
-1.6947e-02
-1.9999e-02
-2.2683e-02
-2.5009e-02
-2.7096e-02
-2.8841e-02
-3.0232e-02
-3.1444e-02
-3.2728e-02
-3.3904e-02
-3.4751e-02
-3.5362e-02
-3.5852e-02
-3.6067e-02
-3.5891e-02
-3.5273e-02
-3.4334e-02
-3.3248e-02
-3.2223e-02
-3.1452e-02
-3.1071e-02
-3.0766e-02
-3.0309e-02
-2.9807e-02
-2.9468e-02
-2.9183e-02
-2.8898e-02
-2.8598e-02
-2.8228e-02
-2.7851e-02
-2.7216e-02
-2.6101e-02
-2.4294e-02
-2.1579e-02
-1.8133e-02
-1.4340e-02
-1.0471e-02
-6.7724e-03
-3.4282e-03
-5.0913e-04
2.0370e-03
4.0122e-03
5.6265e-03
7.1483e-03
8.5454e-03
9.7896e-03
1.1088e-02
1.2501e-02
1.4395e-02
1.7499e-02
2.1871e-02
2.6266e-02
2.8363e-02
2.6800e-02
2.2768e-02
1.8909e-02
1.6575e-02
1.5350e-02
1.4406e-02
1.3374e-02
1.2356e-02
1.1582e-02
1.0785e-02
9.9839e-03
9.2805e-03
8.4801e-03
7.3028e-03
5.8895e-03
4.4219e-03
3.0268e-03
1.7451e-03
5.6413e-04
-7.5866e-04
-2.3156e-03
-4.3004e-03
-6.9539e-03
-1.0117e-02
-1.3734e-02
-1.7481e-02
-2.0748e-02
-2.3226e-02
-2.4932e-02
-2.5859e-02
-2.5849e-02
-2.5070e-02
-2.3889e-02
-2.2243e-02
-2.0169e-02
-1.7996e-02
-1.5838e-02
-1.3775e-02
-1.1997e-02
-1.0335e-02
-8.4965e-03
-6.3214e-03
-3.7275e-03
-8.0865e-04
2.3616e-03
5.6353e-03
8.6884e-03
1.1105e-02
1.2718e-02
1.3690e-02
1.4186e-02
1.4110e-02
1.3390e-02
1.1934e-02
1.0010e-02
8.0525e-03
6.2077e-03
4.3502e-03
2.5080e-03
7.4715e-04
-1.0792e-03
-2.8795e-03
-4.2341e-03
-5.1398e-03
-5.5972e-03
-5.6989e-03
-5.5794e-03
-5.2309e-03
-4.6991e-03
-4.1801e-03
-3.9637e-03
-3.9964e-03
-4.0712e-03
-3.9762e-03
-3.5098e-03
-2.7209e-03
-1.8010e-03
-6.6039e-04
3.9189e-04
9.2545e-04
1.2383e-03
1.6484e-03
2.1205e-03
2.5457e-03
3.1367e-03
3.9396e-03
4.8723e-03
5.7913e-03
6.5037e-03
7.0860e-03
7.5765e-03
8.0644e-03
8.5536e-03
8.9684e-03
9.4402e-03
9.9312e-03
1.0483e-02
1.1150e-02
1.1733e-02
1.2180e-02
1.2760e-02
1.3421e-02
1.3977e-02
1.4486e-02
1.4963e-02
1.5283e-02
1.5497e-02
1.5577e-02
1.5492e-02
1.5265e-02
1.4903e-02
1.4312e-02
1.3422e-02
1.1715e-02
9.0930e-03
6.1419e-03
3.2655e-03
8.9269e-04
-9.2194e-04
-2.5041e-03
-3.9493e-03
-5.0473e-03
-5.7701e-03
-6.3714e-03
-6.8661e-03
-7.0785e-03
-6.8530e-03
-6.3338e-03
-5.8028e-03
-5.4550e-03
-5.1525e-03
-4.9024e-03
-4.8252e-03
-4.8107e-03
-4.6235e-03
-4.2256e-03
-3.8888e-03
-3.6661e-03
-3.5795e-03
-3.5835e-03
-3.6687e-03
-3.8710e-03
-4.2037e-03
-4.7052e-03
-5.1649e-03
-5.5067e-03
-5.9305e-03
-6.5729e-03
-7.0817e-03
-7.4340e-03
-7.8977e-03
-8.3925e-03
-8.8163e-03
-9.1203e-03
-9.3146e-03
-9.4897e-03
-9.6080e-03
-9.7129e-03
-9.7863e-03
-9.7120e-03
-9.6261e-03
-9.5164e-03
-9.2327e-03
-8.7371e-03
-8.0458e-03
-7.2413e-03
-6.3072e-03
-5.1948e-03
-4.0736e-03
-3.1529e-03
-2.4640e-03
-1.9581e-03
-1.4932e-03
-1.0541e-03
-6.6829e-04
-3.5928e-05
9.6536e-04
2.1463e-03
3.1611e-03
4.1802e-03
5.5314e-03
7.1140e-03
8.7042e-03
1.0248e-02
1.1702e-02
1.2792e-02
1.3642e-02
1.4450e-02
1.5052e-02
1.5082e-02
1.4496e-02
1.3548e-02
1.2327e-02
1.0843e-02
9.1087e-03
7.1032e-03
4.9573e-03
2.8299e-03
4.9684e-04
-2.1857e-03
-4.8185e-03
-7.1742e-03
-9.2557e-03
-1.1134e-02
-1.2819e-02
-1.4319e-02
-1.5629e-02
-1.6796e-02
-1.7794e-02
-1.8628e-02
-1.9416e-02
-1.9931e-02
-2.0074e-02
-1.9876e-02
-1.9267e-02
-1.8245e-02
-1.6826e-02
-1.5215e-02
-1.3567e-02
-1.1868e-02
-1.0123e-02
-8.4190e-03
-6.5971e-03
-4.5223e-03
-2.4156e-03
-3.8504e-04
1.6153e-03
3.6093e-03
5.5192e-03
7.2343e-03
8.7413e-03
1.0029e-02
1.1116e-02
1.2005e-02
1.2779e-02
1.3489e-02
1.4179e-02
1.4865e-02
1.5399e-02
1.5913e-02
1.6303e-02
1.6428e-02
1.6266e-02
1.5784e-02
1.4953e-02
1.3614e-02
1.1989e-02
1.0438e-02
9.1312e-03
8.0190e-03
7.0215e-03
6.1655e-03
5.6469e-03
5.3222e-03
4.9728e-03
4.7795e-03
4.7553e-03
4.7842e-03
4.8033e-03
4.7897e-03
4.7123e-03
4.5538e-03
4.2669e-03
3.5888e-03
2.4752e-03
1.0832e-03
-3.7299e-04
-1.5463e-03
-2.2642e-03
-2.7570e-03
-3.3142e-03
-3.7090e-03
-3.9090e-03
-3.9947e-03
-4.1810e-03
-4.5558e-03
-4.9005e-03
-5.2299e-03
-5.5021e-03
-5.6193e-03
-5.6330e-03
-5.5489e-03
-5.2625e-03
-4.7055e-03
-3.8355e-03
-2.8839e-03
-2.0259e-03
-7.8990e-04
7.7355e-04
2.2019e-03
3.2619e-03
4.2325e-03
5.2735e-03
6.1806e-03
7.0214e-03
7.8124e-03
8.5851e-03
9.1842e-03
9.7069e-03
1.0289e-02
1.0802e-02
1.1138e-02
1.1241e-02
1.1122e-02
1.0793e-02
1.0367e-02
9.9682e-03
9.6779e-03
9.4609e-03
9.1668e-03
8.8760e-03
8.7482e-03
8.7428e-03
8.7829e-03
8.8321e-03
8.8224e-03
8.5862e-03
8.0898e-03
7.6290e-03
7.3032e-03
6.8115e-03
5.8661e-03
4.7563e-03
3.5804e-03
2.2843e-03
9.1463e-04
-3.8547e-04
-1.6930e-03
-3.1667e-03
-4.7632e-03
-6.3981e-03
-8.0274e-03
-9.5967e-03
-1.0996e-02
-1.2239e-02
-1.3509e-02
-1.4598e-02
-1.5364e-02
-1.5956e-02
-1.6307e-02
-1.6318e-02
-1.6124e-02
-1.5900e-02
-1.5574e-02
-1.5093e-02
-1.4567e-02
-1.4145e-02
-1.3776e-02
-1.3505e-02
-1.3174e-02
-1.2679e-02
-1.2168e-02
-1.1859e-02
-1.1670e-02
-1.1485e-02
-1.1192e-02
-1.0882e-02
-1.0666e-02
-1.0486e-02
-1.0315e-02
-1.0022e-02
-9.5416e-03
-8.8526e-03
-8.0071e-03
-6.9889e-03
-5.8960e-03
-4.9823e-03
-4.1482e-03
-3.3660e-03
-2.6712e-03
-2.2608e-03
-2.0314e-03
-1.8963e-03
-1.9034e-03
-2.1072e-03
-2.3174e-03
-2.7998e-03
-3.7936e-03
-4.7799e-03
-5.4216e-03
-5.9097e-03
-6.6735e-03
-7.5871e-03
-8.3603e-03
-8.7974e-03
-8.8746e-03
-8.6386e-03
-8.1338e-03
-7.5322e-03
-6.8212e-03
-5.9429e-03
-4.9062e-03
-3.7888e-03
-2.6874e-03
-1.7875e-03
-9.2107e-04
-2.2114e-05
1.0027e-03
2.1402e-03
3.1427e-03
4.2026e-03
5.5772e-03
6.9761e-03
8.0457e-03
8.8629e-03
9.5226e-03
9.9229e-03
1.0029e-02
9.9182e-03
9.6700e-03
9.3643e-03
9.0631e-03
8.9284e-03
8.8326e-03
8.8602e-03
9.0559e-03
9.2764e-03
9.4706e-03
9.5724e-03
9.6810e-03
9.8655e-03
9.9857e-03
1.0002e-02
9.9031e-03
9.6866e-03
9.3826e-03
8.9800e-03
8.5890e-03
8.1604e-03
7.7358e-03
7.3277e-03
7.1525e-03
7.1886e-03
7.2048e-03
6.9701e-03
6.4867e-03
6.1708e-03
6.1241e-03
5.9939e-03
5.7359e-03
5.3922e-03
4.8757e-03
4.3031e-03
3.7268e-03
3.0976e-03
2.1872e-03
1.0416e-03
8.3311e-06
-1.0341e-03
-2.3041e-03
-3.6078e-03
-4.7543e-03
-5.7308e-03
-6.6170e-03
-7.4342e-03
-8.2471e-03
-8.8470e-03
-9.1543e-03
-9.2353e-03
-9.2301e-03
-9.2028e-03
-9.0900e-03
-8.9004e-03
-8.8008e-03
-8.7941e-03
-8.7349e-03
-8.4910e-03
-8.0003e-03
-7.1015e-03
-5.7194e-03
-3.9918e-03
-2.0081e-03
1.1660e-04
2.1156e-03
3.7271e-03
5.1316e-03
6.4825e-03
7.7655e-03
8.8748e-03
9.9146e-03
1.0909e-02
1.1709e-02
1.2066e-02
1.2082e-02
1.1795e-02
1.1084e-02
1.0192e-02
9.4321e-03
8.6745e-03
7.8262e-03
6.8713e-03
5.6469e-03
4.4506e-03
3.5434e-03
2.8398e-03
2.1287e-03
1.3410e-03
8.3254e-04
7.0786e-04
7.4415e-04
7.7628e-04
7.9022e-04
8.1174e-04
7.9372e-04
5.8673e-04
1.8681e-04
-1.3938e-04
-3.5158e-04
-4.5454e-04
-4.9729e-04
-4.4847e-04
-1.1655e-04
4.4531e-04
7.7284e-04
9.2460e-04
1.1771e-03
1.4567e-03
1.5921e-03
1.6139e-03
1.5886e-03
1.4697e-03
1.2084e-03
9.0684e-04
5.5459e-04
-1.4209e-06
-5.7843e-04
-1.0681e-03
-1.6871e-03
-2.2462e-03
-2.4361e-03
-2.4225e-03
-2.5904e-03
-3.0921e-03
-3.6413e-03
-3.9943e-03
-4.0803e-03
-3.9602e-03
-3.7308e-03
-3.5000e-03
-3.2884e-03
-3.2107e-03
-3.3086e-03
-3.4947e-03
-3.6239e-03
-3.7667e-03
-3.9639e-03
-3.9692e-03
-3.6573e-03
-3.1514e-03
-2.6549e-03
-2.2459e-03
-1.6506e-03
-8.3965e-04
-7.6613e-06
6.1557e-04
9.3186e-04
1.1050e-03
1.1119e-03
9.2116e-04
5.0954e-04
-1.9299e-04
-9.5272e-04
-1.6989e-03
-2.2708e-03
-2.4843e-03
-2.4940e-03
-2.4036e-03
-2.1014e-03
-1.4076e-03
-2.9301e-04
9.3646e-04
2.1738e-03
3.3179e-03
4.4133e-03
5.2809e-03
5.7742e-03
6.1782e-03
6.6038e-03
7.0085e-03
6.9960e-03
6.5075e-03
5.9553e-03
5.5283e-03
5.1557e-03
4.6801e-03
4.0059e-03
3.1984e-03
2.2707e-03
1.1805e-03
4.4919e-05
-1.0175e-03
-1.9171e-03
-2.4041e-03
-2.4974e-03
-2.4504e-03
-2.4184e-03
-2.4258e-03
-2.4479e-03
-2.4602e-03
-2.4346e-03
-2.3768e-03
-2.3959e-03
-2.7284e-03
-3.3908e-03
-3.9307e-03
-4.3040e-03
-4.7536e-03
-5.1279e-03
-5.3405e-03
-5.5382e-03
-5.8188e-03
-6.2118e-03
-6.5486e-03
-6.8715e-03
-7.1393e-03
-7.2459e-03
-7.2660e-03
-7.2701e-03
-7.1747e-03
-6.8494e-03
-6.3337e-03
-5.8308e-03
-5.5346e-03
-5.2560e-03
-4.7879e-03
-4.0785e-03
-3.2506e-03
-2.4315e-03
-1.6563e-03
-9.2693e-04
-1.9233e-04
4.9658e-04
8.0534e-04
7.9573e-04
7.1532e-04
7.2056e-04
9.3103e-04
1.2939e-03
1.5545e-03
1.8295e-03
2.1707e-03
2.1678e-03
1.7960e-03
1.4468e-03
1.1646e-03
8.7539e-04
4.1964e-04
-2.6949e-04
-7.4174e-04
-8.7029e-04
-1.0466e-03
-1.5298e-03
-2.0724e-03
-2.4016e-03
-2.4503e-03
-2.4202e-03
-2.6193e-03
-3.1222e-03
-3.5827e-03
-3.7692e-03
-3.7000e-03
-3.3215e-03
-2.7576e-03
-2.4754e-03
-2.3468e-03
-1.9084e-03
-1.1059e-03
-2.4543e-04
5.5768e-04
1.1694e-03
1.7135e-03
2.2187e-03
2.3843e-03
2.1276e-03
1.7173e-03
1.7101e-03
2.0980e-03
2.3593e-03
2.3696e-03
2.3170e-03
2.4129e-03
2.7278e-03
3.0484e-03
3.1713e-03
3.1536e-03
3.1243e-03
3.1379e-03
3.1657e-03
3.0840e-03
2.7686e-03
2.2469e-03
1.6535e-03
1.1547e-03
6.4312e-04
-5.7024e-05
-8.5758e-04
-1.5586e-03
-2.0818e-03
-2.5984e-03
-3.1699e-03
-3.5659e-03
-3.7069e-03
-3.7860e-03
-3.8566e-03
-3.7788e-03
-3.6033e-03
-3.3495e-03
-3.0233e-03
-2.6718e-03
-2.5070e-03
-2.3492e-03
-1.8570e-03
-1.1872e-03
-8.2566e-04
-6.8858e-04
-5.4147e-04
-4.7075e-04
-5.4856e-04
-7.1995e-04
-8.5219e-04
-1.0680e-03
-1.4447e-03
-1.7714e-03
-2.0608e-03
-2.3300e-03
-2.6482e-03
-3.1637e-03
-3.6872e-03
-4.0170e-03
-4.0357e-03
-3.8099e-03
-3.4095e-03
-2.8000e-03
-2.0748e-03
-1.1131e-03
-1.2713e-04
9.4471e-04
2.3055e-03
3.7036e-03
4.9468e-03
6.1698e-03
7.3522e-03
8.4231e-03
9.2174e-03
9.9611e-03
1.0828e-02
1.1618e-02
1.2064e-02
1.2359e-02
1.2617e-02
1.2747e-02
1.2741e-02
1.2540e-02
1.2155e-02
1.1726e-02
1.1131e-02
1.0382e-02
9.5355e-03
8.4986e-03
7.3169e-03
6.3128e-03
5.4836e-03
4.6173e-03
3.6570e-03
2.7295e-03
1.7990e-03
8.1911e-04
-7.1188e-05
-8.6980e-04
-1.6749e-03
-2.5639e-03
-3.4662e-03
-4.2163e-03
-4.8944e-03
-5.4493e-03
-5.8649e-03
-6.3743e-03
-6.9071e-03
-7.2606e-03
-7.2134e-03
-6.6993e-03
-6.0164e-03
-5.5415e-03
-5.0164e-03
-4.2999e-03
-3.6932e-03
-3.1601e-03
-2.4835e-03
-1.6750e-03
-8.6267e-04
-1.6629e-04
4.2352e-04
1.0513e-03
1.6947e-03
2.1774e-03
2.1713e-03
1.7886e-03
1.4499e-03
1.1183e-03
6.2464e-04
-4.8027e-05
-6.6579e-04
-1.1275e-03
-1.6154e-03
-1.9885e-03
-2.1097e-03
-2.0918e-03
-2.0614e-03
-2.0661e-03
-2.0909e-03
-2.0856e-03
-1.9741e-03
-1.7768e-03
-1.6621e-03
-1.6455e-03
-1.6590e-03
-1.6855e-03
-1.7190e-03
-1.6964e-03
-1.4732e-03
-1.0804e-03
-8.5113e-04
-8.2081e-04
-8.5906e-04
-9.1421e-04
-9.4272e-04
-8.0273e-04
-3.1384e-04
3.7078e-04
9.3679e-04
1.5506e-03
2.2060e-03
2.7426e-03
3.1732e-03
3.5191e-03
3.7094e-03
3.8222e-03
4.1047e-03
4.4058e-03
4.6403e-03
4.7487e-03
4.7501e-03
4.6370e-03
4.3492e-03
3.9404e-03
3.4307e-03
2.8284e-03
2.2121e-03
1.5867e-03
1.0645e-03
7.4636e-04
7.4324e-04
1.0571e-03
1.5867e-03
2.2294e-03
2.8432e-03
3.3439e-03
3.6425e-03
3.8495e-03
4.0063e-03
4.1013e-03
4.1287e-03
4.2390e-03
4.3117e-03
4.2155e-03
4.0167e-03
3.9182e-03
3.9105e-03
3.8185e-03
3.5468e-03
3.2281e-03
2.9200e-03
2.5319e-03
2.1097e-03
1.5908e-03
1.1298e-03
8.2019e-04
5.1326e-04
1.5544e-05
-4.9786e-04
-8.2622e-04
-9.1747e-04
-8.9597e-04
-8.7815e-04
-8.8070e-04
-8.7316e-04
-8.5154e-04
-8.7600e-04
-1.0656e-03
-1.3609e-03
-1.5228e-03
-1.6456e-03
-1.6548e-03
-1.4648e-03
-1.2961e-03
-1.4572e-03
-1.6359e-03
-1.6836e-03
-1.7849e-03
-2.0720e-03
-2.3871e-03
-2.5244e-03
-2.5084e-03
-2.4377e-03
-2.4231e-03
-2.6448e-03
-3.1662e-03
-3.6997e-03
-4.0310e-03
-4.1236e-03
-4.0917e-03
-3.9955e-03
-3.8273e-03
-3.5883e-03
-3.1505e-03
-2.6587e-03
-2.4537e-03
-2.4765e-03
-2.4334e-03
-2.1171e-03
-1.5723e-03
-1.0485e-03
-8.3860e-04
-8.5514e-04
-8.8354e-04
-8.5742e-04
-8.5816e-04
-1.0692e-03
-1.4875e-03
-1.8017e-03
-1.9096e-03
-1.8815e-03
-1.9671e-03
-2.1659e-03
-2.3907e-03
-2.5057e-03
-2.5162e-03
-2.4848e-03
-2.4335e-03
-2.4283e-03
-2.6493e-03
-3.1740e-03
-3.7135e-03
-4.0286e-03
-4.0801e-03
-4.0650e-03
-4.2494e-03
-4.6555e-03
-5.0005e-03
-5.2208e-03
-5.2962e-03
-5.2867e-03
-5.2717e-03
-5.2666e-03
-5.2738e-03
-5.2880e-03
-5.2928e-03
-5.2140e-03
-5.0036e-03
-4.6807e-03
-4.2674e-03
-3.9619e-03
-3.7614e-03
-3.6075e-03
-3.3944e-03
-3.0698e-03
-2.6670e-03
-2.4571e-03
-2.4444e-03
-2.4784e-03
-2.4933e-03
-2.4883e-03
-2.4833e-03
-2.4819e-03
-2.4790e-03
-2.4742e-03
-2.4814e-03
-2.5088e-03
-2.5147e-03
-2.3890e-03
-2.0797e-03
-1.7852e-03
-1.6765e-03
-1.6460e-03
-1.5053e-03
-1.3229e-03
-1.2641e-03
-1.0660e-03
-8.8975e-04
-8.5234e-04
-8.8981e-04
-9.3060e-04
-8.4195e-04
-5.0641e-04
2.2595e-05
5.2336e-04
7.4932e-04
8.4667e-04
9.9099e-04
1.1067e-03
1.2203e-03
1.3694e-03
1.4938e-03
1.7314e-03
2.1127e-03
2.3210e-03
2.3276e-03
2.3072e-03
2.3970e-03
2.5822e-03
2.7030e-03
2.8112e-03
3.0013e-03
3.2093e-03
3.4052e-03
3.5092e-03
3.6080e-03
3.7859e-03
3.9809e-03
4.2069e-03
4.4397e-03
4.6450e-03
4.6281e-03
4.3404e-03
4.0034e-03
3.7599e-03
3.5778e-03
3.5085e-03
3.5039e-03
3.4290e-03
3.2373e-03
2.9939e-03
2.6851e-03
2.4270e-03
2.3060e-03
2.1104e-03
1.7259e-03
1.3785e-03
1.1486e-03
1.1523e-03
1.3857e-03
1.7229e-03
2.0884e-03
2.2939e-03
2.5283e-03
2.9839e-03
3.4032e-03
3.6537e-03
3.8308e-03
3.9078e-03
3.9122e-03
3.9031e-03
3.8997e-03
3.9005e-03
3.9007e-03
3.9025e-03
3.9083e-03
3.9112e-03
3.8949e-03
3.8647e-03
3.8899e-03
4.0995e-03
4.4616e-03
4.7005e-03
4.9290e-03
5.2893e-03
5.5911e-03
5.8230e-03
6.0149e-03
6.2034e-03
6.3074e-03
6.3336e-03
6.3157e-03
6.1964e-03
5.9383e-03
5.6518e-03
5.3060e-03
4.7008e-03
4.0047e-03
3.4794e-03
3.0999e-03
2.7131e-03
2.1987e-03
1.6044e-03
1.1802e-03
9.5540e-04
7.8269e-04
6.9640e-04
7.0128e-04
7.4267e-04
7.3303e-04
5.2707e-04
1.2996e-04
-2.0344e-04
-4.9076e-04
-7.6366e-04
-1.0921e-03
-1.5921e-03
-2.0661e-03
-2.3945e-03
-2.7088e-03
-3.1797e-03
-3.6373e-03
-3.9896e-03
-4.4142e-03
-5.0440e-03
-5.5546e-03
-5.9912e-03
-6.6452e-03
-7.3756e-03
-8.1196e-03
-8.7120e-03
-9.0176e-03
-9.1989e-03
-9.3534e-03
-9.5464e-03
-9.7738e-03
-1.0089e-02
-1.0379e-02
-1.0497e-02
-1.0508e-02
-1.0486e-02
-1.0382e-02
-1.0121e-02
-9.7428e-03
-9.2054e-03
-8.3863e-03
-7.3962e-03
-6.4986e-03
-5.6801e-03
-4.7522e-03
-3.6772e-03
-2.7719e-03
-2.2121e-03
-1.6778e-03
-1.1457e-03
-6.6769e-04
-4.3702e-05
5.2797e-04
7.4380e-04
7.3759e-04
7.8461e-04
9.7523e-04
1.2035e-03
1.4260e-03
1.5487e-03
1.5559e-03
1.4129e-03
1.0923e-03
7.8881e-04
6.9268e-04
7.2024e-04
6.8881e-04
4.8869e-04
3.1280e-04
4.8457e-04
6.9141e-04
7.3770e-04
7.0286e-04
7.3966e-04
9.6773e-04
1.4174e-03
2.0088e-03
2.3278e-03
2.4405e-03
2.5939e-03
2.7968e-03
3.0169e-03
3.1238e-03
3.1178e-03
3.0806e-03
3.0833e-03
3.1991e-03
3.4008e-03
3.5142e-03
3.5223e-03
3.5010e-03
3.4905e-03
3.4997e-03
3.5155e-03
3.5068e-03
3.4125e-03
3.2320e-03
3.0335e-03
2.7176e-03
2.2280e-03
1.6305e-03
1.0764e-03
5.4879e-04
9.4303e-05
-9.9078e-05
-2.0180e-04
-4.6161e-04
-8.5614e-04
-1.2870e-03
-1.7153e-03
-2.1189e-03
-2.4157e-03
-2.5257e-03
-2.5106e-03
-2.4115e-03
-2.2310e-03
-1.9921e-03
-1.5822e-03
-1.1110e-03
-7.9888e-04
-4.8759e-04
-1.8009e-05
5.7626e-04
1.1275e-03
1.6409e-03
2.1041e-03
2.4051e-03
2.7065e-03
3.0879e-03
3.4957e-03
3.8381e-03
4.0632e-03
4.1363e-03
3.9178e-03
3.5341e-03
3.1957e-03
2.8920e-03
2.5027e-03
2.1076e-03
1.7043e-03
1.3856e-03
1.0684e-03
7.9058e-04
6.8438e-04
6.9063e-04
7.0657e-04
6.9040e-04
6.8402e-04
7.9053e-04
1.0687e-03
1.3858e-03
1.7025e-03
2.1042e-03
2.5015e-03
2.9009e-03
3.2070e-03
3.5138e-03
3.8177e-03
4.0269e-03
4.1152e-03
4.0239e-03
3.9147e-03
3.7969e-03
3.6032e-03
3.3909e-03
3.1824e-03
3.0812e-03
3.0758e-03
3.1012e-03
3.1257e-03
3.1129e-03
2.9964e-03
2.7965e-03
2.6854e-03
2.6835e-03
2.7082e-03
2.6976e-03
2.6121e-03
2.5151e-03
2.4854e-03
2.3837e-03
2.2949e-03
2.2933e-03
2.3366e-03
2.3251e-03
2.1013e-03
1.7033e-03
1.4743e-03
1.4533e-03
1.4978e-03
1.5304e-03
1.5133e-03
1.4040e-03
1.2222e-03
1.0976e-03
9.7125e-04
8.0070e-04
7.2206e-04
7.0363e-04
5.4590e-04
1.6936e-04
-3.0238e-04
-9.2757e-04
-1.4930e-03
-1.7974e-03
-2.0867e-03
-2.5700e-03
-3.2457e-03
-3.8894e-03
-4.4497e-03
-5.0850e-03
-5.5597e-03
-5.9218e-03
-6.4669e-03
-7.0550e-03
-7.5266e-03
-8.0120e-03
-8.3869e-03
-8.6000e-03
-8.7909e-03
-8.9840e-03
-9.1839e-03
-9.2917e-03
-9.3195e-03
-9.3045e-03
-9.1810e-03
-8.9031e-03
-8.6096e-03
-8.3589e-03
-7.9906e-03
-7.5521e-03
-7.1740e-03
-6.6308e-03
-5.9885e-03
-5.6833e-03
-5.5794e-03
-5.3060e-03
-4.7944e-03
-4.2676e-03
-4.0407e-03
-4.0463e-03
-4.0925e-03
-4.1063e-03
-4.0968e-03
-4.0880e-03
-4.0859e-03
-4.0886e-03
-4.0957e-03
-4.1030e-03
-4.0867e-03
-4.0020e-03
-3.8564e-03
-3.7068e-03
-3.3606e-03
-2.8091e-03
-2.5045e-03
-2.3794e-03
-2.1009e-03
-1.6138e-03
-1.1127e-03
-7.9747e-04
-4.7845e-04
-6.0785e-06
5.0092e-04
8.2436e-04
1.0332e-03
1.2017e-03
1.3796e-03
1.5136e-03
1.6851e-03
1.8772e-03
1.9584e-03
2.1333e-03
2.0865e-03
1.7345e-03
1.4780e-03
1.4093e-03
1.4684e-03
1.7068e-03
2.0802e-03
2.3024e-03
2.4292e-03
2.6015e-03
2.7177e-03
2.7218e-03
2.5923e-03
2.3821e-03
2.2835e-03
2.3064e-03
2.3123e-03
2.1235e-03
1.7337e-03
1.3824e-03
1.0506e-03
7.7811e-04
6.7800e-04
6.8590e-04
7.0048e-04
6.8336e-04
6.7519e-04
7.7988e-04
1.0599e-03
1.3870e-03
1.7106e-03
2.0836e-03
2.3871e-03
2.7114e-03
3.0850e-03
3.4015e-03
3.6228e-03
3.8088e-03
3.8976e-03
3.9030e-03
3.8908e-03
3.8853e-03
3.8876e-03
3.8900e-03
3.8912e-03
3.8901e-03
3.8875e-03
3.8848e-03
3.8894e-03
3.9023e-03
3.8987e-03
3.8117e-03
3.6196e-03
3.3882e-03
3.0795e-03
2.7879e-03
2.5945e-03
2.4019e-03
2.1257e-03
1.7022e-03
1.2603e-03
8.5230e-04
6.8499e-04
6.9958e-04
6.7402e-04
4.7911e-04
3.0201e-04
4.6988e-04
6.7750e-04
7.3048e-04
6.9677e-04
6.7513e-04
7.6658e-04
9.7830e-04
1.2046e-03
1.4119e-03
1.5130e-03
1.5212e-03
1.4853e-03
1.3924e-03
1.2978e-03
1.2828e-03
1.2068e-03
1.1124e-03
9.7788e-04
7.8341e-04
6.7947e-04
6.8536e-04
7.1559e-04
6.8445e-04
5.1365e-04
3.1989e-04
2.6590e-04
7.7041e-05
-9.1868e-05
-1.3419e-04
-1.2257e-04
-9.7339e-05
-7.9531e-05
-9.6768e-05
-2.1423e-04
-4.0236e-04
-4.9549e-04
-5.1462e-04
-6.0951e-04
-7.9956e-04
-9.1475e-04
-9.2494e-04
-9.0326e-04
-8.9793e-04
-9.1978e-04
-9.2684e-04
-8.2362e-04
-5.4942e-04
-2.1923e-04
1.2723e-04
5.1395e-04
7.1239e-04
7.2736e-04
6.9524e-04
6.7553e-04
6.7622e-04
6.9813e-04
7.3142e-04
7.0883e-04
4.9556e-04
1.1970e-04
-1.2504e-04
-2.7330e-04
-4.1768e-04
-3.9602e-04
-2.3128e-04
-1.4144e-04
-1.0054e-04
1.0061e-04
4.6484e-04
6.8780e-04
8.1596e-04
1.0541e-03
1.3651e-03
1.7161e-03
2.1098e-03
2.3093e-03
2.3218e-03
2.2917e-03
2.2773e-03
2.2771e-03
2.2778e-03
2.2915e-03
2.3201e-03
2.3070e-03
2.1114e-03
1.7233e-03
1.3692e-03
1.0338e-03
7.7708e-04
7.0917e-04
6.9584e-04
4.9509e-04
1.0107e-04
-1.4655e-04
-1.8195e-04
-9.1375e-05
1.0618e-04
2.4986e-04
1.3395e-04
1.4982e-04
2.6427e-04
1.3590e-05
-3.8332e-04
-6.5074e-04
-8.1047e-04
-8.8747e-04
-1.0830e-03
-1.4987e-03
-1.9319e-03
-2.2954e-03
-2.4718e-03
-2.7241e-03
-3.3084e-03
-3.8947e-03
-4.1335e-03
-4.2277e-03
-4.4816e-03
-4.8688e-03
-5.2185e-03
-5.4598e-03
-5.6299e-03
-5.6091e-03
-5.4292e-03
-5.2921e-03
-5.1823e-03
-5.0364e-03
-4.9134e-03
-4.6882e-03
-4.3230e-03
-4.0461e-03
-3.7952e-03
-3.3864e-03
-2.8146e-03
-2.4848e-03
-2.3594e-03
-2.2174e-03
-2.0467e-03
-1.8122e-03
-1.5058e-03
-1.1295e-03
-8.3332e-04
-4.9579e-04
-1.5943e-05
4.8348e-04
8.1322e-04
1.0921e-03
1.3766e-03
1.6862e-03
2.0673e-03
2.3774e-03
2.7038e-03
3.0792e-03
3.3967e-03
3.6069e-03
3.7734e-03
3.8775e-03
4.0072e-03
4.1853e-03
4.2031e-03
4.0319e-03
3.8030e-03
3.4758e-03
3.0735e-03
2.6854e-03
2.3820e-03
2.0964e-03
1.6912e-03
1.2547e-03
8.3922e-04
6.7010e-04
7.0502e-04
6.9860e-04
4.5189e-04
7.7054e-05
7.0940e-05
4.2370e-04
6.6479e-04
7.9383e-04
1.0759e-03
1.5610e-03
2.0767e-03
2.4175e-03
2.7050e-03
2.9731e-03
3.1866e-03
3.4021e-03
3.5769e-03
3.6827e-03
3.7084e-03
3.7911e-03
3.7814e-03
3.6136e-03
3.4109e-03
3.1650e-03
2.8575e-03
2.5102e-03
2.3112e-03
2.0656e-03
1.5194e-03
9.1430e-04
4.4327e-04
-4.6001e-05
-4.9117e-04
-8.2580e-04
-1.1469e-03
-1.5249e-03
-1.7299e-03
-1.7503e-03
-1.7192e-03
-1.6929e-03
-1.6880e-03
-1.7220e-03
-1.8262e-03
-1.9101e-03
-1.8237e-03
-1.7205e-03
-1.6922e-03
-1.7026e-03
-1.7172e-03
-1.7198e-03
-1.7092e-03
-1.6925e-03
-1.7051e-03
-1.8091e-03
-1.9895e-03
-2.1123e-03
-2.2337e-03
-2.4097e-03
-2.5110e-03
-2.5314e-03
-2.5331e-03
-2.5150e-03
-2.4113e-03
-2.2262e-03
-2.0982e-03
-1.9950e-03
-1.8589e-03
-1.7396e-03
-1.4854e-03
-1.0707e-03
-8.7761e-04
-1.0752e-03
-1.4879e-03
-1.7297e-03
-1.8416e-03
-2.0091e-03
-2.2139e-03
-2.4127e-03
-2.5018e-03
-2.5431e-03
-2.6932e-03
-2.8766e-03
-2.9344e-03
-3.1289e-03
-3.2984e-03
-3.3335e-03
-3.3156e-03
-3.3005e-03
-3.3159e-03
-3.3333e-03
-3.2973e-03
-3.1282e-03
-2.9370e-03
-2.8823e-03
-2.6923e-03
-2.5248e-03
-2.4876e-03
-2.5002e-03
-2.5114e-03
-2.5083e-03
-2.5146e-03
-2.5341e-03
-2.5274e-03
-2.4068e-03
-2.1914e-03
-2.0894e-03
-2.1918e-03
-2.4059e-03
-2.5243e-03
-2.5337e-03
-2.5220e-03
-2.5209e-03
-2.5012e-03
-2.4523e-03
-2.4737e-03
-2.7931e-03
-3.3983e-03
-3.8464e-03
-4.0620e-03
-4.1092e-03
-4.1215e-03
-4.2161e-03
-4.3054e-03
-4.2187e-03
-4.1039e-03
-4.0770e-03
-4.1304e-03
-4.1837e-03
-4.0387e-03
-3.5064e-03
-2.8198e-03
-2.4768e-03
-2.3584e-03
-2.1451e-03
-1.8437e-03
-1.5052e-03
-1.1092e-03
-8.0581e-04
-5.2295e-04
-2.2657e-04
1.0807e-04
5.0350e-04
7.0926e-04
7.1678e-04
6.7087e-04
6.6460e-04
7.6744e-04
9.6278e-04
1.1554e-03
1.3872e-03
1.7024e-03
2.0763e-03
2.2714e-03
2.3855e-03
2.6589e-03
3.0676e-03
3.4798e-03
3.7865e-03
4.0106e-03
4.2867e-03
4.5384e-03
4.6766e-03
4.8968e-03
5.2692e-03
5.4984e-03
5.5323e-03
5.4718e-03
5.3516e-03
5.2696e-03
5.3617e-03
5.4678e-03
5.4961e-03
5.4823e-03
5.4617e-03
5.4661e-03
5.5456e-03
5.7218e-03
5.9691e-03
6.3944e-03
6.8658e-03
7.0943e-03
7.1992e-03
7.3703e-03
7.5641e-03
7.7448e-03
7.8640e-03
8.0832e-03
8.4557e-03
8.6929e-03
8.7526e-03
8.6968e-03
8.4513e-03
8.0652e-03
7.8633e-03
7.8447e-03
7.7856e-03
7.5940e-03
7.3640e-03
7.1509e-03
7.0577e-03
7.0578e-03
7.0666e-03
7.0639e-03
7.0753e-03
7.1166e-03
7.1119e-03
6.8804e-03
6.3835e-03
5.9640e-03
5.7591e-03
5.5874e-03
5.2953e-03
4.7965e-03
4.2961e-03
3.8764e-03
3.4498e-03
2.9527e-03
2.5020e-03
2.2915e-03
2.0686e-03
1.5858e-03
1.0785e-03
7.7394e-04
6.6782e-04
4.8647e-04
1.1358e-04
-2.1094e-04
-4.5205e-04
-6.3042e-04
-7.8717e-04
-8.9536e-04
-1.1010e-03
-1.4822e-03
-1.8313e-03
-2.1511e-03
-2.3820e-03
-2.4823e-03
-2.7058e-03
-3.2501e-03
-3.8630e-03
-4.4166e-03
-5.1084e-03
-5.8124e-03
-6.4436e-03
-6.9035e-03
-7.2021e-03
-7.5121e-03
-7.9839e-03
-8.3969e-03
-8.6443e-03
-8.8311e-03
-8.9046e-03
-8.8310e-03
-8.6422e-03
-8.3930e-03
-7.9847e-03
-7.5236e-03
-7.2134e-03
-6.8784e-03
-6.3825e-03
-5.8770e-03
-5.6601e-03
-5.6741e-03
-5.7082e-03
-5.6228e-03
-5.4231e-03
-5.2260e-03
-5.0011e-03
-4.6933e-03
-4.2919e-03
-4.0067e-03
-3.8206e-03
-3.6092e-03
-3.1920e-03
-2.6974e-03
-2.4652e-03
-2.4597e-03
-2.5032e-03
-2.5187e-03
-2.5112e-03
-2.5033e-03
-2.5011e-03
-2.5017e-03
-2.5029e-03
-2.5099e-03
-2.5162e-03
-2.4984e-03
-2.4164e-03
-2.3191e-03
-2.2816e-03
-2.1805e-03
-2.1270e-03
-2.2012e-03
-2.2751e-03
-2.2072e-03
-2.2172e-03
-2.3848e-03
-2.5053e-03
-2.5269e-03
-2.5100e-03
-2.4984e-03
-2.4988e-03
-2.5027e-03
-2.5041e-03
-2.5035e-03
-2.5027e-03
-2.5025e-03
-2.5023e-03
-2.5019e-03
-2.5019e-03
-2.5033e-03
-2.5051e-03
-2.5030e-03
-2.4949e-03
-2.4899e-03
-2.5090e-03
-2.5476e-03
-2.5256e-03
-2.2931e-03
-1.8926e-03
-1.6874e-03
-1.7056e-03
-1.7198e-03
-1.5047e-03
-1.1031e-03
-8.9309e-04
-8.9768e-04
-8.5030e-04
-5.3940e-04
-2.7029e-07
5.2362e-04
7.4190e-04
7.3730e-04
6.9971e-04
6.8169e-04
6.6354e-04
6.6082e-04
7.8518e-04
1.0999e-03
1.4139e-03
1.5188e-03
1.4747e-03
1.4676e-03
1.6851e-03
2.0851e-03
2.3146e-03
2.3393e-03
2.3074e-03
2.2819e-03
2.2591e-03
2.2591e-03
2.3871e-03
2.6985e-03
2.9993e-03
3.1022e-03
3.1005e-03
3.1833e-03
3.3835e-03
3.5206e-03
3.5258e-03
3.3955e-03
3.1861e-03
3.0736e-03
3.0681e-03
3.0962e-03
3.1122e-03
3.0888e-03
2.9972e-03
2.8987e-03
2.8819e-03
2.8059e-03
2.7123e-03
2.5803e-03
2.3886e-03
2.2832e-03
2.2754e-03
2.2967e-03
2.3061e-03
2.2913e-03
2.2672e-03
2.2853e-03
2.4171e-03
2.6056e-03
2.6057e-03
2.4173e-03
2.2870e-03
2.2690e-03
2.2909e-03
2.3005e-03
2.2956e-03
2.2997e-03
2.3594e-03
2.4641e-03
2.6172e-03
2.9309e-03
3.1074e-03
3.0060e-03
2.7958e-03
2.7828e-03
2.9682e-03
3.0888e-03
3.1104e-03
3.1812e-03
3.3756e-03
3.6045e-03
3.8207e-03
3.9113e-03
3.8956e-03
3.8800e-03
3.9692e-03
4.1807e-03
4.4074e-03
4.6137e-03
4.7076e-03
4.7153e-03
4.7048e-03
4.6793e-03
4.6043e-03
4.5218e-03
4.4858e-03
4.3026e-03
4.0462e-03
3.8197e-03
3.4760e-03
2.9828e-03
2.5287e-03
2.3178e-03
2.0665e-03
1.5004e-03
9.3652e-04
6.9076e-04
4.8405e-04
2.0121e-05
-4.9863e-04
-8.3842e-04
-9.3263e-04
-9.1060e-04
-8.9075e-04
-8.8791e-04
-8.7314e-04
-8.5759e-04
-9.1285e-04
-1.1163e-03
-1.2864e-03
-1.1147e-03
-9.0841e-04
-8.5396e-04
-8.7931e-04
-9.0553e-04
-8.8989e-04
-8.5218e-04
-8.7428e-04
-1.0930e-03
-1.4623e-03
-1.6789e-03
-1.8204e-03
-2.0937e-03
-2.3860e-03
-2.5126e-03
-2.5101e-03
-2.4843e-03
-2.4800e-03
-2.4903e-03
-2.4911e-03
-2.4670e-03
-2.4484e-03
-2.5109e-03
-2.7198e-03
-2.8733e-03
-2.6687e-03
-2.4872e-03
-2.6499e-03
-3.0471e-03
-3.2938e-03
-3.4116e-03
-3.5838e-03
-3.7909e-03
-3.9865e-03
-4.0550e-03
-4.0815e-03
-4.2828e-03
-4.6556e-03
-4.8844e-03
-5.0013e-03
-5.1726e-03
-5.3783e-03
-5.5903e-03
-5.6916e-03
-5.6945e-03
-5.6768e-03
-5.6701e-03
-5.6733e-03
-5.6764e-03
-5.6767e-03
-5.6756e-03
-5.6749e-03
-5.6748e-03
-5.6749e-03
-5.6750e-03
-5.6748e-03
-5.6746e-03
-5.6742e-03
-5.6742e-03
-5.6744e-03
-5.6752e-03
-5.6742e-03
-5.6715e-03
-5.6692e-03
-5.6761e-03
-5.6898e-03
-5.6815e-03
-5.5828e-03
-5.3928e-03
-5.2032e-03
-4.9741e-03
-4.6584e-03
-4.2708e-03
-4.0568e-03
-3.9662e-03
-3.8251e-03
-3.5910e-03
-3.1574e-03
-2.6815e-03
-2.4593e-03
-2.3539e-03
-2.1204e-03
-1.7974e-03
-1.4421e-03
-1.0695e-03
-8.9372e-04
-7.9275e-04
-4.9963e-04
9.9808e-07
5.2128e-04
8.5183e-04
1.1238e-03
1.4024e-03
1.7139e-03
2.1075e-03
2.4291e-03
2.7284e-03
3.0005e-03
3.2254e-03
3.5167e-03
3.8070e-03
4.0183e-03
4.2219e-03
4.4227e-03
4.6241e-03
4.7240e-03
4.7302e-03
4.7138e-03
4.7035e-03
4.7037e-03
4.7157e-03
4.7354e-03
4.7257e-03
4.6122e-03
4.4108e-03
4.2963e-03
4.2955e-03
4.3324e-03
4.3315e-03
4.2168e-03
4.0154e-03
3.9023e-03
3.8936e-03
3.9131e-03
3.9221e-03
3.9187e-03
3.9139e-03
3.9141e-03
3.9196e-03
3.9237e-03
3.9139e-03
3.8923e-03
3.9006e-03
4.0218e-03
4.2349e-03
4.3340e-03
4.2374e-03
4.0388e-03
3.9164e-03
3.8112e-03
3.6203e-03
3.4126e-03
3.2261e-03
3.1328e-03
3.0099e-03
2.7335e-03
2.4424e-03
2.2746e-03
2.1092e-03
1.9544e-03
1.9264e-03
1.7211e-03
1.4370e-03
1.1998e-03
1.0990e-03
1.1025e-03
1.1303e-03
1.1550e-03
1.1418e-03
1.0248e-03
8.2017e-04
7.0519e-04
7.1309e-04
7.6519e-04
7.5126e-04
5.3067e-04
1.4799e-04
-8.2049e-05
-2.0028e-04
-3.6799e-04
-5.5184e-04
-7.4567e-04
-9.0349e-04
-1.1111e-03
-1.2640e-03
-1.0866e-03
-8.8481e-04
-8.3121e-04
-8.5051e-04
-8.7296e-04
-8.7572e-04
-8.6903e-04
-8.6128e-04
-8.5870e-04
-8.6944e-04
-8.9037e-04
-8.8116e-04
-7.6312e-04
-5.5555e-04
-4.4633e-04
-4.7127e-04
-5.1575e-04
-3.9623e-04
2.3228e-05
5.3713e-04
7.9573e-04
8.1542e-04
7.1285e-04
4.9208e-04
3.2959e-04
5.0985e-04
7.1949e-04
7.7591e-04
7.4696e-04
7.0626e-04
7.1456e-04
8.3209e-04
1.0327e-03
1.1453e-03
1.1578e-03
1.1416e-03
1.1243e-03
1.1087e-03
1.1222e-03
1.2356e-03
1.4336e-03
1.5466e-03
1.5546e-03
1.5311e-03
1.5200e-03
1.5389e-03
1.5680e-03
1.5408e-03
1.3452e-03
1.0506e-03
9.0577e-04
7.9597e-04
7.4346e-04
7.6306e-04
7.5422e-04
5.6215e-04
1.7656e-04
-1.7269e-04
-5.0972e-04
-7.8780e-04
-8.7548e-04
-8.3709e-04
-8.3508e-04
-1.0477e-03
-1.4423e-03
-1.6879e-03
-1.7440e-03
-1.6864e-03
-1.4433e-03
-1.0530e-03
-8.3581e-04
-8.1795e-04
-8.5251e-04
-8.6880e-04
-8.6330e-04
-8.5630e-04
-8.5467e-04
-8.5692e-04
-8.5785e-04
-8.5658e-04
-8.5425e-04
-8.5578e-04
-8.6240e-04
-8.6657e-04
-8.4956e-04
-8.1643e-04
-8.3851e-04
-1.0541e-03
-1.4311e-03
-1.6656e-03
-1.7976e-03
-1.9581e-03
-2.0522e-03
-2.0671e-03
-2.0589e-03
-2.0529e-03
-2.0415e-03
-1.9871e-03
-1.8977e-03
-1.7437e-03
-1.3421e-03
-9.6751e-04
-8.2953e-04
-7.4111e-04
-5.0274e-04
-1.7812e-04
1.7945e-04
5.7152e-04
7.6091e-04
7.6403e-04
7.4720e-04
7.7750e-04
7.8110e-04
5.6008e-04
6.5419e-05
-3.7385e-04
-6.0410e-04
-7.4166e-04
-8.3167e-04
-1.0460e-03
-1.4339e-03
-1.7499e-03
-1.9800e-03
-2.1688e-03
-2.3540e-03
-2.4477e-03
-2.4639e-03
-2.4752e-03
-2.4690e-03
-2.3440e-03
-2.0549e-03
-1.7824e-03
-1.6378e-03
-1.4182e-03
-1.0510e-03
-8.4406e-04
-8.2757e-04
-8.3151e-04
-7.4701e-04
-6.5739e-04
-7.3476e-04
-8.3444e-04
-8.6776e-04
-8.6479e-04
-8.5129e-04
-8.2723e-04
-8.1130e-04
-8.6804e-04
-1.0698e-03
-1.2395e-03
-1.0782e-03
-8.8605e-04
-8.0983e-04
-7.2008e-04
-5.8126e-04
-4.9790e-04
-3.5037e-04
5.7550e-05
5.5597e-04
7.9211e-04
7.9671e-04
7.5228e-04
7.3584e-04
7.4428e-04
7.5412e-04
7.5759e-04
7.5339e-04
7.4360e-04
7.3753e-04
7.5730e-04
8.0110e-04
7.8463e-04
5.3804e-04
6.7542e-05
-2.3377e-04
-2.9005e-04
-4.6103e-04
-7.2546e-04
-8.6204e-04
-8.7091e-04
-8.4466e-04
-8.3532e-04
-8.4570e-04
-8.5548e-04
-8.3871e-04
-8.0068e-04
-8.1942e-04
-1.0439e-03
-1.4397e-03
-1.6642e-03
-1.6835e-03
-1.6462e-03
-1.6294e-03
-1.6361e-03
-1.6433e-03
-1.6377e-03
-1.6292e-03
-1.6463e-03
-1.7279e-03
-1.8227e-03
-1.8566e-03
-1.9627e-03
-2.0323e-03
-1.9576e-03
-1.7886e-03
-1.6451e-03
-1.4088e-03
-1.0427e-03
-8.4455e-04
-8.0754e-04
-7.2922e-04
-5.6132e-04
-4.5284e-04
-3.6041e-04
-1.5922e-04
1.6739e-04
5.7342e-04
7.8254e-04
7.9574e-04
7.6470e-04
7.5255e-04
7.4968e-04
7.3814e-04
7.4950e-04
8.5999e-04
1.0566e-03
1.1688e-03
1.1793e-03
1.1619e-03
1.1540e-03
1.1557e-03
1.1558e-03
1.1543e-03
1.1624e-03
1.1802e-03
1.1704e-03
1.0584e-03
8.6087e-04
7.4861e-04
7.3892e-04
7.5763e-04
7.6661e-04
7.6351e-04
7.5896e-04
7.5908e-04
7.6386e-04
7.6720e-04
7.5846e-04
7.3995e-04
7.4984e-04
8.6236e-04
1.0603e-03
1.1726e-03
1.1823e-03
1.1642e-03
1.1562e-03
1.1596e-03
1.1620e-03
1.1592e-03
1.1574e-03
1.1679e-03
1.1848e-03
1.1657e-03
1.0470e-03
8.7666e-04
8.5534e-04
9.2095e-04
8.8155e-04
8.9145e-04
9.4923e-04
8.7129e-04
7.7149e-04
7.3085e-04
7.5074e-04
8.6387e-04
1.0445e-03
1.1646e-03
1.2854e-03
1.4650e-03
1.5691e-03
1.5816e-03
1.5669e-03
1.5593e-03
1.5620e-03
1.5650e-03
1.5634e-03
1.5593e-03
1.5638e-03
1.5791e-03
1.5787e-03
1.4862e-03
1.2806e-03
1.0538e-03
8.3903e-04
7.4070e-04
7.5863e-04
8.1023e-04
7.9211e-04
5.6160e-04
1.7267e-04
-3.3851e-05
-6.2971e-05
-1.3897e-04
-3.1790e-04
-4.3183e-04
-4.4677e-04
-4.3905e-04
-4.4590e-04
-4.3599e-04
-3.2774e-04
-1.3476e-04
-2.5339e-05
-7.6021e-06
-7.0661e-06
-1.8164e-05
-1.2109e-04
-3.3444e-04
-5.2996e-04
-6.3559e-04
-6.4413e-04
-7.3016e-04
-8.1835e-04
-8.4393e-04
-8.3668e-04
-8.1655e-04
-8.0621e-04
-8.3613e-04
-9.3964e-04
-1.0242e-03
-9.3859e-04
-8.3749e-04
-8.1078e-04
-8.1739e-04
-8.2045e-04
-8.2017e-04
-8.3995e-04
-8.6537e-04
-7.8025e-04
-4.4768e-04
9.1300e-05
6.0476e-04
8.0109e-04
7.8978e-04
8.5126e-04
1.1146e-03
1.4562e-03
1.8086e-03
2.1881e-03
2.3777e-03
2.4085e-03
2.4168e-03
2.3847e-03
2.1608e-03
1.7649e-03
1.5474e-03
1.5528e-03
1.5974e-03
1.4948e-03
1.1817e-03
8.6070e-04
7.2734e-04
7.4419e-04
8.5199e-04
1.0327e-03
1.2646e-03
1.6758e-03
2.1678e-03
2.4923e-03
2.7047e-03
2.8771e-03
3.0583e-03
3.1822e-03
3.2927e-03
3.3814e-03
3.3075e-03
3.1275e-03
2.7989e-03
2.2809e-03
1.6123e-03
9.8393e-04
4.1089e-04
-2.5969e-04
-7.1170e-04
-8.5360e-04
-1.0231e-03
-1.3941e-03
-1.7426e-03
-1.9742e-03
-1.9734e-03
-1.7518e-03
-1.4249e-03
-1.0264e-03
-7.0845e-04
-3.9506e-04
-1.0870e-04
3.0650e-05
2.8193e-05
-1.3324e-04
-4.3929e-04
-6.3298e-04
-5.5297e-04
-4.2960e-04
-3.9297e-04
-4.1251e-04
-4.3837e-04
-4.2499e-04
-3.2654e-04
-1.6314e-04
-3.1828e-05
2.0201e-04
5.8017e-04
7.9809e-04
8.1865e-04
7.7829e-04
7.5664e-04
7.7920e-04
8.2278e-04
8.0318e-04
5.7471e-04
1.8009e-04
-3.4011e-05
-4.6761e-05
-4.0108e-05
-1.1690e-04
-1.9203e-04
-1.2325e-04
-1.2618e-04
-2.9018e-04
-4.7546e-04
-6.8893e-04
-1.0210e-03
-1.5944e-03
-2.1766e-03
-2.6273e-03
-3.2077e-03
-3.9008e-03
-4.5498e-03
-5.1135e-03
-5.4935e-03
-5.8353e-03
-6.3490e-03
-6.7610e-03
-6.7574e-03
-6.3492e-03
-5.8523e-03
-5.5082e-03
-5.0242e-03
-4.2487e-03
-3.4061e-03
-2.5946e-03
-1.9791e-03
-1.4621e-03
-9.8464e-04
-7.4886e-04
-7.5742e-04
-1.0008e-03
-1.4083e-03
-1.7193e-03
-1.9381e-03
-2.1281e-03
-2.3280e-03
-2.4337e-03
-2.4200e-03
-2.3639e-03
-2.3792e-03
-2.6294e-03
-3.0434e-03
-3.2092e-03
-3.0251e-03
-2.8342e-03
-2.9976e-03
-3.1608e-03
-3.0554e-03
-2.8718e-03
-2.8205e-03
-2.5380e-03
-2.0371e-03
-1.4674e-03
-9.8610e-04
-8.1022e-04
-7.2909e-04
-4.3588e-04
8.4569e-05
5.9588e-04
8.2096e-04
9.0633e-04
1.0653e-03
1.2747e-03
1.5008e-03
1.6200e-03
1.6126e-03
1.4854e-03
1.2840e-03
1.1664e-03
1.1417e-03
1.1705e-03
1.2912e-03
1.4857e-03
1.5934e-03
1.6007e-03
1.5852e-03
1.5838e-03
1.5914e-03
1.5784e-03
1.5451e-03
1.5630e-03
1.7793e-03
2.1663e-03
2.4058e-03
2.4690e-03
2.4304e-03
2.1837e-03
1.6903e-03
1.2703e-03
1.1045e-03
1.1071e-03
1.2787e-03
1.6966e-03
2.1703e-03
2.3994e-03
2.5281e-03
2.7733e-03
3.0296e-03
3.1889e-03
3.4314e-03
3.7906e-03
3.8939e-03
3.7210e-03
3.5772e-03
3.5512e-03
3.5728e-03
3.5856e-03
3.5817e-03
3.5825e-03
3.5961e-03
3.5945e-03
3.4986e-03
3.2945e-03
3.0804e-03
2.8735e-03
2.7004e-03
2.5020e-03
2.2146e-03
1.7863e-03
1.3478e-03
9.6307e-04
8.1213e-04
7.6702e-04
4.9998e-04
3.8135e-05
-2.3574e-04
-4.7408e-04
-7.0763e-04
-7.8806e-04
-8.0545e-04
-9.8215e-04
-1.3706e-03
-1.7357e-03
-2.0577e-03
-2.2256e-03
-2.1439e-03
-2.0158e-03
-1.8919e-03
-1.7353e-03
-1.6035e-03
-1.3823e-03
-1.0573e-03
-8.5865e-04
-5.9075e-04
3.8704e-06
6.1359e-04
8.4418e-04
7.9222e-04
7.5356e-04
9.7255e-04
1.4082e-03
1.6460e-03
1.5331e-03
1.1834e-03
8.8768e-04
8.0661e-04
7.0954e-04
3.0696e-04
-3.0839e-04
-7.4853e-04
-8.6865e-04
-8.3369e-04
-7.9553e-04
-7.8653e-04
-7.9644e-04
-8.2347e-04
-8.4870e-04
-7.6172e-04
-4.3093e-04
1.0657e-04
6.2708e-04
8.3677e-04
8.1168e-04
7.7174e-04
8.6167e-04
1.0840e-03
1.2977e-03
1.4687e-03
1.5810e-03
1.8080e-03
2.1871e-03
2.3998e-03
2.4146e-03
2.3945e-03
2.4190e-03
2.4232e-03
2.2061e-03
1.7046e-03
1.2097e-03
8.7535e-04
5.6539e-04
1.0345e-04
-3.0994e-04
-5.6106e-04
-7.3853e-04
-7.9538e-04
-7.7993e-04
-8.2253e-04
-1.0220e-03
-1.2047e-03
-1.0530e-03
-8.3461e-04
-6.6260e-04
-4.9241e-04
-4.2137e-04
-4.0441e-04
-3.0483e-04
-1.1173e-04
3.8541e-06
1.5595e-05
-5.6403e-06
-1.8993e-05
-9.8836e-06
1.2028e-05
1.1317e-05
-9.3966e-05
-3.1032e-04
-5.0905e-04
-6.1947e-04
-6.3033e-04
-6.9975e-04
-7.6085e-04
-8.1312e-04
-1.0049e-03
-1.2906e-03
-1.4270e-03
-1.5270e-03
-1.5909e-03
-1.6188e-03
-1.6463e-03
-1.6160e-03
-1.3984e-03
-1.0305e-03
-8.1508e-04
-6.7395e-04
-4.0252e-04
-1.0813e-04
2.6301e-05
3.0485e-05
-1.2859e-05
-5.7483e-05
-3.2907e-05
1.9633e-04
5.9153e-04
8.1476e-04
8.3478e-04
8.0081e-04
7.8256e-04
7.8050e-04
7.7900e-04
7.9427e-04
8.3425e-04
8.3466e-04
6.1263e-04
1.0861e-04
-3.9437e-04
-7.3485e-04
-1.0186e-03
-1.3867e-03
-1.7206e-03
-2.0381e-03
-2.2766e-03
-2.3806e-03
-2.5984e-03
-3.0882e-03
-3.5915e-03
-3.9169e-03
-4.1271e-03
-4.4099e-03
-4.7012e-03
-4.8291e-03
-4.8183e-03
-4.7254e-03
-4.6093e-03
-4.4798e-03
-4.2072e-03
-4.0097e-03
-3.8843e-03
-3.7014e-03
-3.4964e-03
-3.2901e-03
-3.1856e-03
-3.1665e-03
-3.1847e-03
-3.2849e-03
-3.4893e-03
-3.7104e-03
-3.9173e-03
-4.0125e-03
-4.0158e-03
-4.0010e-03
-3.9925e-03
-3.9879e-03
-3.9912e-03
-4.0149e-03
-4.0379e-03
-3.9449e-03
-3.6139e-03
-3.0988e-03
-2.6040e-03
-2.3074e-03
-2.0010e-03
-1.5084e-03
-9.0869e-04
-4.7511e-04
-2.4998e-04
-8.4139e-05
-5.2902e-06
5.3612e-07
-1.0487e-05
-5.8292e-06
1.4066e-05
6.7273e-06
-1.0619e-04
-3.0785e-04
-4.2304e-04
-4.2417e-04
-3.8791e-04
-3.8867e-04
-5.0228e-04
-7.0207e-04
-8.1849e-04
-8.3554e-04
-8.1101e-04
-7.2701e-04
-5.5916e-04
-3.1523e-04
1.2057e-04
6.0654e-04
8.1262e-04
8.1250e-04
8.7510e-04
1.1362e-03
1.4760e-03
1.8254e-03
2.2012e-03
2.4023e-03
2.5029e-03
2.6574e-03
2.8644e-03
3.1896e-03
3.5771e-03
3.8965e-03
4.1224e-03
4.3242e-03
4.4027e-03
4.2965e-03
4.0861e-03
3.9696e-03
3.9651e-03
3.9878e-03
3.9876e-03
3.9676e-03
3.9758e-03
4.0872e-03
4.2764e-03
4.3798e-03
4.4101e-03
4.4869e-03
4.5825e-03
4.5841e-03
4.5810e-03
4.5804e-03
4.6825e-03
4.7762e-03
4.7994e-03
4.7976e-03
4.7894e-03
4.7672e-03
4.7367e-03
4.7794e-03
5.0165e-03
5.3506e-03
5.5338e-03
5.4100e-03
5.5225e-03
5.5025e-03
5.1770e-03
4.8350e-03
4.4807e-03
4.0820e-03
3.6895e-03
3.3796e-03
3.1415e-03
2.8528e-03
2.5931e-03
2.4455e-03
2.2145e-03
1.8346e-03
1.6082e-03
1.5743e-03
1.5969e-03
1.6042e-03
1.5901e-03
1.5734e-03
1.5616e-03
1.5520e-03
1.5393e-03
1.5247e-03
1.5178e-03
1.5212e-03
1.5074e-03
1.4022e-03
1.1863e-03
9.5512e-04
7.3811e-04
6.2668e-04
6.0642e-04
6.2483e-04
6.6056e-04
6.4337e-04
4.0691e-04
-8.8754e-05
-5.2462e-04
-7.5797e-04
-9.0219e-04
-9.9627e-04
-1.2004e-03
-1.5734e-03
-1.9104e-03
-2.2336e-03
-2.5001e-03
-2.6005e-03
-2.5953e-03
-2.5741e-03
-2.5677e-03
-2.5695e-03
-2.5698e-03
-2.5663e-03
-2.5616e-03
-2.5570e-03
-2.5528e-03
-2.5482e-03
-2.5432e-03
-2.5375e-03
-2.5316e-03
-2.5253e-03
-2.5188e-03
-2.5118e-03
-2.5044e-03
-2.4967e-03
-2.4886e-03
-2.4801e-03
-2.4714e-03
-2.4622e-03
-2.4528e-03
-2.4429e-03
-2.4327e-03
-2.4221e-03
-2.4113e-03
-2.4001e-03
-2.3886e-03
-2.3766e-03
-2.3641e-03
-2.3514e-03
-2.3393e-03
-2.3274e-03
-2.3136e-03
-2.2953e-03
-2.2762e-03
-2.2688e-03
-2.2786e-03
-2.2667e-03
-2.1364e-03
-1.8508e-03
-1.5864e-03
-1.4739e-03
-1.3626e-03
-1.1033e-03
-8.2814e-04
-7.0783e-04
-7.0383e-04
-7.2163e-04
-7.2922e-04
-7.2446e-04
-6.9796e-04
-6.1796e-04
-5.2869e-04
-4.9879e-04
-4.1942e-04
-3.5775e-04
-3.2967e-04
-2.3955e-04
-7.8647e-05
2.4197e-05
4.9348e-05
2.8497e-05
-6.9236e-05
-2.2904e-04
-3.2502e-04
-3.4155e-04
-3.0837e-04
-2.0105e-04
-5.3819e-05
5.5182e-06
3.0230e-05
2.0231e-04
5.1697e-04
6.8837e-04
6.8013e-04
6.4436e-04
7.2427e-04
9.5187e-04
1.1630e-03
1.2634e-03
1.4166e-03
1.6863e-03
1.8368e-03
1.8371e-03
1.7893e-03
1.7488e-03
1.7250e-03
1.7189e-03
1.7227e-03
1.6888e-03
1.5100e-03
1.1916e-03
9.2972e-04
7.3870e-04
5.9888e-04
4.8741e-04
4.0883e-04
2.0826e-04
-2.1687e-04
-5.8453e-04
-6.9468e-04
-7.4483e-04
-7.8276e-04
-7.7988e-04
-7.0443e-04
-5.6336e-04
-4.2659e-04
-2.6435e-04
-4.1579e-05
2.2846e-04
3.5987e-04
3.5542e-04
3.3380e-04
3.4410e-04
3.3898e-04
1.8328e-04
-1.5923e-04
-4.8746e-04
-6.9677e-04
-8.8744e-04
-1.1971e-03
-1.5140e-03
-1.7065e-03
-1.7423e-03
-1.7018e-03
-1.6616e-03
-1.6359e-03
-1.6153e-03
-1.5916e-03
-1.5658e-03
-1.5400e-03
-1.5141e-03
-1.4854e-03
-1.4556e-03
-1.4334e-03
-1.4243e-03
-1.4040e-03
-1.3041e-03
-1.0920e-03
-8.8516e-04
-8.0480e-04
-8.1323e-04
-8.0208e-04
-6.6275e-04
-4.1538e-04
-2.5919e-04
-2.3463e-04
-3.1530e-04
-4.8643e-04
-6.3950e-04
-6.8479e-04
-6.6145e-04
-6.3065e-04
-6.0891e-04
-5.9028e-04
-5.7166e-04
-5.6323e-04
-5.6393e-04
-5.3509e-04
-4.0008e-04
-1.8098e-04
-5.8234e-05
-4.9371e-05
-6.0662e-05
-8.8879e-06
1.3657e-04
3.0755e-04
4.7849e-04
6.5711e-04
7.3680e-04
7.3956e-04
7.6400e-04
8.3210e-04
8.8219e-04
9.2921e-04
9.8770e-04
1.0000e-03
9.9629e-04
1.0702e-03
1.2180e-03
1.2901e-03
1.2725e-03
1.2306e-03
1.1969e-03
1.1693e-03
1.1384e-03
1.1124e-03
1.1226e-03
1.1768e-03
1.2338e-03
1.2774e-03
1.2745e-03
1.2474e-03
1.2409e-03
1.2362e-03
1.1795e-03
1.1095e-03
1.0180e-03
8.7546e-04
7.4572e-04
6.9189e-04
6.7076e-04
5.8270e-04
3.9211e-04
1.9811e-04
7.8139e-05
4.7661e-05
5.9752e-05
5.5996e-05
-1.3909e-05
-1.4225e-04
-2.4267e-04
-2.9924e-04
-3.1019e-04
-3.0510e-04
-3.2641e-04
-3.7245e-04
-3.9565e-04
-3.9013e-04
-3.7560e-04
-3.6000e-04
-3.4830e-04
-3.4966e-04
-3.8050e-04
-4.1411e-04
-4.1382e-04
-4.4339e-04
-4.6611e-04
-4.5860e-04
-4.3939e-04
-4.2035e-04
-4.0538e-04
-3.9165e-04
-3.7616e-04
-3.5800e-04
-3.4294e-04
-3.4536e-04
-3.6907e-04
-3.9455e-04
-4.0993e-04
-3.8897e-04
-3.4022e-04
-3.0018e-04
-2.6405e-04
-2.2293e-04
-1.9523e-04
-1.7973e-04
-1.6030e-04
-1.3483e-04
-1.0506e-04
-5.7776e-05
-2.7526e-05
-1.7594e-05
-2.3639e-06
2.4725e-05
4.3443e-05
4.6281e-05
3.4133e-05
1.4405e-05
6.5762e-06
1.0425e-05
1.6910e-05
2.2096e-05
2.5986e-05
2.9390e-05
3.2312e-05
3.5682e-05
4.1712e-05
5.2472e-05
6.0882e-05
5.8379e-05
6.1590e-05
7.3593e-05
7.8090e-05
8.0642e-05
9.2213e-05
1.0010e-04
1.0780e-04
1.1192e-04
1.1038e-04
1.0687e-04
1.0659e-04
1.1675e-04
1.3418e-04
1.4159e-04
1.3838e-04
1.3247e-04
1.2759e-04
1.2403e-04
1.2129e-04
1.1844e-04
1.1354e-04
1.0376e-04
9.3399e-05
9.0126e-05
8.9091e-05
9.3550e-05
9.6186e-05
9.3889e-05
8.9748e-05
8.6278e-05
8.5870e-05
8.9025e-05
9.2524e-05
9.5102e-05
9.7405e-05
9.5829e-05
9.2321e-05
8.9798e-05
8.7414e-05
8.4660e-05
8.0507e-05
7.6336e-05
7.2995e-05
6.8704e-05
6.3406e-05
5.8017e-05
5.3035e-05
4.8474e-05
4.4021e-05
3.9140e-05
3.3795e-05
2.8617e-05
2.3414e-05
1.9017e-05
1.6253e-05
1.4341e-05
1.2063e-05
8.9673e-06
5.8274e-06
3.4728e-06
1.9543e-06
8.1077e-07
1.2734e-07
-2.2372e-07
-4.8277e-07
-7.2891e-07
-9.6224e-07
-1.1619e-06
-1.3241e-06
-1.4533e-06
-1.5588e-06
-1.6427e-06
-1.6957e-06
-1.6996e-06
-1.6631e-06
-1.6563e-06
-1.7840e-06
-1.9861e-06
-1.9718e-06
-1.7417e-06
-1.5387e-06
-1.3503e-06
-1.0831e-06
-7.5961e-07
-4.2920e-07
-1.1023e-07
2.0084e-07
5.1145e-07
8.2201e-07
1.1257e-06
1.4151e-06
1.7025e-06
2.0129e-06
2.3375e-06
2.6601e-06
2.9792e-06
3.3011e-06
3.6256e-06
3.9509e-06
4.2767e-06
4.6039e-06
4.9335e-06
5.2662e-06
5.6028e-06
5.9435e-06
6.2887e-06
6.6387e-06
6.9938e-06
7.3544e-06
7.7203e-06
