2.4078e-03
2.3993e-03
2.3909e-03
2.3825e-03
2.3741e-03
2.3657e-03
2.3573e-03
2.3489e-03
2.3406e-03
2.3323e-03
2.3238e-03
2.3154e-03
2.3071e-03
2.2988e-03
2.2906e-03
2.2826e-03
2.2744e-03
2.2658e-03
2.2573e-03
2.2491e-03
2.2409e-03
2.2326e-03
2.2244e-03
2.2161e-03
2.2079e-03
2.2002e-03
2.1923e-03
2.1837e-03
2.1757e-03
2.1681e-03
2.1595e-03
2.1507e-03
2.1426e-03
2.1353e-03
2.1278e-03
2.1189e-03
2.1110e-03
2.1038e-03
2.0951e-03
2.0861e-03
2.0778e-03
2.0706e-03
2.0646e-03
2.0592e-03
2.0525e-03
2.0420e-03
2.0306e-03
2.0230e-03
2.0167e-03
2.0077e-03
1.9983e-03
1.9899e-03
1.9820e-03
1.9760e-03
1.9718e-03
1.9637e-03
1.9518e-03
1.9436e-03
1.9403e-03
1.9355e-03
1.9255e-03
1.9109e-03
1.8993e-03
1.8943e-03
1.8881e-03
1.8798e-03
1.8771e-03
1.8774e-03
1.8667e-03
1.8507e-03
1.8431e-03
1.8397e-03
1.8296e-03
1.8159e-03
1.8050e-03
1.7979e-03
1.7895e-03
1.7843e-03
1.7833e-03
1.7833e-03
1.7748e-03
1.7591e-03
1.7511e-03
1.7517e-03
1.7493e-03
1.7408e-03
1.7285e-03
1.7184e-03
1.7152e-03
1.7064e-03
1.6957e-03
1.6981e-03
1.6953e-03
1.6733e-03
1.6600e-03
1.6641e-03
1.6642e-03
1.6493e-03
1.6297e-03
1.6295e-03
1.6402e-03
1.6272e-03
1.6014e-03
1.5932e-03
1.6000e-03
1.5990e-03
1.5851e-03
1.5717e-03
1.5655e-03
1.5526e-03
1.5396e-03
1.5334e-03
1.5272e-03
1.5120e-03
1.4964e-03
1.5018e-03
1.5153e-03
1.5165e-03
1.5071e-03
1.4907e-03
1.4767e-03
1.4795e-03
1.4810e-03
1.4653e-03
1.4426e-03
1.4372e-03
1.4377e-03
1.4219e-03
1.4154e-03
1.4256e-03
1.4182e-03
1.3922e-03
1.3855e-03
1.3981e-03
1.3909e-03
1.3652e-03
1.3583e-03
1.3625e-03
1.3458e-03
1.3276e-03
1.3307e-03
1.3434e-03
1.3343e-03
1.3180e-03
1.3231e-03
1.3157e-03
1.2791e-03
1.2617e-03
1.2774e-03
1.2712e-03
1.2515e-03
1.2515e-03
1.2674e-03
1.2717e-03
1.2634e-03
1.2548e-03
1.2474e-03
1.2413e-03
1.2387e-03
1.2333e-03
1.2033e-03
1.1622e-03
1.1571e-03
1.1627e-03
1.1562e-03
1.1569e-03
1.1728e-03
1.1813e-03
1.1753e-03
1.1523e-03
1.1205e-03
1.1164e-03
1.1274e-03
1.1099e-03
1.0742e-03
1.0495e-03
1.0603e-03
1.0850e-03
1.0886e-03
1.0506e-03
1.0300e-03
1.0524e-03
1.0488e-03
1.0275e-03
1.0166e-03
1.0117e-03
1.0075e-03
1.0024e-03
9.9193e-04
9.7084e-04
9.6547e-04
9.8609e-04
9.7793e-04
9.7191e-04
9.9102e-04
9.8725e-04
9.6603e-04
9.5846e-04
9.3920e-04
9.1755e-04
9.0748e-04
9.1523e-04
9.4105e-04
9.5568e-04
9.4530e-04
9.0011e-04
8.6482e-04
8.9858e-04
9.0806e-04
8.5167e-04
8.2384e-04
8.5507e-04
8.5473e-04
8.2610e-04
8.1099e-04
8.2709e-04
8.5956e-04
8.4958e-04
8.0272e-04
7.9290e-04
8.2773e-04
8.4450e-04
8.1585e-04
7.6827e-04
7.6208e-04
7.9483e-04
8.1034e-04
7.9957e-04
7.7319e-04
7.5153e-04
7.4831e-04
7.2661e-04
7.0377e-04
6.9232e-04
6.8662e-04
7.0139e-04
7.2924e-04
7.2063e-04
6.9619e-04
7.0498e-04
6.9996e-04
6.7939e-04
6.8719e-04
6.7965e-04
6.5976e-04
6.7223e-04
6.6389e-04
6.2168e-04
6.1606e-04
6.3170e-04
6.0540e-04
5.7818e-04
5.9217e-04
6.0958e-04
5.8090e-04
5.5373e-04
5.6463e-04
5.7919e-04
5.7216e-04
5.8573e-04
5.9512e-04
5.7092e-04
5.4823e-04
5.4840e-04
5.0404e-04
4.3404e-04
4.2379e-04
4.8165e-04
5.3673e-04
5.4473e-04
5.3419e-04
5.2639e-04
5.0468e-04
4.7660e-04
4.6953e-04
4.6778e-04
4.8214e-04
4.7268e-04
4.4847e-04
4.5923e-04
4.5599e-04
4.3426e-04
4.2734e-04
3.9799e-04
3.7074e-04
3.8606e-04
4.2572e-04
4.2013e-04
3.7138e-04
3.4253e-04
3.3495e-04
3.3323e-04
3.5276e-04
3.6867e-04
3.1835e-04
2.5267e-04
2.4843e-04
2.6279e-04
2.4946e-04
2.8414e-04
3.6363e-04
3.7715e-04
2.9703e-04
2.6588e-04
3.1495e-04
3.3451e-04
2.7471e-04
2.2470e-04
2.8912e-04
3.2726e-04
2.5575e-04
2.2308e-04
2.6240e-04
2.6343e-04
2.1481e-04
2.0357e-04
2.1882e-04
2.1132e-04
2.2606e-04
2.6210e-04
2.6132e-04
1.9271e-04
1.4007e-04
1.3113e-04
1.5590e-04
2.1117e-04
2.2348e-04
1.7507e-04
1.5041e-04
1.2638e-04
8.5793e-05
5.7216e-05
6.9972e-05
8.6898e-05
1.0401e-04
1.1690e-04
8.6835e-05
5.6064e-05
6.6641e-05
1.0919e-04
1.3137e-04
1.0184e-04
2.5329e-05
-1.9856e-05
2.2545e-05
6.4811e-05
3.5950e-05
-5.7191e-07
-4.8328e-06
1.5808e-05
2.7406e-05
1.2928e-05
2.9752e-05
6.8378e-05
6.4661e-05
-4.8592e-06
-4.7302e-05
-5.3754e-05
-7.7742e-05
-8.3356e-05
-2.6457e-05
-8.5067e-06
-5.5931e-05
-9.1065e-05
-9.6369e-05
-7.8228e-05
-4.4174e-05
-2.7668e-05
-3.4870e-05
-6.6229e-05
-1.0623e-04
-1.0830e-04
-1.1467e-04
-1.6006e-04
-1.4876e-04
-1.1126e-04
-1.1176e-04
-1.2202e-04
-1.4946e-04
-1.7017e-04
-1.7962e-04
-1.8812e-04
-1.7110e-04
-1.2792e-04
-1.3234e-04
-2.0802e-04
-2.6175e-04
-2.1918e-04
-1.5267e-04
-1.5887e-04
-2.1800e-04
-2.4584e-04
-2.2278e-04
-2.0085e-04
-2.3099e-04
-2.6398e-04
-2.6443e-04
-2.4304e-04
-2.4939e-04
-2.9961e-04
-3.0423e-04
-2.8584e-04
-2.9095e-04
-3.0464e-04
-2.8902e-04
-2.4753e-04
-2.5174e-04
-3.0615e-04
-3.3656e-04
-3.1280e-04
-2.7428e-04
-2.8852e-04
-3.1632e-04
-2.7799e-04
-2.5636e-04
-3.2165e-04
-3.7581e-04
-3.8171e-04
-3.5996e-04
-3.2533e-04
-3.0977e-04
-3.1543e-04
-3.4517e-04
-3.8864e-04
-3.9383e-04
-3.7855e-04
-3.8118e-04
-3.6556e-04
-3.6651e-04
-4.1027e-04
-4.6322e-04
-4.9122e-04
-4.5019e-04
-3.9006e-04
-3.7964e-04
-4.1008e-04
-4.3113e-04
-4.3292e-04
-4.8211e-04
-5.2622e-04
-4.8751e-04
-4.5081e-04
-4.8074e-04
-4.8811e-04
-4.4750e-04
-4.6366e-04
-5.4161e-04
-5.7608e-04
-5.3434e-04
-4.4446e-04
-4.3653e-04
-4.9513e-04
-5.2313e-04
-4.7699e-04
-4.5814e-04
-5.1461e-04
-5.2533e-04
-4.7686e-04
-4.5083e-04
-5.2740e-04
-6.2087e-04
-5.9878e-04
-5.3541e-04
-5.4064e-04
-5.6936e-04
-5.5308e-04
-5.7322e-04
-6.4301e-04
-6.5424e-04
-6.1109e-04
-5.6734e-04
-5.7956e-04
-6.2851e-04
-6.3639e-04
-6.1887e-04
-6.1883e-04
-6.0391e-04
-6.0908e-04
-6.5135e-04
-6.8114e-04
-6.8909e-04
-6.7088e-04
-6.2698e-04
-6.1122e-04
-6.6312e-04
-7.3265e-04
-7.1592e-04
-6.7310e-04
-6.7431e-04
-6.8320e-04
-7.0845e-04
-7.3463e-04
-7.4740e-04
-7.2498e-04
-6.6203e-04
-6.5078e-04
-7.2621e-04
-7.5116e-04
-7.0287e-04
-7.0333e-04
-7.7957e-04
-8.0905e-04
-7.4148e-04
-7.1583e-04
-7.8225e-04
-8.4569e-04
-8.4980e-04
-8.0262e-04
-7.2317e-04
-7.3266e-04
-7.8655e-04
-7.9555e-04
-7.8596e-04
-7.8098e-04
-8.3565e-04
-9.0678e-04
-8.9147e-04
-8.0728e-04
-7.6963e-04
-7.8358e-04
-7.9682e-04
-7.9396e-04
-7.9203e-04
-8.2148e-04
-8.7020e-04
-8.5958e-04
-7.9874e-04
-7.6971e-04
-7.7509e-04
-8.5539e-04
-9.4243e-04
-8.9973e-04
-8.1089e-04
-8.2900e-04
-9.0455e-04
-9.5583e-04
-9.7487e-04
-9.5084e-04
-9.1676e-04
-9.0538e-04
-9.1581e-04
-8.9634e-04
-8.7814e-04
-9.0523e-04
-9.5226e-04
-9.5255e-04
-9.3410e-04
-9.6111e-04
-9.7059e-04
-9.3016e-04
-9.0620e-04
-9.3807e-04
-9.9267e-04
-9.8748e-04
-9.3968e-04
-9.6602e-04
-1.0589e-03
-1.0685e-03
-1.0028e-03
-9.7907e-04
-9.8893e-04
-1.0197e-03
-1.0406e-03
-1.0461e-03
-1.0479e-03
-1.0329e-03
-1.0148e-03
-1.0227e-03
-1.0313e-03
-1.0335e-03
-1.0111e-03
-1.0186e-03
-1.0665e-03
-1.0734e-03
-1.0338e-03
-1.0151e-03
-1.0225e-03
-1.0284e-03
-1.0320e-03
-1.0526e-03
-1.0768e-03
-1.0815e-03
-1.0903e-03
-1.0746e-03
-1.0332e-03
-1.0068e-03
-1.0583e-03
-1.1536e-03
-1.1772e-03
-1.1028e-03
-1.0640e-03
-1.1194e-03
-1.1697e-03
-1.1224e-03
-1.1031e-03
-1.1697e-03
-1.1996e-03
-1.1568e-03
-1.1582e-03
-1.1889e-03
-1.1755e-03
-1.1304e-03
-1.1349e-03
-1.1878e-03
-1.1965e-03
-1.1524e-03
-1.1286e-03
-1.1551e-03
-1.2060e-03
-1.2304e-03
-1.2157e-03
-1.1778e-03
-1.1375e-03
-1.1153e-03
-1.1638e-03
-1.2556e-03
-1.2973e-03
-1.2508e-03
-1.2129e-03
-1.2391e-03
-1.2437e-03
-1.2267e-03
-1.2686e-03
-1.3139e-03
-1.2971e-03
-1.2804e-03
-1.2870e-03
-1.2596e-03
-1.1971e-03
-1.1760e-03
-1.2041e-03
-1.2748e-03
-1.3005e-03
-1.2761e-03
-1.2523e-03
-1.2412e-03
-1.2856e-03
-1.3032e-03
-1.3074e-03
-1.3681e-03
-1.3943e-03
-1.3606e-03
-1.3356e-03
-1.3204e-03
-1.3126e-03
-1.3353e-03
-1.3358e-03
-1.3218e-03
-1.3474e-03
-1.3531e-03
-1.3132e-03
-1.2947e-03
-1.3222e-03
-1.3484e-03
-1.3308e-03
-1.3306e-03
-1.3521e-03
-1.3543e-03
-1.3768e-03
-1.4180e-03
-1.4433e-03
-1.4284e-03
-1.4118e-03
-1.3882e-03
-1.3553e-03
-1.3833e-03
-1.4325e-03
-1.3983e-03
-1.3528e-03
-1.3471e-03
-1.3793e-03
-1.4467e-03
-1.4855e-03
-1.4627e-03
-1.4581e-03
-1.4882e-03
-1.5009e-03
-1.4813e-03
-1.4175e-03
-1.4011e-03
-1.4475e-03
-1.4812e-03
-1.4843e-03
-1.4576e-03
-1.4184e-03
-1.4293e-03
-1.4757e-03
-1.4730e-03
-1.4502e-03
-1.4972e-03
-1.5490e-03
-1.5098e-03
-1.4428e-03
-1.4445e-03
-1.4959e-03
-1.5229e-03
-1.5246e-03
-1.5202e-03
-1.5032e-03
-1.4937e-03
-1.5174e-03
-1.5004e-03
-1.4607e-03
-1.4848e-03
-1.5105e-03
-1.5146e-03
-1.5092e-03
-1.5337e-03
-1.5602e-03
-1.5626e-03
-1.5440e-03
-1.5275e-03
-1.5313e-03
-1.5173e-03
-1.5190e-03
-1.5380e-03
-1.5450e-03
-1.5711e-03
-1.5735e-03
-1.5332e-03
-1.5111e-03
-1.5363e-03
-1.5842e-03
-1.6041e-03
-1.6029e-03
-1.6072e-03
-1.6114e-03
-1.5917e-03
-1.5715e-03
-1.5998e-03
-1.6290e-03
-1.6101e-03
-1.5648e-03
-1.5661e-03
-1.6145e-03
-1.6440e-03
-1.6414e-03
-1.6180e-03
-1.6033e-03
-1.6275e-03
-1.6342e-03
-1.6196e-03
-1.6178e-03
-1.5979e-03
-1.6002e-03
-1.6459e-03
-1.6775e-03
-1.6592e-03
-1.5954e-03
-1.5549e-03
-1.5807e-03
-1.6278e-03
-1.6692e-03
-1.6868e-03
-1.6902e-03
-1.6886e-03
-1.6716e-03
-1.6697e-03
-1.7101e-03
-1.7404e-03
-1.7688e-03
-1.7443e-03
-1.6631e-03
-1.6452e-03
-1.6946e-03
-1.7223e-03
-1.7189e-03
-1.7203e-03
-1.7292e-03
-1.7108e-03
-1.6655e-03
-1.6679e-03
-1.7352e-03
-1.7814e-03
-1.7632e-03
-1.7413e-03
-1.7214e-03
-1.6904e-03
-1.6952e-03
-1.7164e-03
-1.7024e-03
-1.7042e-03
-1.7226e-03
-1.7084e-03
-1.7122e-03
-1.7335e-03
-1.7158e-03
-1.6995e-03
-1.7180e-03
-1.7374e-03
-1.7417e-03
-1.7880e-03
-1.8122e-03
-1.7493e-03
-1.7045e-03
-1.7314e-03
-1.7831e-03
-1.7847e-03
-1.7593e-03
-1.7621e-03
-1.7682e-03
-1.7705e-03
-1.7634e-03
-1.7890e-03
-1.8372e-03
-1.8567e-03
-1.8115e-03
-1.7925e-03
-1.8414e-03
-1.8471e-03
-1.8096e-03
-1.7886e-03
-1.7940e-03
-1.7755e-03
-1.7764e-03
-1.8211e-03
-1.8483e-03
-1.8284e-03
-1.7872e-03
-1.7732e-03
-1.7744e-03
-1.7715e-03
-1.7978e-03
-1.8657e-03
-1.8825e-03
-1.8160e-03
-1.8146e-03
-1.8851e-03
-1.8949e-03
-1.8530e-03
-1.8230e-03
-1.8285e-03
-1.8549e-03
-1.9032e-03
-1.9045e-03
-1.8624e-03
-1.8193e-03
-1.8248e-03
-1.8674e-03
-1.8915e-03
-1.9125e-03
-1.9308e-03
-1.9100e-03
-1.8945e-03
-1.9045e-03
-1.8914e-03
-1.8259e-03
-1.7835e-03
-1.8336e-03
-1.9014e-03
-1.8987e-03
-1.8728e-03
-1.8970e-03
-1.9179e-03
-1.8987e-03
-1.9008e-03
-1.9477e-03
-1.9296e-03
-1.8700e-03
-1.8667e-03
-1.8946e-03
-1.8993e-03
-1.9156e-03
-1.9348e-03
-1.9446e-03
-1.9450e-03
-1.9177e-03
-1.8939e-03
-1.9457e-03
-2.0175e-03
-1.9929e-03
-1.9022e-03
-1.9027e-03
-1.9792e-03
-1.9891e-03
-1.9415e-03
-1.8975e-03
-1.9032e-03
-1.9284e-03
-1.9340e-03
-1.9542e-03
-1.9513e-03
-1.9274e-03
-1.9494e-03
-2.0005e-03
-2.0215e-03
-1.9709e-03
-1.9467e-03
-2.0168e-03
-2.0674e-03
-2.0417e-03
-1.9927e-03
-2.0022e-03
-2.0351e-03
-1.9972e-03
-1.9308e-03
-1.9272e-03
-1.9777e-03
-2.0239e-03
-2.0414e-03
-2.0198e-03
-2.0019e-03
-1.9959e-03
-1.9963e-03
-2.0432e-03
-2.1134e-03
-2.0919e-03
-2.0042e-03
-1.9658e-03
-2.0011e-03
-2.0073e-03
-1.9613e-03
-1.9563e-03
-2.0070e-03
-2.0367e-03
-2.0098e-03
-1.9630e-03
-1.9714e-03
-2.0177e-03
-2.0137e-03
-1.9899e-03
-2.0349e-03
-2.0812e-03
-2.0404e-03
-1.9937e-03
-2.0159e-03
-2.0453e-03
-2.0461e-03
-2.0418e-03
-2.0468e-03
-2.0507e-03
-2.0298e-03
-2.0067e-03
-2.0294e-03
-2.0705e-03
-2.0940e-03
-2.0948e-03
-2.0954e-03
-2.0677e-03
-2.0488e-03
-2.0952e-03
-2.1514e-03
-2.1080e-03
-2.0169e-03
-1.9788e-03
-2.0397e-03
-2.0647e-03
-1.9982e-03
-1.9561e-03
-1.9911e-03
-1.9854e-03
-1.8867e-03
-1.8026e-03
-1.7860e-03
-1.7988e-03
-1.8249e-03
-1.8459e-03
-1.8220e-03
-1.7963e-03
-1.8148e-03
-1.8780e-03
-1.9358e-03
-1.9661e-03
-2.0028e-03
-2.0465e-03
-2.0660e-03
-2.0240e-03
-1.9884e-03
-1.9844e-03
-1.9118e-03
-1.7521e-03
-1.5246e-03
-1.2863e-03
-1.1280e-03
-1.0453e-03
-1.0107e-03
-1.0560e-03
-1.1957e-03
-1.4331e-03
-1.7402e-03
-2.0422e-03
-2.3365e-03
-2.6330e-03
-2.9126e-03
-3.1904e-03
-3.4485e-03
-3.7141e-03
-3.9716e-03
-4.1580e-03
-4.2318e-03
-4.1616e-03
-3.9893e-03
-3.6928e-03
-3.2678e-03
-2.7780e-03
-2.2386e-03
-1.6611e-03
-1.0480e-03
-5.1271e-04
-1.3090e-04
1.0485e-04
2.2472e-04
1.7409e-04
-1.4838e-04
-7.2607e-04
-1.3616e-03
-1.9350e-03
-2.4873e-03
-3.0273e-03
-3.4649e-03
-3.7201e-03
-3.8055e-03
-3.8218e-03
-3.7874e-03
-3.6020e-03
-3.2412e-03
-2.8015e-03
-2.3734e-03
-1.9694e-03
-1.6464e-03
-1.3817e-03
-1.1118e-03
-8.1792e-04
-5.6162e-04
-4.6663e-04
-5.8231e-04
-8.1062e-04
-9.6561e-04
-1.0450e-03
-1.2003e-03
-1.4421e-03
-1.5881e-03
-1.5446e-03
-1.3981e-03
-1.2291e-03
-1.0717e-03
-9.4887e-04
-8.1022e-04
-5.9374e-04
-2.8877e-04
-9.9323e-05
-2.1201e-04
-5.4345e-04
-9.3067e-04
-1.3375e-03
-1.7757e-03
-2.2837e-03
-2.9050e-03
-3.5217e-03
-4.0968e-03
-4.6834e-03
-5.1793e-03
-5.4808e-03
-5.5005e-03
-5.2392e-03
-4.7697e-03
-4.2056e-03
-3.7060e-03
-3.2465e-03
-2.6808e-03
-1.9560e-03
-1.0736e-03
-1.1829e-04
6.9855e-04
1.1648e-03
1.3833e-03
1.5669e-03
1.7161e-03
1.6922e-03
1.4550e-03
1.1376e-03
8.3508e-04
5.0659e-04
4.1863e-05
-4.9396e-04
-9.4651e-04
-1.3108e-03
-1.7451e-03
-2.4188e-03
-3.2863e-03
-4.2789e-03
-5.3112e-03
-6.1625e-03
-6.6579e-03
-6.8317e-03
-6.7279e-03
-6.4441e-03
-6.1942e-03
-6.0700e-03
-5.9965e-03
-5.7963e-03
-5.2928e-03
-4.4224e-03
-3.2705e-03
-1.9966e-03
-7.8098e-04
3.0691e-04
1.2838e-03
2.1945e-03
3.0111e-03
3.5946e-03
3.8211e-03
3.7224e-03
3.5291e-03
3.3440e-03
3.0192e-03
2.4556e-03
1.7260e-03
9.2220e-04
2.4199e-05
-9.4316e-04
-1.8531e-03
-2.6767e-03
-3.4797e-03
-4.0996e-03
-4.4373e-03
-4.6255e-03
-4.7336e-03
-4.7443e-03
-4.7269e-03
-4.7168e-03
-4.5693e-03
-4.1858e-03
-3.5817e-03
-2.8910e-03
-2.2367e-03
-1.6558e-03
-1.1263e-03
-5.4104e-04
1.7780e-04
1.0110e-03
1.7720e-03
2.2278e-03
2.4002e-03
2.6145e-03
3.0973e-03
3.7350e-03
4.3535e-03
4.9871e-03
5.5560e-03
5.7225e-03
5.2528e-03
4.1773e-03
2.6815e-03
9.3990e-04
-1.0813e-03
-3.5047e-03
-6.2441e-03
-8.9216e-03
-1.1188e-02
-1.3066e-02
-1.4617e-02
-1.5766e-02
-1.6376e-02
-1.6377e-02
-1.5796e-02
-1.4759e-02
-1.3227e-02
-1.0885e-02
-7.5095e-03
-3.2653e-03
1.4924e-03
6.3301e-03
1.0928e-02
1.5143e-02
1.8715e-02
2.1228e-02
2.2503e-02
2.2533e-02
2.1310e-02
1.8749e-02
1.5024e-02
1.0783e-02
6.4435e-03
2.0034e-03
-2.5021e-03
-6.6361e-03
-9.9880e-03
-1.2667e-02
-1.5191e-02
-1.7708e-02
-1.9666e-02
-2.0537e-02
-2.0508e-02
-2.0264e-02
-1.9990e-02
-1.9021e-02
-1.6737e-02
-1.3318e-02
-9.4497e-03
-5.5806e-03
-1.8111e-03
1.7745e-03
4.8903e-03
7.2739e-03
8.9060e-03
9.8618e-03
1.0049e-02
9.1641e-03
7.2772e-03
5.2677e-03
4.2142e-03
4.5515e-03
5.8804e-03
7.4095e-03
8.4925e-03
8.9104e-03
8.7717e-03
8.2153e-03
7.4422e-03
6.5067e-03
4.9918e-03
2.3557e-03
-1.3415e-03
-5.2413e-03
-8.3968e-03
-1.0235e-02
-1.0673e-02
-1.0019e-02
-8.8103e-03
-7.5258e-03
-6.3734e-03
-5.2714e-03
-4.0831e-03
-2.7372e-03
-1.3206e-03
-3.0579e-04
-7.4611e-05
-3.0648e-04
-1.4386e-04
9.8984e-04
2.8496e-03
4.9171e-03
6.8642e-03
8.4950e-03
9.4490e-03
9.2176e-03
7.7591e-03
5.6420e-03
3.1122e-03
-1.5665e-04
-4.3000e-03
-8.7107e-03
-1.2432e-02
-1.4887e-02
-1.6066e-02
-1.6205e-02
-1.5389e-02
-1.3657e-02
-1.1131e-02
-7.9337e-03
-4.2888e-03
-8.1914e-04
1.7214e-03
3.0808e-03
3.6964e-03
4.1269e-03
4.5186e-03
4.6963e-03
4.7178e-03
5.0098e-03
5.9104e-03
7.5409e-03
9.8157e-03
1.2133e-02
1.3197e-02
1.1960e-02
8.5114e-03
4.0241e-03
-1.6070e-05
-2.6915e-03
-4.1755e-03
-5.3436e-03
-6.8482e-03
-8.4227e-03
-9.2911e-03
-9.1566e-03
-8.4802e-03
-7.7958e-03
-7.4218e-03
-7.7110e-03
-8.6931e-03
-9.7769e-03
-1.0062e-02
-9.2566e-03
-7.8079e-03
-5.9971e-03
-3.5513e-03
-4.8447e-04
2.5980e-03
5.0006e-03
6.4277e-03
7.2922e-03
8.1328e-03
8.8867e-03
9.1236e-03
8.7730e-03
7.9918e-03
6.5929e-03
4.3794e-03
1.8470e-03
-1.0925e-04
-1.0480e-03
-1.4275e-03
-1.9438e-03
-2.6950e-03
-3.3505e-03
-3.8434e-03
-4.7015e-03
-6.6302e-03
-9.5974e-03
-1.2697e-02
-1.4732e-02
-1.5159e-02
-1.4417e-02
-1.3200e-02
-1.1805e-02
-1.0025e-02
-7.4884e-03
-3.9153e-03
3.7255e-04
4.2952e-03
6.8754e-03
8.2631e-03
9.6516e-03
1.2057e-02
1.5288e-02
1.8297e-02
2.0040e-02
2.0155e-02
1.9068e-02
1.7236e-02
1.4589e-02
1.0894e-02
6.3150e-03
1.3114e-03
-3.8844e-03
-9.1128e-03
-1.3755e-02
-1.7163e-02
-1.9572e-02
-2.1545e-02
-2.2862e-02
-2.2670e-02
-2.0622e-02
-1.7496e-02
-1.4250e-02
-1.0874e-02
-6.7523e-03
-1.7546e-03
3.5911e-03
8.7601e-03
1.3855e-02
1.9409e-02
2.5544e-02
3.1776e-02
3.7134e-02
4.0276e-02
4.0221e-02
3.6841e-02
3.0974e-02
2.3923e-02
1.6738e-02
9.9035e-03
3.2949e-03
-3.5884e-03
-1.1201e-02
-1.9202e-02
-2.6149e-02
-3.0415e-02
-3.1445e-02
-3.0175e-02
-2.8216e-02
-2.6821e-02
-2.6297e-02
-2.5939e-02
-2.4540e-02
-2.1422e-02
-1.7147e-02
-1.2949e-02
-9.1352e-03
-4.8003e-03
7.8824e-04
7.4583e-03
1.4682e-02
2.2027e-02
2.8829e-02
3.4294e-02
3.7822e-02
3.8913e-02
3.6900e-02
3.1384e-02
2.3152e-02
1.4358e-02
7.2385e-03
2.3980e-03
-1.4883e-03
-6.1850e-03
-1.2263e-02
-1.8787e-02
-2.4179e-02
-2.7414e-02
-2.8862e-02
-2.9833e-02
-3.1355e-02
-3.3534e-02
-3.5879e-02
-3.7396e-02
-3.6764e-02
-3.2948e-02
-2.5845e-02
-1.6397e-02
-5.9481e-03
4.6005e-03
1.4812e-02
2.4182e-02
3.1932e-02
3.7458e-02
4.0866e-02
4.2644e-02
4.2727e-02
4.0508e-02
3.5896e-02
3.0046e-02
2.4446e-02
1.9407e-02
1.4055e-02
7.6953e-03
4.7594e-04
-6.9501e-03
-1.3878e-02
-1.9701e-02
-2.4132e-02
-2.7779e-02
-3.1967e-02
-3.7529e-02
-4.3845e-02
-4.9080e-02
-5.1026e-02
-4.8065e-02
-4.0164e-02
-2.9283e-02
-1.8352e-02
-9.4071e-03
-2.5047e-03
3.6475e-03
1.0276e-02
1.7470e-02
2.4268e-02
2.9371e-02
3.1758e-02
3.1296e-02
2.8809e-02
2.5417e-02
2.2097e-02
1.9381e-02
1.7062e-02
1.4182e-02
9.5358e-03
2.6545e-03
-5.6949e-03
-1.4092e-02
-2.1550e-02
-2.7788e-02
-3.2595e-02
-3.5412e-02
-3.5765e-02
-3.3920e-02
-3.0593e-02
-2.6413e-02
-2.1878e-02
-1.7125e-02
-1.1498e-02
-3.9959e-03
5.3537e-03
1.5031e-02
2.3207e-02
2.9217e-02
3.3529e-02
3.6580e-02
3.8460e-02
3.9430e-02
3.9961e-02
3.9957e-02
3.8632e-02
3.5137e-02
2.9400e-02
2.2124e-02
1.4199e-02
6.4389e-03
-4.8788e-04
-6.4907e-03
-1.2068e-02
-1.7563e-02
-2.2698e-02
-2.6936e-02
-2.9902e-02
-3.1371e-02
-3.1267e-02
-3.0072e-02
-2.8699e-02
-2.7492e-02
-2.5710e-02
-2.2272e-02
-1.6832e-02
-9.9277e-03
-2.5018e-03
4.3489e-03
9.7462e-03
1.3790e-02
1.7365e-02
2.0927e-02
2.3992e-02
2.5796e-02
2.6241e-02
2.5730e-02
2.4327e-02
2.2015e-02
1.9502e-02
1.7769e-02
1.6895e-02
1.5753e-02
1.2967e-02
8.5486e-03
3.9708e-03
4.4383e-04
-2.1686e-03
-4.7863e-03
-8.0528e-03
-1.1952e-02
-1.6152e-02
-1.9857e-02
-2.1888e-02
-2.1677e-02
-1.9932e-02
-1.7774e-02
-1.5442e-02
-1.2646e-02
-9.4652e-03
-6.0399e-03
-2.2917e-03
1.4632e-03
4.1586e-03
5.2176e-03
5.9524e-03
8.4080e-03
1.2946e-02
1.7655e-02
2.0435e-02
2.1105e-02
2.0880e-02
2.0437e-02
1.9175e-02
1.6215e-02
1.1584e-02
6.1721e-03
7.6971e-04
-4.5656e-03
-1.0192e-02
-1.6132e-02
-2.1899e-02
-2.6501e-02
-2.8523e-02
-2.6970e-02
-2.2301e-02
-1.6520e-02
-1.1782e-02
-8.5329e-03
-5.4614e-03
-1.4453e-03
3.1196e-03
6.9204e-03
9.2873e-03
1.0390e-02
1.0605e-02
1.0233e-02
9.4731e-03
8.1659e-03
6.0110e-03
3.6395e-03
2.6985e-03
3.9263e-03
5.6558e-03
5.3361e-03
2.2993e-03
-2.0612e-03
-6.2782e-03
-9.3856e-03
-1.0025e-02
-7.3378e-03
-2.8879e-03
3.2389e-04
1.2320e-03
1.7602e-03
3.9974e-03
7.5003e-03
1.0046e-02
1.0213e-02
8.3882e-03
5.8817e-03
3.4972e-03
1.2638e-03
-7.3505e-04
-1.9947e-03
-2.3498e-03
-2.6824e-03
-4.0918e-03
-6.3883e-03
-8.0840e-03
-8.1259e-03
-6.8556e-03
-4.9000e-03
-2.4760e-03
7.5242e-05
2.3151e-03
4.7186e-03
8.4542e-03
1.3911e-02
2.0255e-02
2.6215e-02
3.0471e-02
3.1616e-02
2.8869e-02
2.3176e-02
1.6803e-02
1.1558e-02
7.7024e-03
4.2539e-03
-2.6693e-04
-6.5853e-03
-1.3636e-02
-1.9328e-02
-2.2492e-02
-2.3565e-02
-2.3601e-02
-2.3317e-02
-2.2560e-02
-2.0530e-02
-1.6607e-02
-1.1050e-02
-4.7852e-03
1.5490e-03
7.8545e-03
1.3879e-02
1.8631e-02
2.0904e-02
2.0798e-02
2.0127e-02
2.0470e-02
2.1334e-02
2.0707e-02
1.7310e-02
1.1731e-02
5.2172e-03
-1.5361e-03
-8.2071e-03
-1.4197e-02
-1.9006e-02
-2.2785e-02
-2.5503e-02
-2.5703e-02
-2.1693e-02
-1.4106e-02
-6.1651e-03
-7.8791e-04
1.8256e-03
3.4717e-03
5.6322e-03
8.1264e-03
9.9567e-03
1.0784e-02
1.1313e-02
1.2534e-02
1.4905e-02
1.8408e-02
2.2996e-02
2.8362e-02
3.3119e-02
3.5561e-02
3.5016e-02
3.1933e-02
2.6986e-02
2.0759e-02
1.4095e-02
8.0084e-03
2.9294e-03
-1.2088e-03
-4.4367e-03
-6.8988e-03
-8.8588e-03
-1.0292e-02
-1.1104e-02
-1.1571e-02
-1.2193e-02
-1.3081e-02
-1.4123e-02
-1.5699e-02
-1.7862e-02
-1.9573e-02
-1.9665e-02
-1.8071e-02
-1.5497e-02
-1.2467e-02
-9.0587e-03
-5.3016e-03
-1.2456e-03
3.3382e-03
8.6465e-03
1.4126e-02
1.8375e-02
2.0276e-02
2.0203e-02
1.9597e-02
1.9257e-02
1.8400e-02
1.5961e-02
1.2325e-02
9.0740e-03
6.9464e-03
4.8516e-03
1.7096e-03
-1.3939e-03
-2.2083e-03
-5.1761e-04
1.1668e-03
4.7084e-04
-2.4496e-03
-5.8911e-03
-8.8557e-03
-1.1224e-02
-1.2740e-02
-1.2900e-02
-1.1572e-02
-9.1300e-03
-5.6938e-03
-1.0156e-03
4.4004e-03
9.0134e-03
1.1649e-02
1.2623e-02
1.3065e-02
1.3559e-02
1.3720e-02
1.3091e-02
1.1913e-02
1.1029e-02
1.1060e-02
1.1243e-02
1.0069e-02
7.3775e-03
5.2812e-03
6.3421e-03
1.0215e-02
1.3076e-02
1.1698e-02
7.1709e-03
3.2672e-03
1.4134e-03
-5.2324e-04
-4.3475e-03
-8.6128e-03
-1.0987e-02
-1.1894e-02
-1.3651e-02
-1.6717e-02
-1.8835e-02
-1.8072e-02
-1.4841e-02
-1.0584e-02
-6.2398e-03
-2.6671e-03
-5.7227e-04
5.1152e-04
2.0218e-03
4.6429e-03
7.1955e-03
7.9182e-03
6.7533e-03
5.6788e-03
6.8779e-03
1.0956e-02
1.6437e-02
2.0611e-02
2.1762e-02
2.1236e-02
2.2384e-02
2.6811e-02
3.1830e-02
3.3040e-02
2.9384e-02
2.3907e-02
1.9501e-02
1.6177e-02
1.2825e-02
9.2016e-03
5.5083e-03
1.5912e-03
-2.4202e-03
-5.4334e-03
-6.3425e-03
-5.5475e-03
-4.7058e-03
-5.0092e-03
-5.9154e-03
-5.9595e-03
-4.6503e-03
-3.0278e-03
-1.8708e-03
-1.5371e-04
3.7445e-03
9.5743e-03
1.5403e-02
1.9847e-02
2.2824e-02
2.4571e-02
2.5006e-02
2.4118e-02
2.2265e-02
1.9753e-02
1.6340e-02
1.1489e-02
5.3575e-03
-5.3953e-04
-4.4130e-03
-5.6114e-03
-4.7483e-03
-2.8503e-03
-8.9580e-04
3.2767e-04
2.0237e-04
-1.4934e-03
-4.0198e-03
-5.8245e-03
-5.5792e-03
-3.3994e-03
-6.8863e-04
2.0811e-03
6.7243e-03
1.4976e-02
2.5217e-02
3.3103e-02
3.5751e-02
3.4145e-02
3.0867e-02
2.6828e-02
2.1203e-02
1.3755e-02
5.7671e-03
-8.6711e-04
-4.2772e-03
-3.1044e-03
1.8309e-03
6.9773e-03
8.6718e-03
6.7014e-03
4.2346e-03
3.9715e-03
5.7511e-03
8.0097e-03
9.9537e-03
1.1526e-02
1.2079e-02
1.0543e-02
7.2606e-03
4.2574e-03
3.3195e-03
4.7767e-03
8.2815e-03
1.3251e-02
1.7815e-02
1.8991e-02
1.5670e-02
1.0649e-02
7.9440e-03
8.3231e-03
8.9480e-03
7.7338e-03
6.1194e-03
6.4680e-03
8.2048e-03
8.4686e-03
6.5143e-03
5.3278e-03
7.6102e-03
1.1547e-02
1.2471e-02
8.4117e-03
1.9189e-03
-3.5792e-03
-7.4101e-03
-1.1353e-02
-1.7096e-02
-2.4787e-02
-3.2830e-02
-3.7902e-02
-3.6148e-02
-2.6234e-02
-1.1646e-02
1.4897e-03
9.4167e-03
1.2760e-02
1.3471e-02
1.1411e-02
5.6231e-03
-2.0692e-03
-7.2471e-03
-7.0739e-03
-2.9293e-03
1.4832e-03
3.7780e-03
4.4273e-03
5.3843e-03
7.6979e-03
1.0702e-02
1.3161e-02
1.4151e-02
1.2976e-02
9.5557e-03
5.6303e-03
3.5857e-03
3.2540e-03
2.3252e-03
9.8655e-04
3.2904e-03
1.1404e-02
2.0963e-02
2.5384e-02
2.3889e-02
2.1772e-02
2.3216e-02
2.7364e-02
3.1333e-02
3.3946e-02
3.5436e-02
3.5868e-02
3.5319e-02
3.4610e-02
3.4774e-02
3.6043e-02
3.7846e-02
3.9386e-02
3.9867e-02
3.8737e-02
3.6135e-02
3.2806e-02
2.9045e-02
2.4425e-02
1.8753e-02
1.2002e-02
3.2935e-03
-8.6413e-03
-2.2541e-02
-3.4008e-02
-3.9799e-02
-4.1689e-02
-4.4579e-02
-5.0439e-02
-5.5578e-02
-5.4855e-02
-4.7652e-02
-3.7816e-02
-2.8274e-02
-1.8823e-02
-9.2948e-03
-1.6219e-03
2.8243e-03
6.0053e-03
1.1607e-02
2.1337e-02
3.3538e-02
4.5061e-02
5.3675e-02
5.8586e-02
5.9512e-02
5.6645e-02
5.1533e-02
4.6169e-02
4.1153e-02
3.5807e-02
2.9655e-02
2.3004e-02
1.6062e-02
9.0302e-03
3.2249e-03
5.5193e-04
1.3556e-03
3.3567e-03
3.6170e-03
1.2792e-03
-1.8926e-03
-3.4585e-03
-2.1286e-03
1.9343e-03
7.3742e-03
1.2273e-02
1.5056e-02
1.5631e-02
1.6004e-02
1.8720e-02
2.3955e-02
2.8939e-02
3.1197e-02
3.1520e-02
3.2206e-02
3.3670e-02
3.4249e-02
3.2670e-02
2.9442e-02
2.5716e-02
2.2091e-02
1.8772e-02
1.6037e-02
1.3535e-02
1.0279e-02
6.3894e-03
4.0151e-03
4.6946e-03
6.6000e-03
6.1213e-03
2.0478e-03
-3.4234e-03
-7.7584e-03
-1.0539e-02
-1.2507e-02
-1.3485e-02
-1.2703e-02
-1.0428e-02
-7.9963e-03
-6.3298e-03
-5.6592e-03
-6.3883e-03
-9.1966e-03
-1.4215e-02
-2.0386e-02
-2.5900e-02
-2.9349e-02
-2.9708e-02
-2.6314e-02
-1.9460e-02
-1.0538e-02
-1.2951e-03
7.2222e-03
1.5035e-02
2.2129e-02
2.7277e-02
2.9249e-02
2.9376e-02
3.1314e-02
3.6639e-02
4.2368e-02
4.4461e-02
4.1834e-02
3.5475e-02
2.6025e-02
1.4806e-02
4.9025e-03
-1.4367e-03
-5.5279e-03
-1.0631e-02
-1.8137e-02
-2.6699e-02
-3.4601e-02
-4.1182e-02
-4.5544e-02
-4.5577e-02
-3.9705e-02
-2.9893e-02
-2.1966e-02
-2.1284e-02
-2.7179e-02
-3.2736e-02
-3.1955e-02
-2.5703e-02
-1.9047e-02
-1.5278e-02
-1.4465e-02
-1.5521e-02
-1.7449e-02
-1.9629e-02
-2.2161e-02
-2.5163e-02
-2.7615e-02
-2.8161e-02
-2.6778e-02
-2.4399e-02
-2.1041e-02
-1.5775e-02
-8.6732e-03
-1.5402e-03
3.9297e-03
7.7499e-03
1.1044e-02
1.5263e-02
2.1664e-02
2.9692e-02
3.6180e-02
3.7957e-02
3.5408e-02
3.1917e-02
2.9955e-02
2.9727e-02
3.0786e-02
3.2803e-02
3.4788e-02
3.5063e-02
3.2759e-02
2.8132e-02
2.1261e-02
1.1831e-02
6.4480e-04
-9.7895e-03
-1.7336e-02
-2.2546e-02
-2.7887e-02
-3.4872e-02
-4.2559e-02
-4.8518e-02
-5.0400e-02
-4.6918e-02
-3.8874e-02
-2.9858e-02
-2.4129e-02
-2.2536e-02
-2.1727e-02
-1.8375e-02
-1.2865e-02
-7.4011e-03
-2.2477e-03
3.8407e-03
1.0925e-02
1.7550e-02
2.2123e-02
2.3156e-02
1.9763e-02
1.3578e-02
8.6762e-03
7.8811e-03
9.9687e-03
1.1277e-02
9.8503e-03
7.3270e-03
6.5556e-03
7.8670e-03
8.6694e-03
7.0871e-03
4.1247e-03
1.7596e-03
5.4109e-04
-7.3418e-05
2.8497e-04
3.0067e-03
8.3776e-03
1.4544e-02
1.9386e-02
2.2382e-02
2.3938e-02
2.3974e-02
2.2015e-02
1.8494e-02
1.4663e-02
1.0926e-02
6.3399e-03
-1.6264e-04
-8.0997e-03
-1.5059e-02
-1.8308e-02
-1.7391e-02
-1.5025e-02
-1.4242e-02
-1.4899e-02
-1.4237e-02
-1.0511e-02
-4.6450e-03
1.3697e-03
6.2606e-03
9.3402e-03
9.7987e-03
6.8865e-03
1.1163e-03
-5.0440e-03
-8.3056e-03
-7.0242e-03
-2.7033e-03
1.2647e-03
2.2592e-03
-1.5577e-04
-4.5981e-03
-8.8257e-03
-1.0994e-02
-1.1087e-02
-1.1379e-02
-1.4187e-02
-1.9273e-02
-2.4189e-02
-2.6744e-02
-2.6370e-02
-2.3740e-02
-1.9842e-02
-1.5233e-02
-1.0380e-02
-6.3307e-03
-4.2144e-03
-4.4406e-03
-6.5521e-03
-9.1689e-03
-1.0315e-02
-8.8037e-03
-5.7529e-03
-3.6986e-03
-3.4457e-03
-2.8144e-03
3.4087e-04
5.3791e-03
1.0205e-02
1.3529e-02
1.4631e-02
1.2437e-02
6.7733e-03
-1.0513e-04
-5.0118e-03
-7.1366e-03
-8.6751e-03
-1.1843e-02
-1.6189e-02
-1.9261e-02
-1.9426e-02
-1.7344e-02
-1.5095e-02
-1.4633e-02
-1.6424e-02
-1.8828e-02
-1.9104e-02
-1.5767e-02
-9.8444e-03
-3.9004e-03
5.9403e-05
2.2860e-03
4.6196e-03
8.1949e-03
1.2470e-02
1.6485e-02
1.9909e-02
2.2564e-02
2.3918e-02
2.3160e-02
1.9666e-02
1.3890e-02
7.3935e-03
1.5618e-03
-3.4543e-03
-8.3704e-03
-1.3740e-02
-1.9734e-02
-2.6163e-02
-3.2065e-02
-3.5895e-02
-3.6942e-02
-3.5683e-02
-3.2311e-02
-2.6190e-02
-1.7957e-02
-1.0587e-02
-6.3913e-03
-4.4464e-03
-2.0985e-03
2.5614e-03
9.9174e-03
1.9046e-02
2.7914e-02
3.4316e-02
3.7029e-02
3.6055e-02
3.2482e-02
2.8260e-02
2.5247e-02
2.3488e-02
2.1128e-02
1.6376e-02
9.4975e-03
2.7971e-03
-1.5013e-03
-2.9980e-03
-2.6917e-03
-1.4837e-03
-9.0134e-05
3.0973e-04
-1.1342e-03
-4.0124e-03
-7.1202e-03
-9.5624e-03
-1.0767e-02
-1.0118e-02
-7.5121e-03
-3.8402e-03
-6.3201e-04
1.2155e-03
2.3515e-03
4.1412e-03
7.0096e-03
9.7480e-03
1.0450e-02
8.2434e-03
4.0317e-03
-3.2230e-04
-3.2451e-03
-3.8383e-03
-1.4317e-03
4.1847e-03
1.1279e-02
1.6266e-02
1.6702e-02
1.3915e-02
1.1471e-02
1.0781e-02
9.9637e-03
7.3759e-03
4.3102e-03
3.4496e-03
5.3119e-03
7.2822e-03
6.6055e-03
3.5616e-03
1.0540e-03
1.3242e-03
3.8525e-03
6.4193e-03
6.9450e-03
4.4612e-03
-5.4878e-04
-6.3223e-03
-1.0522e-02
-1.1516e-02
-9.5380e-03
-6.3632e-03
-3.3867e-03
-4.0550e-04
3.1417e-03
6.5701e-03
8.5888e-03
8.6583e-03
7.1853e-03
5.1614e-03
3.9983e-03
4.5414e-03
5.5105e-03
4.3105e-03
9.9669e-05
-5.2548e-03
-9.9460e-03
-1.4215e-02
-1.8580e-02
-2.1854e-02
-2.2350e-02
-2.0483e-02
-1.8375e-02
-1.7069e-02
-1.5442e-02
-1.2256e-02
-8.1462e-03
-5.0026e-03
-3.9456e-03
-4.3044e-03
-4.6320e-03
-4.0629e-03
-2.5547e-03
-2.1302e-04
2.8722e-03
6.2062e-03
9.2854e-03
1.2213e-02
1.5070e-02
1.7013e-02
1.7719e-02
1.8949e-02
2.2395e-02
2.6458e-02
2.7328e-02
2.3455e-02
1.7405e-02
1.3013e-02
1.2252e-02
1.5179e-02
2.0522e-02
2.5478e-02
2.6673e-02
2.3115e-02
1.7362e-02
1.3015e-02
1.1800e-02
1.3421e-02
1.6816e-02
2.0065e-02
2.0474e-02
1.6426e-02
9.0073e-03
1.3139e-03
-3.5447e-03
-4.1611e-03
-1.6981e-03
9.8837e-04
1.9798e-03
1.6011e-03
1.4010e-03
2.4322e-03
4.7558e-03
8.1091e-03
1.2060e-02
1.5572e-02
1.7224e-02
1.6478e-02
1.4201e-02
1.1777e-02
1.0373e-02
1.0938e-02
1.3857e-02
1.8170e-02
2.1807e-02
2.3061e-02
2.1743e-02
1.9129e-02
1.6816e-02
1.5452e-02
1.4418e-02
1.2579e-02
9.5181e-03
6.1246e-03
3.6290e-03
2.1124e-03
5.7826e-04
-1.5656e-03
-3.7958e-03
-5.4862e-03
-7.0113e-03
-8.9652e-03
-1.1077e-02
-1.2768e-02
-1.4052e-02
-1.4914e-02
-1.4430e-02
-1.1322e-02
-5.2507e-03
2.6910e-03
1.0456e-02
1.6322e-02
2.0268e-02
2.3785e-02
2.7720e-02
3.0934e-02
3.1491e-02
2.9120e-02
2.5612e-02
2.2786e-02
2.1047e-02
1.9636e-02
1.7652e-02
1.4748e-02
1.0737e-02
5.3710e-03
-1.1118e-03
-7.8423e-03
-1.3968e-02
-1.9038e-02
-2.3208e-02
-2.7256e-02
-3.1727e-02
-3.5819e-02
-3.7522e-02
-3.5354e-02
-2.9926e-02
-2.3922e-02
-2.0059e-02
-1.8639e-02
-1.7976e-02
-1.6890e-02
-1.5584e-02
-1.4238e-02
-1.2305e-02
-9.4684e-03
-6.5028e-03
-4.5772e-03
-3.9578e-03
-3.6609e-03
-2.8567e-03
-2.0518e-03
-2.2798e-03
-3.9812e-03
-7.1698e-03
-1.2086e-02
-1.8932e-02
-2.6987e-02
-3.4700e-02
-4.0927e-02
-4.5885e-02
-5.0258e-02
-5.3434e-02
-5.3730e-02
-5.0564e-02
-4.5459e-02
-4.0399e-02
-3.5924e-02
-3.1173e-02
-2.5159e-02
-1.7689e-02
-9.5592e-03
-2.2649e-03
2.9541e-03
6.1447e-03
8.6742e-03
1.2277e-02
1.7375e-02
2.2141e-02
2.3762e-02
2.1403e-02
1.7211e-02
1.3558e-02
1.0555e-02
7.2173e-03
3.7657e-03
1.3902e-03
2.0831e-04
-1.3521e-03
-4.9585e-03
-1.0671e-02
-1.6748e-02
-2.1145e-02
-2.3276e-02
-2.4146e-02
-2.5316e-02
-2.7613e-02
-3.0205e-02
-3.0974e-02
-2.8482e-02
-2.3413e-02
-1.7494e-02
-1.1235e-02
-3.7763e-03
4.6202e-03
1.1227e-02
1.3432e-02
1.2143e-02
1.1324e-02
1.4198e-02
2.0579e-02
2.7617e-02
3.2228e-02
3.3096e-02
3.0910e-02
2.7349e-02
2.3968e-02
2.1212e-02
1.7863e-02
1.1954e-02
3.1823e-03
-6.0265e-03
-1.2527e-02
-1.5700e-02
-1.7698e-02
-1.9907e-02
-2.0748e-02
-1.8430e-02
-1.4632e-02
-1.3074e-02
-1.4788e-02
-1.7085e-02
-1.7199e-02
-1.5121e-02
-1.2325e-02
-9.5249e-03
-7.0245e-03
-5.5849e-03
-5.2796e-03
-4.3802e-03
-1.1923e-03
3.4565e-03
6.9017e-03
7.4981e-03
5.9225e-03
3.6896e-03
1.5593e-03
-3.1717e-04
-1.5860e-03
-1.6167e-03
-2.7364e-04
1.4651e-03
1.8442e-03
3.1842e-04
-1.3253e-03
-1.1681e-03
2.9472e-05
1.0056e-04
-1.0064e-03
-1.3450e-03
-5.0343e-04
1.3080e-05
-1.6640e-04
5.2854e-04
2.7095e-03
4.4928e-03
4.3761e-03
3.7798e-03
4.9072e-03
7.5537e-03
9.8145e-03
1.0902e-02
1.1548e-02
1.2137e-02
1.2086e-02
1.0810e-02
8.6589e-03
7.0854e-03
8.0837e-03
1.2146e-02
1.6629e-02
1.8119e-02
1.6301e-02
1.3591e-02
1.1589e-02
1.0262e-02
9.9317e-03
1.1560e-02
1.4146e-02
1.4115e-02
9.3876e-03
2.3802e-03
-3.1200e-03
-6.8444e-03
-1.1683e-02
-1.9060e-02
-2.6836e-02
-3.2493e-02
-3.6130e-02
-3.9268e-02
-4.1694e-02
-4.1178e-02
-3.6743e-02
-3.0735e-02
-2.6133e-02
-2.3110e-02
-1.9808e-02
-1.5250e-02
-1.0246e-02
-6.3452e-03
-4.7223e-03
-5.2296e-03
-6.4051e-03
-6.6627e-03
-5.2392e-03
-2.0640e-03
2.1090e-03
5.5032e-03
6.8465e-03
6.7048e-03
5.7257e-03
2.1181e-03
-6.9795e-03
-2.1472e-02
-3.6968e-02
-4.8535e-02
-5.5282e-02
-6.0109e-02
-6.5427e-02
-7.1058e-02
-7.6000e-02
-8.0196e-02
-8.4219e-02
-8.8335e-02
-9.2416e-02
-9.5928e-02
-9.7471e-02
-9.5173e-02
-8.8516e-02
-7.9341e-02
-6.9277e-02
-5.6152e-02
-3.6080e-02
-9.8821e-03
1.6439e-02
3.7747e-02
5.3308e-02
6.4957e-02
7.4326e-02
8.1996e-02
8.8026e-02
9.2442e-02
9.5316e-02
9.6421e-02
9.4109e-02
8.5723e-02
7.0551e-02
5.1459e-02
3.2834e-02
1.7606e-02
6.6905e-03
-3.9484e-04
-5.0100e-03
-8.4613e-03
-1.1866e-02
-1.6478e-02
-2.2379e-02
-2.6986e-02
-2.6747e-02
-2.0759e-02
-1.2061e-02
-4.5836e-03
2.8455e-04
2.8337e-03
3.0861e-03
1.9026e-03
1.7638e-03
4.2458e-03
7.9456e-03
9.3483e-03
5.1761e-03
-5.1809e-03
-1.8911e-02
-3.1805e-02
-4.1126e-02
-4.6676e-02
-4.9169e-02
-4.7920e-02
-4.1393e-02
-2.9818e-02
-1.5709e-02
-1.5135e-03
1.2105e-02
2.4863e-02
3.4719e-02
3.9536e-02
4.0530e-02
4.0887e-02
4.0162e-02
3.4390e-02
2.3309e-02
1.3592e-02
1.1739e-02
1.6076e-02
1.9188e-02
1.5953e-02
6.6279e-03
-5.8361e-03
-1.8088e-02
-2.6485e-02
-2.8339e-02
-2.4084e-02
-1.7262e-02
-1.1501e-02
-8.1444e-03
-6.5014e-03
-5.2273e-03
-3.1316e-03
3.9335e-04
4.6366e-03
7.9653e-03
9.2689e-03
8.4879e-03
5.8782e-03
2.1159e-03
-1.2833e-03
-2.7932e-03
-2.4792e-03
-1.9933e-03
-2.5003e-03
-3.8033e-03
-5.5597e-03
-8.0828e-03
-1.1674e-02
-1.6160e-02
-2.1439e-02
-2.7620e-02
-3.4260e-02
-4.0236e-02
-4.4829e-02
-4.8708e-02
-5.3299e-02
-5.9440e-02
-6.7233e-02
-7.6135e-02
-8.4660e-02
-9.0962e-02
-9.4239e-02
-9.5128e-02
-9.4404e-02
-9.1923e-02
-8.7480e-02
-8.1773e-02
-7.6095e-02
-7.0724e-02
-6.4018e-02
-5.3859e-02
-4.0246e-02
-2.5628e-02
-1.2519e-02
-1.7800e-03
6.8772e-03
1.4080e-02
2.0517e-02
2.6463e-02
3.1273e-02
3.3429e-02
3.1472e-02
2.4948e-02
1.4591e-02
1.8461e-03
-1.1503e-02
-2.3964e-02
-3.5652e-02
-4.8150e-02
-6.2326e-02
-7.7523e-02
-9.3013e-02
-1.0825e-01
-1.2203e-01
-1.3296e-01
-1.4064e-01
-1.4553e-01
-1.4756e-01
-1.4570e-01
-1.3914e-01
-1.2851e-01
-1.1590e-01
-1.0392e-01
-9.4225e-02
-8.6458e-02
-7.8662e-02
-6.8789e-02
-5.6011e-02
-4.1784e-02
-2.9398e-02
-2.1072e-02
-1.5840e-02
-1.0602e-02
-2.9669e-03
6.8465e-03
1.6315e-02
2.2742e-02
2.5473e-02
2.6076e-02
2.6291e-02
2.6270e-02
2.5317e-02
2.3303e-02
2.1002e-02
1.9762e-02
2.0766e-02
2.3837e-02
2.7082e-02
2.7956e-02
2.5324e-02
2.0831e-02
1.7188e-02
1.4711e-02
1.1253e-02
6.2590e-03
2.6113e-03
2.6011e-03
3.5894e-03
4.6459e-05
-1.0078e-02
-2.2474e-02
-3.0618e-02
-3.1711e-02
-2.7919e-02
-2.2895e-02
-1.7895e-02
-1.0959e-02
2.4480e-04
1.5283e-02
3.1210e-02
4.5235e-02
5.6735e-02
6.7278e-02
7.9639e-02
9.5784e-02
1.1438e-01
1.3082e-01
1.4072e-01
1.4282e-01
1.3815e-01
1.2761e-01
1.1120e-01
8.9617e-02
6.5802e-02
4.3846e-02
2.5399e-02
8.1967e-03
-1.1038e-02
-3.2627e-02
-5.3660e-02
-7.1906e-02
-8.9148e-02
-1.0960e-01
-1.3468e-01
-1.6008e-01
-1.7834e-01
-1.8388e-01
-1.7573e-01
-1.5650e-01
-1.2983e-01
-9.8790e-02
-6.5271e-02
-3.0055e-02
5.8706e-03
4.0397e-02
7.0555e-02
9.2728e-02
1.0388e-01
1.0467e-01
1.0058e-01
9.7486e-02
9.6248e-02
9.3367e-02
8.6359e-02
7.5714e-02
6.2839e-02
4.8824e-02
3.4397e-02
1.9353e-02
2.5783e-03
-1.6168e-02
-3.5035e-02
-5.0703e-02
-6.0601e-02
-6.5070e-02
-6.6398e-02
-6.5216e-02
-5.9383e-02
-4.7383e-02
-3.1375e-02
-1.5684e-02
-3.4087e-03
5.4332e-03
1.3565e-02
2.3621e-02
3.4553e-02
4.1120e-02
3.8622e-02
2.8470e-02
1.7792e-02
1.3104e-02
1.5098e-02
1.9733e-02
2.2251e-02
1.9309e-02
1.0227e-02
-1.7579e-03
-1.1571e-02
-1.6622e-02
-1.7903e-02
-1.7300e-02
-1.5327e-02
-1.1133e-02
-4.2021e-03
3.5878e-03
8.5231e-03
9.1297e-03
8.2042e-03
9.4953e-03
1.4393e-02
2.1684e-02
2.7897e-02
2.8490e-02
2.1094e-02
7.8996e-03
-6.5659e-03
-1.9302e-02
-2.9983e-02
-3.9801e-02
-4.9652e-02
-5.9035e-02
-6.6286e-02
-7.0043e-02
-7.0372e-02
-6.8429e-02
-6.4705e-02
-5.8084e-02
-4.7868e-02
-3.5374e-02
-2.1755e-02
-6.4054e-03
1.0447e-02
2.6534e-02
4.1214e-02
5.7211e-02
7.5847e-02
9.2655e-02
1.0080e-01
9.8646e-02
9.1014e-02
8.2947e-02
7.4855e-02
6.3938e-02
4.7733e-02
2.6201e-02
2.6005e-03
-1.7032e-02
-2.7929e-02
-3.1603e-02
-3.5164e-02
-4.3829e-02
-5.4921e-02
-6.0599e-02
-5.6316e-02
-4.5144e-02
-3.3923e-02
-2.6837e-02
-2.2917e-02
-1.8154e-02
-9.3699e-03
3.2878e-03
1.6837e-02
2.7741e-02
3.3762e-02
3.4703e-02
3.2263e-02
2.8461e-02
2.3517e-02
1.5951e-02
5.4541e-03
-5.2823e-03
-1.2920e-02
-1.7504e-02
-2.2302e-02
-2.8955e-02
-3.4812e-02
-3.6759e-02
-3.5395e-02
-3.3146e-02
-3.0749e-02
-2.8189e-02
-2.6574e-02
-2.6628e-02
-2.6515e-02
-2.3835e-02
-1.9109e-02
-1.5429e-02
-1.5008e-02
-1.6487e-02
-1.6037e-02
-1.1743e-02
-6.1802e-03
-3.5101e-03
-5.0689e-03
-8.7515e-03
-1.1548e-02
-1.1629e-02
-9.0639e-03
-5.7523e-03
-4.1658e-03
-5.6046e-03
-9.0888e-03
-1.2073e-02
-1.2375e-02
-1.0185e-02
-7.9031e-03
-6.8690e-03
-5.3889e-03
-1.0362e-03
6.0923e-03
1.3897e-02
2.1371e-02
2.9673e-02
3.9906e-02
5.1117e-02
6.1204e-02
6.8785e-02
7.2957e-02
7.2697e-02
6.8636e-02
6.4505e-02
6.4045e-02
6.6008e-02
6.4359e-02
5.4738e-02
3.9366e-02
2.5036e-02
1.7411e-02
1.6842e-02
1.7474e-02
1.1250e-02
-4.5493e-03
-2.4044e-02
-3.8805e-02
-4.5900e-02
-4.8048e-02
-4.7777e-02
-4.4767e-02
-3.9061e-02
-3.3002e-02
-2.8147e-02
-2.3154e-02
-1.5562e-02
-3.9861e-03
1.1182e-02
2.6668e-02
3.6859e-02
3.8056e-02
3.1645e-02
2.2964e-02
1.8374e-02
2.2112e-02
3.3184e-02
4.4749e-02
4.8193e-02
3.9800e-02
2.3919e-02
9.1430e-03
1.5486e-03
1.6327e-03
5.8543e-03
9.4955e-03
9.4580e-03
5.8529e-03
1.2690e-03
-1.6593e-03
-1.9705e-03
-2.1286e-04
2.6478e-03
5.6222e-03
7.5082e-03
7.9752e-03
8.7680e-03
1.2836e-02
2.1630e-02
3.2786e-02
4.1072e-02
4.2637e-02
3.8248e-02
3.1389e-02
2.4314e-02
1.8147e-02
1.5254e-02
1.7616e-02
2.2677e-02
2.4286e-02
1.9049e-02
9.7051e-03
9.5190e-04
-6.2564e-03
-1.4330e-02
-2.4134e-02
-3.2869e-02
-3.6970e-02
-3.5721e-02
-3.1580e-02
-2.7432e-02
-2.3606e-02
-1.8293e-02
-1.0757e-02
-2.1432e-03
6.8140e-03
1.6327e-02
2.5597e-02
3.3325e-02
4.0797e-02
5.2015e-02
6.9734e-02
9.2753e-02
1.1672e-01
1.3617e-01
1.4689e-01
1.4850e-01
1.4536e-01
1.4273e-01
1.4109e-01
1.3524e-01
1.1996e-01
9.6232e-02
7.1034e-02
5.1154e-02
3.7910e-02
2.7598e-02
1.5284e-02
-2.5217e-03
-2.6428e-02
-5.2834e-02
-7.5387e-02
-8.9748e-02
-9.5885e-02
-9.6379e-02
-9.5287e-02
-9.6608e-02
-1.0043e-01
-1.0187e-01
-9.6036e-02
-8.2997e-02
-6.6519e-02
-4.9988e-02
-3.5299e-02
-2.3134e-02
-1.1708e-02
2.8877e-03
2.2658e-02
4.4545e-02
6.2984e-02
7.5339e-02
8.3498e-02
9.0505e-02
9.6924e-02
1.0107e-01
1.0126e-01
9.6993e-02
8.9439e-02
8.0923e-02
7.2690e-02
6.4111e-02
5.5362e-02
4.8830e-02
4.6464e-02
4.6671e-02
4.5651e-02
4.1962e-02
3.8030e-02
3.6306e-02
3.5956e-02
3.4569e-02
3.0988e-02
2.5714e-02
2.0567e-02
1.8284e-02
2.0516e-02
2.5834e-02
3.0741e-02
3.2370e-02
2.9737e-02
2.3911e-02
1.8032e-02
1.5522e-02
1.6830e-02
1.8727e-02
1.8170e-02
1.6151e-02
1.5991e-02
1.8588e-02
2.2098e-02
2.5188e-02
2.7482e-02
2.7865e-02
2.5418e-02
2.1804e-02
2.0213e-02
2.1761e-02
2.4748e-02
2.7268e-02
2.8538e-02
2.8144e-02
2.5771e-02
2.1260e-02
1.3598e-02
9.5898e-04
-1.6711e-02
-3.6204e-02
-5.3036e-02
-6.4408e-02
-7.0582e-02
-7.3653e-02
-7.5289e-02
-7.6038e-02
-7.5521e-02
-7.2620e-02
-6.6471e-02
-5.8185e-02
-5.0390e-02
-4.4085e-02
-3.7553e-02
-2.9437e-02
-2.1234e-02
-1.5790e-02
-1.4516e-02
-1.6695e-02
-1.9660e-02
-1.9144e-02
-1.2039e-02
7.2655e-07
1.0756e-02
1.3745e-02
6.7569e-03
-6.7581e-03
-2.0634e-02
-3.0598e-02
-3.6486e-02
-4.1235e-02
-4.8141e-02
-5.8117e-02
-6.9317e-02
-7.9703e-02
-8.8932e-02
-9.6847e-02
-1.0130e-01
-9.8779e-02
-8.7440e-02
-6.9341e-02
-4.9393e-02
-3.2365e-02
-2.0328e-02
-1.1828e-02
-3.8460e-03
5.2654e-03
1.5568e-02
2.7025e-02
3.8706e-02
4.7312e-02
4.9148e-02
4.4192e-02
3.6514e-02
3.0765e-02
2.8957e-02
2.9851e-02
2.9722e-02
2.4741e-02
1.4774e-02
4.0097e-03
-3.2845e-03
-6.2839e-03
-6.1697e-03
-3.8287e-03
7.7045e-05
5.0031e-03
1.0842e-02
1.6921e-02
2.0961e-02
2.0463e-02
1.5499e-02
8.9024e-03
3.5746e-03
3.5374e-04
-1.1397e-03
-1.2982e-03
-7.5070e-04
-5.5989e-04
-2.2673e-03
-7.8179e-03
-1.8087e-02
-3.1226e-02
-4.3737e-02
-5.2914e-02
-5.8236e-02
-6.1365e-02
-6.4691e-02
-6.8672e-02
-7.0579e-02
-6.7168e-02
-5.8852e-02
-5.0213e-02
-4.5232e-02
-4.3212e-02
-4.0894e-02
-3.7171e-02
-3.3940e-02
-3.3583e-02
-3.6684e-02
-4.1198e-02
-4.3229e-02
-3.9310e-02
-2.8896e-02
-1.5179e-02
-3.4685e-03
2.8782e-03
5.3745e-03
8.0521e-03
1.2388e-02
1.6661e-02
1.9735e-02
2.2755e-02
2.6856e-02
3.1000e-02
3.3698e-02
3.6607e-02
4.3376e-02
5.3533e-02
6.0100e-02
5.5840e-02
4.0736e-02
2.1349e-02
3.9064e-03
-9.7932e-03
-1.9814e-02
-2.5317e-02
-2.6454e-02
-2.5657e-02
-2.5249e-02
-2.5616e-02
-2.6396e-02
-2.7316e-02
-2.7530e-02
-2.5824e-02
-2.1867e-02
-1.5931e-02
-7.1023e-03
6.4930e-03
2.4608e-02
4.3767e-02
6.0522e-02
7.3551e-02
8.2452e-02
8.7724e-02
9.2195e-02
9.9690e-02
1.1136e-01
1.2395e-01
1.3156e-01
1.3006e-01
1.2126e-01
1.1165e-01
1.0529e-01
9.9015e-02
8.5730e-02
6.1941e-02
3.1161e-02
1.1280e-03
-2.1732e-02
-3.6452e-02
-4.6539e-02
-5.4477e-02
-5.9491e-02
-6.0733e-02
-5.9722e-02
-5.8922e-02
-5.9709e-02
-6.1427e-02
-6.0776e-02
-5.3220e-02
-3.7771e-02
-1.9505e-02
-4.0417e-03
1.0286e-02
3.1005e-02
6.1980e-02
9.8843e-02
1.3357e-01
1.6036e-01
1.7702e-01
1.8328e-01
1.8040e-01
1.7203e-01
1.6269e-01
1.5353e-01
1.4128e-01
1.2321e-01
1.0139e-01
7.9328e-02
5.6504e-02
2.9683e-02
-1.7647e-03
-3.5136e-02
-6.8069e-02
-1.0052e-01
-1.3241e-01
-1.6102e-01
-1.8390e-01
-2.0233e-01
-2.1857e-01
-2.3183e-01
-2.3884e-01
-2.3667e-01
-2.2470e-01
-2.0578e-01
-1.8461e-01
-1.6379e-01
-1.4237e-01
-1.1885e-01
-9.3555e-02
-6.7577e-02
-4.1840e-02
-1.8458e-02
9.2777e-05
1.4363e-02
2.7229e-02
3.9412e-02
4.8295e-02
5.1086e-02
4.6929e-02
3.6236e-02
2.1213e-02
6.2203e-03
-5.9470e-03
-1.6715e-02
-2.8850e-02
-4.2892e-02
-5.6940e-02
-6.8225e-02
-7.5375e-02
-7.8831e-02
-7.9209e-02
-7.7278e-02
-7.5463e-02
-7.7220e-02
-8.3300e-02
-8.9414e-02
-8.9510e-02
-8.0630e-02
-6.3608e-02
-4.1387e-02
-1.8295e-02
2.2520e-03
2.0005e-02
3.6478e-02
5.2164e-02
6.5744e-02
7.4759e-02
7.7154e-02
7.3449e-02
6.7292e-02
6.2988e-02
6.1841e-02
6.1454e-02
5.8857e-02
5.3321e-02
4.6210e-02
3.8863e-02
3.0920e-02
2.0556e-02
6.5260e-03
-9.7080e-03
-2.4364e-02
-3.3803e-02
-3.6148e-02
-3.1633e-02
-2.2372e-02
-1.1113e-02
5.0936e-04
1.2554e-02
2.5457e-02
3.8711e-02
5.1318e-02
6.2507e-02
7.1735e-02
7.8797e-02
8.4391e-02
8.9926e-02
9.5359e-02
9.7188e-02
9.0703e-02
7.5633e-02
5.7950e-02
4.4410e-02
3.6706e-02
3.1291e-02
2.3323e-02
1.0888e-02
-3.9172e-03
-1.7745e-02
-2.9238e-02
-3.9576e-02
-5.0374e-02
-6.0892e-02
-6.7774e-02
-6.7355e-02
-5.7780e-02
-4.0102e-02
-1.8707e-02
1.1494e-03
1.7609e-02
3.3020e-02
5.0140e-02
6.8857e-02
8.7119e-02
1.0336e-01
1.1632e-01
1.2369e-01
1.2345e-01
1.1660e-01
1.0679e-01
9.6929e-02
8.7232e-02
7.7124e-02
6.7174e-02
5.8627e-02
5.2586e-02
4.8988e-02
4.5361e-02
3.7886e-02
2.4461e-02
6.8103e-03
-1.0485e-02
-2.2315e-02
-2.5451e-02
-2.0780e-02
-1.2691e-02
-5.2193e-03
5.3798e-04
5.1368e-03
8.3875e-03
9.5811e-03
9.2858e-03
9.6560e-03
1.2237e-02
1.6090e-02
1.9075e-02
2.0453e-02
2.1035e-02
2.1013e-02
1.9004e-02
1.3488e-02
4.6438e-03
-5.8372e-03
-1.6395e-02
-2.6382e-02
-3.5129e-02
-4.0772e-02
-4.0909e-02
-3.4543e-02
-2.2839e-02
-8.6465e-03
4.2822e-03
1.2863e-02
1.6304e-02
1.6300e-02
1.5578e-02
1.5438e-02
1.4258e-02
9.6242e-03
1.7557e-03
-6.0319e-03
-9.8356e-03
-7.9199e-03
-1.8054e-03
4.5234e-03
6.8601e-03
3.1040e-03
-6.0901e-03
-1.8209e-02
-2.9724e-02
-3.7323e-02
-3.9620e-02
-3.7577e-02
-3.3065e-02
-2.7413e-02
-2.1363e-02
-1.5441e-02
-1.0065e-02
-5.9532e-03
-4.1012e-03
-5.0759e-03
-8.1057e-03
-1.0977e-02
-1.1439e-02
-9.2312e-03
-6.5682e-03
-6.8639e-03
-1.2268e-02
-2.1785e-02
-3.2392e-02
-4.2062e-02
-5.0570e-02
-5.7928e-02
-6.3618e-02
-6.7606e-02
-7.0682e-02
-7.3173e-02
-7.4055e-02
-7.1494e-02
-6.3867e-02
-5.1347e-02
-3.6973e-02
-2.4454e-02
-1.4873e-02
-6.7687e-03
1.1219e-03
8.1748e-03
1.2688e-02
1.3695e-02
1.2263e-02
1.1377e-02
1.4299e-02
2.2730e-02
3.5949e-02
5.1161e-02
6.5199e-02
7.6684e-02
8.6352e-02
9.4883e-02
1.0078e-01
1.0107e-01
9.3734e-02
7.9307e-02
6.1057e-02
4.4290e-02
3.3445e-02
2.7793e-02
2.1593e-02
1.0491e-02
-3.5647e-03
-1.5147e-02
-2.1454e-02
-2.4060e-02
-2.6479e-02
-3.1644e-02
-4.1032e-02
-5.3739e-02
-6.6378e-02
-7.5244e-02
-7.8079e-02
-7.3651e-02
-6.1831e-02
-4.5127e-02
-2.8474e-02
-1.5785e-02
-7.3376e-03
-1.6214e-03
2.7143e-03
7.1812e-03
1.2774e-02
1.8108e-02
2.0295e-02
1.8359e-02
1.4655e-02
1.2512e-02
1.3231e-02
1.5108e-02
1.4757e-02
9.6802e-03
1.9770e-04
-1.0977e-02
-2.1380e-02
-3.0628e-02
-3.9570e-02
-4.8061e-02
-5.4344e-02
-5.6510e-02
-5.3880e-02
-4.6672e-02
-3.5230e-02
-2.0675e-02
-5.4408e-03
7.8288e-03
1.8060e-02
2.5374e-02
2.9479e-02
3.0266e-02
2.9648e-02
3.0841e-02
3.5052e-02
4.0311e-02
4.4423e-02
4.7648e-02
5.1518e-02
5.6132e-02
5.9958e-02
6.1670e-02
6.0230e-02
5.3454e-02
3.8735e-02
1.5758e-02
-1.2377e-02
-4.0905e-02
-6.5732e-02
-8.4718e-02
-9.6771e-02
-9.9428e-02
-8.9367e-02
-6.6669e-02
-3.7766e-02
-1.2830e-02
1.2211e-03
4.9005e-03
2.9278e-03
-3.8869e-04
-2.1884e-03
-1.3097e-03
1.7217e-03
6.3421e-03
1.2896e-02
2.1347e-02
3.0229e-02
3.7643e-02
4.2143e-02
4.2255e-02
3.6923e-02
2.7352e-02
1.6404e-02
6.2161e-03
-2.3367e-03
-8.2233e-03
-9.6891e-03
-5.9805e-03
1.3258e-03
9.0558e-03
1.4221e-02
1.5735e-02
1.4516e-02
1.1693e-02
7.2311e-03
1.2414e-03
-4.6233e-03
-8.5490e-03
-1.0196e-02
-1.0406e-02
-1.0243e-02
-1.0573e-02
-1.1479e-02
-1.2161e-02
-1.2072e-02
-1.1443e-02
-1.0676e-02
-1.0227e-02
-1.0795e-02
-1.2454e-02
-1.4253e-02
-1.5426e-02
-1.6388e-02
-1.8625e-02
-2.3399e-02
-2.9499e-02
-3.3162e-02
-3.1779e-02
-2.7144e-02
-2.3573e-02
-2.3198e-02
-2.4286e-02
-2.3832e-02
-2.0539e-02
-1.5212e-02
-9.3214e-03
-3.6170e-03
1.8890e-03
6.9411e-03
1.0721e-02
1.2925e-02
1.4901e-02
1.8842e-02
2.5463e-02
3.3621e-02
4.2056e-02
4.9946e-02
5.5279e-02
5.4072e-02
4.3477e-02
2.5829e-02
7.7617e-03
-4.8428e-03
-1.0528e-02
-1.1739e-02
-1.1832e-02
-1.2885e-02
-1.5149e-02
-1.7225e-02
-1.6743e-02
-1.2013e-02
-3.8552e-03
4.9971e-03
1.2400e-02
1.7682e-02
2.0657e-02
2.1155e-02
1.9451e-02
1.6576e-02
1.4472e-02
1.5366e-02
1.9495e-02
2.3885e-02
2.4163e-02
1.7565e-02
4.6095e-03
-1.1668e-02
-2.7326e-02
-3.9394e-02
-4.7847e-02
-5.5459e-02
-6.4997e-02
-7.7020e-02
-9.0285e-02
-1.0299e-01
-1.1316e-01
-1.1817e-01
-1.1502e-01
-1.0208e-01
-8.1166e-02
-5.6926e-02
-3.3979e-02
-1.4371e-02
3.3515e-03
2.2008e-02
4.2524e-02
6.2880e-02
7.9479e-02
8.9433e-02
9.2386e-02
9.0787e-02
8.8133e-02
8.6454e-02
8.5565e-02
8.4399e-02
8.1728e-02
7.5944e-02
6.5898e-02
5.2782e-02
4.0081e-02
3.0373e-02
2.2335e-02
1.2494e-02
-7.7027e-04
-1.6635e-02
-3.3606e-02
-4.9683e-02
-6.1353e-02
-6.4645e-02
-5.7801e-02
-4.2735e-02
-2.4135e-02
-7.0322e-03
5.3788e-03
1.2480e-02
1.6260e-02
2.0426e-02
2.7799e-02
3.8059e-02
4.8441e-02
5.5848e-02
5.8176e-02
5.5285e-02
4.9485e-02
4.3887e-02
4.0084e-02
3.8074e-02
3.7270e-02
3.6522e-02
3.3673e-02
2.6789e-02
1.6396e-02
5.3761e-03
-3.6197e-03
-9.8158e-03
-1.3896e-02
-1.6957e-02
-2.0112e-02
-2.4362e-02
-2.9787e-02
-3.5035e-02
-3.8403e-02
-3.9297e-02
-3.8249e-02
-3.5736e-02
-3.2023e-02
-2.7869e-02
-2.4031e-02
-2.0506e-02
-1.6954e-02
-1.3159e-02
-8.9107e-03
-4.3080e-03
4.4276e-04
5.1558e-03
8.7824e-03
9.4587e-03
6.3252e-03
7.4725e-04
-4.5880e-03
-7.3930e-03
-6.8875e-03
-4.2324e-03
-1.6853e-03
-1.0747e-03
-2.8623e-03
-6.4387e-03
-1.0470e-02
-1.3239e-02
-1.3560e-02
-1.1593e-02
-8.3867e-03
-4.8108e-03
-1.2756e-03
1.8331e-03
4.0845e-03
5.4169e-03
6.2961e-03
7.7695e-03
1.0829e-02
1.5111e-02
1.8402e-02
1.8183e-02
1.4434e-02
1.0357e-02
9.1333e-03
1.0722e-02
1.2533e-02
1.2421e-02
1.0434e-02
7.7369e-03
4.9724e-03
2.2062e-03
-3.6919e-04
-2.3350e-03
-3.2049e-03
-2.5548e-03
-4.0622e-04
2.2380e-03
3.8228e-03
3.9207e-03
3.9391e-03
5.2721e-03
7.3232e-03
8.5142e-03
8.4957e-03
8.3483e-03
8.5714e-03
8.3392e-03
7.3774e-03
7.0661e-03
8.5277e-03
1.0805e-02
1.2552e-02
1.4310e-02
1.7360e-02
2.1151e-02
2.3695e-02
2.4113e-02
2.3418e-02
2.3194e-02
2.3988e-02
2.4996e-02
2.5090e-02
2.3857e-02
2.1047e-02
1.5871e-02
8.1878e-03
-3.7169e-04
-7.0004e-03
-9.7079e-03
-9.0687e-03
-7.8115e-03
-8.3425e-03
-1.0699e-02
-1.3412e-02
-1.5688e-02
-1.8062e-02
-2.0906e-02
-2.3517e-02
-2.5089e-02
-2.5768e-02
-2.6203e-02
-2.6473e-02
-2.5928e-02
-2.3669e-02
-1.8935e-02
-1.1323e-02
-1.2097e-03
9.8746e-03
1.9475e-02
2.5508e-02
2.7435e-02
2.6065e-02
2.3254e-02
2.1761e-02
2.4058e-02
3.0167e-02
3.6874e-02
4.0085e-02
3.8206e-02
3.3143e-02
2.7914e-02
2.3861e-02
2.0357e-02
1.6140e-02
1.0357e-02
2.9522e-03
-5.2275e-03
-1.2555e-02
-1.7249e-02
-1.8680e-02
-1.8077e-02
-1.7405e-02
-1.7321e-02
-1.6906e-02
-1.5530e-02
-1.4119e-02
-1.4188e-02
-1.5901e-02
-1.7825e-02
-1.8806e-02
-1.8955e-02
-1.8826e-02
-1.8306e-02
-1.6155e-02
-1.0816e-02
-2.1405e-03
7.6284e-03
1.5125e-02
1.8020e-02
1.5440e-02
7.6626e-03
-2.9869e-03
-1.1858e-02
-1.4690e-02
-1.1595e-02
-7.3182e-03
-6.8177e-03
-1.0946e-02
-1.6579e-02
-1.9812e-02
-1.8436e-02
-1.2950e-02
-6.6442e-03
-3.6934e-03
-5.8329e-03
-1.0700e-02
-1.4190e-02
-1.3755e-02
-9.2786e-03
-2.2233e-03
5.1149e-03
1.0201e-02
1.1510e-02
9.7446e-03
7.4001e-03
6.6643e-03
7.6625e-03
8.6532e-03
7.7722e-03
4.7786e-03
1.1627e-03
-1.2733e-03
-1.8431e-03
-1.0896e-03
-2.6391e-04
-8.5397e-04
-3.7675e-03
-8.6097e-03
-1.3822e-02
-1.6903e-02
-1.5317e-02
-8.5687e-03
6.5046e-04
8.3190e-03
1.2477e-02
1.4193e-02
1.5558e-02
1.7658e-02
2.0404e-02
2.3071e-02
2.5097e-02
2.6637e-02
2.7766e-02
2.7566e-02
2.5092e-02
2.1213e-02
1.7956e-02
1.5571e-02
1.1882e-02
5.4299e-03
-2.1861e-03
-7.9567e-03
-1.0422e-02
-1.0404e-02
-9.3779e-03
-7.9357e-03
-5.6074e-03
-1.9092e-03
3.0883e-03
8.7766e-03
1.4347e-02
1.9270e-02
2.3623e-02
2.7952e-02
3.2444e-02
3.6585e-02
3.9986e-02
4.3064e-02
4.6185e-02
4.8625e-02
4.9078e-02
4.7214e-02
4.4086e-02
4.0752e-02
3.7133e-02
3.2453e-02
2.6392e-02
1.9208e-02
1.1162e-02
2.5771e-03
-5.5712e-03
-1.1596e-02
-1.4239e-02
-1.3837e-02
-1.2155e-02
-1.0984e-02
-1.0983e-02
-1.1823e-02
-1.2782e-02
-1.2980e-02
-1.1570e-02
-8.5181e-03
-5.0246e-03
-2.3608e-03
-5.1093e-04
1.6114e-03
4.8302e-03
8.9031e-03
1.2694e-02
1.4871e-02
1.4847e-02
1.3268e-02
1.1478e-02
9.9989e-03
8.0297e-03
4.7546e-03
6.6150e-04
-3.1172e-03
-6.1710e-03
-8.7028e-03
-1.0518e-02
-1.1224e-02
-1.1518e-02
-1.2931e-02
-1.5912e-02
-1.8966e-02
-2.0092e-02
-1.8632e-02
-1.5580e-02
-1.2342e-02
-9.5175e-03
-7.1905e-03
-5.6578e-03
-5.0627e-03
-4.6560e-03
-3.2087e-03
-2.9424e-04
3.0022e-03
4.9537e-03
4.4317e-03
1.3762e-03
-3.0737e-03
-6.8552e-03
-7.8781e-03
-5.4349e-03
-1.1467e-03
2.0357e-03
2.0008e-03
-1.0933e-03
-5.1768e-03
-7.8798e-03
-8.2720e-03
-7.2065e-03
-5.9601e-03
-5.2702e-03
-5.5842e-03
-7.4456e-03
-1.0780e-02
-1.4102e-02
-1.5450e-02
-1.4414e-02
-1.2703e-02
-1.2543e-02
-1.4485e-02
-1.7034e-02
-1.8569e-02
-1.9097e-02
-1.9839e-02
-2.1658e-02
-2.4521e-02
-2.7849e-02
-3.0731e-02
-3.1884e-02
-3.0371e-02
-2.6371e-02
-2.1095e-02
-1.5744e-02
-1.0780e-02
-5.9938e-03
-1.3317e-03
2.5691e-03
4.9322e-03
5.8819e-03
6.5230e-03
7.9875e-03
1.0647e-02
1.4095e-02
1.7879e-02
2.1579e-02
2.4544e-02
2.6232e-02
2.6858e-02
2.7545e-02
2.9076e-02
3.0889e-02
3.1823e-02
3.1282e-02
2.9173e-02
2.5431e-02
2.0641e-02
1.6585e-02
1.4752e-02
1.4545e-02
1.3882e-02
1.1271e-02
7.0506e-03
2.6025e-03
-1.0544e-03
-3.3640e-03
-3.9023e-03
-2.8564e-03
-1.5328e-03
-1.7189e-03
-4.1849e-03
-7.9924e-03
-1.1129e-02
-1.1836e-02
-9.8384e-03
-6.3637e-03
-3.0574e-03
-1.1066e-03
-1.1743e-03
-3.0568e-03
-5.3119e-03
-5.7411e-03
-3.0034e-03
1.7236e-03
5.2801e-03
5.3857e-03
2.7835e-03
2.5620e-04
-1.8158e-04
1.2483e-03
3.1802e-03
4.5940e-03
4.9794e-03
4.0183e-03
1.8524e-03
-6.2661e-04
-2.4271e-03
-3.2577e-03
-3.6046e-03
-4.2180e-03
-5.2237e-03
-5.9424e-03
-5.5576e-03
-3.7641e-03
-1.0914e-03
1.2586e-03
2.3241e-03
2.2271e-03
1.9387e-03
2.2076e-03
3.2138e-03
4.7855e-03
6.5858e-03
8.2565e-03
9.3882e-03
9.5076e-03
8.3780e-03
6.5188e-03
5.0011e-03
4.2996e-03
4.0926e-03
3.8136e-03
2.7802e-03
3.4403e-04
-3.5434e-03
-7.9520e-03
-1.1639e-02
-1.4000e-02
-1.5304e-02
-1.5891e-02
-1.5609e-02
-1.4310e-02
-1.2676e-02
-1.1844e-02
-1.2055e-02
-1.2259e-02
-1.1372e-02
-9.2713e-03
-6.8089e-03
-5.1430e-03
-4.8708e-03
-5.5655e-03
-5.8183e-03
-4.3770e-03
-1.6609e-03
2.2296e-04
-4.8331e-04
-3.4668e-03
-7.0326e-03
-1.0058e-02
-1.2821e-02
-1.5742e-02
-1.7984e-02
-1.8147e-02
-1.6098e-02
-1.3030e-02
-9.8424e-03
-6.5308e-03
-3.1072e-03
-2.9762e-04
1.0864e-03
1.3137e-03
1.5803e-03
2.9263e-03
5.5844e-03
9.0838e-03
1.2551e-02
1.5117e-02
1.6413e-02
1.6640e-02
1.6477e-02
1.6634e-02
1.6978e-02
1.6410e-02
1.4015e-02
1.0176e-02
5.9604e-03
1.7103e-03
-3.0011e-03
-7.9772e-03
-1.1846e-02
-1.3260e-02
-1.2394e-02
-1.0794e-02
-9.5477e-03
-8.3187e-03
-6.1977e-03
-2.8844e-03
9.2013e-04
3.9922e-03
5.4592e-03
4.9140e-03
2.2274e-03
-1.9112e-03
-5.6908e-03
-7.2261e-03
-5.8698e-03
-2.2742e-03
1.9210e-03
4.6707e-03
4.6977e-03
2.2742e-03
-1.3116e-03
-4.9661e-03
-7.6719e-03
-8.1337e-03
-5.9931e-03
-2.3724e-03
1.2266e-03
4.3283e-03
7.3971e-03
1.0654e-02
1.3935e-02
1.7287e-02
2.0791e-02
2.4009e-02
2.6454e-02
2.8212e-02
2.9306e-02
2.9023e-02
2.6695e-02
2.2948e-02
1.8725e-02
1.3774e-02
7.4483e-03
2.3301e-04
-6.4065e-03
-1.1751e-02
-1.6621e-02
-2.2097e-02
-2.8014e-02
-3.3039e-02
-3.5941e-02
-3.6341e-02
-3.4401e-02
-3.0299e-02
-2.4624e-02
-1.9061e-02
-1.5634e-02
-1.4956e-02
-1.5774e-02
-1.6338e-02
-1.5613e-02
-1.3453e-02
-1.0341e-02
-7.1456e-03
-4.6246e-03
-2.9869e-03
-1.5836e-03
5.7870e-04
3.5227e-03
5.8051e-03
6.0267e-03
4.3647e-03
1.8301e-03
-9.2068e-04
-3.5460e-03
-5.4181e-03
-5.8438e-03
-4.7962e-03
-2.9046e-03
-8.0537e-04
1.4615e-03
3.8712e-03
5.6710e-03
5.7235e-03
3.8047e-03
9.5254e-04
-1.8327e-03
-4.7280e-03
-8.1945e-03
-1.1341e-02
-1.2353e-02
-1.0623e-02
-8.0205e-03
-7.2799e-03
-9.3700e-03
-1.2923e-02
-1.6105e-02
-1.8209e-02
-1.9042e-02
-1.7856e-02
-1.4114e-02
-8.8776e-03
-4.4989e-03
-3.0267e-03
-4.7429e-03
-7.6547e-03
-8.6919e-03
-6.1303e-03
-1.3802e-03
2.2183e-03
2.3256e-03
-7.3745e-04
-4.7095e-03
-7.0593e-03
-5.9165e-03
-8.0875e-04
6.7802e-03
1.4521e-02
2.0782e-02
2.4899e-02
2.6585e-02
2.5682e-02
2.2669e-02
1.8648e-02
1.4418e-02
1.0316e-02
6.3278e-03
2.1497e-03
-2.2854e-03
-6.3908e-03
-9.2643e-03
-1.0611e-02
-1.1294e-02
-1.2598e-02
-1.4872e-02
-1.7000e-02
-1.7644e-02
-1.6814e-02
-1.5692e-02
-1.5382e-02
-1.6009e-02
-1.6636e-02
-1.5879e-02
-1.2953e-02
-8.0452e-03
-1.8938e-03
4.5810e-03
1.0518e-02
1.5160e-02
1.7782e-02
1.7473e-02
1.3289e-02
5.3092e-03
-4.5095e-03
-1.3059e-02
-1.8234e-02
-2.0588e-02
-2.2202e-02
-2.4360e-02
-2.7207e-02
-3.0781e-02
-3.4891e-02
-3.8538e-02
-4.0753e-02
-4.1736e-02
-4.2197e-02
-4.1892e-02
-3.9455e-02
-3.3473e-02
-2.3975e-02
-1.3028e-02
-3.6309e-03
2.2268e-03
4.7413e-03
5.6724e-03
6.3070e-03
6.8115e-03
7.2754e-03
8.3457e-03
1.0450e-02
1.2474e-02
1.2155e-02
8.6064e-03
3.5752e-03
-4.8965e-04
-3.0003e-03
-5.2691e-03
-8.8155e-03
-1.4058e-02
-2.0206e-02
-2.5894e-02
-2.9478e-02
-2.9248e-02
-2.4717e-02
-1.7505e-02
-1.0266e-02
-4.6111e-03
-5.5079e-04
2.7999e-03
6.6035e-03
1.1831e-02
1.8600e-02
2.5959e-02
3.2295e-02
3.5664e-02
3.4637e-02
2.9600e-02
2.2941e-02
1.7225e-02
1.3145e-02
9.6242e-03
5.5427e-03
6.0763e-04
-5.2749e-03
-1.2068e-02
-1.8920e-02
-2.3958e-02
-2.5636e-02
-2.4328e-02
-2.1960e-02
-2.0332e-02
-1.9813e-02
-1.9294e-02
-1.7143e-02
-1.2679e-02
-6.9421e-03
-1.5030e-03
2.8003e-03
5.6960e-03
6.8930e-03
6.6367e-03
6.4429e-03
8.0286e-03
1.1564e-02
1.5281e-02
1.6844e-02
1.5148e-02
1.0653e-02
4.2603e-03
-3.2738e-03
-1.1026e-02
-1.7695e-02
-2.2088e-02
-2.3670e-02
-2.2955e-02
-2.1375e-02
-2.0548e-02
-2.1041e-02
-2.2027e-02
-2.2221e-02
-2.0861e-02
-1.8103e-02
-1.4932e-02
-1.2268e-02
-9.7624e-03
-6.2910e-03
-1.8489e-03
1.9912e-03
3.5477e-03
2.7265e-03
1.0951e-03
4.6843e-04
1.5880e-03
3.9277e-03
6.0650e-03
6.3653e-03
4.1342e-03
3.4115e-04
-3.1678e-03
-5.2260e-03
-5.7039e-03
-4.8355e-03
-2.9682e-03
-9.5574e-04
-1.2964e-04
-1.3784e-03
-4.0465e-03
-6.0975e-03
-5.8949e-03
-3.5552e-03
-7.4082e-04
6.6884e-04
-7.1952e-05
-2.0663e-03
-3.6264e-03
-3.6446e-03
-2.2464e-03
-3.6738e-04
1.3946e-03
3.1627e-03
5.0586e-03
6.4207e-03
6.0772e-03
3.9032e-03
1.5241e-03
9.0356e-04
2.2412e-03
3.8705e-03
3.8985e-03
1.5860e-03
-2.3380e-03
-6.2165e-03
-8.6199e-03
-9.4460e-03
-9.7461e-03
-1.0647e-02
-1.2472e-02
-1.4858e-02
-1.7358e-02
-1.9519e-02
-2.0627e-02
-2.0073e-02
-1.8314e-02
-1.6586e-02
-1.5513e-02
-1.4255e-02
-1.1618e-02
-7.7608e-03
-4.1701e-03
-2.1230e-03
-1.3653e-03
-8.2294e-04
-2.3006e-04
-3.3515e-04
-1.6193e-03
-3.6490e-03
-6.0997e-03
-9.0986e-03
-1.2327e-02
-1.4857e-02
-1.6134e-02
-1.6429e-02
-1.6230e-02
-1.5608e-02
-1.4205e-02
-1.1647e-02
-8.0683e-03
-4.0498e-03
-2.7760e-04
2.8802e-03
5.7156e-03
8.9379e-03
1.2648e-02
1.6115e-02
1.8528e-02
1.9555e-02
1.9332e-02
1.8412e-02
1.7550e-02
1.7038e-02
1.6777e-02
1.6674e-02
1.6308e-02
1.4870e-02
1.1935e-02
7.8363e-03
3.3672e-03
-6.4778e-04
-3.7093e-03
-5.4982e-03
-6.1177e-03
-6.2963e-03
-6.7940e-03
-7.5503e-03
-7.7748e-03
-7.0811e-03
-5.9991e-03
-4.7174e-03
-2.3812e-03
1.7815e-03
7.2988e-03
1.2576e-02
1.6084e-02
1.7314e-02
1.6880e-02
1.6134e-02
1.6395e-02
1.7975e-02
1.9741e-02
1.9752e-02
1.6979e-02
1.2346e-02
7.8689e-03
5.1254e-03
4.4365e-03
4.7563e-03
4.0714e-03
6.4419e-04
-5.6133e-03
-1.2980e-02
-1.9388e-02
-2.3449e-02
-2.4303e-02
-2.1674e-02
-1.6993e-02
-1.3275e-02
-1.2688e-02
-1.4567e-02
-1.6184e-02
-1.5187e-02
-1.1044e-02
-4.7920e-03
1.6873e-03
6.1827e-03
7.1052e-03
4.6846e-03
1.3638e-03
4.6015e-05
1.7180e-03
4.7764e-03
6.6679e-03
6.2213e-03
4.2350e-03
2.2384e-03
1.3060e-03
1.9743e-03
4.3160e-03
7.4294e-03
9.3901e-03
8.3950e-03
3.9085e-03
-3.1961e-03
-1.1277e-02
-1.8368e-02
-2.2789e-02
-2.3913e-02
-2.2564e-02
-2.0537e-02
-1.9357e-02
-1.9167e-02
-1.9026e-02
-1.8225e-02
-1.6867e-02
-1.5228e-02
-1.3066e-02
-9.8805e-03
-5.4797e-03
-3.9039e-05
6.1529e-03
1.2586e-02
1.8362e-02
2.2503e-02
2.4590e-02
2.5121e-02
2.5004e-02
2.4478e-02
2.2651e-02
1.8751e-02
1.3511e-02
8.5319e-03
4.8140e-03
2.5268e-03
1.4418e-03
1.2642e-03
1.7111e-03
2.4456e-03
2.9096e-03
2.3862e-03
4.4199e-04
-2.3456e-03
-4.3251e-03
-3.8699e-03
-8.3047e-04
3.2726e-03
6.6452e-03
8.3807e-03
8.4883e-03
7.4691e-03
5.9885e-03
4.5553e-03
3.2602e-03
1.6768e-03
-6.5493e-04
-3.4626e-03
-5.7982e-03
-6.9734e-03
-7.3418e-03
-7.6821e-03
-8.1958e-03
-8.5346e-03
-8.5667e-03
-8.5545e-03
-8.4424e-03
-7.6019e-03
-5.7213e-03
-3.3829e-03
-1.7465e-03
-1.4885e-03
-1.8695e-03
-1.4885e-03
1.3544e-04
1.9653e-03
2.3384e-03
5.8661e-04
-2.2425e-03
-4.1515e-03
-3.7671e-03
-1.2582e-03
2.2396e-03
5.6051e-03
8.0247e-03
9.1795e-03
9.3657e-03
9.1743e-03
8.9167e-03
8.6782e-03
8.9688e-03
1.0601e-02
1.3608e-02
1.6836e-02
1.8869e-02
1.9442e-02
1.9613e-02
2.0273e-02
2.1214e-02
2.1755e-02
2.1490e-02
2.0356e-02
1.8440e-02
1.6219e-02
1.4440e-02
1.3465e-02
1.2826e-02
1.1692e-02
9.8863e-03
8.1929e-03
7.4013e-03
7.2877e-03
7.1140e-03
6.3825e-03
4.7229e-03
1.8381e-03
-2.2273e-03
-6.8865e-03
-1.1351e-02
-1.4940e-02
-1.6929e-02
-1.6868e-02
-1.5240e-02
-1.3287e-02
-1.1842e-02
-1.0927e-02
-1.0481e-02
-1.0722e-02
-1.1596e-02
-1.2427e-02
-1.2627e-02
-1.2393e-02
-1.2113e-02
-1.1512e-02
-9.8488e-03
-6.6537e-03
-2.3100e-03
2.0424e-03
5.3363e-03
7.4007e-03
8.5110e-03
8.4552e-03
6.7592e-03
3.8004e-03
9.4067e-04
-7.3767e-04
-1.2204e-03
-1.0891e-03
-8.1951e-04
-9.9879e-04
-2.4694e-03
-5.5313e-03
-9.4390e-03
-1.2717e-02
-1.4188e-02
-1.3938e-02
-1.3058e-02
-1.2485e-02
-1.2347e-02
-1.2267e-02
-1.1726e-02
-1.0427e-02
-8.4160e-03
-5.8121e-03
-2.8527e-03
8.2377e-05
2.7250e-03
5.3810e-03
8.7812e-03
1.3242e-02
1.8070e-02
2.1926e-02
2.3929e-02
2.4211e-02
2.3340e-02
2.1757e-02
1.9788e-02
1.7735e-02
1.5682e-02
1.3292e-02
1.0260e-02
6.5087e-03
2.0387e-03
-2.9651e-03
-7.9392e-03
-1.2042e-02
-1.4635e-02
-1.6128e-02
-1.7622e-02
-1.9505e-02
-2.0920e-02
-2.0853e-02
-1.9238e-02
-1.6691e-02
-1.3738e-02
-1.0514e-02
-7.1549e-03
-3.9100e-03
-7.3026e-04
2.6875e-03
6.6889e-03
1.1081e-02
1.4816e-02
1.6729e-02
1.6650e-02
1.5870e-02
1.5890e-02
1.6914e-02
1.7891e-02
1.7574e-02
1.5284e-02
1.0970e-02
5.1297e-03
-1.2036e-03
-6.7938e-03
-1.1039e-02
-1.4506e-02
-1.8039e-02
-2.1645e-02
-2.4433e-02
-2.5527e-02
-2.4794e-02
-2.2454e-02
-1.8556e-02
-1.3312e-02
-7.5365e-03
-2.4151e-03
1.2052e-03
3.4203e-03
5.1578e-03
7.4072e-03
1.0367e-02
1.3244e-02
1.4974e-02
1.4985e-02
1.3302e-02
1.0598e-02
8.1685e-03
7.1125e-03
7.5165e-03
8.3855e-03
8.2458e-03
6.0209e-03
1.8652e-03
-2.8171e-03
-6.5785e-03
-8.8059e-03
-9.4027e-03
-8.4952e-03
-6.5723e-03
-4.2247e-03
-1.8936e-03
6.3829e-05
1.5033e-03
2.6470e-03
3.9538e-03
5.4588e-03
6.2760e-03
5.5239e-03
3.3594e-03
7.0614e-04
-1.7481e-03
-3.7846e-03
-5.0476e-03
-4.8482e-03
-2.8956e-03
1.2054e-04
2.9033e-03
4.5512e-03
5.0344e-03
4.9149e-03
4.8851e-03
5.3292e-03
6.3786e-03
7.9652e-03
1.0068e-02
1.2669e-02
1.5509e-02
1.8339e-02
2.0977e-02
2.3261e-02
2.5014e-02
2.5986e-02
2.5884e-02
2.4610e-02
2.2451e-02
1.9842e-02
1.7163e-02
1.4627e-02
1.2255e-02
1.0266e-02
9.0301e-03
8.7878e-03
9.5690e-03
1.0994e-02
1.2313e-02
1.2833e-02
1.2214e-02
1.0458e-02
7.9414e-03
5.2732e-03
2.6770e-03
8.1787e-05
-2.2820e-03
-3.9836e-03
-5.2517e-03
-7.0191e-03
-9.7481e-03
-1.2733e-02
-1.4714e-02
-1.5119e-02
-1.4431e-02
-1.3516e-02
-1.2954e-02
-1.3042e-02
-1.3626e-02
-1.4229e-02
-1.4274e-02
-1.3038e-02
-1.0126e-02
-6.2285e-03
-2.6582e-03
-1.0706e-04
1.9818e-03
4.7298e-03
8.7619e-03
1.3753e-02
1.8584e-02
2.1866e-02
2.2630e-02
2.1013e-02
1.8147e-02
1.5372e-02
1.3666e-02
1.3462e-02
1.4502e-02
1.5688e-02
1.5686e-02
1.3930e-02
1.0623e-02
6.0229e-03
4.7090e-04
-5.3715e-03
-1.0438e-02
-1.3585e-02
-1.4382e-02
-1.3639e-02
-1.2858e-02
-1.3206e-02
-1.4814e-02
-1.6711e-02
-1.7906e-02
-1.8070e-02
-1.7130e-02
-1.4790e-02
-1.0776e-02
-5.5197e-03
-3.8523e-04
3.0521e-03
3.8398e-03
2.2084e-03
-5.1639e-04
-2.6952e-03
-3.4393e-03
-3.0517e-03
-2.5924e-03
-2.9892e-03
-4.3805e-03
-6.0432e-03
-7.0308e-03
-6.8925e-03
-6.1290e-03
-5.7957e-03
-6.4325e-03
-7.5762e-03
-8.5326e-03
-8.8937e-03
-8.3985e-03
-6.8632e-03
-4.1094e-03
-4.3971e-05
4.8144e-03
9.2610e-03
1.2229e-02
1.3370e-02
1.2984e-02
1.1842e-02
1.0945e-02
1.1196e-02
1.2771e-02
1.4703e-02
1.5456e-02
1.4052e-02
1.0666e-02
6.3651e-03
2.4543e-03
-2.1829e-04
-1.6010e-03
-2.6175e-03
-4.6140e-03
-8.4697e-03
-1.3850e-02
-1.9052e-02
-2.1889e-02
-2.0936e-02
-1.6285e-02
-9.4785e-03
-2.9005e-03
1.1250e-03
1.5103e-03
-6.2559e-04
-2.6739e-03
-2.7467e-03
-8.3461e-04
2.1226e-03
5.3872e-03
8.3215e-03
1.0073e-02
1.0346e-02
1.0153e-02
1.0871e-02
1.2589e-02
1.4154e-02
1.4240e-02
1.2018e-02
7.4286e-03
1.4296e-03
-3.9311e-03
-6.2949e-03
-4.6288e-03
-2.6247e-04
3.7490e-03
4.6089e-03
1.6632e-03
-3.2341e-03
-6.9833e-03
-7.3510e-03
-4.1548e-03
1.1465e-03
6.1357e-03
8.6122e-03
7.7882e-03
4.5061e-03
4.1190e-04
-3.0466e-03
-5.4624e-03
-7.3335e-03
-9.1359e-03
-1.0983e-02
-1.2914e-02
-1.4802e-02
-1.5994e-02
-1.5378e-02
-1.2261e-02
-7.3950e-03
-2.6892e-03
1.9333e-04
8.5108e-04
2.3954e-04
-8.9649e-05
1.1812e-03
4.6377e-03
9.6597e-03
1.4484e-02
1.7313e-02
1.7401e-02
1.5138e-02
1.1669e-02
8.5078e-03
6.8726e-03
6.9327e-03
7.8109e-03
8.3975e-03
7.8570e-03
5.8456e-03
2.6844e-03
-7.7849e-04
-3.5922e-03
-5.4720e-03
-6.7764e-03
-8.0057e-03
-9.2922e-03
-1.0336e-02
-1.0621e-02
-1.0115e-02
-9.3666e-03
-8.5964e-03
-7.4799e-03
-5.7784e-03
-3.9172e-03
-2.6973e-03
-2.4122e-03
-2.7566e-03
-3.4198e-03
-4.2685e-03
-4.7435e-03
-4.0730e-03
-2.2753e-03
-5.4815e-05
1.9482e-03
3.4242e-03
4.1595e-03
4.0442e-03
3.3090e-03
2.7161e-03
3.1522e-03
4.9869e-03
7.8541e-03
1.0714e-02
1.2375e-02
1.2261e-02
1.0689e-02
8.6718e-03
7.1781e-03
6.3839e-03
5.6152e-03
4.0987e-03
1.6575e-03
-1.3476e-03
-4.3882e-03
-6.8639e-03
-8.2863e-03
-8.2994e-03
-6.7273e-03
-3.6852e-03
1.9442e-04
3.6249e-03
5.3701e-03
5.2485e-03
4.1827e-03
3.2227e-03
2.7558e-03
2.7412e-03
3.2178e-03
4.3383e-03
6.0692e-03
8.1943e-03
1.0522e-02
1.3031e-02
1.5515e-02
1.7514e-02
1.8696e-02
1.9235e-02
1.9481e-02
1.9473e-02
1.8956e-02
1.7778e-02
1.5825e-02
1.2916e-02
9.3217e-03
5.8451e-03
3.0811e-03
8.5603e-04
-1.2153e-03
-2.9802e-03
-3.8447e-03
-3.4754e-03
-2.1684e-03
-6.5605e-04
4.2900e-04
8.3655e-04
5.3196e-04
-3.3355e-04
-1.3142e-03
-1.8059e-03
-1.3109e-03
2.4631e-04
2.2812e-03
3.7751e-03
3.9635e-03
2.7425e-03
5.9218e-04
-1.8658e-03
-4.1983e-03
-6.2541e-03
-8.2261e-03
-1.0381e-02
-1.2461e-02
-1.3603e-02
-1.3088e-02
-1.2052e-02
-9.6959e-03
-7.3372e-03
-4.7103e-03
-1.3616e-03
2.8584e-03
7.6069e-03
1.2083e-02
1.5584e-02
1.8015e-02
1.9766e-02
2.1232e-02
2.2253e-02
2.2234e-02
2.0946e-02
1.8731e-02
1.5968e-02
1.2783e-02
9.2184e-03
5.5989e-03
2.3028e-03
-8.2287e-04
-4.2301e-03
-7.9801e-03
-1.1665e-02
-1.4644e-02
-1.6262e-02
-1.6126e-02
-1.4380e-02
-1.1703e-02
-9.1586e-03
-7.3999e-03
-6.0357e-03
-4.3547e-03
-2.4010e-03
-8.3443e-04
-4.1243e-05
9.6051e-05
-3.7632e-04
-1.6280e-03
-3.4191e-03
-4.8701e-03
-5.2697e-03
-4.9914e-03
-5.1464e-03
-6.4428e-03
-8.4621e-03
-1.0104e-02
-1.0673e-02
-1.0357e-02
-9.7946e-03
-9.3788e-03
-8.7421e-03
-6.9929e-03
-3.8468e-03
-1.4467e-04
2.8714e-03
4.8019e-03
6.3409e-03
8.1410e-03
9.8190e-03
1.0267e-02
8.7825e-03
5.5912e-03
1.4917e-03
-2.5409e-03
-5.6283e-03
-7.6384e-03
-9.2045e-03
-1.0880e-02
-1.2585e-02
-1.3754e-02
-1.3952e-02
-1.3247e-02
-1.2006e-02
-1.0574e-02
-9.0974e-03
-7.4346e-03
-5.1821e-03
-2.0309e-03
1.7267e-03
5.2089e-03
7.4730e-03
8.1883e-03
7.5780e-03
6.0574e-03
4.2085e-03
2.7488e-03
2.2724e-03
2.6154e-03
2.6972e-03
1.4914e-03
-1.1263e-03
-4.3264e-03
-6.9512e-03
-8.2026e-03
-7.9420e-03
-6.6335e-03
-4.9299e-03
-3.3211e-03
-2.1075e-03
-1.3506e-03
-5.9725e-04
8.5981e-04
3.4114e-03
6.6778e-03
9.6561e-03
1.1524e-02
1.1984e-02
1.1133e-02
9.1866e-03
6.5822e-03
3.9035e-03
1.4848e-03
-7.8883e-04
-3.1764e-03
-5.6935e-03
-8.0687e-03
-1.0084e-02
-1.1705e-02
-1.3038e-02
-1.4155e-02
-1.4896e-02
-1.4817e-02
-1.3834e-02
-1.2536e-02
-1.1430e-02
-1.0160e-02
-7.9018e-03
-4.2863e-03
2.7733e-04
5.1580e-03
9.7161e-03
1.3200e-02
1.4813e-02
1.4165e-02
1.1653e-02
8.0612e-03
4.0671e-03
1.3497e-04
-3.6503e-03
-7.6956e-03
-1.2330e-02
-1.6955e-02
-2.0374e-02
-2.2047e-02
-2.2587e-02
-2.2939e-02
-2.3512e-02
-2.4146e-02
-2.4336e-02
-2.3457e-02
-2.1190e-02
-1.7599e-02
-1.2990e-02
-7.8014e-03
-2.5306e-03
2.4275e-03
7.1400e-03
1.2040e-02
1.7060e-02
2.1195e-02
2.3411e-02
2.3607e-02
2.2182e-02
1.9492e-02
1.5832e-02
1.1535e-02
7.0051e-03
2.4872e-03
-2.1049e-03
-6.9071e-03
-1.1511e-02
-1.5165e-02
-1.7281e-02
-1.7678e-02
-1.6769e-02
-1.5485e-02
-1.4733e-02
-1.4985e-02
-1.6200e-02
-1.7795e-02
-1.8928e-02
-1.9042e-02
-1.8105e-02
-1.6467e-02
-1.4564e-02
-1.2781e-02
-1.1342e-02
-1.0220e-02
-9.2556e-03
-8.4320e-03
-7.9304e-03
-7.8452e-03
-8.0780e-03
-8.3413e-03
-8.4147e-03
-8.3396e-03
-8.2672e-03
-8.3198e-03
-8.5357e-03
-9.0292e-03
-9.8320e-03
-1.0737e-02
-1.1493e-02
-1.2035e-02
-1.2520e-02
-1.2901e-02
-1.2814e-02
-1.1961e-02
-1.0421e-02
-8.7067e-03
-7.2855e-03
-6.2877e-03
-5.7371e-03
-5.7512e-03
-6.3518e-03
-7.2489e-03
-7.8869e-03
-7.7133e-03
-6.5189e-03
-4.5915e-03
-2.5046e-03
-8.5954e-04
-4.0327e-05
1.1062e-04
2.1756e-04
8.2270e-04
1.7859e-03
2.4126e-03
2.2269e-03
1.2991e-03
-3.7023e-05
-1.4294e-03
-2.5757e-03
-3.0716e-03
-2.5179e-03
-9.6414e-04
8.5842e-04
2.0314e-03
2.1681e-03
1.4686e-03
3.5401e-04
-6.7712e-04
-1.1598e-03
-9.7232e-04
-4.1465e-04
2.2928e-04
7.8673e-04
1.0199e-03
6.9338e-04
-2.5642e-04
-1.5917e-03
-2.9387e-03
-3.9254e-03
-4.3728e-03
-4.4498e-03
-4.4887e-03
-4.5680e-03
-4.4330e-03
-3.7033e-03
-2.2067e-03
-2.2310e-04
1.6197e-03
2.8025e-03
3.3057e-03
3.4162e-03
3.4024e-03
3.3360e-03
3.2172e-03
3.0694e-03
2.7461e-03
1.9869e-03
7.5072e-04
-8.2309e-04
-2.6238e-03
-4.4877e-03
-6.2034e-03
-7.6388e-03
-8.6942e-03
-9.2112e-03
-9.0142e-03
-8.0741e-03
-6.6693e-03
-5.2509e-03
-4.0566e-03
-2.8839e-03
-1.3860e-03
3.7927e-04
1.9454e-03
2.8115e-03
2.7834e-03
2.1539e-03
1.5371e-03
1.4289e-03
1.9404e-03
2.8986e-03
4.0648e-03
5.0357e-03
5.3425e-03
4.7271e-03
3.3706e-03
1.7421e-03
2.6968e-04
-7.7010e-04
-1.2134e-03
-9.5660e-04
3.3993e-05
1.6845e-03
3.7767e-03
5.9918e-03
7.9702e-03
9.3766e-03
1.0086e-02
1.0272e-02
1.0282e-02
1.0276e-02
1.0084e-02
9.4440e-03
8.3546e-03
7.1286e-03
6.1783e-03
5.6789e-03
5.4253e-03
4.9895e-03
3.9311e-03
2.1704e-03
1.3644e-04
-1.5971e-03
-2.7634e-03
-3.4779e-03
-3.9457e-03
-4.2178e-03
-4.2856e-03
-4.0629e-03
-3.3464e-03
-2.0341e-03
-3.2362e-04
1.3711e-03
2.7279e-03
3.7353e-03
4.5251e-03
5.0797e-03
5.2553e-03
5.1027e-03
5.0070e-03
5.3435e-03
6.0845e-03
6.8532e-03
7.2626e-03
7.2006e-03
6.8114e-03
6.3498e-03
6.0544e-03
6.0023e-03
6.0355e-03
5.8593e-03
5.3238e-03
4.4499e-03
3.3639e-03
2.2280e-03
1.2663e-03
6.9457e-04
4.9321e-04
3.8521e-04
1.6205e-04
-1.2825e-04
-2.8032e-04
-1.9096e-04
8.8276e-05
4.8375e-04
9.4279e-04
1.4193e-03
1.9123e-03
2.4262e-03
2.9374e-03
3.4501e-03
4.0212e-03
4.7062e-03
5.4671e-03
6.1961e-03
6.7864e-03
7.2180e-03
7.5260e-03
7.7102e-03
7.6931e-03
7.4281e-03
7.0539e-03
6.7834e-03
6.6742e-03
6.5790e-03
6.3249e-03
5.8538e-03
5.1761e-03
4.3515e-03
3.5236e-03
2.8745e-03
2.4946e-03
2.3112e-03
2.1967e-03
2.0857e-03
1.9626e-03
1.8572e-03
1.8111e-03
1.8690e-03
2.0622e-03
2.3390e-03
2.6082e-03
2.8175e-03
2.9852e-03
3.1733e-03
3.4173e-03
3.7264e-03
4.0845e-03
4.4287e-03
4.6857e-03
4.8327e-03
4.9113e-03
4.9946e-03
5.1158e-03
5.2515e-03
5.3441e-03
5.3248e-03
5.1395e-03
4.7789e-03
4.2990e-03
3.8200e-03
3.4604e-03
3.2678e-03
3.2090e-03
3.2207e-03
3.2453e-03
3.2452e-03
3.2159e-03
3.1672e-03
3.1044e-03
3.0386e-03
2.9851e-03
2.9519e-03
2.9453e-03
2.9835e-03
3.1052e-03
3.3346e-03
3.6271e-03
3.8836e-03
4.0363e-03
4.0911e-03
4.0849e-03
4.0351e-03
3.9401e-03
3.8054e-03
3.6372e-03
3.4380e-03
3.2398e-03
3.0946e-03
3.0153e-03
2.9664e-03
2.9044e-03
2.8290e-03
2.7783e-03
2.7585e-03
2.7307e-03
2.6706e-03
2.6025e-03
2.5654e-03
2.5684e-03
2.5807e-03
2.5698e-03
2.5345e-03
2.4886e-03
2.4370e-03
2.3816e-03
2.3329e-03
2.3055e-03
2.3001e-03
2.2996e-03
2.2816e-03
2.2350e-03
2.1662e-03
2.0899e-03
2.0215e-03
1.9666e-03
1.9145e-03
1.8535e-03
1.7872e-03
1.7323e-03
1.6962e-03
1.6710e-03
1.6484e-03
1.6225e-03
1.5848e-03
1.5287e-03
1.4593e-03
1.3935e-03
1.3465e-03
1.3176e-03
1.2899e-03
1.2507e-03
1.2066e-03
1.1727e-03
1.1535e-03
1.1370e-03
1.1090e-03
1.0659e-03
1.0117e-03
9.5163e-04
8.9230e-04
8.4104e-04
7.9789e-04
7.5466e-04
7.0400e-04
6.4523e-04
5.8486e-04
5.3097e-04
4.8632e-04
4.4948e-04
4.1763e-04
3.8649e-04
3.5310e-04
3.1714e-04
2.7954e-04
2.4033e-04
1.9840e-04
1.5425e-04
1.1031e-04
6.8782e-05
2.9957e-05
-7.9199e-06
-4.6812e-05
-8.6289e-05
-1.2406e-04
-1.5895e-04
-1.9233e-04
-2.2703e-04
-2.6527e-04
-3.0711e-04
-3.5135e-04
-3.9687e-04
-4.4264e-04
-4.8745e-04
-5.3024e-04
-5.7127e-04
-6.1214e-04
-6.5377e-04
-6.9565e-04
-7.3672e-04
-7.7664e-04
-8.1635e-04
-8.5705e-04
-8.9903e-04
-9.4166e-04
-9.8382e-04
-1.0247e-03
-1.0639e-03
-1.1016e-03
-1.1384e-03
-1.1748e-03
-1.2111e-03
-1.2475e-03
-1.2840e-03
-1.3205e-03
-1.3570e-03
-1.3931e-03
-1.4286e-03
-1.4639e-03
-1.4990e-03
-1.5341e-03
-1.5692e-03
-1.6042e-03
-1.6390e-03
-1.6737e-03
-1.7084e-03
-1.7430e-03
-1.7775e-03
-1.8118e-03
-1.8459e-03
-1.8797e-03
-1.9131e-03
-1.9462e-03
-1.9792e-03
-2.0119e-03
-2.0445e-03
-2.0769e-03
-2.1091e-03
-2.1411e-03
-2.1728e-03
-2.2043e-03
-2.2356e-03
-2.2667e-03
-2.2976e-03
-2.3282e-03
-2.3586e-03
-2.3887e-03
-2.4186e-03
-2.4483e-03
-2.4777e-03
-2.5069e-03
-2.5358e-03
-2.5645e-03
-2.5929e-03
