8.1260e-05
1.4882e-04
4.8416e-04
8.4019e-04
1.3153e-03
1.5823e-03
1.3333e-03
1.0861e-03
9.0367e-04
5.2401e-04
7.4866e-05
-1.4605e-04
-4.4087e-05
4.8505e-04
5.4806e-04
3.4264e-04
-2.6827e-04
-9.3543e-04
-1.0199e-03
-9.5170e-04
-5.6115e-04
-1.4096e-03
-2.9098e-03
-4.9009e-03
-7.1369e-03
-8.3315e-03
-8.7166e-03
-7.1912e-03
-6.7226e-03
-6.9110e-03
-7.3767e-03
-7.8053e-03
-9.3512e-03
-1.2041e-02
-1.2306e-02
-1.1619e-02
-7.6787e-03
-1.1818e-03
6.1178e-03
8.8568e-03
9.7595e-03
1.1991e-02
1.2618e-02
9.2672e-03
5.8716e-03
7.1202e-03
7.7238e-03
6.1760e-03
8.4136e-04
-3.7929e-03
-8.7540e-03
-1.4815e-02
-1.6885e-02
-1.6055e-02
-1.5861e-02
-1.4464e-02
-1.2245e-02
-1.1044e-02
-5.9602e-03
-2.9962e-03
-2.0434e-03
-1.8328e-03
-9.8330e-04
2.5500e-03
3.0242e-03
5.5696e-03
1.4272e-02
1.7266e-02
1.5998e-02
1.7616e-02
1.9274e-02
1.7693e-02
1.3385e-02
1.1831e-02
9.5118e-03
4.4576e-03
-5.9779e-03
-1.7490e-02
-2.0438e-02
-1.5460e-02
-2.2577e-03
7.7194e-03
1.1707e-02
1.3702e-02
1.2779e-02
1.1357e-02
1.0619e-02
1.2528e-02
1.3229e-02
8.5245e-03
2.9757e-03
1.7242e-03
2.9696e-03
7.7930e-03
1.3676e-02
1.8281e-02
1.4906e-02
3.7089e-03
1.7440e-03
-2.0328e-04
-6.4922e-03
-2.1376e-03
5.7029e-03
6.8742e-03
9.4525e-03
1.2090e-02
1.1169e-02
1.0652e-02
1.0770e-02
1.0787e-02
8.5834e-03
9.1108e-03
1.3021e-02
1.4882e-02
1.4336e-02
1.2176e-02
1.0557e-02
1.1132e-02
1.4597e-02
1.5734e-02
1.3756e-02
1.2193e-02
1.2273e-02
1.4282e-02
1.5075e-02
1.2812e-02
5.0818e-03
-1.2466e-03
-1.5337e-02
-3.4232e-02
-5.2773e-02
-5.3522e-02
-4.1128e-02
-1.5998e-02
7.8486e-03
2.4315e-02
3.2840e-02
4.6593e-03
-1.7188e-02
-3.0823e-02
-2.9685e-02
-2.9731e-02
-2.4986e-02
-4.1715e-02
-4.3559e-02
-8.5530e-02
-8.8406e-02
-1.7865e-01
-9.4030e-03
1.8220e-01
5.7917e-02
3.0400e-02
1.2429e-02
-2.3714e-02
-5.0997e-02
-2.3059e-02
-2.2887e-03
4.5271e-03
-1.8356e-02
-3.1077e-02
-4.4011e-02
1.2633e-02
4.0506e-02
2.8308e-02
2.3405e-02
4.9223e-03
-2.7099e-03
-2.2224e-03
2.6638e-02
3.2100e-02
-6.9687e-03
-8.1823e-03
-3.7678e-03
-2.0548e-02
-3.0433e-02
8.8045e-04
1.8426e-02
-1.7332e-02
-2.5025e-02
-1.0415e-02
-8.1565e-03
-2.9850e-03
1.6116e-02
2.8016e-02
4.7825e-02
5.6989e-02
5.3016e-02
3.6318e-02
1.4877e-03
-1.5683e-02
-1.0509e-02
-1.1189e-02
-1.9659e-02
-3.7382e-02
-4.2355e-02
-2.3222e-02
-3.0062e-03
7.3555e-03
9.7481e-03
1.5709e-02
9.1050e-03
-3.0457e-03
-3.8794e-03
4.3926e-03
2.0670e-02
3.4883e-02
4.8837e-02
4.3627e-02
3.1896e-02
2.6247e-02
6.3425e-03
1.3531e-03
-1.3621e-02
-3.9542e-02
-4.3337e-02
-2.9454e-02
-2.4207e-02
-1.1016e-02
2.1330e-02
1.4253e-02
1.6063e-02
1.8461e-03
-2.1234e-02
-1.9239e-02
-1.2269e-02
3.7621e-03
1.6319e-02
3.0266e-02
3.1447e-02
1.5642e-02
-4.4436e-03
1.3920e-02
3.7540e-02
4.3698e-02
2.0446e-02
-1.4646e-02
-3.2407e-02
-3.9950e-02
-3.2490e-02
-2.5729e-02
-2.1326e-02
-1.3540e-02
-1.7857e-03
6.6690e-04
3.2129e-04
6.9882e-03
1.3719e-02
1.4323e-04
-1.9538e-02
1.0491e-03
1.6281e-02
1.8556e-02
5.1706e-03
-1.0215e-02
-2.8727e-02
-3.0300e-02
-7.8404e-03
-1.2033e-02
-2.9056e-03
8.6306e-03
1.6472e-02
1.9821e-02
-1.4268e-03
-2.3319e-02
-2.5341e-02
-1.0773e-02
9.5642e-03
3.0032e-02
3.7649e-02
1.5559e-02
3.0015e-03
2.3992e-03
-3.2117e-04
-9.9538e-03
-2.4904e-02
-3.2454e-02
-3.2183e-02
-1.6239e-02
1.9762e-02
4.9866e-02
3.4604e-02
-1.9208e-03
-1.1021e-02
-8.7257e-03
-9.7028e-03
-1.0025e-02
-4.6811e-03
3.6696e-03
7.4292e-03
4.8691e-03
2.7389e-03
1.5691e-03
3.7973e-03
-2.7178e-03
-3.6223e-02
-3.0244e-02
-2.6359e-03
1.2447e-02
3.2136e-03
-5.2679e-03
-2.9396e-03
-7.3282e-03
-8.3128e-03
-9.0488e-03
-9.5092e-03
-6.7802e-03
6.2394e-04
6.9983e-04
8.8538e-03
1.3080e-02
1.4309e-02
1.3631e-02
1.4400e-02
8.0536e-03
-1.0078e-02
-1.2507e-02
-1.5937e-02
-3.3602e-02
-2.5729e-02
1.8912e-03
1.7287e-02
-4.4322e-04
-1.8706e-02
-1.5656e-02
-4.1741e-03
7.1694e-03
9.2844e-03
8.7418e-03
7.9458e-03
1.6460e-02
1.1392e-02
-4.8486e-03
-4.4076e-03
1.2138e-02
3.6987e-02
3.3346e-02
1.0567e-02
1.3155e-02
-2.8457e-03
-2.0865e-02
5.3364e-03
3.0265e-02
4.6454e-02
5.0278e-02
2.8371e-02
-2.8763e-03
-1.5385e-02
-1.7281e-02
-2.5017e-02
-1.6641e-02
-3.8139e-03
6.4143e-03
1.2437e-02
2.5438e-02
2.8632e-02
2.3259e-02
1.7993e-02
-1.9215e-03
-1.6014e-02
-2.7548e-02
-4.2922e-02
-3.2142e-02
7.8168e-03
3.0366e-02
2.3326e-02
2.3782e-03
4.4554e-03
1.5819e-02
2.3042e-02
2.1515e-03
-2.1563e-02
-7.5494e-03
-9.1886e-03
-1.3596e-02
-1.2272e-02
1.2247e-03
9.1048e-03
8.5526e-03
-1.9252e-03
-3.7895e-03
1.9960e-03
-6.9579e-04
-7.7336e-03
-1.4326e-02
-1.3388e-02
-1.3154e-02
-8.6265e-03
-2.8688e-03
1.0602e-02
1.8284e-02
1.2196e-02
8.9418e-04
-3.1751e-03
-6.7602e-03
-1.4953e-02
-1.5411e-02
-1.4904e-02
-9.8445e-03
2.8881e-03
1.0060e-02
1.0758e-02
8.6912e-03
6.1699e-03
4.4464e-03
2.8529e-03
7.0565e-03
1.2185e-02
8.9831e-03
3.8311e-03
1.5477e-03
1.8459e-03
5.0832e-03
5.6229e-03
4.0593e-03
9.0237e-04
-8.5088e-03
-1.5144e-02
-1.8743e-02
-1.4054e-02
7.8372e-04
1.3647e-02
1.4774e-02
5.2781e-03
-9.0776e-03
-2.0469e-02
-2.5831e-02
-2.6718e-02
-1.4073e-02
-4.8002e-04
3.4175e-03
4.2340e-03
6.2020e-03
4.3150e-03
-1.1958e-03
-2.6155e-03
-3.1682e-03
-2.3421e-03
7.1386e-04
5.2644e-03
1.0425e-02
1.0456e-02
5.8065e-03
2.9825e-03
2.9203e-03
9.8313e-04
-2.6430e-03
-3.7258e-03
-2.1236e-03
2.6355e-04
-4.8626e-03
-1.5556e-02
-1.3736e-02
-2.9068e-03
4.7570e-03
3.2216e-03
-5.2679e-03
-7.4089e-03
-9.0176e-03
-1.2235e-02
-1.2126e-02
-1.0334e-02
-8.5052e-03
-2.2423e-03
2.1649e-03
-2.4289e-05
-2.4829e-03
-5.4499e-03
-6.8259e-03
-6.8283e-03
-7.7833e-03
-9.7722e-03
-9.1443e-03
-5.9179e-03
-4.3821e-03
-1.8521e-03
4.2414e-03
7.0393e-03
8.8870e-03
7.4817e-03
-6.7000e-04
-4.6677e-03
-5.1964e-03
-4.3505e-03
2.0166e-04
4.6310e-03
7.6728e-03
9.4684e-03
6.0980e-03
7.5918e-04
-4.4335e-03
-8.6980e-03
-9.7586e-03
-4.5522e-03
3.7319e-03
5.6134e-03
5.2499e-03
4.0955e-03
2.4349e-03
3.9566e-04
-1.2523e-03
-1.2769e-03
-3.4385e-04
-2.6743e-04
-2.2608e-04
1.4672e-03
2.1188e-03
5.6868e-04
-3.0947e-03
-5.2523e-03
-5.6507e-03
-5.9388e-03
-4.9761e-03
-2.1999e-03
8.2617e-04
2.2517e-03
2.7879e-03
2.9050e-03
2.9021e-03
2.6198e-03
1.3504e-03
-1.6026e-04
-1.6060e-03
-3.0288e-03
-3.2454e-03
-1.6209e-03
2.6772e-04
1.9751e-03
3.0875e-03
2.2243e-03
8.0948e-04
2.9550e-04
7.6517e-04
1.0400e-03
1.3939e-03
1.7371e-03
2.0836e-03
1.8487e-03
5.7427e-04
-4.7347e-04
-7.4080e-04
6.1783e-04
3.2850e-03
5.5189e-03
5.5838e-03
4.0697e-03
2.9454e-03
2.2103e-03
1.2461e-03
1.0666e-04
-2.0815e-04
9.5861e-04
2.6646e-03
3.1377e-03
2.3624e-03
1.3247e-03
1.5503e-03
2.4344e-03
1.9937e-03
5.9644e-04
-7.3127e-04
-5.7937e-04
7.8232e-04
1.8728e-03
2.6299e-03
3.0677e-03
2.5941e-03
2.7121e-03
2.9700e-03
1.9267e-03
1.3896e-04
-2.1737e-03
-3.9486e-03
-4.7281e-03
-4.0911e-03
-2.3464e-03
-2.5593e-04
1.5075e-03
1.4481e-03
-2.3557e-04
-2.4449e-03
-3.4382e-03
-2.9256e-03
-2.6716e-03
-3.1081e-03
-3.1473e-03
-2.2164e-03
-9.8140e-04
2.0190e-04
1.5260e-03
1.8850e-03
1.2910e-03
1.0904e-03
1.4474e-03
3.1280e-03
4.8734e-03
5.9756e-03
6.2101e-03
5.5010e-03
4.4762e-03
3.2994e-03
1.9427e-03
1.1321e-03
1.1459e-03
1.3012e-03
8.9639e-04
9.6653e-04
2.7392e-03
4.5648e-03
4.3719e-03
2.8431e-03
1.4608e-03
9.9149e-04
2.3365e-03
3.5491e-03
3.1025e-03
1.2459e-03
1.6264e-04
5.0196e-04
1.3884e-03
1.5862e-03
1.2848e-03
1.5131e-03
1.5772e-03
1.8600e-03
3.1607e-03
5.9523e-03
7.7855e-03
7.3758e-03
4.0292e-03
3.2914e-04
-1.5589e-03
3.8154e-04
4.9642e-03
6.2938e-03
5.1720e-03
2.4477e-03
3.3771e-04
-8.7950e-04
-1.4299e-03
-7.6782e-04
1.3185e-04
1.0991e-03
1.8233e-03
2.5571e-03
2.7643e-03
2.1919e-03
1.8403e-03
1.6810e-03
5.0752e-04
-1.1869e-03
-2.2955e-03
-1.8417e-03
-1.0354e-03
9.4829e-05
1.5580e-03
1.5689e-03
5.7945e-04
-6.1268e-04
-6.0002e-04
3.0719e-04
1.2251e-03
1.2954e-03
9.0600e-04
8.7891e-04
2.7034e-04
-6.5993e-04
-1.7825e-03
-2.6777e-03
-2.2531e-03
-1.5567e-03
-1.9351e-03
-2.9472e-03
-3.9508e-03
-3.8735e-03
-2.8240e-03
-2.2157e-03
-2.1996e-03
-2.1073e-03
-1.8117e-03
-1.7797e-03
-2.8446e-03
-4.0682e-03
-3.5333e-03
-2.4603e-03
-2.1350e-03
-1.6880e-03
-4.0956e-04
5.8798e-04
2.3865e-04
-7.4009e-04
-2.7574e-03
-4.4467e-03
-3.9179e-03
-2.9249e-03
-2.9102e-03
-2.9246e-03
-2.7176e-03
-3.3496e-03
-4.1001e-03
-3.4820e-03
-2.2741e-03
-1.1128e-03
1.9683e-04
3.2796e-04
-6.4391e-04
-1.6233e-03
-1.4439e-03
-1.8957e-04
6.6255e-04
2.9966e-04
-5.7081e-04
-1.9390e-04
4.5154e-04
1.2047e-04
-6.0492e-04
-1.1459e-03
-1.0943e-03
-1.6687e-03
-2.1971e-03
-1.6822e-03
-1.5114e-03
-2.5668e-03
-4.2745e-03
-4.9062e-03
-4.2767e-03
-2.8529e-03
-1.2890e-03
2.4159e-04
7.9461e-04
-3.1126e-04
-2.5339e-03
-3.9226e-03
-2.7116e-03
-6.5199e-04
-2.9993e-04
-1.3475e-03
-3.1277e-03
-3.7678e-03
-1.9758e-03
-1.7086e-03
-2.8242e-03
-2.0505e-03
1.4631e-04
4.7363e-04
-3.8149e-04
3.2922e-04
4.9347e-03
8.5357e-03
8.4798e-03
4.0487e-03
-1.2258e-03
-2.3454e-03
-2.5688e-03
-2.4548e-03
-2.2447e-03
-1.5400e-03
-2.5127e-04
1.2833e-03
3.2413e-03
4.5989e-03
5.6935e-03
6.6782e-03
4.9974e-03
2.7075e-03
1.6120e-03
2.0662e-03
2.4820e-03
1.5183e-03
1.3209e-03
1.7839e-03
8.7474e-04
1.7258e-03
4.5178e-03
6.1936e-03
4.4545e-03
1.5975e-04
-1.5336e-03
-2.4658e-03
-3.7384e-03
-5.6841e-03
-1.0137e-03
3.7939e-03
2.8502e-03
1.3198e-03
-2.2225e-03
-5.3165e-03
-6.8247e-03
-3.8959e-03
3.8117e-03
7.6164e-03
7.9859e-03
5.3640e-03
-2.2964e-03
-6.3724e-03
-6.5298e-03
-4.8240e-04
3.5517e-03
2.7605e-03
2.0352e-03
1.7926e-03
2.4901e-03
1.9195e-03
-1.8830e-04
-3.7058e-03
-5.2209e-03
-3.9288e-03
-1.0702e-03
2.2997e-03
5.5634e-03
7.4929e-03
8.7177e-03
8.8113e-03
7.9133e-03
6.6815e-03
5.2528e-03
2.3016e-03
-1.2516e-03
-4.1460e-03
-5.8019e-03
-5.8031e-03
-7.8340e-03
-9.8171e-03
-1.0206e-02
-8.4021e-03
-7.3547e-03
-3.2438e-03
3.6108e-03
4.0398e-03
3.4233e-03
2.8798e-03
1.0091e-03
-1.3644e-04
-8.4206e-04
-2.3152e-03
-3.5361e-03
-3.4093e-03
-1.7633e-03
1.4253e-04
2.9281e-04
3.0443e-04
-5.9784e-04
-1.2302e-04
-2.1798e-03
7.5880e-04
5.7374e-03
5.1219e-03
4.2382e-03
5.6910e-03
3.2525e-03
-1.0759e-02
-1.5992e-02
-1.5871e-02
-1.6851e-02
-9.9613e-03
5.5190e-04
2.0553e-03
4.6605e-03
8.6443e-03
7.7604e-03
1.7516e-04
-6.6367e-03
-6.7292e-03
-3.7404e-03
3.6424e-03
6.5974e-03
3.1107e-03
1.8979e-03
7.3793e-03
8.2160e-03
1.4731e-03
-1.0146e-02
-4.7875e-03
5.9651e-03
3.3638e-03
7.0789e-04
-5.0471e-04
-5.3408e-03
-9.7036e-03
-8.5273e-03
-2.2839e-03
6.1751e-03
8.2544e-03
7.8980e-03
7.1227e-03
3.0947e-03
1.8041e-04
-1.1025e-03
-1.8394e-03
-1.0740e-03
-5.6850e-04
-2.4640e-03
-4.6945e-03
-6.2412e-03
-1.0192e-03
6.9548e-03
8.0000e-03
7.5948e-03
6.4742e-03
5.3438e-03
4.5949e-03
4.8504e-03
5.6926e-03
4.6655e-03
2.4810e-03
-8.1739e-05
-2.0371e-03
-1.6363e-03
-3.4164e-04
-1.0440e-03
-1.5580e-03
-6.1318e-04
-6.5485e-04
-2.0235e-03
-1.5301e-03
-1.1787e-03
-2.5704e-03
-3.7935e-03
-3.8210e-03
-3.9564e-03
-3.3116e-03
-1.5305e-03
-1.2711e-03
-5.2934e-04
-6.0407e-05
1.5491e-03
4.7228e-03
7.4165e-03
7.1133e-03
6.2618e-03
1.5282e-03
-6.1377e-03
-7.6806e-03
-4.9401e-03
-8.5244e-04
6.9748e-04
-1.6029e-05
-1.8706e-03
-6.0128e-03
-1.0564e-02
-1.1380e-02
-1.2318e-02
-7.7823e-03
-6.1039e-04
-5.6227e-04
-2.6119e-03
-8.7519e-04
6.4667e-03
1.2488e-02
7.9881e-03
2.9685e-04
2.8845e-03
9.7427e-03
1.0759e-02
-1.6463e-03
-7.8628e-03
-8.5663e-03
-8.5593e-03
2.4717e-03
7.6484e-03
6.4899e-03
3.8746e-03
1.8527e-03
-1.9920e-03
-5.0915e-03
-9.9185e-04
3.3813e-03
5.3175e-03
-2.9744e-03
-1.3811e-02
-1.5718e-02
-3.2840e-03
9.8838e-03
1.1204e-02
1.2164e-02
1.3750e-02
1.2024e-02
4.1627e-03
-7.1835e-03
-1.3400e-02
-1.0440e-02
-1.0196e-03
3.6485e-04
-8.6078e-03
-3.8646e-03
1.1572e-02
2.0379e-02
1.0479e-02
-6.3349e-03
-2.0659e-02
-1.8327e-02
-3.2577e-03
3.0338e-04
1.0185e-03
6.9485e-03
5.8832e-03
-5.2415e-03
-8.9502e-03
-8.4620e-03
-2.5711e-03
6.8082e-03
9.6467e-03
3.8026e-03
-2.0295e-03
-3.7583e-03
-6.9302e-03
-2.8649e-03
4.2895e-03
4.8612e-03
6.5037e-04
-2.4211e-03
-2.4996e-03
-1.0976e-03
8.5531e-04
1.8483e-03
2.1186e-03
1.3579e-03
6.4860e-04
7.2705e-04
9.2948e-04
4.4560e-04
2.1579e-04
8.6909e-04
1.7260e-03
1.7572e-03
1.8192e-03
1.1169e-03
-8.5648e-05
-4.9132e-04
2.3464e-04
2.6223e-03
4.5200e-03
4.9881e-03
3.3775e-03
-3.9886e-04
-3.7186e-03
-4.4072e-03
-2.7759e-03
-1.4232e-03
1.5336e-04
2.0593e-03
3.1272e-03
3.0727e-03
2.5302e-03
2.5463e-03
2.7934e-03
1.6936e-03
-5.8019e-05
-1.4734e-03
-1.4817e-03
4.4181e-04
2.6192e-03
3.6875e-03
3.0836e-03
1.3025e-03
1.1365e-03
1.7760e-03
5.8745e-04
-7.0232e-04
-1.1947e-03
-1.7013e-03
-2.0158e-03
-1.5038e-03
-2.9643e-04
4.6613e-04
2.6077e-04
-1.9881e-04
-2.0718e-04
4.6361e-04
1.1181e-03
1.3694e-03
9.3969e-04
4.9712e-04
1.3407e-05
7.0014e-05
2.7476e-04
-5.7757e-05
-8.1291e-05
-1.4472e-04
2.0872e-04
3.8218e-04
-6.8540e-06
-4.9787e-04
-6.9296e-04
-1.2167e-03
-2.4114e-03
-3.1094e-03
-2.2020e-03
-1.1967e-03
-1.7639e-03
-2.2687e-03
-2.1920e-03
-1.4071e-03
-6.1420e-04
1.4562e-04
9.4425e-05
-5.1354e-04
-6.3181e-04
-4.8171e-04
4.0855e-04
1.2645e-03
6.7764e-04
-1.9115e-04
5.6620e-04
1.3123e-03
1.4642e-03
7.5395e-04
-2.9657e-05
-1.0816e-04
-1.1438e-04
-1.2275e-04
-7.9934e-05
2.8027e-04
-2.0775e-05
-4.4831e-04
-1.3430e-03
-1.8287e-03
-1.6439e-03
-8.2157e-04
7.8677e-04
2.0652e-03
2.5176e-03
1.7027e-03
5.3706e-04
-5.0731e-04
-1.3388e-03
-1.6648e-03
-6.5400e-04
1.2482e-03
3.2142e-03
3.9114e-03
3.1426e-03
7.8430e-04
-1.7205e-03
-2.0159e-03
-1.2208e-03
-2.5896e-04
2.1445e-04
-1.8273e-04
-1.1064e-03
-1.5140e-03
-7.3783e-04
1.7937e-05
-5.1799e-05
-3.3050e-04
-1.9877e-04
2.9761e-05
-1.9221e-04
-1.6417e-03
-2.9983e-03
-3.0125e-03
-1.6817e-03
-1.7982e-04
-3.0872e-04
-5.9380e-04
-7.0318e-04
-2.8548e-04
1.0628e-04
-2.0086e-05
7.1466e-04
9.9248e-04
3.7144e-04
-8.3206e-05
-8.6704e-04
-5.7668e-04
-8.5973e-04
-1.2397e-03
-5.3697e-04
4.1146e-04
1.4248e-03
1.6315e-03
1.7761e-03
1.7904e-03
1.5391e-03
1.3756e-03
1.5204e-03
1.9529e-03
2.2094e-03
2.0121e-03
1.2971e-03
4.6827e-04
8.2273e-05
-8.7771e-05
1.0485e-04
-3.9581e-04
-7.2775e-04
-6.9435e-04
-7.0880e-05
6.6459e-04
8.3239e-04
7.5400e-04
-8.4939e-05
-4.4206e-04
-4.0055e-04
-3.5188e-04
-1.7296e-04
-4.5276e-04
-1.1571e-03
-1.1916e-03
-1.9782e-03
-2.0553e-03
-1.1324e-03
-8.4306e-04
-3.4848e-04
-1.2709e-04
-2.8373e-04
-4.1192e-04
-3.7353e-04
-5.4751e-04
-5.3613e-04
-7.9042e-04
-1.5369e-03
-1.6770e-03
-1.1858e-03
-5.7678e-04
8.2606e-04
9.8259e-04
6.4945e-04
4.5157e-04
-3.0593e-04
-6.9536e-06
6.9137e-04
1.4181e-03
1.9735e-03
1.9246e-03
1.0889e-03
4.2807e-04
2.2724e-05
-3.8619e-04
-3.0345e-04
1.3964e-04
4.7860e-04
4.9285e-04
3.6164e-04
4.7484e-04
4.2725e-05
-2.9868e-04
8.2560e-05
5.8153e-04
6.4396e-04
1.7717e-04
5.2874e-04
1.1827e-03
1.5955e-03
1.3167e-03
8.2870e-04
1.0082e-03
8.4008e-04
2.2218e-04
-1.8513e-04
1.5577e-04
5.9688e-04
6.9503e-04
1.0372e-03
1.4775e-03
1.3581e-03
9.8499e-04
3.9310e-04
-8.4801e-05
2.3329e-04
2.0751e-04
-5.6718e-04
-6.2103e-04
4.3904e-04
1.5458e-03
1.9958e-03
1.4852e-03
1.4291e-03
1.3351e-03
5.9569e-04
-1.1987e-03
-8.9234e-04
1.1384e-03
6.3470e-04
6.4537e-04
1.2098e-03
1.8223e-03
1.3845e-03
1.3710e-04
-6.1167e-04
-8.1242e-04
-4.3670e-04
7.0525e-05
1.3412e-03
1.7429e-03
1.0409e-03
2.2596e-04
-3.8712e-04
-8.8175e-04
-1.0123e-03
-9.4062e-04
-8.9884e-04
-4.9027e-04
-2.7600e-04
-3.7982e-04
-3.0884e-04
-6.2322e-04
-1.1421e-03
-1.4930e-03
-1.3677e-03
-9.5711e-04
-5.7296e-04
-5.6757e-04
-1.0093e-03
-9.0384e-04
-1.2418e-03
-1.5467e-03
-1.5683e-03
-1.8260e-03
-1.3838e-03
-1.0248e-03
-1.2535e-03
-1.4465e-03
-1.4147e-03
-1.4771e-03
-1.6251e-03
-1.5643e-03
-1.0284e-03
-4.3246e-04
-2.4565e-04
-8.1474e-04
-1.2732e-03
-1.1973e-03
-1.4179e-03
-1.3784e-03
-1.8206e-03
-2.3501e-03
-3.0104e-03
-4.2023e-03
-5.0678e-03
-3.4622e-03
1.1598e-04
2.5853e-03
4.2521e-03
4.0438e-03
2.1769e-03
-7.9536e-04
-3.7214e-03
-4.8655e-03
-2.2848e-03
3.2577e-04
1.4172e-03
3.2319e-03
3.2656e-03
1.1680e-03
-1.4188e-03
-3.3500e-03
-3.7733e-03
-7.4705e-04
3.2307e-03
4.1885e-03
1.3950e-03
-1.6352e-03
-4.2373e-03
-5.7760e-03
-5.1984e-03
-3.1815e-03
-1.6734e-03
-1.1276e-03
7.2065e-04
2.6632e-03
3.1395e-03
1.7862e-03
-1.3067e-03
-3.2603e-03
-3.2938e-03
-2.3785e-03
-3.3562e-04
9.4838e-04
1.2091e-03
4.9787e-04
-2.5828e-04
-1.0945e-05
4.8528e-04
2.0296e-03
2.6146e-03
1.5392e-03
-7.1523e-04
-1.7141e-03
-2.1013e-03
-8.7393e-04
2.4746e-03
5.0654e-03
5.8651e-03
3.9057e-03
1.5764e-03
-1.0396e-03
-2.9370e-03
-2.3895e-03
-4.6173e-04
1.5448e-03
2.8048e-03
2.5850e-03
1.5015e-03
7.5542e-04
3.3357e-04
3.1243e-04
6.6441e-04
8.6469e-04
1.2057e-03
1.5694e-03
1.3320e-03
1.1158e-03
1.1115e-03
1.2328e-03
1.1953e-03
9.8210e-04
8.8943e-04
8.7847e-04
8.1492e-04
8.4388e-04
1.0156e-03
9.2938e-04
6.3085e-04
2.4663e-04
1.6625e-04
4.3193e-04
6.4378e-04
7.4038e-04
6.8064e-04
3.8838e-04
1.4057e-04
1.0093e-04
2.7102e-04
3.6529e-04
2.5278e-04
2.8856e-04
4.5087e-04
5.9160e-04
6.6929e-04
5.5884e-04
2.9871e-04
1.0390e-04
2.8130e-05
1.1005e-04
1.8883e-04
1.3893e-04
1.7512e-04
1.7674e-04
1.0904e-04
1.1371e-04
1.0072e-04
5.0438e-05
-4.1161e-05
-1.2667e-04
-2.2060e-04
-2.3163e-04
-1.4530e-04
-9.9164e-05
-1.4378e-04
-1.9409e-04
-2.5514e-04
-2.8090e-04
-2.8929e-04
-2.9753e-04
-2.7771e-04
-2.3474e-04
-2.3701e-04
-2.7199e-04
-2.8183e-04
-2.9726e-04
-2.9679e-04
-2.8348e-04
-2.7857e-04
-2.7102e-04
-2.6904e-04
-2.6902e-04
-2.6861e-04
-2.6664e-04
-2.6453e-04
-2.5917e-04
-2.5421e-04
-2.5376e-04
-2.5138e-04
-2.4461e-04
-2.3791e-04
-2.3143e-04
-2.2500e-04
-2.1909e-04
-2.1264e-04
-2.0457e-04
-1.9610e-04
-1.8740e-04
-1.7870e-04
-1.6950e-04
-1.6013e-04
-1.5111e-04
-1.4169e-04
-1.3236e-04
-1.2305e-04
-1.1392e-04
-1.0488e-04
-9.6048e-05
-8.7575e-05
-7.9447e-05
-7.1692e-05
-6.4342e-05
-5.7416e-05
-5.0960e-05
-4.5021e-05
-3.9647e-05
