-2.0919e-04
-2.0925e-04
-2.0920e-04
-2.0922e-04
-2.0920e-04
-2.0919e-04
-2.0918e-04
-2.0917e-04
-2.0917e-04
-2.0918e-04
-2.0919e-04
-2.0919e-04
-2.0918e-04
-2.0921e-04
-2.0922e-04
-2.0921e-04
-2.0902e-04
-2.0898e-04
-2.0912e-04
-2.0911e-04
-2.0936e-04
-2.0974e-04
-2.1006e-04
-2.1044e-04
-2.1042e-04
-2.1024e-04
-2.0970e-04
-2.0965e-04
-2.1035e-04
-2.1049e-04
-2.1024e-04
-2.1032e-04
-2.0795e-04
-2.0603e-04
-2.0623e-04
-2.0592e-04
-2.0823e-04
-2.0806e-04
-2.0562e-04
-2.0427e-04
-1.9718e-04
-1.9490e-04
-1.8780e-04
-1.9193e-04
-2.0617e-04
-2.0556e-04
-2.0183e-04
-1.9971e-04
-2.0153e-04
-2.0195e-04
-2.0118e-04
-2.1727e-04
-2.2704e-04
-2.2203e-04
-2.1584e-04
-2.0959e-04
-1.9139e-04
-1.8768e-04
-2.0185e-04
-1.9657e-04
-1.8796e-04
-1.8829e-04
-1.8916e-04
-1.7902e-04
-1.4329e-04
-1.2721e-04
-1.4732e-04
-1.4467e-04
-1.4500e-04
-1.8312e-04
-1.8683e-04
-9.5049e-05
-9.5894e-05
-2.1068e-04
-1.9827e-04
-2.2142e-04
-2.6856e-04
-3.1812e-04
-3.4253e-04
-3.7322e-04
-4.4646e-04
-4.3153e-04
-4.1732e-04
-4.1661e-04
-2.8979e-04
-3.5208e-04
-4.4862e-04
-5.2723e-04
-5.4737e-04
-5.4318e-04
-5.7882e-04
-5.1036e-04
-5.6331e-04
-5.3755e-04
-3.9260e-04
-4.1389e-04
-3.9615e-04
-2.2875e-04
-2.4453e-04
-9.6979e-05
-2.2271e-05
-1.4937e-04
-1.2626e-04
-7.0507e-05
-2.3156e-04
-2.7585e-04
-3.4081e-04
-3.3125e-04
-2.7520e-04
-3.5096e-04
-6.0689e-04
-8.2766e-04
-1.0763e-03
-1.0064e-03
-1.0728e-03
-8.5455e-04
-3.2129e-04
-2.9339e-04
-7.1512e-05
4.9042e-05
-2.3490e-05
3.5858e-04
6.9508e-04
9.0741e-04
1.5160e-03
1.9397e-03
1.9838e-03
1.9749e-03
1.5756e-03
1.4255e-03
1.2289e-03
7.4876e-04
6.4838e-04
4.8563e-04
-7.9695e-05
-8.8670e-04
-9.8126e-04
-4.7099e-04
-4.8776e-05
1.1010e-04
-4.1417e-04
-3.9517e-04
-1.5065e-04
-1.2088e-03
-3.7849e-04
2.4564e-03
1.8680e-03
1.1963e-03
1.8449e-03
1.1874e-03
5.6562e-04
5.0909e-04
7.9709e-04
8.7729e-04
6.7380e-04
5.3955e-04
-5.5811e-04
-1.8997e-03
-2.5466e-03
-3.2908e-03
-3.7534e-03
-3.3644e-03
-2.7272e-03
-3.2567e-03
-3.7358e-03
-3.8060e-03
-5.0562e-03
-5.0846e-03
-5.0772e-03
-4.5720e-03
-4.6997e-03
-4.9256e-03
-3.1216e-03
-2.2951e-03
-2.5286e-03
-1.8795e-03
-1.4665e-03
-2.8734e-03
-2.3209e-03
-4.5240e-04
2.8780e-06
-1.5892e-04
-1.1492e-03
-3.3597e-03
-3.9866e-03
-5.1024e-03
-5.9332e-03
-4.4362e-03
-3.2838e-03
-3.3273e-03
-3.4847e-03
-4.4209e-03
-5.6333e-03
-5.5309e-03
-4.1025e-03
-1.2468e-03
1.3968e-03
3.4925e-03
5.8547e-03
6.7514e-03
7.8049e-03
7.8472e-03
5.6914e-03
4.2125e-03
3.7884e-03
2.6220e-03
4.0157e-03
7.1360e-03
7.8743e-03
9.5179e-03
1.1943e-02
8.6309e-03
4.6984e-03
3.3008e-03
1.7543e-03
3.4557e-03
6.2060e-03
6.0011e-03
3.7929e-03
1.8206e-03
4.7407e-04
-3.0600e-03
-4.5250e-03
-4.2559e-06
5.1398e-03
7.2357e-03
1.0710e-02
1.3934e-02
1.1151e-02
9.5329e-03
1.2372e-02
1.3188e-02
1.3576e-02
1.5548e-02
1.6777e-02
1.2326e-02
7.0221e-03
4.3218e-03
-1.1296e-03
-6.5088e-03
-9.8262e-03
-1.1538e-02
-1.1339e-02
-9.4140e-03
-8.5098e-03
-9.6567e-03
-1.0636e-02
-9.9835e-03
-9.5578e-03
-8.3172e-03
-4.8047e-03
-4.5429e-03
-5.5884e-03
-2.8940e-03
-2.1458e-03
-5.6668e-04
4.0682e-03
2.1627e-03
-2.9485e-03
-7.5350e-03
-1.4205e-02
-1.7837e-02
-2.1971e-02
-2.4711e-02
-2.0827e-02
-1.5186e-02
-1.1450e-02
-8.7899e-03
-7.6899e-03
-9.1386e-03
-1.0669e-02
-1.0043e-02
-5.1877e-03
-2.3922e-03
-5.1336e-03
-8.0902e-03
-1.0693e-02
-1.3675e-02
-1.4586e-02
-1.1647e-02
-7.2415e-03
-4.7698e-03
-1.3941e-03
2.4521e-03
1.2681e-03
-5.9274e-04
1.1128e-03
7.2962e-03
1.4296e-02
1.8949e-02
2.4911e-02
2.9589e-02
2.9875e-02
2.4896e-02
1.5499e-02
7.2156e-03
1.8448e-03
-5.1512e-03
-1.0489e-02
-1.0186e-02
-3.8875e-03
7.4973e-04
1.8265e-04
4.1845e-03
9.4142e-03
7.9681e-03
5.6135e-03
2.3888e-03
-6.2689e-04
-1.9182e-03
-3.7692e-03
-2.7683e-03
-3.8652e-03
-8.7087e-04
6.8891e-03
1.1715e-02
2.1021e-02
3.4517e-02
4.0377e-02
4.0594e-02
4.1008e-02
3.9118e-02
3.1725e-02
2.9006e-02
3.2184e-02
3.6869e-02
3.7928e-02
3.8655e-02
4.0074e-02
3.2324e-02
1.8227e-02
7.2746e-03
-2.9746e-03
-1.3066e-02
-1.6792e-02
-1.5085e-02
-1.4398e-02
-1.0374e-02
-4.6354e-03
-1.7212e-03
-1.8006e-03
8.5887e-04
4.2910e-03
7.5239e-03
1.3392e-02
1.8667e-02
2.4678e-02
3.1532e-02
3.7235e-02
3.8989e-02
3.8811e-02
4.1067e-02
4.4090e-02
4.5903e-02
4.9206e-02
5.1104e-02
5.3319e-02
5.5341e-02
5.4187e-02
5.5475e-02
5.6620e-02
5.3119e-02
4.4172e-02
3.4215e-02
2.1638e-02
8.1212e-03
-3.1712e-03
-1.4794e-02
-2.3741e-02
-2.9465e-02
-2.9668e-02
-3.1763e-02
-3.4545e-02
-3.7671e-02
-4.0321e-02
-4.0489e-02
-4.1801e-02
-4.1977e-02
-4.1275e-02
-4.1688e-02
-3.9859e-02
-3.7745e-02
-4.0984e-02
-4.4701e-02
-4.9228e-02
-5.6974e-02
-6.7692e-02
-7.9291e-02
-8.5553e-02
-9.3182e-02
-1.0253e-01
-1.0579e-01
-1.0663e-01
-1.0635e-01
-1.0376e-01
-9.3856e-02
-7.9959e-02
-7.1992e-02
-6.1266e-02
-4.6929e-02
-4.6723e-02
-4.6843e-02
-4.5132e-02
-4.4481e-02
-4.3259e-02
-3.9789e-02
-3.2640e-02
-2.4521e-02
-1.4603e-02
-4.7927e-03
6.2661e-03
1.7221e-02
2.5526e-02
3.3803e-02
3.9558e-02
4.4619e-02
4.6518e-02
4.4593e-02
4.4992e-02
4.8100e-02
5.5955e-02
6.4526e-02
7.4095e-02
8.2793e-02
8.8901e-02
9.4881e-02
9.3816e-02
9.0877e-02
8.7824e-02
8.2610e-02
7.5082e-02
6.3707e-02
5.2623e-02
4.6456e-02
3.5105e-02
2.2674e-02
2.0066e-02
1.9352e-02
2.0854e-02
2.7442e-02
3.0177e-02
2.9364e-02
2.9400e-02
2.7488e-02
2.1976e-02
2.5094e-02
2.5268e-02
2.4076e-02
2.4791e-02
2.6243e-02
2.1488e-02
1.5582e-02
1.0524e-02
2.7917e-03
-8.1945e-03
-1.4686e-02
-2.1073e-02
-3.0666e-02
-4.3849e-02
-6.1496e-02
-7.7944e-02
-1.0047e-01
-1.1799e-01
-1.3147e-01
-1.4360e-01
-1.4330e-01
-1.2060e-01
-7.2768e-02
-1.8894e-02
-3.3670e-02
-6.8608e-02
-8.4041e-02
-8.1946e-02
-6.9164e-02
-4.9461e-02
-3.6980e-02
-3.0171e-02
-2.8052e-02
-1.6374e-02
-4.2192e-03
-8.9662e-04
3.5973e-03
7.9939e-03
7.0538e-03
6.0169e-03
7.7280e-03
9.1564e-03
1.1974e-02
1.7645e-02
2.4371e-02
2.5230e-02
2.9091e-02
3.2063e-02
3.3291e-02
3.7500e-02
3.9710e-02
4.0738e-02
3.9036e-02
3.8036e-02
3.7724e-02
3.7824e-02
3.6438e-02
3.8287e-02
4.2450e-02
4.5860e-02
4.9255e-02
4.9925e-02
4.2871e-02
3.5526e-02
2.7322e-02
2.1897e-02
2.0145e-02
1.7124e-02
9.6876e-03
4.1405e-03
2.8351e-03
6.9114e-03
1.2442e-02
1.4817e-02
1.7628e-02
1.7606e-02
1.5694e-02
1.7965e-02
2.3203e-02
2.6930e-02
2.7486e-02
2.6474e-02
2.6117e-02
2.5881e-02
2.3667e-02
2.2046e-02
1.9772e-02
1.4391e-02
8.6903e-03
5.8754e-03
3.1340e-03
4.5359e-04
4.3363e-03
8.1409e-03
1.0217e-02
1.2406e-02
1.5700e-02
1.7840e-02
1.5849e-02
1.3637e-02
1.4823e-02
1.4427e-02
1.4614e-02
1.3524e-02
1.0490e-02
5.5232e-03
-2.0174e-03
-6.2994e-03
-1.1036e-02
-1.4230e-02
-1.5217e-02
-1.0435e-02
-9.2028e-04
9.5019e-04
-1.9702e-03
-1.1321e-02
-2.3937e-02
-3.5242e-02
-4.4154e-02
-5.2253e-02
-6.4945e-02
-7.4920e-02
-8.0108e-02
-8.4787e-02
-8.0426e-02
-6.6285e-02
-5.1403e-02
-4.0333e-02
-3.2108e-02
-2.4156e-02
-1.6683e-02
-7.6102e-03
1.3633e-04
2.8544e-03
2.8880e-03
3.5899e-03
4.1008e-03
4.5572e-03
3.5461e-03
3.2845e-03
6.0231e-03
6.3254e-03
9.0681e-03
1.3692e-02
1.6387e-02
2.0050e-02
2.9654e-02
4.1127e-02
5.0159e-02
6.3242e-02
7.2495e-02
7.6249e-02
7.6370e-02
7.6579e-02
7.7715e-02
7.5176e-02
6.6151e-02
5.8169e-02
5.1304e-02
4.3877e-02
3.5886e-02
2.8959e-02
1.9889e-02
4.0715e-03
-1.3328e-02
-3.4224e-02
-5.5764e-02
-7.7322e-02
-1.0247e-01
-1.2287e-01
-1.3539e-01
-1.4661e-01
-1.5045e-01
-1.3820e-01
-1.1763e-01
-9.3254e-02
-5.7601e-02
-2.6280e-02
-6.1435e-03
-6.9397e-03
-2.1804e-02
-3.0532e-02
-2.7416e-02
-2.1506e-02
-1.1916e-02
-9.5077e-03
-1.2633e-02
-1.9060e-02
-2.2787e-02
-2.2899e-02
-2.4918e-02
-2.1677e-02
-1.2746e-02
-4.7020e-03
-3.5569e-03
-2.3673e-03
-3.3751e-03
-3.1114e-03
-1.5508e-03
6.3807e-04
7.9392e-03
1.9968e-02
3.1209e-02
3.9130e-02
4.1648e-02
4.0943e-02
4.3175e-02
4.8942e-02
5.3608e-02
5.9050e-02
6.6737e-02
7.4282e-02
7.8877e-02
8.3081e-02
8.6188e-02
8.3766e-02
7.5106e-02
6.4513e-02
5.7755e-02
4.9243e-02
3.9124e-02
2.6173e-02
1.3479e-02
2.4138e-03
-9.1618e-03
-1.6280e-02
-2.0850e-02
-2.4578e-02
-2.9137e-02
-3.5828e-02
-3.9301e-02
-4.4191e-02
-4.7608e-02
-4.0954e-02
-3.0037e-02
-1.5586e-02
4.4915e-03
2.2140e-02
3.5873e-02
4.4467e-02
4.3919e-02
3.7528e-02
2.8881e-02
1.4517e-02
-1.9547e-03
-9.3307e-03
-1.2131e-02
-1.1389e-02
-1.4031e-02
-2.3847e-02
-3.5084e-02
-4.8568e-02
-6.1057e-02
-6.8571e-02
-7.0805e-02
-7.0846e-02
-6.4726e-02
-5.5875e-02
-5.0842e-02
-4.5629e-02
-4.1518e-02
-3.8968e-02
-4.0872e-02
-4.4320e-02
-4.4049e-02
-4.2573e-02
-4.0478e-02
-3.8841e-02
-3.9754e-02
-3.9273e-02
-3.7653e-02
-3.6806e-02
-3.4553e-02
-2.9416e-02
-1.7723e-02
2.5494e-03
2.2505e-02
3.7863e-02
5.3597e-02
6.6497e-02
7.3533e-02
7.8103e-02
8.0958e-02
7.6479e-02
7.4070e-02
7.6345e-02
7.6913e-02
7.2169e-02
6.6552e-02
6.0163e-02
4.9092e-02
3.8515e-02
2.6636e-02
1.2988e-02
1.3283e-03
-4.4111e-03
-8.0691e-03
-1.1855e-02
-1.7939e-02
-2.6687e-02
-3.5316e-02
-4.3074e-02
-5.2093e-02
-5.9995e-02
-6.3409e-02
-6.1946e-02
-5.3385e-02
-3.7387e-02
-2.6925e-02
-2.1548e-02
-2.1323e-02
-2.4481e-02
-2.6661e-02
-2.8216e-02
-2.7761e-02
-2.2274e-02
-1.5545e-02
-1.0349e-02
-7.2029e-03
-5.8629e-03
-4.8255e-03
-4.9930e-03
-7.0397e-03
-8.3451e-03
-7.0669e-03
-6.2872e-03
-6.6620e-03
-2.8816e-03
1.5644e-03
-1.1908e-03
-1.0685e-02
-2.8278e-02
-6.6265e-02
-1.1839e-01
-1.7036e-01
-2.1747e-01
-1.9713e-01
-6.5433e-02
1.6335e-01
3.2186e-01
1.8240e-01
-6.3822e-02
-8.1914e-02
4.2680e-02
1.2153e-01
1.3418e-01
1.0377e-01
6.4234e-02
6.0510e-02
8.5034e-02
9.9159e-02
9.4295e-02
7.7138e-02
5.7412e-02
4.4190e-02
3.6644e-02
2.3986e-02
1.1205e-02
8.4290e-03
1.4944e-02
2.3864e-02
3.1712e-02
3.5327e-02
3.8832e-02
4.2650e-02
4.4768e-02
4.0016e-02
3.1444e-02
1.5087e-02
-9.6554e-03
-2.6890e-02
-4.7756e-02
-7.6180e-02
-9.0099e-02
-9.2470e-02
-9.3275e-02
-8.5420e-02
-7.1807e-02
-5.6273e-02
-4.1656e-02
-2.9462e-02
-1.7853e-02
-9.9053e-03
-1.8226e-03
6.8759e-03
1.2331e-02
1.5336e-02
1.9294e-02
2.2853e-02
3.1446e-02
4.4117e-02
5.4916e-02
6.6671e-02
7.8029e-02
8.4575e-02
9.7792e-02
1.1936e-01
1.3694e-01
1.5404e-01
1.6474e-01
1.5887e-01
1.3747e-01
1.0800e-01
6.4559e-02
1.1741e-02
-2.5874e-02
-4.8376e-02
-5.5169e-02
-5.3640e-02
-4.9337e-02
-4.4054e-02
-4.8349e-02
-6.2516e-02
-7.9239e-02
-8.8649e-02
-8.1955e-02
-7.2014e-02
-6.5537e-02
-5.8402e-02
-5.2466e-02
-5.4635e-02
-5.4773e-02
-5.6068e-02
-5.6956e-02
-5.7696e-02
-6.2937e-02
-7.1503e-02
-7.4349e-02
-7.3962e-02
-7.1739e-02
-6.9188e-02
-6.0581e-02
-5.2206e-02
-4.3994e-02
-3.0385e-02
-1.9084e-02
-4.5541e-03
6.4736e-03
1.6744e-02
2.8942e-02
3.8491e-02
5.1561e-02
6.2735e-02
6.4580e-02
6.2328e-02
5.5690e-02
4.9899e-02
5.3707e-02
6.6600e-02
8.7335e-02
1.1477e-01
1.3421e-01
1.3036e-01
9.1771e-02
3.1230e-02
-5.7973e-03
-2.2969e-02
-3.7393e-02
-2.2825e-02
-4.8926e-03
-1.1388e-02
-1.4583e-02
-5.5003e-03
5.4503e-03
1.4458e-02
2.5225e-02
3.8584e-02
4.2101e-02
3.1708e-02
1.4345e-02
-1.1974e-03
-2.7501e-02
-4.6308e-02
-5.5082e-02
-6.5734e-02
-7.2933e-02
-6.9344e-02
-5.8114e-02
-4.6926e-02
-3.6721e-02
-3.0116e-02
-1.9229e-02
-8.9702e-03
1.9146e-04
1.0070e-02
2.1890e-02
4.1302e-02
4.8424e-02
4.9767e-02
5.6587e-02
6.0011e-02
5.6415e-02
4.9319e-02
4.3241e-02
2.8012e-02
7.2343e-03
-2.6718e-02
-6.0763e-02
-9.1032e-02
-1.0200e-01
-4.9922e-02
4.3365e-02
5.6106e-02
-3.8429e-02
-1.3990e-01
-1.7038e-01
-1.1975e-01
-9.0148e-02
-9.7993e-02
-1.0652e-01
-1.0802e-01
-9.8055e-02
-8.2189e-02
-6.5802e-02
-5.7506e-02
-5.7172e-02
-5.8198e-02
-5.9062e-02
-5.5067e-02
-4.8292e-02
-4.3582e-02
-3.9938e-02
-3.8208e-02
-4.0080e-02
-4.2754e-02
-4.4939e-02
-4.1050e-02
-3.2106e-02
-2.0912e-02
-5.0861e-03
1.3719e-02
3.4291e-02
5.0429e-02
6.4774e-02
7.6946e-02
8.4952e-02
9.9445e-02
1.2107e-01
1.4870e-01
1.8114e-01
1.9987e-01
2.0909e-01
2.0675e-01
1.8101e-01
1.5098e-01
1.3737e-01
1.1370e-01
9.0029e-02
6.8926e-02
4.4724e-02
1.4200e-02
-2.5353e-02
-1.1158e-01
-2.1809e-01
-1.9346e-01
-8.2233e-02
9.9463e-02
1.5232e-01
-3.8357e-02
-1.2475e-01
-7.0579e-02
-2.5929e-02
-1.7437e-02
-1.0550e-02
-1.6646e-02
-4.3073e-02
-6.4410e-02
-6.7852e-02
-5.8590e-02
-4.1206e-02
-2.3214e-02
-6.4916e-03
8.9045e-03
2.4041e-02
3.5939e-02
5.3183e-02
7.2154e-02
8.9147e-02
1.1171e-01
1.2640e-01
1.3172e-01
1.2890e-01
1.1334e-01
9.4527e-02
8.2753e-02
6.7474e-02
5.0673e-02
3.9040e-02
2.3811e-02
5.8053e-03
-2.6776e-02
-6.8063e-02
-1.1404e-01
-1.7780e-01
-2.2607e-01
-2.4473e-01
-2.3307e-01
-1.9606e-01
-1.5897e-01
-1.4366e-01
-1.4229e-01
-1.3747e-01
-1.1366e-01
-8.1000e-02
-6.3149e-02
-5.8956e-02
-5.7276e-02
-5.5892e-02
-5.3019e-02
-5.1765e-02
-5.3994e-02
-6.1531e-02
-6.9460e-02
-7.0427e-02
-6.7740e-02
-6.5879e-02
-6.0359e-02
-5.6516e-02
-5.2011e-02
-4.8307e-02
-4.0136e-02
-3.1789e-02
-2.2775e-02
-1.2533e-02
-8.9791e-04
1.3297e-02
2.4436e-02
3.4851e-02
4.5628e-02
5.2411e-02
6.4322e-02
7.6915e-02
8.7016e-02
9.8729e-02
1.0915e-01
1.2350e-01
1.3469e-01
1.4607e-01
1.6768e-01
1.8697e-01
2.0289e-01
2.1867e-01
2.2834e-01
2.3177e-01
2.2349e-01
2.0372e-01
1.8258e-01
1.6405e-01
1.3735e-01
1.1122e-01
8.7574e-02
6.2872e-02
3.8530e-02
1.4338e-02
-3.3948e-04
-1.3974e-02
-2.3660e-02
-2.6802e-02
-3.3189e-02
-3.8527e-02
-4.4913e-02
-4.1787e-02
-3.1089e-02
-1.6898e-02
1.5668e-03
2.6513e-02
4.4582e-02
6.1582e-02
7.8070e-02
8.6602e-02
9.3615e-02
9.1397e-02
8.2339e-02
7.3854e-02
6.9124e-02
6.4087e-02
5.9307e-02
4.9826e-02
4.5168e-02
4.1690e-02
3.4099e-02
2.9452e-02
2.8395e-02
2.4384e-02
1.4089e-02
1.1633e-03
-1.4398e-02
-3.9495e-02
-7.1107e-02
-1.1361e-01
-1.6564e-01
-2.3020e-01
-3.0380e-01
-3.7148e-01
-4.3840e-01
-4.2551e-01
-3.1148e-01
-6.2399e-02
7.1608e-02
-8.6074e-02
-2.0066e-01
-1.6438e-01
-9.6852e-02
-5.9693e-02
-5.1410e-02
-6.4899e-02
-7.8072e-02
-7.5635e-02
-6.7945e-02
-6.7662e-02
-6.4684e-02
-5.6824e-02
-4.5120e-02
-3.2725e-02
-1.9465e-02
-1.1779e-02
6.4384e-04
1.6146e-02
2.9728e-02
4.8535e-02
6.5237e-02
7.7614e-02
8.6444e-02
9.7567e-02
1.1045e-01
1.2047e-01
1.3319e-01
1.4257e-01
1.5042e-01
1.6002e-01
1.6485e-01
1.6286e-01
1.4937e-01
1.2623e-01
9.8519e-02
6.9632e-02
5.2227e-02
3.8786e-02
2.3835e-02
8.5449e-03
-5.4818e-03
-1.5929e-02
-2.6212e-02
-3.2553e-02
-4.1241e-02
-4.9664e-02
-5.4123e-02
-5.8449e-02
-6.1224e-02
-6.1811e-02
-5.7176e-02
-5.2342e-02
-4.7542e-02
-4.4839e-02
-4.1810e-02
-3.9990e-02
-4.3956e-02
-4.6284e-02
-4.5707e-02
-4.8938e-02
-5.3671e-02
-5.5916e-02
-5.3532e-02
-4.3519e-02
-3.1466e-02
-1.8869e-02
6.7810e-04
1.0037e-02
1.7011e-03
-3.0439e-02
-8.8531e-02
-1.7130e-01
-2.2820e-01
-2.3930e-01
-2.1091e-01
-1.1984e-02
1.8605e-01
7.5821e-02
-1.0584e-01
-2.1615e-01
-1.9400e-01
-1.1556e-01
-1.0887e-01
-1.1667e-01
-1.1224e-01
-1.0799e-01
-9.5177e-02
-7.8049e-02
-6.0969e-02
-4.9602e-02
-4.4521e-02
-3.7882e-02
-3.2196e-02
-2.9905e-02
-2.8703e-02
-2.6922e-02
-2.8339e-02
-2.6845e-02
-1.8426e-02
-1.2005e-02
-7.8056e-04
1.9267e-02
4.0680e-02
7.0436e-02
9.7629e-02
1.2207e-01
1.5014e-01
1.7976e-01
2.1416e-01
2.5445e-01
2.8761e-01
3.0725e-01
3.1800e-01
3.0630e-01
2.6907e-01
2.2432e-01
1.8890e-01
1.5233e-01
1.0581e-01
7.7960e-02
5.6825e-02
2.7765e-02
1.2110e-02
-1.7369e-03
-2.0421e-02
-4.1127e-02
-5.5557e-02
-6.1279e-02
-6.0459e-02
-4.6936e-02
-2.1264e-02
-5.4725e-03
-4.2794e-03
-1.4655e-02
-1.8896e-02
-1.5242e-03
1.3868e-02
1.9696e-02
1.7539e-02
8.2381e-03
-4.5786e-03
-1.2995e-02
-2.2381e-02
-3.6722e-02
-4.9455e-02
-5.8721e-02
-6.2681e-02
-6.3345e-02
-6.1163e-02
-5.9474e-02
-5.7888e-02
-5.6795e-02
-5.8194e-02
-5.8628e-02
-5.9666e-02
-6.4044e-02
-7.0530e-02
-8.3987e-02
-1.0737e-01
-1.4981e-01
-2.0614e-01
-2.5384e-01
-2.6813e-01
-2.3122e-01
-1.5221e-01
7.9918e-02
3.1376e-01
1.4610e-01
-1.2416e-01
-1.7980e-01
-9.3666e-02
-2.5182e-02
-1.0608e-02
-1.8400e-02
-3.9697e-02
-5.3109e-02
-5.8845e-02
-4.0326e-02
-1.8881e-02
-2.1144e-02
-3.7791e-02
-4.7062e-02
-4.6248e-02
-4.5551e-02
-4.2589e-02
-3.9002e-02
-4.1964e-02
-4.8751e-02
-5.1703e-02
-5.2575e-02
-5.5484e-02
-5.8918e-02
-5.7706e-02
-5.1744e-02
-4.5759e-02
-3.5964e-02
-2.2271e-02
1.1113e-03
3.1943e-02
5.7773e-02
9.4702e-02
1.3792e-01
1.7999e-01
2.3353e-01
2.7916e-01
3.5659e-01
3.9560e-01
4.0495e-01
4.0639e-01
4.0048e-01
3.6010e-01
3.1677e-01
2.8223e-01
2.4366e-01
2.2146e-01
1.9720e-01
1.7101e-01
1.4540e-01
1.1899e-01
1.0128e-01
7.8649e-02
5.5959e-02
2.6454e-02
-5.9029e-03
-4.6462e-02
-9.1994e-02
-1.3466e-01
-1.7409e-01
-1.8019e-01
-1.5114e-01
-1.0126e-01
-5.4503e-02
-2.8446e-02
-2.4735e-02
-1.7462e-02
-1.6915e-03
9.1182e-03
2.2284e-02
3.4933e-02
4.1668e-02
4.6050e-02
4.3622e-02
3.5269e-02
3.0446e-02
2.0547e-02
1.7575e-03
-1.9465e-02
-4.6228e-02
-7.0257e-02
-1.0410e-01
-1.3436e-01
-1.7363e-01
-2.1236e-01
-2.2751e-01
-2.3935e-01
-2.4127e-01
-2.3223e-01
-2.2893e-01
-2.3661e-01
-2.4645e-01
-2.4505e-01
-2.3034e-01
-1.9296e-01
-1.1688e-01
-2.4494e-02
9.7397e-02
6.3948e-02
-1.0534e-01
-2.2822e-01
-1.4302e-01
-6.9689e-02
-5.1815e-02
-1.6534e-02
-1.0870e-02
-2.7740e-02
-3.4881e-02
-2.4859e-02
-8.0425e-03
3.7131e-03
4.6258e-03
7.1067e-03
1.5739e-02
2.6318e-02
4.3107e-02
5.5491e-02
6.4874e-02
7.4426e-02
8.3660e-02
9.1866e-02
9.3942e-02
9.7862e-02
1.0151e-01
1.0146e-01
9.9595e-02
9.7199e-02
9.3640e-02
9.0308e-02
8.3542e-02
6.9747e-02
4.6458e-02
2.4378e-02
9.4253e-03
-7.2434e-03
-1.4185e-02
-1.7141e-02
-2.0757e-02
-2.1455e-02
-2.7672e-02
-3.1813e-02
-3.0773e-02
-3.1182e-02
-2.9951e-02
-2.4566e-02
-2.1815e-02
-2.1520e-02
-2.4423e-02
-2.6764e-02
-2.6854e-02
-2.8283e-02
-3.4530e-02
-4.4181e-02
-5.2964e-02
-6.0745e-02
-6.2457e-02
-5.6807e-02
-4.5486e-02
-3.7544e-02
-2.8900e-02
-2.5325e-02
-2.8376e-02
-3.4730e-02
-4.3937e-02
-4.5270e-02
-3.6747e-02
-1.9617e-02
-8.6730e-04
1.2973e-02
3.0556e-02
3.5377e-02
2.9580e-02
2.3919e-02
2.6648e-02
3.2694e-02
3.5765e-02
4.2639e-02
5.5282e-02
6.5965e-02
7.9795e-02
8.9600e-02
9.3572e-02
9.7506e-02
9.9847e-02
9.6907e-02
9.5161e-02
9.9104e-02
1.0716e-01
1.1164e-01
1.1407e-01
1.1749e-01
1.1670e-01
1.0852e-01
9.7854e-02
9.0180e-02
8.3008e-02
7.2295e-02
6.6809e-02
6.1059e-02
5.0573e-02
4.0621e-02
3.0983e-02
2.1724e-02
8.7601e-03
-1.0062e-02
-3.3726e-02
-6.4582e-02
-8.9668e-02
-1.1069e-01
-1.2813e-01
-1.3698e-01
-1.4472e-01
-1.3880e-01
-1.2670e-01
-1.1748e-01
-1.0793e-01
-9.8652e-02
-9.4808e-02
-9.1578e-02
-8.8213e-02
-8.4973e-02
-8.2479e-02
-7.4617e-02
-6.2088e-02
-5.0365e-02
-3.2867e-02
-7.8199e-03
1.4905e-02
3.3212e-02
5.2351e-02
7.6684e-02
9.6869e-02
1.0971e-01
1.2296e-01
1.3198e-01
1.2887e-01
1.1405e-01
9.4077e-02
7.4969e-02
5.3278e-02
2.5541e-02
1.1285e-02
7.7643e-03
4.3793e-03
7.3479e-03
7.4754e-03
-4.7036e-03
-2.3583e-02
-4.2182e-02
-6.5308e-02
-7.9515e-02
-8.4153e-02
-9.1413e-02
-8.8219e-02
-8.1339e-02
-8.0422e-02
-8.0839e-02
-7.3500e-02
-6.5731e-02
-6.1708e-02
-5.8537e-02
-5.4853e-02
-5.0203e-02
-4.7641e-02
-4.4558e-02
-4.4281e-02
-4.6105e-02
-4.5082e-02
-3.8829e-02
-3.1424e-02
-2.5135e-02
-1.6763e-02
-1.2633e-02
-1.2123e-02
-1.0399e-02
-1.2992e-02
-1.4920e-02
-1.1404e-02
-9.2573e-03
-1.4741e-03
8.1730e-03
2.0036e-02
3.9514e-02
5.6943e-02
8.0254e-02
9.5751e-02
1.0841e-01
1.2092e-01
1.2300e-01
1.1984e-01
1.1436e-01
1.0841e-01
9.9799e-02
9.3896e-02
8.9320e-02
7.2927e-02
4.7106e-02
2.0592e-02
-1.5434e-02
-4.8602e-02
-6.9068e-02
-7.6886e-02
-7.6415e-02
-5.7257e-02
-3.1157e-02
-1.6997e-02
-1.4657e-02
-1.6889e-02
-2.1968e-02
-2.8187e-02
-3.0735e-02
-2.6788e-02
-2.2109e-02
-1.7179e-02
-1.6791e-02
-1.6507e-02
-1.1012e-02
-4.9367e-03
-1.3234e-04
6.4778e-03
2.0304e-02
3.8022e-02
6.0572e-02
8.9604e-02
1.0744e-01
1.3407e-01
1.6513e-01
1.7907e-01
1.9204e-01
2.0150e-01
2.1411e-01
2.1951e-01
2.1063e-01
1.8923e-01
1.6141e-01
1.2058e-01
8.1793e-02
3.9494e-02
4.2216e-03
-2.7797e-02
-4.9699e-02
-5.8127e-02
-6.4737e-02
-7.0321e-02
-6.2538e-02
-4.9940e-02
-3.7048e-02
-1.8685e-02
-5.1256e-03
-2.1378e-03
4.0516e-03
1.6269e-02
2.8059e-02
3.6536e-02
4.1591e-02
4.1203e-02
3.9464e-02
4.0336e-02
3.8192e-02
3.8717e-02
4.1806e-02
4.7779e-02
5.0854e-02
5.4771e-02
6.1763e-02
6.4156e-02
6.7637e-02
7.1102e-02
7.1147e-02
6.9291e-02
6.5144e-02
6.2499e-02
6.2200e-02
5.7224e-02
5.6285e-02
6.1017e-02
5.9641e-02
5.2410e-02
3.7280e-02
1.5618e-02
-1.4713e-02
-6.4403e-02
-1.2341e-01
-1.7409e-01
-1.9029e-01
-1.7854e-01
-1.2329e-01
-6.5364e-02
-6.7965e-02
-1.1279e-01
-1.4061e-01
-1.3430e-01
-1.0049e-01
-8.3774e-02
-8.6981e-02
-9.0456e-02
-9.4820e-02
-8.7536e-02
-6.9851e-02
-5.5022e-02
-4.7091e-02
-4.4577e-02
-4.4328e-02
-5.1605e-02
-5.3969e-02
-5.0217e-02
-4.9220e-02
-5.4410e-02
-5.9827e-02
-6.3213e-02
-6.9502e-02
-7.0010e-02
-6.8543e-02
-6.7411e-02
-6.2410e-02
-5.6773e-02
-5.2012e-02
-4.2484e-02
-3.1850e-02
-1.7683e-02
-7.8590e-03
2.1940e-03
1.5548e-02
2.4216e-02
3.6342e-02
5.1009e-02
5.9372e-02
6.3260e-02
6.8670e-02
7.2195e-02
6.8696e-02
6.6229e-02
6.9719e-02
8.4581e-02
1.1283e-01
1.5282e-01
1.9258e-01
1.7165e-01
9.8207e-02
4.4918e-02
3.5153e-02
2.3180e-02
2.3104e-02
4.2302e-02
4.4860e-02
3.6781e-02
3.3450e-02
3.3399e-02
4.4248e-02
5.5913e-02
6.1558e-02
6.4669e-02
6.5291e-02
6.2412e-02
5.6467e-02
4.8799e-02
3.6711e-02
2.1804e-02
3.1937e-03
-8.2691e-03
-1.0779e-02
-9.4611e-03
2.1801e-03
6.0263e-03
8.6602e-03
8.2601e-03
-1.3424e-03
-1.5541e-02
-2.6558e-02
-4.1938e-02
-5.5267e-02
-6.7132e-02
-7.7064e-02
-8.2993e-02
-8.7037e-02
-8.8937e-02
-8.4822e-02
-8.2818e-02
-8.6995e-02
-8.8942e-02
-9.4519e-02
-1.0638e-01
-1.1691e-01
-1.3016e-01
-1.3998e-01
-1.3790e-01
-1.2349e-01
-9.9111e-02
-6.2702e-02
5.0969e-02
2.8574e-01
2.8204e-01
1.1872e-02
-1.0446e-01
-1.9908e-02
6.3875e-02
8.7525e-02
1.1751e-01
1.2865e-01
1.1602e-01
1.1253e-01
1.1647e-01
1.1892e-01
1.1774e-01
1.1014e-01
9.6739e-02
8.6966e-02
8.0194e-02
7.2747e-02
6.9796e-02
6.5433e-02
5.3593e-02
3.8854e-02
2.0166e-02
3.7463e-03
-5.3345e-03
-9.0117e-03
-1.2223e-02
-1.5966e-02
-1.7738e-02
-2.0019e-02
-2.2273e-02
-2.7093e-02
-3.3627e-02
-3.9267e-02
-4.3959e-02
-4.9140e-02
-5.1608e-02
-5.0595e-02
-5.3052e-02
-5.4556e-02
-5.8584e-02
-6.6416e-02
-7.5441e-02
-8.9564e-02
-1.0305e-01
-1.1550e-01
-1.3191e-01
-1.4910e-01
-1.6755e-01
-1.7916e-01
-1.6436e-01
-1.3626e-01
-9.8123e-02
-4.3668e-02
1.6463e-02
6.8982e-02
1.0633e-01
1.4221e-01
1.7027e-01
1.6897e-01
1.2463e-01
5.7182e-02
3.4550e-03
-5.4274e-03
1.1550e-02
3.3736e-02
4.5293e-02
4.4144e-02
3.2294e-02
2.4011e-02
2.5024e-02
2.5856e-02
2.8959e-02
3.0728e-02
2.5427e-02
1.7430e-02
1.3048e-02
6.3479e-03
-3.8803e-03
-2.2019e-02
-4.3210e-02
-6.2896e-02
-8.6131e-02
-9.8069e-02
-1.0384e-01
-1.0763e-01
-9.4925e-02
-7.7587e-02
-6.9052e-02
-5.8784e-02
-4.6969e-02
-3.6901e-02
-2.9700e-02
-2.6279e-02
-1.8657e-02
-1.4991e-02
-1.5773e-02
-1.1204e-02
-5.5450e-03
-6.8015e-04
4.7169e-03
1.3902e-02
2.2983e-02
3.2246e-02
4.0925e-02
4.4841e-02
4.6839e-02
4.3929e-02
3.3461e-02
2.3015e-02
1.8031e-02
1.0147e-02
2.0348e-03
6.8353e-04
5.1081e-03
1.3681e-02
3.0962e-02
5.4298e-02
8.1738e-02
1.1972e-01
1.5025e-01
1.7134e-01
1.7986e-01
1.6294e-01
1.1644e-01
5.0480e-02
-3.0991e-02
-6.8172e-02
-7.5367e-02
-7.9222e-02
-6.0020e-02
-3.4708e-02
-2.3933e-02
-2.4055e-02
-3.2075e-02
-3.3427e-02
-2.1623e-02
-6.9461e-03
8.2872e-04
3.7010e-03
3.5089e-03
-5.4461e-03
-1.0572e-02
-9.8074e-03
-5.2976e-03
1.8439e-03
5.8952e-03
1.0635e-02
1.7502e-02
2.3857e-02
3.0428e-02
3.8453e-02
4.2949e-02
4.9455e-02
4.8441e-02
3.8534e-02
2.2875e-02
6.2874e-03
-4.8216e-03
-1.8044e-02
-4.0342e-02
-5.9490e-02
-7.7507e-02
-1.0246e-01
-1.2929e-01
-1.5427e-01
-1.6568e-01
-1.6808e-01
-1.4133e-01
-9.9141e-02
-4.2875e-02
1.2492e-02
6.7365e-02
7.3700e-02
6.4537e-02
3.9172e-02
1.7934e-02
-2.6897e-03
-5.4264e-03
7.0621e-03
2.0089e-02
2.6088e-02
3.2412e-02
4.1779e-02
4.5888e-02
5.1502e-02
5.5898e-02
5.6048e-02
6.1130e-02
6.9524e-02
7.7010e-02
8.6304e-02
9.8600e-02
1.0729e-01
1.1686e-01
1.2425e-01
1.3330e-01
1.3669e-01
1.2950e-01
1.0878e-01
8.2665e-02
5.4125e-02
2.2792e-02
5.3449e-03
-1.6506e-02
-1.4867e-02
6.2150e-03
4.0959e-02
7.6833e-02
1.0894e-01
1.0768e-01
9.1076e-02
6.8314e-02
4.7496e-02
3.0988e-02
2.5923e-02
2.0069e-02
1.2797e-02
5.2149e-03
-8.7403e-03
-3.0170e-02
-5.5254e-02
-8.9220e-02
-1.2250e-01
-1.4798e-01
-1.5592e-01
-1.6438e-01
-1.6918e-01
-1.5326e-01
-1.3390e-01
-1.2477e-01
-1.2294e-01
-1.2198e-01
-1.2477e-01
-1.2821e-01
-1.2973e-01
-1.3466e-01
-1.4131e-01
-1.5172e-01
-1.6276e-01
-1.7516e-01
-1.8363e-01
-1.9638e-01
-2.2515e-01
-2.6360e-01
-3.3159e-01
-3.9413e-01
-4.4759e-01
-4.6518e-01
-4.2910e-01
-3.5316e-01
-2.4724e-01
-6.0621e-02
3.6345e-02
-1.1761e-01
-2.3872e-01
-4.0200e-01
-3.0304e-01
-1.3387e-01
-5.8928e-02
-8.0619e-02
-1.1743e-01
-8.4998e-02
-5.5958e-02
-5.4990e-02
-5.0187e-02
-4.6388e-02
-3.9816e-02
-2.9667e-02
-2.6824e-02
-2.2532e-02
-2.1270e-02
-2.3742e-02
-2.2815e-02
-2.1037e-02
-1.8494e-02
-8.6504e-03
-3.5342e-03
5.2517e-03
1.9364e-02
3.0640e-02
4.4051e-02
6.3878e-02
8.5405e-02
1.0234e-01
1.1444e-01
1.2036e-01
1.2729e-01
1.3694e-01
1.4079e-01
1.4422e-01
1.4766e-01
1.4773e-01
1.3735e-01
1.3267e-01
1.3033e-01
1.2084e-01
1.1499e-01
1.1245e-01
1.0595e-01
1.0278e-01
9.7697e-02
9.1764e-02
8.5938e-02
7.5434e-02
6.2418e-02
4.6588e-02
3.5090e-02
2.3453e-02
1.5529e-02
6.1689e-03
5.4099e-03
7.9432e-03
1.0022e-02
1.2501e-02
1.4210e-02
1.3610e-02
1.1908e-02
9.2789e-03
4.1830e-03
-4.5116e-03
-1.5191e-02
-3.2086e-02
-5.1733e-02
-6.4824e-02
-7.5904e-02
-8.0801e-02
-8.4968e-02
-8.7848e-02
-7.7839e-02
-6.3574e-02
-5.4789e-02
-3.8889e-02
-2.5929e-02
-9.1492e-03
9.9035e-03
2.6259e-02
4.8092e-02
6.5179e-02
8.1461e-02
9.3708e-02
1.0681e-01
1.1555e-01
1.1729e-01
1.1932e-01
1.2435e-01
1.2616e-01
1.2644e-01
1.2578e-01
1.2469e-01
1.1843e-01
1.0771e-01
9.4419e-02
8.3422e-02
6.8648e-02
5.3123e-02
3.7587e-02
2.5186e-02
1.5303e-02
8.5076e-03
8.1187e-03
2.1705e-02
3.6156e-02
5.0298e-02
5.9508e-02
6.6501e-02
5.0518e-02
2.7951e-02
1.8646e-02
1.9646e-02
2.3818e-02
3.5831e-02
4.2821e-02
3.8403e-02
3.5240e-02
3.4147e-02
3.1580e-02
2.9604e-02
3.0427e-02
3.2148e-02
3.3953e-02
3.4142e-02
3.2459e-02
3.2604e-02
3.3525e-02
3.4876e-02
4.0099e-02
4.3907e-02
4.9046e-02
5.6667e-02
6.4077e-02
7.4563e-02
8.2292e-02
9.1620e-02
1.0258e-01
1.1539e-01
1.2774e-01
1.3508e-01
1.4676e-01
1.5921e-01
1.6572e-01
1.6645e-01
1.5413e-01
1.1480e-01
6.3709e-02
-9.1735e-03
-8.3470e-02
-1.4972e-01
-2.1476e-01
-2.7062e-01
-3.3376e-01
-3.5661e-01
-3.5212e-01
-3.1895e-01
-2.5724e-01
-1.5692e-01
-4.4235e-02
-5.8162e-02
-9.2376e-02
-9.4832e-02
-8.4449e-02
-7.5180e-02
-6.5681e-02
-6.4088e-02
-6.2382e-02
-6.0666e-02
-5.7142e-02
-5.3418e-02
-5.3600e-02
-5.5071e-02
-5.4105e-02
-5.4626e-02
-5.9084e-02
-5.6306e-02
-5.1113e-02
-4.7540e-02
-4.2369e-02
-3.5688e-02
-3.2520e-02
-2.7790e-02
-1.9409e-02
-1.2743e-02
-7.9360e-03
-2.9047e-03
8.4278e-03
2.1269e-02
3.7523e-02
5.8931e-02
7.4527e-02
9.4635e-02
1.0164e-01
9.9215e-02
7.1146e-02
4.8202e-02
2.9912e-02
2.0558e-02
2.2083e-02
4.3050e-02
5.5200e-02
6.5427e-02
7.7698e-02
8.2306e-02
8.6258e-02
8.3693e-02
7.6052e-02
7.7402e-02
8.5412e-02
9.6692e-02
1.0619e-01
1.1248e-01
1.1761e-01
1.2228e-01
1.2080e-01
1.0934e-01
1.0029e-01
9.5587e-02
8.6840e-02
7.8019e-02
6.9881e-02
6.9466e-02
6.9949e-02
6.4809e-02
6.5389e-02
6.6741e-02
6.3539e-02
5.4687e-02
4.8890e-02
4.0479e-02
2.7578e-02
1.0427e-02
-5.1596e-03
-2.5796e-02
-4.6674e-02
-6.8303e-02
-8.4464e-02
-9.7155e-02
-1.0535e-01
-1.1440e-01
-1.1097e-01
-9.5362e-02
-6.9184e-02
-4.2073e-02
-1.7049e-02
7.5813e-03
1.4952e-02
2.2633e-02
2.5907e-02
1.8770e-02
9.7502e-03
2.1421e-03
-2.8704e-03
-9.3668e-03
-1.5274e-02
-1.9936e-02
-2.7407e-02
-3.2579e-02
-3.5930e-02
-3.8949e-02
-4.4691e-02
-5.1448e-02
-6.0017e-02
-6.5806e-02
-7.0212e-02
-7.3461e-02
-6.9487e-02
-5.8713e-02
-5.0387e-02
-4.1358e-02
-2.2824e-02
-7.3096e-03
5.6700e-03
1.9289e-02
3.0169e-02
3.5274e-02
4.0440e-02
4.5925e-02
4.9023e-02
5.2224e-02
5.6045e-02
5.9885e-02
6.5848e-02
7.2500e-02
7.4721e-02
8.0678e-02
8.5870e-02
8.4486e-02
8.1548e-02
7.5422e-02
6.6944e-02
5.3390e-02
3.3610e-02
8.9719e-03
-2.2194e-02
-5.0762e-02
-9.0862e-02
-1.4536e-01
-2.0792e-01
-2.6966e-01
-2.9889e-01
-2.7813e-01
-2.2441e-01
5.8660e-02
9.0947e-02
-9.0385e-02
-1.3072e-01
-1.1638e-01
-1.0968e-01
-8.8677e-02
-6.9891e-02
-5.5233e-02
-5.2338e-02
-4.4032e-02
-3.8395e-02
-3.5813e-02
-2.7083e-02
-2.5033e-02
-2.4761e-02
-2.5617e-02
-2.9825e-02
-2.6822e-02
-1.7519e-02
-1.4463e-02
-9.7768e-03
-2.0480e-03
3.9348e-03
9.6860e-03
1.6268e-02
2.3402e-02
3.2283e-02
3.9632e-02
4.2429e-02
4.8513e-02
5.4514e-02
5.9128e-02
6.6067e-02
7.0359e-02
7.1499e-02
7.3553e-02
7.0723e-02
6.7653e-02
6.5988e-02
6.5068e-02
6.2283e-02
6.3827e-02
7.0840e-02
7.9444e-02
8.9699e-02
1.0135e-01
1.1415e-01
1.2579e-01
1.3239e-01
1.3467e-01
1.2975e-01
1.1584e-01
1.0643e-01
1.0035e-01
9.6085e-02
9.0251e-02
8.4408e-02
8.1656e-02
7.6884e-02
7.0375e-02
6.6094e-02
6.4100e-02
6.1630e-02
5.9493e-02
5.6539e-02
5.6490e-02
5.8184e-02
5.7313e-02
5.6438e-02
5.6758e-02
5.6950e-02
5.4528e-02
4.9871e-02
4.4287e-02
3.7755e-02
3.1493e-02
2.3526e-02
1.3124e-02
7.2409e-03
-6.1854e-04
-9.0070e-03
-1.7639e-02
-2.4823e-02
-3.3496e-02
-4.3078e-02
-4.9508e-02
-5.1975e-02
-5.7413e-02
-6.6883e-02
-7.1640e-02
-7.5866e-02
-8.0301e-02
-8.3828e-02
-8.9892e-02
-9.5073e-02
-9.7586e-02
-9.6254e-02
-8.9922e-02
-8.2260e-02
-7.5635e-02
-6.8243e-02
-5.8901e-02
-5.1766e-02
-4.7854e-02
-4.7730e-02
-5.3639e-02
-5.8535e-02
-6.1327e-02
-6.3418e-02
-6.2572e-02
-5.9713e-02
-5.8609e-02
-5.6664e-02
-5.2599e-02
-4.9666e-02
-4.8829e-02
-5.1376e-02
-5.7491e-02
-6.0943e-02
-6.1185e-02
-5.9278e-02
-5.2572e-02
-4.7251e-02
-4.3124e-02
-3.6592e-02
-3.1650e-02
-2.8070e-02
-2.4644e-02
-2.3501e-02
-2.3863e-02
-2.0456e-02
-1.7949e-02
-1.8848e-02
-1.4857e-02
-8.2748e-03
-1.7494e-03
6.1043e-03
1.7783e-02
3.0219e-02
3.9936e-02
4.8556e-02
5.6113e-02
6.4074e-02
7.1204e-02
7.6897e-02
7.8507e-02
7.7822e-02
8.2678e-02
8.4861e-02
8.1944e-02
8.0312e-02
7.5776e-02
6.9395e-02
6.0708e-02
5.2816e-02
4.9436e-02
3.9827e-02
3.2017e-02
2.9355e-02
2.1926e-02
1.5770e-02
1.4118e-02
1.1638e-02
3.6818e-03
-3.2854e-03
-5.6919e-03
-1.0041e-02
-1.5781e-02
-1.8814e-02
-2.0270e-02
-2.3733e-02
-2.8127e-02
-3.3536e-02
-4.0375e-02
-4.4947e-02
-5.0245e-02
-5.3395e-02
-5.5429e-02
-5.3303e-02
-4.1633e-02
-3.1504e-02
-2.0770e-02
-3.2015e-03
1.0998e-02
1.7293e-02
2.2337e-02
2.5541e-02
2.3511e-02
2.0099e-02
2.0391e-02
2.3588e-02
2.3059e-02
2.2794e-02
2.6833e-02
3.0036e-02
2.8384e-02
2.9299e-02
3.4598e-02
3.6526e-02
3.9442e-02
4.2987e-02
4.5893e-02
4.9010e-02
5.1150e-02
5.0532e-02
4.9716e-02
5.0636e-02
5.0118e-02
4.7197e-02
4.4305e-02
4.0934e-02
3.8092e-02
3.5150e-02
3.1834e-02
2.8610e-02
2.5485e-02
2.0961e-02
1.5063e-02
8.2077e-03
-2.0888e-04
-7.5559e-03
-1.7081e-02
-2.5458e-02
-3.4285e-02
-4.4009e-02
-5.5864e-02
-6.2081e-02
-6.4306e-02
-6.6715e-02
-6.3427e-02
-5.2939e-02
-4.3354e-02
-3.3389e-02
-2.1930e-02
-1.4629e-02
-6.8498e-03
-2.0621e-03
-3.3498e-04
5.4503e-03
1.0440e-02
1.4354e-02
1.6493e-02
2.0760e-02
2.6137e-02
2.8102e-02
2.8272e-02
2.4558e-02
1.6480e-02
9.1912e-03
8.4473e-03
7.1796e-03
6.9702e-03
9.5670e-03
1.2669e-02
1.3309e-02
1.6840e-02
1.9495e-02
1.4781e-02
6.9655e-03
5.4821e-03
3.2271e-03
-1.0179e-03
-7.1777e-03
-1.0745e-02
-1.1101e-02
-1.1990e-02
-1.5895e-02
-1.8351e-02
-1.8096e-02
-2.1972e-02
-2.4745e-02
-2.7972e-02
-3.1777e-02
-3.6436e-02
-4.1558e-02
-4.6174e-02
-4.9902e-02
-5.2773e-02
-5.8925e-02
-6.3142e-02
-6.2355e-02
-6.5752e-02
-6.7954e-02
-6.9707e-02
-7.3775e-02
-7.5100e-02
-7.7712e-02
-7.8947e-02
-8.0720e-02
-8.4988e-02
-8.6494e-02
-8.8295e-02
-8.6080e-02
-8.1722e-02
-7.5051e-02
-6.6324e-02
-5.2280e-02
-3.8879e-02
-2.8018e-02
-1.6600e-02
-5.9376e-03
2.7374e-03
3.6728e-03
7.1158e-03
8.5517e-03
9.0111e-03
1.4597e-02
1.6665e-02
1.8589e-02
1.9535e-02
2.1624e-02
2.5719e-02
2.7121e-02
3.0002e-02
3.1649e-02
3.5586e-02
3.9446e-02
4.0693e-02
3.9476e-02
4.5088e-02
5.0056e-02
5.1761e-02
5.4344e-02
5.7991e-02
6.1385e-02
6.3701e-02
6.5023e-02
6.8056e-02
6.6464e-02
6.4335e-02
5.8797e-02
5.0470e-02
4.3702e-02
3.3368e-02
2.4076e-02
1.7027e-02
3.7353e-03
-8.0282e-03
-1.5680e-02
-2.6289e-02
-3.3454e-02
-3.9355e-02
-4.1695e-02
-4.0024e-02
-3.6576e-02
-3.4444e-02
-3.5289e-02
-3.3413e-02
-2.7969e-02
-2.4745e-02
-2.2570e-02
-1.9298e-02
-1.4369e-02
-5.6921e-03
1.2691e-03
8.3178e-03
1.3478e-02
2.0219e-02
2.9561e-02
3.4230e-02
3.6887e-02
4.1026e-02
4.0848e-02
4.0862e-02
4.6940e-02
4.9091e-02
5.1539e-02
5.5215e-02
5.7969e-02
6.0456e-02
6.4926e-02
6.7354e-02
6.6544e-02
6.6963e-02
7.2103e-02
7.1887e-02
7.4633e-02
7.6161e-02
7.7158e-02
7.8979e-02
8.1232e-02
8.4821e-02
8.6323e-02
8.8864e-02
9.0855e-02
9.3014e-02
8.9210e-02
8.3236e-02
7.8335e-02
7.0571e-02
6.6136e-02
5.9096e-02
5.1587e-02
4.5957e-02
4.0074e-02
3.5331e-02
2.8766e-02
2.3838e-02
1.9012e-02
9.4113e-03
2.2167e-03
-5.6384e-03
-1.8607e-02
-2.8475e-02
-3.8853e-02
-5.3272e-02
-6.6515e-02
-7.8666e-02
-9.3800e-02
-1.0901e-01
-1.2233e-01
-1.3405e-01
-1.4592e-01
-1.5412e-01
-1.5772e-01
-1.4821e-01
-1.2584e-01
-1.1088e-01
-9.2394e-02
-7.2471e-02
-6.0077e-02
-5.3515e-02
-4.9174e-02
-5.4117e-02
-6.1312e-02
-6.4567e-02
-6.3734e-02
-6.2820e-02
-5.8668e-02
-5.4737e-02
-5.4539e-02
-5.6811e-02
-5.7226e-02
-5.8064e-02
-5.8464e-02
-5.2606e-02
-4.8132e-02
-4.6270e-02
-3.9808e-02
-3.5937e-02
-3.0673e-02
-2.8172e-02
-2.8251e-02
-2.4119e-02
-2.2044e-02
-2.4067e-02
-2.4273e-02
-2.2995e-02
-2.2445e-02
-2.0384e-02
-1.8824e-02
-2.0280e-02
-2.0890e-02
-2.1346e-02
-2.8295e-02
-3.4043e-02
-3.4761e-02
-3.9242e-02
-4.5450e-02
-4.6536e-02
-4.3403e-02
-4.0834e-02
-3.7982e-02
-3.3149e-02
-2.9893e-02
-2.3471e-02
-1.7696e-02
-1.2284e-02
-7.5076e-03
-1.4993e-03
1.3645e-03
5.4037e-03
9.2460e-03
1.1003e-02
1.0389e-02
1.4981e-02
2.0291e-02
2.1804e-02
2.1886e-02
2.3505e-02
2.5570e-02
2.5278e-02
2.7576e-02
3.2851e-02
3.5823e-02
3.8226e-02
4.3436e-02
4.7413e-02
5.3460e-02
5.7028e-02
6.2662e-02
6.6646e-02
7.2752e-02
7.8131e-02
8.1962e-02
8.6920e-02
9.1753e-02
9.4820e-02
1.0210e-01
1.0766e-01
1.1033e-01
1.1325e-01
1.1886e-01
1.2170e-01
1.2054e-01
1.1694e-01
1.1348e-01
1.1095e-01
1.0557e-01
9.8723e-02
9.6084e-02
8.7730e-02
7.9255e-02
7.1267e-02
5.9263e-02
5.1867e-02
4.3696e-02
3.2926e-02
2.5606e-02
1.8618e-02
1.0561e-02
7.0612e-03
3.3223e-03
-3.0283e-03
-8.0123e-03
-1.0175e-02
-1.4869e-02
-1.9067e-02
-2.3798e-02
-2.9193e-02
-3.3224e-02
-3.5338e-02
-3.8801e-02
-4.4304e-02
-4.5611e-02
-5.0365e-02
-5.7069e-02
-6.1659e-02
-6.7569e-02
-7.2524e-02
-7.8611e-02
-8.3754e-02
-8.9451e-02
-9.1679e-02
-9.3380e-02
-9.5227e-02
-9.7069e-02
-9.9078e-02
-1.0062e-01
-1.0214e-01
-1.0326e-01
-1.0289e-01
-1.0504e-01
-1.0730e-01
-1.0504e-01
-1.0021e-01
-1.0214e-01
-1.0465e-01
-1.0326e-01
-1.0188e-01
-9.9089e-02
-9.1570e-02
-8.1665e-02
-7.4247e-02
-6.6395e-02
-6.0635e-02
-5.3644e-02
-4.9079e-02
-4.5917e-02
-4.5037e-02
-4.3336e-02
-3.7622e-02
-3.2085e-02
-3.2188e-02
-2.8243e-02
-2.5570e-02
-2.2778e-02
-1.8438e-02
-1.9121e-02
-2.1227e-02
-2.0043e-02
-1.7549e-02
-1.3919e-02
-1.5756e-02
-1.3668e-02
-7.0399e-03
-1.3874e-03
2.6720e-03
9.6787e-03
1.6455e-02
2.2272e-02
2.7788e-02
3.1720e-02
3.6509e-02
4.1441e-02
4.3562e-02
4.7143e-02
5.3438e-02
5.5491e-02
5.7647e-02
6.2425e-02
6.8101e-02
7.0528e-02
7.5585e-02
8.0801e-02
8.3608e-02
9.0644e-02
9.2670e-02
9.4422e-02
9.8139e-02
9.9189e-02
9.9692e-02
9.9253e-02
9.9579e-02
1.0012e-01
1.0021e-01
1.0001e-01
1.0005e-01
1.0027e-01
9.8806e-02
9.5251e-02
9.9687e-02
9.8141e-02
8.7674e-02
8.1713e-02
7.3868e-02
6.3666e-02
5.7987e-02
5.4558e-02
4.9311e-02
4.1157e-02
3.7753e-02
3.6722e-02
3.1437e-02
2.3065e-02
2.1723e-02
1.6803e-02
7.5618e-03
7.7900e-04
-6.9497e-03
-1.6498e-02
-2.9688e-02
-4.0150e-02
-4.7985e-02
-5.9614e-02
-7.0758e-02
-8.3620e-02
-9.0870e-02
-9.5927e-02
-1.0171e-01
-1.0467e-01
-1.0024e-01
-9.2976e-02
-8.2619e-02
-7.1333e-02
-6.2330e-02
-4.8659e-02
-4.4702e-02
-4.3286e-02
-4.3873e-02
-4.6978e-02
-4.9859e-02
-5.1077e-02
-5.0393e-02
-4.9555e-02
-4.9744e-02
-4.7689e-02
-4.5848e-02
-4.4151e-02
-3.9890e-02
-3.6487e-02
-3.4162e-02
-3.0948e-02
-2.6756e-02
-2.1626e-02
-1.8167e-02
-1.1477e-02
-8.4521e-03
-2.5348e-03
4.4422e-04
4.6951e-03
8.3665e-03
1.3404e-02
1.7294e-02
2.3902e-02
2.6222e-02
3.0211e-02
3.4117e-02
3.8471e-02
3.8766e-02
4.1968e-02
4.4399e-02
4.6874e-02
4.5642e-02
4.7853e-02
5.0196e-02
4.8502e-02
4.9391e-02
5.3888e-02
4.8984e-02
4.5425e-02
4.4727e-02
3.8266e-02
3.2642e-02
2.8741e-02
2.2199e-02
1.8543e-02
1.7890e-02
1.7590e-02
1.7660e-02
1.7025e-02
1.6506e-02
1.5973e-02
1.2781e-02
8.2507e-03
5.0213e-03
-1.4273e-03
-1.1843e-02
-1.9359e-02
-2.4500e-02
-2.7128e-02
-3.2286e-02
-3.8020e-02
-4.0071e-02
-4.1999e-02
-4.3402e-02
-4.5951e-02
-4.9427e-02
-4.6486e-02
-4.2919e-02
-4.2746e-02
-4.0746e-02
-3.4052e-02
-3.0278e-02
-2.4589e-02
-2.2449e-02
-1.9474e-02
-1.9548e-02
-1.3053e-02
-1.1173e-02
-9.0127e-03
-4.8572e-03
-1.7015e-03
1.8633e-03
6.5690e-03
6.6758e-03
1.0220e-02
1.4995e-02
1.7736e-02
1.9603e-02
2.1746e-02
2.7032e-02
2.5623e-02
2.8815e-02
3.0586e-02
2.8551e-02
2.7260e-02
2.3711e-02
2.2440e-02
1.9224e-02
1.5409e-02
1.2699e-02
9.6503e-03
6.1990e-03
3.6280e-03
2.5865e-03
-9.7823e-04
-3.0387e-03
-7.4156e-03
-1.2462e-02
-1.3221e-02
-2.0158e-02
-2.0123e-02
-1.9660e-02
-2.2276e-02
-2.1260e-02
-1.8568e-02
-1.9637e-02
-1.8616e-02
-1.8786e-02
-1.9252e-02
-1.8843e-02
-1.8605e-02
-1.7546e-02
-1.4955e-02
-1.4753e-02
-1.6446e-02
-1.6132e-02
-1.5277e-02
-1.5390e-02
-1.5640e-02
-1.5568e-02
-1.5483e-02
-1.4298e-02
-1.0547e-02
-7.8231e-03
-8.0790e-03
-6.7817e-03
-5.4928e-03
-6.4630e-03
-6.5100e-03
-8.2096e-03
-1.1094e-02
-8.7006e-03
-7.8531e-03
-6.8549e-03
-3.0922e-03
-2.6712e-03
-1.9113e-03
1.6042e-03
5.9869e-03
8.7703e-03
1.1368e-02
1.4729e-02
1.8081e-02
2.2368e-02
2.8310e-02
3.2870e-02
3.5761e-02
4.0419e-02
4.8193e-02
5.3335e-02
5.8402e-02
6.2449e-02
6.6159e-02
6.7694e-02
6.9629e-02
7.2169e-02
7.0506e-02
6.7872e-02
6.5028e-02
6.3807e-02
5.8956e-02
5.1467e-02
4.6067e-02
4.3347e-02
3.7336e-02
3.0077e-02
2.6634e-02
2.2569e-02
1.8034e-02
1.5664e-02
1.2541e-02
6.1995e-03
-3.3883e-05
-1.5693e-03
-7.7808e-03
-1.5367e-02
-1.7210e-02
-1.7396e-02
-1.7985e-02
-1.8073e-02
-1.7400e-02
-1.5126e-02
-1.3674e-02
-1.2620e-02
-1.1071e-02
-1.0557e-02
-1.0118e-02
-8.7599e-03
-9.4410e-03
-9.7075e-03
-7.7306e-03
-6.4198e-03
-6.3901e-03
-5.7368e-03
-6.3901e-03
-6.3316e-03
-4.1621e-03
-1.6544e-03
-2.5463e-03
-4.0380e-03
-3.1870e-03
-2.4485e-03
-4.4255e-03
-7.2373e-03
-8.2618e-03
-1.2571e-02
-1.7807e-02
-1.7639e-02
-1.7540e-02
-2.2030e-02
-2.0279e-02
-1.3994e-02
-1.2975e-02
-1.2625e-02
-1.1344e-02
-7.4457e-03
-4.7760e-03
-6.4964e-03
-7.3568e-03
-6.1127e-03
-5.7560e-03
-6.0699e-03
-6.0919e-03
-4.4488e-03
-5.2633e-03
-7.4305e-03
-6.1693e-03
-5.5603e-03
-6.0418e-03
-6.1660e-03
-6.0675e-03
-6.0449e-03
-6.1022e-03
-7.8263e-03
-1.0364e-02
-1.1450e-02
-1.2541e-02
-1.4226e-02
-1.6014e-02
-1.5990e-02
-1.4935e-02
-1.5315e-02
-1.4206e-02
-9.9218e-03
-6.0402e-03
-4.0145e-03
-1.3105e-03
5.5897e-04
2.9811e-03
5.8906e-03
6.4614e-03
7.8675e-03
1.0034e-02
1.1679e-02
1.5002e-02
1.9123e-02
2.1699e-02
2.4312e-02
2.4553e-02
2.6444e-02
3.0037e-02
3.1174e-02
3.1906e-02
3.1798e-02
2.9677e-02
2.7599e-02
2.6697e-02
2.3806e-02
1.9503e-02
1.4890e-02
9.7489e-03
8.7519e-03
9.1986e-03
4.5750e-03
-2.3512e-03
-5.5186e-03
-8.1994e-03
-1.2616e-02
-1.5309e-02
-1.8383e-02
-2.1961e-02
-2.5296e-02
-2.6680e-02
-2.5619e-02
-2.5469e-02
-2.4788e-02
-2.0849e-02
-1.7002e-02
-1.4844e-02
-1.2116e-02
-8.6072e-03
-5.3259e-03
-2.2826e-03
-7.5425e-04
-1.7677e-03
-4.0641e-03
-7.2134e-03
-1.0397e-02
-1.1228e-02
-1.3373e-02
-1.8268e-02
-2.1499e-02
-2.0592e-02
-2.2152e-02
-2.5148e-02
-2.4973e-02
-2.7081e-02
-2.7528e-02
-2.2772e-02
-1.9707e-02
-1.9092e-02
-1.7095e-02
-1.2498e-02
-7.3732e-03
-5.8903e-03
-3.4100e-03
-9.6533e-04
1.9335e-05
1.6246e-03
1.9534e-03
1.2161e-03
1.5518e-03
1.8807e-03
2.3911e-04
-2.3482e-03
-3.5143e-03
-4.4334e-03
-4.4154e-03
-3.8546e-03
-4.3806e-03
-4.6221e-03
-4.6046e-03
-7.9533e-03
-9.5742e-03
-1.0131e-02
-1.3567e-02
-1.6144e-02
-1.8083e-02
-2.0394e-02
-2.1232e-02
-2.2816e-02
-2.4983e-02
-2.3076e-02
-2.1193e-02
-1.9759e-02
-1.8718e-02
-1.7390e-02
-1.5691e-02
-1.3941e-02
-1.2336e-02
-9.1549e-03
-5.0607e-03
-4.0027e-03
-5.5341e-03
-4.0745e-03
-3.1400e-04
1.0663e-03
1.6902e-03
3.4233e-03
7.0886e-03
9.3356e-03
9.3541e-03
1.2807e-02
1.5872e-02
1.5889e-02
1.7767e-02
2.0126e-02
2.1413e-02
2.2910e-02
2.4385e-02
2.4039e-02
2.5521e-02
2.8344e-02
2.7485e-02
2.6187e-02
2.7019e-02
2.7428e-02
2.7155e-02
2.9242e-02
3.1573e-02
3.0480e-02
3.0994e-02
3.0135e-02
2.9161e-02
3.0643e-02
3.0321e-02
2.5662e-02
2.5417e-02
2.8417e-02
2.7532e-02
2.4096e-02
2.2148e-02
2.3836e-02
2.4725e-02
2.3231e-02
1.8966e-02
1.8645e-02
1.7491e-02
1.4087e-02
1.1226e-02
7.7497e-03
6.6206e-03
4.4084e-03
4.0155e-03
5.1556e-03
4.8266e-04
-6.8681e-04
2.4838e-03
2.0751e-03
1.8080e-04
-3.5631e-03
-5.6859e-03
-7.4310e-03
-9.1751e-03
-1.0290e-02
-1.4207e-02
-1.6536e-02
-1.8312e-02
-1.8175e-02
-1.6847e-02
-1.8073e-02
-2.2764e-02
-2.2813e-02
-1.9691e-02
-2.0308e-02
-2.1655e-02
-2.1400e-02
-2.0982e-02
-2.1285e-02
-2.3368e-02
-2.3485e-02
-2.1882e-02
-2.0138e-02
-2.0688e-02
-2.1905e-02
-2.1288e-02
-2.0828e-02
-2.1045e-02
-2.1140e-02
-2.0932e-02
-2.1205e-02
-2.3311e-02
-2.3377e-02
-2.1739e-02
-1.9949e-02
-2.0615e-02
-2.2009e-02
-2.4074e-02
-2.4995e-02
-2.1466e-02
-1.8537e-02
-2.1136e-02
-2.2006e-02
-1.8102e-02
-1.6121e-02
-1.7367e-02
-1.3650e-02
-1.0978e-02
-1.0888e-02
-9.3785e-03
-7.2615e-03
-5.6124e-03
-3.9823e-03
-2.8222e-03
-3.2684e-03
-1.5662e-03
-1.2870e-03
-1.7823e-03
8.3464e-04
3.2537e-03
4.0503e-03
5.1744e-03
7.0920e-03
8.4308e-03
7.0311e-03
4.1851e-03
3.0343e-03
2.5052e-03
1.2114e-03
7.0410e-04
-2.8757e-03
-2.4730e-03
-5.7209e-04
-1.4709e-03
-2.3006e-03
-1.0965e-03
3.1677e-03
2.4834e-03
2.6986e-03
5.7976e-03
7.5703e-03
8.5542e-03
1.0156e-02
1.1876e-02
1.3603e-02
1.4663e-02
1.4309e-02
1.6346e-02
1.8588e-02
1.7284e-02
1.6486e-02
1.7404e-02
1.7728e-02
1.7414e-02
1.8047e-02
2.0238e-02
1.9095e-02
1.7565e-02
1.6243e-02
1.7684e-02
1.6829e-02
1.1158e-02
1.0491e-02
1.0732e-02
8.4553e-03
5.6596e-03
2.8655e-03
5.2701e-03
4.6161e-03
-1.0724e-03
1.0245e-03
2.2287e-03
-2.0229e-03
-3.5881e-03
-1.1202e-03
-9.6001e-04
-2.1905e-03
-2.2151e-03
-1.8373e-03
-5.0559e-04
4.2286e-03
5.4352e-03
7.5796e-03
8.7173e-03
8.5789e-03
6.0339e-03
6.6152e-03
5.1776e-03
2.1361e-03
-5.1716e-04
1.4471e-03
1.6333e-04
-1.0513e-03
-1.8605e-03
3.2820e-04
-2.2410e-03
-3.3789e-03
-4.7665e-03
-6.4340e-03
-7.9206e-03
-8.8530e-03
-8.2140e-03
-1.1024e-02
-1.3489e-02
-1.4184e-02
-1.4909e-02
-1.6107e-02
-2.0085e-02
-2.1123e-02
-2.2240e-02
-2.6452e-02
-2.9420e-02
-3.6260e-02
-3.5738e-02
-3.7925e-02
-4.2497e-02
-4.3157e-02
-4.3142e-02
-4.4017e-02
-4.4613e-02
-3.9918e-02
-3.5527e-02
-3.2726e-02
-2.8777e-02
-2.6441e-02
-2.3408e-02
-2.0800e-02
-2.0230e-02
-1.8642e-02
-1.7473e-02
-1.8460e-02
-1.6048e-02
-1.1221e-02
-8.7638e-03
-4.3831e-03
-1.9666e-03
1.7957e-03
6.8934e-03
7.9176e-03
9.1341e-03
1.3059e-02
1.5317e-02
1.7787e-02
1.8641e-02
1.9991e-02
2.2062e-02
2.5046e-02
2.7878e-02
2.6856e-02
2.6763e-02
3.0452e-02
3.2434e-02
3.1769e-02
3.0710e-02
3.1308e-02
3.0718e-02
2.9084e-02
3.0215e-02
2.9485e-02
2.6148e-02
2.5825e-02
2.6631e-02
2.3654e-02
2.0003e-02
1.8952e-02
1.9253e-02
1.5051e-02
1.3403e-02
1.4134e-02
1.5056e-02
1.4233e-02
1.3797e-02
1.3998e-02
1.4051e-02
1.1584e-02
7.3655e-03
6.1135e-03
3.0760e-03
-7.7106e-04
-3.6642e-03
-6.5448e-03
-9.9862e-03
-1.3235e-02
-1.5083e-02
-1.5735e-02
-1.7877e-02
-2.0083e-02
-2.1198e-02
-2.2992e-02
-2.4914e-02
-2.4808e-02
-2.5442e-02
-2.8246e-02
-2.8522e-02
-2.7031e-02
-2.7252e-02
-2.7929e-02
-2.7904e-02
-2.7670e-02
-2.5972e-02
-2.3518e-02
-2.4108e-02
-2.3826e-02
-2.0580e-02
-1.8829e-02
-1.8020e-02
-1.8060e-02
-1.5435e-02
-1.1475e-02
-9.5242e-03
-6.2456e-03
-2.9192e-03
-1.6083e-03
-9.5851e-04
2.9821e-03
7.6934e-03
1.0024e-02
9.1575e-03
1.1074e-02
1.5546e-02
1.4368e-02
1.6124e-02
1.9009e-02
1.6741e-02
1.6269e-02
1.4088e-02
1.4209e-02
1.9325e-02
1.8846e-02
1.7729e-02
2.0830e-02
2.1373e-02
1.9709e-02
2.3382e-02
2.2456e-02
1.7733e-02
2.0431e-02
2.1914e-02
2.0505e-02
2.0089e-02
2.0480e-02
2.0484e-02
2.0371e-02
1.8653e-02
1.6151e-02
1.6780e-02
1.8233e-02
1.7570e-02
1.3572e-02
1.2076e-02
1.5173e-02
1.5099e-02
1.3531e-02
1.3564e-02
1.4139e-02
1.5765e-02
1.8097e-02
1.7509e-02
1.6102e-02
1.6786e-02
1.7381e-02
1.3874e-02
1.1966e-02
1.3226e-02
1.0752e-02
8.2232e-03
7.2906e-03
5.8822e-03
4.0356e-03
4.1125e-03
5.1259e-03
4.5799e-03
4.0156e-03
4.1931e-03
3.9958e-03
-8.2474e-06
-2.6555e-04
2.2148e-03
-2.4416e-03
-4.0142e-03
-1.3761e-03
-5.4840e-03
-7.1058e-03
-4.2457e-03
-4.8320e-03
-1.0050e-02
-1.0116e-02
-7.3953e-03
-1.2051e-02
-1.3608e-02
-1.0910e-02
-1.5131e-02
-1.7162e-02
-1.8352e-02
-2.3160e-02
-2.4646e-02
-2.8683e-02
-3.5481e-02
-3.7431e-02
-3.6355e-02
-3.6177e-02
-3.6896e-02
-3.5185e-02
-3.0494e-02
-2.5304e-02
-2.2692e-02
-1.6780e-02
-8.3003e-03
-2.6703e-03
2.4229e-03
5.0318e-03
8.9486e-03
1.1669e-02
1.1762e-02
1.3690e-02
1.4469e-02
1.7521e-02
1.8443e-02
1.8159e-02
2.1066e-02
2.3221e-02
2.6090e-02
2.7871e-02
2.8332e-02
3.0060e-02
2.9731e-02
2.4984e-02
2.5523e-02
3.2683e-02
3.2211e-02
2.8093e-02
2.9084e-02
3.0676e-02
3.0555e-02
3.4083e-02
3.6776e-02
3.6514e-02
3.8133e-02
4.2494e-02
4.4108e-02
4.1952e-02
4.1270e-02
3.8556e-02
3.6241e-02
3.3811e-02
2.5905e-02
2.2339e-02
2.2452e-02
1.8619e-02
1.6003e-02
1.3551e-02
1.1332e-02
8.4019e-03
4.2145e-03
1.2429e-03
-1.5049e-03
-4.7265e-03
-8.0860e-03
-1.1585e-02
-1.8695e-02
-2.2356e-02
-2.2696e-02
-2.6646e-02
-3.1075e-02
-3.3796e-02
-3.6581e-02
-3.8107e-02
-4.0909e-02
-4.3287e-02
-4.3995e-02
-4.5709e-02
-4.7678e-02
-4.9235e-02
-5.0635e-02
-5.0137e-02
-4.9780e-02
-5.3930e-02
-5.0718e-02
-4.7280e-02
-4.8278e-02
-4.4628e-02
-4.1881e-02
-3.9980e-02
-3.7953e-02
-3.5028e-02
-3.2935e-02
-3.0237e-02
-2.8101e-02
-2.7486e-02
-2.5493e-02
-2.1389e-02
-1.9495e-02
-1.7319e-02
-1.4983e-02
-1.2174e-02
-8.1165e-03
-7.1534e-03
-6.5770e-03
-9.2032e-05
4.8500e-03
7.6731e-03
1.0846e-02
1.3667e-02
1.7336e-02
2.0773e-02
2.3780e-02
2.4930e-02
2.5824e-02
2.8297e-02
3.2169e-02
3.3848e-02
3.3785e-02
3.3384e-02
3.1210e-02
2.6988e-02
1.9845e-02
1.4910e-02
1.0208e-02
3.1639e-03
-9.0294e-04
-1.8172e-04
8.7152e-04
-3.4235e-04
-1.6172e-03
-3.5711e-03
-5.3379e-03
-4.3435e-03
-3.4538e-03
-4.3433e-03
-4.6592e-03
-4.3081e-03
-4.3254e-03
-4.4417e-03
-4.4218e-03
-4.5177e-03
-4.5466e-03
-4.4648e-03
-4.4806e-03
-4.5223e-03
-4.5955e-03
-2.9173e-03
-3.1405e-04
-8.9114e-04
9.8520e-04
3.3412e-03
1.1372e-03
2.5062e-03
6.1914e-03
5.6956e-03
3.9101e-03
7.8809e-03
1.0334e-02
1.0620e-02
1.2093e-02
1.2373e-02
1.4775e-02
1.5134e-02
1.3838e-02
1.4044e-02
1.4655e-02
1.4641e-02
1.4452e-02
1.4579e-02
1.4577e-02
1.4588e-02
1.8070e-02
1.7947e-02
1.2581e-02
1.3316e-02
1.6031e-02
1.1836e-02
7.4809e-03
6.5603e-03
4.9170e-03
2.1247e-03
1.2095e-03
-1.4878e-04
-5.7419e-03
-5.5574e-03
-5.7916e-03
-1.0345e-02
-1.1353e-02
-1.3550e-02
-1.8204e-02
-1.9633e-02
-2.1169e-02
-2.5859e-02
-2.8775e-02
-3.1316e-02
-3.4908e-02
-3.8582e-02
-4.3464e-02
-4.3239e-02
-4.2860e-02
-4.7012e-02
-4.5878e-02
-4.4570e-02
-4.4474e-02
-4.1078e-02
-3.6641e-02
-3.4309e-02
-3.1912e-02
-2.8410e-02
-2.4980e-02
-2.2998e-02
-2.2626e-02
-2.0650e-02
-1.7115e-02
-1.5329e-02
-1.5505e-02
-1.2633e-02
-1.1389e-02
-8.1105e-03
-5.9384e-03
-2.3247e-03
1.1146e-03
2.6424e-03
4.2073e-03
7.7799e-03
8.7407e-03
1.0908e-02
1.5777e-02
1.6573e-02
1.3596e-02
1.4148e-02
1.5782e-02
1.7981e-02
2.0416e-02
1.7968e-02
1.9687e-02
2.3896e-02
2.0199e-02
1.6389e-02
1.7727e-02
1.9857e-02
1.9118e-02
1.9341e-02
2.2264e-02
2.3831e-02
2.5375e-02
2.8389e-02
2.9984e-02
3.2330e-02
3.0600e-02
3.0040e-02
3.1368e-02
3.0984e-02
2.7920e-02
2.5501e-02
2.2681e-02
2.1586e-02
1.7716e-02
1.4464e-02
1.4038e-02
1.0544e-02
8.9585e-03
7.3045e-03
2.7081e-03
-8.7981e-04
-3.2740e-03
-6.3250e-03
-9.6573e-03
-1.2850e-02
-1.5445e-02
-1.5934e-02
-1.6821e-02
-1.6456e-02
-1.6502e-02
-1.7054e-02
-1.7116e-02
-1.5567e-02
-1.0719e-02
-9.6483e-03
-6.9301e-03
-2.7282e-03
-5.1347e-05
1.4123e-03
3.1355e-03
6.6844e-03
4.7337e-03
-8.0132e-04
1.4528e-03
4.3083e-03
2.3505e-03
-1.1473e-03
-2.1125e-03
-2.2542e-04
3.7585e-04
-7.1978e-04
-1.0272e-03
-2.3351e-04
2.1494e-03
3.5867e-03
2.9425e-03
6.8438e-03
9.1695e-03
8.8964e-03
8.4194e-03
1.1531e-02
1.6285e-02
1.6692e-02
1.6359e-02
1.5891e-02
1.4059e-02
1.4989e-02
1.5328e-02
1.0325e-02
8.3557e-03
8.3109e-03
4.4796e-03
2.5956e-03
1.7706e-03
-1.7378e-03
-1.1594e-03
-3.5173e-03
-5.0864e-03
-2.9988e-03
-3.1979e-03
-3.9105e-03
1.3839e-04
9.6979e-04
2.8240e-04
5.0944e-03
7.3745e-03
4.6326e-03
1.9364e-03
1.3354e-03
2.8157e-03
3.7512e-03
6.7469e-03
6.7880e-03
3.9516e-03
7.0389e-04
1.4680e-03
3.9680e-03
3.0183e-03
1.9369e-03
2.2988e-03
2.4162e-03
2.8685e-04
7.2767e-05
3.2171e-03
3.7346e-03
1.6394e-03
1.7834e-03
2.6700e-03
2.5661e-03
2.3325e-03
4.1279e-03
6.7150e-03
6.1030e-03
7.8950e-03
1.0388e-02
1.1710e-02
1.4731e-02
1.5393e-02
1.4806e-02
1.4476e-02
1.5147e-02
1.5395e-02
1.1940e-02
1.0213e-02
9.5506e-03
4.5868e-03
4.5627e-03
4.0550e-03
1.3183e-03
1.0681e-04
-1.6798e-03
-2.0324e-04
-2.2759e-03
-6.1898e-03
-3.7436e-03
-5.1015e-03
-1.0701e-02
-1.0924e-02
-1.1044e-02
-1.3563e-02
-1.4524e-02
-1.2992e-02
-1.3038e-02
-1.3961e-02
-1.3943e-02
-1.3643e-02
-1.3688e-02
-1.3780e-02
-1.3831e-02
-1.3824e-02
-1.3655e-02
-1.3771e-02
-1.1556e-02
-8.4921e-03
-8.6565e-03
-5.6093e-03
-3.7439e-03
-6.3998e-04
8.1728e-04
3.2654e-03
1.6086e-03
1.0031e-03
2.3307e-03
1.9238e-03
-1.2834e-03
-2.8945e-03
-3.4417e-03
-4.4222e-03
-5.0001e-03
-9.0769e-03
-7.4763e-03
-4.5733e-03
-1.7109e-03
-3.8797e-03
-2.2832e-03
1.4615e-04
-1.3325e-03
-1.8691e-03
-9.2798e-04
-7.4900e-04
-1.0187e-03
-8.9561e-04
-1.7733e-04
2.4161e-03
3.2388e-03
1.7725e-03
2.4338e-03
7.3472e-03
6.4901e-03
4.0321e-03
5.1099e-03
6.0840e-03
6.0656e-03
7.2962e-03
5.9931e-03
9.5299e-03
1.0016e-02
7.7293e-03
8.2186e-03
1.0059e-02
1.3012e-02
7.6819e-03
6.4447e-03
8.9805e-03
4.9046e-03
3.6262e-03
1.8663e-03
1.3710e-03
-1.3324e-03
-1.1916e-03
3.1109e-04
-4.5231e-04
-1.1572e-03
-8.7405e-04
-1.4093e-03
-5.3477e-03
-5.2279e-03
-3.0212e-03
-7.7933e-03
-9.3033e-03
-6.3348e-03
-1.0577e-02
-1.2427e-02
-9.7551e-03
-1.3731e-02
-1.5439e-02
-1.2718e-02
-1.3144e-02
-1.8274e-02
-1.8719e-02
-1.5576e-02
-1.6175e-02
-1.7515e-02
-1.7108e-02
-1.6708e-02
-1.6950e-02
-1.7035e-02
-1.6585e-02
-1.2646e-02
-1.2465e-02
-1.4915e-02
-1.0242e-02
-8.5229e-03
-9.5034e-03
-7.1978e-03
-6.6940e-03
-3.8042e-03
-2.9515e-03
-4.9878e-03
-9.4597e-04
4.4496e-03
4.8830e-03
6.1514e-03
1.1118e-02
1.4664e-02
1.5299e-02
1.4201e-02
1.4060e-02
1.3393e-02
1.1232e-02
9.7968e-03
8.5836e-03
1.0434e-02
1.3768e-02
1.2584e-02
1.0623e-02
1.1501e-02
1.2240e-02
8.5377e-03
6.6871e-03
9.7122e-03
8.0937e-03
7.6104e-03
1.0002e-02
8.9253e-03
9.8618e-03
1.2973e-02
1.5892e-02
1.5972e-02
1.5440e-02
1.8673e-02
1.9199e-02
1.7492e-02
1.7874e-02
1.8611e-02
1.5039e-02
1.1552e-02
1.2038e-02
9.2535e-03
7.6166e-03
9.8535e-03
6.2368e-03
3.2685e-03
2.8820e-03
-1.1307e-04
-1.1233e-03
-2.2125e-03
-4.2940e-03
-4.3588e-03
-3.2457e-03
-3.7535e-03
-4.3201e-03
-2.4257e-03
2.7890e-04
1.1690e-03
2.1285e-03
2.3966e-03
5.0011e-03
7.0471e-03
4.6247e-03
4.5775e-03
9.1161e-03
1.0702e-02
7.5105e-03
9.3010e-03
1.3187e-02
1.2506e-02
1.0745e-02
1.1347e-02
1.2164e-02
1.1950e-02
1.1566e-02
1.0119e-02
7.7571e-03
8.0748e-03
7.8385e-03
4.6680e-03
1.2147e-03
1.2888e-03
1.8436e-04
-5.7242e-03
-8.9985e-03
-7.5100e-03
-9.0647e-03
-1.2276e-02
-1.3730e-02
-1.4913e-02
-1.3094e-02
-9.8547e-03
-9.2377e-03
-1.2158e-02
-8.5124e-03
-5.4257e-03
-8.5818e-03
-7.4179e-03
-6.6668e-03
-8.8831e-03
-8.0230e-03
-1.0684e-02
-1.4619e-02
-1.4469e-02
-1.5239e-02
-1.7607e-02
-1.7790e-02
-1.6644e-02
-2.0497e-02
-2.2775e-02
-1.9753e-02
-2.2972e-02
-2.6282e-02
-2.6664e-02
-2.7699e-02
-2.6359e-02
-2.6498e-02
-2.7378e-02
-2.7349e-02
-2.7017e-02
-2.3800e-02
-2.2223e-02
-2.1609e-02
-1.8209e-02
-1.7204e-02
-1.4486e-02
-1.1581e-02
-1.1194e-02
-8.1951e-03
-6.7964e-03
-5.6702e-03
-3.5873e-03
-5.2885e-03
-2.1849e-03
6.0524e-04
-2.1689e-03
8.4076e-04
3.9840e-03
4.4986e-03
5.6895e-03
4.1151e-03
4.2659e-03
5.3570e-03
5.3532e-03
5.1053e-03
6.6811e-03
7.5806e-03
7.9086e-03
8.8178e-03
7.9612e-03
7.7940e-03
8.3928e-03
8.5564e-03
8.3626e-03
1.1707e-02
1.3457e-02
1.0495e-02
8.8674e-03
7.7100e-03
8.1943e-03
5.8684e-03
3.5394e-03
2.5266e-03
1.0725e-03
2.7281e-03
2.6915e-03
1.6827e-03
1.6939e-03
2.0722e-03
5.4022e-03
6.9507e-03
4.1256e-03
7.5423e-03
1.0649e-02
1.1036e-02
1.2261e-02
1.0834e-02
1.0911e-02
1.1836e-02
1.1711e-02
1.1371e-02
1.1482e-02
9.9571e-03
7.4237e-03
7.8327e-03
9.3717e-03
8.7508e-03
7.9137e-03
8.2441e-03
5.1497e-03
3.2718e-03
6.1352e-03
6.1905e-03
3.0661e-03
5.8297e-04
1.6601e-03
3.0417e-03
2.1985e-03
1.5714e-03
2.0340e-03
5.5092e-03
6.8839e-03
4.0292e-03
4.2425e-03
5.6623e-03
5.4759e-03
5.0590e-03
5.1988e-03
5.4320e-03
5.4235e-03
5.3294e-03
7.0784e-03
9.6419e-03
8.9904e-03
7.5199e-03
8.2388e-03
9.0290e-03
8.7654e-03
5.1116e-03
3.5105e-03
3.0776e-03
-1.8864e-03
-1.9045e-03
-6.4573e-04
-2.5126e-03
-7.5489e-04
4.7312e-04
-1.2413e-03
1.9832e-03
4.4520e-03
1.5989e-03
4.5798e-03
5.8955e-03
6.9035e-04
8.6764e-04
2.7257e-04
-1.9991e-03
-1.6720e-04
1.0866e-04
-1.0621e-03
-4.4858e-03
-4.1201e-03
-2.2040e-03
-4.6649e-03
-4.4855e-03
-3.6921e-03
-4.0853e-03
-6.8231e-03
-9.5971e-03
-6.8160e-03
-6.2388e-03
-7.7042e-03
-7.8664e-03
-7.4836e-03
-7.6028e-03
-7.6971e-03
-1.0102e-02
-1.3108e-02
-1.0471e-02
-1.2109e-02
-1.6614e-02
-1.4197e-02
-1.4070e-02
-1.7087e-02
-1.5113e-02
-1.2654e-02
-1.4512e-02
-1.0539e-02
-1.0598e-02
-1.1659e-02
-6.5797e-03
-7.9010e-03
-1.0072e-02
-8.9473e-03
-8.0782e-03
-8.1199e-03
-6.0450e-03
-4.3341e-03
-5.0585e-03
-1.6631e-03
-1.7502e-03
-3.6677e-03
-2.8891e-03
-2.1991e-03
-2.4892e-03
-2.6399e-03
-1.7035e-03
2.6661e-03
4.1452e-03
3.5648e-03
3.4678e-03
6.1974e-03
8.1864e-03
6.6597e-03
6.4514e-03
9.8723e-03
1.1670e-02
1.0175e-02
1.1933e-02
1.4702e-02
1.3264e-02
1.2277e-02
1.3315e-02
1.4113e-02
1.6135e-02
1.7052e-02
1.1675e-02
1.1368e-02
1.4797e-02
1.3869e-02
8.5376e-03
6.0339e-03
2.8260e-03
-1.3497e-03
-3.1542e-03
-2.2649e-03
-5.6695e-03
-1.1601e-02
-1.3684e-02
-1.1881e-02
-1.4743e-02
-1.6788e-02
-1.4618e-02
-1.4721e-02
-1.5654e-02
-1.3423e-02
-1.0939e-02
-1.1890e-02
-9.1292e-03
-7.8095e-03
-1.0097e-02
-9.7961e-03
-8.6862e-03
-8.4970e-03
-4.9060e-03
-4.2421e-03
-2.8243e-03
4.6599e-04
8.8033e-04
-1.0776e-04
-1.8440e-04
6.2840e-04
1.1312e-03
4.8308e-03
5.1681e-03
2.4630e-03
3.0896e-03
4.2841e-03
4.0096e-03
3.8402e-03
6.1091e-03
8.2117e-03
6.9354e-03
6.0524e-03
6.8616e-03
7.1893e-03
6.9896e-03
6.9296e-03
7.1268e-03
7.1485e-03
7.0320e-03
7.0535e-03
7.2747e-03
9.2311e-03
9.5662e-03
1.0147e-02
1.0815e-02
1.2171e-02
1.4491e-02
1.3710e-02
1.2567e-02
1.3700e-02
1.8014e-02
1.7739e-02
1.1125e-02
1.1508e-02
1.5055e-02
1.0196e-02
8.3287e-03
1.1191e-02
7.0466e-03
5.2751e-03
8.2311e-03
7.6844e-03
2.4107e-03
1.8722e-03
1.1285e-03
-3.0050e-04
-3.0010e-03
-7.5753e-03
-6.4194e-03
-8.0688e-03
-1.0155e-02
-1.0188e-02
-8.4818e-03
-8.0602e-03
-1.1498e-02
-9.6973e-03
-7.2719e-03
-7.2405e-03
-9.5361e-03
-1.0292e-02
-8.3667e-03
-8.7988e-03
-1.3620e-02
-1.5933e-02
-1.5134e-02
-1.4977e-02
-1.9085e-02
-2.0393e-02
-2.1659e-02
-2.2830e-02
-2.5189e-02
-2.5947e-02
-2.4028e-02
-2.4508e-02
-2.5475e-02
-2.5280e-02
-2.5001e-02
-2.4760e-02
-2.0901e-02
-2.0157e-02
-1.8989e-02
-1.7677e-02
-1.5137e-02
-1.2297e-02
-1.2199e-02
-1.2587e-02
-8.6712e-03
-7.4399e-03
-7.8874e-03
-5.1431e-03
-5.5084e-03
-6.7151e-03
-5.5724e-03
-2.5862e-03
-1.3106e-03
-2.1872e-03
1.2752e-03
1.3477e-03
-5.7079e-04
1.0128e-03
5.9069e-03
5.0802e-03
5.1173e-03
7.8572e-03
8.0883e-03
1.1122e-02
1.0897e-02
9.1313e-03
1.0370e-02
1.3620e-02
1.4853e-02
1.3465e-02
1.5360e-02
1.7965e-02
1.6645e-02
1.6590e-02
2.1583e-02
2.0975e-02
1.8462e-02
1.9468e-02
2.0474e-02
2.0072e-02
1.9806e-02
1.9978e-02
2.0044e-02
1.8594e-02
1.4422e-02
1.5398e-02
1.2970e-02
1.3668e-02
1.3269e-02
8.1749e-03
1.0034e-02
1.0580e-02
3.6078e-03
1.0576e-03
4.0911e-03
-1.1853e-03
-5.1888e-03
-1.4178e-03
-6.8230e-04
-2.7984e-03
-3.0263e-03
-1.0024e-03
2.9975e-03
5.5746e-04
4.4064e-04
6.1389e-03
4.3646e-03
2.2307e-03
3.6444e-03
3.3887e-03
5.2129e-04
-5.4599e-04
1.3580e-03
1.4634e-03
4.4656e-04
5.0940e-04
2.1295e-03
4.6497e-03
4.6750e-03
3.0506e-03
3.4219e-03
4.2181e-03
1.7100e-03
-1.5108e-03
1.0465e-03
-3.2523e-04
-5.8106e-03
-6.2476e-03
-5.0895e-03
-7.1371e-03
-1.0936e-02
-6.2261e-03
1.1051e-04
-1.0008e-03
-3.5395e-03
1.8045e-04
1.9861e-03
-4.2782e-05
-1.2911e-03
-2.8268e-03
-3.0615e-03
-1.7046e-03
-1.9432e-03
-2.6937e-03
-2.6218e-03
-2.4016e-03
-2.4569e-03
-2.5195e-03
-2.4909e-03
-2.4739e-03
-2.4853e-03
-2.4885e-03
-2.4835e-03
-2.4825e-03
-2.4836e-03
-2.4831e-03
-2.4821e-03
-2.4812e-03
-2.4159e-03
8.5127e-04
2.4390e-03
-3.8313e-04
-2.6059e-04
1.0812e-03
2.7027e-03
4.7656e-03
7.2459e-04
-2.1995e-03
1.4212e-03
2.0192e-03
3.7142e-04
3.4442e-04
4.2599e-03
5.8890e-03
4.5212e-03
7.0856e-03
7.9062e-03
6.3680e-03
6.5635e-03
3.9531e-03
2.1608e-03
3.1344e-03
6.8408e-04
-2.2596e-05
1.4615e-03
1.1711e-03
4.2629e-04
5.4860e-04
7.6754e-04
6.9636e-04
6.3605e-04
6.3572e-04
-1.0714e-03
-3.5955e-03
-2.9577e-03
-1.4967e-03
-2.2069e-03
-2.8822e-03
-2.6330e-03
-2.4565e-03
-2.5632e-03
-2.6038e-03
-2.5614e-03
-2.5536e-03
-2.5680e-03
-2.5676e-03
-2.5644e-03
-2.6772e-03
-2.7307e-03
-2.5213e-03
-2.5115e-03
6.6801e-04
2.4118e-03
-4.4834e-04
-4.2370e-04
4.2386e-03
5.9319e-03
4.4522e-03
6.9553e-03
7.8092e-03
6.2962e-03
6.5490e-03
7.3117e-03
7.2002e-03
6.9082e-03
3.6020e-03
2.0991e-03
3.2014e-03
3.9252e-04
4.2757e-04
6.2404e-03
9.8776e-03
7.0666e-03
9.1544e-03
1.1537e-02
9.5547e-03
9.5191e-03
1.0239e-02
6.2783e-03
5.3777e-03
4.3004e-03
2.9790e-03
7.6661e-04
2.2151e-03
6.2789e-03
4.5618e-03
2.8691e-03
7.9310e-03
9.0293e-03
6.1712e-03
1.0564e-02
1.2298e-02
9.2678e-03
9.6670e-03
1.2823e-02
1.0864e-02
8.5399e-03
6.4297e-03
6.3181e-03
6.1562e-03
3.3157e-03
3.2378e-03
4.7859e-04
-2.5426e-03
-2.8287e-03
-6.0251e-03
-6.6892e-03
-8.5489e-03
-1.0043e-02
-1.2213e-02
-1.2897e-02
-1.1050e-02
-1.1542e-02
-1.2482e-02
-1.2288e-02
-1.2016e-02
-1.2118e-02
-1.2191e-02
-1.2145e-02
-1.2127e-02
-1.2144e-02
-1.2158e-02
-1.2282e-02
-1.2121e-02
-9.8894e-03
-7.7668e-03
-9.0222e-03
-1.0087e-02
-9.1484e-03
-8.6830e-03
-8.9999e-03
-9.4451e-03
-1.3261e-02
-1.3597e-02
-1.0854e-02
-1.1486e-02
-1.2691e-02
-1.2413e-02
-1.2068e-02
-1.1775e-02
-7.5947e-03
-7.5420e-03
-5.9885e-03
-2.2527e-03
-2.0593e-03
-1.1841e-03
1.7249e-03
3.5438e-03
4.1216e-03
4.1977e-03
8.1269e-03
7.8636e-03
5.8129e-03
7.1096e-03
9.5802e-03
6.7334e-03
5.8915e-03
7.2672e-03
4.9073e-03
2.6308e-03
4.2232e-03
4.1690e-03
-8.8908e-04
-1.0685e-03
-3.3172e-03
-8.3168e-03
-1.0283e-02
-8.6131e-03
-1.2979e-02
-1.7666e-02
-1.4863e-02
-1.2443e-02
-1.0433e-02
-1.2001e-02
-1.3449e-02
-1.2166e-02
-1.1563e-02
-1.2059e-02
-1.2273e-02
-1.1954e-02
-1.2008e-02
-1.2010e-02
-1.1959e-02
-1.1141e-02
-6.6626e-03
-5.1507e-03
-5.8016e-03
-5.9123e-03
-3.2559e-03
-1.1069e-03
-2.1691e-03
-4.5495e-04
2.0552e-03
1.6373e-03
5.6718e-03
9.6883e-03
6.8520e-03
5.3110e-03
7.3761e-03
8.4161e-03
1.0001e-02
1.1482e-02
1.0239e-02
9.6379e-03
1.0506e-02
1.0777e-02
1.0494e-02
1.0453e-02
9.6878e-03
5.6408e-03
5.4307e-03
2.6442e-03
-2.7867e-03
-5.1775e-03
-6.6717e-03
-7.5066e-03
-8.8921e-03
-8.2331e-03
-6.9269e-03
-2.0094e-03
5.4625e-04
9.4477e-04
6.5324e-03
7.2629e-03
6.4940e-03
5.2049e-03
1.6633e-03
2.8795e-03
2.2675e-04
9.4522e-04
2.0213e-03
1.0542e-03
5.7868e-04
2.3069e-03
6.5787e-03
4.1632e-03
1.8599e-03
6.4477e-04
2.7026e-04
9.7684e-04
-1.8575e-03
-3.6373e-03
-1.7004e-03
-1.4033e-03
-2.4752e-03
-2.5623e-03
-2.9111e-03
-5.0123e-03
-4.6666e-03
-5.9259e-03
-5.5044e-03
-4.9973e-03
-5.4954e-03
-5.7175e-03
-5.5421e-03
-5.4890e-03
-6.9365e-03
-1.1108e-02
-8.7936e-03
-7.1488e-03
-8.5315e-03
-9.1662e-03
-8.6813e-03
-8.5334e-03
-7.0183e-03
-3.1230e-03
-5.6416e-03
-6.9608e-03
-5.4114e-03
-4.9675e-03
-5.5498e-03
-3.3293e-03
-1.2163e-04
-3.7487e-04
3.9138e-03
5.7644e-03
2.7061e-03
5.2181e-03
9.8080e-03
7.1455e-03
5.8395e-03
7.3972e-03
7.8010e-03
7.2619e-03
7.1952e-03
6.1747e-03
3.5206e-03
3.3132e-03
5.0122e-03
3.4895e-03
-1.6385e-05
-5.0559e-05
1.9014e-03
1.5245e-03
2.9799e-03
6.0398e-03
3.7000e-03
2.8953e-03
4.3193e-03
5.6338e-03
7.8718e-03
8.1504e-03
6.6629e-03
6.7925e-03
7.5236e-03
9.9424e-03
1.2644e-02
1.0040e-02
9.3065e-03
1.0759e-02
1.0992e-02
1.0514e-02
1.0510e-02
1.0668e-02
1.0646e-02
1.0583e-02
9.3923e-03
6.7632e-03
6.5779e-03
5.8945e-03
2.6579e-03
4.4105e-03
5.3229e-03
4.1393e-03
6.1977e-03
9.5185e-03
6.9266e-03
3.6090e-03
2.1436e-03
2.6513e-03
-1.0808e-03
-2.5056e-03
-2.0615e-03
-3.7641e-03
-7.2305e-03
-4.0049e-03
-5.1516e-04
-1.5957e-03
-2.3795e-03
1.0039e-03
2.0386e-03
5.2204e-05
-2.2305e-03
-4.1894e-03
-4.0219e-03
-6.4591e-03
-7.5689e-03
-1.0951e-02
-1.2084e-02
-1.1729e-02
-1.1101e-02
-1.1639e-02
-1.2142e-02
-1.2008e-02
-1.1845e-02
-9.5247e-03
-6.6512e-03
-9.2023e-03
-7.6854e-03
-3.4236e-03
-5.6929e-03
-6.8618e-03
-5.3600e-03
-5.0453e-03
-5.5301e-03
-3.1726e-03
-1.2965e-03
-6.5687e-03
-7.5650e-03
-4.3850e-03
-4.4376e-03
-4.5792e-03
-1.8307e-03
-1.2708e-03
-3.0660e-03
-2.8662e-03
-3.1651e-03
-5.8784e-03
-5.1202e-03
-3.0885e-03
-6.1008e-03
-6.0823e-03
-4.7776e-03
-6.3365e-03
-9.8479e-03
-8.0406e-03
-3.6569e-03
-4.2056e-03
-6.5636e-03
-5.9087e-03
-3.5519e-03
-1.2740e-03
-1.7920e-03
-3.0618e-03
8.5983e-04
3.1750e-03
7.8032e-05
-9.0574e-05
1.4048e-03
1.3904e-03
9.2124e-04
1.0302e-03
2.8636e-03
3.6371e-03
2.0263e-03
2.1124e-03
2.9807e-03
2.8447e-03
2.6129e-03
4.3977e-03
5.2975e-03
3.7950e-03
3.7828e-03
4.5395e-03
6.2363e-03
8.5243e-03
7.9276e-03
6.5403e-03
7.2272e-03
7.8170e-03
4.2015e-03
2.3890e-03
5.4152e-03
5.4448e-03
3.9933e-03
3.9387e-03
4.4806e-03
6.2058e-03
5.1398e-03
4.5156e-03
5.2019e-03
3.6101e-03
4.2820e-03
3.0793e-03
1.0145e-04
5.7405e-04
2.1325e-03
-1.9254e-03
-4.3021e-03
-1.1310e-03
-9.4594e-04
-2.4984e-03
-4.1393e-03
-2.7907e-03
-5.8284e-04
-2.1945e-03
-2.8456e-03
-2.0678e-03
-1.9012e-03
-2.1057e-03
1.1165e-03
1.2195e-03
-2.3810e-03
-1.0672e-03
-1.3903e-03
-2.9199e-03
-1.8539e-03
-1.6096e-03
-3.9160e-03
-4.8447e-03
-4.8332e-03
-3.9755e-03
-2.4634e-03
-3.8861e-03
-4.3132e-03
-1.9365e-03
-9.9774e-04
-2.7242e-03
-4.4420e-03
-6.0252e-03
-3.7608e-03
-1.8759e-04
-1.3896e-03
-3.4001e-03
-2.5164e-03
-1.6976e-03
-2.0226e-03
-2.1982e-03
-3.3848e-04
2.1096e-03
1.4298e-03
3.4429e-03
5.8170e-03
3.5907e-03
6.7288e-03
9.6224e-03
6.7460e-03
6.3593e-03
7.8141e-03
7.8776e-03
7.4099e-03
7.4601e-03
7.6746e-03
1.1016e-02
1.2617e-02
9.6474e-03
6.2590e-03
4.2960e-03
4.6445e-03
4.8075e-03
3.2158e-03
1.8543e-04
4.7429e-04
-1.2064e-03
-3.4715e-03
-3.0934e-03
-5.3792e-03
-5.9079e-03
-4.5648e-03
-8.2799e-03
-1.0635e-02
-7.5799e-03
-7.4179e-03
-1.0623e-02
-1.3128e-02
-1.2020e-02
-1.0633e-02
-1.1418e-02
-8.6674e-03
-6.7347e-03
-9.4347e-03
-6.1610e-03
-3.1383e-03
-6.0106e-03
-3.0506e-03
7.2525e-05
-2.7145e-03
8.6748e-05
3.2003e-03
3.8438e-03
5.0917e-03
6.9530e-03
8.7655e-03
1.0177e-02
1.1808e-02
1.0072e-02
1.3419e-02
1.4402e-02
8.9625e-03
9.2843e-03
1.2134e-02
8.0844e-03
5.2332e-03
5.0818e-03
3.6824e-03
1.6685e-03
-3.7207e-05
3.6309e-04
-2.1088e-03
-2.7609e-03
-4.6602e-03
-6.6159e-03
-4.4276e-03
-4.3434e-03
-7.2616e-03
-9.7492e-03
-7.0429e-03
-4.7824e-03
-5.3786e-03
-5.1912e-03
-5.6650e-03
-5.5296e-03
-5.1565e-03
-5.1447e-03
-3.5303e-03
-9.9543e-04
-1.6022e-03
-3.0690e-03
-2.3663e-03
-1.6851e-03
-1.8744e-03
7.9470e-04
3.1327e-03
5.4925e-04
6.4797e-05
1.4500e-03
1.4789e-03
-1.3679e-03
-4.0822e-03
-2.5971e-03
-4.5503e-03
-6.1632e-03
-4.6393e-03
-1.6929e-03
3.9007e-04
5.4528e-05
2.3817e-03
3.7176e-03
8.4073e-03
9.6911e-03
8.9652e-03
1.4615e-02
1.7729e-02
1.7953e-02
2.1025e-02
2.3700e-02
2.5088e-02
2.3098e-02
2.3172e-02
2.5590e-02
2.5841e-02
2.2661e-02
2.1593e-02
1.8166e-02
1.4380e-02
1.1973e-02
8.3679e-03
2.0905e-03
-1.3902e-03
3.1278e-04
-1.3357e-03
-4.8213e-03
-4.2723e-03
1.3831e-03
-9.6397e-04
-2.0438e-03
3.5727e-03
3.4747e-03
5.4422e-03
4.4791e-03
3.6513e-03
4.6361e-03
5.0001e-03
4.6497e-03
3.8807e-03
1.2482e-03
3.2193e-04
1.7667e-03
-6.1733e-04
-3.5733e-03
-4.4225e-03
-4.9399e-03
-5.2711e-03
-9.0960e-03
-9.1416e-03
-9.5393e-03
-1.1905e-02
-1.1606e-02
-1.3104e-02
-1.4894e-02
-1.2143e-02
-1.2919e-02
-1.0408e-02
-1.0073e-02
-1.1132e-02
-6.6903e-03
-5.9286e-03
-4.3172e-03
-4.1215e-03
-1.5816e-03
-2.1692e-04
1.4577e-03
2.2953e-03
2.7398e-03
5.2296e-03
4.8883e-03
3.6732e-03
4.3086e-03
4.8353e-03
4.4186e-03
2.2165e-03
2.5510e-04
1.4467e-03
2.4304e-03
1.6977e-03
3.2950e-03
5.6197e-03
4.5371e-03
3.3882e-03
4.5547e-03
8.8920e-03
1.2196e-02
1.0493e-02
1.1843e-02
1.7899e-02
1.7518e-02
1.4292e-02
1.6901e-02
1.7350e-02
1.4766e-02
1.5711e-02
1.6310e-02
1.4089e-02
1.1579e-02
1.2290e-02
1.0386e-02
8.0798e-03
1.0120e-02
8.7104e-03
5.1867e-03
5.6894e-03
7.3250e-03
4.3409e-03
1.9722e-03
4.9958e-03
3.2722e-03
3.7945e-04
-1.4929e-03
8.2299e-04
1.1910e-03
-1.0830e-04
-2.6395e-04
-9.6141e-04
-3.3052e-03
-3.5527e-03
-2.0920e-03
-2.1918e-03
-9.2880e-04
1.6013e-03
-4.2383e-04
-1.1652e-03
5.8566e-06
2.2688e-04
-1.8761e-04
-2.2247e-04
-7.1639e-04
-3.1871e-03
-4.0514e-03
-2.3685e-03
-3.0501e-03
-6.2783e-03
-6.9644e-03
-4.5960e-03
-3.3383e-03
-6.3333e-03
-3.8095e-03
-1.3698e-03
-3.4388e-03
-3.4210e-03
1.1476e-03
1.2663e-03
2.4171e-03
2.3288e-03
1.3453e-03
1.9104e-03
2.2553e-03
2.0296e-03
1.9319e-03
1.9582e-03
1.9035e-03
1.7354e-03
1.7323e-03
1.7674e-03
1.6825e-03
1.5179e-03
1.3628e-03
-3.5952e-04
-2.1773e-03
-1.6061e-03
-3.9556e-03
-5.0479e-03
-4.9120e-03
-7.0723e-03
-8.6828e-03
-9.3599e-03
-8.8208e-03
-8.6149e-03
-1.0857e-02
-1.2685e-02
-1.1476e-02
-1.0536e-02
-1.1366e-02
-1.1697e-02
-1.2638e-02
-1.4467e-02
-1.4080e-02
-1.2885e-02
-1.3279e-02
-1.6341e-02
-1.7370e-02
-1.6027e-02
-1.5351e-02
-1.4708e-02
-1.5563e-02
-1.5541e-02
-1.2385e-02
-1.1032e-02
-1.0776e-02
-9.3052e-03
-8.2198e-03
-4.7912e-03
-1.5885e-03
3.0942e-05
1.5360e-03
4.4911e-03
7.0665e-03
8.1849e-03
1.0278e-02
1.3752e-02
1.3300e-02
1.4617e-02
1.7660e-02
1.7918e-02
1.9089e-02
2.0678e-02
1.9034e-02
1.7713e-02
1.6562e-02
1.6353e-02
1.5395e-02
1.2981e-02
1.2525e-02
9.2102e-03
6.3066e-03
4.7127e-03
3.4233e-03
1.9287e-03
-1.2018e-03
-2.9245e-03
-3.6743e-03
-6.2683e-03
-8.4167e-03
-1.0333e-02
-1.2470e-02
-1.4535e-02
-1.5589e-02
-1.4333e-02
-1.5986e-02
-1.7638e-02
-1.6178e-02
-1.4628e-02
-1.2628e-02
-1.4109e-02
-1.3789e-02
-9.9842e-03
-1.1096e-02
-1.2326e-02
-1.0843e-02
-9.4305e-03
-1.1580e-02
-1.0905e-02
-8.8668e-03
-1.0182e-02
-7.6096e-03
-7.8784e-03
-8.1672e-03
-4.8296e-03
-5.3120e-03
-4.8342e-03
-2.6170e-03
-7.4412e-04
-1.5802e-03
1.1690e-03
3.3963e-03
3.2129e-03
4.0231e-03
6.3722e-03
6.1565e-03
7.6897e-03
9.1109e-03
9.3674e-03
1.0077e-02
1.0933e-02
1.0252e-02
9.5511e-03
8.5004e-03
7.6512e-03
7.7787e-03
5.6866e-03
5.1631e-03
3.9161e-03
3.4698e-03
1.9200e-03
1.5189e-03
-1.2118e-04
-1.3708e-03
-1.8666e-03
-4.0415e-03
-6.1182e-03
-7.4312e-03
-8.4238e-03
-7.5073e-03
-7.0296e-03
-7.7681e-03
-7.8961e-03
-7.5591e-03
-7.3677e-03
-7.3760e-03
-7.3267e-03
-7.1486e-03
-7.0381e-03
-7.1962e-03
-9.0415e-03
-9.0162e-03
-7.5154e-03
-7.7217e-03
-8.1762e-03
-7.8980e-03
-7.6557e-03
-7.5095e-03
-6.3552e-03
-5.2052e-03
-5.5173e-03
-3.9234e-03
-1.4346e-03
-2.3495e-03
-3.2603e-03
-5.7245e-04
7.9806e-05
-1.3565e-03
-1.9149e-04
1.4102e-03
8.6765e-04
2.1130e-03
4.4206e-03
3.6132e-03
4.1344e-03
4.9932e-03
4.1985e-03
4.1155e-03
4.4421e-03
4.4227e-03
4.9383e-03
4.3436e-03
5.1748e-03
5.8225e-03
4.7668e-03
3.8327e-03
3.3483e-03
3.6572e-03
3.0284e-03
1.9135e-03
2.0934e-03
1.0956e-03
5.8847e-04
6.7051e-04
-1.8325e-04
-1.6474e-04
2.6534e-04
-7.9019e-05
-1.5532e-03
-1.5199e-03
-5.3686e-04
-7.5895e-04
-1.1226e-03
-9.8149e-04
-8.3749e-04
-9.5678e-04
-2.1102e-03
-2.1258e-03
-1.2819e-03
-1.4255e-03
-1.6911e-03
-1.5531e-03
-1.4109e-03
-1.4232e-03
-1.3576e-03
-1.2909e-03
-1.2612e-03
-1.1907e-03
-1.1301e-03
-1.1530e-03
-1.5864e-03
-2.0248e-03
-1.6768e-03
-1.3065e-03
-1.4704e-03
-1.5322e-03
-1.3592e-03
-1.2543e-03
-1.2197e-03
-1.1803e-03
-1.0504e-03
-1.4763e-04
-2.7096e-05
-5.1962e-04
4.0432e-04
7.5499e-04
2.6008e-04
1.0685e-03
1.7353e-03
1.6263e-03
2.1770e-03
2.8757e-03
2.5491e-03
2.2313e-03
3.0530e-03
3.1762e-03
2.5878e-03
2.5708e-03
2.7341e-03
2.6489e-03
2.7983e-03
3.0420e-03
2.8098e-03
2.5736e-03
2.6577e-03
3.1175e-03
3.0545e-03
2.8567e-03
3.0860e-03
3.0308e-03
3.2065e-03
3.1861e-03
2.8362e-03
2.7382e-03
2.3095e-03
1.7627e-03
1.6968e-03
1.6125e-03
1.1482e-03
1.0496e-03
8.7559e-04
7.3699e-04
8.3707e-04
7.5085e-04
3.5505e-04
3.1591e-04
5.0824e-04
1.5977e-04
2.0651e-05
8.9956e-05
-6.8627e-05
-8.4342e-05
-1.3171e-04
-2.8353e-04
-2.2741e-04
-1.3715e-04
-1.6939e-04
-1.8671e-04
-1.5634e-04
-1.3493e-04
-1.2749e-04
-1.1568e-04
-1.0061e-04
-8.7891e-05
-7.6342e-05
-6.4346e-05
-5.2519e-05
-4.1274e-05
-3.0335e-05
-3.2378e-05
-1.6241e-04
-1.5515e-04
-4.0852e-05
-4.9125e-05
-8.5259e-05
-1.7456e-04
-1.5083e-04
-5.6335e-05
-5.9819e-05
-7.2882e-05
-4.6439e-05
-2.0893e-05
-8.1280e-06
5.9212e-06
2.2933e-05
3.8276e-05
5.2124e-05
6.9007e-05
1.1944e-04
1.6725e-04
1.5443e-04
1.4990e-04
2.3493e-04
2.5030e-04
2.1109e-04
2.7751e-04
2.9863e-04
2.6115e-04
3.1582e-04
3.5760e-04
3.4215e-04
3.4787e-04
3.6610e-04
3.5631e-04
3.7353e-04
3.7162e-04
3.2458e-04
3.0586e-04
3.3358e-04
3.4649e-04
3.1958e-04
3.0193e-04
3.0232e-04
2.8480e-04
2.6451e-04
2.6643e-04
2.6528e-04
2.3622e-04
2.2929e-04
2.4045e-04
2.3475e-04
2.2494e-04
2.1616e-04
2.2093e-04
2.1580e-04
2.0079e-04
2.0178e-04
1.9990e-04
1.8949e-04
1.8032e-04
1.8329e-04
1.8742e-04
1.8297e-04
1.7335e-04
1.7369e-04
1.7266e-04
1.7090e-04
1.7342e-04
1.7309e-04
1.7201e-04
1.7205e-04
1.7205e-04
1.7177e-04
1.7127e-04
1.7067e-04
1.7016e-04
1.6944e-04
1.6865e-04
1.6907e-04
1.6921e-04
1.6713e-04
1.6520e-04
1.6441e-04
1.6353e-04
1.6329e-04
1.6111e-04
1.5871e-04
1.5740e-04
1.5587e-04
1.5412e-04
1.5309e-04
1.5094e-04
1.4858e-04
1.4686e-04
1.4503e-04
1.4300e-04
1.4100e-04
1.3904e-04
1.3698e-04
1.3471e-04
1.3299e-04
1.3099e-04
1.2891e-04
1.2698e-04
1.2502e-04
1.2302e-04
1.2102e-04
1.1902e-04
1.1696e-04
1.1494e-04
1.1299e-04
1.1100e-04
1.0897e-04
1.0696e-04
1.0495e-04
1.0294e-04
1.0092e-04
9.8899e-05
9.6877e-05
9.4854e-05
9.2829e-05
9.0805e-05
8.8779e-05
8.6755e-05
8.4731e-05
8.2708e-05
8.0686e-05
7.8666e-05
7.6648e-05
7.4632e-05
7.2618e-05
7.0608e-05
6.8600e-05
6.6595e-05
6.4594e-05
6.2596e-05
6.0603e-05
5.8613e-05
5.6628e-05
5.4647e-05
5.2672e-05
5.0701e-05
4.8735e-05
4.6775e-05
4.4820e-05
4.2871e-05
4.0928e-05
3.8991e-05
3.7060e-05
3.5136e-05
