-4.5762e-04
-4.6382e-04
-4.6532e-04
-4.7140e-04
-4.7329e-04
-4.8097e-04
-4.8569e-04
-4.9630e-04
-5.0312e-04
-5.1598e-04
-5.2542e-04
-5.3957e-04
-5.4929e-04
-5.6199e-04
-5.6342e-04
-5.6152e-04
-5.5147e-04
-5.5060e-04
-5.5908e-04
-5.9033e-04
-6.2607e-04
-6.6770e-04
-7.0320e-04
-7.3032e-04
-7.4113e-04
-7.2838e-04
-7.0686e-04
-6.9118e-04
-6.6667e-04
-6.7820e-04
-7.7769e-04
-9.5942e-04
-1.1179e-03
-1.2185e-03
-1.2478e-03
-1.2155e-03
-1.1017e-03
-9.1416e-04
-6.9694e-04
-4.7745e-04
-2.3963e-04
1.1761e-04
5.7745e-04
8.3509e-04
5.4424e-04
-3.2168e-04
-1.2834e-03
-1.9160e-03
-2.2049e-03
-2.0849e-03
-1.7095e-03
-1.4107e-03
-1.2902e-03
-1.1791e-03
-8.3810e-04
-2.0749e-04
5.5311e-04
1.0193e-03
9.2656e-04
2.2914e-04
-6.0526e-04
-7.5730e-04
-1.0035e-04
3.3471e-04
1.2984e-05
-8.3610e-04
-1.5295e-03
-1.7035e-03
-1.7865e-03
-2.2841e-03
-3.0817e-03
-3.5527e-03
-3.2827e-03
-2.4761e-03
-1.5684e-03
-8.0610e-04
-9.3342e-05
9.8139e-04
2.8075e-03
5.3570e-03
7.8286e-03
9.4625e-03
9.8273e-03
8.2721e-03
4.6217e-03
-5.7699e-05
-5.1417e-03
-9.6241e-03
-1.2244e-02
-1.1933e-02
-9.2464e-03
-6.1407e-03
-3.7069e-03
-1.5646e-03
8.8217e-04
3.5650e-03
6.1892e-03
8.5405e-03
1.0288e-02
9.9901e-03
6.5987e-03
2.6053e-04
-6.0643e-03
-9.8163e-03
-1.1372e-02
-1.1209e-02
-9.0982e-03
-5.3549e-03
-1.1056e-03
1.8348e-03
2.8600e-03
2.4826e-03
1.2858e-03
2.3025e-04
5.0187e-04
2.0137e-03
4.6587e-03
6.9103e-03
6.7935e-03
4.8519e-03
2.1676e-03
-1.4346e-03
-6.0773e-03
-1.0662e-02
-1.2902e-02
-1.3060e-02
-1.2956e-02
-1.3540e-02
-1.3774e-02
-1.1813e-02
-5.9299e-03
3.3574e-03
1.1626e-02
1.3989e-02
1.1181e-02
3.6575e-03
-7.1561e-03
-1.7009e-02
-2.2094e-02
-2.2092e-02
-1.8912e-02
-1.3825e-02
-8.0686e-03
-2.2795e-03
2.6412e-03
6.6441e-03
9.3582e-03
1.1023e-02
1.2873e-02
1.4747e-02
1.5576e-02
1.2780e-02
4.9049e-03
-5.3021e-03
-1.3125e-02
-1.7337e-02
-1.8047e-02
-1.5454e-02
-1.1465e-02
-7.7156e-03
-5.0305e-03
-3.3332e-03
-2.7693e-03
-2.3740e-03
-3.3576e-04
3.7416e-03
7.6146e-03
7.2841e-03
2.6290e-03
-2.7795e-03
-4.1796e-03
-3.2426e-03
-2.5815e-03
-3.7418e-03
-5.7312e-03
-5.8396e-03
-2.6429e-03
2.3399e-03
6.2833e-03
8.5728e-03
1.0756e-02
1.2680e-02
1.2386e-02
8.5801e-03
2.1519e-03
-3.8651e-03
-7.3375e-03
-1.0053e-02
-1.2668e-02
-1.3179e-02
-9.2818e-03
-7.1262e-04
9.0531e-03
1.4976e-02
1.4744e-02
9.6205e-03
9.7716e-04
-7.0823e-03
-1.1127e-02
-1.0418e-02
-3.9719e-03
8.3587e-03
2.3554e-02
3.5416e-02
3.9464e-02
3.6724e-02
2.9373e-02
2.0871e-02
1.5557e-02
1.2028e-02
6.9158e-03
-1.2132e-03
-1.1910e-02
-2.3264e-02
-3.2854e-02
-3.8100e-02
-3.9236e-02
-3.8038e-02
-3.4369e-02
-2.6927e-02
-1.3815e-02
4.0114e-03
1.8057e-02
2.2778e-02
2.1926e-02
1.9072e-02
1.6240e-02
1.6083e-02
1.6986e-02
1.6083e-02
1.1623e-02
4.6259e-03
-1.4111e-03
-4.1792e-03
-4.9001e-03
-4.5399e-03
-3.5712e-03
-2.1509e-03
-3.1012e-04
8.6150e-04
-8.1349e-04
-7.1618e-03
-1.7361e-02
-2.6449e-02
-3.1522e-02
-3.2957e-02
-3.1486e-02
-2.7997e-02
-2.4397e-02
-2.0954e-02
-1.8415e-02
-1.7596e-02
-1.7210e-02
-1.4901e-02
-8.4169e-03
1.8572e-03
1.2121e-02
1.9522e-02
2.4057e-02
2.6623e-02
2.7482e-02
2.5117e-02
1.9092e-02
1.0354e-02
1.6794e-03
-5.6906e-03
-1.2222e-02
-1.8631e-02
-2.4104e-02
-2.6115e-02
-2.2447e-02
-1.3602e-02
-3.0127e-03
5.5071e-03
9.9764e-03
9.8003e-03
6.1412e-03
-5.8584e-04
-8.2450e-03
-1.4564e-02
-1.9115e-02
-2.1226e-02
-1.9730e-02
-1.4968e-02
-7.8629e-03
1.6161e-04
6.3655e-03
9.7080e-03
1.1538e-02
1.1858e-02
1.0404e-02
7.5987e-03
4.6037e-03
2.5810e-03
1.9033e-03
2.3024e-03
2.7447e-03
2.7764e-03
2.2588e-03
1.7421e-03
2.3618e-03
4.8476e-03
7.7229e-03
7.7904e-03
3.3932e-03
-3.5906e-03
-9.9857e-03
-1.1340e-02
-8.3906e-03
-2.8271e-03
3.4199e-03
8.4917e-03
1.1646e-02
1.2575e-02
1.1377e-02
7.8054e-03
2.0344e-03
-4.8382e-03
-1.0029e-02
-1.1624e-02
-9.7048e-03
-5.5807e-03
-1.5200e-03
2.6425e-04
-1.2084e-03
-5.5083e-03
-1.0946e-02
-1.5232e-02
-1.7790e-02
-1.8851e-02
-1.8849e-02
-1.8028e-02
-1.6911e-02
-1.5317e-02
-1.3280e-02
-1.1622e-02
-1.1290e-02
-1.2981e-02
-1.5922e-02
-1.8689e-02
-1.8873e-02
-1.6856e-02
-1.2769e-02
-7.0408e-03
-1.3984e-03
2.5391e-03
3.7629e-03
2.4790e-03
1.5792e-04
-1.5303e-03
-2.4835e-03
-2.5807e-03
-2.6813e-03
-3.7188e-03
-5.7917e-03
-8.1372e-03
-9.2309e-03
-8.4662e-03
-6.1736e-03
-3.3348e-03
-7.9320e-04
4.7101e-04
-7.7667e-04
-4.8487e-03
-9.8320e-03
-1.2179e-02
-1.0188e-02
-6.4845e-03
-4.7833e-03
-5.7475e-03
-7.2782e-03
-7.9561e-03
-8.1621e-03
-9.6361e-03
-1.3609e-02
-1.9030e-02
-2.2574e-02
-2.1863e-02
-1.6076e-02
-5.8705e-03
5.7877e-03
1.5718e-02
2.2505e-02
2.7420e-02
3.0509e-02
3.1527e-02
2.9376e-02
2.3538e-02
1.5753e-02
9.8762e-03
9.0933e-03
1.2621e-02
1.8183e-02
2.2775e-02
2.4554e-02
2.3720e-02
2.0984e-02
1.7707e-02
1.6020e-02
1.7602e-02
2.2795e-02
3.0166e-02
3.7527e-02
4.3723e-02
4.9349e-02
5.4918e-02
6.0891e-02
6.6453e-02
6.9875e-02
7.1528e-02
7.2056e-02
7.2273e-02
7.2749e-02
7.4171e-02
7.6941e-02
8.0665e-02
8.3985e-02
8.5947e-02
8.6378e-02
8.4994e-02
8.1983e-02
7.7823e-02
7.2669e-02
6.6466e-02
5.9846e-02
5.3398e-02
4.6810e-02
4.0643e-02
3.4933e-02
2.9218e-02
2.3569e-02
1.9352e-02
1.7849e-02
1.8770e-02
2.2089e-02
2.7291e-02
3.3860e-02
4.0269e-02
4.5156e-02
4.7940e-02
4.9137e-02
4.9628e-02
4.9761e-02
4.9969e-02
4.9911e-02
4.8109e-02
4.2741e-02
3.3338e-02
2.1085e-02
6.7335e-03
-1.0426e-02
-3.0314e-02
-5.2127e-02
-7.2790e-02
-8.9323e-02
-9.9608e-02
-1.0336e-01
-9.8164e-02
-8.0343e-02
-5.3845e-02
-2.7474e-02
-4.8700e-03
1.2531e-02
2.7817e-02
4.1184e-02
5.1785e-02
5.9970e-02
6.5757e-02
7.1331e-02
7.7163e-02
8.3458e-02
8.9235e-02
9.2765e-02
9.3136e-02
9.0456e-02
8.4921e-02
7.7963e-02
7.1849e-02
6.7597e-02
6.4377e-02
6.1164e-02
5.6970e-02
4.8934e-02
3.4951e-02
1.5056e-02
-8.0461e-03
-2.6198e-02
-4.1796e-02
-5.8222e-02
-7.5377e-02
-9.2298e-02
-1.0546e-01
-1.1485e-01
-1.1975e-01
-1.2298e-01
-1.2555e-01
-1.2787e-01
-1.2991e-01
-1.3114e-01
-1.3195e-01
-1.3340e-01
-1.3781e-01
-1.4706e-01
-1.6236e-01
-1.7988e-01
-1.9739e-01
-2.0693e-01
-2.0247e-01
-1.7765e-01
-1.3555e-01
-9.0034e-02
-5.8085e-02
-4.0814e-02
-3.1243e-02
-2.4167e-02
-1.6427e-02
-9.5597e-03
-6.2472e-03
-9.4300e-03
-2.1356e-02
-3.9811e-02
-5.8901e-02
-7.7380e-02
-9.2514e-02
-1.0680e-01
-1.2337e-01
-1.4247e-01
-1.6599e-01
-1.8489e-01
-1.9663e-01
-1.9360e-01
-1.6351e-01
-1.0357e-01
-2.3579e-02
6.0228e-02
1.0875e-01
1.3370e-01
1.5040e-01
1.6375e-01
1.7990e-01
1.9856e-01
2.1715e-01
2.3360e-01
2.4538e-01
2.5145e-01
2.5254e-01
2.5153e-01
2.5122e-01
2.5323e-01
2.5601e-01
2.5617e-01
2.5129e-01
2.4072e-01
2.2684e-01
2.1047e-01
1.9115e-01
1.6717e-01
1.3438e-01
9.4935e-02
4.7953e-02
-7.1701e-03
-6.4406e-02
-1.1684e-01
-1.6972e-01
-2.2230e-01
-2.6889e-01
-3.0745e-01
-3.2884e-01
-3.2987e-01
-3.1217e-01
-2.8545e-01
-2.5075e-01
-2.0905e-01
-1.6924e-01
-1.3256e-01
-1.0633e-01
-7.3745e-02
-3.3586e-02
1.6151e-02
6.4212e-02
1.0015e-01
1.1436e-01
1.0472e-01
8.1219e-02
5.2307e-02
2.9683e-02
1.1073e-02
-8.3818e-03
-2.6826e-02
-4.1367e-02
-5.4599e-02
-6.4660e-02
-6.3999e-02
-4.9412e-02
-2.8636e-02
-1.0420e-02
3.1320e-03
1.8064e-02
3.3702e-02
4.6408e-02
5.6641e-02
6.3470e-02
6.6887e-02
6.7026e-02
6.2336e-02
5.3292e-02
4.5855e-02
4.2821e-02
4.1736e-02
3.9443e-02
3.4158e-02
2.8810e-02
2.7454e-02
2.8228e-02
2.9142e-02
3.0104e-02
3.0625e-02
2.9583e-02
2.6172e-02
2.0365e-02
1.2996e-02
5.8678e-03
-9.4279e-04
-9.7562e-03
-2.1697e-02
-3.8299e-02
-5.7042e-02
-7.3555e-02
-8.5790e-02
-9.1722e-02
-9.4979e-02
-9.9281e-02
-1.0579e-01
-1.1419e-01
-1.2248e-01
-1.3108e-01
-1.4007e-01
-1.4743e-01
-1.4794e-01
-1.3345e-01
-1.0054e-01
-5.4939e-02
-1.3250e-02
1.6182e-02
3.1635e-02
4.0561e-02
4.6475e-02
5.0488e-02
5.3919e-02
5.7251e-02
6.1167e-02
6.4396e-02
6.5847e-02
6.5250e-02
6.2876e-02
6.0314e-02
5.9400e-02
6.1902e-02
6.7590e-02
7.3757e-02
7.7932e-02
8.0698e-02
8.4297e-02
9.1032e-02
1.0007e-01
1.0645e-01
1.0128e-01
7.6852e-02
3.5053e-02
-4.0204e-03
-3.4116e-02
-5.3446e-02
-6.3959e-02
-7.0728e-02
-7.7237e-02
-8.4181e-02
-8.9820e-02
-9.2817e-02
-9.2608e-02
-8.9248e-02
-8.3671e-02
-7.8040e-02
-7.3646e-02
-7.1282e-02
-7.0576e-02
-7.1855e-02
-7.5694e-02
-8.1855e-02
-8.8428e-02
-9.4735e-02
-1.0104e-01
-1.0703e-01
-1.1161e-01
-1.1458e-01
-1.1493e-01
-1.1163e-01
-1.0298e-01
-8.6947e-02
-6.4956e-02
-3.8430e-02
-9.3110e-03
1.8570e-02
4.3118e-02
6.0051e-02
6.8752e-02
7.2551e-02
7.5433e-02
7.8271e-02
8.1176e-02
8.3414e-02
8.2916e-02
7.7670e-02
6.6730e-02
5.2818e-02
3.9645e-02
2.9900e-02
2.6013e-02
2.6388e-02
2.8606e-02
3.1044e-02
3.3197e-02
3.5459e-02
3.8580e-02
4.2758e-02
4.7963e-02
5.3780e-02
5.8308e-02
6.0377e-02
5.9387e-02
5.4067e-02
4.4740e-02
3.2784e-02
2.0057e-02
8.9707e-03
5.3575e-04
-6.5995e-03
-1.3252e-02
-1.9530e-02
-2.4975e-02
-2.9615e-02
-3.3346e-02
-3.6329e-02
-3.6473e-02
-3.1475e-02
-2.1189e-02
-7.7537e-03
4.8650e-03
1.3497e-02
1.8363e-02
2.0530e-02
2.1597e-02
2.2323e-02
2.3379e-02
2.4775e-02
2.5287e-02
2.3882e-02
2.0213e-02
1.4485e-02
7.2264e-03
1.0112e-03
-1.5249e-03
1.4544e-03
1.0108e-02
2.1888e-02
3.3271e-02
4.1667e-02
4.7063e-02
5.0727e-02
5.3250e-02
5.5405e-02
5.7410e-02
5.9103e-02
5.9889e-02
5.9318e-02
5.6757e-02
5.1211e-02
4.2939e-02
3.3066e-02
2.3002e-02
1.2476e-02
2.7447e-03
-5.4671e-03
-1.2405e-02
-1.8371e-02
-2.2671e-02
-2.4718e-02
-2.4417e-02
-2.1396e-02
-1.5697e-02
-7.8029e-03
1.4461e-03
1.2831e-02
2.1323e-02
2.5976e-02
2.6906e-02
2.3301e-02
1.5344e-02
5.6600e-03
-2.3843e-03
-8.5263e-03
-1.3725e-02
-1.9242e-02
-2.6161e-02
-3.4376e-02
-4.3330e-02
-5.2010e-02
-5.9050e-02
-6.4204e-02
-6.7293e-02
-6.9942e-02
-7.3977e-02
-7.8790e-02
-8.1117e-02
-7.5794e-02
-5.8299e-02
-2.9372e-02
1.3860e-03
2.6715e-02
4.2482e-02
5.1750e-02
5.9722e-02
6.8319e-02
7.6834e-02
8.2062e-02
8.0750e-02
7.2803e-02
6.0836e-02
4.9533e-02
4.1356e-02
3.4841e-02
2.7726e-02
1.8372e-02
6.4289e-03
-6.5357e-03
-1.9025e-02
-2.8607e-02
-3.1780e-02
-2.4823e-02
-1.1901e-02
1.0002e-03
1.3683e-02
2.3989e-02
3.1780e-02
3.9046e-02
4.4468e-02
4.8643e-02
5.0161e-02
4.4211e-02
2.9180e-02
9.7689e-03
-5.3022e-03
-2.0261e-02
-3.5480e-02
-4.6241e-02
-5.4008e-02
-5.9860e-02
-6.4194e-02
-6.8241e-02
-6.8620e-02
-5.9982e-02
-3.8199e-02
-8.2328e-03
1.2315e-02
6.1180e-03
-1.0277e-02
2.9817e-03
4.3758e-02
6.9825e-02
8.1420e-02
8.9109e-02
8.8937e-02
8.3789e-02
7.9519e-02
7.2234e-02
5.7057e-02
3.4317e-02
1.2265e-02
-4.3357e-03
-1.3504e-02
-2.1518e-02
-2.2446e-02
-1.4272e-02
-1.9769e-02
-1.8646e-02
2.5948e-03
2.6825e-03
-3.6841e-03
-1.8050e-03
-2.7189e-03
-1.9132e-02
-3.5679e-02
-4.2114e-02
-4.3721e-02
-4.6861e-02
-5.2015e-02
-5.7120e-02
-5.8791e-02
-5.4285e-02
-4.7075e-02
-4.3539e-02
-4.0657e-02
-3.5755e-02
-3.0230e-02
-2.4912e-02
-1.7498e-02
-7.0788e-03
1.9928e-03
7.3567e-03
1.0448e-02
1.3421e-02
1.4191e-02
1.0258e-02
2.5249e-03
-3.8081e-03
-5.8491e-03
-3.3896e-03
-9.0365e-04
-8.4241e-05
3.2701e-04
1.5903e-03
5.1807e-03
1.1156e-02
1.7833e-02
2.4628e-02
2.9443e-02
3.1037e-02
2.7933e-02
1.9384e-02
6.5642e-03
-6.2691e-03
-1.8056e-02
-2.7420e-02
-3.5471e-02
-4.6791e-02
-5.9720e-02
-7.1854e-02
-8.3591e-02
-9.1906e-02
-9.9338e-02
-1.0467e-01
-1.0731e-01
-1.0712e-01
-1.0157e-01
-8.6970e-02
-6.2905e-02
-3.5661e-02
-1.1899e-02
3.2673e-03
1.5468e-02
2.5896e-02
3.4814e-02
4.1443e-02
4.4989e-02
4.5669e-02
4.4583e-02
4.4114e-02
4.6068e-02
4.9018e-02
5.1224e-02
5.2923e-02
5.4930e-02
5.6870e-02
5.9550e-02
6.4140e-02
7.0252e-02
7.6512e-02
8.0453e-02
7.9322e-02
7.5942e-02
7.2250e-02
6.5928e-02
5.6051e-02
4.4941e-02
3.4124e-02
2.1635e-02
7.6128e-03
-3.6700e-03
-1.1244e-02
-1.4817e-02
-1.5150e-02
-1.3664e-02
-1.1276e-02
-8.0670e-03
-3.7994e-03
1.1246e-03
5.2528e-03
8.7991e-03
1.2724e-02
1.7060e-02
2.1188e-02
2.4336e-02
2.6348e-02
2.7165e-02
2.6986e-02
2.6318e-02
2.5506e-02
2.4526e-02
2.3591e-02
2.2726e-02
2.1843e-02
2.0889e-02
1.9878e-02
1.8896e-02
1.8209e-02
1.8084e-02
1.8676e-02
2.0300e-02
2.3046e-02
2.6367e-02
3.0458e-02
3.5693e-02
4.1701e-02
4.7174e-02
5.0468e-02
5.1890e-02
5.2097e-02
5.2234e-02
5.2468e-02
5.2621e-02
5.2677e-02
5.2523e-02
5.1968e-02
5.0449e-02
4.7322e-02
4.2138e-02
3.5905e-02
2.9071e-02
2.1455e-02
1.2013e-02
4.7640e-04
-8.2348e-03
-1.4892e-02
-2.1359e-02
-2.9108e-02
-3.6357e-02
-4.3903e-02
-4.9953e-02
-5.4521e-02
-5.7273e-02
-5.8964e-02
-5.9945e-02
-6.0272e-02
-6.0558e-02
-6.1716e-02
-6.4262e-02
-6.6536e-02
-6.6773e-02
-6.5256e-02
-6.2659e-02
-5.7579e-02
-4.8926e-02
-3.8095e-02
-2.6929e-02
-1.6183e-02
-6.4673e-03
2.3009e-03
9.2505e-03
1.2387e-02
1.3253e-02
1.2831e-02
1.1007e-02
7.3603e-03
1.2391e-03
-7.1116e-03
-1.6679e-02
-2.8570e-02
-4.1253e-02
-5.1860e-02
-6.1196e-02
-6.6679e-02
-7.0297e-02
-7.2281e-02
-7.4142e-02
-7.8439e-02
-8.5873e-02
-9.3488e-02
-9.4874e-02
-8.7347e-02
-7.3727e-02
-5.8934e-02
-4.6619e-02
-3.8132e-02
-3.1795e-02
-2.5474e-02
-1.9525e-02
-1.5388e-02
-1.3655e-02
-1.3779e-02
-1.5288e-02
-1.8000e-02
-2.1180e-02
-2.4357e-02
-2.6636e-02
-2.8925e-02
-3.0839e-02
-3.1429e-02
-2.9897e-02
-2.6506e-02
-2.2443e-02
-1.7862e-02
-1.2117e-02
-5.1286e-03
2.5713e-03
1.0986e-02
2.0152e-02
2.8246e-02
3.3977e-02
3.7205e-02
3.6652e-02
3.3207e-02
2.8542e-02
2.4332e-02
2.0674e-02
1.8697e-02
1.9623e-02
2.2437e-02
2.5713e-02
2.9225e-02
3.2699e-02
3.5313e-02
3.7117e-02
3.8851e-02
4.0559e-02
4.1689e-02
4.2005e-02
4.2192e-02
4.2470e-02
4.0936e-02
3.5729e-02
2.7785e-02
1.8904e-02
8.3755e-03
-2.7240e-03
-1.1972e-02
-1.8768e-02
-2.3952e-02
-2.6751e-02
-2.7530e-02
-2.6477e-02
-2.3622e-02
-1.9472e-02
-1.4454e-02
-9.4491e-03
-5.5976e-03
-3.1213e-03
-1.3619e-03
1.1561e-04
1.6417e-03
3.4524e-03
5.4263e-03
7.4312e-03
1.0008e-02
1.3572e-02
1.7797e-02
2.2633e-02
2.7457e-02
3.1075e-02
3.2412e-02
3.0640e-02
2.6040e-02
1.8655e-02
9.0757e-03
-2.2231e-04
-8.5760e-03
-1.5766e-02
-2.3316e-02
-3.0298e-02
-3.4887e-02
-3.6497e-02
-3.6052e-02
-3.4382e-02
-3.2357e-02
-3.1183e-02
-3.0661e-02
-2.9970e-02
-2.7716e-02
-2.4529e-02
-2.1468e-02
-1.8584e-02
-1.4369e-02
-6.8695e-03
4.2843e-03
1.7042e-02
2.8218e-02
3.7507e-02
4.3748e-02
4.6455e-02
4.4973e-02
3.7855e-02
2.4896e-02
8.0756e-03
-9.0527e-03
-2.3421e-02
-3.4488e-02
-4.2717e-02
-4.6918e-02
-4.8073e-02
-4.6810e-02
-4.3039e-02
-3.6097e-02
-2.6083e-02
-1.4978e-02
-5.9235e-03
-1.5130e-03
5.0432e-04
1.8612e-03
2.2164e-03
1.4085e-03
-6.7459e-04
-3.0230e-03
-5.6108e-03
-6.6655e-03
-5.4516e-03
-3.2598e-03
-1.8195e-03
-1.9614e-03
-2.8413e-03
-3.4829e-03
-3.4088e-03
-2.6432e-03
-1.3685e-03
9.8006e-04
4.9042e-03
1.1140e-02
1.9074e-02
2.7994e-02
3.6991e-02
4.5133e-02
5.1932e-02
5.6813e-02
5.9461e-02
5.9981e-02
5.8657e-02
5.5972e-02
5.2054e-02
4.7238e-02
4.2495e-02
3.8211e-02
3.5422e-02
3.3542e-02
3.2085e-02
3.1306e-02
3.2029e-02
3.3916e-02
3.6689e-02
4.0267e-02
4.5042e-02
5.0854e-02
5.6570e-02
6.1816e-02
6.5768e-02
6.7952e-02
6.8338e-02
6.7326e-02
6.4818e-02
6.0211e-02
5.2983e-02
4.4280e-02
3.4814e-02
2.4338e-02
1.4396e-02
4.1236e-03
-4.6970e-03
-1.2140e-02
-1.8237e-02
-2.2393e-02
-2.4819e-02
-2.5598e-02
-2.5417e-02
-2.5130e-02
-2.5423e-02
-2.6154e-02
-2.6946e-02
-2.7795e-02
-2.9423e-02
-3.2175e-02
-3.6239e-02
-4.1194e-02
-4.5817e-02
-4.8670e-02
-4.9031e-02
-4.5720e-02
-3.9898e-02
-3.5376e-02
-3.4234e-02
-3.5512e-02
-3.7256e-02
-3.7470e-02
-3.6315e-02
-3.4257e-02
-3.0891e-02
-2.6467e-02
-2.2123e-02
-1.8629e-02
-1.5633e-02
-1.2803e-02
-1.0236e-02
-7.9904e-03
-6.1567e-03
-4.2057e-03
-2.5252e-03
-1.2072e-03
-1.5671e-04
8.5399e-05
-1.2254e-03
-4.0007e-03
-6.9733e-03
-8.9410e-03
-9.4527e-03
-8.8694e-03
-7.3305e-03
-5.2506e-03
-3.5021e-03
-2.5296e-03
-2.2109e-03
-2.0629e-03
-1.8867e-03
-2.1687e-03
-3.2871e-03
-4.9466e-03
-7.1134e-03
-9.6954e-03
-1.2236e-02
-1.4532e-02
-1.7099e-02
-2.0651e-02
-2.4872e-02
-2.9095e-02
-3.2212e-02
-3.4047e-02
-3.4568e-02
-3.3706e-02
-3.1733e-02
-2.9315e-02
-2.6314e-02
-2.2998e-02
-1.9944e-02
-1.7922e-02
-1.6804e-02
-1.6324e-02
-1.6187e-02
-1.6257e-02
-1.6479e-02
-1.6708e-02
-1.6234e-02
-1.4848e-02
-1.2704e-02
-1.0310e-02
-8.5067e-03
-6.9674e-03
-5.5732e-03
-3.7647e-03
-1.0644e-03
2.6513e-03
6.9642e-03
1.1220e-02
1.4970e-02
1.7910e-02
1.9957e-02
2.2002e-02
2.3854e-02
2.4721e-02
2.3730e-02
2.0653e-02
1.5870e-02
1.0034e-02
4.2342e-03
-1.2507e-03
-6.2109e-03
-1.0657e-02
-1.4910e-02
-1.8639e-02
-2.2068e-02
-2.5015e-02
-2.7117e-02
-2.8369e-02
-2.8869e-02
-2.8968e-02
-2.9056e-02
-2.9359e-02
-3.0022e-02
-3.0703e-02
-3.1106e-02
-3.0952e-02
-3.0851e-02
-3.1002e-02
-3.0671e-02
-2.8443e-02
-2.2843e-02
-1.4390e-02
-5.5600e-03
1.3567e-03
6.6946e-03
1.0206e-02
1.1521e-02
1.1951e-02
1.1515e-02
9.5692e-03
6.7897e-03
4.1897e-03
2.8398e-03
2.7788e-03
3.8440e-03
5.9541e-03
8.7753e-03
1.2301e-02
1.7235e-02
2.2558e-02
2.6310e-02
2.8953e-02
3.0744e-02
3.2261e-02
3.3947e-02
3.5353e-02
3.6992e-02
3.8471e-02
3.9897e-02
4.1961e-02
4.5133e-02
4.9168e-02
5.2997e-02
5.6217e-02
5.8497e-02
6.0078e-02
6.1114e-02
6.1343e-02
6.0790e-02
5.9710e-02
5.7952e-02
5.6064e-02
5.4296e-02
5.2337e-02
4.9750e-02
4.7301e-02
4.5587e-02
4.4105e-02
4.2142e-02
4.0013e-02
3.7399e-02
3.4455e-02
3.1551e-02
2.8921e-02
2.6103e-02
2.2629e-02
1.8785e-02
1.5235e-02
1.2378e-02
1.0040e-02
7.4869e-03
4.6385e-03
2.0260e-03
7.2047e-04
2.3524e-04
-5.0575e-04
-1.8932e-03
-4.1620e-03
-6.7366e-03
-8.9031e-03
-1.0187e-02
-1.0952e-02
-1.1672e-02
-1.2548e-02
-1.3498e-02
-1.4407e-02
-1.5566e-02
-1.6825e-02
-1.8169e-02
-1.9389e-02
-2.0368e-02
-2.0605e-02
-2.0026e-02
-1.8999e-02
-1.8118e-02
-1.7852e-02
-1.8696e-02
-2.1217e-02
-2.4957e-02
-2.9409e-02
-3.2793e-02
-3.4841e-02
-3.6299e-02
-3.7682e-02
-3.9040e-02
-4.0239e-02
-4.0629e-02
-3.9423e-02
-3.5625e-02
-2.8521e-02
-1.8922e-02
-8.4145e-03
1.2822e-03
9.6719e-03
1.5787e-02
2.0172e-02
2.2831e-02
2.4482e-02
2.5381e-02
2.5710e-02
2.5941e-02
2.6229e-02
2.6478e-02
2.6470e-02
2.6548e-02
2.7313e-02
2.8282e-02
2.8924e-02
2.9237e-02
2.9343e-02
2.9429e-02
2.9426e-02
2.9590e-02
2.9977e-02
3.0083e-02
3.0043e-02
3.0102e-02
2.9990e-02
2.9544e-02
2.8651e-02
2.7617e-02
2.6293e-02
2.4920e-02
2.3252e-02
2.0340e-02
1.5971e-02
1.0986e-02
5.9541e-03
1.0823e-03
-3.4275e-03
-7.3258e-03
-1.0900e-02
-1.4474e-02
-1.7740e-02
-2.0702e-02
-2.3357e-02
-2.4289e-02
-2.3671e-02
-2.2094e-02
-2.0264e-02
-1.8866e-02
-1.8430e-02
-1.8651e-02
-1.9030e-02
-1.8661e-02
-1.7904e-02
-1.7108e-02
-1.6222e-02
-1.5483e-02
-1.4627e-02
-1.3540e-02
-1.1948e-02
-9.7309e-03
-6.7854e-03
-3.6419e-03
-1.1099e-03
9.7739e-04
2.3939e-03
3.1973e-03
3.1504e-03
2.1539e-03
1.5285e-04
-2.7041e-03
-5.8819e-03
-8.8319e-03
-1.1538e-02
-1.4112e-02
-1.6984e-02
-2.0522e-02
-2.4317e-02
-2.7763e-02
-3.0865e-02
-3.3129e-02
-3.4621e-02
-3.5564e-02
-3.6332e-02
-3.7185e-02
-3.8325e-02
-3.9766e-02
-4.1410e-02
-4.2706e-02
-4.3964e-02
-4.5163e-02
-4.6093e-02
-4.6731e-02
-4.6949e-02
-4.6568e-02
-4.6005e-02
-4.5486e-02
-4.4910e-02
-4.4168e-02
-4.3176e-02
-4.1622e-02
-3.9349e-02
-3.6211e-02
-3.1906e-02
-2.7030e-02
-2.2346e-02
-1.8696e-02
-1.5891e-02
-1.3956e-02
-1.3023e-02
-1.2894e-02
-1.2922e-02
-1.2962e-02
-1.2640e-02
-1.1683e-02
-9.9507e-03
-7.4401e-03
-4.5238e-03
-1.6250e-03
6.9792e-04
2.3876e-03
2.9698e-03
2.3915e-03
8.7258e-04
-9.8911e-04
-2.4098e-03
-3.1605e-03
-2.5838e-03
-8.9659e-04
1.4181e-03
4.2979e-03
7.8066e-03
1.1308e-02
1.3854e-02
1.5280e-02
1.5809e-02
1.5565e-02
1.4663e-02
1.2741e-02
1.0109e-02
7.7946e-03
6.1365e-03
4.8287e-03
3.4822e-03
2.0715e-03
9.1747e-04
1.8896e-04
-2.6826e-04
-8.4261e-04
-1.7861e-03
-2.6623e-03
-3.0657e-03
-2.6174e-03
-1.8885e-03
-1.2486e-03
-6.4989e-05
1.5268e-03
2.8215e-03
3.8577e-03
4.4786e-03
4.8169e-03
5.0734e-03
6.0510e-03
8.1447e-03
1.0734e-02
1.3261e-02
1.5386e-02
1.7320e-02
1.9542e-02
2.1986e-02
2.4627e-02
2.7008e-02
2.8833e-02
2.9929e-02
3.0476e-02
3.0904e-02
3.1189e-02
3.1288e-02
3.1256e-02
3.1430e-02
3.1873e-02
3.2204e-02
3.2178e-02
3.1817e-02
3.1239e-02
3.0506e-02
2.9486e-02
2.8094e-02
2.6440e-02
2.4530e-02
2.2533e-02
2.0615e-02
1.9038e-02
1.8025e-02
1.7210e-02
1.6319e-02
1.5497e-02
1.4681e-02
1.3517e-02
1.1742e-02
9.4399e-03
7.1054e-03
5.1374e-03
4.1460e-03
4.3787e-03
5.3159e-03
6.2981e-03
6.7093e-03
6.5448e-03
5.8061e-03
4.6795e-03
3.2296e-03
1.3405e-03
-1.1551e-03
-4.0864e-03
-7.1663e-03
-9.8081e-03
-1.1624e-02
-1.2675e-02
-1.3032e-02
-1.2904e-02
-1.2465e-02
-1.2003e-02
-1.1674e-02
-1.1245e-02
-1.0357e-02
-8.8968e-03
-7.0719e-03
-5.1635e-03
-3.2719e-03
-1.7846e-03
-7.5050e-04
-1.8552e-04
-8.3613e-05
-5.7532e-04
-1.4017e-03
-2.4480e-03
-3.2306e-03
-3.2769e-03
-2.8298e-03
-2.1583e-03
-1.4590e-03
-1.1456e-03
-1.0970e-03
-8.5027e-04
-2.6748e-05
1.5302e-03
3.6596e-03
5.9194e-03
8.0181e-03
9.7453e-03
1.1192e-02
1.1996e-02
1.1861e-02
1.0904e-02
9.5412e-03
7.6574e-03
5.2683e-03
2.5951e-03
-3.3450e-04
-3.2618e-03
-6.1034e-03
-8.3471e-03
-1.0092e-02
-1.1548e-02
-1.2497e-02
-1.2574e-02
-1.1597e-02
-9.5170e-03
-6.3876e-03
-2.7442e-03
2.5068e-04
2.0540e-03
2.6257e-03
2.3384e-03
7.2808e-04
-1.5756e-03
-3.8058e-03
-5.4954e-03
-6.6592e-03
-7.5548e-03
-8.3666e-03
-9.6862e-03
-1.1319e-02
-1.2862e-02
-1.4003e-02
-1.5616e-02
-1.8017e-02
-2.0933e-02
-2.3550e-02
-2.5417e-02
-2.6485e-02
-2.7009e-02
-2.7286e-02
-2.7196e-02
-2.6193e-02
-2.3725e-02
-1.9913e-02
-1.5479e-02
-1.1734e-02
-8.9222e-03
-6.9025e-03
-5.3627e-03
-4.1842e-03
-3.2863e-03
-2.5832e-03
-2.2960e-03
-2.5270e-03
-3.1047e-03
-3.8222e-03
-4.1088e-03
-3.4157e-03
-2.0198e-03
-6.5711e-04
3.5799e-04
1.3807e-03
2.5954e-03
3.3453e-03
3.0154e-03
1.8056e-03
4.0097e-04
-4.8440e-04
-5.2132e-04
1.7294e-04
7.1763e-04
1.4091e-03
2.3349e-03
3.4002e-03
4.7841e-03
6.7016e-03
9.0833e-03
1.2043e-02
1.4919e-02
1.7471e-02
2.0122e-02
2.2857e-02
2.5445e-02
2.7276e-02
2.8273e-02
2.8659e-02
2.8609e-02
2.8002e-02
2.6897e-02
2.5855e-02
2.5016e-02
2.4546e-02
2.4573e-02
2.4786e-02
2.4940e-02
2.5208e-02
2.5710e-02
2.6498e-02
2.7159e-02
2.7268e-02
2.6720e-02
2.5819e-02
2.4900e-02
2.3949e-02
2.2026e-02
1.8800e-02
1.4943e-02
1.1555e-02
8.4120e-03
4.9866e-03
1.2573e-03
-2.3134e-03
-6.2393e-03
-1.0288e-02
-1.3900e-02
-1.6802e-02
-1.8802e-02
-2.0189e-02
-2.0948e-02
-2.1353e-02
-2.1983e-02
-2.2613e-02
-2.3013e-02
-2.3443e-02
-2.3852e-02
-2.4110e-02
-2.3897e-02
-2.3008e-02
-2.1435e-02
-1.9767e-02
-1.8405e-02
-1.7396e-02
-1.6860e-02
-1.6928e-02
-1.7253e-02
-1.7187e-02
-1.6690e-02
-1.6297e-02
-1.6147e-02
-1.5758e-02
-1.4668e-02
-1.2939e-02
-1.1115e-02
-9.1901e-03
-7.1374e-03
-5.2084e-03
-3.6344e-03
-2.3093e-03
-1.2909e-03
-5.5746e-04
-3.9912e-04
-5.6239e-04
-8.6341e-04
-1.2629e-03
-1.9078e-03
-2.6777e-03
-2.7617e-03
-2.5599e-03
-2.5141e-03
-2.7535e-03
-3.4671e-03
-4.6018e-03
-5.7579e-03
-6.7215e-03
-7.5640e-03
-8.2097e-03
-8.8207e-03
-9.3961e-03
-9.6811e-03
-9.6380e-03
-9.2844e-03
-8.6904e-03
-7.6928e-03
-6.1621e-03
-4.3270e-03
-2.2745e-03
-1.4642e-04
2.1634e-03
4.6329e-03
7.0537e-03
9.5361e-03
1.1622e-02
1.2925e-02
1.3741e-02
1.4355e-02
1.5419e-02
1.6747e-02
1.7914e-02
1.8779e-02
1.9317e-02
1.9477e-02
1.9197e-02
1.8895e-02
1.8829e-02
1.8683e-02
1.8479e-02
1.8470e-02
1.8503e-02
1.8536e-02
1.8580e-02
1.8546e-02
1.8370e-02
1.7864e-02
1.7068e-02
1.6161e-02
1.5504e-02
1.4821e-02
1.3983e-02
1.2746e-02
1.0833e-02
8.2838e-03
5.3665e-03
2.7398e-03
8.2494e-04
-4.2931e-04
-1.3823e-03
-2.1962e-03
-2.7059e-03
-3.0058e-03
-2.8730e-03
-2.8112e-03
-2.8776e-03
-3.0891e-03
-3.2721e-03
-3.6030e-03
-3.7646e-03
-3.4286e-03
-2.7570e-03
-1.7833e-03
-6.1229e-04
5.6291e-04
1.4163e-03
1.9969e-03
2.2575e-03
2.4688e-03
2.5697e-03
2.4529e-03
1.9532e-03
1.1698e-03
4.5255e-04
7.6541e-06
-1.9277e-04
-1.1166e-04
1.5650e-04
4.0171e-04
4.7631e-04
3.2093e-04
-3.1172e-04
-1.5840e-03
-3.3733e-03
-5.4921e-03
-7.3365e-03
-8.5966e-03
-9.4666e-03
-1.0152e-02
-1.0913e-02
-1.1800e-02
-1.2643e-02
-1.3678e-02
-1.4995e-02
-1.6569e-02
-1.8123e-02
-1.8930e-02
-1.8334e-02
-1.6633e-02
-1.4469e-02
-1.1864e-02
-9.0337e-03
-6.4574e-03
-4.2092e-03
-2.1014e-03
-1.4657e-04
1.5210e-03
2.6727e-03
3.3306e-03
3.8893e-03
4.8109e-03
5.7873e-03
6.6120e-03
7.1264e-03
6.6563e-03
5.2265e-03
3.3609e-03
1.2478e-03
-9.6618e-04
-3.2438e-03
-5.6079e-03
-7.7924e-03
-9.5871e-03
-1.1125e-02
-1.2319e-02
-1.2936e-02
-1.2932e-02
-1.2710e-02
-1.2313e-02
-1.1960e-02
-1.1574e-02
-1.1195e-02
-1.0812e-02
-1.0203e-02
-9.6883e-03
-9.5304e-03
-9.8199e-03
-1.0518e-02
-1.1399e-02
-1.2057e-02
-1.2129e-02
-1.1764e-02
-1.1508e-02
-1.0786e-02
-9.4797e-03
-8.2024e-03
-6.8785e-03
-5.8069e-03
-5.1542e-03
-5.1347e-03
-5.6926e-03
-6.3060e-03
-6.6137e-03
-6.2943e-03
-5.6839e-03
-5.1735e-03
-4.9902e-03
-5.0399e-03
-4.9693e-03
-4.4183e-03
-3.3135e-03
-2.2054e-03
-8.9934e-04
6.5453e-04
2.2539e-03
3.9528e-03
5.7241e-03
7.6611e-03
9.7000e-03
1.1710e-02
1.3024e-02
1.3703e-02
1.3591e-02
1.3036e-02
1.2271e-02
1.1288e-02
1.0439e-02
9.5086e-03
8.6205e-03
7.6897e-03
6.7695e-03
6.2406e-03
6.1319e-03
6.1730e-03
6.0244e-03
5.6733e-03
5.2158e-03
4.7359e-03
4.4759e-03
3.9696e-03
3.1660e-03
2.5198e-03
2.3901e-03
2.7449e-03
3.3021e-03
3.7370e-03
3.8065e-03
3.6961e-03
3.9625e-03
4.7102e-03
5.7541e-03
6.8237e-03
7.6742e-03
8.0902e-03
8.0643e-03
7.8060e-03
7.6247e-03
7.4315e-03
7.0580e-03
6.4063e-03
5.7927e-03
5.8299e-03
6.9344e-03
8.6652e-03
1.1005e-02
1.3782e-02
1.6286e-02
1.8267e-02
1.9548e-02
2.0407e-02
2.0290e-02
1.9360e-02
1.8343e-02
1.7321e-02
1.6379e-02
1.5777e-02
1.5342e-02
1.4842e-02
1.4416e-02
1.4067e-02
1.3781e-02
1.3684e-02
1.3702e-02
1.3508e-02
1.2892e-02
1.1868e-02
1.0701e-02
9.5456e-03
8.2132e-03
6.5960e-03
4.5528e-03
2.2359e-03
-8.7244e-05
-1.9549e-03
-3.1956e-03
-4.3726e-03
-5.8037e-03
-7.4095e-03
-9.0091e-03
-1.0448e-02
-1.1558e-02
-1.2331e-02
-1.2741e-02
-1.2990e-02
-1.3460e-02
-1.3963e-02
-1.4206e-02
-1.3880e-02
-1.2940e-02
-1.1398e-02
-9.6185e-03
-7.6657e-03
-5.6233e-03
-3.8619e-03
-2.6736e-03
-2.0929e-03
-2.4006e-03
-3.7311e-03
-5.5505e-03
-7.2261e-03
-8.5462e-03
-9.1994e-03
-9.3862e-03
-9.4897e-03
-9.2146e-03
-8.7498e-03
-8.0504e-03
-7.0301e-03
-5.9937e-03
-5.4320e-03
-5.2574e-03
-5.4063e-03
-5.8768e-03
-6.5678e-03
-7.2064e-03
-7.6510e-03
-7.7595e-03
-7.6751e-03
-7.8497e-03
-8.1739e-03
-8.2202e-03
-7.8220e-03
-7.1703e-03
-7.0206e-03
-7.1606e-03
-7.5225e-03
-7.9491e-03
-8.3979e-03
-8.8828e-03
-9.2804e-03
-9.5330e-03
-9.5948e-03
-9.4092e-03
-8.9286e-03
-8.5600e-03
-8.0988e-03
-7.3882e-03
-6.3918e-03
-5.2947e-03
-4.5136e-03
-4.3436e-03
-4.8447e-03
-5.6338e-03
-6.4551e-03
-7.8844e-03
-9.6987e-03
-1.1738e-02
-1.3305e-02
-1.4263e-02
-1.4580e-02
-1.4422e-02
-1.4304e-02
-1.4299e-02
-1.4243e-02
-1.3774e-02
-1.2503e-02
-1.0262e-02
-6.9931e-03
-3.0585e-03
1.2154e-03
4.6153e-03
6.9825e-03
8.4381e-03
9.2317e-03
8.8441e-03
7.4888e-03
5.9707e-03
4.4162e-03
3.2449e-03
2.7776e-03
2.6036e-03
2.5874e-03
2.3030e-03
1.5852e-03
6.9816e-04
-1.8398e-04
-6.6001e-04
-1.0615e-03
-2.0246e-03
-3.3082e-03
-4.4134e-03
-5.2030e-03
-5.8482e-03
-6.5094e-03
-7.1427e-03
-7.1325e-03
-6.2417e-03
-5.0956e-03
-4.3736e-03
-4.3707e-03
-4.8598e-03
-5.4599e-03
-5.5882e-03
-4.5283e-03
-3.0004e-03
-1.7029e-03
-5.0184e-04
3.8412e-04
7.9128e-04
6.8285e-04
2.8573e-04
-6.9825e-05
-1.4576e-04
1.2779e-04
6.7593e-04
1.3838e-03
2.3471e-03
3.4531e-03
4.4575e-03
5.4411e-03
6.2250e-03
6.6091e-03
6.6766e-03
6.4997e-03
6.1870e-03
5.9085e-03
5.8323e-03
5.7509e-03
5.2143e-03
4.3742e-03
3.7140e-03
3.3530e-03
3.5402e-03
4.2907e-03
5.2913e-03
6.2659e-03
7.1267e-03
7.8226e-03
8.2345e-03
8.6203e-03
8.8927e-03
9.1280e-03
9.2678e-03
8.8806e-03
7.8214e-03
6.1794e-03
4.0212e-03
1.3851e-03
-1.0736e-03
-3.1468e-03
-4.4079e-03
-4.9221e-03
-4.9278e-03
-4.6191e-03
-4.0718e-03
-3.2623e-03
-2.2954e-03
-1.3613e-03
-8.0987e-04
-4.6201e-04
-3.9199e-04
-9.9830e-04
-2.0480e-03
-3.4153e-03
-5.2602e-03
-7.2764e-03
-8.7236e-03
-9.3886e-03
-8.8521e-03
-6.7443e-03
-3.1656e-03
1.1792e-03
5.1787e-03
7.9570e-03
9.7332e-03
1.0948e-02
1.1863e-02
1.2637e-02
1.2973e-02
1.2535e-02
1.1346e-02
9.9256e-03
8.6615e-03
7.6487e-03
6.9739e-03
6.5810e-03
6.6215e-03
7.0592e-03
7.6870e-03
8.4523e-03
9.1293e-03
9.7015e-03
1.0282e-02
1.0695e-02
1.0701e-02
1.0855e-02
1.1210e-02
1.1506e-02
1.1364e-02
1.0959e-02
1.0016e-02
8.6380e-03
7.1090e-03
5.5613e-03
4.2087e-03
3.0326e-03
1.9309e-03
8.6685e-04
-2.4737e-04
-1.1864e-03
-1.6270e-03
-1.2954e-03
-6.7948e-04
-1.1741e-04
4.7116e-04
8.4578e-04
9.1637e-04
1.0134e-03
1.0229e-03
8.4536e-04
3.4544e-04
-3.3027e-04
-9.8617e-04
-1.3484e-03
-9.9835e-04
-2.1924e-04
7.3988e-04
1.2853e-03
1.3286e-03
1.3746e-03
1.6510e-03
2.1050e-03
2.5233e-03
2.6301e-03
2.2837e-03
1.7492e-03
1.4883e-03
1.8093e-03
2.7322e-03
3.9517e-03
5.1180e-03
5.9780e-03
6.5024e-03
6.7870e-03
6.8423e-03
6.9078e-03
6.7881e-03
6.3591e-03
5.0120e-03
3.5957e-03
3.2096e-03
3.3881e-03
3.7763e-03
4.1394e-03
4.7395e-03
5.4421e-03
5.9375e-03
6.0760e-03
5.6987e-03
4.8831e-03
3.5204e-03
1.4981e-03
-8.4310e-04
-3.0608e-03
-4.9093e-03
-6.3998e-03
-7.7896e-03
-8.8081e-03
-9.4081e-03
-9.5982e-03
-9.6496e-03
-9.7971e-03
-1.0058e-02
-1.0212e-02
-1.0244e-02
-1.0199e-02
-1.0069e-02
-1.0144e-02
-1.0453e-02
-1.0596e-02
-1.0312e-02
-9.8012e-03
-9.4979e-03
-9.5308e-03
-9.8097e-03
-1.0135e-02
-1.0127e-02
-9.5665e-03
-8.6095e-03
-7.7475e-03
-7.0147e-03
-6.1852e-03
-5.2313e-03
-4.3255e-03
-3.5133e-03
-2.4674e-03
-1.5345e-03
-8.3436e-04
-4.8121e-04
-7.3942e-04
-1.6489e-03
-2.9263e-03
-4.2150e-03
-5.3262e-03
-5.9237e-03
-5.9614e-03
-5.7557e-03
-5.0902e-03
-4.0576e-03
-2.8630e-03
-1.7321e-03
-7.5741e-04
5.0276e-04
1.8440e-03
3.1067e-03
4.3516e-03
5.3663e-03
5.9709e-03
5.9242e-03
5.2411e-03
4.1311e-03
3.3631e-03
3.3590e-03
4.0754e-03
5.2951e-03
6.3829e-03
6.9957e-03
7.1251e-03
7.2484e-03
7.7613e-03
8.4248e-03
8.9550e-03
9.2473e-03
9.1356e-03
8.3830e-03
6.7831e-03
4.5271e-03
1.4270e-03
-2.0835e-03
-4.8708e-03
-6.6267e-03
-7.2299e-03
-7.3292e-03
-7.1546e-03
-6.6840e-03
-5.9738e-03
-4.9911e-03
-3.7254e-03
-2.5248e-03
-1.5494e-03
-5.4078e-04
1.0853e-03
3.1547e-03
5.1031e-03
6.5565e-03
7.6055e-03
8.1719e-03
8.2324e-03
8.1427e-03
8.1013e-03
8.3734e-03
8.9886e-03
9.5158e-03
9.8081e-03
9.7711e-03
9.3671e-03
8.7490e-03
8.0107e-03
7.4400e-03
7.3337e-03
7.6755e-03
8.0617e-03
8.2389e-03
7.9211e-03
7.0799e-03
5.8624e-03
4.7515e-03
3.8308e-03
3.2132e-03
3.0094e-03
3.1732e-03
3.8503e-03
4.6509e-03
5.4557e-03
6.2330e-03
6.7418e-03
6.9904e-03
6.8414e-03
6.3457e-03
5.5677e-03
4.7797e-03
3.9118e-03
2.8866e-03
1.8627e-03
9.7605e-04
2.4155e-04
-3.2078e-04
-7.4106e-04
-8.2801e-04
-6.9480e-04
-8.6129e-04
-1.0254e-03
-1.0459e-03
-6.6157e-04
3.2654e-04
1.5363e-03
2.6595e-03
3.2472e-03
2.7837e-03
1.5214e-03
-2.3146e-04
-2.0677e-03
-3.9689e-03
-5.5940e-03
-7.1027e-03
-8.5785e-03
-1.0083e-02
-1.1849e-02
-1.3503e-02
-1.4567e-02
-1.4786e-02
-1.4007e-02
-1.2322e-02
-9.7582e-03
-6.1585e-03
-2.1552e-03
1.3686e-03
3.9975e-03
5.7881e-03
7.2052e-03
8.2056e-03
8.6290e-03
8.5827e-03
7.7624e-03
5.8911e-03
3.2798e-03
2.7624e-04
-2.6590e-03
-5.3171e-03
-7.2117e-03
-7.8957e-03
-7.5827e-03
-6.3354e-03
-4.5685e-03
-2.7583e-03
-1.2608e-03
-4.7471e-04
-4.6838e-05
-1.8902e-04
-1.2125e-03
-2.8261e-03
-4.2367e-03
-5.1502e-03
-5.3719e-03
-5.1060e-03
-4.9803e-03
-5.2835e-03
-5.7781e-03
-6.3385e-03
-6.5461e-03
-6.5112e-03
-6.3005e-03
-6.0953e-03
-5.9640e-03
-5.6107e-03
-4.8047e-03
-3.3701e-03
-1.5325e-03
2.9391e-04
1.7680e-03
2.7783e-03
3.1329e-03
2.8493e-03
2.2702e-03
1.6865e-03
9.9447e-04
1.4329e-04
-1.0490e-03
-2.1819e-03
-2.8656e-03
-2.8496e-03
-2.2967e-03
-1.4441e-03
-5.3904e-04
5.5712e-04
1.8868e-03
3.3412e-03
4.7740e-03
6.1070e-03
7.1974e-03
7.9236e-03
8.1474e-03
8.0374e-03
7.8184e-03
7.6521e-03
7.6767e-03
7.9605e-03
8.3315e-03
8.5802e-03
8.7277e-03
8.8027e-03
8.7537e-03
8.6218e-03
8.5907e-03
8.5784e-03
8.4557e-03
7.9322e-03
6.9007e-03
5.2430e-03
2.8485e-03
-2.6812e-04
-3.5727e-03
-6.8442e-03
-9.9867e-03
-1.2793e-02
-1.5055e-02
-1.6770e-02
-1.8156e-02
-1.9158e-02
-1.9627e-02
-1.9567e-02
-1.8669e-02
-1.6906e-02
-1.4421e-02
-1.1580e-02
-8.6715e-03
-6.0064e-03
-4.0309e-03
-2.8046e-03
-2.4790e-03
-3.0777e-03
-4.5770e-03
-6.7270e-03
-9.0832e-03
-1.0979e-02
-1.2209e-02
-1.2848e-02
-1.3259e-02
-1.3636e-02
-1.3863e-02
-1.3629e-02
-1.2922e-02
-1.1757e-02
-1.0360e-02
-9.0807e-03
-8.2732e-03
-8.0584e-03
-8.1421e-03
-8.2277e-03
-8.2836e-03
-8.6621e-03
-9.2851e-03
-1.0239e-02
-1.1311e-02
-1.2546e-02
-1.3910e-02
-1.4912e-02
-1.5442e-02
-1.5482e-02
-1.5009e-02
-1.4088e-02
-1.3066e-02
-1.1997e-02
-1.0717e-02
-9.2771e-03
-7.8222e-03
-6.5226e-03
-5.3395e-03
-4.3285e-03
-3.4906e-03
-2.5860e-03
-1.4923e-03
-6.3886e-04
-3.2204e-04
-5.6099e-04
-1.1366e-03
-1.3226e-03
-9.2185e-04
-1.9203e-04
6.4945e-04
1.0995e-03
8.3539e-04
-1.7844e-04
-1.4586e-03
-2.6560e-03
-3.3674e-03
-3.2647e-03
-2.4536e-03
-1.4280e-03
-1.8555e-04
1.0444e-03
2.0750e-03
2.9392e-03
3.7128e-03
4.3342e-03
4.7236e-03
4.8842e-03
4.9109e-03
4.9716e-03
5.3242e-03
6.0808e-03
6.9028e-03
7.7549e-03
8.8620e-03
1.0203e-02
1.1580e-02
1.2923e-02
1.4055e-02
1.5140e-02
1.6068e-02
1.6969e-02
1.7592e-02
1.7757e-02
1.7663e-02
1.7214e-02
1.6431e-02
1.5494e-02
1.4606e-02
1.3946e-02
1.3231e-02
1.2447e-02
1.1807e-02
1.1127e-02
1.0581e-02
1.0023e-02
9.4693e-03
9.0193e-03
8.4569e-03
7.4867e-03
5.9102e-03
4.1423e-03
2.5491e-03
1.0810e-03
-4.1030e-04
-1.6403e-03
-2.3340e-03
-2.3242e-03
-1.5501e-03
-3.6895e-04
9.2716e-04
2.2061e-03
3.3334e-03
4.4176e-03
5.2781e-03
5.7311e-03
5.6730e-03
5.1114e-03
4.5076e-03
3.9828e-03
3.2794e-03
2.3818e-03
1.4711e-03
1.0613e-03
1.3688e-03
1.8959e-03
2.0962e-03
1.7624e-03
9.3878e-04
-9.4182e-05
-1.1486e-03
-2.1067e-03
-2.9960e-03
-4.0224e-03
-5.1744e-03
-6.3425e-03
-7.3092e-03
-7.8797e-03
-7.4718e-03
-5.7932e-03
-3.1566e-03
1.8975e-04
3.7060e-03
6.9091e-03
9.3444e-03
1.0942e-02
1.1684e-02
1.1495e-02
1.0794e-02
9.8741e-03
8.8647e-03
7.7561e-03
6.4721e-03
4.9378e-03
3.1630e-03
1.1613e-03
-6.0303e-04
-1.8658e-03
-2.5217e-03
-2.6189e-03
-2.2798e-03
-1.5634e-03
-6.2808e-04
3.6398e-04
1.4460e-03
2.4946e-03
3.5641e-03
4.0309e-03
3.3872e-03
1.9956e-03
2.0382e-04
-1.5822e-03
-2.9672e-03
-3.8779e-03
-4.1565e-03
-3.7642e-03
-2.4649e-03
-2.7047e-04
2.5283e-03
5.4938e-03
7.9812e-03
9.6537e-03
1.0834e-02
1.1438e-02
1.1483e-02
1.1180e-02
1.0596e-02
1.0078e-02
9.7558e-03
9.4510e-03
9.0896e-03
8.4952e-03
7.7335e-03
7.1115e-03
6.6060e-03
5.7875e-03
4.2902e-03
2.0138e-03
-7.2062e-04
-3.3507e-03
-5.4674e-03
-6.9891e-03
-8.2935e-03
-9.0846e-03
-9.1074e-03
-8.5376e-03
-7.4079e-03
-5.8300e-03
-4.1570e-03
-2.7221e-03
-1.4179e-03
-4.4752e-04
1.9987e-04
5.0143e-04
4.6664e-04
1.3443e-04
-4.3734e-04
-1.0385e-03
-1.5095e-03
-1.7988e-03
-2.0322e-03
-2.2091e-03
-1.9262e-03
-1.2011e-03
-4.3273e-04
2.2130e-04
7.1916e-04
7.6579e-04
1.2379e-04
-7.6418e-04
-1.5709e-03
-2.3064e-03
-2.9519e-03
-3.0498e-03
-2.5780e-03
-1.9288e-03
-1.0291e-03
1.4697e-04
1.2565e-03
2.0594e-03
2.3110e-03
2.1198e-03
1.6717e-03
7.1572e-04
-5.6224e-04
-1.5595e-03
-2.0974e-03
-2.0360e-03
-1.6748e-03
-1.2153e-03
-9.9231e-04
-1.2677e-03
-2.2444e-03
-3.9033e-03
-5.7415e-03
-7.3507e-03
-8.5383e-03
-9.4851e-03
-1.0126e-02
-9.8877e-03
-9.0788e-03
-8.1487e-03
-7.2919e-03
-6.6207e-03
-6.1066e-03
-5.4975e-03
-4.5949e-03
-3.8806e-03
-3.6164e-03
-3.5249e-03
-3.5254e-03
-3.3940e-03
-2.7712e-03
-1.8708e-03
-1.1067e-03
-4.7832e-04
1.5411e-05
4.5119e-04
9.8388e-04
1.6922e-03
2.3522e-03
2.3832e-03
1.6413e-03
3.6847e-04
-1.1974e-03
-2.6961e-03
-3.9553e-03
-4.8901e-03
-5.6974e-03
-6.3002e-03
-6.3809e-03
-5.7628e-03
-4.8228e-03
-3.5941e-03
-2.0895e-03
-5.9816e-04
7.0449e-04
1.2248e-03
6.1631e-04
-8.2742e-04
-2.3695e-03
-3.7134e-03
-4.7037e-03
-5.2658e-03
-5.8495e-03
-6.2426e-03
-6.1973e-03
-5.7657e-03
-5.0793e-03
-4.2111e-03
-3.4967e-03
-3.1466e-03
-3.1701e-03
-3.4516e-03
-3.8899e-03
-4.3263e-03
-4.4112e-03
-4.3053e-03
-4.2499e-03
-4.3857e-03
-4.8967e-03
-5.6112e-03
-6.4715e-03
-7.2327e-03
-7.8487e-03
-8.1740e-03
-7.9268e-03
-6.9873e-03
-5.7813e-03
-4.6811e-03
-3.7720e-03
-3.4890e-03
-4.2897e-03
-5.4164e-03
-6.6730e-03
-7.9208e-03
-8.8765e-03
-9.2171e-03
-9.1690e-03
-9.0063e-03
-8.9199e-03
-8.8457e-03
-8.8672e-03
-8.8849e-03
-8.5317e-03
-8.0368e-03
-7.3115e-03
-6.1199e-03
-4.4342e-03
-2.6346e-03
-8.4899e-04
7.1865e-04
1.9532e-03
2.9660e-03
3.4651e-03
3.3443e-03
2.7157e-03
1.9280e-03
1.3042e-03
9.3251e-04
7.8858e-04
8.3966e-04
1.3446e-03
2.1249e-03
2.9886e-03
3.9896e-03
4.8624e-03
5.5178e-03
5.9351e-03
6.0905e-03
5.9533e-03
5.2693e-03
4.3275e-03
3.5033e-03
2.7818e-03
2.7183e-03
3.5435e-03
4.3911e-03
4.9903e-03
5.4932e-03
5.9947e-03
6.4289e-03
6.5693e-03
6.5964e-03
6.6370e-03
6.7693e-03
6.7176e-03
6.5905e-03
6.8338e-03
7.4073e-03
7.9166e-03
8.1083e-03
8.2418e-03
8.4179e-03
8.7455e-03
9.2713e-03
9.8215e-03
1.0341e-02
1.0618e-02
1.0609e-02
1.0437e-02
9.7915e-03
8.4140e-03
6.4027e-03
4.3084e-03
3.0396e-03
3.2154e-03
4.5755e-03
6.2756e-03
7.8014e-03
9.2368e-03
1.0729e-02
1.1970e-02
1.2986e-02
1.3866e-02
1.4294e-02
1.4113e-02
1.3558e-02
1.2945e-02
1.1937e-02
1.0695e-02
9.4473e-03
8.4253e-03
7.7076e-03
7.1950e-03
6.9617e-03
6.9363e-03
6.6214e-03
5.9129e-03
4.7333e-03
3.4284e-03
2.3724e-03
1.7200e-03
1.7280e-03
2.4130e-03
3.1513e-03
3.5150e-03
3.5569e-03
3.4385e-03
3.3475e-03
3.4192e-03
3.7803e-03
4.6154e-03
5.6287e-03
6.4112e-03
6.9100e-03
7.0669e-03
6.6686e-03
5.5895e-03
3.9962e-03
2.2490e-03
9.7282e-04
6.6864e-04
1.6789e-03
3.3753e-03
4.9422e-03
6.2043e-03
7.0236e-03
7.5198e-03
7.7117e-03
7.4419e-03
6.6045e-03
5.4223e-03
3.9139e-03
1.9456e-03
-2.5022e-04
-2.4368e-03
-4.3003e-03
-5.6808e-03
-6.7512e-03
-7.9514e-03
-9.2601e-03
-1.0599e-02
-1.1527e-02
-1.1880e-02
-1.1744e-02
-1.1183e-02
-1.0117e-02
-8.4744e-03
-6.9048e-03
-5.7621e-03
-5.0495e-03
-4.9386e-03
-5.5106e-03
-6.3322e-03
-7.1929e-03
-7.7241e-03
-7.4995e-03
-6.3199e-03
-4.4716e-03
-2.5620e-03
-1.1331e-03
-4.5306e-04
-3.4477e-04
-8.6402e-04
-1.7340e-03
-2.9912e-03
-4.4531e-03
-5.9239e-03
-7.0933e-03
-7.7135e-03
-7.9915e-03
-8.1770e-03
-8.4475e-03
-8.9265e-03
-9.5239e-03
-9.8326e-03
-9.7946e-03
-9.5470e-03
-9.1134e-03
-8.5908e-03
-8.0036e-03
-7.0631e-03
-6.0376e-03
-4.5506e-03
-2.7681e-03
-1.0443e-03
5.3061e-04
1.7280e-03
2.6150e-03
3.1994e-03
3.2673e-03
2.8725e-03
1.9961e-03
3.0719e-04
-2.1160e-03
-4.7405e-03
-7.2172e-03
-8.9884e-03
-9.5258e-03
-9.5203e-03
-9.0842e-03
-8.5966e-03
-8.3588e-03
-8.0096e-03
-7.4941e-03
-6.8402e-03
-6.0687e-03
-5.2553e-03
-4.7284e-03
-4.5024e-03
-4.7147e-03
-5.1679e-03
-5.6323e-03
-6.1155e-03
-6.5649e-03
-6.8241e-03
-6.4172e-03
-5.5397e-03
-4.4234e-03
-3.1402e-03
-1.8512e-03
-4.5694e-04
7.1231e-04
1.4857e-03
2.0388e-03
2.4263e-03
2.7283e-03
2.7057e-03
2.4577e-03
2.0323e-03
1.3338e-03
6.7902e-04
-1.2306e-04
-1.2268e-03
-2.4061e-03
-3.5142e-03
-4.3999e-03
-5.2015e-03
-6.0937e-03
-7.0919e-03
-7.9571e-03
-8.4751e-03
-8.7054e-03
-9.0026e-03
-9.2905e-03
-9.2518e-03
-9.0063e-03
-8.5016e-03
-7.9989e-03
-7.4449e-03
-6.8091e-03
-6.0566e-03
-4.9913e-03
-3.8433e-03
-2.8476e-03
-2.2527e-03
-1.8793e-03
-1.8773e-03
-2.1645e-03
-2.8941e-03
-4.0535e-03
-4.9612e-03
-5.3214e-03
-5.0299e-03
-4.2201e-03
-3.2356e-03
-2.3894e-03
-1.7219e-03
-8.7644e-04
1.5184e-04
1.3605e-03
2.6431e-03
3.9019e-03
4.7679e-03
4.8013e-03
5.1130e-03
5.7763e-03
6.6376e-03
7.3825e-03
7.5402e-03
6.8807e-03
5.6696e-03
4.4526e-03
3.6435e-03
3.4319e-03
3.7487e-03
4.0392e-03
4.1932e-03
4.3550e-03
4.5101e-03
4.6519e-03
4.5952e-03
4.4814e-03
4.5453e-03
4.6838e-03
4.6020e-03
4.5790e-03
4.8120e-03
5.6460e-03
6.9075e-03
8.0808e-03
8.9400e-03
9.6793e-03
1.0245e-02
1.0695e-02
1.1025e-02
1.1487e-02
1.1767e-02
1.2077e-02
1.2654e-02
1.3307e-02
1.3878e-02
1.4440e-02
1.4883e-02
1.5129e-02
1.5328e-02
1.5277e-02
1.5072e-02
1.4840e-02
1.4651e-02
1.4449e-02
1.4238e-02
1.3990e-02
1.3931e-02
1.3951e-02
1.3778e-02
1.3319e-02
1.2743e-02
1.2113e-02
1.1492e-02
1.0952e-02
1.0502e-02
1.0064e-02
9.7212e-03
9.3547e-03
9.1159e-03
8.8578e-03
8.4506e-03
7.8490e-03
7.0454e-03
6.1018e-03
5.0562e-03
3.9948e-03
3.0214e-03
2.1931e-03
1.8779e-03
2.0382e-03
2.2041e-03
2.0468e-03
1.5611e-03
1.1043e-03
5.6494e-04
5.3817e-05
-6.7871e-04
-1.5056e-03
-2.2926e-03
-2.7883e-03
-3.2101e-03
-3.5887e-03
-3.9898e-03
-4.3207e-03
-4.4796e-03
-4.4962e-03
-4.1499e-03
-3.4762e-03
-2.5216e-03
-1.4860e-03
-8.7525e-04
-5.2258e-04
-3.3000e-04
-2.5010e-05
3.7917e-04
6.4181e-04
5.1474e-04
4.4336e-05
-5.0782e-04
-1.1422e-03
-1.7677e-03
-2.6185e-03
-3.7256e-03
-5.0779e-03
-6.5770e-03
-7.7480e-03
-8.1193e-03
-8.1135e-03
-7.9494e-03
-8.0527e-03
-8.5577e-03
-9.1322e-03
-9.4202e-03
-9.6528e-03
-9.9991e-03
-1.0230e-02
-1.0425e-02
-1.0634e-02
-1.0969e-02
-1.1654e-02
-1.2443e-02
-1.2941e-02
-1.3452e-02
-1.4293e-02
-1.5144e-02
-1.5533e-02
-1.6067e-02
-1.6633e-02
-1.7045e-02
-1.7143e-02
-1.6772e-02
-1.6076e-02
-1.5506e-02
-1.5380e-02
-1.5384e-02
-1.5367e-02
-1.5260e-02
-1.4984e-02
-1.4295e-02
-1.3424e-02
-1.2665e-02
-1.2040e-02
-1.1509e-02
-1.1058e-02
-1.0344e-02
-9.7043e-03
-9.1781e-03
-8.8520e-03
-8.9841e-03
-9.4322e-03
-9.9613e-03
-1.0606e-02
-1.1160e-02
-1.1311e-02
-1.0759e-02
-1.0324e-02
-1.0386e-02
-1.0452e-02
-1.0326e-02
-1.0045e-02
-9.7299e-03
-9.4503e-03
-9.1414e-03
-8.6909e-03
-7.9057e-03
-6.9884e-03
-6.2390e-03
-5.8013e-03
-5.6516e-03
-5.3787e-03
-4.7436e-03
-4.2003e-03
-3.7211e-03
-3.1419e-03
-2.4828e-03
-1.9869e-03
-1.4804e-03
-6.4625e-04
3.6818e-04
1.4482e-03
2.6770e-03
4.0718e-03
5.5650e-03
6.7673e-03
7.6080e-03
8.0602e-03
8.3026e-03
8.3538e-03
8.6842e-03
9.3721e-03
1.0201e-02
1.1017e-02
1.1804e-02
1.2757e-02
1.3942e-02
1.5339e-02
1.6512e-02
1.7085e-02
1.7091e-02
1.6821e-02
1.6543e-02
1.5805e-02
1.4627e-02
1.3334e-02
1.2034e-02
1.0689e-02
9.4700e-03
8.5418e-03
7.9942e-03
7.7395e-03
7.8516e-03
8.2426e-03
8.6510e-03
8.9976e-03
9.3114e-03
9.6293e-03
9.9438e-03
1.0196e-02
1.0045e-02
9.3497e-03
8.5174e-03
8.1027e-03
8.2342e-03
8.6118e-03
9.0491e-03
9.1986e-03
8.9382e-03
8.5964e-03
8.2792e-03
8.1053e-03
7.9005e-03
7.5570e-03
7.1029e-03
6.5331e-03
5.9131e-03
5.3396e-03
4.8835e-03
4.5208e-03
4.0838e-03
3.5539e-03
3.0968e-03
2.6700e-03
2.3797e-03
2.2703e-03
2.3171e-03
2.4393e-03
2.8089e-03
3.5392e-03
4.4887e-03
5.4274e-03
6.3322e-03
7.2110e-03
7.9451e-03
8.4230e-03
8.9381e-03
9.4212e-03
9.9511e-03
1.0566e-02
1.0938e-02
1.0935e-02
1.0652e-02
1.0295e-02
1.0081e-02
9.9558e-03
9.7517e-03
9.5004e-03
9.0934e-03
8.4477e-03
7.4242e-03
6.1299e-03
4.6249e-03
3.0050e-03
1.3931e-03
-9.7748e-05
-1.2788e-03
-2.1134e-03
-2.5625e-03
-2.7434e-03
-2.6499e-03
-2.5044e-03
-2.7912e-03
-3.2967e-03
-3.9013e-03
-4.6438e-03
-5.6054e-03
-6.5566e-03
-7.3603e-03
-7.9164e-03
-8.1298e-03
-7.8236e-03
-7.0044e-03
-5.9159e-03
-4.8597e-03
-3.8822e-03
-2.8548e-03
-1.9873e-03
-1.5596e-03
-1.6398e-03
-2.0184e-03
-2.4262e-03
-2.9496e-03
-3.3764e-03
-3.8414e-03
-4.1485e-03
-4.2925e-03
-4.4715e-03
-4.3683e-03
-3.8222e-03
-3.0922e-03
-2.3551e-03
-1.7941e-03
-1.5189e-03
-1.5698e-03
-1.8721e-03
-2.4880e-03
-3.2015e-03
-3.5406e-03
-3.8619e-03
-4.3367e-03
-5.0210e-03
-5.9271e-03
-6.6158e-03
-6.8056e-03
-6.6286e-03
-6.2692e-03
-6.1077e-03
-5.9810e-03
-5.9084e-03
-5.7157e-03
-5.4818e-03
-5.3977e-03
-5.6159e-03
-5.9593e-03
-5.9768e-03
-5.8927e-03
-5.5093e-03
-4.8509e-03
-4.1997e-03
-3.7755e-03
-3.6615e-03
-3.7693e-03
-3.8354e-03
-3.6800e-03
-3.5098e-03
-3.4086e-03
-3.5338e-03
-3.7998e-03
-4.1108e-03
-4.5084e-03
-4.8430e-03
-5.1282e-03
-4.8331e-03
-4.0731e-03
-3.1961e-03
-2.2665e-03
-1.4626e-03
-7.6125e-04
-1.8577e-04
1.8848e-04
2.5240e-04
-1.1529e-04
-5.8006e-04
-1.2900e-03
-2.1707e-03
-3.0578e-03
-3.8118e-03
-4.4117e-03
-4.7284e-03
-4.8013e-03
-4.7675e-03
-4.6702e-03
-4.5676e-03
-4.3307e-03
-3.9848e-03
-3.4966e-03
-3.0356e-03
-2.6576e-03
-2.4456e-03
-2.3248e-03
-2.4338e-03
-2.9572e-03
-3.7042e-03
-4.3415e-03
-4.8534e-03
-5.0079e-03
-4.5098e-03
-3.6077e-03
-2.4324e-03
-1.2697e-03
-3.1854e-04
4.8352e-04
1.0591e-03
1.5940e-03
2.1851e-03
2.8461e-03
3.4986e-03
4.0423e-03
4.5125e-03
5.0036e-03
5.6760e-03
6.4224e-03
6.9180e-03
6.9900e-03
6.6259e-03
5.8719e-03
4.7816e-03
3.4391e-03
2.0948e-03
7.8088e-04
-3.7107e-04
-1.2488e-03
-1.8868e-03
-1.9788e-03
-1.6350e-03
-1.0408e-03
-1.1677e-04
9.2188e-04
1.7491e-03
2.3903e-03
2.8024e-03
2.9333e-03
2.9564e-03
2.9814e-03
2.9912e-03
3.0026e-03
2.8429e-03
2.4833e-03
1.9797e-03
1.6319e-03
1.4217e-03
1.4248e-03
1.5182e-03
1.5943e-03
1.6511e-03
1.6817e-03
1.7300e-03
1.8158e-03
1.8306e-03
1.6643e-03
1.4050e-03
1.0243e-03
5.1277e-04
-1.2646e-04
-7.6437e-04
-1.3531e-03
-1.7351e-03
-1.8248e-03
-1.6492e-03
-1.1934e-03
-5.5761e-04
9.2956e-05
7.6271e-04
1.1788e-03
1.3144e-03
1.2440e-03
9.4791e-04
7.4650e-04
7.1740e-04
9.1883e-04
1.3481e-03
1.8164e-03
2.3405e-03
2.8976e-03
3.4460e-03
3.8378e-03
4.0456e-03
3.9770e-03
3.6378e-03
2.8664e-03
1.7050e-03
4.0786e-04
-8.4532e-04
-1.7407e-03
-2.2475e-03
-2.4746e-03
-2.7104e-03
-3.0252e-03
-3.3975e-03
-3.8309e-03
-4.2328e-03
-4.5960e-03
-4.9767e-03
-5.2413e-03
-5.0892e-03
-4.3804e-03
-3.3032e-03
-2.1922e-03
-1.2454e-03
-5.2584e-04
-1.4563e-04
9.1276e-05
1.8796e-04
1.4594e-04
1.4401e-04
1.9479e-04
2.8545e-04
2.1190e-04
-1.4393e-04
-6.1801e-04
-1.1049e-03
-1.4566e-03
-1.6647e-03
-1.7249e-03
-1.6144e-03
-1.3159e-03
-9.2991e-04
-5.7565e-04
-2.8794e-04
-2.2393e-04
-2.8985e-04
-5.1502e-04
-9.4751e-04
-1.5445e-03
-2.2459e-03
-2.7980e-03
-3.1234e-03
-3.2674e-03
-3.3087e-03
-3.2973e-03
-3.2236e-03
-3.0451e-03
-2.6702e-03
-2.0241e-03
-1.2524e-03
-4.7696e-04
9.4614e-05
4.4508e-04
5.9851e-04
5.8663e-04
4.6148e-04
2.5602e-04
4.7020e-05
-1.1194e-04
-1.4112e-04
2.6679e-05
3.7403e-04
8.3241e-04
1.2579e-03
1.6539e-03
1.8909e-03
1.9945e-03
2.0694e-03
2.0510e-03
1.9394e-03
1.7723e-03
1.5770e-03
1.4391e-03
1.2708e-03
1.0139e-03
7.1645e-04
4.5713e-04
3.2558e-04
2.9636e-04
3.9600e-04
5.8562e-04
7.5076e-04
8.8864e-04
9.8398e-04
1.0243e-03
1.0036e-03
9.1921e-04
8.2136e-04
7.3917e-04
7.1546e-04
7.5899e-04
8.6503e-04
1.0029e-03
1.1619e-03
1.3523e-03
1.5262e-03
1.6543e-03
1.7824e-03
1.8820e-03
1.9117e-03
1.8532e-03
1.7116e-03
1.5350e-03
1.3811e-03
1.2658e-03
1.1892e-03
1.1389e-03
1.1035e-03
1.0718e-03
1.0153e-03
9.3085e-04
8.8754e-04
9.0967e-04
9.4756e-04
9.9270e-04
1.0046e-03
9.8087e-04
9.0611e-04
8.1744e-04
7.2789e-04
6.6099e-04
5.9253e-04
5.0589e-04
3.6389e-04
1.9105e-04
8.8777e-06
-1.3628e-04
-2.1421e-04
-2.5864e-04
-2.9288e-04
-3.0699e-04
-2.8863e-04
-2.2641e-04
-1.3276e-04
-2.6132e-05
5.5006e-05
9.6297e-05
1.0316e-04
6.7113e-05
-8.1013e-06
-9.8078e-05
-1.8021e-04
-2.4129e-04
-2.7159e-04
-2.6017e-04
-2.3768e-04
-2.2018e-04
-2.2513e-04
-2.2051e-04
-1.8608e-04
-1.2808e-04
-6.2902e-05
-1.6763e-05
5.6930e-06
1.4916e-05
2.2874e-05
2.9635e-05
3.3323e-05
3.3622e-05
2.9102e-05
1.0390e-05
-1.5859e-05
-4.1615e-05
-6.0832e-05
-6.6360e-05
-6.0749e-05
-5.2285e-05
-4.8239e-05
-5.2531e-05
-6.6461e-05
-8.1182e-05
-9.1361e-05
-9.0554e-05
-7.9723e-05
-6.3412e-05
-4.5626e-05
-2.5804e-05
-9.4955e-07
2.4247e-05
4.4801e-05
6.1241e-05
7.3213e-05
7.9274e-05
8.1682e-05
8.1345e-05
7.9404e-05
7.4963e-05
6.7394e-05
5.8082e-05
4.9735e-05
4.2048e-05
3.7000e-05
3.4952e-05
3.2931e-05
3.0909e-05
2.8256e-05
2.5640e-05
2.3784e-05
2.2618e-05
2.2025e-05
2.1072e-05
1.9485e-05
1.8078e-05
1.6938e-05
1.6520e-05
1.6507e-05
1.6769e-05
1.6436e-05
1.5621e-05
1.4517e-05
1.2960e-05
1.0933e-05
8.6632e-06
6.1981e-06
3.3779e-06
2.7440e-07
-2.8743e-06
-6.0080e-06
-8.9861e-06
-1.1733e-05
-1.4246e-05
-1.6708e-05
-1.9221e-05
-2.2060e-05
-2.5122e-05
-2.8305e-05
-3.1463e-05
-3.4605e-05
-3.7749e-05
-4.0903e-05
-4.4018e-05
-4.7112e-05
-5.0164e-05
-5.3169e-05
-5.6120e-05
-5.9012e-05
-6.1835e-05
-6.4585e-05
-6.7245e-05
-6.9806e-05
-7.2273e-05
-7.4660e-05
-7.6966e-05
-7.9199e-05
-8.1358e-05
-8.3447e-05
-8.5466e-05
-8.7416e-05
-8.9299e-05
-9.1114e-05
-9.2862e-05
-9.4544e-05
-9.6159e-05
-9.7709e-05
