1.6039e-02
1.5911e-02
1.5787e-02
1.5697e-02
1.5644e-02
1.5641e-02
1.5663e-02
1.5739e-02
1.5862e-02
1.6039e-02
1.6211e-02
1.6377e-02
1.6533e-02
1.6775e-02
1.7108e-02
1.7382e-02
1.7441e-02
1.7215e-02
1.6270e-02
1.4684e-02
1.2832e-02
1.1418e-02
1.0452e-02
1.0350e-02
1.0698e-02
1.1387e-02
1.1739e-02
1.1802e-02
1.1757e-02
1.1862e-02
1.2156e-02
1.2529e-02
1.3243e-02
1.4281e-02
1.5235e-02
1.6386e-02
1.6967e-02
1.6839e-02
1.5832e-02
1.3719e-02
1.2119e-02
1.1544e-02
1.2264e-02
1.4990e-02
1.8565e-02
2.2462e-02
2.5172e-02
2.5251e-02
2.4392e-02
2.3849e-02
2.4012e-02
2.4836e-02
2.5526e-02
2.4596e-02
2.0862e-02
1.5620e-02
1.1166e-02
9.0626e-03
9.2980e-03
1.1458e-02
1.3977e-02
1.6031e-02
1.6009e-02
1.2786e-02
7.7173e-03
2.6228e-03
-2.5354e-03
-4.4964e-03
-5.2626e-03
-2.9149e-03
5.9293e-03
1.9344e-02
3.2730e-02
4.0755e-02
4.2417e-02
3.8172e-02
2.7920e-02
1.5154e-02
4.1949e-03
-3.4265e-03
-7.6204e-03
-3.9951e-03
6.8932e-03
2.1787e-02
3.6211e-02
4.3503e-02
4.4657e-02
4.0846e-02
3.3808e-02
2.6290e-02
2.0787e-02
2.1716e-02
2.8006e-02
3.5224e-02
4.0032e-02
4.2334e-02
4.1692e-02
4.0196e-02
3.7046e-02
3.1001e-02
2.3942e-02
1.8927e-02
1.6857e-02
1.5619e-02
1.2173e-02
7.1205e-03
2.5089e-03
-2.0109e-03
-6.1868e-03
-9.3611e-03
-1.1988e-02
-1.3979e-02
-1.4758e-02
-1.3947e-02
-1.3148e-02
-1.2765e-02
-1.1839e-02
-1.0096e-02
-5.4289e-03
5.1673e-04
3.8104e-03
4.5923e-03
3.4311e-03
6.2499e-04
-2.0304e-03
-4.0645e-03
-6.5494e-03
-8.4572e-03
-8.0538e-03
-7.1361e-03
-6.8565e-03
-6.6716e-03
-5.3115e-03
-2.4462e-03
-1.2052e-05
-6.5068e-04
-4.3667e-03
-9.3950e-03
-1.2836e-02
-1.2425e-02
-6.7431e-03
5.1325e-03
2.2442e-02
4.0350e-02
5.2451e-02
5.5444e-02
4.9929e-02
3.9381e-02
2.6484e-02
1.2973e-02
6.1355e-04
-1.0693e-02
-2.0049e-02
-2.6781e-02
-3.1456e-02
-3.5423e-02
-3.9244e-02
-4.5674e-02
-5.5035e-02
-6.3869e-02
-7.2272e-02
-7.9282e-02
-8.6274e-02
-9.2517e-02
-9.8314e-02
-1.0420e-01
-1.1012e-01
-1.1649e-01
-1.2265e-01
-1.2808e-01
-1.3236e-01
-1.3481e-01
-1.3544e-01
-1.3587e-01
-1.3830e-01
-1.4537e-01
-1.5354e-01
-1.6176e-01
-1.7024e-01
-1.7844e-01
-1.8590e-01
-1.9306e-01
-2.0044e-01
-2.0658e-01
-2.1033e-01
-2.1530e-01
-2.2284e-01
-2.3118e-01
-2.3549e-01
-2.3766e-01
-2.3864e-01
-2.3789e-01
-2.3456e-01
-2.2867e-01
-2.2105e-01
-2.1326e-01
-2.0568e-01
-1.9768e-01
-1.9084e-01
-1.8850e-01
-1.8885e-01
-1.8921e-01
-1.8790e-01
-1.8437e-01
-1.7995e-01
-1.7632e-01
-1.7681e-01
-1.7929e-01
-1.8149e-01
-1.8101e-01
-1.7497e-01
-1.6251e-01
-1.4709e-01
-1.3034e-01
-1.1483e-01
-1.0090e-01
-8.4447e-02
-6.3593e-02
-3.5779e-02
-2.5196e-03
3.2186e-02
6.4875e-02
9.3130e-02
1.1713e-01
1.3735e-01
1.5294e-01
1.6280e-01
1.6916e-01
1.7547e-01
1.8221e-01
1.8891e-01
1.9531e-01
2.0169e-01
2.0885e-01
2.1751e-01
2.2783e-01
2.3920e-01
2.5119e-01
2.6283e-01
2.7423e-01
2.8509e-01
2.9472e-01
3.0145e-01
3.0542e-01
3.0703e-01
3.0663e-01
3.0429e-01
3.0012e-01
2.9450e-01
2.8721e-01
2.7662e-01
2.6177e-01
2.4169e-01
2.1384e-01
1.8060e-01
1.4861e-01
1.2178e-01
9.8648e-02
7.3296e-02
4.4602e-02
1.6028e-02
-9.2382e-03
-2.9094e-02
-4.0110e-02
-4.1212e-02
-3.3716e-02
-1.9993e-02
-3.2500e-03
1.1544e-02
1.8328e-02
1.7213e-02
1.1904e-02
4.4162e-03
-4.1245e-03
-1.3996e-02
-2.4458e-02
-3.3933e-02
-4.0906e-02
-4.4936e-02
-4.5701e-02
-4.4030e-02
-4.1072e-02
-3.6162e-02
-2.7420e-02
-1.3529e-02
4.1140e-03
2.2121e-02
3.5965e-02
4.2756e-02
4.1262e-02
3.4280e-02
2.4790e-02
1.3710e-02
1.8654e-03
-9.2123e-03
-1.9024e-02
-2.7359e-02
-3.6259e-02
-4.7273e-02
-6.0459e-02
-7.5440e-02
-9.1879e-02
-1.0761e-01
-1.1878e-01
-1.2293e-01
-1.2169e-01
-1.1819e-01
-1.1549e-01
-1.1527e-01
-1.1673e-01
-1.1822e-01
-1.2020e-01
-1.2501e-01
-1.3457e-01
-1.4990e-01
-1.7014e-01
-1.9404e-01
-2.1603e-01
-2.3075e-01
-2.3750e-01
-2.3404e-01
-2.2235e-01
-2.0930e-01
-1.9941e-01
-1.9318e-01
-1.9116e-01
-1.9245e-01
-1.9323e-01
-1.9096e-01
-1.8493e-01
-1.7597e-01
-1.6536e-01
-1.5362e-01
-1.4259e-01
-1.3339e-01
-1.2435e-01
-1.1330e-01
-9.8644e-02
-7.6280e-02
-4.3078e-02
7.9185e-05
4.1953e-02
7.7752e-02
1.0813e-01
1.3061e-01
1.5724e-01
1.8394e-01
2.0293e-01
2.1735e-01
2.2963e-01
2.4344e-01
2.5806e-01
2.7043e-01
2.7972e-01
2.8736e-01
2.9309e-01
2.9699e-01
3.0037e-01
3.0209e-01
3.0173e-01
3.0041e-01
2.9882e-01
2.9674e-01
2.9332e-01
2.8923e-01
2.8554e-01
2.8184e-01
2.7652e-01
2.6880e-01
2.6072e-01
2.5486e-01
2.5324e-01
2.5597e-01
2.6148e-01
2.6914e-01
2.7665e-01
2.7967e-01
2.7481e-01
2.6275e-01
2.4684e-01
2.2908e-01
2.1113e-01
1.9545e-01
1.8162e-01
1.6659e-01
1.4956e-01
1.3335e-01
1.2118e-01
1.1524e-01
1.1434e-01
1.1401e-01
1.1123e-01
1.0544e-01
9.7433e-02
8.8982e-02
8.2099e-02
7.8124e-02
7.6959e-02
7.7383e-02
7.8416e-02
8.1305e-02
8.7143e-02
9.5249e-02
1.0456e-01
1.1525e-01
1.2729e-01
1.3928e-01
1.4930e-01
1.5708e-01
1.6378e-01
1.6881e-01
1.7259e-01
1.7392e-01
1.7278e-01
1.7024e-01
1.6643e-01
1.6083e-01
1.5239e-01
1.4174e-01
1.2871e-01
1.1426e-01
9.9356e-02
8.5468e-02
7.1841e-02
5.7603e-02
4.1689e-02
2.2889e-02
2.3541e-03
-2.0343e-02
-4.3548e-02
-6.6522e-02
-9.0137e-02
-1.1149e-01
-1.3201e-01
-1.4889e-01
-1.6522e-01
-1.8109e-01
-1.9531e-01
-2.0830e-01
-2.2053e-01
-2.3279e-01
-2.4214e-01
-2.4569e-01
-2.4689e-01
-2.4669e-01
-2.4274e-01
-2.3318e-01
-2.1999e-01
-2.0522e-01
-1.8948e-01
-1.7080e-01
-1.5410e-01
-1.3863e-01
-1.2596e-01
-1.1648e-01
-1.1204e-01
-1.1191e-01
-1.1516e-01
-1.2300e-01
-1.3428e-01
-1.4882e-01
-1.6448e-01
-1.8089e-01
-1.9600e-01
-2.0866e-01
-2.1881e-01
-2.2727e-01
-2.3420e-01
-2.3849e-01
-2.4043e-01
-2.3885e-01
-2.3323e-01
-2.2398e-01
-2.1245e-01
-2.0123e-01
-1.8892e-01
-1.7676e-01
-1.6543e-01
-1.5393e-01
-1.4223e-01
-1.3024e-01
-1.1864e-01
-1.0900e-01
-1.0055e-01
-9.3588e-02
-8.8373e-02
-8.4105e-02
-8.0263e-02
-7.6164e-02
-7.1931e-02
-6.7933e-02
-6.3806e-02
-5.8889e-02
-5.3096e-02
-4.6702e-02
-3.9636e-02
-3.2412e-02
-2.4781e-02
-1.5731e-02
-4.5758e-03
7.2283e-03
1.8800e-02
2.8640e-02
3.5304e-02
3.8760e-02
4.0956e-02
4.2588e-02
4.3718e-02
4.4899e-02
4.6119e-02
4.5645e-02
4.4560e-02
4.3653e-02
4.2364e-02
4.0306e-02
3.8768e-02
3.8346e-02
3.8727e-02
4.0388e-02
4.5167e-02
5.0415e-02
5.4458e-02
5.8981e-02
6.1739e-02
6.2857e-02
6.2588e-02
5.9926e-02
5.4849e-02
4.7243e-02
3.5961e-02
2.2415e-02
8.2762e-03
-2.3146e-03
-9.1704e-03
-1.3881e-02
-1.6172e-02
-1.7008e-02
-1.6355e-02
-1.5336e-02
-1.5436e-02
-1.5447e-02
-1.4225e-02
-1.1826e-02
-8.9728e-03
-8.4135e-03
-1.0535e-02
-1.4051e-02
-1.8510e-02
-2.3711e-02
-3.0005e-02
-3.6894e-02
-4.3520e-02
-4.7381e-02
-4.7712e-02
-4.5543e-02
-4.0242e-02
-3.2526e-02
-2.3961e-02
-1.6022e-02
-1.0467e-02
-6.4321e-03
-3.6940e-03
-1.8335e-03
4.0156e-04
2.7261e-03
4.8204e-03
6.9223e-03
8.3505e-03
8.2603e-03
7.6228e-03
6.9567e-03
6.6063e-03
6.2026e-03
5.9272e-03
6.4841e-03
8.0507e-03
8.6994e-03
7.3423e-03
4.9196e-03
2.0407e-03
-1.4198e-03
-5.2461e-03
-8.2108e-03
-9.5093e-03
-9.6197e-03
-8.8497e-03
-7.4579e-03
-5.7377e-03
-2.6838e-03
9.8956e-04
3.5175e-03
5.0688e-03
5.6234e-03
5.0773e-03
4.6130e-03
3.5622e-03
1.1010e-03
-2.5912e-03
-7.9067e-03
-1.4598e-02
-2.1999e-02
-2.9683e-02
-3.7851e-02
-4.6572e-02
-5.4902e-02
-6.2457e-02
-6.9124e-02
-7.4950e-02
-7.9472e-02
-8.2451e-02
-8.4147e-02
-8.4833e-02
-8.4583e-02
-8.4076e-02
-8.3190e-02
-8.2018e-02
-8.2606e-02
-8.3018e-02
-8.2024e-02
-8.1567e-02
-8.1317e-02
-7.8993e-02
-7.4223e-02
-6.9653e-02
-6.7134e-02
-6.5422e-02
-6.3985e-02
-6.2751e-02
-6.2340e-02
-6.1616e-02
-5.9630e-02
-5.6486e-02
-5.1954e-02
-4.5968e-02
-3.9387e-02
-3.2231e-02
-2.3877e-02
-1.5025e-02
-6.9358e-03
6.1237e-04
7.6081e-03
1.3773e-02
1.8523e-02
2.2151e-02
2.6841e-02
3.1300e-02
3.5969e-02
4.1733e-02
4.8275e-02
5.4113e-02
5.9159e-02
6.3274e-02
6.7886e-02
7.2588e-02
7.6772e-02
8.1035e-02
8.5585e-02
9.0215e-02
9.4441e-02
9.8407e-02
1.0230e-01
1.0589e-01
1.0826e-01
1.0961e-01
1.1050e-01
1.1185e-01
1.1390e-01
1.1567e-01
1.1667e-01
1.1739e-01
1.1917e-01
1.2151e-01
1.2277e-01
1.2318e-01
1.2410e-01
1.2471e-01
1.2411e-01
1.2296e-01
1.2165e-01
1.1894e-01
1.1413e-01
1.0790e-01
9.9792e-02
9.0610e-02
8.1499e-02
7.1415e-02
5.9829e-02
4.7620e-02
3.5710e-02
2.4750e-02
1.4687e-02
5.7417e-03
-1.4076e-03
-6.9371e-03
-1.0775e-02
-1.2825e-02
-1.4554e-02
-1.6596e-02
-1.7470e-02
-1.7616e-02
-1.8054e-02
-1.9619e-02
-2.1584e-02
-2.4463e-02
-2.8309e-02
-3.1019e-02
-3.4432e-02
-3.8526e-02
-4.2210e-02
-4.6818e-02
-5.0874e-02
-5.3977e-02
-5.5834e-02
-5.5374e-02
-5.4281e-02
-5.3590e-02
-5.2663e-02
-5.1374e-02
-4.9352e-02
-4.6144e-02
-4.1401e-02
-3.5952e-02
-2.9920e-02
-2.3750e-02
-1.7986e-02
-1.3046e-02
-9.5183e-03
-6.1318e-03
-4.4062e-03
-3.8628e-03
-4.9286e-03
-7.7732e-03
-1.1800e-02
-1.7068e-02
-2.2476e-02
-2.9154e-02
-3.6963e-02
-4.4944e-02
-5.1319e-02
-5.7095e-02
-6.2104e-02
-6.6508e-02
-7.0992e-02
-7.5876e-02
-8.1270e-02
-8.5920e-02
-9.0121e-02
-9.3983e-02
-9.8738e-02
-1.0374e-01
-1.0757e-01
-1.0922e-01
-1.0976e-01
-1.1005e-01
-1.1050e-01
-1.1103e-01
-1.1078e-01
-1.0910e-01
-1.0441e-01
-9.7090e-02
-8.8681e-02
-8.0081e-02
-7.1206e-02
-6.0427e-02
-4.9120e-02
-3.8071e-02
-2.7138e-02
-1.7422e-02
-7.8721e-03
1.7514e-03
1.0514e-02
1.9018e-02
2.5978e-02
3.1506e-02
3.6013e-02
3.9560e-02
4.4281e-02
4.9648e-02
5.4828e-02
5.7782e-02
5.9166e-02
5.9876e-02
6.0795e-02
6.2319e-02
6.4068e-02
6.4644e-02
6.4798e-02
6.5836e-02
6.7245e-02
6.8640e-02
6.9391e-02
6.9926e-02
7.0061e-02
6.9715e-02
6.9450e-02
6.9554e-02
6.9511e-02
6.9507e-02
7.0442e-02
7.1960e-02
7.2615e-02
7.2874e-02
7.3596e-02
7.4193e-02
7.3935e-02
7.2716e-02
6.9933e-02
6.6357e-02
6.3042e-02
6.0022e-02
5.6726e-02
5.4296e-02
5.3334e-02
5.2684e-02
5.1844e-02
5.1578e-02
5.1045e-02
4.9352e-02
4.6627e-02
4.4507e-02
4.2820e-02
4.1085e-02
3.9070e-02
3.5896e-02
3.2700e-02
2.9618e-02
2.6303e-02
2.3949e-02
2.2457e-02
2.1805e-02
2.1761e-02
2.0763e-02
1.9592e-02
2.0074e-02
2.1092e-02
2.1081e-02
2.0876e-02
2.0945e-02
2.0724e-02
1.9839e-02
1.9155e-02
1.9508e-02
1.9804e-02
1.9196e-02
1.7822e-02
1.6187e-02
1.4932e-02
1.4433e-02
1.3273e-02
1.0084e-02
5.7628e-03
1.3969e-03
-2.8916e-03
-6.4941e-03
-9.3300e-03
-1.2986e-02
-1.7241e-02
-2.1646e-02
-2.5188e-02
-2.8010e-02
-3.0845e-02
-3.2870e-02
-3.4244e-02
-3.5000e-02
-3.5200e-02
-3.4878e-02
-3.3523e-02
-3.2073e-02
-3.1381e-02
-3.0916e-02
-3.0120e-02
-2.9596e-02
-2.9800e-02
-3.0242e-02
-2.9424e-02
-2.7242e-02
-2.5474e-02
-2.3749e-02
-2.1550e-02
-1.8358e-02
-1.3875e-02
-8.9874e-03
-4.4011e-03
-7.1888e-04
3.2622e-03
7.4971e-03
1.1168e-02
1.3533e-02
1.4439e-02
1.5113e-02
1.5710e-02
1.5808e-02
1.5414e-02
1.4349e-02
1.2549e-02
1.0006e-02
8.0930e-03
5.9438e-03
3.2750e-03
5.5333e-04
-2.5118e-03
-5.5295e-03
-8.3292e-03
-1.1092e-02
-1.4325e-02
-1.8498e-02
-2.2600e-02
-2.5857e-02
-2.8173e-02
-2.9977e-02
-3.0812e-02
-3.0875e-02
-3.0406e-02
-3.0187e-02
-3.0604e-02
-3.0846e-02
-3.0279e-02
-2.9813e-02
-2.9397e-02
-2.8990e-02
-2.8363e-02
-2.8476e-02
-2.8740e-02
-2.8322e-02
-2.8056e-02
-2.7864e-02
-2.7745e-02
-2.8204e-02
-3.0025e-02
-3.3366e-02
-3.7147e-02
-4.1929e-02
-4.8069e-02
-5.4299e-02
-6.1067e-02
-6.7715e-02
-7.4315e-02
-8.0204e-02
-8.5067e-02
-8.8472e-02
-9.0517e-02
-9.0787e-02
-8.9951e-02
-8.7741e-02
-8.4679e-02
-8.0012e-02
-7.3506e-02
-6.6266e-02
-5.9020e-02
-5.1450e-02
-4.4420e-02
-3.7780e-02
-3.1652e-02
-2.6213e-02
-2.0808e-02
-1.6371e-02
-1.2991e-02
-9.9264e-03
-6.3399e-03
-2.0056e-03
2.7047e-03
7.7473e-03
1.3062e-02
1.8890e-02
2.4255e-02
2.8833e-02
3.3342e-02
3.7219e-02
4.0207e-02
4.3171e-02
4.5335e-02
4.6672e-02
4.7261e-02
4.7402e-02
4.8530e-02
5.0071e-02
5.1259e-02
5.1702e-02
5.1286e-02
5.1470e-02
5.2262e-02
5.2826e-02
5.3077e-02
5.2348e-02
4.9909e-02
4.7629e-02
4.4600e-02
4.0268e-02
3.5700e-02
3.1335e-02
2.7803e-02
2.5789e-02
2.4588e-02
2.3221e-02
2.2211e-02
2.1822e-02
2.2156e-02
2.2809e-02
2.4289e-02
2.5652e-02
2.6665e-02
2.7217e-02
2.7029e-02
2.7257e-02
2.7439e-02
2.6634e-02
2.6362e-02
2.6450e-02
2.6456e-02
2.6473e-02
2.6450e-02
2.5299e-02
2.3261e-02
2.1769e-02
2.0802e-02
1.8456e-02
1.5712e-02
1.3937e-02
1.1872e-02
9.3021e-03
6.5736e-03
4.0630e-03
5.3311e-04
-3.4939e-03
-6.8866e-03
-9.5676e-03
-1.2124e-02
-1.3911e-02
-1.4553e-02
-1.5051e-02
-1.6078e-02
-1.7866e-02
-1.8490e-02
-1.8161e-02
-1.8019e-02
-1.7627e-02
-1.7472e-02
-1.7590e-02
-1.8889e-02
-2.0350e-02
-2.1910e-02
-2.2954e-02
-2.3418e-02
-2.4670e-02
-2.6580e-02
-2.7513e-02
-2.7725e-02
-2.8039e-02
-2.9044e-02
-2.9469e-02
-2.8386e-02
-2.7898e-02
-2.7265e-02
-2.5901e-02
-2.4354e-02
-2.2016e-02
-1.8612e-02
-1.5259e-02
-1.1677e-02
-8.3363e-03
-4.2012e-03
4.1671e-04
4.9119e-03
9.9614e-03
1.5688e-02
2.1010e-02
2.5665e-02
2.9383e-02
3.2085e-02
3.4792e-02
3.7671e-02
3.8702e-02
3.9689e-02
4.1208e-02
4.2450e-02
4.3771e-02
4.5292e-02
4.6687e-02
4.7228e-02
4.7211e-02
4.7151e-02
4.7061e-02
4.7467e-02
4.6717e-02
4.5190e-02
4.4299e-02
4.2746e-02
4.1148e-02
3.8887e-02
3.6651e-02
3.5402e-02
3.4483e-02
3.3623e-02
3.1836e-02
2.8711e-02
2.6633e-02
2.3988e-02
2.1653e-02
1.9771e-02
1.8050e-02
1.6873e-02
1.6080e-02
1.4922e-02
1.2806e-02
1.0854e-02
9.5912e-03
8.7845e-03
7.7216e-03
7.8320e-03
7.4101e-03
5.8215e-03
3.8685e-03
2.1131e-03
2.8920e-04
-1.3530e-03
-2.8698e-03
-5.5745e-03
-7.6203e-03
-8.6775e-03
-8.4716e-03
-7.7655e-03
-8.8193e-03
-1.0096e-02
-1.1026e-02
-1.0632e-02
-9.9515e-03
-9.7244e-03
-1.0349e-02
-1.1039e-02
-1.0857e-02
-1.0392e-02
-9.8450e-03
-9.6829e-03
-1.0413e-02
-9.9760e-03
-9.7867e-03
-1.1060e-02
-1.1730e-02
-1.2600e-02
-1.3443e-02
-1.4261e-02
-1.5350e-02
-1.5692e-02
-1.6263e-02
-1.7758e-02
-1.8232e-02
-1.6957e-02
-1.4929e-02
-1.2936e-02
-1.1228e-02
-9.3630e-03
-7.1798e-03
-5.4521e-03
-4.1541e-03
-4.1029e-03
-4.8205e-03
-4.2436e-03
-3.4837e-03
-3.3136e-03
-3.0277e-03
-1.6725e-03
8.9938e-05
1.8717e-03
3.0366e-03
3.1013e-03
3.2725e-03
3.6442e-03
4.4169e-03
5.1777e-03
5.5139e-03
6.3481e-03
6.7590e-03
6.5949e-03
6.3648e-03
5.9805e-03
5.8446e-03
6.4215e-03
6.5606e-03
5.8924e-03
5.1316e-03
5.0706e-03
5.6169e-03
5.9036e-03
6.0604e-03
6.0345e-03
6.0983e-03
6.6041e-03
7.1565e-03
7.3833e-03
7.4776e-03
8.3467e-03
9.0874e-03
9.6158e-03
9.9595e-03
9.8602e-03
1.0024e-02
1.0818e-02
1.1814e-02
1.2795e-02
1.3193e-02
1.3303e-02
1.2843e-02
1.2121e-02
1.1588e-02
1.1660e-02
1.2162e-02
1.2838e-02
1.3236e-02
1.3576e-02
1.3751e-02
1.3406e-02
1.3404e-02
1.4026e-02
1.5538e-02
1.7358e-02
1.8867e-02
1.9801e-02
2.0201e-02
2.0355e-02
2.0522e-02
2.0730e-02
2.1307e-02
2.1809e-02
2.1588e-02
2.0376e-02
1.8860e-02
1.7885e-02
1.6872e-02
1.4812e-02
1.1451e-02
8.6023e-03
7.4878e-03
6.5989e-03
4.5741e-03
2.4025e-03
6.4419e-04
-1.3195e-03
-3.2163e-03
-3.8642e-03
-5.0456e-03
-8.0693e-03
-1.1123e-02
-1.3521e-02
-1.5558e-02
-1.7689e-02
-2.0516e-02
-2.4232e-02
-2.7311e-02
-3.0248e-02
-3.2957e-02
-3.5038e-02
-3.7770e-02
-4.0675e-02
-4.3246e-02
-4.4742e-02
-4.6228e-02
-4.7983e-02
-4.9922e-02
-5.1389e-02
-5.2040e-02
-5.2531e-02
-5.3354e-02
-5.3821e-02
-5.3439e-02
-5.2379e-02
-4.9835e-02
-4.5838e-02
-4.1671e-02
-3.7338e-02
-3.3167e-02
-2.8613e-02
-2.3318e-02
-1.7894e-02
-1.2777e-02
-7.4234e-03
-2.4286e-03
2.3798e-03
7.3891e-03
1.2727e-02
1.7408e-02
2.1310e-02
2.4085e-02
2.7028e-02
2.9980e-02
3.2026e-02
3.2884e-02
3.3265e-02
3.4421e-02
3.5129e-02
3.5159e-02
3.4948e-02
3.3607e-02
3.2417e-02
3.1562e-02
3.0462e-02
2.8938e-02
2.7856e-02
2.6240e-02
2.3997e-02
2.1127e-02
1.8281e-02
1.5626e-02
1.2459e-02
9.1502e-03
6.0363e-03
3.4074e-03
4.9661e-04
-2.5458e-03
-5.4451e-03
-8.1413e-03
-1.0688e-02
-1.2303e-02
-1.2194e-02
-1.4292e-02
-1.7924e-02
-2.0225e-02
-2.1292e-02
-2.2550e-02
-2.4450e-02
-2.6138e-02
-2.6383e-02
-2.6836e-02
-2.7507e-02
-2.8013e-02
-2.8897e-02
-2.9763e-02
-2.9585e-02
-2.9084e-02
-2.9059e-02
-2.8876e-02
-2.8983e-02
-2.8979e-02
-2.8329e-02
-2.6956e-02
-2.5547e-02
-2.4742e-02
-2.4966e-02
-2.5228e-02
-2.4863e-02
-2.3770e-02
-2.2354e-02
-2.1705e-02
-2.1464e-02
-2.0765e-02
-1.9668e-02
-1.8031e-02
-1.5796e-02
-1.4434e-02
-1.3813e-02
-1.2738e-02
-1.1511e-02
-9.7671e-03
-7.2708e-03
-4.7401e-03
-2.9833e-03
-2.5041e-03
-1.5000e-03
-4.8647e-04
6.2730e-04
1.1914e-03
1.1033e-03
1.2100e-03
1.3279e-03
1.1013e-03
8.9174e-04
7.2264e-04
9.6958e-06
-1.2316e-03
-2.3155e-03
-2.5622e-03
-2.8305e-03
-4.6416e-03
-6.9576e-03
-7.9207e-03
-8.0559e-03
-8.5761e-03
-9.6436e-03
-1.0316e-02
-1.0671e-02
-1.1119e-02
-1.2025e-02
-1.2703e-02
-1.2944e-02
-1.3007e-02
-1.3323e-02
-1.3509e-02
-1.3184e-02
-1.2604e-02
-1.2811e-02
-1.2990e-02
-1.2707e-02
-1.2189e-02
-1.1947e-02
-1.1506e-02
-9.8823e-03
-8.1404e-03
-7.4237e-03
-7.4179e-03
-7.5343e-03
-7.8330e-03
-8.6931e-03
-9.4199e-03
-9.9598e-03
-1.0547e-02
-1.1147e-02
-1.1403e-02
-1.1170e-02
-1.1193e-02
-1.1455e-02
-1.1222e-02
-1.0692e-02
-9.7663e-03
-8.1460e-03
-5.8297e-03
-2.4357e-03
1.4223e-03
5.0179e-03
8.8259e-03
1.1937e-02
1.4395e-02
1.6494e-02
1.9255e-02
2.2790e-02
2.5793e-02
2.7630e-02
2.8864e-02
3.0509e-02
3.2567e-02
3.4718e-02
3.6134e-02
3.6455e-02
3.6287e-02
3.6991e-02
3.8967e-02
4.0607e-02
4.0877e-02
4.0393e-02
3.9324e-02
3.7949e-02
3.6588e-02
3.4371e-02
3.1713e-02
2.9286e-02
2.6747e-02
2.4594e-02
2.2515e-02
2.0444e-02
1.8969e-02
1.7618e-02
1.5728e-02
1.3488e-02
1.1765e-02
1.1147e-02
1.1323e-02
1.0285e-02
9.6754e-03
1.1086e-02
1.2510e-02
1.2614e-02
1.2216e-02
1.3473e-02
1.5421e-02
1.5838e-02
1.5521e-02
1.4754e-02
1.3211e-02
1.1735e-02
1.1125e-02
1.0471e-02
9.7618e-03
9.2914e-03
8.6278e-03
7.8401e-03
7.0790e-03
6.7152e-03
6.4784e-03
6.1452e-03
6.2855e-03
7.1134e-03
7.9282e-03
8.3453e-03
8.7937e-03
9.4719e-03
9.6403e-03
9.1400e-03
8.6056e-03
8.2482e-03
8.2286e-03
8.0819e-03
8.0197e-03
7.7418e-03
7.2698e-03
7.1176e-03
7.3830e-03
7.6222e-03
8.0684e-03
8.9355e-03
9.4824e-03
9.2292e-03
8.3345e-03
7.8279e-03
7.9726e-03
8.1250e-03
7.1464e-03
6.0326e-03
5.9802e-03
6.2720e-03
6.0509e-03
4.9842e-03
3.8423e-03
3.6385e-03
3.7899e-03
3.6829e-03
3.3306e-03
2.8817e-03
2.1288e-03
1.1258e-03
3.0238e-04
-8.6116e-04
-2.7585e-03
-5.0698e-03
-6.5122e-03
-7.8928e-03
-9.4154e-03
-1.0354e-02
-1.1573e-02
-1.3018e-02
-1.4417e-02
-1.5046e-02
-1.5006e-02
-1.5257e-02
-1.6177e-02
-1.6930e-02
-1.7743e-02
-1.7968e-02
-1.7319e-02
-1.6881e-02
-1.6809e-02
-1.6707e-02
-1.6673e-02
-1.7000e-02
-1.7383e-02
-1.7251e-02
-1.6842e-02
-1.6390e-02
-1.6216e-02
-1.6858e-02
-1.7666e-02
-1.7514e-02
-1.7440e-02
-1.8171e-02
-1.8927e-02
-1.9250e-02
-1.9469e-02
-1.9989e-02
-2.0471e-02
-2.0606e-02
-2.0381e-02
-1.9938e-02
-1.9540e-02
-1.8842e-02
-1.8059e-02
-1.7520e-02
-1.6814e-02
-1.5789e-02
-1.4734e-02
-1.3665e-02
-1.3041e-02
-1.2809e-02
-1.2025e-02
-1.1093e-02
-1.0396e-02
-9.9391e-03
-9.1105e-03
-8.3121e-03
-7.7489e-03
-7.3373e-03
-6.9520e-03
-5.8249e-03
-4.6199e-03
-3.2667e-03
-1.7296e-03
-9.9042e-05
1.2155e-03
2.8734e-03
4.7011e-03
5.8742e-03
6.5284e-03
7.3400e-03
8.2690e-03
8.6201e-03
8.9339e-03
9.1526e-03
9.6760e-03
1.0345e-02
1.0663e-02
1.0635e-02
1.0043e-02
9.1998e-03
7.8741e-03
6.8808e-03
5.5657e-03
3.2391e-03
2.0752e-05
-3.1295e-03
-5.4453e-03
-7.7225e-03
-9.9103e-03
-1.2348e-02
-1.4859e-02
-1.7172e-02
-1.9703e-02
-2.2248e-02
-2.4349e-02
-2.6338e-02
-2.8048e-02
-2.9133e-02
-2.9565e-02
-2.9858e-02
-3.0103e-02
-2.9948e-02
-2.9773e-02
-2.9476e-02
-2.8371e-02
-2.7280e-02
-3.1671e-02
-3.0347e-02
-2.8767e-02
-2.6978e-02
-2.5402e-02
-2.4436e-02
-2.3478e-02
-2.2038e-02
-1.9914e-02
-1.8185e-02
-1.6585e-02
-1.5038e-02
-1.2812e-02
-1.1018e-02
-9.7799e-03
-8.0961e-03
-5.9050e-03
-4.6689e-03
-3.4240e-03
-2.7007e-03
-1.8316e-03
-9.4775e-04
1.7366e-04
1.2273e-03
2.2258e-03
2.6931e-03
2.6271e-03
2.8757e-03
2.9918e-03
2.7971e-03
3.4477e-03
4.4363e-03
4.8655e-03
5.1734e-03
5.6540e-03
6.3413e-03
7.1089e-03
8.5681e-03
9.8457e-03
1.1057e-02
1.1840e-02
1.2626e-02
1.3419e-02
1.4901e-02
1.6205e-02
1.7034e-02
1.7452e-02
1.7438e-02
1.7445e-02
1.7655e-02
1.8054e-02
1.8381e-02
1.8311e-02
1.8098e-02
1.7710e-02
1.7410e-02
1.7418e-02
1.7145e-02
1.6684e-02
1.6246e-02
1.5943e-02
1.5705e-02
1.4973e-02
1.4121e-02
1.3911e-02
1.4047e-02
1.4141e-02
1.4156e-02
1.3641e-02
1.3123e-02
1.2985e-02
1.3147e-02
1.3846e-02
1.4635e-02
1.4936e-02
1.4903e-02
1.4832e-02
1.4779e-02
1.4952e-02
1.5234e-02
1.5534e-02
1.5769e-02
1.5554e-02
1.4878e-02
1.3993e-02
1.3442e-02
1.3441e-02
1.3222e-02
1.2784e-02
1.2711e-02
1.3094e-02
1.3392e-02
1.3303e-02
1.3038e-02
1.2778e-02
1.2575e-02
1.2361e-02
1.2125e-02
1.1989e-02
1.2079e-02
1.1791e-02
1.1326e-02
1.0799e-02
1.0102e-02
9.6317e-03
9.1084e-03
8.3359e-03
7.5650e-03
6.8869e-03
6.1578e-03
5.3617e-03
4.4163e-03
3.4758e-03
2.6457e-03
1.8352e-03
1.0231e-03
3.7551e-04
-1.8671e-04
-6.9825e-04
-1.1320e-03
-1.4771e-03
-1.7447e-03
-1.9575e-03
-2.0500e-03
-2.1272e-03
-2.3422e-03
-2.5662e-03
-2.6032e-03
-2.5636e-03
-2.5464e-03
-2.5190e-03
-2.5255e-03
-2.4729e-03
-2.4079e-03
-2.3337e-03
-2.2576e-03
-2.2487e-03
-2.2317e-03
-2.1907e-03
-2.1139e-03
-2.1231e-03
-2.2035e-03
-2.2671e-03
-2.3451e-03
-2.4355e-03
-2.5508e-03
-2.6807e-03
-2.8044e-03
-2.9520e-03
-3.1048e-03
-3.2655e-03
-3.4329e-03
-3.6003e-03
-3.7766e-03
-3.9596e-03
-4.1395e-03
-4.3108e-03
-4.4761e-03
-4.6387e-03
-4.7978e-03
-4.9555e-03
-5.1080e-03
-5.2555e-03
-5.3999e-03
-5.5394e-03
-5.6745e-03
-5.8050e-03
-5.9314e-03
-6.0538e-03
-6.1724e-03
-6.2871e-03
-6.3980e-03
-6.5054e-03
-6.6092e-03
-6.7094e-03
-6.8060e-03
-6.8990e-03
-6.9883e-03
-7.0738e-03
-7.1554e-03
