2.0664e-03
2.1605e-03
2.2502e-03
2.3456e-03
2.3681e-03
2.2665e-03
2.1947e-03
2.2799e-03
2.3393e-03
2.1762e-03
1.6910e-03
1.5538e-03
2.3098e-03
3.3324e-03
3.9835e-03
2.8912e-03
2.8301e-04
-1.0643e-03
1.0136e-03
9.6765e-04
-4.1721e-04
1.9338e-04
1.7759e-03
4.3997e-03
2.2863e-03
-1.6309e-03
-2.1008e-03
-6.8165e-04
9.7727e-04
2.6956e-03
4.0212e-03
4.7282e-03
4.3587e-03
2.2980e-03
-1.1878e-04
-1.0287e-03
-1.1748e-03
3.2015e-05
1.3743e-03
-1.2270e-03
-6.3329e-03
-1.3190e-03
5.4322e-03
8.2043e-03
6.8733e-03
-8.2037e-04
-9.2468e-03
-1.1638e-02
-7.3167e-03
1.7964e-04
5.9736e-03
6.2145e-04
-3.9518e-03
-5.3520e-03
-1.2445e-02
-1.8336e-03
5.8506e-03
-2.0050e-03
-1.3086e-02
-1.9581e-02
-1.3003e-02
-5.7412e-03
-4.2931e-03
-6.4035e-03
-1.0438e-02
-1.3980e-02
-1.1933e-02
-7.3308e-03
-8.1553e-03
-1.3081e-02
-4.7542e-03
1.8967e-02
3.7536e-02
2.8696e-02
1.4195e-02
2.1748e-02
4.2432e-02
4.1569e-02
2.5462e-02
4.8456e-03
-1.7921e-02
-3.0944e-02
-2.9593e-02
-3.3973e-02
-4.5499e-02
-5.2362e-02
-5.0138e-02
-2.4258e-02
2.3514e-03
-3.2020e-03
-3.7775e-02
-4.4598e-02
-2.8604e-02
-8.6714e-03
3.3485e-03
-6.4414e-03
-2.5234e-02
-4.1538e-02
-4.4834e-02
-3.2605e-02
-1.1184e-02
2.4832e-02
6.7209e-02
9.8333e-02
1.1055e-01
1.0971e-01
8.7293e-02
4.9387e-02
1.9577e-02
1.2650e-02
1.7834e-02
2.2655e-02
1.7564e-02
-4.3088e-03
-2.6438e-02
-2.8045e-02
-1.3901e-02
6.7706e-03
2.9565e-02
4.0127e-02
2.1900e-02
7.8998e-03
3.0830e-02
5.4707e-02
4.0802e-02
2.2141e-02
2.2821e-02
2.1013e-02
-8.5484e-03
-5.1183e-02
-7.4263e-02
-7.2877e-02
-6.3534e-02
-6.3888e-02
-7.3662e-02
-9.4150e-02
-1.2106e-01
-1.3484e-01
-8.6974e-02
2.7282e-03
6.6434e-02
6.6475e-02
5.8291e-02
6.2093e-02
5.9320e-02
4.4496e-02
2.2697e-02
9.6314e-03
1.4114e-02
1.7337e-02
-4.3584e-03
-7.1481e-03
5.3035e-03
1.8251e-04
-3.1545e-02
-6.4890e-02
-6.3225e-02
-3.9575e-02
-1.1659e-02
9.7943e-03
1.2126e-02
4.6486e-03
-1.8203e-03
-9.2310e-03
-2.2086e-02
-4.0728e-02
-3.7203e-02
-6.5139e-03
3.3968e-02
6.8929e-02
7.9378e-02
6.8282e-02
5.2091e-02
4.1373e-02
4.6360e-02
5.1173e-02
4.4415e-02
2.9883e-02
1.3612e-02
-2.8358e-03
-1.8867e-02
-3.2046e-02
-3.9461e-02
-4.2844e-02
-3.9491e-02
-3.1196e-02
-2.1114e-02
-7.5277e-03
1.0643e-02
1.8654e-02
1.1909e-02
4.8613e-03
1.0715e-02
2.1214e-02
2.3977e-02
1.6499e-02
5.5749e-03
-5.8497e-03
-1.9811e-02
-3.3667e-02
-4.4445e-02
-5.5155e-02
-6.1887e-02
-5.1272e-02
-2.6568e-02
-9.4123e-03
-2.2791e-03
-4.2990e-03
-5.7951e-03
1.5338e-03
8.7584e-03
2.0994e-02
3.0214e-02
3.0942e-02
3.5380e-02
4.0393e-02
3.8433e-02
3.3885e-02
3.4735e-02
3.6333e-02
3.1142e-02
2.0904e-02
9.6814e-03
-1.5163e-03
-9.9247e-03
-1.5086e-02
-2.3296e-02
-3.3061e-02
-2.7839e-02
-2.3284e-02
-2.1889e-02
-1.6865e-02
-7.0687e-03
7.6411e-03
1.0558e-02
8.2199e-03
9.2058e-03
6.1951e-03
5.1341e-03
5.1091e-03
6.1928e-03
1.3048e-02
2.5826e-02
2.1169e-02
2.6609e-03
-7.4660e-03
-5.2924e-03
-1.4509e-02
-2.4562e-02
-2.4106e-02
-2.3708e-02
-2.9115e-02
-3.7730e-02
-3.9529e-02
-3.1958e-02
-2.0077e-02
-1.5394e-02
-1.1107e-02
-3.9657e-03
4.1217e-03
1.2369e-02
2.0668e-02
2.6511e-02
2.6326e-02
1.9294e-02
1.3319e-02
1.5138e-02
1.5863e-02
1.0744e-02
8.4185e-03
7.8333e-03
5.2115e-03
1.9700e-03
1.3363e-03
4.1073e-03
8.3592e-03
1.3034e-02
1.6969e-02
1.7705e-02
1.4884e-02
1.0146e-02
5.1611e-03
2.2492e-03
3.9359e-03
5.1403e-03
-3.7653e-04
-8.3302e-03
-1.0974e-02
-1.5851e-02
-2.4410e-02
-3.2752e-02
-3.8027e-02
-3.6741e-02
-3.4142e-02
-2.9389e-02
-1.6459e-02
1.8474e-03
2.9819e-03
-5.2504e-03
-6.9089e-03
-2.6557e-04
7.4020e-03
5.7134e-03
1.4897e-04
-7.3112e-04
7.4368e-03
1.9675e-02
2.9273e-02
2.9201e-02
2.2828e-02
2.1430e-02
2.1823e-02
1.8574e-02
1.5391e-02
1.4749e-02
1.2074e-02
7.5376e-03
2.1078e-03
-3.5015e-03
-5.4838e-03
-5.0575e-04
5.5169e-04
-5.1000e-03
-9.4462e-03
-9.7206e-03
-1.1417e-02
-1.5708e-02
-1.6737e-02
-1.1669e-02
-5.2066e-03
-5.1008e-03
-8.5500e-03
-9.8416e-03
-5.7016e-03
-4.4438e-03
-2.7983e-03
2.1846e-03
6.1946e-03
4.3839e-03
5.5322e-04
3.7293e-04
2.9719e-03
4.2120e-03
4.1252e-03
4.0593e-03
3.6931e-03
2.9106e-03
1.6929e-03
9.4636e-04
1.6378e-03
3.0163e-03
2.8110e-03
5.9917e-04
-4.3730e-03
-8.3337e-03
-8.3776e-03
-7.1637e-03
-6.4373e-03
-4.8327e-03
3.2950e-04
7.3631e-03
7.8712e-03
4.9132e-03
4.8604e-03
8.4984e-03
1.1800e-02
9.0094e-03
4.0770e-03
2.5000e-03
4.4162e-03
2.7297e-03
-9.4507e-04
-2.1510e-03
-1.8858e-03
-3.4317e-03
-6.1403e-03
-7.6817e-03
-8.4551e-03
-9.4709e-03
-1.1266e-02
-1.0678e-02
-3.4283e-03
4.9519e-03
3.9129e-03
-2.0771e-03
-7.6117e-03
-9.3328e-03
-6.4007e-03
-1.9326e-03
2.2753e-03
5.0588e-03
5.6290e-03
4.1878e-03
1.5037e-03
3.3692e-03
6.6667e-03
5.5746e-03
2.2750e-03
-1.0224e-04
1.0672e-03
3.6049e-03
3.1762e-03
1.0255e-03
-8.5885e-04
-9.7152e-04
9.4743e-04
3.5875e-03
6.5057e-03
9.1885e-03
9.4921e-03
6.3626e-03
1.9252e-03
-2.3161e-03
-6.5474e-03
-1.0217e-02
-1.0908e-02
-4.7864e-03
-1.1777e-04
5.6220e-04
7.4710e-04
1.0732e-03
2.6751e-04
-3.8356e-03
-6.8749e-03
-3.9732e-03
9.9259e-04
3.5183e-03
3.8260e-03
3.4608e-03
3.6364e-03
5.4717e-03
8.0460e-03
9.2119e-03
7.5764e-03
4.6413e-03
1.8780e-03
3.7435e-04
2.9795e-04
-4.0679e-04
-3.9772e-03
-7.8975e-03
-1.0076e-02
-1.0681e-02
-1.0528e-02
-9.8280e-03
-8.8089e-03
-7.2056e-03
-3.9645e-03
5.5565e-04
3.5596e-03
3.2461e-04
-7.4473e-03
-9.0862e-03
-6.4175e-03
-2.2935e-03
3.1448e-03
7.2634e-03
7.0091e-03
4.4458e-03
1.5493e-03
-1.9574e-03
-3.7638e-03
-7.9796e-05
6.5081e-03
1.0155e-02
9.3173e-03
6.2084e-03
2.4125e-03
-7.0419e-04
-2.4713e-03
-4.8468e-03
-5.5268e-03
-2.7572e-03
2.4588e-03
6.6510e-03
7.7276e-03
8.0543e-03
9.6959e-03
9.5905e-03
4.2852e-03
-2.3049e-03
-3.8361e-03
-1.7947e-03
-4.9237e-05
-1.2218e-03
-2.3053e-03
-2.9143e-03
-3.9939e-03
-4.6523e-03
-2.4707e-03
-3.1376e-03
-6.8627e-03
-8.6578e-03
-7.1804e-03
-5.2209e-03
-5.0491e-03
-4.1530e-03
-1.0016e-03
-1.4720e-04
-1.7421e-03
-1.0105e-03
3.7117e-03
8.8088e-03
9.8151e-03
7.4383e-03
5.3499e-03
5.6202e-03
4.3572e-03
1.6370e-03
-1.0049e-04
3.8990e-04
2.5612e-03
3.1370e-03
1.4623e-03
-2.7069e-04
-9.2736e-05
2.0028e-03
2.7787e-03
1.6163e-03
1.2949e-04
-7.9137e-04
-2.9421e-03
-5.7110e-03
-7.4535e-03
-7.9102e-03
-7.8131e-03
-7.7527e-03
-8.1471e-03
-8.7146e-03
-7.3647e-03
-1.6101e-03
3.3768e-03
4.2115e-03
2.6695e-03
9.2743e-04
-2.1433e-04
-8.2911e-04
-1.2107e-03
-1.7302e-03
-8.3493e-04
3.5279e-03
7.8330e-03
9.1568e-03
8.8766e-03
6.8649e-03
4.3474e-03
2.7492e-03
2.4289e-03
2.0987e-03
4.8015e-04
-1.3632e-03
-3.0665e-03
-5.2200e-03
-6.5418e-03
-3.3373e-03
7.9280e-04
1.7069e-03
1.3178e-03
8.1931e-04
5.0605e-04
1.8719e-04
-1.8618e-04
-7.4116e-04
-1.1590e-03
-7.0545e-04
7.7615e-04
1.7444e-03
1.5834e-04
-2.5865e-03
-3.5475e-03
-1.8462e-03
1.1066e-03
3.6762e-03
4.1115e-03
1.9315e-03
-2.7292e-04
-1.6149e-04
1.1699e-03
2.5370e-03
4.0262e-03
5.0923e-03
4.9752e-03
4.0150e-03
3.0212e-03
1.9670e-03
9.8974e-04
-6.8263e-05
-1.0774e-03
-2.1357e-03
-3.1127e-03
-4.1282e-03
-5.1806e-03
-6.3697e-03
-7.1494e-03
-6.7753e-03
-5.7773e-03
-4.8343e-03
-3.7893e-03
-2.7219e-03
-1.5411e-03
-4.2700e-04
7.8646e-04
1.9846e-03
3.0930e-03
3.5850e-03
3.7922e-03
3.9302e-03
3.8907e-03
3.0096e-03
1.7642e-03
4.0971e-04
-9.5782e-04
-2.1567e-03
-2.5872e-03
-2.5883e-03
-2.4914e-03
-2.4281e-03
-2.3344e-03
-2.2626e-03
-2.1583e-03
-2.0890e-03
-1.9639e-03
-1.8552e-03
-1.7710e-03
-1.8278e-03
-1.5718e-03
-2.4276e-04
1.9193e-03
4.0837e-03
5.0289e-03
3.1929e-03
6.3319e-04
-6.2415e-04
-6.8446e-04
-5.3467e-04
-4.5035e-04
-5.6952e-04
-3.2329e-04
8.2006e-04
2.4203e-03
1.6835e-03
5.4530e-04
3.1861e-04
4.0220e-04
6.3801e-04
1.0991e-03
1.0327e-03
-7.5953e-04
-3.3937e-03
-1.4910e-03
1.0199e-03
1.5716e-03
1.8061e-03
1.7606e-03
1.4646e-03
6.3030e-04
-2.8435e-04
-8.1302e-04
3.0575e-04
1.6896e-03
1.5740e-03
2.1114e-05
-9.1726e-04
-1.3322e-03
-1.7475e-03
-2.4195e-03
-2.7533e-03
-1.2849e-03
2.5245e-03
7.9355e-03
1.0665e-02
7.2419e-03
5.9190e-03
7.3351e-03
7.8186e-03
6.6687e-03
4.6348e-03
3.4405e-03
3.9702e-03
4.3241e-03
1.4649e-03
-1.9516e-03
-2.0573e-03
4.3710e-04
2.0653e-03
7.8718e-04
-1.7318e-03
-4.1204e-03
-6.6329e-03
-9.2763e-03
-1.1517e-02
-1.1723e-02
-1.0539e-02
-9.0737e-03
-7.6495e-03
-6.2187e-03
-4.7391e-03
-3.2001e-03
-1.6718e-03
-1.5083e-04
1.3612e-03
2.9910e-03
4.8057e-03
6.7802e-03
8.5136e-03
9.1512e-03
8.7271e-03
8.0068e-03
7.2189e-03
6.4058e-03
5.8006e-03
5.4604e-03
4.2587e-03
1.1546e-04
-5.0612e-03
-7.6294e-03
-6.2468e-03
-3.1685e-03
-5.4032e-04
4.3198e-04
-3.8759e-04
-1.6017e-03
-2.9275e-03
-4.0986e-03
-4.9402e-03
-5.1375e-03
-4.9888e-03
-4.3550e-03
-4.4843e-03
-7.4686e-03
-1.2470e-02
-1.2415e-02
-9.0780e-03
-5.4023e-03
-1.4963e-03
1.5064e-03
1.9786e-03
8.3519e-04
-3.4820e-04
-1.5567e-03
-2.7574e-03
-4.3776e-03
-5.6629e-03
-4.9432e-03
-1.4459e-03
1.4073e-03
3.4411e-03
5.4263e-03
6.7892e-03
6.7939e-03
6.1470e-03
5.5381e-03
4.9729e-03
4.2295e-03
2.8133e-03
9.7328e-04
-9.1447e-04
-2.1905e-03
-1.9062e-03
-9.6363e-04
-9.7229e-06
1.0674e-03
2.3555e-03
3.7565e-03
5.2147e-03
6.6696e-03
7.7936e-03
8.1551e-03
8.1272e-03
8.0213e-03
8.1849e-03
8.7272e-03
8.3399e-03
4.1159e-03
-2.5178e-03
-7.3014e-03
-8.0011e-03
-7.0373e-03
-6.0952e-03
-4.8175e-03
-3.1540e-03
-1.1081e-03
1.2620e-03
3.2846e-03
2.6809e-03
-1.0659e-03
-4.2107e-03
-5.2607e-03
-4.9983e-03
-3.9246e-03
-2.7379e-03
-1.4184e-03
-1.0681e-04
1.1212e-03
2.0936e-03
3.0528e-03
3.9965e-03
4.6417e-03
4.3927e-03
2.9776e-03
9.6871e-04
-8.9530e-04
-1.8691e-03
-1.4485e-03
-5.2654e-04
4.2439e-04
9.5034e-04
6.6067e-04
-5.6649e-04
-1.7938e-03
-1.8644e-03
-8.4846e-04
5.1302e-04
2.1059e-03
3.3668e-03
2.7462e-03
-2.7105e-04
-4.2097e-03
-7.5623e-03
-8.3094e-03
-7.0230e-03
-5.2898e-03
-3.6322e-03
-2.1994e-03
-8.8592e-04
2.9868e-04
1.3002e-03
2.3091e-03
3.1542e-03
3.1540e-03
2.1374e-03
6.0858e-04
-1.5953e-03
-4.3176e-03
-7.2025e-03
-9.2775e-03
-8.8470e-03
-7.2613e-03
-5.7062e-03
-4.1125e-03
-2.5183e-03
-9.6598e-04
9.2515e-05
8.2937e-04
1.4724e-03
2.1500e-03
2.7984e-03
3.4021e-03
3.9191e-03
4.4296e-03
4.9260e-03
5.5027e-03
6.0577e-03
6.2820e-03
5.7678e-03
4.9650e-03
4.1442e-03
3.3480e-03
2.5581e-03
1.7709e-03
8.9673e-04
8.3059e-06
-4.9460e-04
-1.5737e-05
9.1866e-04
1.8286e-03
2.4297e-03
2.5670e-03
2.5402e-03
2.5201e-03
2.4961e-03
2.4757e-03
2.4442e-03
2.4209e-03
2.3875e-03
2.3580e-03
2.3336e-03
2.3409e-03
2.2907e-03
2.0102e-03
1.4932e-03
9.1230e-04
3.2261e-04
-2.0647e-04
-7.2830e-04
-1.5304e-03
-3.0301e-03
-4.9192e-03
-6.7101e-03
-7.6354e-03
-7.3093e-03
-6.4965e-03
-5.7270e-03
-5.2895e-03
-5.2660e-03
-5.1950e-03
-4.5885e-03
-3.6810e-03
-2.7686e-03
-1.9843e-03
-1.2421e-03
-5.4098e-04
1.8027e-04
9.2921e-04
1.5277e-03
1.7161e-03
1.6995e-03
1.6896e-03
1.6663e-03
1.6523e-03
1.6160e-03
1.5856e-03
1.5388e-03
1.4995e-03
1.4552e-03
1.4231e-03
1.3507e-03
1.2433e-03
1.2406e-03
1.6816e-03
2.4033e-03
3.1367e-03
3.6464e-03
3.6858e-03
3.6397e-03
3.6931e-03
3.7501e-03
3.7877e-03
3.7559e-03
3.6842e-03
3.6783e-03
3.7883e-03
3.4889e-03
1.7297e-03
-1.0097e-03
-3.7826e-03
-5.8269e-03
-6.0605e-03
-5.5386e-03
-5.0450e-03
-4.5765e-03
-4.1328e-03
-3.6465e-03
-3.2076e-03
-2.9597e-03
-3.0246e-03
-3.1739e-03
-3.3479e-03
-3.4565e-03
-3.1390e-03
-2.0141e-03
-6.7629e-04
5.8681e-04
1.7442e-03
2.2682e-03
1.4056e-03
4.3668e-05
-1.0336e-03
-1.5651e-03
-1.3502e-03
-9.3445e-04
-5.5129e-04
-2.2196e-04
7.8805e-05
3.4184e-04
5.6525e-04
7.2051e-04
8.2693e-04
9.0387e-04
9.7052e-04
1.0188e-03
1.0568e-03
1.0784e-03
1.0883e-03
1.0781e-03
1.0621e-03
1.0577e-03
1.0715e-03
1.0570e-03
1.0060e-03
9.2265e-04
8.0770e-04
6.6554e-04
5.3261e-04
4.2204e-04
3.2651e-04
2.3879e-04
1.5823e-04
8.4821e-05
1.9054e-05
-3.9730e-05
-9.1612e-05
-1.3709e-04
-1.7623e-04
-2.0978e-04
-2.3830e-04
-2.6222e-04
-2.8182e-04
