6.7710e-08
7.6374e-08
6.2222e-08
6.9367e-08
4.7612e-08
6.0845e-08
7.7123e-08
7.2105e-08
4.5791e-08
2.5564e-08
4.0326e-08
9.3120e-08
1.3375e-07
7.7016e-08
-1.6834e-07
-8.6640e-08
1.6696e-07
5.0909e-08
-4.6978e-07
-3.6373e-07
-3.8631e-08
1.5413e-07
2.8452e-07
1.1219e-07
-3.6894e-07
-9.0483e-07
-1.2792e-07
6.6116e-07
-7.4008e-08
1.0866e-10
2.7350e-07
3.2734e-08
2.5137e-07
-1.7194e-07
-2.7732e-07
4.0197e-08
-4.2418e-07
5.8244e-07
1.0521e-06
-1.5464e-07
-6.5704e-07
-1.1823e-06
-2.2431e-07
1.1520e-06
9.1275e-07
8.7279e-07
8.8457e-07
3.0611e-07
-1.8939e-06
-2.4359e-06
1.2587e-06
-3.0243e-07
-7.8808e-07
1.3351e-06
-5.9110e-07
1.9231e-06
1.3324e-06
-5.3445e-07
-4.7703e-07
-2.2344e-06
-5.6906e-07
2.7802e-06
2.9807e-06
2.4920e-06
3.6389e-08
-6.3804e-06
-4.4899e-06
-6.3406e-07
2.7214e-06
5.3435e-06
1.1629e-06
-2.7546e-06
2.0992e-06
3.6840e-06
2.8591e-06
5.4767e-06
3.2463e-06
-7.6373e-08
-1.0564e-06
-1.8630e-06
2.9830e-07
-5.0978e-06
-5.9840e-07
6.3060e-06
1.9261e-06
-4.6254e-07
-9.8466e-07
-7.8116e-07
-5.9171e-06
-6.9747e-06
-2.6076e-06
1.8583e-06
1.4716e-06
1.8196e-06
6.1444e-07
-3.5920e-06
-1.8034e-06
-1.7718e-06
-3.8197e-06
-2.5878e-06
-3.0263e-06
5.3302e-07
2.1117e-06
-2.2134e-06
-2.7766e-06
-3.1861e-06
3.1996e-06
-1.8344e-06
-5.3046e-06
8.0665e-06
7.8380e-06
1.1916e-05
1.3457e-05
2.5037e-06
-3.2848e-06
-5.0497e-06
-4.4568e-06
-2.5251e-06
-1.6006e-06
4.3942e-06
2.0254e-06
-2.0076e-06
-4.8693e-06
-1.0186e-05
-8.0462e-06
-4.3941e-06
-6.9165e-06
-7.6166e-06
-4.5319e-06
-4.0728e-06
2.3768e-06
2.8603e-06
-8.1068e-07
-3.3027e-07
4.6514e-06
4.8595e-06
-4.7061e-06
-6.8467e-06
2.3730e-06
-9.2831e-07
-8.8784e-06
-1.5213e-05
-1.3838e-05
6.8561e-06
5.4259e-06
-4.4625e-07
1.8961e-06
-1.2229e-05
-2.0366e-05
4.2136e-06
1.4631e-05
-2.9577e-07
4.4022e-07
8.9024e-06
2.2971e-06
-2.9970e-06
-6.0001e-06
-1.4910e-05
3.7929e-06
1.2897e-05
5.8505e-06
4.1958e-07
2.7026e-06
-3.8339e-09
-1.5997e-05
-2.8901e-06
9.1956e-06
6.0145e-06
6.8890e-06
4.6510e-06
1.3467e-06
-5.6526e-06
-1.5367e-07
2.7440e-06
-9.4411e-06
-3.6517e-06
1.0075e-06
8.9168e-07
-6.6157e-06
-2.2775e-06
1.2443e-05
1.4133e-05
2.1412e-05
-4.3610e-06
-8.1375e-07
9.7006e-06
-3.8524e-07
3.6259e-06
-1.6696e-06
-1.6056e-05
-1.4015e-05
2.6104e-06
7.3761e-06
5.0119e-06
4.0107e-06
8.3292e-06
3.4307e-06
-2.3988e-06
-6.8333e-06
4.4568e-06
1.2200e-05
2.2841e-06
-1.7099e-05
-2.9660e-05
-8.4715e-06
9.0328e-06
1.2595e-05
2.3700e-05
1.4941e-05
9.6500e-07
2.2624e-06
-1.1721e-05
-1.7356e-05
7.3597e-07
-1.2406e-05
-2.4788e-06
8.3064e-06
-1.7703e-06
1.5688e-07
1.0006e-05
3.9473e-06
-8.5040e-06
-1.2313e-06
2.2288e-05
2.1699e-05
7.2306e-06
6.9657e-06
-1.8531e-05
-1.5807e-05
2.1375e-05
3.9538e-05
7.4019e-05
9.6862e-05
1.1168e-04
8.2465e-05
6.0947e-05
7.1621e-05
9.3499e-05
1.4209e-04
1.5056e-04
7.4066e-05
-5.4357e-05
-2.0553e-04
-3.1289e-04
-2.6967e-04
-1.4403e-04
-2.4431e-05
1.1934e-04
2.4315e-04
2.5316e-04
1.1949e-04
-5.4657e-05
-1.8358e-04
-2.8907e-04
-2.8896e-04
-1.2287e-04
1.2537e-04
2.3383e-05
-3.8823e-04
-5.9230e-04
-6.6185e-04
-6.3597e-04
-6.0584e-04
-6.0445e-04
-4.3611e-04
-2.4279e-04
4.1787e-04
1.4058e-03
1.7441e-03
1.4138e-03
8.8719e-04
2.3043e-04
-5.8512e-04
-6.0771e-04
4.1223e-04
1.0300e-03
4.3355e-04
-7.5778e-04
-1.2584e-03
-8.5053e-04
3.5392e-05
7.1877e-04
1.4848e-04
-7.7325e-04
-1.1238e-03
-1.3143e-03
-1.2732e-03
-4.3292e-04
1.1695e-03
1.5959e-03
7.6718e-04
4.7304e-04
3.2703e-04
5.3592e-04
8.0991e-04
1.4120e-05
-3.3925e-04
-5.0351e-04
-1.4750e-03
-2.2994e-03
-1.3373e-03
8.8354e-04
1.6994e-03
2.2649e-03
3.4226e-03
4.8276e-03
5.0508e-03
2.0759e-03
-9.5328e-04
-2.7286e-03
-3.3628e-03
-2.2182e-03
-7.9190e-04
-8.5655e-04
-2.4546e-03
-3.7593e-03
-4.6694e-03
-4.3041e-03
-1.5515e-03
1.5472e-03
3.2909e-03
2.6984e-03
-1.0485e-04
-1.4202e-03
2.6638e-04
1.3610e-03
1.7790e-03
1.5155e-03
1.1663e-03
2.5634e-03
2.3352e-03
1.5154e-03
5.1852e-05
-2.0708e-03
-2.2522e-03
-2.4755e-03
-1.1548e-03
1.4990e-03
2.2095e-03
-1.8217e-04
-2.5785e-03
-8.9726e-04
-3.0758e-04
-1.7810e-03
-9.1625e-04
-8.6275e-05
2.9739e-04
7.0450e-04
1.1426e-04
7.4093e-04
1.2685e-03
1.5373e-03
2.2717e-03
1.1138e-03
3.0738e-04
-4.0796e-04
-8.3285e-04
5.4455e-04
3.8772e-04
-4.5579e-04
-7.8546e-04
-4.7082e-04
8.6056e-05
-7.9715e-04
-1.8584e-03
-2.2571e-03
-1.1222e-03
-3.2806e-04
-1.7907e-03
-1.5224e-03
2.5462e-03
6.0259e-03
6.0933e-03
3.1478e-03
-8.1294e-04
-2.7073e-03
-2.6898e-03
-1.0246e-03
1.5834e-03
3.5646e-03
3.4698e-03
8.3545e-04
-2.6383e-03
-5.8920e-03
-7.6006e-03
-5.9166e-03
-1.1659e-03
2.1680e-03
4.4265e-03
6.6445e-03
4.8188e-03
4.8639e-04
-2.6862e-03
-3.5052e-03
-2.5306e-03
-8.9351e-04
1.9243e-03
4.2455e-03
3.1941e-03
1.1652e-03
5.8021e-04
-1.6324e-03
-4.2956e-03
-3.6339e-03
-2.0274e-03
-1.2110e-03
-2.6010e-04
7.7268e-04
7.9176e-04
-2.4902e-04
-7.4774e-05
4.5174e-04
-9.9452e-04
-1.7971e-03
-1.0307e-05
2.2811e-03
3.2290e-03
2.7866e-03
1.5835e-03
-1.5438e-03
-4.8040e-03
-5.7140e-03
-4.8260e-03
-2.1595e-03
7.4097e-04
2.6288e-03
2.5727e-03
2.3245e-04
-1.9663e-03
-2.1287e-03
-8.9532e-04
4.3173e-04
1.7639e-03
3.0644e-03
3.1071e-03
7.5049e-04
-1.4798e-03
-1.8696e-03
-2.8764e-03
-3.6547e-03
-1.6720e-03
1.6648e-03
3.3610e-03
3.2223e-03
3.3990e-03
4.2131e-03
3.7076e-03
7.9529e-04
-2.5630e-03
-3.2605e-03
-1.4377e-03
-9.2616e-04
-2.7010e-03
-3.5779e-03
-2.3859e-03
-7.2518e-04
-4.9533e-04
-5.3844e-04
1.6999e-03
4.2397e-03
5.2685e-03
4.3966e-03
2.3299e-03
2.1286e-03
3.2303e-03
3.0693e-03
2.0648e-03
1.5155e-03
1.5243e-03
1.3188e-03
-1.0631e-04
-1.8086e-03
-2.8544e-03
-2.5500e-03
9.6230e-04
4.4852e-03
4.6236e-03
4.0540e-03
3.1653e-03
5.3128e-04
-1.4703e-03
-1.0286e-03
-8.9586e-04
-2.2731e-03
-2.6416e-03
-2.2178e-03
-1.6612e-03
-2.4171e-03
-5.7420e-03
-8.3876e-03
-7.4737e-03
-5.0292e-03
-4.2180e-03
-3.4790e-03
-1.2155e-03
1.2530e-03
2.7315e-03
2.3891e-03
2.7647e-03
5.2906e-03
6.4727e-03
4.8098e-03
3.2835e-03
3.2220e-03
1.5657e-03
-2.0028e-03
-5.2471e-03
-6.2304e-03
-5.4060e-03
-4.6729e-03
-3.5370e-03
-2.4717e-03
-1.7650e-03
-1.4093e-03
-2.2246e-03
-2.5679e-03
-2.1782e-03
-2.2536e-03
-1.5426e-03
-7.3279e-04
-1.6051e-03
-2.5645e-03
-4.6737e-04
4.0794e-03
7.1206e-03
8.3214e-03
7.8096e-03
5.4168e-03
3.6275e-03
4.1114e-03
6.1311e-03
6.0660e-03
2.9211e-03
-3.6166e-04
-2.0592e-03
-1.5234e-03
9.1733e-04
2.6211e-03
1.2749e-03
-8.1404e-04
-3.8355e-03
-9.0053e-03
-1.2437e-02
-1.1316e-02
-5.2075e-03
2.2533e-03
6.8488e-03
8.0294e-03
6.3988e-03
3.8197e-03
1.9895e-03
1.6155e-03
1.2377e-03
1.3279e-03
4.7695e-03
9.8852e-03
1.1457e-02
7.5222e-03
1.9631e-03
-2.8613e-03
-7.4487e-03
-1.0760e-02
-1.0207e-02
-6.9343e-03
-4.6644e-03
-4.3977e-03
-6.4327e-03
-9.1717e-03
-8.9321e-03
-3.9881e-03
2.5403e-03
6.3046e-03
6.3304e-03
4.9414e-03
4.7087e-03
4.0147e-03
1.0774e-03
-1.5076e-03
-1.5508e-03
-4.2735e-04
6.2738e-04
1.9964e-03
2.8989e-03
2.3720e-03
1.6189e-03
1.9351e-03
1.8933e-03
1.0232e-03
7.3935e-04
7.0088e-04
-2.7165e-04
-2.7613e-03
-5.7671e-03
-6.9394e-03
-5.6650e-03
-3.0275e-03
-7.0771e-04
-7.5989e-04
-2.9135e-03
-5.0616e-03
-5.9119e-03
-3.9677e-03
7.8480e-04
5.8441e-03
8.8511e-03
8.6007e-03
6.0087e-03
2.6328e-03
-4.3147e-04
-2.0979e-03
-2.2238e-03
-1.1578e-03
-2.9817e-04
8.4969e-04
3.5181e-03
5.5541e-03
4.2942e-03
2.9160e-04
-3.3947e-03
-5.6781e-03
-5.8396e-03
-3.5841e-03
-4.7916e-04
2.3379e-03
3.1008e-03
3.6027e-04
-3.9021e-03
-6.5182e-03
-6.2698e-03
-3.3480e-03
1.2516e-03
5.1652e-03
6.9937e-03
7.5469e-03
6.5690e-03
3.5863e-03
5.0126e-04
-1.2649e-03
-2.1656e-03
-3.2485e-03
-3.7218e-03
-2.0181e-03
5.8813e-04
2.6050e-03
3.3363e-03
2.4912e-03
1.5488e-03
1.2394e-03
3.6158e-04
-1.3451e-03
-1.8468e-03
-6.8854e-04
1.5405e-04
-3.8299e-04
-2.1405e-03
-4.0331e-03
-3.6465e-03
-1.2967e-03
1.4317e-04
-2.7524e-04
-1.4844e-03
-9.1157e-04
8.1779e-04
6.8004e-04
-4.1260e-05
1.5274e-03
4.7336e-03
7.0200e-03
7.4952e-03
6.2858e-03
3.7901e-03
2.6698e-04
-3.9138e-03
-6.8423e-03
-6.7283e-03
-4.0755e-03
-7.1696e-04
2.2160e-03
3.0442e-03
1.3587e-03
-1.8741e-03
-4.9158e-03
-4.6831e-03
-1.2982e-03
2.6692e-03
5.0534e-03
4.9330e-03
3.7933e-03
2.6687e-03
3.7585e-04
-3.3353e-03
-6.5280e-03
-7.9692e-03
-6.2703e-03
-1.4018e-03
3.6569e-03
6.7346e-03
6.9093e-03
4.7987e-03
2.4585e-03
5.4509e-04
-9.7767e-04
-6.8269e-04
1.6355e-03
3.5137e-03
3.3654e-03
1.8145e-03
-1.3275e-03
-5.8738e-03
-9.5557e-03
-1.0168e-02
-7.1727e-03
-3.3472e-03
-3.9681e-04
1.7779e-03
2.1960e-03
1.0909e-03
-7.9140e-04
-2.6500e-03
-2.9526e-03
-1.0810e-03
1.5786e-03
3.2347e-03
2.9636e-03
1.2326e-03
2.1022e-04
4.2701e-04
1.0296e-03
2.0876e-03
3.3776e-03
4.2007e-03
3.6133e-03
1.7057e-03
-2.8924e-04
-1.6033e-03
-2.2566e-03
-1.2870e-03
1.8160e-03
3.8076e-03
2.6892e-03
5.6101e-07
-2.7572e-03
-4.7503e-03
-5.6745e-03
-5.4356e-03
-4.7016e-03
-3.8908e-03
-2.9014e-03
-2.5770e-03
-3.1664e-03
-3.2403e-03
-1.3050e-03
2.1492e-03
4.1964e-03
2.4823e-03
-1.3567e-03
-3.2126e-03
-2.4013e-03
-1.1251e-03
3.1600e-04
2.9896e-03
6.0566e-03
6.5395e-03
4.5111e-03
2.6875e-03
1.6253e-03
8.8651e-04
2.2356e-04
-1.2396e-03
-2.8214e-03
-2.6454e-03
-7.5731e-04
1.3255e-03
3.2678e-03
5.0179e-03
4.7125e-03
1.8057e-03
-1.6821e-03
-3.1529e-03
-1.5235e-03
1.3795e-03
3.6405e-03
4.1657e-03
3.3962e-03
1.6626e-03
-1.0653e-03
-3.0676e-03
-2.7074e-03
-5.6763e-05
2.7140e-03
3.4911e-03
1.9332e-03
-4.1246e-04
-1.4871e-03
-5.3851e-04
2.0748e-03
4.8069e-03
5.4225e-03
3.9584e-03
1.9934e-03
4.5898e-04
2.5159e-04
2.2125e-04
-8.3394e-05
7.1070e-04
6.9484e-04
-1.6037e-03
-4.4500e-03
-5.4661e-03
-4.7664e-03
-4.0811e-03
-3.9857e-03
-4.9526e-03
-6.2024e-03
-6.0387e-03
-3.7963e-03
-4.8135e-04
2.0313e-03
3.1185e-03
2.8068e-03
8.9401e-04
-1.2643e-03
-1.3814e-03
7.4977e-05
3.5043e-04
-1.7267e-03
-4.3154e-03
-5.5879e-03
-5.2805e-03
-3.6331e-03
-1.0504e-03
1.7027e-03
3.5704e-03
3.6818e-03
2.7584e-03
1.8393e-03
7.6312e-04
-6.6018e-04
-2.9369e-03
-4.6731e-03
-4.9356e-03
-3.8617e-03
-1.4257e-03
-1.2443e-04
-3.9965e-05
3.5184e-05
-3.9801e-04
-5.4673e-04
8.3665e-04
3.7829e-03
5.3491e-03
4.5354e-03
3.6766e-03
3.3465e-03
2.8731e-03
2.1169e-03
1.7245e-03
1.7899e-03
1.8695e-03
1.6822e-03
1.1139e-03
1.5336e-04
-4.3923e-04
-2.5402e-04
-4.8758e-04
-5.8145e-04
9.8474e-04
3.4518e-03
5.0834e-03
4.5921e-03
2.4717e-03
2.2837e-04
-1.3098e-03
-2.4261e-03
-3.4348e-03
-2.6709e-03
-2.3735e-04
1.4456e-03
1.5069e-03
9.2517e-04
9.6573e-04
1.1227e-03
9.0678e-05
-1.2214e-03
-6.5314e-04
1.0422e-03
2.0727e-03
1.9543e-03
5.0421e-04
-1.5027e-03
-2.5267e-03
-1.9197e-03
-1.3246e-03
-8.8639e-04
1.5213e-04
1.2270e-03
1.7506e-03
1.2690e-04
-3.2983e-03
-5.7222e-03
-4.7680e-03
-1.2868e-03
1.2278e-03
1.7113e-03
9.4311e-04
-6.3649e-04
-2.3670e-03
-3.0141e-03
-2.1585e-03
-4.4804e-04
7.3215e-04
9.9351e-04
1.8648e-03
2.9345e-03
2.4427e-03
1.0049e-03
5.4614e-04
1.1797e-03
1.9158e-03
2.6936e-03
3.5508e-03
3.7037e-03
1.9535e-03
-8.7473e-04
-3.3440e-03
-4.5315e-03
-2.8573e-03
5.9136e-05
1.9897e-03
2.9399e-03
2.7367e-03
1.3408e-03
-7.6196e-04
-2.2768e-03
-2.1704e-03
-8.4552e-04
1.9106e-04
-9.4170e-04
-2.2263e-03
-4.5997e-04
2.2172e-03
2.9744e-03
1.8959e-03
-2.8412e-04
-2.4606e-03
-3.3085e-03
-2.6231e-03
-2.0968e-03
-2.1572e-03
-1.9211e-03
-2.0237e-03
-2.0342e-03
-6.1241e-04
1.2793e-03
2.7985e-03
3.5818e-03
3.0862e-03
2.2664e-03
1.5601e-03
4.0779e-04
-7.8110e-04
-4.6377e-04
6.8409e-04
2.4449e-04
-1.0697e-03
-9.4922e-04
-9.8401e-06
5.4941e-04
1.0477e-03
1.4396e-03
9.9694e-04
-6.1318e-04
-2.0020e-03
-1.2474e-03
1.2057e-03
3.0871e-03
2.8005e-03
1.1015e-03
-1.8522e-04
-7.9228e-04
-5.4090e-04
2.3791e-04
1.3377e-03
2.8017e-03
3.4633e-03
3.3331e-03
2.6003e-03
1.3437e-03
-1.5897e-04
-1.4985e-03
-1.6124e-03
-1.6246e-03
-3.0689e-03
-4.9651e-03
-5.0054e-03
-2.9480e-03
-1.4901e-03
-2.0100e-03
-3.5796e-03
-4.7859e-03
-4.8729e-03
-3.3381e-03
2.5422e-04
4.3047e-03
5.1556e-03
2.5522e-03
2.3106e-04
8.7126e-05
1.3386e-03
1.9854e-03
1.8066e-03
2.5363e-03
3.7213e-03
3.2326e-03
3.7677e-04
-2.1136e-03
-2.7702e-03
-3.1235e-03
-2.8864e-03
-5.9122e-04
3.7723e-03
8.0999e-03
9.0603e-03
5.5692e-03
2.7235e-04
-3.6428e-03
-4.2559e-03
-2.2822e-03
-2.2184e-04
7.0222e-04
-6.0887e-04
-2.5963e-03
-2.5831e-03
-1.7649e-03
-1.4924e-03
-1.1942e-03
-1.0751e-03
-2.4929e-03
-3.9266e-03
-2.4321e-03
8.1070e-04
1.5611e-03
-1.6906e-03
-5.8315e-03
-8.4460e-03
-9.7483e-03
-1.0282e-02
-9.1784e-03
-7.2101e-03
-7.4826e-03
-1.0463e-02
-1.4125e-02
-1.4916e-02
-1.0429e-02
-3.2123e-03
3.0666e-03
6.4907e-03
6.5686e-03
3.2529e-03
-3.0549e-03
-8.0486e-03
-6.9912e-03
-1.7828e-03
1.3997e-03
-9.6968e-04
-6.7497e-03
-1.2265e-02
-1.6651e-02
-1.7537e-02
-1.2249e-02
-4.0252e-03
2.2566e-03
1.6636e-03
-7.5826e-03
-1.9207e-02
-2.6299e-02
-2.4742e-02
-1.5134e-02
-4.1501e-03
3.6509e-03
6.9443e-03
5.1695e-03
1.0681e-03
-7.7797e-04
1.2498e-03
5.7313e-03
9.7460e-03
1.0020e-02
6.8305e-03
5.2844e-03
8.4747e-03
1.5048e-02
2.4101e-02
3.3191e-02
3.8426e-02
3.8747e-02
3.5757e-02
3.1913e-02
2.8815e-02
2.6631e-02
2.5833e-02
2.7327e-02
2.9540e-02
2.7434e-02
1.9309e-02
7.7494e-03
-2.8418e-03
-5.3439e-03
1.4779e-03
1.1613e-02
2.0265e-02
2.4814e-02
2.5049e-02
2.2820e-02
1.9241e-02
1.4475e-02
9.6422e-03
6.5792e-03
4.0158e-03
3.9164e-04
-2.6093e-03
-3.0346e-03
-1.2402e-03
-3.6611e-04
-2.4796e-03
-5.6682e-03
-5.8911e-03
7.6800e-05
1.1051e-02
2.3689e-02
3.4788e-02
4.0469e-02
3.8713e-02
2.9038e-02
1.2418e-02
-6.3455e-03
-2.0357e-02
-2.4972e-02
-2.0700e-02
-1.1892e-02
-5.4016e-03
-9.2789e-03
-2.4642e-02
-4.5640e-02
-6.6882e-02
-8.0263e-02
-7.8064e-02
-6.2000e-02
-4.2279e-02
-2.8739e-02
-2.5398e-02
-3.2113e-02
-4.3441e-02
-5.2183e-02
-5.3966e-02
-4.4842e-02
-2.5817e-02
-5.2100e-03
6.6556e-03
4.4609e-03
-4.8409e-03
-1.0579e-02
-6.5873e-03
7.4474e-03
2.4151e-02
3.4768e-02
3.1478e-02
1.5158e-02
-1.6315e-03
-1.0867e-02
-1.0893e-02
-1.5320e-03
1.2821e-02
2.5896e-02
3.4194e-02
3.6457e-02
3.2322e-02
1.8173e-02
-7.5677e-03
-3.2862e-02
-4.5985e-02
-4.5109e-02
-3.1756e-02
-1.3916e-02
1.2398e-04
5.1879e-03
6.8516e-05
-8.1493e-03
-1.2199e-02
-1.0877e-02
-3.8568e-03
7.7712e-03
1.8868e-02
2.6109e-02
2.8440e-02
2.5086e-02
1.8281e-02
1.1888e-02
1.0441e-02
1.5478e-02
2.2652e-02
2.5787e-02
2.1072e-02
1.0066e-02
-2.0929e-03
-1.0000e-02
-1.0367e-02
-4.0548e-03
6.6939e-03
1.8058e-02
2.4744e-02
2.3653e-02
1.5489e-02
5.8297e-03
-9.6324e-05
-1.9232e-03
-3.5557e-03
-8.8058e-03
-1.5811e-02
-2.0764e-02
-2.2093e-02
-1.9971e-02
-1.7060e-02
-1.5484e-02
-1.3392e-02
-8.5863e-03
-3.0120e-03
1.0874e-03
4.1901e-03
5.3509e-03
4.6933e-03
6.7482e-03
1.2101e-02
1.6624e-02
1.8624e-02
1.6483e-02
8.4843e-03
-2.4047e-03
-1.0301e-02
-1.2802e-02
-1.0107e-02
-2.8826e-03
5.3977e-03
1.1948e-02
1.5508e-02
1.4772e-02
1.1661e-02
9.3690e-03
9.0593e-03
9.7770e-03
1.0143e-02
7.6746e-03
-1.0738e-03
-1.2789e-02
-2.0413e-02
-2.0255e-02
-1.4222e-02
-8.0532e-03
-4.3507e-03
-2.5993e-03
-2.7080e-03
-3.7655e-03
-1.1572e-03
7.7693e-03
1.7662e-02
1.9620e-02
1.0929e-02
-7.6088e-04
-8.5380e-03
-1.0910e-02
-7.1867e-03
-1.2808e-04
5.4338e-03
7.1442e-03
3.6554e-03
-5.3395e-03
-1.5111e-02
-1.9056e-02
-1.4659e-02
-4.1667e-03
7.7873e-03
1.6500e-02
1.9711e-02
1.8438e-02
1.4093e-02
7.8750e-03
1.3927e-03
-3.8055e-03
-5.3438e-03
-1.8775e-03
3.8446e-03
9.1474e-03
1.2961e-02
1.3380e-02
1.0035e-02
3.4754e-03
-5.5193e-03
-1.2468e-02
-1.2619e-02
-7.0206e-03
-1.2079e-03
1.2089e-03
1.1477e-03
-1.3009e-03
-5.8306e-03
-7.2565e-03
-1.3953e-03
8.6007e-03
1.7994e-02
2.4502e-02
2.5648e-02
2.0606e-02
1.1121e-02
-7.1706e-05
-8.0823e-03
-9.0376e-03
-6.0360e-03
-4.0947e-03
-4.2651e-03
-5.9522e-03
-7.3916e-03
-6.1049e-03
-1.6477e-03
3.4567e-03
4.8234e-03
-2.4535e-04
-7.3920e-03
-9.5878e-03
-5.1133e-03
3.2355e-03
9.9329e-03
1.1396e-02
9.1834e-03
5.9045e-03
2.4569e-03
-6.1306e-04
-2.0654e-03
-2.6946e-03
-5.1909e-03
-9.6216e-03
-1.4141e-02
-1.6849e-02
-1.5520e-02
-1.0009e-02
-4.5515e-03
-2.3775e-03
-2.3126e-03
-2.7317e-03
-3.1089e-03
-2.9653e-03
-1.8943e-03
-1.7966e-04
6.9798e-04
-3.7246e-04
-2.2926e-03
-3.5156e-03
-3.8964e-03
-4.4742e-03
-5.7176e-03
-6.5105e-03
-6.2851e-03
-6.2406e-03
-6.8856e-03
-6.1971e-03
-3.7863e-03
-1.7507e-03
7.4919e-04
5.2089e-03
9.4979e-03
1.0127e-02
6.4970e-03
1.2285e-03
-2.3790e-03
-2.4610e-03
2.4117e-04
2.9009e-03
3.1346e-03
1.4915e-03
-8.6127e-04
-4.7753e-03
-9.8468e-03
-1.2635e-02
-1.1207e-02
-6.9431e-03
-2.3064e-03
8.5746e-04
2.3933e-03
3.3239e-03
4.8290e-03
6.7007e-03
7.0606e-03
5.5326e-03
4.5487e-03
4.9544e-03
6.1054e-03
7.7559e-03
8.9948e-03
8.3564e-03
4.7085e-03
-7.1204e-05
-3.6384e-03
-6.1398e-03
-8.4843e-03
-1.0792e-02
-1.2291e-02
-1.3036e-02
-1.2094e-02
-7.6639e-03
-1.0426e-03
4.0831e-03
4.9559e-03
1.3455e-03
-3.6293e-03
-5.5095e-03
-3.4052e-03
-5.6264e-04
-9.6973e-04
-4.8610e-03
-9.0491e-03
-1.1105e-02
-1.0503e-02
-8.2569e-03
-6.2638e-03
-5.1861e-03
-3.5317e-03
-3.7783e-04
2.3434e-03
3.2073e-03
3.6810e-03
4.9144e-03
6.4010e-03
8.2769e-03
1.0481e-02
1.1243e-02
9.8454e-03
6.9441e-03
3.2419e-03
1.5578e-04
-1.6399e-03
-3.0852e-03
-4.9688e-03
-7.7983e-03
-1.1450e-02
-1.4595e-02
-1.5945e-02
-1.4584e-02
-9.4624e-03
-2.4089e-03
2.4038e-03
3.9666e-03
4.8924e-03
7.5729e-03
1.0751e-02
1.1957e-02
1.0675e-02
7.2291e-03
3.4150e-03
6.2547e-04
-1.7380e-03
-2.4497e-03
7.1377e-05
4.4028e-03
8.4981e-03
1.1106e-02
1.1300e-02
9.0885e-03
5.6712e-03
3.0658e-03
3.4334e-03
6.9722e-03
1.0894e-02
1.2279e-02
9.9741e-03
5.0009e-03
1.8935e-04
-1.9069e-03
-1.2650e-03
2.9535e-04
7.4365e-04
-1.5765e-03
-5.2422e-03
-7.6171e-03
-8.2782e-03
-7.2170e-03
-5.7247e-03
-5.7231e-03
-6.9875e-03
-7.9361e-03
-6.4228e-03
-1.6292e-03
4.5434e-03
9.8119e-03
1.1783e-02
9.5335e-03
5.9507e-03
3.9657e-03
3.5654e-03
3.3776e-03
2.7534e-03
1.7792e-03
7.1699e-04
-9.3980e-04
-3.6213e-03
-4.9735e-03
-2.6855e-03
1.6162e-03
4.8530e-03
5.9249e-03
5.3792e-03
4.0087e-03
2.8743e-03
2.6889e-03
3.5408e-03
4.7066e-03
4.6622e-03
2.2726e-03
-2.1969e-03
-6.9001e-03
-9.7252e-03
-9.6441e-03
-7.4903e-03
-4.9556e-03
-2.7225e-03
-8.9308e-04
2.2765e-04
1.3294e-04
-1.2457e-03
-2.4558e-03
-2.0759e-03
4.1105e-04
4.5670e-03
8.9108e-03
1.2116e-02
1.2532e-02
9.6325e-03
5.7222e-03
2.3887e-03
-8.6265e-04
-3.5608e-03
-3.7922e-03
-9.5187e-04
2.9734e-03
5.8338e-03
6.6000e-03
4.5203e-03
5.4027e-04
-2.3781e-03
-2.8054e-03
-2.1810e-03
-1.9432e-03
-2.2407e-03
-3.3452e-03
-5.1037e-03
-6.1433e-03
-5.8043e-03
-5.1965e-03
-4.5440e-03
-3.0541e-03
-1.6149e-03
-6.4873e-04
3.3375e-04
1.4257e-03
2.2212e-03
2.4020e-03
2.6952e-03
3.3074e-03
4.6113e-03
7.0865e-03
1.0317e-02
1.3181e-02
1.4599e-02
1.4839e-02
1.3482e-02
8.9626e-03
2.6599e-03
-2.2054e-03
-4.0529e-03
-2.6409e-03
2.2800e-04
1.9182e-03
1.2725e-03
-1.0935e-03
-3.0234e-03
-2.8851e-03
-8.9191e-04
1.4960e-03
2.4502e-03
1.6921e-04
-4.1145e-03
-7.1101e-03
-7.8783e-03
-7.0299e-03
-5.2284e-03
-3.2297e-03
-2.0932e-03
-1.6560e-03
-5.6515e-04
6.9230e-04
4.6180e-04
-1.5214e-03
-4.0293e-03
-5.4997e-03
-5.0886e-03
-3.2551e-03
-1.5602e-03
-1.0433e-03
-9.3598e-04
-6.1868e-04
-3.0478e-04
1.7877e-04
4.2486e-04
-2.2444e-04
-2.3396e-03
-6.0290e-03
-9.6020e-03
-1.1150e-02
-1.0125e-02
-7.9344e-03
-6.6737e-03
-7.0957e-03
-9.0531e-03
-1.1302e-02
-1.2518e-02
-1.2761e-02
-1.2567e-02
-1.2513e-02
-1.2919e-02
-1.3145e-02
-1.2699e-02
-1.1536e-02
-9.6005e-03
-7.4030e-03
-5.3492e-03
-3.1749e-03
-9.5637e-04
7.8346e-04
2.0388e-03
2.8049e-03
3.0112e-03
2.4925e-03
9.6938e-04
-6.0329e-04
-1.0023e-03
1.0300e-04
1.7895e-03
2.4398e-03
1.8810e-03
5.4274e-04
-1.5732e-03
-3.4096e-03
-3.5737e-03
-2.1195e-03
6.3994e-06
2.0410e-03
3.6294e-03
3.9720e-03
3.1263e-03
2.8071e-03
3.5078e-03
4.6442e-03
6.2756e-03
7.7578e-03
7.7029e-03
6.5652e-03
6.2043e-03
6.8854e-03
6.9869e-03
5.3296e-03
2.2085e-03
-1.4061e-03
-3.8042e-03
-3.5752e-03
-1.2768e-03
6.3308e-04
7.4109e-04
3.7180e-04
7.5166e-04
1.7606e-03
2.4073e-03
2.3891e-03
2.7430e-03
4.0199e-03
5.6019e-03
6.4367e-03
5.8165e-03
3.8097e-03
1.3437e-03
-6.1283e-04
-1.7817e-03
-2.2485e-03
-2.8484e-03
-4.2662e-03
-5.6018e-03
-5.9960e-03
-5.5825e-03
-4.9359e-03
-4.2269e-03
-3.1580e-03
-1.8764e-03
-1.2564e-04
2.3768e-03
4.9785e-03
6.9007e-03
7.7963e-03
7.8058e-03
7.5704e-03
8.2862e-03
1.0417e-02
1.3205e-02
1.5668e-02
1.6736e-02
1.5541e-02
1.2160e-02
8.1959e-03
5.1801e-03
3.1086e-03
1.5760e-03
1.8229e-04
-1.6849e-03
-4.0433e-03
-6.4618e-03
-8.7242e-03
-1.0248e-02
-1.0306e-02
-8.3978e-03
-4.9453e-03
-1.4488e-03
1.4396e-03
4.6466e-03
8.2294e-03
1.0674e-02
1.0953e-02
9.0709e-03
5.9825e-03
3.7696e-03
3.9997e-03
5.8927e-03
7.3589e-03
6.7323e-03
3.5539e-03
-3.2173e-04
-2.5732e-03
-2.5107e-03
-7.7473e-04
1.1996e-03
2.3865e-03
2.2162e-03
9.6806e-04
-3.0093e-05
-1.4727e-04
1.9574e-04
4.0229e-04
1.1820e-04
-7.8898e-04
-2.0497e-03
-2.5852e-03
-2.2334e-03
-2.1570e-03
-2.3634e-03
-1.8346e-03
-5.7469e-04
-6.3931e-05
-6.9044e-04
-1.1378e-03
-7.7372e-04
1.1013e-04
6.1374e-04
2.9480e-04
3.0535e-05
9.7345e-04
2.7281e-03
3.8944e-03
3.8615e-03
3.4787e-03
3.5983e-03
3.0812e-03
9.5554e-04
-1.7596e-03
-3.4233e-03
-3.4041e-03
-2.5818e-03
-2.1285e-03
-2.6590e-03
-4.0264e-03
-5.1867e-03
-5.3089e-03
-4.3528e-03
-2.6329e-03
-1.1855e-03
-1.2462e-03
-2.8222e-03
-4.2740e-03
-4.4821e-03
-4.0957e-03
-3.5989e-03
-3.4940e-03
-4.2107e-03
-4.8110e-03
-4.6930e-03
-4.4620e-03
-4.7374e-03
-5.9052e-03
-7.7929e-03
-9.4783e-03
-1.0114e-02
-9.6030e-03
-8.0203e-03
-5.7020e-03
-3.2714e-03
-1.1288e-03
2.0048e-04
9.7564e-04
2.4809e-03
4.9898e-03
6.4588e-03
4.7115e-03
6.6715e-04
-2.6173e-03
-3.2629e-03
-1.4665e-03
1.3202e-03
3.4032e-03
3.4070e-03
1.1664e-03
-2.0849e-03
-5.1175e-03
-7.0193e-03
-7.4192e-03
-6.8204e-03
-6.2014e-03
-6.3373e-03
-7.0848e-03
-7.8204e-03
-8.0220e-03
-7.4381e-03
-6.4640e-03
-5.3196e-03
-3.6841e-03
-1.8357e-03
-7.6024e-04
-6.0457e-04
-6.9211e-04
-8.3329e-04
-4.3443e-04
1.1695e-03
3.3343e-03
5.5534e-03
7.6403e-03
9.2153e-03
1.0536e-02
1.1547e-02
1.1716e-02
1.0796e-02
8.8962e-03
6.9617e-03
5.6918e-03
5.0297e-03
4.9157e-03
4.6285e-03
3.0702e-03
2.7721e-04
-2.4266e-03
-3.7552e-03
-3.6828e-03
-3.1150e-03
-3.1728e-03
-4.0192e-03
-4.7203e-03
-4.5668e-03
-3.4416e-03
-2.1363e-03
-1.8042e-03
-2.3661e-03
-2.4628e-03
-1.4861e-03
7.1068e-05
1.6947e-03
2.9522e-03
3.4417e-03
2.8367e-03
1.7725e-03
1.1355e-03
1.1210e-03
1.6545e-03
2.1074e-03
1.9340e-03
1.6221e-03
2.1479e-03
3.6543e-03
5.6288e-03
7.7660e-03
9.2483e-03
9.0384e-03
7.3018e-03
5.2574e-03
3.4489e-03
1.7234e-03
2.0880e-04
-1.1287e-03
-2.5367e-03
-3.1157e-03
-1.4609e-03
1.5591e-03
3.5762e-03
4.0988e-03
3.9363e-03
3.3650e-03
2.6765e-03
2.3545e-03
2.3468e-03
2.0617e-03
1.4644e-03
8.4842e-04
3.5359e-04
5.5107e-04
1.4566e-03
2.4385e-03
2.9669e-03
2.7013e-03
1.6654e-03
2.5136e-04
-9.1070e-04
-1.6815e-03
-1.9114e-03
-1.7565e-03
-2.0388e-03
-2.8332e-03
-3.1776e-03
-2.6648e-03
-1.8835e-03
-1.7917e-03
-2.6643e-03
-3.4268e-03
-3.4009e-03
-3.1611e-03
-3.2172e-03
-3.6382e-03
-4.2807e-03
-4.5313e-03
-3.8047e-03
-2.2454e-03
-6.7209e-04
9.6576e-05
1.6020e-04
-1.2486e-05
-5.3158e-04
-1.2945e-03
-1.9538e-03
-2.6905e-03
-3.9020e-03
-5.1440e-03
-5.4453e-03
-4.6452e-03
-3.1513e-03
-1.6996e-03
-1.0947e-03
-1.3423e-03
-1.9525e-03
-2.6508e-03
-3.0506e-03
-3.0149e-03
-3.1454e-03
-4.0666e-03
-5.7050e-03
-7.1520e-03
-7.5584e-03
-6.9557e-03
-5.6990e-03
-4.4299e-03
-3.7416e-03
-3.2199e-03
-2.3823e-03
-1.0352e-03
8.1038e-04
2.7185e-03
4.4057e-03
5.5074e-03
6.0436e-03
6.5512e-03
7.0482e-03
7.0970e-03
6.6151e-03
6.3055e-03
6.7407e-03
7.6919e-03
8.4945e-03
8.5674e-03
7.6262e-03
5.5477e-03
3.1049e-03
1.2078e-03
-1.5112e-04
-9.6868e-04
-1.6028e-03
-2.5092e-03
-3.3405e-03
-3.5778e-03
-3.1245e-03
-2.2562e-03
-5.8550e-04
1.9878e-03
4.4114e-03
5.8316e-03
6.0091e-03
5.2001e-03
3.9342e-03
2.8959e-03
2.5014e-03
2.1219e-03
9.6578e-04
-6.7586e-04
-2.0566e-03
-2.4029e-03
-1.0492e-03
1.6341e-03
4.4703e-03
6.3861e-03
7.1572e-03
7.0052e-03
5.9575e-03
4.3227e-03
2.5934e-03
1.1830e-03
5.2100e-04
1.0135e-03
1.8927e-03
1.8257e-03
3.3027e-04
-2.1605e-03
-4.7018e-03
-6.6427e-03
-7.4025e-03
-6.8400e-03
-5.6611e-03
-4.3217e-03
-2.8531e-03
-1.5292e-03
-7.4223e-04
-7.6406e-04
-1.4889e-03
-2.4211e-03
-3.2608e-03
-3.6456e-03
-3.6426e-03
-3.3059e-03
-2.2731e-03
-1.1587e-03
-6.5778e-04
-8.7529e-04
-1.1753e-03
-7.6999e-04
3.1925e-04
1.5650e-03
2.2315e-03
2.3986e-03
2.2237e-03
1.6851e-03
1.6010e-03
2.4396e-03
3.1854e-03
3.0197e-03
1.9855e-03
4.2158e-04
-8.1448e-04
-1.5028e-03
-2.0625e-03
-2.6085e-03
-2.7442e-03
-2.0571e-03
-1.2579e-03
-8.9450e-04
-6.9435e-04
-3.1399e-04
4.4925e-04
1.1314e-03
1.6326e-03
2.0749e-03
2.0938e-03
1.7637e-03
1.1661e-03
4.0282e-04
-1.1787e-04
-6.4139e-04
-1.6410e-03
-2.7014e-03
-3.3839e-03
-3.7260e-03
-3.6950e-03
-2.8394e-03
-1.3695e-03
-1.0280e-04
1.0512e-03
2.1389e-03
2.8339e-03
3.4690e-03
4.6291e-03
6.0515e-03
6.7389e-03
6.3787e-03
5.3619e-03
3.8167e-03
2.1761e-03
9.5285e-04
2.3623e-05
-6.4721e-04
-9.2824e-04
-1.2157e-03
-2.1895e-03
-3.7390e-03
-5.2512e-03
-6.6659e-03
-7.9193e-03
-8.4757e-03
-8.5355e-03
-9.1928e-03
-1.0598e-02
-1.1549e-02
-1.0875e-02
-8.6055e-03
-5.8088e-03
-3.5246e-03
-1.8986e-03
-9.3100e-04
-7.3591e-04
-7.0864e-04
-2.3011e-04
3.4845e-04
-3.8238e-05
-1.4684e-03
-2.6305e-03
-2.8465e-03
-2.8120e-03
-3.3361e-03
-3.9131e-03
-3.5126e-03
-2.0844e-03
-3.8432e-04
6.3414e-04
4.9438e-04
-3.2547e-04
-8.7242e-04
-8.0680e-04
-7.6945e-04
-1.0312e-03
-1.1817e-03
-1.1064e-03
-1.0438e-03
-9.7153e-04
-4.4274e-04
3.7980e-04
7.8588e-04
7.3060e-04
6.4964e-04
7.6145e-04
1.1983e-03
1.9147e-03
2.8007e-03
3.5805e-03
3.9254e-03
4.1116e-03
4.5650e-03
5.2823e-03
6.2798e-03
7.6195e-03
8.8467e-03
9.3737e-03
8.9104e-03
7.7012e-03
6.3161e-03
5.1080e-03
4.2092e-03
3.7038e-03
3.3861e-03
2.8024e-03
1.8455e-03
8.9217e-04
3.5610e-04
1.8461e-04
2.0682e-04
3.0506e-04
3.6788e-04
2.2281e-04
-1.0140e-04
-5.1323e-05
7.8342e-04
1.8580e-03
2.2222e-03
2.0330e-03
2.3521e-03
3.0904e-03
3.3850e-03
3.0053e-03
2.1420e-03
1.0343e-03
4.8574e-04
1.5088e-03
3.8790e-03
6.2813e-03
7.7415e-03
7.7848e-03
6.1892e-03
3.6286e-03
1.6402e-03
9.4910e-04
1.0195e-03
1.3866e-03
1.6832e-03
1.2415e-03
-1.0118e-05
-1.3670e-03
-2.2270e-03
-2.5592e-03
-2.7254e-03
-2.8669e-03
-2.7188e-03
-1.9395e-03
-8.1236e-04
-1.2042e-04
9.5152e-05
3.9124e-04
1.0001e-03
1.5312e-03
1.5764e-03
1.2745e-03
1.1313e-03
1.4221e-03
1.6901e-03
1.6463e-03
1.0352e-03
-4.1830e-04
-2.2687e-03
-3.7967e-03
-4.5820e-03
-4.7260e-03
-4.4574e-03
-3.8132e-03
-2.9735e-03
-1.7951e-03
-1.2840e-04
1.5970e-03
2.9985e-03
3.4860e-03
2.6956e-03
1.3049e-03
-5.4477e-05
-1.3115e-03
-2.6800e-03
-4.5311e-03
-6.8193e-03
-8.8065e-03
-9.5864e-03
-8.9647e-03
-7.4150e-03
-5.6247e-03
-4.2538e-03
-3.7487e-03
-3.9728e-03
-4.4459e-03
-4.4049e-03
-3.3321e-03
-1.6659e-03
1.0589e-04
1.5031e-03
1.8448e-03
9.5508e-04
-5.2872e-04
-1.7235e-03
-2.4924e-03
-3.0542e-03
-3.3603e-03
-3.0229e-03
-2.0743e-03
-1.3385e-03
-9.5196e-04
-5.5936e-04
-2.5316e-04
-3.3182e-04
-7.5433e-04
-8.6766e-04
-3.7275e-04
3.0890e-04
4.4608e-04
-3.9643e-04
-1.8490e-03
-3.4180e-03
-4.8280e-03
-5.8638e-03
-6.3378e-03
-6.1721e-03
-5.7906e-03
-5.4055e-03
-4.9184e-03
-4.2896e-03
-3.2686e-03
-1.6918e-03
1.8958e-04
1.9978e-03
3.4661e-03
4.2078e-03
4.2202e-03
4.4804e-03
5.6136e-03
7.1455e-03
8.0990e-03
7.9049e-03
7.1168e-03
6.4536e-03
5.9419e-03
5.3952e-03
4.7005e-03
4.1118e-03
3.8283e-03
3.6608e-03
3.6192e-03
3.6730e-03
3.7898e-03
3.7966e-03
3.3425e-03
2.4695e-03
1.8231e-03
1.9321e-03
2.3502e-03
2.6981e-03
2.9945e-03
2.9749e-03
2.6491e-03
2.3929e-03
2.1958e-03
1.7639e-03
1.1388e-03
4.7009e-04
-2.1765e-05
1.3812e-04
7.4283e-04
1.0444e-03
8.6464e-04
3.0572e-04
-1.8828e-04
-1.7097e-06
9.7175e-04
2.2011e-03
2.5762e-03
1.6431e-03
7.9346e-05
-1.5978e-03
-2.9970e-03
-3.7341e-03
-3.7429e-03
-3.1198e-03
-2.3325e-03
-1.9881e-03
-2.4780e-03
-3.6545e-03
-4.8981e-03
-5.5064e-03
-5.1067e-03
-4.1819e-03
-3.3039e-03
-2.4440e-03
-1.5727e-03
-1.0472e-03
-1.1781e-03
-1.7082e-03
-2.3215e-03
-2.7828e-03
-2.9779e-03
-3.4271e-03
-4.5307e-03
-5.9757e-03
-7.0488e-03
-7.3391e-03
-7.0654e-03
-6.4177e-03
-5.6584e-03
-4.9520e-03
-3.8438e-03
-2.3384e-03
-1.0718e-03
-2.9017e-04
1.8360e-04
4.2678e-04
2.7085e-04
4.4189e-05
3.3146e-04
8.7719e-04
1.0768e-03
6.8744e-04
-4.2154e-04
-1.8329e-03
-2.8370e-03
-2.9574e-03
-2.0719e-03
-6.4311e-04
6.1877e-04
1.3477e-03
1.8280e-03
2.6434e-03
4.0545e-03
5.7595e-03
6.9370e-03
6.9370e-03
5.9982e-03
4.9305e-03
4.2761e-03
3.7537e-03
2.9164e-03
2.1385e-03
1.9161e-03
2.1679e-03
2.4706e-03
2.5732e-03
2.6047e-03
2.8483e-03
3.0970e-03
2.9102e-03
2.4113e-03
2.0415e-03
2.0662e-03
2.1866e-03
1.9242e-03
1.3820e-03
9.7376e-04
1.0782e-03
1.4399e-03
1.4384e-03
1.2928e-03
1.4888e-03
1.9562e-03
2.3214e-03
2.3373e-03
1.9759e-03
1.5560e-03
1.5767e-03
2.0142e-03
2.2600e-03
1.6880e-03
4.3300e-04
-6.2373e-04
-1.0126e-03
-7.0783e-04
5.6757e-05
7.4973e-04
1.1830e-03
1.5021e-03
1.9466e-03
2.7249e-03
3.6243e-03
3.8598e-03
2.9867e-03
1.4542e-03
4.7967e-05
-8.2808e-04
-1.1845e-03
-1.1392e-03
-9.0805e-04
-8.4237e-04
-9.5039e-04
-9.6043e-04
-7.6131e-04
-4.7469e-04
-1.0111e-04
6.2108e-04
1.6835e-03
2.6912e-03
3.6182e-03
4.3758e-03
4.5628e-03
3.9504e-03
2.4641e-03
6.6875e-04
-3.9960e-04
-3.0209e-04
7.0653e-04
1.8914e-03
2.6259e-03
2.7341e-03
2.2098e-03
1.2629e-03
2.4733e-04
-2.8385e-04
5.5535e-05
8.3122e-04
1.0625e-03
1.9680e-04
-1.2834e-03
-2.5201e-03
-3.0049e-03
-2.4022e-03
-9.0502e-04
5.5277e-04
9.2520e-04
-6.3306e-05
-1.6780e-03
-3.0651e-03
-3.7288e-03
-3.7063e-03
-3.7478e-03
-4.4848e-03
-5.8241e-03
-6.9680e-03
-7.3876e-03
-7.3805e-03
-7.1767e-03
-6.4821e-03
-5.2097e-03
-4.0048e-03
-3.5658e-03
-3.7683e-03
-4.2564e-03
-4.6109e-03
-4.3125e-03
-3.9026e-03
-3.8852e-03
-3.9479e-03
-3.8938e-03
-3.7917e-03
-3.9527e-03
-4.3684e-03
-4.6284e-03
-4.4489e-03
-3.6249e-03
-2.5937e-03
-2.2509e-03
-2.8106e-03
-3.8753e-03
-4.9497e-03
-5.5140e-03
-5.0692e-03
-3.7653e-03
-2.4919e-03
-1.8843e-03
-1.7831e-03
-1.5345e-03
-7.5928e-04
4.0400e-04
1.4146e-03
1.6181e-03
9.8925e-04
7.7223e-05
-5.5967e-04
-8.9118e-04
-1.3703e-03
-2.0058e-03
-2.5593e-03
-2.9280e-03
-2.8093e-03
-2.2016e-03
-1.4854e-03
-9.2900e-04
-6.4345e-04
-4.8286e-04
-3.6441e-04
-1.2078e-04
6.2728e-04
2.0108e-03
4.0829e-03
6.6254e-03
8.8505e-03
9.9363e-03
9.8518e-03
9.5485e-03
9.6958e-03
1.0111e-02
1.0351e-02
1.0239e-02
9.7924e-03
8.8554e-03
7.4469e-03
6.1147e-03
5.3149e-03
5.1062e-03
5.3132e-03
5.6197e-03
5.7565e-03
5.4546e-03
4.7097e-03
3.8565e-03
3.3327e-03
3.2796e-03
3.4137e-03
3.3564e-03
2.7836e-03
1.8787e-03
1.0109e-03
2.0495e-04
-5.4483e-04
-9.5754e-04
-6.5557e-04
3.3046e-04
1.5511e-03
2.4715e-03
2.9722e-03
2.9787e-03
2.1189e-03
5.5257e-04
-9.0769e-04
-1.6818e-03
-1.8170e-03
-1.5955e-03
-1.1386e-03
-2.8864e-04
5.9372e-04
8.2992e-04
2.6599e-04
-8.9465e-04
-2.3922e-03
-3.9495e-03
-5.1767e-03
-5.8989e-03
-6.3715e-03
-6.9174e-03
-7.6032e-03
-7.9886e-03
-7.5574e-03
-6.0615e-03
-3.9482e-03
-2.2851e-03
-1.5816e-03
-1.5604e-03
-1.8593e-03
-2.2236e-03
-2.2902e-03
-2.0518e-03
-1.9844e-03
-2.3900e-03
-3.3136e-03
-4.3494e-03
-4.9561e-03
-4.9882e-03
-4.4106e-03
-3.4878e-03
-2.5873e-03
-1.9157e-03
-1.6868e-03
-2.1377e-03
-3.1127e-03
-4.1436e-03
-4.8813e-03
-4.8981e-03
-3.8828e-03
-2.2398e-03
-6.7953e-04
3.1206e-04
7.7637e-04
9.3771e-04
1.1951e-03
2.0049e-03
3.1175e-03
4.1880e-03
4.8584e-03
4.9097e-03
4.5968e-03
4.0725e-03
3.4222e-03
2.9261e-03
2.8729e-03
3.2853e-03
3.9091e-03
4.1691e-03
3.7935e-03
3.3450e-03
3.2018e-03
3.1047e-03
2.8978e-03
2.7186e-03
2.7166e-03
2.6220e-03
2.0971e-03
1.2802e-03
5.5197e-04
1.6740e-05
-5.2842e-04
-9.6634e-04
-1.0830e-03
-7.8153e-04
-7.8971e-05
6.6093e-04
1.0917e-03
1.1398e-03
6.8899e-04
-6.1313e-05
-6.2915e-04
-9.2292e-04
-1.1358e-03
-1.7243e-03
-2.6510e-03
-3.1432e-03
-2.8589e-03
-2.1178e-03
-1.3403e-03
-5.9287e-04
7.6733e-05
4.3754e-04
5.3315e-04
4.9267e-04
4.7914e-04
8.1797e-04
1.5291e-03
1.9820e-03
1.6886e-03
1.0631e-03
8.4674e-04
1.1505e-03
1.4709e-03
1.3061e-03
8.0421e-04
6.7635e-04
1.1157e-03
1.6463e-03
1.5418e-03
3.8782e-04
-1.3156e-03
-2.7723e-03
-3.4631e-03
-3.1866e-03
-2.3837e-03
-1.8297e-03
-1.7783e-03
-2.0625e-03
-2.3476e-03
-2.4125e-03
-2.1914e-03
-1.6493e-03
-9.4174e-04
-4.3115e-04
-2.2670e-04
1.1575e-04
8.0561e-04
1.5636e-03
2.1648e-03
2.3957e-03
2.4379e-03
2.6385e-03
2.9327e-03
3.1645e-03
3.3502e-03
3.6491e-03
4.1592e-03
4.6135e-03
4.7221e-03
4.4822e-03
4.0569e-03
3.7673e-03
3.6850e-03
3.6286e-03
3.5568e-03
3.3456e-03
2.8450e-03
1.9351e-03
6.9824e-04
-2.9396e-04
-7.1736e-04
-6.3998e-04
-2.5749e-04
8.6068e-05
2.5097e-04
3.2831e-04
3.0191e-04
-6.4878e-05
-5.5984e-04
-6.2760e-04
5.0326e-05
1.3730e-03
2.7337e-03
3.5274e-03
3.4472e-03
2.4287e-03
8.0158e-04
-6.2453e-04
-1.2386e-03
-1.1368e-03
-8.3212e-04
-8.5488e-04
-1.6838e-03
-3.2857e-03
-4.9441e-03
-6.0670e-03
-6.6672e-03
-6.8478e-03
-6.7018e-03
-6.3841e-03
-6.0896e-03
-5.9846e-03
-6.0086e-03
-5.8754e-03
-5.1060e-03
-3.8205e-03
-2.7173e-03
-2.1635e-03
-2.0293e-03
-2.0708e-03
-2.2964e-03
-2.6496e-03
-3.0078e-03
-3.4195e-03
-3.6714e-03
-3.5485e-03
-3.3301e-03
-3.3769e-03
-3.5222e-03
-3.4527e-03
-3.1929e-03
-2.6561e-03
-1.8771e-03
-1.3034e-03
-1.0607e-03
-8.5605e-04
-7.0508e-04
-7.7154e-04
-9.6183e-04
-1.0461e-03
-8.8472e-04
-4.8721e-04
3.0882e-05
3.8057e-04
2.4951e-04
-2.4636e-04
-7.4605e-04
-1.0433e-03
-1.1919e-03
-1.3584e-03
-1.3645e-03
-1.0745e-03
-8.2026e-04
-8.5325e-04
-9.5676e-04
-6.9246e-04
-1.8668e-05
8.2658e-04
1.5745e-03
1.9691e-03
2.0897e-03
2.1980e-03
2.4587e-03
2.7340e-03
2.8247e-03
2.6925e-03
2.3514e-03
2.0830e-03
2.0008e-03
1.9807e-03
2.0082e-03
1.7334e-03
1.0521e-03
6.2847e-04
7.7198e-04
1.2680e-03
2.0191e-03
2.9931e-03
3.9183e-03
4.4272e-03
4.3217e-03
3.5217e-03
2.1767e-03
8.2578e-04
1.7607e-05
-1.4753e-04
9.6922e-05
5.6679e-04
1.2584e-03
2.1463e-03
3.1134e-03
4.0052e-03
4.6360e-03
4.8496e-03
4.5606e-03
3.9435e-03
3.3512e-03
3.0978e-03
3.0905e-03
2.8428e-03
2.3189e-03
1.6262e-03
6.5423e-04
-4.8538e-04
-1.4524e-03
-2.0029e-03
-2.2186e-03
-2.3785e-03
-2.4049e-03
-2.0155e-03
-1.2525e-03
-3.9123e-04
4.7525e-04
1.5620e-03
2.8335e-03
3.7858e-03
3.8823e-03
3.2059e-03
2.3880e-03
1.8482e-03
1.6985e-03
1.8734e-03
2.0335e-03
1.7461e-03
8.0093e-04
-5.2107e-04
-1.6302e-03
-2.2489e-03
-2.6246e-03
-3.2171e-03
-4.1735e-03
-5.0782e-03
-5.4636e-03
-5.3436e-03
-4.8201e-03
-3.8992e-03
-2.7572e-03
-2.1121e-03
-2.5483e-03
-3.4162e-03
-3.7219e-03
-3.2963e-03
-2.5466e-03
-1.8473e-03
-1.1281e-03
-2.3156e-04
5.5977e-04
8.1326e-04
4.6890e-04
-1.5347e-04
-5.9647e-04
-6.5508e-04
-5.5488e-04
-4.1372e-04
-2.3483e-04
-1.7413e-04
-2.2736e-04
-2.6215e-04
-1.1430e-04
1.2761e-04
1.9328e-04
1.2911e-04
1.2342e-04
4.0308e-04
8.5246e-04
1.0006e-03
7.8132e-04
6.1169e-04
7.0265e-04
8.4694e-04
7.5208e-04
3.7034e-04
-8.6618e-05
-4.9432e-04
-9.3696e-04
-1.4543e-03
-1.7000e-03
-1.3243e-03
-6.7944e-04
-2.6526e-04
-1.2400e-04
-1.1576e-04
1.7975e-04
1.2443e-03
2.7136e-03
3.7858e-03
4.3387e-03
4.6094e-03
4.7728e-03
5.1255e-03
5.7114e-03
5.9903e-03
5.4155e-03
4.0404e-03
2.5153e-03
1.4470e-03
8.9354e-04
7.8004e-04
8.5789e-04
8.4387e-04
8.3376e-04
8.2064e-04
6.0690e-04
1.9149e-04
-5.8263e-05
7.2528e-05
4.1013e-04
9.4107e-04
1.4816e-03
1.5785e-03
1.1896e-03
7.6666e-04
6.8803e-04
8.5270e-04
1.0064e-03
1.0189e-03
8.3792e-04
5.1682e-04
1.7137e-04
-9.2037e-05
-2.3593e-04
-3.4097e-04
-5.2719e-04
-8.7200e-04
-1.4406e-03
-2.0869e-03
-2.4811e-03
-2.4630e-03
-2.2320e-03
-1.9124e-03
-1.4415e-03
-9.4820e-04
-5.4893e-04
-3.2358e-04
-1.6050e-04
1.2512e-04
4.7824e-04
8.0094e-04
1.0191e-03
9.5973e-04
5.6152e-04
6.8112e-05
-2.0292e-04
-1.0626e-04
2.0920e-04
3.8212e-04
4.1421e-04
2.7072e-04
-1.2590e-04
-5.1916e-04
-7.6437e-04
-8.1374e-04
-7.6900e-04
-8.2002e-04
-9.7601e-04
-1.0622e-03
-1.0701e-03
-1.2999e-03
-1.9129e-03
-2.6537e-03
-3.2461e-03
-3.6074e-03
-3.6624e-03
-3.2999e-03
-2.6691e-03
-2.2004e-03
-2.1062e-03
-2.2715e-03
-2.4869e-03
-2.4814e-03
-2.2069e-03
-1.8454e-03
-1.4154e-03
-8.0454e-04
4.2249e-06
6.2830e-04
5.5387e-04
-2.9327e-04
-1.5318e-03
-2.6451e-03
-3.2546e-03
-3.3071e-03
-2.9551e-03
-2.4652e-03
-2.0834e-03
-1.9437e-03
-2.0597e-03
-2.2619e-03
-2.3226e-03
-2.2994e-03
-2.2602e-03
-2.1260e-03
-1.9168e-03
-1.7764e-03
-1.9874e-03
-2.5508e-03
-3.1344e-03
-3.4149e-03
-3.3024e-03
-2.7767e-03
-1.9314e-03
-1.0519e-03
-2.1781e-04
5.7397e-04
1.3787e-03
2.0434e-03
2.2057e-03
1.8977e-03
1.4519e-03
1.1714e-03
1.1301e-03
1.1902e-03
1.4213e-03
1.9139e-03
2.4487e-03
2.8407e-03
2.9711e-03
2.8357e-03
2.5997e-03
2.2623e-03
1.7972e-03
1.3693e-03
1.3108e-03
1.6652e-03
2.1566e-03
2.6055e-03
2.7794e-03
2.7382e-03
2.7138e-03
2.6718e-03
2.7161e-03
2.9125e-03
3.0072e-03
2.7501e-03
2.2867e-03
2.1806e-03
2.4748e-03
2.6603e-03
2.5704e-03
2.3719e-03
2.2476e-03
2.3841e-03
2.7580e-03
3.1376e-03
3.4221e-03
3.5213e-03
3.3918e-03
3.1809e-03
2.9202e-03
2.6640e-03
2.3256e-03
1.8513e-03
1.3910e-03
9.6347e-04
5.4280e-04
1.1392e-04
-2.6726e-04
-4.8984e-04
-5.0629e-04
-4.9471e-04
-6.5909e-04
-9.1825e-04
-1.0783e-03
-1.2555e-03
-1.5956e-03
-1.9410e-03
-2.0074e-03
-1.5997e-03
-1.0760e-03
-8.3463e-04
-7.5632e-04
-7.1178e-04
-7.3230e-04
-8.8973e-04
-1.2810e-03
-1.7710e-03
-2.1181e-03
-2.2095e-03
-2.1110e-03
-2.0771e-03
-2.3010e-03
-2.6888e-03
-2.8775e-03
-2.7878e-03
-2.5642e-03
-2.2869e-03
-2.2330e-03
-2.5956e-03
-3.1312e-03
-3.4228e-03
-3.4246e-03
-3.3662e-03
-3.4205e-03
-3.6705e-03
-3.9005e-03
-3.7562e-03
-3.2377e-03
-2.5281e-03
-1.9161e-03
-1.7174e-03
-1.8660e-03
-1.8650e-03
-1.3216e-03
-2.9493e-04
8.5190e-04
1.7248e-03
2.1844e-03
2.3148e-03
2.1793e-03
1.7098e-03
8.7201e-04
-1.2824e-04
-7.9734e-04
-7.9650e-04
-2.5958e-04
3.6631e-04
5.1829e-04
5.6494e-05
-7.1086e-04
-1.2918e-03
-1.2144e-03
-5.0872e-04
4.0962e-04
1.1340e-03
1.3356e-03
9.6804e-04
2.7251e-04
-3.4591e-04
-5.5858e-04
-2.5464e-04
3.5326e-04
9.2499e-04
1.2607e-03
1.2967e-03
9.3980e-04
2.8532e-04
-2.1885e-04
-3.1947e-04
-1.9870e-05
5.4295e-04
1.0435e-03
1.2336e-03
1.2106e-03
1.2742e-03
1.4784e-03
1.6607e-03
1.7533e-03
1.8616e-03
1.7489e-03
1.3657e-03
1.1843e-03
1.2976e-03
1.4608e-03
1.4725e-03
1.3805e-03
1.3629e-03
1.3701e-03
1.4109e-03
1.4850e-03
1.4229e-03
1.3282e-03
1.3187e-03
1.3574e-03
1.4664e-03
1.6377e-03
1.7101e-03
1.5839e-03
1.2412e-03
8.5795e-04
7.3789e-04
1.0239e-03
1.6049e-03
2.0885e-03
2.3490e-03
2.5336e-03
2.7564e-03
3.1150e-03
3.5646e-03
3.9185e-03
3.9101e-03
3.4199e-03
2.5626e-03
1.7477e-03
1.3637e-03
1.3157e-03
1.3017e-03
1.2305e-03
1.2371e-03
1.4645e-03
1.8015e-03
1.9760e-03
1.7365e-03
1.1213e-03
4.6881e-04
6.0156e-05
-2.0201e-07
8.0827e-05
-8.1644e-05
-6.7857e-04
-1.4607e-03
-2.1243e-03
-2.5597e-03
-2.8184e-03
-2.8862e-03
-2.7272e-03
-2.4147e-03
-2.1123e-03
-1.9642e-03
-1.9914e-03
-2.0868e-03
-2.0866e-03
-1.8756e-03
-1.5406e-03
-1.2816e-03
-1.2361e-03
-1.5361e-03
-2.0240e-03
-2.2904e-03
-2.1419e-03
-1.6087e-03
-9.4447e-04
-5.4091e-04
-5.6915e-04
-9.4311e-04
-1.4387e-03
-1.7831e-03
-1.8957e-03
-1.8157e-03
-1.7927e-03
-2.0341e-03
-2.3609e-03
-2.5368e-03
-2.5465e-03
-2.5419e-03
-2.5017e-03
-2.3596e-03
-2.1714e-03
-1.9636e-03
-1.7849e-03
-1.6038e-03
-1.4956e-03
-1.5076e-03
-1.5309e-03
-1.6091e-03
-1.8181e-03
-1.9960e-03
-1.9992e-03
-1.8776e-03
-1.6475e-03
-1.2823e-03
-8.4401e-04
-5.6771e-04
-4.1667e-04
-1.7455e-04
1.2891e-04
3.3476e-04
2.3474e-04
-1.8938e-04
-6.6587e-04
-1.0404e-03
-1.3098e-03
-1.3380e-03
-1.0394e-03
-6.0711e-04
-3.1732e-04
-1.8644e-04
3.3774e-05
4.9188e-04
9.9116e-04
1.2429e-03
1.1248e-03
7.3320e-04
3.6525e-04
3.0580e-04
5.1431e-04
7.8418e-04
9.5562e-04
1.0049e-03
1.0829e-03
1.2431e-03
1.5119e-03
1.8639e-03
2.0779e-03
1.9641e-03
1.4513e-03
7.3614e-04
1.8675e-04
-2.7896e-05
1.6995e-04
6.1614e-04
8.7375e-04
7.8237e-04
5.6957e-04
2.9098e-04
-2.5791e-05
-1.8872e-04
-2.7143e-04
-2.9905e-04
-2.3986e-04
-8.7987e-05
2.1289e-04
4.8851e-04
6.1475e-04
6.3520e-04
7.3799e-04
1.0492e-03
1.5825e-03
2.2754e-03
2.9079e-03
3.3352e-03
3.4812e-03
3.2162e-03
2.7115e-03
2.1921e-03
1.7528e-03
1.4848e-03
1.3388e-03
1.2405e-03
1.1437e-03
1.0653e-03
1.0467e-03
1.0779e-03
1.2039e-03
1.3229e-03
1.3265e-03
1.1757e-03
9.1106e-04
6.0291e-04
2.2629e-04
-1.1056e-04
-3.0198e-04
-3.7366e-04
-3.4517e-04
-2.5610e-04
5.3028e-05
6.8329e-04
1.5484e-03
2.3437e-03
2.7040e-03
2.5798e-03
2.0795e-03
1.4300e-03
9.0297e-04
5.9984e-04
4.7912e-04
5.0446e-04
6.8385e-04
9.7931e-04
1.3893e-03
1.7572e-03
1.8149e-03
1.6340e-03
1.3401e-03
1.0405e-03
9.2725e-04
9.7430e-04
9.4249e-04
6.8511e-04
2.3343e-04
-2.2047e-04
-5.3569e-04
-6.4343e-04
-7.5071e-04
-1.1745e-03
-1.7619e-03
-2.1510e-03
-2.1672e-03
-1.9106e-03
-1.6970e-03
-1.8156e-03
-2.3541e-03
-3.1383e-03
-3.8746e-03
-4.3781e-03
-4.5524e-03
-4.4220e-03
-4.1877e-03
-4.0193e-03
-3.8748e-03
-3.6046e-03
-3.1387e-03
-2.5571e-03
-1.9889e-03
-1.5051e-03
-1.1616e-03
-9.6040e-04
-8.3586e-04
-7.5630e-04
-7.6159e-04
-8.5085e-04
-9.1810e-04
-8.2396e-04
-4.2549e-04
2.1814e-04
7.6095e-04
9.3641e-04
7.6123e-04
4.5785e-04
1.6886e-04
-1.0304e-04
-3.2867e-04
-5.1900e-04
-8.5916e-04
-1.4008e-03
-2.0076e-03
-2.4705e-03
-2.7210e-03
-2.7465e-03
-2.5749e-03
-2.4671e-03
-2.4986e-03
-2.4987e-03
-2.3645e-03
-2.0414e-03
-1.5167e-03
-9.1508e-04
-4.8295e-04
-3.0364e-04
-1.3929e-04
1.8275e-04
6.8103e-04
1.2180e-03
1.5392e-03
1.5465e-03
1.2854e-03
9.9389e-04
9.1224e-04
1.0075e-03
1.0930e-03
1.0077e-03
7.7369e-04
4.8635e-04
3.3931e-04
4.8348e-04
7.4504e-04
9.5007e-04
1.0180e-03
9.7342e-04
8.9555e-04
7.6593e-04
6.5678e-04
6.3049e-04
6.9111e-04
8.3203e-04
9.7496e-04
1.1357e-03
1.3505e-03
1.5612e-03
1.7260e-03
1.8477e-03
1.9603e-03
2.0489e-03
2.1097e-03
2.0995e-03
1.9590e-03
1.8242e-03
1.7323e-03
1.4974e-03
1.1492e-03
9.3348e-04
9.1540e-04
9.7931e-04
1.1466e-03
1.3893e-03
1.5057e-03
1.3125e-03
7.9712e-04
2.5940e-04
-6.6276e-05
-2.3207e-04
-4.0407e-04
-7.3126e-04
-1.1626e-03
-1.6101e-03
-2.0895e-03
-2.5299e-03
-2.8035e-03
-2.8348e-03
-2.6585e-03
-2.3255e-03
-1.8538e-03
-1.3279e-03
-8.3833e-04
-4.7832e-04
-3.1533e-04
-3.1289e-04
-3.3021e-04
-2.6734e-04
-1.9241e-04
-1.6153e-04
-8.2712e-05
1.2497e-04
3.6594e-04
5.1179e-04
5.2101e-04
5.0123e-04
5.4132e-04
7.2208e-04
1.1188e-03
1.6137e-03
2.0510e-03
2.4147e-03
2.6255e-03
2.7061e-03
2.8466e-03
3.0374e-03
3.0804e-03
2.8489e-03
2.4675e-03
1.9716e-03
1.3253e-03
7.0150e-04
2.6010e-04
2.4268e-05
-1.1112e-04
-2.6313e-04
-4.1795e-04
-4.3844e-04
-1.4159e-04
4.3220e-04
9.5144e-04
1.1863e-03
1.1113e-03
8.0208e-04
5.1167e-04
4.2707e-04
5.0244e-04
6.2308e-04
7.0377e-04
7.0570e-04
6.6331e-04
6.2697e-04
6.3784e-04
7.4950e-04
7.9442e-04
6.0947e-04
3.0194e-04
6.1993e-05
5.6628e-06
4.7242e-05
3.2150e-05
-1.8759e-04
-5.7577e-04
-9.1515e-04
-1.0436e-03
-9.6687e-04
-8.3279e-04
-7.7365e-04
-7.6921e-04
-7.7248e-04
-7.1790e-04
-5.8967e-04
-3.9080e-04
-8.7896e-05
1.6431e-04
1.8309e-04
-3.4504e-05
-3.6152e-04
-5.8560e-04
-5.5659e-04
-3.9797e-04
-2.7852e-04
-2.6166e-04
-3.0546e-04
-3.3926e-04
-4.6438e-04
-7.0320e-04
-9.6119e-04
-1.1928e-03
-1.4800e-03
-1.8404e-03
-2.1750e-03
-2.3630e-03
-2.3596e-03
-2.2878e-03
-2.0840e-03
-1.6559e-03
-1.1349e-03
-7.6125e-04
-6.4264e-04
-6.9605e-04
-8.4849e-04
-1.0681e-03
-1.2948e-03
-1.3250e-03
-9.7475e-04
-4.7064e-04
-1.4431e-04
-7.3315e-05
-5.4669e-05
1.8951e-06
4.7330e-05
8.0806e-05
2.1145e-04
5.1867e-04
8.6984e-04
9.8489e-04
7.2864e-04
3.9426e-04
2.7761e-04
4.0854e-04
6.8229e-04
9.0539e-04
9.3221e-04
7.3779e-04
3.7296e-04
3.0421e-05
-5.6288e-05
6.0160e-05
8.3479e-05
-1.1304e-04
-3.6255e-04
-3.3996e-04
8.5744e-05
6.2919e-04
9.4910e-04
8.7302e-04
5.0730e-04
1.5161e-04
-1.2928e-05
3.3241e-05
1.6288e-04
1.7561e-04
-2.7659e-06
-2.4079e-04
-4.0890e-04
-4.2285e-04
-3.2810e-04
-2.2315e-04
-1.7781e-04
-2.2366e-04
-3.4250e-04
-4.4997e-04
-3.9709e-04
-1.6974e-04
1.8112e-04
5.3977e-04
7.4994e-04
8.3222e-04
8.5293e-04
7.5998e-04
5.7022e-04
3.8734e-04
2.5475e-04
1.8370e-04
7.9238e-05
-8.5675e-05
-1.8891e-04
-1.5506e-04
-6.3827e-05
-1.9321e-05
1.4888e-06
9.3702e-06
6.5529e-06
7.1812e-06
5.6672e-05
1.8915e-04
3.0987e-04
2.4420e-04
-6.4944e-05
-5.5761e-04
-1.0563e-03
-1.4219e-03
-1.6508e-03
-1.8638e-03
-2.1583e-03
-2.4452e-03
-2.6039e-03
-2.5734e-03
-2.5312e-03
-2.5646e-03
-2.5925e-03
-2.6362e-03
-2.5750e-03
-2.2604e-03
-1.8233e-03
-1.4117e-03
-9.9426e-04
-6.0910e-04
-3.5131e-04
-2.5072e-04
-2.5703e-04
-3.6152e-04
-5.3642e-04
-6.7675e-04
-7.7826e-04
-8.3380e-04
-8.0097e-04
-7.1034e-04
-5.7876e-04
-3.6428e-04
-5.6497e-05
2.7321e-04
4.5152e-04
3.8415e-04
1.1648e-04
-2.4500e-04
-4.7051e-04
-4.6003e-04
-2.7978e-04
5.4801e-06
3.0057e-04
5.1670e-04
5.7411e-04
5.2710e-04
5.1275e-04
5.8518e-04
6.6087e-04
7.7183e-04
1.0269e-03
1.3667e-03
1.7288e-03
2.1874e-03
2.6744e-03
3.0911e-03
3.4240e-03
3.5224e-03
3.4003e-03
3.1613e-03
2.8687e-03
2.6241e-03
2.4963e-03
2.4997e-03
2.4955e-03
2.4951e-03
2.5285e-03
2.4812e-03
2.2787e-03
1.8900e-03
1.4320e-03
1.0416e-03
7.3132e-04
4.2286e-04
1.6487e-04
2.4332e-05
-4.1909e-05
7.0577e-05
3.6252e-04
7.0815e-04
1.0250e-03
1.2832e-03
1.4454e-03
1.4964e-03
1.4781e-03
1.4508e-03
1.3763e-03
1.1560e-03
7.6623e-04
3.2209e-04
-9.6961e-05
-3.9425e-04
-5.4779e-04
-6.6559e-04
-7.2314e-04
-6.9617e-04
-7.0002e-04
-8.2888e-04
-1.0267e-03
-1.1427e-03
-1.0852e-03
-8.8237e-04
-6.4440e-04
-4.8034e-04
-4.0729e-04
-3.8664e-04
-3.8073e-04
-4.8321e-04
-6.8507e-04
-8.7917e-04
-9.9647e-04
-9.9039e-04
-8.7831e-04
-6.8623e-04
-4.9405e-04
-4.0381e-04
-3.9205e-04
-4.5271e-04
-5.9736e-04
-7.4520e-04
-8.0004e-04
-6.9229e-04
-4.2727e-04
-9.6261e-05
2.2040e-04
4.2877e-04
5.1950e-04
5.9545e-04
6.6636e-04
7.2613e-04
7.1898e-04
5.0482e-04
1.4875e-04
-4.7103e-05
6.0478e-05
2.5336e-04
2.0303e-04
-1.3545e-04
-5.8059e-04
-1.0314e-03
-1.4266e-03
-1.6021e-03
-1.4935e-03
-1.2286e-03
-9.6489e-04
-8.1205e-04
-7.0059e-04
-5.6477e-04
-5.5570e-04
-6.6337e-04
-7.9459e-04
-9.1600e-04
-1.0493e-03
-1.1850e-03
-1.2615e-03
-1.1990e-03
-1.0024e-03
-7.2805e-04
-4.6295e-04
-3.1745e-04
-3.1975e-04
-5.0811e-04
-8.1186e-04
-1.0478e-03
-1.1788e-03
-1.2187e-03
-1.3107e-03
-1.4359e-03
-1.4436e-03
-1.3554e-03
-1.1080e-03
-6.8867e-04
-1.6884e-04
3.1158e-04
6.3692e-04
7.6875e-04
7.8572e-04
8.0873e-04
7.8436e-04
6.6387e-04
4.6788e-04
1.8870e-04
-1.5487e-04
-4.6509e-04
-6.8626e-04
-8.0106e-04
-7.2069e-04
-4.9407e-04
-2.7107e-04
-1.3553e-04
1.8494e-05
2.4350e-04
4.0686e-04
4.5921e-04
3.7674e-04
1.5892e-04
-1.3730e-04
-4.4284e-04
-6.0544e-04
-5.0716e-04
-2.5587e-04
-2.6852e-05
1.4381e-04
3.8996e-04
6.7213e-04
9.9338e-04
1.4370e-03
1.8424e-03
2.1477e-03
2.3353e-03
2.4355e-03
2.4977e-03
2.5380e-03
2.5784e-03
2.6092e-03
2.5179e-03
2.3097e-03
2.1226e-03
1.9672e-03
1.9091e-03
1.9805e-03
2.0260e-03
1.9538e-03
1.8250e-03
1.6277e-03
1.3524e-03
1.1625e-03
1.1056e-03
1.1590e-03
1.3511e-03
1.5616e-03
1.7090e-03
1.8120e-03
1.8853e-03
1.8438e-03
1.6026e-03
1.1758e-03
7.2832e-04
3.6762e-04
1.4119e-04
6.1994e-05
5.4876e-06
-5.8370e-05
-1.2702e-04
-2.8699e-04
-5.6671e-04
-8.9677e-04
-1.1810e-03
-1.4381e-03
-1.7066e-03
-1.9879e-03
-2.2000e-03
-2.2817e-03
-2.2650e-03
-2.1529e-03
-1.9796e-03
-1.7547e-03
-1.4769e-03
-1.1449e-03
-9.0651e-04
-9.3143e-04
-1.1305e-03
-1.3362e-03
-1.3766e-03
-1.2335e-03
-1.0930e-03
-1.0435e-03
-1.0294e-03
-1.0853e-03
-1.2326e-03
-1.3782e-03
-1.4997e-03
-1.4935e-03
-1.3819e-03
-1.3187e-03
-1.3017e-03
-1.2213e-03
-1.0517e-03
-8.2644e-04
-6.1346e-04
-4.8299e-04
-5.0844e-04
-7.0921e-04
-9.5086e-04
-1.1336e-03
-1.2772e-03
-1.3430e-03
-1.3178e-03
-1.3463e-03
-1.4824e-03
-1.6301e-03
-1.7180e-03
-1.7042e-03
-1.6009e-03
-1.4774e-03
-1.3606e-03
-1.2511e-03
-1.1511e-03
-1.1237e-03
-1.1759e-03
-1.1220e-03
-9.2538e-04
-7.6322e-04
-6.6665e-04
-5.2793e-04
-4.0513e-04
-3.2376e-04
-2.0680e-04
-7.6793e-05
-3.2063e-05
-5.3815e-05
-1.6072e-04
-3.9010e-04
-6.2068e-04
-8.2502e-04
-1.1326e-03
-1.5674e-03
-2.0124e-03
-2.3000e-03
-2.2897e-03
-1.9367e-03
-1.4369e-03
-1.0198e-03
-7.6255e-04
-7.4353e-04
-8.1280e-04
-7.7552e-04
-6.4634e-04
-5.2878e-04
-4.3782e-04
-3.9366e-04
-3.6580e-04
-2.1558e-04
8.2849e-05
4.1904e-04
6.9583e-04
8.8841e-04
9.9628e-04
9.4635e-04
8.7285e-04
8.7390e-04
8.6987e-04
8.5277e-04
7.3584e-04
5.2199e-04
3.0949e-04
1.2116e-04
1.5793e-05
-9.3551e-05
-1.1509e-04
6.5821e-05
4.0200e-04
8.2185e-04
1.2338e-03
1.5371e-03
1.6437e-03
1.6457e-03
1.7182e-03
1.8284e-03
1.8687e-03
1.9428e-03
2.0581e-03
2.1840e-03
2.3427e-03
2.5613e-03
2.7845e-03
2.9244e-03
2.9781e-03
2.9788e-03
2.9087e-03
2.7529e-03
2.5452e-03
2.3181e-03
2.1389e-03
2.0344e-03
2.0173e-03
2.0072e-03
1.9448e-03
1.8893e-03
1.9704e-03
2.1142e-03
2.1605e-03
2.1290e-03
2.0172e-03
1.8745e-03
1.7478e-03
1.6333e-03
1.5081e-03
1.3835e-03
1.3378e-03
1.3285e-03
1.3070e-03
1.2484e-03
1.1212e-03
9.7265e-04
9.2962e-04
1.0505e-03
1.2674e-03
1.4935e-03
1.7361e-03
1.9556e-03
2.1216e-03
2.2091e-03
2.1765e-03
2.0364e-03
1.8768e-03
1.7243e-03
1.5377e-03
1.3300e-03
1.1415e-03
9.9827e-04
8.1646e-04
6.1057e-04
4.6968e-04
3.2410e-04
1.9102e-04
1.3531e-06
-2.8125e-04
-5.4637e-04
-7.3929e-04
-8.6598e-04
-9.8112e-04
-1.0466e-03
-1.0535e-03
-1.0638e-03
-1.0534e-03
-1.0015e-03
-9.8404e-04
-1.1403e-03
-1.4179e-03
-1.5863e-03
-1.5274e-03
-1.2553e-03
-1.0181e-03
-1.0960e-03
-1.5673e-03
-2.2721e-03
-2.9128e-03
-3.2991e-03
-3.3797e-03
-3.2502e-03
-3.1082e-03
-3.0574e-03
-3.1584e-03
-3.3272e-03
-3.3307e-03
-3.1959e-03
-3.0253e-03
-2.9010e-03
-2.8383e-03
-2.7418e-03
-2.5865e-03
-2.4249e-03
-2.2334e-03
-1.9994e-03
-1.7481e-03
-1.5746e-03
-1.6324e-03
-1.7185e-03
-1.5821e-03
-1.2309e-03
-8.2064e-04
-5.0285e-04
-3.3521e-04
-2.7670e-04
-2.1027e-04
-1.0193e-04
-1.2568e-05
1.7223e-06
-1.2944e-04
-3.8681e-04
-5.3835e-04
-4.6382e-04
-2.4707e-04
1.8770e-05
2.2441e-04
2.9569e-04
2.7836e-04
3.0110e-04
3.4453e-04
3.4107e-04
3.5528e-04
4.3400e-04
5.3278e-04
5.0263e-04
3.0441e-04
1.3515e-04
1.7952e-04
4.6207e-04
9.0560e-04
1.3559e-03
1.6655e-03
1.7930e-03
1.8151e-03
1.7155e-03
1.5393e-03
1.4668e-03
1.4998e-03
1.4959e-03
1.3188e-03
1.0076e-03
7.4331e-04
5.7855e-04
4.0361e-04
1.0354e-04
-3.2424e-04
-6.9771e-04
-8.9290e-04
-9.8128e-04
-1.1382e-03
-1.4444e-03
-1.7949e-03
-2.0565e-03
-2.1302e-03
-2.0372e-03
-1.8799e-03
-1.7721e-03
-1.6973e-03
-1.5348e-03
-1.2922e-03
-9.4972e-04
-5.4644e-04
-2.3126e-04
-8.1931e-05
-1.5807e-04
-4.1192e-04
-5.9367e-04
-4.9222e-04
-1.8308e-04
1.2785e-04
3.4838e-04
4.7913e-04
5.1379e-04
5.1747e-04
4.8530e-04
4.0256e-04
2.9784e-04
2.0304e-04
1.4673e-04
5.6657e-05
-1.4574e-04
-4.3416e-04
-7.7527e-04
-1.0707e-03
-1.1655e-03
-1.0267e-03
-6.9099e-04
-3.8926e-04
-3.4999e-04
-5.2184e-04
-6.0170e-04
-4.0270e-04
-3.4597e-05
2.4092e-04
2.4339e-04
8.2473e-05
-9.5950e-05
-1.9880e-04
-1.2673e-04
1.4254e-04
5.8983e-04
1.0790e-03
1.4275e-03
1.5531e-03
1.5756e-03
1.6559e-03
1.7307e-03
1.6715e-03
1.4136e-03
1.1356e-03
1.0051e-03
9.9641e-04
1.1054e-03
1.2482e-03
1.2079e-03
9.1550e-04
5.5812e-04
3.4079e-04
3.3293e-04
4.9913e-04
7.2939e-04
9.5609e-04
1.1176e-03
1.1719e-03
1.0985e-03
8.7782e-04
5.9513e-04
3.5332e-04
1.8597e-04
1.8272e-04
3.9375e-04
6.0658e-04
6.2476e-04
5.0248e-04
3.9172e-04
3.2780e-04
1.9335e-04
-1.3290e-05
-1.8334e-04
-1.3405e-04
1.5652e-04
4.4203e-04
5.3735e-04
4.3125e-04
3.5719e-04
4.3955e-04
4.9452e-04
5.9020e-04
7.7388e-04
8.5218e-04
7.3863e-04
4.0705e-04
9.4883e-05
-2.4848e-05
-9.1952e-05
-7.8723e-05
6.9822e-05
2.2894e-04
2.6438e-04
2.0318e-04
8.3211e-05
-8.0837e-06
2.3014e-05
5.4085e-05
5.8155e-05
1.6851e-04
3.5598e-04
5.6699e-04
8.0337e-04
1.1046e-03
1.3894e-03
1.4976e-03
1.3760e-03
1.1177e-03
9.8032e-04
1.1180e-03
1.3794e-03
1.4492e-03
1.2287e-03
8.5002e-04
4.0563e-04
2.1803e-05
-1.5319e-04
-1.2263e-04
6.4584e-05
3.7713e-04
6.1523e-04
6.2534e-04
4.6629e-04
2.9757e-04
2.4938e-04
3.5038e-04
5.4639e-04
6.1186e-04
4.6403e-04
1.6617e-04
-1.9235e-04
-4.2556e-04
-4.7132e-04
-3.4854e-04
-2.0364e-04
-1.5141e-04
-2.0291e-04
-3.3484e-04
-4.1584e-04
-4.2195e-04
-4.0403e-04
-3.0688e-04
-1.4545e-04
-8.2768e-06
1.1514e-04
1.2246e-04
-1.3117e-04
-5.3834e-04
-9.3457e-04
-1.2211e-03
-1.3114e-03
-1.2976e-03
-1.3755e-03
-1.5229e-03
-1.6792e-03
-1.8140e-03
-1.9197e-03
-2.0201e-03
-2.0575e-03
-2.0785e-03
-2.2155e-03
-2.3923e-03
-2.4179e-03
-2.2084e-03
-1.7982e-03
-1.3983e-03
-1.2947e-03
-1.3965e-03
-1.4976e-03
-1.5737e-03
-1.5842e-03
-1.4350e-03
-1.1762e-03
-1.0078e-03
-9.3427e-04
-8.9172e-04
-8.4812e-04
-8.2026e-04
-9.6525e-04
-1.2624e-03
-1.5394e-03
-1.6932e-03
-1.7351e-03
-1.8189e-03
-1.9767e-03
-2.0174e-03
-1.8712e-03
-1.7070e-03
-1.6328e-03
-1.5913e-03
-1.5892e-03
-1.6063e-03
-1.4781e-03
-1.1606e-03
-7.0746e-04
-2.1859e-04
1.5629e-04
3.2051e-04
3.7306e-04
4.3076e-04
4.6988e-04
4.2736e-04
3.9110e-04
4.8357e-04
6.5565e-04
8.1618e-04
9.1204e-04
9.5747e-04
1.0203e-03
1.1191e-03
1.2644e-03
1.4232e-03
1.5754e-03
1.7363e-03
1.8431e-03
1.8790e-03
1.8573e-03
1.7576e-03
1.6312e-03
1.4785e-03
1.3346e-03
1.3148e-03
1.4194e-03
1.5781e-03
1.6677e-03
1.5810e-03
1.3527e-03
1.1208e-03
9.8943e-04
9.9728e-04
1.0820e-03
1.1205e-03
1.0387e-03
8.9807e-04
8.2290e-04
8.0682e-04
8.3547e-04
8.9097e-04
8.8254e-04
8.0326e-04
6.2629e-04
4.0672e-04
2.8873e-04
2.8470e-04
2.2538e-04
6.2026e-05
-1.1544e-04
-2.3335e-04
-2.7182e-04
-2.4886e-04
-1.3153e-04
-5.1035e-06
8.9699e-05
5.5597e-05
-8.0817e-05
-1.9762e-04
-3.0203e-04
-3.1262e-04
-2.4625e-04
-2.0100e-04
-2.0649e-04
-2.4000e-04
-2.9316e-04
-3.5459e-04
-3.9037e-04
-4.2026e-04
-4.3552e-04
-4.5244e-04
-4.1280e-04
-2.8083e-04
-1.6895e-04
-5.1583e-05
1.6362e-04
4.0414e-04
5.6783e-04
6.6442e-04
7.4321e-04
8.6070e-04
8.8062e-04
8.4311e-04
8.0642e-04
7.8583e-04
9.1778e-04
1.1912e-03
1.4519e-03
1.6542e-03
1.8675e-03
2.0290e-03
2.0859e-03
2.0178e-03
1.8295e-03
1.6792e-03
1.6403e-03
1.6821e-03
1.7329e-03
1.6780e-03
1.4285e-03
1.0828e-03
7.6353e-04
5.8214e-04
5.2275e-04
4.5765e-04
3.6175e-04
2.4128e-04
1.4194e-04
1.6017e-04
1.5769e-04
2.2975e-05
-5.7929e-05
-9.5162e-05
-2.2152e-04
-3.4325e-04
-3.8047e-04
-3.2301e-04
-1.5187e-04
2.3703e-05
9.9173e-05
8.4779e-05
1.1947e-04
2.5707e-04
4.3037e-04
5.9969e-04
6.8382e-04
6.2081e-04
4.5839e-04
2.4334e-04
3.3342e-05
-1.1718e-04
-1.9047e-04
-1.8310e-04
-1.7867e-04
-3.0994e-04
-5.7405e-04
-8.7227e-04
-1.1783e-03
-1.4320e-03
-1.6662e-03
-1.8700e-03
-2.0568e-03
-2.2791e-03
-2.5057e-03
-2.7090e-03
-2.8881e-03
-2.9989e-03
-2.9668e-03
-2.8245e-03
-2.6187e-03
-2.3779e-03
-2.1597e-03
-1.9913e-03
-1.8408e-03
-1.7180e-03
-1.6473e-03
-1.6087e-03
-1.5421e-03
-1.4606e-03
-1.4152e-03
-1.3979e-03
-1.4185e-03
-1.4785e-03
-1.5348e-03
-1.6293e-03
-1.7537e-03
-1.8117e-03
-1.8857e-03
-2.0107e-03
-2.0820e-03
-2.0756e-03
-2.0042e-03
-1.8591e-03
-1.6783e-03
-1.5438e-03
-1.4773e-03
-1.4273e-03
-1.3030e-03
-1.1203e-03
-9.4618e-04
-7.6285e-04
-6.4678e-04
-6.4537e-04
-6.5282e-04
-5.8891e-04
-3.9830e-04
-1.5463e-04
3.0792e-05
1.6066e-04
2.6523e-04
3.2945e-04
3.3795e-04
3.4117e-04
3.8311e-04
4.6111e-04
5.6462e-04
6.8690e-04
8.2244e-04
1.0332e-03
1.2511e-03
1.3816e-03
1.5357e-03
1.7432e-03
1.9373e-03
2.0067e-03
1.9741e-03
1.9443e-03
1.9718e-03
2.0248e-03
2.0509e-03
2.0620e-03
2.0558e-03
2.0115e-03
1.9245e-03
1.8238e-03
1.7887e-03
1.8466e-03
1.9545e-03
2.0483e-03
2.1623e-03
2.3031e-03
2.4051e-03
2.4408e-03
2.3659e-03
2.2536e-03
2.1840e-03
2.1042e-03
2.0097e-03
1.8926e-03
1.7308e-03
1.5313e-03
1.3206e-03
1.1479e-03
1.0500e-03
1.0101e-03
9.6852e-04
8.6265e-04
6.2006e-04
3.2044e-04
4.9669e-05
-2.1466e-04
-5.0507e-04
-7.8037e-04
-1.0121e-03
-1.2034e-03
-1.3369e-03
-1.4265e-03
-1.4774e-03
-1.4536e-03
-1.3848e-03
-1.3046e-03
-1.2208e-03
-1.1555e-03
-1.0817e-03
-9.9294e-04
-8.9976e-04
-8.5760e-04
-8.8401e-04
-8.8789e-04
-8.4689e-04
-7.7469e-04
-7.0376e-04
-6.1035e-04
-4.3100e-04
-2.3856e-04
-1.2882e-04
-9.2677e-05
-9.5669e-05
-1.4063e-04
-2.3487e-04
-3.4512e-04
-3.9839e-04
-4.2116e-04
-4.5764e-04
-5.0038e-04
-5.2729e-04
-5.5673e-04
-6.0456e-04
-6.5903e-04
-6.5368e-04
-5.3652e-04
-3.5112e-04
-7.4298e-05
2.1804e-04
4.9124e-04
7.7076e-04
9.9138e-04
1.1622e-03
1.3180e-03
1.4534e-03
1.5952e-03
1.6931e-03
1.7165e-03
1.6875e-03
1.5913e-03
1.4010e-03
1.1340e-03
8.3323e-04
5.3670e-04
3.4468e-04
2.8280e-04
2.9283e-04
2.9717e-04
2.8165e-04
1.8228e-04
3.3804e-05
-1.1789e-04
-2.0165e-04
-1.7595e-04
-1.0097e-04
6.8947e-06
8.4320e-05
6.3666e-05
-3.7879e-05
-1.4301e-04
-2.1917e-04
-2.4693e-04
-2.3001e-04
-1.8713e-04
-1.6918e-04
-1.7787e-04
-1.7128e-04
-2.1208e-04
-3.1449e-04
-3.8664e-04
-4.2194e-04
-4.6293e-04
-5.4338e-04
-6.9886e-04
-8.6108e-04
-9.5897e-04
-1.0104e-03
-1.0323e-03
-1.0142e-03
-9.9278e-04
-9.7845e-04
-9.7500e-04
-1.0006e-03
-9.8831e-04
-9.0643e-04
-8.1801e-04
-7.7428e-04
-7.7991e-04
-8.1934e-04
-8.4693e-04
-8.2234e-04
-7.5162e-04
-6.4415e-04
-5.3279e-04
-4.7132e-04
-4.3442e-04
-3.6769e-04
-2.6915e-04
-1.6845e-04
-1.0755e-04
-1.3158e-04
-2.4328e-04
-3.8552e-04
-5.0062e-04
-5.5175e-04
-5.4725e-04
-5.1719e-04
-5.0952e-04
-5.1294e-04
-4.8973e-04
-4.2595e-04
-3.2424e-04
-2.0827e-04
-1.4175e-04
-1.2753e-04
-9.9627e-05
-4.5544e-05
7.2586e-06
4.9375e-05
4.8300e-05
2.0118e-05
3.7813e-05
1.3235e-04
2.5998e-04
3.6233e-04
4.6114e-04
5.4136e-04
5.9492e-04
6.5954e-04
7.2114e-04
7.6062e-04
7.8394e-04
7.9620e-04
8.0861e-04
8.1288e-04
8.1369e-04
8.1980e-04
8.4806e-04
9.0380e-04
9.6033e-04
1.0261e-03
1.1041e-03
1.1734e-03
1.1817e-03
1.1236e-03
1.0459e-03
9.6662e-04
8.8127e-04
7.8706e-04
6.8442e-04
5.7065e-04
4.7294e-04
3.9945e-04
3.4057e-04
2.9161e-04
2.2802e-04
1.7627e-04
1.5197e-04
1.2880e-04
1.1253e-04
1.1436e-04
1.1326e-04
8.8421e-05
6.1454e-05
3.3659e-05
-7.4884e-06
-5.0944e-05
-9.9512e-05
-1.4017e-04
-1.7770e-04
-2.3350e-04
-2.8919e-04
-3.3785e-04
-3.7992e-04
-4.1974e-04
-4.7395e-04
-5.2811e-04
-5.6105e-04
-5.9135e-04
-6.3712e-04
-6.7029e-04
-6.7890e-04
-6.9132e-04
-6.9044e-04
-6.7838e-04
-6.6220e-04
-6.4872e-04
-6.4695e-04
-6.4215e-04
-6.2771e-04
-5.9530e-04
-5.5100e-04
-5.0105e-04
-4.5875e-04
-3.9395e-04
-3.0534e-04
-2.2692e-04
-1.5881e-04
-1.2307e-04
-1.1646e-04
-1.1810e-04
-1.1841e-04
-1.1631e-04
-1.1944e-04
-1.1777e-04
-1.1642e-04
-1.2631e-04
-1.3536e-04
-1.3379e-04
-1.2653e-04
-1.0503e-04
-6.5557e-05
-1.8886e-05
3.8187e-05
8.5902e-05
1.0140e-04
1.0295e-04
1.0789e-04
1.1205e-04
1.1427e-04
1.1763e-04
1.2296e-04
1.1682e-04
8.9935e-05
6.6981e-05
6.5021e-05
7.2203e-05
8.9631e-05
1.0143e-04
1.0359e-04
1.0412e-04
1.1614e-04
1.4081e-04
1.6926e-04
1.9298e-04
2.1313e-04
2.2950e-04
2.4055e-04
2.4589e-04
2.4603e-04
2.5107e-04
2.5053e-04
2.3717e-04
2.1826e-04
1.9550e-04
1.6653e-04
1.3711e-04
1.0964e-04
7.9028e-05
4.8456e-05
2.6412e-05
1.4928e-05
1.2387e-05
1.5996e-05
2.3160e-05
2.8879e-05
3.2249e-05
3.7021e-05
3.7035e-05
3.4449e-05
3.4690e-05
3.4552e-05
3.9983e-05
4.8609e-05
4.9606e-05
4.4064e-05
3.2482e-05
1.7535e-05
9.5079e-06
8.1962e-06
6.7148e-06
5.6138e-06
6.0412e-06
4.2646e-06
3.9647e-06
5.2859e-06
4.1960e-06
2.0592e-06
3.7676e-08
-4.2746e-07
1.4044e-06
5.1425e-06
7.6043e-06
6.2285e-06
2.3373e-06
-2.3382e-06
-7.5200e-06
-1.1626e-05
-1.5241e-05
-1.9469e-05
-2.1777e-05
-2.1615e-05
-2.2655e-05
-2.3047e-05
-2.0367e-05
-1.6649e-05
-1.3598e-05
-1.2227e-05
-1.1278e-05
-1.0303e-05
-8.7500e-06
-6.4150e-06
-5.2717e-06
-5.7356e-06
-7.3236e-06
-9.2590e-06
-9.9736e-06
-9.0667e-06
-6.5796e-06
-3.5610e-06
-1.6553e-06
-1.0852e-06
-1.6504e-06
-2.2857e-06
-2.0063e-06
-1.0875e-06
-1.0482e-06
-1.4993e-06
-2.0260e-06
-2.4888e-06
-2.9680e-06
-4.0905e-06
-5.7645e-06
-7.7006e-06
-9.3794e-06
-1.0690e-05
-1.1691e-05
-1.1840e-05
-1.1276e-05
-1.0687e-05
-1.0350e-05
-1.0200e-05
-1.0217e-05
-1.0163e-05
-9.8512e-06
-9.3056e-06
-8.5359e-06
-7.7525e-06
-7.1762e-06
-6.8128e-06
-6.6788e-06
-6.6900e-06
-6.6403e-06
-6.3844e-06
-5.9839e-06
-5.5622e-06
-5.1976e-06
-4.8766e-06
-4.6412e-06
-4.4098e-06
-4.0993e-06
-3.7785e-06
-3.4426e-06
-3.1060e-06
-2.8335e-06
-2.5851e-06
-2.3635e-06
-2.1799e-06
-1.9772e-06
-1.7506e-06
-1.5418e-06
-1.3358e-06
-1.1455e-06
-1.0005e-06
-8.7313e-07
-7.7138e-07
-6.8410e-07
-5.8844e-07
-4.9294e-07
-4.0098e-07
-3.1408e-07
-2.3438e-07
-1.6371e-07
-1.0012e-07
-4.7802e-08
-4.9794e-09
3.0212e-08
6.0267e-08
8.7247e-08
1.1151e-07
1.3328e-07
1.5327e-07
1.7123e-07
1.8757e-07
2.0218e-07
2.1521e-07
2.2662e-07
2.3650e-07
2.4488e-07
2.5185e-07
2.5750e-07
2.6190e-07
