-4.0075e-04
-4.0046e-04
-3.9921e-04
-3.9724e-04
-3.9436e-04
-3.9229e-04
-3.9173e-04
-3.9426e-04
-3.9926e-04
-4.0547e-04
-4.0851e-04
-4.0390e-04
-3.8906e-04
-3.6908e-04
-3.5450e-04
-3.5562e-04
-3.6856e-04
-3.7307e-04
-3.4750e-04
-3.0856e-04
-3.0216e-04
-3.4031e-04
-3.9054e-04
-4.0625e-04
-3.7481e-04
-3.5359e-04
-3.8060e-04
-4.3865e-04
-4.8357e-04
-4.7122e-04
-3.9391e-04
-2.9357e-04
-2.1014e-04
-1.6100e-04
-1.4967e-04
-1.7296e-04
-2.2832e-04
-3.0023e-04
-3.4002e-04
-3.2328e-04
-2.9144e-04
-3.0777e-04
-4.0728e-04
-5.8046e-04
-7.3068e-04
-7.0942e-04
-5.4099e-04
-4.5070e-04
-4.9136e-04
-5.3421e-04
-5.1565e-04
-4.8063e-04
-4.9132e-04
-5.7749e-04
-7.0066e-04
-7.0609e-04
-3.6258e-04
4.7502e-04
1.7923e-03
2.9889e-03
3.2324e-03
2.3431e-03
7.1796e-04
-1.0500e-03
-2.4347e-03
-3.1587e-03
-3.2197e-03
-2.8452e-03
-2.2229e-03
-1.4805e-03
-7.0486e-04
8.0283e-05
7.7583e-04
1.3222e-03
1.8458e-03
2.3554e-03
2.3851e-03
1.3783e-03
-7.0760e-04
-3.3319e-03
-5.7029e-03
-7.1433e-03
-7.2122e-03
-5.8627e-03
-3.3652e-03
-2.5987e-04
2.6147e-03
4.6722e-03
5.9013e-03
6.4684e-03
6.4357e-03
5.8060e-03
4.5708e-03
2.8074e-03
7.2892e-04
-1.5138e-03
-3.7126e-03
-5.5437e-03
-6.6568e-03
-6.8882e-03
-6.4540e-03
-5.9365e-03
-5.6945e-03
-5.5201e-03
-5.3665e-03
-5.3375e-03
-4.8738e-03
-3.1779e-03
-2.4710e-04
3.0782e-03
6.1976e-03
9.0649e-03
1.1369e-02
1.2353e-02
1.1573e-02
9.0602e-03
5.4073e-03
1.4138e-03
-2.4784e-03
-5.8577e-03
-7.9250e-03
-8.0741e-03
-6.5089e-03
-3.5989e-03
1.1748e-04
3.7163e-03
6.3588e-03
7.3213e-03
6.3012e-03
3.9588e-03
1.4313e-03
-8.6051e-04
-2.7584e-03
-4.0274e-03
-4.8809e-03
-5.9855e-03
-7.2813e-03
-7.5121e-03
-5.9315e-03
-3.0161e-03
2.5602e-04
2.4670e-03
2.2644e-03
-9.0842e-04
-6.4407e-03
-1.2397e-02
-1.6818e-02
-1.8998e-02
-1.8767e-02
-1.5760e-02
-1.0196e-02
-3.0520e-03
4.9438e-03
1.3543e-02
2.1964e-02
2.8487e-02
3.1028e-02
2.7971e-02
1.9326e-02
7.1515e-03
-5.7444e-03
-1.6727e-02
-2.3260e-02
-2.4152e-02
-2.0420e-02
-1.3631e-02
-4.8315e-03
4.5202e-03
1.2401e-02
1.6787e-02
1.6164e-02
1.0593e-02
1.7449e-03
-7.7714e-03
-1.5212e-02
-1.8621e-02
-1.6992e-02
-1.0973e-02
-2.4966e-03
6.6338e-03
1.4967e-02
2.1455e-02
2.5381e-02
2.6246e-02
2.3849e-02
1.8298e-02
1.0480e-02
1.7745e-03
-6.9529e-03
-1.4912e-02
-2.0503e-02
-2.2236e-02
-2.0526e-02
-1.7433e-02
-1.4571e-02
-1.1898e-02
-8.9092e-03
-5.5864e-03
-2.6369e-03
-7.4093e-04
2.9423e-04
2.4398e-04
-1.8145e-03
-6.2783e-03
-1.2234e-02
-1.8335e-02
-2.3469e-02
-2.6796e-02
-2.7253e-02
-2.3401e-02
-1.3778e-02
1.2127e-03
1.8703e-02
3.5025e-02
4.5860e-02
4.7150e-02
3.8392e-02
2.2975e-02
5.8639e-03
-8.7639e-03
-1.9520e-02
-2.5923e-02
-2.6868e-02
-2.3805e-02
-1.9651e-02
-1.5051e-02
-9.3283e-03
-2.7364e-03
3.9700e-03
1.0176e-02
1.4328e-02
1.4901e-02
1.2097e-02
7.6692e-03
3.0187e-03
-2.7252e-03
-9.7378e-03
-1.6212e-02
-2.0802e-02
-2.1880e-02
-1.7831e-02
-9.1084e-03
2.1896e-03
1.3827e-02
2.3681e-02
2.9806e-02
3.1356e-02
2.8515e-02
2.0449e-02
6.0830e-03
-1.2804e-02
-3.1774e-02
-4.6007e-02
-5.2423e-02
-5.0288e-02
-4.0349e-02
-2.4026e-02
-4.0038e-03
1.3970e-02
2.5455e-02
3.1281e-02
3.3113e-02
3.0843e-02
2.5389e-02
1.9365e-02
1.4837e-02
1.2853e-02
1.2868e-02
1.2321e-02
8.7373e-03
2.0049e-03
-5.4286e-03
-1.1055e-02
-1.3995e-02
-1.4460e-02
-1.2882e-02
-1.0610e-02
-9.9503e-03
-1.1660e-02
-1.3279e-02
-1.1144e-02
-4.1782e-03
5.5307e-03
1.5409e-02
2.2841e-02
2.4268e-02
1.7201e-02
2.6999e-03
-1.4840e-02
-3.0190e-02
-3.9470e-02
-4.0593e-02
-3.2922e-02
-1.8399e-02
-1.0998e-03
1.5368e-02
2.8566e-02
3.6459e-02
3.7575e-02
3.2666e-02
2.4371e-02
1.4052e-02
1.7004e-03
-1.1392e-02
-2.3100e-02
-3.2775e-02
-4.0915e-02
-4.7691e-02
-5.2271e-02
-5.1977e-02
-4.4358e-02
-3.0571e-02
-1.3433e-02
4.8241e-03
2.1810e-02
3.5368e-02
4.4827e-02
5.1986e-02
5.9439e-02
6.6625e-02
7.0230e-02
6.8239e-02
5.9570e-02
4.3500e-02
2.1623e-02
-3.1509e-03
-2.8179e-02
-4.9850e-02
-6.3898e-02
-6.8468e-02
-6.4178e-02
-5.2664e-02
-3.5642e-02
-1.5707e-02
4.1105e-03
2.1302e-02
3.4397e-02
4.3147e-02
4.8999e-02
5.3115e-02
5.4076e-02
5.0078e-02
4.0505e-02
2.6248e-02
9.0247e-03
-9.0524e-03
-2.5633e-02
-3.9336e-02
-5.0297e-02
-5.9303e-02
-6.6883e-02
-7.1408e-02
-6.9637e-02
-5.9479e-02
-4.1136e-02
-1.7845e-02
6.0913e-03
2.6689e-02
4.1093e-02
4.8331e-02
4.9550e-02
4.7490e-02
4.4976e-02
4.3052e-02
4.0425e-02
3.4702e-02
2.3938e-02
8.0394e-03
-1.1268e-02
-3.0082e-02
-4.3267e-02
-4.8196e-02
-4.4958e-02
-3.5561e-02
-2.3261e-02
-1.1338e-02
-3.1838e-03
-8.4273e-04
-3.0713e-03
-6.3646e-03
-6.8702e-03
-1.7748e-03
9.0671e-03
2.3387e-02
3.7535e-02
4.7113e-02
4.9878e-02
4.6715e-02
3.8644e-02
2.6834e-02
1.3056e-02
-1.4924e-03
-1.5698e-02
-2.7878e-02
-3.5983e-02
-3.7757e-02
-3.0990e-02
-1.5604e-02
5.0248e-03
2.5754e-02
4.2141e-02
5.0816e-02
4.9341e-02
3.8158e-02
2.0518e-02
1.0298e-03
-1.4948e-02
-2.3595e-02
-2.5643e-02
-2.4577e-02
-2.2155e-02
-1.9517e-02
-1.8403e-02
-1.9861e-02
-2.4419e-02
-3.0743e-02
-3.5797e-02
-3.6982e-02
-3.2905e-02
-2.4246e-02
-1.3010e-02
-7.5045e-04
1.1889e-02
2.3632e-02
3.3633e-02
4.2050e-02
4.7391e-02
4.6462e-02
3.6654e-02
2.0111e-02
3.0567e-03
-9.9339e-03
-1.8170e-02
-2.2135e-02
-2.2452e-02
-2.1515e-02
-2.1625e-02
-2.2768e-02
-2.2494e-02
-1.8257e-02
-1.0208e-02
-2.2060e-03
9.6378e-04
-2.9121e-03
-1.1661e-02
-1.9946e-02
-2.2666e-02
-1.6725e-02
-2.3002e-03
1.6812e-02
3.5243e-02
4.7741e-02
5.1438e-02
4.6848e-02
3.6168e-02
2.0773e-02
7.1457e-04
-2.1905e-02
-4.2289e-02
-5.5855e-02
-5.9839e-02
-5.3312e-02
-3.7501e-02
-1.6089e-02
6.3734e-03
2.6287e-02
4.0487e-02
4.6204e-02
4.2798e-02
3.2437e-02
1.8927e-02
5.4652e-03
-6.6077e-03
-1.7428e-02
-2.7761e-02
-3.6671e-02
-4.0472e-02
-3.6707e-02
-2.5659e-02
-8.2116e-03
1.2882e-02
3.2350e-02
4.6084e-02
5.4284e-02
6.0301e-02
6.5893e-02
6.9048e-02
6.6637e-02
5.8196e-02
4.5337e-02
2.9474e-02
1.1590e-02
-6.7797e-03
-2.3524e-02
-3.6644e-02
-4.6101e-02
-5.2671e-02
-5.6825e-02
-5.9340e-02
-6.0416e-02
-5.9106e-02
-5.3603e-02
-4.3505e-02
-3.1107e-02
-1.8196e-02
-5.9366e-03
2.7860e-03
6.2042e-03
5.0439e-03
2.5702e-03
2.2009e-03
4.9249e-03
9.6897e-03
1.3039e-02
1.1191e-02
4.8239e-03
-1.3210e-03
-2.8453e-03
1.4044e-03
9.5117e-03
1.8032e-02
2.3980e-02
2.5474e-02
2.1774e-02
1.4555e-02
6.6763e-03
-6.9982e-04
-7.6191e-03
-1.3088e-02
-1.5037e-02
-1.2572e-02
-7.1437e-03
-4.0994e-04
6.9909e-03
1.4697e-02
2.2087e-02
2.8334e-02
3.3473e-02
3.8138e-02
4.2758e-02
4.7788e-02
5.2764e-02
5.5414e-02
5.2514e-02
4.3462e-02
3.0312e-02
1.4066e-02
-4.4822e-03
-2.3766e-02
-4.2584e-02
-5.9337e-02
-7.0824e-02
-7.3000e-02
-6.4343e-02
-4.7457e-02
-2.6901e-02
-7.9314e-03
6.0595e-03
1.4474e-02
1.7735e-02
1.8213e-02
1.8239e-02
1.7340e-02
1.3980e-02
7.8589e-03
-2.7164e-04
-9.1224e-03
-1.6994e-02
-2.1233e-02
-1.8907e-02
-9.9931e-03
1.8921e-03
1.3132e-02
2.1216e-02
2.4502e-02
2.2648e-02
1.7126e-02
1.0445e-02
3.6749e-03
-2.2336e-03
-5.1753e-03
-3.6867e-03
1.3562e-03
8.3598e-03
1.5992e-02
2.1311e-02
2.0706e-02
1.2841e-02
-2.1315e-03
-2.2629e-02
-4.5959e-02
-6.8764e-02
-8.6110e-02
-9.3874e-02
-9.1250e-02
-7.9991e-02
-6.2052e-02
-3.8411e-02
-1.0691e-02
1.6569e-02
3.8680e-02
5.4760e-02
6.6763e-02
7.5164e-02
7.9341e-02
7.9777e-02
7.7298e-02
7.2049e-02
6.3609e-02
5.2542e-02
4.0851e-02
2.9377e-02
1.8669e-02
1.1078e-02
7.4574e-03
5.6484e-03
4.0468e-03
4.4201e-03
1.0050e-02
2.1901e-02
3.8726e-02
5.8340e-02
7.8781e-02
9.8673e-02
1.1502e-01
1.2348e-01
1.2072e-01
1.0490e-01
7.7251e-02
4.3992e-02
1.4360e-02
-5.0784e-03
-1.4764e-02
-1.7655e-02
-1.4605e-02
-6.9785e-03
3.3256e-03
1.5518e-02
2.8512e-02
4.0562e-02
4.9593e-02
5.3662e-02
5.1214e-02
4.0623e-02
2.1688e-02
-3.0304e-03
-2.8558e-02
-5.0803e-02
-7.1038e-02
-9.3133e-02
-1.1819e-01
-1.4506e-01
-1.7171e-01
-1.9548e-01
-2.1412e-01
-2.2589e-01
-2.2905e-01
-2.2214e-01
-2.0483e-01
-1.7845e-01
-1.4509e-01
-1.0731e-01
-6.8770e-02
-3.4021e-02
-6.5666e-03
1.3527e-02
2.8828e-02
4.2185e-02
5.4993e-02
6.6682e-02
7.5923e-02
8.2342e-02
8.6188e-02
8.5986e-02
7.9428e-02
6.5223e-02
4.4598e-02
2.0733e-02
-2.1284e-03
-2.0507e-02
-3.3586e-02
-4.2648e-02
-4.9567e-02
-5.3214e-02
-4.9941e-02
-3.7177e-02
-1.4305e-02
1.5264e-02
4.4854e-02
7.0025e-02
9.0127e-02
1.0467e-01
1.1012e-01
1.0498e-01
9.3764e-02
8.1773e-02
6.9422e-02
5.2758e-02
2.8195e-02
-4.7494e-03
-4.1294e-02
-7.4631e-02
-1.0311e-01
-1.2772e-01
-1.4630e-01
-1.5627e-01
-1.5592e-01
-1.4447e-01
-1.2335e-01
-9.5250e-02
-6.3227e-02
-3.0065e-02
1.5330e-03
2.8008e-02
4.4962e-02
5.1407e-02
5.1555e-02
4.9702e-02
4.6919e-02
4.4276e-02
4.4854e-02
5.1219e-02
6.5252e-02
8.9580e-02
1.2423e-01
1.6345e-01
1.9802e-01
2.2134e-01
2.3057e-01
2.2302e-01
1.9723e-01
1.5594e-01
1.0636e-01
5.9503e-02
2.6028e-02
9.8318e-03
9.4906e-03
2.3721e-02
5.0441e-02
8.3733e-02
1.1671e-01
1.4404e-01
1.6054e-01
1.6106e-01
1.4201e-01
1.0387e-01
5.4202e-02
3.3574e-03
-4.1269e-02
-7.6947e-02
-1.0539e-01
-1.2721e-01
-1.4089e-01
-1.4707e-01
-1.4932e-01
-1.5042e-01
-1.4916e-01
-1.4201e-01
-1.2649e-01
-1.0094e-01
-6.5534e-02
-2.6538e-02
3.5466e-03
1.2785e-02
-4.1205e-03
-4.5127e-02
-1.0122e-01
-1.5952e-01
-2.0700e-01
-2.3177e-01
-2.2426e-01
-1.8103e-01
-1.1036e-01
-2.9950e-02
4.2407e-02
9.5244e-02
1.2369e-01
1.2741e-01
1.0902e-01
7.4464e-02
3.4094e-02
3.7172e-03
-7.4469e-03
-1.2781e-03
1.8818e-02
4.9898e-02
8.6851e-02
1.1909e-01
1.3633e-01
1.3308e-01
1.1051e-01
7.6025e-02
4.0429e-02
1.5282e-02
9.7712e-03
2.6738e-02
6.2125e-02
1.0734e-01
1.4921e-01
1.7354e-01
1.7359e-01
1.4936e-01
1.0395e-01
4.4341e-02
-1.8713e-02
-7.3129e-02
-1.0879e-01
-1.2183e-01
-1.1386e-01
-8.8282e-02
-4.9279e-02
-6.0985e-03
2.6455e-02
3.5099e-02
1.7042e-02
-2.1549e-02
-7.1285e-02
-1.1860e-01
-1.4931e-01
-1.5474e-01
-1.3387e-01
-9.4292e-02
-4.7654e-02
-6.5984e-03
1.8456e-02
2.1490e-02
2.5108e-03
-3.0901e-02
-6.6519e-02
-9.4558e-02
-1.1068e-01
-1.1296e-01
-9.9699e-02
-6.9031e-02
-2.2340e-02
3.1589e-02
8.1488e-02
1.1897e-01
1.3972e-01
1.4486e-01
1.4097e-01
1.3768e-01
1.4210e-01
1.5679e-01
1.8143e-01
2.1281e-01
2.4492e-01
2.7079e-01
2.8697e-01
2.9332e-01
2.8727e-01
2.6541e-01
2.2919e-01
1.8511e-01
1.3973e-01
9.5683e-02
5.4937e-02
2.2400e-02
6.0384e-04
-1.2765e-02
-2.1770e-02
-2.7980e-02
-3.2264e-02
-3.6470e-02
-4.1118e-02
-4.7745e-02
-5.9167e-02
-7.4920e-02
-8.8715e-02
-9.2848e-02
-8.3943e-02
-6.3331e-02
-3.5193e-02
-5.5526e-03
1.9084e-02
3.4343e-02
3.7108e-02
2.4397e-02
-4.7646e-03
-4.6400e-02
-9.2701e-02
-1.3595e-01
-1.7164e-01
-1.9983e-01
-2.2054e-01
-2.3367e-01
-2.3924e-01
-2.3725e-01
-2.2974e-01
-2.1895e-01
-2.0460e-01
-1.8276e-01
-1.4899e-01
-1.0337e-01
-4.9136e-02
8.8391e-03
6.3404e-02
1.0802e-01
1.3835e-01
1.5134e-01
1.4253e-01
1.0808e-01
4.9016e-02
-2.5167e-02
-9.6051e-02
-1.4751e-01
-1.7505e-01
-1.8346e-01
-1.7807e-01
-1.6023e-01
-1.2888e-01
-8.4844e-02
-3.2265e-02
2.4081e-02
7.7522e-02
1.1395e-01
1.1855e-01
8.3480e-02
8.7465e-03
-9.3242e-02
-1.9942e-01
-2.8813e-01
-3.4578e-01
-3.6669e-01
-3.6335e-01
-3.5020e-01
-3.2775e-01
-2.8511e-01
-2.1647e-01
-1.3337e-01
-5.1348e-02
2.1354e-02
8.2065e-02
1.2724e-01
1.5471e-01
1.6778e-01
1.7159e-01
1.7294e-01
1.7735e-01
1.8479e-01
1.9070e-01
1.8790e-01
1.7024e-01
1.3690e-01
9.0900e-02
3.4701e-02
-2.9233e-02
-9.4530e-02
-1.5431e-01
-2.0524e-01
-2.3891e-01
-2.4703e-01
-2.2809e-01
-1.8189e-01
-1.0879e-01
-1.2725e-02
9.5155e-02
1.9841e-01
2.8722e-01
3.6357e-01
4.2569e-01
4.5957e-01
4.4938e-01
3.8286e-01
2.5220e-01
6.6571e-02
-1.3592e-01
-3.0610e-01
-4.3052e-01
-5.2191e-01
-5.7116e-01
-5.7229e-01
-5.3514e-01
-4.6887e-01
-3.8347e-01
-2.9414e-01
-2.0969e-01
-1.2084e-01
-1.3924e-02
1.0117e-01
1.9359e-01
2.4824e-01
2.7181e-01
2.7188e-01
2.5513e-01
2.3274e-01
2.1609e-01
2.1142e-01
2.2120e-01
2.4288e-01
2.6987e-01
2.9597e-01
3.1479e-01
3.1953e-01
3.0655e-01
2.7741e-01
2.3657e-01
1.9028e-01
1.4268e-01
9.5564e-02
5.2098e-02
1.6390e-02
-6.9646e-03
-1.8166e-02
-2.2670e-02
-2.4802e-02
-2.5191e-02
-2.2324e-02
-1.5291e-02
-5.4001e-03
2.9381e-03
3.9766e-03
-5.0249e-03
-2.1728e-02
-4.0356e-02
-5.4732e-02
-6.3078e-02
-6.8376e-02
-7.3646e-02
-8.0229e-02
-8.9740e-02
-1.0403e-01
-1.2364e-01
-1.4707e-01
-1.7229e-01
-1.9631e-01
-2.1526e-01
-2.2729e-01
-2.3173e-01
-2.2827e-01
-2.1778e-01
-2.0334e-01
-1.8818e-01
-1.7287e-01
-1.5588e-01
-1.3419e-01
-1.0229e-01
-5.6933e-02
-1.5843e-03
5.5223e-02
1.0421e-01
1.3764e-01
1.5259e-01
1.4968e-01
1.3110e-01
1.0047e-01
6.2221e-02
2.1946e-02
-1.5290e-02
-4.6748e-02
-6.9085e-02
-7.6561e-02
-6.2922e-02
-2.3883e-02
3.6132e-02
1.0029e-01
1.5618e-01
2.0457e-01
2.4726e-01
2.8329e-01
3.1111e-01
3.2789e-01
3.3090e-01
3.1613e-01
2.7785e-01
2.1485e-01
1.3362e-01
4.4264e-02
-4.5367e-02
-1.2922e-01
-1.9432e-01
-2.3241e-01
-2.4767e-01
-2.4486e-01
-2.2614e-01
-1.9477e-01
-1.5606e-01
-1.1641e-01
-7.9239e-02
-4.6182e-02
-1.9351e-02
1.2504e-03
1.8630e-02
3.4068e-02
4.2949e-02
4.1541e-02
3.1311e-02
1.7349e-02
3.9411e-03
-7.6649e-03
-1.6995e-02
-2.4498e-02
-3.2228e-02
-4.1286e-02
-5.0472e-02
-5.7083e-02
-5.7821e-02
-5.0516e-02
-3.5954e-02
-1.5996e-02
9.1908e-03
3.9345e-02
7.2305e-02
1.0471e-01
1.3199e-01
1.5057e-01
1.5783e-01
1.5019e-01
1.2420e-01
7.9835e-02
2.2013e-02
-4.3118e-02
-1.0753e-01
-1.6255e-01
-2.0224e-01
-2.2554e-01
-2.3318e-01
-2.2482e-01
-2.0170e-01
-1.6750e-01
-1.2470e-01
-7.6021e-02
-3.0277e-02
4.7243e-03
2.8570e-02
4.5341e-02
5.7489e-02
6.3936e-02
6.5402e-02
6.6052e-02
7.0768e-02
8.1466e-02
9.6381e-02
1.1423e-01
1.3440e-01
1.5324e-01
1.6725e-01
1.7701e-01
1.8450e-01
1.9020e-01
1.9268e-01
1.8870e-01
1.7474e-01
1.4891e-01
1.1180e-01
6.6362e-02
1.6784e-02
-3.0483e-02
-6.9025e-02
-9.5269e-02
-1.0833e-01
-1.0874e-01
-9.7781e-02
-7.8326e-02
-5.6169e-02
-3.7383e-02
-2.4263e-02
-1.6781e-02
-1.5324e-02
-2.2441e-02
-4.0228e-02
-6.6674e-02
-9.8364e-02
-1.3289e-01
-1.6666e-01
-1.9525e-01
-2.1497e-01
-2.2248e-01
-2.1527e-01
-1.9272e-01
-1.5537e-01
-1.0546e-01
-4.9416e-02
2.9742e-03
4.3359e-02
6.8710e-02
8.1650e-02
8.4864e-02
7.8378e-02
6.3928e-02
4.4852e-02
2.2766e-02
-1.3004e-03
-2.5350e-02
-4.6757e-02
-6.3522e-02
-7.4859e-02
-8.1343e-02
-8.3107e-02
-7.9154e-02
-6.9628e-02
-5.5576e-02
-3.7001e-02
-1.3611e-02
1.2789e-02
3.7679e-02
5.6486e-02
6.7621e-02
7.2609e-02
7.2609e-02
6.8847e-02
6.4379e-02
6.1961e-02
6.1675e-02
6.1598e-02
5.8843e-02
5.0906e-02
3.7676e-02
2.0949e-02
1.4065e-03
-1.9881e-02
-3.9511e-02
-5.3432e-02
-5.7888e-02
-5.0652e-02
-3.1997e-02
-5.3032e-03
2.3819e-02
4.9592e-02
6.9220e-02
8.2419e-02
8.7493e-02
8.1813e-02
6.4285e-02
3.6838e-02
3.4311e-03
-3.2447e-02
-6.7746e-02
-9.8031e-02
-1.1886e-01
-1.3004e-01
-1.3431e-01
-1.3417e-01
-1.3191e-01
-1.2924e-01
-1.2565e-01
-1.2023e-01
-1.1283e-01
-1.0307e-01
-8.9986e-02
-7.1586e-02
-4.6966e-02
-1.6203e-02
1.9191e-02
5.4199e-02
8.4161e-02
1.0782e-01
1.2541e-01
1.3763e-01
1.4452e-01
1.4659e-01
1.4565e-01
1.4143e-01
1.3213e-01
1.1733e-01
9.7594e-02
7.3671e-02
4.6748e-02
1.9003e-02
-4.3062e-03
-1.7946e-02
-2.2868e-02
-2.3620e-02
-2.0992e-02
-1.0179e-02
1.1579e-02
3.9129e-02
6.4279e-02
8.1810e-02
8.9632e-02
8.6936e-02
7.2979e-02
4.8209e-02
1.4927e-02
-2.3550e-02
-6.2206e-02
-9.4949e-02
-1.1825e-01
-1.3235e-01
-1.3842e-01
-1.3667e-01
-1.2652e-01
-1.0809e-01
-8.2548e-02
-5.1586e-02
-1.7260e-02
1.9405e-02
5.6838e-02
8.9352e-02
1.1072e-01
1.2045e-01
1.2161e-01
1.1608e-01
1.0554e-01
9.3220e-02
8.2352e-02
7.4891e-02
7.2996e-02
7.8024e-02
8.8939e-02
1.0253e-01
1.1503e-01
1.2261e-01
1.2201e-01
1.1190e-01
9.3317e-02
6.9208e-02
4.2270e-02
1.5049e-02
-1.0337e-02
-3.2720e-02
-5.2358e-02
-6.9607e-02
-8.3182e-02
-9.2427e-02
-9.9663e-02
-1.0704e-01
-1.1431e-01
-1.2060e-01
-1.2617e-01
-1.3098e-01
-1.3386e-01
-1.3292e-01
-1.2706e-01
-1.1763e-01
-1.0627e-01
-9.3990e-02
-8.3441e-02
-7.7528e-02
-7.6719e-02
-7.8483e-02
-8.0112e-02
-7.9846e-02
-7.5801e-02
-6.7729e-02
-5.5189e-02
-3.6793e-02
-1.3150e-02
1.3156e-02
3.9514e-02
6.3697e-02
8.3538e-02
9.7329e-02
1.0372e-01
1.0231e-01
9.5153e-02
8.5487e-02
7.5200e-02
6.4638e-02
5.3729e-02
4.2850e-02
3.2854e-02
2.4540e-02
1.8908e-02
1.6221e-02
1.4843e-02
1.2463e-02
7.7776e-03
1.9454e-03
-3.2258e-03
-7.4554e-03
-1.0476e-02
-1.2028e-02
-1.2198e-02
-1.0766e-02
-8.0018e-03
-4.1926e-03
3.2590e-04
4.5087e-03
8.0284e-03
1.0838e-02
1.1835e-02
8.6203e-03
-7.7893e-04
-1.4614e-02
-2.8384e-02
-3.8931e-02
-4.6300e-02
-5.1369e-02
-5.2690e-02
-4.8559e-02
-4.0405e-02
-3.0832e-02
-1.9768e-02
-6.0044e-03
8.2629e-03
1.9307e-02
2.4876e-02
2.4014e-02
1.8004e-02
1.0410e-02
4.6971e-03
2.7263e-03
4.5796e-03
8.7462e-03
1.4149e-02
2.1271e-02
3.0350e-02
3.9923e-02
4.7953e-02
5.4907e-02
6.2016e-02
6.9587e-02
7.6501e-02
8.0707e-02
8.1716e-02
8.1779e-02
8.3117e-02
8.5590e-02
8.7751e-02
8.9296e-02
9.1213e-02
9.4742e-02
1.0031e-01
1.0679e-01
1.1200e-01
1.1451e-01
1.1504e-01
1.1432e-01
1.1186e-01
1.0634e-01
9.6592e-02
8.3089e-02
6.7657e-02
5.2317e-02
3.7616e-02
2.1872e-02
3.5782e-03
-1.5166e-02
-3.0726e-02
-4.3157e-02
-5.5062e-02
-6.6525e-02
-7.5522e-02
-8.1961e-02
-8.7103e-02
-9.0730e-02
-9.2751e-02
-9.4253e-02
-9.6105e-02
-9.8937e-02
-1.0353e-01
-1.0995e-01
-1.1599e-01
-1.1888e-01
-1.1816e-01
-1.1429e-01
-1.0636e-01
-9.4513e-02
-8.0736e-02
-6.5978e-02
-4.9622e-02
-3.2005e-02
-1.6297e-02
-5.1909e-03
1.9129e-03
6.6460e-03
9.1619e-03
1.0337e-02
1.3674e-02
2.1345e-02
3.0715e-02
3.8390e-02
4.4213e-02
5.0509e-02
5.8189e-02
6.6250e-02
7.3270e-02
7.7275e-02
7.6673e-02
7.2292e-02
6.6277e-02
5.9876e-02
5.3975e-02
4.9236e-02
4.4815e-02
3.8735e-02
3.1255e-02
2.4036e-02
1.6867e-02
8.1884e-03
-1.8820e-03
-1.2230e-02
-2.1651e-02
-2.8520e-02
-3.0510e-02
-2.6357e-02
-1.7556e-02
-6.9489e-03
3.0357e-03
1.0830e-02
1.5480e-02
1.5732e-02
1.0524e-02
9.4558e-05
-1.3227e-02
-2.7589e-02
-4.3213e-02
-5.9934e-02
-7.5550e-02
-8.6787e-02
-9.1421e-02
-8.8882e-02
-7.9994e-02
-6.6347e-02
-5.0376e-02
-3.5467e-02
-2.5026e-02
-2.0467e-02
-1.9868e-02
-2.0649e-02
-2.2382e-02
-2.5650e-02
-2.9964e-02
-3.3983e-02
-3.7240e-02
-4.0363e-02
-4.3621e-02
-4.7293e-02
-5.0940e-02
-5.3822e-02
-5.6096e-02
-5.8991e-02
-6.3412e-02
-6.8269e-02
-7.1488e-02
-7.2250e-02
-7.1280e-02
-6.8095e-02
-6.1053e-02
-5.0315e-02
-3.7879e-02
-2.4645e-02
-1.0620e-02
3.1632e-03
1.5656e-02
2.7065e-02
3.7901e-02
4.8180e-02
5.8293e-02
6.9587e-02
8.2676e-02
9.6960e-02
1.1164e-01
1.2630e-01
1.3964e-01
1.4906e-01
1.5259e-01
1.4901e-01
1.3864e-01
1.2447e-01
1.0856e-01
9.1115e-02
7.3975e-02
6.0522e-02
5.2644e-02
4.9772e-02
5.0392e-02
5.2112e-02
5.2995e-02
5.3660e-02
5.4832e-02
5.4431e-02
4.9762e-02
4.0367e-02
2.7688e-02
1.3687e-02
-8.1314e-04
-1.5318e-02
-2.7981e-02
-3.6820e-02
-4.1717e-02
-4.3582e-02
-4.3210e-02
-4.0886e-02
-3.6731e-02
-3.2438e-02
-2.9903e-02
-2.9483e-02
-3.0944e-02
-3.4265e-02
-3.8912e-02
-4.3137e-02
-4.4788e-02
-4.3508e-02
-4.1113e-02
-3.9250e-02
-3.8324e-02
-3.7413e-02
-3.4463e-02
-2.7810e-02
-1.7842e-02
-7.5088e-03
-6.5581e-04
1.3605e-03
-1.4306e-04
-3.8830e-03
-9.4782e-03
-1.5537e-02
-1.9575e-02
-2.0152e-02
-1.6602e-02
-8.1124e-03
3.7586e-03
1.5195e-02
2.2999e-02
2.5121e-02
2.0431e-02
9.7107e-03
-3.9920e-03
-1.7463e-02
-2.8519e-02
-3.5299e-02
-3.6592e-02
-3.4454e-02
-3.2184e-02
-3.0534e-02
-2.8961e-02
-2.6914e-02
-2.4236e-02
-2.1671e-02
-1.9435e-02
-1.7013e-02
-1.4559e-02
-1.1849e-02
-7.6235e-03
-1.9283e-03
3.2098e-03
5.4584e-03
4.2848e-03
2.5597e-04
-6.4133e-03
-1.5620e-02
-2.7913e-02
-4.3248e-02
-5.9700e-02
-7.5426e-02
-8.8019e-02
-9.5241e-02
-9.6598e-02
-9.2768e-02
-8.4169e-02
-7.0957e-02
-5.3741e-02
-3.4620e-02
-1.5833e-02
1.4989e-03
1.6393e-02
2.7579e-02
3.4158e-02
3.7196e-02
3.9234e-02
4.1851e-02
4.4289e-02
4.5261e-02
4.4083e-02
4.0227e-02
3.5061e-02
3.0628e-02
2.7407e-02
2.5741e-02
2.6496e-02
2.9357e-02
3.2425e-02
3.4317e-02
3.5264e-02
3.5315e-02
3.4161e-02
3.2506e-02
3.1868e-02
3.2957e-02
3.5414e-02
3.9060e-02
4.4457e-02
5.1341e-02
5.8619e-02
6.5836e-02
7.2926e-02
7.9770e-02
8.6108e-02
9.0815e-02
9.3334e-02
9.4788e-02
9.6842e-02
1.0019e-01
1.0315e-01
1.0404e-01
1.0206e-01
9.6994e-02
8.9599e-02
8.0907e-02
7.2181e-02
6.4984e-02
5.9775e-02
5.4849e-02
4.8463e-02
3.9914e-02
2.9298e-02
1.8298e-02
8.8072e-03
1.0360e-03
-5.5801e-03
-1.1945e-02
-1.9143e-02
-2.7191e-02
-3.5546e-02
-4.3960e-02
-5.2840e-02
-6.2547e-02
-7.2093e-02
-8.0192e-02
-8.7552e-02
-9.4657e-02
-9.9982e-02
-1.0254e-01
-1.0260e-01
-1.0071e-01
-9.6409e-02
-8.9886e-02
-8.2857e-02
-7.6121e-02
-6.9708e-02
-6.4021e-02
-5.8679e-02
-5.3088e-02
-4.7309e-02
-4.3084e-02
-4.2924e-02
-4.6979e-02
-5.2563e-02
-5.7220e-02
-6.0894e-02
-6.3544e-02
-6.4215e-02
-6.2841e-02
-5.9530e-02
-5.4323e-02
-4.7990e-02
-4.0833e-02
-3.3269e-02
-2.6367e-02
-2.1121e-02
-1.7744e-02
-1.5504e-02
-1.4463e-02
-1.5656e-02
-1.7994e-02
-2.0473e-02
-2.4447e-02
-3.0536e-02
-3.6825e-02
-4.0044e-02
-3.8343e-02
-3.3220e-02
-2.7874e-02
-2.4115e-02
-2.0925e-02
-1.6216e-02
-9.1486e-03
-2.7673e-04
1.0030e-02
2.1514e-02
3.2447e-02
4.0921e-02
4.7622e-02
5.3484e-02
5.7431e-02
5.8613e-02
5.7666e-02
5.5003e-02
5.0434e-02
4.4431e-02
3.5869e-02
2.2994e-02
6.4555e-03
-1.0193e-02
-2.3195e-02
-3.2053e-02
-3.7421e-02
-3.8231e-02
-3.3960e-02
-2.6000e-02
-1.5968e-02
-4.9586e-03
6.5827e-03
1.8595e-02
3.0517e-02
4.1243e-02
4.9739e-02
5.5553e-02
5.8872e-02
6.0512e-02
6.0996e-02
6.0082e-02
5.8129e-02
5.5219e-02
5.0785e-02
4.5076e-02
3.9144e-02
3.3670e-02
2.8834e-02
2.4843e-02
2.1848e-02
2.0511e-02
2.1760e-02
2.6266e-02
3.3968e-02
4.3809e-02
5.4700e-02
6.4709e-02
7.1250e-02
7.3431e-02
7.1737e-02
6.7055e-02
6.0440e-02
5.3219e-02
4.5745e-02
3.7478e-02
2.8550e-02
2.0492e-02
1.4658e-02
1.0122e-02
5.3009e-03
5.2499e-04
-3.0331e-03
-5.0068e-03
-5.6806e-03
-7.0012e-03
-1.0658e-02
-1.5619e-02
-1.9366e-02
-2.0271e-02
-1.7305e-02
-1.1869e-02
-6.9343e-03
-3.0465e-03
8.8224e-04
5.5189e-03
1.1231e-02
1.6845e-02
2.1272e-02
2.4628e-02
2.5756e-02
2.3888e-02
1.9808e-02
1.3504e-02
4.7225e-03
-6.1430e-03
-1.8404e-02
-3.1555e-02
-4.4557e-02
-5.4882e-02
-6.0749e-02
-6.3221e-02
-6.3976e-02
-6.3875e-02
-6.4089e-02
-6.4723e-02
-6.4226e-02
-6.1243e-02
-5.6132e-02
-5.0798e-02
-4.5951e-02
-4.1093e-02
-3.6571e-02
-3.2580e-02
-2.8853e-02
-2.5871e-02
-2.4700e-02
-2.5538e-02
-2.6638e-02
-2.6351e-02
-2.4619e-02
-2.1689e-02
-1.7702e-02
-1.2539e-02
-5.7907e-03
2.1469e-03
1.0126e-02
1.7112e-02
2.1984e-02
2.3725e-02
2.2467e-02
1.9156e-02
1.4719e-02
1.0545e-02
8.4643e-03
9.0042e-03
1.1025e-02
1.3728e-02
1.6169e-02
1.6677e-02
1.4764e-02
1.1738e-02
9.6194e-03
9.8583e-03
1.1700e-02
1.2821e-02
1.2504e-02
1.2434e-02
1.4145e-02
1.7383e-02
2.0060e-02
2.0505e-02
1.9897e-02
1.9890e-02
2.0499e-02
2.0841e-02
2.0007e-02
1.7384e-02
1.3293e-02
9.1434e-03
6.2559e-03
5.2936e-03
6.2148e-03
8.3562e-03
1.0919e-02
1.3467e-02
1.6638e-02
2.1088e-02
2.6205e-02
3.2176e-02
3.9650e-02
4.7741e-02
5.4926e-02
6.0293e-02
6.3633e-02
6.5395e-02
6.6078e-02
6.5956e-02
6.4600e-02
6.1315e-02
5.6269e-02
5.0101e-02
4.3064e-02
3.4758e-02
2.5332e-02
1.4800e-02
3.3924e-03
-6.7972e-03
-1.4023e-02
-1.7794e-02
-1.8763e-02
-1.8069e-02
-1.6382e-02
-1.2623e-02
-5.2713e-03
5.2227e-03
1.5856e-02
2.3575e-02
2.7343e-02
2.7517e-02
2.4003e-02
1.5639e-02
2.8120e-03
-1.1363e-02
-2.4053e-02
-3.3965e-02
-4.1760e-02
-4.8463e-02
-5.2516e-02
-5.1536e-02
-4.6252e-02
-3.9222e-02
-3.1921e-02
-2.4940e-02
-1.9083e-02
-1.5688e-02
-1.6112e-02
-2.0914e-02
-2.9231e-02
-3.8809e-02
-4.7854e-02
-5.5852e-02
-6.2464e-02
-6.7357e-02
-7.0191e-02
-7.0484e-02
-6.8018e-02
-6.3461e-02
-5.7364e-02
-4.9522e-02
-3.9441e-02
-2.6793e-02
-1.2415e-02
2.1460e-03
1.6405e-02
2.9814e-02
3.9801e-02
4.4279e-02
4.4043e-02
4.1245e-02
3.7925e-02
3.5023e-02
3.1923e-02
2.8435e-02
2.4706e-02
2.1034e-02
1.6992e-02
1.2024e-02
5.7134e-03
-1.0153e-03
-7.1019e-03
-1.2426e-02
-1.6178e-02
-1.7135e-02
-1.4679e-02
-9.5220e-03
-3.4189e-03
2.4080e-03
8.6133e-03
1.6193e-02
2.3662e-02
2.8370e-02
3.0611e-02
3.2732e-02
3.5997e-02
3.9376e-02
4.1271e-02
4.1160e-02
3.8872e-02
3.5131e-02
3.0886e-02
2.5886e-02
1.9593e-02
1.2624e-02
5.8804e-03
-1.0222e-03
-9.0477e-03
-1.6866e-02
-2.0939e-02
-2.0077e-02
-1.6553e-02
-1.2799e-02
-9.4238e-03
-6.0415e-03
-2.6802e-03
-1.0155e-04
8.3674e-04
3.3974e-05
-2.3589e-03
-6.5649e-03
-1.3205e-02
-2.2769e-02
-3.3818e-02
-4.4699e-02
-5.5570e-02
-6.5960e-02
-7.4158e-02
-7.8837e-02
-7.9591e-02
-7.5879e-02
-6.6843e-02
-5.3941e-02
-4.1294e-02
-3.1420e-02
-2.4326e-02
-2.0495e-02
-2.0260e-02
-2.1842e-02
-2.3678e-02
-2.5972e-02
-2.9177e-02
-3.1988e-02
-3.2576e-02
-3.0898e-02
-2.8735e-02
-2.7310e-02
-2.6123e-02
-2.4098e-02
-2.0157e-02
-1.4232e-02
-7.1648e-03
5.6339e-05
7.1987e-03
1.3851e-02
1.8176e-02
1.9200e-02
1.7244e-02
1.3129e-02
7.9620e-03
3.0635e-03
1.0114e-04
-3.6068e-04
9.8077e-04
2.8652e-03
5.1359e-03
7.7631e-03
9.0094e-03
8.1794e-03
6.1791e-03
3.6751e-03
1.2407e-03
-1.0083e-03
-3.8014e-03
-7.0101e-03
-9.8365e-03
-1.2525e-02
-1.5985e-02
-1.9953e-02
-2.4111e-02
-2.8085e-02
-3.0138e-02
-2.9695e-02
-2.7785e-02
-2.4877e-02
-2.1298e-02
-1.7687e-02
-1.4270e-02
-1.0936e-02
-7.6363e-03
-4.3378e-03
-1.2224e-03
6.6486e-04
-5.7186e-04
-6.2210e-03
-1.5407e-02
-2.6221e-02
-3.7217e-02
-4.6773e-02
-5.3008e-02
-5.4755e-02
-5.1068e-02
-4.0914e-02
-2.4958e-02
-6.3748e-03
1.2583e-02
3.2419e-02
5.2004e-02
6.7906e-02
7.8083e-02
8.2941e-02
8.3753e-02
8.2216e-02
8.0685e-02
7.9572e-02
7.7625e-02
7.4957e-02
7.3442e-02
7.5773e-02
8.2430e-02
9.0151e-02
9.6309e-02
1.0133e-01
1.0623e-01
1.1023e-01
1.1200e-01
1.1077e-01
1.0623e-01
9.8247e-02
8.6759e-02
7.2150e-02
5.6552e-02
4.2730e-02
3.1660e-02
2.1586e-02
1.0747e-02
-6.8415e-04
-1.2279e-02
-2.3094e-02
-3.1827e-02
-3.8643e-02
-4.5736e-02
-5.4663e-02
-6.4075e-02
-7.2230e-02
-7.9066e-02
-8.4903e-02
-8.9758e-02
-9.3610e-02
-9.6052e-02
-9.7526e-02
-9.8936e-02
-1.0105e-01
-1.0393e-01
-1.0621e-01
-1.0698e-01
-1.0732e-01
-1.0828e-01
-1.0886e-01
-1.0719e-01
-1.0305e-01
-9.7256e-02
-9.0928e-02
-8.4168e-02
-7.5562e-02
-6.5319e-02
-5.5862e-02
-4.8226e-02
-4.1807e-02
-3.6644e-02
-3.2621e-02
-2.7761e-02
-2.0258e-02
-9.5286e-03
4.2650e-03
2.0369e-02
3.7770e-02
5.5678e-02
7.1727e-02
8.2399e-02
8.6790e-02
8.6376e-02
8.2850e-02
7.7422e-02
7.1323e-02
6.5381e-02
5.9435e-02
5.4073e-02
5.1391e-02
5.1949e-02
5.4335e-02
5.7383e-02
5.9593e-02
5.9788e-02
5.8258e-02
5.4731e-02
4.8578e-02
4.0869e-02
3.3860e-02
2.9149e-02
2.7132e-02
2.7430e-02
2.9103e-02
3.1184e-02
3.3704e-02
3.6699e-02
3.9117e-02
3.9559e-02
3.8390e-02
3.6545e-02
3.4547e-02
3.2926e-02
3.2206e-02
3.2923e-02
3.4641e-02
3.6005e-02
3.5840e-02
3.4127e-02
3.1225e-02
2.6885e-02
2.0555e-02
1.2851e-02
4.1256e-03
-6.5812e-03
-1.9597e-02
-3.3792e-02
-4.8711e-02
-6.4200e-02
-7.9490e-02
-9.3529e-02
-1.0524e-01
-1.1394e-01
-1.1901e-01
-1.1950e-01
-1.1504e-01
-1.0573e-01
-9.1933e-02
-7.6111e-02
-6.1565e-02
-4.8905e-02
-3.7733e-02
-2.9684e-02
-2.5822e-02
-2.4813e-02
-2.4972e-02
-2.4848e-02
-2.3291e-02
-2.0554e-02
-1.6747e-02
-1.1319e-02
-4.2196e-03
3.6399e-03
1.1305e-02
1.8270e-02
2.4088e-02
2.8596e-02
3.2367e-02
3.5753e-02
3.8419e-02
4.0362e-02
4.2369e-02
4.4504e-02
4.6031e-02
4.6152e-02
4.4876e-02
4.2892e-02
3.9229e-02
3.2247e-02
2.3149e-02
1.3749e-02
3.8393e-03
-6.3319e-03
-1.5300e-02
-2.2325e-02
-2.7013e-02
-2.8426e-02
-2.6597e-02
-2.2088e-02
-1.3844e-02
-1.8393e-03
1.0626e-02
2.0703e-02
2.8074e-02
3.2873e-02
3.4177e-02
3.0933e-02
2.3038e-02
1.0883e-02
-4.4574e-03
-2.0354e-02
-3.3424e-02
-4.3229e-02
-5.1580e-02
-5.9139e-02
-6.4830e-02
-6.7234e-02
-6.7332e-02
-6.7339e-02
-6.7832e-02
-6.8186e-02
-6.8125e-02
-6.8031e-02
-6.8549e-02
-7.0263e-02
-7.3116e-02
-7.5936e-02
-7.8666e-02
-8.3059e-02
-8.8378e-02
-9.1725e-02
-9.3019e-02
-9.3994e-02
-9.3388e-02
-8.8427e-02
-7.9177e-02
-6.7515e-02
-5.4598e-02
-4.1281e-02
-2.7917e-02
-1.4094e-02
3.6303e-04
1.4623e-02
2.6626e-02
3.5312e-02
4.2302e-02
5.0135e-02
5.9977e-02
7.0811e-02
7.8358e-02
7.8258e-02
7.4608e-02
7.5309e-02
8.2343e-02
9.1301e-02
9.7003e-02
9.7059e-02
9.1586e-02
8.2147e-02
7.1244e-02
6.0815e-02
5.1015e-02
4.1920e-02
3.4809e-02
2.9178e-02
2.3429e-02
1.7939e-02
1.4090e-02
1.2750e-02
1.2826e-02
1.3191e-02
1.4509e-02
1.7688e-02
2.2124e-02
2.6497e-02
2.9553e-02
2.9649e-02
2.5545e-02
1.8213e-02
1.0114e-02
3.7385e-03
-3.9119e-04
-3.4568e-03
-5.3668e-03
-4.3103e-03
8.6721e-04
9.6309e-03
2.0980e-02
3.4602e-02
4.9104e-02
6.1582e-02
7.0145e-02
7.5110e-02
7.6612e-02
7.2698e-02
6.2795e-02
4.8495e-02
3.1603e-02
1.4566e-02
-1.6630e-03
-1.7963e-02
-3.3651e-02
-4.6944e-02
-5.7103e-02
-6.4549e-02
-6.8824e-02
-6.8140e-02
-6.2689e-02
-5.5510e-02
-4.8494e-02
-4.0668e-02
-3.1223e-02
-2.1786e-02
-1.4418e-02
-8.6442e-03
-3.1342e-03
1.6227e-03
4.3601e-03
5.3444e-03
6.4052e-03
8.2506e-03
1.1096e-02
1.6045e-02
2.3635e-02
3.2482e-02
3.9353e-02
4.1579e-02
3.8785e-02
3.1757e-02
2.2165e-02
1.2061e-02
2.6197e-03
-6.6865e-03
-1.6601e-02
-2.6376e-02
-3.5259e-02
-4.3252e-02
-4.9141e-02
-5.0367e-02
-4.6002e-02
-3.8524e-02
-3.0832e-02
-2.3074e-02
-1.3936e-02
-3.0398e-03
8.4309e-03
1.8325e-02
2.5620e-02
2.9971e-02
3.1481e-02
3.1060e-02
3.0956e-02
3.2025e-02
3.2921e-02
3.1907e-02
2.7782e-02
2.0704e-02
1.2462e-02
4.6401e-03
-1.6843e-03
-5.4510e-03
-5.9583e-03
-3.7519e-03
7.8695e-04
7.8164e-03
1.7097e-02
2.8153e-02
3.9796e-02
5.0086e-02
5.6967e-02
5.8772e-02
5.4794e-02
4.6882e-02
3.7887e-02
2.9165e-02
2.1359e-02
1.5135e-02
1.1341e-02
1.0317e-02
1.0362e-02
9.3051e-03
6.5350e-03
2.8718e-03
-2.5979e-04
-3.2873e-03
-8.0229e-03
-1.4880e-02
-2.2708e-02
-3.0535e-02
-3.8339e-02
-4.6115e-02
-5.3045e-02
-5.7826e-02
-5.9978e-02
-6.1030e-02
-6.2444e-02
-6.3201e-02
-6.2058e-02
-5.9233e-02
-5.4337e-02
-4.6758e-02
-3.7827e-02
-2.9473e-02
-2.1280e-02
-1.1573e-02
-1.2108e-03
6.8580e-03
1.1486e-02
1.4120e-02
1.6293e-02
1.8448e-02
2.0169e-02
2.0876e-02
2.0454e-02
1.8434e-02
1.4282e-02
8.9757e-03
3.7908e-03
-1.3289e-03
-5.7594e-03
-7.9719e-03
-7.2142e-03
-3.8572e-03
1.4900e-03
9.2245e-03
1.8977e-02
2.7671e-02
3.2605e-02
3.4324e-02
3.4292e-02
3.3824e-02
3.3708e-02
3.4366e-02
3.5564e-02
3.6307e-02
3.6787e-02
3.7737e-02
3.8611e-02
3.8201e-02
3.6825e-02
3.5083e-02
3.1438e-02
2.4531e-02
1.5528e-02
5.7877e-03
-4.1288e-03
-1.3268e-02
-2.1255e-02
-2.9040e-02
-3.7055e-02
-4.4040e-02
-4.8149e-02
-4.8802e-02
-4.6978e-02
-4.3089e-02
-3.7406e-02
-3.1709e-02
-2.6949e-02
-2.1899e-02
-1.6066e-02
-1.0842e-02
-6.6015e-03
-2.2671e-03
1.1200e-03
1.2521e-03
-3.0258e-03
-1.1758e-02
-2.3241e-02
-3.4447e-02
-4.2951e-02
-4.7574e-02
-4.8366e-02
-4.5865e-02
-3.9282e-02
-2.7616e-02
-1.2114e-02
4.7372e-03
2.0969e-02
3.4722e-02
4.4852e-02
5.1361e-02
5.4565e-02
5.5232e-02
5.3720e-02
5.0159e-02
4.5065e-02
3.8872e-02
3.2590e-02
2.7355e-02
2.3073e-02
1.9528e-02
1.7472e-02
1.6363e-02
1.4418e-02
1.1347e-02
7.8005e-03
4.7018e-03
3.4409e-03
4.4021e-03
5.8492e-03
6.3943e-03
6.4405e-03
6.0553e-03
4.4040e-03
2.2667e-03
1.3672e-03
9.9939e-04
-9.4149e-04
-4.4777e-03
-6.6611e-03
-5.0418e-03
-2.6169e-04
5.8720e-03
1.2945e-02
2.1817e-02
3.2046e-02
4.1348e-02
4.8504e-02
5.3655e-02
5.6556e-02
5.7651e-02
5.8050e-02
5.8516e-02
5.8786e-02
5.7943e-02
5.5318e-02
5.1082e-02
4.5096e-02
3.6261e-02
2.5386e-02
1.5379e-02
8.2509e-03
2.8612e-03
-2.7098e-03
-8.8425e-03
-1.4279e-02
-1.7174e-02
-1.7255e-02
-1.6693e-02
-1.7588e-02
-2.0654e-02
-2.5651e-02
-3.1703e-02
-3.7655e-02
-4.2632e-02
-4.7334e-02
-5.2340e-02
-5.5667e-02
-5.6282e-02
-5.6107e-02
-5.6476e-02
-5.6573e-02
-5.5148e-02
-5.2132e-02
-4.9270e-02
-4.8445e-02
-4.9023e-02
-4.9565e-02
-4.9793e-02
-4.9628e-02
-4.8110e-02
-4.3982e-02
-3.7502e-02
-3.0870e-02
-2.5276e-02
-2.0020e-02
-1.4879e-02
-1.0196e-02
-5.8948e-03
-5.4252e-04
7.0406e-03
1.6097e-02
2.5064e-02
3.2297e-02
3.6142e-02
3.6710e-02
3.5546e-02
3.3841e-02
3.0835e-02
2.5004e-02
1.5993e-02
5.2354e-03
-4.7765e-03
-1.2624e-02
-1.8714e-02
-2.3503e-02
-2.7089e-02
-3.0079e-02
-3.1741e-02
-3.0300e-02
-2.5995e-02
-2.0772e-02
-1.4724e-02
-6.4891e-03
3.2928e-03
1.2916e-02
2.1432e-02
2.8561e-02
3.4118e-02
3.7740e-02
4.0100e-02
4.2801e-02
4.5794e-02
4.7360e-02
4.7270e-02
4.7076e-02
4.7752e-02
4.8985e-02
4.9651e-02
4.8159e-02
4.4141e-02
3.8803e-02
3.2626e-02
2.5493e-02
1.7614e-02
8.8560e-03
-1.1042e-03
-1.1458e-02
-2.0757e-02
-2.8904e-02
-3.6316e-02
-4.1673e-02
-4.2712e-02
-3.9293e-02
-3.3672e-02
-2.6498e-02
-1.7409e-02
-8.4672e-03
-1.8214e-03
2.6334e-03
6.0424e-03
9.4217e-03
1.3124e-02
1.6137e-02
1.6875e-02
1.5552e-02
1.3084e-02
1.0230e-02
8.1192e-03
7.4969e-03
8.5913e-03
1.1402e-02
1.4603e-02
1.7007e-02
1.9197e-02
2.2056e-02
2.4528e-02
2.4997e-02
2.3046e-02
1.8704e-02
1.2958e-02
8.5378e-03
6.8521e-03
6.7939e-03
7.7628e-03
9.5668e-03
1.1683e-02
1.4052e-02
1.6000e-02
1.6578e-02
1.6220e-02
1.5893e-02
1.5947e-02
1.6639e-02
1.8594e-02
2.2028e-02
2.5878e-02
2.8810e-02
3.0233e-02
2.9708e-02
2.6153e-02
1.9684e-02
1.1962e-02
4.5479e-03
-2.6795e-03
-9.4651e-03
-1.5672e-02
-2.2467e-02
-3.0026e-02
-3.6693e-02
-4.0896e-02
-4.2869e-02
-4.4121e-02
-4.6424e-02
-5.0499e-02
-5.5123e-02
-5.9379e-02
-6.3058e-02
-6.5875e-02
-6.7188e-02
-6.7199e-02
-6.7485e-02
-6.8945e-02
-7.0989e-02
-7.2279e-02
-7.2478e-02
-7.2201e-02
-7.1383e-02
-6.9336e-02
-6.6331e-02
-6.4404e-02
-6.4476e-02
-6.4274e-02
-6.1397e-02
-5.5430e-02
-4.6997e-02
-3.6853e-02
-2.5128e-02
-1.1459e-02
2.9803e-03
1.6258e-02
2.7914e-02
3.8568e-02
4.8256e-02
5.6413e-02
6.2379e-02
6.5339e-02
6.5657e-02
6.5485e-02
6.6380e-02
6.8410e-02
7.0846e-02
7.2194e-02
7.1644e-02
7.0802e-02
7.0242e-02
6.8383e-02
6.4328e-02
5.9207e-02
5.4758e-02
5.1695e-02
4.9402e-02
4.7445e-02
4.4697e-02
4.0517e-02
3.5754e-02
3.0567e-02
2.5268e-02
2.0547e-02
1.7623e-02
1.7799e-02
2.0286e-02
2.3007e-02
2.4363e-02
2.4340e-02
2.4213e-02
2.4662e-02
2.4853e-02
2.3211e-02
1.8788e-02
1.2319e-02
6.0098e-03
2.7641e-03
4.0317e-03
7.6066e-03
9.8543e-03
9.6559e-03
8.6591e-03
8.3581e-03
8.7723e-03
9.3781e-03
9.7317e-03
9.2108e-03
6.9614e-03
2.7478e-03
-2.3056e-03
-7.4164e-03
-1.1710e-02
-1.3915e-02
-1.5060e-02
-1.6909e-02
-1.8551e-02
-1.8033e-02
-1.5104e-02
-1.2041e-02
-1.0835e-02
-1.1537e-02
-1.3182e-02
-1.4516e-02
-1.5803e-02
-1.8600e-02
-2.3176e-02
-2.9378e-02
-3.7312e-02
-4.5620e-02
-5.2737e-02
-5.9210e-02
-6.6483e-02
-7.4062e-02
-8.0463e-02
-8.5178e-02
-8.8911e-02
-9.1061e-02
-8.9265e-02
-8.2326e-02
-7.1170e-02
-5.8187e-02
-4.5347e-02
-3.2681e-02
-1.9596e-02
-7.4028e-03
1.5925e-03
6.6526e-03
8.3301e-03
6.7865e-03
1.3296e-03
-7.8989e-03
-1.8462e-02
-2.7725e-02
-3.5038e-02
-4.0543e-02
-4.3170e-02
-4.1847e-02
-3.7074e-02
-2.9190e-02
-1.7370e-02
-1.9084e-03
1.3407e-02
2.5557e-02
3.4710e-02
4.2333e-02
4.8970e-02
5.3115e-02
5.2671e-02
4.7858e-02
4.0786e-02
3.2848e-02
2.3785e-02
1.3313e-02
2.7841e-03
-6.0469e-03
-1.2934e-02
-1.8911e-02
-2.3396e-02
-2.4962e-02
-2.4640e-02
-2.4429e-02
-2.4918e-02
-2.6042e-02
-2.8028e-02
-3.0664e-02
-3.2607e-02
-3.3064e-02
-3.3214e-02
-3.4393e-02
-3.6191e-02
-3.6966e-02
-3.6230e-02
-3.5239e-02
-3.5556e-02
-3.7982e-02
-4.0906e-02
-4.1385e-02
-3.8480e-02
-3.3314e-02
-2.7465e-02
-2.1123e-02
-1.3315e-02
-3.6196e-03
6.8298e-03
1.6150e-02
2.3863e-02
3.0170e-02
3.4059e-02
3.4497e-02
3.2081e-02
2.8147e-02
2.3066e-02
1.6366e-02
8.8511e-03
2.8916e-03
-3.1389e-04
-1.6638e-03
-2.0711e-03
-1.3100e-03
1.7312e-03
7.4260e-03
1.4207e-02
2.0231e-02
2.5546e-02
3.1029e-02
3.6478e-02
4.0993e-02
4.3528e-02
4.3781e-02
4.1898e-02
3.7403e-02
3.0543e-02
2.2987e-02
1.5110e-02
7.3083e-03
1.1239e-03
-2.5079e-03
-2.7339e-03
2.4152e-04
4.6877e-03
9.8696e-03
1.6260e-02
2.3743e-02
3.1512e-02
3.8107e-02
4.1615e-02
4.1335e-02
3.9253e-02
3.7752e-02
3.6634e-02
3.4515e-02
3.0608e-02
2.5732e-02
2.1991e-02
2.0858e-02
2.1288e-02
2.1546e-02
2.1438e-02
2.1406e-02
2.1146e-02
1.9596e-02
1.5945e-02
1.0697e-02
5.3153e-03
1.2714e-03
-1.0711e-03
-2.6266e-03
-4.4287e-03
-6.0036e-03
-5.3635e-03
-3.0600e-03
-1.9696e-03
-2.5572e-03
-3.0691e-03
-2.4939e-03
-1.1050e-03
6.2509e-05
-6.7832e-04
-4.2761e-03
-1.0360e-02
-1.7673e-02
-2.4164e-02
-2.8824e-02
-3.2538e-02
-3.6334e-02
-3.9455e-02
-4.0014e-02
-3.7179e-02
-3.1827e-02
-2.4995e-02
-1.7488e-02
-1.0506e-02
-4.4389e-03
1.0746e-03
5.4265e-03
8.4454e-03
1.1012e-02
1.3644e-02
1.6157e-02
1.7229e-02
1.6685e-02
1.5112e-02
1.2769e-02
1.0793e-02
1.1212e-02
1.4179e-02
1.6786e-02
1.6898e-02
1.6303e-02
1.7632e-02
2.1322e-02
2.5690e-02
2.9147e-02
3.1868e-02
3.4404e-02
3.7644e-02
4.1718e-02
4.5875e-02
4.9460e-02
5.2046e-02
5.3433e-02
5.3362e-02
5.1265e-02
4.8096e-02
4.5468e-02
4.2425e-02
3.7270e-02
2.9753e-02
2.1450e-02
1.4957e-02
1.0798e-02
7.6908e-03
5.7118e-03
6.2502e-03
8.9146e-03
1.1343e-02
1.3307e-02
1.5330e-02
1.6513e-02
1.7492e-02
1.9808e-02
2.2920e-02
2.5052e-02
2.6829e-02
2.9617e-02
3.2069e-02
3.1909e-02
2.8994e-02
2.4846e-02
2.0875e-02
1.6621e-02
1.1407e-02
4.9754e-03
-2.3536e-03
-8.9349e-03
-1.4179e-02
-1.8511e-02
-2.2226e-02
-2.5124e-02
-2.6566e-02
-2.6192e-02
-2.4083e-02
-2.1805e-02
-2.1005e-02
-2.1241e-02
-2.1666e-02
-2.2811e-02
-2.5469e-02
-2.8673e-02
-2.9845e-02
-2.8368e-02
-2.5649e-02
-2.2949e-02
-2.0964e-02
-1.8192e-02
-1.2958e-02
-6.7706e-03
-1.1549e-03
3.2879e-03
5.2935e-03
5.1491e-03
4.1888e-03
2.3066e-03
-1.0143e-03
-4.7904e-03
-8.4178e-03
-1.2173e-02
-1.6326e-02
-2.0380e-02
-2.3504e-02
-2.4913e-02
-2.4932e-02
-2.5265e-02
-2.6804e-02
-2.8800e-02
-2.9699e-02
-2.9025e-02
-2.7749e-02
-2.7147e-02
-2.8288e-02
-3.0965e-02
-3.4389e-02
-3.8010e-02
-4.1116e-02
-4.3331e-02
-4.5346e-02
-4.8773e-02
-5.4204e-02
-6.0273e-02
-6.4853e-02
-6.6951e-02
-6.6996e-02
-6.5989e-02
-6.4843e-02
-6.3864e-02
-6.1865e-02
-5.7206e-02
-5.0402e-02
-4.3017e-02
-3.5076e-02
-2.6558e-02
-1.8509e-02
-1.1402e-02
-5.4861e-03
-1.1117e-03
2.1663e-03
4.3453e-03
4.9405e-03
4.8558e-03
5.0010e-03
5.2746e-03
5.3764e-03
5.3541e-03
5.4275e-03
5.6814e-03
5.9194e-03
5.6176e-03
4.1076e-03
1.2494e-03
-1.6666e-03
-2.7664e-03
-1.7269e-03
5.0859e-04
3.1923e-03
6.0103e-03
8.5816e-03
1.0710e-02
1.3476e-02
1.6654e-02
1.8530e-02
1.8965e-02
1.9008e-02
1.9046e-02
1.8214e-02
1.7091e-02
1.6960e-02
1.7073e-02
1.5748e-02
1.2415e-02
8.1852e-03
4.2347e-03
4.1515e-04
-3.3473e-03
-6.5327e-03
-7.9246e-03
-6.8068e-03
-3.2070e-03
2.0048e-03
8.0134e-03
1.3635e-02
1.6831e-02
1.6867e-02
1.4543e-02
9.8374e-03
2.8455e-03
-4.6201e-03
-1.1005e-02
-1.6189e-02
-2.0863e-02
-2.5419e-02
-2.8677e-02
-2.9389e-02
-2.8207e-02
-2.5863e-02
-2.2551e-02
-1.8950e-02
-1.5644e-02
-1.2746e-02
-1.0436e-02
-8.6020e-03
-6.6305e-03
-4.4385e-03
-2.2823e-03
-6.0326e-04
3.8235e-04
7.5761e-04
1.5328e-03
3.8171e-03
7.1108e-03
9.4535e-03
9.7193e-03
8.3690e-03
5.6967e-03
1.8466e-03
-1.8863e-03
-4.4106e-03
-6.6712e-03
-9.3359e-03
-1.1780e-02
-1.3499e-02
-1.3756e-02
-1.2035e-02
-8.6782e-03
-4.4877e-03
2.7253e-04
5.8467e-03
1.2138e-02
1.9169e-02
2.6342e-02
3.2313e-02
3.6517e-02
3.9641e-02
4.1979e-02
4.3049e-02
4.3161e-02
4.3279e-02
4.3703e-02
4.4047e-02
4.3777e-02
4.2415e-02
3.9834e-02
3.6703e-02
3.3509e-02
2.9794e-02
2.5893e-02
2.2644e-02
2.0813e-02
2.0535e-02
2.1375e-02
2.3903e-02
2.8847e-02
3.5046e-02
4.1021e-02
4.7122e-02
5.3509e-02
5.8797e-02
6.2155e-02
6.3804e-02
6.3982e-02
6.3638e-02
6.3311e-02
6.1636e-02
5.8525e-02
5.5267e-02
5.1812e-02
4.8067e-02
4.4526e-02
4.1546e-02
3.8830e-02
3.5470e-02
3.1356e-02
2.7033e-02
2.2504e-02
1.7877e-02
1.2520e-02
5.5384e-03
-3.3693e-03
-1.3526e-02
-2.2987e-02
-3.1015e-02
-3.8582e-02
-4.5637e-02
-5.0329e-02
-5.1016e-02
-4.7863e-02
-4.2322e-02
-3.5959e-02
-2.9321e-02
-2.1435e-02
-1.1891e-02
-2.5053e-03
4.6917e-03
9.0419e-03
1.2046e-02
1.5162e-02
1.7635e-02
1.8550e-02
1.6766e-02
1.1120e-02
3.5180e-03
-2.2405e-03
-5.0710e-03
-7.6161e-03
-1.1028e-02
-1.3598e-02
-1.4058e-02
-1.3005e-02
-1.1346e-02
-9.8749e-03
-9.6693e-03
-1.0965e-02
-1.3328e-02
-1.5968e-02
-1.7602e-02
-1.8073e-02
-1.8922e-02
-2.1098e-02
-2.4018e-02
-2.7020e-02
-2.9122e-02
-2.9451e-02
-2.8609e-02
-2.7769e-02
-2.7681e-02
-2.8612e-02
-2.9648e-02
-3.0402e-02
-3.1696e-02
-3.3576e-02
-3.4777e-02
-3.5266e-02
-3.7171e-02
-4.1041e-02
-4.4963e-02
-4.6471e-02
-4.5757e-02
-4.5822e-02
-4.7566e-02
-4.8856e-02
-4.8580e-02
-4.7642e-02
-4.7001e-02
-4.6821e-02
-4.5974e-02
-4.3725e-02
-4.0451e-02
-3.6790e-02
-3.3287e-02
-2.9751e-02
-2.5300e-02
-1.9182e-02
-1.1815e-02
-5.0268e-03
3.5214e-04
4.6589e-03
7.4094e-03
7.5621e-03
4.9138e-03
5.9202e-04
-4.2170e-03
-8.9575e-03
-1.2692e-02
-1.4786e-02
-1.6179e-02
-1.7424e-02
-1.7942e-02
-1.7553e-02
-1.6433e-02
-1.5071e-02
-1.4850e-02
-1.6787e-02
-2.0116e-02
-2.3942e-02
-2.7788e-02
-3.1309e-02
-3.4176e-02
-3.5840e-02
-3.6058e-02
-3.4718e-02
-3.2448e-02
-2.9814e-02
-2.6758e-02
-2.3892e-02
-2.1892e-02
-2.0107e-02
-1.7235e-02
-1.2922e-02
-8.0128e-03
-3.8315e-03
-2.1137e-04
3.8605e-03
8.4647e-03
1.2483e-02
1.4216e-02
1.2979e-02
9.9102e-03
5.4674e-03
-3.5170e-04
-6.1631e-03
-9.5172e-03
-9.7960e-03
-9.2826e-03
-9.7483e-03
-1.0724e-02
-1.0766e-02
-8.5870e-03
-3.5775e-03
3.7047e-03
1.1709e-02
1.8627e-02
2.3871e-02
2.7392e-02
2.9787e-02
3.0988e-02
3.1259e-02
3.1549e-02
3.2044e-02
3.2151e-02
3.1196e-02
2.8922e-02
2.6004e-02
2.3653e-02
2.0934e-02
1.6398e-02
1.1339e-02
7.2678e-03
4.2347e-03
2.4761e-03
2.5062e-03
3.6462e-03
4.9181e-03
6.7280e-03
8.1454e-03
7.0885e-03
3.8582e-03
7.1806e-04
-1.3808e-03
-3.3358e-03
-5.2172e-03
-6.4163e-03
-7.6150e-03
-9.4602e-03
-1.0831e-02
-1.0608e-02
-8.8296e-03
-5.7838e-03
-2.1063e-03
1.5378e-03
5.2589e-03
9.5419e-03
1.4502e-02
1.9426e-02
2.2965e-02
2.5177e-02
2.7965e-02
3.2016e-02
3.6031e-02
3.8838e-02
4.0384e-02
4.1172e-02
4.1181e-02
4.0284e-02
3.8517e-02
3.6187e-02
3.3333e-02
2.8771e-02
2.3314e-02
1.9445e-02
1.6864e-02
1.3791e-02
1.0552e-02
8.2405e-03
6.6433e-03
5.2938e-03
4.2837e-03
3.6725e-03
3.9242e-03
4.8145e-03
5.4679e-03
6.3028e-03
7.8239e-03
9.0215e-03
8.8266e-03
7.5972e-03
6.1485e-03
5.3152e-03
5.4999e-03
5.6845e-03
4.4908e-03
1.6036e-03
-1.6798e-03
-3.1884e-03
-2.0254e-03
1.0118e-03
4.6252e-03
7.5438e-03
9.2641e-03
1.0462e-02
1.1895e-02
1.3517e-02
1.5110e-02
1.5613e-02
1.3616e-02
9.6494e-03
5.4761e-03
1.9736e-03
-5.8572e-04
-1.7474e-03
-1.9218e-03
-2.6454e-03
-4.9551e-03
-8.2453e-03
-1.0917e-02
-1.2470e-02
-1.3768e-02
-1.5160e-02
-1.6474e-02
-1.6723e-02
-1.4500e-02
-1.0594e-02
-7.1435e-03
-4.3581e-03
-2.2374e-03
-1.6383e-03
-2.2969e-03
-2.8050e-03
-3.6766e-03
-6.8643e-03
-1.2433e-02
-1.7726e-02
-2.1254e-02
-2.4692e-02
-2.9181e-02
-3.4359e-02
-3.8594e-02
-4.0331e-02
-3.9462e-02
-3.7257e-02
-3.4972e-02
-3.2270e-02
-2.8719e-02
-2.4779e-02
-2.0968e-02
-1.7597e-02
-1.4951e-02
-1.3089e-02
-1.1804e-02
-1.1488e-02
-1.2253e-02
-1.2911e-02
-1.1968e-02
-9.4683e-03
-6.0353e-03
-1.7576e-03
3.1589e-03
7.9934e-03
1.1455e-02
1.3365e-02
1.5124e-02
1.7193e-02
1.8741e-02
1.8996e-02
1.8549e-02
1.8968e-02
1.9984e-02
2.0590e-02
2.1331e-02
2.2886e-02
2.4514e-02
2.5381e-02
2.5538e-02
2.4671e-02
2.3004e-02
2.1808e-02
2.1658e-02
2.1657e-02
2.0072e-02
1.7566e-02
1.7228e-02
1.9794e-02
2.2457e-02
2.2538e-02
1.9251e-02
1.3608e-02
8.1062e-03
3.8289e-03
-1.4871e-04
-5.1328e-03
-1.1398e-02
-1.6956e-02
-2.0093e-02
-2.1231e-02
-2.1587e-02
-2.1845e-02
-2.1495e-02
-1.9427e-02
-1.5355e-02
-1.0168e-02
-5.0458e-03
-1.5140e-03
-7.1463e-04
-1.3013e-03
-4.9081e-04
2.2315e-03
4.6004e-03
5.8809e-03
7.8242e-03
1.0930e-02
1.3425e-02
1.4002e-02
1.2629e-02
9.9688e-03
7.5884e-03
6.1281e-03
5.1396e-03
4.6656e-03
4.9292e-03
6.3856e-03
9.5157e-03
1.3452e-02
1.6278e-02
1.8315e-02
2.1542e-02
2.6048e-02
3.0296e-02
3.2876e-02
3.2847e-02
3.0318e-02
2.6637e-02
2.1969e-02
1.5693e-02
9.6018e-03
6.1204e-03
4.7712e-03
2.8001e-03
-3.4516e-04
-2.0018e-03
-4.2011e-04
2.8152e-03
5.0777e-03
5.8667e-03
6.5341e-03
7.2401e-03
6.7363e-03
5.2534e-03
3.9532e-03
2.3433e-03
-2.8275e-04
-3.1113e-03
-5.6586e-03
-8.3720e-03
-1.0555e-02
-1.1092e-02
-1.0092e-02
-7.8598e-03
-4.5219e-03
-8.7208e-04
2.4110e-03
5.4156e-03
8.4799e-03
1.1722e-02
1.4727e-02
1.6032e-02
1.5435e-02
1.4168e-02
1.2965e-02
1.1799e-02
9.6295e-03
5.7439e-03
1.0751e-03
-3.7966e-03
-8.2688e-03
-1.1639e-02
-1.3690e-02
-1.4432e-02
-1.4210e-02
-1.3032e-02
-1.0467e-02
-6.6256e-03
-2.3887e-03
2.4762e-04
4.0339e-04
-3.5676e-04
-3.9516e-04
7.3539e-04
3.0228e-03
6.0135e-03
8.2548e-03
8.7891e-03
8.4257e-03
8.1054e-03
7.6254e-03
6.6057e-03
5.7001e-03
6.2310e-03
7.9403e-03
9.2494e-03
1.0058e-02
1.1142e-02
1.2079e-02
1.2551e-02
1.3302e-02
1.4635e-02
1.5922e-02
1.7469e-02
2.0459e-02
2.4606e-02
2.8424e-02
3.0900e-02
3.1684e-02
3.0850e-02
2.8308e-02
2.3964e-02
1.8993e-02
1.4445e-02
1.0212e-02
6.3756e-03
2.8827e-03
-2.0223e-05
-2.1672e-03
-3.7966e-03
-4.8336e-03
-4.9532e-03
-4.4269e-03
-3.4705e-03
-2.6110e-03
-2.9004e-03
-4.8748e-03
-8.5747e-03
-1.3167e-02
-1.7563e-02
-2.2335e-02
-2.7902e-02
-3.3072e-02
-3.6537e-02
-3.8460e-02
-4.0305e-02
-4.2496e-02
-4.4438e-02
-4.5640e-02
-4.6323e-02
-4.7027e-02
-4.7695e-02
-4.8604e-02
-4.9517e-02
-4.9442e-02
-4.8034e-02
-4.5502e-02
-4.2474e-02
-3.9285e-02
-3.5599e-02
-3.2200e-02
-3.0308e-02
-2.8655e-02
-2.5459e-02
-2.1727e-02
-1.8877e-02
-1.6423e-02
-1.3926e-02
-1.1205e-02
-8.5741e-03
-7.2053e-03
-7.2164e-03
-7.4483e-03
-7.3125e-03
-7.0660e-03
-6.9644e-03
-6.9667e-03
-6.9578e-03
-6.8979e-03
-6.8405e-03
-6.9176e-03
-7.2983e-03
-8.0149e-03
-8.6571e-03
-8.3838e-03
-7.4635e-03
-6.8110e-03
-5.7668e-03
-3.4375e-03
-7.6021e-04
5.8233e-04
4.8510e-04
1.2484e-04
7.2733e-05
1.5850e-04
3.9193e-04
1.2303e-03
3.0038e-03
5.2293e-03
7.0416e-03
8.0306e-03
8.1029e-03
7.9095e-03
8.1496e-03
8.9337e-03
9.9520e-03
1.0639e-02
1.0992e-02
1.1467e-02
1.1589e-02
1.1424e-02
1.1808e-02
1.2256e-02
1.1318e-02
1.0490e-02
1.1511e-02
1.3052e-02
1.3833e-02
1.3742e-02
1.2894e-02
1.1956e-02
1.0661e-02
8.1722e-03
5.3344e-03
3.8667e-03
2.9787e-03
1.1602e-03
-1.0471e-03
-2.6165e-03
-3.1132e-03
-2.9896e-03
-3.0107e-03
-3.3143e-03
-3.5009e-03
-3.0860e-03
-1.7554e-03
2.5099e-04
2.0947e-03
3.4247e-03
4.0558e-03
4.0355e-03
3.9581e-03
4.1261e-03
4.3447e-03
4.3663e-03
4.1347e-03
3.8109e-03
3.8277e-03
4.8450e-03
7.3114e-03
1.0492e-02
1.2231e-02
1.1972e-02
1.1451e-02
1.1715e-02
1.2326e-02
1.2448e-02
1.1339e-02
8.5317e-03
4.4828e-03
3.0233e-04
-3.4445e-03
-6.6507e-03
-8.9960e-03
-1.0299e-02
-1.1531e-02
-1.4028e-02
-1.7184e-02
-1.8799e-02
-1.7984e-02
-1.5872e-02
-1.3898e-02
-1.2609e-02
-1.1672e-02
-1.0568e-02
-8.5207e-03
-5.6338e-03
-2.9792e-03
-5.4414e-04
2.2067e-03
4.0380e-03
3.2942e-03
1.0800e-04
-4.0713e-03
-7.9558e-03
-1.1642e-02
-1.4974e-02
-1.7402e-02
-1.8231e-02
-1.8193e-02
-1.8498e-02
-1.8989e-02
-1.8546e-02
-1.6140e-02
-1.1792e-02
-6.6260e-03
-1.1829e-03
3.3843e-03
5.7566e-03
6.7209e-03
7.2695e-03
7.7672e-03
8.5287e-03
9.4711e-03
9.8517e-03
9.0228e-03
8.0392e-03
8.1309e-03
8.8130e-03
8.9734e-03
7.8310e-03
5.0607e-03
1.5265e-03
-2.5713e-04
9.4352e-04
3.9551e-03
7.1042e-03
8.5984e-03
8.2597e-03
7.6981e-03
7.6911e-03
7.8218e-03
7.8249e-03
8.1300e-03
9.4424e-03
1.1978e-02
1.4716e-02
1.6243e-02
1.6660e-02
1.6827e-02
1.6480e-02
1.5798e-02
1.5834e-02
1.6255e-02
1.5846e-02
1.3964e-02
1.1042e-02
8.8454e-03
8.5928e-03
8.5853e-03
6.6798e-03
3.0858e-03
4.4543e-04
1.0913e-03
4.0647e-03
6.8590e-03
7.9393e-03
7.9982e-03
9.0799e-03
1.1939e-02
1.4847e-02
1.5617e-02
1.5137e-02
1.5761e-02
1.8288e-02
2.1588e-02
2.3663e-02
2.3737e-02
2.2712e-02
2.1329e-02
1.9728e-02
1.8035e-02
1.5986e-02
1.3676e-02
1.1534e-02
1.0350e-02
1.0207e-02
9.5748e-03
7.9144e-03
5.6266e-03
3.2404e-03
2.3145e-03
3.7963e-03
6.3673e-03
8.9103e-03
1.1517e-02
1.4852e-02
1.9434e-02
2.3892e-02
2.6370e-02
2.6868e-02
2.6695e-02
2.6775e-02
2.7011e-02
2.7074e-02
2.7055e-02
2.7356e-02
2.8244e-02
2.9354e-02
2.9269e-02
2.6065e-02
1.9982e-02
1.3918e-02
9.9023e-03
6.7222e-03
2.8847e-03
-1.2446e-03
-4.5665e-03
-6.5129e-03
-8.4810e-03
-1.0722e-02
-1.1716e-02
-1.1527e-02
-1.0679e-02
-8.7384e-03
-5.7436e-03
-3.5993e-03
-3.5067e-03
-3.9718e-03
-3.7080e-03
-3.1774e-03
-3.4685e-03
-5.3006e-03
-8.4436e-03
-1.1098e-02
-1.1615e-02
-1.0994e-02
-1.0725e-02
-1.0883e-02
-1.1087e-02
-1.1443e-02
-1.2337e-02
-1.3759e-02
-1.4889e-02
-1.5031e-02
-1.4866e-02
-1.5275e-02
-1.6167e-02
-1.6638e-02
-1.5515e-02
-1.2963e-02
-1.1168e-02
-1.1174e-02
-1.1764e-02
-1.1856e-02
-1.1456e-02
-1.0776e-02
-9.8781e-03
-9.0052e-03
-7.9148e-03
-6.1698e-03
-4.9201e-03
-4.7230e-03
-4.8794e-03
-5.7384e-03
-7.0779e-03
-7.5971e-03
-7.2737e-03
-6.9923e-03
-7.0591e-03
-7.3251e-03
-7.7851e-03
-8.5344e-03
-9.4032e-03
-1.0541e-02
-1.2757e-02
-1.5195e-02
-1.6648e-02
-1.7558e-02
-1.8698e-02
-1.9997e-02
-2.0205e-02
-1.9469e-02
-1.8019e-02
-1.5932e-02
-1.4890e-02
-1.5165e-02
-1.5482e-02
-1.5393e-02
-1.5337e-02
-1.5529e-02
-1.5552e-02
-1.4568e-02
-1.1810e-02
-7.5111e-03
-2.7501e-03
2.2673e-03
7.0323e-03
1.0916e-02
1.4730e-02
1.8644e-02
2.1833e-02
2.3145e-02
2.2931e-02
2.2687e-02
2.2976e-02
2.3520e-02
2.4014e-02
2.4095e-02
2.2982e-02
1.9830e-02
1.4945e-02
1.0237e-02
6.5287e-03
3.0313e-03
-5.9405e-04
-3.8525e-03
-6.3998e-03
-8.7647e-03
-1.2055e-02
-1.6258e-02
-2.0444e-02
-2.4003e-02
-2.6549e-02
-2.7752e-02
-2.7674e-02
-2.6540e-02
-2.5390e-02
-2.4994e-02
-2.4841e-02
-2.3462e-02
-2.0811e-02
-1.8409e-02
-1.7920e-02
-1.9882e-02
-2.2132e-02
-2.2137e-02
-2.0558e-02
-1.9854e-02
-2.0517e-02
-2.2016e-02
-2.3398e-02
-2.2514e-02
-1.9851e-02
-1.8384e-02
-1.8693e-02
-1.9252e-02
-1.9384e-02
-1.9417e-02
-1.9430e-02
-1.8903e-02
-1.7225e-02
-1.4513e-02
-1.2149e-02
-1.1423e-02
-1.1769e-02
-1.1883e-02
-1.1508e-02
-1.1216e-02
-1.1553e-02
-1.2722e-02
-1.4322e-02
-1.5090e-02
-1.4209e-02
-1.2502e-02
-1.1321e-02
-1.0694e-02
-9.3322e-03
-6.8553e-03
-4.0516e-03
-1.3096e-03
1.4116e-03
3.1328e-03
3.3091e-03
3.7269e-03
5.9572e-03
9.2397e-03
1.0832e-02
9.1971e-03
6.5742e-03
5.8222e-03
7.4740e-03
1.0176e-02
1.1758e-02
1.2036e-02
1.3042e-02
1.5866e-02
1.9099e-02
2.1369e-02
2.3747e-02
2.6505e-02
2.8397e-02
2.9517e-02
2.9714e-02
2.7817e-02
2.4180e-02
2.0394e-02
1.6951e-02
1.3165e-02
8.4045e-03
2.8270e-03
-2.2748e-03
-5.4428e-03
-6.6890e-03
-7.0077e-03
-7.1478e-03
-6.7279e-03
-4.8150e-03
-1.4317e-03
2.0062e-03
4.3072e-03
5.6271e-03
6.6672e-03
7.5768e-03
8.9962e-03
1.1585e-02
1.4320e-02
1.5641e-02
1.6690e-02
1.9306e-02
2.2444e-02
2.3628e-02
2.3173e-02
2.2851e-02
2.3062e-02
2.3298e-02
2.3336e-02
2.3349e-02
2.3501e-02
2.3762e-02
2.3821e-02
2.3117e-02
2.1139e-02
1.8222e-02
1.5951e-02
1.5458e-02
1.5914e-02
1.6106e-02
1.5904e-02
1.5665e-02
1.5476e-02
1.5261e-02
1.5123e-02
1.5443e-02
1.6668e-02
1.8782e-02
2.0570e-02
2.0380e-02
1.9267e-02
1.9024e-02
1.9490e-02
1.9870e-02
1.9896e-02
1.9478e-02
1.8348e-02
1.6489e-02
1.4440e-02
1.2198e-02
9.2925e-03
5.7676e-03
2.6067e-03
7.5443e-05
-2.3857e-03
-4.8363e-03
-7.5070e-03
-1.0263e-02
-1.2485e-02
-1.4441e-02
-1.6492e-02
-1.8272e-02
-1.8902e-02
-1.7918e-02
-1.5885e-02
-1.3858e-02
-1.2451e-02
-1.1779e-02
-1.1770e-02
-1.1822e-02
-1.1575e-02
-1.1296e-02
-1.1476e-02
-1.2480e-02
-1.4242e-02
-1.5949e-02
-1.6975e-02
-1.7544e-02
-1.8305e-02
-1.8864e-02
-1.7505e-02
-1.3870e-02
-9.6851e-03
-6.4762e-03
-4.4552e-03
-3.4249e-03
-2.1425e-03
7.3822e-05
2.6046e-03
4.8894e-03
6.4096e-03
6.5863e-03
5.2075e-03
3.7004e-03
3.5186e-03
4.1051e-03
4.3657e-03
4.0386e-03
3.2204e-03
1.9907e-03
7.1211e-04
-5.4453e-04
-2.7046e-03
-5.6858e-03
-7.3561e-03
-6.1073e-03
-2.8144e-03
1.0671e-04
7.2192e-04
-1.4345e-04
-7.8676e-04
-7.7229e-04
-1.3110e-04
1.5519e-03
4.4943e-03
7.3882e-03
8.2968e-03
7.7849e-03
7.4456e-03
7.3299e-03
6.5668e-03
4.8267e-03
2.3786e-03
-1.1958e-03
-6.0124e-03
-1.0863e-02
-1.3669e-02
-1.2742e-02
-9.3968e-03
-6.9822e-03
-6.9324e-03
-7.8354e-03
-8.1595e-03
-7.8206e-03
-7.3011e-03
-6.9132e-03
-6.9843e-03
-8.0350e-03
-1.0329e-02
-1.2906e-02
-1.3539e-02
-1.1719e-02
-8.6309e-03
-5.7009e-03
-3.2367e-03
-5.0791e-04
2.6440e-03
5.8663e-03
7.9178e-03
8.2636e-03
7.6711e-03
6.0786e-03
2.7837e-03
-1.5800e-03
-5.2703e-03
-7.1495e-03
-8.1072e-03
-9.8578e-03
-1.2014e-02
-1.3026e-02
-1.2435e-02
-1.1310e-02
-1.0948e-02
-1.1184e-02
-1.1584e-02
-1.2500e-02
-1.4288e-02
-1.6364e-02
-1.7991e-02
-1.8905e-02
-1.9103e-02
-1.8981e-02
-1.8597e-02
-1.7638e-02
-1.6370e-02
-1.6164e-02
-1.8052e-02
-2.0649e-02
-2.1653e-02
-1.9993e-02
-1.6217e-02
-1.3265e-02
-1.3145e-02
-1.3825e-02
-1.3164e-02
-1.1121e-02
-9.2163e-03
-8.4327e-03
-8.3571e-03
-7.3952e-03
-5.4455e-03
-4.6865e-03
-4.8862e-03
-4.3456e-03
-3.8120e-03
-4.2912e-03
-5.1557e-03
-5.1962e-03
-4.1451e-03
-3.3449e-03
-3.3365e-03
-3.5032e-03
-3.6570e-03
-4.2487e-03
-5.5412e-03
-6.9474e-03
-7.4854e-03
-7.3095e-03
-7.2378e-03
-7.4194e-03
-7.4186e-03
-6.8580e-03
-5.7593e-03
-4.7708e-03
-4.7747e-03
-5.1310e-03
-4.5071e-03
-3.6760e-03
-3.6803e-03
-3.9614e-03
-3.5968e-03
-2.2520e-03
-2.6533e-04
1.4438e-03
2.4989e-03
3.3805e-03
5.3430e-03
9.6234e-03
1.5392e-02
2.0311e-02
2.3490e-02
2.5665e-02
2.7467e-02
2.9176e-02
3.0541e-02
3.1160e-02
3.1239e-02
3.0724e-02
2.9046e-02
2.6275e-02
2.4201e-02
2.4826e-02
2.6327e-02
2.5556e-02
2.3664e-02
2.3041e-02
2.3411e-02
2.3574e-02
2.3341e-02
2.3172e-02
2.3477e-02
2.4473e-02
2.5948e-02
2.6875e-02
2.6311e-02
2.4887e-02
2.3943e-02
2.3527e-02
2.1768e-02
1.7260e-02
1.0829e-02
5.2977e-03
3.7948e-03
4.9075e-03
5.2983e-03
4.1197e-03
2.1815e-03
3.9167e-04
-7.4645e-04
-1.7186e-03
-2.7740e-03
-3.3429e-03
-3.8118e-03
-5.0626e-03
-6.7953e-03
-7.6939e-03
-7.4655e-03
-6.7167e-03
-5.6236e-03
-4.2800e-03
-3.1998e-03
-2.0924e-03
-3.9075e-04
1.4079e-03
2.8844e-03
3.9871e-03
5.0744e-03
6.6454e-03
8.2559e-03
9.6152e-03
1.0844e-02
1.1044e-02
9.5944e-03
7.2234e-03
4.4189e-03
2.5682e-03
2.8629e-03
3.3069e-03
1.9998e-03
3.4739e-04
-3.8552e-05
2.4220e-04
2.7904e-04
1.6716e-04
4.0757e-04
1.2750e-03
2.5666e-03
3.5201e-03
3.9678e-03
4.8458e-03
6.2523e-03
6.3078e-03
2.1227e-03
-6.5728e-03
-1.3729e-02
-1.3757e-02
-1.0544e-02
-9.6421e-03
-1.0722e-02
-1.1417e-02
-1.1308e-02
-1.1357e-02
-1.2401e-02
-1.4614e-02
-1.7099e-02
-1.8457e-02
-1.8679e-02
-1.9326e-02
-2.1353e-02
-2.3820e-02
-2.4980e-02
-2.5071e-02
-2.6004e-02
-2.7978e-02
-3.0176e-02
-3.1519e-02
-3.1153e-02
-3.0477e-02
-3.0436e-02
-2.9999e-02
-2.8119e-02
-2.5203e-02
-2.2635e-02
-2.0600e-02
-1.8004e-02
-1.4534e-02
-1.1166e-02
-9.0622e-03
-8.0460e-03
-7.7181e-03
-7.6883e-03
-7.6192e-03
-7.5403e-03
-7.5196e-03
-7.3775e-03
-6.7406e-03
-5.4291e-03
-3.9017e-03
-2.8317e-03
-1.8299e-03
-5.5431e-04
5.5275e-04
1.7949e-03
3.6057e-03
5.3782e-03
6.8293e-03
8.4627e-03
1.1445e-02
1.6012e-02
2.0140e-02
2.2515e-02
2.3558e-02
2.3362e-02
2.3252e-02
2.4658e-02
2.6782e-02
2.7759e-02
2.7076e-02
2.5544e-02
2.4017e-02
2.3354e-02
2.3625e-02
2.3952e-02
2.3756e-02
2.3082e-02
2.2232e-02
2.1817e-02
2.2524e-02
2.3541e-02
2.3747e-02
2.3531e-02
2.3550e-02
2.3680e-02
2.3380e-02
2.2285e-02
2.0618e-02
1.9445e-02
1.9374e-02
1.9667e-02
1.9701e-02
1.9619e-02
1.9655e-02
1.9694e-02
1.9374e-02
1.8382e-02
1.6866e-02
1.5764e-02
1.5752e-02
1.6156e-02
1.6030e-02
1.5032e-02
1.3281e-02
1.1400e-02
9.9430e-03
8.6162e-03
6.6845e-03
3.4505e-03
-1.2248e-04
-2.2495e-03
-2.9051e-03
-2.8334e-03
-2.8214e-03
-3.3641e-03
-4.4314e-03
-5.4344e-03
-5.1903e-03
-3.1163e-03
3.9401e-06
3.4179e-03
6.3030e-03
7.9022e-03
8.2414e-03
7.8695e-03
6.6413e-03
3.9290e-03
3.7023e-04
-2.4259e-03
-4.4793e-03
-6.2748e-03
-8.1046e-03
-1.0793e-02
-1.3943e-02
-1.5930e-02
-1.7079e-02
-1.8175e-02
-1.8324e-02
-1.6998e-02
-1.4843e-02
-1.2394e-02
-9.2613e-03
-5.5755e-03
-2.0204e-03
1.2241e-03
4.3463e-03
6.6427e-03
6.3918e-03
4.0224e-03
1.2898e-03
-1.6648e-03
-4.9952e-03
-8.1033e-03
-1.0292e-02
-1.1511e-02
-1.2589e-02
-1.3644e-02
-1.3458e-02
-1.2005e-02
-1.0676e-02
-9.4944e-03
-7.6518e-03
-5.5929e-03
-4.0275e-03
-3.3504e-03
-3.4387e-03
-4.0447e-03
-5.3873e-03
-7.4108e-03
-9.1958e-03
-1.0267e-02
-1.0954e-02
-1.1524e-02
-1.2034e-02
-1.2239e-02
-1.2069e-02
-1.2874e-02
-1.5128e-02
-1.7024e-02
-1.7072e-02
-1.5182e-02
-1.2742e-02
-1.1287e-02
-1.1802e-02
-1.4399e-02
-1.7653e-02
-1.9231e-02
-1.8797e-02
-1.8172e-02
-1.8346e-02
-1.8904e-02
-1.9185e-02
-1.8729e-02
-1.7177e-02
-1.4678e-02
-1.2368e-02
-1.1054e-02
-9.6763e-03
-7.1058e-03
-4.4617e-03
-3.4147e-03
-3.5769e-03
-3.6502e-03
-3.4681e-03
-3.7241e-03
-4.8485e-03
-6.4190e-03
-7.2810e-03
-7.1024e-03
-6.7129e-03
-6.7396e-03
-7.2961e-03
-8.4247e-03
-9.9254e-03
-1.0954e-02
-1.1268e-02
-1.2010e-02
-1.3770e-02
-1.5381e-02
-1.5554e-02
-1.4084e-02
-1.0895e-02
-6.2659e-03
-1.3993e-03
2.4264e-03
5.1869e-03
7.2585e-03
8.9432e-03
1.1323e-02
1.4122e-02
1.5687e-02
1.5705e-02
1.5368e-02
1.5420e-02
1.5705e-02
1.5954e-02
1.6064e-02
1.5875e-02
1.5103e-02
1.3673e-02
1.2147e-02
1.1013e-02
9.8261e-03
8.6857e-03
8.3400e-03
8.5088e-03
8.4998e-03
8.2415e-03
8.0614e-03
8.2759e-03
9.1015e-03
1.0470e-02
1.1686e-02
1.2227e-02
1.2805e-02
1.3954e-02
1.4694e-02
1.3792e-02
1.2196e-02
1.1787e-02
1.2396e-02
1.2625e-02
1.1663e-02
9.4413e-03
6.6640e-03
4.6695e-03
3.6388e-03
2.0779e-03
-5.4398e-04
-2.8005e-03
-3.9873e-03
-5.1787e-03
-6.6535e-03
-7.1592e-03
-6.2881e-03
-4.7382e-03
-3.4621e-03
-3.2225e-03
-3.5914e-03
-3.7138e-03
-3.4089e-03
-2.9848e-03
-2.8636e-03
-3.5675e-03
-5.5474e-03
-8.4457e-03
-1.0686e-02
-1.1182e-02
-1.0819e-02
-1.0805e-02
-1.1118e-02
-1.1109e-02
-1.0439e-02
-9.4193e-03
-9.1316e-03
-1.0723e-02
-1.3568e-02
-1.6407e-02
-1.8251e-02
-1.8611e-02
-1.8254e-02
-1.8140e-02
-1.8363e-02
-1.8635e-02
-1.8872e-02
-1.9067e-02
-1.8992e-02
-1.8179e-02
-1.6295e-02
-1.3895e-02
-1.2444e-02
-1.1830e-02
-1.1363e-02
-1.1488e-02
-1.2521e-02
-1.4108e-02
-1.5462e-02
-1.6460e-02
-1.7329e-02
-1.7284e-02
-1.6069e-02
-1.4977e-02
-1.4347e-02
-1.2833e-02
-9.9849e-03
-7.5078e-03
-6.0869e-03
-3.7459e-03
2.7097e-04
4.3170e-03
6.8777e-03
7.7493e-03
7.9821e-03
8.9386e-03
1.0709e-02
1.1995e-02
1.2115e-02
1.2021e-02
1.2680e-02
1.4071e-02
1.5497e-02
1.6757e-02
1.8842e-02
2.1927e-02
2.4650e-02
2.6267e-02
2.6923e-02
2.6442e-02
2.5120e-02
2.3880e-02
2.2971e-02
2.1327e-02
1.8563e-02
1.5719e-02
1.3254e-02
1.0787e-02
8.9726e-03
8.5595e-03
8.8044e-03
8.8081e-03
8.5780e-03
8.4290e-03
8.3982e-03
8.3520e-03
8.2264e-03
8.1289e-03
8.3240e-03
9.1271e-03
1.0562e-02
1.1896e-02
1.2155e-02
1.1727e-02
1.1715e-02
1.2623e-02
1.4247e-02
1.5675e-02
1.5555e-02
1.3866e-02
1.2232e-02
1.2361e-02
1.4143e-02
1.5889e-02
1.5989e-02
1.4516e-02
1.2746e-02
1.1517e-02
1.0100e-02
7.7155e-03
5.3271e-03
3.7831e-03
2.0215e-03
-6.7892e-04
-2.9170e-03
-4.4966e-03
-7.2410e-03
-1.1366e-02
-1.5276e-02
-1.7983e-02
-1.9686e-02
-2.1023e-02
-2.1982e-02
-2.2629e-02
-2.3718e-02
-2.5329e-02
-2.6402e-02
-2.6584e-02
-2.6612e-02
-2.6650e-02
-2.5907e-02
-2.3665e-02
-2.0484e-02
-1.8470e-02
-1.8498e-02
-1.9077e-02
-1.9125e-02
-1.8887e-02
-1.8698e-02
-1.8370e-02
-1.7541e-02
-1.6205e-02
-1.4931e-02
-1.3684e-02
-1.1479e-02
-8.5062e-03
-6.0680e-03
-4.4273e-03
-3.4204e-03
-3.4958e-03
-4.6287e-03
-6.1602e-03
-6.9523e-03
-6.1768e-03
-4.6757e-03
-4.1001e-03
-4.7551e-03
-4.6929e-03
-2.7890e-03
-5.3325e-04
6.2810e-04
5.4749e-04
1.2362e-04
1.0971e-04
6.5000e-04
1.6735e-03
2.8581e-03
3.2336e-03
2.0095e-03
6.5310e-04
1.5795e-03
4.7964e-03
7.9090e-03
8.8958e-03
8.9334e-03
9.9509e-03
1.1566e-02
1.2286e-02
1.2167e-02
1.2144e-02
1.2391e-02
1.2450e-02
1.1872e-02
1.0545e-02
9.0144e-03
8.3302e-03
8.5180e-03
8.7826e-03
8.8327e-03
8.8158e-03
8.6594e-03
8.0004e-03
6.6238e-03
5.0507e-03
4.3663e-03
4.5324e-03
4.6392e-03
4.4529e-03
4.4363e-03
5.0139e-03
6.1549e-03
7.1433e-03
6.8187e-03
5.5878e-03
5.6537e-03
7.4593e-03
8.8573e-03
8.8104e-03
8.3366e-03
8.2292e-03
8.3716e-03
8.5346e-03
8.6980e-03
8.7918e-03
8.5008e-03
7.3932e-03
5.3803e-03
3.0172e-03
5.4969e-04
-1.7810e-03
-3.1000e-03
-3.2082e-03
-2.6836e-03
-1.4678e-03
7.8397e-04
3.2176e-03
4.4313e-03
4.6661e-03
5.2122e-03
6.0373e-03
5.7583e-03
4.2846e-03
2.9077e-03
2.0690e-03
2.1482e-03
3.3326e-03
3.9980e-03
2.5403e-03
-7.0645e-05
-2.0995e-03
-3.1154e-03
-3.2222e-03
-2.7400e-03
-1.7645e-03
-2.8787e-04
8.8890e-04
7.4185e-04
-4.9532e-04
-1.8582e-03
-2.1855e-03
-5.5697e-04
1.9582e-03
3.2085e-03
3.1799e-03
3.5991e-03
4.4215e-03
4.8957e-03
4.8617e-03
3.9015e-03
1.3416e-03
-2.4304e-03
-5.6668e-03
-7.7500e-03
-8.7003e-03
-8.4943e-03
-8.0187e-03
-7.5565e-03
-7.2097e-03
-6.8166e-03
-5.5932e-03
-3.4746e-03
-1.4662e-03
-7.0621e-05
5.7168e-04
5.5182e-04
4.4795e-04
5.5112e-04
7.1945e-04
8.0033e-04
8.0416e-04
7.8671e-04
7.7806e-04
7.7998e-04
7.8848e-04
7.8790e-04
7.6592e-04
7.2595e-04
7.0873e-04
7.7223e-04
9.3713e-04
1.0810e-03
8.7682e-04
-1.1791e-04
-2.0263e-03
-4.1564e-03
-5.7827e-03
-6.6478e-03
-6.7095e-03
-6.6168e-03
-7.0078e-03
-7.8507e-03
-8.5799e-03
-8.3582e-03
-7.2837e-03
-6.6869e-03
-6.8499e-03
-7.1293e-03
-7.2936e-03
-7.4238e-03
-7.3180e-03
-6.4143e-03
-4.3034e-03
-1.5243e-03
5.2070e-04
1.5415e-03
2.7027e-03
4.0623e-03
4.1226e-03
2.4663e-03
2.2233e-04
-1.4483e-03
-2.3647e-03
-2.5224e-03
-2.3803e-03
-2.8791e-03
-4.5227e-03
-6.9088e-03
-8.9688e-03
-1.0231e-02
-1.0616e-02
-1.0488e-02
-1.0458e-02
-1.0650e-02
-1.0826e-02
-1.0827e-02
-1.0683e-02
-1.0544e-02
-1.0658e-02
-1.1295e-02
-1.2471e-02
-1.3506e-02
-1.3143e-02
-1.1477e-02
-1.0402e-02
-1.0697e-02
-1.1280e-02
-1.1141e-02
-9.9883e-03
-7.9372e-03
-5.6987e-03
-3.9873e-03
-3.1363e-03
-3.1352e-03
-3.3175e-03
-3.2431e-03
-3.0410e-03
-2.8997e-03
-2.8340e-03
-2.8142e-03
-2.8765e-03
-3.0622e-03
-3.2798e-03
-3.1843e-03
-2.2132e-03
2.0839e-05
3.0030e-03
5.6328e-03
7.8362e-03
1.0042e-02
1.1750e-02
1.3065e-02
1.5172e-02
1.7862e-02
1.9122e-02
1.7997e-02
1.6179e-02
1.5648e-02
1.6130e-02
1.6523e-02
1.6635e-02
1.6706e-02
1.6573e-02
1.5659e-02
1.3571e-02
1.0886e-02
9.0544e-03
8.4005e-03
7.5070e-03
5.5779e-03
3.3835e-03
1.2452e-03
-1.1559e-03
-3.9622e-03
-6.3021e-03
-7.1471e-03
-6.8744e-03
-6.0972e-03
-4.5183e-03
-2.0653e-03
1.3563e-04
1.5391e-03
3.3793e-03
6.1980e-03
8.2761e-03
9.2226e-03
1.1005e-02
1.4103e-02
1.6374e-02
1.7032e-02
1.7555e-02
1.8347e-02
1.8375e-02
1.7344e-02
1.6438e-02
1.6215e-02
1.5563e-02
1.3698e-02
1.1412e-02
9.7308e-03
8.9860e-03
9.0436e-03
9.1929e-03
8.9626e-03
8.4956e-03
8.2284e-03
8.7261e-03
1.0532e-02
1.3513e-02
1.6016e-02
1.6523e-02
1.6070e-02
1.6045e-02
1.6190e-02
1.5509e-02
1.3523e-02
1.0814e-02
8.2719e-03
5.4400e-03
1.3745e-03
-3.1539e-03
-6.4802e-03
-8.5094e-03
-1.0874e-02
-1.3295e-02
-1.4129e-02
-1.4154e-02
-1.5034e-02
-1.6728e-02
-1.7632e-02
-1.6436e-02
-1.3978e-02
-1.1982e-02
-1.0946e-02
-1.0758e-02
-1.0923e-02
-1.0981e-02
-1.0977e-02
-1.1035e-02
-1.0909e-02
-1.0026e-02
-7.9871e-03
-5.3094e-03
-3.3486e-03
-2.2941e-03
-6.3219e-04
2.1241e-03
4.3529e-03
5.0086e-03
4.8714e-03
4.4045e-03
2.7712e-03
-6.1728e-04
-4.7752e-03
-8.1594e-03
-9.9185e-03
-1.0159e-02
-9.9110e-03
-1.0041e-02
-1.0551e-02
-1.1058e-02
-1.1169e-02
-1.0403e-02
-8.3453e-03
-5.4147e-03
-3.2639e-03
-2.9866e-03
-3.5034e-03
-3.1103e-03
-1.1945e-03
1.7358e-03
4.5051e-03
6.7044e-03
9.1067e-03
1.1433e-02
1.2425e-02
1.2251e-02
1.2069e-02
1.2262e-02
1.2548e-02
1.2755e-02
1.2876e-02
1.2794e-02
1.2235e-02
1.1043e-02
9.6374e-03
9.0366e-03
9.2680e-03
9.0074e-03
7.2385e-03
4.2744e-03
1.7349e-03
8.7147e-04
9.3397e-04
5.5651e-04
-3.0559e-04
-9.4721e-04
-1.9531e-03
-3.8471e-03
-5.7971e-03
-6.8403e-03
-6.8209e-03
-6.5154e-03
-6.4144e-03
-6.4584e-03
-6.7396e-03
-7.7025e-03
-9.5956e-03
-1.1825e-02
-1.3653e-02
-1.4615e-02
-1.4304e-02
-1.2753e-02
-1.0259e-02
-7.8509e-03
-6.8629e-03
-7.0836e-03
-7.2075e-03
-6.8311e-03
-6.6005e-03
-7.2223e-03
-8.8649e-03
-1.0721e-02
-1.0810e-02
-8.4589e-03
-6.3515e-03
-6.3332e-03
-7.2447e-03
-7.6595e-03
-7.2146e-03
-5.7988e-03
-3.3945e-03
-1.0297e-03
-3.3736e-04
-1.2628e-03
-2.7656e-03
-4.7300e-03
-6.3916e-03
-7.4485e-03
-9.1772e-03
-1.1931e-02
-1.4021e-02
-1.4384e-02
-1.4013e-02
-1.3960e-02
-1.4178e-02
-1.4311e-02
-1.4324e-02
-1.4376e-02
-1.4550e-02
-1.4743e-02
-1.4623e-02
-1.3723e-02
-1.1835e-02
-9.7098e-03
-8.9633e-03
-9.9958e-03
-1.0979e-02
-1.0898e-02
-1.0597e-02
-1.0732e-02
-1.0932e-02
-1.0377e-02
-8.4599e-03
-5.4639e-03
-2.9415e-03
-2.1619e-03
-2.7557e-03
-4.1853e-03
-6.6637e-03
-9.5442e-03
-1.0819e-02
-1.0399e-02
-9.9546e-03
-1.0109e-02
-1.0405e-02
-1.0540e-02
-1.0636e-02
-1.0817e-02
-1.0941e-02
-1.0557e-02
-9.0962e-03
-6.4226e-03
-3.4263e-03
-9.4536e-04
1.4204e-03
3.6684e-03
4.8693e-03
5.1638e-03
5.4426e-03
5.8703e-03
7.1556e-03
1.0081e-02
1.2720e-02
1.3384e-02
1.3362e-02
1.3675e-02
1.3434e-02
1.2592e-02
1.2415e-02
1.2973e-02
1.3404e-02
1.3039e-02
1.1412e-02
8.5092e-03
5.6185e-03
4.6313e-03
6.0237e-03
8.7597e-03
1.1330e-02
1.2443e-02
1.2402e-02
1.3016e-02
1.5280e-02
1.8222e-02
2.0232e-02
2.1361e-02
2.2788e-02
2.4079e-02
2.3625e-02
2.1289e-02
1.8459e-02
1.6729e-02
1.6117e-02
1.5057e-02
1.2916e-02
1.0632e-02
8.9077e-03
7.9773e-03
7.5653e-03
7.6932e-03
8.4857e-03
8.8450e-03
8.3630e-03
7.9995e-03
8.7578e-03
1.1037e-02
1.4222e-02
1.6431e-02
1.6239e-02
1.4267e-02
1.2108e-02
1.1016e-02
1.1171e-02
1.1972e-02
1.2000e-02
1.0974e-02
1.0023e-02
9.1331e-03
8.4957e-03
8.6971e-03
9.6660e-03
1.1078e-02
1.2692e-02
1.4745e-02
1.6298e-02
1.6437e-02
1.6174e-02
1.6411e-02
1.6769e-02
1.6397e-02
1.4756e-02
1.2097e-02
9.7711e-03
8.7945e-03
8.0581e-03
5.8297e-03
2.3121e-03
-1.1854e-03
-4.3165e-03
-6.5829e-03
-7.4497e-03
-7.6901e-03
-7.5412e-03
-7.0487e-03
-6.5868e-03
-5.4148e-03
-2.8478e-03
-4.1750e-05
1.1966e-03
9.4956e-04
6.1547e-04
7.4002e-04
9.8045e-04
1.0848e-03
1.1353e-03
1.2510e-03
1.3841e-03
1.2716e-03
5.1539e-04
-1.0926e-03
-3.0500e-03
-4.6637e-03
-5.7208e-03
-5.2895e-03
-3.3496e-03
-2.3248e-03
-2.5925e-03
-2.3102e-03
-7.2223e-04
1.0216e-03
1.3656e-03
2.7862e-04
-1.3503e-03
-2.5675e-03
-2.6148e-03
-2.0162e-03
-1.9946e-03
-3.3380e-03
-6.1502e-03
-9.3442e-03
-1.0886e-02
-1.0771e-02
-1.0429e-02
-9.8629e-03
-8.0274e-03
-4.9698e-03
-2.6513e-03
-2.9005e-03
-5.4162e-03
-8.5641e-03
-1.0517e-02
-1.0484e-02
-9.4207e-03
-8.6004e-03
-8.6893e-03
-9.8010e-03
-1.0747e-02
-1.0752e-02
-1.0421e-02
-1.0318e-02
-1.0393e-02
-1.0458e-02
-1.0478e-02
-1.0482e-02
-1.0484e-02
-1.0483e-02
-1.0482e-02
-1.0479e-02
-1.0466e-02
-1.0440e-02
-1.0420e-02
-1.0442e-02
-1.0537e-02
-1.0667e-02
-1.0671e-02
-1.0276e-02
-9.2626e-03
-7.8538e-03
-6.9443e-03
-6.7815e-03
-6.1513e-03
-4.1356e-03
-1.3217e-03
1.4360e-03
3.5152e-03
3.9525e-03
2.9681e-03
2.1705e-03
1.8313e-03
1.3902e-03
1.2255e-03
1.3327e-03
1.2837e-03
1.0411e-03
9.1282e-04
1.2486e-03
2.2227e-03
3.5476e-03
4.1644e-03
3.3689e-03
2.2843e-03
1.9735e-03
2.3636e-03
3.7020e-03
5.1588e-03
5.2725e-03
4.0751e-03
2.4373e-03
1.2348e-03
1.0322e-03
1.3337e-03
1.4313e-03
1.2984e-03
1.2226e-03
1.2991e-03
1.3708e-03
1.1541e-03
3.9109e-04
-8.4074e-04
-1.7244e-03
-1.3681e-03
-5.1128e-04
-1.1516e-04
4.8960e-04
1.5887e-03
3.1908e-03
5.1404e-03
6.4240e-03
6.2411e-03
4.6550e-03
3.1672e-03
3.1720e-03
4.5813e-03
5.7410e-03
5.5762e-03
4.3418e-03
2.3628e-03
2.5730e-04
-4.4474e-04
7.5068e-04
1.8825e-03
1.6168e-03
5.6424e-04
-4.2071e-04
-7.1106e-04
2.1591e-04
1.4909e-03
1.9636e-03
1.6256e-03
4.5141e-04
-1.9992e-03
-5.1741e-03
-6.8995e-03
-6.4843e-03
-5.6473e-03
-5.7327e-03
-7.0087e-03
-9.5009e-03
-1.2586e-02
-1.4448e-02
-1.4686e-02
-1.4813e-02
-1.5235e-02
-1.4952e-02
-1.4279e-02
-1.4159e-02
-1.4141e-02
-1.3384e-02
-1.1920e-02
-1.0579e-02
-9.4869e-03
-7.7139e-03
-5.3466e-03
-3.4724e-03
-3.0352e-03
-4.2848e-03
-6.0810e-03
-6.6021e-03
-5.2469e-03
-3.5072e-03
-3.4504e-03
-5.3512e-03
-7.0836e-03
-7.1891e-03
-6.3631e-03
-5.3739e-03
-4.3337e-03
-3.7262e-03
-3.7990e-03
-3.2250e-03
-1.6705e-03
-1.2578e-03
-2.3925e-03
-3.0111e-03
-2.4909e-03
-1.9043e-03
-2.2497e-03
-4.1119e-03
-7.5189e-03
-1.1087e-02
-1.3170e-02
-1.3875e-02
-1.3708e-02
-1.2940e-02
-1.1745e-02
-1.0559e-02
-9.6889e-03
-8.5565e-03
-7.1815e-03
-6.5706e-03
-6.7622e-03
-7.0224e-03
-7.0332e-03
-6.7362e-03
-5.9059e-03
-4.4191e-03
-2.9273e-03
-2.4034e-03
-2.5552e-03
-2.6152e-03
-2.6882e-03
-3.3658e-03
-4.8043e-03
-6.1914e-03
-6.5118e-03
-6.2667e-03
-6.6849e-03
-8.1367e-03
-9.9025e-03
-1.0787e-02
-1.0640e-02
-9.9492e-03
-8.6319e-03
-6.6026e-03
-4.5675e-03
-3.1156e-03
-2.6333e-03
-2.8959e-03
-3.2093e-03
-3.1625e-03
-2.4357e-03
-5.4057e-04
2.5516e-03
5.7932e-03
8.2736e-03
1.0388e-02
1.2985e-02
1.5450e-02
1.6401e-02
1.6114e-02
1.5958e-02
1.6606e-02
1.7973e-02
1.9590e-02
2.0589e-02
2.0865e-02
2.1182e-02
2.1607e-02
2.1566e-02
2.1891e-02
2.3359e-02
2.4578e-02
2.4615e-02
2.4320e-02
2.4395e-02
2.4586e-02
2.4350e-02
2.3371e-02
2.1806e-02
2.0449e-02
1.9508e-02
1.8076e-02
1.6004e-02
1.3819e-02
1.1769e-02
1.0076e-02
9.1579e-03
9.1842e-03
9.3722e-03
8.9413e-03
7.7374e-03
6.1358e-03
5.0625e-03
4.8716e-03
4.6617e-03
3.8498e-03
2.9685e-03
2.2560e-03
1.4097e-03
1.1800e-03
2.0645e-03
3.6257e-03
4.9772e-03
5.5758e-03
5.9194e-03
6.1281e-03
5.1850e-03
2.9860e-03
1.4797e-03
1.3604e-03
8.4467e-04
-1.4629e-03
-4.7767e-03
-7.3348e-03
-8.7523e-03
-9.6774e-03
-1.0147e-02
-1.0249e-02
-1.0190e-02
-9.7264e-03
-8.5472e-03
-7.0189e-03
-5.8131e-03
-4.6036e-03
-3.2211e-03
-2.4007e-03
-2.0316e-03
-1.5444e-03
-1.2951e-03
-1.5344e-03
-1.0435e-03
4.0718e-04
1.8547e-03
3.7132e-03
6.5623e-03
9.2543e-03
1.0455e-02
9.8457e-03
7.4763e-03
4.6843e-03
2.9129e-03
1.9859e-03
1.5936e-03
1.5669e-03
1.5465e-03
1.4736e-03
1.4874e-03
1.4861e-03
1.0277e-03
-3.3629e-04
-2.4682e-03
-4.4997e-03
-5.9105e-03
-6.4551e-03
-6.4340e-03
-6.4274e-03
-6.4041e-03
-5.9404e-03
-4.9483e-03
-4.0969e-03
-4.4244e-03
-5.2470e-03
-4.1016e-03
-7.6483e-04
1.7625e-03
2.2443e-03
2.2156e-03
2.0441e-03
4.9206e-04
-1.8297e-03
-2.8310e-03
-2.4355e-03
-2.0432e-03
-2.1709e-03
-2.4451e-03
-2.5826e-03
-2.5939e-03
-2.5338e-03
-2.4221e-03
-2.3285e-03
-2.4172e-03
-2.8652e-03
-3.6613e-03
-4.2937e-03
-3.8285e-03
-2.5693e-03
-1.7613e-03
-1.3867e-03
-1.1744e-03
-1.7430e-03
-2.7352e-03
-2.6793e-03
-1.3528e-03
3.6320e-04
1.3573e-03
1.3061e-03
1.0650e-03
1.2114e-03
1.4571e-03
1.2423e-03
2.4138e-04
-1.3065e-03
-2.2867e-03
-1.6826e-03
-1.4564e-04
7.2219e-04
3.2440e-04
-1.1533e-04
-1.7481e-04
-1.1167e-03
-2.5239e-03
-2.7445e-03
-1.6630e-03
-1.3362e-04
1.0533e-03
1.5154e-03
1.8573e-03
2.5385e-03
2.7680e-03
1.7763e-03
3.8064e-04
-8.9269e-04
-2.0090e-03
-2.4532e-03
-2.4014e-03
-2.4436e-03
-2.5090e-03
-2.0068e-03
-5.6354e-04
1.4388e-03
3.2506e-03
4.8716e-03
6.5933e-03
8.7389e-03
1.1257e-02
1.3709e-02
1.4650e-02
1.3086e-02
1.0241e-02
7.4354e-03
5.2308e-03
3.6710e-03
2.0895e-03
2.1306e-04
-1.8958e-03
-4.0616e-03
-6.2361e-03
-8.1491e-03
-9.5192e-03
-1.0068e-02
-1.0064e-02
-1.0151e-02
-1.0372e-02
-1.0228e-02
-9.2479e-03
-7.5219e-03
-5.8146e-03
-4.4678e-03
-3.6277e-03
-4.5279e-03
-7.4509e-03
-1.0114e-02
-1.0373e-02
-8.6991e-03
-6.8803e-03
-6.1227e-03
-6.0965e-03
-5.7275e-03
-4.9430e-03
-4.4957e-03
-3.9117e-03
-2.6728e-03
-1.3107e-03
9.3352e-05
1.2319e-03
1.6313e-03
1.5260e-03
8.5973e-04
-1.0273e-03
-4.1093e-03
-6.6589e-03
-7.7125e-03
-8.5747e-03
-9.6950e-03
-1.0458e-02
-1.1069e-02
-1.1643e-02
-1.1321e-02
-9.8957e-03
-8.7353e-03
-8.4765e-03
-8.0331e-03
-6.0990e-03
-3.1568e-03
-4.4308e-04
1.0003e-03
1.3532e-03
1.8126e-03
2.5456e-03
2.1710e-03
-2.1082e-04
-3.0475e-03
-4.8574e-03
-5.8824e-03
-6.3781e-03
-6.5686e-03
-6.5469e-03
-5.7607e-03
-3.6351e-03
-7.5831e-04
1.1192e-03
1.2981e-03
9.1827e-04
9.3905e-04
1.1794e-03
1.2036e-03
1.0044e-03
9.8312e-04
1.7206e-03
3.6361e-03
6.2966e-03
8.1743e-03
8.4881e-03
8.6393e-03
1.0349e-02
1.3511e-02
1.6260e-02
1.7057e-02
1.6215e-02
1.4782e-02
1.3379e-02
1.2702e-02
1.2900e-02
1.3296e-02
1.3480e-02
1.3419e-02
1.2845e-02
1.1222e-02
8.5163e-03
5.8367e-03
4.0973e-03
2.6166e-03
7.7740e-04
-1.0222e-03
-2.1999e-03
-2.6018e-03
-2.6671e-03
-2.3424e-03
-9.3163e-04
1.6975e-03
4.0582e-03
4.1560e-03
2.1093e-03
7.9283e-05
-7.1168e-04
-7.4739e-04
-8.6821e-04
-1.4761e-03
-2.0051e-03
-2.6883e-03
-4.3971e-03
-6.7830e-03
-7.7021e-03
-5.8896e-03
-3.2487e-03
-1.8575e-03
-2.1832e-03
-3.5124e-03
-5.2017e-03
-6.5732e-03
-6.6616e-03
-5.5522e-03
-4.0537e-03
-2.9416e-03
-2.6081e-03
-2.0560e-03
-8.6634e-05
2.7889e-03
4.7062e-03
4.9039e-03
4.5983e-03
5.1348e-03
6.6689e-03
8.3447e-03
9.0406e-03
8.8614e-03
8.7266e-03
8.9001e-03
8.9769e-03
8.5182e-03
7.3963e-03
6.0370e-03
5.2665e-03
4.9052e-03
3.9307e-03
2.2966e-03
1.2526e-03
1.3131e-03
1.7024e-03
1.8291e-03
1.6285e-03
9.9420e-04
-2.2663e-04
-1.6299e-03
-2.0617e-03
-1.1762e-03
-3.5567e-04
-1.2621e-03
-3.6179e-03
-5.6755e-03
-6.4211e-03
-6.1389e-03
-6.0638e-03
-7.0779e-03
-9.0939e-03
-1.1252e-02
-1.2983e-02
-1.4334e-02
-1.5290e-02
-1.5991e-02
-1.7012e-02
-1.8675e-02
-1.9579e-02
-1.8392e-02
-1.5776e-02
-1.4044e-02
-1.3874e-02
-1.3591e-02
-1.2167e-02
-1.0585e-02
-1.0167e-02
-1.0613e-02
-1.0920e-02
-1.0566e-02
-9.3386e-03
-7.2727e-03
-5.3453e-03
-5.2037e-03
-6.5319e-03
-6.6151e-03
-4.2794e-03
-9.9212e-04
1.1192e-03
1.3531e-03
8.9466e-04
9.9074e-04
1.7298e-03
2.5322e-03
2.6730e-03
1.9051e-03
1.6485e-03
2.9152e-03
4.6700e-03
5.3612e-03
5.0941e-03
4.9443e-03
5.2021e-03
5.3815e-03
4.9279e-03
3.6097e-03
1.8831e-03
1.0307e-03
1.6924e-03
3.2766e-03
4.8110e-03
5.1266e-03
3.8658e-03
2.0011e-03
7.0764e-04
-1.0441e-04
-1.1341e-03
-2.0049e-03
-2.5300e-03
-3.5330e-03
-5.2033e-03
-6.4177e-03
-6.5995e-03
-6.4872e-03
-6.5056e-03
-6.1818e-03
-5.0157e-03
-3.3473e-03
-2.5898e-03
-3.6271e-03
-5.4771e-03
-6.4856e-03
-6.3775e-03
-6.4906e-03
-7.6682e-03
-9.1558e-03
-9.1236e-03
-6.7385e-03
-3.5794e-03
-1.3306e-03
5.7439e-04
3.1419e-03
5.6549e-03
7.3672e-03
8.3529e-03
8.6207e-03
8.5759e-03
8.7078e-03
9.0254e-03
9.2484e-03
9.0411e-03
8.1117e-03
6.5078e-03
5.0942e-03
4.7986e-03
5.4016e-03
6.4361e-03
7.7632e-03
8.7484e-03
8.7529e-03
8.4911e-03
9.1147e-03
1.0958e-02
1.3353e-02
1.5247e-02
1.6329e-02
1.6600e-02
1.6542e-02
1.6656e-02
1.6770e-02
1.6330e-02
1.4990e-02
1.3052e-02
1.1077e-02
8.9044e-03
6.2964e-03
3.4509e-03
1.6080e-03
1.8684e-03
3.8335e-03
6.4867e-03
8.9918e-03
1.1303e-02
1.3934e-02
1.6184e-02
1.6792e-02
1.5939e-02
1.4514e-02
1.3206e-02
1.2802e-02
1.3254e-02
1.3732e-02
1.3669e-02
1.2721e-02
1.0582e-02
7.6679e-03
5.5937e-03
5.3459e-03
5.8153e-03
5.4550e-03
3.8968e-03
1.8106e-03
2.6556e-04
-4.1336e-04
-6.2898e-04
-1.2319e-03
-2.1278e-03
-2.5334e-03
-2.5185e-03
-2.3355e-03
-1.7561e-03
-6.1166e-04
5.7563e-04
9.1772e-04
-1.1157e-05
-1.6144e-03
-2.6454e-03
-2.9424e-03
-3.3656e-03
-3.8504e-03
-3.4113e-03
-2.4423e-03
-1.8068e-03
-1.0182e-03
2.6629e-04
1.1952e-03
1.5358e-03
2.2697e-03
3.7483e-03
4.9805e-03
5.4362e-03
6.0535e-03
7.3820e-03
8.5879e-03
9.2269e-03
1.0238e-02
1.1926e-02
1.2829e-02
1.1804e-02
9.8073e-03
8.6836e-03
8.9813e-03
9.5506e-03
9.3516e-03
8.1352e-03
6.1188e-03
4.0774e-03
2.6249e-03
1.7315e-03
8.8893e-04
-7.9644e-04
-3.3410e-03
-6.2140e-03
-8.8779e-03
-1.0515e-02
-1.1173e-02
-1.1323e-02
-1.0257e-02
-7.7869e-03
-5.6456e-03
-4.7965e-03
-4.5174e-03
-3.8259e-03
-2.5365e-03
-2.0444e-03
-3.2598e-03
-5.9194e-03
-8.9285e-03
-1.0835e-02
-1.1413e-02
-1.1582e-02
-1.2375e-02
-1.4329e-02
-1.6534e-02
-1.7900e-02
-1.8150e-02
-1.7969e-02
-1.7774e-02
-1.7136e-02
-1.5695e-02
-1.4002e-02
-1.2750e-02
-1.1728e-02
-1.1291e-02
-1.2250e-02
-1.3730e-02
-1.4234e-02
-1.4121e-02
-1.4495e-02
-1.5306e-02
-1.5440e-02
-1.4434e-02
-1.3656e-02
-1.3770e-02
-1.4115e-02
-1.4258e-02
-1.4159e-02
-1.3930e-02
-1.3191e-02
-1.1845e-02
-1.0518e-02
-1.0058e-02
-1.0074e-02
-9.8080e-03
-9.5371e-03
-1.0319e-02
-1.2958e-02
-1.6842e-02
-1.9350e-02
-1.8228e-02
-1.4860e-02
-1.1715e-02
-1.0036e-02
-9.9805e-03
-1.0563e-02
-1.0764e-02
-1.0335e-02
-9.3062e-03
-7.7326e-03
-6.2874e-03
-6.2747e-03
-7.8192e-03
-9.5151e-03
-9.8405e-03
-8.7453e-03
-7.4470e-03
-6.8764e-03
-6.5918e-03
-6.5731e-03
-7.4315e-03
-8.4495e-03
-8.1579e-03
-6.8971e-03
-6.8438e-03
-8.4308e-03
-9.6441e-03
-9.5634e-03
-9.2285e-03
-9.3881e-03
-9.7161e-03
-9.4725e-03
-8.0270e-03
-5.3164e-03
-2.5379e-03
-1.3260e-03
-1.6282e-03
-2.0745e-03
-1.9761e-03
-1.4059e-03
-3.5826e-04
1.1615e-03
2.5745e-03
3.6350e-03
4.8730e-03
5.9471e-03
6.1888e-03
6.0110e-03
5.9407e-03
5.9490e-03
5.9644e-03
6.2413e-03
7.1454e-03
8.6411e-03
9.8682e-03
1.0012e-02
9.5665e-03
9.3794e-03
9.7591e-03
1.0789e-02
1.2372e-02
1.3739e-02
1.4114e-02
1.3905e-02
1.3588e-02
1.2847e-02
1.1416e-02
1.0104e-02
1.0231e-02
1.1703e-02
1.3319e-02
1.4511e-02
1.6213e-02
1.8771e-02
2.0616e-02
2.0637e-02
1.9675e-02
1.8939e-02
1.9079e-02
2.0057e-02
2.0779e-02
2.1074e-02
2.1809e-02
2.3106e-02
2.4252e-02
2.5464e-02
2.7319e-02
2.9211e-02
3.0442e-02
3.0752e-02
3.0557e-02
3.0549e-02
3.0824e-02
3.0925e-02
3.0248e-02
2.8372e-02
2.5615e-02
2.3307e-02
2.2233e-02
2.1450e-02
2.0168e-02
1.8977e-02
1.7905e-02
1.6256e-02
1.4169e-02
1.1995e-02
9.9137e-03
8.3197e-03
8.0718e-03
9.6049e-03
1.1992e-02
1.3459e-02
1.3140e-02
1.2145e-02
1.1292e-02
1.0791e-02
1.0870e-02
1.1190e-02
1.1264e-02
1.0812e-02
9.6071e-03
7.6908e-03
5.7468e-03
4.3150e-03
3.5687e-03
3.5020e-03
3.5961e-03
3.4941e-03
3.2915e-03
3.1305e-03
3.0158e-03
2.9364e-03
2.9792e-03
3.2767e-03
3.8444e-03
4.3212e-03
4.0070e-03
3.1535e-03
2.5907e-03
1.8566e-03
2.5097e-04
-1.6472e-03
-2.9473e-03
-3.4403e-03
-3.5916e-03
-4.5277e-03
-6.8490e-03
-9.6216e-03
-1.1144e-02
-1.0952e-02
-9.8528e-03
-8.3328e-03
-6.6310e-03
-5.1804e-03
-4.2925e-03
-4.1265e-03
-4.2428e-03
-4.2176e-03
-4.1352e-03
-4.1551e-03
-4.1733e-03
-3.8890e-03
-3.0903e-03
-2.0038e-03
-1.5715e-03
-2.5753e-03
-4.1052e-03
-4.6789e-03
-4.4498e-03
-4.2381e-03
-4.0375e-03
-3.3920e-03
-2.3413e-03
-1.8125e-03
-2.7207e-03
-4.1627e-03
-4.5484e-03
-4.0924e-03
-3.9787e-03
-4.7124e-03
-6.0411e-03
-7.1902e-03
-7.3743e-03
-6.9475e-03
-6.8558e-03
-7.6101e-03
-9.2004e-03
-1.0959e-02
-1.1551e-02
-1.0642e-02
-9.8660e-03
-1.0214e-02
-1.0979e-02
-1.1233e-02
-1.0893e-02
-1.1147e-02
-1.2342e-02
-1.3169e-02
-1.3043e-02
-1.2373e-02
-1.1242e-02
-9.6097e-03
-8.0025e-03
-6.8666e-03
-6.5279e-03
-6.9529e-03
-7.7902e-03
-8.6934e-03
-9.1817e-03
-9.3972e-03
-1.0117e-02
-1.1366e-02
-1.2091e-02
-1.1721e-02
-1.0688e-02
-9.5248e-03
-8.6232e-03
-7.7451e-03
-6.3714e-03
-4.9059e-03
-4.0192e-03
-3.9269e-03
-4.0763e-03
-3.5686e-03
-3.0124e-03
-3.5787e-03
-4.9912e-03
-5.9378e-03
-5.7054e-03
-4.6626e-03
-3.2791e-03
-2.0109e-03
-1.1941e-03
-8.3328e-04
-6.9182e-04
-1.0685e-03
-2.6993e-03
-4.7250e-03
-5.5817e-03
-5.2829e-03
-4.8954e-03
-4.8493e-03
-4.9648e-03
-5.2264e-03
-5.8590e-03
-6.8596e-03
-7.6238e-03
-7.6051e-03
-7.2486e-03
-7.2678e-03
-7.9117e-03
-9.0211e-03
-1.0033e-02
-1.0461e-02
-1.0508e-02
-1.0323e-02
-1.0214e-02
-1.0947e-02
-1.2039e-02
-1.2372e-02
-1.1933e-02
-1.1084e-02
-9.8043e-03
-8.3229e-03
-7.1626e-03
-6.5281e-03
-6.4348e-03
-6.4321e-03
-5.8682e-03
-4.4548e-03
-2.5030e-03
-7.1122e-04
8.5368e-04
2.6344e-03
4.2758e-03
5.1883e-03
5.3712e-03
5.0368e-03
5.0572e-03
6.2701e-03
8.1572e-03
9.8346e-03
1.0659e-02
1.0655e-02
1.0703e-02
1.1413e-02
1.2396e-02
1.2798e-02
1.2584e-02
1.2312e-02
1.2163e-02
1.1937e-02
1.1494e-02
1.0929e-02
1.0250e-02
8.8998e-03
7.0978e-03
5.7105e-03
4.9196e-03
4.6935e-03
4.8183e-03
4.7731e-03
4.1221e-03
2.6894e-03
8.2193e-04
-5.0203e-04
-1.1231e-03
-1.7346e-03
-2.2218e-03
-2.2511e-03
-2.1856e-03
-2.4781e-03
-3.2089e-03
-4.0824e-03
-4.5232e-03
-4.4181e-03
-4.2229e-03
-4.1880e-03
-4.2187e-03
-4.2159e-03
-4.2004e-03
-4.2155e-03
-4.2414e-03
-4.1760e-03
-3.8733e-03
-3.2639e-03
-2.5866e-03
-2.4864e-03
-3.1788e-03
-3.8684e-03
-4.0884e-03
-4.3536e-03
-4.9183e-03
-5.1585e-03
-4.6984e-03
-4.1795e-03
-4.0351e-03
-4.0349e-03
-4.1717e-03
-4.1237e-03
-3.6341e-03
-3.1042e-03
-2.5835e-03
-1.9016e-03
-1.4864e-03
-1.8724e-03
-2.6499e-03
-2.7692e-03
-1.6836e-03
-1.0757e-04
8.1040e-04
7.9054e-04
4.9153e-04
4.4437e-04
6.2025e-04
8.2914e-04
9.3040e-04
7.5059e-04
7.9547e-05
-1.0438e-03
-1.9669e-03
-1.9840e-03
-1.4558e-03
-9.2991e-04
-8.1368e-04
-1.1649e-03
-1.7552e-03
-2.3248e-03
-2.6019e-03
-2.7409e-03
-3.0584e-03
-3.3491e-03
-3.1086e-03
-2.6223e-03
-2.7457e-03
-3.4221e-03
-3.8040e-03
-3.6886e-03
-3.4498e-03
-3.1762e-03
-2.6882e-03
-2.0342e-03
-1.5392e-03
-1.1973e-03
-8.6232e-04
-7.5066e-04
-7.9319e-04
-4.4239e-04
2.1024e-04
6.0663e-04
6.5052e-04
8.3825e-04
1.3631e-03
1.9864e-03
2.5138e-03
2.5505e-03
1.8400e-03
7.3696e-04
4.8565e-05
3.8717e-04
1.4963e-03
2.5164e-03
2.9963e-03
3.2144e-03
3.4432e-03
3.7674e-03
4.2360e-03
4.5970e-03
4.6231e-03
4.4773e-03
4.2891e-03
3.9509e-03
3.4120e-03
2.8964e-03
2.5277e-03
2.1438e-03
1.8186e-03
1.6958e-03
1.5773e-03
1.2727e-03
8.9095e-04
6.4479e-04
5.6968e-04
4.8691e-04
1.9900e-04
-2.6099e-04
-5.7940e-04
-5.8730e-04
-4.9503e-04
-4.7911e-04
-5.0187e-04
-4.8820e-04
-4.3704e-04
-4.0888e-04
-4.8737e-04
-7.3437e-04
-1.0865e-03
-1.2827e-03
-1.1675e-03
-9.1860e-04
-7.7249e-04
-8.7336e-04
-1.1099e-03
-1.1197e-03
-8.1231e-04
-3.9964e-04
-1.7817e-04
-3.2515e-04
-6.7479e-04
-8.9692e-04
-8.4963e-04
-7.2877e-04
-7.4914e-04
-9.3210e-04
-1.1504e-03
-1.1731e-03
-8.8882e-04
-5.7270e-04
-5.0826e-04
-5.8522e-04
-5.7329e-04
-3.8133e-04
-2.8494e-05
3.6880e-04
6.7292e-04
8.2950e-04
8.3911e-04
8.2076e-04
8.8846e-04
1.0325e-03
1.1575e-03
1.2281e-03
1.3278e-03
1.3675e-03
1.2451e-03
1.0014e-03
7.5385e-04
6.1067e-04
5.5058e-04
5.7053e-04
6.9519e-04
7.8354e-04
7.6441e-04
6.9433e-04
5.8398e-04
4.1213e-04
2.4968e-04
2.1443e-04
2.6135e-04
2.7307e-04
2.2184e-04
1.5164e-04
1.2768e-04
2.2586e-04
4.1675e-04
4.5649e-04
2.4764e-04
2.8910e-05
1.0734e-05
2.1053e-04
4.5608e-04
5.3630e-04
4.6901e-04
4.4188e-04
4.3385e-04
3.1290e-04
1.6265e-04
1.2850e-04
2.4230e-04
3.8014e-04
4.0953e-04
3.6993e-04
3.6810e-04
4.3943e-04
5.5093e-04
6.2290e-04
5.6748e-04
4.3133e-04
3.6166e-04
3.9293e-04
4.6756e-04
5.5951e-04
6.4630e-04
6.6721e-04
6.1876e-04
5.5888e-04
5.3531e-04
5.5623e-04
5.6016e-04
5.4864e-04
6.0167e-04
6.9909e-04
7.7109e-04
7.9527e-04
8.0263e-04
8.1544e-04
8.2062e-04
8.3289e-04
8.4506e-04
8.4613e-04
8.5579e-04
8.7239e-04
8.6908e-04
8.4868e-04
7.9273e-04
6.9755e-04
6.1848e-04
5.8568e-04
5.8498e-04
5.8432e-04
5.8430e-04
5.8540e-04
5.9007e-04
6.1332e-04
6.3920e-04
6.1918e-04
5.4125e-04
4.4515e-04
3.8208e-04
3.6420e-04
3.5318e-04
3.1724e-04
2.6974e-04
2.4452e-04
2.4322e-04
2.4509e-04
2.4256e-04
2.3903e-04
2.3375e-04
2.2035e-04
1.9502e-04
1.6598e-04
1.5302e-04
1.5884e-04
1.6489e-04
1.5799e-04
1.3760e-04
1.1188e-04
9.6334e-05
9.7848e-05
1.0919e-04
1.1173e-04
9.9646e-05
9.2082e-05
9.7039e-05
1.0161e-04
9.7593e-05
9.1868e-05
9.7017e-05
1.1100e-04
1.1987e-04
1.2466e-04
1.3258e-04
1.4516e-04
1.5580e-04
1.5714e-04
1.5111e-04
1.4455e-04
1.4584e-04
1.5716e-04
1.7132e-04
1.8010e-04
1.8347e-04
1.8838e-04
1.9690e-04
2.0317e-04
2.0407e-04
2.0390e-04
2.0620e-04
2.0961e-04
2.1098e-04
2.1124e-04
2.1196e-04
2.1145e-04
2.1044e-04
2.1064e-04
2.1144e-04
2.1272e-04
2.1447e-04
2.1230e-04
2.0447e-04
1.9599e-04
1.9144e-04
1.8903e-04
1.8568e-04
1.8278e-04
1.8164e-04
1.8146e-04
1.8083e-04
1.7921e-04
1.7751e-04
1.7566e-04
1.7283e-04
1.6942e-04
1.6617e-04
1.6313e-04
1.6016e-04
1.5730e-04
1.5465e-04
1.5213e-04
1.4938e-04
1.4631e-04
1.4342e-04
1.4085e-04
1.3846e-04
1.3581e-04
1.3279e-04
1.2960e-04
1.2649e-04
1.2360e-04
1.2090e-04
1.1847e-04
1.1631e-04
1.1416e-04
1.1206e-04
1.1015e-04
1.0837e-04
1.0653e-04
1.0452e-04
1.0241e-04
1.0037e-04
9.8499e-05
9.6721e-05
9.4906e-05
9.3005e-05
9.1093e-05
8.9255e-05
8.7482e-05
8.5727e-05
8.3983e-05
8.2258e-05
8.0547e-05
7.8841e-05
7.7142e-05
7.5464e-05
7.3813e-05
7.2188e-05
7.0585e-05
6.8998e-05
6.7428e-05
6.5880e-05
6.4353e-05
6.2847e-05
6.1361e-05
5.9895e-05
5.8451e-05
5.7028e-05
5.5625e-05
5.4244e-05
5.2883e-05
5.1542e-05
