-4.2716e-02
-4.6804e-02
-4.5071e-02
-4.1107e-02
-1.9401e-02
6.8450e-04
-1.3131e-03
-8.7697e-03
-2.2973e-02
-2.4580e-02
-1.8752e-02
-9.0219e-03
-9.1696e-03
-2.0605e-02
-3.3528e-02
-4.5654e-02
-4.9191e-02
-3.2494e-02
-7.4412e-03
1.5510e-02
3.1223e-02
3.6266e-02
3.1270e-02
2.6532e-02
2.2867e-02
1.1117e-02
6.5680e-03
-8.5704e-04
4.3461e-03
1.2251e-02
2.0627e-02
2.6182e-02
1.9096e-02
1.7095e-02
2.1775e-02
2.9488e-02
3.2453e-02
2.6114e-02
1.9520e-02
1.8737e-02
2.9644e-02
4.2794e-02
4.5017e-02
4.2042e-02
3.4959e-02
2.3164e-02
1.5736e-02
1.7068e-02
1.8565e-02
1.0655e-02
-6.5473e-04
-4.3344e-03
2.4430e-03
1.6543e-02
2.0731e-02
1.7355e-02
1.0859e-02
-4.4064e-04
-5.5723e-03
-4.6900e-03
-1.4378e-03
2.7743e-03
1.0040e-02
1.0986e-02
7.7771e-03
9.7275e-03
9.7965e-03
7.0035e-03
2.8352e-03
-4.3950e-04
-5.3756e-03
-1.2563e-02
-1.6271e-02
-1.7385e-02
-1.9553e-02
-2.0538e-02
-1.7753e-02
-1.7070e-02
-1.9113e-02
-1.6687e-02
-6.8627e-03
2.3547e-03
8.6681e-03
1.0716e-02
5.1345e-03
-8.5834e-03
-1.8696e-02
-1.8218e-02
-1.8851e-02
-1.6048e-02
-2.1358e-02
-3.4748e-02
-4.2542e-02
-4.7880e-02
-3.6900e-02
-2.7092e-02
-2.7232e-02
-2.0078e-02
-1.5691e-02
-1.9304e-02
-1.9511e-02
-2.0904e-02
-2.1233e-02
-2.0622e-02
-2.4602e-02
-1.6135e-02
-4.8372e-03
4.1360e-03
8.3134e-03
6.7806e-03
1.4804e-02
2.9956e-02
4.6475e-02
5.3406e-02
4.7748e-02
3.3925e-02
2.3265e-02
1.5966e-02
1.0999e-02
7.5920e-03
2.2582e-03
-8.3670e-03
-2.0095e-02
-2.3160e-02
-2.5000e-02
-1.6509e-02
-1.3490e-02
-1.9326e-02
-1.5246e-02
-6.0045e-03
6.5883e-03
2.2179e-02
2.7798e-02
2.7142e-02
3.0935e-02
3.2083e-02
3.4917e-02
3.4749e-02
3.2742e-02
2.6825e-02
1.5746e-02
1.2377e-02
4.2235e-03
2.3941e-03
3.8213e-03
5.2240e-03
-1.1045e-03
-1.7042e-02
-2.5845e-02
-2.9353e-02
-2.8589e-02
-2.3860e-02
-1.3068e-02
-6.0077e-03
-6.1373e-03
-4.7310e-03
-4.2393e-03
1.3729e-04
1.0360e-02
1.0248e-02
1.2531e-03
-1.3232e-02
-2.7096e-02
-2.3826e-02
-2.0298e-02
-1.4623e-02
-9.7157e-03
-9.8452e-03
-4.3657e-03
1.3024e-03
1.7628e-03
-5.5429e-03
-7.0650e-03
-3.9310e-03
4.3862e-03
1.8504e-02
2.6703e-02
2.4078e-02
1.8877e-02
7.6238e-03
4.4437e-03
5.8221e-03
8.6491e-03
1.6603e-02
1.7039e-02
1.7440e-02
1.4027e-02
7.9600e-03
4.6942e-04
-1.3224e-02
-2.8417e-02
-3.3524e-02
-2.1353e-02
1.0824e-03
1.4356e-02
1.1424e-02
3.4167e-03
-4.2275e-03
-9.1666e-03
-9.3972e-03
-6.1479e-03
-1.8550e-03
8.7076e-04
5.4918e-03
1.0476e-02
1.3711e-02
2.2412e-02
2.7142e-02
2.1082e-02
1.6216e-02
9.6193e-03
5.7343e-03
1.2141e-03
-5.4562e-03
-1.3069e-02
-1.3195e-02
-9.9315e-03
-7.4395e-03
-7.6561e-03
-1.0096e-02
-1.0082e-02
-1.3077e-02
-1.2980e-02
-1.0313e-02
-7.3222e-03
-1.1961e-02
-1.8432e-02
-1.9295e-02
-8.4258e-03
7.8915e-03
1.6935e-02
1.9706e-02
8.2296e-03
-8.0716e-04
-2.2070e-03
1.1192e-03
6.9759e-03
4.7000e-03
-1.1817e-02
-2.7345e-02
-2.9824e-02
-2.8344e-02
-2.1458e-02
-1.7877e-02
-1.6617e-02
-1.7399e-02
-1.4236e-02
-8.1145e-03
1.3582e-03
5.6231e-04
-6.9421e-03
-5.4065e-03
3.2391e-03
1.4666e-02
2.5141e-02
3.1514e-02
2.8478e-02
2.5451e-02
2.6083e-02
2.4564e-02
1.8868e-02
1.4393e-02
7.9290e-03
8.9167e-03
7.4193e-03
7.9392e-03
3.1224e-03
-9.1777e-03
-2.1914e-02
-3.1907e-02
-2.9907e-02
-2.8044e-02
-1.9838e-02
-3.7088e-03
1.1129e-02
1.6549e-02
1.6752e-02
1.1265e-02
3.0167e-03
-1.4575e-02
-2.7175e-02
-3.1196e-02
-2.6715e-02
-1.1661e-02
-2.4286e-03
4.6917e-03
-2.0239e-03
-1.4910e-02
-1.9874e-02
-1.9102e-02
-1.3528e-02
-1.1445e-02
-6.7397e-03
-1.9195e-03
4.9320e-03
7.2077e-03
3.8011e-03
7.5045e-04
-1.5637e-03
-5.6091e-03
-1.2119e-02
-9.7767e-03
1.2494e-03
1.4844e-02
1.2980e-02
1.6450e-02
2.4139e-02
2.5888e-02
2.7221e-02
1.8561e-02
1.5071e-02
1.7581e-02
1.8935e-02
1.9130e-02
7.2909e-03
-9.5397e-03
-1.7515e-02
-2.3170e-02
-2.2866e-02
-2.2849e-02
-2.1739e-02
-1.1421e-02
-3.1628e-03
4.6940e-03
-1.9831e-03
-9.3443e-03
-6.5380e-03
-2.3042e-03
3.8807e-03
-4.4019e-03
-6.4298e-03
-1.6061e-03
9.4828e-03
2.5528e-02
3.5737e-02
4.7078e-02
6.0711e-02
7.4529e-02
7.5123e-02
6.0484e-02
4.1591e-02
2.9661e-02
1.6670e-02
1.1933e-02
1.2673e-02
6.1531e-03
-3.2185e-03
-1.0817e-02
-8.3842e-03
-5.6582e-03
2.2266e-03
-3.1692e-05
-7.8361e-03
-1.8709e-02
-2.9236e-02
-2.7148e-02
-1.6213e-02
-6.3177e-03
-1.0611e-02
-1.8579e-02
-2.7703e-02
-2.9818e-02
-2.4551e-02
-2.1975e-02
-2.9246e-02
-3.3291e-02
-3.3441e-02
-3.2781e-02
-2.9043e-02
-2.0373e-02
-3.4865e-03
1.0091e-02
9.7490e-03
-1.7238e-03
-1.6711e-02
-2.5018e-02
-9.8457e-03
1.4206e-02
2.4723e-02
1.0364e-02
-5.4965e-03
1.2015e-03
9.4703e-03
1.4371e-02
2.2989e-02
2.8273e-02
3.1139e-02
2.6374e-02
8.6120e-03
-1.2589e-02
-3.2159e-02
-4.5611e-02
-5.3440e-02
-5.1014e-02
-3.9848e-02
-2.2794e-02
-1.6085e-02
-1.2728e-02
-9.1954e-03
-8.7834e-03
-4.9579e-03
-7.0730e-03
-1.4322e-02
-1.7541e-02
-2.0327e-03
2.0910e-02
3.5999e-02
3.2386e-02
2.6850e-02
2.4927e-02
2.7105e-02
2.8959e-02
1.8617e-02
1.0362e-02
-9.6052e-04
-7.4142e-03
-7.6724e-03
-4.4612e-03
-2.1540e-03
-2.5483e-03
-6.4714e-03
-1.1993e-02
-7.9372e-03
5.0924e-03
2.0426e-02
3.1284e-02
3.5057e-02
3.3347e-02
2.2255e-02
1.2803e-02
2.2479e-02
2.1163e-02
4.9884e-03
-8.4390e-03
-1.4983e-02
-1.8861e-02
-2.0533e-02
-1.3224e-02
-5.3182e-03
-1.6288e-03
-4.3582e-03
-8.2394e-03
-6.5989e-03
2.9819e-04
3.8340e-03
8.2889e-04
-5.3246e-03
-8.1342e-03
-4.1691e-03
-1.3694e-02
-2.8134e-02
-3.6790e-02
-4.0385e-02
-3.6444e-02
-2.6200e-02
-4.3744e-03
2.0809e-02
2.5123e-02
2.5793e-02
2.2139e-02
1.1148e-02
-1.1209e-03
-2.2827e-02
-3.8883e-02
-4.4555e-02
-3.1351e-02
-2.1850e-03
1.9298e-02
2.3044e-02
1.9532e-02
1.9829e-02
2.8471e-02
3.4007e-02
2.8793e-02
1.4360e-02
6.8803e-03
1.1474e-02
1.4112e-02
1.4416e-02
1.1411e-02
6.2420e-03
-2.9830e-03
-1.2923e-02
-1.6662e-02
-1.6312e-02
-1.4822e-02
-8.4275e-03
-6.4391e-04
4.7558e-03
1.0306e-02
1.8365e-02
1.7409e-02
1.0826e-02
2.0130e-04
-1.6636e-02
-3.0395e-02
-3.5303e-02
-3.3983e-02
-2.0395e-02
-6.5904e-03
-4.2972e-03
7.1162e-04
1.4390e-02
4.0753e-02
6.6987e-02
8.6910e-02
8.4924e-02
6.4715e-02
3.5972e-02
1.9926e-04
-2.3961e-02
-3.7347e-02
-4.8058e-02
-5.6861e-02
-5.7566e-02
-5.0432e-02
-2.7884e-02
-8.1571e-04
2.0186e-02
2.9177e-02
2.8476e-02
2.2521e-02
1.1607e-02
2.2599e-03
-1.2476e-02
-1.2626e-02
5.4468e-03
2.7419e-02
5.6187e-02
6.9464e-02
7.7991e-02
8.3513e-02
7.4669e-02
6.3904e-02
4.8404e-02
3.3563e-02
1.8488e-02
2.5090e-03
1.0919e-03
1.6366e-02
3.2764e-02
4.4886e-02
3.3329e-02
3.1936e-03
-2.1811e-02
-3.8900e-02
-4.9008e-02
-4.5036e-02
-2.9085e-02
-1.7574e-02
-1.7280e-02
-2.9675e-02
-5.1098e-02
-8.3014e-02
-1.0500e-01
-1.1643e-01
-1.1381e-01
-9.7366e-02
-7.1715e-02
-4.1133e-02
-1.2763e-02
1.6979e-02
2.7645e-02
2.6570e-02
1.9921e-02
1.7890e-02
1.6826e-02
7.2969e-03
-1.2068e-02
-2.1310e-02
-4.1931e-03
1.9807e-02
2.6990e-02
2.6704e-02
2.2334e-02
1.6313e-02
6.2680e-03
2.5648e-03
9.3537e-03
1.1783e-02
8.9699e-03
-9.4033e-03
-3.3284e-02
-5.2782e-02
-5.7923e-02
-5.0474e-02
-4.0987e-02
-3.5514e-02
-3.2020e-02
-2.2275e-02
-1.7113e-02
-7.0918e-03
6.5312e-03
2.0374e-02
2.7048e-02
2.1149e-02
1.2545e-02
1.2748e-02
2.6207e-02
4.0088e-02
5.6343e-02
6.5872e-02
6.4922e-02
4.5321e-02
2.2668e-02
7.7190e-03
1.2846e-02
3.0197e-02
4.2396e-02
4.3855e-02
2.9663e-02
1.6166e-02
5.3982e-04
-1.3928e-02
-2.5446e-02
-2.3697e-02
1.2522e-03
2.8156e-02
3.2795e-02
1.8631e-02
-5.3548e-03
-2.7519e-02
-3.7428e-02
-4.3096e-02
-5.1487e-02
-5.9637e-02
-6.5521e-02
-6.1179e-02
-5.0851e-02
-4.2485e-02
-2.5525e-02
-1.9019e-02
-1.9026e-02
-1.9437e-02
-1.3577e-02
3.3563e-04
1.4622e-02
2.7159e-02
3.4929e-02
3.6259e-02
3.1872e-02
2.0894e-02
1.0922e-02
1.0832e-02
2.0015e-04
-1.5074e-02
-2.7206e-02
-1.7897e-02
3.0514e-04
1.1830e-02
1.6731e-02
1.6431e-02
1.6372e-02
2.1705e-02
2.6152e-02
2.5925e-02
2.3412e-02
1.2012e-02
7.4367e-03
7.6392e-03
7.4822e-03
8.1873e-03
1.8142e-02
3.3185e-02
2.5859e-02
8.3307e-03
-9.3899e-03
-1.3027e-02
-1.0294e-02
-4.3496e-03
8.8964e-03
1.6900e-02
2.5745e-02
1.9773e-02
8.7361e-03
-1.3964e-03
-1.0524e-02
-2.1037e-02
-3.3424e-02
-4.7343e-02
-5.1532e-02
-4.1162e-02
-1.8590e-02
9.2428e-03
2.3026e-02
2.7100e-02
1.8936e-02
4.4298e-03
-7.0500e-03
-1.3591e-02
-1.1584e-02
-2.6380e-03
7.2084e-03
1.0734e-02
3.7984e-03
-2.6238e-03
1.7202e-04
5.2331e-03
1.8018e-02
2.6427e-02
3.4109e-02
3.4839e-02
3.8525e-02
4.2738e-02
3.3272e-02
1.7286e-02
-4.0335e-04
-1.5911e-02
-3.4127e-02
-4.5782e-02
-4.7282e-02
-3.9572e-02
-3.8958e-02
-4.8214e-02
-5.0336e-02
-4.7345e-02
-4.0923e-02
-3.8155e-02
-3.9341e-02
-3.7652e-02
-4.2699e-02
-4.7592e-02
-4.7931e-02
-4.7914e-02
-5.5240e-02
-4.8611e-02
-3.0434e-02
-8.0742e-03
4.9380e-03
8.2679e-03
2.2865e-02
3.5936e-02
4.3626e-02
4.4400e-02
5.3779e-02
6.9563e-02
8.3664e-02
1.0016e-01
1.1673e-01
1.3246e-01
1.4556e-01
1.4046e-01
1.1687e-01
7.9835e-02
4.3821e-02
1.9672e-02
-3.7418e-03
-3.1923e-02
-5.5696e-02
-7.1912e-02
-7.2764e-02
-6.2582e-02
-5.3605e-02
-4.7787e-02
-4.8519e-02
-4.7399e-02
-5.0868e-02
-6.2565e-02
-6.2746e-02
-4.3999e-02
-1.1263e-02
1.6049e-02
3.0946e-02
3.4747e-02
2.3927e-02
1.7655e-02
1.7557e-02
1.7184e-02
1.7131e-02
1.7058e-02
1.7299e-02
1.5285e-02
1.6064e-03
-1.0749e-02
-2.3350e-02
-3.6341e-02
-3.8610e-02
-3.9060e-02
-1.9042e-02
1.1324e-02
3.1125e-02
2.2263e-02
-8.7981e-03
-3.4665e-02
-6.0215e-02
-7.4204e-02
-7.7073e-02
-6.6969e-02
-4.3429e-02
-1.6871e-02
5.4080e-03
2.0842e-02
1.9914e-02
1.0329e-02
5.4116e-03
2.1275e-02
5.0350e-02
7.6807e-02
9.6947e-02
9.7537e-02
8.3966e-02
6.0434e-02
3.7586e-02
9.9283e-03
-7.6736e-03
-1.1377e-02
-1.0082e-02
-1.4571e-02
-2.5670e-02
-4.2068e-02
-5.9792e-02
-7.6881e-02
-8.7362e-02
-8.4018e-02
-7.8116e-02
-6.6434e-02
-5.4231e-02
-4.0326e-02
-2.9589e-02
-1.8343e-02
-1.1310e-02
-1.1139e-02
-4.7029e-03
1.5482e-02
3.3799e-02
4.6805e-02
5.8141e-02
6.1349e-02
5.7963e-02
3.0135e-02
8.0127e-03
1.6637e-03
-1.2067e-02
-2.8720e-02
-4.0364e-02
-3.4860e-02
-2.3519e-02
-1.4779e-02
-1.5073e-02
-2.8954e-02
-4.4224e-02
-5.5303e-02
-5.8426e-02
-5.1229e-02
-3.5802e-02
-1.6863e-02
6.4422e-03
2.8990e-02
5.9000e-02
9.0068e-02
1.1465e-01
1.1264e-01
8.1238e-02
4.1182e-02
6.7041e-03
-1.3355e-02
-1.9072e-02
-5.2539e-03
1.9088e-02
3.3831e-02
3.4770e-02
2.7423e-02
7.8979e-03
-1.0235e-02
-2.7889e-02
-4.1564e-02
-5.1386e-02
-5.0527e-02
-5.1236e-02
-6.2880e-02
-7.3606e-02
-8.5791e-02
-9.3278e-02
-8.8942e-02
-7.4416e-02
-5.0670e-02
-3.3822e-02
-3.1927e-02
-2.5697e-02
-1.0940e-02
2.1374e-02
4.7378e-02
5.2959e-02
4.6725e-02
4.2788e-02
4.4690e-02
4.4990e-02
4.1350e-02
2.8481e-02
2.3504e-02
1.8792e-02
2.2408e-02
2.6055e-02
2.5661e-02
1.3727e-02
-8.0669e-03
-1.9927e-02
-1.8880e-02
3.2734e-03
2.8034e-02
4.9154e-02
4.4425e-02
1.5577e-02
-2.7616e-02
-6.9023e-02
-8.5951e-02
-8.6133e-02
-6.0367e-02
-2.7742e-02
1.1479e-02
4.7468e-02
6.6072e-02
7.4379e-02
7.1200e-02
7.0376e-02
7.0690e-02
6.9266e-02
5.7943e-02
4.0701e-02
3.4987e-02
4.7402e-02
6.4892e-02
7.3859e-02
6.9350e-02
5.1374e-02
3.9273e-02
2.5434e-02
1.5176e-02
1.6338e-02
8.6834e-03
9.1372e-03
3.3815e-03
-1.1208e-02
-2.5173e-02
-4.0433e-02
-5.2273e-02
-7.1707e-02
-9.6813e-02
-1.2157e-01
-1.3141e-01
-1.2130e-01
-9.3044e-02
-5.6053e-02
-2.3170e-02
4.9975e-03
3.5420e-02
4.5102e-02
2.6072e-02
4.9033e-03
-1.0702e-02
-7.3131e-03
1.1392e-02
2.9908e-02
3.6872e-02
4.2180e-02
5.3625e-02
6.5000e-02
5.8072e-02
3.6833e-02
1.2366e-02
-5.2294e-03
-1.1872e-02
-2.5969e-02
-3.4880e-02
-4.3442e-02
-4.3707e-02
-3.6161e-02
-2.6458e-02
-4.0916e-03
1.8034e-02
2.8187e-02
2.9294e-02
2.2875e-02
1.5650e-02
-7.9322e-04
-2.1121e-02
-2.7278e-02
-3.2437e-02
-3.8681e-02
-4.3407e-02
-3.7097e-02
-1.7481e-02
1.5322e-02
5.6180e-02
9.3408e-02
1.0397e-01
8.9293e-02
7.1147e-02
5.0833e-02
2.9904e-02
1.5500e-02
1.8051e-02
4.0986e-02
6.5248e-02
7.6368e-02
7.0990e-02
5.1129e-02
2.6637e-02
3.2833e-03
-1.2765e-02
-1.3240e-02
-2.9645e-03
9.8242e-03
1.9363e-02
2.2243e-02
1.7105e-02
3.3391e-03
-6.9610e-03
-1.2193e-02
-1.1582e-02
-1.3694e-02
-2.0385e-02
-3.1052e-02
-5.1683e-02
-7.5509e-02
-8.6081e-02
-8.0894e-02
-7.2535e-02
-5.9896e-02
-5.0888e-02
-5.5858e-02
-6.6699e-02
-6.8158e-02
-6.5390e-02
-6.6713e-02
-6.7488e-02
-6.3582e-02
-3.6225e-02
4.9409e-03
2.9447e-02
4.9859e-02
5.5865e-02
4.6256e-02
1.9171e-02
-1.5953e-02
-3.5356e-02
-4.6235e-02
-3.9520e-02
-1.4661e-02
3.3415e-02
8.1970e-02
1.0529e-01
1.0843e-01
9.9345e-02
8.5101e-02
6.3586e-02
4.0993e-02
2.8180e-02
2.1199e-02
2.1021e-02
2.6591e-02
2.0913e-02
4.8045e-03
-9.8954e-04
5.5793e-03
1.3101e-02
2.4089e-02
2.5879e-02
2.6490e-02
2.2965e-02
1.4009e-02
7.3838e-03
8.6647e-03
2.8079e-03
-7.5970e-03
-1.5576e-02
-1.8113e-02
-1.6588e-02
-2.9541e-02
-4.5586e-02
-5.6707e-02
-6.4989e-02
-6.5363e-02
-5.1115e-02
-3.4735e-02
-1.5747e-02
-8.6931e-03
-2.2700e-02
-4.1290e-02
-6.0731e-02
-6.3998e-02
-4.8403e-02
-3.0096e-02
-6.1452e-03
1.7931e-02
4.6619e-02
7.5366e-02
7.9173e-02
6.7610e-02
5.7359e-02
5.0654e-02
5.6284e-02
6.5191e-02
7.1955e-02
7.8151e-02
8.3376e-02
7.5554e-02
4.9858e-02
2.4608e-02
7.9278e-03
-4.3723e-03
-1.5562e-02
-2.0030e-02
-2.5908e-02
-3.1681e-02
-3.7077e-02
-5.5440e-02
-8.6145e-02
-1.0405e-01
-1.0233e-01
-9.0881e-02
-6.8728e-02
-4.1084e-02
-1.1381e-02
-1.9095e-04
2.4408e-03
8.3360e-03
8.6013e-03
2.2034e-03
-1.2425e-02
-2.2837e-02
-2.7371e-02
-2.7039e-02
-1.5081e-02
-8.0536e-04
8.7617e-03
1.8657e-02
2.8786e-02
3.9634e-02
4.6758e-02
5.3571e-02
6.2315e-02
7.3906e-02
8.1895e-02
7.3299e-02
5.8356e-02
2.9501e-02
-1.1189e-02
-4.9231e-02
-7.8931e-02
-9.6093e-02
-1.0039e-01
-8.5632e-02
-5.1461e-02
-2.6715e-02
-1.6722e-02
-2.0303e-02
-2.3741e-02
-1.4024e-02
-1.1881e-02
-1.7329e-02
-2.1549e-02
-2.0352e-02
-9.4687e-03
1.0217e-02
2.4472e-02
2.7536e-02
1.7571e-02
1.7006e-02
1.6995e-02
1.5041e-02
1.2821e-02
1.9599e-02
3.5847e-02
3.4953e-02
1.9358e-02
-1.2320e-02
-4.1127e-02
-7.3734e-02
-1.0257e-01
-1.1594e-01
-1.0526e-01
-7.5322e-02
-4.7298e-02
-2.9413e-02
-1.5608e-02
-8.7499e-03
-6.7115e-03
4.5938e-03
1.5641e-02
2.8576e-02
3.5306e-02
3.8227e-02
4.2335e-02
4.9061e-02
6.1270e-02
6.8768e-02
7.3424e-02
7.2555e-02
7.5267e-02
8.6335e-02
9.4635e-02
9.6070e-02
8.3602e-02
5.4691e-02
1.6199e-02
-2.5849e-02
-5.9748e-02
-7.2774e-02
-7.2257e-02
-5.3367e-02
-2.5811e-02
8.6635e-03
4.2237e-02
5.7571e-02
5.5082e-02
3.6751e-02
1.4841e-02
-7.5352e-04
-2.0258e-02
-3.8739e-02
-5.9109e-02
-7.1151e-02
-7.3364e-02
-6.7151e-02
-4.5305e-02
-2.6506e-02
-1.8244e-02
-1.8335e-02
-1.2223e-02
-3.8355e-04
7.1975e-03
8.6914e-03
6.6181e-03
1.2011e-03
3.0056e-04
2.8310e-05
-7.8495e-04
-7.3573e-03
-2.0987e-02
-3.0593e-02
-3.6551e-02
-3.4697e-02
-3.2645e-02
-3.8572e-02
-5.0669e-02
-5.6917e-02
-5.3263e-02
-4.1081e-02
-2.2460e-02
-1.1102e-02
-3.0118e-03
-7.2491e-03
-6.3974e-03
2.1156e-03
1.0314e-02
2.2266e-02
3.1089e-02
4.2052e-02
4.9927e-02
5.3634e-02
3.6032e-02
-2.7530e-04
-3.8031e-02
-6.2348e-02
-7.1008e-02
-6.8111e-02
-5.7674e-02
-4.7043e-02
-3.7354e-02
-2.8760e-02
-2.4868e-02
-1.5266e-02
-8.4148e-03
-1.2973e-02
-2.8617e-02
-4.1807e-02
-5.0896e-02
-5.3678e-02
-4.1664e-02
-2.2087e-02
3.1663e-03
3.1805e-02
6.8866e-02
9.9818e-02
1.1338e-01
1.0689e-01
8.7141e-02
7.6234e-02
6.6709e-02
6.3407e-02
6.0499e-02
4.6988e-02
3.2573e-02
2.6144e-02
2.6210e-02
2.3131e-02
2.0179e-02
1.6028e-02
1.4119e-02
7.5120e-03
5.6614e-04
-1.4579e-02
-3.7088e-02
-6.1685e-02
-7.7266e-02
-8.4117e-02
-8.2397e-02
-7.0421e-02
-5.3734e-02
-3.6226e-02
-1.9329e-02
-1.5454e-03
1.1952e-02
2.4011e-02
3.5240e-02
4.6765e-02
5.0035e-02
4.4849e-02
2.8706e-02
1.4249e-02
3.7251e-03
2.9760e-04
7.8508e-03
9.1248e-03
1.0196e-02
9.5733e-04
-1.5444e-02
-2.8407e-02
-4.4470e-02
-5.9520e-02
-6.9768e-02
-7.3635e-02
-6.8246e-02
-6.3538e-02
-6.1594e-02
-4.8965e-02
-3.5555e-02
-1.3699e-02
6.0849e-03
2.2378e-02
3.7118e-02
3.7031e-02
3.1645e-02
2.4563e-02
1.9893e-02
1.8165e-02
2.3320e-02
4.0570e-02
5.2402e-02
5.7390e-02
6.1320e-02
6.4926e-02
7.6664e-02
9.1561e-02
9.9048e-02
9.2346e-02
7.2940e-02
5.3467e-02
3.8022e-02
1.9293e-02
-1.7472e-03
-1.9349e-02
-3.5618e-02
-3.8623e-02
-3.6263e-02
-3.6487e-02
-4.0228e-02
-4.2277e-02
-3.5729e-02
-2.3129e-02
-2.3055e-03
2.9680e-02
5.9369e-02
7.1896e-02
7.3425e-02
7.3052e-02
8.1855e-02
9.3582e-02
9.1722e-02
7.3680e-02
4.3412e-02
1.0400e-02
-9.2930e-03
-2.2029e-02
-2.8001e-02
-2.6260e-02
-2.1014e-02
-1.1610e-02
-1.3278e-03
7.3772e-03
6.0683e-03
-7.8303e-03
-2.5966e-02
-4.6193e-02
-5.9062e-02
-5.9425e-02
-5.5188e-02
-6.0036e-02
-6.8681e-02
-7.6556e-02
-7.1442e-02
-4.8790e-02
-2.3355e-02
-4.3571e-03
2.8296e-03
-4.6817e-03
-1.7753e-02
-2.2891e-02
-2.3006e-02
-1.5177e-02
-3.8928e-03
4.8437e-03
1.1535e-02
2.2882e-02
3.1556e-02
2.8163e-02
1.2184e-02
-5.3027e-03
-1.7868e-02
-1.3781e-02
-7.8609e-04
8.1283e-03
8.7043e-03
-1.8917e-04
-4.4334e-03
2.9138e-03
1.3546e-02
2.5758e-02
2.3472e-02
1.1256e-02
-5.2256e-03
-2.6081e-02
-3.7997e-02
-4.5679e-02
-4.6908e-02
-4.7445e-02
-4.6527e-02
-3.2377e-02
-1.3142e-02
1.2143e-02
3.5444e-02
4.3916e-02
4.8195e-02
5.3486e-02
5.5741e-02
4.6998e-02
3.7912e-02
3.9916e-02
5.1172e-02
6.0411e-02
6.6858e-02
6.7940e-02
6.2254e-02
4.9679e-02
3.1794e-02
1.9305e-02
1.0070e-02
-2.3018e-04
-1.2457e-02
-2.5207e-02
-2.4614e-02
-1.0541e-02
6.5552e-03
1.6335e-02
2.2712e-02
2.0063e-02
2.4961e-03
-1.3706e-02
-3.1535e-02
-4.3898e-02
-6.2201e-02
-6.3130e-02
-4.8914e-02
-3.7671e-02
-2.8882e-02
-3.2544e-02
-4.1060e-02
-5.3280e-02
-6.8205e-02
-7.0288e-02
-6.4079e-02
-5.6882e-02
-4.7542e-02
-4.0735e-02
-2.5168e-02
-5.1857e-03
2.0221e-02
3.5243e-02
3.7020e-02
3.7118e-02
3.6109e-02
3.7596e-02
4.4800e-02
4.6402e-02
3.7554e-02
2.3429e-02
1.2144e-02
6.2142e-03
-3.7051e-05
-7.7403e-03
-8.2045e-03
-5.1864e-04
3.6364e-05
1.3662e-03
8.0084e-03
9.1743e-03
9.5059e-03
1.4117e-02
1.7049e-02
2.2291e-02
2.8720e-02
2.5590e-02
2.3558e-02
2.5335e-02
3.1488e-02
4.5663e-02
5.7806e-02
6.8961e-02
7.3959e-02
7.3066e-02
7.4602e-02
6.9876e-02
5.7981e-02
4.4407e-02
2.9894e-02
1.4725e-02
-5.7360e-03
-2.4137e-02
-4.2057e-02
-5.4626e-02
-6.5735e-02
-7.4919e-02
-6.9323e-02
-6.5125e-02
-6.2800e-02
-5.4269e-02
-4.3079e-02
-2.5893e-02
-1.9017e-02
-1.9421e-02
-1.1955e-02
-1.5837e-02
-1.8039e-02
-2.4877e-02
-4.1044e-02
-5.1962e-02
-5.7138e-02
-4.8098e-02
-2.0426e-02
1.0080e-02
2.7908e-02
3.9388e-02
4.5158e-02
4.4537e-02
3.3902e-02
1.1106e-02
-1.3194e-02
-3.5620e-02
-5.9061e-02
-7.6038e-02
-7.1651e-02
-4.7162e-02
-1.8995e-02
3.6507e-03
1.8635e-02
2.4914e-02
1.6279e-02
3.3925e-03
-1.1731e-02
-2.4907e-02
-2.9616e-02
-3.0286e-02
-2.9637e-02
-2.1979e-02
-9.2773e-03
2.4643e-03
6.3212e-03
1.3634e-02
1.4293e-02
5.9129e-03
7.5185e-03
4.6460e-03
-1.4517e-03
-1.5319e-02
-3.0286e-02
-2.8296e-02
-1.2495e-02
1.0123e-02
2.3526e-02
3.6245e-02
4.9934e-02
5.9784e-02
6.3389e-02
5.6000e-02
4.1121e-02
2.4437e-02
1.0960e-02
6.6387e-04
-5.1895e-03
-5.6467e-03
1.8926e-03
4.7128e-03
4.5139e-03
5.5645e-03
1.2053e-02
1.3502e-02
1.6989e-02
2.2755e-02
1.8790e-02
1.3858e-02
3.9312e-03
-5.9396e-03
-8.6062e-03
6.2938e-04
1.1607e-02
1.5526e-02
1.2141e-02
1.1917e-02
8.6992e-03
7.3555e-03
1.1077e-03
-7.5623e-03
-1.3712e-02
-1.6145e-02
-1.5182e-02
-1.6197e-02
-1.5468e-02
-2.5265e-02
-3.2874e-02
-3.4815e-02
-2.9010e-02
-1.6009e-02
-6.6476e-03
-6.4033e-03
-1.3360e-02
-2.3038e-02
-2.4766e-02
-1.7527e-02
-1.5157e-02
-1.3750e-02
-1.5604e-02
-1.7241e-02
-1.5817e-02
-6.4763e-03
1.5515e-03
4.3020e-03
2.8430e-03
-5.4536e-03
-1.7705e-02
-2.3558e-02
-1.7879e-02
-1.5513e-02
-1.8151e-02
-2.2389e-02
-2.2741e-02
-1.9977e-02
-1.3708e-02
-6.2073e-03
-5.9525e-03
-1.3356e-02
-1.5345e-02
-8.4306e-03
-1.3395e-04
4.8224e-03
9.7438e-03
4.2884e-03
-4.0082e-03
-5.8267e-03
-7.6975e-03
-6.7760e-03
-6.4758e-03
-7.4357e-03
-1.3586e-02
-1.6479e-02
-1.2444e-02
-1.9348e-03
5.6498e-03
1.4777e-02
2.5402e-02
3.7315e-02
4.6316e-02
4.8327e-02
4.8075e-02
3.9032e-02
2.4774e-02
8.6482e-03
2.1387e-03
5.5348e-03
1.2722e-02
1.9343e-02
2.4159e-02
2.7943e-02
2.4488e-02
1.4987e-02
1.7897e-03
-5.5505e-03
-6.8070e-03
-8.7931e-03
-9.0129e-03
-9.4004e-03
-1.3585e-02
-1.5159e-02
-2.0322e-02
-2.3980e-02
-1.6898e-02
-1.1009e-02
-4.1607e-04
9.9713e-03
1.7490e-02
2.6879e-02
3.6104e-02
4.4474e-02
4.9217e-02
4.6840e-02
3.5563e-02
2.4338e-02
1.1950e-02
-1.1141e-03
-1.4925e-02
-2.4077e-02
-2.4067e-02
-1.5177e-02
-8.2344e-03
-6.6377e-04
1.7620e-03
-4.4962e-03
-8.5904e-03
-1.2391e-02
-1.6199e-02
-1.4674e-02
-1.2123e-02
-1.5006e-02
-1.4894e-02
-1.4740e-02
-1.6890e-02
-1.3494e-02
-1.6590e-02
-1.3843e-02
-1.2395e-02
-9.7003e-03
2.0134e-03
3.8703e-03
1.9366e-03
-6.4961e-03
-1.3599e-02
-1.3086e-02
-3.8609e-03
1.5038e-03
3.7167e-03
-5.1768e-03
-1.8444e-02
-2.8294e-02
-3.7745e-02
-3.7899e-02
-3.5445e-02
-3.3100e-02
-2.7561e-02
-1.9222e-02
-1.3386e-02
-3.0093e-03
8.1389e-03
1.5203e-02
1.9947e-02
2.0219e-02
2.7402e-02
4.0442e-02
5.2784e-02
5.8777e-02
5.8798e-02
6.1168e-02
6.4344e-02
6.7081e-02
6.2592e-02
4.8920e-02
3.0652e-02
1.1189e-02
-8.1054e-03
-1.4873e-02
-8.3463e-03
7.9153e-04
8.8613e-03
1.3217e-02
2.2526e-02
2.6282e-02
2.1360e-02
1.1046e-02
-6.2347e-03
-2.7774e-02
-5.3829e-02
-7.0849e-02
-6.9341e-02
-5.7533e-02
-4.2196e-02
-2.6699e-02
-1.3128e-02
-2.3780e-03
6.3305e-03
1.0610e-02
1.7056e-02
1.9070e-02
1.3133e-02
3.6393e-03
-4.5735e-03
-2.4060e-03
3.2169e-03
9.0040e-03
1.2414e-02
1.1210e-02
1.2253e-02
1.7430e-02
2.5206e-02
2.6700e-02
2.2313e-02
1.4801e-02
1.1751e-02
7.4435e-03
1.5971e-03
2.9584e-03
-5.3732e-03
-6.3680e-03
-1.1146e-02
-1.6159e-02
-1.7635e-02
-2.6445e-02
-3.3150e-02
-3.4965e-02
-3.2755e-02
-2.5202e-02
-1.8592e-02
-1.1342e-02
-6.4869e-03
-7.7191e-03
-6.3264e-03
-1.8400e-02
-2.5527e-02
-3.2529e-02
-3.2839e-02
-2.4944e-02
-2.0546e-02
-8.7560e-03
3.7395e-03
1.5966e-02
2.8598e-02
3.9952e-02
4.6912e-02
4.7575e-02
3.6971e-02
2.1107e-02
4.0848e-03
-1.2020e-02
-1.4201e-02
-1.6009e-02
-1.3297e-02
-8.8402e-03
-5.5942e-03
1.3237e-03
2.4929e-03
9.6830e-03
1.0877e-02
1.1002e-02
1.0828e-02
1.1676e-02
1.1861e-02
1.5020e-02
2.0276e-02
1.7578e-02
1.1330e-02
8.6425e-03
9.8117e-03
1.6614e-02
2.0262e-02
2.0126e-02
2.0272e-02
1.3002e-02
1.0900e-02
1.4973e-03
-6.7784e-03
-1.2922e-02
-1.6848e-02
-1.5361e-02
-1.1812e-02
-8.3877e-03
-7.1627e-03
-6.8590e-03
-7.0336e-03
4.8303e-05
2.5823e-03
-5.6512e-05
-9.7668e-03
-1.5268e-02
-1.8283e-02
-2.5414e-02
-2.2364e-02
-1.6531e-02
-1.0148e-02
-6.6956e-03
-7.3624e-03
-9.5334e-03
-1.0853e-02
-6.2526e-03
1.6915e-03
6.8571e-03
1.0986e-02
1.5440e-02
2.6452e-02
3.7436e-02
4.5363e-02
5.1223e-02
4.2773e-02
2.7900e-02
1.2389e-02
-2.4985e-04
-1.1573e-02
-1.6892e-02
-1.8519e-02
-2.3451e-02
-2.8760e-02
-2.3555e-02
-1.5227e-02
-8.1456e-03
-2.4354e-03
2.0008e-03
6.3009e-03
7.6795e-03
5.0477e-03
3.7736e-03
8.3913e-03
1.2978e-02
2.3389e-02
2.8974e-02
2.9522e-02
2.9487e-02
2.9605e-02
2.8454e-02
2.9755e-02
2.9085e-02
3.0394e-02
2.1465e-02
9.3887e-03
1.1176e-02
1.0813e-02
1.0816e-02
8.0028e-03
1.3465e-03
-6.1195e-03
-1.5739e-02
-2.8730e-02
-4.1533e-02
-5.0210e-02
-5.2081e-02
-5.1586e-02
-4.6371e-02
-3.8001e-02
-3.2835e-02
-3.0151e-02
-2.3576e-02
-2.3199e-02
-1.5548e-02
-1.1614e-02
-1.1712e-02
-7.1190e-03
-6.8712e-03
-6.5816e-03
-7.3705e-03
-6.3444e-03
-3.1315e-04
9.0165e-03
1.3749e-02
1.5700e-02
1.6713e-02
1.6095e-02
1.1093e-02
7.2394e-03
4.2181e-05
-1.0310e-02
-1.2415e-02
-8.6003e-03
-2.9913e-03
1.2250e-03
6.3837e-03
1.3361e-02
1.6261e-02
1.7099e-02
9.3571e-03
-3.2467e-03
-4.2590e-03
3.2556e-03
7.4335e-03
9.3252e-03
9.7265e-03
1.1646e-02
7.5134e-03
-8.8101e-04
-1.2183e-02
-1.6239e-02
-1.7607e-02
-1.3017e-02
-1.9181e-03
4.9997e-03
7.7954e-03
2.8494e-03
-2.2501e-03
-7.7650e-03
-8.3829e-03
-8.4877e-03
-4.5053e-03
-3.6677e-03
-6.1809e-03
-1.3877e-02
-1.8432e-02
-1.4663e-02
-1.1103e-02
-5.6613e-03
4.3490e-03
1.7979e-02
3.0858e-02
3.6848e-02
3.7078e-02
3.3793e-02
2.8722e-02
1.8802e-02
1.1112e-02
8.3236e-03
7.3497e-03
8.4769e-03
5.2727e-03
3.2831e-03
3.8245e-04
-4.4344e-03
-1.0738e-02
-1.7785e-02
-2.7105e-02
-3.1538e-02
-3.5527e-02
-3.8581e-02
-3.5632e-02
-3.5932e-02
-3.0725e-02
-2.9489e-02
-2.5685e-02
-2.2463e-02
-3.0048e-02
-3.9919e-02
-4.9556e-02
-5.0764e-02
-4.5138e-02
-3.2687e-02
-2.3487e-02
-1.3662e-02
-9.9306e-03
-7.4630e-03
-5.5015e-03
-8.3114e-03
-9.1108e-03
-1.3617e-02
-2.1994e-02
-2.7139e-02
-2.5816e-02
-2.2490e-02
-1.1757e-02
3.7679e-03
1.7279e-02
2.9788e-02
4.1209e-02
4.7512e-02
5.3872e-02
6.0758e-02
6.4866e-02
6.0664e-02
5.1250e-02
4.1822e-02
3.3532e-02
3.2384e-02
3.4583e-02
3.7794e-02
3.6087e-02
3.2003e-02
2.5644e-02
1.4785e-02
4.8790e-03
-6.6917e-03
-1.0022e-02
-9.8228e-03
-1.5031e-02
-2.0874e-02
-1.9806e-02
-1.8947e-02
-1.4954e-02
-1.9691e-02
-2.7317e-02
-2.6745e-02
-2.5199e-02
-2.2393e-02
-1.9859e-02
-1.9332e-02
-1.9538e-02
-1.2945e-02
-6.3831e-03
4.3810e-03
1.3358e-02
2.0852e-02
2.6894e-02
2.7284e-02
2.7228e-02
2.7172e-02
3.0171e-02
3.4460e-02
3.8767e-02
3.7699e-02
2.7594e-02
1.8278e-02
9.6394e-03
2.0093e-03
-4.4236e-03
-9.6837e-03
-1.4459e-02
-1.8026e-02
-1.8326e-02
-2.0944e-02
-2.1778e-02
-2.1238e-02
-2.3185e-02
-2.6086e-02
-3.2121e-02
-4.2920e-02
-4.7632e-02
-4.8896e-02
-4.7664e-02
-4.5629e-02
-4.2886e-02
-3.9427e-02
-3.6356e-02
-2.4391e-02
-1.5508e-02
-5.1662e-03
8.2890e-03
1.9025e-02
2.7772e-02
2.7727e-02
3.0529e-02
3.2337e-02
2.9747e-02
2.8309e-02
2.3799e-02
1.5192e-02
3.0871e-03
-6.3825e-03
-1.4075e-02
-1.9021e-02
-1.7182e-02
-1.3325e-02
-5.4058e-03
3.3514e-03
1.5049e-03
1.7492e-04
-3.6716e-03
-1.2153e-02
-1.8014e-02
-2.8701e-02
-3.5302e-02
-3.1738e-02
-2.7341e-02
-1.8639e-02
-7.3655e-03
6.2923e-03
1.8746e-02
2.6124e-02
3.2348e-02
3.0993e-02
3.4124e-02
4.0127e-02
5.0190e-02
6.2280e-02
6.3680e-02
6.4800e-02
6.4954e-02
6.5041e-02
6.1690e-02
6.0021e-02
5.6398e-02
5.2988e-02
4.6716e-02
3.9473e-02
3.2352e-02
2.1410e-02
1.3846e-02
4.3383e-03
-3.5082e-03
-1.4384e-02
-2.5271e-02
-3.0000e-02
-3.6168e-02
-3.7474e-02
-3.9198e-02
-4.4713e-02
-4.6853e-02
-4.0486e-02
-2.9918e-02
-1.8134e-02
-1.2180e-02
-4.9618e-03
-5.7448e-04
3.8547e-03
2.9366e-03
3.0124e-04
-4.5979e-04
2.6012e-03
5.4073e-03
4.2484e-03
9.2674e-03
1.1082e-02
1.8244e-02
2.2070e-02
2.5745e-02
2.9818e-02
3.0007e-02
2.8198e-02
1.8690e-02
-1.1927e-04
-1.4985e-02
-2.9774e-02
-3.1938e-02
-2.8566e-02
-1.6633e-02
-1.2962e-03
7.0143e-03
1.4232e-02
1.8085e-02
1.5667e-02
1.1010e-02
7.3034e-03
1.0765e-03
-1.4786e-03
-8.7561e-03
-9.0669e-03
-1.1898e-02
-1.5332e-02
-1.6477e-02
-2.0031e-02
-9.8598e-03
-2.1322e-03
8.4152e-04
7.0159e-03
1.9323e-02
2.2241e-02
1.3284e-02
6.7153e-03
-6.0177e-03
-1.5868e-02
-2.2440e-02
-2.6918e-02
-2.8405e-02
-2.7739e-02
-2.1973e-02
-1.7373e-02
-1.7669e-02
-1.8273e-02
-1.9659e-02
-2.7464e-02
-3.6846e-02
-4.3917e-02
-5.1411e-02
-5.6228e-02
-5.4556e-02
-5.0159e-02
-4.0920e-02
-3.5394e-02
-2.6707e-02
-1.9311e-02
-1.2980e-02
-9.7860e-03
-9.7267e-03
-5.0427e-03
-5.9608e-03
-8.6490e-04
4.4927e-03
7.0022e-03
6.5449e-03
4.7752e-03
3.8781e-03
9.1820e-04
2.3401e-04
4.7400e-03
8.3036e-03
1.2461e-02
1.8160e-02
2.3068e-02
2.8865e-02
3.5978e-02
4.7364e-02
5.6320e-02
6.2945e-02
6.4924e-02
5.9915e-02
5.5925e-02
4.9775e-02
4.3999e-02
3.6522e-02
2.8320e-02
2.6585e-02
2.4240e-02
1.9611e-02
1.5573e-02
9.3320e-03
5.0178e-03
-1.2510e-03
-7.5511e-03
-9.9247e-03
-1.4982e-02
-1.7565e-02
-1.5384e-02
-1.2120e-02
-9.6387e-03
-2.2915e-03
6.1517e-03
1.1213e-02
1.3789e-02
1.6427e-02
1.3963e-02
9.2195e-03
5.4604e-03
-2.9271e-03
-1.0013e-02
-1.0278e-02
-1.1995e-02
-1.4145e-02
-5.8521e-03
-2.2326e-03
-3.0249e-05
8.7794e-03
1.8099e-02
2.5565e-02
2.6695e-02
2.1505e-02
1.2291e-02
3.7183e-03
-9.2066e-03
-1.9838e-02
-4.1070e-02
-5.8655e-02
-6.8236e-02
-7.4927e-02
-7.4491e-02
-7.0976e-02
-5.7409e-02
-4.3779e-02
-2.7960e-02
-1.6187e-02
-1.0613e-02
-5.7268e-03
-6.4737e-03
-1.1472e-02
-2.0955e-02
-2.8044e-02
-2.9186e-02
-3.1664e-02
-2.7720e-02
-2.1053e-02
-1.8665e-02
-9.9256e-03
8.1087e-04
9.9627e-03
1.9366e-02
2.4326e-02
3.2671e-02
3.5802e-02
3.6137e-02
3.0012e-02
2.6053e-02
2.6807e-02
2.5146e-02
2.8504e-02
2.5795e-02
3.0640e-02
3.6141e-02
3.5338e-02
3.6141e-02
3.1276e-02
2.5412e-02
2.1328e-02
1.8787e-02
2.4100e-02
2.7649e-02
2.6815e-02
2.6515e-02
2.6766e-02
2.6435e-02
2.1688e-02
1.3426e-02
7.5452e-03
-2.6815e-03
-1.0294e-02
-1.6447e-02
-1.9383e-02
-1.7233e-02
-1.7110e-02
-1.1843e-02
-9.5464e-03
-7.8396e-03
-7.5149e-03
-8.1326e-03
-8.8759e-03
-7.0957e-03
-8.3277e-03
-6.7465e-03
-2.5439e-03
-8.8240e-04
-3.2872e-03
-7.2730e-03
-1.6529e-02
-1.9489e-02
-1.9206e-02
-2.5258e-02
-2.4305e-02
-2.6002e-02
-2.5157e-02
-2.7041e-02
-2.7436e-02
-2.6190e-02
-2.0898e-02
-1.6343e-02
-6.4092e-03
2.3658e-03
1.9366e-03
4.9211e-03
2.8095e-03
5.0575e-03
7.0158e-03
8.1922e-03
6.3634e-03
1.8680e-03
1.4528e-03
5.3901e-03
1.1390e-03
2.8111e-03
8.2807e-03
7.7922e-03
9.3107e-03
3.0457e-03
6.6305e-03
8.5923e-03
7.2173e-03
5.4060e-03
3.2527e-03
6.2930e-03
7.7242e-03
8.8623e-03
1.6363e-02
1.7878e-02
2.3240e-02
2.6633e-02
2.7638e-02
2.8689e-02
2.7457e-02
2.4274e-02
1.8491e-02
1.3975e-02
1.0680e-02
9.6505e-03
1.6741e-04
7.1566e-04
-4.1985e-03
-9.9679e-03
-9.2521e-03
-9.8766e-03
-9.3318e-03
-9.8341e-03
-9.3138e-03
-9.8859e-03
-9.1945e-03
-1.3491e-02
-1.8737e-02
-1.7609e-02
-1.8589e-02
-1.9029e-02
-1.7189e-02
-1.8924e-02
-1.4501e-02
-1.2365e-02
-1.4242e-02
-1.0092e-02
-1.2049e-02
-1.0594e-02
-9.0819e-03
-1.1291e-02
-9.1371e-03
-1.0575e-02
-4.8607e-03
-2.5288e-03
-2.5877e-03
5.1341e-05
-3.8808e-04
-3.8073e-04
2.9328e-04
-1.6470e-03
-8.8473e-03
-9.4926e-03
-9.1466e-03
-1.0316e-02
-6.5036e-03
-6.7432e-04
5.3784e-03
8.9878e-03
1.3522e-02
1.7802e-02
1.7760e-02
1.7150e-02
1.4407e-02
1.0680e-02
5.9716e-03
1.3267e-04
3.0764e-04
-5.7931e-03
-1.0019e-02
-8.9335e-03
-9.9453e-03
-8.9326e-03
-1.1976e-02
-1.0338e-02
-9.4931e-03
-9.3600e-03
-3.6597e-03
-1.2351e-04
-5.6978e-04
1.6719e-04
-6.6651e-04
9.1407e-05
-6.3443e-03
-8.7417e-03
-1.2134e-02
-1.8556e-02
-1.7972e-02
-1.8617e-02
-1.8153e-02
-1.8557e-02
-1.8103e-02
-1.8842e-02
-1.1777e-02
-8.9038e-03
-8.9635e-04
8.5038e-03
8.4032e-03
1.0271e-02
9.0291e-03
9.2496e-03
8.8034e-03
9.4497e-03
9.1362e-03
9.5906e-03
1.0408e-02
1.0482e-02
1.5617e-02
1.6336e-02
1.4306e-02
1.1612e-02
9.5321e-03
1.0262e-02
9.9662e-03
3.4818e-03
1.8753e-04
1.3191e-03
3.1766e-03
5.0237e-03
5.0000e-03
8.1839e-03
1.1033e-02
1.1131e-02
1.4444e-02
1.5995e-02
1.9357e-02
2.0377e-02
2.2157e-02
2.4388e-02
2.4511e-02
2.1612e-02
1.8666e-02
1.3330e-02
5.5721e-03
1.6846e-03
-5.2326e-03
-8.3766e-03
-1.4742e-02
-1.5649e-02
-2.0800e-02
-2.9756e-02
-3.0627e-02
-2.9363e-02
-2.1491e-02
-2.1166e-02
-1.9685e-02
-1.5719e-02
-1.6301e-02
-1.4925e-02
-1.4896e-02
-1.3747e-02
-1.5582e-02
-1.5501e-02
-1.5609e-02
-1.4878e-02
-9.3869e-03
-3.3651e-03
1.8539e-03
4.1200e-03
4.2326e-03
7.6890e-03
9.5154e-03
1.0630e-02
1.5919e-02
1.1075e-02
1.0312e-02
1.0281e-02
9.3745e-03
4.6076e-03
2.5004e-03
8.0127e-03
9.6158e-03
9.4283e-03
9.3386e-03
9.5281e-03
9.4837e-03
1.1045e-02
8.9657e-03
1.5047e-02
1.8095e-02
1.8847e-02
1.9357e-02
1.1344e-02
1.1387e-02
4.9626e-03
1.5571e-03
2.6193e-03
1.8246e-03
2.9880e-03
5.5631e-04
-6.4024e-03
-6.8236e-03
-1.4577e-03
2.7807e-03
4.6213e-03
6.6853e-03
1.0938e-02
7.4415e-03
8.1094e-03
9.7615e-03
6.1815e-03
2.6330e-03
-2.5420e-03
-1.1417e-02
-1.5758e-02
-1.8067e-02
-1.8265e-02
-1.3503e-02
-9.9795e-03
-8.0062e-03
-7.0172e-03
-7.5779e-03
-6.4247e-03
-3.8825e-03
-8.2825e-03
-1.4403e-02
-1.8325e-02
-2.5462e-02
-3.3073e-02
-3.4743e-02
-3.2861e-02
-3.3076e-02
-3.0020e-02
-3.1108e-02
-2.8000e-02
-2.3496e-02
-1.9875e-02
-7.9368e-03
-8.3822e-03
-4.9148e-03
2.0743e-03
1.9466e-03
8.8450e-03
1.2302e-02
1.2534e-02
1.3013e-02
1.6264e-02
2.3411e-02
2.3513e-02
2.2691e-02
2.3251e-02
2.3818e-02
2.3736e-02
2.3671e-02
2.3620e-02
2.1538e-02
2.2349e-02
2.2965e-02
2.2045e-02
2.1332e-02
1.9553e-02
1.9206e-02
1.4356e-02
1.2127e-02
4.7150e-03
2.9296e-03
1.3253e-05
-2.2085e-03
1.9677e-03
-3.0917e-03
-6.2453e-03
-5.1301e-03
-6.4897e-03
-5.2105e-03
-1.3240e-03
-1.1044e-03
1.4780e-03
4.1414e-03
7.7051e-03
8.5859e-03
1.1618e-02
1.1271e-02
1.1098e-02
6.8265e-03
1.6484e-03
2.1887e-03
2.0922e-03
1.3458e-03
6.0052e-03
4.6949e-03
8.6846e-04
1.7761e-03
1.1221e-03
-4.4267e-04
5.2004e-04
1.5486e-03
1.1797e-03
1.5099e-03
2.0210e-03
2.7873e-03
3.1701e-04
-1.0559e-03
-4.3251e-03
-3.6782e-03
-7.4999e-03
-7.9144e-03
-6.0727e-03
-7.0627e-03
-8.4086e-03
-1.0076e-02
-1.3209e-02
-1.5248e-02
-1.4353e-02
-1.8639e-02
-2.2633e-02
-2.4568e-02
-2.2034e-02
-2.2648e-02
-1.9702e-02
-1.5673e-02
-1.2821e-02
-1.1091e-02
-5.9756e-03
-9.6666e-05
-4.1976e-04
1.9758e-03
8.1005e-03
1.1398e-02
1.1974e-02
1.6956e-02
1.9690e-02
2.4697e-02
2.5230e-02
2.3966e-02
2.4137e-02
1.9902e-02
1.5638e-02
1.4160e-02
1.1962e-02
4.9472e-03
7.4867e-04
1.2363e-03
-7.3340e-04
-5.3289e-03
-5.8840e-03
-6.4263e-03
-1.0797e-02
-1.2599e-02
-1.1116e-02
-1.0666e-02
-1.1808e-02
-1.0876e-02
-1.1433e-02
-9.7576e-03
-6.0973e-03
-4.2110e-03
3.1905e-04
2.7956e-03
3.6551e-03
5.5711e-03
7.0440e-03
1.0992e-02
1.4124e-02
1.3637e-02
1.3526e-02
9.2564e-03
6.6838e-03
4.1743e-03
1.3868e-03
3.9552e-04
-3.5244e-03
-4.8871e-03
-4.7465e-03
-4.0504e-03
-4.2833e-03
-5.5414e-03
-4.1009e-03
-4.0113e-03
-2.3352e-03
-9.0087e-04
1.8034e-03
5.9682e-03
8.0239e-03
1.1163e-02
1.2546e-02
1.3817e-02
1.2123e-02
9.1418e-03
6.1417e-03
2.8170e-03
1.7801e-03
-1.0318e-03
-2.0222e-03
-2.3225e-03
-3.8528e-03
-2.1373e-03
-3.2313e-03
-1.1846e-03
6.6663e-04
-1.1033e-03
-1.4280e-03
-1.9799e-03
-1.8714e-03
-2.3661e-03
-5.2209e-03
-6.1488e-03
-6.8004e-03
-7.5406e-03
-7.4684e-03
-9.5768e-03
-9.5731e-03
-9.0829e-03
-8.7071e-03
-6.4540e-03
-5.2404e-03
-5.0349e-03
-4.7940e-03
-4.5055e-03
-4.3292e-03
-3.7415e-03
-2.2277e-03
-1.2238e-03
-1.1632e-03
-1.3333e-04
1.7704e-04
-8.9644e-04
-8.1522e-05
2.2634e-04
-2.3908e-04
-2.4399e-04
7.8878e-04
8.8567e-04
1.0300e-03
1.3496e-03
5.6159e-04
1.3171e-03
6.1468e-04
8.6425e-05
3.3742e-04
9.7905e-05
1.9223e-04
-1.0103e-04
3.0940e-04
2.0269e-04
1.8901e-04
3.7743e-04
3.5112e-04
5.5521e-05
3.6100e-04
3.4409e-04
1.5330e-04
2.1410e-04
-2.3435e-04
-4.5469e-04
-9.2349e-04
-1.0273e-03
-1.1119e-03
-1.4185e-03
-1.7579e-03
-2.1273e-03
-2.3195e-03
-2.5189e-03
-2.5387e-03
-2.4001e-03
-2.2737e-03
-2.2050e-03
-2.1843e-03
-2.3232e-03
-2.2387e-03
-2.1384e-03
-2.0167e-03
-1.8368e-03
-1.6732e-03
-1.4554e-03
-1.3331e-03
-1.2302e-03
-1.0489e-03
-9.6755e-04
-9.3489e-04
-7.9767e-04
-6.6511e-04
-4.1554e-04
-3.5075e-04
-2.0501e-04
3.5975e-05
1.9354e-04
3.2673e-04
4.3345e-04
5.0359e-04
6.4829e-04
6.9185e-04
6.7371e-04
7.7978e-04
8.6242e-04
9.1053e-04
9.1128e-04
8.6060e-04
9.2974e-04
9.6468e-04
8.5560e-04
7.9490e-04
7.3977e-04
6.7543e-04
6.1861e-04
4.6359e-04
3.8407e-04
3.2532e-04
2.5000e-04
1.6457e-04
1.3021e-04
1.1598e-04
6.5358e-05
6.8261e-05
5.4900e-05
6.2068e-05
3.3994e-05
4.4078e-05
6.6465e-05
9.6732e-05
9.0758e-05
1.0437e-04
1.3004e-04
1.3774e-04
1.6827e-04
1.7819e-04
1.9119e-04
2.0936e-04
2.3468e-04
2.5349e-04
2.6840e-04
2.8972e-04
2.9748e-04
3.0477e-04
3.0831e-04
3.1426e-04
3.1786e-04
3.2050e-04
3.2532e-04
3.2247e-04
3.1802e-04
3.1175e-04
3.0519e-04
3.0321e-04
3.0301e-04
3.0186e-04
3.0210e-04
3.0462e-04
3.0750e-04
3.1076e-04
3.1244e-04
3.1297e-04
3.1471e-04
3.1613e-04
3.1853e-04
3.2126e-04
3.2546e-04
3.3041e-04
3.3579e-04
3.4180e-04
3.4847e-04
3.5586e-04
3.6375e-04
3.7216e-04
3.8104e-04
3.9033e-04
4.0002e-04
4.1011e-04
4.2056e-04
4.3139e-04
4.4259e-04
4.5416e-04
4.6609e-04
4.7837e-04
4.9100e-04
5.0397e-04
