1.3942e-05
1.7335e-05
2.2255e-05
2.8220e-05
3.3670e-05
3.6886e-05
4.2714e-05
6.2771e-05
1.0685e-04
1.3607e-04
8.1192e-05
9.7436e-05
4.2116e-05
-9.0258e-05
-5.9782e-05
8.3907e-05
3.6528e-04
5.4665e-04
5.0906e-04
3.0499e-04
7.9630e-05
-1.7198e-04
-2.4188e-04
-4.5088e-04
-2.4610e-04
2.2079e-04
5.6788e-04
8.4528e-04
4.3802e-04
-3.1537e-05
-1.1563e-04
-1.4870e-04
-5.7898e-05
2.4175e-04
8.1328e-04
1.0089e-03
7.6011e-04
5.5742e-04
2.8190e-04
1.2471e-04
-1.7667e-04
-1.2260e-04
2.1549e-04
7.4136e-04
9.7076e-04
8.0335e-04
7.6898e-04
8.0451e-04
6.3747e-04
3.1896e-04
3.6543e-04
4.3282e-04
4.0950e-04
5.0883e-04
7.7044e-04
9.0020e-04
8.3987e-04
8.4001e-04
8.3570e-04
6.3709e-04
3.1580e-04
3.6485e-04
4.2157e-04
3.8823e-04
5.2621e-04
9.0601e-04
1.1049e-03
8.1748e-04
7.2239e-04
8.2687e-04
8.8948e-04
9.1160e-04
8.6910e-04
6.8752e-04
4.0278e-04
3.6046e-04
2.9215e-04
-6.1434e-05
-2.3016e-04
-2.0516e-04
-8.5481e-05
-4.0598e-05
3.0078e-05
3.4731e-04
6.0438e-04
8.6794e-04
9.2300e-04
6.4168e-04
1.4488e-04
-1.9383e-04
-1.2405e-04
1.4370e-05
1.4047e-04
3.9804e-04
5.1378e-04
6.3774e-04
8.0965e-04
8.4968e-04
8.4285e-04
8.6207e-04
7.4400e-04
4.3451e-04
2.7487e-04
4.2355e-04
5.2504e-04
5.1731e-04
2.1673e-04
-5.3444e-04
-1.1339e-03
-1.0256e-03
-4.2578e-04
6.5028e-04
1.7264e-03
2.3379e-03
2.1025e-03
1.1222e-03
3.2722e-04
-5.5675e-05
-1.7914e-04
1.2703e-04
7.0946e-04
1.5663e-03
1.9230e-03
1.2262e-03
3.9651e-05
-9.5393e-04
-1.5520e-03
-1.6120e-03
-1.1496e-03
-2.7673e-04
7.4295e-04
8.4538e-04
8.2658e-04
5.5135e-04
2.4495e-05
-3.7790e-04
-1.1178e-03
-1.1568e-03
-7.0453e-04
-3.6213e-05
8.3516e-04
1.4525e-03
1.6872e-03
1.7200e-03
1.3082e-03
7.4861e-04
3.5656e-04
1.8962e-05
-1.4462e-04
-3.3267e-06
2.9783e-04
8.2909e-04
1.0219e-03
3.9683e-04
-1.9550e-04
-3.3273e-04
-3.5898e-04
-4.1679e-04
2.7991e-05
4.2480e-04
5.4291e-04
2.7312e-04
-8.0346e-05
-3.2009e-04
-1.1610e-04
3.6906e-04
1.2326e-03
2.1146e-03
2.5895e-03
2.5542e-03
1.5057e-03
5.8216e-04
1.1224e-04
5.2489e-04
1.0828e-03
1.5091e-03
1.4756e-03
9.6261e-04
5.4583e-04
5.5719e-04
3.9087e-04
5.0444e-04
3.0039e-04
-3.2370e-04
-8.2411e-04
-1.4790e-03
-1.6423e-03
-1.4911e-03
-1.3105e-03
-4.5271e-04
1.0021e-03
2.4143e-03
2.8835e-03
2.2385e-03
5.4141e-04
-9.6275e-04
-1.8367e-03
-1.3852e-03
-5.6682e-04
1.7148e-04
3.0665e-04
6.0802e-04
1.0307e-03
9.6379e-04
4.6211e-04
-8.6909e-05
-5.1631e-04
-9.3357e-04
-1.0906e-03
-8.6625e-04
-7.2008e-04
-8.4468e-04
-1.4497e-03
-1.7966e-03
-1.5022e-03
-1.2261e-03
-9.1886e-04
-6.4147e-04
3.3653e-04
1.0885e-03
1.8345e-03
1.8122e-03
1.2668e-03
9.7086e-04
1.3669e-03
1.9118e-03
2.3972e-03
2.7834e-03
2.2781e-03
1.5335e-03
1.3777e-04
-5.9696e-04
-6.1193e-04
-4.5354e-04
-1.8678e-04
-2.3630e-04
-6.2058e-04
-9.3971e-04
-1.2227e-03
-9.1517e-04
-1.0352e-04
7.6452e-04
1.6279e-03
2.7781e-03
2.9255e-03
1.9825e-03
5.1201e-04
-3.9673e-04
-1.0601e-03
-1.4539e-03
-1.0734e-03
-7.6139e-04
-9.4518e-04
-9.0596e-04
-5.4559e-04
-5.8607e-04
-6.5851e-04
-5.1132e-04
-1.8845e-04
-1.7021e-05
-4.1347e-05
-9.0191e-05
-3.7369e-04
-1.0402e-03
-1.4883e-03
-1.8296e-03
-1.5450e-03
-8.2539e-04
5.4535e-04
1.6103e-03
2.4252e-03
2.6788e-03
1.6335e-03
2.6435e-04
-6.8830e-04
-7.8581e-04
-6.3795e-04
-1.8197e-04
2.1021e-04
6.9249e-04
8.9562e-04
9.1425e-04
1.2641e-03
1.5561e-03
1.9451e-03
1.8679e-03
1.2884e-03
3.4274e-04
-5.0260e-04
-1.3978e-04
8.8008e-04
1.8070e-03
3.0460e-03
4.1008e-03
3.3426e-03
7.3406e-04
-2.2558e-03
-3.6947e-03
-4.1964e-03
-3.6891e-03
-1.7700e-03
3.1701e-04
7.7512e-04
-4.8657e-05
-1.7054e-03
-3.5257e-03
-5.4095e-03
-6.4118e-03
-5.7976e-03
-3.9687e-03
-1.9123e-03
-7.0560e-04
-5.4665e-04
-7.9133e-04
-8.8318e-04
-2.5002e-04
2.3439e-04
5.3290e-04
3.0400e-04
-4.5772e-04
-1.4660e-03
-2.5584e-03
-2.5307e-03
-1.9635e-03
-1.5490e-03
-9.8186e-04
-4.4523e-04
-5.6826e-04
-6.6020e-04
-7.3997e-04
-6.0191e-04
-5.3077e-04
-8.9256e-04
-1.7551e-03
-2.9353e-03
-3.3111e-03
-3.5976e-03
-3.9607e-03
-3.7537e-03
-2.8258e-03
-1.3019e-03
2.5377e-04
2.1032e-03
3.8217e-03
3.6686e-03
2.5470e-03
1.7201e-03
5.5289e-04
-3.3885e-04
-7.1081e-04
-7.9937e-04
-7.1819e-04
-9.7942e-04
-1.8927e-03
-3.1271e-03
-4.1909e-03
-4.6379e-03
-3.8991e-03
-2.2658e-03
-6.3564e-04
2.9578e-04
1.1097e-03
1.0564e-03
1.6695e-04
-6.6766e-04
-1.1391e-03
-9.6652e-04
-6.6498e-04
-4.5236e-04
-4.7099e-04
-6.6317e-04
-6.9469e-04
-3.1105e-04
4.0438e-04
7.9495e-04
9.1018e-04
3.8564e-04
-7.0455e-04
-2.1224e-03
-3.5060e-03
-3.7193e-03
-3.5620e-03
-2.9303e-03
-2.0320e-03
-1.1773e-03
-1.4164e-03
-2.1197e-03
-3.2998e-03
-4.3611e-03
-4.4295e-03
-2.8094e-03
-3.5644e-04
1.8718e-03
3.0378e-03
2.9357e-03
1.8494e-03
2.5490e-04
-1.8511e-03
-4.5014e-03
-5.6240e-03
-5.8592e-03
-5.0803e-03
-3.3102e-03
-1.1980e-03
-2.1245e-04
-3.9112e-04
-1.6153e-03
-3.0934e-03
-3.8751e-03
-3.9784e-03
-2.6161e-03
-1.8953e-04
2.2332e-03
3.0109e-03
2.6574e-03
1.2309e-03
-1.1791e-03
-3.8995e-03
-4.9467e-03
-5.0907e-03
-4.7339e-03
-4.0069e-03
-2.9492e-03
-2.1244e-03
-2.4430e-03
-3.1900e-03
-4.3786e-03
-5.1542e-03
-4.6400e-03
-2.9492e-03
-1.4820e-03
-2.3142e-03
-4.3596e-03
-3.1986e-04
5.5386e-03
1.6907e-03
-3.9589e-03
-7.2621e-03
-7.7428e-03
-6.8060e-03
-5.2993e-03
-3.2989e-03
-1.0309e-03
1.8044e-04
9.9482e-04
1.6133e-03
1.6505e-03
1.6359e-03
1.7523e-03
1.4631e-03
6.5906e-04
3.8485e-04
3.2270e-05
-5.0534e-04
-1.1802e-03
-2.0737e-03
-3.4639e-03
-4.4735e-03
-4.9882e-03
-4.5616e-03
-2.4260e-03
7.7842e-04
3.0677e-03
4.3034e-03
5.2586e-03
4.3808e-03
2.7044e-03
1.3545e-03
9.8861e-04
8.9901e-04
7.8559e-04
1.2373e-03
1.7204e-03
2.0258e-03
1.3922e-03
3.3370e-04
-8.0173e-05
-2.5503e-04
-3.5433e-04
-4.4880e-04
-1.4315e-03
-3.2462e-03
-5.0293e-03
-6.2788e-03
-5.9295e-03
-3.1445e-03
3.4425e-04
2.7959e-03
3.8048e-03
4.3961e-03
3.9793e-03
3.0273e-03
2.2875e-03
2.6645e-03
3.3974e-03
4.4692e-03
5.3671e-03
5.2902e-03
3.0804e-03
-9.0373e-04
-4.6893e-03
-5.6632e-03
-5.0801e-03
-3.7067e-03
-1.0039e-03
1.5801e-03
3.1086e-03
2.8545e-03
1.5682e-03
1.8674e-04
-8.7610e-04
-1.6589e-03
-7.7726e-04
5.6948e-04
1.7214e-03
2.6076e-03
3.6381e-03
4.7682e-03
4.7526e-03
3.6787e-03
2.1205e-03
-2.3588e-04
-2.4965e-03
-3.4065e-03
-4.0577e-03
-4.5577e-03
-3.8544e-03
-2.3618e-03
-3.0990e-04
1.5755e-03
2.7638e-03
2.9017e-03
2.6325e-03
2.3792e-03
2.4491e-03
2.5346e-03
2.8913e-03
2.9160e-03
3.0142e-03
3.3350e-03
3.1622e-03
2.8207e-03
2.7426e-03
2.8487e-03
2.7294e-03
2.4448e-03
2.6200e-03
3.4056e-03
4.4445e-03
5.1502e-03
4.5516e-03
2.3518e-03
-1.5235e-03
-6.7415e-03
-9.6541e-03
-1.1152e-02
-1.0998e-02
-1.0351e-02
-8.9573e-03
-6.4460e-03
-3.1238e-03
-3.8534e-04
1.4871e-03
3.7914e-03
6.1618e-03
6.4610e-03
5.2651e-03
3.7688e-03
1.9660e-03
7.6623e-04
3.5538e-04
-1.4009e-04
-8.6265e-04
-9.6499e-04
-1.3096e-03
-2.1446e-03
-3.3314e-03
-4.9989e-03
-5.9593e-03
-6.7009e-03
-7.1164e-03
-6.4510e-03
-5.3083e-03
-3.4602e-03
-1.6220e-03
5.0664e-04
2.5743e-03
4.0073e-03
5.1303e-03
5.4896e-03
6.3163e-03
7.7652e-03
8.4661e-03
8.2341e-03
7.1289e-03
5.7027e-03
3.0715e-03
-5.3760e-04
-3.5381e-03
-6.1291e-03
-8.1433e-03
-8.5167e-03
-7.8182e-03
-5.9933e-03
-2.9409e-03
9.5734e-04
3.4285e-03
6.2620e-03
8.7265e-03
9.5650e-03
9.1146e-03
7.4900e-03
5.5696e-03
3.6635e-03
2.2040e-03
7.2716e-04
-1.0151e-03
-2.0534e-03
-2.6938e-03
-4.0527e-03
-5.5311e-03
-7.1762e-03
-8.0972e-03
-7.1845e-03
-4.9081e-03
-1.8850e-03
1.7842e-03
6.2637e-03
8.2778e-03
9.6598e-03
1.0553e-02
1.0221e-02
9.3698e-03
8.3964e-03
8.2050e-03
8.1906e-03
8.4184e-03
8.8665e-03
9.0370e-03
8.2573e-03
7.1117e-03
6.0642e-03
5.9357e-03
6.3729e-03
7.4971e-03
9.7917e-03
1.2555e-02
1.5012e-02
1.6848e-02
1.8251e-02
1.7394e-02
1.5375e-02
1.3342e-02
1.1628e-02
1.0280e-02
9.3801e-03
9.8347e-03
1.0305e-02
1.1614e-02
1.3421e-02
1.4865e-02
1.5177e-02
1.4772e-02
1.3533e-02
1.1790e-02
9.6557e-03
8.0273e-03
7.6277e-03
7.0662e-03
7.1700e-03
7.8427e-03
7.6995e-03
6.7459e-03
5.8544e-03
4.2871e-03
1.9661e-03
-1.4886e-03
-4.2762e-03
-5.9258e-03
-8.1110e-03
-1.0693e-02
-1.1834e-02
-1.2769e-02
-1.3529e-02
-1.4558e-02
-1.6192e-02
-1.6863e-02
-1.7038e-02
-1.7232e-02
-1.7134e-02
-1.7107e-02
-1.7273e-02
-1.7919e-02
-1.8922e-02
-1.8992e-02
-1.8827e-02
-1.9057e-02
-1.9265e-02
-2.0766e-02
-2.3612e-02
-2.6762e-02
-3.1760e-02
-3.7039e-02
-4.1299e-02
-4.5071e-02
-4.6315e-02
-4.6850e-02
-4.5864e-02
-4.3201e-02
-3.9250e-02
-3.5926e-02
-3.4688e-02
-3.3914e-02
-3.2505e-02
-3.1789e-02
-3.2130e-02
-3.2776e-02
-3.3757e-02
-3.4967e-02
-3.4917e-02
-3.4135e-02
-3.2927e-02
-3.2425e-02
-3.2914e-02
-3.4124e-02
-3.5350e-02
-3.5549e-02
-3.4114e-02
-3.1359e-02
-2.7629e-02
-2.3665e-02
-2.0341e-02
-1.7946e-02
-1.6633e-02
-1.5380e-02
-1.4213e-02
-1.3920e-02
-1.4325e-02
-1.5276e-02
-1.5839e-02
-1.6402e-02
-1.6717e-02
-1.6728e-02
-1.6067e-02
-1.4504e-02
-1.1754e-02
-8.2861e-03
-4.9771e-03
-8.5449e-04
3.5498e-03
8.1035e-03
1.2022e-02
1.4805e-02
1.7934e-02
2.0814e-02
2.2518e-02
2.3794e-02
2.4751e-02
2.4399e-02
2.2711e-02
2.0571e-02
1.9083e-02
1.8960e-02
2.0509e-02
2.2868e-02
2.6049e-02
3.0280e-02
3.5500e-02
4.0430e-02
4.5625e-02
5.2562e-02
5.9090e-02
6.4784e-02
7.0545e-02
7.4469e-02
7.7400e-02
7.9538e-02
8.1139e-02
8.1260e-02
7.9307e-02
7.5754e-02
7.0875e-02
6.7046e-02
6.2756e-02
5.6866e-02
5.2909e-02
5.1388e-02
5.0573e-02
5.0146e-02
5.0456e-02
5.1259e-02
5.2207e-02
5.3348e-02
5.4436e-02
5.5416e-02
5.5754e-02
5.4540e-02
5.2447e-02
5.0135e-02
4.6883e-02
4.3097e-02
3.9617e-02
3.6309e-02
3.2790e-02
3.0497e-02
2.9356e-02
2.8074e-02
2.6838e-02
2.5932e-02
2.5272e-02
2.4409e-02
2.3093e-02
2.2089e-02
2.0665e-02
1.8459e-02
1.6607e-02
1.4345e-02
1.2252e-02
1.0450e-02
8.1325e-03
6.4228e-03
4.3214e-03
2.2446e-03
1.3969e-03
8.2568e-04
4.9613e-05
-5.4470e-04
-1.4486e-03
-2.9445e-03
-4.3296e-03
-6.0196e-03
-7.6540e-03
-1.0060e-02
-1.4502e-02
-1.8983e-02
-2.3226e-02
-2.9668e-02
-3.3233e-02
-3.9407e-02
-4.6247e-02
-5.2794e-02
-5.9116e-02
-6.1336e-02
-6.4111e-02
-6.4933e-02
-6.3122e-02
-5.9792e-02
-5.5166e-02
-5.1071e-02
-4.7227e-02
-4.1533e-02
-3.7120e-02
-3.1320e-02
-2.3548e-02
-1.9431e-02
-1.6333e-02
-1.5367e-02
-1.6515e-02
-1.9046e-02
-2.3228e-02
-3.0134e-02
-3.7365e-02
-4.3952e-02
-5.2609e-02
-6.1363e-02
-6.8455e-02
-7.3469e-02
-7.4899e-02
-7.4558e-02
-7.0431e-02
-6.2400e-02
-5.1784e-02
-4.1869e-02
-3.6415e-02
-3.1137e-02
-2.5456e-02
-2.2923e-02
-2.0549e-02
-1.9412e-02
-2.0317e-02
-2.3228e-02
-2.8584e-02
-3.5423e-02
-4.0473e-02
-4.3973e-02
-4.8934e-02
-5.3889e-02
-5.8105e-02
-6.0427e-02
-6.0192e-02
-5.8247e-02
-5.4362e-02
-4.6877e-02
-3.1419e-02
-8.5664e-03
1.6423e-02
4.9226e-02
7.4392e-02
7.5946e-02
6.4022e-02
5.1540e-02
4.8942e-02
5.2292e-02
5.3183e-02
5.1583e-02
4.9907e-02
4.9259e-02
4.9826e-02
5.0632e-02
5.0777e-02
5.0518e-02
5.0252e-02
4.9160e-02
4.6602e-02
4.4584e-02
4.4413e-02
4.6024e-02
4.7201e-02
4.6547e-02
4.4097e-02
4.0470e-02
3.5525e-02
3.1522e-02
2.7851e-02
2.6507e-02
2.5703e-02
2.4651e-02
2.4221e-02
2.4553e-02
2.5086e-02
2.5557e-02
2.6520e-02
2.7397e-02
2.5813e-02
2.1550e-02
1.4822e-02
3.7171e-03
-1.1329e-02
-1.3662e-02
-7.7564e-03
-1.6420e-03
1.1599e-03
-8.6404e-04
-3.3004e-03
2.8847e-03
1.4511e-02
2.0352e-02
1.8483e-02
1.5102e-02
1.2634e-02
1.0691e-02
8.3484e-03
6.6031e-03
3.5363e-03
-1.2761e-03
-5.2104e-03
-9.9988e-03
-1.4473e-02
-1.9088e-02
-2.3539e-02
-2.9178e-02
-3.7238e-02
-4.6345e-02
-4.7948e-02
-4.7690e-02
-4.9895e-02
-5.1267e-02
-4.9194e-02
-4.3892e-02
-3.9279e-02
-3.6569e-02
-2.9965e-02
-1.6003e-02
-1.5567e-03
7.5007e-03
1.3479e-02
1.7956e-02
2.3162e-02
2.7925e-02
2.8450e-02
1.8459e-02
2.1575e-03
-1.1024e-02
-2.0509e-02
-2.9548e-02
-3.2359e-02
-3.4819e-02
-3.5164e-02
-3.0579e-02
-2.2343e-02
-1.3109e-02
-2.8648e-03
9.6569e-03
2.0341e-02
2.7242e-02
2.7080e-02
2.2533e-02
1.9664e-02
1.6737e-02
1.0697e-02
1.4601e-03
-7.2135e-03
-1.4813e-02
-2.1594e-02
-2.6433e-02
-3.3184e-02
-3.9468e-02
-4.2407e-02
-4.4454e-02
-4.7858e-02
-5.1416e-02
-5.2918e-02
-4.8770e-02
-3.5701e-02
-1.7546e-02
-3.0524e-03
1.0192e-02
2.7102e-02
5.0573e-02
7.5806e-02
9.4147e-02
9.9310e-02
9.4416e-02
8.8801e-02
8.5294e-02
8.2102e-02
7.7423e-02
7.0402e-02
6.2651e-02
5.5587e-02
4.7730e-02
3.9291e-02
3.0396e-02
2.0413e-02
1.1080e-02
5.1113e-04
-1.6812e-02
-3.6807e-02
-5.3884e-02
-6.4670e-02
-7.2244e-02
-7.8963e-02
-8.3149e-02
-8.6191e-02
-8.9253e-02
-9.1281e-02
-9.2112e-02
-9.2348e-02
-9.2359e-02
-9.2303e-02
-9.1658e-02
-9.0300e-02
-8.7627e-02
-8.1736e-02
-7.1573e-02
-5.9762e-02
-5.1318e-02
-4.3285e-02
-3.1683e-02
-2.0626e-02
-1.0101e-02
-2.7799e-03
2.5024e-03
5.9186e-03
6.7406e-03
6.8639e-03
8.3240e-03
1.1397e-02
1.6721e-02
2.2130e-02
2.5966e-02
3.0255e-02
3.3938e-02
4.0247e-02
4.9469e-02
5.8639e-02
6.7016e-02
7.3960e-02
7.5570e-02
6.9774e-02
6.0494e-02
5.0401e-02
4.3036e-02
3.9252e-02
3.3355e-02
2.4620e-02
1.4031e-02
9.5495e-04
-1.1040e-02
-1.4427e-02
-1.3570e-02
-1.0570e-02
-2.3032e-03
9.8414e-03
1.8243e-02
2.3882e-02
2.7909e-02
3.1620e-02
4.0425e-02
4.8353e-02
4.9335e-02
4.4793e-02
3.5535e-02
2.2437e-02
8.8667e-03
-7.9746e-03
-1.4844e-02
-1.7816e-02
-2.5101e-02
-3.6282e-02
-5.1221e-02
-6.0594e-02
-6.2414e-02
-6.3464e-02
-6.0896e-02
-5.6243e-02
-5.0706e-02
-4.5365e-02
-3.6571e-02
-2.7931e-02
-1.4461e-02
-3.1343e-03
3.5764e-03
1.3760e-02
2.3315e-02
2.9273e-02
3.3764e-02
3.8247e-02
3.7980e-02
3.6263e-02
3.3039e-02
2.6268e-02
1.5894e-02
6.8546e-03
7.5084e-04
-2.9746e-03
1.0132e-03
7.6585e-03
1.3593e-02
1.5368e-02
1.7067e-02
1.8987e-02
2.2021e-02
2.4037e-02
2.3393e-02
2.1105e-02
1.7604e-02
1.3543e-02
8.3387e-03
2.6772e-03
-1.5839e-04
-2.2853e-03
-5.3750e-03
-7.0393e-03
-8.1843e-03
-7.1043e-03
-3.8224e-03
1.1310e-04
2.9445e-03
5.6717e-03
7.6604e-03
8.7452e-03
1.0559e-02
1.1977e-02
1.1983e-02
1.1717e-02
1.1538e-02
1.2261e-02
1.3614e-02
1.5466e-02
1.8129e-02
2.0682e-02
2.2204e-02
2.3512e-02
2.3908e-02
2.3045e-02
2.2497e-02
2.2732e-02
2.2732e-02
2.2497e-02
2.2527e-02
2.2731e-02
2.3101e-02
2.3382e-02
2.3007e-02
2.1347e-02
1.8513e-02
1.5607e-02
1.2870e-02
9.6883e-03
6.9144e-03
4.5354e-03
1.4720e-03
-1.4544e-03
-3.3805e-03
-5.8827e-03
-8.8660e-03
-1.1382e-02
-1.3327e-02
-1.4913e-02
-1.6881e-02
-1.8373e-02
-1.8576e-02
-1.8052e-02
-1.6700e-02
-1.4569e-02
-1.2498e-02
-1.1210e-02
-9.6182e-03
-7.5538e-03
-5.7088e-03
-4.2749e-03
-4.6216e-03
-7.0657e-03
-1.0800e-02
-1.4476e-02
-1.8656e-02
-2.3503e-02
-2.4703e-02
-2.2800e-02
-2.1047e-02
-2.0843e-02
-2.1990e-02
-2.3602e-02
-2.5313e-02
-2.6743e-02
-2.7831e-02
-2.9638e-02
-3.1962e-02
-3.3958e-02
-3.6466e-02
-3.9949e-02
-4.2563e-02
-4.3803e-02
-4.4044e-02
-4.3104e-02
-4.1133e-02
-3.8906e-02
-3.5668e-02
-3.1022e-02
-2.6573e-02
-2.1767e-02
-1.5093e-02
-6.4941e-03
2.2907e-03
9.3522e-03
1.7201e-02
2.3493e-02
2.6029e-02
2.8770e-02
3.1294e-02
3.1868e-02
3.1946e-02
3.2391e-02
3.3050e-02
3.3246e-02
3.2851e-02
3.1230e-02
2.8094e-02
2.3519e-02
1.6782e-02
1.1874e-02
1.0427e-02
9.6714e-03
8.9420e-03
8.8509e-03
9.5012e-03
1.0890e-02
1.3623e-02
1.6534e-02
1.7405e-02
1.6996e-02
1.5438e-02
1.3421e-02
1.1092e-02
8.0532e-03
5.6617e-03
2.9792e-03
-4.9291e-04
-3.4892e-03
-7.1140e-03
-1.1043e-02
-1.6895e-02
-2.3163e-02
-2.8008e-02
-3.3522e-02
-3.8165e-02
-4.0948e-02
-4.2360e-02
-4.4130e-02
-4.5141e-02
-4.4119e-02
-4.1010e-02
-3.4546e-02
-2.6280e-02
-1.9456e-02
-1.1990e-02
-1.4473e-03
4.4949e-03
1.0035e-02
1.7932e-02
2.2498e-02
2.7631e-02
2.8983e-02
2.9325e-02
2.8997e-02
2.6694e-02
2.3037e-02
1.8721e-02
1.5790e-02
1.1218e-02
4.3945e-03
-2.8629e-03
-8.7861e-03
-1.1712e-02
-1.4287e-02
-1.5045e-02
-1.3296e-02
-9.7141e-03
-5.1019e-03
-3.9087e-03
-3.6610e-03
-2.6425e-03
-2.4509e-03
-1.9606e-03
-1.3688e-03
-1.8931e-03
-3.0294e-03
-4.0047e-03
-5.6858e-03
-7.3206e-03
-7.6744e-03
-7.8295e-03
-8.1003e-03
-7.6879e-03
-6.3862e-03
-4.3626e-03
-1.6756e-03
2.4778e-03
6.3846e-03
9.5055e-03
1.2107e-02
1.4067e-02
1.9212e-02
2.5117e-02
2.5265e-02
2.5517e-02
2.6499e-02
2.7783e-02
2.9349e-02
3.0212e-02
3.0846e-02
3.1191e-02
3.1013e-02
3.0883e-02
3.0825e-02
2.9886e-02
2.7878e-02
2.4888e-02
2.1292e-02
1.6901e-02
1.2788e-02
7.7345e-03
1.9706e-03
-2.5215e-03
-7.5825e-03
-1.2803e-02
-1.6210e-02
-1.8965e-02
-1.9828e-02
-1.8880e-02
-1.7415e-02
-1.5325e-02
-1.3050e-02
-1.1099e-02
-8.6424e-03
-5.0886e-03
-2.2392e-03
-1.1164e-03
-7.3944e-04
-1.0912e-03
-2.0361e-03
-2.7357e-03
-3.1130e-03
-3.4006e-03
-3.4439e-03
-3.1726e-03
-2.9461e-03
-2.8918e-03
-3.6933e-03
-5.3771e-03
-6.8238e-03
-7.8001e-03
-8.8993e-03
-9.5311e-03
-9.5322e-03
-9.3233e-03
-8.8206e-03
-7.9401e-03
-7.0055e-03
-5.9646e-03
-4.6059e-03
-3.2836e-03
-2.0737e-03
-5.3034e-04
9.4177e-04
2.3722e-03
3.3817e-03
4.0349e-03
4.6399e-03
4.5864e-03
3.5533e-03
1.7848e-03
1.3311e-04
-1.4718e-03
-3.2067e-03
-4.8166e-03
-6.3267e-03
-7.2316e-03
-7.8155e-03
-8.5304e-03
-8.6059e-03
-7.8427e-03
-6.5083e-03
-4.4390e-03
-1.0603e-03
2.7625e-03
5.5986e-03
9.1105e-03
1.1846e-02
1.4223e-02
1.6555e-02
1.7772e-02
1.9017e-02
2.0632e-02
2.1309e-02
2.1807e-02
2.1802e-02
2.0851e-02
1.9515e-02
1.8973e-02
1.8268e-02
1.7699e-02
1.7823e-02
1.7842e-02
1.7898e-02
1.8357e-02
1.9041e-02
1.9958e-02
2.0872e-02
2.1797e-02
2.2253e-02
2.2277e-02
2.1509e-02
2.0056e-02
1.8107e-02
1.6134e-02
1.4466e-02
1.3027e-02
1.1847e-02
1.0551e-02
8.9045e-03
6.5471e-03
4.8421e-03
2.2903e-03
-6.7356e-04
-4.2381e-03
-9.1919e-03
-1.2996e-02
-1.8539e-02
-2.3774e-02
-2.6713e-02
-3.0952e-02
-3.4339e-02
-3.6066e-02
-3.7850e-02
-3.8679e-02
-3.9233e-02
-3.9087e-02
-3.8732e-02
-3.8039e-02
-3.6682e-02
-3.4931e-02
-3.2194e-02
-2.8735e-02
-2.5802e-02
-2.2397e-02
-1.8984e-02
-1.6131e-02
-1.2913e-02
-1.1225e-02
-1.0391e-02
-9.8143e-03
-1.0389e-02
-1.2241e-02
-1.5218e-02
-1.7887e-02
-1.9788e-02
-2.0521e-02
-2.1318e-02
-2.1410e-02
-2.0187e-02
-1.7295e-02
-1.3359e-02
-9.9675e-03
-6.4871e-03
-2.5057e-03
3.1469e-04
2.2570e-03
3.2373e-03
3.4721e-03
2.7600e-03
1.1955e-03
-1.7286e-03
-5.7191e-03
-9.0831e-03
-1.2448e-02
-1.4847e-02
-1.5364e-02
-1.6144e-02
-1.6536e-02
-1.5990e-02
-1.5159e-02
-1.4262e-02
-1.2591e-02
-1.0526e-02
-8.6241e-03
-6.6046e-03
-4.9657e-03
-3.7398e-03
-1.8973e-03
-3.3919e-06
1.2231e-03
2.3725e-03
3.6466e-03
5.1842e-03
6.7889e-03
8.5214e-03
1.0387e-02
1.1859e-02
1.3304e-02
1.5075e-02
1.6331e-02
1.6456e-02
1.5534e-02
1.3605e-02
1.0861e-02
7.7884e-03
4.8820e-03
1.5710e-03
-1.8360e-03
-4.6171e-03
-7.1785e-03
-8.7190e-03
-8.5780e-03
-7.5604e-03
-5.5614e-03
-2.7188e-03
4.0696e-04
3.8483e-03
7.4276e-03
1.0109e-02
1.2930e-02
1.6026e-02
1.8261e-02
1.9850e-02
2.1063e-02
2.2504e-02
2.3875e-02
2.4555e-02
2.5001e-02
2.5177e-02
2.4710e-02
2.3778e-02
2.2369e-02
2.1128e-02
2.0067e-02
1.9259e-02
1.8218e-02
1.6720e-02
1.5373e-02
1.3776e-02
1.1895e-02
1.0565e-02
8.6957e-03
5.8730e-03
2.8943e-03
-4.3883e-04
-5.0905e-03
-9.5488e-03
-1.3547e-02
-1.7521e-02
-2.1818e-02
-2.6458e-02
-2.9086e-02
-2.9455e-02
-2.9068e-02
-2.7764e-02
-2.5940e-02
-2.3063e-02
-2.0246e-02
-1.6740e-02
-1.3769e-02
-1.0314e-02
-6.4456e-03
-4.5388e-03
-2.3734e-03
-2.8867e-04
4.2589e-04
4.4430e-04
-2.2505e-04
-1.7491e-03
-4.3141e-03
-7.2550e-03
-1.0648e-02
-1.4750e-02
-1.7976e-02
-2.0439e-02
-2.2940e-02
-2.3452e-02
-2.1458e-02
-1.7552e-02
-1.2887e-02
-7.2219e-03
-2.3311e-03
2.0247e-03
8.4482e-03
1.3200e-02
1.8129e-02
2.2496e-02
2.4193e-02
2.4814e-02
2.4235e-02
2.1924e-02
1.8421e-02
1.5401e-02
1.3207e-02
1.1712e-02
1.1131e-02
1.1123e-02
1.2064e-02
1.4000e-02
1.7544e-02
2.1871e-02
2.3689e-02
2.7315e-02
3.1912e-02
3.4575e-02
3.6396e-02
3.6382e-02
3.6752e-02
3.6815e-02
3.6495e-02
3.6007e-02
3.4932e-02
3.3251e-02
3.0739e-02
2.7316e-02
2.3782e-02
1.9133e-02
1.6380e-02
1.3645e-02
9.9939e-03
8.0486e-03
5.7939e-03
3.2184e-03
2.2857e-03
1.5841e-03
9.3696e-04
1.0559e-03
1.2190e-03
1.7882e-03
2.5800e-03
3.4532e-03
3.8062e-03
4.7206e-03
5.7626e-03
5.9050e-03
4.9172e-03
2.6199e-03
7.0200e-05
-2.1838e-03
-3.2715e-03
-4.5977e-03
-6.7140e-03
-8.6725e-03
-1.0815e-02
-1.3476e-02
-1.4807e-02
-1.6002e-02
-1.7611e-02
-1.7611e-02
-1.6033e-02
-1.4158e-02
-1.1692e-02
-8.5651e-03
-6.4795e-03
-2.6167e-03
1.2482e-03
3.9098e-03
7.2188e-03
1.0773e-02
1.2376e-02
1.2670e-02
1.1898e-02
9.9830e-03
6.5627e-03
1.9510e-03
-4.7361e-03
-1.4069e-02
-1.9429e-02
-2.2646e-02
-2.7369e-02
-2.9218e-02
-3.0440e-02
-3.2006e-02
-3.1940e-02
-3.0854e-02
-2.8427e-02
-2.4610e-02
-1.9935e-02
-1.7138e-02
-1.2159e-02
-7.4718e-03
-4.1770e-03
-9.7572e-04
2.8462e-03
4.8909e-03
6.3907e-03
7.1508e-03
6.8169e-03
5.6906e-03
4.3389e-03
2.1591e-03
6.8623e-06
-6.3080e-04
-1.4574e-03
-2.6874e-03
-3.5101e-03
-4.6990e-03
-5.3015e-03
-5.4200e-03
-5.1060e-03
-4.1498e-03
-2.6241e-03
-8.8839e-04
1.4993e-04
1.7865e-03
4.3297e-03
6.6519e-03
7.6604e-03
8.0631e-03
9.2025e-03
1.0961e-02
1.2135e-02
1.2596e-02
1.2509e-02
1.1707e-02
1.0340e-02
7.8654e-03
4.9627e-03
1.9337e-03
2.4624e-04
-5.9468e-04
-1.5174e-03
-1.4303e-03
-7.2010e-04
5.1434e-04
1.7575e-03
3.6351e-03
5.5312e-03
7.1726e-03
8.7394e-03
1.0371e-02
1.1216e-02
1.1283e-02
1.0331e-02
8.6637e-03
5.9180e-03
2.7429e-03
-1.0469e-03
-5.6033e-03
-8.3541e-03
-1.0576e-02
-1.3324e-02
-1.5045e-02
-1.6580e-02
-1.7425e-02
-1.7705e-02
-1.7628e-02
-1.7107e-02
-1.6580e-02
-1.5400e-02
-1.4008e-02
-1.2139e-02
-9.6354e-03
-7.3735e-03
-5.3941e-03
-4.3499e-03
-3.4595e-03
-2.2956e-03
-2.0348e-03
-2.4928e-03
-3.3139e-03
-4.4507e-03
-6.0568e-03
-8.0125e-03
-9.3763e-03
-1.0080e-02
-1.0498e-02
-1.0997e-02
-1.1542e-02
-1.1904e-02
-1.2218e-02
-1.2543e-02
-1.2571e-02
-1.2518e-02
-1.2572e-02
-1.2510e-02
-1.2072e-02
-1.1341e-02
-1.0243e-02
-9.0083e-03
-8.0388e-03
-6.8988e-03
-5.3523e-03
-4.2363e-03
-3.1542e-03
-1.6308e-03
-5.7723e-04
-1.1325e-04
7.4105e-04
1.9632e-03
2.8069e-03
3.2164e-03
4.1918e-03
6.0799e-03
8.1681e-03
9.8430e-03
1.1592e-02
1.3193e-02
1.4305e-02
1.5693e-02
1.6845e-02
1.7321e-02
1.7582e-02
1.7289e-02
1.6588e-02
1.5561e-02
1.4326e-02
1.2601e-02
1.1101e-02
1.0077e-02
8.6772e-03
7.5260e-03
6.8876e-03
6.6082e-03
6.4372e-03
6.1737e-03
6.1480e-03
6.1167e-03
6.1591e-03
6.3797e-03
6.6025e-03
6.5949e-03
6.5289e-03
6.5905e-03
6.6143e-03
6.2932e-03
5.5302e-03
4.6364e-03
3.9007e-03
3.0380e-03
2.1237e-03
1.2962e-03
2.5417e-04
-3.0457e-04
-5.5973e-04
-1.4170e-03
-1.9937e-03
-2.7188e-03
-3.4983e-03
-3.8484e-03
-4.2310e-03
-4.5826e-03
-4.8455e-03
-5.1908e-03
-5.4622e-03
-5.6825e-03
-6.2808e-03
-6.8401e-03
-7.2953e-03
-7.6510e-03
-7.7415e-03
-7.7389e-03
-8.0889e-03
-8.3900e-03
-7.9871e-03
-7.3566e-03
-6.4816e-03
-4.7473e-03
-2.3891e-03
1.6037e-05
2.6422e-03
4.6517e-03
7.2099e-03
9.2400e-03
1.0017e-02
1.0848e-02
1.1354e-02
1.0610e-02
8.7838e-03
6.3678e-03
4.0656e-03
1.8524e-03
5.4662e-04
-7.8841e-04
-2.3910e-03
-3.3476e-03
-4.2316e-03
-5.4422e-03
-6.1873e-03
-6.9060e-03
-8.2327e-03
-9.2924e-03
-1.0931e-02
-1.1704e-02
-1.2965e-02
-1.4967e-02
-1.6385e-02
-1.8258e-02
-2.0404e-02
-2.1554e-02
-2.2845e-02
-2.4216e-02
-2.5111e-02
-2.5676e-02
-2.5397e-02
-2.4707e-02
-2.3232e-02
-2.1933e-02
-1.9951e-02
-1.8135e-02
-1.6587e-02
-1.4819e-02
-1.2476e-02
-1.0748e-02
-9.0347e-03
-7.6975e-03
-6.7261e-03
-5.6564e-03
-5.3318e-03
-4.6551e-03
-3.6902e-03
-2.9735e-03
-1.7225e-03
-4.7069e-04
5.5063e-04
2.5332e-03
5.0853e-03
7.3132e-03
9.9578e-03
1.2217e-02
1.4865e-02
1.7936e-02
2.0171e-02
2.1495e-02
2.2766e-02
2.2212e-02
2.0476e-02
1.8882e-02
1.7326e-02
1.5648e-02
1.4947e-02
1.4378e-02
1.3080e-02
1.2496e-02
1.1407e-02
1.0012e-02
8.8700e-03
7.3479e-03
5.7609e-03
4.5722e-03
3.5321e-03
2.8315e-03
1.9996e-03
1.2293e-03
1.0581e-03
9.7755e-04
8.5961e-04
8.0183e-04
1.1568e-03
2.1278e-03
2.9794e-03
3.9420e-03
4.5174e-03
5.5826e-03
6.9300e-03
7.9389e-03
9.2666e-03
1.0741e-02
1.1087e-02
1.1179e-02
1.1021e-02
1.0292e-02
9.1137e-03
7.6663e-03
5.7206e-03
3.8191e-03
2.9955e-03
2.8523e-03
2.5833e-03
2.4448e-03
2.3949e-03
2.3408e-03
2.1075e-03
1.3982e-03
4.8847e-04
-5.2715e-04
-2.0676e-03
-2.9904e-03
-4.0949e-03
-5.7239e-03
-6.9646e-03
-8.7631e-03
-1.0679e-02
-1.1637e-02
-1.3119e-02
-1.5152e-02
-1.6856e-02
-1.8292e-02
-1.8935e-02
-1.9480e-02
-2.0193e-02
-2.0217e-02
-1.9971e-02
-1.9521e-02
-1.8830e-02
-1.7587e-02
-1.5459e-02
-1.3561e-02
-1.2117e-02
-1.0632e-02
-8.4150e-03
-6.0535e-03
-4.3375e-03
-2.7103e-03
-7.8269e-04
4.7662e-04
2.0661e-03
4.0866e-03
5.5294e-03
6.5875e-03
7.4256e-03
8.0743e-03
8.7681e-03
9.0988e-03
9.1506e-03
8.8216e-03
8.3088e-03
7.6769e-03
6.4707e-03
5.0740e-03
4.0403e-03
3.6214e-03
3.3206e-03
2.9496e-03
2.8109e-03
2.6421e-03
2.3651e-03
2.4451e-03
2.5222e-03
2.3250e-03
2.0898e-03
1.6311e-03
1.0759e-03
6.1906e-04
1.9230e-04
-3.3093e-04
-1.4618e-03
-2.8669e-03
-3.6816e-03
-4.1608e-03
-4.8732e-03
-5.3598e-03
-5.4345e-03
-5.4876e-03
-5.2893e-03
-4.8038e-03
-4.2223e-03
-3.4238e-03
-2.5137e-03
-1.8343e-03
-8.5868e-04
4.1626e-04
1.3342e-03
2.3238e-03
3.5768e-03
4.9593e-03
6.4711e-03
7.4021e-03
7.9273e-03
8.2784e-03
8.0112e-03
7.3131e-03
6.3271e-03
5.0941e-03
3.6724e-03
2.0857e-03
6.1882e-04
-3.5077e-04
-9.9332e-04
-1.5233e-03
-2.1986e-03
-2.2814e-03
-1.7281e-03
-1.0111e-03
1.6973e-04
1.4902e-03
3.1418e-03
4.9705e-03
6.3875e-03
6.9442e-03
6.6179e-03
6.3870e-03
6.4337e-03
6.5308e-03
6.3975e-03
6.0106e-03
5.7930e-03
6.0190e-03
6.7497e-03
7.8431e-03
9.1362e-03
1.0549e-02
1.2245e-02
1.3849e-02
1.5185e-02
1.6340e-02
1.6970e-02
1.7389e-02
1.8104e-02
1.8567e-02
1.8440e-02
1.7954e-02
1.7296e-02
1.6625e-02
1.6112e-02
1.5642e-02
1.4705e-02
1.3537e-02
1.2288e-02
1.0836e-02
9.6513e-03
8.5188e-03
7.2024e-03
5.9551e-03
4.8917e-03
4.0605e-03
3.4452e-03
2.7905e-03
2.3375e-03
1.8370e-03
1.2919e-03
7.6843e-04
2.9821e-04
-1.8935e-05
-1.8753e-04
-5.3655e-04
-1.1729e-03
-1.6668e-03
-2.0335e-03
-2.4659e-03
-3.1957e-03
-4.3551e-03
-5.5443e-03
-6.7360e-03
-8.6971e-03
-1.1117e-02
-1.3415e-02
-1.5281e-02
-1.6708e-02
-1.8087e-02
-1.8742e-02
-1.9007e-02
-1.9238e-02
-1.9185e-02
-1.8839e-02
-1.8350e-02
-1.8239e-02
-1.8150e-02
-1.7943e-02
-1.7731e-02
-1.7224e-02
-1.6834e-02
-1.6561e-02
-1.5581e-02
-1.4474e-02
-1.3322e-02
-1.1867e-02
-1.0644e-02
-9.6537e-03
-7.9685e-03
-5.9780e-03
-4.4618e-03
-3.2127e-03
-2.4777e-03
-1.5654e-03
-7.8378e-04
-3.9960e-04
-1.8556e-04
-2.8371e-04
-6.4114e-04
-1.4364e-03
-2.3165e-03
-3.1462e-03
-4.0587e-03
-4.3251e-03
-4.8250e-03
-5.4262e-03
-5.7759e-03
-6.2397e-03
-6.5042e-03
-6.6808e-03
-6.9625e-03
-6.8103e-03
-6.5268e-03
-6.2650e-03
-6.0695e-03
-5.5250e-03
-5.0645e-03
-4.7430e-03
-4.2580e-03
-3.5288e-03
-2.9178e-03
-2.1172e-03
-1.0087e-03
-5.2277e-04
1.8926e-04
1.0259e-03
2.0718e-03
2.6868e-03
3.0118e-03
3.7133e-03
4.2978e-03
4.4947e-03
5.0599e-03
5.6089e-03
5.9204e-03
6.0962e-03
6.4419e-03
7.0147e-03
7.2910e-03
7.3875e-03
7.5722e-03
7.8716e-03
7.9392e-03
7.5719e-03
7.3119e-03
7.0174e-03
6.2509e-03
5.3992e-03
4.6684e-03
4.1469e-03
3.6669e-03
2.8990e-03
2.1900e-03
1.6354e-03
8.8140e-04
3.8620e-04
3.1321e-04
-6.4609e-05
-6.6203e-04
-6.8469e-04
-1.2887e-04
5.7838e-04
1.3623e-03
2.1911e-03
2.8891e-03
3.7814e-03
4.7634e-03
5.6987e-03
6.8557e-03
7.3445e-03
7.6791e-03
8.0437e-03
8.3424e-03
8.4607e-03
8.2177e-03
7.7709e-03
7.4648e-03
7.3878e-03
6.9768e-03
6.3676e-03
5.9616e-03
5.8050e-03
5.6749e-03
5.4290e-03
5.0868e-03
5.1917e-03
5.7594e-03
6.2308e-03
6.5955e-03
7.3344e-03
8.6416e-03
9.8874e-03
1.0972e-02
1.1966e-02
1.3046e-02
1.4211e-02
1.4784e-02
1.5031e-02
1.5211e-02
1.5164e-02
1.4851e-02
1.3933e-02
1.2716e-02
1.1609e-02
1.0655e-02
9.3621e-03
7.5886e-03
6.4158e-03
5.0524e-03
3.4937e-03
2.1223e-03
7.0495e-04
-5.0914e-04
-1.3711e-03
-2.4435e-03
-3.8636e-03
-5.3124e-03
-7.0866e-03
-8.3086e-03
-9.2305e-03
-1.0464e-02
-1.1519e-02
-1.2725e-02
-1.4034e-02
-1.4738e-02
-1.5254e-02
-1.6140e-02
-1.6805e-02
-1.7248e-02
-1.7182e-02
-1.6838e-02
-1.6049e-02
-1.5028e-02
-1.3706e-02
-1.1961e-02
-1.0673e-02
-9.4808e-03
-8.0442e-03
-6.8932e-03
-5.6526e-03
-4.6663e-03
-3.7361e-03
-2.7980e-03
-2.0264e-03
-1.2010e-03
1.9447e-04
1.4045e-03
2.5905e-03
3.5692e-03
4.5549e-03
5.2792e-03
5.2773e-03
5.6114e-03
6.0407e-03
6.0782e-03
6.4070e-03
6.8207e-03
7.1190e-03
7.1105e-03
7.2424e-03
7.0803e-03
6.6960e-03
6.4017e-03
6.0505e-03
5.1265e-03
4.7650e-03
4.3956e-03
3.8142e-03
3.3279e-03
3.1425e-03
3.3178e-03
3.1408e-03
2.7346e-03
2.5878e-03
2.7334e-03
2.7749e-03
2.7112e-03
2.5446e-03
2.3236e-03
2.2199e-03
1.7865e-03
5.5729e-04
-3.9199e-04
-1.4220e-03
-2.9930e-03
-4.7632e-03
-6.6192e-03
-7.8541e-03
-8.6861e-03
-9.5420e-03
-9.9865e-03
-1.0848e-02
-1.1766e-02
-1.2059e-02
-1.2099e-02
-1.2012e-02
-1.2106e-02
-1.2230e-02
-1.2150e-02
-1.1821e-02
-1.1543e-02
-1.1795e-02
-1.2144e-02
-1.2345e-02
-1.2179e-02
-1.2127e-02
-1.2109e-02
-1.1884e-02
-1.1584e-02
-1.1399e-02
-1.0909e-02
-1.0350e-02
-9.4655e-03
-8.1313e-03
-6.9998e-03
-6.1772e-03
-4.8416e-03
-3.1643e-03
-1.7996e-03
-4.6001e-04
5.7304e-04
1.6781e-03
2.6187e-03
2.8879e-03
3.3372e-03
3.8195e-03
4.0166e-03
3.9361e-03
3.5178e-03
2.8653e-03
2.0662e-03
1.4344e-03
4.7297e-04
-2.5451e-04
-4.1746e-04
-9.4728e-04
-1.6778e-03
-2.1682e-03
-2.5647e-03
-2.8438e-03
-3.0016e-03
-3.0564e-03
-2.9801e-03
-2.8456e-03
-2.6943e-03
-2.4731e-03
-1.8340e-03
-9.4742e-04
-1.5009e-04
7.0097e-04
1.2048e-03
1.5309e-03
2.0542e-03
2.6359e-03
3.1242e-03
3.4598e-03
3.7582e-03
4.3630e-03
5.0881e-03
5.5669e-03
6.3898e-03
7.4818e-03
8.5445e-03
9.6672e-03
1.0659e-02
1.1626e-02
1.2830e-02
1.3802e-02
1.4594e-02
1.5158e-02
1.5412e-02
1.5507e-02
1.5515e-02
1.5263e-02
1.4564e-02
1.4027e-02
1.3590e-02
1.3268e-02
1.3137e-02
1.2748e-02
1.2367e-02
1.2255e-02
1.2310e-02
1.2331e-02
1.2150e-02
1.1785e-02
1.1431e-02
1.0808e-02
1.0051e-02
8.8698e-03
7.1281e-03
5.6258e-03
4.0498e-03
1.8431e-03
-2.5601e-04
-2.0377e-03
-3.7269e-03
-5.2004e-03
-6.6611e-03
-8.0417e-03
-8.9232e-03
-9.2920e-03
-9.3589e-03
-9.0991e-03
-8.6304e-03
-8.1498e-03
-7.7208e-03
-7.4914e-03
-7.4101e-03
-7.1081e-03
-6.9960e-03
-7.0014e-03
-6.9899e-03
-7.2372e-03
-7.8469e-03
-8.3426e-03
-8.6168e-03
-9.4966e-03
-1.0740e-02
-1.1156e-02
-1.1435e-02
-1.1745e-02
-1.1712e-02
-1.1582e-02
-1.1341e-02
-1.1015e-02
-9.9764e-03
-8.8942e-03
-7.9464e-03
-7.0288e-03
-6.3295e-03
-5.3722e-03
-4.2604e-03
-3.1778e-03
-2.3819e-03
-2.1465e-03
-1.6982e-03
-1.1304e-03
-6.9944e-04
-2.6057e-04
4.4093e-04
8.9246e-04
1.5119e-03
2.3889e-03
3.0442e-03
4.0897e-03
4.7901e-03
5.0582e-03
5.5679e-03
6.1425e-03
6.4351e-03
6.3029e-03
6.0693e-03
5.4298e-03
4.4981e-03
3.2067e-03
1.8057e-03
6.2376e-04
-7.3248e-04
-2.3016e-03
-3.1671e-03
-4.1057e-03
-5.0905e-03
-5.2372e-03
-5.3821e-03
-5.5857e-03
-5.5321e-03
-5.2830e-03
-4.9827e-03
-4.8807e-03
-4.6136e-03
-4.3592e-03
-3.8366e-03
-3.4115e-03
-2.9185e-03
-2.0739e-03
-1.3210e-03
-7.4210e-04
1.6709e-04
1.3248e-03
2.3538e-03
3.2243e-03
4.0014e-03
5.3433e-03
6.7388e-03
7.8641e-03
9.1565e-03
1.0071e-02
1.0398e-02
1.0752e-02
1.1189e-02
1.1463e-02
1.1630e-02
1.1550e-02
1.1541e-02
1.1623e-02
1.1637e-02
1.1467e-02
1.1111e-02
1.0898e-02
1.0697e-02
1.0520e-02
1.0155e-02
9.5677e-03
8.7405e-03
7.5912e-03
6.7487e-03
5.9592e-03
4.8761e-03
4.2351e-03
3.7229e-03
3.0321e-03
2.8191e-03
2.8080e-03
2.7218e-03
2.5990e-03
2.3579e-03
2.1468e-03
1.8284e-03
1.6832e-03
1.4095e-03
1.1807e-03
7.5470e-04
4.1935e-04
5.7655e-07
-1.1783e-03
-2.1481e-03
-3.0447e-03
-3.8075e-03
-4.7510e-03
-5.7481e-03
-6.5510e-03
-7.2734e-03
-8.1511e-03
-8.5312e-03
-8.9697e-03
-9.4163e-03
-9.5839e-03
-9.6805e-03
-9.6586e-03
-9.7414e-03
-9.7640e-03
-9.4915e-03
-8.9557e-03
-8.7911e-03
-8.7906e-03
-8.8993e-03
-8.8679e-03
-8.6063e-03
-8.2305e-03
-8.1783e-03
-8.3544e-03
-8.3912e-03
-8.2117e-03
-7.7271e-03
-7.1345e-03
-6.8485e-03
-6.2779e-03
-5.6720e-03
-5.2404e-03
-4.7637e-03
-4.5015e-03
-3.6131e-03
-2.8709e-03
-2.8417e-03
-2.6493e-03
-2.0148e-03
-1.7038e-03
-1.5863e-03
-1.2929e-03
-9.1776e-04
-4.3814e-04
-2.3063e-04
-5.2443e-05
1.4487e-04
1.0320e-04
1.2797e-05
-2.4969e-04
-6.2208e-04
-1.0410e-03
-1.4059e-03
-1.7274e-03
-2.6107e-03
-3.4219e-03
-3.9137e-03
-4.2584e-03
-4.5911e-03
-5.0323e-03
-5.0690e-03
-4.8324e-03
-4.5628e-03
-4.4068e-03
-4.0514e-03
-3.4913e-03
-2.9912e-03
-2.5471e-03
-2.2414e-03
-2.0897e-03
-1.8413e-03
-1.6626e-03
-1.4534e-03
-1.0748e-03
-7.7472e-04
-7.3905e-04
-6.2817e-04
-3.2794e-04
-4.1569e-04
-5.0836e-04
-8.0089e-04
-8.9540e-04
-1.0792e-03
-1.2700e-03
-1.2583e-03
-1.1930e-03
-9.8200e-04
-6.9553e-04
-7.7322e-04
-7.0929e-04
-2.6329e-04
2.2502e-04
1.0257e-03
1.4060e-03
2.4004e-03
3.8398e-03
4.5116e-03
5.3183e-03
6.6159e-03
7.4247e-03
7.7554e-03
7.9486e-03
8.3257e-03
8.5331e-03
8.8978e-03
8.9844e-03
9.2324e-03
9.4006e-03
9.3229e-03
9.3156e-03
9.1819e-03
8.9022e-03
8.7935e-03
8.8169e-03
8.6223e-03
8.4733e-03
8.1837e-03
7.9828e-03
7.8521e-03
7.6339e-03
7.3687e-03
7.5096e-03
7.5622e-03
7.4089e-03
7.1040e-03
6.8838e-03
6.9790e-03
6.7199e-03
6.2396e-03
6.0122e-03
5.6652e-03
5.2210e-03
4.8880e-03
4.3945e-03
3.6860e-03
3.2316e-03
2.6984e-03
2.0964e-03
1.3246e-03
7.8881e-04
5.9954e-04
1.1899e-04
-3.2931e-04
-3.8222e-04
-5.9307e-04
-7.0795e-04
-6.7424e-04
-5.6655e-04
-2.8385e-04
-2.6801e-05
1.4395e-04
3.9782e-04
6.3234e-04
8.9561e-04
1.1399e-03
1.2274e-03
1.1472e-03
1.1949e-03
1.2714e-03
1.1204e-03
6.0175e-04
3.4153e-05
-3.6004e-04
-5.9701e-04
-7.7584e-04
-1.2374e-03
-1.6491e-03
-1.6255e-03
-1.6470e-03
-1.9466e-03
-2.0857e-03
-1.8136e-03
-1.5568e-03
-1.5305e-03
-1.3728e-03
-1.1912e-03
-1.0069e-03
-5.5245e-04
-2.9616e-04
-2.1009e-04
-2.2837e-04
-2.7359e-04
-4.8076e-04
-7.8966e-04
-6.2638e-04
-3.5780e-04
-2.9315e-04
-7.1504e-05
1.5923e-04
2.3833e-04
2.1913e-04
4.3939e-04
7.9814e-04
7.3869e-04
6.6412e-04
8.3911e-04
1.0676e-03
9.9625e-04
8.4925e-04
6.7736e-04
4.8594e-04
-2.5741e-05
-3.4274e-04
-6.1301e-04
-1.3299e-03
-1.3968e-03
-1.9755e-03
-2.5102e-03
-2.8063e-03
-3.8813e-03
-5.1449e-03
-5.3222e-03
-5.6175e-03
-5.9392e-03
-5.8859e-03
-5.8709e-03
-5.6669e-03
-5.3330e-03
-5.4845e-03
-5.5457e-03
-5.5667e-03
-5.8087e-03
-6.1210e-03
-6.2580e-03
-6.5609e-03
-6.7623e-03
-6.9810e-03
-6.8802e-03
-6.8508e-03
-6.9385e-03
-6.9531e-03
-6.8022e-03
-6.4263e-03
-5.9939e-03
-5.5684e-03
-5.4091e-03
-5.2931e-03
-4.9184e-03
-4.6926e-03
-4.4888e-03
-4.5756e-03
-4.4446e-03
-4.0454e-03
-3.7034e-03
-3.4368e-03
-3.1836e-03
-2.6712e-03
-2.5089e-03
-2.4071e-03
-2.2491e-03
-2.5469e-03
-3.1651e-03
-3.8683e-03
-4.9188e-03
-5.8798e-03
-6.4556e-03
-7.2027e-03
-7.8744e-03
-8.3150e-03
-8.6967e-03
-8.8072e-03
-8.7571e-03
-8.7898e-03
-8.7103e-03
-8.4515e-03
-8.3381e-03
-8.3500e-03
-7.9340e-03
-7.3114e-03
-6.8891e-03
-6.5108e-03
-5.9374e-03
-5.0378e-03
-4.0273e-03
-3.1463e-03
-2.2019e-03
-1.4413e-03
-4.4303e-04
7.8675e-04
1.4549e-03
1.9765e-03
2.4994e-03
2.7172e-03
3.0655e-03
3.4483e-03
3.5994e-03
3.5845e-03
3.5611e-03
3.5879e-03
3.5949e-03
3.6028e-03
3.7171e-03
3.9715e-03
4.1142e-03
4.0494e-03
4.1615e-03
4.6883e-03
5.2609e-03
5.6900e-03
6.1223e-03
6.5784e-03
6.9415e-03
7.1636e-03
7.4020e-03
7.3077e-03
7.2078e-03
7.4715e-03
7.4948e-03
7.1549e-03
6.6818e-03
6.0165e-03
5.4998e-03
5.4512e-03
4.7755e-03
3.7935e-03
3.4447e-03
3.3681e-03
3.2580e-03
3.2466e-03
3.2419e-03
3.1569e-03
2.9263e-03
2.6183e-03
2.6565e-03
2.5478e-03
2.2031e-03
2.1107e-03
1.7994e-03
1.2995e-03
9.6881e-04
7.3323e-04
8.1784e-04
8.5897e-04
7.7783e-04
7.2177e-04
8.0505e-04
1.0754e-03
1.3871e-03
1.8095e-03
2.2756e-03
2.3480e-03
2.5867e-03
2.8248e-03
3.2641e-03
3.5440e-03
3.6092e-03
3.5590e-03
3.5579e-03
3.6179e-03
3.6344e-03
3.6065e-03
3.5874e-03
3.7317e-03
4.0959e-03
4.4280e-03
4.6570e-03
4.7504e-03
5.3371e-03
5.8819e-03
6.3406e-03
6.8504e-03
7.2807e-03
7.4567e-03
7.3701e-03
7.6636e-03
7.9650e-03
7.5442e-03
7.3260e-03
7.2482e-03
6.8857e-03
6.7738e-03
6.4724e-03
6.4459e-03
6.1604e-03
5.8255e-03
5.6137e-03
5.5466e-03
5.6291e-03
5.4867e-03
5.1894e-03
5.0410e-03
4.8255e-03
4.2217e-03
4.0179e-03
4.1789e-03
3.9206e-03
3.4903e-03
3.3195e-03
3.0850e-03
3.0081e-03
2.7616e-03
2.6355e-03
2.7550e-03
2.8795e-03
3.0047e-03
3.0857e-03
3.3598e-03
3.5757e-03
3.6871e-03
3.8638e-03
4.2052e-03
4.4756e-03
4.9841e-03
5.2263e-03
5.2944e-03
5.5126e-03
5.5420e-03
5.8518e-03
6.1881e-03
5.9916e-03
5.6569e-03
5.2762e-03
4.9455e-03
4.4799e-03
4.2695e-03
3.4374e-03
2.6092e-03
2.2831e-03
1.8051e-03
1.2888e-03
7.6382e-04
-1.2826e-04
-7.7321e-04
-1.0926e-03
-1.5573e-03
-2.0800e-03
-2.5251e-03
-2.8164e-03
-3.0875e-03
-3.4223e-03
-3.5732e-03
-3.5917e-03
-3.8203e-03
-3.9336e-03
-4.0190e-03
-4.4106e-03
-4.6615e-03
-4.9247e-03
-5.4341e-03
-5.8669e-03
-6.3785e-03
-6.8308e-03
-7.0140e-03
-7.4410e-03
-8.0345e-03
-8.2264e-03
-8.0750e-03
-7.7766e-03
-7.7386e-03
-7.6137e-03
-7.2305e-03
-6.9159e-03
-6.9136e-03
-6.9855e-03
-6.9711e-03
-7.0647e-03
-7.3408e-03
-7.5471e-03
-7.9386e-03
-8.4996e-03
-8.9997e-03
-9.4269e-03
-9.6955e-03
-9.7842e-03
-1.0016e-02
-1.0264e-02
-1.0187e-02
-9.9171e-03
-9.7561e-03
-9.6297e-03
-9.2274e-03
-8.8360e-03
-8.6851e-03
-8.3328e-03
-7.9264e-03
-7.6112e-03
-6.9592e-03
-6.3723e-03
-5.8846e-03
-5.5429e-03
-5.4094e-03
-4.9871e-03
-4.5389e-03
-4.3161e-03
-3.9056e-03
-3.5230e-03
-3.2975e-03
-2.7635e-03
-2.5038e-03
-2.1225e-03
-1.4117e-03
-9.1132e-04
-5.1394e-04
-1.0743e-04
2.9181e-04
7.2447e-04
8.1344e-04
1.2131e-03
1.7580e-03
1.8645e-03
2.2104e-03
2.5239e-03
2.2454e-03
2.4584e-03
2.6151e-03
2.4073e-03
2.5158e-03
2.7729e-03
2.7454e-03
2.5612e-03
2.3144e-03
2.1766e-03
2.0218e-03
1.5931e-03
1.3840e-03
1.3193e-03
1.1029e-03
5.3948e-04
1.9236e-04
2.1766e-04
1.4480e-04
2.0949e-04
2.9613e-04
2.6066e-04
6.3857e-04
1.5382e-03
2.0431e-03
2.5819e-03
3.3482e-03
3.8028e-03
4.3021e-03
4.9475e-03
5.3661e-03
5.4340e-03
5.2650e-03
5.5671e-03
5.5843e-03
5.3063e-03
4.9361e-03
4.8756e-03
4.5884e-03
4.3776e-03
3.8104e-03
3.5190e-03
3.5277e-03
3.1686e-03
2.9476e-03
2.3773e-03
2.0841e-03
2.0629e-03
1.7198e-03
1.6354e-03
1.3481e-03
1.1944e-03
1.3037e-03
1.3090e-03
1.2639e-03
1.2354e-03
1.2531e-03
1.2898e-03
1.2630e-03
1.0258e-03
6.4017e-04
5.0228e-04
9.3186e-06
-2.6086e-04
-3.3762e-04
-8.6353e-04
-1.0996e-03
-1.1296e-03
-1.0191e-03
-1.0556e-03
-1.3186e-03
-1.6446e-03
-1.5630e-03
-1.1220e-03
-1.0533e-03
-1.1781e-03
-9.3178e-04
-5.1585e-04
-6.5541e-04
-7.5566e-04
-7.4469e-04
-6.9451e-04
-4.7981e-04
-1.3923e-04
-9.2245e-05
-2.6016e-04
-4.1013e-04
-5.3821e-04
-5.6081e-04
-6.3786e-04
-6.7882e-04
-9.4631e-04
-1.2711e-03
-1.3246e-03
-1.5599e-03
-1.6722e-03
-1.5698e-03
-1.4193e-03
-1.2060e-03
-1.0653e-03
-9.2433e-04
-6.0039e-04
-6.2717e-04
-3.3051e-04
1.9403e-04
7.2260e-04
7.3638e-04
2.3763e-04
1.2692e-04
1.3750e-04
-2.5372e-04
-6.7222e-04
-1.3764e-03
-1.3238e-03
-1.5563e-03
-1.8184e-03
-2.3789e-03
-2.6828e-03
-2.7354e-03
-3.2508e-03
-3.4734e-03
-3.5261e-03
-3.4471e-03
-3.4849e-03
-3.5741e-03
-3.5586e-03
-3.2977e-03
-2.8963e-03
-2.8258e-03
-2.5314e-03
-2.3560e-03
-1.8587e-03
-1.5322e-03
-1.1773e-03
-2.4934e-04
-7.0199e-05
1.6195e-04
9.1976e-04
9.5337e-04
1.3029e-03
1.6600e-03
2.2371e-03
2.9149e-03
2.8677e-03
3.4073e-03
3.9389e-03
4.1713e-03
4.4278e-03
5.1414e-03
5.3049e-03
5.2732e-03
5.1397e-03
5.1060e-03
5.2832e-03
5.0381e-03
5.0652e-03
5.2805e-03
5.5787e-03
5.6487e-03
5.5201e-03
5.5258e-03
5.5718e-03
5.5321e-03
5.3693e-03
5.2840e-03
5.4822e-03
4.7700e-03
4.3232e-03
4.2888e-03
3.9565e-03
3.3481e-03
2.8098e-03
2.4447e-03
2.2301e-03
2.0660e-03
1.4622e-03
1.2769e-03
1.3865e-03
9.0652e-04
6.9641e-04
5.9584e-04
5.0911e-04
9.3059e-04
1.0417e-03
1.3128e-03
1.4845e-03
1.7470e-03
1.7250e-03
1.6691e-03
1.7415e-03
1.7562e-03
1.5823e-03
1.2243e-03
1.0301e-03
5.7846e-04
2.4703e-04
1.5931e-04
-8.8044e-05
-1.1875e-04
-3.2363e-04
-7.4088e-04
-6.9010e-04
-4.0892e-04
-7.3389e-05
1.0505e-04
5.4647e-04
8.0806e-04
6.9494e-04
8.4949e-04
1.2951e-03
1.5266e-03
1.7843e-03
1.7495e-03
1.6619e-03
1.6150e-03
1.4851e-03
1.4232e-03
1.1759e-03
8.9702e-04
6.3023e-04
3.3821e-04
-3.3520e-05
-8.6563e-04
-1.4026e-03
-1.9606e-03
-2.7499e-03
-3.2155e-03
-3.7755e-03
-4.4855e-03
-4.9256e-03
-5.2490e-03
-6.1514e-03
-6.6798e-03
-6.8331e-03
-6.9003e-03
-7.2372e-03
-7.5331e-03
-7.8074e-03
-7.9216e-03
-8.0638e-03
-8.2781e-03
-8.4471e-03
-8.7604e-03
-8.9991e-03
-9.2082e-03
-9.2729e-03
-9.3706e-03
-9.6925e-03
-9.7954e-03
-9.8100e-03
-9.9586e-03
-9.9115e-03
-9.7108e-03
-9.7185e-03
-9.8072e-03
-9.7110e-03
-9.4271e-03
-9.2311e-03
-9.2722e-03
-9.3532e-03
-9.3650e-03
-9.3070e-03
-9.1005e-03
-8.7901e-03
-8.7634e-03
-8.7987e-03
-8.5606e-03
-8.3009e-03
-8.1351e-03
-7.9099e-03
-7.8591e-03
-7.7454e-03
-7.2575e-03
-6.8806e-03
-6.7562e-03
-6.3392e-03
-5.7720e-03
-5.4770e-03
-5.3583e-03
-4.9468e-03
-4.3749e-03
-3.9044e-03
-3.3473e-03
-2.6137e-03
-1.9636e-03
-1.5733e-03
-1.1699e-03
-5.2143e-04
3.3861e-04
9.1774e-04
1.2417e-03
1.6874e-03
2.2318e-03
2.7930e-03
3.1614e-03
3.3792e-03
3.6687e-03
4.0323e-03
4.2290e-03
4.3232e-03
4.5644e-03
4.7633e-03
4.9921e-03
5.1471e-03
5.1825e-03
5.4750e-03
5.6707e-03
5.5553e-03
5.4933e-03
5.4544e-03
5.4091e-03
5.2336e-03
5.0494e-03
5.1805e-03
5.2213e-03
5.0281e-03
4.6809e-03
4.5333e-03
4.7120e-03
4.7589e-03
4.6130e-03
4.3275e-03
4.1652e-03
4.4059e-03
4.7329e-03
4.7260e-03
4.5971e-03
4.5811e-03
4.6191e-03
4.6542e-03
4.6858e-03
4.6730e-03
4.5257e-03
4.2312e-03
4.0955e-03
4.1206e-03
3.8492e-03
3.5158e-03
3.2568e-03
2.9356e-03
2.7625e-03
2.5331e-03
2.2088e-03
1.8599e-03
1.6328e-03
1.4497e-03
1.2186e-03
1.0654e-03
8.5840e-04
8.2217e-04
8.1942e-04
5.8172e-04
3.2267e-04
2.9955e-04
3.8995e-04
3.8435e-04
3.4462e-04
3.2024e-04
3.3236e-04
3.6255e-04
3.6491e-04
2.2850e-04
-6.2555e-05
-2.5606e-04
-3.4532e-04
-6.8473e-04
-1.0323e-03
-1.1346e-03
-1.0252e-03
-1.1661e-03
-1.4222e-03
-1.3246e-03
-9.6807e-04
-1.0994e-03
-1.1630e-03
-9.4460e-04
-6.3409e-04
-5.3785e-04
-6.3314e-04
-7.4508e-04
-1.0118e-03
-1.2414e-03
-1.0774e-03
-1.0155e-03
-1.0739e-03
-1.1256e-03
-1.1566e-03
-1.0973e-03
-8.9621e-04
-6.4471e-04
-6.1525e-04
-6.1717e-04
-3.2836e-04
-5.5012e-05
-1.7093e-04
-5.0238e-05
3.2384e-04
6.1108e-04
7.7706e-04
7.7655e-04
6.9219e-04
7.9967e-04
1.1322e-03
1.4421e-03
1.4665e-03
1.6572e-03
1.8260e-03
2.0110e-03
2.3658e-03
2.6333e-03
3.1105e-03
3.2629e-03
3.2668e-03
3.6233e-03
3.9714e-03
4.0675e-03
3.8077e-03
3.4998e-03
3.7006e-03
3.7329e-03
3.4112e-03
3.0210e-03
2.8702e-03
2.6945e-03
2.7972e-03
2.8190e-03
2.7563e-03
2.7705e-03
2.8442e-03
2.9112e-03
2.9749e-03
3.3170e-03
3.4243e-03
3.6305e-03
3.7006e-03
3.6140e-03
3.6867e-03
3.8459e-03
3.8606e-03
3.5801e-03
3.3588e-03
3.0760e-03
2.8608e-03
2.4074e-03
2.1703e-03
1.9729e-03
1.3976e-03
1.0561e-03
8.8045e-04
5.2104e-04
1.2310e-04
-8.2340e-05
-3.0909e-04
-5.1578e-04
-6.1703e-04
-7.4038e-04
-1.0662e-03
-1.3310e-03
-1.5014e-03
-1.6471e-03
-1.8590e-03
-2.1016e-03
-2.0013e-03
-2.0459e-03
-2.2177e-03
-2.1390e-03
-1.6657e-03
-1.3876e-03
-1.3285e-03
-1.0432e-03
-7.9854e-04
-3.6268e-04
-1.7570e-04
-1.3870e-04
-1.7845e-04
-2.5448e-04
-4.7469e-04
-6.9912e-04
-6.4951e-04
-9.0192e-04
-1.1883e-03
-1.0410e-03
-1.0381e-03
-1.2888e-03
-1.5713e-03
-1.6001e-03
-1.5565e-03
-1.8614e-03
-2.3194e-03
-2.5440e-03
-2.8537e-03
-3.2378e-03
-3.4785e-03
-3.7934e-03
-3.9831e-03
-3.9648e-03
-4.2570e-03
-4.5412e-03
-4.2677e-03
-3.9721e-03
-3.7867e-03
-3.3998e-03
-2.8643e-03
-2.6473e-03
-1.8071e-03
-1.0785e-03
-1.0613e-03
-9.8359e-04
-5.7785e-04
-3.2480e-04
-5.1282e-05
1.1521e-05
2.2663e-04
4.3634e-04
6.4796e-04
9.0104e-04
7.7792e-04
7.3857e-04
7.8815e-04
8.2475e-04
8.3905e-04
8.2556e-04
7.8766e-04
7.6830e-04
8.8007e-04
1.1945e-03
1.4403e-03
1.2475e-03
1.1687e-03
1.3339e-03
1.6743e-03
1.9203e-03
1.7259e-03
1.7056e-03
1.9644e-03
2.2756e-03
2.3221e-03
2.2068e-03
2.2552e-03
2.3969e-03
2.4114e-03
2.2283e-03
2.2373e-03
2.1068e-03
1.8174e-03
1.6637e-03
1.5477e-03
1.4261e-03
1.4368e-03
9.7670e-04
6.2493e-04
5.5566e-04
3.6348e-04
3.2431e-04
1.1742e-05
-2.3714e-04
-6.1859e-05
1.3313e-04
2.4969e-04
2.9708e-04
3.4771e-04
3.1711e-04
3.8730e-04
5.1333e-04
4.6315e-04
3.1603e-04
2.2702e-04
-1.9182e-05
-1.7787e-04
-1.9545e-04
-4.8520e-04
-6.7184e-04
-5.7037e-04
-5.7638e-04
-6.2191e-04
-4.9465e-04
-1.7635e-04
-1.8204e-05
-1.6781e-04
-2.2491e-04
-1.8210e-04
-4.6925e-05
1.8765e-04
2.6846e-04
-2.6368e-05
-2.4676e-04
-2.1147e-04
-4.5867e-04
-7.9004e-04
-9.9802e-04
-1.1220e-03
-1.0180e-03
-1.0137e-03
-1.0834e-03
-1.1198e-03
-1.0611e-03
-8.5182e-04
-6.1019e-04
-4.4669e-04
-2.2131e-04
-1.0615e-04
-2.3846e-04
-1.1271e-04
3.7524e-04
8.6213e-04
1.0068e-03
1.1128e-03
1.2589e-03
1.3378e-03
1.7315e-03
2.1229e-03
2.2079e-03
2.3170e-03
2.6758e-03
3.0921e-03
3.2002e-03
3.1456e-03
3.1271e-03
3.3240e-03
3.6187e-03
3.5642e-03
3.1924e-03
3.0381e-03
2.8809e-03
2.6300e-03
2.3747e-03
2.0255e-03
1.7617e-03
1.3475e-03
8.6836e-04
4.7500e-04
-2.7299e-05
-5.1352e-04
-8.0247e-04
-1.3929e-03
-2.0497e-03
-2.5298e-03
-2.9145e-03
-3.0572e-03
-3.3892e-03
-3.7704e-03
-3.9436e-03
-4.1251e-03
-4.4195e-03
-4.4926e-03
-4.3908e-03
-4.3650e-03
-4.4295e-03
-4.6485e-03
-4.9618e-03
-4.9577e-03
-4.8412e-03
-5.0214e-03
-5.3862e-03
-5.4705e-03
-5.4237e-03
-5.4664e-03
-5.3458e-03
-5.2924e-03
-5.3734e-03
-5.3688e-03
-5.1681e-03
-4.8049e-03
-4.5989e-03
-4.3925e-03
-4.1434e-03
-3.7186e-03
-3.3071e-03
-3.1775e-03
-2.9473e-03
-2.6545e-03
-2.2166e-03
-1.8228e-03
-1.6617e-03
-1.2980e-03
-8.9000e-04
-6.8007e-04
-2.6379e-04
1.1875e-04
1.2455e-04
2.0375e-04
5.3947e-04
6.6904e-04
7.8424e-04
1.1000e-03
1.0844e-03
7.6801e-04
6.0159e-04
5.9277e-04
4.5321e-04
2.4441e-04
8.7301e-05
-1.5193e-04
-2.3626e-04
-3.2627e-04
-5.3990e-04
-3.7488e-04
-1.0460e-04
-5.6672e-05
1.1443e-04
4.4743e-04
7.5513e-04
9.2611e-04
1.2360e-03
1.5455e-03
1.6658e-03
1.6626e-03
1.6464e-03
1.5967e-03
1.4115e-03
1.2288e-03
1.0914e-03
8.5721e-04
8.0855e-04
8.7739e-04
8.4604e-04
8.3239e-04
9.8070e-04
1.2486e-03
1.2974e-03
1.3475e-03
1.6455e-03
1.8163e-03
1.9438e-03
2.0765e-03
2.0900e-03
2.2138e-03
2.4681e-03
2.4342e-03
2.2880e-03
2.0885e-03
2.0310e-03
1.9612e-03
1.5818e-03
1.2979e-03
1.2270e-03
1.1744e-03
9.7062e-04
7.7198e-04
7.7387e-04
8.2424e-04
8.1222e-04
7.8468e-04
7.6678e-04
7.6519e-04
7.8345e-04
8.1472e-04
7.9682e-04
6.2885e-04
3.4938e-04
3.2208e-04
4.3368e-04
4.4178e-04
3.9886e-04
3.6109e-04
3.6306e-04
4.6334e-04
6.6931e-04
7.9160e-04
7.7019e-04
8.7442e-04
1.1459e-03
1.1872e-03
1.0830e-03
1.1017e-03
1.2406e-03
1.3765e-03
1.2954e-03
1.4084e-03
1.5016e-03
1.4289e-03
1.4866e-03
1.6828e-03
1.8015e-03
1.7700e-03
1.8401e-03
2.0656e-03
2.1185e-03
2.1519e-03
2.3498e-03
2.3820e-03
2.3980e-03
2.6220e-03
2.7852e-03
2.9020e-03
2.8905e-03
2.8703e-03
3.0260e-03
3.1274e-03
3.0777e-03
3.1146e-03
3.3083e-03
3.3387e-03
3.2904e-03
3.2642e-03
3.0204e-03
2.7597e-03
2.7737e-03
2.7291e-03
2.6348e-03
2.5907e-03
2.4653e-03
2.2465e-03
2.0977e-03
2.0714e-03
1.9434e-03
1.6683e-03
1.5399e-03
1.4192e-03
1.2609e-03
1.1215e-03
8.6540e-04
7.0542e-04
5.3586e-04
5.1338e-04
3.8550e-04
1.3365e-04
1.3153e-04
1.0506e-04
-4.5889e-05
-1.3817e-04
-2.2140e-04
-1.9959e-04
-2.0867e-04
-3.6724e-04
-5.8794e-04
-6.0752e-04
-6.4330e-04
-7.3795e-04
-9.6326e-04
-1.1418e-03
-1.0768e-03
-1.1042e-03
-1.2856e-03
-1.3802e-03
-1.3269e-03
-1.2992e-03
-1.3192e-03
-1.3251e-03
-1.2439e-03
-1.0806e-03
-1.0002e-03
-1.0351e-03
-1.0353e-03
-1.0226e-03
-1.0972e-03
-1.2631e-03
-1.3494e-03
-1.5604e-03
-1.7047e-03
-1.7246e-03
-1.8228e-03
-1.8129e-03
-1.8772e-03
-2.0291e-03
-1.9730e-03
-1.8947e-03
-1.8829e-03
-1.8834e-03
-1.8350e-03
-1.6847e-03
-1.5009e-03
-1.5228e-03
-1.5335e-03
-1.4204e-03
-1.2492e-03
-1.1744e-03
-1.1413e-03
-9.9869e-04
-9.2090e-04
-9.4414e-04
-9.3134e-04
-8.9649e-04
-8.6884e-04
-8.4905e-04
-8.3315e-04
-8.1664e-04
-7.9865e-04
-7.7872e-04
-7.5782e-04
-7.4049e-04
-7.3154e-04
-7.2367e-04
-6.8569e-04
-5.7998e-04
-4.5811e-04
-4.8698e-04
-4.1130e-04
-2.6854e-04
-3.0563e-04
-3.1997e-04
-2.9870e-04
-2.8952e-04
-2.8746e-04
-2.6568e-04
-1.8453e-04
-9.1833e-05
-1.3018e-04
-8.2641e-05
4.1000e-05
5.9686e-05
1.1756e-04
1.2197e-04
2.2435e-04
3.3938e-04
3.4700e-04
3.5836e-04
3.7878e-04
4.0997e-04
4.4297e-04
4.1070e-04
4.3382e-04
4.6879e-04
4.2428e-04
4.0528e-04
3.8259e-04
3.2345e-04
3.0010e-04
2.5035e-04
1.7726e-04
1.3577e-04
1.0008e-04
3.9319e-05
2.7314e-07
-3.4922e-05
-9.5254e-05
-1.1996e-04
-1.1176e-04
-1.1713e-04
-1.5115e-04
-2.2593e-04
-3.0487e-04
-3.1124e-04
-3.1018e-04
-3.4465e-04
-3.7336e-04
-4.1875e-04
-4.6781e-04
-4.7143e-04
-4.6705e-04
-4.8307e-04
-4.9660e-04
-5.2405e-04
-5.5452e-04
-5.5237e-04
-5.5079e-04
-5.6217e-04
-5.6581e-04
-5.5907e-04
-5.3066e-04
-5.0901e-04
-4.9556e-04
-4.8907e-04
-4.8833e-04
-4.7261e-04
-4.4835e-04
-4.3546e-04
-4.1786e-04
-4.0817e-04
-4.0536e-04
-3.8783e-04
-3.6713e-04
-3.4964e-04
-3.2787e-04
-3.1679e-04
-3.0451e-04
-2.9009e-04
-2.8312e-04
-2.7269e-04
-2.5518e-04
-2.4329e-04
-2.3988e-04
-2.2949e-04
-2.1791e-04
-2.0718e-04
-1.9068e-04
-1.7372e-04
-1.5972e-04
-1.4682e-04
-1.3289e-04
-1.1538e-04
-9.4662e-05
-7.8366e-05
-6.3862e-05
-5.3628e-05
-4.6027e-05
-3.6957e-05
-2.8258e-05
-2.0173e-05
-1.1029e-05
-3.3855e-07
7.9369e-06
1.2054e-05
1.6541e-05
2.3312e-05
3.1859e-05
3.9319e-05
4.4279e-05
4.5961e-05
5.0112e-05
5.7037e-05
6.0688e-05
6.1504e-05
6.4206e-05
6.7305e-05
7.0658e-05
6.9446e-05
6.7944e-05
6.7992e-05
6.7995e-05
6.7424e-05
6.7555e-05
6.6412e-05
6.4908e-05
6.3861e-05
6.2966e-05
6.2418e-05
6.1795e-05
6.0311e-05
5.8987e-05
5.8227e-05
5.7339e-05
5.6172e-05
5.4580e-05
5.3281e-05
5.2161e-05
5.0669e-05
4.9151e-05
4.7770e-05
4.6414e-05
4.5081e-05
4.3754e-05
4.2460e-05
4.1185e-05
3.9941e-05
3.8712e-05
3.7508e-05
3.6316e-05
3.5144e-05
3.3984e-05
3.2840e-05
3.1704e-05
3.0582e-05
2.9469e-05
2.8368e-05
2.7271e-05
2.6175e-05
2.5088e-05
2.4010e-05
2.2935e-05
2.1863e-05
2.0793e-05
1.9728e-05
1.8664e-05
1.7602e-05
1.6543e-05
1.5485e-05
1.4429e-05
1.3375e-05
