-7.4202e-04
-7.3877e-04
-7.3889e-04
-7.3555e-04
-7.3562e-04
-7.3225e-04
-7.3227e-04
-7.2883e-04
-7.2881e-04
-7.2531e-04
-7.2527e-04
-7.2171e-04
-7.2163e-04
-7.1794e-04
-7.1783e-04
-7.1435e-04
-7.1433e-04
-7.0959e-04
-7.0880e-04
-7.0962e-04
-7.1959e-04
-7.0689e-04
-7.0049e-04
-6.9841e-04
-6.9752e-04
-6.9416e-04
-6.9299e-04
-6.8957e-04
-6.8867e-04
-6.8510e-04
-6.8417e-04
-6.8053e-04
-6.7957e-04
-6.7587e-04
-6.7488e-04
-6.7111e-04
-6.7009e-04
-6.6627e-04
-6.6521e-04
-6.6135e-04
-6.6025e-04
-6.5633e-04
-6.5518e-04
-6.5122e-04
-6.5003e-04
-6.4604e-04
-6.4480e-04
-6.4076e-04
-6.3948e-04
-6.3541e-04
-6.3407e-04
-6.2997e-04
-6.2859e-04
-6.2446e-04
-6.2301e-04
-6.1885e-04
-6.1736e-04
-6.1316e-04
-6.1162e-04
-6.0740e-04
-6.0580e-04
-6.0155e-04
-5.9990e-04
-5.9564e-04
-5.9395e-04
-5.8965e-04
-5.8790e-04
-5.8358e-04
-5.8178e-04
-5.7745e-04
-5.7559e-04
-5.7123e-04
-5.6934e-04
-5.6495e-04
-5.6302e-04
-5.5861e-04
-5.5663e-04
-5.5222e-04
-5.5018e-04
-5.4574e-04
-5.4367e-04
-5.3923e-04
-5.3710e-04
-5.3264e-04
-5.3045e-04
-5.2600e-04
-5.2376e-04
-5.1929e-04
-5.1701e-04
-5.1254e-04
-5.1021e-04
-5.0572e-04
-5.0336e-04
-4.9886e-04
-4.9645e-04
-4.9195e-04
-4.8949e-04
-4.8499e-04
-4.8248e-04
-4.7799e-04
-4.7543e-04
-4.7093e-04
-4.6833e-04
-4.6385e-04
-4.6120e-04
-4.5671e-04
-4.5401e-04
-4.4955e-04
-4.4681e-04
-4.4235e-04
-4.3955e-04
-4.3512e-04
-4.3227e-04
-4.2785e-04
-4.2496e-04
-4.2056e-04
-4.1764e-04
-4.1327e-04
-4.1028e-04
-4.0593e-04
-4.0291e-04
-3.9858e-04
-3.9549e-04
-3.9120e-04
-3.8806e-04
-3.8381e-04
-3.8060e-04
-3.7633e-04
-3.7314e-04
-3.6896e-04
-3.6567e-04
-3.6153e-04
-3.5817e-04
-3.5407e-04
-3.5067e-04
-3.4662e-04
-3.4317e-04
-3.3917e-04
-3.3566e-04
-3.3171e-04
-3.2813e-04
-3.2425e-04
-3.2061e-04
-3.1679e-04
-3.1310e-04
-3.0935e-04
-3.0558e-04
-3.0189e-04
-2.9807e-04
-2.9447e-04
-2.9059e-04
-2.8705e-04
-2.8308e-04
-2.7966e-04
-2.7560e-04
-2.7228e-04
-2.6814e-04
-2.6492e-04
-2.6067e-04
-2.5757e-04
-2.5324e-04
-2.5028e-04
-2.4584e-04
-2.4299e-04
-2.3847e-04
-2.3573e-04
-2.3108e-04
-2.2852e-04
-2.2374e-04
-2.2134e-04
-2.1640e-04
-2.1420e-04
-2.0911e-04
-2.0709e-04
-2.0184e-04
-2.0004e-04
-1.9459e-04
-1.9303e-04
-1.8738e-04
-1.8609e-04
-1.8019e-04
-1.7921e-04
-1.7303e-04
-1.7241e-04
-1.6590e-04
-1.6567e-04
-1.5880e-04
-1.5903e-04
-1.5167e-04
-1.5247e-04
-1.4465e-04
-1.4607e-04
-1.3724e-04
-1.3954e-04
-1.3089e-04
-1.3473e-04
-1.2095e-04
-1.2299e-04
-1.2076e-04
-1.4356e-04
-9.1647e-05
-2.4511e-05
-2.0266e-04
-9.8938e-04
-1.2506e-03
-1.1850e-03
-1.2007e-03
-1.2102e-03
-1.2216e-03
-1.2152e-03
-1.2253e-03
-1.2518e-03
-1.2129e-03
-1.1310e-03
-1.3140e-03
-2.1922e-03
-2.5601e-03
-2.2813e-03
-1.4737e-03
-1.1859e-03
-1.2851e-03
-1.2256e-03
-1.2912e-03
-1.3415e-03
-1.1511e-03
-2.4730e-04
-8.2676e-06
-1.5934e-04
6.1260e-05
9.4289e-04
1.2816e-03
1.1468e-03
1.0978e-03
1.3137e-03
2.2477e-03
2.5427e-03
2.4796e-03
2.4977e-03
2.5243e-03
2.5460e-03
2.5468e-03
2.5335e-03
2.5840e-03
2.6546e-03
2.4927e-03
1.6616e-03
1.1209e-03
2.7670e-04
-2.7832e-05
1.8936e-04
-2.5340e-05
-1.1111e-03
-2.3059e-03
-2.7901e-03
-3.7847e-03
-3.8844e-03
-2.8891e-03
-2.5787e-03
-2.6824e-03
-2.6658e-03
-2.6771e-03
-2.6481e-03
-2.6703e-03
-2.6347e-03
-2.6994e-03
-2.7504e-03
-2.5775e-03
-1.6681e-03
-1.1511e-03
-3.2055e-04
2.3146e-04
9.5782e-04
1.5172e-03
2.5980e-03
3.8634e-03
4.1826e-03
5.3079e-03
6.7831e-03
8.0301e-03
8.6006e-03
9.2786e-03
8.7172e-03
8.3949e-03
8.2606e-03
7.2994e-03
7.0797e-03
6.8996e-03
5.9171e-03
5.5739e-03
5.6569e-03
5.6087e-03
5.6391e-03
5.7288e-03
5.6179e-03
4.4934e-03
3.0553e-03
1.7122e-03
3.1760e-04
-1.1202e-03
-2.3143e-03
-2.8546e-03
-3.7260e-03
-4.0083e-03
-4.1631e-03
-5.1933e-03
-5.5000e-03
-5.4178e-03
-5.4699e-03
-5.5647e-03
-5.3088e-03
-4.3710e-03
-4.1117e-03
-3.9718e-03
-2.9607e-03
-2.6437e-03
-2.6663e-03
-2.6019e-03
-2.8099e-03
-3.6407e-03
-4.1291e-03
-5.2295e-03
-6.6344e-03
-6.9608e-03
-6.7102e-03
-5.6962e-03
-5.2805e-03
-5.4932e-03
-6.5878e-03
-8.0389e-03
-9.3800e-03
-1.0739e-02
-1.2105e-02
-1.3628e-02
-1.4994e-02
-1.5151e-02
-1.3963e-02
-1.2556e-02
-1.1257e-02
-9.9460e-03
-8.3103e-03
-6.0807e-03
-4.2835e-03
-1.6881e-03
2.0629e-03
5.3545e-03
9.0476e-03
1.2264e-02
1.4907e-02
1.6565e-02
1.6962e-02
1.6576e-02
1.4578e-02
1.2889e-02
1.1276e-02
9.0255e-03
8.3918e-03
8.5385e-03
8.6131e-03
8.5044e-03
7.3319e-03
5.7945e-03
4.5627e-03
4.3057e-03
4.3258e-03
4.2947e-03
4.4428e-03
4.3979e-03
3.0412e-03
6.5889e-04
-9.9316e-04
-2.4517e-03
-4.6364e-03
-6.7167e-03
-1.0132e-02
-1.3441e-02
-1.6015e-02
-1.7636e-02
-1.8019e-02
-1.7841e-02
-1.5723e-02
-1.2638e-02
-8.8917e-03
-5.8094e-03
-3.2416e-03
-3.2393e-04
3.5266e-03
7.9005e-03
1.2051e-02
1.5098e-02
1.6352e-02
1.6700e-02
1.8133e-02
2.0535e-02
2.1065e-02
2.0923e-02
2.1057e-02
2.1109e-02
1.9909e-02
1.7340e-02
1.4320e-02
1.1698e-02
1.0343e-02
9.8105e-03
7.8220e-03
5.9422e-03
3.4548e-03
4.3562e-04
-1.9778e-03
-2.6390e-03
-3.4967e-03
-5.1307e-03
-7.6865e-03
-1.0601e-02
-1.3036e-02
-1.4911e-02
-1.7396e-02
-1.9262e-02
-1.9108e-02
-1.6974e-02
-1.5069e-02
-1.3933e-02
-1.3665e-02
-1.3945e-02
-1.3609e-02
-1.1556e-02
-8.5609e-03
-4.6759e-03
5.0114e-04
6.1715e-03
1.3067e-02
1.9890e-02
2.4606e-02
2.7433e-02
2.9010e-02
2.9512e-02
2.9421e-02
2.7143e-02
2.3071e-02
1.8673e-02
1.5033e-02
1.3019e-02
9.5361e-03
3.8238e-03
-2.8184e-03
-8.7295e-03
-1.3011e-02
-1.5839e-02
-1.7313e-02
-1.9182e-02
-2.1769e-02
-2.1970e-02
-1.8573e-02
-1.5243e-02
-1.2648e-02
-1.1256e-02
-1.0982e-02
-9.9679e-03
-8.0636e-03
-5.7162e-03
-5.3322e-03
-6.6101e-03
-6.8695e-03
-5.6632e-03
-2.9711e-03
9.4568e-04
5.2449e-03
9.0976e-03
1.2214e-02
1.6049e-02
2.0630e-02
2.4549e-02
2.6288e-02
2.6601e-02
2.7688e-02
2.8192e-02
2.7946e-02
2.6689e-02
2.5656e-02
2.5379e-02
2.3004e-02
1.7875e-02
1.2269e-02
6.6008e-03
1.0844e-03
-2.9804e-03
-5.1300e-03
-7.6445e-03
-9.2986e-03
-8.4193e-03
-5.8296e-03
-1.7448e-03
3.5753e-03
8.9194e-03
1.3504e-02
1.8634e-02
2.3351e-02
2.7215e-02
2.9393e-02
3.0429e-02
2.9805e-02
2.8113e-02
2.5731e-02
2.3052e-02
2.0332e-02
1.6109e-02
1.0949e-02
6.5844e-03
2.5688e-03
-2.9811e-03
-9.7033e-03
-1.5667e-02
-1.9783e-02
-2.2588e-02
-2.5544e-02
-3.0730e-02
-3.6339e-02
-4.0866e-02
-4.3799e-02
-4.4237e-02
-4.1787e-02
-3.7748e-02
-3.3640e-02
-3.0829e-02
-2.9071e-02
-2.7676e-02
-2.7413e-02
-2.8842e-02
-3.0279e-02
-2.9311e-02
-2.5204e-02
-1.9852e-02
-1.5735e-02
-1.3099e-02
-8.7941e-03
-1.1767e-03
6.5567e-03
1.1919e-02
1.3742e-02
1.3757e-02
1.6231e-02
2.1723e-02
2.8647e-02
3.3149e-02
3.3696e-02
3.1049e-02
2.7258e-02
2.3504e-02
1.9272e-02
1.1466e-02
1.6589e-03
-6.8605e-03
-1.1493e-02
-1.3187e-02
-1.3551e-02
-1.3481e-02
-1.1646e-02
-8.4394e-03
-2.3022e-03
4.8752e-03
1.1580e-02
1.7362e-02
2.2921e-02
2.8494e-02
3.3182e-02
3.6101e-02
3.6151e-02
3.4072e-02
3.3491e-02
3.2985e-02
3.0309e-02
2.2631e-02
1.1169e-02
1.5317e-03
-6.5606e-04
2.6555e-03
4.7876e-03
4.5474e-03
1.8965e-03
-1.8806e-03
-3.7944e-03
-4.5738e-03
-5.1742e-03
-7.8075e-03
-1.0547e-02
-9.5682e-03
-6.6770e-03
-5.5803e-03
-7.4238e-03
-8.4240e-03
-8.1042e-03
-6.4999e-03
-4.0966e-03
-5.0182e-03
-7.9091e-03
-9.2980e-03
-7.1344e-03
-3.9215e-03
-1.4043e-03
-1.1224e-03
-1.5166e-03
4.0436e-05
5.1515e-03
1.0797e-02
1.3681e-02
1.4170e-02
1.5081e-02
1.6737e-02
1.9377e-02
2.2299e-02
2.3827e-02
2.2916e-02
2.0065e-02
1.6226e-02
1.3184e-02
1.0939e-02
7.9565e-03
1.5538e-03
-7.7066e-03
-1.6625e-02
-2.4678e-02
-2.9716e-02
-3.1219e-02
-2.9391e-02
-2.5355e-02
-1.8998e-02
-9.7175e-03
1.3135e-03
1.3494e-02
2.4949e-02
3.5704e-02
4.4995e-02
5.3304e-02
5.7286e-02
5.4755e-02
4.6450e-02
3.6600e-02
2.5965e-02
1.3658e-02
9.1136e-04
-1.1231e-02
-2.0709e-02
-2.8667e-02
-3.3730e-02
-3.5562e-02
-3.4745e-02
-3.0006e-02
-2.1561e-02
-1.0029e-02
1.0147e-04
8.6375e-03
1.7104e-02
2.4170e-02
2.7835e-02
2.9076e-02
2.8363e-02
2.7031e-02
2.4616e-02
1.9568e-02
1.1669e-02
1.5734e-03
-8.9665e-03
-1.5482e-02
-1.8430e-02
-2.0116e-02
-2.1398e-02
-2.2949e-02
-2.5540e-02
-2.8682e-02
-3.0117e-02
-2.7747e-02
-2.2685e-02
-1.8292e-02
-1.4344e-02
-1.0004e-02
-4.9290e-03
-2.6280e-04
4.1962e-03
7.0818e-03
4.9439e-03
-5.2035e-04
-4.6631e-03
-4.3286e-03
-1.1098e-03
3.9139e-03
7.9650e-03
9.6306e-03
1.2272e-02
1.6678e-02
1.9779e-02
1.7616e-02
1.0840e-02
3.9202e-03
9.1254e-04
8.8910e-04
-4.8135e-04
-5.7048e-03
-1.2533e-02
-1.8023e-02
-2.2514e-02
-2.8488e-02
-3.5954e-02
-4.5507e-02
-5.4899e-02
-6.0107e-02
-6.3814e-02
-6.7152e-02
-7.0307e-02
-7.0903e-02
-6.4838e-02
-5.1823e-02
-3.5478e-02
-1.9102e-02
-3.7364e-03
1.1580e-02
2.6973e-02
4.0288e-02
4.9357e-02
5.2350e-02
5.0411e-02
4.9988e-02
5.3976e-02
5.9657e-02
6.2873e-02
6.0719e-02
5.3978e-02
4.5154e-02
3.7507e-02
2.9773e-02
2.2425e-02
1.6363e-02
1.2111e-02
1.1679e-02
1.3055e-02
1.2160e-02
6.8327e-03
-2.2295e-03
-1.1857e-02
-2.0559e-02
-2.8801e-02
-3.4672e-02
-3.7112e-02
-3.7092e-02
-3.3516e-02
-2.7791e-02
-2.3846e-02
-2.3586e-02
-2.3529e-02
-1.8796e-02
-1.0620e-02
-1.0822e-03
8.5015e-03
1.7219e-02
2.4329e-02
2.7971e-02
2.7849e-02
2.5475e-02
2.5176e-02
2.9104e-02
3.4290e-02
3.7763e-02
3.9964e-02
4.0886e-02
4.0830e-02
3.8483e-02
3.2194e-02
2.4202e-02
1.4576e-02
3.4472e-03
-7.5873e-03
-1.4990e-02
-2.0300e-02
-2.7128e-02
-3.9102e-02
-5.4265e-02
-6.8265e-02
-7.7599e-02
-8.2261e-02
-8.0863e-02
-7.3912e-02
-6.2625e-02
-5.2471e-02
-4.4205e-02
-3.5791e-02
-2.6493e-02
-1.7425e-02
-8.1263e-03
-6.6323e-04
4.6884e-03
9.4977e-03
1.5819e-02
2.1823e-02
2.7029e-02
3.2696e-02
4.0469e-02
4.9542e-02
5.7537e-02
5.9460e-02
5.4224e-02
4.1461e-02
2.3938e-02
7.4376e-03
-5.9728e-03
-1.6420e-02
-2.1273e-02
-1.6913e-02
-7.5978e-03
-2.6183e-04
1.8077e-03
-6.7225e-04
-6.0168e-03
-1.1223e-02
-1.3993e-02
-1.6846e-02
-2.3420e-02
-3.1852e-02
-3.7687e-02
-3.9363e-02
-3.8782e-02
-3.8304e-02
-3.5986e-02
-3.2445e-02
-3.0100e-02
-2.6727e-02
-2.2850e-02
-1.7642e-02
-7.0280e-03
8.3149e-03
2.2897e-02
3.1047e-02
3.7708e-02
4.7242e-02
5.8381e-02
6.8673e-02
7.6670e-02
8.0713e-02
8.2352e-02
8.0411e-02
7.2581e-02
5.9927e-02
4.5784e-02
3.0567e-02
1.5394e-02
3.9623e-03
-4.7283e-03
-1.4443e-02
-2.5707e-02
-3.5260e-02
-4.1524e-02
-4.7997e-02
-5.6456e-02
-6.5139e-02
-7.1177e-02
-7.0924e-02
-6.4345e-02
-5.2863e-02
-4.1244e-02
-3.1726e-02
-2.5536e-02
-2.1429e-02
-1.7792e-02
-1.4215e-02
-1.3344e-02
-1.4513e-02
-1.5943e-02
-1.8755e-02
-2.1536e-02
-2.1689e-02
-1.9098e-02
-1.7724e-02
-1.8966e-02
-1.9559e-02
-1.5564e-02
-6.5329e-03
4.2038e-03
1.3959e-02
2.5537e-02
4.0047e-02
5.7401e-02
7.1058e-02
7.8289e-02
8.0626e-02
8.1877e-02
8.3438e-02
8.5241e-02
8.6724e-02
8.5200e-02
7.9667e-02
7.3739e-02
6.5145e-02
5.1362e-02
3.2974e-02
1.4338e-02
-2.3355e-03
-1.6502e-02
-2.7862e-02
-3.8924e-02
-5.2239e-02
-6.8977e-02
-8.8246e-02
-1.0540e-01
-1.1595e-01
-1.1987e-01
-1.1912e-01
-1.1425e-01
-1.0543e-01
-9.4518e-02
-8.1936e-02
-6.8501e-02
-5.7124e-02
-4.7252e-02
-3.6121e-02
-2.3937e-02
-1.2718e-02
-1.5616e-03
1.1874e-02
2.6932e-02
4.2395e-02
5.8480e-02
7.4405e-02
8.9928e-02
1.0175e-01
1.0572e-01
1.0247e-01
9.4767e-02
8.4593e-02
7.2222e-02
5.6089e-02
3.7230e-02
1.8777e-02
6.5032e-04
-1.6823e-02
-3.2755e-02
-5.0476e-02
-7.0007e-02
-8.7170e-02
-9.9223e-02
-1.0551e-01
-1.0637e-01
-1.0269e-01
-9.6547e-02
-8.9751e-02
-8.1433e-02
-7.0639e-02
-6.0836e-02
-5.3656e-02
-4.6780e-02
-3.7483e-02
-2.6272e-02
-1.3379e-02
7.4116e-04
1.9135e-02
4.1990e-02
6.8042e-02
9.7359e-02
1.2732e-01
1.5214e-01
1.7204e-01
1.8921e-01
2.0361e-01
2.1534e-01
2.2430e-01
2.3018e-01
2.3208e-01
2.3136e-01
2.2925e-01
2.2313e-01
2.0878e-01
1.8652e-01
1.6071e-01
1.3230e-01
9.8621e-02
5.8919e-02
1.4898e-02
-2.9316e-02
-7.0515e-02
-1.0836e-01
-1.4113e-01
-1.6805e-01
-1.9229e-01
-2.1724e-01
-2.4244e-01
-2.6449e-01
-2.8219e-01
-2.9344e-01
-3.0209e-01
-3.0883e-01
-3.0946e-01
-3.0005e-01
-2.8302e-01
-2.6259e-01
-2.3878e-01
-2.1088e-01
-1.7638e-01
-1.3255e-01
-8.4182e-02
-3.4547e-02
1.6475e-02
6.7030e-02
1.1566e-01
1.5973e-01
2.0027e-01
2.3832e-01
2.7389e-01
3.0549e-01
3.2910e-01
3.4102e-01
3.4098e-01
3.2969e-01
3.1067e-01
2.8588e-01
2.6056e-01
2.4270e-01
2.2657e-01
2.0314e-01
1.6935e-01
1.2350e-01
6.7408e-02
1.0827e-03
-7.0197e-02
-1.3701e-01
-1.9157e-01
-2.3412e-01
-2.6906e-01
-2.9279e-01
-3.0373e-01
-3.1011e-01
-3.2376e-01
-3.4408e-01
-3.6513e-01
-3.7630e-01
-3.7142e-01
-3.5479e-01
-3.3247e-01
-3.0651e-01
-2.7451e-01
-2.3347e-01
-1.9152e-01
-1.5985e-01
-1.3333e-01
-1.0833e-01
-8.6971e-02
-6.5044e-02
-3.7616e-02
-4.8105e-03
2.6994e-02
5.4930e-02
8.1606e-02
1.0767e-01
1.2248e-01
1.2425e-01
1.2230e-01
1.2642e-01
1.3487e-01
1.3583e-01
1.2567e-01
1.1117e-01
1.0019e-01
9.2912e-02
9.1404e-02
9.7710e-02
1.0543e-01
1.1149e-01
1.1511e-01
1.1474e-01
1.2133e-01
1.3337e-01
1.4296e-01
1.5220e-01
1.6422e-01
1.7293e-01
1.7191e-01
1.6663e-01
1.6080e-01
1.5536e-01
1.5321e-01
1.5632e-01
1.6139e-01
1.5983e-01
1.4712e-01
1.2611e-01
9.4853e-02
6.0840e-02
3.1042e-02
6.2412e-03
-2.3574e-02
-6.8180e-02
-1.2170e-01
-1.6896e-01
-2.0244e-01
-2.2266e-01
-2.3402e-01
-2.3991e-01
-2.4823e-01
-2.6159e-01
-2.7873e-01
-2.9154e-01
-2.9238e-01
-2.7776e-01
-2.4448e-01
-1.9843e-01
-1.4956e-01
-1.0844e-01
-8.1984e-02
-6.8120e-02
-5.8381e-02
-5.0358e-02
-3.7226e-02
-5.3405e-04
6.1260e-02
1.2542e-01
1.7973e-01
2.2909e-01
2.7828e-01
3.1991e-01
3.3756e-01
3.3030e-01
3.0862e-01
2.7592e-01
2.3362e-01
1.8792e-01
1.4676e-01
1.0750e-01
6.5781e-02
2.8153e-02
3.3858e-04
-1.7930e-02
-3.8276e-02
-6.4825e-02
-9.1162e-02
-1.1106e-01
-1.2780e-01
-1.4918e-01
-1.7666e-01
-2.0548e-01
-2.2918e-01
-2.3913e-01
-2.3540e-01
-2.1831e-01
-1.8777e-01
-1.4802e-01
-1.0748e-01
-6.8706e-02
-3.1076e-02
4.9618e-03
3.8719e-02
6.9268e-02
8.9530e-02
9.7646e-02
9.7754e-02
9.3420e-02
8.4520e-02
6.7518e-02
4.3866e-02
1.8354e-02
-8.3685e-03
-3.4320e-02
-5.8754e-02
-8.0546e-02
-1.0106e-01
-1.2283e-01
-1.4742e-01
-1.7845e-01
-2.1438e-01
-2.5079e-01
-2.8176e-01
-3.0493e-01
-3.2289e-01
-3.3780e-01
-3.4325e-01
-3.3237e-01
-3.0235e-01
-2.6136e-01
-2.1687e-01
-1.7328e-01
-1.3087e-01
-8.8554e-02
-4.3396e-02
1.1095e-02
7.0562e-02
1.3360e-01
2.0227e-01
2.7380e-01
3.4138e-01
3.9501e-01
4.3028e-01
4.4978e-01
4.5465e-01
4.4935e-01
4.3478e-01
4.0985e-01
3.8118e-01
3.4868e-01
3.1154e-01
2.8167e-01
2.6644e-01
2.5507e-01
2.3205e-01
1.9243e-01
1.3267e-01
5.5865e-02
-1.8184e-02
-7.6393e-02
-1.2191e-01
-1.5798e-01
-1.8706e-01
-2.1410e-01
-2.4013e-01
-2.6067e-01
-2.6835e-01
-2.6107e-01
-2.4165e-01
-2.1269e-01
-1.7799e-01
-1.4087e-01
-9.9034e-02
-5.1314e-02
1.3992e-03
5.5998e-02
1.0735e-01
1.5363e-01
2.0781e-01
2.7513e-01
3.3796e-01
3.6370e-01
3.4420e-01
3.0812e-01
2.8616e-01
2.8424e-01
2.8674e-01
2.7721e-01
2.5222e-01
2.1711e-01
1.7467e-01
1.2262e-01
6.1452e-02
-5.8797e-03
-8.3935e-02
-1.6214e-01
-2.2483e-01
-2.7132e-01
-3.1307e-01
-3.5298e-01
-3.8163e-01
-3.9395e-01
-3.9684e-01
-4.0056e-01
-4.0574e-01
-4.0128e-01
-3.8675e-01
-3.6396e-01
-3.3384e-01
-2.9404e-01
-2.4872e-01
-2.0412e-01
-1.6294e-01
-1.2655e-01
-9.8099e-02
-7.6236e-02
-5.9350e-02
-4.0852e-02
-1.8714e-02
5.9692e-03
3.2427e-02
5.7658e-02
7.8124e-02
9.2323e-02
1.0147e-01
1.1012e-01
1.2081e-01
1.3161e-01
1.4317e-01
1.5884e-01
1.7551e-01
1.9021e-01
2.0298e-01
2.1146e-01
2.1406e-01
2.1556e-01
2.1724e-01
2.1698e-01
2.1333e-01
2.0936e-01
2.0174e-01
1.9295e-01
1.9012e-01
1.9512e-01
2.0160e-01
2.0780e-01
2.1203e-01
2.1177e-01
2.0374e-01
1.9093e-01
1.7899e-01
1.7041e-01
1.6245e-01
1.4906e-01
1.2928e-01
1.0522e-01
7.7617e-02
4.3210e-02
2.4513e-03
-4.6448e-02
-1.1007e-01
-1.8011e-01
-2.4546e-01
-3.0183e-01
-3.5067e-01
-3.9720e-01
-4.3647e-01
-4.6235e-01
-4.7248e-01
-4.6743e-01
-4.4515e-01
-4.0961e-01
-3.6796e-01
-3.2144e-01
-2.6474e-01
-1.9340e-01
-1.1673e-01
-5.7849e-02
-3.7270e-02
-3.6062e-02
-1.1977e-02
3.3850e-02
8.4965e-02
1.3292e-01
1.7607e-01
2.2540e-01
2.7817e-01
3.2095e-01
3.5100e-01
3.6985e-01
3.8088e-01
3.8264e-01
3.7037e-01
3.3867e-01
2.9089e-01
2.3646e-01
1.7871e-01
1.1914e-01
6.0472e-02
7.2368e-03
-4.0130e-02
-8.3850e-02
-1.2334e-01
-1.5673e-01
-1.9276e-01
-2.2730e-01
-2.5481e-01
-2.7528e-01
-2.8871e-01
-2.9416e-01
-2.8982e-01
-2.6803e-01
-2.2756e-01
-1.7112e-01
-1.1567e-01
-7.0849e-02
-2.7054e-02
1.7311e-02
5.9352e-02
9.9199e-02
1.3291e-01
1.5961e-01
1.8044e-01
1.9764e-01
2.1288e-01
2.2585e-01
2.4026e-01
2.5752e-01
2.7358e-01
2.9148e-01
3.0586e-01
3.0461e-01
2.8974e-01
2.6483e-01
2.3077e-01
1.8856e-01
1.3989e-01
8.7623e-02
3.3001e-02
-2.6187e-02
-9.0903e-02
-1.5864e-01
-2.2261e-01
-2.7895e-01
-3.2210e-01
-3.5057e-01
-3.6297e-01
-3.6016e-01
-3.4529e-01
-3.1951e-01
-2.8406e-01
-2.4050e-01
-1.8747e-01
-1.2665e-01
-5.8552e-02
1.0694e-02
7.1008e-02
1.1256e-01
1.3095e-01
1.3732e-01
1.4919e-01
1.8727e-01
2.4143e-01
2.7390e-01
2.7559e-01
2.7250e-01
2.7932e-01
2.8111e-01
2.6345e-01
2.3065e-01
1.9051e-01
1.5045e-01
1.1204e-01
7.3426e-02
3.4876e-02
2.7489e-03
-2.1958e-02
-4.4774e-02
-7.2529e-02
-1.0438e-01
-1.3008e-01
-1.4645e-01
-1.5914e-01
-1.7256e-01
-1.8416e-01
-1.8718e-01
-1.7890e-01
-1.6221e-01
-1.3950e-01
-1.1315e-01
-8.5956e-02
-6.3221e-02
-4.4139e-02
-2.5179e-02
-8.8080e-03
3.7822e-03
1.3888e-02
2.2958e-02
3.1479e-02
3.4854e-02
3.2499e-02
2.8955e-02
2.7725e-02
2.3857e-02
1.1635e-02
-7.0783e-03
-2.9305e-02
-5.3998e-02
-7.5328e-02
-8.8874e-02
-9.5669e-02
-9.8885e-02
-9.7256e-02
-8.9987e-02
-7.7048e-02
-5.8305e-02
-3.4271e-02
-8.0273e-03
1.8491e-02
4.4259e-02
6.8410e-02
9.2916e-02
1.1647e-01
1.3054e-01
1.3448e-01
1.3412e-01
1.3263e-01
1.2790e-01
1.2108e-01
1.1461e-01
1.0769e-01
9.6813e-02
8.2209e-02
6.9264e-02
5.8509e-02
4.7029e-02
3.2352e-02
1.7043e-02
3.9269e-03
-8.2652e-03
-1.8622e-02
-2.7275e-02
-3.4115e-02
-3.9570e-02
-4.6817e-02
-5.7733e-02
-6.5883e-02
-6.4088e-02
-5.1229e-02
-3.4571e-02
-2.3270e-02
-2.0603e-02
-2.1924e-02
-2.3106e-02
-2.2355e-02
-1.8177e-02
-9.3383e-03
1.6942e-03
1.0730e-02
1.6388e-02
1.6915e-02
1.5383e-02
1.6173e-02
2.0687e-02
2.1731e-02
1.7135e-02
9.0317e-03
-3.3483e-03
-1.8618e-02
-3.1237e-02
-4.2799e-02
-5.3360e-02
-6.3722e-02
-7.5124e-02
-8.8838e-02
-1.0482e-01
-1.1924e-01
-1.3319e-01
-1.4688e-01
-1.5801e-01
-1.6520e-01
-1.6490e-01
-1.5659e-01
-1.4467e-01
-1.2969e-01
-1.1190e-01
-9.5045e-02
-8.3343e-02
-7.5709e-02
-6.9000e-02
-6.2066e-02
-5.3715e-02
-4.1165e-02
-2.4679e-02
-2.3700e-03
2.4964e-02
5.4538e-02
8.2316e-02
1.0186e-01
1.1262e-01
1.1779e-01
1.1946e-01
1.1878e-01
1.1760e-01
1.1628e-01
1.1245e-01
1.0601e-01
9.7999e-02
8.8451e-02
7.6292e-02
6.3477e-02
5.3271e-02
4.9249e-02
5.1874e-02
5.9403e-02
6.5414e-02
6.5894e-02
6.2114e-02
5.7017e-02
5.2552e-02
4.7525e-02
4.2065e-02
3.5967e-02
2.8376e-02
2.2488e-02
1.7928e-02
1.1756e-02
5.4408e-03
-8.9596e-04
-5.8352e-03
-9.7776e-03
-1.2740e-02
-1.4381e-02
-1.5354e-02
-1.3730e-02
-5.8749e-03
4.6876e-03
9.4334e-03
9.3744e-03
9.7091e-03
8.1552e-03
4.2059e-03
-4.6569e-04
-7.2878e-03
-1.4318e-02
-2.7181e-02
-4.8784e-02
-7.4365e-02
-9.6247e-02
-1.1407e-01
-1.2890e-01
-1.4251e-01
-1.5449e-01
-1.6484e-01
-1.7192e-01
-1.7195e-01
-1.6700e-01
-1.5992e-01
-1.5107e-01
-1.4280e-01
-1.3270e-01
-1.1556e-01
-8.7818e-02
-5.2353e-02
-1.4697e-02
2.2006e-02
6.0584e-02
9.9687e-02
1.3373e-01
1.6142e-01
1.8438e-01
2.0107e-01
2.0836e-01
2.0622e-01
1.9676e-01
1.8579e-01
1.7388e-01
1.5796e-01
1.3752e-01
1.1348e-01
8.8033e-02
6.0898e-02
3.5080e-02
1.3601e-02
-2.0343e-03
-1.1834e-02
-2.0032e-02
-2.6272e-02
-2.9640e-02
-3.0955e-02
-3.0237e-02
-2.9759e-02
-3.0582e-02
-3.4753e-02
-4.5693e-02
-6.0763e-02
-7.7545e-02
-9.4890e-02
-1.0941e-01
-1.2234e-01
-1.3478e-01
-1.4319e-01
-1.4467e-01
-1.3592e-01
-1.1522e-01
-8.9556e-02
-6.6884e-02
-4.7602e-02
-2.9181e-02
-9.7940e-03
9.7133e-03
2.7840e-02
4.5799e-02
6.5152e-02
8.6080e-02
1.0650e-01
1.2439e-01
1.4091e-01
1.5396e-01
1.6166e-01
1.6758e-01
1.7269e-01
1.7500e-01
1.7002e-01
1.6255e-01
1.5486e-01
1.4666e-01
1.3632e-01
1.2161e-01
1.0135e-01
7.6801e-02
5.2062e-02
3.0226e-02
1.0901e-02
-4.7688e-03
-1.7884e-02
-3.2571e-02
-4.8520e-02
-6.3743e-02
-7.5092e-02
-8.1992e-02
-8.8931e-02
-9.4756e-02
-1.0211e-01
-1.0863e-01
-1.1145e-01
-1.1062e-01
-1.0792e-01
-1.0653e-01
-1.0641e-01
-1.0654e-01
-1.0541e-01
-1.0266e-01
-9.7628e-02
-9.1176e-02
-8.2760e-02
-7.1004e-02
-5.7611e-02
-4.4398e-02
-2.9783e-02
-1.6815e-02
-6.7327e-03
2.6838e-03
1.3371e-02
2.7474e-02
4.5835e-02
6.3522e-02
7.7712e-02
8.6427e-02
8.8385e-02
8.6874e-02
7.9820e-02
6.7910e-02
5.5059e-02
4.3772e-02
3.7423e-02
3.6923e-02
4.0346e-02
4.4321e-02
4.7552e-02
5.0381e-02
4.9615e-02
4.2681e-02
3.0375e-02
1.3122e-02
-5.9174e-03
-2.2308e-02
-3.5773e-02
-4.3375e-02
-4.6029e-02
-4.3031e-02
-3.6531e-02
-3.0759e-02
-2.6213e-02
-2.3730e-02
-2.4303e-02
-2.4790e-02
-2.2411e-02
-1.6185e-02
-5.3456e-03
9.0856e-03
2.3601e-02
3.5225e-02
4.1383e-02
4.0549e-02
3.7085e-02
3.6421e-02
3.8894e-02
4.2915e-02
4.9452e-02
5.7472e-02
6.5784e-02
7.3329e-02
7.9943e-02
8.2507e-02
8.2202e-02
8.0152e-02
7.8623e-02
7.7308e-02
7.4575e-02
7.0899e-02
6.7580e-02
6.2962e-02
5.7090e-02
4.9170e-02
3.9776e-02
3.1013e-02
2.1930e-02
1.2318e-02
1.3010e-04
-1.6161e-02
-3.4059e-02
-5.0539e-02
-6.5103e-02
-8.0182e-02
-9.4264e-02
-1.0547e-01
-1.1579e-01
-1.2790e-01
-1.3921e-01
-1.4769e-01
-1.5610e-01
-1.6708e-01
-1.7922e-01
-1.8925e-01
-1.9748e-01
-2.0334e-01
-1.9924e-01
-1.8270e-01
-1.6118e-01
-1.4053e-01
-1.2001e-01
-9.6734e-02
-7.0703e-02
-4.3462e-02
-1.5331e-02
1.5762e-02
4.7697e-02
7.9359e-02
1.1281e-01
1.4941e-01
1.8700e-01
2.2409e-01
2.5980e-01
2.8715e-01
3.0476e-01
3.1227e-01
3.0992e-01
2.9876e-01
2.7803e-01
2.5003e-01
2.1776e-01
1.8199e-01
1.4121e-01
9.7226e-02
5.2788e-02
8.2114e-03
-3.6116e-02
-7.8152e-02
-1.1764e-01
-1.5552e-01
-1.9044e-01
-2.2080e-01
-2.4779e-01
-2.6974e-01
-2.8264e-01
-2.8452e-01
-2.7484e-01
-2.5536e-01
-2.3193e-01
-2.1110e-01
-1.9615e-01
-1.8529e-01
-1.7524e-01
-1.6182e-01
-1.4246e-01
-1.1934e-01
-9.2001e-02
-6.6253e-02
-4.2422e-02
-1.7903e-02
5.1984e-03
2.6300e-02
4.3625e-02
5.5578e-02
6.3842e-02
7.0437e-02
7.9141e-02
8.8181e-02
9.7407e-02
1.0632e-01
1.1350e-01
1.1625e-01
1.1211e-01
1.0033e-01
8.5952e-02
7.0941e-02
5.6694e-02
4.7751e-02
4.4415e-02
4.3873e-02
4.1540e-02
3.7490e-02
3.1197e-02
2.1734e-02
8.2581e-03
-5.8889e-03
-1.6177e-02
-2.0569e-02
-2.1356e-02
-2.3063e-02
-2.6164e-02
-2.7077e-02
-3.0513e-02
-3.8421e-02
-4.7726e-02
-5.6395e-02
-6.5750e-02
-7.4918e-02
-8.1567e-02
-8.2719e-02
-8.1221e-02
-8.0395e-02
-7.9995e-02
-7.7043e-02
-7.0403e-02
-5.8659e-02
-4.0440e-02
-1.8466e-02
6.1478e-03
3.0325e-02
5.0272e-02
6.2456e-02
6.7743e-02
6.9585e-02
6.8862e-02
6.5207e-02
5.8813e-02
4.9657e-02
3.7497e-02
2.2265e-02
7.0129e-03
-3.6427e-03
-8.3951e-03
-8.9389e-03
-7.7230e-03
-8.2217e-03
-1.2616e-02
-2.3845e-02
-3.7693e-02
-4.9953e-02
-6.0443e-02
-7.0308e-02
-7.6354e-02
-7.5182e-02
-6.9507e-02
-6.0771e-02
-5.1202e-02
-4.2058e-02
-3.3073e-02
-2.8980e-02
-2.7989e-02
-2.6420e-02
-2.1226e-02
-1.2390e-02
-2.6221e-03
8.8678e-03
2.1656e-02
3.0156e-02
3.5684e-02
3.9739e-02
4.1968e-02
4.5478e-02
4.9696e-02
5.4384e-02
6.0121e-02
6.4086e-02
6.8894e-02
7.4690e-02
7.9278e-02
8.2724e-02
8.4167e-02
8.7192e-02
8.9188e-02
8.9532e-02
9.0497e-02
9.0080e-02
8.7390e-02
7.9883e-02
6.7768e-02
5.4131e-02
4.1541e-02
3.0339e-02
1.9298e-02
8.0041e-03
-3.2309e-03
-1.3111e-02
-2.0508e-02
-2.6124e-02
-3.0668e-02
-3.4811e-02
-3.7992e-02
-3.9581e-02
-3.8752e-02
-3.5013e-02
-2.8274e-02
-1.9181e-02
-9.7117e-03
4.1520e-04
1.2394e-02
2.2610e-02
2.8858e-02
3.2100e-02
3.1619e-02
2.6339e-02
1.6237e-02
4.9534e-03
-5.7195e-03
-1.6615e-02
-2.9406e-02
-4.5153e-02
-5.9634e-02
-7.2430e-02
-8.3861e-02
-9.1404e-02
-9.2867e-02
-8.8915e-02
-7.9194e-02
-6.6524e-02
-5.3165e-02
-4.1419e-02
-3.1933e-02
-2.4356e-02
-1.7313e-02
-1.0478e-02
-5.6092e-03
-1.6060e-03
1.2976e-03
3.9092e-03
8.1330e-03
1.4773e-02
2.1627e-02
2.6326e-02
2.9389e-02
2.9894e-02
2.6171e-02
1.8550e-02
1.0056e-02
2.0616e-03
-4.4615e-03
-9.5139e-03
-1.0685e-02
-9.2825e-03
-7.0149e-03
-3.8463e-03
-1.2466e-04
1.8651e-03
8.7364e-04
-1.9465e-03
-6.0388e-03
-7.9364e-03
-5.4644e-03
1.7217e-03
1.0614e-02
2.0799e-02
2.9745e-02
3.7729e-02
4.6145e-02
5.5750e-02
6.6747e-02
7.6926e-02
8.4411e-02
8.6639e-02
8.2211e-02
7.1728e-02
5.7146e-02
4.0970e-02
2.5107e-02
9.0839e-03
-4.3898e-03
-1.5599e-02
-2.4508e-02
-3.0356e-02
-3.2896e-02
-3.2674e-02
-2.8301e-02
-2.1388e-02
-1.3440e-02
-4.8262e-03
3.2433e-03
9.2852e-03
1.3632e-02
1.7763e-02
2.1030e-02
2.3549e-02
2.4319e-02
2.4219e-02
2.2690e-02
1.9512e-02
1.7401e-02
1.3965e-02
8.2712e-03
1.6553e-03
-4.1311e-03
-8.4805e-03
-1.2553e-02
-1.5811e-02
-1.8317e-02
-1.9059e-02
-1.9010e-02
-1.7636e-02
-1.4207e-02
-1.0882e-02
-7.2263e-03
-3.9772e-03
-1.3984e-03
3.1040e-04
1.4998e-03
3.0782e-03
5.4643e-03
8.4499e-03
1.2144e-02
1.6575e-02
2.1714e-02
2.7216e-02
3.2927e-02
3.9798e-02
4.5502e-02
4.8515e-02
4.9386e-02
5.0093e-02
4.8276e-02
4.5438e-02
4.2654e-02
3.8831e-02
3.3707e-02
2.6701e-02
1.6443e-02
4.1212e-03
-9.6821e-03
-2.4783e-02
-3.8851e-02
-5.0243e-02
-5.9257e-02
-6.6478e-02
-6.9918e-02
-6.8213e-02
-6.2709e-02
-5.3899e-02
-4.4137e-02
-3.4378e-02
-2.4801e-02
-1.7150e-02
-1.1549e-02
-8.4865e-03
-6.8844e-03
-4.1945e-03
-1.1105e-04
3.9737e-03
7.1197e-03
9.7567e-03
1.1272e-02
1.1732e-02
1.2486e-02
1.3007e-02
1.5128e-02
1.9206e-02
2.4646e-02
3.1259e-02
3.7254e-02
4.2559e-02
4.6015e-02
4.7628e-02
4.6662e-02
4.2682e-02
3.7422e-02
3.3247e-02
3.0196e-02
2.6295e-02
2.1994e-02
1.7994e-02
1.3953e-02
8.4029e-03
4.8992e-04
-7.6928e-03
-1.5061e-02
-2.2989e-02
-3.0320e-02
-3.6070e-02
-4.0369e-02
-4.3355e-02
-4.6130e-02
-4.9052e-02
-5.1835e-02
-5.3473e-02
-5.3712e-02
-5.2575e-02
-4.9885e-02
-4.5899e-02
-4.1963e-02
-3.8849e-02
-3.5030e-02
-3.0645e-02
-2.6613e-02
-2.3556e-02
-2.0910e-02
-1.8097e-02
-1.5197e-02
-1.2278e-02
-1.0800e-02
-1.1771e-02
-1.4363e-02
-1.7150e-02
-1.9913e-02
-2.1706e-02
-2.1740e-02
-1.8487e-02
-1.2839e-02
-4.9681e-03
3.3322e-03
1.0366e-02
1.6355e-02
2.1635e-02
2.5066e-02
2.7706e-02
3.0377e-02
3.3366e-02
3.8215e-02
4.4124e-02
5.0918e-02
5.6656e-02
5.8820e-02
5.7648e-02
5.2956e-02
4.5918e-02
3.7062e-02
2.8125e-02
1.8882e-02
1.0281e-02
3.0472e-03
-3.7777e-03
-9.5779e-03
-1.5132e-02
-2.0824e-02
-2.6355e-02
-3.0668e-02
-3.3845e-02
-3.6500e-02
-3.7982e-02
-3.8442e-02
-3.9528e-02
-3.9862e-02
-3.8675e-02
-3.6134e-02
-3.2207e-02
-2.6775e-02
-2.0166e-02
-1.3292e-02
-6.1274e-03
1.7621e-03
8.9260e-03
1.5982e-02
2.3979e-02
3.1425e-02
3.7296e-02
4.0341e-02
3.9523e-02
3.6856e-02
3.4266e-02
3.2716e-02
3.1320e-02
2.9814e-02
2.8686e-02
2.8204e-02
2.6275e-02
2.3104e-02
1.8143e-02
1.2461e-02
7.0523e-03
1.5096e-03
-4.1228e-03
-9.7165e-03
-1.4137e-02
-1.7101e-02
-1.8597e-02
-1.9011e-02
-1.8980e-02
-1.7793e-02
-1.5238e-02
-1.2459e-02
-9.6968e-03
-6.9235e-03
-4.2014e-03
-1.4947e-03
1.6021e-03
5.2313e-03
7.3838e-03
8.5529e-03
8.8013e-03
7.7651e-03
6.2955e-03
3.6334e-03
8.1760e-04
-5.9858e-04
1.0433e-04
1.6705e-03
5.2248e-03
1.0684e-02
1.7351e-02
2.4374e-02
3.1207e-02
3.7191e-02
4.1685e-02
4.3308e-02
4.1108e-02
3.7310e-02
3.4000e-02
3.0607e-02
2.8375e-02
2.6108e-02
2.4111e-02
2.3039e-02
2.2978e-02
2.2736e-02
1.9433e-02
1.5034e-02
9.6727e-03
4.0533e-03
-2.3259e-04
-2.0691e-03
-2.2263e-03
-1.1443e-03
5.4222e-04
2.6059e-03
3.3345e-03
4.3984e-03
5.7895e-03
6.1703e-03
6.0023e-03
4.9260e-03
3.4134e-03
1.9943e-03
9.0821e-04
4.8739e-04
-1.4756e-03
-4.7662e-03
-9.7371e-03
-1.4221e-02
-1.7022e-02
-1.8796e-02
-2.0013e-02
-2.0293e-02
-2.0325e-02
-2.1321e-02
-2.2948e-02
-2.5614e-02
-2.8138e-02
-2.8754e-02
-2.8770e-02
-2.7662e-02
-2.3835e-02
-1.7457e-02
-1.0233e-02
-2.3751e-03
4.9220e-03
1.1644e-02
1.7750e-02
2.3114e-02
2.6497e-02
2.7972e-02
2.8158e-02
2.7200e-02
2.5779e-02
2.2993e-02
1.9312e-02
1.7200e-02
1.6044e-02
1.5738e-02
1.6058e-02
1.5787e-02
1.3377e-02
9.6097e-03
6.4230e-03
2.5455e-03
-1.4666e-03
-4.7091e-03
-8.2867e-03
-1.1696e-02
-1.5508e-02
-1.8546e-02
-1.9961e-02
-2.1369e-02
-2.4009e-02
-2.7978e-02
-3.2062e-02
-3.6402e-02
-4.1498e-02
-4.6132e-02
-5.0196e-02
-5.3278e-02
-5.4749e-02
-5.5127e-02
-5.4939e-02
-5.4086e-02
-5.2568e-02
-4.9906e-02
-4.6033e-02
-4.3018e-02
-4.0343e-02
-3.7523e-02
-3.3809e-02
-2.9321e-02
-2.2965e-02
-1.6073e-02
-9.0361e-03
-9.4329e-04
7.3575e-03
1.4715e-02
2.1399e-02
2.6312e-02
3.0133e-02
3.2296e-02
3.3571e-02
3.3779e-02
3.2592e-02
3.1335e-02
2.9950e-02
2.7397e-02
2.3413e-02
1.9081e-02
1.5080e-02
1.2176e-02
9.3412e-03
5.4149e-03
1.1397e-03
-2.9723e-03
-6.9951e-03
-1.1271e-02
-1.6684e-02
-2.2272e-02
-2.6629e-02
-2.9572e-02
-3.1356e-02
-3.1591e-02
-2.9161e-02
-2.4075e-02
-1.8331e-02
-1.2885e-02
-8.7270e-03
-5.5913e-03
-1.7800e-03
2.5730e-03
6.8911e-03
1.0738e-02
1.2797e-02
1.5015e-02
1.7123e-02
1.9373e-02
2.0097e-02
1.9705e-02
1.8827e-02
1.8450e-02
1.8426e-02
1.8569e-02
1.9878e-02
2.0930e-02
2.0316e-02
1.9833e-02
1.8932e-02
1.7097e-02
1.4915e-02
1.4235e-02
1.4461e-02
1.4386e-02
1.4346e-02
1.3467e-02
1.1759e-02
7.1578e-03
1.2189e-03
-5.3534e-03
-1.1097e-02
-1.5471e-02
-1.9518e-02
-2.2867e-02
-2.5451e-02
-2.5884e-02
-2.4698e-02
-2.3419e-02
-2.1858e-02
-1.9625e-02
-1.7718e-02
-1.5375e-02
-1.2588e-02
-9.6344e-03
-5.8588e-03
-2.7815e-03
9.1032e-05
2.7977e-03
4.3074e-03
4.7312e-03
5.5236e-03
6.0725e-03
7.3529e-03
8.5712e-03
7.6619e-03
6.1739e-03
4.9372e-03
3.4967e-03
1.0278e-03
-1.9503e-03
-4.6996e-03
-6.2713e-03
-6.3888e-03
-5.5599e-03
-3.9179e-03
-8.2864e-05
4.2319e-03
5.7484e-03
3.9105e-03
7.2645e-04
-4.0835e-03
-9.7393e-03
-1.5254e-02
-2.0882e-02
-2.5335e-02
-2.8180e-02
-2.8726e-02
-2.8482e-02
-2.7664e-02
-2.7220e-02
-2.6168e-02
-2.4825e-02
-2.3507e-02
-2.0936e-02
-1.6752e-02
-1.1747e-02
-7.2339e-03
-1.8232e-03
4.7921e-03
1.0589e-02
1.6129e-02
2.1862e-02
2.7163e-02
3.0679e-02
3.3400e-02
3.4775e-02
3.4152e-02
3.3683e-02
3.2713e-02
3.1181e-02
2.9799e-02
2.8676e-02
2.8057e-02
2.6104e-02
2.4335e-02
2.1909e-02
1.7780e-02
1.2535e-02
7.0684e-03
1.3357e-03
-5.3310e-03
-1.1107e-02
-1.5451e-02
-1.9537e-02
-2.3766e-02
-2.8117e-02
-3.2112e-02
-3.5018e-02
-3.7945e-02
-4.1918e-02
-4.5112e-02
-4.6432e-02
-4.5690e-02
-4.4177e-02
-4.1658e-02
-3.7847e-02
-3.3587e-02
-2.8290e-02
-2.2564e-02
-1.7219e-02
-1.2920e-02
-8.5707e-03
-3.2125e-03
1.2259e-03
3.9869e-03
5.8752e-03
8.1758e-03
9.8866e-03
1.1407e-02
1.3814e-02
1.5498e-02
1.6856e-02
1.8331e-02
1.9625e-02
2.0001e-02
1.9869e-02
1.8874e-02
1.7170e-02
1.4844e-02
1.3194e-02
1.1845e-02
9.4411e-03
6.3743e-03
2.4741e-03
-5.7654e-04
-2.0193e-03
-2.2945e-03
-2.2557e-03
-2.2076e-03
-2.3082e-03
-3.4294e-03
-4.9957e-03
-6.3238e-03
-6.4914e-03
-5.4126e-03
-3.8249e-03
-1.4812e-03
5.2098e-04
1.6567e-03
6.1053e-04
-2.0400e-03
-3.4829e-03
-3.6148e-03
-3.7387e-03
-4.7428e-03
-5.1916e-03
-6.1192e-03
-7.5950e-03
-1.0156e-02
-1.3292e-02
-1.5696e-02
-1.5177e-02
-1.3402e-02
-1.1291e-02
-9.4206e-03
-6.9201e-03
-4.2819e-03
-2.6360e-03
-4.7268e-05
3.8840e-03
8.0687e-03
1.2249e-02
1.6533e-02
2.0368e-02
2.2703e-02
2.4909e-02
2.5415e-02
2.4258e-02
2.3103e-02
2.1352e-02
1.7923e-02
1.4722e-02
1.2073e-02
9.1900e-03
6.5887e-03
4.6947e-03
3.4333e-03
3.2770e-03
4.4187e-03
4.8564e-03
4.4633e-03
2.4456e-03
5.0016e-04
-1.7373e-03
-3.6403e-03
-4.8748e-03
-5.0439e-03
-4.0104e-03
-3.4499e-03
-2.7510e-03
-3.2890e-03
-3.8044e-03
-4.8469e-03
-6.3831e-03
-7.4726e-03
-8.0447e-03
-9.0549e-03
-9.3271e-03
-8.0727e-03
-6.6959e-03
-5.4281e-03
-3.9844e-03
-1.4285e-03
1.4889e-03
4.0605e-03
5.7609e-03
7.3173e-03
8.4876e-03
7.6275e-03
6.1853e-03
4.9644e-03
3.3550e-03
8.6500e-04
-7.6596e-04
-7.9742e-04
-6.5422e-05
7.1119e-04
3.6642e-03
7.0684e-03
1.0757e-02
1.4993e-02
1.9145e-02
2.3559e-02
2.7276e-02
2.9538e-02
3.1828e-02
3.3582e-02
3.3823e-02
3.3749e-02
3.2652e-02
3.1212e-02
2.8895e-02
2.5844e-02
2.0893e-02
1.5344e-02
9.5687e-03
3.1309e-03
-2.6904e-03
-8.3907e-03
-1.4968e-02
-2.0757e-02
-2.6338e-02
-3.2173e-02
-3.7348e-02
-3.9721e-02
-4.1043e-02
-4.1112e-02
-3.8900e-02
-3.6193e-02
-3.3350e-02
-2.9359e-02
-2.5250e-02
-2.2231e-02
-1.9652e-02
-1.6705e-02
-1.2865e-02
-8.5738e-03
-4.3433e-03
-2.5970e-04
2.6734e-03
5.3801e-03
8.4370e-03
1.2063e-02
1.4388e-02
1.6404e-02
1.7137e-02
1.8041e-02
1.9836e-02
2.2096e-02
2.3796e-02
2.5363e-02
2.7616e-02
2.8260e-02
2.8371e-02
2.8108e-02
2.5940e-02
2.3184e-02
2.0348e-02
1.6446e-02
1.2223e-02
8.1105e-03
4.0709e-03
-3.0980e-04
-5.4562e-03
-1.0114e-02
-1.4097e-02
-1.7138e-02
-1.8875e-02
-1.9962e-02
-1.9457e-02
-1.8888e-02
-1.6869e-02
-1.3812e-02
-9.9925e-03
-5.9176e-03
-1.7544e-03
3.6918e-03
1.0216e-02
1.6407e-02
2.2631e-02
2.7676e-02
3.2639e-02
3.7217e-02
4.1383e-02
4.5729e-02
4.8589e-02
4.9158e-02
4.7887e-02
4.5326e-02
4.1383e-02
3.7246e-02
3.3086e-02
2.9084e-02
2.4740e-02
1.9535e-02
1.3902e-02
8.2587e-03
1.8710e-03
-4.2598e-03
-1.1772e-02
-1.9429e-02
-2.7288e-02
-3.3513e-02
-3.7606e-02
-3.9751e-02
-4.0734e-02
-4.0201e-02
-3.9589e-02
-3.8903e-02
-3.8338e-02
-3.7272e-02
-3.5932e-02
-3.5619e-02
-3.4663e-02
-3.3240e-02
-3.0571e-02
-2.6679e-02
-2.2434e-02
-1.8302e-02
-1.4300e-02
-1.0943e-02
-7.3649e-03
-5.3424e-03
-3.9064e-03
-2.5381e-03
-2.4841e-03
-3.3802e-03
-3.7156e-03
-4.8544e-03
-7.3971e-03
-1.0214e-02
-1.3089e-02
-1.5821e-02
-1.7333e-02
-1.7585e-02
-1.7665e-02
-1.7593e-02
-1.6494e-02
-1.5048e-02
-1.3650e-02
-1.2313e-02
-1.1023e-02
-9.5543e-03
-7.1215e-03
-4.0393e-03
-3.3290e-04
2.7378e-03
5.5357e-03
8.3787e-03
9.9882e-03
1.0011e-02
9.1213e-03
8.6460e-03
7.5938e-03
6.3350e-03
5.8794e-03
4.8630e-03
4.4539e-03
4.7732e-03
5.7366e-03
5.9166e-03
5.9575e-03
7.1588e-03
8.5945e-03
8.9848e-03
8.4957e-03
6.6816e-03
5.7136e-03
4.0307e-03
1.9317e-03
-1.5321e-03
-5.8694e-03
-9.9415e-03
-1.4224e-02
-1.8197e-02
-2.1426e-02
-2.4058e-02
-2.5781e-02
-2.5980e-02
-2.4881e-02
-2.2175e-02
-1.8331e-02
-1.4201e-02
-1.0049e-02
-4.8104e-03
9.9252e-04
7.4240e-03
1.3382e-02
1.9961e-02
2.7085e-02
3.3964e-02
3.9837e-02
4.4267e-02
4.7061e-02
4.7693e-02
4.7652e-02
4.6591e-02
4.3940e-02
4.0009e-02
3.5803e-02
3.1708e-02
2.7686e-02
2.3354e-02
1.8029e-02
1.2584e-02
7.8740e-03
2.9125e-03
-5.8694e-04
-3.2480e-03
-4.9380e-03
-5.0860e-03
-4.0363e-03
-2.4150e-03
-1.6558e-04
1.7342e-03
3.9274e-03
5.8864e-03
8.1075e-03
1.0144e-02
1.2243e-02
1.4007e-02
1.6505e-02
2.0687e-02
2.4831e-02
2.7701e-02
2.9169e-02
3.0887e-02
3.3162e-02
3.3999e-02
3.3767e-02
3.2482e-02
3.0058e-02
2.8463e-02
2.6929e-02
2.4826e-02
2.2797e-02
1.9292e-02
1.4941e-02
1.0894e-02
6.6914e-03
2.6101e-03
-1.6680e-03
-5.8412e-03
-9.8189e-03
-1.3074e-02
-1.6947e-02
-1.9926e-02
-2.1523e-02
-2.2877e-02
-2.4450e-02
-2.5658e-02
-2.5870e-02
-2.5992e-02
-2.7085e-02
-2.7471e-02
-2.7220e-02
-2.6327e-02
-2.5794e-02
-2.4849e-02
-2.4373e-02
-2.4751e-02
-2.5761e-02
-2.5922e-02
-2.4874e-02
-2.4398e-02
-2.3569e-02
-2.3037e-02
-2.2229e-02
-2.1729e-02
-2.0711e-02
-1.9220e-02
-1.7906e-02
-1.6460e-02
-1.5002e-02
-1.3741e-02
-1.3451e-02
-1.3350e-02
-1.3492e-02
-1.4716e-02
-1.5989e-02
-1.6155e-02
-1.6345e-02
-1.7303e-02
-1.7585e-02
-1.7753e-02
-1.8693e-02
-1.8982e-02
-1.9191e-02
-1.9984e-02
-1.9541e-02
-1.8899e-02
-1.6915e-02
-1.3799e-02
-9.9630e-03
-5.9605e-03
-2.7531e-03
1.1414e-03
4.2152e-03
5.5943e-03
5.9443e-03
7.0466e-03
8.5788e-03
9.9043e-03
1.1204e-02
1.2753e-02
1.5058e-02
1.6998e-02
1.9334e-02
2.1152e-02
2.2259e-02
2.2777e-02
2.3592e-02
2.4216e-02
2.5087e-02
2.5561e-02
2.5305e-02
2.4422e-02
2.2887e-02
2.0372e-02
1.6480e-02
1.2208e-02
6.9310e-03
1.3983e-03
-4.1486e-03
-9.6973e-03
-1.5360e-02
-2.0766e-02
-2.5327e-02
-2.9366e-02
-3.2520e-02
-3.4195e-02
-3.4242e-02
-3.2042e-02
-2.9115e-02
-2.5429e-02
-2.1101e-02
-1.5732e-02
-1.0229e-02
-5.8920e-03
-1.8297e-03
2.6261e-03
7.6113e-03
1.1327e-02
1.4793e-02
1.6968e-02
1.8187e-02
1.8580e-02
1.7360e-02
1.4761e-02
1.0815e-02
6.6785e-03
2.5354e-03
-1.6141e-03
-5.8553e-03
-9.8400e-03
-1.3214e-02
-1.6677e-02
-1.8957e-02
-2.1156e-02
-2.3098e-02
-2.4345e-02
-2.4675e-02
-2.3324e-02
-2.1010e-02
-1.8101e-02
-1.4207e-02
-8.9127e-03
-3.3156e-03
3.2475e-03
1.0427e-02
1.8468e-02
2.5593e-02
3.1460e-02
3.6855e-02
4.1442e-02
4.5421e-02
4.8658e-02
5.1327e-02
5.3041e-02
5.3216e-02
5.2098e-02
4.9468e-02
4.5774e-02
4.1178e-02
3.5201e-02
2.9125e-02
2.2338e-02
1.4476e-02
8.1841e-03
1.7535e-03
-4.1482e-03
-9.7792e-03
-1.5191e-02
-1.9802e-02
-2.3872e-02
-2.6861e-02
-2.8404e-02
-2.9824e-02
-3.1378e-02
-3.2791e-02
-3.2757e-02
-3.1801e-02
-3.1547e-02
-3.1455e-02
-3.0381e-02
-3.0106e-02
-3.0242e-02
-3.0127e-02
-2.8990e-02
-2.7670e-02
-2.6128e-02
-2.3722e-02
-2.0959e-02
-1.8105e-02
-1.4192e-02
-1.0070e-02
-5.8190e-03
-1.5505e-03
2.3203e-03
4.5790e-03
6.7259e-03
7.3950e-03
7.3826e-03
7.3222e-03
6.3140e-03
4.7681e-03
2.4060e-03
-5.7551e-04
-4.3563e-03
-8.5285e-03
-1.2823e-02
-1.8001e-02
-2.2549e-02
-2.6691e-02
-2.9800e-02
-3.1195e-02
-3.0435e-02
-2.8954e-02
-2.6442e-02
-2.2654e-02
-1.8167e-02
-1.3045e-02
-8.7307e-03
-5.4281e-03
-1.7660e-03
2.0050e-04
1.4119e-03
3.0385e-03
5.3234e-03
7.2243e-03
9.6688e-03
1.2334e-02
1.4315e-02
1.6398e-02
1.7155e-02
1.8070e-02
1.9684e-02
2.1187e-02
2.2288e-02
2.1626e-02
2.1186e-02
2.0105e-02
1.8594e-02
1.7408e-02
1.7047e-02
1.6101e-02
1.4526e-02
1.1981e-02
9.1071e-03
6.5545e-03
4.7095e-03
2.4907e-03
5.2508e-04
-1.8145e-03
-3.6435e-03
-4.7149e-03
-5.2714e-03
-6.1550e-03
-6.6143e-03
-6.5949e-03
-6.4169e-03
-5.3859e-03
-5.0619e-03
-5.1582e-03
-5.2938e-03
-5.0965e-03
-3.8849e-03
-2.6741e-03
-2.3088e-03
-1.2616e-03
2.0946e-04
1.5661e-03
2.9546e-03
4.3308e-03
5.7297e-03
7.0787e-03
8.5143e-03
1.0035e-02
1.1264e-02
1.1390e-02
1.1491e-02
1.2705e-02
1.4046e-02
1.4438e-02
1.4369e-02
1.3095e-02
1.0491e-02
7.9588e-03
6.1720e-03
3.6413e-03
9.2720e-04
-7.3677e-04
-2.1469e-03
-3.4201e-03
-3.8912e-03
-3.7945e-03
-2.4756e-03
-4.3561e-05
1.6231e-03
2.9398e-03
4.2891e-03
5.6144e-03
7.2543e-03
9.5960e-03
1.1332e-02
1.2731e-02
1.4003e-02
1.4293e-02
1.4345e-02
1.4258e-02
1.3273e-02
1.1694e-02
9.2469e-03
6.4391e-03
3.6889e-03
7.9976e-04
-1.8248e-03
-3.5109e-03
-4.8240e-03
-6.3108e-03
-7.6992e-03
-8.9553e-03
-1.0321e-02
-1.3089e-02
-1.6989e-02
-1.9996e-02
-2.1616e-02
-2.2850e-02
-2.3298e-02
-2.3264e-02
-2.2009e-02
-1.9486e-02
-1.6809e-02
-1.3918e-02
-9.9564e-03
-5.9051e-03
-2.8083e-03
1.0676e-04
2.5884e-03
3.2267e-03
3.3292e-03
3.0424e-03
9.3998e-04
-8.9211e-04
-1.9566e-03
-2.4877e-03
-3.3714e-03
-3.8082e-03
-3.7785e-03
-3.7299e-03
-2.6721e-03
-1.1849e-03
1.2630e-03
4.2288e-03
7.7866e-03
1.1255e-02
1.5970e-02
2.0502e-02
2.4844e-02
2.9914e-02
3.3419e-02
3.6073e-02
3.7625e-02
3.7923e-02
3.7974e-02
3.7783e-02
3.6909e-02
3.6500e-02
3.5535e-02
3.3811e-02
3.1578e-02
2.9829e-02
2.7425e-02
2.3357e-02
1.8148e-02
1.2279e-02
5.8801e-03
-1.3631e-05
-5.5875e-03
-1.1213e-02
-1.5476e-02
-1.8501e-02
-2.1232e-02
-2.4194e-02
-2.6803e-02
-2.8529e-02
-2.9901e-02
-3.1268e-02
-3.1629e-02
-3.1461e-02
-3.0356e-02
-2.9064e-02
-2.7556e-02
-2.5091e-02
-2.2238e-02
-1.9508e-02
-1.6729e-02
-1.4030e-02
-1.1124e-02
-8.2007e-03
-5.8899e-03
-5.0716e-03
-2.8607e-03
-9.4864e-05
1.7249e-03
3.8571e-03
5.8087e-03
8.4387e-03
1.0897e-02
1.1523e-02
1.2706e-02
1.4148e-02
1.4172e-02
1.3168e-02
1.2942e-02
1.2835e-02
1.1791e-02
1.1371e-02
1.1649e-02
1.2554e-02
1.3083e-02
1.3851e-02
1.4494e-02
1.5382e-02
1.5739e-02
1.5505e-02
1.5872e-02
1.6780e-02
1.7072e-02
1.6983e-02
1.8254e-02
1.9817e-02
2.0923e-02
2.0247e-02
1.9760e-02
1.8680e-02
1.7328e-02
1.6116e-02
1.4432e-02
1.1041e-02
7.6324e-03
3.9718e-03
8.7546e-04
-1.7753e-03
-4.6332e-03
-7.5193e-03
-1.0209e-02
-1.1853e-02
-1.3167e-02
-1.4560e-02
-1.6018e-02
-1.7478e-02
-1.8647e-02
-1.9167e-02
-2.0085e-02
-2.0451e-02
-2.0394e-02
-2.0487e-02
-2.0277e-02
-1.9517e-02
-1.8821e-02
-1.6967e-02
-1.4848e-02
-1.2587e-02
-1.0884e-02
-1.0685e-02
-1.0689e-02
-1.1826e-02
-1.3410e-02
-1.5533e-02
-1.6512e-02
-1.8326e-02
-1.9235e-02
-1.9959e-02
-2.0449e-02
-2.1528e-02
-2.3120e-02
-2.4170e-02
-2.4601e-02
-2.5715e-02
-2.7146e-02
-2.7455e-02
-2.7211e-02
-2.6293e-02
-2.5774e-02
-2.4984e-02
-2.4449e-02
-2.3519e-02
-2.2191e-02
-2.0519e-02
-1.7137e-02
-1.3848e-02
-9.9497e-03
-5.8636e-03
-2.8508e-03
-8.1004e-05
2.8000e-03
5.3820e-03
7.1695e-03
9.4819e-03
1.2486e-02
1.6342e-02
2.0559e-02
2.4642e-02
2.8968e-02
3.3069e-02
3.6038e-02
3.7744e-02
3.9084e-02
3.9288e-02
3.8233e-02
3.6625e-02
3.4474e-02
3.2368e-02
2.9166e-02
2.5885e-02
2.1938e-02
1.6637e-02
1.2228e-02
8.0913e-03
4.0125e-03
-2.3377e-04
-4.4511e-03
-8.5880e-03
-1.1687e-02
-1.4266e-02
-1.5956e-02
-1.7576e-02
-1.8684e-02
-1.7943e-02
-1.6459e-02
-1.4991e-02
-1.2660e-02
-1.0794e-02
-8.5541e-03
-6.7480e-03
-4.2337e-03
-1.3408e-03
1.2055e-03
3.0794e-03
5.4246e-03
7.1638e-03
8.4650e-03
9.8623e-03
1.1417e-02
1.2732e-02
1.2794e-02
1.1821e-02
1.1494e-02
1.0522e-02
8.7566e-03
6.6117e-03
5.8871e-03
4.9383e-03
3.4250e-03
2.0205e-03
6.4904e-04
-5.7957e-04
-2.0835e-03
-4.6175e-03
-7.6051e-03
-1.0175e-02
-1.1747e-02
-1.3284e-02
-1.5673e-02
-1.7416e-02
-1.8848e-02
-2.0212e-02
-2.0395e-02
-1.9382e-02
-1.7757e-02
-1.5231e-02
-1.2675e-02
-1.0915e-02
-8.3468e-03
-5.6455e-03
-3.9248e-03
-2.5274e-03
-1.3308e-03
-8.9673e-04
1.2507e-04
1.4749e-03
3.0935e-03
5.4698e-03
7.1913e-03
8.4488e-03
9.8787e-03
1.1395e-02
1.2759e-02
1.2780e-02
1.1869e-02
1.1420e-02
1.0488e-02
8.9516e-03
7.5437e-03
6.2993e-03
5.8932e-03
5.0099e-03
4.4459e-03
3.4921e-03
3.1236e-03
3.2265e-03
3.3519e-03
3.1847e-03
1.9528e-03
6.4787e-04
4.5652e-04
4.8325e-04
3.6160e-04
4.5513e-04
1.5894e-03
2.9670e-03
4.2315e-03
5.8564e-03
8.3466e-03
9.9276e-03
1.0175e-02
1.0197e-02
9.9863e-03
9.0998e-03
8.8468e-03
8.5582e-03
7.6639e-03
8.4513e-03
1.0100e-02
1.1256e-02
1.1580e-02
1.1537e-02
1.1430e-02
1.0494e-02
9.9988e-03
9.1967e-03
8.7239e-03
7.5574e-03
6.2197e-03
5.9578e-03
6.0261e-03
5.9988e-03
6.0217e-03
5.9738e-03
5.8957e-03
5.9898e-03
7.1067e-03
8.5587e-03
1.0055e-02
1.1229e-02
1.1539e-02
1.1550e-02
1.1539e-02
1.0469e-02
8.8860e-03
6.6405e-03
4.6664e-03
1.4787e-03
-2.0434e-03
-6.8572e-03
-1.1556e-02
-1.5410e-02
-1.8513e-02
-2.1337e-02
-2.4132e-02
-2.5650e-02
-2.6056e-02
-2.5947e-02
-2.4697e-02
-2.2343e-02
-2.0471e-02
-1.8335e-02
-1.6363e-02
-1.3772e-02
-1.1401e-02
-1.0617e-02
-8.4119e-03
-5.6632e-03
-3.7892e-03
-1.6355e-03
2.4885e-04
2.7424e-03
5.5519e-03
7.2315e-03
8.4024e-03
8.8502e-03
9.7408e-03
1.0334e-02
1.1255e-02
1.1561e-02
1.1405e-02
1.1626e-02
1.2503e-02
1.3146e-02
1.4054e-02
1.4235e-02
1.3370e-02
1.2831e-02
1.0670e-02
7.8241e-03
5.1840e-03
2.1949e-03
-1.5452e-03
-4.8004e-03
-7.3197e-03
-9.0814e-03
-1.0457e-02
-1.1745e-02
-1.2167e-02
-1.3030e-02
-1.3596e-02
-1.4556e-02
-1.4853e-02
-1.4717e-02
-1.4950e-02
-1.5805e-02
-1.6310e-02
-1.7431e-02
-1.8752e-02
-1.9017e-02
-1.9082e-02
-1.8966e-02
-1.7878e-02
-1.6428e-02
-1.5060e-02
-1.3686e-02
-1.2330e-02
-1.0931e-02
-9.5079e-03
-8.1409e-03
-6.8641e-03
-5.3431e-03
-2.8268e-03
2.2575e-06
2.7093e-03
5.5055e-03
8.3897e-03
1.0997e-02
1.2668e-02
1.4150e-02
1.5521e-02
1.5596e-02
1.4696e-02
1.4166e-02
1.3136e-02
1.1978e-02
1.1390e-02
9.3400e-03
7.5557e-03
6.2217e-03
4.8820e-03
3.5851e-03
1.9526e-03
-4.4452e-04
-2.2014e-03
-3.2982e-03
-3.9546e-03
-4.7605e-03
-4.0733e-03
-2.4594e-03
-1.0613e-03
1.2104e-04
4.5034e-04
1.5105e-03
2.9830e-03
4.5003e-03
5.7040e-03
6.0062e-03
6.0226e-03
5.9994e-03
4.9408e-03
3.3259e-03
1.0360e-03
-8.4087e-04
-3.0495e-03
-5.0375e-03
-7.3250e-03
-9.0764e-03
-1.0407e-02
-1.1911e-02
-1.3048e-02
-1.3589e-02
-1.4463e-02
-1.4886e-02
-1.4886e-02
-1.4785e-02
-1.3669e-02
-1.2399e-02
-1.0877e-02
-8.3805e-03
-5.5677e-03
-2.9237e-03
7.9566e-05
3.8212e-03
7.0596e-03
9.6134e-03
1.1404e-02
1.2589e-02
1.3043e-02
1.2834e-02
1.1924e-02
1.0331e-02
7.9510e-03
4.9967e-03
2.2223e-03
-3.4710e-04
-2.0401e-03
-4.5851e-03
-7.5220e-03
-1.0175e-02
-1.1785e-02
-1.3265e-02
-1.4633e-02
-1.4805e-02
-1.3631e-02
-1.2381e-02
-1.0867e-02
-8.3917e-03
-5.5343e-03
-2.9563e-03
3.0744e-05
3.9288e-03
8.0163e-03
1.1137e-02
1.4810e-02
1.8239e-02
2.1879e-02
2.3954e-02
2.5097e-02
2.5530e-02
2.5373e-02
2.4296e-02
2.2877e-02
2.1634e-02
2.0125e-02
1.7624e-02
1.4772e-02
1.2025e-02
9.2761e-03
6.5053e-03
3.7159e-03
9.4579e-04
-1.8234e-03
-4.5918e-03
-7.3877e-03
-1.0259e-02
-1.2912e-02
-1.4705e-02
-1.5893e-02
-1.6189e-02
-1.6149e-02
-1.6329e-02
-1.6173e-02
-1.5074e-02
-1.3626e-02
-1.2395e-02
-1.0789e-02
-8.5493e-03
-6.5297e-03
-4.3171e-03
-2.4653e-03
-1.1553e-03
1.4572e-04
5.3659e-04
1.4709e-03
1.9703e-03
2.8366e-03
3.2715e-03
4.3432e-03
5.7560e-03
7.1701e-03
8.6229e-03
9.9555e-03
1.0267e-02
1.0025e-02
9.1464e-03
8.7346e-03
7.6899e-03
6.2333e-03
4.8187e-03
3.4931e-03
2.1687e-03
6.1490e-04
-1.7146e-03
-3.6126e-03
-5.8338e-03
-7.8021e-03
-1.0088e-02
-1.1854e-02
-1.3224e-02
-1.4542e-02
-1.4927e-02
-1.4724e-02
-1.3678e-02
-1.2350e-02
-1.0869e-02
-8.3638e-03
-5.6944e-03
-2.7609e-03
1.1546e-03
5.3086e-03
8.4016e-03
1.1040e-02
1.2724e-02
1.3955e-02
1.4573e-02
1.5294e-02
1.4624e-02
1.4247e-02
1.4464e-02
1.4334e-02
1.3216e-02
1.1742e-02
1.0388e-02
9.0947e-03
7.7455e-03
6.0530e-03
3.8772e-03
3.0352e-03
2.1904e-03
1.8097e-03
1.8844e-03
1.8292e-03
1.8289e-03
1.8500e-03
1.9295e-03
1.7135e-03
8.5472e-04
3.6940e-04
-6.0413e-04
-1.9869e-03
-3.5602e-03
-5.9593e-03
-7.7674e-03
-8.9916e-03
-9.3809e-03
-9.0562e-03
-8.2078e-03
-7.8645e-03
-7.7208e-03
-6.9639e-03
-7.4343e-03
-6.9197e-03
-6.4181e-03
-5.4194e-03
-3.7920e-03
-1.6883e-03
4.3678e-04
3.9223e-03
7.0059e-03
8.5018e-03
9.8718e-03
1.1418e-02
1.2811e-02
1.2810e-02
1.1796e-02
1.1611e-02
1.1535e-02
1.0376e-02
9.2236e-03
8.6215e-03
6.7376e-03
4.7388e-03
2.2906e-03
-3.3872e-04
-2.1631e-03
-4.5627e-03
-6.3487e-03
-7.4397e-03
-8.0220e-03
-9.0171e-03
-9.2242e-03
-8.1945e-03
-7.6765e-03
-6.8524e-03
-6.4601e-03
-5.4872e-03
-3.7401e-03
-1.4550e-03
1.6414e-04
1.7134e-03
4.2122e-03
5.6700e-03
6.0362e-03
7.1977e-03
8.5452e-03
8.8385e-03
8.8825e-03
8.7374e-03
7.6739e-03
6.3344e-03
4.8425e-03
2.3597e-03
-4.3096e-04
-3.2406e-03
-6.0985e-03
-8.6067e-03
-1.0436e-02
-1.2966e-02
-1.5697e-02
-1.7349e-02
-1.8781e-02
-2.0074e-02
-2.0496e-02
-2.0269e-02
-1.9231e-02
-1.7896e-02
-1.6405e-02
-1.3814e-02
-1.1236e-02
-9.3095e-03
-7.1050e-03
-5.3596e-03
-3.7768e-03
-1.5423e-03
-7.3467e-04
1.5727e-04
5.0193e-04
4.6242e-04
4.8246e-04
4.8681e-04
4.6326e-04
5.1362e-04
5.6546e-04
3.9479e-04
-5.2136e-04
-1.0827e-03
-1.9913e-03
-2.3300e-03
-2.2552e-03
-2.3140e-03
-2.2950e-03
-2.1952e-03
-2.3068e-03
-3.3994e-03
-4.9088e-03
-6.3231e-03
-7.4844e-03
-7.9604e-03
-8.9633e-03
-9.4075e-03
-9.0732e-03
-8.1484e-03
-7.8758e-03
-7.8011e-03
-6.8695e-03
-6.2899e-03
-5.3785e-03
-5.0320e-03
-5.1265e-03
-5.0434e-03
-5.0910e-03
-5.1602e-03
-5.0778e-03
-3.9336e-03
-2.5003e-03
-1.0855e-03
2.0795e-04
1.5082e-03
3.1151e-03
5.5236e-03
7.2261e-03
8.5527e-03
9.9429e-03
1.1335e-02
1.2689e-02
1.4117e-02
1.5600e-02
1.6890e-02
1.7151e-02
1.7109e-02
1.7089e-02
1.7150e-02
1.7247e-02
1.7138e-02
1.5996e-02
1.4576e-02
1.3190e-02
1.1833e-02
1.0415e-02
9.1100e-03
7.7770e-03
6.1697e-03
3.7252e-03
2.0892e-03
8.6972e-04
-7.2350e-04
-3.1814e-03
-4.9408e-03
-6.0908e-03
-6.6658e-03
-7.3941e-03
-6.8741e-03
-6.3774e-03
-5.4428e-03
-3.7464e-03
-1.5305e-03
3.4931e-04
2.7062e-03
5.5715e-03
8.3166e-03
1.1199e-02
1.3830e-02
1.5638e-02
1.6805e-02
1.7189e-02
1.7175e-02
1.6997e-02
1.6130e-02
1.5798e-02
1.4612e-02
1.2081e-02
9.3408e-03
6.3739e-03
2.7849e-03
-4.7023e-04
-4.3645e-03
-8.5592e-03
-1.1595e-02
-1.4131e-02
-1.6140e-02
-1.8387e-02
-1.9015e-02
-1.8857e-02
-1.8932e-02
-1.9051e-02
-1.8926e-02
-1.7846e-02
-1.6480e-02
-1.4891e-02
-1.2540e-02
-1.0830e-02
-9.5080e-03
-8.1099e-03
-6.7344e-03
-5.3047e-03
-3.8032e-03
-2.5661e-03
-2.2681e-03
-2.2529e-03
-2.3025e-03
-3.2874e-03
-4.8846e-03
-7.4511e-03
-1.0052e-02
-1.1930e-02
-1.4180e-02
-1.5972e-02
-1.7353e-02
-1.8694e-02
-1.9023e-02
-1.8934e-02
-1.7878e-02
-1.6278e-02
-1.3976e-02
-1.2088e-02
-9.8937e-03
-8.0064e-03
-5.6201e-03
-2.8404e-03
1.4382e-04
3.8802e-03
7.0306e-03
9.7540e-03
1.2355e-02
1.4335e-02
1.6584e-02
1.7289e-02
1.7063e-02
1.6111e-02
1.4545e-02
1.2092e-02
9.2748e-03
6.5709e-03
3.7568e-03
8.6194e-04
-1.7371e-03
-3.2961e-03
-4.8813e-03
-7.4160e-03
-9.0016e-03
-9.2501e-03
-9.2269e-03
-9.0995e-03
-8.3052e-03
-7.6817e-03
-5.7620e-03
-3.6588e-03
-1.3077e-03
1.7145e-04
4.5182e-04
1.6940e-03
3.1530e-03
3.2430e-03
2.0102e-03
9.2411e-04
3.1473e-04
-1.6536e-03
-3.3967e-03
-4.9083e-03
-7.2904e-03
-9.0195e-03
-1.0466e-02
-1.1704e-02
-1.2019e-02
-1.2076e-02
-1.1978e-02
-1.0883e-02
-9.4636e-03
-8.0464e-03
-6.5719e-03
-5.4327e-03
-5.0166e-03
-3.9815e-03
-2.4695e-03
-1.0825e-03
2.9580e-04
1.4774e-03
3.0529e-03
5.6545e-03
8.4049e-03
9.9610e-03
1.1302e-02
1.2832e-02
1.4230e-02
1.4254e-02
1.3344e-02
1.2851e-02
1.1959e-02
1.0492e-02
8.9273e-03
6.7564e-03
5.7607e-03
3.9975e-03
3.2171e-03
2.1765e-03
6.2181e-04
-5.0027e-04
-8.8251e-04
-1.9751e-03
-3.5328e-03
-4.7100e-03
-5.1404e-03
-6.0152e-03
-6.7168e-03
-7.3997e-03
-6.7978e-03
-6.3097e-03
-6.3619e-03
-6.5625e-03
-7.5460e-03
-7.8755e-03
-7.9063e-03
-7.7922e-03
-6.6668e-03
-5.3045e-03
-3.9399e-03
-2.2944e-03
-2.3694e-04
7.3229e-04
2.6748e-03
4.5109e-03
5.7860e-03
7.1927e-03
8.5842e-03
1.0116e-02
1.1314e-02
1.1615e-02
1.1665e-02
1.1581e-02
1.0493e-02
9.0353e-03
7.7178e-03
6.3822e-03
4.8075e-03
2.5439e-03
6.9937e-04
-1.8555e-03
-4.5104e-03
-6.1490e-03
-7.7309e-03
-9.8514e-03
-1.0878e-02
-1.2659e-02
-1.3673e-02
-1.4260e-02
-1.3778e-02
-1.3245e-02
-1.2422e-02
-1.0660e-02
-8.3768e-03
-6.5818e-03
-5.3509e-03
-3.8520e-03
-2.5561e-03
-1.1612e-03
3.6463e-04
2.7045e-03
4.5821e-03
6.8062e-03
8.7472e-03
1.1060e-02
1.2919e-02
1.4031e-02
1.4428e-02
1.4527e-02
1.4284e-02
1.2219e-02
1.0269e-02
8.1081e-03
6.2822e-03
3.8230e-03
8.8955e-04
-1.6501e-03
-3.5363e-03
-5.7560e-03
-7.7266e-03
-9.9000e-03
-1.1972e-02
-1.4256e-02
-1.5810e-02
-1.6220e-02
-1.7338e-02
-1.7503e-02
-1.6384e-02
-1.5035e-02
-1.3604e-02
-1.1077e-02
-8.1883e-03
-5.6095e-03
-3.7743e-03
-1.5344e-03
4.8433e-04
2.6948e-03
4.4120e-03
5.9838e-03
8.1938e-03
9.0687e-03
9.9971e-03
1.0120e-02
9.2329e-03
8.8877e-03
7.6357e-03
5.2093e-03
3.4775e-03
2.0298e-03
8.5016e-04
6.3828e-04
4.5881e-04
-5.7123e-04
-8.8211e-04
-8.5455e-04
-8.9197e-04
-7.4512e-04
6.5353e-05
7.4155e-04
2.6499e-03
4.5424e-03
6.8510e-03
9.8888e-03
1.3513e-02
1.7015e-02
2.0499e-02
2.2591e-02
2.3877e-02
2.5259e-02
2.5577e-02
2.5480e-02
2.4449e-02
2.2983e-02
2.0574e-02
1.7517e-02
1.3766e-02
1.0690e-02
8.0369e-03
5.1954e-03
2.3007e-03
-3.5132e-04
-1.9806e-03
-3.3610e-03
-4.8420e-03
-6.0433e-03
-6.5916e-03
-7.4553e-03
-7.7454e-03
-7.8957e-03
-8.9196e-03
-9.2227e-03
-9.2010e-03
-9.2602e-03
-9.0599e-03
-8.2305e-03
-7.7290e-03
-6.5942e-03
-5.2420e-03
-5.0472e-03
-5.0534e-03
-4.9171e-03
-5.0191e-03
-6.2673e-03
-7.5829e-03
-7.8444e-03
-7.7181e-03
-7.7935e-03
-7.9003e-03
-7.8009e-03
-6.6399e-03
-5.2788e-03
-3.9056e-03
-2.2683e-03
-2.1755e-04
7.2351e-04
2.7281e-03
4.6699e-03
5.6640e-03
6.0229e-03
7.2773e-03
9.7653e-03
1.1454e-02
1.2869e-02
1.4092e-02
1.4424e-02
1.4487e-02
1.4380e-02
1.3251e-02
1.1868e-02
1.0604e-02
8.9656e-03
6.6515e-03
4.9894e-03
3.4661e-03
1.0725e-03
-6.0374e-04
-1.9657e-03
-3.4595e-03
-4.7537e-03
-5.0335e-03
-4.9739e-03
-4.9582e-03
-5.0233e-03
-5.1474e-03
-4.9789e-03
-3.7584e-03
-2.5911e-03
-2.1522e-03
-1.0656e-03
2.4320e-04
6.6425e-04
1.5450e-03
2.0751e-03
2.9020e-03
3.3400e-03
4.4404e-03
5.9984e-03
7.1252e-03
7.4969e-03
8.5947e-03
1.0141e-02
1.1306e-02
1.1760e-02
1.2617e-02
1.3182e-02
1.3999e-02
1.4573e-02
1.5492e-02
1.5989e-02
1.5743e-02
1.4638e-02
1.3252e-02
1.2065e-02
1.0269e-02
7.1330e-03
4.6796e-03
1.4442e-03
-1.8271e-03
-4.5700e-03
-7.2868e-03
-8.9084e-03
-1.0393e-02
-1.1664e-02
-1.2108e-02
-1.1895e-02
-1.0832e-02
-9.3602e-03
-8.0512e-03
-6.6592e-03
-5.2482e-03
-3.7279e-03
-2.6102e-03
-2.2007e-03
-1.1303e-03
4.4707e-04
1.5798e-03
2.0948e-03
2.8570e-03
3.4065e-03
4.3986e-03
5.9209e-03
7.2018e-03
8.6984e-03
1.0087e-02
1.1326e-02
1.1735e-02
1.2628e-02
1.3190e-02
1.4105e-02
1.4467e-02
1.4506e-02
1.4399e-02
1.3283e-02
1.1852e-02
1.0539e-02
9.1385e-03
7.6462e-03
6.3646e-03
6.0945e-03
6.1530e-03
6.1275e-03
6.1034e-03
6.0756e-03
6.1260e-03
6.2012e-03
6.0020e-03
5.0840e-03
4.5241e-03
3.7480e-03
3.2231e-03
2.2654e-03
8.4019e-04
-6.5882e-04
-3.0058e-03
-4.9434e-03
-7.2165e-03
-8.8275e-03
-1.0437e-02
-1.2876e-02
-1.4394e-02
-1.4822e-02
-1.5774e-02
-1.6135e-02
-1.6084e-02
-1.6101e-02
-1.6101e-02
-1.6086e-02
-1.6098e-02
-1.6188e-02
-1.6107e-02
-1.5062e-02
-1.3409e-02
-1.1153e-02
-9.2546e-03
-7.0961e-03
-5.0325e-03
-2.7027e-03
-1.1211e-03
-7.4502e-04
2.5885e-04
5.9882e-04
6.0047e-04
5.2029e-04
4.4374e-04
7.1864e-04
1.7881e-03
1.8289e-03
8.4212e-04
6.0947e-04
5.1699e-04
-5.5063e-04
-9.7477e-04
-6.9983e-04
3.4552e-04
7.2337e-04
4.1016e-04
-4.4682e-04
-8.9779e-04
-1.9056e-03
-3.3956e-03
-4.7469e-03
-6.1260e-03
-7.5146e-03
-9.0300e-03
-1.0272e-02
-1.0595e-02
-1.0592e-02
-1.0419e-02
-9.5831e-03
-9.0661e-03
-7.9575e-03
-6.7185e-03
-6.3747e-03
-5.2315e-03
-3.7663e-03
-2.6367e-03
-1.9368e-03
-1.6237e-04
6.9749e-04
1.7605e-03
3.0798e-03
3.2248e-03
3.4371e-03
4.4254e-03
4.7995e-03
4.6876e-03
4.6947e-03
4.7432e-03
4.8546e-03
4.5665e-03
3.6182e-03
3.4014e-03
3.3332e-03
2.1311e-03
9.1769e-04
4.1096e-04
-4.7594e-04
-8.2538e-04
-7.9133e-04
-9.2708e-04
-6.6463e-04
2.8940e-04
6.5521e-04
5.3851e-04
5.8202e-04
5.6575e-04
6.0811e-04
5.6810e-04
5.7278e-04
5.9707e-04
6.8127e-04
4.4451e-04
-4.1146e-04
-8.9525e-04
-1.8935e-03
-3.3897e-03
-4.7279e-03
-6.1605e-03
-7.4950e-03
-8.9002e-03
-1.0286e-02
-1.1828e-02
-1.3028e-02
-1.3302e-02
-1.3242e-02
-1.3447e-02
-1.3246e-02
-1.2104e-02
-1.0859e-02
-1.0549e-02
-9.4269e-03
-7.9083e-03
-6.6874e-03
-6.2671e-03
-5.4431e-03
-4.7863e-03
-3.7784e-03
-3.6887e-03
-4.7492e-03
-4.9338e-03
-4.9745e-03
-6.0970e-03
-7.5512e-03
-8.9028e-03
-1.0307e-02
-1.1816e-02
-1.2997e-02
-1.3228e-02
-1.3466e-02
-1.4273e-02
-1.3744e-02
-1.3200e-02
-1.2216e-02
-1.0742e-02
-9.4108e-03
-7.9897e-03
-6.6433e-03
-5.2001e-03
-3.8141e-03
-2.4497e-03
-1.1974e-03
5.0309e-04
2.9042e-03
4.4590e-03
4.8145e-03
5.7237e-03
6.2603e-03
7.1197e-03
7.6995e-03
8.5971e-03
8.9643e-03
8.8829e-03
8.9482e-03
8.8683e-03
8.7979e-03
9.0871e-03
1.0123e-02
1.0122e-02
9.3226e-03
9.9656e-03
1.0288e-02
1.0284e-02
1.1447e-02
1.2933e-02
1.4108e-02
1.4569e-02
1.5527e-02
1.6006e-02
1.5763e-02
1.4717e-02
1.3388e-02
1.1913e-02
9.2673e-03
6.6382e-03
5.0666e-03
3.5630e-03
1.0991e-03
-7.1348e-04
-1.7941e-03
-2.1741e-03
-3.2901e-03
-4.8497e-03
-5.9970e-03
-6.5107e-03
-7.4168e-03
-7.8164e-03
-7.7088e-03
-7.7292e-03
-7.7297e-03
-7.9100e-03
-7.6992e-03
-6.5405e-03
-5.2689e-03
-4.8724e-03
-3.9512e-03
-3.3284e-03
-2.7398e-03
-3.1110e-03
-2.5417e-03
-2.0857e-03
-2.3655e-03
-2.0941e-03
-1.0072e-03
2.2922e-04
7.4989e-04
2.7011e-03
4.5518e-03
7.0236e-03
9.9391e-03
1.2607e-02
1.4290e-02
1.5427e-02
1.6061e-02
1.6932e-02
1.6263e-02
1.4521e-02
1.2275e-02
1.0355e-02
8.2521e-03
6.2808e-03
3.8304e-03
1.1643e-03
-6.3454e-04
-3.0381e-03
-4.8755e-03
-6.0179e-03
-6.2397e-03
-6.5723e-03
-7.4176e-03
-6.5712e-03
-5.2570e-03
-4.9031e-03
-3.8470e-03
-2.4659e-03
-1.0668e-03
6.0442e-04
2.5669e-03
3.4706e-03
5.6826e-03
8.4719e-03
9.9546e-03
1.1577e-02
1.3985e-02
1.5571e-02
1.5955e-02
1.6902e-02
1.7272e-02
1.7385e-02
1.7197e-02
1.6008e-02
1.4770e-02
1.4460e-02
1.3449e-02
1.1793e-02
9.5647e-03
7.7027e-03
5.1642e-03
2.5044e-03
9.1048e-04
-7.3600e-04
-2.8658e-03
-3.6555e-03
-4.7591e-03
-6.0952e-03
-6.2743e-03
-6.4247e-03
-7.3298e-03
-7.9668e-03
-8.7969e-03
-9.0713e-03
-9.2159e-03
-1.0291e-02
-1.0539e-02
-1.0368e-02
-1.0654e-02
-1.1760e-02
-1.1856e-02
-1.0743e-02
-1.0447e-02
-1.0670e-02
-1.0526e-02
-9.3729e-03
-7.9255e-03
-6.7312e-03
-5.1568e-03
-2.5728e-03
6.9612e-05
1.7260e-03
4.1326e-03
7.2778e-03
1.0787e-02
1.3043e-02
1.5365e-02
1.7014e-02
1.7217e-02
1.7308e-02
1.7202e-02
1.6265e-02
1.4647e-02
1.2171e-02
9.3505e-03
6.7875e-03
3.8296e-03
-8.5527e-05
-4.2582e-03
-7.3610e-03
-9.9976e-03
-1.1644e-02
-1.2982e-02
-1.4364e-02
-1.5939e-02
-1.7292e-02
-1.7464e-02
-1.6231e-02
-1.4888e-02
-1.3579e-02
-1.2079e-02
-9.7562e-03
-7.8045e-03
-5.4908e-03
-3.8036e-03
-2.4576e-03
-9.2153e-04
3.7938e-04
6.1004e-04
4.5858e-04
7.1591e-04
1.7183e-03
2.0678e-03
1.9221e-03
1.8556e-03
2.1266e-03
3.0714e-03
3.3297e-03
3.4839e-03
4.4633e-03
4.6939e-03
4.8754e-03
5.8331e-03
6.2450e-03
6.1935e-03
6.0332e-03
5.1574e-03
4.7153e-03
3.5058e-03
2.2494e-03
2.0669e-03
1.9349e-03
8.4271e-04
4.9017e-04
8.6827e-04
1.6094e-03
9.1741e-04
5.5319e-04
7.4367e-04
5.0432e-04
-4.8245e-04
-8.3593e-04
-7.4699e-04
-7.6130e-04
-7.6061e-04
-7.4568e-04
-8.0475e-04
-8.8249e-04
-6.4858e-04
3.8117e-04
6.4550e-04
4.8949e-04
7.2358e-04
1.7126e-03
2.0170e-03
1.9804e-03
2.0464e-03
1.8839e-03
9.8565e-04
4.5790e-04
-4.0416e-04
-8.9372e-04
-1.6536e-03
-2.4757e-03
-4.2119e-03
-5.0783e-03
-6.1038e-03
-7.5123e-03
-7.7311e-03
-7.6915e-03
-7.6859e-03
-7.8199e-03
-7.7355e-03
-6.7177e-03
-5.0137e-03
-2.6739e-03
-9.5100e-04
3.2927e-04
1.7422e-03
3.1231e-03
4.5124e-03
5.9038e-03
7.3939e-03
8.7100e-03
9.0509e-03
8.7645e-03
7.8965e-03
7.5058e-03
6.5800e-03
4.8420e-03
2.4900e-03
8.3937e-04
-3.8878e-04
-2.1474e-03
-4.2430e-03
-5.0536e-03
-6.1236e-03
-7.4797e-03
-7.6108e-03
-7.8107e-03
-8.8259e-03
-9.3091e-03
-8.9588e-03
-8.0078e-03
-7.6113e-03
-7.7818e-03
-7.8382e-03
-7.7367e-03
-6.5431e-03
-5.1521e-03
-3.8731e-03
-2.3954e-03
8.8497e-05
2.9309e-03
5.8041e-03
8.4428e-03
1.0079e-02
1.1412e-02
1.2918e-02
1.4220e-02
1.4629e-02
1.4421e-02
1.3317e-02
1.1897e-02
1.0693e-02
9.1731e-03
6.6858e-03
3.8209e-03
1.1010e-03
-1.6698e-03
-4.4043e-03
-7.2379e-03
-1.0127e-02
-1.2761e-02
-1.4386e-02
-1.5756e-02
-1.7319e-02
-1.8540e-02
-1.8746e-02
-1.8910e-02
-1.9940e-02
-2.0246e-02
-2.0206e-02
-2.0317e-02
-2.0199e-02
-1.9064e-02
-1.7671e-02
-1.6390e-02
-1.4780e-02
-1.2396e-02
-1.0718e-02
-9.4817e-03
-7.8837e-03
-5.5587e-03
-3.5926e-03
-1.4217e-03
4.4518e-04
2.8096e-03
5.7258e-03
8.5674e-03
1.1198e-02
1.2845e-02
1.4288e-02
1.5608e-02
1.6006e-02
1.5796e-02
1.4737e-02
1.3437e-02
1.1906e-02
9.3395e-03
6.7501e-03
5.0043e-03
2.5161e-03
-3.8207e-04
-2.9381e-03
-4.8161e-03
-7.1676e-03
-8.9743e-03
-1.0120e-02
-1.0725e-02
-1.1434e-02
-1.0954e-02
-1.0385e-02
-9.3850e-03
-7.9337e-03
-6.6820e-03
-5.0517e-03
-2.7813e-03
-8.3287e-04
1.3178e-03
3.3314e-03
5.5835e-03
7.3679e-03
8.6752e-03
1.0204e-02
1.1303e-02
1.1859e-02
1.2777e-02
1.3254e-02
1.2917e-02
1.2144e-02
1.1578e-02
1.0554e-02
9.2604e-03
8.9541e-03
7.8607e-03
6.3987e-03
4.8711e-03
3.7696e-03
3.3484e-03
2.3542e-03
7.8901e-04
-6.1864e-04
-1.7817e-03
-2.1471e-03
-3.3669e-03
-4.6864e-03
-4.9783e-03
-4.8814e-03
-4.9348e-03
-4.9203e-03
-4.9318e-03
-4.9150e-03
-5.0582e-03
-4.9008e-03
-3.8237e-03
-2.3381e-03
-9.9923e-04
4.2744e-04
1.7002e-03
3.0536e-03
4.6761e-03
7.0312e-03
8.6193e-03
1.0231e-02
1.2654e-02
1.4182e-02
1.4574e-02
1.5557e-02
1.6026e-02
1.5851e-02
1.4747e-02
1.3301e-02
1.1955e-02
1.0563e-02
9.2072e-03
7.9136e-03
6.4055e-03
3.9193e-03
1.0534e-03
-1.7586e-03
-4.3127e-03
-6.2108e-03
-8.5202e-03
-1.0329e-02
-1.1668e-02
-1.2915e-02
-1.3468e-02
-1.4207e-02
-1.3659e-02
-1.3174e-02
-1.2266e-02
-1.0576e-02
-8.3566e-03
-6.4444e-03
-4.1265e-03
-1.3145e-03
1.6318e-03
5.4282e-03
8.4677e-03
1.1215e-02
1.4112e-02
1.6721e-02
1.8334e-02
2.0035e-02
2.2240e-02
2.2840e-02
2.3017e-02
2.3793e-02
2.3165e-02
2.2860e-02
2.2871e-02
2.1813e-02
2.0179e-02
1.7863e-02
1.5952e-02
1.3803e-02
1.1870e-02
9.3979e-03
6.7668e-03
4.9739e-03
2.4438e-03
-1.4578e-04
-2.0377e-03
-4.3900e-03
-6.2381e-03
-7.2742e-03
-7.7714e-03
-8.8746e-03
-1.0211e-02
-1.0613e-02
-1.1456e-02
-1.2061e-02
-1.3052e-02
-1.3202e-02
-1.2208e-02
-1.1703e-02
-1.0939e-02
-1.0416e-02
-9.3028e-03
-8.0642e-03
-7.6743e-03
-6.5276e-03
-5.2608e-03
-4.7652e-03
-4.0048e-03
-3.4812e-03
-2.3355e-03
-9.5944e-04
-7.8598e-04
-8.1429e-04
-6.6132e-04
-6.4444e-04
-2.0237e-03
-4.4470e-03
-6.1607e-03
-7.4074e-03
-8.8823e-03
-1.0313e-02
-1.1514e-02
-1.2047e-02
-1.3061e-02
-1.3140e-02
-1.2135e-02
-1.1932e-02
-1.1906e-02
-1.0777e-02
-9.3239e-03
-7.9336e-03
-6.5722e-03
-5.1883e-03
-3.8139e-03
-2.3678e-03
-9.1949e-04
2.5978e-04
7.7385e-04
1.6821e-03
2.0423e-03
1.9374e-03
2.0246e-03
2.0634e-03
1.8873e-03
1.0025e-03
5.7157e-04
-4.6757e-04
-1.9345e-03
-3.3360e-03
-4.6736e-03
-5.9535e-03
-7.5728e-03
-1.0007e-02
-1.1798e-02
-1.2849e-02
-1.3359e-02
-1.4316e-02
-1.4818e-02
-1.4554e-02
-1.3526e-02
-1.2200e-02
-1.0714e-02
-8.1025e-03
-5.5447e-03
-3.7012e-03
-1.2397e-03
1.3900e-03
3.3057e-03
5.7104e-03
7.2427e-03
7.6598e-03
8.5376e-03
9.1053e-03
9.9254e-03
1.0539e-02
1.1392e-02
1.1784e-02
1.1625e-02
1.1725e-02
1.1786e-02
1.1733e-02
1.0585e-02
9.1751e-03
7.7493e-03
6.4620e-03
5.1250e-03
3.5260e-03
1.1472e-03
-5.3549e-04
-1.9347e-03
-3.3614e-03
-4.4390e-03
-5.1039e-03
-7.1672e-03
-8.9318e-03
-1.0095e-02
-1.1803e-02
-1.4194e-02
-1.5741e-02
-1.6111e-02
-1.7137e-02
-1.7551e-02
-1.7291e-02
-1.6387e-02
-1.5956e-02
-1.5055e-02
-1.3459e-02
-1.1000e-02
-8.1463e-03
-5.4259e-03
-2.6641e-03
1.2013e-04
3.0211e-03
5.6580e-03
7.3153e-03
8.6568e-03
1.0172e-02
1.1444e-02
1.1842e-02
1.1644e-02
1.0592e-02
9.1549e-03
7.8124e-03
6.3996e-03
5.0160e-03
3.6781e-03
2.3403e-03
6.2014e-04
-1.4955e-03
-2.2223e-03
-3.1878e-03
-4.8330e-03
-6.0632e-03
-6.3720e-03
-6.2210e-03
-6.3361e-03
-6.4522e-03
-6.3078e-03
-5.0396e-03
-3.9131e-03
-3.5941e-03
-2.3164e-03
1.1925e-04
1.7048e-03
3.2574e-03
5.6070e-03
7.3546e-03
8.7020e-03
1.0205e-02
1.1292e-02
1.1791e-02
1.2892e-02
1.4145e-02
1.4518e-02
1.5718e-02
1.6998e-02
1.7313e-02
1.7310e-02
1.7268e-02
1.6220e-02
1.4612e-02
1.2322e-02
1.0373e-02
8.1432e-03
6.4865e-03
4.9600e-03
2.4959e-03
7.3716e-04
-3.6131e-04
-8.8810e-04
-1.8199e-03
-2.2118e-03
-2.1151e-03
-2.1671e-03
-2.1309e-03
-2.1419e-03
-2.1439e-03
-2.3069e-03
-2.1018e-03
-9.1260e-04
3.1166e-04
6.3069e-04
1.7060e-03
3.2854e-03
4.4794e-03
4.7066e-03
4.9681e-03
5.7395e-03
5.0890e-03
4.7154e-03
4.9137e-03
4.6079e-03
3.6941e-03
3.4341e-03
3.3869e-03
2.1279e-03
1.0022e-03
5.6344e-04
-5.2481e-04
-1.9640e-03
-2.2491e-03
-2.0117e-03
-1.1066e-03
-6.9842e-04
3.3325e-04
1.7481e-03
3.1716e-03
4.6196e-03
5.7891e-03
6.2984e-03
7.2102e-03
7.6229e-03
7.6157e-03
7.4475e-03
6.5108e-03
5.9882e-03
5.2233e-03
4.6800e-03
3.5660e-03
2.3084e-03
1.9997e-03
9.0166e-04
-6.6630e-04
-1.8938e-03
-2.0635e-03
-2.2682e-03
-3.2302e-03
-3.5053e-03
-3.6462e-03
-4.6610e-03
-4.9874e-03
-4.9269e-03
-4.9256e-03
-4.9414e-03
-4.9487e-03
-4.9486e-03
-4.9393e-03
-4.9497e-03
-4.9502e-03
-4.9466e-03
-4.9098e-03
-4.9520e-03
-5.0791e-03
-4.9016e-03
-3.6983e-03
-2.5219e-03
-2.1183e-03
-9.4952e-04
3.7318e-04
5.6464e-04
6.8719e-04
1.5443e-03
2.1958e-03
3.1588e-03
3.3286e-03
2.2845e-03
1.8099e-03
1.0387e-03
5.4784e-04
-5.8686e-04
-1.8013e-03
-1.8950e-03
-3.0398e-03
-4.2518e-03
-4.6560e-03
-5.7940e-03
-7.1676e-03
-7.5716e-03
-7.3272e-03
-6.1394e-03
-4.9462e-03
-4.5829e-03
-3.5306e-03
-2.0613e-03
-7.0028e-04
7.3121e-04
2.1400e-03
3.3096e-03
3.8036e-03
4.7694e-03
5.1934e-03
4.8964e-03
4.0815e-03
3.5410e-03
2.4685e-03
1.2223e-03
8.9256e-04
-1.8109e-04
-1.6539e-03
-3.1179e-03
-4.2462e-03
-4.7723e-03
-5.6675e-03
-6.0538e-03
-5.9093e-03
-6.0113e-03
-6.0246e-03
-5.8838e-03
-4.9127e-03
-4.4144e-03
-3.5493e-03
-3.0398e-03
-2.2128e-03
-1.6060e-03
-6.9322e-04
-3.7181e-04
-5.6279e-04
-2.7092e-04
6.7449e-04
1.0451e-03
9.2777e-04
1.0007e-03
9.1798e-04
8.7862e-04
1.0782e-03
2.0785e-03
2.3138e-03
2.1570e-03
2.3915e-03
3.3932e-03
3.6735e-03
3.5054e-03
3.7057e-03
4.5935e-03
5.1180e-03
5.8657e-03
6.4350e-03
7.2506e-03
7.6594e-03
7.5657e-03
7.4066e-03
6.5270e-03
6.0900e-03
4.9361e-03
3.6494e-03
3.3709e-03
3.4440e-03
3.4129e-03
3.3443e-03
3.2275e-03
3.4919e-03
4.3461e-03
4.5812e-03
4.6817e-03
5.6635e-03
5.8980e-03
5.7567e-03
5.9012e-03
6.7473e-03
7.2576e-03
8.0390e-03
8.3604e-03
8.3417e-03
8.2157e-03
7.0933e-03
5.7717e-03
4.5346e-03
3.0073e-03
7.8177e-04
-8.3053e-04
-2.0168e-03
-3.3537e-03
-4.7471e-03
-5.9178e-03
-6.1124e-03
-6.0733e-03
-6.2058e-03
-6.0355e-03
-4.9155e-03
-3.7787e-03
-3.4351e-03
-2.4666e-03
-1.1120e-03
1.3631e-04
1.3442e-03
2.5888e-03
3.9458e-03
5.0650e-03
5.2801e-03
5.1610e-03
5.1749e-03
5.2472e-03
5.1180e-03
4.0978e-03
2.7209e-03
1.3977e-03
3.7618e-04
8.5253e-05
-8.3893e-04
-2.4502e-03
-4.2880e-03
-4.9421e-03
-5.8232e-03
-7.0733e-03
-7.3057e-03
-7.0676e-03
-6.2436e-03
-5.8220e-03
-4.9309e-03
-3.7498e-03
-2.3912e-03
-1.4163e-04
2.0316e-03
3.5494e-03
5.6783e-03
8.0258e-03
9.4068e-03
1.0306e-02
1.0635e-02
1.1311e-02
1.1696e-02
1.2294e-02
1.2708e-02
1.3342e-02
1.3547e-02
1.3375e-02
1.3369e-02
1.3047e-02
1.2250e-02
1.1722e-02
1.0801e-02
9.4532e-03
8.2789e-03
7.0323e-03
5.8675e-03
4.6179e-03
3.4684e-03
2.2715e-03
1.0905e-03
-1.7251e-04
-1.0811e-03
-1.4375e-03
-2.2546e-03
-3.5241e-03
-4.6515e-03
-5.5693e-03
-5.8543e-03
-6.7652e-03
-7.7261e-03
-8.0868e-03
-8.6324e-03
-9.0314e-03
-9.8096e-03
-1.0767e-02
-1.1011e-02
-1.1714e-02
-1.1916e-02
-1.1679e-02
-1.0903e-02
-1.0404e-02
-9.6746e-03
-9.4147e-03
-9.2002e-03
-8.4076e-03
-8.1410e-03
-8.0037e-03
-7.2302e-03
-6.7837e-03
-6.1435e-03
-5.7199e-03
-4.8516e-03
-3.9209e-03
-3.5959e-03
-2.7492e-03
-1.8023e-03
-1.4528e-03
-8.7578e-04
-5.0610e-04
2.6914e-04
1.1574e-03
1.4653e-03
2.0907e-03
2.3412e-03
2.3097e-03
2.1093e-03
1.4086e-03
1.2175e-03
1.0649e-03
3.6876e-04
1.4915e-04
4.9778e-05
-5.5251e-04
-9.1581e-04
-1.6899e-03
-2.4997e-03
-2.7639e-03
-3.5597e-03
-4.4029e-03
-4.4887e-03
-4.5688e-03
-5.2049e-03
-5.3996e-03
-5.2907e-03
-5.2445e-03
-5.2223e-03
-5.2328e-03
-5.0400e-03
-4.4475e-03
-4.0619e-03
-3.3254e-03
-2.5180e-03
-2.2607e-03
-1.4794e-03
-6.2486e-04
-4.8049e-04
-5.9259e-04
-4.2511e-04
1.6409e-04
3.6062e-04
2.9736e-04
3.6874e-04
1.9230e-04
-3.8311e-04
-6.3301e-04
-5.3034e-04
-5.2926e-04
-6.2892e-04
-1.2230e-03
-1.5115e-03
-1.9743e-03
-2.2548e-03
-2.9075e-03
-3.5955e-03
-3.7802e-03
-4.3415e-03
-5.1466e-03
-5.8700e-03
-6.5964e-03
-7.2632e-03
-7.9769e-03
-8.6951e-03
-9.2883e-03
-9.3155e-03
-9.2255e-03
-9.0115e-03
-8.3111e-03
-7.4653e-03
-6.5437e-03
-5.0340e-03
-3.5781e-03
-2.5603e-03
-1.2503e-03
3.3655e-04
1.7968e-03
3.1326e-03
4.0469e-03
5.2454e-03
6.0748e-03
6.5459e-03
6.7167e-03
7.1655e-03
7.1798e-03
6.4421e-03
5.5629e-03
4.9674e-03
4.7019e-03
3.9820e-03
2.8125e-03
2.2961e-03
1.4298e-03
8.5613e-04
3.0002e-05
-4.1050e-04
-8.8157e-04
-1.4755e-03
-1.6432e-03
-2.1732e-03
-2.6787e-03
-2.8363e-03
-3.3125e-03
-3.8782e-03
-3.9307e-03
-3.8071e-03
-3.7254e-03
-3.8169e-03
-4.0748e-03
-3.7211e-03
-3.4572e-03
-3.4345e-03
-3.3610e-03
-3.3593e-03
-3.2160e-03
-2.7011e-03
-2.0267e-03
-1.4625e-03
-8.9193e-04
-2.3869e-04
7.1061e-04
1.3777e-03
1.9219e-03
2.3573e-03
2.3997e-03
2.3996e-03
2.7027e-03
2.8606e-03
3.1353e-03
3.1914e-03
3.0884e-03
3.0341e-03
2.9551e-03
2.8829e-03
2.8167e-03
2.7962e-03
2.6594e-03
2.1880e-03
1.7226e-03
1.5388e-03
1.1263e-03
6.8281e-04
4.8870e-04
1.7487e-04
4.8317e-05
7.0679e-05
2.7534e-05
-3.0960e-06
4.6939e-05
3.3693e-04
4.0378e-04
3.7096e-04
3.7116e-04
2.9961e-04
2.6484e-05
-1.5468e-04
-3.9171e-04
-4.7191e-04
-4.9764e-04
-7.5637e-04
-8.8908e-04
-1.0863e-03
-1.1887e-03
-1.4272e-03
-1.7707e-03
-2.0558e-03
-2.3532e-03
-2.6379e-03
-2.8839e-03
-2.8966e-03
-2.7687e-03
-2.4207e-03
-2.0854e-03
-1.9368e-03
-1.6670e-03
-1.3150e-03
-9.3719e-04
-4.1054e-04
-5.6033e-05
2.1961e-04
5.0048e-04
7.1771e-04
7.8969e-04
9.4767e-04
9.9414e-04
9.0372e-04
7.1688e-04
6.0304e-04
4.0395e-04
1.2624e-04
-1.0758e-04
-3.4695e-04
-5.6165e-04
-7.7699e-04
-9.6815e-04
-1.1669e-03
-1.3469e-03
-1.4816e-03
-1.5034e-03
-1.5894e-03
-1.5731e-03
-1.4891e-03
-1.4668e-03
-1.5395e-03
-1.5196e-03
-1.4414e-03
-1.3968e-03
-1.3146e-03
-1.1172e-03
-8.7641e-04
-6.7484e-04
-4.7842e-04
-2.6077e-04
3.7608e-05
2.3868e-04
3.9194e-04
5.4540e-04
6.6455e-04
7.0154e-04
7.7058e-04
8.1237e-04
8.7651e-04
8.9335e-04
8.6381e-04
8.2780e-04
7.2151e-04
6.6073e-04
5.7117e-04
5.1212e-04
4.3847e-04
3.9386e-04
3.0931e-04
1.8824e-04
1.1270e-04
9.0012e-05
3.1805e-05
-6.3022e-05
-1.3780e-04
-1.9581e-04
-1.9470e-04
-2.2293e-04
-2.2783e-04
-2.5206e-04
-2.3750e-04
-2.0240e-04
-1.7446e-04
-1.3147e-04
-5.6399e-05
-5.2355e-06
7.0575e-05
1.6380e-04
2.4170e-04
3.1480e-04
3.9563e-04
5.0121e-04
5.6834e-04
6.2259e-04
7.0383e-04
7.6724e-04
8.3688e-04
8.6625e-04
8.5212e-04
8.6736e-04
8.8388e-04
8.6328e-04
8.3096e-04
8.0488e-04
7.7952e-04
7.4727e-04
6.9765e-04
6.6225e-04
6.1506e-04
5.6043e-04
5.1284e-04
4.6777e-04
4.2644e-04
3.8690e-04
3.5771e-04
3.4344e-04
3.2408e-04
3.1443e-04
3.1449e-04
3.1588e-04
3.3060e-04
3.3599e-04
3.4622e-04
3.5085e-04
3.5950e-04
3.6038e-04
3.5538e-04
3.4800e-04
3.3273e-04
3.2763e-04
3.2414e-04
3.0928e-04
2.9644e-04
2.9306e-04
2.8437e-04
2.7243e-04
2.6619e-04
2.6609e-04
2.6218e-04
2.5736e-04
2.5968e-04
2.5911e-04
2.6330e-04
2.6914e-04
2.7449e-04
2.8114e-04
2.9137e-04
2.9746e-04
3.0142e-04
3.0561e-04
3.0987e-04
3.1367e-04
3.1712e-04
3.2114e-04
3.2815e-04
3.3522e-04
3.4129e-04
3.4666e-04
3.5151e-04
3.5484e-04
3.5639e-04
3.5902e-04
3.6179e-04
3.6205e-04
3.6207e-04
3.6214e-04
3.6211e-04
3.6120e-04
3.6124e-04
3.6067e-04
3.6009e-04
3.6019e-04
3.6125e-04
3.6179e-04
3.6228e-04
3.6319e-04
3.6476e-04
3.6611e-04
3.6769e-04
3.6913e-04
3.7085e-04
3.7267e-04
3.7451e-04
3.7644e-04
3.7809e-04
3.7959e-04
3.8128e-04
3.8287e-04
3.8436e-04
3.8571e-04
3.8700e-04
3.8818e-04
3.8934e-04
3.9042e-04
3.9146e-04
3.9241e-04
3.9341e-04
3.9435e-04
3.9528e-04
3.9620e-04
3.9716e-04
3.9810e-04
3.9906e-04
4.0001e-04
4.0096e-04
4.0190e-04
4.0285e-04
4.0377e-04
4.0469e-04
4.0559e-04
4.0648e-04
4.0735e-04
4.0821e-04
4.0904e-04
4.0986e-04
4.1067e-04
4.1145e-04
4.1222e-04
4.1298e-04
