2.1636e-03
2.1591e-03
2.1546e-03
2.1500e-03
2.1454e-03
2.1409e-03
2.1363e-03
2.1317e-03
2.1271e-03
2.1226e-03
2.1178e-03
2.1130e-03
2.1079e-03
2.1029e-03
2.0979e-03
2.0931e-03
2.0885e-03
2.0843e-03
2.0800e-03
2.0755e-03
2.0706e-03
2.0649e-03
2.0576e-03
2.0497e-03
2.0426e-03
2.0366e-03
2.0323e-03
2.0309e-03
2.0329e-03
2.0379e-03
2.0428e-03
2.0444e-03
2.0411e-03
2.0323e-03
2.0210e-03
2.0104e-03
2.0021e-03
2.0005e-03
2.0058e-03
2.0096e-03
2.0056e-03
1.9929e-03
1.9757e-03
1.9660e-03
1.9660e-03
1.9650e-03
1.9577e-03
1.9469e-03
1.9365e-03
1.9186e-03
1.8861e-03
1.8554e-03
1.8407e-03
1.8466e-03
1.8684e-03
1.9051e-03
1.9543e-03
2.0082e-03
2.0513e-03
2.1194e-03
2.2386e-03
2.3670e-03
2.4527e-03
2.4683e-03
2.3914e-03
2.2660e-03
2.1351e-03
1.9876e-03
1.8127e-03
1.6438e-03
1.5445e-03
1.5928e-03
1.7545e-03
1.9200e-03
1.9815e-03
1.8808e-03
1.6942e-03
1.5142e-03
1.4430e-03
1.4887e-03
1.5603e-03
1.6208e-03
1.6921e-03
1.6694e-03
1.5377e-03
1.5238e-03
1.7272e-03
1.9954e-03
2.2219e-03
2.4495e-03
2.6031e-03
2.4588e-03
2.0159e-03
1.4811e-03
1.1261e-03
1.1005e-03
1.2737e-03
1.4846e-03
1.6254e-03
1.6528e-03
1.5764e-03
1.5197e-03
1.5643e-03
1.6342e-03
1.6410e-03
1.5976e-03
1.5967e-03
1.6645e-03
1.8718e-03
2.2170e-03
2.6295e-03
3.0945e-03
3.4941e-03
3.5105e-03
2.9907e-03
2.2260e-03
1.5713e-03
1.1409e-03
7.2816e-04
2.2690e-04
-2.4815e-04
-5.8414e-04
-6.3751e-04
-3.0955e-04
4.3277e-04
1.3125e-03
2.2544e-03
3.3161e-03
4.1537e-03
4.3525e-03
4.0213e-03
3.5822e-03
3.2934e-03
3.0983e-03
2.9022e-03
2.7730e-03
2.8672e-03
3.0363e-03
2.9122e-03
2.4353e-03
1.9923e-03
2.0353e-03
2.6019e-03
3.3990e-03
4.1287e-03
4.5333e-03
4.5684e-03
4.5393e-03
4.6056e-03
4.8295e-03
5.2370e-03
5.7498e-03
6.1836e-03
6.3293e-03
5.9405e-03
5.1824e-03
4.3788e-03
3.8047e-03
3.5628e-03
3.6357e-03
3.9651e-03
4.3967e-03
4.8485e-03
5.0770e-03
4.5749e-03
3.1692e-03
1.4178e-03
-4.6710e-05
-9.2636e-04
-1.1866e-03
-8.4162e-04
-5.8461e-06
1.1245e-03
2.3640e-03
3.6063e-03
4.6924e-03
5.2226e-03
5.0610e-03
4.5443e-03
4.2559e-03
4.2790e-03
4.1064e-03
3.0669e-03
1.2149e-03
-8.4923e-04
-2.5174e-03
-3.3292e-03
-3.2132e-03
-2.4702e-03
-1.4005e-03
-7.4128e-05
1.0110e-03
1.3154e-03
7.3300e-04
-2.3506e-04
-6.2918e-04
-7.1370e-05
1.4754e-03
3.2058e-03
4.0161e-03
3.5598e-03
2.7637e-03
2.9200e-03
4.1812e-03
5.3981e-03
5.0065e-03
2.6999e-03
-5.1353e-04
-3.3264e-03
-4.5073e-03
-3.4924e-03
-7.9732e-04
2.3769e-03
4.4972e-03
4.2912e-03
1.8551e-03
-1.0827e-03
-2.9312e-03
-3.3779e-03
-2.6736e-03
-1.1140e-03
7.6305e-04
2.3127e-03
3.2569e-03
4.0275e-03
5.2473e-03
6.6401e-03
7.3333e-03
7.1673e-03
6.5986e-03
6.1223e-03
5.9451e-03
5.6357e-03
4.8622e-03
4.0441e-03
3.3674e-03
2.5441e-03
1.1539e-03
-8.8619e-04
-2.8194e-03
-4.1246e-03
-5.1351e-03
-5.9942e-03
-6.2689e-03
-5.1565e-03
-2.7380e-03
-7.4474e-06
1.9807e-03
3.0129e-03
3.4201e-03
3.7646e-03
4.4148e-03
4.9491e-03
4.6763e-03
3.5852e-03
2.4485e-03
2.1825e-03
3.3728e-03
6.0842e-03
9.4869e-03
1.2638e-02
1.4831e-02
1.5283e-02
1.3419e-02
9.0407e-03
3.0597e-03
-2.5364e-03
-6.4541e-03
-8.3384e-03
-8.2660e-03
-6.9461e-03
-5.6999e-03
-5.2325e-03
-5.7144e-03
-6.8168e-03
-7.2208e-03
-4.9719e-03
-3.1049e-04
5.0405e-03
1.0984e-02
1.3794e-02
1.0317e-02
2.4934e-03
-4.9926e-03
-8.6131e-03
-7.4526e-03
-2.3722e-03
4.5711e-03
1.0671e-02
1.3793e-02
1.3242e-02
9.9665e-03
5.8267e-03
2.3490e-03
4.2317e-05
-2.0572e-03
-5.5044e-03
-1.0430e-02
-1.5038e-02
-1.6260e-02
-1.2402e-02
-5.3276e-03
1.2858e-03
5.1754e-03
6.2852e-03
5.6882e-03
4.6270e-03
4.0743e-03
4.1609e-03
4.7297e-03
6.2071e-03
9.3333e-03
1.3407e-02
1.7094e-02
1.8913e-02
1.7115e-02
1.1538e-02
4.9747e-03
3.8112e-04
-1.1673e-03
-4.0246e-05
2.4851e-03
3.9652e-03
2.3999e-03
-2.0140e-03
-6.8601e-03
-1.0508e-02
-1.3181e-02
-1.5572e-02
-1.7209e-02
-1.6590e-02
-1.2817e-02
-6.7547e-03
-4.6866e-04
4.5879e-03
7.6124e-03
8.8569e-03
9.2553e-03
8.7271e-03
6.2782e-03
2.3755e-03
-1.5138e-03
-4.1124e-03
-5.1027e-03
-4.2075e-03
-1.4610e-03
2.4325e-03
6.3927e-03
8.7771e-03
8.5157e-03
5.3648e-03
-4.1364e-04
-7.7192e-03
-1.4514e-02
-1.8078e-02
-1.6822e-02
-1.1570e-02
-5.2692e-03
1.2370e-05
3.9573e-03
6.6474e-03
7.4471e-03
5.7372e-03
1.8475e-03
-2.3137e-03
-5.1862e-03
-5.6817e-03
-3.6939e-03
-4.1967e-04
2.5170e-03
4.1391e-03
4.8154e-03
5.5687e-03
7.1027e-03
8.5862e-03
9.2008e-03
7.8640e-03
3.9568e-03
-1.4206e-03
-6.7631e-03
-1.0614e-02
-1.1066e-02
-7.4208e-03
-1.6830e-03
2.5860e-03
3.0529e-03
8.7851e-05
-4.2112e-03
-7.0753e-03
-6.6885e-03
-3.2177e-03
2.0966e-03
7.7827e-03
1.2805e-02
1.6490e-02
1.7438e-02
1.4519e-02
8.3507e-03
1.1595e-03
-3.7007e-03
-3.7451e-03
1.9734e-03
1.2212e-02
2.3008e-02
2.8585e-02
2.5976e-02
1.7079e-02
7.0565e-03
7.5780e-06
-3.0707e-03
-2.5655e-03
7.1384e-04
5.2017e-03
9.3281e-03
1.2367e-02
1.4637e-02
1.7312e-02
2.1483e-02
2.7038e-02
3.2562e-02
3.4582e-02
3.0527e-02
2.2131e-02
1.4279e-02
1.1533e-02
1.4934e-02
2.1535e-02
2.7793e-02
3.2264e-02
3.3275e-02
2.9252e-02
1.9388e-02
5.2707e-03
-8.5276e-03
-1.6758e-02
-1.6503e-02
-8.8793e-03
5.2565e-04
4.7945e-03
3.8164e-04
-1.0284e-02
-2.0532e-02
-2.4421e-02
-2.1129e-02
-1.3883e-02
-6.5162e-03
-1.7739e-03
-5.1706e-04
-1.9748e-03
-4.5512e-03
-6.7704e-03
-7.8147e-03
-7.2399e-03
-4.4003e-03
-3.9595e-04
2.4247e-03
3.3021e-03
3.8885e-03
7.3912e-03
1.4418e-02
2.0825e-02
2.1168e-02
1.2895e-02
-4.1709e-04
-1.0826e-02
-1.3364e-02
-7.8782e-03
1.1212e-03
7.2966e-03
7.1221e-03
2.3541e-03
-3.5396e-03
-9.2557e-03
-1.6059e-02
-2.3986e-02
-2.8873e-02
-2.6845e-02
-1.7535e-02
-2.5476e-03
1.4108e-02
2.3146e-02
1.9902e-02
8.1214e-03
-5.0589e-03
-1.4670e-02
-1.7645e-02
-1.3272e-02
-2.8853e-03
9.9637e-03
2.0767e-02
2.4976e-02
2.0799e-02
9.7219e-03
-3.2477e-03
-1.1069e-02
-9.4572e-03
4.0775e-04
1.4930e-02
2.7958e-02
3.2555e-02
2.6849e-02
1.4187e-02
1.1943e-03
-5.9528e-03
-6.0500e-03
-2.4575e-03
4.4851e-04
9.5377e-04
-3.1234e-04
-2.6282e-03
-4.8491e-03
-4.9516e-03
-1.3556e-03
6.0027e-03
1.3874e-02
1.6467e-02
1.0788e-02
-8.2915e-04
-1.2235e-02
-1.8342e-02
-1.7829e-02
-1.2802e-02
-6.7494e-03
-2.4964e-03
-1.9394e-03
-5.8242e-03
-1.2277e-02
-1.7751e-02
-1.9960e-02
-1.8140e-02
-1.3214e-02
-7.9604e-03
-4.9829e-03
-5.7180e-03
-1.0219e-02
-1.6754e-02
-2.2746e-02
-2.5820e-02
-2.4390e-02
-1.8572e-02
-1.0284e-02
-3.5488e-03
-2.0806e-03
-6.3955e-03
-1.3453e-02
-1.8531e-02
-1.9152e-02
-1.6266e-02
-1.2597e-02
-9.9553e-03
-8.0685e-03
-5.0631e-03
2.3927e-04
6.4347e-03
1.0620e-02
1.1408e-02
9.4360e-03
6.1295e-03
3.4530e-03
3.2025e-03
5.5102e-03
8.6934e-03
1.0678e-02
1.0842e-02
1.0377e-02
1.0873e-02
1.2406e-02
1.4727e-02
1.7503e-02
1.9224e-02
1.8925e-02
1.6711e-02
1.3041e-02
8.8514e-03
5.0363e-03
2.3072e-03
2.1794e-03
5.5064e-03
1.0345e-02
1.2527e-02
9.4076e-03
4.7303e-04
-1.3507e-02
-2.7129e-02
-3.4459e-02
-3.4477e-02
-3.0510e-02
-2.5167e-02
-1.7743e-02
-8.0876e-03
1.3871e-03
7.2424e-03
8.2076e-03
5.8742e-03
2.3489e-03
-4.2869e-04
-5.9974e-04
1.9871e-03
5.2804e-03
6.9212e-03
6.2821e-03
3.8430e-03
-1.9515e-04
-6.3819e-03
-1.4546e-02
-2.2059e-02
-2.5607e-02
-2.3765e-02
-1.8281e-02
-1.3076e-02
-1.1926e-02
-1.6135e-02
-2.3557e-02
-3.0289e-02
-3.2107e-02
-2.6435e-02
-1.5467e-02
-4.2248e-03
2.3074e-03
1.9051e-03
-3.5340e-03
-9.1676e-03
-1.0856e-02
-7.7824e-03
-2.5788e-03
1.1374e-03
2.3525e-03
2.8780e-03
4.1809e-03
4.3633e-03
3.8503e-04
-7.3799e-03
-1.5762e-02
-2.0150e-02
-1.6985e-02
-7.9384e-03
2.1018e-03
6.0939e-03
9.8525e-04
-1.0351e-02
-2.3072e-02
-3.2950e-02
-3.6770e-02
-3.3329e-02
-2.3415e-02
-7.7728e-03
9.8088e-03
2.2580e-02
2.5827e-02
2.0021e-02
1.0624e-02
5.2181e-03
7.8133e-03
1.8121e-02
3.1497e-02
4.0780e-02
4.2177e-02
3.6831e-02
2.9021e-02
2.3043e-02
2.0454e-02
2.0323e-02
2.1277e-02
2.2020e-02
2.0801e-02
1.6410e-02
8.7963e-03
-1.0775e-03
-1.0377e-02
-1.6469e-02
-1.7705e-02
-1.4165e-02
-8.9665e-03
-7.7046e-03
-1.3168e-02
-2.3074e-02
-3.2118e-02
-3.6980e-02
-3.6872e-02
-3.3324e-02
-2.8977e-02
-2.5420e-02
-2.2839e-02
-2.1345e-02
-2.1282e-02
-2.2937e-02
-2.4950e-02
-2.4924e-02
-2.1812e-02
-1.7173e-02
-1.4221e-02
-1.6039e-02
-2.3341e-02
-3.4061e-02
-4.5453e-02
-5.4429e-02
-5.9217e-02
-6.0717e-02
-6.1262e-02
-6.2222e-02
-6.3711e-02
-6.5025e-02
-6.4531e-02
-6.1238e-02
-5.6056e-02
-5.0737e-02
-4.7055e-02
-4.6279e-02
-4.7652e-02
-4.7687e-02
-4.2273e-02
-3.0015e-02
-1.2984e-02
4.0960e-03
1.5920e-02
2.0087e-02
1.9551e-02
1.8168e-02
1.7456e-02
1.7047e-02
1.5067e-02
1.0301e-02
4.3044e-03
1.3380e-04
-1.5249e-05
1.9205e-03
9.1526e-04
-5.9643e-03
-1.6035e-02
-2.4250e-02
-2.8087e-02
-2.8069e-02
-2.7613e-02
-3.0385e-02
-3.8762e-02
-5.2998e-02
-7.0327e-02
-8.6059e-02
-9.7675e-02
-1.0554e-01
-1.1216e-01
-1.1879e-01
-1.2595e-01
-1.3517e-01
-1.4586e-01
-1.5465e-01
-1.5728e-01
-1.5334e-01
-1.4710e-01
-1.4296e-01
-1.4200e-01
-1.4267e-01
-1.4284e-01
-1.4072e-01
-1.3622e-01
-1.3034e-01
-1.2472e-01
-1.2136e-01
-1.2129e-01
-1.2462e-01
-1.3048e-01
-1.3743e-01
-1.4309e-01
-1.4471e-01
-1.4032e-01
-1.2930e-01
-1.1405e-01
-9.8437e-02
-8.6479e-02
-7.9440e-02
-7.6070e-02
-7.3990e-02
-7.1126e-02
-6.7918e-02
-6.6171e-02
-6.6341e-02
-6.6998e-02
-6.5862e-02
-6.0624e-02
-4.9857e-02
-3.2801e-02
-9.6948e-03
2.3149e-02
6.4672e-02
1.1063e-01
1.5255e-01
1.7845e-01
1.8762e-01
1.9079e-01
1.9857e-01
2.1354e-01
2.3279e-01
2.5282e-01
2.6874e-01
2.7973e-01
2.8509e-01
2.8399e-01
2.7749e-01
2.6469e-01
2.4476e-01
2.2372e-01
2.0520e-01
1.9350e-01
1.8895e-01
1.8884e-01
1.8976e-01
1.8875e-01
1.8456e-01
1.7845e-01
1.7312e-01
1.7022e-01
1.6860e-01
1.6344e-01
1.4839e-01
1.2072e-01
8.3077e-02
4.7452e-02
2.2498e-02
1.1404e-02
9.0790e-03
8.1035e-03
7.1416e-03
7.1400e-03
4.8283e-03
-6.0479e-03
-2.9397e-02
-5.7568e-02
-8.4132e-02
-1.0805e-01
-1.2644e-01
-1.3859e-01
-1.4516e-01
-1.4897e-01
-1.5332e-01
-1.6191e-01
-1.7940e-01
-2.0612e-01
-2.3109e-01
-2.4146e-01
-2.3724e-01
-2.2687e-01
-2.1580e-01
-2.0337e-01
-1.8433e-01
-1.5950e-01
-1.3324e-01
-1.0803e-01
-8.5680e-02
-6.4882e-02
-4.5331e-02
-2.8378e-02
-1.4703e-02
-5.4394e-03
-2.6216e-03
-8.4337e-03
-2.3009e-02
-4.7561e-02
-7.4241e-02
-9.1297e-02
-9.5415e-02
-9.3540e-02
-9.0520e-02
-8.6292e-02
-8.0383e-02
-7.5053e-02
-7.1999e-02
-7.0974e-02
-6.9108e-02
-6.3128e-02
-5.1148e-02
-3.3415e-02
-1.4561e-02
1.5575e-03
1.3563e-02
2.1128e-02
2.7907e-02
3.7455e-02
4.9715e-02
6.1006e-02
6.7137e-02
6.7746e-02
6.4981e-02
6.0522e-02
5.6595e-02
5.4478e-02
5.4931e-02
6.2246e-02
7.7451e-02
9.8264e-02
1.1918e-01
1.3704e-01
1.5152e-01
1.5903e-01
1.6022e-01
1.5721e-01
1.4556e-01
1.1930e-01
9.1036e-02
7.3323e-02
5.8684e-02
3.9204e-02
1.6470e-02
-4.9494e-03
-2.0591e-02
-3.3484e-02
-4.6930e-02
-6.2556e-02
-8.1230e-02
-1.0053e-01
-1.1225e-01
-1.1340e-01
-1.0692e-01
-9.3950e-02
-7.4395e-02
-5.1240e-02
-3.2703e-02
-2.3761e-02
-2.3761e-02
-2.7618e-02
-3.0024e-02
-2.8587e-02
-2.2416e-02
-1.0338e-02
6.3398e-03
1.9689e-02
2.6199e-02
2.8637e-02
2.9724e-02
3.2568e-02
4.0178e-02
5.6527e-02
8.1412e-02
1.0690e-01
1.2351e-01
1.2935e-01
1.2754e-01
1.1989e-01
1.0394e-01
8.2664e-02
6.0948e-02
4.1019e-02
2.7298e-02
1.9583e-02
1.5450e-02
1.3815e-02
1.5107e-02
1.8400e-02
2.1003e-02
2.0555e-02
1.6250e-02
1.0120e-02
5.3522e-03
4.0309e-03
5.3270e-03
8.2982e-03
1.3450e-02
2.1361e-02
3.0470e-02
3.7159e-02
3.9714e-02
3.7737e-02
3.0433e-02
1.3990e-02
-1.5874e-02
-5.1455e-02
-7.3146e-02
-7.5225e-02
-6.7851e-02
-6.0766e-02
-5.7073e-02
-5.6468e-02
-5.8100e-02
-5.9398e-02
-5.7880e-02
-5.2469e-02
-4.2771e-02
-2.9737e-02
-1.7650e-02
-1.0663e-02
-1.0498e-02
-1.5597e-02
-2.1892e-02
-2.6886e-02
-3.1502e-02
-3.6707e-02
-4.1379e-02
-4.3232e-02
-4.1701e-02
-3.7674e-02
-3.3017e-02
-2.7603e-02
-1.8484e-02
-3.7137e-03
1.4983e-02
3.5466e-02
5.5049e-02
6.9884e-02
7.8356e-02
7.9689e-02
7.4665e-02
6.6928e-02
6.1650e-02
6.2577e-02
7.0821e-02
8.1406e-02
8.4664e-02
7.6566e-02
5.9310e-02
3.6114e-02
1.4327e-02
-2.5133e-03
-1.5604e-02
-2.4285e-02
-3.0093e-02
-3.5599e-02
-4.2437e-02
-5.1254e-02
-6.1086e-02
-6.9686e-02
-7.2448e-02
-6.4826e-02
-4.7689e-02
-3.0250e-02
-2.1595e-02
-2.3257e-02
-3.0854e-02
-3.9684e-02
-4.7902e-02
-5.5811e-02
-6.3156e-02
-6.9475e-02
-7.5548e-02
-8.1812e-02
-8.8481e-02
-9.4146e-02
-9.4878e-02
-8.7438e-02
-7.1067e-02
-5.0596e-02
-3.6047e-02
-3.1857e-02
-3.2944e-02
-3.1790e-02
-2.2708e-02
-4.6949e-04
3.2784e-02
7.3263e-02
1.0950e-01
1.3305e-01
1.4242e-01
1.4542e-01
1.4948e-01
1.5699e-01
1.6859e-01
1.8568e-01
2.0717e-01
2.2845e-01
2.4391e-01
2.5209e-01
2.5392e-01
2.5047e-01
2.4175e-01
2.2572e-01
1.9884e-01
1.5314e-01
1.0436e-01
6.4739e-02
3.3633e-02
4.6184e-03
-2.5286e-02
-5.2656e-02
-7.4775e-02
-9.1457e-02
-1.0641e-01
-1.2407e-01
-1.4076e-01
-1.4755e-01
-1.4182e-01
-1.2780e-01
-1.1154e-01
-9.8449e-02
-8.9536e-02
-8.3138e-02
-7.5761e-02
-6.6193e-02
-5.8120e-02
-5.4884e-02
-5.4841e-02
-5.4815e-02
-5.1502e-02
-4.3620e-02
-3.4636e-02
-2.8716e-02
-2.7109e-02
-2.8108e-02
-2.9245e-02
-2.9753e-02
-2.9865e-02
-2.8889e-02
-2.5521e-02
-1.9581e-02
-1.2305e-02
-3.9426e-03
5.2854e-03
1.5335e-02
2.7049e-02
4.2410e-02
6.1885e-02
8.3056e-02
1.0153e-01
1.1292e-01
1.1374e-01
1.0514e-01
8.9238e-02
6.6501e-02
4.8160e-02
4.0596e-02
4.1112e-02
4.7931e-02
6.0988e-02
7.3926e-02
7.7119e-02
6.7769e-02
5.2855e-02
3.9109e-02
3.0512e-02
2.7295e-02
2.6960e-02
2.6768e-02
2.3961e-02
1.6283e-02
2.2647e-03
-1.9327e-02
-4.6106e-02
-7.6370e-02
-1.0103e-01
-1.1621e-01
-1.2413e-01
-1.2879e-01
-1.3100e-01
-1.2794e-01
-1.1811e-01
-1.0312e-01
-8.7801e-02
-7.8369e-02
-7.5435e-02
-7.5417e-02
-7.5752e-02
-7.4684e-02
-7.0799e-02
-6.3691e-02
-5.2598e-02
-3.6888e-02
-1.6803e-02
3.4373e-03
1.8123e-02
2.5960e-02
3.0132e-02
3.4672e-02
4.0951e-02
4.9287e-02
5.9449e-02
7.1756e-02
8.4125e-02
9.4019e-02
1.0177e-01
1.0805e-01
1.1145e-01
1.0841e-01
9.8835e-02
8.1329e-02
5.6677e-02
3.3628e-02
2.1556e-02
1.8712e-02
1.5576e-02
6.5835e-03
-7.7400e-03
-2.4576e-02
-3.8453e-02
-4.4605e-02
-4.0811e-02
-3.0054e-02
-1.9865e-02
-1.6159e-02
-1.7180e-02
-1.4371e-02
-5.3758e-03
5.9864e-03
1.9510e-02
3.5183e-02
5.0406e-02
6.5553e-02
8.1376e-02
9.8419e-02
1.1583e-01
1.2935e-01
1.3616e-01
1.3562e-01
1.2857e-01
1.1461e-01
9.4581e-02
7.6537e-02
6.3376e-02
5.0992e-02
3.2353e-02
-1.1953e-03
-4.3311e-02
-8.6805e-02
-1.2762e-01
-1.6263e-01
-1.9027e-01
-2.0809e-01
-2.1257e-01
-2.0259e-01
-1.8050e-01
-1.5372e-01
-1.2984e-01
-1.0919e-01
-9.1053e-02
-7.0781e-02
-4.5511e-02
-1.6970e-02
1.1711e-02
3.6055e-02
5.1766e-02
5.9139e-02
6.1366e-02
6.0626e-02
5.8565e-02
5.5872e-02
5.1791e-02
4.4438e-02
3.2348e-02
1.3605e-02
-1.2921e-02
-4.2810e-02
-6.8624e-02
-8.3771e-02
-8.7637e-02
-8.7494e-02
-8.9271e-02
-9.4057e-02
-9.9284e-02
-1.0222e-01
-1.0082e-01
-9.3693e-02
-7.9799e-02
-6.0031e-02
-4.3724e-02
-3.6227e-02
-3.1696e-02
-2.4117e-02
-9.6846e-03
1.3371e-02
4.1485e-02
7.0591e-02
9.9686e-02
1.2390e-01
1.3599e-01
1.3927e-01
1.3981e-01
1.3958e-01
1.3849e-01
1.3766e-01
1.3910e-01
1.4031e-01
1.3804e-01
1.3112e-01
1.1884e-01
9.9490e-02
7.7941e-02
5.3596e-02
3.2044e-02
2.0581e-02
1.8584e-02
2.0711e-02
2.5496e-02
3.5560e-02
5.1366e-02
6.7235e-02
8.2094e-02
9.5346e-02
1.0673e-01
1.1796e-01
1.2674e-01
1.3026e-01
1.2927e-01
1.2741e-01
1.2736e-01
1.2814e-01
1.2825e-01
1.2652e-01
1.2126e-01
1.1100e-01
9.4317e-02
7.0086e-02
4.2143e-02
1.9230e-02
1.0104e-02
1.0726e-02
1.2378e-02
1.2883e-02
1.4816e-02
1.7657e-02
1.7225e-02
1.1398e-02
5.8676e-04
-1.2814e-02
-2.6313e-02
-3.4658e-02
-3.6227e-02
-3.4590e-02
-3.2945e-02
-3.3227e-02
-3.7279e-02
-4.4445e-02
-5.1512e-02
-5.6460e-02
-5.7981e-02
-5.6526e-02
-5.4758e-02
-5.4879e-02
-5.6724e-02
-5.7966e-02
-5.5389e-02
-4.7606e-02
-3.3383e-02
-1.4482e-02
4.2478e-03
1.8105e-02
2.6330e-02
3.1879e-02
3.6062e-02
3.9133e-02
4.1666e-02
4.2958e-02
4.0431e-02
3.3089e-02
2.1099e-02
4.3595e-03
-1.5727e-02
-3.7489e-02
-5.9218e-02
-8.2771e-02
-1.2048e-01
-1.6561e-01
-1.8859e-01
-1.8246e-01
-1.6754e-01
-1.5812e-01
-1.5115e-01
-1.3750e-01
-1.1445e-01
-9.0378e-02
-7.3288e-02
-6.0883e-02
-5.2137e-02
-4.8004e-02
-4.8935e-02
-5.4050e-02
-6.0450e-02
-6.5036e-02
-6.7495e-02
-6.9321e-02
-7.1440e-02
-7.3227e-02
-7.3584e-02
-7.2412e-02
-7.0701e-02
-6.8957e-02
-6.6863e-02
-6.2825e-02
-5.5471e-02
-4.7799e-02
-4.2196e-02
-4.0044e-02
-4.0696e-02
-4.0731e-02
-3.6683e-02
-2.5809e-02
-5.2070e-03
2.2954e-02
5.2789e-02
8.0477e-02
1.0246e-01
1.1558e-01
1.2433e-01
1.3512e-01
1.4900e-01
1.6628e-01
1.8602e-01
2.0557e-01
2.1958e-01
2.2355e-01
2.1831e-01
2.0656e-01
1.8927e-01
1.7186e-01
1.5691e-01
1.4628e-01
1.3954e-01
1.3332e-01
1.2364e-01
1.1032e-01
9.7157e-02
8.7843e-02
8.2484e-02
8.0303e-02
8.2834e-02
9.0607e-02
1.0214e-01
1.1273e-01
1.1873e-01
1.1764e-01
1.0909e-01
9.5340e-02
8.2056e-02
7.4303e-02
7.2968e-02
7.6632e-02
8.2404e-02
8.5147e-02
7.8988e-02
6.0462e-02
3.2701e-02
6.2976e-03
-1.2679e-02
-2.5124e-02
-3.4351e-02
-4.3833e-02
-5.3458e-02
-6.1920e-02
-6.9897e-02
-7.9269e-02
-9.1542e-02
-1.0621e-01
-1.1623e-01
-1.1901e-01
-1.1732e-01
-1.1284e-01
-1.0629e-01
-9.9129e-02
-9.3113e-02
-8.9835e-02
-8.8915e-02
-8.8694e-02
-8.7489e-02
-8.4199e-02
-7.9565e-02
-7.4560e-02
-6.8477e-02
-6.0508e-02
-5.2564e-02
-4.7848e-02
-4.9473e-02
-5.7565e-02
-6.8032e-02
-7.5633e-02
-7.9325e-02
-7.9754e-02
-7.6656e-02
-7.2567e-02
-7.2810e-02
-8.0615e-02
-9.6277e-02
-1.1832e-01
-1.4260e-01
-1.6730e-01
-1.8907e-01
-2.0631e-01
-2.1842e-01
-2.2608e-01
-2.3145e-01
-2.3588e-01
-2.4048e-01
-2.4664e-01
-2.5562e-01
-2.6593e-01
-2.7332e-01
-2.7454e-01
-2.6819e-01
-2.5361e-01
-2.3148e-01
-2.0810e-01
-1.9006e-01
-1.7651e-01
-1.6274e-01
-1.4519e-01
-1.2193e-01
-9.2599e-02
-6.3728e-02
-4.0984e-02
-2.4816e-02
-1.3395e-02
-2.3322e-03
1.0176e-02
2.3174e-02
3.8646e-02
5.9107e-02
8.3918e-02
1.1092e-01
1.3757e-01
1.5941e-01
1.7495e-01
1.8789e-01
1.9880e-01
2.0610e-01
2.0946e-01
2.0886e-01
2.0428e-01
1.9717e-01
1.8636e-01
1.6862e-01
1.4654e-01
1.2284e-01
9.5968e-02
6.7490e-02
4.0635e-02
2.1309e-02
1.3219e-02
1.2989e-02
1.7987e-02
2.9639e-02
4.9770e-02
7.5722e-02
1.0403e-01
1.3256e-01
1.6035e-01
1.8955e-01
2.2302e-01
2.5803e-01
2.8846e-01
3.1222e-01
3.2998e-01
3.4033e-01
3.4273e-01
3.3904e-01
3.2843e-01
3.0474e-01
2.6773e-01
2.2151e-01
1.7784e-01
1.4231e-01
1.1119e-01
8.2908e-02
6.4264e-02
5.7137e-02
5.5196e-02
5.5108e-02
5.7187e-02
6.1928e-02
7.0053e-02
8.1848e-02
9.8196e-02
1.1776e-01
1.3737e-01
1.5496e-01
1.6722e-01
1.7204e-01
1.6826e-01
1.5411e-01
1.2782e-01
9.5437e-02
6.2229e-02
2.8421e-02
-4.8884e-03
-3.7628e-02
-7.2050e-02
-1.1167e-01
-1.5626e-01
-2.0734e-01
-2.6259e-01
-3.0743e-01
-3.3361e-01
-3.4384e-01
-3.4416e-01
-3.3813e-01
-3.2312e-01
-2.9934e-01
-2.7358e-01
-2.4731e-01
-2.1905e-01
-1.8622e-01
-1.4944e-01
-1.1533e-01
-8.9529e-02
-7.0391e-02
-5.3252e-02
-3.3123e-02
-8.6583e-03
1.4487e-02
3.1801e-02
4.2637e-02
4.8433e-02
5.2289e-02
5.5078e-02
5.6299e-02
5.6580e-02
5.7317e-02
5.8685e-02
5.9699e-02
5.8026e-02
5.2206e-02
4.3243e-02
3.0161e-02
1.1027e-02
-8.4148e-03
-3.0058e-02
-5.3390e-02
-7.3851e-02
-9.0921e-02
-1.0793e-01
-1.2494e-01
-1.3959e-01
-1.5101e-01
-1.5940e-01
-1.6538e-01
-1.6920e-01
-1.6994e-01
-1.6659e-01
-1.5879e-01
-1.4690e-01
-1.3412e-01
-1.2502e-01
-1.2090e-01
-1.1824e-01
-1.1416e-01
-1.0866e-01
-1.0258e-01
-9.6480e-02
-9.1154e-02
-8.6845e-02
-8.2469e-02
-7.5644e-02
-6.4898e-02
-4.8995e-02
-2.7258e-02
-6.6717e-03
3.8794e-03
5.8641e-03
5.4245e-03
4.6334e-03
3.3078e-03
2.6707e-03
6.0216e-03
1.3705e-02
2.3133e-02
3.2090e-02
3.9525e-02
4.5858e-02
5.1691e-02
5.7539e-02
6.5714e-02
8.0451e-02
1.0474e-01
1.3265e-01
1.5626e-01
1.7555e-01
1.9361e-01
2.1056e-01
2.2488e-01
2.3686e-01
2.4564e-01
2.5247e-01
2.6009e-01
2.6997e-01
2.8118e-01
2.9219e-01
3.0336e-01
3.1612e-01
3.2752e-01
3.3420e-01
3.3603e-01
3.3379e-01
3.2821e-01
3.2050e-01
3.0797e-01
2.8865e-01
2.6265e-01
2.2889e-01
1.9080e-01
1.5328e-01
1.1722e-01
8.1177e-02
4.5635e-02
1.3383e-02
-2.1077e-02
-5.1259e-02
-7.3208e-02
-9.1623e-02
-1.0577e-01
-1.1274e-01
-1.1419e-01
-1.1372e-01
-1.1263e-01
-1.0970e-01
-1.0333e-01
-9.2513e-02
-8.0139e-02
-6.9310e-02
-5.9026e-02
-4.7052e-02
-3.4775e-02
-2.4268e-02
-1.4747e-02
-8.4788e-03
-9.5136e-03
-2.0902e-02
-4.3206e-02
-7.2698e-02
-1.0584e-01
-1.3573e-01
-1.6176e-01
-1.8689e-01
-2.1331e-01
-2.4178e-01
-2.6961e-01
-2.8808e-01
-2.9429e-01
-2.9311e-01
-2.8675e-01
-2.7178e-01
-2.4732e-01
-2.1617e-01
-1.8514e-01
-1.5690e-01
-1.2953e-01
-1.0001e-01
-6.3512e-02
-2.7870e-02
-5.5018e-03
1.6530e-03
-1.1931e-03
-1.0125e-02
-2.5635e-02
-5.0681e-02
-7.6986e-02
-9.3530e-02
-1.0379e-01
-1.1856e-01
-1.4067e-01
-1.6301e-01
-1.7978e-01
-1.8919e-01
-1.9391e-01
-1.9511e-01
-1.9228e-01
-1.8547e-01
-1.7493e-01
-1.6153e-01
-1.4776e-01
-1.3428e-01
-1.1711e-01
-9.3537e-02
-6.6339e-02
-3.9985e-02
-1.6469e-02
5.9464e-03
2.5849e-02
4.3015e-02
5.6373e-02
6.4327e-02
6.7120e-02
6.5663e-02
6.1600e-02
5.6747e-02
5.1833e-02
4.7844e-02
4.5327e-02
4.2334e-02
3.5853e-02
2.4852e-02
1.1118e-02
-1.7455e-03
-9.0589e-03
-8.5391e-03
-1.1704e-03
1.2511e-02
2.8710e-02
4.5842e-02
6.2520e-02
7.9155e-02
9.5007e-02
1.1192e-01
1.3198e-01
1.5618e-01
1.8291e-01
2.0735e-01
2.2328e-01
2.2859e-01
2.2650e-01
2.2112e-01
2.1291e-01
2.0097e-01
1.8878e-01
1.8082e-01
1.7654e-01
1.7347e-01
1.6935e-01
1.6375e-01
1.5731e-01
1.4955e-01
1.4004e-01
1.2750e-01
1.1392e-01
1.0079e-01
8.6174e-02
6.8269e-02
5.0358e-02
3.4966e-02
2.0861e-02
6.1344e-03
-1.2041e-02
-3.4624e-02
-5.6321e-02
-7.7900e-02
-1.0287e-01
-1.2869e-01
-1.5423e-01
-1.7681e-01
-1.9095e-01
-1.9511e-01
-1.9283e-01
-1.8425e-01
-1.6625e-01
-1.3837e-01
-1.0263e-01
-6.9815e-02
-4.6157e-02
-3.0661e-02
-2.2774e-02
-2.2410e-02
-2.7863e-02
-3.7819e-02
-4.8441e-02
-5.5497e-02
-6.0996e-02
-6.8792e-02
-7.9229e-02
-9.2614e-02
-1.0742e-01
-1.2300e-01
-1.3821e-01
-1.5422e-01
-1.6969e-01
-1.8185e-01
-1.8861e-01
-1.8813e-01
-1.7945e-01
-1.6336e-01
-1.4143e-01
-1.1841e-01
-1.0014e-01
-8.4702e-02
-6.5929e-02
-4.2236e-02
-1.9510e-02
-3.0427e-03
7.8433e-03
1.7357e-02
2.6833e-02
3.4075e-02
3.7240e-02
3.6145e-02
3.1736e-02
2.5292e-02
1.7453e-02
9.0032e-03
-8.7041e-04
-1.0247e-02
-1.6663e-02
-1.9283e-02
-1.8516e-02
-1.5274e-02
-1.0635e-02
-3.5381e-03
8.4672e-03
2.5221e-02
4.3619e-02
6.1823e-02
7.8433e-02
9.3309e-02
1.0711e-01
1.1959e-01
1.3014e-01
1.3910e-01
1.4741e-01
1.5630e-01
1.6196e-01
1.5993e-01
1.4735e-01
1.2025e-01
8.7451e-02
5.5718e-02
2.4812e-02
-3.0390e-03
-2.7693e-02
-4.8098e-02
-6.5462e-02
-7.8848e-02
-8.6800e-02
-8.8677e-02
-8.4917e-02
-7.5590e-02
-6.1542e-02
-4.4816e-02
-2.6514e-02
-5.7396e-03
1.5245e-02
3.4634e-02
5.3239e-02
7.2456e-02
8.9704e-02
1.0093e-01
1.0630e-01
1.1033e-01
1.1508e-01
1.1944e-01
1.2206e-01
1.2419e-01
1.2522e-01
1.2411e-01
1.2260e-01
1.2201e-01
1.2397e-01
1.2971e-01
1.3869e-01
1.5071e-01
1.6403e-01
1.7419e-01
1.7963e-01
1.8139e-01
1.8016e-01
1.7624e-01
1.6632e-01
1.4529e-01
1.1501e-01
8.4856e-02
5.5917e-02
3.1985e-02
1.5490e-02
3.0708e-03
-8.1512e-03
-1.7681e-02
-2.4126e-02
-2.7870e-02
-2.9408e-02
-2.7228e-02
-2.0578e-02
-1.2419e-02
-6.7108e-03
-3.4458e-03
-8.3589e-04
1.0708e-03
1.6835e-03
1.1458e-03
1.4822e-04
-7.0161e-04
-1.7729e-03
-3.9408e-03
-8.2632e-03
-1.6411e-02
-2.7541e-02
-3.8753e-02
-4.6866e-02
-5.0713e-02
-5.1330e-02
-5.0598e-02
-4.8843e-02
-4.3984e-02
-3.5506e-02
-2.5603e-02
-1.7349e-02
-1.2780e-02
-1.1646e-02
-1.3204e-02
-1.7735e-02
-2.5319e-02
-3.3461e-02
-4.0622e-02
-4.7881e-02
-5.4595e-02
-6.0299e-02
-6.7577e-02
-7.6632e-02
-8.5470e-02
-9.2310e-02
-9.7048e-02
-1.0191e-01
-1.0893e-01
-1.1774e-01
-1.2905e-01
-1.4391e-01
-1.5936e-01
-1.7054e-01
-1.7435e-01
-1.7015e-01
-1.5836e-01
-1.3941e-01
-1.1752e-01
-9.8149e-02
-8.2104e-02
-6.7054e-02
-5.1145e-02
-3.4889e-02
-2.0237e-02
-8.2710e-03
4.0529e-04
4.6498e-03
4.1912e-03
-1.0510e-03
-1.0876e-02
-2.3826e-02
-3.6558e-02
-4.6237e-02
-5.1516e-02
-5.2424e-02
-4.9893e-02
-4.4582e-02
-3.7386e-02
-2.7545e-02
-1.4602e-02
-1.8267e-03
7.0006e-03
1.0940e-02
1.2111e-02
1.2941e-02
1.5197e-02
1.9769e-02
2.7293e-02
3.7652e-02
4.8179e-02
5.6613e-02
6.2061e-02
6.4852e-02
6.6324e-02
6.7967e-02
7.0756e-02
7.5782e-02
8.4479e-02
9.6787e-02
1.0916e-01
1.1707e-01
1.1808e-01
1.1210e-01
1.0063e-01
8.3938e-02
6.3247e-02
4.3903e-02
2.9861e-02
2.0770e-02
1.3728e-02
6.0452e-03
-2.3743e-03
-1.1407e-02
-2.1565e-02
-3.2032e-02
-4.0827e-02
-4.5170e-02
-4.4284e-02
-3.7933e-02
-2.5357e-02
-5.8895e-03
1.6280e-02
3.4484e-02
4.5387e-02
4.9827e-02
4.9775e-02
4.5527e-02
3.6366e-02
2.2957e-02
8.6929e-03
-4.9876e-03
-1.9203e-02
-3.4016e-02
-5.0136e-02
-6.7384e-02
-8.4832e-02
-1.0076e-01
-1.1392e-01
-1.2377e-01
-1.3103e-01
-1.3621e-01
-1.3913e-01
-1.3830e-01
-1.3187e-01
-1.1800e-01
-9.6287e-02
-6.9577e-02
-4.4016e-02
-2.3213e-02
-4.5818e-03
1.5623e-02
3.8504e-02
6.2685e-02
8.5350e-02
1.0338e-01
1.1622e-01
1.2498e-01
1.3068e-01
1.3405e-01
1.3572e-01
1.3644e-01
1.3644e-01
1.3500e-01
1.3174e-01
1.2672e-01
1.1963e-01
1.0917e-01
9.5457e-02
8.0393e-02
6.5265e-02
5.2612e-02
4.4474e-02
3.9978e-02
3.6175e-02
3.0676e-02
2.2542e-02
1.1202e-02
-3.5011e-03
-1.8079e-02
-2.8312e-02
-3.1974e-02
-3.0070e-02
-2.5513e-02
-1.9949e-02
-1.3442e-02
-5.3105e-03
3.9511e-03
1.2769e-02
2.2658e-02
3.4253e-02
4.6603e-02
5.8249e-02
6.8306e-02
7.6255e-02
8.1249e-02
8.2759e-02
8.0511e-02
7.5080e-02
6.8636e-02
6.2520e-02
5.6649e-02
5.1102e-02
4.6191e-02
4.2158e-02
3.8748e-02
3.5555e-02
3.2620e-02
2.9779e-02
2.6143e-02
2.1534e-02
1.6970e-02
1.3278e-02
1.0044e-02
6.4736e-03
2.3141e-03
-2.0452e-03
-6.8487e-03
-1.2641e-02
-1.9848e-02
-2.8540e-02
-3.8593e-02
-5.0183e-02
-6.1685e-02
-6.9525e-02
-7.3361e-02
-7.5136e-02
-7.6092e-02
-7.6328e-02
-7.5798e-02
-7.4581e-02
-7.2930e-02
-7.1656e-02
-7.0836e-02
-6.9929e-02
-6.8742e-02
-6.7181e-02
-6.4642e-02
-6.0958e-02
-5.6905e-02
-5.3367e-02
-5.1778e-02
-5.3679e-02
-5.8978e-02
-6.5855e-02
-7.2381e-02
-7.8377e-02
-8.5458e-02
-9.5637e-02
-1.0890e-01
-1.2268e-01
-1.3299e-01
-1.3873e-01
-1.4191e-01
-1.4352e-01
-1.4308e-01
-1.3982e-01
-1.3370e-01
-1.2486e-01
-1.1338e-01
-1.0005e-01
-8.5395e-02
-7.1052e-02
-5.8665e-02
-4.8387e-02
-3.8525e-02
-2.7679e-02
-1.4844e-02
-2.3762e-03
6.7201e-03
1.1892e-02
1.3886e-02
1.2357e-02
7.2353e-03
-1.0330e-03
-1.1347e-02
-1.9910e-02
-2.5169e-02
-2.8777e-02
-3.2525e-02
-3.6177e-02
-3.8738e-02
-3.9983e-02
-4.0739e-02
-4.1082e-02
-3.9943e-02
-3.6457e-02
-3.0264e-02
-2.1300e-02
-9.3779e-03
3.2022e-03
1.3902e-02
2.3516e-02
3.3086e-02
4.0634e-02
4.4629e-02
4.5398e-02
4.4516e-02
4.3434e-02
4.3525e-02
4.4769e-02
4.5186e-02
4.2877e-02
3.7720e-02
3.0290e-02
1.9320e-02
4.0822e-03
-1.2095e-02
-2.6099e-02
-3.6719e-02
-4.4524e-02
-5.0200e-02
-5.4763e-02
-5.8831e-02
-6.1785e-02
-6.2468e-02
-6.0197e-02
-5.4981e-02
-4.6914e-02
-3.5929e-02
-2.3498e-02
-1.3025e-02
-7.3926e-03
-5.9263e-03
-6.8303e-03
-9.1304e-03
-1.2294e-02
-1.5724e-02
-1.8889e-02
-2.1497e-02
-2.3086e-02
-2.3076e-02
-2.1586e-02
-1.9872e-02
-1.9017e-02
-1.9368e-02
-2.0239e-02
-1.9694e-02
-1.6166e-02
-1.0199e-02
-2.2764e-03
6.5059e-03
1.3528e-02
1.7180e-02
1.8268e-02
1.8524e-02
1.8966e-02
1.9534e-02
1.9725e-02
1.8981e-02
1.7049e-02
1.5259e-02
1.4484e-02
1.4138e-02
1.4140e-02
1.5797e-02
1.9555e-02
2.3712e-02
2.6896e-02
2.8926e-02
3.0098e-02
3.0819e-02
3.1723e-02
3.3473e-02
3.6483e-02
4.1052e-02
4.7212e-02
5.4413e-02
6.0999e-02
6.4741e-02
6.4546e-02
6.1104e-02
5.5684e-02
4.7436e-02
3.4589e-02
1.8200e-02
1.9107e-03
-1.1165e-02
-2.0859e-02
-3.0214e-02
-4.0508e-02
-5.0011e-02
-5.6688e-02
-5.9689e-02
-5.9449e-02
-5.7125e-02
-5.4081e-02
-5.1004e-02
-4.7750e-02
-4.5160e-02
-4.4158e-02
-4.4105e-02
-4.3509e-02
-4.1139e-02
-3.6393e-02
-2.8928e-02
-1.9382e-02
-1.0532e-02
-3.4325e-03
3.3538e-03
9.5587e-03
1.2408e-02
1.1445e-02
9.4583e-03
9.5988e-03
1.3363e-02
1.9880e-02
2.7810e-02
3.5594e-02
4.0378e-02
4.0344e-02
3.6852e-02
3.2757e-02
2.9454e-02
2.8689e-02
3.2836e-02
4.1440e-02
5.1473e-02
6.0704e-02
6.9317e-02
7.7634e-02
8.5065e-02
9.1191e-02
9.6239e-02
1.0147e-01
1.0723e-01
1.1226e-01
1.1523e-01
1.1466e-01
1.0928e-01
9.9737e-02
8.8340e-02
7.7153e-02
6.8022e-02
6.2727e-02
6.1107e-02
6.1071e-02
6.0248e-02
5.7534e-02
5.3194e-02
4.8215e-02
4.3894e-02
4.1000e-02
3.9787e-02
4.0287e-02
4.2560e-02
4.6381e-02
5.0587e-02
5.3413e-02
5.3067e-02
4.9982e-02
4.6726e-02
4.4943e-02
4.4254e-02
4.4659e-02
4.6493e-02
4.9171e-02
5.1594e-02
5.2968e-02
5.2511e-02
4.9834e-02
4.5537e-02
4.0428e-02
3.5804e-02
3.2230e-02
2.9711e-02
2.8758e-02
2.9414e-02
3.1292e-02
3.4223e-02
3.8821e-02
4.6470e-02
5.7100e-02
6.7610e-02
7.4537e-02
7.6912e-02
7.5752e-02
7.2892e-02
7.0016e-02
6.8239e-02
6.7014e-02
6.4632e-02
5.9722e-02
5.2559e-02
4.4662e-02
3.7727e-02
3.2744e-02
2.9521e-02
2.6561e-02
2.2431e-02
1.7067e-02
1.0662e-02
2.5641e-03
-8.1172e-03
-2.0273e-02
-3.1991e-02
-4.1638e-02
-4.8850e-02
-5.4063e-02
-5.7064e-02
-5.7915e-02
-5.7585e-02
-5.7720e-02
-5.8739e-02
-5.8874e-02
-5.6178e-02
-5.0848e-02
-4.3470e-02
-3.4449e-02
-2.5575e-02
-1.8543e-02
-1.2256e-02
-5.3308e-03
1.0388e-03
4.7996e-03
5.6016e-03
4.8396e-03
3.3192e-03
5.5699e-04
-4.5931e-03
-1.2372e-02
-2.1553e-02
-3.0024e-02
-3.5647e-02
-3.8629e-02
-3.9907e-02
-3.9052e-02
-3.5793e-02
-3.1710e-02
-2.8833e-02
-2.7374e-02
-2.5683e-02
-2.2778e-02
-1.9387e-02
-1.6504e-02
-1.4208e-02
-1.1568e-02
-7.9579e-03
-3.6829e-03
2.7208e-04
2.5252e-03
2.5769e-03
3.1618e-04
-3.4835e-03
-7.0849e-03
-1.0007e-02
-1.2607e-02
-1.4761e-02
-1.6409e-02
-1.8451e-02
-2.1921e-02
-2.6627e-02
-3.1202e-02
-3.4791e-02
-3.7246e-02
-3.8514e-02
-3.8287e-02
-3.6099e-02
-3.2615e-02
-2.9073e-02
-2.6147e-02
-2.4100e-02
-2.2804e-02
-2.1915e-02
-2.1164e-02
-2.0707e-02
-2.0581e-02
-2.0629e-02
-2.0501e-02
-1.9461e-02
-1.6927e-02
-1.3193e-02
-9.8127e-03
-9.4664e-03
-1.3869e-02
-2.1489e-02
-2.9961e-02
-3.7976e-02
-4.4945e-02
-5.0327e-02
-5.3533e-02
-5.4752e-02
-5.4865e-02
-5.4904e-02
-5.5668e-02
-5.8247e-02
-6.2828e-02
-6.7995e-02
-7.2475e-02
-7.5688e-02
-7.7293e-02
-7.7872e-02
-7.8722e-02
-8.0769e-02
-8.4124e-02
-8.7872e-02
-9.0931e-02
-9.2591e-02
-9.2790e-02
-9.2093e-02
-9.1602e-02
-9.1945e-02
-9.2799e-02
-9.3063e-02
-9.1381e-02
-8.6372e-02
-7.7278e-02
-6.5276e-02
-5.2645e-02
-4.1061e-02
-3.1654e-02
-2.4533e-02
-1.9223e-02
-1.5517e-02
-1.3404e-02
-1.2225e-02
-1.1908e-02
-1.2879e-02
-1.4844e-02
-1.7565e-02
-2.1279e-02
-2.5891e-02
-3.1037e-02
-3.6376e-02
-4.0856e-02
-4.3708e-02
-4.5092e-02
-4.5760e-02
-4.6319e-02
-4.6988e-02
-4.7794e-02
-4.8185e-02
-4.7814e-02
-4.6953e-02
-4.5917e-02
-4.5242e-02
-4.4993e-02
-4.5090e-02
-4.5846e-02
-4.7771e-02
-5.0998e-02
-5.5422e-02
-6.0463e-02
-6.5224e-02
-6.8389e-02
-6.8706e-02
-6.6383e-02
-6.2659e-02
-5.7863e-02
-5.1344e-02
-4.3206e-02
-3.4439e-02
-2.7101e-02
-2.2614e-02
-1.9947e-02
-1.6442e-02
-1.0045e-02
2.0452e-05
1.2839e-02
2.6885e-02
3.8990e-02
4.7097e-02
5.2062e-02
5.5521e-02
5.7809e-02
5.9095e-02
5.9500e-02
5.9344e-02
5.8994e-02
5.8161e-02
5.7008e-02
5.5902e-02
5.4115e-02
5.0692e-02
4.6431e-02
4.2982e-02
4.0453e-02
3.8029e-02
3.5632e-02
3.3951e-02
3.3132e-02
3.2173e-02
2.9537e-02
2.4412e-02
1.7533e-02
1.0504e-02
4.4442e-03
-1.7202e-04
-3.4488e-03
-5.6484e-03
-6.9712e-03
-7.3606e-03
-6.9973e-03
-6.6193e-03
-6.6222e-03
-7.1809e-03
-8.7784e-03
-1.0873e-02
-1.2273e-02
-1.2385e-02
-1.1607e-02
-1.0133e-02
-7.9107e-03
-4.9381e-03
-1.5292e-03
1.6373e-03
4.2313e-03
6.8900e-03
1.0445e-02
1.5555e-02
2.2792e-02
3.2251e-02
4.3740e-02
5.5715e-02
6.6167e-02
7.4935e-02
8.2319e-02
8.8141e-02
9.2126e-02
9.4436e-02
9.4683e-02
9.1722e-02
8.5924e-02
7.8830e-02
7.1510e-02
6.4456e-02
5.8302e-02
5.3556e-02
4.9976e-02
4.7945e-02
4.7694e-02
4.8190e-02
4.8280e-02
4.8149e-02
4.9425e-02
5.3533e-02
6.0554e-02
6.9700e-02
7.8238e-02
8.3210e-02
8.4439e-02
8.3458e-02
8.1388e-02
7.8454e-02
7.4675e-02
7.0191e-02
6.5003e-02
5.9230e-02
5.2221e-02
4.2693e-02
3.0301e-02
1.5679e-02
2.7016e-04
-1.4506e-02
-2.6934e-02
-3.4981e-02
-3.8859e-02
-4.0434e-02
-4.0328e-02
-3.8501e-02
-3.5473e-02
-3.1196e-02
-2.5328e-02
-1.8193e-02
-1.1546e-02
-7.1047e-03
-5.2352e-03
-5.2989e-03
-6.0820e-03
-6.3111e-03
-5.1195e-03
-2.4494e-03
1.0693e-03
4.7653e-03
8.1216e-03
1.1486e-02
1.5599e-02
2.0032e-02
2.3221e-02
2.4038e-02
2.2566e-02
2.0428e-02
1.9155e-02
1.9890e-02
2.3995e-02
3.1647e-02
4.1950e-02
5.3687e-02
6.6001e-02
7.7484e-02
8.6550e-02
9.2675e-02
9.5153e-02
9.3642e-02
8.8756e-02
8.0598e-02
6.8888e-02
5.4872e-02
4.1510e-02
2.9895e-02
1.9110e-02
8.0034e-03
-5.0256e-03
-1.9843e-02
-3.3778e-02
-4.5914e-02
-5.4813e-02
-5.9037e-02
-5.8827e-02
-5.5091e-02
-4.9089e-02
-4.1735e-02
-3.3608e-02
-2.5309e-02
-1.7960e-02
-1.1858e-02
-6.2157e-03
-2.1793e-04
6.3712e-03
1.3117e-02
1.9029e-02
2.3064e-02
2.4036e-02
2.1228e-02
1.5745e-02
9.8842e-03
5.1500e-03
1.3502e-03
-2.1391e-03
-5.0412e-03
-7.0094e-03
-8.3390e-03
-9.1738e-03
-9.8561e-03
-1.0704e-02
-1.1566e-02
-1.2156e-02
-1.2185e-02
-1.1596e-02
-1.0672e-02
-9.8679e-03
-9.8961e-03
-1.1047e-02
-1.3195e-02
-1.6297e-02
-2.0538e-02
-2.5740e-02
-3.1618e-02
-3.7234e-02
-4.1382e-02
-4.3609e-02
-4.4389e-02
-4.4413e-02
-4.3517e-02
-4.1308e-02
-3.7322e-02
-3.1640e-02
-2.4619e-02
-1.5840e-02
-5.2050e-03
6.3581e-03
1.7362e-02
2.7080e-02
3.5494e-02
4.2238e-02
4.7247e-02
5.0666e-02
5.3057e-02
5.4640e-02
5.5287e-02
5.5075e-02
5.3753e-02
5.0603e-02
4.4297e-02
3.4787e-02
2.5205e-02
1.8429e-02
1.3414e-02
6.7516e-03
-2.2850e-03
-1.2151e-02
-2.1620e-02
-3.0501e-02
-3.9171e-02
-4.9006e-02
-5.9914e-02
-7.1140e-02
-8.2044e-02
-9.1765e-02
-9.9284e-02
-1.0520e-01
-1.1046e-01
-1.1502e-01
-1.1821e-01
-1.1961e-01
-1.1957e-01
-1.1870e-01
-1.1743e-01
-1.1488e-01
-1.1052e-01
-1.0570e-01
-1.0178e-01
-9.8553e-02
-9.5255e-02
-8.9985e-02
-8.1467e-02
-7.0388e-02
-5.8852e-02
-4.8108e-02
-3.8787e-02
-3.1232e-02
-2.4721e-02
-1.9439e-02
-1.5642e-02
-1.2688e-02
-1.0264e-02
-8.3808e-03
-6.6694e-03
-5.3367e-03
-4.8243e-03
-4.8929e-03
-4.5689e-03
-3.6911e-03
-2.8032e-03
-2.3443e-03
-2.0166e-03
-1.0380e-03
4.3971e-04
1.8125e-03
2.3389e-03
1.8151e-03
6.4700e-04
-5.5724e-04
-8.0440e-04
8.5576e-04
4.1622e-03
7.9696e-03
1.1706e-02
1.5325e-02
1.9819e-02
2.5182e-02
3.0020e-02
3.1977e-02
2.9621e-02
2.3731e-02
1.5128e-02
5.1072e-03
-4.6880e-03
-1.2565e-02
-1.8217e-02
-2.1922e-02
-2.4660e-02
-2.7072e-02
-2.8614e-02
-2.8529e-02
-2.6675e-02
-2.3259e-02
-1.8410e-02
-1.1421e-02
-1.5832e-03
1.1491e-02
2.6936e-02
4.2671e-02
5.6657e-02
6.8097e-02
7.7581e-02
8.5580e-02
9.2586e-02
9.9535e-02
1.0753e-01
1.1589e-01
1.2275e-01
1.2582e-01
1.2395e-01
1.1772e-01
1.0817e-01
9.7141e-02
8.5988e-02
7.5023e-02
6.4578e-02
5.4187e-02
4.2409e-02
2.8562e-02
1.3258e-02
-1.2566e-03
-1.2696e-02
-1.9497e-02
-2.2680e-02
-2.3666e-02
-2.2621e-02
-1.9525e-02
-1.4858e-02
-9.1107e-03
-2.3534e-03
5.5434e-03
1.3139e-02
1.8875e-02
2.3246e-02
2.7021e-02
3.0427e-02
3.2737e-02
3.2900e-02
3.0805e-02
2.7597e-02
2.4170e-02
2.0367e-02
1.5541e-02
9.0126e-03
1.2197e-04
-1.1257e-02
-2.3222e-02
-3.3631e-02
-4.1976e-02
-4.7624e-02
-5.0476e-02
-5.1326e-02
-5.1433e-02
-5.2265e-02
-5.4247e-02
-5.6495e-02
-5.8405e-02
-6.0411e-02
-6.2410e-02
-6.3749e-02
-6.4320e-02
-6.4381e-02
-6.4143e-02
-6.2822e-02
-5.9887e-02
-5.5866e-02
-5.1864e-02
-4.8729e-02
-4.6376e-02
-4.4068e-02
-4.1256e-02
-3.7894e-02
-3.4242e-02
-3.0910e-02
-2.8398e-02
-2.6997e-02
-2.6151e-02
-2.5435e-02
-2.4678e-02
-2.3723e-02
-2.2794e-02
-2.1953e-02
-2.0543e-02
-1.8071e-02
-1.5057e-02
-1.2928e-02
-1.2460e-02
-1.3379e-02
-1.5403e-02
-1.8224e-02
-2.1339e-02
-2.4314e-02
-2.7106e-02
-2.9202e-02
-2.9844e-02
-2.8899e-02
-2.6668e-02
-2.3556e-02
-1.9707e-02
-1.4950e-02
-9.5714e-03
-4.3404e-03
1.2730e-03
8.4452e-03
1.7218e-02
2.6343e-02
3.4690e-02
4.3453e-02
5.2796e-02
6.0268e-02
6.4762e-02
6.8783e-02
7.4390e-02
8.0932e-02
8.6616e-02
9.1080e-02
9.3866e-02
9.4261e-02
9.2595e-02
9.0141e-02
8.8332e-02
8.7425e-02
8.6544e-02
8.5131e-02
8.3146e-02
8.0880e-02
7.8264e-02
7.4960e-02
7.0704e-02
6.5339e-02
5.8559e-02
4.8982e-02
3.6783e-02
2.4612e-02
1.5339e-02
9.7807e-03
6.1095e-03
2.1089e-03
-2.9604e-03
-8.9197e-03
-1.5348e-02
-2.1202e-02
-2.4955e-02
-2.6333e-02
-2.6209e-02
-2.5553e-02
-2.5064e-02
-2.5362e-02
-2.6339e-02
-2.7467e-02
-2.8693e-02
-2.9718e-02
-3.0600e-02
-3.1558e-02
-3.1725e-02
-3.0577e-02
-2.9005e-02
-2.8232e-02
-2.7920e-02
-2.6897e-02
-2.4289e-02
-1.9982e-02
-1.4730e-02
-1.0131e-02
-7.0618e-03
-5.7288e-03
-6.3868e-03
-8.9285e-03
-1.2306e-02
-1.5887e-02
-1.9937e-02
-2.4735e-02
-3.0797e-02
-3.8141e-02
-4.5406e-02
-5.1055e-02
-5.4622e-02
-5.6252e-02
-5.6270e-02
-5.4769e-02
-5.1856e-02
-4.7656e-02
-4.2098e-02
-3.5282e-02
-2.6930e-02
-1.6866e-02
-5.9701e-03
4.4670e-03
1.2993e-02
2.0417e-02
2.7924e-02
3.5303e-02
4.1859e-02
4.6333e-02
4.7558e-02
4.6166e-02
4.3511e-02
4.1171e-02
4.0138e-02
4.0054e-02
4.0282e-02
4.0462e-02
4.0353e-02
3.9525e-02
3.7638e-02
3.4728e-02
3.0841e-02
2.6717e-02
2.3193e-02
1.9603e-02
1.4526e-02
8.0997e-03
2.5469e-03
-8.4730e-04
-2.2851e-03
-2.2869e-03
-1.0648e-03
7.7124e-04
3.0970e-03
6.0669e-03
8.7519e-03
1.0243e-02
1.0661e-02
1.0591e-02
9.9443e-03
7.8214e-03
3.8336e-03
-7.9617e-04
-4.7660e-03
-7.7575e-03
-1.0125e-02
-1.2044e-02
-1.3824e-02
-1.5909e-02
-1.7418e-02
-1.7555e-02
-1.6610e-02
-1.5516e-02
-1.5084e-02
-1.5138e-02
-1.4971e-02
-1.3985e-02
-1.1728e-02
-7.7096e-03
-2.0071e-03
4.6790e-03
1.1472e-02
1.6731e-02
1.9826e-02
2.1420e-02
2.2008e-02
2.1554e-02
2.0130e-02
1.8339e-02
1.6581e-02
1.5078e-02
1.4173e-02
1.4471e-02
1.6504e-02
1.9941e-02
2.3765e-02
2.7203e-02
2.9980e-02
3.2062e-02
3.3245e-02
3.3416e-02
3.2659e-02
3.1509e-02
3.0738e-02
3.0652e-02
3.0828e-02
3.0015e-02
2.7108e-02
2.2151e-02
1.5215e-02
6.5712e-03
-2.8499e-03
-1.1729e-02
-1.9296e-02
-2.5333e-02
-3.0719e-02
-3.6353e-02
-4.1873e-02
-4.6092e-02
-4.9159e-02
-5.1667e-02
-5.3290e-02
-5.3681e-02
-5.2182e-02
-4.8671e-02
-4.3944e-02
-3.8091e-02
-3.1054e-02
-2.3738e-02
-1.6890e-02
-1.0922e-02
-5.8783e-03
-1.8757e-03
9.6769e-04
2.1780e-03
1.1102e-03
-1.2865e-03
-3.3837e-03
-4.8317e-03
-6.1694e-03
-7.4157e-03
-8.3340e-03
-8.3681e-03
-7.7026e-03
-7.7551e-03
-9.2223e-03
-1.0487e-02
-1.0176e-02
-8.5889e-03
-6.4593e-03
-4.3018e-03
-1.9691e-03
3.4156e-04
1.6105e-03
3.5580e-04
-3.7680e-03
-9.5714e-03
-1.5302e-02
-1.9176e-02
-2.0533e-02
-2.0066e-02
-1.8594e-02
-1.6796e-02
-1.5014e-02
-1.3519e-02
-1.2627e-02
-1.2921e-02
-1.4940e-02
-1.8236e-02
-2.1150e-02
-2.2614e-02
-2.2796e-02
-2.2882e-02
-2.4055e-02
-2.6322e-02
-2.9172e-02
-3.1572e-02
-3.2427e-02
-3.1023e-02
-2.7160e-02
-2.1174e-02
-1.3544e-02
-5.2658e-03
2.8321e-03
9.9526e-03
1.4921e-02
1.7597e-02
1.8977e-02
1.9764e-02
2.0279e-02
2.0394e-02
1.9547e-02
1.6970e-02
1.2886e-02
8.0840e-03
3.1209e-03
-2.0965e-03
-7.4040e-03
-1.2327e-02
-1.6280e-02
-1.8809e-02
-1.9754e-02
-1.9469e-02
-1.8130e-02
-1.5807e-02
-1.3207e-02
-1.1268e-02
-1.0493e-02
-1.0879e-02
-1.2271e-02
-1.4322e-02
-1.5964e-02
-1.5576e-02
-1.2611e-02
-7.3559e-03
-6.9286e-04
6.4590e-03
1.2716e-02
1.6201e-02
1.7268e-02
1.7134e-02
1.6340e-02
1.4888e-02
1.3232e-02
1.2306e-02
1.2789e-02
1.4664e-02
1.6972e-02
1.8571e-02
1.8662e-02
1.7380e-02
1.5933e-02
1.5768e-02
1.7133e-02
1.9256e-02
2.1357e-02
2.3092e-02
2.4401e-02
2.5264e-02
2.5964e-02
2.6911e-02
2.8050e-02
2.9438e-02
3.1038e-02
3.1337e-02
2.9108e-02
2.5113e-02
2.0813e-02
1.6877e-02
1.3008e-02
8.3300e-03
2.5667e-03
-3.4274e-03
-9.5037e-03
-1.5705e-02
-2.0979e-02
-2.4017e-02
-2.4585e-02
-2.3189e-02
-2.0396e-02
-1.6808e-02
-1.2590e-02
-7.8474e-03
-3.0467e-03
1.1311e-03
4.6575e-03
8.0960e-03
1.1735e-02
1.5159e-02
1.8591e-02
2.2818e-02
2.7262e-02
2.9928e-02
2.9608e-02
2.6689e-02
2.3287e-02
2.1542e-02
2.1838e-02
2.3110e-02
2.4600e-02
2.5176e-02
2.4509e-02
2.3506e-02
2.2636e-02
2.2637e-02
2.3541e-02
2.4305e-02
2.4155e-02
2.2877e-02
2.0796e-02
1.8638e-02
1.7225e-02
1.6528e-02
1.5909e-02
1.4625e-02
1.2443e-02
9.7200e-03
6.9268e-03
4.4166e-03
2.6312e-03
1.6676e-03
5.2907e-04
-1.8476e-03
-4.8777e-03
-7.0466e-03
-7.9614e-03
-8.2054e-03
-8.5419e-03
-9.2082e-03
-1.0051e-02
-1.0204e-02
-8.6728e-03
-5.4955e-03
-1.3687e-03
3.2028e-03
8.2305e-03
1.3114e-02
1.6942e-02
1.9525e-02
2.1174e-02
2.2015e-02
2.2714e-02
2.4107e-02
2.5474e-02
2.5145e-02
2.1698e-02
1.5377e-02
7.7046e-03
1.0599e-05
-7.0864e-03
-1.2764e-02
-1.6963e-02
-2.0661e-02
-2.4980e-02
-3.0420e-02
-3.6389e-02
-4.1725e-02
-4.5249e-02
-4.6815e-02
-4.6739e-02
-4.5480e-02
-4.3130e-02
-3.9920e-02
-3.5816e-02
-3.1207e-02
-2.7087e-02
-2.3404e-02
-1.9264e-02
-1.4870e-02
-1.1452e-02
-9.3956e-03
-8.1882e-03
-7.3558e-03
-6.4603e-03
-4.8809e-03
-2.4580e-03
3.6894e-04
3.2622e-03
6.4525e-03
1.0072e-02
1.3133e-02
1.4885e-02
1.5468e-02
1.5788e-02
1.6448e-02
1.6978e-02
1.7053e-02
1.6448e-02
1.4575e-02
1.1606e-02
8.3395e-03
5.1238e-03
1.5241e-03
-2.4846e-03
-6.0742e-03
-8.4362e-03
-9.3009e-03
-9.7679e-03
-1.1594e-02
-1.5946e-02
-2.2314e-02
-2.9378e-02
-3.6189e-02
-4.2024e-02
-4.7015e-02
-5.1139e-02
-5.4216e-02
-5.7022e-02
-6.0105e-02
-6.2869e-02
-6.4521e-02
-6.5116e-02
-6.4884e-02
-6.3045e-02
-5.8597e-02
-5.2031e-02
-4.4425e-02
-3.7345e-02
-3.1327e-02
-2.5514e-02
-1.9136e-02
-1.3179e-02
-8.6559e-03
-5.1469e-03
-2.5096e-03
-8.6539e-04
3.9365e-04
1.9958e-03
4.1583e-03
6.7665e-03
9.4378e-03
1.1844e-02
1.3444e-02
1.3697e-02
1.2933e-02
1.2664e-02
1.4362e-02
1.8279e-02
2.3427e-02
2.8817e-02
3.3651e-02
3.7441e-02
4.0442e-02
4.2633e-02
4.4318e-02
4.5901e-02
4.7604e-02
4.9734e-02
5.1826e-02
5.3105e-02
5.3456e-02
5.3281e-02
5.2957e-02
5.2439e-02
5.1663e-02
5.0662e-02
4.9222e-02
4.7363e-02
4.5056e-02
4.2234e-02
3.9179e-02
3.6248e-02
3.4028e-02
3.2843e-02
3.2542e-02
3.3099e-02
3.4774e-02
3.7719e-02
4.1660e-02
4.5351e-02
4.7866e-02
4.9160e-02
4.9404e-02
4.8592e-02
4.7152e-02
4.5407e-02
4.3242e-02
4.0496e-02
3.6870e-02
3.2894e-02
2.9273e-02
2.5972e-02
2.3177e-02
2.1389e-02
2.0085e-02
1.7982e-02
1.4989e-02
1.1538e-02
8.3055e-03
6.6707e-03
7.3875e-03
8.9519e-03
9.4134e-03
8.4235e-03
6.8167e-03
5.5007e-03
4.9423e-03
5.2125e-03
5.7706e-03
6.1584e-03
6.5565e-03
7.3999e-03
8.7971e-03
1.0361e-02
1.1959e-02
1.3228e-02
1.3948e-02
1.3976e-02
1.3326e-02
1.1753e-02
9.2911e-03
6.6285e-03
4.1625e-03
2.1767e-03
6.2143e-05
-2.9866e-03
-7.0607e-03
-1.1886e-02
-1.6940e-02
-2.2055e-02
-2.6348e-02
-2.9177e-02
-3.1147e-02
-3.3086e-02
-3.5624e-02
-3.8800e-02
-4.2636e-02
-4.6843e-02
-5.0494e-02
-5.3125e-02
-5.4741e-02
-5.5830e-02
-5.6615e-02
-5.7094e-02
-5.7165e-02
-5.6245e-02
-5.4264e-02
-5.1814e-02
-4.9653e-02
-4.8158e-02
-4.6933e-02
-4.5643e-02
-4.4876e-02
-4.4873e-02
-4.5172e-02
-4.5250e-02
-4.5098e-02
-4.4930e-02
-4.4878e-02
-4.4804e-02
-4.4662e-02
-4.4307e-02
-4.3616e-02
-4.2816e-02
-4.2246e-02
-4.2189e-02
-4.2419e-02
-4.2404e-02
-4.2009e-02
-4.1414e-02
-4.1112e-02
-4.1510e-02
-4.2274e-02
-4.3274e-02
-4.4956e-02
-4.7423e-02
-4.9797e-02
-5.0894e-02
-5.0512e-02
-4.9474e-02
-4.8490e-02
-4.7603e-02
-4.6629e-02
-4.5199e-02
-4.2973e-02
-3.9771e-02
-3.5756e-02
-3.1410e-02
-2.6930e-02
-2.2315e-02
-1.7997e-02
-1.4159e-02
-1.0619e-02
-7.5526e-03
-5.1794e-03
-3.2156e-03
-1.1749e-03
7.0519e-04
2.1561e-03
4.3349e-03
8.7021e-03
1.4941e-02
2.1052e-02
2.5447e-02
2.7783e-02
2.8762e-02
2.9623e-02
3.0974e-02
3.2230e-02
3.1626e-02
2.8265e-02
2.2843e-02
1.7591e-02
1.3255e-02
9.4930e-03
6.4734e-03
4.2735e-03
2.4650e-03
7.1120e-04
-9.4124e-04
-2.3703e-03
-2.8534e-03
-1.8339e-03
-3.6515e-04
4.7178e-04
1.2630e-03
2.7980e-03
4.6833e-03
5.4580e-03
4.7449e-03
3.3894e-03
2.2662e-03
1.6428e-03
1.0098e-03
-3.1168e-04
-2.0797e-03
-2.9537e-03
-2.4301e-03
-9.7379e-04
9.4272e-04
2.7799e-03
4.3428e-03
5.7225e-03
6.7135e-03
6.8353e-03
6.1949e-03
5.1731e-03
4.1930e-03
4.5322e-03
7.2482e-03
1.1471e-02
1.6461e-02
2.2189e-02
2.7740e-02
3.1569e-02
3.3952e-02
3.5965e-02
3.7894e-02
3.9709e-02
4.1153e-02
4.1396e-02
3.9463e-02
3.6083e-02
3.2471e-02
2.9076e-02
2.6157e-02
2.3651e-02
2.0898e-02
1.7777e-02
1.4708e-02
1.1809e-02
8.5536e-03
4.5972e-03
1.3111e-03
-8.5392e-04
-2.7310e-03
-4.5793e-03
-6.3511e-03
-7.9791e-03
-9.0728e-03
-9.3088e-03
-8.8986e-03
-8.3605e-03
-7.6567e-03
-7.0289e-03
-6.6082e-03
-6.0763e-03
-4.8664e-03
-2.5420e-03
8.0986e-04
4.5437e-03
7.6094e-03
9.4701e-03
1.0617e-02
1.1400e-02
1.1764e-02
1.1954e-02
1.1924e-02
1.1056e-02
1.0016e-02
1.0402e-02
1.2314e-02
1.4305e-02
1.5223e-02
1.4758e-02
1.3226e-02
1.1469e-02
9.9548e-03
8.7633e-03
8.1309e-03
7.8710e-03
7.8393e-03
7.8945e-03
8.0507e-03
8.2092e-03
7.9902e-03
7.4325e-03
7.0513e-03
7.5354e-03
8.7590e-03
1.0109e-02
1.1427e-02
1.2715e-02
1.3945e-02
1.5116e-02
1.6316e-02
1.7385e-02
1.7997e-02
1.8162e-02
1.8243e-02
1.8496e-02
1.8615e-02
1.7990e-02
1.6176e-02
1.3015e-02
8.8728e-03
4.4196e-03
1.4105e-04
-3.8447e-03
-7.3795e-03
-1.0223e-02
-1.2331e-02
-1.3877e-02
-1.4524e-02
-1.4216e-02
-1.3339e-02
-1.2441e-02
-1.1748e-02
-1.1264e-02
-1.0933e-02
-1.0932e-02
-1.0886e-02
-1.0446e-02
-1.0117e-02
-1.0150e-02
-1.0001e-02
-9.6677e-03
-1.0052e-02
-1.1161e-02
-1.2453e-02
-1.3479e-02
-1.4457e-02
-1.5071e-02
-1.4798e-02
-1.4116e-02
-1.3840e-02
-1.3811e-02
-1.3677e-02
-1.3552e-02
-1.3186e-02
-1.2164e-02
-1.0127e-02
-7.2103e-03
-4.5706e-03
-3.3812e-03
-3.9094e-03
-4.6836e-03
-3.9955e-03
-2.2980e-03
-1.1974e-03
-9.3550e-04
-3.8298e-04
1.0828e-03
2.9366e-03
4.2949e-03
4.7689e-03
4.5504e-03
4.1132e-03
3.9998e-03
3.8761e-03
3.2509e-03
2.4083e-03
2.2545e-03
3.0750e-03
4.2025e-03
5.1498e-03
6.2160e-03
7.1528e-03
7.9060e-03
8.7360e-03
9.6326e-03
9.9847e-03
9.1666e-03
7.4583e-03
5.7629e-03
4.8135e-03
4.7213e-03
4.6112e-03
3.9808e-03
2.8488e-03
9.1680e-04
-1.1918e-03
-2.6892e-03
-3.1907e-03
-3.1121e-03
-3.2158e-03
-3.6345e-03
-4.0532e-03
-4.8492e-03
-5.8570e-03
-7.1319e-03
-9.1781e-03
-1.1749e-02
-1.4129e-02
-1.5995e-02
-1.6806e-02
-1.6506e-02
-1.5639e-02
-1.4379e-02
-1.2427e-02
-9.8449e-03
-7.0803e-03
-4.6337e-03
-2.5511e-03
-5.2064e-04
1.7276e-03
3.9421e-03
5.6842e-03
7.0591e-03
8.5744e-03
1.0459e-02
1.2351e-02
1.3893e-02
1.5197e-02
1.6448e-02
1.7384e-02
1.7817e-02
1.7895e-02
1.7726e-02
1.7331e-02
1.6598e-02
1.5515e-02
1.4306e-02
1.3158e-02
1.1989e-02
1.0688e-02
9.3406e-03
8.2973e-03
7.4886e-03
6.5962e-03
5.3505e-03
4.1273e-03
3.2861e-03
3.1807e-03
3.2389e-03
3.1189e-03
2.9057e-03
3.1104e-03
3.9217e-03
5.2039e-03
6.6544e-03
8.1629e-03
9.8392e-03
1.1422e-02
1.1677e-02
1.0308e-02
8.4960e-03
7.6015e-03
8.0289e-03
8.9100e-03
9.7924e-03
1.0584e-02
1.1028e-02
1.0682e-02
8.9641e-03
6.0357e-03
2.9623e-03
4.5419e-04
-1.6606e-03
-3.3449e-03
-4.5989e-03
-5.6832e-03
-6.5846e-03
-7.4353e-03
-8.3527e-03
-8.9055e-03
-9.3900e-03
-1.0619e-02
-1.2159e-02
-1.2490e-02
-1.0845e-02
-7.8750e-03
-4.6432e-03
-1.8155e-03
4.2792e-04
2.1660e-03
3.4303e-03
4.1083e-03
4.3579e-03
4.4009e-03
3.9809e-03
3.0768e-03
1.8932e-03
1.0238e-03
7.5944e-04
1.0973e-03
1.5414e-03
1.7331e-03
1.6225e-03
1.4271e-03
1.1967e-03
1.1218e-03
1.4299e-03
1.9328e-03
2.4186e-03
2.8964e-03
3.0877e-03
3.0213e-03
3.3510e-03
4.4112e-03
5.9631e-03
7.5116e-03
8.8761e-03
9.7805e-03
1.0017e-02
9.3521e-03
7.6678e-03
5.3107e-03
2.7616e-03
1.2440e-04
-2.6339e-03
-5.5548e-03
-8.5544e-03
-1.1513e-02
-1.4359e-02
-1.7049e-02
-1.9851e-02
-2.2834e-02
-2.5545e-02
-2.7209e-02
-2.7567e-02
-2.7059e-02
-2.6294e-02
-2.5513e-02
-2.4570e-02
-2.3349e-02
-2.1950e-02
-2.0812e-02
-1.9764e-02
-1.8666e-02
-1.8002e-02
-1.7853e-02
-1.8029e-02
-1.8368e-02
-1.8610e-02
-1.8362e-02
-1.7738e-02
-1.6925e-02
-1.5919e-02
-1.4882e-02
-1.3678e-02
-1.2361e-02
-1.0931e-02
-9.5649e-03
-9.1534e-03
-1.0379e-02
-1.2512e-02
-1.4454e-02
-1.5624e-02
-1.5984e-02
-1.5873e-02
-1.5472e-02
-1.4647e-02
-1.3383e-02
-1.1728e-02
-9.9184e-03
-8.3329e-03
-7.1351e-03
-6.0524e-03
-4.6554e-03
-3.2903e-03
-2.4636e-03
-1.4667e-03
6.1683e-04
3.4487e-03
6.0927e-03
7.9936e-03
8.5589e-03
8.1697e-03
8.8332e-03
1.1539e-02
1.4880e-02
1.6785e-02
1.6642e-02
1.5918e-02
1.6193e-02
1.7646e-02
1.9108e-02
1.9897e-02
1.9839e-02
1.9095e-02
1.8207e-02
1.7837e-02
1.7985e-02
1.7506e-02
1.5400e-02
1.2121e-02
9.1761e-03
7.6474e-03
7.0633e-03
6.3814e-03
4.8901e-03
2.8267e-03
1.1284e-03
2.0278e-04
-9.0148e-04
-3.0131e-03
-4.9275e-03
-5.4897e-03
-5.0987e-03
-4.8590e-03
-5.1559e-03
-5.7308e-03
-6.1950e-03
-6.1348e-03
-5.6578e-03
-4.9206e-03
-4.1287e-03
-3.5747e-03
-3.7193e-03
-4.6212e-03
-5.8314e-03
-6.7936e-03
-7.5564e-03
-8.3858e-03
-9.2423e-03
-9.7268e-03
-9.5351e-03
-8.5399e-03
-7.1007e-03
-5.5738e-03
-3.7872e-03
-1.4617e-03
1.4203e-03
4.8555e-03
8.6662e-03
1.2001e-02
1.4317e-02
1.6045e-02
1.7271e-02
1.7811e-02
1.7445e-02
1.6013e-02
1.3838e-02
1.1399e-02
9.1474e-03
7.2375e-03
5.5017e-03
4.4994e-03
4.8571e-03
5.9938e-03
7.1400e-03
8.8160e-03
1.1088e-02
1.2624e-02
1.2821e-02
1.2371e-02
1.1998e-02
1.2048e-02
1.2723e-02
1.4122e-02
1.5593e-02
1.6396e-02
1.5947e-02
1.4365e-02
1.2320e-02
1.0454e-02
8.8922e-03
7.5550e-03
6.3538e-03
5.1321e-03
3.8249e-03
2.3148e-03
3.7964e-04
-2.0864e-03
-5.0151e-03
-8.1177e-03
-1.1315e-02
-1.4024e-02
-1.5236e-02
-1.4742e-02
-1.3962e-02
-1.3991e-02
-1.3844e-02
-1.2470e-02
-1.0561e-02
-9.1605e-03
-8.3272e-03
-7.3698e-03
-6.1174e-03
-4.9675e-03
-4.1021e-03
-3.3284e-03
-2.4429e-03
-1.6392e-03
-9.0958e-04
-5.8988e-05
8.4217e-04
2.0848e-03
3.7491e-03
5.6739e-03
7.8335e-03
1.0483e-02
1.3744e-02
1.7301e-02
2.0687e-02
2.3533e-02
2.5656e-02
2.7414e-02
2.8893e-02
2.9832e-02
3.0201e-02
3.0165e-02
2.9681e-02
2.8481e-02
2.6391e-02
2.3717e-02
2.0798e-02
1.7797e-02
1.4928e-02
1.2329e-02
1.0179e-02
8.2335e-03
6.4658e-03
4.9338e-03
3.6169e-03
2.6762e-03
2.2484e-03
2.1490e-03
1.9867e-03
1.6641e-03
1.2757e-03
6.3656e-04
-4.0581e-04
-1.6950e-03
-2.6083e-03
-2.7858e-03
-2.2976e-03
-1.4609e-03
-6.4439e-04
7.2169e-05
6.3837e-04
1.1605e-03
1.6452e-03
1.7657e-03
1.0584e-03
-1.8601e-04
-1.5933e-03
-2.9362e-03
-4.1858e-03
-5.1425e-03
-5.3273e-03
-4.8887e-03
-4.9219e-03
-6.0427e-03
-7.1382e-03
-6.5558e-03
-4.4936e-03
-2.2971e-03
-7.0611e-04
5.9996e-04
2.4138e-03
4.7945e-03
7.0882e-03
9.0155e-03
1.0833e-02
1.2711e-02
1.4310e-02
1.5604e-02
1.6664e-02
1.7273e-02
1.7541e-02
1.7679e-02
1.7581e-02
1.7522e-02
1.7681e-02
1.8152e-02
1.8552e-02
1.9198e-02
2.0977e-02
2.3612e-02
2.5994e-02
2.7161e-02
2.7095e-02
2.6664e-02
2.6656e-02
2.6607e-02
2.5608e-02
2.3843e-02
2.1836e-02
1.9268e-02
1.5666e-02
1.1461e-02
6.8470e-03
2.4108e-03
-9.2169e-04
-2.9663e-03
-4.0185e-03
-4.1653e-03
-3.9699e-03
-4.3200e-03
-5.4550e-03
-6.5472e-03
-6.8194e-03
-6.6382e-03
-6.5865e-03
-6.9886e-03
-7.4513e-03
-7.7232e-03
-7.8088e-03
-7.8237e-03
-7.7426e-03
-7.2885e-03
-6.4064e-03
-5.3114e-03
-4.2538e-03
-2.7821e-03
-5.3147e-04
2.2111e-03
5.0940e-03
7.7344e-03
9.9115e-03
1.1814e-02
1.3649e-02
1.5384e-02
1.6578e-02
1.7407e-02
1.8121e-02
1.8686e-02
1.9065e-02
1.9463e-02
1.9520e-02
1.9178e-02
1.8945e-02
1.8921e-02
1.8852e-02
1.8546e-02
1.7846e-02
1.6333e-02
1.4240e-02
1.2486e-02
1.1416e-02
1.0379e-02
8.6880e-03
6.4271e-03
4.3006e-03
2.2921e-03
1.6292e-04
-1.8324e-03
-3.3063e-03
-4.0848e-03
-3.8432e-03
-2.1947e-03
6.8254e-05
1.3607e-03
1.2169e-03
5.2467e-04
4.0860e-04
9.0871e-04
1.6542e-03
2.2470e-03
2.6153e-03
2.7760e-03
2.7941e-03
2.9300e-03
3.2128e-03
3.4297e-03
3.5481e-03
3.9544e-03
4.6247e-03
5.2392e-03
5.4814e-03
5.1101e-03
4.2420e-03
3.3185e-03
2.6597e-03
1.7685e-03
1.3172e-04
-2.0331e-03
-3.6902e-03
-4.4242e-03
-5.0587e-03
-6.4833e-03
-8.5769e-03
-1.0740e-02
-1.2390e-02
-1.3511e-02
-1.4536e-02
-1.5997e-02
-1.7818e-02
-1.9621e-02
-2.1332e-02
-2.3386e-02
-2.5835e-02
-2.8186e-02
-2.9642e-02
-3.0172e-02
-3.0267e-02
-3.0108e-02
-3.0085e-02
-3.0628e-02
-3.1561e-02
-3.2427e-02
-3.2936e-02
-3.3288e-02
-3.4034e-02
-3.5274e-02
-3.6924e-02
-3.8571e-02
-3.9867e-02
-4.0991e-02
-4.2594e-02
-4.4646e-02
-4.6413e-02
-4.7675e-02
-4.8511e-02
-4.9140e-02
-4.9766e-02
-5.0809e-02
-5.1925e-02
-5.1947e-02
-5.0610e-02
-4.8440e-02
-4.6232e-02
-4.4272e-02
-4.2323e-02
-3.9764e-02
-3.6520e-02
-3.3111e-02
-2.9778e-02
-2.6426e-02
-2.2978e-02
-1.9699e-02
-1.6646e-02
-1.4018e-02
-1.2052e-02
-1.0504e-02
-9.3733e-03
-8.8846e-03
-9.1057e-03
-9.8502e-03
-1.0921e-02
-1.1803e-02
-1.2032e-02
-1.1600e-02
-1.0691e-02
-9.6300e-03
-8.3903e-03
-6.8789e-03
-5.2604e-03
-3.5490e-03
-1.6886e-03
6.3942e-04
3.7726e-03
6.3887e-03
7.6471e-03
8.8361e-03
1.1465e-02
1.4879e-02
1.7831e-02
1.9852e-02
2.0959e-02
2.2003e-02
2.3182e-02
2.4133e-02
2.4408e-02
2.3998e-02
2.3234e-02
2.2254e-02
2.1481e-02
2.1021e-02
2.0731e-02
2.0492e-02
2.0220e-02
2.0008e-02
1.9835e-02
1.9748e-02
1.9520e-02
1.9047e-02
1.8837e-02
1.9350e-02
1.9908e-02
1.9568e-02
1.7891e-02
1.5203e-02
1.2363e-02
1.0024e-02
7.9196e-03
5.4476e-03
2.8537e-03
6.4538e-04
-1.0404e-03
-1.8603e-03
-1.9510e-03
-2.0270e-03
-2.2673e-03
-2.4976e-03
-2.7225e-03
-2.7290e-03
-2.2356e-03
-1.7041e-03
-1.8359e-03
-2.6810e-03
-3.0237e-03
-2.2415e-03
-7.7861e-04
9.1738e-04
2.7305e-03
4.4493e-03
5.4269e-03
5.7351e-03
5.5614e-03
4.6918e-03
3.5677e-03
2.7848e-03
2.4187e-03
1.9614e-03
1.4683e-03
1.2976e-03
1.2711e-03
1.0467e-03
6.6122e-04
3.0686e-04
2.8978e-05
-1.3272e-04
1.6600e-04
8.8007e-04
1.6019e-03
2.2687e-03
2.8816e-03
2.9994e-03
2.7338e-03
2.4253e-03
2.0186e-03
1.4203e-03
7.7480e-04
1.7560e-04
-2.2181e-04
-5.7742e-04
-1.3258e-03
-2.4534e-03
-3.7262e-03
-4.6561e-03
-5.4226e-03
-6.6755e-03
-8.4440e-03
-9.8832e-03
-1.0272e-02
-9.6173e-03
-8.4813e-03
-7.0189e-03
-4.9107e-03
-1.6427e-03
2.3288e-03
5.6240e-03
7.3875e-03
8.2210e-03
9.4742e-03
1.1524e-02
1.3244e-02
1.3681e-02
1.3236e-02
1.2476e-02
1.1335e-02
9.9157e-03
8.4197e-03
7.0727e-03
6.1234e-03
5.4197e-03
4.7840e-03
4.0333e-03
3.4131e-03
3.2746e-03
3.8055e-03
4.8019e-03
5.7220e-03
6.5319e-03
7.2722e-03
7.4524e-03
7.3237e-03
8.0849e-03
9.8875e-03
1.1424e-02
1.1768e-02
1.1400e-02
1.1008e-02
1.0796e-02
1.0697e-02
1.0550e-02
1.0214e-02
1.0019e-02
1.0202e-02
1.0795e-02
1.1455e-02
1.1944e-02
1.2436e-02
1.3140e-02
1.4014e-02
1.4871e-02
1.5558e-02
1.6152e-02
1.6638e-02
1.7069e-02
1.7194e-02
1.6953e-02
1.6747e-02
1.6760e-02
1.6665e-02
1.6349e-02
1.6231e-02
1.6480e-02
1.6996e-02
1.7664e-02
1.8493e-02
1.9509e-02
2.0628e-02
2.1616e-02
2.2158e-02
2.2422e-02
2.2406e-02
2.1975e-02
2.1337e-02
2.0598e-02
1.9915e-02
1.9436e-02
1.9015e-02
1.8366e-02
1.7449e-02
1.6396e-02
1.5214e-02
1.3979e-02
1.2803e-02
1.1796e-02
1.0911e-02
1.0067e-02
9.1258e-03
7.9510e-03
6.6062e-03
5.1639e-03
3.4839e-03
1.5920e-03
-1.7325e-04
-1.8243e-03
-3.7119e-03
-5.9720e-03
-8.4911e-03
-1.0988e-02
-1.3363e-02
-1.5675e-02
-1.7943e-02
-1.9869e-02
-2.1276e-02
-2.2129e-02
-2.2387e-02
-2.2506e-02
-2.3445e-02
-2.5891e-02
-2.9038e-02
-3.0790e-02
-3.0036e-02
-2.8026e-02
-2.6155e-02
-2.4680e-02
-2.3146e-02
-2.1352e-02
-1.9345e-02
-1.7353e-02
-1.5343e-02
-1.3340e-02
-1.1390e-02
-9.3902e-03
-7.5127e-03
-6.0351e-03
-4.9195e-03
-4.3310e-03
-4.3895e-03
-5.0245e-03
-6.1026e-03
-7.7799e-03
-9.6512e-03
-1.0438e-02
-9.6669e-03
-8.2390e-03
-7.4773e-03
-7.9685e-03
-9.1749e-03
-1.0649e-02
-1.1926e-02
-1.2448e-02
-1.2438e-02
-1.2502e-02
-1.2379e-02
-1.1685e-02
-1.0724e-02
-9.8310e-03
-8.9069e-03
-7.9989e-03
-7.2394e-03
-6.4291e-03
-5.1830e-03
-3.5354e-03
-2.2870e-03
-1.8331e-03
-1.6630e-03
-1.0849e-03
-1.8300e-04
7.0571e-04
1.1713e-03
1.0693e-03
7.4852e-04
3.0641e-04
-4.4969e-04
-1.2565e-03
-1.7448e-03
-1.7399e-03
-1.2306e-03
-1.6764e-04
1.3011e-03
2.5903e-03
3.3786e-03
4.0647e-03
4.5291e-03
4.7472e-03
4.8566e-03
4.7240e-03
4.2551e-03
3.7325e-03
3.3668e-03
3.1452e-03
2.6788e-03
1.9309e-03
9.9547e-04
-1.4511e-04
-1.5819e-03
-3.1856e-03
-4.5663e-03
-5.2781e-03
-5.3176e-03
-5.1080e-03
-4.8544e-03
-4.2663e-03
-3.1774e-03
-1.9101e-03
-9.3898e-04
-4.3147e-04
1.4806e-05
7.4559e-04
1.2871e-03
1.3342e-03
1.3030e-03
1.7157e-03
2.5837e-03
3.8274e-03
5.2427e-03
6.3468e-03
6.5073e-03
5.7314e-03
4.9073e-03
4.5182e-03
4.4468e-03
4.3077e-03
3.6246e-03
2.4025e-03
1.0186e-03
-3.4623e-04
-1.7307e-03
-3.0574e-03
-4.5084e-03
-6.0125e-03
-7.2806e-03
-8.4098e-03
-9.2394e-03
-9.5210e-03
-9.4490e-03
-9.2044e-03
-8.9728e-03
-8.6244e-03
-8.3012e-03
-8.0151e-03
-7.2767e-03
-5.3865e-03
-2.1850e-03
1.0927e-03
3.6377e-03
5.4508e-03
6.6074e-03
7.2516e-03
7.5766e-03
7.8209e-03
8.0907e-03
8.0955e-03
7.8811e-03
7.7822e-03
7.6171e-03
7.3033e-03
6.8094e-03
6.3735e-03
6.4084e-03
6.6493e-03
6.5300e-03
6.0306e-03
5.3424e-03
4.7013e-03
4.1940e-03
3.6741e-03
3.2074e-03
3.0462e-03
2.8414e-03
1.9537e-03
5.7874e-04
-8.3306e-04
-2.3289e-03
-4.0447e-03
-5.8224e-03
-7.5277e-03
-9.0439e-03
-1.0045e-02
-1.0462e-02
-1.0686e-02
-1.1087e-02
-1.1406e-02
-1.1396e-02
-1.0955e-02
-9.9225e-03
-8.7364e-03
-7.8679e-03
-7.2160e-03
-6.5005e-03
-5.8088e-03
-5.4526e-03
-5.6212e-03
-6.3691e-03
-7.4287e-03
-8.4640e-03
-9.4812e-03
-1.0469e-02
-1.0844e-02
-1.0420e-02
-9.4738e-03
-8.1438e-03
-6.3995e-03
-4.4884e-03
-2.8937e-03
-1.4826e-03
-2.5255e-04
1.0800e-03
3.0890e-03
5.5572e-03
7.9477e-03
9.7299e-03
1.0826e-02
1.1634e-02
1.2552e-02
1.3723e-02
1.4407e-02
1.3703e-02
1.2287e-02
1.1584e-02
1.1742e-02
1.1611e-02
1.0460e-02
8.1736e-03
5.2201e-03
2.5910e-03
9.2735e-04
-1.5534e-04
-1.0369e-03
-1.9864e-03
-3.1768e-03
-4.3331e-03
-4.9501e-03
-4.8613e-03
-4.3261e-03
-3.2828e-03
-1.4675e-03
7.4939e-04
2.7777e-03
4.6053e-03
6.2765e-03
7.5847e-03
9.0589e-03
1.1108e-02
1.3373e-02
1.4913e-02
1.5259e-02
1.4914e-02
1.4507e-02
1.4101e-02
1.3691e-02
1.3461e-02
1.3186e-02
1.2110e-02
1.0213e-02
8.5333e-03
7.6587e-03
6.8149e-03
5.8628e-03
5.1880e-03
4.3374e-03
3.2277e-03
2.2011e-03
1.4418e-03
8.0911e-04
-5.7310e-04
-2.7985e-03
-4.7482e-03
-5.2408e-03
-4.5057e-03
-3.4059e-03
-2.7371e-03
-2.7143e-03
-2.7149e-03
-2.2950e-03
-1.7746e-03
-1.6945e-03
-2.2430e-03
-3.0407e-03
-3.6496e-03
-4.2037e-03
-5.1088e-03
-6.2672e-03
-7.4514e-03
-8.5516e-03
-9.6109e-03
-1.0468e-02
-1.0792e-02
-1.0594e-02
-1.0072e-02
-9.7012e-03
-9.4222e-03
-8.9256e-03
-8.0305e-03
-6.8796e-03
-5.9520e-03
-5.1316e-03
-4.1073e-03
-2.9154e-03
-1.8048e-03
-7.0751e-04
6.5597e-04
1.9734e-03
2.8648e-03
3.3102e-03
3.3570e-03
3.2124e-03
2.8880e-03
2.2725e-03
1.3587e-03
2.3641e-04
-9.4270e-04
-2.1045e-03
-3.1002e-03
-3.8715e-03
-4.0556e-03
-3.6575e-03
-3.5179e-03
-4.4086e-03
-5.6634e-03
-5.7357e-03
-4.3089e-03
-2.4649e-03
-1.3159e-03
-7.9590e-04
-3.8784e-04
-6.9180e-05
-2.1979e-04
-8.5732e-04
-1.6720e-03
-2.6757e-03
-3.7590e-03
-5.0742e-03
-6.6169e-03
-8.1334e-03
-9.7532e-03
-1.1540e-02
-1.2937e-02
-1.3903e-02
-1.4862e-02
-1.6119e-02
-1.7361e-02
-1.7748e-02
-1.6607e-02
-1.4609e-02
-1.3105e-02
-1.2354e-02
-1.1491e-02
-9.9284e-03
-8.1551e-03
-6.6565e-03
-5.4516e-03
-4.5908e-03
-3.9872e-03
-3.4705e-03
-3.0656e-03
-2.8322e-03
-2.7545e-03
-2.8125e-03
-2.9466e-03
-3.2394e-03
-3.9063e-03
-4.9397e-03
-6.1728e-03
-7.4924e-03
-8.7968e-03
-1.0215e-02
-1.1729e-02
-1.2967e-02
-1.3874e-02
-1.4335e-02
-1.4511e-02
-1.4532e-02
-1.4312e-02
-1.4129e-02
-1.4003e-02
-1.3576e-02
-1.2779e-02
-1.1710e-02
-1.0712e-02
-9.8756e-03
-9.1907e-03
-8.7600e-03
-8.5490e-03
-8.3676e-03
-8.0698e-03
-7.6592e-03
-7.0991e-03
-6.2171e-03
-5.0838e-03
-4.0638e-03
-3.0384e-03
-1.7458e-03
-2.4739e-04
1.3295e-03
2.7906e-03
4.5053e-03
6.4613e-03
8.3548e-03
9.9688e-03
1.1045e-02
1.1686e-02
1.1938e-02
1.1683e-02
1.1109e-02
1.0726e-02
1.0598e-02
1.0094e-02
9.1810e-03
8.1814e-03
7.0398e-03
6.0694e-03
5.2441e-03
4.1286e-03
2.9758e-03
2.3782e-03
2.0036e-03
6.9742e-04
-1.0561e-03
-1.8855e-03
-1.5555e-03
-7.2708e-04
-3.5862e-04
-7.7508e-04
-1.3700e-03
-1.4527e-03
-9.2397e-04
-6.5916e-05
5.8462e-04
6.6955e-04
6.5579e-04
1.1442e-03
2.0965e-03
2.8764e-03
3.0672e-03
3.1726e-03
3.7751e-03
4.6797e-03
5.1283e-03
4.6576e-03
3.4747e-03
2.5201e-03
2.8240e-03
4.3807e-03
6.0401e-03
6.9137e-03
6.8653e-03
6.3248e-03
5.6774e-03
4.9259e-03
4.2897e-03
4.0177e-03
3.7760e-03
3.2849e-03
2.5118e-03
1.8802e-03
1.5918e-03
1.6509e-03
2.0053e-03
2.8862e-03
4.3622e-03
6.2821e-03
8.5627e-03
1.0996e-02
1.2828e-02
1.3698e-02
1.4150e-02
1.4662e-02
1.5453e-02
1.6117e-02
1.6191e-02
1.5844e-02
1.5444e-02
1.5167e-02
1.4623e-02
1.3609e-02
1.2509e-02
1.1573e-02
1.0729e-02
9.8943e-03
9.1305e-03
8.4703e-03
8.0530e-03
7.4492e-03
6.6806e-03
6.3188e-03
6.4941e-03
6.7936e-03
7.2717e-03
7.8535e-03
8.4238e-03
8.8112e-03
8.9634e-03
9.1017e-03
9.4182e-03
9.5472e-03
9.0705e-03
8.2172e-03
7.5444e-03
7.0938e-03
6.5164e-03
5.6384e-03
4.6355e-03
3.6648e-03
2.9778e-03
2.5805e-03
2.4232e-03
2.3534e-03
2.3470e-03
2.4760e-03
2.5670e-03
2.4018e-03
2.2279e-03
2.1234e-03
1.8751e-03
1.8215e-03
2.1266e-03
1.9726e-03
1.0563e-03
1.5975e-04
-1.4379e-04
7.9314e-05
1.9595e-04
-8.1995e-05
-5.0764e-04
-9.0579e-04
-1.4340e-03
-1.9786e-03
-2.2427e-03
-2.2973e-03
-2.2443e-03
-2.0931e-03
-1.8579e-03
-1.7151e-03
-1.6966e-03
-1.5812e-03
-1.3970e-03
-1.2845e-03
-1.1759e-03
-1.1827e-03
-1.9119e-03
-3.6169e-03
-5.3983e-03
-6.0280e-03
-5.6941e-03
-5.4271e-03
-5.5828e-03
-6.1381e-03
-6.7921e-03
-7.1490e-03
-7.2451e-03
-7.4698e-03
-7.7328e-03
-7.9022e-03
-8.1447e-03
-8.3620e-03
-8.1761e-03
-8.1689e-03
-8.7042e-03
-9.4266e-03
-9.9253e-03
-1.0352e-02
-1.0881e-02
-1.1376e-02
-1.1734e-02
-1.1989e-02
-1.2056e-02
-1.1993e-02
-1.1700e-02
-1.1024e-02
-1.0092e-02
-9.2463e-03
-8.5564e-03
-7.5183e-03
-6.1502e-03
-5.2185e-03
-4.7282e-03
-4.2911e-03
-4.0793e-03
-4.0557e-03
-3.9765e-03
-3.6862e-03
-3.2639e-03
-3.1033e-03
-3.0709e-03
-3.0888e-03
-3.1843e-03
-3.2304e-03
-3.1628e-03
-2.8699e-03
-2.4370e-03
-1.7455e-03
-9.1007e-04
-8.2616e-05
5.3438e-04
8.4239e-04
7.8325e-04
5.0558e-04
-2.6456e-05
-9.0912e-04
-1.8006e-03
-2.2914e-03
-2.4094e-03
-2.5458e-03
-2.7329e-03
-2.6769e-03
-2.5616e-03
-2.4195e-03
-1.8327e-03
-7.3637e-04
6.9625e-04
2.0278e-03
3.0519e-03
4.1534e-03
5.5129e-03
6.8247e-03
8.0556e-03
8.8070e-03
8.3650e-03
6.8573e-03
5.4868e-03
4.8577e-03
4.2545e-03
3.3718e-03
2.2000e-03
8.7806e-04
-2.3912e-04
-1.0773e-03
-1.7160e-03
-2.4022e-03
-2.8628e-03
-2.8703e-03
-2.8234e-03
-2.6550e-03
-2.1961e-03
-1.7620e-03
-1.4755e-03
-1.1596e-03
-6.9200e-04
-3.9663e-04
-1.0088e-03
-2.8141e-03
-4.9292e-03
-6.1027e-03
-6.4033e-03
-7.0873e-03
-8.9490e-03
-1.1497e-02
-1.3665e-02
-1.5093e-02
-1.6330e-02
-1.8017e-02
-2.0120e-02
-2.2448e-02
-2.4530e-02
-2.5874e-02
-2.6677e-02
-2.7330e-02
-2.7947e-02
-2.8367e-02
-2.8510e-02
-2.8520e-02
-2.8435e-02
-2.7853e-02
-2.6651e-02
-2.5276e-02
-2.4007e-02
-2.2598e-02
-2.0827e-02
-1.9010e-02
-1.7369e-02
-1.5788e-02
-1.4026e-02
-1.2527e-02
-1.2095e-02
-1.2241e-02
-1.1995e-02
-1.1238e-02
-1.0382e-02
-9.7033e-03
-8.8509e-03
-7.7576e-03
-6.5942e-03
-5.2779e-03
-4.0964e-03
-3.1395e-03
-2.5920e-03
-2.1238e-03
-1.4271e-03
-5.0742e-04
6.5725e-04
2.0223e-03
3.6951e-03
5.7124e-03
7.4834e-03
8.3762e-03
8.6784e-03
9.5207e-03
1.1138e-02
1.2652e-02
1.3549e-02
1.4014e-02
1.4598e-02
1.5827e-02
1.7366e-02
1.8518e-02
1.9152e-02
1.9527e-02
1.9799e-02
2.0374e-02
2.1233e-02
2.2009e-02
2.2519e-02
2.3031e-02
2.3976e-02
2.5340e-02
2.6425e-02
2.6473e-02
2.5413e-02
2.3737e-02
2.2355e-02
2.1932e-02
2.2150e-02
2.2276e-02
2.2286e-02
2.2805e-02
2.4265e-02
2.6212e-02
2.7705e-02
2.8639e-02
2.9513e-02
3.0583e-02
3.1519e-02
3.1971e-02
3.1767e-02
3.0967e-02
2.9829e-02
2.8726e-02
2.7798e-02
2.6229e-02
2.3803e-02
2.1813e-02
2.1079e-02
2.0770e-02
1.9873e-02
1.8243e-02
1.6429e-02
1.4977e-02
1.4118e-02
1.3515e-02
1.2931e-02
1.2596e-02
1.2311e-02
1.1557e-02
1.0476e-02
9.5697e-03
9.1911e-03
9.0330e-03
8.6987e-03
7.9134e-03
6.9748e-03
6.2090e-03
5.4015e-03
4.1499e-03
2.6183e-03
1.0591e-03
-7.3931e-04
-2.7449e-03
-4.2318e-03
-5.0354e-03
-5.6350e-03
-6.2082e-03
-6.9120e-03
-7.9853e-03
-9.0512e-03
-9.5880e-03
-9.6122e-03
-9.3939e-03
-9.2285e-03
-9.2452e-03
-9.0807e-03
-8.3835e-03
-8.0476e-03
-9.1792e-03
-1.1362e-02
-1.3471e-02
-1.4504e-02
-1.4470e-02
-1.4032e-02
-1.3834e-02
-1.3933e-02
-1.4255e-02
-1.4607e-02
-1.4674e-02
-1.4527e-02
-1.4228e-02
-1.3590e-02
-1.2605e-02
-1.1525e-02
-1.0600e-02
-9.9092e-03
-9.1710e-03
-8.1004e-03
-6.7597e-03
-5.3324e-03
-3.9315e-03
-2.8201e-03
-1.8812e-03
-7.3264e-04
7.4931e-04
2.0940e-03
3.1212e-03
4.2209e-03
5.5303e-03
7.1563e-03
9.0960e-03
1.0355e-02
1.0105e-02
9.1119e-03
9.1130e-03
1.0556e-02
1.2353e-02
1.3403e-02
1.3369e-02
1.3051e-02
1.3081e-02
1.3255e-02
1.2977e-02
1.2078e-02
1.1117e-02
1.0745e-02
1.1006e-02
1.1426e-02
1.1762e-02
1.2093e-02
1.2415e-02
1.2541e-02
1.2635e-02
1.3287e-02
1.4272e-02
1.4436e-02
1.3549e-02
1.2976e-02
1.3598e-02
1.4703e-02
1.5035e-02
1.4568e-02
1.4049e-02
1.3763e-02
1.3586e-02
1.3287e-02
1.2927e-02
1.2896e-02
1.2942e-02
1.2742e-02
1.2660e-02
1.2548e-02
1.2080e-02
1.1312e-02
1.0309e-02
8.8865e-03
7.3363e-03
6.3442e-03
6.0071e-03
5.5574e-03
4.3423e-03
2.8822e-03
2.0894e-03
1.9041e-03
1.3025e-03
9.0131e-05
-9.0223e-04
-1.1054e-03
-8.4691e-04
-4.1228e-04
2.4233e-04
1.1998e-03
2.1236e-03
2.7127e-03
2.9466e-03
2.7841e-03
2.5295e-03
2.3696e-03
1.9537e-03
1.1392e-03
4.6739e-04
3.1148e-04
2.9079e-04
-1.1439e-05
-3.0434e-04
-3.6059e-04
-6.3439e-05
6.4362e-04
1.6038e-03
2.3075e-03
2.6522e-03
3.0522e-03
3.5762e-03
4.0964e-03
4.5351e-03
4.5895e-03
4.4493e-03
4.8527e-03
5.7883e-03
6.4984e-03
6.6012e-03
6.4429e-03
6.4614e-03
6.6990e-03
7.0121e-03
7.2370e-03
7.1424e-03
6.6661e-03
5.9539e-03
5.4761e-03
5.4577e-03
5.2113e-03
3.8059e-03
1.2537e-03
-1.1779e-03
-2.5627e-03
-3.1112e-03
-3.7833e-03
-5.0545e-03
-6.3313e-03
-7.2440e-03
-7.9626e-03
-8.9231e-03
-1.0193e-02
-1.1247e-02
-1.1903e-02
-1.2288e-02
-1.2698e-02
-1.3073e-02
-1.3096e-02
-1.2482e-02
-1.1511e-02
-1.0704e-02
-1.0304e-02
-1.0270e-02
-1.0541e-02
-1.0647e-02
-9.5900e-03
-7.5149e-03
-5.7021e-03
-5.0871e-03
-5.2233e-03
-5.3384e-03
-5.6871e-03
-6.3329e-03
-7.1067e-03
-8.0868e-03
-9.1174e-03
-9.7921e-03
-1.0020e-02
-1.0226e-02
-1.0710e-02
-1.0904e-02
-1.0774e-02
-1.0671e-02
-1.0414e-02
-9.6653e-03
-8.4111e-03
-7.0882e-03
-6.2216e-03
-5.7505e-03
-5.3051e-03
-4.6123e-03
-3.8142e-03
-3.3464e-03
-3.3690e-03
-3.6908e-03
-4.1364e-03
-4.6523e-03
-5.3428e-03
-6.0618e-03
-6.6619e-03
-7.3079e-03
-8.2132e-03
-9.4082e-03
-1.0514e-02
-1.1571e-02
-1.2584e-02
-1.3353e-02
-1.3996e-02
-1.4402e-02
-1.4037e-02
-1.3120e-02
-1.2120e-02
-1.0941e-02
-9.7364e-03
-8.5622e-03
-7.4388e-03
-6.2525e-03
-5.0751e-03
-3.9087e-03
-2.6876e-03
-1.7262e-03
-1.1594e-03
-1.2096e-03
-1.7276e-03
-2.5675e-03
-3.5797e-03
-4.3791e-03
-5.1121e-03
-5.9322e-03
-6.6805e-03
-7.1938e-03
-7.5696e-03
-8.2178e-03
-8.9441e-03
-9.3038e-03
-9.6004e-03
-9.7239e-03
-9.2832e-03
-8.8266e-03
-9.1687e-03
-1.0218e-02
-1.0863e-02
-1.0107e-02
-8.3583e-03
-6.9543e-03
-6.8588e-03
-7.4105e-03
-7.4655e-03
-6.5815e-03
-5.3349e-03
-4.6403e-03
-4.7995e-03
-5.0725e-03
-4.6243e-03
-3.7106e-03
-2.7510e-03
-1.9917e-03
-1.5331e-03
-1.1517e-03
-3.7060e-04
9.2507e-04
1.9107e-03
1.8676e-03
1.2732e-03
1.2678e-03
2.4440e-03
4.1085e-03
4.8302e-03
4.3062e-03
3.1653e-03
2.1916e-03
1.3641e-03
2.3370e-04
-1.2453e-03
-2.6475e-03
-3.6426e-03
-4.4936e-03
-5.2731e-03
-5.8037e-03
-6.4023e-03
-7.2503e-03
-8.0226e-03
-8.4716e-03
-8.6974e-03
-8.7480e-03
-8.5595e-03
-8.3973e-03
-8.7837e-03
-1.0187e-02
-1.2173e-02
-1.4037e-02
-1.5244e-02
-1.5715e-02
-1.5951e-02
-1.6391e-02
-1.7012e-02
-1.7663e-02
-1.8176e-02
-1.8499e-02
-1.8632e-02
-1.8579e-02
-1.8305e-02
-1.7572e-02
-1.6304e-02
-1.4657e-02
-1.2941e-02
-1.1398e-02
-9.7880e-03
-7.8059e-03
-5.4781e-03
-3.1024e-03
-1.2657e-03
1.2905e-04
1.6704e-03
3.4014e-03
5.0991e-03
6.6336e-03
8.0211e-03
9.1890e-03
1.0243e-02
1.1261e-02
1.2141e-02
1.2847e-02
1.3191e-02
1.3237e-02
1.3285e-02
1.3216e-02
1.2969e-02
1.2958e-02
1.3249e-02
1.3289e-02
1.3093e-02
1.2640e-02
1.2158e-02
1.1729e-02
1.1149e-02
1.0698e-02
1.0877e-02
1.1784e-02
1.2695e-02
1.2748e-02
1.2282e-02
1.2339e-02
1.3064e-02
1.3956e-02
1.4668e-02
1.5072e-02
1.5474e-02
1.5904e-02
1.5808e-02
1.4823e-02
1.3476e-02
1.2184e-02
1.0827e-02
9.2731e-03
7.7398e-03
6.3070e-03
5.1765e-03
4.2660e-03
3.4405e-03
2.8860e-03
2.8374e-03
2.9335e-03
3.0755e-03
3.8523e-03
5.7084e-03
8.2135e-03
1.0642e-02
1.2513e-02
1.3499e-02
1.3718e-02
1.3786e-02
1.4026e-02
1.4213e-02
1.4223e-02
1.3775e-02
1.2631e-02
1.1001e-02
9.1374e-03
7.4438e-03
5.9653e-03
4.5778e-03
3.1342e-03
1.5394e-03
-9.4721e-05
-1.5604e-03
-2.6469e-03
-3.5933e-03
-4.5634e-03
-5.5110e-03
-6.0410e-03
-6.5044e-03
-7.2226e-03
-8.0668e-03
-8.8535e-03
-9.6784e-03
-1.0527e-02
-1.1158e-02
-1.1739e-02
-1.2423e-02
-1.2947e-02
-1.2993e-02
-1.2873e-02
-1.3346e-02
-1.4092e-02
-1.4443e-02
-1.4500e-02
-1.4573e-02
-1.4430e-02
-1.4254e-02
-1.4366e-02
-1.4341e-02
-1.3311e-02
-1.1579e-02
-1.0575e-02
-1.0587e-02
-1.0520e-02
-9.7001e-03
-8.7989e-03
-8.3607e-03
-7.7592e-03
-6.5848e-03
-5.3461e-03
-4.5708e-03
-4.2694e-03
-4.1935e-03
-4.1330e-03
-3.8453e-03
-3.2178e-03
-2.4825e-03
-2.2659e-03
-2.4376e-03
-2.4159e-03
-2.0504e-03
-1.8441e-03
-2.0591e-03
-2.2926e-03
-2.0588e-03
-1.8530e-03
-2.6943e-03
-4.4575e-03
-5.7306e-03
-5.5689e-03
-4.5316e-03
-3.5716e-03
-2.8830e-03
-2.1814e-03
-1.2927e-03
-2.1264e-04
1.1055e-03
2.2870e-03
3.2434e-03
4.3772e-03
5.8236e-03
7.3005e-03
8.3206e-03
8.7357e-03
8.7979e-03
8.6608e-03
8.4373e-03
8.1237e-03
7.7752e-03
7.2195e-03
6.4063e-03
5.6996e-03
5.4288e-03
5.5376e-03
5.7431e-03
5.5638e-03
5.1319e-03
4.7238e-03
4.4708e-03
4.4939e-03
4.6938e-03
4.7749e-03
4.7035e-03
4.6967e-03
4.7932e-03
4.9456e-03
4.9936e-03
5.0231e-03
5.0822e-03
5.2210e-03
5.1330e-03
4.9183e-03
5.4006e-03
6.4803e-03
7.1785e-03
7.0245e-03
6.2572e-03
5.5427e-03
5.2975e-03
5.4781e-03
5.7423e-03
5.7002e-03
5.1972e-03
4.6288e-03
4.3497e-03
4.2239e-03
4.2029e-03
4.5132e-03
5.1136e-03
5.6749e-03
6.1504e-03
6.8008e-03
7.6892e-03
8.8138e-03
9.9552e-03
1.0590e-02
1.0887e-02
1.1161e-02
1.1368e-02
1.1386e-02
1.0992e-02
1.0376e-02
9.6590e-03
8.7462e-03
7.7519e-03
6.7138e-03
6.0236e-03
5.6235e-03
5.2460e-03
4.8834e-03
4.8267e-03
5.0865e-03
5.4309e-03
5.7696e-03
5.9574e-03
5.8642e-03
5.6965e-03
5.7954e-03
6.1847e-03
6.5539e-03
6.6676e-03
6.7016e-03
6.6778e-03
6.6191e-03
7.0109e-03
7.4926e-03
7.0159e-03
5.0845e-03
2.7443e-03
1.3245e-03
3.5325e-04
-9.4379e-04
-2.2977e-03
-3.5293e-03
-4.8173e-03
-6.0797e-03
-6.8369e-03
-6.9334e-03
-6.6146e-03
-6.2889e-03
-6.0584e-03
-5.8863e-03
-5.7764e-03
-5.3269e-03
-4.0856e-03
-2.5314e-03
-1.7039e-03
-1.7947e-03
-2.4189e-03
-3.5450e-03
-4.8524e-03
-5.1454e-03
-4.1056e-03
-2.3585e-03
-1.0186e-03
-7.3823e-04
-8.4515e-04
-8.5164e-04
-8.2575e-04
-7.5823e-04
-6.2640e-04
-3.3049e-04
-7.8446e-05
-1.2524e-04
-7.3038e-04
-1.7320e-03
-2.7102e-03
-3.5091e-03
-4.1999e-03
-4.5493e-03
-4.5699e-03
-4.5915e-03
-4.7200e-03
-4.8850e-03
-4.7789e-03
-4.2998e-03
-3.6411e-03
-2.8284e-03
-1.6248e-03
-3.0354e-04
9.6401e-04
2.1310e-03
3.3546e-03
4.5381e-03
5.6744e-03
6.8866e-03
8.3269e-03
9.6354e-03
1.0420e-02
1.0803e-02
1.1179e-02
1.1725e-02
1.2612e-02
1.3665e-02
1.4524e-02
1.5423e-02
1.6355e-02
1.6995e-02
1.7434e-02
1.8044e-02
1.8761e-02
1.9371e-02
1.9751e-02
2.0092e-02
2.0388e-02
2.0542e-02
2.0574e-02
2.0439e-02
1.9834e-02
1.8609e-02
1.7096e-02
1.5469e-02
1.3816e-02
1.2139e-02
1.0440e-02
8.8019e-03
7.1188e-03
5.2582e-03
3.3168e-03
1.3808e-03
-3.7772e-04
-1.9739e-03
-3.5685e-03
-4.8272e-03
-5.2418e-03
-5.3186e-03
-6.3681e-03
-8.1970e-03
-9.1668e-03
-8.8884e-03
-8.2714e-03
-8.1313e-03
-8.6332e-03
-9.2546e-03
-9.4349e-03
-9.5402e-03
-1.0075e-02
-1.0942e-02
-1.1448e-02
-1.1197e-02
-1.0647e-02
-1.0385e-02
-1.0099e-02
-9.4763e-03
-8.9661e-03
-8.6733e-03
-8.2702e-03
-7.4796e-03
-6.5692e-03
-6.1929e-03
-6.4407e-03
-6.4154e-03
-5.6788e-03
-4.6650e-03
-4.0001e-03
-4.0880e-03
-4.8559e-03
-5.7326e-03
-6.3748e-03
-6.8427e-03
-7.3145e-03
-7.7609e-03
-8.1129e-03
-8.6370e-03
-9.4409e-03
-1.0195e-02
-1.0542e-02
-1.0550e-02
-1.0532e-02
-1.0588e-02
-1.0379e-02
-9.7596e-03
-9.1352e-03
-8.5214e-03
-7.3469e-03
-5.5916e-03
-4.3131e-03
-4.1344e-03
-4.5293e-03
-4.9033e-03
-5.2594e-03
-5.6007e-03
-5.6525e-03
-5.9298e-03
-6.6920e-03
-7.5250e-03
-8.0848e-03
-8.1629e-03
-8.0694e-03
-8.3542e-03
-9.1076e-03
-9.6684e-03
-9.5295e-03
-8.8651e-03
-8.1998e-03
-7.7436e-03
-7.0945e-03
-6.3250e-03
-5.6590e-03
-5.0000e-03
-4.3910e-03
-3.8215e-03
-3.2116e-03
-2.6185e-03
-2.4823e-03
-2.9764e-03
-3.8095e-03
-4.5260e-03
-4.9669e-03
-5.2063e-03
-5.5363e-03
-5.9034e-03
-6.1814e-03
-6.2311e-03
-6.2028e-03
-6.2453e-03
-6.2373e-03
-5.8546e-03
-4.8427e-03
-3.7883e-03
-3.2737e-03
-3.3389e-03
-3.7883e-03
-4.1380e-03
-4.0748e-03
-3.5132e-03
-3.2556e-03
-4.3786e-03
-6.4497e-03
-8.3334e-03
-9.3644e-03
-9.8421e-03
-1.0377e-02
-1.1149e-02
-1.1968e-02
-1.2536e-02
-1.2767e-02
-1.2955e-02
-1.3145e-02
-1.3254e-02
-1.3195e-02
-1.2630e-02
-1.1520e-02
-1.0322e-02
-9.4889e-03
-8.8159e-03
-8.0653e-03
-7.4789e-03
-7.0607e-03
-6.5962e-03
-6.4918e-03
-6.6202e-03
-5.9949e-03
-4.3376e-03
-2.4941e-03
-1.6218e-03
-1.6740e-03
-1.7847e-03
-1.5734e-03
-1.2399e-03
-9.8444e-04
-9.2137e-04
-8.3816e-04
-4.9283e-04
-5.0935e-05
3.2694e-04
6.5394e-04
1.0031e-03
1.1868e-03
1.0757e-03
8.4885e-04
6.2956e-04
3.8679e-04
-2.1747e-05
-5.1919e-04
-8.0479e-04
-5.9815e-04
6.7674e-06
3.9174e-04
2.6916e-04
-7.1965e-05
-1.6245e-04
1.7943e-04
9.6150e-04
1.9015e-03
2.7164e-03
3.3530e-03
3.7447e-03
3.7399e-03
3.2903e-03
2.5257e-03
1.8477e-03
1.4152e-03
1.0689e-03
8.1821e-04
7.0734e-04
7.4837e-04
7.2860e-04
4.0898e-04
5.3417e-06
-2.4273e-04
-3.7112e-04
-4.6752e-04
-2.2621e-04
4.4362e-04
1.3143e-03
2.2075e-03
3.3800e-03
4.8925e-03
6.1100e-03
6.7728e-03
7.1900e-03
7.6047e-03
8.0290e-03
8.2779e-03
8.3882e-03
8.4106e-03
8.3687e-03
8.0317e-03
7.3252e-03
6.5785e-03
6.2010e-03
5.9888e-03
5.7883e-03
5.8293e-03
6.1155e-03
5.9641e-03
5.4460e-03
5.4821e-03
6.2270e-03
7.1133e-03
7.8789e-03
8.5865e-03
8.8488e-03
8.6950e-03
8.4555e-03
8.0998e-03
7.4044e-03
6.6308e-03
6.0955e-03
5.5745e-03
4.7748e-03
3.8106e-03
2.7294e-03
1.5636e-03
4.6098e-04
-4.9334e-04
-1.0586e-03
-1.5080e-03
-2.5613e-03
-3.9806e-03
-4.9360e-03
-4.6144e-03
-3.4416e-03
-2.7502e-03
-2.7206e-03
-2.7584e-03
-2.6146e-03
-2.3520e-03
-2.1706e-03
-2.1729e-03
-1.9651e-03
-1.3685e-03
-6.3401e-04
2.8625e-05
8.7229e-04
1.7709e-03
2.5120e-03
3.1376e-03
3.6376e-03
4.0761e-03
4.5373e-03
5.2525e-03
6.6091e-03
7.8608e-03
7.9536e-03
7.0371e-03
5.9490e-03
5.4770e-03
5.7051e-03
6.0410e-03
6.2518e-03
6.4151e-03
6.6741e-03
6.8466e-03
6.8978e-03
6.7677e-03
6.4103e-03
6.1978e-03
6.0010e-03
5.5391e-03
5.0784e-03
4.7316e-03
4.2398e-03
3.7556e-03
3.4998e-03
3.3614e-03
3.2512e-03
3.2662e-03
3.5264e-03
3.9331e-03
4.3441e-03
4.5979e-03
4.7890e-03
5.2084e-03
6.0092e-03
6.7424e-03
6.8825e-03
6.8117e-03
7.2080e-03
7.8809e-03
8.4297e-03
8.6535e-03
8.7141e-03
8.9728e-03
9.4947e-03
9.8054e-03
9.8839e-03
9.8726e-03
1.0017e-02
1.0112e-02
9.8193e-03
9.1396e-03
8.4650e-03
8.0865e-03
7.9262e-03
7.4985e-03
6.3420e-03
4.8638e-03
3.8667e-03
3.4621e-03
3.3307e-03
3.0121e-03
2.7062e-03
2.4469e-03
2.2874e-03
2.4312e-03
2.6566e-03
2.6707e-03
2.6148e-03
2.9600e-03
3.8227e-03
4.8037e-03
5.4274e-03
5.7792e-03
6.0984e-03
6.5070e-03
7.1091e-03
7.6937e-03
7.6426e-03
7.0494e-03
6.8719e-03
7.8464e-03
9.4266e-03
1.0525e-02
1.0626e-02
1.0371e-02
1.0495e-02
1.0653e-02
1.0687e-02
1.0810e-02
1.0813e-02
1.0491e-02
9.8038e-03
8.8412e-03
7.5700e-03
6.2931e-03
5.4418e-03
4.9181e-03
4.5128e-03
4.2233e-03
4.1005e-03
3.9330e-03
3.8527e-03
3.9733e-03
4.2592e-03
4.7254e-03
5.3922e-03
5.8643e-03
6.1382e-03
6.5696e-03
7.2218e-03
7.7769e-03
8.1273e-03
8.1937e-03
7.7388e-03
7.2343e-03
6.8430e-03
6.1824e-03
5.3406e-03
4.6804e-03
4.1176e-03
3.5009e-03
2.9804e-03
2.7010e-03
2.7883e-03
3.1493e-03
3.4766e-03
3.7681e-03
4.0645e-03
4.4787e-03
5.2993e-03
6.0725e-03
6.5129e-03
6.9085e-03
7.1928e-03
7.0311e-03
6.5726e-03
6.2310e-03
5.9651e-03
5.5686e-03
4.8825e-03
3.8956e-03
2.5458e-03
9.3088e-04
-4.5215e-04
-1.5980e-03
-2.8956e-03
-4.2998e-03
-5.5037e-03
-6.3426e-03
-7.0097e-03
-7.4669e-03
-7.5761e-03
-7.2486e-03
-6.6087e-03
-6.5483e-03
-7.4119e-03
-7.8097e-03
-6.5796e-03
-4.4717e-03
-2.9150e-03
-2.2070e-03
-1.7830e-03
-1.2995e-03
-7.6541e-04
-3.4905e-04
1.6863e-04
5.6586e-04
6.9928e-04
6.7294e-04
4.1832e-04
-1.0569e-04
-6.7709e-04
-1.0858e-03
-1.2754e-03
-1.2480e-03
-1.1978e-03
-1.7943e-03
-3.0882e-03
-4.5198e-03
-5.5345e-03
-5.5780e-03
-4.7434e-03
-3.9659e-03
-4.2741e-03
-5.4388e-03
-6.6670e-03
-7.3978e-03
-7.6010e-03
-7.6720e-03
-7.7435e-03
-7.7423e-03
-7.8171e-03
-7.8434e-03
-7.6810e-03
-7.4731e-03
-7.0430e-03
-6.3290e-03
-5.5541e-03
-4.9985e-03
-4.5635e-03
-4.1017e-03
-3.5849e-03
-3.3076e-03
-3.2245e-03
-3.1864e-03
-2.7605e-03
-2.2356e-03
-2.4521e-03
-3.5695e-03
-4.9994e-03
-5.8372e-03
-6.0016e-03
-5.9235e-03
-5.8217e-03
-5.6910e-03
-5.7421e-03
-5.9318e-03
-6.1768e-03
-6.6322e-03
-7.4207e-03
-8.2296e-03
-8.5719e-03
-8.5283e-03
-9.0127e-03
-1.0006e-02
-1.0990e-02
-1.1775e-02
-1.2314e-02
-1.2493e-02
-1.2587e-02
-1.2975e-02
-1.3613e-02
-1.4044e-02
-1.4201e-02
-1.4574e-02
-1.5030e-02
-1.4952e-02
-1.4232e-02
-1.3313e-02
-1.2749e-02
-1.2589e-02
-1.2697e-02
-1.2790e-02
-1.2686e-02
-1.2348e-02
-1.1771e-02
-1.1361e-02
-1.1529e-02
-1.2274e-02
-1.2998e-02
-1.3426e-02
-1.3669e-02
-1.3660e-02
-1.3362e-02
-1.3628e-02
-1.5310e-02
-1.7350e-02
-1.8646e-02
-1.9211e-02
-1.9317e-02
-1.9225e-02
-1.9245e-02
-1.9605e-02
-2.0203e-02
-2.0566e-02
-2.0475e-02
-2.0103e-02
-1.9876e-02
-1.9912e-02
-1.9777e-02
-1.9323e-02
-1.8814e-02
-1.8607e-02
-1.8641e-02
-1.8581e-02
-1.8351e-02
-1.8207e-02
-1.8359e-02
-1.8602e-02
-1.8422e-02
-1.7317e-02
-1.5974e-02
-1.5466e-02
-1.5674e-02
-1.5883e-02
-1.5699e-02
-1.5140e-02
-1.4651e-02
-1.4536e-02
-1.4557e-02
-1.4358e-02
-1.3638e-02
-1.2382e-02
-1.1222e-02
-1.0796e-02
-1.0997e-02
-1.1195e-02
-1.1202e-02
-1.1292e-02
-1.1529e-02
-1.2054e-02
-1.2732e-02
-1.3115e-02
-1.3079e-02
-1.2921e-02
-1.2859e-02
-1.2937e-02
-1.2995e-02
-1.3001e-02
-1.2886e-02
-1.2508e-02
-1.1999e-02
-1.1523e-02
-1.1145e-02
-1.0788e-02
-1.0193e-02
-9.2867e-03
-8.5540e-03
-8.1559e-03
-8.0111e-03
-7.9972e-03
-8.0607e-03
-7.9273e-03
-7.6232e-03
-7.3436e-03
-7.1996e-03
-7.0966e-03
-6.9456e-03
-6.7905e-03
-6.7065e-03
-6.6073e-03
-6.4834e-03
-6.1541e-03
-5.5353e-03
-4.8414e-03
-3.9718e-03
-2.8445e-03
-1.4395e-03
7.3472e-05
1.4581e-03
2.6519e-03
3.2852e-03
3.1527e-03
2.6726e-03
2.0216e-03
1.1530e-03
2.0792e-04
-5.8137e-04
-1.2564e-03
-1.5971e-03
-1.6573e-03
-1.5237e-03
-8.8083e-04
-5.6568e-04
-1.2889e-03
-2.0221e-03
-1.2912e-03
6.6593e-04
2.4655e-03
3.3704e-03
3.7060e-03
4.0916e-03
5.0080e-03
6.2758e-03
7.3089e-03
7.9621e-03
8.6555e-03
9.2226e-03
9.4185e-03
9.4573e-03
9.5422e-03
9.7525e-03
9.8814e-03
9.8674e-03
1.0218e-02
1.0909e-02
1.1401e-02
1.1388e-02
1.1411e-02
1.2310e-02
1.4240e-02
1.6176e-02
1.7101e-02
1.7300e-02
1.7544e-02
1.8191e-02
1.8975e-02
1.9376e-02
1.9327e-02
1.9452e-02
1.9791e-02
1.9892e-02
1.9324e-02
1.8335e-02
1.7490e-02
1.6751e-02
1.5860e-02
1.4885e-02
1.4004e-02
1.3076e-02
1.1967e-02
1.0855e-02
9.8154e-03
8.9041e-03
8.2436e-03
7.9611e-03
7.9442e-03
8.3310e-03
9.3853e-03
1.0398e-02
1.0631e-02
1.0274e-02
1.0051e-02
1.0254e-02
1.0961e-02
1.1886e-02
1.2428e-02
1.2819e-02
1.3581e-02
1.4370e-02
1.4892e-02
1.5295e-02
1.5687e-02
1.5929e-02
1.6017e-02
1.5884e-02
1.5371e-02
1.4605e-02
1.3892e-02
1.3351e-02
1.2764e-02
1.1922e-02
1.1086e-02
1.0460e-02
1.0027e-02
9.5136e-03
8.8938e-03
8.2328e-03
7.6089e-03
7.0324e-03
6.4342e-03
5.7885e-03
4.9569e-03
4.2171e-03
3.7404e-03
3.4080e-03
3.2031e-03
3.0866e-03
3.1413e-03
3.3280e-03
3.4349e-03
3.3906e-03
3.5822e-03
4.3077e-03
4.9956e-03
4.6466e-03
3.5760e-03
2.5409e-03
1.7873e-03
1.6540e-03
1.8275e-03
1.8124e-03
1.6051e-03
1.5528e-03
1.8798e-03
2.2913e-03
2.6751e-03
3.1774e-03
3.8255e-03
4.2567e-03
4.3500e-03
4.4210e-03
4.5064e-03
4.5460e-03
4.3932e-03
3.8200e-03
2.9604e-03
1.9293e-03
4.9503e-04
-1.1260e-03
-1.9689e-03
-1.6882e-03
-1.2164e-03
-1.5187e-03
-2.4474e-03
-3.3957e-03
-3.8443e-03
-3.8433e-03
-3.8410e-03
-3.8674e-03
-3.8635e-03
-3.9922e-03
-4.0990e-03
-4.0036e-03
-3.8080e-03
-3.5376e-03
-3.1260e-03
-2.7306e-03
-2.5823e-03
-2.5836e-03
-2.4756e-03
-2.1736e-03
-1.8285e-03
-1.7793e-03
-2.1482e-03
-2.6911e-03
-3.2901e-03
-3.7332e-03
-3.9693e-03
-4.0333e-03
-4.0032e-03
-4.0460e-03
-4.1503e-03
-4.2932e-03
-4.8909e-03
-5.6606e-03
-5.7921e-03
-5.3746e-03
-4.7978e-03
-4.2105e-03
-3.6046e-03
-3.1633e-03
-2.9058e-03
-2.5332e-03
-1.9214e-03
-1.1944e-03
-6.6628e-04
-3.8977e-04
-1.5329e-04
2.3694e-04
6.3360e-04
8.6921e-04
8.9389e-04
7.3025e-04
5.6599e-04
5.9373e-04
7.5216e-04
7.6805e-04
6.1582e-04
5.8251e-04
7.8089e-04
9.4530e-04
1.0190e-03
1.2139e-03
1.7021e-03
2.2215e-03
2.4232e-03
2.3796e-03
2.2348e-03
2.1278e-03
2.0686e-03
1.7923e-03
1.5660e-03
2.0441e-03
2.5367e-03
1.7032e-03
-5.5814e-05
-1.3407e-03
-1.6968e-03
-1.6151e-03
-1.6214e-03
-1.8976e-03
-2.4811e-03
-2.9083e-03
-2.8749e-03
-2.6235e-03
-2.5569e-03
-2.6049e-03
-2.5420e-03
-2.4870e-03
-2.4602e-03
-2.4089e-03
-2.0809e-03
-1.5917e-03
-1.2434e-03
-1.0800e-03
-9.3216e-04
-9.9091e-04
-1.7514e-03
-2.7162e-03
-2.9163e-03
-2.5113e-03
-2.0630e-03
-1.7567e-03
-1.7753e-03
-1.8990e-03
-2.0789e-03
-2.1531e-03
-2.0765e-03
-2.1033e-03
-2.3232e-03
-2.5861e-03
-2.6104e-03
-2.5774e-03
-2.7679e-03
-3.1642e-03
-3.5009e-03
-3.6993e-03
-3.8219e-03
-3.7902e-03
-3.6654e-03
-3.5529e-03
-3.1774e-03
-2.5547e-03
-2.1332e-03
-2.0508e-03
-1.9842e-03
-1.5442e-03
-4.2971e-04
1.0480e-03
2.2733e-03
2.8949e-03
2.7586e-03
1.9785e-03
1.0984e-03
5.0531e-04
1.7217e-04
-1.8309e-04
-8.1927e-04
-1.9253e-03
-3.1226e-03
-3.8530e-03
-4.0992e-03
-4.2025e-03
-4.3478e-03
-4.5524e-03
-4.4654e-03
-3.8633e-03
-3.1453e-03
-2.5655e-03
-2.0956e-03
-1.6517e-03
-1.2370e-03
-1.1766e-03
-1.4309e-03
-1.6566e-03
-1.8738e-03
-2.2526e-03
-2.7031e-03
-3.1371e-03
-3.5456e-03
-4.0736e-03
-4.6232e-03
-4.9048e-03
-4.7015e-03
-4.3769e-03
-4.0811e-03
-3.4448e-03
-2.6795e-03
-2.0945e-03
-1.3497e-03
-1.7362e-04
1.2227e-03
2.3535e-03
2.7940e-03
2.6404e-03
2.5466e-03
2.9402e-03
3.7700e-03
4.7470e-03
5.3648e-03
5.0487e-03
4.3544e-03
3.9974e-03
4.0404e-03
4.1627e-03
4.2192e-03
4.3216e-03
4.6009e-03
4.6397e-03
4.2650e-03
3.5738e-03
2.9927e-03
2.6079e-03
2.3796e-03
2.0234e-03
1.3846e-03
6.1291e-04
-3.2478e-04
-1.1000e-03
-7.3909e-04
4.4025e-04
1.1726e-03
1.0760e-03
6.6764e-04
6.2420e-04
1.0308e-03
1.5908e-03
1.8316e-03
1.8929e-03
2.1674e-03
2.6827e-03
3.3717e-03
3.9680e-03
3.9362e-03
3.1917e-03
2.3075e-03
1.7941e-03
1.6646e-03
1.5549e-03
1.2956e-03
1.0714e-03
1.0039e-03
9.5469e-04
8.4367e-04
8.5079e-04
1.0382e-03
1.3483e-03
1.5977e-03
1.5852e-03
1.4121e-03
1.3387e-03
1.3865e-03
1.4191e-03
1.1120e-03
4.5954e-04
-2.9185e-04
-1.0961e-03
-2.1721e-03
-3.3537e-03
-4.5460e-03
-5.4618e-03
-5.8482e-03
-6.1458e-03
-6.9015e-03
-7.8234e-03
-8.5816e-03
-9.0767e-03
-9.3216e-03
-9.6972e-03
-1.0077e-02
-1.0158e-02
-9.8505e-03
-9.3612e-03
-9.1578e-03
-9.2950e-03
-9.2565e-03
-9.0800e-03
-8.7934e-03
-8.3585e-03
-7.7516e-03
-7.0163e-03
-6.3352e-03
-5.8863e-03
-5.7339e-03
-5.5549e-03
-4.7723e-03
-3.5181e-03
-2.1748e-03
-7.1333e-04
7.6531e-04
2.0074e-03
3.1539e-03
4.6039e-03
5.7696e-03
5.7112e-03
4.8643e-03
4.5644e-03
5.4077e-03
6.8901e-03
8.1731e-03
8.8715e-03
9.2628e-03
9.6832e-03
1.0161e-02
1.0490e-02
1.0712e-02
1.1049e-02
1.1337e-02
1.1335e-02
1.1370e-02
1.1944e-02
1.2747e-02
1.3023e-02
1.2711e-02
1.1999e-02
1.1171e-02
1.0372e-02
9.3612e-03
8.1190e-03
7.3092e-03
7.3858e-03
7.8775e-03
7.8936e-03
6.9958e-03
5.8845e-03
5.3104e-03
5.0446e-03
4.6744e-03
4.1855e-03
3.6574e-03
2.9777e-03
1.9051e-03
4.3367e-04
-1.0988e-03
-2.2875e-03
-2.9767e-03
-3.3603e-03
-3.3613e-03
-2.8159e-03
-2.0294e-03
-1.8552e-03
-2.4235e-03
-3.2108e-03
-3.4245e-03
-2.8731e-03
-1.9951e-03
-1.0342e-03
-3.0665e-04
3.1397e-05
3.9691e-04
7.3420e-04
9.9023e-04
1.1748e-03
1.2345e-03
1.2704e-03
1.5243e-03
1.8299e-03
1.7308e-03
1.2010e-03
5.9575e-04
1.4118e-04
-2.1581e-04
-6.2725e-04
-1.0833e-03
-1.2594e-03
-1.1925e-03
-1.2167e-03
-1.3436e-03
-1.4244e-03
-1.4064e-03
-1.6471e-03
-2.1651e-03
-2.4827e-03
-2.3544e-03
-1.8567e-03
-1.2294e-03
-7.6063e-04
-6.2679e-04
-4.8551e-04
-1.8876e-04
-1.0939e-04
-2.5823e-04
-3.2078e-04
-2.8593e-04
-3.6961e-04
-5.8579e-04
-7.0160e-04
-7.7654e-04
-8.4347e-04
-9.4915e-04
-1.0191e-03
-9.6854e-04
-5.0283e-04
-1.4605e-05
-2.1860e-04
-1.1988e-03
-2.2125e-03
-2.7960e-03
-2.9500e-03
-2.8890e-03
-2.4631e-03
-1.9467e-03
-1.7580e-03
-1.9887e-03
-2.5555e-03
-3.1231e-03
-3.3742e-03
-3.5489e-03
-3.9057e-03
-4.4264e-03
-5.0119e-03
-5.5339e-03
-5.6909e-03
-5.6622e-03
-5.7105e-03
-6.0773e-03
-7.0513e-03
-8.4793e-03
-9.5686e-03
-9.4577e-03
-8.4497e-03
-7.5751e-03
-7.2938e-03
-7.2742e-03
-7.1502e-03
-6.7182e-03
-6.1101e-03
-5.6666e-03
-5.5923e-03
-5.4870e-03
-5.1059e-03
-4.6214e-03
-4.3215e-03
-4.6783e-03
-4.3622e-03
-4.0016e-03
-3.7290e-03
-3.5512e-03
-3.3552e-03
-2.9282e-03
-2.3682e-03
-1.8640e-03
-1.2386e-03
-3.4901e-04
3.9638e-04
7.7355e-04
9.5083e-04
1.5161e-03
2.3417e-03
3.1743e-03
4.0943e-03
4.9434e-03
5.7574e-03
6.4116e-03
6.5627e-03
6.5315e-03
6.3942e-03
5.8564e-03
5.1393e-03
4.5584e-03
3.9937e-03
3.4286e-03
2.8629e-03
2.4573e-03
2.2969e-03
2.2357e-03
2.1805e-03
2.1516e-03
2.4286e-03
2.8505e-03
3.0245e-03
2.9188e-03
2.9832e-03
3.1511e-03
3.1227e-03
2.8281e-03
2.1870e-03
1.5454e-03
1.2456e-03
1.0058e-03
5.7194e-04
1.6061e-04
-2.7478e-04
-7.6171e-04
-1.2570e-03
-1.6740e-03
-2.0622e-03
-2.5401e-03
-3.0327e-03
-3.5345e-03
-3.9900e-03
-4.2525e-03
-4.4791e-03
-5.2465e-03
-6.4685e-03
-7.2658e-03
-7.0790e-03
-6.3719e-03
-6.1123e-03
-6.3921e-03
-6.7536e-03
-7.0911e-03
-7.3868e-03
-7.4262e-03
-7.1318e-03
-6.8130e-03
-6.6874e-03
-6.7981e-03
-6.8716e-03
-6.5308e-03
-6.2077e-03
-6.2135e-03
-6.1344e-03
-5.5790e-03
-4.8948e-03
-4.4248e-03
-4.4918e-03
-5.2375e-03
-5.9035e-03
-5.8026e-03
-5.0292e-03
-4.2155e-03
-3.9786e-03
-4.1818e-03
-4.5235e-03
-4.6553e-03
-4.5222e-03
-4.4389e-03
-4.4905e-03
-4.4027e-03
-3.9497e-03
-3.4486e-03
-3.1681e-03
-3.0611e-03
-3.0038e-03
-2.9124e-03
-2.6353e-03
-2.2220e-03
-1.8634e-03
-1.6010e-03
-1.2740e-03
-8.4505e-04
-3.9658e-04
1.2035e-04
4.6716e-04
6.9917e-04
9.9890e-04
1.5341e-03
1.9935e-03
2.2356e-03
2.3925e-03
2.4907e-03
2.4320e-03
2.2972e-03
1.8618e-03
9.7871e-04
-5.9815e-05
-9.2977e-04
-1.5045e-03
-1.8444e-03
-2.2873e-03
-2.6003e-03
-2.5100e-03
-1.8908e-03
-8.3722e-04
2.6967e-04
1.1760e-03
1.9582e-03
2.7803e-03
3.5779e-03
4.4267e-03
4.9999e-03
5.1653e-03
5.2120e-03
5.2753e-03
5.0403e-03
4.4996e-03
4.1578e-03
4.0137e-03
3.8091e-03
3.3890e-03
2.9826e-03
2.8066e-03
2.8880e-03
3.0438e-03
3.0787e-03
3.0887e-03
3.1374e-03
3.1351e-03
3.2364e-03
3.6329e-03
4.3669e-03
5.5490e-03
6.9034e-03
7.6631e-03
7.4934e-03
7.0419e-03
7.1391e-03
7.8902e-03
8.6373e-03
8.9041e-03
8.7541e-03
8.5104e-03
8.3861e-03
8.3878e-03
8.3066e-03
8.0223e-03
7.7547e-03
7.6112e-03
7.4355e-03
7.1566e-03
6.8894e-03
6.6110e-03
6.3843e-03
6.1603e-03
5.7983e-03
5.2569e-03
4.4488e-03
3.6866e-03
3.6159e-03
4.3456e-03
5.1390e-03
5.1344e-03
4.4333e-03
3.5815e-03
2.6760e-03
1.6839e-03
7.5794e-04
1.1014e-05
-7.4925e-04
-1.5715e-03
-2.3854e-03
-3.1112e-03
-3.8238e-03
-4.6075e-03
-5.2898e-03
-6.1441e-03
-7.1237e-03
-7.9914e-03
-8.8035e-03
-9.6618e-03
-1.0343e-02
-1.0632e-02
-1.0698e-02
-1.0899e-02
-1.1140e-02
-1.1181e-02
-1.1086e-02
-1.0888e-02
-1.0610e-02
-1.0185e-02
-9.5584e-03
-8.8938e-03
-8.3067e-03
-7.7858e-03
-7.1352e-03
-6.1644e-03
-5.1302e-03
-4.4685e-03
-4.0909e-03
-3.5060e-03
-2.4363e-03
-1.2584e-03
-8.3941e-04
-1.2011e-03
-1.6030e-03
-1.6529e-03
-1.5727e-03
-1.6763e-03
-1.8316e-03
-2.0209e-03
-2.1796e-03
-1.8992e-03
-1.4803e-03
-1.2393e-03
-1.0044e-03
-8.1616e-04
-9.5551e-04
-1.2125e-03
-1.5651e-03
-2.0569e-03
-2.4220e-03
-2.6802e-03
-2.9671e-03
-3.2695e-03
-3.6967e-03
-4.2310e-03
-4.7132e-03
-5.2408e-03
-5.7693e-03
-6.1976e-03
-6.4344e-03
-6.3123e-03
-6.0504e-03
-6.2101e-03
-6.7767e-03
-7.0100e-03
-6.4414e-03
-5.2818e-03
-4.2496e-03
-3.5619e-03
-3.1079e-03
-2.4992e-03
-1.5698e-03
-4.9964e-04
6.4462e-04
1.7584e-03
2.7226e-03
3.3977e-03
3.9061e-03
4.5986e-03
5.4693e-03
6.0754e-03
6.3873e-03
6.6662e-03
6.8114e-03
6.4841e-03
5.5345e-03
4.5924e-03
4.2966e-03
4.6557e-03
5.1666e-03
5.2321e-03
4.9324e-03
4.6544e-03
4.5995e-03
4.5888e-03
4.4524e-03
4.1816e-03
3.9784e-03
3.8176e-03
3.6010e-03
3.3993e-03
3.3073e-03
3.2897e-03
3.3046e-03
3.3134e-03
3.2408e-03
3.1609e-03
3.2099e-03
3.2233e-03
3.3432e-03
3.5495e-03
3.5149e-03
3.2940e-03
3.2268e-03
3.3655e-03
3.4844e-03
3.5246e-03
3.6267e-03
3.6738e-03
3.7548e-03
4.0175e-03
4.3518e-03
4.6511e-03
4.9222e-03
5.0978e-03
5.1502e-03
5.1234e-03
5.0622e-03
4.9524e-03
4.8230e-03
4.8227e-03
4.8850e-03
4.8978e-03
4.9470e-03
5.0999e-03
5.2798e-03
5.3826e-03
5.5128e-03
5.6680e-03
5.7362e-03
5.5921e-03
5.3297e-03
5.0684e-03
4.7957e-03
4.4999e-03
4.1610e-03
3.8236e-03
3.5152e-03
3.1715e-03
2.7728e-03
2.3731e-03
2.0372e-03
1.6936e-03
1.4510e-03
1.3534e-03
1.1920e-03
8.9099e-04
5.4658e-04
2.9283e-04
3.3329e-04
6.3225e-04
7.1144e-04
2.1751e-04
-4.2257e-04
-4.2248e-04
-3.1950e-05
1.6458e-04
1.8729e-04
2.2292e-04
2.1550e-04
5.1506e-05
-3.1333e-04
-6.9905e-04
-9.0507e-04
-1.0053e-03
-1.2157e-03
-1.4345e-03
-1.5405e-03
-1.5828e-03
-1.6468e-03
-1.8820e-03
-2.1266e-03
-2.2364e-03
-2.2660e-03
-2.4706e-03
-2.9864e-03
-3.4825e-03
-3.3983e-03
-2.8836e-03
-2.5335e-03
-2.5766e-03
-2.8027e-03
-2.8958e-03
-2.7757e-03
-2.5354e-03
-2.3284e-03
-2.2384e-03
-2.1636e-03
-1.9773e-03
-1.5994e-03
-1.2870e-03
-1.2178e-03
-1.2094e-03
-1.1020e-03
-9.1913e-04
-8.7829e-04
-1.0205e-03
-1.2874e-03
-1.4731e-03
-1.4177e-03
-1.2599e-03
-1.2391e-03
-1.3435e-03
-1.3710e-03
-1.2386e-03
-1.0358e-03
-7.7541e-04
-4.4726e-04
-7.7061e-05
3.1528e-04
8.1568e-04
1.3951e-03
1.8382e-03
2.0998e-03
2.2676e-03
2.4350e-03
2.5918e-03
2.7392e-03
2.8301e-03
2.7892e-03
2.8210e-03
3.0494e-03
3.1926e-03
2.9323e-03
2.4288e-03
2.0445e-03
1.9180e-03
1.8888e-03
1.8043e-03
1.6620e-03
1.5725e-03
1.6094e-03
1.7280e-03
1.8133e-03
1.7875e-03
1.7685e-03
1.8573e-03
1.9630e-03
2.0600e-03
2.1736e-03
2.2358e-03
2.2075e-03
2.1305e-03
2.0136e-03
1.9112e-03
1.8730e-03
1.7563e-03
1.5213e-03
1.2614e-03
1.1486e-03
1.2120e-03
1.2588e-03
1.0241e-03
6.0201e-04
3.8452e-04
5.0550e-04
7.2273e-04
7.4782e-04
5.9877e-04
5.0462e-04
5.3287e-04
5.5618e-04
5.0467e-04
4.0686e-04
3.7360e-04
4.3227e-04
5.1661e-04
6.2067e-04
7.3755e-04
8.7993e-04
1.0337e-03
1.1793e-03
1.2899e-03
1.3223e-03
1.2595e-03
1.1131e-03
1.0060e-03
1.0670e-03
1.2842e-03
1.5191e-03
1.6272e-03
1.5861e-03
1.5186e-03
1.5136e-03
1.5442e-03
1.5344e-03
1.4557e-03
1.3513e-03
1.2863e-03
1.2386e-03
1.1533e-03
1.0268e-03
9.0926e-04
8.1042e-04
7.3900e-04
7.0836e-04
7.2289e-04
7.3095e-04
7.4418e-04
7.9149e-04
8.7679e-04
1.0598e-03
1.2878e-03
1.3756e-03
1.2828e-03
1.1745e-03
1.1806e-03
1.2666e-03
1.3855e-03
1.4488e-03
1.4362e-03
1.4156e-03
1.4268e-03
1.4244e-03
1.3824e-03
1.3418e-03
1.3315e-03
1.3155e-03
1.2695e-03
1.2358e-03
1.2297e-03
1.2297e-03
1.2202e-03
1.1990e-03
1.1928e-03
1.2184e-03
1.2426e-03
1.2392e-03
1.2088e-03
1.1723e-03
1.1358e-03
1.1073e-03
1.0720e-03
1.0257e-03
9.8167e-04
9.5066e-04
9.3331e-04
9.0284e-04
8.3341e-04
7.4395e-04
6.8975e-04
6.8117e-04
6.8143e-04
6.8976e-04
7.1512e-04
7.4894e-04
7.8237e-04
8.1780e-04
8.7667e-04
9.6002e-04
1.0521e-03
1.1243e-03
1.1410e-03
1.1056e-03
1.0725e-03
1.0718e-03
1.0813e-03
1.0820e-03
1.0897e-03
1.0913e-03
1.0611e-03
1.0293e-03
1.0214e-03
1.0139e-03
9.8712e-04
9.5446e-04
9.3258e-04
9.2774e-04
9.2431e-04
9.0196e-04
8.6891e-04
8.4768e-04
8.3176e-04
8.0977e-04
7.6900e-04
7.0810e-04
6.6774e-04
6.7172e-04
6.9024e-04
6.8108e-04
6.4293e-04
6.0126e-04
5.6249e-04
5.2677e-04
4.9699e-04
4.7300e-04
4.3833e-04
3.9716e-04
3.7122e-04
3.6030e-04
3.5133e-04
3.3771e-04
3.2168e-04
3.0905e-04
2.9186e-04
2.7172e-04
2.5506e-04
2.4088e-04
2.2867e-04
2.1907e-04
2.0731e-04
1.8725e-04
1.6017e-04
1.3895e-04
1.2574e-04
1.1069e-04
9.0677e-05
7.0569e-05
5.5251e-05
4.4906e-05
3.3318e-05
1.7683e-05
3.3570e-06
-5.0111e-06
-1.2116e-05
-2.4074e-05
-3.7358e-05
-4.6428e-05
-5.6610e-05
-7.2712e-05
-9.0696e-05
-1.0494e-04
-1.1607e-04
-1.2899e-04
-1.4444e-04
-1.5908e-04
-1.7191e-04
-1.8218e-04
-1.9080e-04
-1.9978e-04
-2.1110e-04
-2.2266e-04
-2.3179e-04
-2.3851e-04
-2.4681e-04
-2.5756e-04
-2.6638e-04
-2.7086e-04
-2.7348e-04
-2.7780e-04
-2.8360e-04
-2.8882e-04
-2.9089e-04
-2.9046e-04
-2.8994e-04
-2.8993e-04
-2.9008e-04
-2.9123e-04
-2.9302e-04
-2.9331e-04
-2.9404e-04
-2.9966e-04
-3.0952e-04
-3.1790e-04
-3.2128e-04
-3.2165e-04
-3.2291e-04
-3.2697e-04
-3.3377e-04
-3.4106e-04
-3.4671e-04
-3.5146e-04
-3.5650e-04
-3.6205e-04
-3.6781e-04
-3.7341e-04
-3.7906e-04
-3.8496e-04
-3.9090e-04
-3.9691e-04
-4.0286e-04
-4.0848e-04
-4.1379e-04
-4.1938e-04
-4.2579e-04
-4.3326e-04
-4.4079e-04
-4.4666e-04
-4.5106e-04
-4.5576e-04
-4.6179e-04
-4.6857e-04
-4.7515e-04
-4.8118e-04
-4.8671e-04
-4.9234e-04
-4.9844e-04
-5.0451e-04
-5.1032e-04
-5.1594e-04
-5.2131e-04
-5.2665e-04
-5.3209e-04
-5.3744e-04
-5.4261e-04
-5.4764e-04
-5.5252e-04
-5.5728e-04
-5.6202e-04
-5.6700e-04
-5.7224e-04
-5.7752e-04
-5.8268e-04
-5.8772e-04
-5.9275e-04
-5.9785e-04
-6.0301e-04
-6.0822e-04
-6.1343e-04
-6.1862e-04
-6.2381e-04
-6.2902e-04
-6.3423e-04
-6.3945e-04
-6.4467e-04
-6.4987e-04
-6.5501e-04
-6.6011e-04
-6.6518e-04
-6.7024e-04
-6.7526e-04
-6.8026e-04
-6.8522e-04
-6.9015e-04
-6.9506e-04
-6.9994e-04
-7.0480e-04
-7.0964e-04
-7.1446e-04
-7.1925e-04
-7.2401e-04
-7.2875e-04
-7.3347e-04
-7.3815e-04
-7.4280e-04
-7.4742e-04
-7.5202e-04
-7.5658e-04
-7.6111e-04
-7.6561e-04
-7.7008e-04
-7.7451e-04
-7.7892e-04
-7.8330e-04
-7.8764e-04
-7.9194e-04
-7.9622e-04
-8.0046e-04
-8.0467e-04
-8.0884e-04
-8.1297e-04
-8.1707e-04
-8.2114e-04
-8.2517e-04
-8.2917e-04
-8.3312e-04
-8.3705e-04
-8.4093e-04
-8.4478e-04
-8.4859e-04
-8.5236e-04
-8.5609e-04
-8.5978e-04
-8.6344e-04
-8.6706e-04
-8.7063e-04
-8.7417e-04
-8.7767e-04
-8.8113e-04
-8.8455e-04
-8.8792e-04
-8.9126e-04
-8.9455e-04
-8.9781e-04
-9.0102e-04
-9.0419e-04
-9.0731e-04
-9.1040e-04
-9.1344e-04
-9.1644e-04
-9.1939e-04
-9.2231e-04
-9.2517e-04
-9.2800e-04
-9.3078e-04
