1.6874e-03
1.6954e-03
1.7035e-03
1.7112e-03
1.7215e-03
1.7301e-03
1.7317e-03
1.7299e-03
1.7326e-03
1.7409e-03
1.7468e-03
1.7357e-03
1.7004e-03
1.7038e-03
1.7714e-03
1.8373e-03
1.8235e-03
1.7856e-03
1.7517e-03
1.7468e-03
1.7549e-03
1.7573e-03
1.7216e-03
1.6511e-03
1.6278e-03
1.6704e-03
1.7392e-03
1.7466e-03
1.7295e-03
1.7251e-03
1.7149e-03
1.6298e-03
1.5161e-03
1.5659e-03
1.7935e-03
2.0635e-03
2.1768e-03
2.1521e-03
2.1440e-03
1.9705e-03
1.4394e-03
1.0341e-03
1.0126e-03
1.1755e-03
1.2857e-03
1.2388e-03
1.2485e-03
1.2661e-03
1.3221e-03
1.5096e-03
1.5937e-03
1.6049e-03
1.2213e-03
9.0502e-04
7.0784e-04
4.6660e-04
3.8966e-04
3.8350e-04
3.6644e-04
7.2153e-04
1.2942e-03
1.6470e-03
2.1986e-03
2.1256e-03
1.8933e-03
1.9111e-03
1.8310e-03
2.1605e-03
2.4374e-03
2.0165e-03
1.6724e-03
1.2362e-03
1.0006e-03
1.0018e-03
9.7173e-04
6.6213e-04
1.3580e-04
-7.0422e-04
-1.8021e-03
-2.3282e-03
-1.6897e-03
-1.4970e-04
1.8344e-03
2.8745e-03
2.6039e-03
1.8843e-03
1.5670e-03
9.3558e-04
-6.5664e-05
-5.8247e-04
-5.3065e-04
-3.7924e-04
4.2050e-04
2.0843e-03
2.6393e-03
1.5107e-03
2.9804e-04
-4.8718e-04
-7.9324e-04
-1.9864e-04
2.6738e-04
-1.9158e-04
-8.9725e-04
-1.1252e-03
-1.0661e-03
-1.0921e-03
-1.4306e-03
-1.2952e-03
3.2469e-05
3.0051e-03
5.4697e-03
5.3370e-03
2.6889e-03
-1.5662e-03
-4.5095e-03
-4.6540e-03
-5.0749e-03
-5.9750e-03
-5.7555e-03
-3.9822e-03
-1.6545e-03
-2.5564e-04
4.0561e-04
1.4440e-03
3.0153e-03
4.5275e-03
3.2953e-03
6.7522e-04
5.1007e-06
1.7420e-03
1.4947e-03
-1.8977e-03
-5.5650e-03
-7.4283e-03
-6.9004e-03
-4.5688e-03
-3.3540e-03
-3.6080e-03
-3.8516e-03
-3.8395e-03
-3.8247e-03
-3.8459e-03
-3.8549e-03
-3.7929e-03
-2.9357e-03
-1.6668e-03
-8.7517e-04
-8.6121e-04
-9.6354e-04
-9.9294e-04
-1.7498e-03
-2.4830e-03
-2.4871e-03
-2.4109e-03
-1.1189e-03
7.4514e-04
3.7257e-04
-1.0197e-03
-7.6486e-04
7.5414e-04
1.2673e-03
-2.3534e-04
-1.3741e-03
-2.0031e-03
-1.8891e-03
6.2012e-04
3.2350e-03
3.4630e-03
2.1615e-03
1.4584e-03
-2.0734e-04
-1.3409e-03
-1.2457e-03
-1.4453e-03
-1.0977e-03
1.6223e-03
5.0903e-03
5.5976e-03
3.8033e-03
4.8658e-04
-1.4798e-03
-1.0004e-03
-3.5241e-04
-1.5307e-03
-4.5005e-03
-7.7207e-03
-8.8447e-03
-8.8337e-03
-8.0391e-03
-7.9959e-03
-6.4831e-03
-1.7872e-03
4.5737e-03
8.5057e-03
7.1168e-03
2.2390e-03
-1.6616e-03
-3.6858e-03
-3.8256e-03
-3.1491e-03
-2.2347e-03
-1.6391e-03
-5.1638e-04
4.4050e-04
-6.5898e-04
-2.9515e-03
-4.0958e-03
-2.2717e-03
4.6622e-04
1.1039e-03
5.1685e-04
-8.1766e-04
-3.1463e-03
-4.5163e-03
-3.8130e-03
-1.6586e-03
3.5239e-04
7.9772e-04
9.6949e-04
4.9031e-04
4.7696e-05
3.5646e-04
5.4138e-04
6.3910e-04
6.9378e-04
-1.5654e-04
-1.4265e-03
-2.3265e-03
-2.0145e-03
-1.7023e-03
-1.3362e-03
4.8240e-04
1.1720e-03
2.1710e-04
-3.2392e-04
1.5406e-03
4.2321e-03
6.2839e-03
8.5343e-03
7.6304e-03
2.4848e-03
-3.2973e-03
-9.0854e-03
-1.3760e-02
-1.5691e-02
-1.5639e-02
-1.3726e-02
-9.9485e-03
-4.5011e-03
4.2321e-04
2.8747e-03
3.1168e-03
3.5909e-04
-3.7871e-03
-6.3033e-03
-7.5978e-03
-7.3135e-03
-6.2741e-03
-5.2937e-03
-4.0138e-03
-3.9011e-04
4.8283e-03
1.0485e-02
1.5281e-02
1.7997e-02
1.8477e-02
1.6455e-02
1.1114e-02
3.1671e-03
-2.1079e-03
-2.5818e-03
-6.4686e-04
1.2772e-04
-6.7543e-04
-8.6384e-04
-1.1586e-03
-2.5836e-03
-6.0076e-03
-9.8050e-03
-1.0958e-02
-8.1997e-03
-4.3382e-03
-2.4632e-03
-1.4088e-03
1.4937e-04
2.6871e-03
5.0658e-03
6.1060e-03
5.2969e-03
4.2765e-03
2.9183e-03
2.3718e-04
-9.7473e-04
-1.1831e-03
-2.9564e-03
-2.1951e-03
4.9029e-04
1.7965e-03
2.2035e-03
2.5259e-03
3.2680e-03
4.7634e-03
4.1925e-03
2.4446e-03
1.5355e-03
1.5048e-03
1.5180e-03
2.4375e-03
5.0493e-03
5.7029e-03
3.0128e-03
-2.3468e-03
-8.5758e-03
-1.3237e-02
-1.6147e-02
-1.6669e-02
-1.4503e-02
-5.9562e-03
3.9495e-03
7.8849e-03
5.8304e-03
2.2121e-03
-5.9905e-04
-1.3205e-03
-2.4349e-04
1.6073e-03
3.4090e-03
4.4988e-03
3.7624e-03
4.4554e-04
-5.7995e-03
-9.6048e-03
-8.0624e-03
-2.3825e-03
4.2404e-03
7.0262e-03
4.4779e-03
-2.2993e-03
-1.2045e-02
-2.0343e-02
-2.2523e-02
-1.8073e-02
-1.0334e-02
-2.2498e-03
2.4935e-03
4.3214e-03
6.1381e-03
9.6865e-03
1.4081e-02
1.7720e-02
1.8655e-02
1.8815e-02
1.7192e-02
1.3296e-02
9.3951e-03
6.8655e-03
5.0840e-03
3.3138e-03
3.2774e-03
4.6452e-03
4.7613e-03
2.7029e-03
-1.2400e-03
-6.2990e-03
-9.8621e-03
-1.0571e-02
-9.4179e-03
-8.1158e-03
-6.9512e-03
-5.6550e-03
-4.5514e-03
-3.5663e-03
-2.7309e-03
-5.7843e-04
2.7387e-03
4.7456e-03
3.6755e-03
8.0195e-05
-2.2232e-03
-2.9078e-03
-2.9334e-03
-4.1334e-03
-4.1881e-03
-1.5385e-03
1.0051e-03
2.8680e-03
4.2402e-03
5.1533e-03
5.4088e-03
4.4001e-03
1.9251e-03
-1.2695e-03
-5.2279e-03
-9.6199e-03
-1.3643e-02
-1.3978e-02
-1.1981e-02
-9.3929e-03
-7.7241e-03
-7.8752e-03
-7.6553e-03
-5.8331e-03
-2.7608e-03
7.8827e-04
3.2209e-03
5.0333e-03
5.3279e-03
4.4631e-03
3.0836e-03
1.7405e-03
-4.1490e-04
-3.0038e-03
-3.7094e-03
-1.9020e-03
2.3465e-04
1.1316e-03
2.0714e-03
3.3497e-03
5.3775e-03
7.3817e-03
7.8928e-03
7.5086e-03
7.2519e-03
6.1403e-03
5.6643e-04
-1.1092e-02
-2.5685e-02
-3.6665e-02
-3.9236e-02
-3.4690e-02
-2.6043e-02
-1.2913e-02
-1.0616e-03
7.0588e-03
1.3672e-02
1.8618e-02
1.9822e-02
1.9501e-02
1.7226e-02
1.2196e-02
4.5846e-03
-3.5138e-03
-8.4009e-03
-9.6926e-03
-6.4377e-03
2.7082e-03
1.4333e-02
2.1379e-02
2.1884e-02
1.5595e-02
3.8450e-03
-7.3839e-03
-1.1250e-02
-7.3402e-03
3.5889e-03
1.6434e-02
2.2303e-02
2.0236e-02
1.4108e-02
8.8359e-03
4.9312e-03
2.6701e-03
2.3801e-03
2.4636e-03
1.8742e-04
-6.8075e-03
-1.7471e-02
-2.5401e-02
-2.4616e-02
-1.6237e-02
-3.0615e-03
7.7864e-03
1.1350e-02
7.1179e-03
-2.6967e-03
-1.2437e-02
-1.5744e-02
-1.3316e-02
-1.1288e-02
-1.0112e-02
-1.0752e-02
-1.4407e-02
-2.1359e-02
-3.1936e-02
-4.0858e-02
-4.0941e-02
-3.3330e-02
-2.3755e-02
-1.6111e-02
-1.4169e-02
-1.9050e-02
-2.8837e-02
-4.2621e-02
-5.7098e-02
-6.1830e-02
-5.8566e-02
-5.6830e-02
-6.0110e-02
-7.1420e-02
-9.0990e-02
-1.0396e-01
-1.0295e-01
-8.8617e-02
-6.3599e-02
-2.8834e-02
1.8240e-02
6.8877e-02
1.0447e-01
1.1895e-01
1.1640e-01
9.4980e-02
6.3367e-02
3.9713e-02
3.3034e-02
4.1447e-02
6.4657e-02
9.9270e-02
1.3067e-01
1.4898e-01
1.5098e-01
1.3806e-01
1.0564e-01
6.1294e-02
2.3586e-02
-1.2529e-02
-4.7552e-02
-6.5747e-02
-6.3698e-02
-4.3466e-02
-3.8811e-03
4.5170e-02
7.7812e-02
8.3062e-02
6.7340e-02
1.7416e-02
-6.7034e-02
-1.4042e-01
-1.5722e-01
-1.2278e-01
-5.7451e-02
7.0168e-03
4.2663e-02
4.9422e-02
4.8304e-02
4.1607e-02
1.7807e-02
-2.1669e-02
-6.2181e-02
-8.5798e-02
-9.0583e-02
-8.4787e-02
-7.5581e-02
-6.5824e-02
-5.3256e-02
-3.9387e-02
-2.9271e-02
-2.2029e-02
-7.7019e-03
1.7780e-02
4.4049e-02
5.3240e-02
4.3729e-02
2.4091e-02
8.7692e-03
5.0010e-03
4.2951e-03
-5.0779e-04
-5.7173e-03
-6.8562e-03
-4.0792e-03
1.4337e-03
8.8016e-03
1.3832e-02
1.2771e-02
7.5035e-03
3.1523e-03
3.7275e-03
7.7851e-03
9.9049e-03
4.9928e-03
-4.8646e-03
-8.7798e-03
3.5315e-03
3.2495e-02
5.9695e-02
7.2298e-02
7.5070e-02
7.2536e-02
6.0313e-02
3.5953e-02
1.4400e-02
1.5255e-02
4.3541e-02
8.3162e-02
1.0755e-01
1.0676e-01
9.0660e-02
6.7800e-02
4.6167e-02
2.7919e-02
8.5250e-03
-1.0044e-02
-2.4583e-02
-3.4426e-02
-4.7269e-02
-7.0572e-02
-9.0763e-02
-9.3176e-02
-7.9168e-02
-5.4535e-02
-2.8951e-02
-1.2590e-02
-9.2431e-03
-2.0226e-02
-3.9745e-02
-5.3135e-02
-4.7720e-02
-1.1245e-02
4.3013e-02
7.3043e-02
7.5784e-02
6.9518e-02
4.6231e-02
-5.0198e-03
-5.4609e-02
-8.0717e-02
-8.3442e-02
-6.8249e-02
-3.7636e-02
1.0097e-03
3.9353e-02
8.6616e-02
1.3750e-01
1.7513e-01
1.8695e-01
1.7197e-01
1.2770e-01
6.5316e-02
1.5128e-02
-3.1641e-03
3.2891e-03
2.4880e-02
5.3707e-02
7.6024e-02
8.4331e-02
8.5138e-02
8.3697e-02
7.5768e-02
5.2198e-02
6.9239e-03
-4.8449e-02
-9.6895e-02
-1.1656e-01
-1.0631e-01
-7.2851e-02
-2.2633e-02
1.0904e-02
1.5285e-02
9.0710e-03
3.2097e-03
-5.7875e-03
-2.6870e-02
-6.0092e-02
-9.2728e-02
-1.0637e-01
-1.0284e-01
-9.4356e-02
-8.6727e-02
-7.8567e-02
-6.8688e-02
-4.8940e-02
-4.3074e-03
5.1818e-02
1.0252e-01
1.2753e-01
1.0238e-01
3.9294e-02
-2.5913e-02
-6.6271e-02
-7.4262e-02
-6.9160e-02
-6.6120e-02
-6.4968e-02
-6.1925e-02
-5.6950e-02
-4.6148e-02
-2.3914e-02
1.0044e-02
3.8459e-02
4.7323e-02
4.2985e-02
3.2087e-02
1.2808e-02
-1.3363e-02
-3.9108e-02
-5.5424e-02
-5.6194e-02
-3.8086e-02
-8.9629e-03
2.1163e-02
4.4696e-02
5.6481e-02
5.8566e-02
4.8097e-02
1.2305e-02
-4.1716e-02
-7.7263e-02
-8.1974e-02
-7.1195e-02
-5.8994e-02
-5.0988e-02
-4.4317e-02
-3.3491e-02
-1.6482e-02
2.9288e-03
1.6090e-02
1.6944e-02
6.5846e-03
-5.0619e-03
-5.9310e-03
4.9011e-03
2.1587e-02
3.3282e-02
3.2835e-02
2.2870e-02
1.3046e-02
1.5631e-02
3.1858e-02
5.4210e-02
7.5047e-02
8.5382e-02
8.5091e-02
8.0639e-02
7.2353e-02
5.9077e-02
4.2516e-02
2.2689e-02
2.4265e-03
-1.8719e-02
-4.3554e-02
-6.2318e-02
-6.6236e-02
-5.9392e-02
-4.8513e-02
-3.8572e-02
-2.7560e-02
-1.4887e-02
-8.4156e-03
-1.3972e-02
-2.8534e-02
-4.6541e-02
-5.9248e-02
-6.2649e-02
-5.8278e-02
-4.4768e-02
-2.3435e-02
3.3482e-03
3.0309e-02
5.1950e-02
6.7855e-02
7.9893e-02
8.6395e-02
8.6346e-02
7.6750e-02
5.0564e-02
1.6379e-02
-1.0172e-02
-2.3863e-02
-2.5995e-02
-2.6036e-02
-2.5508e-02
-2.4765e-02
-2.8254e-02
-3.8154e-02
-5.1709e-02
-6.1198e-02
-5.7921e-02
-3.5969e-02
5.3344e-03
3.5187e-02
2.8457e-02
-8.3810e-03
-5.0208e-02
-7.4636e-02
-8.7980e-02
-1.0599e-01
-1.2724e-01
-1.4415e-01
-1.5275e-01
-1.5224e-01
-1.4561e-01
-1.3214e-01
-1.0790e-01
-6.8680e-02
-2.5227e-02
1.5281e-02
5.3077e-02
9.1595e-02
1.1432e-01
1.1662e-01
1.1163e-01
1.1212e-01
1.2293e-01
1.4296e-01
1.6009e-01
1.6013e-01
1.2546e-01
5.3816e-02
-2.4644e-02
-7.4029e-02
-7.9930e-02
-5.1130e-02
5.6737e-03
7.3399e-02
1.2842e-01
1.5615e-01
1.6122e-01
1.4563e-01
1.1496e-01
9.4178e-02
9.8446e-02
1.1547e-01
1.2506e-01
1.1359e-01
7.4828e-02
1.3277e-02
-5.0018e-02
-1.0891e-01
-1.6374e-01
-1.9275e-01
-1.9019e-01
-1.6206e-01
-1.2771e-01
-1.0756e-01
-1.0916e-01
-1.2073e-01
-1.3753e-01
-1.6274e-01
-1.8048e-01
-1.8153e-01
-1.6293e-01
-1.0947e-01
-3.5925e-02
3.5261e-02
9.8377e-02
1.3259e-01
1.2750e-01
9.8883e-02
6.4511e-02
4.1084e-02
3.1689e-02
2.8557e-02
2.1531e-02
1.1608e-02
1.0569e-02
2.7420e-02
6.0536e-02
8.4990e-02
8.1689e-02
4.4540e-02
-1.1502e-02
-5.3488e-02
-5.9708e-02
-4.1553e-02
-1.7043e-02
-8.1410e-04
6.9401e-03
1.6972e-02
3.3793e-02
5.3369e-02
6.2652e-02
5.7172e-02
4.0240e-02
2.1191e-02
1.7098e-02
3.2440e-02
6.3207e-02
8.3936e-02
7.1911e-02
1.7310e-02
-5.4490e-02
-1.1364e-01
-1.3611e-01
-1.1321e-01
-5.3776e-02
1.3567e-02
6.4760e-02
7.4607e-02
4.4631e-02
-6.6449e-03
-5.8256e-02
-1.0544e-01
-1.3620e-01
-1.4398e-01
-1.2628e-01
-8.4095e-02
-3.6285e-02
-4.6939e-03
2.9429e-03
-8.0528e-03
-3.1206e-02
-4.6296e-02
-4.0497e-02
-8.3304e-03
4.3331e-02
8.3157e-02
8.7101e-02
6.6948e-02
4.3784e-02
3.3623e-02
3.8063e-02
5.0292e-02
6.5663e-02
8.1821e-02
9.4205e-02
9.9146e-02
8.9279e-02
4.9001e-02
-6.5851e-03
-5.5569e-02
-7.7583e-02
-7.5987e-02
-6.6295e-02
-5.2238e-02
-3.2830e-02
-1.3127e-02
-5.7191e-03
-1.9413e-02
-4.6003e-02
-5.8891e-02
-4.2914e-02
2.0510e-03
5.4230e-02
9.9859e-02
1.2283e-01
1.1652e-01
8.5243e-02
3.6189e-02
-1.2826e-02
-5.8932e-02
-9.5215e-02
-1.0493e-01
-8.7151e-02
-4.8122e-02
-8.7091e-04
4.3617e-02
7.2526e-02
8.1381e-02
7.7805e-02
6.0284e-02
1.6377e-02
-2.9997e-02
-4.8092e-02
-4.3795e-02
-3.1665e-02
-2.0142e-02
-1.1067e-02
-2.1229e-03
2.2181e-03
-8.9072e-03
-4.4762e-02
-9.3695e-02
-1.3044e-01
-1.4231e-01
-1.3526e-01
-1.1805e-01
-1.0438e-01
-1.0153e-01
-1.0225e-01
-9.8272e-02
-7.9991e-02
-2.5553e-02
5.0117e-02
1.2279e-01
1.9153e-01
2.4209e-01
2.4833e-01
2.1839e-01
1.6815e-01
1.1327e-01
7.0678e-02
5.1840e-02
4.9398e-02
5.3318e-02
6.2175e-02
7.4602e-02
8.2063e-02
8.0132e-02
7.3195e-02
6.7083e-02
6.3104e-02
5.8114e-02
3.9406e-02
-1.2532e-02
-8.3386e-02
-1.4786e-01
-1.8769e-01
-2.0871e-01
-2.3221e-01
-2.5677e-01
-2.7409e-01
-2.8909e-01
-2.9758e-01
-2.9145e-01
-2.7219e-01
-2.3766e-01
-1.9136e-01
-1.2529e-01
-3.6872e-02
1.3608e-02
9.1158e-03
-1.4398e-02
-2.8847e-02
-2.6054e-02
-9.9375e-03
1.8170e-03
-7.0083e-03
-3.7505e-02
-7.9412e-02
-1.0932e-01
-1.2349e-01
-1.3875e-01
-1.6890e-01
-2.0675e-01
-2.2075e-01
-1.8201e-01
-9.3583e-02
7.6308e-03
1.0402e-01
1.9720e-01
2.8486e-01
3.3044e-01
3.3179e-01
3.2570e-01
3.2749e-01
3.3729e-01
3.5583e-01
3.7235e-01
3.7403e-01
3.5990e-01
3.2514e-01
2.8322e-01
2.5552e-01
2.4320e-01
2.1970e-01
1.6537e-01
9.7908e-02
4.6358e-02
2.7100e-02
3.0517e-02
4.9736e-02
7.5577e-02
9.5711e-02
1.2187e-01
1.5868e-01
1.7611e-01
1.6015e-01
9.3932e-02
-2.9466e-03
-7.5577e-02
-8.9440e-02
-7.0015e-02
-3.5232e-02
1.2744e-02
4.9824e-02
6.0545e-02
5.7679e-02
5.2807e-02
4.8539e-02
4.5126e-02
4.2366e-02
4.1005e-02
4.0097e-02
3.8952e-02
4.1816e-02
4.7675e-02
4.1202e-02
-4.7751e-03
-7.7254e-02
-1.4486e-01
-2.0815e-01
-2.6682e-01
-3.0593e-01
-3.3863e-01
-3.6587e-01
-3.7266e-01
-3.5229e-01
-2.8679e-01
-1.9390e-01
-1.0617e-01
-3.6964e-02
-1.1918e-02
-1.8897e-02
-2.8596e-02
-2.6654e-02
1.5790e-03
4.3502e-02
5.4487e-02
1.9963e-02
-5.0642e-02
-1.0574e-01
-1.1121e-01
-6.8330e-02
2.0118e-02
9.0712e-02
1.0528e-01
9.2010e-02
6.4348e-02
1.2466e-02
-6.0315e-02
-1.3522e-01
-1.8715e-01
-2.0039e-01
-1.8371e-01
-9.1009e-02
1.1397e-01
3.2609e-01
4.1659e-01
4.2353e-01
4.2300e-01
4.1697e-01
3.8804e-01
3.1793e-01
2.1715e-01
1.1515e-01
1.7291e-02
-7.2568e-02
-1.2077e-01
-1.3451e-01
-1.3135e-01
-1.1322e-01
-7.9463e-02
-3.8533e-02
-6.5295e-03
5.5130e-03
-3.4942e-03
-3.8002e-02
-8.7767e-02
-1.2382e-01
-1.3495e-01
-1.2846e-01
-9.7013e-02
-4.0238e-02
-8.0065e-03
-1.9145e-02
-7.3531e-02
-1.3855e-01
-1.6197e-01
-1.5052e-01
-1.0839e-01
-3.8790e-02
1.8278e-02
3.5112e-02
2.9015e-02
1.1684e-02
-1.2369e-02
-2.3571e-02
-1.2860e-02
1.9939e-02
7.8501e-02
1.3206e-01
1.5518e-01
1.5671e-01
1.5396e-01
1.4865e-01
1.3367e-01
1.0039e-01
5.0912e-02
-2.6783e-03
-5.2377e-02
-1.0345e-01
-1.5225e-01
-1.8629e-01
-2.0159e-01
-1.9999e-01
-1.9125e-01
-1.7388e-01
-1.1093e-01
-1.1191e-02
4.8711e-02
3.4596e-02
-1.2291e-02
-5.5706e-02
-9.7515e-02
-1.3393e-01
-1.4563e-01
-1.3705e-01
-1.2021e-01
-1.0493e-01
-9.6098e-02
-8.6390e-02
-7.3790e-02
-6.7452e-02
-6.9913e-02
-7.4086e-02
-7.1436e-02
-5.4925e-02
-2.9324e-02
-1.2129e-02
-1.6248e-02
-3.7691e-02
-6.2670e-02
-7.9072e-02
-8.4396e-02
-8.1696e-02
-7.3359e-02
-5.8697e-02
-4.1437e-02
-2.4611e-02
-7.9011e-03
8.4299e-03
1.9109e-02
1.9950e-02
1.3992e-02
7.0535e-03
5.2950e-03
6.5799e-03
6.8524e-03
6.9988e-03
1.3844e-02
3.7343e-02
6.8882e-02
9.8669e-02
1.2041e-01
1.1855e-01
9.7161e-02
7.3339e-02
5.1688e-02
2.8339e-02
-1.2745e-02
-6.5619e-02
-9.3171e-02
-9.2482e-02
-8.2423e-02
-5.2269e-02
4.3008e-03
4.9826e-02
5.8848e-02
5.2713e-02
3.9689e-02
1.9969e-02
4.2135e-03
-6.8878e-04
4.4045e-03
1.5045e-02
2.7899e-02
3.8958e-02
4.0821e-02
3.1872e-02
1.9867e-02
7.1509e-03
-3.7234e-03
-7.3062e-03
-9.7521e-03
-1.6637e-02
-2.7864e-02
-3.7160e-02
-3.6413e-02
-2.4233e-02
-7.8890e-03
7.3255e-03
1.9939e-02
2.3905e-02
2.2646e-02
2.2191e-02
2.2220e-02
1.8638e-02
4.4584e-03
-1.6415e-02
-3.6740e-02
-4.8986e-02
-4.8008e-02
-3.3149e-02
-1.0119e-02
1.2634e-02
3.4006e-02
4.9373e-02
5.1058e-02
4.0899e-02
2.0364e-02
-2.2373e-03
-2.3449e-02
-4.4478e-02
-6.2946e-02
-7.4778e-02
-7.9000e-02
-7.2936e-02
-4.2642e-02
6.6489e-03
5.4626e-02
1.0001e-01
1.4119e-01
1.5508e-01
1.4221e-01
1.2165e-01
1.0953e-01
1.0622e-01
1.0483e-01
9.9551e-02
8.8137e-02
7.3892e-02
5.6381e-02
3.1246e-02
2.3173e-03
-2.5458e-02
-5.0477e-02
-6.0323e-02
-4.4896e-02
-1.1567e-03
5.1931e-02
9.8714e-02
1.2183e-01
1.1052e-01
7.9161e-02
3.7653e-02
-6.2552e-03
-4.1488e-02
-5.3561e-02
-4.7616e-02
-2.2074e-02
2.3020e-02
6.9911e-02
9.8461e-02
1.0201e-01
9.4635e-02
8.6785e-02
7.9743e-02
7.0946e-02
5.6145e-02
4.1594e-02
3.3174e-02
2.6391e-02
1.5825e-02
-1.4096e-03
-2.1464e-02
-3.2475e-02
-3.0993e-02
-2.0674e-02
-9.8643e-03
-7.7288e-03
-1.5227e-02
-2.7512e-02
-3.9635e-02
-4.8006e-02
-4.9079e-02
-4.1961e-02
-1.9320e-02
2.1557e-02
6.5146e-02
1.0098e-01
1.1484e-01
1.0420e-01
7.5905e-02
4.3379e-02
2.5749e-02
1.9951e-02
1.3205e-02
1.1096e-03
-2.0816e-02
-5.2523e-02
-8.6527e-02
-1.1197e-01
-1.2140e-01
-1.1418e-01
-8.2887e-02
-2.9799e-02
2.4547e-02
6.9981e-02
9.2915e-02
9.5145e-02
9.1720e-02
8.8638e-02
8.7163e-02
8.8207e-02
9.1565e-02
9.3838e-02
9.1688e-02
8.3577e-02
6.7640e-02
4.3533e-02
1.5109e-02
-9.3765e-03
-2.6027e-02
-3.3234e-02
-3.1830e-02
-2.2895e-02
-6.8400e-03
8.9224e-03
1.5522e-02
1.5077e-02
1.2262e-02
7.8641e-03
-2.3788e-04
-1.5252e-02
-4.0572e-02
-6.9603e-02
-9.2045e-02
-1.0443e-01
-1.0964e-01
-1.1505e-01
-1.2376e-01
-1.3120e-01
-1.3386e-01
-1.3112e-01
-1.2631e-01
-1.2199e-01
-1.1824e-01
-1.1358e-01
-1.0820e-01
-1.0480e-01
-1.0445e-01
-1.0702e-01
-1.1106e-01
-1.1348e-01
-1.1037e-01
-1.0190e-01
-8.8726e-02
-7.1642e-02
-5.4345e-02
-3.8960e-02
-2.4310e-02
-8.7208e-03
3.7866e-03
6.2353e-03
-2.1391e-03
-1.6697e-02
-2.8119e-02
-3.1641e-02
-3.0329e-02
-3.0525e-02
-3.5826e-02
-4.7251e-02
-6.1688e-02
-7.3371e-02
-7.7763e-02
-7.4262e-02
-6.5014e-02
-4.9448e-02
-2.5073e-02
6.4311e-03
4.0132e-02
6.8270e-02
8.2009e-02
7.9085e-02
5.9494e-02
2.9215e-02
9.8780e-03
1.2301e-02
3.1612e-02
6.2895e-02
9.0031e-02
1.0164e-01
1.0036e-01
8.9940e-02
7.2771e-02
5.6192e-02
4.8109e-02
4.8874e-02
5.6621e-02
7.2181e-02
9.2620e-02
1.1160e-01
1.2734e-01
1.3908e-01
1.4524e-01
1.4737e-01
1.4810e-01
1.4905e-01
1.5020e-01
1.5254e-01
1.5503e-01
1.5479e-01
1.5111e-01
1.4473e-01
1.3755e-01
1.3174e-01
1.2539e-01
1.1448e-01
9.2741e-02
5.9946e-02
2.3639e-02
-5.9086e-03
-3.0023e-02
-4.9644e-02
-5.9084e-02
-5.7246e-02
-4.4813e-02
-2.2291e-02
2.9249e-03
1.9904e-02
2.5979e-02
2.2091e-02
7.1944e-03
-2.2723e-02
-5.5354e-02
-7.8128e-02
-8.9268e-02
-9.2424e-02
-9.0901e-02
-8.7201e-02
-8.3326e-02
-8.0512e-02
-7.8149e-02
-7.4293e-02
-6.5058e-02
-4.8896e-02
-3.1128e-02
-2.0291e-02
-2.2275e-02
-3.8820e-02
-6.9455e-02
-1.0744e-01
-1.3514e-01
-1.4417e-01
-1.3892e-01
-1.1966e-01
-8.7410e-02
-4.7722e-02
-7.6239e-03
2.5540e-02
4.9603e-02
6.2023e-02
6.3829e-02
5.8893e-02
4.6667e-02
2.5132e-02
-3.1856e-03
-3.4613e-02
-6.3147e-02
-8.0784e-02
-8.9447e-02
-9.1798e-02
-8.4315e-02
-6.1147e-02
-2.8434e-02
-5.9169e-03
1.1515e-03
-3.1868e-03
-1.3288e-02
-2.2167e-02
-2.5240e-02
-2.3130e-02
-2.0596e-02
-2.2968e-02
-3.1097e-02
-4.4445e-02
-5.7588e-02
-6.3040e-02
-6.1402e-02
-5.5083e-02
-3.9801e-02
-9.4225e-03
3.3600e-02
7.6945e-02
1.0124e-01
1.0169e-01
8.4743e-02
4.8975e-02
4.5790e-03
-2.9191e-02
-3.8780e-02
-2.9180e-02
-3.0025e-03
3.7915e-02
7.8186e-02
9.9786e-02
1.0385e-01
9.8810e-02
8.7564e-02
7.2695e-02
5.8182e-02
4.0225e-02
1.4632e-02
-1.8531e-02
-4.8152e-02
-6.8088e-02
-7.5871e-02
-7.3395e-02
-6.4852e-02
-5.4838e-02
-4.7467e-02
-4.2462e-02
-3.5876e-02
-2.5388e-02
-1.2531e-02
-3.1402e-03
2.8477e-03
1.1001e-02
2.3274e-02
3.2069e-02
3.0556e-02
1.7158e-02
-6.8933e-03
-3.7485e-02
-6.1635e-02
-6.9669e-02
-6.5050e-02
-5.0708e-02
-3.4692e-02
-2.5595e-02
-2.2721e-02
-1.8744e-02
-8.5788e-03
8.1573e-03
2.4356e-02
3.1927e-02
3.1832e-02
2.8737e-02
2.3291e-02
1.5859e-02
6.0442e-03
-7.1947e-03
-1.9148e-02
-2.4128e-02
-1.9839e-02
-8.7644e-03
4.1352e-03
1.3542e-02
1.9590e-02
2.4032e-02
2.9206e-02
3.5931e-02
4.0862e-02
4.0373e-02
3.5020e-02
2.5538e-02
1.4747e-02
6.5247e-03
3.8478e-03
6.2495e-03
1.0023e-02
1.1206e-02
1.0762e-02
1.1433e-02
1.5023e-02
2.2056e-02
3.0921e-02
3.8319e-02
4.3791e-02
5.0213e-02
5.7994e-02
6.5131e-02
6.8357e-02
6.7653e-02
6.4166e-02
5.6199e-02
4.4290e-02
3.3726e-02
2.6606e-02
2.2656e-02
2.0773e-02
1.9578e-02
1.7948e-02
1.5383e-02
1.2465e-02
1.0329e-02
1.1244e-02
1.4700e-02
2.1662e-02
3.5023e-02
5.2648e-02
6.2982e-02
5.9186e-02
3.2363e-02
-1.5374e-02
-6.4589e-02
-1.0589e-01
-1.2898e-01
-1.3045e-01
-1.2158e-01
-1.0417e-01
-8.1983e-02
-6.0316e-02
-4.1796e-02
-2.8125e-02
-2.3933e-02
-2.6364e-02
-3.3120e-02
-4.3003e-02
-5.3054e-02
-6.3005e-02
-7.3641e-02
-8.0858e-02
-8.1752e-02
-7.7911e-02
-7.1995e-02
-6.3034e-02
-5.2383e-02
-4.2363e-02
-3.4955e-02
-3.0873e-02
-2.8770e-02
-2.7628e-02
-2.7985e-02
-3.0914e-02
-3.9664e-02
-5.3963e-02
-6.9088e-02
-7.9807e-02
-8.2972e-02
-7.7573e-02
-6.6099e-02
-5.1092e-02
-3.7209e-02
-2.6674e-02
-1.6784e-02
-7.3137e-03
-7.3495e-04
1.1685e-03
-1.5832e-04
-2.7745e-03
-5.6241e-03
-6.8416e-03
-5.1360e-03
-2.7709e-03
-2.8051e-03
-5.2574e-03
-1.0550e-02
-1.8724e-02
-2.5663e-02
-2.8896e-02
-2.7173e-02
-1.9781e-02
-7.9879e-03
4.5169e-03
1.3939e-02
2.0840e-02
2.6809e-02
3.2985e-02
3.7353e-02
3.6464e-02
3.1387e-02
2.2313e-02
1.2071e-02
4.5216e-03
1.6280e-03
3.8803e-04
2.8413e-04
1.5399e-03
2.2454e-03
3.0072e-03
2.4835e-03
1.9308e-03
3.7833e-03
5.1736e-03
5.0008e-03
6.5363e-03
1.0807e-02
1.7445e-02
2.4859e-02
2.8106e-02
2.1845e-02
6.8698e-03
-1.1132e-02
-2.8564e-02
-4.0095e-02
-4.2942e-02
-3.5157e-02
-1.2697e-02
1.9967e-02
5.0716e-02
6.8817e-02
7.3070e-02
6.9145e-02
6.0001e-02
4.7309e-02
3.4960e-02
3.0278e-02
3.2725e-02
3.8137e-02
4.2602e-02
4.5949e-02
4.8146e-02
4.8818e-02
4.9650e-02
5.0313e-02
5.0285e-02
4.7066e-02
3.9703e-02
2.8051e-02
1.4200e-02
1.9292e-03
-6.0944e-03
-9.4487e-03
-8.6586e-03
-4.9833e-03
2.0785e-03
1.1979e-02
2.3352e-02
3.5699e-02
4.6088e-02
5.2912e-02
5.7211e-02
6.0067e-02
6.1386e-02
6.1841e-02
6.1967e-02
6.2977e-02
6.3660e-02
6.3557e-02
6.4060e-02
6.4953e-02
6.4974e-02
6.4698e-02
6.3695e-02
6.0846e-02
5.7349e-02
5.4226e-02
5.3288e-02
5.4276e-02
5.5973e-02
5.7321e-02
5.8865e-02
5.9832e-02
5.9743e-02
5.8155e-02
5.2661e-02
4.6852e-02
4.3596e-02
4.0377e-02
3.4920e-02
2.5988e-02
1.4524e-02
4.0940e-03
1.1234e-03
7.0071e-03
1.8073e-02
2.9380e-02
3.8055e-02
4.3344e-02
4.5712e-02
4.5052e-02
4.0062e-02
2.8929e-02
1.3331e-02
-3.4963e-03
-1.6707e-02
-2.4331e-02
-2.8779e-02
-3.2122e-02
-3.4455e-02
-3.7214e-02
-4.1228e-02
-4.7108e-02
-5.3115e-02
-5.8155e-02
-6.0973e-02
-6.1096e-02
-5.9048e-02
-5.3848e-02
-4.2540e-02
-2.4248e-02
-6.2663e-03
2.1256e-03
1.3606e-03
-5.4743e-03
-1.9198e-02
-3.7774e-02
-5.4089e-02
-6.3316e-02
-6.4761e-02
-6.0770e-02
-5.3491e-02
-4.4091e-02
-3.5786e-02
-3.2314e-02
-3.1887e-02
-3.0403e-02
-2.7436e-02
-2.2266e-02
-1.7669e-02
-1.5898e-02
-1.7404e-02
-2.1507e-02
-2.6055e-02
-2.9873e-02
-3.5944e-02
-4.6798e-02
-6.1055e-02
-7.4745e-02
-8.2978e-02
-8.4833e-02
-8.1912e-02
-7.6152e-02
-7.0639e-02
-6.7038e-02
-6.5553e-02
-6.5599e-02
-6.7624e-02
-7.1497e-02
-7.5315e-02
-7.6752e-02
-7.4333e-02
-6.9491e-02
-6.1452e-02
-5.2650e-02
-4.3170e-02
-3.1588e-02
-1.4881e-02
5.0422e-03
2.3836e-02
4.1129e-02
5.5594e-02
6.6237e-02
7.1903e-02
7.1017e-02
6.4047e-02
5.3491e-02
4.0029e-02
3.1106e-02
3.0360e-02
3.4749e-02
4.2484e-02
4.9400e-02
5.1706e-02
4.8190e-02
3.9110e-02
3.2151e-02
2.9413e-02
3.0532e-02
3.3737e-02
3.6264e-02
3.7807e-02
3.9639e-02
4.0289e-02
3.9935e-02
3.9488e-02
3.7372e-02
3.2667e-02
2.6852e-02
2.1636e-02
1.7277e-02
1.3361e-02
9.2745e-03
7.3434e-03
7.6078e-03
8.0621e-03
8.8771e-03
8.8866e-03
7.8194e-03
7.3593e-03
7.4933e-03
8.8409e-03
1.1573e-02
1.3503e-02
1.3414e-02
1.1263e-02
1.0243e-02
1.0508e-02
9.9975e-03
5.4037e-03
-4.3774e-03
-1.8745e-02
-3.2088e-02
-3.7715e-02
-3.7050e-02
-3.2625e-02
-2.3918e-02
-1.3612e-02
-6.4647e-03
-3.8746e-03
-4.1417e-03
-6.4559e-03
-9.7684e-03
-1.1452e-02
-1.0810e-02
-8.0550e-03
-8.3422e-04
1.0580e-02
2.0772e-02
2.5742e-02
2.4298e-02
1.7559e-02
9.1813e-03
3.7442e-03
8.7562e-04
-6.7148e-04
-2.5803e-03
-4.5467e-03
-5.0898e-03
-5.0657e-03
-4.0804e-03
-1.1703e-03
3.7279e-03
9.8559e-03
1.4142e-02
1.5568e-02
1.3982e-02
9.7498e-03
2.3177e-03
-7.7821e-03
-1.6341e-02
-2.0389e-02
-2.0924e-02
-1.8395e-02
-1.2666e-02
-4.3831e-03
5.0886e-03
1.2503e-02
1.5449e-02
1.5284e-02
1.2836e-02
7.5025e-03
-8.3332e-05
-7.6734e-03
-1.4907e-02
-2.1237e-02
-2.5460e-02
-2.6543e-02
-2.5923e-02
-2.4652e-02
-2.3666e-02
-2.3257e-02
-2.3858e-02
-2.4918e-02
-2.7056e-02
-3.1008e-02
-3.4906e-02
-3.7727e-02
-3.8593e-02
-3.6570e-02
-2.9303e-02
-1.5448e-02
6.5018e-04
9.8810e-03
9.9128e-03
3.4099e-03
-7.6973e-03
-1.9662e-02
-2.6125e-02
-2.5514e-02
-2.0227e-02
-1.1762e-02
-2.8043e-04
1.3440e-02
2.5215e-02
3.1502e-02
3.1074e-02
2.3394e-02
9.2248e-03
-5.3636e-03
-1.3534e-02
-1.4545e-02
-1.2152e-02
-9.3022e-03
-6.7602e-03
-6.0871e-03
-7.5732e-03
-1.3307e-02
-2.2537e-02
-3.1998e-02
-3.7586e-02
-3.7558e-02
-3.3351e-02
-2.4597e-02
-1.4546e-02
-8.9826e-03
-1.1849e-02
-2.3526e-02
-4.0980e-02
-5.9084e-02
-7.0543e-02
-7.3205e-02
-6.9765e-02
-6.2419e-02
-4.9872e-02
-3.6655e-02
-2.5256e-02
-1.6847e-02
-1.3208e-02
-1.3255e-02
-1.4666e-02
-1.7495e-02
-1.9928e-02
-2.0559e-02
-1.9936e-02
-1.9785e-02
-2.0855e-02
-2.0939e-02
-1.7837e-02
-1.1753e-02
-2.7607e-03
1.0863e-02
2.4824e-02
3.2792e-02
3.4879e-02
3.3445e-02
3.0773e-02
2.6749e-02
2.1607e-02
1.5552e-02
8.5545e-03
2.6618e-03
-5.2111e-04
1.2093e-03
9.2760e-03
2.1503e-02
3.6064e-02
4.7283e-02
5.3285e-02
5.4846e-02
5.2094e-02
4.5572e-02
3.4423e-02
2.3041e-02
1.3967e-02
8.9410e-03
7.9160e-03
9.7094e-03
1.2524e-02
1.6011e-02
1.9210e-02
2.2033e-02
2.5007e-02
2.8316e-02
3.1367e-02
3.2171e-02
2.9739e-02
2.6225e-02
2.2943e-02
1.9646e-02
1.6170e-02
1.2197e-02
7.3261e-03
4.4394e-03
6.5826e-03
1.1165e-02
1.7492e-02
2.5268e-02
3.2998e-02
3.6867e-02
3.7496e-02
3.6668e-02
3.3783e-02
2.5406e-02
1.6285e-02
9.9228e-03
6.4632e-03
5.7235e-03
6.8932e-03
8.7268e-03
1.1938e-02
1.5840e-02
1.9196e-02
2.1161e-02
2.1077e-02
2.0245e-02
2.1097e-02
2.1749e-02
2.1536e-02
2.0054e-02
1.7373e-02
1.4207e-02
1.1368e-02
9.1135e-03
7.4391e-03
5.5428e-03
3.2292e-03
7.2720e-05
-4.4849e-03
-8.2199e-03
-1.0047e-02
-8.4748e-03
-4.2721e-03
3.0954e-03
1.2310e-02
1.7907e-02
1.8396e-02
1.7106e-02
1.4949e-02
1.1969e-02
8.0266e-03
2.8644e-03
-2.5219e-03
-6.7829e-03
-8.0228e-03
-6.4229e-03
-3.5064e-03
8.3782e-04
7.5687e-03
1.5547e-02
2.2983e-02
2.8024e-02
3.0728e-02
3.1497e-02
3.0465e-02
2.7949e-02
2.3183e-02
1.7760e-02
1.3247e-02
1.1134e-02
1.2418e-02
1.5346e-02
1.8678e-02
2.3469e-02
2.8861e-02
3.2768e-02
3.3383e-02
3.0127e-02
2.5380e-02
2.1591e-02
1.8671e-02
1.5645e-02
1.2631e-02
9.6626e-03
6.6986e-03
4.5961e-03
3.2661e-03
1.6985e-03
1.9136e-03
4.2390e-03
7.0324e-03
9.2243e-03
9.7125e-03
8.8299e-03
6.3604e-03
8.7415e-04
-5.1092e-03
-1.0596e-02
-1.4787e-02
-1.7511e-02
-1.8069e-02
-1.7760e-02
-1.7749e-02
-1.7182e-02
-1.4485e-02
-1.0497e-02
-5.9624e-03
-1.9247e-03
4.2477e-04
7.6264e-04
-5.9041e-04
-2.0773e-03
-2.4023e-03
-6.0942e-04
3.1771e-03
8.4662e-03
1.5431e-02
2.0238e-02
2.0897e-02
1.7785e-02
1.1650e-02
1.2404e-03
-9.6984e-03
-1.6083e-02
-1.8372e-02
-1.8796e-02
-1.9545e-02
-2.1350e-02
-2.2198e-02
-2.2087e-02
-2.3096e-02
-2.5706e-02
-2.8147e-02
-2.8558e-02
-2.7205e-02
-2.5292e-02
-2.3704e-02
-2.4378e-02
-2.7365e-02
-3.1775e-02
-3.6822e-02
-3.6995e-02
-3.0833e-02
-2.8566e-02
-3.0369e-02
-3.2884e-02
-3.6428e-02
-3.9076e-02
-3.8824e-02
-3.6577e-02
-3.2622e-02
-2.7260e-02
-2.2102e-02
-1.7803e-02
-1.4714e-02
-1.3199e-02
-1.2729e-02
-1.3277e-02
-1.3175e-02
-1.2350e-02
-1.1815e-02
-1.1888e-02
-1.1969e-02
-1.1253e-02
-8.6086e-03
-5.9100e-03
-5.7430e-03
-8.7174e-03
-1.3341e-02
-1.7415e-02
-1.8982e-02
-1.9806e-02
-2.1586e-02
-2.1589e-02
-2.0339e-02
-1.9408e-02
-1.7814e-02
-1.8311e-02
-2.0342e-02
-2.3080e-02
-2.5326e-02
-2.5017e-02
-2.4384e-02
-2.4295e-02
-2.4482e-02
-2.4338e-02
-2.4154e-02
-2.4682e-02
-2.4397e-02
-2.3283e-02
-2.1013e-02
-2.3188e-02
-2.5177e-02
-2.4071e-02
-2.4772e-02
-2.6536e-02
-2.5357e-02
-2.1891e-02
-1.7719e-02
-1.3996e-02
-1.1250e-02
-9.3539e-03
-7.3184e-03
-5.4253e-03
-4.4812e-03
-3.6009e-03
-2.4977e-03
-1.2299e-03
1.4693e-03
5.1008e-03
7.0324e-03
7.2874e-03
5.4689e-03
1.2940e-03
-1.5730e-03
-2.3586e-03
-3.8613e-03
-3.3508e-03
7.0644e-05
3.9744e-03
8.0664e-03
1.2364e-02
1.4938e-02
1.5492e-02
1.4417e-02
1.3528e-02
1.0396e-02
7.4793e-03
7.7780e-03
1.0664e-02
1.4797e-02
1.9384e-02
2.2656e-02
2.3999e-02
2.5124e-02
2.6836e-02
2.8735e-02
3.0334e-02
3.2401e-02
3.5556e-02
3.8809e-02
3.9627e-02
3.8994e-02
3.6634e-02
3.2014e-02
2.7020e-02
2.3335e-02
2.1588e-02
2.2966e-02
2.5278e-02
2.7471e-02
2.9524e-02
2.9573e-02
2.7437e-02
2.3319e-02
1.7760e-02
1.1391e-02
5.3715e-03
1.5754e-03
5.4439e-04
-2.2423e-04
-2.7973e-03
-5.4187e-03
-5.7535e-03
-5.9994e-03
-6.5635e-03
-5.4749e-03
-3.3311e-03
-3.9004e-03
-7.6255e-03
-1.3267e-02
-1.9186e-02
-2.4605e-02
-2.5755e-02
-2.5177e-02
-2.6300e-02
-2.6077e-02
-2.1412e-02
-1.8012e-02
-1.9012e-02
-1.9875e-02
-1.8943e-02
-1.9878e-02
-2.3127e-02
-2.7405e-02
-3.2566e-02
-3.8350e-02
-4.3161e-02
-4.2910e-02
-4.0746e-02
-4.0390e-02
-3.8710e-02
-3.3744e-02
-2.7141e-02
-1.9176e-02
-1.1607e-02
-2.4925e-03
8.7502e-03
2.1482e-02
3.4091e-02
4.1039e-02
4.2580e-02
4.0669e-02
3.7969e-02
3.6492e-02
3.5984e-02
3.6710e-02
4.0365e-02
4.8009e-02
5.4987e-02
5.9481e-02
6.0649e-02
5.8482e-02
5.4497e-02
4.9881e-02
4.4600e-02
3.9993e-02
3.6398e-02
3.2781e-02
2.9188e-02
2.7060e-02
2.7213e-02
2.8819e-02
3.1446e-02
3.7247e-02
4.4958e-02
4.8927e-02
4.9328e-02
4.7585e-02
4.3515e-02
3.6716e-02
2.7406e-02
1.8767e-02
1.3097e-02
9.3009e-03
5.2914e-03
5.0430e-04
-3.5505e-03
-5.2521e-03
-3.7085e-03
-2.2769e-03
-1.1685e-03
1.0223e-03
2.1635e-03
5.6833e-04
-3.9234e-03
-8.1858e-03
-9.1039e-03
-7.2708e-03
-4.9444e-03
-4.3719e-03
-4.9353e-03
-6.4557e-03
-8.3637e-03
-8.7162e-03
-7.6094e-03
-5.0840e-03
-1.9206e-03
5.8450e-04
2.6480e-03
3.4147e-03
1.5662e-03
-2.4299e-03
-7.3455e-03
-1.1786e-02
-1.3762e-02
-1.3506e-02
-1.4307e-02
-1.4864e-02
-1.4566e-02
-1.4951e-02
-1.4675e-02
-1.4114e-02
-1.4099e-02
-1.4218e-02
-1.4774e-02
-1.5733e-02
-1.6219e-02
-1.5531e-02
-1.4094e-02
-1.2857e-02
-1.1691e-02
-1.0545e-02
-8.9932e-03
-8.8082e-03
-1.1028e-02
-1.4296e-02
-1.7822e-02
-2.1357e-02
-2.4847e-02
-2.6286e-02
-2.5554e-02
-2.4145e-02
-2.1037e-02
-1.6545e-02
-1.2790e-02
-1.0467e-02
-9.0762e-03
-9.8579e-03
-1.1841e-02
-1.4807e-02
-2.0248e-02
-2.8067e-02
-3.4630e-02
-3.9119e-02
-4.1147e-02
-4.0167e-02
-3.8363e-02
-3.5538e-02
-3.1645e-02
-2.9624e-02
-2.9588e-02
-2.9922e-02
-2.8887e-02
-2.6163e-02
-2.1667e-02
-1.5255e-02
-8.1868e-03
-2.7265e-03
1.9953e-03
5.6956e-03
8.9356e-03
1.1349e-02
1.1127e-02
8.7994e-03
6.9709e-03
4.6019e-03
3.1615e-03
3.6267e-03
4.3587e-03
3.7475e-03
2.7342e-03
8.3237e-04
8.6024e-04
4.3405e-03
8.9536e-03
1.3035e-02
1.6429e-02
1.7220e-02
1.4474e-02
1.0423e-02
6.2556e-03
1.4936e-03
-2.1833e-03
-2.1609e-03
-1.2560e-03
-1.4649e-03
-6.8732e-04
3.7388e-05
-1.0488e-03
-2.9928e-03
-5.2259e-03
-7.1269e-03
-9.6216e-03
-1.1090e-02
-1.0432e-02
-1.1521e-02
-1.4505e-02
-1.8793e-02
-2.2208e-02
-2.3950e-02
-2.4016e-02
-2.4655e-02
-2.5506e-02
-2.5169e-02
-2.3501e-02
-2.1369e-02
-2.0029e-02
-1.9160e-02
-1.8301e-02
-1.7331e-02
-1.5828e-02
-1.3941e-02
-1.1207e-02
-7.4429e-03
-4.7597e-03
-3.4461e-03
-1.1343e-03
2.2824e-03
5.3037e-03
8.2067e-03
1.0622e-02
1.1992e-02
1.3358e-02
1.4406e-02
1.5337e-02
1.5578e-02
1.3812e-02
1.3450e-02
1.4719e-02
1.7188e-02
2.0879e-02
2.8142e-02
3.8044e-02
4.6058e-02
4.9265e-02
4.8011e-02
4.5548e-02
3.8925e-02
2.9933e-02
2.3465e-02
1.9606e-02
1.8248e-02
1.9725e-02
2.2619e-02
2.4590e-02
2.5301e-02
2.4726e-02
2.3844e-02
2.2840e-02
2.0318e-02
1.7088e-02
1.4422e-02
1.3738e-02
1.3993e-02
1.4813e-02
1.6958e-02
1.7799e-02
1.8636e-02
1.8951e-02
1.7704e-02
1.6483e-02
1.3899e-02
1.0995e-02
9.6298e-03
8.6510e-03
7.6844e-03
7.5100e-03
7.0783e-03
6.0888e-03
5.4318e-03
4.5792e-03
5.0881e-03
7.6068e-03
1.0558e-02
1.2587e-02
1.4967e-02
1.7201e-02
1.6982e-02
1.3991e-02
9.2276e-03
3.5652e-03
-1.8821e-03
-5.4821e-03
-6.8550e-03
-6.0581e-03
-4.2539e-03
-3.3758e-03
-1.6411e-03
2.4504e-03
5.8253e-03
7.5509e-03
7.4628e-03
7.8797e-03
9.4789e-03
8.3004e-03
4.6822e-03
-2.2522e-04
-4.7690e-03
-8.1065e-03
-1.0455e-02
-1.1746e-02
-1.1725e-02
-1.1031e-02
-1.0202e-02
-8.8365e-03
-7.9929e-03
-5.9117e-03
-1.9181e-03
9.0560e-05
2.2334e-04
-3.7915e-04
-1.1248e-03
-2.0679e-03
-1.5794e-03
-1.5583e-03
-2.1925e-03
-2.7448e-03
-3.4460e-03
-4.1256e-03
-3.5777e-03
-3.7394e-03
-5.0462e-03
-8.3686e-03
-1.1900e-02
-1.5366e-02
-1.7191e-02
-1.7026e-02
-1.5969e-02
-1.5074e-02
-1.5088e-02
-1.5148e-02
-1.3504e-02
-1.1139e-02
-9.3238e-03
-9.0339e-03
-9.2131e-03
-9.1893e-03
-9.1806e-03
-1.0151e-02
-1.2544e-02
-1.4583e-02
-1.5628e-02
-1.7432e-02
-1.9929e-02
-2.0136e-02
-2.0149e-02
-2.3253e-02
-2.7312e-02
-2.9218e-02
-2.8887e-02
-2.7530e-02
-2.6492e-02
-2.4204e-02
-2.1169e-02
-1.8322e-02
-1.6621e-02
-1.5752e-02
-1.6093e-02
-1.7303e-02
-1.9319e-02
-2.0896e-02
-2.0897e-02
-1.9853e-02
-1.9337e-02
-1.8594e-02
-1.8252e-02
-1.9293e-02
-1.9731e-02
-1.9484e-02
-2.0964e-02
-2.3143e-02
-2.2787e-02
-2.0450e-02
-1.8375e-02
-1.7641e-02
-1.8356e-02
-1.8009e-02
-1.6804e-02
-1.6320e-02
-1.4724e-02
-1.1690e-02
-8.6820e-03
-6.5075e-03
-5.4357e-03
-5.3665e-03
-6.7038e-03
-9.3858e-03
-1.0817e-02
-1.1039e-02
-1.0397e-02
-8.6970e-03
-4.5726e-03
9.8898e-04
5.0086e-03
7.1189e-03
8.1218e-03
8.8892e-03
8.8532e-03
8.0829e-03
7.5075e-03
5.5129e-03
1.7915e-03
-1.0615e-03
-2.7070e-03
-3.4872e-03
-3.2216e-03
-1.1924e-03
2.1608e-03
6.7421e-03
1.0157e-02
1.1330e-02
1.2411e-02
1.2722e-02
1.3959e-02
1.6855e-02
2.1115e-02
2.4889e-02
2.6509e-02
2.6918e-02
2.6780e-02
2.5734e-02
2.4592e-02
2.3917e-02
2.3033e-02
2.2538e-02
2.2321e-02
2.1722e-02
2.0882e-02
2.1080e-02
2.0696e-02
1.9839e-02
1.9340e-02
1.8799e-02
1.8896e-02
1.8832e-02
1.8474e-02
1.7892e-02
1.7434e-02
1.6446e-02
1.5232e-02
1.4348e-02
1.2475e-02
8.9773e-03
5.7123e-03
3.7378e-03
2.3175e-03
1.7473e-03
1.5361e-03
8.9662e-04
-2.7969e-04
-1.7906e-03
-2.9821e-03
-3.2511e-03
-2.0915e-03
-3.4235e-04
2.1264e-03
4.3912e-03
5.6228e-03
5.5366e-03
4.4702e-03
2.9528e-03
1.7023e-03
-5.1934e-04
-2.5800e-03
-4.0685e-03
-4.7769e-03
-4.6401e-03
-4.1294e-03
-2.9657e-03
-1.4550e-03
4.6803e-04
3.9758e-03
7.4995e-03
1.0566e-02
1.2239e-02
1.2722e-02
1.1918e-02
1.0827e-02
9.3088e-03
7.5591e-03
5.8406e-03
4.6825e-03
4.3803e-03
3.8418e-03
3.4857e-03
3.0619e-03
3.1997e-03
3.3531e-03
3.4259e-03
3.5174e-03
3.2360e-03
3.1783e-03
2.5691e-03
1.9437e-03
1.9615e-03
2.1423e-03
2.3261e-03
2.5418e-03
2.2501e-03
1.5981e-03
7.5664e-04
1.5296e-04
-2.1154e-04
-6.3315e-04
-5.9712e-04
-5.3803e-05
2.3868e-04
3.0005e-04
7.6821e-04
1.2931e-03
1.3361e-03
1.2858e-03
9.9962e-04
6.7885e-04
5.4345e-04
4.2854e-04
2.4084e-04
-9.5168e-05
-4.3420e-04
-6.2408e-04
-9.2234e-04
-1.4657e-03
-1.9218e-03
-2.2258e-03
-2.2815e-03
-2.2101e-03
-1.9509e-03
-1.4905e-03
-1.2098e-03
-9.7931e-04
-1.0267e-03
-1.1399e-03
-1.2589e-03
-1.3066e-03
-1.2585e-03
-1.1725e-03
-1.2374e-03
-1.3561e-03
-1.5348e-03
-1.8172e-03
-2.2366e-03
-2.7550e-03
-3.1825e-03
-3.3048e-03
-3.2166e-03
-2.9713e-03
-2.5165e-03
-2.0152e-03
-1.7024e-03
-1.6130e-03
-1.6809e-03
-1.8314e-03
-1.9242e-03
-2.0171e-03
-2.1198e-03
-2.1910e-03
-2.2336e-03
-2.2458e-03
-2.2013e-03
-2.1267e-03
-2.0765e-03
-2.0239e-03
-1.9131e-03
-1.8041e-03
-1.7444e-03
-1.6879e-03
-1.6447e-03
-1.6225e-03
-1.6096e-03
-1.6005e-03
-1.5989e-03
-1.5942e-03
-1.5846e-03
-1.5734e-03
-1.5620e-03
-1.5544e-03
-1.5488e-03
-1.5420e-03
-1.5335e-03
-1.5203e-03
-1.4976e-03
-1.4564e-03
-1.4119e-03
-1.3710e-03
-1.3339e-03
-1.3044e-03
-1.2827e-03
-1.2609e-03
-1.2378e-03
-1.2105e-03
-1.1767e-03
-1.1387e-03
-1.0988e-03
-1.0577e-03
-1.0172e-03
-9.7907e-04
-9.4350e-04
-9.0905e-04
-8.7559e-04
-8.4253e-04
-8.0993e-04
-7.7762e-04
-7.4561e-04
-7.1405e-04
-6.8303e-04
-6.5249e-04
-6.2238e-04
-5.9264e-04
-5.6330e-04
-5.3429e-04
-5.0558e-04
-4.7716e-04
-4.4906e-04
-4.2126e-04
-3.9377e-04
-3.6659e-04
-3.3972e-04
