-7.0155e-04
-9.0800e-04
-6.7722e-04
-9.3454e-04
-6.0211e-04
-1.0798e-03
3.8982e-05
3.9510e-04
-1.0554e-03
-6.2813e-04
-8.5844e-04
-7.0237e-04
-8.0390e-04
-7.2920e-04
-7.6976e-04
-7.3915e-04
-7.4924e-04
-7.4238e-04
-7.3216e-04
-7.4228e-04
-7.2191e-04
-7.3545e-04
-7.1512e-04
-7.2869e-04
-7.0838e-04
-7.1859e-04
-7.0169e-04
-7.0854e-04
-6.9506e-04
-6.9855e-04
-6.9188e-04
-6.8862e-04
-6.8198e-04
-6.7874e-04
-6.7552e-04
-6.7231e-04
-6.6572e-04
-6.6254e-04
-6.5937e-04
-6.5621e-04
-6.5307e-04
-6.4656e-04
-6.4344e-04
-6.3695e-04
-6.3386e-04
-6.3079e-04
-6.2434e-04
-6.2129e-04
-6.1825e-04
-6.1184e-04
-6.0884e-04
-6.0584e-04
-5.9947e-04
-5.9650e-04
-5.9015e-04
-5.8721e-04
-5.8428e-04
-5.7798e-04
-5.7507e-04
-5.6879e-04
-5.6591e-04
-5.6305e-04
-5.5681e-04
-5.5397e-04
-5.4775e-04
-5.4494e-04
-5.3874e-04
-5.3595e-04
-5.2979e-04
-5.2702e-04
-5.2088e-04
-5.1814e-04
-5.0864e-04
-5.1270e-04
-4.9644e-04
-5.0731e-04
-4.8430e-04
-5.0197e-04
-4.6881e-04
-4.9667e-04
-4.5676e-04
-4.9482e-04
-4.4137e-04
-4.8962e-04
-4.2942e-04
-4.8108e-04
-4.1752e-04
-4.7259e-04
-4.0905e-04
-4.5398e-04
-4.1758e-04
-4.2186e-04
-4.6344e-04
1.0575e-03
-1.3650e-04
-5.5095e-04
-2.9431e-04
-4.7830e-04
-3.1658e-04
-4.4636e-04
-3.2873e-04
-4.2464e-04
-3.3076e-04
-3.9958e-04
-3.3283e-04
-3.8134e-04
-3.3156e-04
-3.5975e-04
-3.2694e-04
-3.4499e-04
-3.2576e-04
-3.3366e-04
-3.2124e-04
-3.1899e-04
-3.0997e-04
-3.0775e-04
-3.0215e-04
-2.9656e-04
-2.9097e-04
-2.8540e-04
-2.8323e-04
-2.7769e-04
-2.7215e-04
-2.6662e-04
-2.6110e-04
-2.5560e-04
-2.5349e-04
-2.4462e-04
-2.4592e-04
-2.3029e-04
-2.4179e-04
-2.1940e-04
-2.3430e-04
-2.0177e-04
-2.3025e-04
-1.8756e-04
-2.2285e-04
-1.7002e-04
-2.1888e-04
-1.5590e-04
-2.1156e-04
-1.4860e-04
-2.0089e-04
-1.4134e-04
-1.8009e-04
-1.4768e-04
-1.3900e-04
-1.9473e-04
1.3460e-03
1.2423e-04
-2.6031e-04
-4.1531e-05
-1.8205e-04
-6.8367e-05
-1.4451e-04
-7.8295e-05
-1.1378e-04
-8.1483e-05
-8.9871e-05
-8.1321e-05
-7.6170e-05
-7.1028e-05
-8.2844e-05
-9.9316e-06
-1.5369e-03
-3.1494e-04
9.3505e-05
-1.3190e-04
3.9265e-05
-8.1080e-05
1.5492e-05
-4.3861e-05
-8.3177e-06
3.4898e-06
-3.5554e-05
6.4362e-05
-8.6553e-05
1.6587e-04
-2.4605e-04
8.3000e-04
1.2146e-03
-2.5488e-04
1.8730e-04
-4.5021e-05
1.1243e-04
1.9059e-05
8.8370e-05
5.5988e-05
8.1218e-05
7.9324e-05
8.0810e-05
9.5846e-05
8.7146e-05
1.0894e-04
9.6837e-05
1.2201e-04
1.0988e-04
1.3164e-04
1.2289e-04
1.4125e-04
1.3248e-04
1.4743e-04
1.4881e-04
1.5358e-04
1.6172e-04
1.6308e-04
1.7460e-04
1.7594e-04
1.8744e-04
1.8877e-04
1.9347e-04
1.9817e-04
1.9947e-04
2.1771e-04
2.0544e-04
2.3722e-04
2.0459e-04
2.6347e-04
2.0032e-04
2.9647e-04
1.8586e-04
3.3283e-04
1.5102e-04
4.2000e-04
7.6887e-06
1.0698e-03
1.4913e-03
-2.9419e-05
4.8357e-04
1.5934e-04
4.2488e-04
1.9554e-04
4.2717e-04
2.0460e-04
4.5316e-04
1.9329e-04
4.9267e-04
1.5038e-03
1.4812e-03
1.3298e-03
2.7673e-04
2.3713e-04
2.3634e-03
4.0524e-03
1.5046e-03
6.8492e-05
7.0336e-04
-3.6668e-04
-2.2739e-03
5.0645e-04
-6.1970e-05
-3.0573e-03
-7.5821e-04
1.0697e-03
4.2602e-03
6.5186e-03
3.4656e-03
4.3139e-03
7.0400e-03
5.0751e-03
2.8084e-03
6.9096e-04
-1.4062e-03
-5.1642e-03
-5.6175e-03
-2.5966e-03
-3.1312e-03
-8.1739e-03
-7.2544e-03
2.0268e-03
1.1850e-02
1.7529e-02
1.5370e-02
8.7279e-03
2.3091e-03
-5.6961e-03
-9.3288e-03
-9.0602e-03
-9.2356e-03
-9.1026e-03
-7.5189e-03
-2.8949e-03
9.2927e-04
7.8005e-03
1.3191e-02
1.9177e-02
1.7995e-02
9.2679e-03
4.6860e-03
3.5954e-03
-3.8235e-03
-1.0141e-02
-4.2728e-03
1.8019e-03
1.4602e-03
-5.4366e-03
-9.2152e-03
-1.0519e-02
-6.6853e-03
1.4029e-02
3.1902e-02
2.8547e-02
6.4856e-03
-1.8698e-02
-2.0314e-02
1.8914e-03
1.2382e-02
-1.6256e-03
-1.1519e-02
-1.1596e-02
-1.1187e-03
4.1932e-03
-7.9303e-03
-9.7329e-03
2.7816e-03
1.3747e-02
1.4314e-02
-5.8733e-03
-2.2268e-02
-1.6532e-02
2.0360e-03
1.9353e-02
2.3113e-02
2.0629e-02
2.1982e-02
7.5128e-03
-6.8310e-03
-8.0981e-03
-2.2869e-02
-3.4196e-02
-2.6207e-02
-1.5002e-03
1.7492e-02
1.1937e-02
9.8595e-03
2.8512e-02
4.1050e-02
3.3960e-02
1.0309e-02
-1.3448e-02
-1.0956e-02
-1.3843e-02
-4.4460e-02
-5.7990e-02
-4.5008e-02
-2.7091e-02
1.5342e-02
5.8064e-02
6.9863e-02
6.1607e-02
2.7146e-02
-1.4578e-02
-4.5096e-02
-5.6905e-02
-5.5447e-02
-4.3265e-02
-1.7654e-02
-2.3803e-03
5.6429e-03
2.7939e-02
4.8527e-02
4.4870e-02
2.5259e-02
8.6952e-03
-3.8625e-03
-1.3092e-02
-2.5480e-02
-3.2292e-02
-2.9577e-02
-3.6976e-02
-1.6873e-02
2.7757e-02
5.7561e-02
5.7968e-02
2.5771e-02
-3.3134e-03
-1.8871e-02
-2.7551e-02
-1.7650e-02
1.0666e-02
2.2357e-02
-8.4841e-03
-2.8756e-02
-7.4566e-03
2.0995e-02
4.0732e-02
4.0512e-02
6.3396e-03
-3.7622e-02
-5.6965e-02
-3.8289e-02
-1.8519e-03
5.5238e-03
-4.9461e-03
5.2768e-03
2.5343e-02
4.2578e-02
4.1775e-02
2.2994e-02
1.3748e-02
2.0029e-02
2.5147e-02
-1.3943e-02
-6.3775e-02
-6.1826e-02
-4.3164e-02
-1.0367e-02
4.1123e-02
6.1019e-02
4.2303e-02
2.3664e-02
2.0892e-02
1.8373e-02
-7.4318e-04
-2.6893e-02
-1.9988e-02
-1.0521e-02
-3.8322e-02
-7.0627e-02
-8.0161e-02
-5.5167e-02
-7.3721e-03
3.6674e-02
5.6106e-02
3.9728e-02
8.5859e-03
-7.0463e-03
-5.9480e-03
1.4870e-02
3.7953e-02
3.5773e-02
1.6013e-02
1.2233e-02
2.4483e-02
2.2009e-02
4.5521e-04
-1.4330e-02
-2.5586e-02
-5.1082e-02
-6.0013e-02
-2.3522e-02
4.3607e-02
7.2990e-02
5.8138e-02
2.9219e-02
-2.4755e-02
-8.3614e-02
-9.1210e-02
-3.6239e-02
1.1766e-02
7.3769e-03
-4.4795e-03
8.6905e-04
4.3738e-03
-6.8251e-03
-1.0766e-03
3.1073e-02
6.0375e-02
7.6271e-02
7.0262e-02
3.5787e-02
-2.2119e-02
-4.4208e-02
-1.0428e-02
3.5801e-02
4.5664e-02
7.4273e-03
-2.1275e-02
-2.6935e-02
-7.8584e-02
-1.3915e-01
-8.3292e-02
2.8099e-02
8.1162e-02
7.2301e-02
2.4628e-02
-2.9380e-02
-5.5625e-02
-4.8920e-02
-2.5269e-02
1.9997e-03
3.6808e-03
-2.6614e-02
-4.9572e-02
-4.5935e-02
-1.8429e-02
3.5982e-02
7.1175e-02
7.9320e-02
9.2803e-02
8.9600e-02
6.2433e-02
3.7107e-02
1.1384e-02
-2.7148e-02
-4.8139e-02
-3.3029e-02
-1.1930e-02
-1.9251e-02
-3.1182e-02
-1.0628e-02
8.7525e-03
-2.2634e-02
-7.7680e-02
-1.0424e-01
-8.0161e-02
-1.5598e-02
5.1713e-02
7.7337e-02
5.2974e-02
3.2342e-02
5.5648e-02
7.1117e-02
1.6936e-02
-5.9693e-02
-8.4579e-02
-1.3190e-02
9.0979e-02
1.4290e-01
1.2676e-01
2.7327e-02
-1.0314e-01
-1.6053e-01
-8.1778e-02
5.8425e-02
1.2475e-01
1.0944e-01
6.5484e-02
1.8421e-02
-7.5559e-03
-1.5748e-02
-8.7833e-03
-8.7564e-03
-6.0026e-02
-1.1557e-01
-1.2834e-01
-1.2205e-01
-1.1159e-01
-9.4640e-02
-4.7873e-02
3.1780e-02
9.3956e-02
1.3143e-01
1.3876e-01
1.2000e-01
8.2424e-02
2.0553e-02
-4.0404e-02
-6.1419e-02
-3.6856e-02
-2.5884e-03
-7.5508e-03
-5.4787e-02
-8.1303e-02
-5.8499e-02
-9.8262e-03
4.1260e-02
7.8015e-02
8.0465e-02
4.3974e-02
1.3414e-02
1.1336e-02
9.7937e-03
-1.9627e-02
-6.2965e-02
-6.7850e-02
-2.9112e-02
1.2002e-02
2.7258e-02
4.1409e-02
5.1109e-02
3.8954e-02
8.5300e-03
7.9494e-04
2.0301e-02
4.9702e-03
-4.5228e-02
-7.3117e-02
-4.1639e-02
1.2904e-02
6.0295e-02
8.4231e-02
8.0438e-02
7.2859e-02
5.3898e-02
2.1843e-02
-1.9993e-02
-7.6825e-02
-1.0598e-01
-8.8912e-02
-8.1676e-02
-1.1685e-01
-1.3663e-01
-7.6603e-02
3.5870e-02
1.3653e-01
1.8437e-01
1.6485e-01
1.1583e-01
8.6202e-02
1.0138e-01
1.1116e-01
5.7522e-02
-1.7521e-02
-7.8295e-02
-1.1670e-01
-1.2924e-01
-1.3134e-01
-1.2901e-01
-1.1420e-01
-9.1336e-02
-4.5243e-02
2.2150e-02
6.1325e-02
5.7976e-02
4.0032e-02
3.1141e-02
3.0832e-02
2.2778e-02
1.4958e-02
8.5092e-05
-3.2597e-02
-6.4919e-02
-5.7371e-02
-1.1180e-02
-1.1397e-02
-4.6648e-02
-5.5373e-02
-5.4444e-02
-5.2577e-02
-2.0926e-02
3.8874e-02
8.2882e-02
1.0692e-01
1.1982e-01
1.3594e-01
1.4428e-01
1.3301e-01
1.3273e-01
1.0561e-01
1.2334e-02
-8.7720e-02
-1.3298e-01
-1.5589e-01
-1.9572e-01
-2.1973e-01
-1.6154e-01
-6.4335e-02
1.7266e-02
6.9644e-02
8.2388e-02
4.7076e-02
1.0713e-02
2.4220e-02
4.8637e-02
5.0528e-02
3.3235e-02
8.0877e-03
-3.2342e-02
-8.1297e-02
-1.2523e-01
-1.2571e-01
-8.2434e-02
-2.6541e-02
2.4205e-02
3.5197e-02
1.4223e-02
6.1180e-03
3.3986e-02
8.7329e-02
1.3461e-01
1.5884e-01
1.3353e-01
6.4344e-02
-1.1263e-02
-8.1340e-02
-1.3360e-01
-1.4832e-01
-1.2033e-01
-4.4922e-02
4.0628e-02
1.0064e-01
1.4708e-01
1.5623e-01
1.1073e-01
4.2134e-02
-8.4337e-03
-7.0851e-03
1.0984e-02
-9.7161e-03
-5.7908e-02
-8.1672e-02
-9.1858e-02
-1.0457e-01
-8.9496e-02
-4.4061e-02
7.0624e-03
3.5822e-02
5.2101e-02
5.2694e-02
2.4252e-02
-2.2276e-02
-3.0794e-02
7.8229e-04
2.2797e-02
2.4430e-02
3.0670e-02
4.3827e-02
5.0304e-02
4.9999e-02
5.6574e-02
5.2591e-02
1.6814e-02
-1.1648e-02
-1.5075e-02
-1.6994e-02
-2.5902e-02
-3.7952e-02
-5.4937e-02
-5.8354e-02
-3.9953e-02
8.0658e-03
6.0548e-02
7.4126e-02
4.8162e-02
8.2912e-03
-1.3300e-02
-1.1396e-02
-3.1953e-02
-9.2724e-02
-1.6887e-01
-1.9922e-01
-1.3202e-01
-1.7031e-02
7.2908e-02
1.0157e-01
7.1846e-02
3.3568e-02
3.3016e-02
8.2979e-02
1.3179e-01
1.2989e-01
6.7583e-02
-4.4429e-02
-1.3686e-01
-1.7839e-01
-1.6242e-01
-1.0849e-01
-4.6428e-02
4.2990e-02
1.4675e-01
2.2075e-01
2.1989e-01
1.4575e-01
6.5806e-02
1.2370e-02
-2.1471e-02
-6.5043e-02
-1.1636e-01
-1.4561e-01
-1.3213e-01
-5.6378e-02
4.0781e-02
8.6891e-02
6.2961e-02
5.1464e-03
-4.0063e-02
-5.1137e-02
-2.7787e-02
3.3619e-03
1.2024e-03
-1.3746e-02
-7.2823e-03
-1.6278e-02
-4.2825e-02
-4.0582e-02
-2.9217e-03
4.4768e-02
7.7093e-02
8.3597e-02
7.4550e-02
6.1646e-02
3.2171e-02
-3.3921e-02
-9.3526e-02
-9.4855e-02
-3.8583e-02
4.7713e-02
8.9132e-02
6.2578e-02
-6.8727e-03
-6.0522e-02
-8.6652e-02
-1.0476e-01
-9.4672e-02
-5.5395e-02
-6.6853e-03
1.5631e-02
1.6603e-02
4.8715e-02
1.0847e-01
1.4123e-01
1.2332e-01
4.2551e-02
-8.2342e-02
-1.7985e-01
-2.0666e-01
-2.1941e-01
-2.6689e-01
-2.9725e-01
-2.4318e-01
-1.1117e-01
3.3324e-02
1.5292e-01
2.5222e-01
3.2636e-01
3.3449e-01
2.6938e-01
1.6388e-01
5.3587e-02
-2.5276e-02
-5.2311e-02
-4.7790e-02
-7.0005e-02
-8.5166e-02
-3.5592e-02
4.7128e-02
9.7315e-02
8.1893e-02
5.9386e-02
6.8046e-02
7.3272e-02
2.4284e-02
-7.6167e-02
-1.7190e-01
-2.6455e-01
-3.5249e-01
-4.0728e-01
-4.2140e-01
-3.9502e-01
-3.2784e-01
-2.2383e-01
-1.0836e-01
1.1789e-02
1.3007e-01
2.2838e-01
2.9034e-01
3.0319e-01
2.7770e-01
2.2423e-01
1.7163e-01
1.0678e-01
2.7499e-02
-4.6880e-02
-1.0404e-01
-1.4666e-01
-1.9555e-01
-2.4379e-01
-2.3045e-01
-1.3372e-01
-2.1729e-02
5.4256e-02
1.0376e-01
1.3351e-01
1.1809e-01
5.7688e-02
-4.8586e-02
-1.3618e-01
-1.4439e-01
-9.1685e-02
-3.8165e-02
-1.6805e-02
-2.3381e-02
-1.3206e-02
6.0145e-02
1.6809e-01
2.6515e-01
2.8655e-01
1.8091e-01
2.4680e-03
-1.2845e-01
-1.8675e-01
-2.2343e-01
-2.5103e-01
-2.6688e-01
-2.8170e-01
-2.6978e-01
-1.9158e-01
-6.8135e-02
4.0284e-02
9.5637e-02
9.5932e-02
4.4544e-02
-4.9298e-02
-1.4726e-01
-2.0739e-01
-2.1696e-01
-1.8511e-01
-1.3532e-01
-5.6865e-02
4.6195e-02
1.7132e-01
3.0437e-01
3.9165e-01
3.8429e-01
2.6981e-01
1.0290e-01
-5.5668e-02
-1.4951e-01
-1.5966e-01
-1.1296e-01
-5.0823e-02
3.0650e-02
1.4147e-01
2.6612e-01
3.7869e-01
4.3712e-01
3.9709e-01
2.5041e-01
6.2573e-02
-1.0130e-01
-2.2594e-01
-2.9163e-01
-3.1101e-01
-3.3010e-01
-3.3653e-01
-3.1855e-01
-2.8775e-01
-2.3290e-01
-1.4550e-01
-3.3810e-02
6.1373e-02
9.3728e-02
6.3538e-02
-3.3540e-02
-1.4791e-01
-2.3205e-01
-2.9020e-01
-3.0457e-01
-2.7283e-01
-1.9290e-01
-6.8787e-02
6.4494e-02
1.7040e-01
2.5448e-01
3.3554e-01
4.0647e-01
4.5434e-01
4.7251e-01
4.4690e-01
4.0265e-01
3.6462e-01
3.0622e-01
2.0126e-01
3.7839e-02
-1.7515e-01
-3.8271e-01
-5.0986e-01
-4.6903e-01
-2.6970e-01
-7.5256e-02
2.8872e-02
9.7824e-02
1.8873e-01
2.8493e-01
3.3205e-01
3.3469e-01
3.3481e-01
3.1929e-01
2.6216e-01
1.9252e-01
1.3794e-01
8.7876e-02
3.3013e-02
-4.0413e-02
-1.2570e-01
-1.9555e-01
-2.0685e-01
-1.3966e-01
-5.5833e-02
-1.6824e-02
-6.6526e-03
2.5327e-02
5.5212e-02
5.0693e-02
3.9535e-02
5.7105e-02
1.2267e-01
1.9914e-01
2.3206e-01
2.2080e-01
1.8147e-01
1.1016e-01
3.2899e-02
-1.9136e-02
-4.9072e-02
-8.2310e-02
-9.9810e-02
-7.7338e-02
-3.3072e-02
4.8392e-03
-3.4246e-03
-4.5146e-02
-8.5193e-02
-1.2048e-01
-1.2903e-01
-1.1056e-01
-1.0467e-01
-1.3196e-01
-1.7775e-01
-2.0377e-01
-1.6877e-01
-4.7782e-02
1.2909e-01
3.0036e-01
4.2355e-01
4.5789e-01
3.7841e-01
2.7754e-01
2.3288e-01
2.5475e-01
3.1365e-01
3.1311e-01
1.9240e-01
5.3350e-02
-1.1677e-02
-3.9902e-02
-1.1033e-01
-2.3946e-01
-3.3536e-01
-3.5458e-01
-3.2561e-01
-2.9941e-01
-2.9689e-01
-2.9573e-01
-2.8321e-01
-2.7598e-01
-2.5934e-01
-2.2758e-01
-1.7732e-01
-9.2544e-02
3.3284e-02
1.8526e-01
3.5033e-01
4.8876e-01
5.6474e-01
5.7970e-01
5.4338e-01
4.8094e-01
3.9753e-01
3.1839e-01
2.3754e-01
7.5429e-02
-1.1352e-01
-2.3667e-01
-3.2233e-01
-3.6460e-01
-3.6176e-01
-2.9237e-01
-1.6262e-01
-5.3044e-02
2.0460e-02
8.7321e-02
1.0938e-01
5.3883e-02
-2.5210e-02
-5.4292e-02
-1.1480e-02
7.0213e-02
1.0642e-01
9.5254e-02
6.6423e-02
2.2905e-02
1.6814e-02
7.8811e-02
1.7498e-01
2.3969e-01
2.2335e-01
1.0570e-01
-4.4805e-02
-1.9039e-01
-3.4920e-01
-4.6303e-01
-4.6548e-01
-3.5948e-01
-2.2839e-01
-1.4053e-01
-7.1800e-02
1.0151e-02
1.0082e-01
1.5398e-01
1.4906e-01
8.1285e-02
-4.7275e-02
-1.8863e-01
-2.8199e-01
-3.2222e-01
-3.1748e-01
-2.4135e-01
-9.7013e-02
7.2447e-02
2.1205e-01
2.9321e-01
2.9789e-01
2.3989e-01
1.6506e-01
1.0867e-01
7.4419e-02
4.6689e-02
4.1063e-02
3.8225e-02
1.2591e-02
-3.0188e-02
-6.2219e-02
-6.5788e-02
-3.9598e-02
2.0003e-02
7.5275e-02
8.2501e-02
3.5455e-02
-3.8551e-02
-1.1775e-01
-1.8621e-01
-2.2222e-01
-2.0581e-01
-1.4246e-01
-6.3238e-02
1.7419e-03
5.6943e-02
1.1412e-01
1.6478e-01
1.9952e-01
2.1793e-01
2.1796e-01
2.0162e-01
1.5254e-01
7.6902e-02
1.9901e-02
1.3509e-02
5.4816e-02
9.7022e-02
8.2271e-02
-7.5508e-03
-1.3253e-01
-2.3576e-01
-2.7505e-01
-2.4575e-01
-1.6224e-01
-6.0644e-02
1.8103e-02
2.8753e-02
-2.5337e-02
-8.0433e-02
-1.0588e-01
-1.0183e-01
-6.6404e-02
-3.5258e-02
-4.3596e-02
-6.5835e-02
-6.6794e-02
-2.8144e-02
2.1549e-02
4.2621e-02
2.8836e-02
-1.1251e-02
-4.4441e-02
-3.2446e-02
2.6548e-02
8.9528e-02
1.1278e-01
6.6137e-02
-4.6269e-02
-1.6779e-01
-2.3786e-01
-2.2959e-01
-1.5835e-01
-5.4496e-02
5.7611e-02
1.4896e-01
2.0668e-01
2.2500e-01
1.8602e-01
9.5309e-02
-9.0671e-03
-9.4174e-02
-1.3712e-01
-1.4054e-01
-1.2237e-01
-7.3261e-02
6.3851e-03
7.9160e-02
1.0988e-01
9.7457e-02
7.3161e-02
7.9333e-02
1.1464e-01
1.3382e-01
9.7297e-02
7.7842e-03
-1.0453e-01
-2.0732e-01
-2.6379e-01
-2.5571e-01
-2.2668e-01
-2.1939e-01
-2.0402e-01
-1.4648e-01
-6.1911e-02
1.9220e-02
8.3033e-02
1.1372e-01
1.0253e-01
7.7071e-02
6.7607e-02
6.9000e-02
7.1187e-02
5.2755e-02
-3.4804e-03
-7.0338e-02
-1.0837e-01
-1.0843e-01
-7.9151e-02
-3.6393e-02
1.6066e-02
7.0505e-02
1.1687e-01
1.4630e-01
1.3344e-01
8.7008e-02
4.1721e-02
1.1341e-02
-6.7689e-03
-1.7483e-02
-1.9422e-02
-1.3179e-02
-1.0850e-02
-1.0020e-02
-7.2572e-03
2.3756e-03
2.9193e-02
6.8077e-02
1.1224e-01
1.5634e-01
1.9451e-01
1.9848e-01
1.3842e-01
3.7002e-02
-4.4728e-02
-8.8144e-02
-1.0945e-01
-1.1903e-01
-1.1780e-01
-1.0998e-01
-1.0121e-01
-1.0477e-01
-1.2766e-01
-1.5566e-01
-1.6565e-01
-1.3405e-01
-7.9372e-02
-3.8577e-02
-3.0510e-02
-3.8628e-02
-3.3530e-02
-4.0515e-03
4.9682e-02
1.0344e-01
1.3463e-01
1.3143e-01
1.0225e-01
6.1545e-02
3.9534e-02
5.5346e-02
7.9601e-02
6.2982e-02
-2.1434e-03
-5.5158e-02
-6.3662e-02
-1.4149e-02
7.1879e-02
1.4851e-01
1.8977e-01
1.7942e-01
1.1112e-01
8.5165e-03
-8.0407e-02
-1.4059e-01
-1.7742e-01
-1.7668e-01
-1.4282e-01
-1.0038e-01
-5.9005e-02
-3.5964e-02
-3.4818e-02
-5.6880e-02
-7.9068e-02
-8.4857e-02
-8.7646e-02
-9.2876e-02
-9.1215e-02
-7.2258e-02
-4.4637e-02
-1.6779e-02
1.3333e-02
3.6907e-02
4.5367e-02
6.2121e-02
1.1124e-01
1.6424e-01
1.8770e-01
1.7043e-01
9.5321e-02
-2.1399e-02
-1.3030e-01
-1.9392e-01
-2.2011e-01
-2.2690e-01
-2.1372e-01
-1.5360e-01
-6.6255e-02
9.4492e-03
7.4646e-02
1.3381e-01
1.7827e-01
2.0704e-01
2.0933e-01
1.8410e-01
1.5296e-01
1.1868e-01
8.7655e-02
6.6355e-02
7.5673e-02
9.3336e-02
8.9221e-02
6.2237e-02
2.8017e-02
-6.3317e-03
-6.4190e-02
-1.3567e-01
-1.9405e-01
-2.2514e-01
-2.2562e-01
-1.9021e-01
-1.1480e-01
-3.1434e-02
3.3231e-02
8.5198e-02
1.1192e-01
1.1169e-01
1.0501e-01
1.1268e-01
1.3687e-01
1.4456e-01
1.1125e-01
4.1119e-02
-4.5669e-02
-1.3013e-01
-2.0348e-01
-2.4810e-01
-2.4188e-01
-1.6535e-01
-3.3924e-02
9.9513e-02
1.9839e-01
2.4873e-01
2.3471e-01
1.5135e-01
3.8184e-02
-5.6345e-02
-1.1825e-01
-1.5241e-01
-1.6081e-01
-1.5403e-01
-1.2977e-01
-1.0548e-01
-1.0812e-01
-1.3757e-01
-1.6272e-01
-1.4660e-01
-9.6123e-02
-4.2474e-02
-6.4781e-03
2.3624e-02
6.7541e-02
1.1524e-01
1.3068e-01
9.1082e-02
2.0984e-02
-1.9859e-02
-1.1246e-02
1.7361e-02
2.5950e-02
1.1406e-02
7.3621e-03
1.6100e-02
1.0162e-02
-1.5967e-02
-4.5788e-02
-6.2912e-02
-6.2084e-02
-3.8439e-02
5.7731e-03
4.8464e-02
6.9445e-02
6.8584e-02
6.1408e-02
6.7293e-02
8.4227e-02
9.1209e-02
8.5372e-02
6.8934e-02
3.9323e-02
2.3566e-02
2.2627e-02
9.8417e-03
-1.5610e-02
-4.6481e-02
-6.3991e-02
-5.5409e-02
-3.3682e-02
-1.7365e-02
-1.6036e-02
-3.1282e-02
-6.3777e-02
-9.2048e-02
-9.1404e-02
-7.2820e-02
-4.2314e-02
-1.3415e-02
4.4133e-03
5.1218e-03
-1.2429e-02
-3.3308e-02
-3.6013e-02
-1.4713e-02
2.0714e-02
4.5281e-02
5.5761e-02
6.2191e-02
5.6863e-02
3.2323e-02
-2.6626e-03
-2.0983e-02
-2.5477e-02
-1.0146e-02
3.1511e-02
8.0970e-02
1.1423e-01
1.2101e-01
1.0412e-01
7.7564e-02
5.1835e-02
2.5542e-02
-6.2168e-03
-4.3498e-02
-6.9668e-02
-7.7545e-02
-7.5297e-02
-6.3065e-02
-3.5264e-02
5.6675e-03
5.1005e-02
9.0415e-02
1.1752e-01
1.2029e-01
8.1708e-02
2.4741e-02
-7.7912e-03
-7.9809e-03
1.6427e-02
3.9096e-02
3.1904e-02
8.8891e-03
6.5572e-03
2.2596e-02
3.1579e-02
3.1840e-02
4.4123e-02
6.7552e-02
7.8947e-02
5.9627e-02
1.8157e-02
-2.7164e-02
-6.4278e-02
-8.2056e-02
-7.4653e-02
-3.8511e-02
1.1111e-02
5.8320e-02
1.0052e-01
1.3117e-01
1.4054e-01
1.2158e-01
7.7458e-02
3.3995e-02
1.5383e-02
2.8077e-02
5.4742e-02
5.8823e-02
2.3339e-02
-2.7419e-02
-5.2694e-02
-2.5208e-02
3.9622e-02
9.3529e-02
1.1502e-01
1.0407e-01
6.3688e-02
2.0534e-02
-9.9547e-03
-3.3888e-02
-5.5665e-02
-8.5302e-02
-1.1789e-01
-1.2681e-01
-1.0531e-01
-7.6265e-02
-5.2766e-02
-4.3987e-02
-3.5381e-02
-1.4075e-02
1.4458e-02
3.7886e-02
4.9445e-02
5.8840e-02
7.0934e-02
8.7716e-02
9.4891e-02
8.6353e-02
5.9007e-02
2.2764e-02
-1.2405e-02
-4.3999e-02
-7.5632e-02
-1.0170e-01
-1.0166e-01
-6.8368e-02
2.8821e-03
8.1799e-02
1.3322e-01
1.5151e-01
1.4559e-01
1.2919e-01
1.0968e-01
9.2108e-02
7.6401e-02
5.8122e-02
3.5867e-02
1.4806e-03
-4.5064e-02
-8.4524e-02
-1.0245e-01
-8.2202e-02
-2.2394e-02
5.2476e-02
1.1058e-01
1.3620e-01
1.2998e-01
9.0802e-02
3.0052e-02
-3.5053e-02
-9.7310e-02
-1.3847e-01
-1.5120e-01
-1.4122e-01
-1.2040e-01
-9.6527e-02
-7.5122e-02
-5.8415e-02
-4.0295e-02
-1.8205e-02
8.3819e-03
3.1224e-02
4.4751e-02
5.2615e-02
6.1899e-02
4.7097e-02
-9.1068e-03
-6.6480e-02
-8.6037e-02
-7.2717e-02
-4.5431e-02
-3.2015e-02
-3.7632e-02
-5.1555e-02
-6.4334e-02
-6.7062e-02
-6.5337e-02
-5.6778e-02
-4.3362e-02
-3.6936e-02
-5.1686e-02
-8.1171e-02
-9.4468e-02
-8.5706e-02
-5.5150e-02
-9.8119e-03
2.2185e-02
1.6009e-02
-1.5723e-02
-5.1515e-02
-7.8106e-02
-8.5552e-02
-7.9139e-02
-6.0375e-02
-3.2157e-02
-1.2661e-02
-1.0674e-02
-1.0657e-02
2.8738e-03
2.3048e-02
3.8355e-02
3.3227e-02
1.7628e-03
-2.7237e-02
-3.4457e-02
-3.1301e-02
-3.4107e-02
-5.6837e-02
-8.9888e-02
-1.1612e-01
-1.2600e-01
-1.0251e-01
-6.0680e-02
-1.9582e-02
7.6253e-03
2.3298e-02
3.6677e-02
4.5859e-02
4.9974e-02
4.8991e-02
4.6300e-02
4.6639e-02
4.2325e-02
2.9211e-02
1.6972e-02
1.4620e-02
1.6877e-02
8.9631e-03
-1.8525e-02
-5.0264e-02
-7.8597e-02
-9.5503e-02
-8.8223e-02
-5.6344e-02
-7.8509e-03
3.2471e-02
6.0119e-02
7.6192e-02
7.3874e-02
5.0808e-02
2.0161e-02
-3.0501e-03
-1.2008e-02
-2.3512e-02
-4.4459e-02
-6.5450e-02
-7.5394e-02
-6.6910e-02
-4.4129e-02
-1.9603e-02
-3.9297e-03
4.1985e-03
1.5692e-02
2.8976e-02
4.2229e-02
4.8079e-02
2.9190e-02
6.1009e-04
-9.2531e-03
8.2368e-03
4.7846e-02
8.4317e-02
1.0079e-01
9.0802e-02
4.9061e-02
2.9198e-03
-2.5525e-02
-3.7221e-02
-2.9558e-02
-1.0712e-02
7.7856e-04
6.6900e-03
1.3842e-02
2.5166e-02
3.2637e-02
2.5360e-02
3.7997e-03
-2.2160e-02
-4.0324e-02
-4.1897e-02
-2.9301e-02
-1.6974e-02
-6.6117e-03
1.4335e-02
4.0662e-02
5.7084e-02
5.8765e-02
4.5052e-02
2.8125e-02
2.2221e-02
2.1346e-02
1.2219e-02
-9.1621e-03
-3.4983e-02
-5.5272e-02
-5.8082e-02
-2.9176e-02
1.7622e-02
5.2978e-02
7.1790e-02
8.1857e-02
9.1877e-02
9.2551e-02
7.7814e-02
4.1289e-02
-7.4819e-03
-4.4722e-02
-6.5767e-02
-6.4964e-02
-5.5432e-02
-4.2318e-02
-2.9424e-02
-1.5978e-02
-6.0660e-04
-9.6597e-03
-4.1422e-02
-6.8972e-02
-7.4561e-02
-5.1058e-02
-1.2065e-02
2.1592e-02
3.6991e-02
3.7750e-02
2.8809e-02
1.1126e-02
-2.0653e-03
6.8357e-03
2.1865e-02
2.3895e-02
1.7672e-02
3.7791e-03
-1.9201e-02
-4.4290e-02
-5.7190e-02
-4.5988e-02
-1.5245e-02
1.5796e-02
4.1607e-02
5.9961e-02
6.8798e-02
5.8897e-02
4.6895e-02
5.5589e-02
8.5654e-02
1.1939e-01
1.3973e-01
1.4934e-01
1.4013e-01
9.9247e-02
5.0859e-02
2.8370e-02
3.5586e-02
5.1436e-02
5.0843e-02
3.3580e-02
2.5668e-03
-3.3751e-02
-5.5125e-02
-5.1763e-02
-3.6917e-02
-2.6060e-02
-2.2145e-02
-7.0750e-03
2.3861e-02
5.3760e-02
6.0966e-02
3.6375e-02
-7.1656e-03
-5.0127e-02
-6.6413e-02
-6.1176e-02
-5.5065e-02
-5.2004e-02
-4.9858e-02
-4.7906e-02
-4.4726e-02
-3.2528e-02
-1.1879e-02
9.0143e-03
2.2742e-02
4.1208e-02
5.2492e-02
5.1068e-02
3.8819e-02
1.3249e-02
-1.0667e-02
-3.0462e-02
-3.2048e-02
-1.9391e-02
-9.4887e-04
8.4503e-03
6.9964e-03
8.8303e-03
1.6555e-02
2.9096e-02
3.1767e-02
2.1399e-02
5.4010e-03
-6.3637e-03
-1.1163e-02
-1.1976e-02
-2.0311e-02
-3.8482e-02
-4.6657e-02
-4.1732e-02
-3.5200e-02
-2.0113e-02
3.3250e-03
3.0980e-02
4.5965e-02
3.8234e-02
8.5420e-03
-2.6014e-02
-3.4629e-02
-1.8960e-02
-3.3984e-03
-2.0221e-03
-3.7947e-03
1.9676e-03
1.9302e-02
4.1879e-02
6.2342e-02
7.8791e-02
8.2882e-02
7.3571e-02
5.2581e-02
2.0218e-02
-9.2636e-03
-2.7512e-02
-4.5016e-02
-5.9180e-02
-6.6071e-02
-5.7149e-02
-4.1473e-02
-2.1932e-02
7.8952e-03
3.9726e-02
6.4147e-02
7.0787e-02
6.1185e-02
4.1347e-02
1.7122e-02
-1.0922e-02
-2.8178e-02
-2.8056e-02
-2.4371e-02
-2.7465e-02
-3.0295e-02
-1.8893e-02
-2.6641e-03
8.6670e-03
1.9168e-02
2.6276e-02
2.3066e-02
4.9426e-03
-2.1282e-02
-4.4876e-02
-5.6606e-02
-5.7308e-02
-4.8827e-02
-2.9758e-02
-5.2959e-03
7.3979e-03
5.1847e-03
-1.6924e-03
-7.4069e-03
-1.1169e-02
-1.8243e-02
-2.7255e-02
-2.9536e-02
-2.8804e-02
-3.5115e-02
-4.7195e-02
-5.3784e-02
-4.8557e-02
-4.0978e-02
-3.1908e-02
-1.7509e-02
4.2549e-03
1.9403e-02
2.5846e-02
1.8779e-02
-6.5163e-03
-2.7168e-02
-2.9165e-02
-1.5573e-02
-2.4890e-03
1.3751e-03
-1.3397e-03
-1.8467e-02
-4.3484e-02
-5.6184e-02
-4.8385e-02
-3.2512e-02
-1.8652e-02
-1.5147e-02
-2.1543e-02
-2.9095e-02
-2.8786e-02
-1.3977e-02
1.3789e-02
4.6145e-02
6.6825e-02
7.3139e-02
6.1910e-02
4.7627e-02
3.4632e-02
2.2505e-02
1.0153e-02
-6.3871e-03
-2.0718e-02
-3.2632e-02
-4.3146e-02
-5.7680e-02
-7.4966e-02
-8.7568e-02
-9.0510e-02
-7.9541e-02
-5.1751e-02
-1.8306e-02
9.6975e-03
2.3913e-02
3.1302e-02
3.9430e-02
4.9955e-02
5.6527e-02
5.3229e-02
3.5113e-02
1.0817e-02
-1.2513e-02
-3.2209e-02
-4.9139e-02
-6.5446e-02
-6.6757e-02
-5.3474e-02
-3.1113e-02
-8.6070e-03
1.2960e-02
3.4616e-02
5.4217e-02
6.5379e-02
6.3790e-02
5.4228e-02
4.2968e-02
3.4027e-02
1.9629e-02
-1.0404e-03
-2.2970e-02
-4.2192e-02
-5.6309e-02
-6.6721e-02
-6.2301e-02
-4.0568e-02
-1.6485e-02
-1.0056e-03
3.2416e-03
6.6176e-03
1.5559e-02
3.1429e-02
4.9017e-02
5.8114e-02
5.3349e-02
3.3775e-02
7.9844e-03
-1.7687e-02
-3.0147e-02
-2.5930e-02
-1.2003e-02
4.0871e-03
7.5411e-03
7.5005e-03
7.1312e-03
1.6301e-03
-1.2914e-02
-3.2841e-02
-4.3856e-02
-4.2602e-02
-3.9175e-02
-4.3422e-02
-5.0821e-02
-6.0634e-02
-6.7219e-02
-5.1967e-02
-1.8685e-02
1.4003e-02
3.6353e-02
4.3448e-02
4.0845e-02
3.1761e-02
1.6298e-02
3.7268e-03
-4.5502e-03
-1.1773e-02
-1.5376e-02
-1.4901e-02
-1.1275e-02
-9.0476e-03
-6.6104e-03
-5.6782e-03
-1.1230e-02
-1.8029e-02
-2.4137e-02
-3.1241e-02
-3.4780e-02
-3.4529e-02
-2.9119e-02
-2.8475e-02
-2.5662e-02
-1.9486e-02
-9.9954e-03
5.0193e-04
7.0674e-03
1.8588e-02
2.6649e-02
3.0357e-02
2.8123e-02
2.6388e-02
2.9584e-02
4.3603e-02
5.8948e-02
7.1956e-02
6.7191e-02
4.8085e-02
2.2606e-02
2.0895e-03
-4.8284e-03
-3.2522e-03
1.7237e-03
4.4116e-03
-5.4713e-04
-1.4007e-02
-1.9311e-02
-1.3224e-02
3.2596e-03
1.3425e-02
1.9438e-02
2.8661e-02
4.1785e-02
5.6227e-02
6.7745e-02
7.4148e-02
7.1877e-02
6.6854e-02
5.7265e-02
4.6547e-02
4.1040e-02
3.9148e-02
3.2136e-02
7.8026e-03
-2.0788e-02
-4.5198e-02
-5.6797e-02
-5.5696e-02
-3.6467e-02
-6.7310e-03
1.6877e-02
2.8432e-02
1.9656e-02
3.0174e-03
-8.5101e-03
-8.3270e-03
-3.4224e-03
3.4312e-03
5.7565e-03
5.4820e-03
-8.1132e-03
-2.1122e-02
-1.6726e-02
-1.2746e-02
-1.6600e-02
-3.0843e-02
-4.0303e-02
-3.1476e-02
-7.6178e-03
1.2994e-02
2.3152e-02
2.7182e-02
2.4057e-02
1.1804e-02
-5.8767e-04
-1.0593e-02
-1.7454e-02
-1.4532e-02
-7.0037e-03
-1.1522e-02
-2.3785e-02
-3.4990e-02
-3.5685e-02
-2.9066e-02
-2.2039e-02
-1.0735e-02
4.2057e-03
1.8882e-02
2.9118e-02
3.5376e-02
3.0505e-02
2.0201e-02
9.7953e-03
4.6060e-03
4.4332e-03
9.8903e-03
2.2340e-02
3.4688e-02
4.2809e-02
4.6087e-02
3.8213e-02
2.6140e-02
1.8307e-02
8.2671e-03
-1.9047e-03
-8.3650e-03
-1.4402e-02
-1.5429e-02
-9.4631e-03
-3.4399e-03
5.6880e-03
1.1325e-02
1.5890e-02
2.3218e-02
2.7245e-02
3.0252e-02
2.7493e-02
2.0870e-02
1.3155e-02
1.3813e-02
1.7274e-02
1.6819e-02
1.5369e-02
1.1129e-02
1.0708e-02
8.0815e-03
1.2314e-03
-3.1919e-03
-7.3779e-03
-1.3604e-02
-2.1620e-02
-1.7367e-02
-2.9918e-03
1.2366e-02
2.5205e-02
3.0693e-02
2.6473e-02
1.1912e-02
-1.3308e-03
-1.4082e-02
-2.7142e-02
-3.2016e-02
-3.1626e-02
-3.1616e-02
-3.3683e-02
-3.5070e-02
-2.8277e-02
-1.3553e-02
-1.0425e-03
8.8481e-03
1.6085e-02
1.8891e-02
2.1125e-02
2.1247e-02
1.1417e-02
-5.0725e-03
-2.0952e-02
-3.0687e-02
-2.5819e-02
-1.3475e-02
-2.8150e-03
2.7471e-03
4.4080e-03
2.8692e-03
-4.6114e-03
-5.4655e-03
5.8282e-03
1.6878e-02
1.8125e-02
8.4687e-03
-4.1809e-03
-1.1584e-02
-1.1905e-02
-8.4991e-03
-5.3333e-03
-2.0523e-03
2.5371e-03
6.3198e-03
6.9400e-03
1.7643e-03
9.9149e-04
1.2678e-02
2.8755e-02
4.1184e-02
4.7014e-02
4.0753e-02
2.3731e-02
1.0899e-02
4.5335e-03
-1.0334e-04
-4.2588e-03
-8.5703e-03
-1.4926e-02
-1.9027e-02
-1.0584e-02
4.4555e-03
2.1311e-02
3.4452e-02
3.6771e-02
3.5727e-02
3.1012e-02
2.1467e-02
6.7433e-03
-1.2407e-02
-3.4036e-02
-5.1918e-02
-5.7315e-02
-5.2024e-02
-3.8784e-02
-2.5714e-02
-1.9837e-02
-1.8688e-02
-1.8508e-02
-1.2953e-02
8.9287e-04
1.2417e-02
2.5229e-02
3.0168e-02
2.7798e-02
1.7491e-02
2.5231e-03
-7.9979e-03
-1.8519e-02
-2.2427e-02
-2.1329e-02
-1.8976e-02
-1.9000e-02
-2.3054e-02
-2.4501e-02
-2.2363e-02
-2.1634e-02
-2.6393e-02
-3.6992e-02
-3.9225e-02
-3.8175e-02
-2.5247e-02
-9.1575e-03
5.4342e-03
1.7131e-02
1.9365e-02
1.4935e-02
5.2002e-03
-1.4805e-03
-4.9005e-03
-8.0629e-03
-1.7581e-02
-3.0457e-02
-4.3429e-02
-5.0021e-02
-4.3975e-02
-2.6560e-02
-1.2914e-02
-6.2770e-03
-2.6130e-03
-7.6237e-04
2.7288e-03
6.0979e-03
6.8740e-03
1.7558e-03
-1.6603e-04
-2.6336e-03
-2.6133e-03
-3.1320e-03
-6.0639e-03
-5.7453e-03
-5.8538e-03
7.2848e-04
1.5734e-02
3.2308e-02
3.9833e-02
3.9399e-02
3.7802e-02
3.3508e-02
2.5285e-02
8.6086e-03
-5.9560e-03
-8.5083e-03
4.6356e-04
9.2897e-03
1.0656e-02
7.8525e-03
1.3548e-03
9.3105e-04
2.6834e-03
9.4111e-04
-3.0111e-03
-1.7604e-03
7.9233e-03
1.9193e-02
2.7426e-02
2.9636e-02
2.8097e-02
2.3586e-02
1.9437e-02
1.6305e-02
1.1360e-02
1.9301e-03
-1.1258e-02
-2.2078e-02
-2.4996e-02
-2.1949e-02
-2.4430e-02
-3.3080e-02
-3.5287e-02
-2.7525e-02
-1.6499e-02
-1.2453e-04
1.5176e-02
2.2517e-02
2.1222e-02
1.2091e-02
1.0491e-02
1.3694e-02
1.3067e-02
7.9385e-03
-7.1152e-04
-1.1056e-02
-1.6185e-02
-1.3429e-02
-3.7759e-03
1.2904e-02
2.8444e-02
3.9697e-02
4.6415e-02
4.2633e-02
2.7681e-02
1.6882e-02
1.3496e-02
1.1591e-02
9.4762e-03
4.9139e-03
-2.5634e-03
-7.7256e-03
-1.1837e-02
-1.1891e-02
-9.0376e-03
-3.0315e-03
8.3164e-03
1.6566e-02
2.2081e-02
3.1331e-02
4.0367e-02
4.3268e-02
3.4005e-02
2.2019e-02
1.1268e-02
-9.5798e-04
-5.9542e-03
-6.1610e-03
-5.3455e-04
5.1326e-03
3.8004e-03
-5.7851e-03
-1.2835e-02
-2.4038e-02
-2.3367e-02
-1.1788e-02
-4.4298e-03
-1.4505e-03
-2.2699e-04
3.0743e-03
3.0877e-03
3.5233e-04
-5.4472e-03
-1.1908e-02
-2.4198e-02
-3.0167e-02
-3.0964e-02
-2.3859e-02
-1.1176e-02
-8.8610e-03
-1.8196e-02
-3.3418e-02
-4.3458e-02
-4.8684e-02
-4.7288e-02
-3.7293e-02
-2.8910e-02
-2.4799e-02
-2.4064e-02
-2.7521e-02
-2.3322e-02
-1.2296e-02
5.2854e-03
1.5776e-02
1.6857e-02
8.2610e-03
-2.7311e-03
-1.2652e-02
-1.9164e-02
-1.9096e-02
-1.8313e-02
-1.7720e-02
-2.1001e-02
-2.5401e-02
-3.4203e-02
-3.7359e-02
-3.8481e-02
-3.2268e-02
-2.0802e-02
-1.4328e-02
-7.1017e-03
-1.5871e-03
-4.2459e-04
-2.6075e-03
-2.6754e-03
3.1001e-03
9.0689e-03
1.0608e-02
7.7570e-03
5.2369e-04
-7.4078e-03
-1.2241e-02
-6.6691e-03
-2.1985e-03
2.4924e-03
3.7566e-03
6.0342e-03
1.0735e-02
9.4607e-03
4.8035e-03
-2.5620e-03
-7.9954e-03
-9.8733e-03
-7.0297e-03
-5.5486e-03
-3.8201e-03
-8.6332e-03
-1.1853e-02
-1.4392e-02
-1.9924e-02
-2.3229e-02
-1.8860e-02
-1.0671e-02
-6.4513e-03
-2.5806e-03
-4.9228e-03
-1.4641e-02
-2.5168e-02
-2.9324e-02
-2.3982e-02
-1.0330e-02
2.1198e-03
1.5817e-02
2.3660e-02
2.2351e-02
1.9951e-02
2.0161e-02
2.3934e-02
2.4140e-02
1.4819e-02
1.6034e-03
-1.1236e-02
-2.4045e-02
-2.9787e-02
-3.1458e-02
-2.8025e-02
-1.9351e-02
-7.7558e-03
7.8120e-03
2.2004e-02
3.4490e-02
4.2018e-02
4.8248e-02
4.8563e-02
4.5655e-02
3.7788e-02
2.2491e-02
5.6347e-03
-7.4183e-03
-1.9556e-02
-2.8155e-02
-2.9108e-02
-2.5881e-02
-1.6323e-02
-9.9578e-03
-5.3550e-03
-2.1555e-03
6.5791e-03
1.8015e-02
2.6062e-02
3.1620e-02
3.3305e-02
3.0373e-02
2.1865e-02
1.3262e-02
1.2391e-02
1.9509e-02
2.3281e-02
2.3050e-02
2.1067e-02
1.3241e-02
1.2607e-02
1.7349e-02
2.1602e-02
2.5446e-02
2.6849e-02
2.9855e-02
2.7411e-02
2.4588e-02
1.7931e-02
6.8064e-03
-4.1926e-03
-1.0579e-02
-1.1941e-02
-7.1554e-03
1.3194e-05
4.6126e-03
1.2469e-02
1.9740e-02
2.9362e-02
3.8992e-02
4.2605e-02
4.2418e-02
3.4453e-02
2.0708e-02
2.3098e-03
-1.4668e-02
-2.0973e-02
-1.7055e-02
-7.4863e-03
4.0513e-03
1.0142e-02
1.0216e-02
8.1250e-03
6.4335e-03
7.2367e-03
4.6639e-03
3.1148e-03
-1.7831e-03
-2.9255e-03
-4.9390e-03
-4.5358e-03
-2.2718e-03
-3.3329e-03
-2.4823e-03
-3.3637e-03
-5.4716e-04
8.5636e-06
-3.3675e-03
-8.4146e-03
-1.5509e-02
-2.1095e-02
-2.4305e-02
-2.1854e-02
-1.7397e-02
-1.3256e-02
-1.3225e-02
-1.5981e-02
-2.2306e-02
-2.9546e-02
-3.3942e-02
-3.5892e-02
-3.3099e-02
-3.0048e-02
-1.8284e-02
-6.4748e-03
-6.5970e-03
-1.3163e-02
-1.7291e-02
-1.7891e-02
-1.0333e-02
-5.1165e-03
-3.1915e-03
-2.4019e-03
2.6347e-03
9.5864e-03
1.5877e-02
2.1717e-02
1.9399e-02
1.4568e-02
1.3155e-02
1.9479e-02
2.3079e-02
2.2913e-02
1.5245e-02
7.1614e-03
1.3246e-03
3.1774e-04
-1.7297e-03
-2.7365e-03
6.0200e-04
-1.9468e-04
-3.8317e-03
-1.1753e-02
-1.8922e-02
-2.0376e-02
-1.0777e-02
2.4143e-03
1.3423e-02
2.1968e-02
2.5035e-02
2.6862e-02
2.3615e-02
1.6995e-02
4.8502e-03
-9.4874e-03
-1.8619e-02
-2.4612e-02
-2.2490e-02
-1.6179e-02
-1.2701e-02
-1.2451e-02
-1.1970e-02
-1.5356e-02
-1.6824e-02
-1.8803e-02
-1.9691e-02
-1.6082e-02
-6.4152e-03
3.2786e-03
6.8408e-03
6.8338e-03
6.9828e-03
1.2633e-02
1.8988e-02
2.5591e-02
2.3991e-02
1.5263e-02
6.3311e-03
-1.1259e-03
-1.6514e-03
2.2429e-03
3.8189e-03
3.4357e-03
3.4559e-03
6.0182e-03
1.8823e-02
2.7141e-02
2.9459e-02
2.7409e-02
1.7813e-02
4.8377e-03
-8.3035e-03
-1.8743e-02
-1.6367e-02
-6.5753e-03
-6.2356e-04
6.2129e-03
4.6095e-03
3.8433e-03
7.1479e-03
1.2544e-02
1.7228e-02
1.9939e-02
1.7187e-02
1.2835e-02
1.5197e-02
1.8918e-02
1.7912e-02
1.4393e-02
1.0532e-02
6.1870e-03
1.0822e-03
-3.4937e-03
-2.5279e-03
-5.1786e-03
-7.8564e-03
-6.1449e-03
-4.1007e-04
6.3891e-03
1.6700e-02
2.3790e-02
3.1037e-02
3.1484e-02
2.3614e-02
2.0824e-02
1.3391e-02
8.2791e-03
3.7947e-03
-1.5879e-03
-5.5233e-03
-5.7268e-03
-2.7171e-03
2.8144e-03
9.2034e-03
1.6182e-02
1.9717e-02
2.0005e-02
1.6843e-02
5.4335e-03
-4.7385e-03
-1.1765e-02
-1.4806e-02
-1.8032e-02
-2.1548e-02
-2.1887e-02
-1.2918e-02
-1.7975e-03
7.1540e-03
1.3618e-02
1.8946e-02
2.5125e-02
2.8690e-02
3.3696e-02
3.5221e-02
3.2411e-02
2.6968e-02
2.0253e-02
1.4003e-02
5.3830e-03
-2.7756e-03
-8.5345e-03
-1.5714e-02
-2.1035e-02
-2.5076e-02
-2.3439e-02
-1.6416e-02
-1.2077e-02
-7.7153e-03
-5.2784e-03
-2.9738e-03
1.5917e-03
6.8927e-03
1.2265e-02
1.2977e-02
5.8890e-03
-5.5371e-03
-1.4943e-02
-1.7801e-02
-1.5682e-02
-1.0452e-02
-4.6125e-03
-1.9587e-03
-2.9621e-03
2.8981e-03
7.1348e-03
4.3112e-03
-4.3151e-03
-1.4070e-02
-1.7806e-02
-1.5850e-02
-1.0125e-02
-5.8378e-03
-7.0479e-03
-9.0038e-03
-5.8077e-03
-8.0157e-04
6.2721e-03
2.4351e-03
-8.1707e-03
-2.3027e-02
-3.1189e-02
-2.8678e-02
-2.1160e-02
-7.0258e-03
2.8713e-03
8.9824e-03
1.0138e-02
9.8227e-03
9.8124e-03
3.7146e-03
-7.8132e-03
-2.3178e-02
-3.2899e-02
-3.2645e-02
-2.3602e-02
-1.3701e-02
-1.0641e-02
-8.9259e-03
-5.7128e-03
-1.4151e-03
3.3097e-03
6.5295e-03
7.4886e-03
8.1460e-03
1.0563e-02
1.1128e-02
9.4912e-03
3.7120e-03
-5.3109e-03
-8.3887e-03
-9.8734e-03
-8.9313e-03
-6.1419e-03
-6.9013e-03
-9.4909e-03
-9.6165e-03
-9.3556e-03
-1.1488e-02
-1.4979e-02
-1.6420e-02
-1.3607e-02
-6.4143e-03
2.9711e-03
8.7297e-03
1.0770e-02
1.3007e-02
1.3349e-02
1.2630e-02
8.0918e-03
4.3497e-03
1.5905e-03
-3.9548e-03
-9.2222e-03
-1.3049e-02
-1.3927e-02
-1.3561e-02
-9.8566e-03
-5.9791e-03
-3.5610e-04
3.5823e-03
5.2058e-03
7.3986e-03
2.1753e-03
-6.5425e-03
-1.4949e-02
-1.6308e-02
-1.5606e-02
-1.0055e-02
4.9359e-05
3.4116e-03
3.2827e-03
-2.8660e-03
-1.2255e-02
-1.8234e-02
-2.0966e-02
-1.9112e-02
-1.5201e-02
-1.3401e-02
-1.6367e-02
-2.1401e-02
-2.2797e-02
-2.2021e-02
-1.8737e-02
-1.5663e-02
-1.2063e-02
-1.1443e-02
-1.5097e-02
-1.6263e-02
-1.5589e-02
-1.0498e-02
-3.4580e-03
2.2192e-03
3.9037e-03
1.2293e-03
-1.7400e-03
-5.8109e-03
-1.1716e-02
-1.3115e-02
-1.2573e-02
-1.3014e-02
-1.2631e-02
-1.2604e-02
-9.0317e-03
-1.0659e-02
-1.0123e-02
-4.2495e-03
-2.2397e-03
3.4574e-05
-1.1112e-03
-3.7916e-04
1.0274e-03
3.1626e-03
3.7014e-03
2.7286e-03
-1.4677e-03
-5.7860e-03
-3.9524e-03
2.8773e-03
7.1987e-03
3.9922e-03
-2.2954e-03
-8.8643e-03
-9.4000e-03
-8.6442e-03
-5.2718e-03
-8.3800e-03
-9.1631e-03
-6.4279e-03
-5.9670e-03
-7.4043e-03
-7.9670e-03
-7.3299e-03
-7.8893e-03
1.6065e-04
3.3907e-03
3.0957e-03
-1.9987e-03
-3.0258e-03
2.7362e-03
9.1998e-03
1.5769e-02
2.2266e-02
2.6574e-02
2.5327e-02
2.2615e-02
1.9147e-02
2.0551e-02
2.2418e-02
2.2211e-02
1.7181e-02
9.2429e-03
4.4229e-03
5.5515e-03
1.0903e-02
1.2957e-02
1.1486e-02
5.6224e-03
8.9395e-04
-1.2076e-03
-2.2008e-03
-3.4516e-03
-9.0071e-03
-1.3091e-02
-1.2481e-02
-6.9838e-03
-2.8114e-03
-3.1776e-03
-4.8622e-03
-8.7263e-03
-9.8381e-03
-7.2927e-03
-2.2574e-04
5.3363e-03
7.6207e-03
7.7325e-03
6.3563e-03
6.7664e-03
6.7460e-03
1.2918e-02
2.1965e-02
2.4300e-02
2.3368e-02
1.8822e-02
1.3460e-02
7.6403e-03
6.7996e-03
1.0565e-02
1.3097e-02
1.2660e-02
9.6838e-03
1.0046e-02
9.6124e-03
1.0477e-02
1.3456e-02
1.6706e-02
1.5188e-02
7.7648e-03
-1.5732e-03
-8.6607e-03
-1.0030e-02
-7.0881e-03
-5.1597e-04
5.6766e-03
8.3813e-03
1.2855e-02
1.6268e-02
1.7051e-02
1.7241e-02
1.2008e-02
1.0265e-02
9.0215e-03
6.6319e-03
-1.5945e-03
-1.4888e-02
-2.7605e-02
-3.2934e-02
-2.9493e-02
-1.7498e-02
-4.0962e-03
1.2702e-02
2.6578e-02
2.8734e-02
3.4930e-02
3.4089e-02
2.9839e-02
2.3473e-02
1.6701e-02
4.6448e-03
-8.1607e-03
-2.1807e-02
-3.1148e-02
-3.4928e-02
-3.2779e-02
-2.2881e-02
-9.1710e-03
5.8037e-03
1.6311e-02
2.5039e-02
2.6432e-02
2.3269e-02
1.1450e-02
4.2375e-03
1.2649e-03
-2.1297e-04
-1.4332e-03
-6.1073e-03
-1.1941e-02
-1.8804e-02
-1.8432e-02
-1.0565e-02
-3.4976e-03
3.3586e-04
-4.9120e-04
-3.5214e-03
-8.5345e-03
-9.5514e-03
-3.9079e-03
2.8236e-03
7.2739e-03
9.9279e-03
7.5552e-03
3.5593e-04
-3.2912e-03
-3.1522e-03
-2.8438e-03
2.4505e-03
9.4159e-03
1.4934e-02
2.0252e-02
1.7910e-02
1.5544e-02
1.0724e-02
5.4298e-03
-4.2879e-03
-1.0904e-02
-1.2690e-02
-1.1128e-02
-9.1485e-03
-1.0308e-02
-1.3443e-02
-1.6066e-02
-1.6497e-02
-1.3440e-02
-9.2773e-03
-3.5762e-03
-2.1696e-03
-8.5994e-03
-1.3812e-02
-1.6422e-02
-1.0209e-02
-3.8237e-03
8.7752e-04
3.2400e-03
3.2908e-03
3.3315e-03
3.5654e-03
7.3751e-03
9.4665e-03
1.0304e-02
6.9820e-03
1.5520e-03
-4.7626e-03
-1.2016e-02
-1.3653e-02
-1.5985e-02
-1.8202e-02
-1.9744e-02
-1.7829e-02
-1.7517e-02
-1.3328e-02
-9.5145e-03
-8.0503e-03
-3.5863e-03
2.4097e-03
9.4361e-03
1.3554e-02
1.6551e-02
1.3764e-02
7.2432e-03
-1.2441e-03
-1.0897e-02
-1.5615e-02
-2.0378e-02
-2.1988e-02
-1.9225e-02
-1.3233e-02
-3.6234e-03
2.0540e-03
5.4808e-03
7.1993e-03
8.4535e-03
7.4536e-03
6.3046e-03
7.0028e-03
1.0311e-02
1.3107e-02
1.1165e-02
7.0708e-03
1.0002e-03
-1.2505e-04
2.0734e-05
1.6652e-04
-2.0129e-03
-3.5008e-03
-3.1686e-03
-2.7652e-03
-1.3043e-03
-3.6202e-04
1.6678e-04
1.7294e-03
3.9563e-03
2.2311e-03
5.0589e-04
-2.6259e-03
-8.6795e-03
-9.6997e-03
-3.8121e-03
2.4856e-03
7.6546e-03
7.3530e-03
6.9463e-03
9.7155e-03
1.0217e-02
1.3105e-02
1.2563e-02
7.3872e-03
4.7267e-04
-5.6894e-03
-1.2309e-02
-1.0668e-02
-4.1165e-03
-2.7301e-03
5.0012e-04
4.0557e-03
1.2275e-02
1.8814e-02
2.3674e-02
2.5254e-02
2.2471e-02
1.6882e-02
1.0794e-02
7.6491e-03
4.3004e-03
2.6057e-03
-1.8853e-03
-4.0681e-03
-8.2337e-03
-1.0423e-02
-8.7318e-03
-6.9692e-03
-4.2135e-03
-2.9186e-03
3.9214e-03
9.4328e-03
1.3571e-02
1.8039e-02
2.0045e-02
1.8490e-02
1.6599e-02
1.5300e-02
1.3714e-02
1.4301e-02
1.0613e-02
9.6370e-03
7.8982e-03
5.5596e-03
1.6584e-03
-2.9478e-03
-8.8285e-03
-1.5940e-02
-2.1397e-02
-2.3478e-02
-1.8403e-02
-1.5560e-02
-1.0645e-02
-4.2487e-03
-9.5742e-04
7.8519e-03
1.6034e-02
1.9481e-02
1.7868e-02
1.1245e-02
6.7169e-03
-2.2753e-03
-7.3458e-03
-1.1650e-02
-1.3348e-02
-1.2989e-02
-1.0854e-02
-1.9120e-03
8.1312e-03
1.5286e-02
1.6527e-02
1.3704e-02
7.0266e-03
9.3582e-04
-1.9282e-03
-5.7819e-03
-6.3919e-03
-5.9139e-03
-8.6321e-03
-9.2353e-03
-1.3357e-02
-1.2438e-02
-9.3570e-03
-4.5981e-03
-1.1441e-03
2.4455e-03
7.4654e-03
9.2450e-03
1.0604e-02
1.0781e-02
9.1573e-03
4.0935e-03
-3.1497e-03
-1.2721e-02
-1.6321e-02
-1.6484e-02
-1.3857e-02
-7.1622e-03
-5.7634e-04
3.8199e-03
6.9757e-03
9.5925e-03
1.1592e-02
1.3426e-02
1.0433e-02
3.3835e-03
-7.8966e-03
-1.6113e-02
-2.1332e-02
-2.5355e-02
-2.3776e-02
-1.6366e-02
-6.9772e-03
-1.4353e-03
2.8390e-03
5.1372e-03
6.0423e-03
6.7136e-03
4.1242e-03
-3.3800e-03
-1.2264e-02
-1.9185e-02
-2.2900e-02
-2.2815e-02
-2.2543e-02
-2.5251e-02
-3.0156e-02
-3.1047e-02
-2.8996e-02
-2.6485e-02
-1.9824e-02
-1.0116e-02
-6.3879e-03
-6.7132e-03
-6.0385e-03
-2.8963e-03
1.9305e-03
3.5779e-03
2.4867e-03
-1.7161e-03
-6.3189e-03
-9.8675e-03
-9.9182e-03
-8.1352e-03
-1.1609e-02
-1.3483e-02
-1.2534e-02
-7.4193e-03
-2.4366e-03
2.2768e-04
2.0310e-03
8.6523e-04
-3.8223e-03
-9.8926e-03
-1.2916e-02
-1.3316e-02
-1.1017e-02
-7.7566e-03
-4.0280e-03
2.6393e-03
7.1610e-03
9.6186e-03
9.3544e-03
3.9144e-03
-2.3729e-03
-5.2436e-03
-9.0193e-03
-9.3987e-03
-6.5175e-03
-6.2224e-03
-2.9819e-03
-5.5306e-03
-6.7269e-03
-6.5607e-03
-6.5198e-03
-6.7298e-03
-5.9602e-03
-3.4213e-03
-1.4789e-03
2.2090e-03
3.6938e-03
6.9954e-03
8.2124e-03
9.3209e-03
9.8363e-03
9.5009e-03
8.3792e-03
7.7252e-03
9.6879e-03
9.4882e-03
9.8612e-03
9.0344e-03
6.0179e-03
2.5541e-03
-1.8588e-03
-4.4448e-03
-4.4039e-03
-2.7463e-03
3.9257e-04
4.9821e-03
8.7684e-03
9.7515e-03
9.5382e-03
1.1484e-02
1.3830e-02
1.5874e-02
1.6399e-02
1.4095e-02
1.0733e-02
8.9329e-03
6.0114e-03
2.5781e-03
-5.5701e-04
-3.5734e-03
-2.3700e-03
3.8737e-03
6.1448e-03
8.5007e-03
9.8534e-03
9.5689e-03
9.6165e-03
8.3931e-03
7.1630e-03
6.8581e-03
9.5665e-03
1.1570e-02
1.3316e-02
1.2160e-02
9.6623e-03
9.6456e-03
9.5543e-03
1.0060e-02
1.3520e-02
1.4321e-02
1.1826e-02
1.0060e-02
7.3457e-03
6.6138e-03
1.2003e-02
1.8969e-02
2.4531e-02
2.8304e-02
2.7274e-02
2.3746e-02
1.8245e-02
9.5644e-03
4.8668e-03
-1.4882e-03
-3.4674e-03
-5.2229e-03
-8.8020e-03
-1.0242e-02
-9.0015e-03
-6.9710e-03
-3.9541e-03
2.9652e-04
-2.1911e-03
-3.7433e-03
-2.6313e-03
-1.7368e-04
-1.0905e-04
1.6571e-03
4.2164e-03
5.6165e-03
3.2475e-03
3.0613e-03
3.1598e-03
3.4855e-03
7.0209e-03
9.9395e-03
1.4970e-02
1.6461e-02
1.4075e-02
1.0808e-02
6.9953e-03
2.3485e-03
-1.7999e-03
-4.1723e-03
-1.6808e-03
7.8019e-04
1.7159e-03
3.5838e-03
2.5130e-03
-1.9270e-03
-5.6349e-03
-8.5597e-03
-1.2139e-02
-1.3291e-02
-1.2592e-02
-9.3078e-03
-6.1723e-03
-2.7283e-03
-1.3852e-04
-5.3528e-05
-1.9902e-04
4.5271e-05
-3.9511e-04
2.1032e-03
2.8661e-03
-6.0111e-04
-5.6986e-03
-1.2250e-02
-1.3226e-02
-1.2612e-02
-9.3447e-03
-4.6805e-03
-2.4906e-03
-2.2961e-04
4.5213e-06
-5.4771e-04
-3.9708e-03
-6.5500e-03
-6.6954e-03
-6.1020e-03
-2.8513e-03
8.7678e-05
-7.2893e-04
-3.6131e-03
-8.8733e-03
-9.4459e-03
-6.5815e-03
-4.7781e-03
-1.0629e-03
5.6090e-04
3.0728e-03
5.0016e-03
6.9712e-03
5.4326e-03
3.6128e-03
4.0317e-04
-3.5690e-03
-3.2773e-03
-3.3312e-03
-3.4767e-03
-2.7409e-03
-1.9857e-04
1.7879e-03
4.0320e-03
6.1711e-03
8.3474e-03
1.0161e-02
7.3887e-03
4.5520e-03
5.2552e-04
6.3425e-04
9.8025e-04
1.9416e-04
3.2280e-03
4.8891e-03
8.7500e-03
1.1516e-02
1.5302e-02
1.5787e-02
1.2307e-02
9.1581e-03
6.2468e-03
6.5521e-03
6.1931e-03
6.6611e-03
5.6717e-03
3.2925e-03
2.9132e-03
3.8455e-03
6.1981e-03
8.4219e-03
1.0022e-02
7.6191e-03
4.2130e-03
1.1220e-03
-2.3757e-03
-3.5278e-03
-3.1920e-03
-5.2017e-03
-8.9264e-03
-1.0004e-02
-8.0107e-03
-3.8617e-03
2.4396e-03
8.7544e-03
9.7987e-03
7.8161e-03
5.3726e-03
3.5662e-03
8.7865e-04
1.9086e-04
3.4654e-03
1.0523e-03
-2.0047e-03
-7.6039e-03
-1.0325e-02
-9.6133e-03
-8.1860e-03
-5.3827e-03
-5.5756e-03
-6.8328e-03
-4.6057e-03
-2.5480e-03
2.5200e-04
3.4621e-03
2.4286e-03
6.9783e-05
-1.6755e-03
-2.1100e-04
-1.4633e-04
1.8272e-04
-2.6371e-03
-7.0126e-03
-5.8701e-03
-3.3141e-03
-3.4664e-03
-2.9408e-03
-7.4519e-03
-1.0329e-02
-9.6986e-03
-7.6206e-03
-2.1598e-03
-5.1228e-04
4.1670e-04
-2.7251e-03
-8.6869e-03
-1.1954e-02
-1.3452e-02
-1.2265e-02
-1.1408e-02
-9.9363e-03
-9.8242e-03
-9.7459e-03
-8.2475e-03
-3.4206e-03
1.1249e-03
2.5115e-03
2.8710e-03
4.1457e-03
5.7221e-03
9.6474e-03
8.9121e-03
4.1942e-03
4.4236e-04
-3.8519e-03
-7.2750e-03
-9.4745e-03
-1.2077e-02
-1.2718e-02
-7.8976e-03
-5.5789e-03
-3.6602e-03
-2.5482e-03
-2.4987e-04
4.7912e-04
4.7162e-03
3.2997e-03
3.4118e-03
-8.3835e-04
-3.8717e-03
-4.8645e-03
-7.2437e-03
-6.0300e-03
-6.9958e-03
-6.1108e-03
-7.0495e-03
-4.2054e-03
-3.3172e-03
-2.7848e-03
7.6224e-05
-1.9640e-03
-4.1872e-03
-5.2953e-03
-1.1674e-02
-1.3484e-02
-1.0914e-02
-9.1617e-03
-4.6196e-03
-2.8670e-03
-3.6633e-03
-2.5513e-03
-1.6822e-04
4.5565e-05
-1.3722e-04
1.8939e-05
-9.6060e-05
-5.3669e-04
-4.4534e-04
-2.1021e-03
-1.3968e-04
1.4450e-03
2.8037e-03
6.9129e-03
9.1258e-03
9.4048e-03
9.3049e-03
7.4773e-03
5.1696e-03
2.6208e-03
-1.1460e-03
-3.4636e-03
-3.6884e-03
-3.4211e-03
-3.7133e-03
-1.5723e-03
1.8901e-03
3.6250e-03
4.7859e-03
3.9043e-03
2.6072e-03
3.5641e-03
5.9719e-03
7.8657e-03
1.0157e-02
1.1564e-02
1.0890e-02
1.2802e-02
9.6793e-03
9.2004e-03
4.8087e-03
2.1354e-03
2.2555e-03
-2.0963e-03
-2.5920e-03
-4.0884e-03
-1.6950e-03
1.3974e-03
4.5633e-03
5.4118e-03
1.5026e-03
-2.7290e-04
-2.8516e-03
-3.6895e-03
-3.9058e-03
-2.9419e-03
-9.0367e-04
7.7927e-05
2.0502e-03
4.2683e-03
6.6279e-03
5.5059e-03
3.1128e-03
3.5765e-04
-3.3473e-03
-8.4337e-03
-1.1537e-02
-1.1993e-02
-8.6510e-03
-4.7689e-03
-1.1122e-03
-7.3281e-04
1.5146e-03
6.3759e-04
-7.0426e-04
-9.2652e-04
-3.2525e-03
-4.6944e-03
-2.3984e-03
8.3401e-04
-8.5105e-04
-1.6105e-03
-4.2464e-03
-5.0930e-03
-7.8937e-03
-7.1657e-03
-3.0466e-03
-8.8899e-04
-4.5122e-04
-2.6617e-03
-3.8518e-03
-4.0605e-03
-5.8463e-03
-1.9050e-03
-5.2423e-04
-2.5299e-03
-4.1411e-03
-7.3736e-03
-8.6739e-03
-1.2618e-02
-1.3722e-02
-1.3876e-02
-1.2974e-02
-1.0359e-02
-6.8026e-03
-3.4113e-03
-1.6607e-03
-8.9358e-04
-4.6661e-04
-5.7837e-04
-4.2524e-04
-5.9489e-04
-4.1781e-03
-4.3449e-03
-3.5875e-03
-4.7055e-03
-3.7453e-03
-1.8857e-03
-1.8536e-03
-1.5307e-03
-1.8140e-03
6.8035e-05
6.3763e-04
2.2223e-03
2.6540e-03
-6.3608e-06
-4.9002e-04
-1.9397e-03
-1.1380e-03
-2.4507e-04
1.0765e-03
2.9154e-03
5.7012e-03
7.3120e-03
9.1180e-03
7.4506e-03
6.7974e-03
5.4602e-03
5.7136e-03
6.8095e-03
6.1889e-03
7.4618e-03
8.1967e-03
6.5923e-03
5.1616e-03
5.5038e-03
7.3161e-03
7.9963e-03
7.0101e-03
6.7949e-03
5.1189e-03
5.1757e-03
4.1045e-03
1.9264e-03
6.8832e-05
-4.0825e-04
-6.1237e-04
2.7415e-04
1.1784e-03
2.3662e-03
3.1033e-03
3.6776e-03
4.4390e-03
4.9671e-03
4.8270e-03
4.3149e-03
3.9287e-03
2.7766e-03
3.1618e-03
3.0772e-03
2.9152e-03
2.4584e-03
2.3627e-03
2.4579e-03
2.1230e-03
3.2947e-03
4.6748e-03
4.4303e-03
4.3257e-03
3.5275e-03
2.4552e-03
2.4710e-03
2.6746e-03
3.3013e-03
3.6784e-03
3.4079e-03
2.8841e-03
2.4587e-03
1.8239e-03
3.5116e-04
-8.8298e-04
-1.1218e-03
-1.1031e-03
-8.7902e-04
8.3943e-05
1.0698e-03
1.7600e-03
1.7060e-03
1.4730e-03
4.7227e-04
-6.5988e-04
-8.5561e-04
-1.2119e-03
-8.8006e-04
-2.6549e-04
-6.6607e-05
5.4934e-04
9.8801e-04
1.3783e-03
9.6000e-04
4.2396e-04
1.3512e-04
-3.8645e-04
-9.1133e-04
-1.1862e-03
-1.0592e-03
-1.4511e-03
-2.1679e-03
-2.2702e-03
-2.0941e-03
-1.1801e-03
-1.5778e-04
3.0684e-04
1.2621e-03
1.1399e-03
8.9457e-04
4.9441e-04
1.4994e-04
2.4893e-04
9.5068e-05
2.7655e-04
2.7101e-04
2.9867e-05
2.9065e-05
2.8495e-04
5.6857e-04
8.5083e-04
5.0213e-04
1.9583e-04
5.7920e-05
7.0072e-05
2.6418e-04
1.8763e-04
2.4599e-05
-2.6385e-04
-4.8265e-04
-4.2540e-04
-4.9983e-04
-4.0591e-04
-1.5318e-04
-1.6136e-04
-4.2283e-04
-6.1064e-04
-5.4402e-04
-6.3034e-04
-3.7253e-04
-3.2008e-04
-1.4278e-04
-1.1145e-04
-4.2692e-04
-4.2830e-04
-4.6105e-04
-4.8264e-04
-4.9212e-04
-6.3962e-04
-6.4119e-04
-7.1235e-04
-6.6374e-04
-3.9009e-04
-3.6221e-04
-3.0183e-04
-4.0515e-04
-4.9449e-04
-6.9873e-04
-9.0424e-04
-1.0688e-03
-1.2284e-03
-1.3573e-03
-1.4525e-03
-1.3716e-03
-1.3212e-03
-1.2428e-03
-1.2002e-03
-1.1028e-03
-9.1665e-04
-7.2539e-04
-5.8033e-04
-4.1630e-04
-3.3130e-04
-2.9938e-04
-2.3939e-04
-3.6296e-04
-5.3251e-04
-6.2939e-04
-6.6637e-04
-7.1989e-04
-7.9723e-04
-8.0937e-04
-8.2903e-04
-8.0055e-04
-7.5640e-04
-7.5763e-04
-6.1442e-04
-4.9576e-04
-3.8038e-04
-2.9588e-04
-2.7657e-04
-2.5564e-04
-2.3957e-04
-2.1875e-04
-2.0702e-04
-1.8317e-04
-2.0949e-04
-2.0758e-04
-2.1841e-04
-1.9170e-04
-1.3317e-04
-7.2189e-05
-1.7037e-06
3.5017e-05
4.8637e-05
1.7973e-05
-2.4242e-05
-7.0618e-05
-9.9653e-05
-1.0002e-04
-8.4512e-05
-9.4255e-05
-9.3519e-05
-7.8430e-05
-5.6338e-05
-1.7496e-05
1.1581e-05
2.9929e-05
4.0159e-05
3.3750e-05
1.6554e-05
-5.3340e-06
-2.1656e-05
-2.6575e-05
-2.3801e-05
-1.0630e-05
-2.1019e-06
2.3949e-06
6.4779e-06
5.4222e-06
3.0177e-06
1.6049e-06
-2.7874e-06
-4.5727e-06
-1.1344e-05
-1.8940e-05
-2.4191e-05
-3.1222e-05
-4.0473e-05
-4.8647e-05
-5.3375e-05
-5.3895e-05
-5.3931e-05
-5.4137e-05
-5.3883e-05
-5.5418e-05
-5.7747e-05
-5.6768e-05
-5.5241e-05
-5.1944e-05
-4.7509e-05
-4.5758e-05
-4.6261e-05
-4.7224e-05
-4.7460e-05
-4.7763e-05
-4.6860e-05
-4.5871e-05
-4.4337e-05
-4.2484e-05
-4.1036e-05
-3.9178e-05
-3.7293e-05
-3.5725e-05
-3.4229e-05
-3.3083e-05
-3.1890e-05
-3.0687e-05
-2.9507e-05
-2.8172e-05
-2.6838e-05
-2.5461e-05
-2.4099e-05
-2.2745e-05
-2.1451e-05
-2.0079e-05
-1.8661e-05
-1.7174e-05
-1.5633e-05
-1.4067e-05
-1.2490e-05
-1.0898e-05
-9.2821e-06
-7.6524e-06
-6.0014e-06
-4.3317e-06
-2.6455e-06
-9.4195e-07
7.8021e-07
2.5232e-06
4.2891e-06
