7.7175e-05
7.7073e-05
7.7330e-05
7.7492e-05
7.7738e-05
7.7502e-05
7.6991e-05
7.5841e-05
7.4520e-05
7.2806e-05
7.1073e-05
6.8771e-05
6.6134e-05
6.2694e-05
5.8979e-05
5.5319e-05
5.3386e-05
5.4089e-05
5.8897e-05
6.6100e-05
7.5042e-05
8.3690e-05
9.1263e-05
9.5833e-05
9.6850e-05
9.4061e-05
9.0001e-05
8.3696e-05
7.4724e-05
6.2986e-05
4.7706e-05
2.7245e-05
2.8656e-06
-2.2623e-05
-4.4898e-05
-5.7894e-05
-5.6519e-05
-4.0956e-05
-1.4857e-05
1.8767e-05
5.6407e-05
9.0862e-05
1.1745e-04
1.3273e-04
1.3457e-04
1.2569e-04
1.1507e-04
1.0562e-04
9.8634e-05
9.8465e-05
1.0685e-04
1.1176e-04
1.0376e-04
8.5162e-05
5.5704e-05
2.1909e-05
2.4579e-06
1.0918e-05
4.0380e-05
8.0783e-05
1.1724e-04
1.4272e-04
1.5663e-04
1.6398e-04
1.6109e-04
1.3985e-04
1.0202e-04
5.3618e-05
-9.7893e-07
-5.6298e-05
-1.0078e-04
-1.2894e-04
-1.3979e-04
-1.3039e-04
-1.0064e-04
-6.7681e-05
-3.1869e-05
1.2268e-05
5.5340e-05
8.3838e-05
1.0204e-04
1.0183e-04
7.3580e-05
1.1472e-05
-8.3591e-05
-2.1116e-04
-3.5142e-04
-4.5748e-04
-5.1047e-04
-5.0358e-04
-4.3076e-04
-3.0464e-04
-1.7430e-04
-4.9621e-05
7.0080e-05
1.8707e-04
3.1735e-04
4.7692e-04
6.7538e-04
8.8913e-04
1.1036e-03
1.2933e-03
1.4469e-03
1.5433e-03
1.5672e-03
1.4904e-03
1.3389e-03
1.1504e-03
9.7368e-04
8.0418e-04
6.4939e-04
5.2279e-04
3.9089e-04
2.0440e-04
-3.5499e-05
-3.2669e-04
-6.5737e-04
-9.9602e-04
-1.2916e-03
-1.5193e-03
-1.6389e-03
-1.6272e-03
-1.4901e-03
-1.2699e-03
-9.9175e-04
-6.9537e-04
-4.4694e-04
-2.8101e-04
-1.9915e-04
-1.9928e-04
-2.3551e-04
-2.3967e-04
-1.6313e-04
5.8564e-06
2.9432e-04
6.8325e-04
1.0750e-03
1.3540e-03
1.4587e-03
1.3669e-03
1.1431e-03
8.0224e-04
3.7938e-04
-1.1139e-04
-6.8446e-04
-1.3419e-03
-2.0876e-03
-2.8952e-03
-3.6945e-03
-4.3975e-03
-4.9026e-03
-5.1448e-03
-5.0636e-03
-4.7167e-03
-4.0572e-03
-3.1798e-03
-2.1759e-03
-1.2056e-03
-4.0156e-04
1.6066e-04
5.6114e-04
8.4348e-04
1.1348e-03
1.4360e-03
1.7412e-03
2.1202e-03
2.6009e-03
3.1210e-03
3.6575e-03
4.1640e-03
4.5764e-03
4.7947e-03
4.7203e-03
4.2527e-03
3.5089e-03
2.5697e-03
1.5480e-03
4.9460e-04
-5.2195e-04
-1.3829e-03
-2.0782e-03
-2.6632e-03
-3.2991e-03
-3.9208e-03
-4.3876e-03
-4.6713e-03
-4.7636e-03
-4.7212e-03
-4.5635e-03
-4.3846e-03
-4.2163e-03
-4.0974e-03
-4.0895e-03
-4.1880e-03
-4.2943e-03
-4.3233e-03
-4.1855e-03
-3.8441e-03
-3.2318e-03
-2.3893e-03
-1.3478e-03
-2.4588e-04
9.2667e-04
2.1892e-03
3.4551e-03
4.6758e-03
5.8380e-03
6.9284e-03
7.9555e-03
8.8951e-03
9.7043e-03
1.0332e-02
1.0740e-02
1.0986e-02
1.0975e-02
1.0625e-02
9.7918e-03
8.3083e-03
6.2437e-03
3.6732e-03
8.7976e-04
-1.9734e-03
-4.7311e-03
-7.1206e-03
-8.9303e-03
-9.9849e-03
-1.0448e-02
-1.0255e-02
-9.4835e-03
-8.3910e-03
-7.0061e-03
-5.4602e-03
-3.8543e-03
-2.3554e-03
-9.2027e-04
5.1273e-04
1.7934e-03
2.8429e-03
3.8220e-03
4.7644e-03
5.6139e-03
6.3510e-03
6.8834e-03
6.9500e-03
6.2393e-03
4.7187e-03
2.3622e-03
-2.7829e-04
-2.5551e-03
-4.1041e-03
-5.0111e-03
-5.2874e-03
-4.8922e-03
-4.1189e-03
-3.0681e-03
-1.8746e-03
-5.7613e-04
6.6758e-04
1.5594e-03
1.8415e-03
1.6016e-03
9.3865e-04
2.8991e-04
-1.0845e-04
-1.4559e-04
6.7680e-05
3.1002e-04
1.6889e-04
-4.7568e-04
-1.6211e-03
-3.0169e-03
-4.3460e-03
-5.2200e-03
-5.5483e-03
-5.3805e-03
-5.0248e-03
-4.6531e-03
-4.5468e-03
-4.7892e-03
-5.3356e-03
-5.9567e-03
-6.4345e-03
-6.5803e-03
-6.3143e-03
-5.6217e-03
-4.6770e-03
-3.6236e-03
-2.6600e-03
-1.9521e-03
-1.6242e-03
-1.6608e-03
-1.8820e-03
-1.8959e-03
-1.5276e-03
-7.4837e-04
4.4057e-04
1.9462e-03
3.4843e-03
4.9822e-03
6.5108e-03
8.0062e-03
9.3519e-03
1.0413e-02
1.0994e-02
1.0972e-02
1.0428e-02
9.5860e-03
8.5542e-03
7.5568e-03
6.6668e-03
5.8361e-03
4.9208e-03
3.8385e-03
2.6044e-03
1.1209e-03
-7.5868e-04
-3.1135e-03
-5.8678e-03
-8.6382e-03
-1.1237e-02
-1.3497e-02
-1.5114e-02
-1.5766e-02
-1.5215e-02
-1.3534e-02
-1.0699e-02
-7.5197e-03
-4.1641e-03
-8.2586e-04
2.1523e-03
4.3475e-03
5.5294e-03
5.5660e-03
4.8133e-03
3.4309e-03
1.9743e-03
5.9256e-04
-5.9151e-04
-1.3805e-03
-1.6673e-03
-1.5442e-03
-1.1005e-03
-3.6767e-04
5.5448e-04
1.6229e-03
2.7635e-03
3.9945e-03
5.3024e-03
6.5626e-03
7.6019e-03
8.2127e-03
8.1447e-03
7.3236e-03
5.7531e-03
3.5531e-03
1.2968e-03
-6.3206e-04
-2.0060e-03
-2.7998e-03
-2.9743e-03
-2.9161e-03
-2.6809e-03
-2.3483e-03
-2.0950e-03
-2.0188e-03
-2.0963e-03
-2.2317e-03
-2.2401e-03
-1.9617e-03
-1.3252e-03
-5.2369e-04
2.8947e-04
8.5355e-04
1.1042e-03
1.0154e-03
6.5841e-04
6.7774e-05
-6.1915e-04
-1.2159e-03
-1.5267e-03
-1.5851e-03
-1.4127e-03
-1.1017e-03
-7.5165e-04
-4.7407e-04
-3.6857e-04
-4.2917e-04
-4.7334e-04
-2.7763e-04
4.1072e-04
1.6564e-03
3.5931e-03
5.9578e-03
8.3494e-03
9.9800e-03
1.0496e-02
9.5142e-03
6.9167e-03
2.4998e-03
-2.8303e-03
-8.6967e-03
-1.4020e-02
-1.8158e-02
-2.0911e-02
-2.2411e-02
-2.2698e-02
-2.1582e-02
-1.9317e-02
-1.5962e-02
-1.1965e-02
-7.6024e-03
-3.2501e-03
1.0315e-03
5.0626e-03
8.5156e-03
1.1222e-02
1.3007e-02
1.4359e-02
1.5188e-02
1.5390e-02
1.4804e-02
1.3443e-02
1.1735e-02
9.9637e-03
8.5035e-03
7.5511e-03
7.1740e-03
7.0379e-03
7.0669e-03
7.0124e-03
6.6316e-03
5.7253e-03
4.3454e-03
2.5473e-03
6.0134e-04
-1.1725e-03
-2.6707e-03
-4.2067e-03
-5.9187e-03
-7.8814e-03
-1.0130e-02
-1.2665e-02
-1.5332e-02
-1.7863e-02
-2.0017e-02
-2.1631e-02
-2.2444e-02
-2.2103e-02
-2.0627e-02
-1.7937e-02
-1.4285e-02
-9.7620e-03
-4.7599e-03
1.6310e-04
4.5442e-03
8.2613e-03
1.1190e-02
1.3361e-02
1.4627e-02
1.4779e-02
1.3751e-02
1.2022e-02
9.8906e-03
7.7492e-03
5.9495e-03
4.6089e-03
3.6231e-03
3.0835e-03
3.0050e-03
3.1090e-03
3.2381e-03
3.1608e-03
2.6737e-03
1.6576e-03
3.1301e-04
-1.3078e-03
-3.0223e-03
-4.4312e-03
-5.2165e-03
-5.4954e-03
-5.1616e-03
-4.3728e-03
-3.3965e-03
-2.4346e-03
-1.5922e-03
-9.4585e-04
-5.2924e-04
-2.9541e-04
-1.4178e-04
-7.0822e-05
-6.8343e-05
-1.3516e-05
1.4712e-04
4.1190e-04
7.2523e-04
1.0513e-03
1.3654e-03
1.7443e-03
2.3046e-03
3.0652e-03
4.0408e-03
5.1629e-03
6.4346e-03
7.7142e-03
8.7411e-03
9.2565e-03
9.3043e-03
8.8066e-03
7.9029e-03
6.6068e-03
5.0522e-03
3.5024e-03
2.0900e-03
8.5977e-04
-2.5783e-04
-1.2827e-03
-2.1543e-03
-2.7129e-03
-2.8240e-03
-2.4957e-03
-1.7884e-03
-9.4878e-04
-1.0393e-04
5.0208e-04
6.9966e-04
3.9397e-04
-2.4377e-04
-1.0610e-03
-1.8155e-03
-2.3675e-03
-2.6458e-03
-2.7317e-03
-2.5935e-03
-2.1588e-03
-1.3583e-03
-1.6377e-04
1.2053e-03
2.5415e-03
3.5352e-03
4.1191e-03
4.3135e-03
4.0860e-03
3.3676e-03
2.2113e-03
5.6939e-04
-1.5053e-03
-3.9528e-03
-6.5996e-03
-9.0337e-03
-1.1233e-02
-1.3177e-02
-1.4787e-02
-1.5923e-02
-1.6513e-02
-1.6629e-02
-1.6171e-02
-1.5289e-02
-1.4076e-02
-1.2736e-02
-1.1492e-02
-1.0501e-02
-9.7422e-03
-9.0921e-03
-8.3301e-03
-7.4130e-03
-6.3440e-03
-5.0916e-03
-3.6716e-03
-2.2771e-03
-1.0120e-03
4.1831e-05
8.2615e-04
1.3136e-03
1.5720e-03
1.5845e-03
1.4040e-03
1.0397e-03
5.0584e-04
-1.5328e-04
-8.8034e-04
-1.4558e-03
-1.7510e-03
-1.6552e-03
-1.1411e-03
-1.6373e-04
9.9587e-04
2.2556e-03
3.5054e-03
4.6157e-03
5.4255e-03
5.8296e-03
5.6908e-03
4.9751e-03
3.5767e-03
1.5565e-03
-8.4445e-04
-3.5119e-03
-6.1535e-03
-8.3016e-03
-9.7171e-03
-1.0544e-02
-1.0666e-02
-9.8811e-03
-8.3690e-03
-6.1016e-03
-3.1990e-03
2.5323e-04
3.9540e-03
7.5577e-03
1.0802e-02
1.3665e-02
1.5910e-02
1.7359e-02
1.7824e-02
1.7641e-02
1.6690e-02
1.5090e-02
1.3009e-02
1.0544e-02
7.9218e-03
5.3190e-03
3.0270e-03
1.2425e-03
1.3284e-04
-2.9029e-04
-2.3239e-04
2.7658e-04
9.5548e-04
1.7081e-03
2.3945e-03
2.8041e-03
2.7284e-03
2.1222e-03
9.2037e-04
-6.0019e-04
-2.0778e-03
-3.3097e-03
-4.3553e-03
-5.1148e-03
-5.4888e-03
-5.6164e-03
-5.4928e-03
-5.2220e-03
-4.8563e-03
-4.4881e-03
-4.1779e-03
-3.9220e-03
-3.6110e-03
-3.2368e-03
-2.8269e-03
-2.3388e-03
-1.7643e-03
-1.2145e-03
-8.0065e-04
-6.0253e-04
-5.9428e-04
-7.1155e-04
-9.7545e-04
-1.4389e-03
-2.0864e-03
-2.8509e-03
-3.5421e-03
-3.9222e-03
-3.8321e-03
-3.4214e-03
-2.7863e-03
-2.0643e-03
-1.3434e-03
-7.1575e-04
-2.8906e-04
-1.2529e-04
-2.0446e-04
-5.4910e-04
-1.0921e-03
-1.6461e-03
-2.1173e-03
-2.4402e-03
-2.5688e-03
-2.5013e-03
-2.3194e-03
-2.0678e-03
-1.8777e-03
-1.8271e-03
-2.0075e-03
-2.4932e-03
-3.2719e-03
-4.0945e-03
-4.8342e-03
-5.3852e-03
-5.7323e-03
-5.7713e-03
-5.4585e-03
-4.7709e-03
-3.7805e-03
-2.6270e-03
-1.4514e-03
-3.8941e-04
5.4183e-04
1.3704e-03
2.0247e-03
2.4469e-03
2.6723e-03
2.7387e-03
2.7144e-03
2.6285e-03
2.5755e-03
2.6280e-03
2.8476e-03
3.2498e-03
3.8497e-03
4.5906e-03
5.5143e-03
6.6766e-03
7.9821e-03
9.3125e-03
1.0411e-02
1.1147e-02
1.1396e-02
1.1016e-02
9.9145e-03
8.3620e-03
6.5140e-03
4.6255e-03
2.9135e-03
1.5451e-03
5.1429e-04
-1.6229e-04
-4.9944e-04
-5.0656e-04
-1.9770e-04
1.3040e-04
4.6239e-04
8.6758e-04
1.4076e-03
2.2381e-03
3.5113e-03
5.2403e-03
7.1388e-03
9.0617e-03
1.0787e-02
1.2089e-02
1.2765e-02
1.2871e-02
1.2430e-02
1.1636e-02
1.0612e-02
9.5385e-03
8.4688e-03
7.3665e-03
6.2021e-03
5.0046e-03
3.8519e-03
2.8165e-03
1.9824e-03
1.3877e-03
1.0261e-03
9.1204e-04
1.0004e-03
1.2369e-03
1.4616e-03
1.5208e-03
1.3036e-03
9.0570e-04
3.9110e-04
-8.2744e-05
-4.0303e-04
-4.6814e-04
-2.4810e-04
2.8308e-04
1.0685e-03
2.0785e-03
3.1356e-03
4.1944e-03
5.2321e-03
6.1890e-03
7.0527e-03
7.9153e-03
8.8670e-03
1.0041e-02
1.1585e-02
1.3551e-02
1.5705e-02
1.7974e-02
2.0275e-02
2.2472e-02
2.4350e-02
2.5784e-02
2.6747e-02
2.7282e-02
2.7418e-02
2.7260e-02
2.6875e-02
2.6391e-02
2.5831e-02
2.5227e-02
2.4648e-02
2.4099e-02
2.3559e-02
2.3023e-02
2.2483e-02
2.1891e-02
2.1223e-02
2.0502e-02
1.9790e-02
1.9111e-02
1.8355e-02
1.7457e-02
1.6474e-02
1.5380e-02
1.4168e-02
1.2893e-02
1.1493e-02
9.9061e-03
8.3122e-03
6.9146e-03
5.6160e-03
4.4174e-03
3.3761e-03
2.4238e-03
1.7187e-03
1.6892e-03
2.4516e-03
3.7165e-03
5.5451e-03
8.0649e-03
1.1085e-02
1.4436e-02
1.7620e-02
2.0580e-02
2.3369e-02
2.5673e-02
2.7202e-02
2.7953e-02
2.8175e-02
2.8048e-02
2.7624e-02
2.6861e-02
2.5707e-02
2.4337e-02
2.2893e-02
2.1491e-02
2.0204e-02
1.8930e-02
1.7499e-02
1.5800e-02
1.3737e-02
1.1326e-02
8.4193e-03
4.9662e-03
1.1846e-03
-2.9683e-03
-7.4813e-03
-1.2036e-02
-1.6439e-02
-2.0744e-02
-2.4786e-02
-2.8402e-02
-3.1606e-02
-3.4418e-02
-3.6690e-02
-3.8200e-02
-3.8764e-02
-3.8272e-02
-3.6602e-02
-3.3781e-02
-3.0424e-02
-2.6368e-02
-2.1581e-02
-1.6269e-02
-1.1424e-02
-7.2962e-03
-3.6971e-03
-7.3147e-04
1.7614e-03
3.7293e-03
5.3071e-03
6.2507e-03
6.4332e-03
5.8932e-03
4.5932e-03
2.6312e-03
-7.7507e-06
-3.1382e-03
-6.5755e-03
-9.9104e-03
-1.2491e-02
-1.4604e-02
-1.6425e-02
-1.7757e-02
-1.8531e-02
-1.9028e-02
-1.9459e-02
-2.0073e-02
-2.1172e-02
-2.3005e-02
-2.5674e-02
-2.9418e-02
-3.4386e-02
-4.0050e-02
-4.6443e-02
-5.3141e-02
-5.8802e-02
-6.3652e-02
-6.7727e-02
-7.0819e-02
-7.2571e-02
-7.2529e-02
-7.0880e-02
-6.7336e-02
-6.2387e-02
-5.6222e-02
-4.8638e-02
-3.9720e-02
-3.0099e-02
-2.0283e-02
-1.1323e-02
-3.1532e-03
3.6051e-03
8.6733e-03
1.3219e-02
1.6496e-02
1.7816e-02
1.7567e-02
1.5917e-02
1.3377e-02
1.0138e-02
6.4735e-03
2.5787e-03
-1.1946e-03
-4.2866e-03
-6.7849e-03
-8.9378e-03
-1.1171e-02
-1.3483e-02
-1.5826e-02
-1.8238e-02
-2.0606e-02
-2.2643e-02
-2.4495e-02
-2.6170e-02
-2.7338e-02
-2.7732e-02
-2.7332e-02
-2.6034e-02
-2.3678e-02
-2.0464e-02
-1.6502e-02
-1.2427e-02
-8.3169e-03
-4.2330e-03
-2.3038e-04
3.7119e-03
7.2955e-03
1.0223e-02
1.2485e-02
1.4488e-02
1.6224e-02
1.7718e-02
1.8876e-02
1.9602e-02
1.9873e-02
1.9668e-02
1.9096e-02
1.8059e-02
1.6536e-02
1.4311e-02
1.1251e-02
7.7669e-03
4.0072e-03
1.9444e-04
-3.4862e-03
-6.9500e-03
-1.0046e-02
-1.2510e-02
-1.4140e-02
-1.5057e-02
-1.5332e-02
-1.4937e-02
-1.4004e-02
-1.2641e-02
-1.1334e-02
-1.0158e-02
-9.0645e-03
-7.9969e-03
-6.8554e-03
-5.5352e-03
-3.9596e-03
-2.1875e-03
-1.1035e-04
2.3665e-03
5.4111e-03
9.1434e-03
1.3560e-02
1.8539e-02
2.3633e-02
2.8728e-02
3.3870e-02
3.8851e-02
4.3235e-02
4.6542e-02
4.8720e-02
4.9395e-02
4.9089e-02
4.7726e-02
4.5554e-02
4.2696e-02
3.8954e-02
3.4340e-02
2.9533e-02
2.4459e-02
1.9020e-02
1.3693e-02
8.8257e-03
4.6518e-03
1.1369e-03
-1.5786e-03
-3.4504e-03
-4.8829e-03
-5.7876e-03
-6.2481e-03
-6.5706e-03
-6.9871e-03
-7.6725e-03
-8.9137e-03
-1.0982e-02
-1.3886e-02
-1.7611e-02
-2.1751e-02
-2.5836e-02
-2.9426e-02
-3.2820e-02
-3.5767e-02
-3.7917e-02
-3.9370e-02
-4.0101e-02
-4.0264e-02
-4.0026e-02
-3.9451e-02
-3.8595e-02
-3.7301e-02
-3.5458e-02
-3.2839e-02
-2.9139e-02
-2.4048e-02
-1.7707e-02
-9.7277e-03
-4.8138e-04
8.7183e-03
1.7051e-02
2.4707e-02
3.1707e-02
3.7856e-02
4.2903e-02
4.6578e-02
4.8482e-02
4.9466e-02
4.9399e-02
4.8623e-02
4.6881e-02
4.4065e-02
4.0479e-02
3.6258e-02
3.1507e-02
2.6533e-02
2.1306e-02
1.5426e-02
9.3972e-03
3.8380e-03
-1.0097e-03
-5.2774e-03
-8.8719e-03
-1.1648e-02
-1.3189e-02
-1.3205e-02
-1.2240e-02
-1.0251e-02
-7.2831e-03
-3.5856e-03
6.0493e-04
4.8961e-03
9.0704e-03
1.2928e-02
1.6230e-02
1.8958e-02
2.0903e-02
2.2101e-02
2.2483e-02
2.2365e-02
2.1677e-02
2.0585e-02
1.9493e-02
1.8583e-02
1.7682e-02
1.6808e-02
1.6073e-02
1.5446e-02
1.4982e-02
1.4786e-02
1.4885e-02
1.5109e-02
1.5377e-02
1.5626e-02
1.5781e-02
1.5707e-02
1.5229e-02
1.4148e-02
1.2370e-02
9.9972e-03
6.9362e-03
3.3337e-03
-2.4418e-04
-3.5130e-03
-6.6905e-03
-9.7853e-03
-1.2606e-02
-1.4975e-02
-1.7029e-02
-1.9066e-02
-2.1115e-02
-2.3072e-02
-2.4770e-02
-2.6048e-02
-2.6767e-02
-2.6999e-02
-2.6606e-02
-2.5451e-02
-2.3503e-02
-2.0713e-02
-1.7294e-02
-1.3320e-02
-9.2285e-03
-5.2649e-03
-1.7900e-03
8.5222e-04
2.6763e-03
3.9585e-03
4.5481e-03
4.3793e-03
3.4678e-03
2.0613e-03
1.6820e-04
-2.0747e-03
-4.2968e-03
-6.3844e-03
-8.3519e-03
-1.0231e-02
-1.1925e-02
-1.3287e-02
-1.4225e-02
-1.4818e-02
-1.5253e-02
-1.5578e-02
-1.5762e-02
-1.5702e-02
-1.5254e-02
-1.4302e-02
-1.2585e-02
-1.0138e-02
-6.9829e-03
-3.3342e-03
5.2604e-04
4.4266e-03
8.3572e-03
1.2183e-02
1.5598e-02
1.8287e-02
2.0223e-02
2.1287e-02
2.1453e-02
2.0692e-02
1.9254e-02
1.7353e-02
1.5475e-02
1.4075e-02
1.3453e-02
1.3445e-02
1.4127e-02
1.5524e-02
1.7469e-02
1.9746e-02
2.1931e-02
2.3771e-02
2.5080e-02
2.5562e-02
2.4875e-02
2.2761e-02
1.9068e-02
1.4402e-02
9.1454e-03
3.6807e-03
-1.4937e-03
-6.3571e-03
-1.0664e-02
-1.3977e-02
-1.6096e-02
-1.7132e-02
-1.7318e-02
-1.6630e-02
-1.5264e-02
-1.3405e-02
-1.1340e-02
-9.1010e-03
-6.6459e-03
-4.1343e-03
-1.7172e-03
3.3670e-04
1.8230e-03
2.7103e-03
2.9794e-03
2.6170e-03
1.8871e-03
8.7731e-04
-1.7987e-04
-1.1913e-03
-2.0621e-03
-2.7099e-03
-3.0444e-03
-3.0573e-03
-2.7977e-03
-2.4078e-03
-1.9992e-03
-1.6730e-03
-1.5069e-03
-1.6183e-03
-2.0657e-03
-2.7476e-03
-3.4976e-03
-4.3567e-03
-5.5239e-03
-7.2104e-03
-9.5126e-03
-1.2262e-02
-1.5041e-02
-1.7856e-02
-2.0805e-02
-2.3607e-02
-2.6167e-02
-2.8566e-02
-3.0643e-02
-3.2118e-02
-3.2845e-02
-3.2698e-02
-3.1658e-02
-2.9756e-02
-2.7087e-02
-2.3861e-02
-2.0152e-02
-1.6185e-02
-1.2125e-02
-8.1195e-03
-4.2896e-03
-7.3625e-04
2.5535e-03
5.4012e-03
7.6414e-03
9.1204e-03
1.0080e-02
1.0421e-02
1.0172e-02
9.2784e-03
7.8430e-03
6.2082e-03
4.5900e-03
3.2327e-03
2.2031e-03
1.5655e-03
1.2755e-03
1.4465e-03
2.0313e-03
3.0263e-03
4.3940e-03
5.8691e-03
7.3630e-03
8.8880e-03
1.0498e-02
1.2198e-02
1.3850e-02
1.5347e-02
1.6722e-02
1.7952e-02
1.9005e-02
1.9741e-02
2.0062e-02
1.9943e-02
1.9333e-02
1.8317e-02
1.6901e-02
1.5213e-02
1.3366e-02
1.1475e-02
9.6705e-03
7.9546e-03
6.2272e-03
4.5195e-03
2.9102e-03
1.4695e-03
2.4049e-04
-8.5134e-04
-1.7948e-03
-2.5653e-03
-3.1174e-03
-3.3506e-03
-3.2963e-03
-2.9487e-03
-2.3547e-03
-1.5900e-03
-6.2353e-04
4.8308e-04
1.6194e-03
2.5505e-03
3.1709e-03
3.4085e-03
3.1701e-03
2.3114e-03
1.0130e-03
-7.4262e-04
-2.8594e-03
-5.0451e-03
-7.1905e-03
-9.2168e-03
-1.0973e-02
-1.2335e-02
-1.3398e-02
-1.3991e-02
-1.3976e-02
-1.3466e-02
-1.2595e-02
-1.1586e-02
-1.0496e-02
-9.4790e-03
-8.6352e-03
-8.1126e-03
-8.0508e-03
-8.4732e-03
-8.9928e-03
-9.5669e-03
-1.0220e-02
-1.0896e-02
-1.1515e-02
-1.1955e-02
-1.2153e-02
-1.2111e-02
-1.1930e-02
-1.1570e-02
-1.1011e-02
-1.0274e-02
-9.4973e-03
-8.6583e-03
-7.7313e-03
-6.7805e-03
-5.8202e-03
-4.8246e-03
-3.7841e-03
-2.6437e-03
-1.2737e-03
3.4771e-04
1.9550e-03
3.4506e-03
4.8323e-03
5.9453e-03
6.6403e-03
6.9700e-03
6.9003e-03
6.3553e-03
5.3181e-03
4.0019e-03
2.5112e-03
8.7796e-04
-8.3963e-04
-2.4838e-03
-3.7694e-03
-4.5792e-03
-4.8747e-03
-4.8575e-03
-4.5334e-03
-3.9537e-03
-3.2593e-03
-2.5520e-03
-1.8874e-03
-1.3452e-03
-1.0423e-03
-1.0673e-03
-1.4612e-03
-2.2016e-03
-3.3191e-03
-4.6112e-03
-6.0786e-03
-7.6892e-03
-9.2935e-03
-1.0796e-02
-1.2110e-02
-1.3110e-02
-1.3698e-02
-1.3970e-02
-1.3761e-02
-1.2987e-02
-1.1592e-02
-9.6150e-03
-7.4817e-03
-5.3416e-03
-3.1900e-03
-9.7325e-04
1.3001e-03
3.4516e-03
5.2428e-03
6.5678e-03
7.3548e-03
7.7238e-03
7.7041e-03
7.3772e-03
6.7057e-03
5.7284e-03
4.5978e-03
3.4254e-03
2.3310e-03
1.2229e-03
4.9925e-05
-1.0972e-03
-2.1951e-03
-3.2913e-03
-4.3868e-03
-5.5268e-03
-6.8030e-03
-8.1229e-03
-9.2655e-03
-1.0206e-02
-1.0952e-02
-1.1556e-02
-1.2023e-02
-1.2352e-02
-1.2520e-02
-1.2576e-02
-1.2718e-02
-1.2966e-02
-1.3259e-02
-1.3511e-02
-1.3711e-02
-1.3986e-02
-1.4413e-02
-1.4977e-02
-1.5543e-02
-1.5995e-02
-1.6319e-02
-1.6414e-02
-1.6198e-02
-1.5650e-02
-1.4728e-02
-1.3487e-02
-1.1903e-02
-1.0012e-02
-7.8122e-03
-5.3287e-03
-2.5496e-03
5.0737e-04
3.6406e-03
6.6892e-03
9.4693e-03
1.1922e-02
1.4109e-02
1.5913e-02
1.7179e-02
1.7824e-02
1.7937e-02
1.7718e-02
1.7197e-02
1.6552e-02
1.5782e-02
1.4919e-02
1.4120e-02
1.3519e-02
1.3110e-02
1.2855e-02
1.2674e-02
1.2513e-02
1.2414e-02
1.2444e-02
1.2592e-02
1.2792e-02
1.3000e-02
1.3211e-02
1.3477e-02
1.3830e-02
1.4252e-02
1.4680e-02
1.5084e-02
1.5507e-02
1.5958e-02
1.6419e-02
1.6940e-02
1.7516e-02
1.7970e-02
1.8223e-02
1.8454e-02
1.8628e-02
1.8644e-02
1.8461e-02
1.7997e-02
1.7209e-02
1.6100e-02
1.4817e-02
1.3404e-02
1.1930e-02
1.0565e-02
9.2836e-03
8.0698e-03
7.0761e-03
6.4255e-03
6.0227e-03
5.8508e-03
5.8624e-03
5.9952e-03
6.1792e-03
6.3055e-03
6.3224e-03
6.2133e-03
6.0080e-03
5.7269e-03
5.3913e-03
4.9346e-03
4.3118e-03
3.6840e-03
3.1579e-03
2.6513e-03
2.1780e-03
1.8172e-03
1.5695e-03
1.4557e-03
1.5056e-03
1.7388e-03
2.1030e-03
2.5524e-03
3.0234e-03
3.5004e-03
3.9496e-03
4.2994e-03
4.5906e-03
4.8541e-03
4.9721e-03
4.8368e-03
4.4997e-03
4.0006e-03
3.4691e-03
2.8690e-03
2.1615e-03
1.4247e-03
7.0481e-04
2.2898e-05
-6.4218e-04
-1.2959e-03
-1.9153e-03
-2.5131e-03
-3.1220e-03
-3.6981e-03
-4.2060e-03
-4.6748e-03
-5.1108e-03
-5.5155e-03
-5.8183e-03
-6.0437e-03
-6.4091e-03
-6.9673e-03
-7.6358e-03
-8.3175e-03
-8.9445e-03
-9.5238e-03
-1.0097e-02
-1.0715e-02
-1.1326e-02
-1.1918e-02
-1.2593e-02
-1.3360e-02
-1.4131e-02
-1.4865e-02
-1.5559e-02
-1.6252e-02
-1.6891e-02
-1.7366e-02
-1.7567e-02
-1.7455e-02
-1.7185e-02
-1.6626e-02
-1.5661e-02
-1.4374e-02
-1.2959e-02
-1.1506e-02
-1.0023e-02
-8.5657e-03
-7.2253e-03
-6.0951e-03
-5.1429e-03
-4.3332e-03
-3.6096e-03
-2.9744e-03
-2.3952e-03
-1.8208e-03
-1.1544e-03
-3.5813e-04
5.6698e-04
1.5379e-03
2.4889e-03
3.3663e-03
4.1816e-03
4.9234e-03
5.4653e-03
5.7050e-03
5.7108e-03
5.4818e-03
5.1000e-03
4.5126e-03
3.6705e-03
2.7133e-03
1.7570e-03
9.1585e-04
1.5908e-04
-4.8410e-04
-8.9773e-04
-1.0814e-03
-1.1908e-03
-1.2276e-03
-1.1838e-03
-1.1392e-03
-1.1665e-03
-1.3380e-03
-1.7085e-03
-2.2675e-03
-2.9126e-03
-3.6479e-03
-4.5066e-03
-5.4703e-03
-6.4855e-03
-7.5311e-03
-8.5900e-03
-9.6436e-03
-1.0761e-02
-1.1850e-02
-1.2578e-02
-1.2930e-02
-1.3225e-02
-1.3501e-02
-1.3719e-02
-1.3864e-02
-1.3901e-02
-1.3833e-02
-1.3711e-02
-1.3563e-02
-1.3366e-02
-1.3133e-02
-1.2950e-02
-1.2805e-02
-1.2666e-02
-1.2543e-02
-1.2453e-02
-1.2391e-02
-1.2343e-02
-1.2259e-02
-1.2053e-02
-1.1640e-02
-1.1027e-02
-1.0295e-02
-9.6148e-03
-8.9978e-03
-8.3739e-03
-7.6323e-03
-6.7557e-03
-5.8886e-03
-5.0547e-03
-4.2492e-03
-3.4912e-03
-2.7846e-03
-2.0928e-03
-1.4769e-03
-1.0507e-03
-7.7429e-04
-5.4958e-04
-3.7659e-04
-2.6841e-04
-2.1164e-04
-2.3166e-04
-3.2530e-04
-4.3916e-04
-5.2939e-04
-5.8132e-04
-5.7972e-04
-5.0836e-04
-3.3870e-04
-1.9624e-05
4.6559e-04
1.1220e-03
1.8952e-03
2.7994e-03
3.8096e-03
4.8306e-03
5.7976e-03
6.7299e-03
7.6210e-03
8.4712e-03
9.2961e-03
1.0109e-02
1.0885e-02
1.1627e-02
1.2393e-02
1.3115e-02
1.3685e-02
1.4147e-02
1.4512e-02
1.4710e-02
1.4661e-02
1.4405e-02
1.3930e-02
1.3235e-02
1.2332e-02
1.1261e-02
1.0159e-02
9.0798e-03
8.0460e-03
6.9984e-03
5.9414e-03
4.9502e-03
4.0522e-03
3.2571e-03
2.5711e-03
1.9788e-03
1.4225e-03
9.3596e-04
5.7344e-04
3.6239e-04
3.2597e-04
4.3711e-04
7.1295e-04
1.1384e-03
1.6631e-03
2.2689e-03
2.8806e-03
3.4607e-03
4.0332e-03
4.7352e-03
5.5843e-03
6.3254e-03
6.8677e-03
7.2775e-03
7.5203e-03
7.5968e-03
7.6035e-03
7.5356e-03
7.3695e-03
7.1223e-03
6.8318e-03
6.4982e-03
6.1388e-03
5.8122e-03
5.4661e-03
5.0421e-03
4.5917e-03
4.1369e-03
3.6327e-03
3.1494e-03
2.7948e-03
2.5814e-03
2.4240e-03
2.1206e-03
1.6895e-03
1.3082e-03
1.1044e-03
1.1294e-03
1.2559e-03
1.4746e-03
1.7504e-03
2.0525e-03
2.3665e-03
2.6815e-03
3.0139e-03
3.3894e-03
3.8049e-03
4.2630e-03
4.8125e-03
5.4796e-03
6.1987e-03
6.9473e-03
7.7252e-03
8.5719e-03
9.4811e-03
1.0335e-02
1.1110e-02
1.1855e-02
1.2529e-02
1.3068e-02
1.3463e-02
1.3691e-02
1.3767e-02
1.3766e-02
1.3777e-02
1.3744e-02
1.3644e-02
1.3567e-02
1.3538e-02
1.3549e-02
1.3623e-02
1.3738e-02
1.3776e-02
1.3710e-02
1.3603e-02
1.3459e-02
1.3282e-02
1.3085e-02
1.2832e-02
1.2469e-02
1.1987e-02
1.1433e-02
1.0886e-02
1.0352e-02
9.7993e-03
9.2511e-03
8.7596e-03
8.3621e-03
8.0308e-03
7.6918e-03
7.4183e-03
7.2821e-03
7.2062e-03
7.1453e-03
7.0558e-03
6.9418e-03
6.8154e-03
6.6632e-03
6.5034e-03
6.3986e-03
6.3224e-03
6.2315e-03
6.1489e-03
6.0894e-03
6.0276e-03
5.9433e-03
5.8084e-03
5.5740e-03
5.3001e-03
5.2097e-03
5.2728e-03
5.2851e-03
5.1845e-03
4.9431e-03
4.5880e-03
4.1614e-03
3.7216e-03
3.1993e-03
2.5213e-03
1.7172e-03
7.6952e-04
-3.1373e-04
-1.4727e-03
-2.6823e-03
-3.9611e-03
-5.2648e-03
-6.5554e-03
-7.9150e-03
-9.3253e-03
-1.0615e-02
-1.1701e-02
-1.2539e-02
-1.3134e-02
-1.3581e-02
-1.4070e-02
-1.4491e-02
-1.4713e-02
-1.4768e-02
-1.4666e-02
-1.4473e-02
-1.4283e-02
-1.4179e-02
-1.4081e-02
-1.3998e-02
-1.4005e-02
-1.4082e-02
-1.4178e-02
-1.4290e-02
-1.4415e-02
-1.4518e-02
-1.4585e-02
-1.4615e-02
-1.4616e-02
-1.4585e-02
-1.4527e-02
-1.4422e-02
-1.4264e-02
-1.4092e-02
-1.3942e-02
-1.3835e-02
-1.3792e-02
-1.3805e-02
-1.3804e-02
-1.3800e-02
-1.3939e-02
-1.4225e-02
-1.4538e-02
-1.4837e-02
-1.5110e-02
-1.5374e-02
-1.5651e-02
-1.5937e-02
-1.6187e-02
-1.6309e-02
-1.6294e-02
-1.6215e-02
-1.6048e-02
-1.5781e-02
-1.5478e-02
-1.5132e-02
-1.4699e-02
-1.4184e-02
-1.3611e-02
-1.2975e-02
-1.2302e-02
-1.1674e-02
-1.1081e-02
-1.0486e-02
-9.9561e-03
-9.5365e-03
-9.1288e-03
-8.7196e-03
-8.3680e-03
-8.0451e-03
-7.7161e-03
-7.4328e-03
-7.2319e-03
-7.0698e-03
-6.9342e-03
-6.7984e-03
-6.6474e-03
-6.4769e-03
-6.2977e-03
-6.1096e-03
-5.9178e-03
-5.7705e-03
-5.7126e-03
-5.7169e-03
-5.7307e-03
-5.6591e-03
-5.5325e-03
-5.4540e-03
-5.5128e-03
-5.7192e-03
-5.9356e-03
-6.1730e-03
-6.4528e-03
-6.7114e-03
-6.8912e-03
-6.9961e-03
-7.0531e-03
-7.0935e-03
-7.1036e-03
-7.0659e-03
-6.9924e-03
-6.8806e-03
-6.7379e-03
-6.5484e-03
-6.2830e-03
-5.9323e-03
-5.4689e-03
-4.9145e-03
-4.3951e-03
-4.0305e-03
-3.7304e-03
-3.4284e-03
-3.0679e-03
-2.5694e-03
-1.9542e-03
-1.4753e-03
-1.2792e-03
-1.1676e-03
-1.0635e-03
-9.7031e-04
-8.7339e-04
-7.9659e-04
-8.1751e-04
-9.5572e-04
-1.1553e-03
-1.3937e-03
-1.6564e-03
-1.9601e-03
-2.2904e-03
-2.5629e-03
-2.7347e-03
-2.7958e-03
-2.7772e-03
-2.6296e-03
-2.3023e-03
-1.7926e-03
-1.1560e-03
-4.6524e-04
2.3706e-04
9.5133e-04
1.6763e-03
2.3951e-03
3.1094e-03
3.8378e-03
4.6124e-03
5.4173e-03
6.1819e-03
6.9929e-03
7.9786e-03
9.1416e-03
1.0383e-02
1.1464e-02
1.2364e-02
1.3342e-02
1.4385e-02
1.5381e-02
1.6267e-02
1.7011e-02
1.7666e-02
1.8236e-02
1.8722e-02
1.9143e-02
1.9540e-02
1.9916e-02
2.0291e-02
2.0719e-02
2.1159e-02
2.1540e-02
2.1938e-02
2.2383e-02
2.2760e-02
2.3017e-02
2.3176e-02
2.3228e-02
2.3165e-02
2.2957e-02
2.2561e-02
2.2038e-02
2.1393e-02
2.0658e-02
1.9900e-02
1.9087e-02
1.8162e-02
1.7154e-02
1.6196e-02
1.5465e-02
1.4969e-02
1.4512e-02
1.3999e-02
1.3387e-02
1.2706e-02
1.1997e-02
1.1326e-02
1.0750e-02
1.0223e-02
9.5593e-03
8.8247e-03
8.2146e-03
7.6994e-03
7.2015e-03
6.6491e-03
6.0754e-03
5.5664e-03
5.1356e-03
4.7860e-03
4.5003e-03
4.2722e-03
4.0847e-03
3.9173e-03
3.7125e-03
3.3784e-03
2.9404e-03
2.5269e-03
2.1775e-03
1.9038e-03
1.6947e-03
1.5681e-03
1.5257e-03
1.5790e-03
1.7701e-03
2.1191e-03
2.6195e-03
3.1749e-03
3.7952e-03
4.4743e-03
5.1328e-03
5.7316e-03
6.2774e-03
6.7489e-03
7.1228e-03
7.3920e-03
7.5470e-03
7.6103e-03
7.5796e-03
7.4939e-03
7.3431e-03
7.1514e-03
7.0340e-03
6.9953e-03
6.9531e-03
6.9351e-03
6.9819e-03
7.0671e-03
7.1869e-03
7.3274e-03
7.4670e-03
7.5760e-03
7.6438e-03
7.6626e-03
7.6468e-03
7.6434e-03
7.6964e-03
7.7680e-03
7.8285e-03
7.8904e-03
7.9686e-03
8.0707e-03
8.1891e-03
8.2966e-03
8.3480e-03
8.3361e-03
8.2941e-03
8.2101e-03
8.0799e-03
7.9304e-03
7.7281e-03
7.4263e-03
7.0803e-03
6.7642e-03
6.4457e-03
6.1034e-03
5.7502e-03
5.3795e-03
4.9876e-03
4.5833e-03
4.1535e-03
3.6743e-03
3.1303e-03
2.5461e-03
2.0003e-03
1.4527e-03
7.8801e-04
2.2291e-05
-7.4927e-04
-1.4299e-03
-1.9425e-03
-2.2906e-03
-2.6019e-03
-2.9621e-03
-3.3358e-03
-3.7028e-03
-4.0632e-03
-4.4147e-03
-4.7713e-03
-5.1803e-03
-5.6295e-03
-6.0576e-03
-6.4789e-03
-6.9338e-03
-7.4413e-03
-8.0189e-03
-8.6550e-03
-9.3129e-03
-9.9322e-03
-1.0487e-02
-1.0986e-02
-1.1446e-02
-1.1784e-02
-1.1959e-02
-1.2119e-02
-1.2322e-02
-1.2544e-02
-1.2738e-02
-1.2844e-02
-1.2843e-02
-1.2742e-02
-1.2635e-02
-1.2568e-02
-1.2573e-02
-1.2639e-02
-1.2757e-02
-1.2912e-02
-1.3147e-02
-1.3482e-02
-1.3840e-02
-1.4195e-02
-1.4611e-02
-1.5049e-02
-1.5405e-02
-1.5674e-02
-1.5876e-02
-1.6046e-02
-1.6174e-02
-1.6255e-02
-1.6281e-02
-1.6242e-02
-1.6152e-02
-1.6018e-02
-1.5860e-02
-1.5679e-02
-1.5475e-02
-1.5239e-02
-1.4948e-02
-1.4587e-02
-1.4140e-02
-1.3630e-02
-1.3159e-02
-1.2753e-02
-1.2291e-02
-1.1744e-02
-1.1151e-02
-1.0561e-02
-1.0025e-02
-9.5241e-03
-9.0629e-03
-8.6494e-03
-8.2784e-03
-7.9162e-03
-7.5128e-03
-7.0322e-03
-6.4964e-03
-5.9330e-03
-5.3862e-03
-4.8701e-03
-4.3812e-03
-3.8921e-03
-3.3835e-03
-2.8459e-03
-2.2814e-03
-1.7227e-03
-1.2255e-03
-8.1355e-04
-4.2780e-04
-7.4608e-05
2.0799e-04
4.4440e-04
6.7333e-04
8.7524e-04
1.0477e-03
1.2413e-03
1.4563e-03
1.6696e-03
1.8794e-03
2.0727e-03
2.2260e-03
2.4177e-03
2.7690e-03
3.1930e-03
3.5447e-03
3.8281e-03
4.0381e-03
4.1812e-03
4.2888e-03
4.3924e-03
4.4614e-03
4.4692e-03
4.4343e-03
4.3346e-03
4.1659e-03
3.9723e-03
3.7640e-03
3.5001e-03
3.1893e-03
2.8939e-03
2.6043e-03
2.3311e-03
2.1610e-03
2.1269e-03
2.1582e-03
2.1599e-03
2.0239e-03
1.7483e-03
1.3972e-03
1.1522e-03
9.8178e-04
7.9567e-04
6.0335e-04
4.1832e-04
2.3944e-04
7.8348e-05
-5.9040e-05
-1.9642e-04
-3.2801e-04
-4.0443e-04
-4.2096e-04
-4.1887e-04
-4.1143e-04
-4.1148e-04
-4.3601e-04
-4.7215e-04
-4.9412e-04
-5.4750e-04
-6.8796e-04
-9.0901e-04
-1.2312e-03
-1.6392e-03
-2.0722e-03
-2.4641e-03
-2.8410e-03
-3.1828e-03
-3.4237e-03
-3.5773e-03
-3.6744e-03
-3.6834e-03
-3.5543e-03
-3.3077e-03
-2.9427e-03
-2.5254e-03
-2.1095e-03
-1.7089e-03
-1.2918e-03
-8.6908e-04
-4.8350e-04
-1.0985e-04
2.8175e-04
6.5761e-04
1.0021e-03
1.3548e-03
1.6816e-03
1.9442e-03
2.2283e-03
2.5707e-03
2.8756e-03
3.1595e-03
3.5045e-03
3.8176e-03
4.0073e-03
4.1850e-03
4.3877e-03
4.5728e-03
4.7334e-03
4.8704e-03
4.9744e-03
5.0621e-03
5.1921e-03
5.3512e-03
5.4794e-03
5.6202e-03
5.7716e-03
5.8203e-03
5.7452e-03
5.6697e-03
5.5086e-03
5.1799e-03
4.8187e-03
4.5563e-03
4.4058e-03
4.2661e-03
4.0191e-03
3.6883e-03
3.3363e-03
3.0353e-03
2.7711e-03
2.4944e-03
2.2357e-03
2.0104e-03
1.7743e-03
1.5296e-03
1.2979e-03
1.0837e-03
8.9775e-04
7.5039e-04
6.3029e-04
5.0128e-04
3.6008e-04
2.3053e-04
1.6202e-04
1.7188e-04
2.0844e-04
1.7323e-04
-3.0077e-05
-3.7008e-04
-7.8436e-04
-1.1160e-03
-1.3604e-03
-1.5685e-03
-1.7629e-03
-1.9564e-03
-2.1434e-03
-2.3125e-03
-2.4568e-03
-2.5804e-03
-2.6840e-03
-2.7686e-03
-2.8026e-03
-2.7606e-03
-2.6529e-03
-2.5481e-03
-2.5711e-03
-2.6633e-03
-2.6199e-03
-2.4571e-03
-2.2668e-03
-2.0910e-03
-1.9399e-03
-1.8063e-03
-1.6821e-03
-1.5694e-03
-1.4940e-03
-1.4719e-03
-1.4785e-03
-1.5287e-03
-1.6461e-03
-1.8079e-03
-2.0070e-03
-2.2607e-03
-2.5608e-03
-2.8674e-03
-3.1945e-03
-3.5652e-03
-3.9797e-03
-4.4371e-03
-4.9006e-03
-5.3159e-03
-5.6608e-03
-6.0220e-03
-6.4090e-03
-6.7458e-03
-7.0337e-03
-7.2848e-03
-7.4600e-03
-7.5492e-03
-7.6216e-03
-7.6409e-03
-7.5667e-03
-7.4431e-03
-7.2774e-03
-7.0184e-03
-6.6654e-03
-6.2817e-03
-5.8633e-03
-5.3869e-03
-4.8225e-03
-4.1622e-03
-3.4854e-03
-2.8370e-03
-2.2356e-03
-1.6341e-03
-9.9550e-04
-3.4264e-04
2.8917e-04
8.5069e-04
1.2953e-03
1.6375e-03
2.0181e-03
2.5379e-03
3.1449e-03
3.8105e-03
4.4622e-03
5.0357e-03
5.5040e-03
5.9419e-03
6.3785e-03
6.8122e-03
7.2412e-03
7.6652e-03
8.0849e-03
8.4820e-03
8.8273e-03
9.1111e-03
9.3609e-03
9.5846e-03
9.7874e-03
9.9536e-03
1.0090e-02
1.0249e-02
1.0442e-02
1.0665e-02
1.0948e-02
1.1226e-02
1.1298e-02
1.1202e-02
1.1193e-02
1.1285e-02
1.1423e-02
1.1593e-02
1.1809e-02
1.2065e-02
1.2348e-02
1.2614e-02
1.2879e-02
1.3143e-02
1.3370e-02
1.3578e-02
1.3815e-02
1.4018e-02
1.4115e-02
1.4141e-02
1.4108e-02
1.4041e-02
1.3915e-02
1.3709e-02
1.3464e-02
1.3168e-02
1.2748e-02
1.2234e-02
1.1730e-02
1.1145e-02
1.0432e-02
9.7348e-03
9.0986e-03
8.4808e-03
7.8671e-03
7.2348e-03
6.5557e-03
5.9324e-03
5.5147e-03
5.1847e-03
4.8257e-03
4.4352e-03
4.0233e-03
3.6087e-03
3.2066e-03
2.8326e-03
2.4965e-03
2.2033e-03
1.9338e-03
1.6472e-03
1.3284e-03
1.0614e-03
8.7550e-04
7.3599e-04
6.5500e-04
5.8453e-04
3.6242e-04
-1.7756e-05
-3.3204e-04
-5.9368e-04
-8.7033e-04
-1.1347e-03
-1.3744e-03
-1.6246e-03
-1.9054e-03
-2.2206e-03
-2.5482e-03
-2.8526e-03
-3.1044e-03
-3.3170e-03
-3.5316e-03
-3.6867e-03
-3.7435e-03
-3.7694e-03
-3.8162e-03
-3.8963e-03
-3.9170e-03
-3.7727e-03
-3.4923e-03
-3.1528e-03
-2.9339e-03
-2.8126e-03
-2.7091e-03
-2.6353e-03
-2.6052e-03
-2.6051e-03
-2.6599e-03
-2.8117e-03
-3.0703e-03
-3.3808e-03
-3.6245e-03
-3.8368e-03
-4.1406e-03
-4.4509e-03
-4.6579e-03
-4.8329e-03
-4.9957e-03
-5.1138e-03
-5.1155e-03
-4.9559e-03
-4.7104e-03
-4.4787e-03
-4.3404e-03
-4.2384e-03
-4.0433e-03
-3.7622e-03
-3.4271e-03
-3.0755e-03
-2.7140e-03
-2.3473e-03
-2.0485e-03
-1.8728e-03
-1.7377e-03
-1.6062e-03
-1.5547e-03
-1.6151e-03
-1.7649e-03
-2.0194e-03
-2.3858e-03
-2.8014e-03
-3.2449e-03
-3.7022e-03
-4.1464e-03
-4.5497e-03
-4.9210e-03
-5.2667e-03
-5.5882e-03
-5.8548e-03
-6.0381e-03
-6.1482e-03
-6.1845e-03
-6.1857e-03
-6.1326e-03
-6.0128e-03
-5.8655e-03
-5.6990e-03
-5.4753e-03
-5.2259e-03
-5.0236e-03
-4.8217e-03
-4.5990e-03
-4.4201e-03
-4.2803e-03
-4.1262e-03
-4.0134e-03
-3.9906e-03
-3.9828e-03
-3.9634e-03
-3.9520e-03
-3.9744e-03
-4.0385e-03
-4.0809e-03
-4.0634e-03
-4.0292e-03
-3.9896e-03
-3.9407e-03
-3.8377e-03
-3.6428e-03
-3.3925e-03
-3.1169e-03
-2.8675e-03
-2.6163e-03
-2.3333e-03
-2.0683e-03
-1.8600e-03
-1.6913e-03
-1.5778e-03
-1.5318e-03
-1.5674e-03
-1.7021e-03
-1.9132e-03
-2.1700e-03
-2.4328e-03
-2.7702e-03
-3.2390e-03
-3.7610e-03
-4.2279e-03
-4.5046e-03
-4.6355e-03
-4.7504e-03
-4.9068e-03
-5.0965e-03
-5.2561e-03
-5.3614e-03
-5.3957e-03
-5.3392e-03
-5.1798e-03
-4.9537e-03
-4.6656e-03
-4.3530e-03
-4.0243e-03
-3.6683e-03
-3.2739e-03
-2.8604e-03
-2.4926e-03
-2.1525e-03
-1.8123e-03
-1.5132e-03
-1.2304e-03
-8.3608e-04
-4.0732e-04
-1.4243e-04
-6.3188e-05
-1.4135e-04
-2.7388e-04
-4.0184e-04
-4.8222e-04
-4.9805e-04
-4.5893e-04
-4.0503e-04
-3.5220e-04
-3.0299e-04
-1.9894e-04
-3.8859e-06
1.8692e-04
3.3773e-04
5.4537e-04
8.0932e-04
1.0524e-03
1.2257e-03
1.2927e-03
1.2677e-03
1.1668e-03
1.0610e-03
8.9525e-04
6.1892e-04
3.0962e-04
-9.8090e-06
-3.4712e-04
-6.9159e-04
-1.0142e-03
-1.2840e-03
-1.4989e-03
-1.7170e-03
-1.9408e-03
-2.1504e-03
-2.3215e-03
-2.4367e-03
-2.5142e-03
-2.5473e-03
-2.5491e-03
-2.5499e-03
-2.5545e-03
-2.5289e-03
-2.4831e-03
-2.4555e-03
-2.3979e-03
-2.2775e-03
-2.1806e-03
-2.1309e-03
-2.0716e-03
-2.0146e-03
-1.9746e-03
-1.9145e-03
-1.8253e-03
-1.7591e-03
-1.6805e-03
-1.5318e-03
-1.3746e-03
-1.2561e-03
-1.1449e-03
-9.9418e-04
-7.6795e-04
-5.0683e-04
-2.7008e-04
-4.7381e-05
1.4960e-04
2.8934e-04
3.9276e-04
5.0479e-04
6.4204e-04
7.6935e-04
7.9161e-04
6.8684e-04
5.0750e-04
2.6418e-04
2.4181e-05
-5.6734e-05
-3.2213e-06
-1.4684e-06
-5.1105e-05
-1.1005e-04
-1.8101e-04
-2.5985e-04
-3.2544e-04
-4.0885e-04
-5.3172e-04
-6.3742e-04
-7.0406e-04
-7.9240e-04
-8.7867e-04
-9.2694e-04
-9.7285e-04
-1.0524e-03
-1.1713e-03
-1.3241e-03
-1.4824e-03
-1.6314e-03
-1.7616e-03
-1.8716e-03
-1.9756e-03
-2.1227e-03
-2.4105e-03
-2.8658e-03
-3.3054e-03
-3.6389e-03
-3.8713e-03
-4.0173e-03
-4.1141e-03
-4.1813e-03
-4.2243e-03
-4.2554e-03
-4.2682e-03
-4.2452e-03
-4.1655e-03
-4.0395e-03
-3.9428e-03
-3.8780e-03
-3.8214e-03
-3.7551e-03
-3.6895e-03
-3.6739e-03
-3.7034e-03
-3.7343e-03
-3.7768e-03
-3.8504e-03
-3.9565e-03
-4.0926e-03
-4.2423e-03
-4.3935e-03
-4.5413e-03
-4.7030e-03
-4.8574e-03
-4.9447e-03
-4.9914e-03
-5.0423e-03
-5.0763e-03
-5.0828e-03
-5.0857e-03
-5.0799e-03
-5.0537e-03
-5.0037e-03
-4.9239e-03
-4.8143e-03
-4.6823e-03
-4.5511e-03
-4.4123e-03
-4.2581e-03
-4.0976e-03
-3.9106e-03
-3.6645e-03
-3.3644e-03
-3.0347e-03
-2.6854e-03
-2.3421e-03
-2.0581e-03
-1.8197e-03
-1.5724e-03
-1.2664e-03
-8.8764e-04
-5.0412e-04
-1.4349e-04
1.9971e-04
5.3047e-04
8.5558e-04
1.1762e-03
1.4666e-03
1.6903e-03
1.8439e-03
1.9628e-03
2.1071e-03
2.2904e-03
2.4376e-03
2.5329e-03
2.5903e-03
2.5759e-03
2.5572e-03
2.7530e-03
3.1632e-03
3.5602e-03
3.8857e-03
4.1167e-03
4.2462e-03
4.2842e-03
4.3142e-03
4.3145e-03
4.2484e-03
4.1404e-03
4.0071e-03
3.8546e-03
3.6934e-03
3.5509e-03
3.4282e-03
3.3249e-03
3.2359e-03
3.1464e-03
3.0323e-03
2.9094e-03
2.8169e-03
2.7977e-03
2.8266e-03
2.8010e-03
2.6517e-03
2.3891e-03
2.1757e-03
2.0607e-03
1.9838e-03
1.9238e-03
1.8644e-03
1.8100e-03
1.7594e-03
1.6962e-03
1.6184e-03
1.5329e-03
1.4457e-03
1.3479e-03
1.2132e-03
1.0618e-03
9.2974e-04
8.2322e-04
7.3232e-04
6.2981e-04
5.0941e-04
3.7933e-04
2.5164e-04
1.4073e-04
4.9740e-05
-5.0674e-05
-2.0960e-04
-4.1725e-04
-6.3949e-04
-8.2112e-04
-9.4487e-04
-1.0325e-03
-1.0912e-03
-1.1248e-03
-1.1214e-03
-1.0627e-03
-9.6276e-04
-8.3624e-04
-6.9526e-04
-5.2229e-04
-3.2745e-04
-1.7236e-04
-7.2717e-05
-1.3582e-05
4.3009e-05
1.1606e-04
1.7889e-04
2.1240e-04
2.1608e-04
2.2718e-04
2.5837e-04
2.6885e-04
2.7345e-04
3.2683e-04
4.1111e-04
4.8052e-04
5.1481e-04
5.3154e-04
5.8948e-04
6.8333e-04
7.7053e-04
8.0773e-04
7.7840e-04
7.3557e-04
7.1497e-04
7.4802e-04
8.0340e-04
8.4001e-04
8.3702e-04
8.1094e-04
7.9981e-04
7.8811e-04
7.3498e-04
6.0894e-04
4.9002e-04
5.2953e-04
6.9044e-04
8.5858e-04
9.8275e-04
1.0481e-03
1.0703e-03
1.0836e-03
1.1225e-03
1.1702e-03
1.2043e-03
1.2076e-03
1.1734e-03
1.1113e-03
1.0478e-03
1.0027e-03
9.7027e-04
9.2424e-04
8.3871e-04
7.2564e-04
6.2963e-04
6.2154e-04
7.1755e-04
8.7808e-04
1.1037e-03
1.3316e-03
1.4008e-03
1.3577e-03
1.4322e-03
1.6588e-03
1.9882e-03
2.3475e-03
2.7004e-03
3.0213e-03
3.3696e-03
3.7937e-03
4.2073e-03
4.5263e-03
4.7448e-03
4.8846e-03
5.0139e-03
5.1198e-03
5.1694e-03
5.1654e-03
5.1287e-03
5.0924e-03
4.9878e-03
4.7824e-03
4.6099e-03
4.5241e-03
4.4683e-03
4.4429e-03
4.4453e-03
4.4483e-03
4.4649e-03
4.5296e-03
4.5882e-03
4.5801e-03
4.5466e-03
4.5224e-03
4.4902e-03
4.4229e-03
4.2983e-03
4.1233e-03
3.9013e-03
3.6379e-03
3.3112e-03
2.9253e-03
2.5134e-03
2.0932e-03
1.6553e-03
1.2185e-03
8.1113e-04
3.9378e-04
-5.5963e-05
-4.9237e-04
-8.6852e-04
-1.1377e-03
-1.2826e-03
-1.3154e-03
-1.3177e-03
-1.2670e-03
-1.1445e-03
-9.9046e-04
-8.1206e-04
-5.6762e-04
-2.7278e-04
-6.0254e-06
2.2236e-04
4.1340e-04
5.4961e-04
6.3295e-04
7.1887e-04
7.9056e-04
8.1575e-04
7.9987e-04
7.3751e-04
6.1891e-04
4.1713e-04
1.6000e-04
-4.4655e-05
-1.3087e-04
-1.6659e-04
-1.7809e-04
-2.1529e-04
-3.2645e-04
-5.1615e-04
-7.0452e-04
-8.6706e-04
-1.0107e-03
-1.0833e-03
-1.0599e-03
-1.0106e-03
-9.5449e-04
-8.7375e-04
-7.4972e-04
-5.7176e-04
-3.5172e-04
-1.2472e-04
3.4942e-05
1.5577e-04
2.9885e-04
4.7029e-04
6.8362e-04
9.5017e-04
1.1693e-03
1.1884e-03
1.0558e-03
9.0219e-04
7.7948e-04
7.2214e-04
7.4719e-04
7.9587e-04
7.9321e-04
7.5356e-04
6.8987e-04
6.1697e-04
5.5107e-04
4.9682e-04
4.2399e-04
3.1902e-04
2.1249e-04
6.1677e-05
-1.6496e-04
-3.9517e-04
-5.8767e-04
-7.9118e-04
-1.0071e-03
-1.2192e-03
-1.4524e-03
-1.6986e-03
-1.8898e-03
-2.0359e-03
-2.1930e-03
-2.3506e-03
-2.4800e-03
-2.5621e-03
-2.5933e-03
-2.6023e-03
-2.6184e-03
-2.6533e-03
-2.6566e-03
-2.6301e-03
-2.6164e-03
-2.5778e-03
-2.4849e-03
-2.4002e-03
-2.3313e-03
-2.2285e-03
-2.1136e-03
-2.0110e-03
-1.8751e-03
-1.6894e-03
-1.5188e-03
-1.3857e-03
-1.2987e-03
-1.2833e-03
-1.3235e-03
-1.3246e-03
-1.2924e-03
-1.3058e-03
-1.3409e-03
-1.3615e-03
-1.3994e-03
-1.4600e-03
-1.5036e-03
-1.5306e-03
-1.5517e-03
-1.5682e-03
-1.5934e-03
-1.6557e-03
-1.7454e-03
-1.8308e-03
-1.9343e-03
-2.0737e-03
-2.2266e-03
-2.3817e-03
-2.5407e-03
-2.7749e-03
-3.1145e-03
-3.4567e-03
-3.6973e-03
-3.7764e-03
-3.7735e-03
-3.7548e-03
-3.7204e-03
-3.6839e-03
-3.6657e-03
-3.6193e-03
-3.4911e-03
-3.3060e-03
-3.0806e-03
-2.8563e-03
-2.6513e-03
-2.4667e-03
-2.2681e-03
-2.0382e-03
-1.8081e-03
-1.6084e-03
-1.4692e-03
-1.3995e-03
-1.3708e-03
-1.3227e-03
-1.2206e-03
-1.0794e-03
-1.0123e-03
-1.1181e-03
-1.2983e-03
-1.4711e-03
-1.5452e-03
-1.5014e-03
-1.3638e-03
-1.1727e-03
-9.3760e-04
-6.2857e-04
-2.3236e-04
2.1151e-04
6.7875e-04
1.1537e-03
1.6573e-03
2.1928e-03
2.7186e-03
3.2467e-03
3.7829e-03
4.2778e-03
4.6959e-03
5.0661e-03
5.3930e-03
5.6712e-03
5.8843e-03
6.0215e-03
6.0844e-03
6.0904e-03
6.1192e-03
6.1436e-03
6.1257e-03
6.1080e-03
6.1032e-03
6.0596e-03
6.0036e-03
5.9994e-03
6.0177e-03
6.0435e-03
6.1078e-03
6.2100e-03
6.3087e-03
6.3829e-03
6.4214e-03
6.4359e-03
6.4521e-03
6.5115e-03
6.5667e-03
6.5510e-03
6.4784e-03
6.3660e-03
6.2273e-03
6.0658e-03
5.8982e-03
5.7119e-03
5.5087e-03
5.3259e-03
5.1509e-03
4.9404e-03
4.7267e-03
4.5527e-03
4.4321e-03
4.3424e-03
4.2347e-03
4.1395e-03
4.0891e-03
4.0441e-03
3.9935e-03
3.9503e-03
3.8913e-03
3.8036e-03
3.7369e-03
3.6785e-03
3.5518e-03
3.3541e-03
3.1466e-03
3.0291e-03
3.0629e-03
3.1772e-03
3.3282e-03
3.4398e-03
3.5152e-03
3.5806e-03
3.6586e-03
3.7494e-03
3.8228e-03
3.8291e-03
3.7518e-03
3.6769e-03
3.6352e-03
3.6173e-03
3.6533e-03
3.7382e-03
3.7692e-03
3.7178e-03
3.6577e-03
3.5581e-03
3.4021e-03
3.2843e-03
3.2569e-03
3.2336e-03
3.1084e-03
2.7797e-03
2.2921e-03
1.7573e-03
1.3351e-03
1.0149e-03
6.9920e-04
3.9539e-04
1.1230e-04
-1.7530e-04
-4.3014e-04
-6.0842e-04
-7.5672e-04
-9.0674e-04
-1.0397e-03
-1.1457e-03
-1.2298e-03
-1.2841e-03
-1.3169e-03
-1.3693e-03
-1.4407e-03
-1.5064e-03
-1.6046e-03
-1.7738e-03
-1.9837e-03
-2.2382e-03
-2.5432e-03
-2.8645e-03
-3.1615e-03
-3.4506e-03
-3.7552e-03
-4.0911e-03
-4.4316e-03
-4.7327e-03
-4.9829e-03
-5.1811e-03
-5.3643e-03
-5.5324e-03
-5.6761e-03
-5.7866e-03
-5.8357e-03
-5.8141e-03
-5.7648e-03
-5.7507e-03
-5.7767e-03
-5.8178e-03
-5.8246e-03
-5.8166e-03
-5.8407e-03
-5.8729e-03
-5.8798e-03
-5.8499e-03
-5.7970e-03
-5.7529e-03
-5.6963e-03
-5.6080e-03
-5.5047e-03
-5.3776e-03
-5.2126e-03
-5.0313e-03
-4.8539e-03
-4.6448e-03
-4.4014e-03
-4.1764e-03
-3.9438e-03
-3.6792e-03
-3.4414e-03
-3.2878e-03
-3.2179e-03
-3.1963e-03
-3.1586e-03
-3.1778e-03
-3.3166e-03
-3.5144e-03
-3.7212e-03
-3.8687e-03
-3.8803e-03
-3.7424e-03
-3.6001e-03
-3.4959e-03
-3.3920e-03
-3.2754e-03
-3.1520e-03
-3.0511e-03
-2.9575e-03
-2.8023e-03
-2.5739e-03
-2.3066e-03
-2.0648e-03
-1.8725e-03
-1.6663e-03
-1.4519e-03
-1.2589e-03
-1.0675e-03
-8.7824e-04
-7.2998e-04
-5.8840e-04
-3.6908e-04
-8.9077e-05
1.6192e-04
2.4000e-04
9.5443e-05
-1.7156e-04
-4.4794e-04
-6.3495e-04
-8.0799e-04
-9.8614e-04
-1.1234e-03
-1.2144e-03
-1.2647e-03
-1.2681e-03
-1.2299e-03
-1.2005e-03
-1.1521e-03
-1.0564e-03
-9.5535e-04
-8.4984e-04
-7.0647e-04
-5.5235e-04
-4.2147e-04
-2.8706e-04
-1.3986e-04
-1.6666e-05
9.5321e-05
2.1373e-04
3.0987e-04
3.6876e-04
4.1723e-04
4.1428e-04
3.2679e-04
2.4799e-04
2.2954e-04
1.9901e-04
1.3053e-04
4.5895e-05
-5.3978e-05
-1.5102e-04
-1.9892e-04
-2.0784e-04
-2.3495e-04
-2.6937e-04
-2.7853e-04
-2.4567e-04
-1.5000e-04
3.1823e-06
1.5587e-04
2.4780e-04
3.1348e-04
3.7250e-04
4.3037e-04
4.8800e-04
5.3106e-04
5.2520e-04
4.6782e-04
4.1885e-04
3.7236e-04
3.1543e-04
2.7155e-04
2.6020e-04
2.7133e-04
2.8814e-04
2.9595e-04
3.0851e-04
3.3426e-04
3.6056e-04
3.9185e-04
4.4176e-04
5.2413e-04
6.2888e-04
7.0229e-04
7.4095e-04
7.8232e-04
8.1658e-04
8.1678e-04
7.7099e-04
7.4890e-04
8.6122e-04
1.0476e-03
1.1855e-03
1.2430e-03
1.2373e-03
1.2153e-03
1.1541e-03
1.0368e-03
9.0956e-04
7.8525e-04
6.5944e-04
5.4419e-04
4.5122e-04
3.6884e-04
2.9012e-04
2.0551e-04
1.1811e-04
2.3256e-05
-1.0520e-04
-2.4730e-04
-3.2323e-04
-3.3377e-04
-3.1104e-04
-2.6998e-04
-2.7780e-04
-4.4421e-04
-6.7439e-04
-8.2625e-04
-9.3868e-04
-1.0374e-03
-1.0895e-03
-1.1461e-03
-1.2700e-03
-1.4225e-03
-1.5675e-03
-1.7051e-03
-1.8377e-03
-1.9735e-03
-2.1320e-03
-2.2942e-03
-2.3859e-03
-2.4176e-03
-2.4176e-03
-2.3557e-03
-2.2347e-03
-2.1346e-03
-2.0257e-03
-1.8431e-03
-1.6048e-03
-1.3261e-03
-1.0123e-03
-6.9811e-04
-4.3662e-04
-1.8860e-04
9.0208e-05
3.5431e-04
5.9903e-04
8.5555e-04
1.0956e-03
1.2890e-03
1.4604e-03
1.6190e-03
1.7704e-03
1.9329e-03
2.1149e-03
2.2842e-03
2.4306e-03
2.5968e-03
2.7662e-03
2.9018e-03
3.0334e-03
3.1756e-03
3.2957e-03
3.3957e-03
3.5023e-03
3.6236e-03
3.7483e-03
3.8413e-03
3.8928e-03
3.9258e-03
3.9541e-03
3.9887e-03
4.0390e-03
4.1181e-03
4.2270e-03
4.3273e-03
4.4011e-03
4.5285e-03
4.7170e-03
4.8662e-03
4.9743e-03
5.0797e-03
5.2124e-03
5.3675e-03
5.4953e-03
5.5939e-03
5.6482e-03
5.5856e-03
5.4294e-03
5.3819e-03
5.4519e-03
5.5727e-03
5.7045e-03
5.7954e-03
5.8013e-03
5.7506e-03
5.7230e-03
5.6854e-03
5.6099e-03
5.5290e-03
5.4422e-03
5.3266e-03
5.1918e-03
5.0482e-03
4.9005e-03
4.7518e-03
4.6017e-03
4.4247e-03
4.2312e-03
4.0988e-03
4.0776e-03
4.1685e-03
4.3731e-03
4.5963e-03
4.6349e-03
4.5065e-03
4.4258e-03
4.4058e-03
4.4175e-03
4.4705e-03
4.5487e-03
4.5832e-03
4.5819e-03
4.5609e-03
4.4845e-03
4.3310e-03
4.1397e-03
3.9125e-03
3.6643e-03
3.4448e-03
3.2492e-03
2.9897e-03
2.7097e-03
2.4904e-03
2.3228e-03
2.1864e-03
2.0547e-03
1.9334e-03
1.8331e-03
1.7577e-03
1.6980e-03
1.6285e-03
1.5836e-03
1.6124e-03
1.6824e-03
1.7778e-03
1.9226e-03
2.1031e-03
2.2707e-03
2.4463e-03
2.6450e-03
2.8368e-03
3.0031e-03
3.1390e-03
3.2437e-03
3.3090e-03
3.3035e-03
3.2271e-03
3.1576e-03
3.0712e-03
2.9435e-03
2.8342e-03
2.7655e-03
2.7099e-03
2.6802e-03
2.6877e-03
2.7088e-03
2.7567e-03
2.8582e-03
2.9756e-03
3.0614e-03
3.1426e-03
3.2371e-03
3.3188e-03
3.3625e-03
3.3498e-03
3.2767e-03
3.1594e-03
3.0488e-03
2.9095e-03
2.6649e-03
2.3506e-03
2.0113e-03
1.6715e-03
1.3672e-03
1.1085e-03
7.7866e-04
3.0015e-04
-2.3575e-04
-7.0516e-04
-9.9103e-04
-1.1500e-03
-1.2783e-03
-1.4724e-03
-1.7298e-03
-1.9712e-03
-2.1980e-03
-2.4245e-03
-2.6525e-03
-2.8988e-03
-3.1788e-03
-3.4619e-03
-3.7394e-03
-4.0507e-03
-4.3937e-03
-4.7348e-03
-5.1091e-03
-5.5261e-03
-5.8896e-03
-6.2058e-03
-6.5718e-03
-7.0032e-03
-7.4405e-03
-7.7621e-03
-8.0590e-03
-8.5621e-03
-9.1901e-03
-9.7466e-03
-1.0163e-02
-1.0477e-02
-1.0799e-02
-1.1106e-02
-1.1357e-02
-1.1580e-02
-1.1791e-02
-1.1999e-02
-1.2169e-02
-1.2265e-02
-1.2296e-02
-1.2264e-02
-1.2194e-02
-1.2105e-02
-1.2016e-02
-1.1916e-02
-1.1792e-02
-1.1648e-02
-1.1459e-02
-1.1216e-02
-1.0974e-02
-1.0762e-02
-1.0538e-02
-1.0285e-02
-1.0001e-02
-9.6816e-03
-9.3351e-03
-8.9978e-03
-8.6922e-03
-8.4223e-03
-8.1716e-03
-7.9251e-03
-7.7087e-03
-7.5486e-03
-7.4386e-03
-7.3845e-03
-7.3777e-03
-7.3891e-03
-7.3850e-03
-7.3405e-03
-7.2756e-03
-7.2408e-03
-7.2388e-03
-7.2574e-03
-7.2723e-03
-7.2494e-03
-7.1618e-03
-7.0385e-03
-6.9154e-03
-6.7612e-03
-6.5791e-03
-6.4285e-03
-6.2543e-03
-5.9988e-03
-5.7309e-03
-5.4885e-03
-5.2213e-03
-4.9449e-03
-4.7081e-03
-4.4932e-03
-4.2881e-03
-4.1049e-03
-3.9494e-03
-3.8045e-03
-3.6321e-03
-3.4140e-03
-3.2145e-03
-3.0802e-03
-3.0110e-03
-2.9829e-03
-2.9376e-03
-2.8180e-03
-2.5846e-03
-2.2766e-03
-1.9731e-03
-1.7536e-03
-1.5824e-03
-1.4393e-03
-1.3503e-03
-1.2795e-03
-1.1481e-03
-1.0052e-03
-8.9877e-04
-8.1230e-04
-7.4690e-04
-7.0858e-04
-6.7133e-04
-6.1692e-04
-5.9433e-04
-6.3988e-04
-7.2417e-04
-8.3737e-04
-9.4242e-04
-9.5932e-04
-8.5168e-04
-7.0795e-04
-6.2179e-04
-6.9033e-04
-8.4549e-04
-9.6952e-04
-9.5901e-04
-8.2396e-04
-6.8073e-04
-5.1406e-04
-3.1017e-04
-1.2807e-04
2.5800e-05
2.0602e-04
3.9605e-04
5.7267e-04
7.6424e-04
9.7482e-04
1.1541e-03
1.3324e-03
1.5592e-03
1.7616e-03
1.8943e-03
2.0204e-03
2.1496e-03
2.2557e-03
2.3565e-03
2.4708e-03
2.5696e-03
2.6446e-03
2.7223e-03
2.8038e-03
2.8920e-03
3.0096e-03
3.1614e-03
3.3112e-03
3.4626e-03
3.6299e-03
3.8064e-03
3.9966e-03
4.2195e-03
4.4732e-03
4.7276e-03
4.9704e-03
5.1849e-03
5.3505e-03
5.4807e-03
5.6443e-03
5.8045e-03
5.8869e-03
5.9171e-03
5.9301e-03
5.9461e-03
5.9567e-03
5.9329e-03
5.8475e-03
5.7129e-03
5.6127e-03
5.5604e-03
5.5054e-03
5.4366e-03
5.3478e-03
5.2304e-03
5.1031e-03
5.0184e-03
4.9357e-03
4.8086e-03
4.6866e-03
4.5918e-03
4.4704e-03
4.3417e-03
4.2478e-03
4.1372e-03
3.9620e-03
3.7325e-03
3.4142e-03
3.0246e-03
2.7223e-03
2.6082e-03
2.5794e-03
2.5594e-03
2.4889e-03
2.3660e-03
2.2039e-03
2.0264e-03
1.8576e-03
1.7218e-03
1.6190e-03
1.5288e-03
1.4228e-03
1.2813e-03
1.1061e-03
9.2187e-04
7.6562e-04
6.4534e-04
5.5496e-04
4.6301e-04
3.6736e-04
3.1501e-04
3.2797e-04
3.7605e-04
4.0391e-04
3.4658e-04
2.0074e-04
-1.4414e-05
-2.0961e-04
-3.5795e-04
-4.4778e-04
-4.6888e-04
-4.3012e-04
-3.8086e-04
-3.2922e-04
-2.8450e-04
-2.5777e-04
-2.5040e-04
-2.7830e-04
-3.5033e-04
-4.2770e-04
-4.2778e-04
-3.5136e-04
-2.6355e-04
-2.0969e-04
-2.0042e-04
-1.5940e-04
-8.7073e-05
-7.6427e-05
-8.3618e-05
-4.9640e-05
-2.8457e-05
-5.8855e-05
-1.0181e-04
-1.5795e-04
-2.2693e-04
-2.8754e-04
-3.3373e-04
-3.9428e-04
-4.4017e-04
-4.2715e-04
-4.3612e-04
-5.8647e-04
-8.8980e-04
-1.2178e-03
-1.2920e-03
-1.3355e-03
-1.3984e-03
-1.4579e-03
-1.5501e-03
-1.6550e-03
-1.7577e-03
-1.8557e-03
-1.9627e-03
-2.0864e-03
-2.2140e-03
-2.3101e-03
-2.3720e-03
-2.4126e-03
-2.4711e-03
-2.5423e-03
-2.6071e-03
-2.6681e-03
-2.7379e-03
-2.8283e-03
-2.9521e-03
-3.1041e-03
-3.2581e-03
-3.3813e-03
-3.4812e-03
-3.5592e-03
-3.6245e-03
-3.6983e-03
-3.7900e-03
-3.8566e-03
-3.8714e-03
-3.8692e-03
-3.9117e-03
-4.0473e-03
-4.1718e-03
-4.1711e-03
-4.0309e-03
-3.8032e-03
-3.6179e-03
-3.5034e-03
-3.4354e-03
-3.3394e-03
-3.1914e-03
-3.0289e-03
-2.8572e-03
-2.6766e-03
-2.4951e-03
-2.3188e-03
-2.1484e-03
-1.9919e-03
-1.8526e-03
-1.7043e-03
-1.5279e-03
-1.3601e-03
-1.2091e-03
-1.0428e-03
-8.3759e-04
-5.7433e-04
-2.2963e-04
1.2894e-04
3.0108e-04
2.7368e-04
2.3143e-04
2.3522e-04
3.0355e-04
3.9232e-04
4.8525e-04
5.8696e-04
6.7144e-04
7.0457e-04
7.1720e-04
7.4951e-04
8.1658e-04
8.9629e-04
9.3735e-04
9.4660e-04
9.5718e-04
1.0013e-03
1.0828e-03
1.1646e-03
1.2316e-03
1.2855e-03
1.3496e-03
1.4293e-03
1.4866e-03
1.5209e-03
1.5503e-03
1.5667e-03
1.5625e-03
1.5523e-03
1.5513e-03
1.5756e-03
1.5984e-03
1.5982e-03
1.6165e-03
1.6674e-03
1.6939e-03
1.6888e-03
1.6708e-03
1.6395e-03
1.6087e-03
1.6187e-03
1.6610e-03
1.6915e-03
1.7344e-03
1.8142e-03
1.8923e-03
1.9536e-03
2.0104e-03
2.0705e-03
2.1423e-03
2.2307e-03
2.3262e-03
2.3985e-03
2.4353e-03
2.4510e-03
2.4662e-03
2.5020e-03
2.5514e-03
2.6077e-03
2.6636e-03
2.7401e-03
2.8467e-03
2.9378e-03
2.9926e-03
3.0564e-03
3.1497e-03
3.2746e-03
3.4074e-03
3.5293e-03
3.6778e-03
3.8060e-03
3.7867e-03
3.6466e-03
3.5206e-03
3.5579e-03
3.8086e-03
4.0895e-03
4.3291e-03
4.4775e-03
4.5644e-03
4.6377e-03
4.7292e-03
4.8352e-03
4.9155e-03
4.9680e-03
5.0036e-03
5.0352e-03
5.0710e-03
5.1142e-03
5.1555e-03
5.1774e-03
5.1585e-03
5.0976e-03
5.0353e-03
4.9918e-03
4.9745e-03
5.0151e-03
5.1035e-03
5.1303e-03
5.0246e-03
4.8593e-03
4.6694e-03
4.5193e-03
4.4568e-03
4.4838e-03
4.5165e-03
4.5245e-03
4.5229e-03
4.5309e-03
4.5619e-03
4.5988e-03
4.6239e-03
4.6226e-03
4.5945e-03
4.5540e-03
4.5248e-03
4.5020e-03
4.4368e-03
4.3362e-03
4.2451e-03
4.1631e-03
4.0779e-03
3.9780e-03
3.8738e-03
3.7892e-03
3.7082e-03
3.6073e-03
3.4925e-03
3.3792e-03
3.2926e-03
3.2312e-03
3.1708e-03
3.1014e-03
3.0152e-03
2.9099e-03
2.7942e-03
2.6852e-03
2.5715e-03
2.4379e-03
2.2892e-03
2.1425e-03
2.0278e-03
1.9290e-03
1.8185e-03
1.7049e-03
1.6081e-03
1.5473e-03
1.5038e-03
1.4453e-03
1.4213e-03
1.4592e-03
1.4990e-03
1.5329e-03
1.5803e-03
1.6004e-03
1.5664e-03
1.5492e-03
1.5616e-03
1.5483e-03
1.5168e-03
1.4750e-03
1.3753e-03
1.2113e-03
1.0722e-03
9.6986e-04
8.5431e-04
7.3629e-04
6.3314e-04
5.2763e-04
4.1202e-04
2.8942e-04
1.2103e-04
-1.1250e-04
-3.4103e-04
-4.8655e-04
-5.2813e-04
-4.9490e-04
-4.6371e-04
-5.0928e-04
-6.4151e-04
-7.4532e-04
-8.0403e-04
-8.7471e-04
-9.3380e-04
-9.5348e-04
-9.4741e-04
-9.3438e-04
-9.3760e-04
-9.4276e-04
-9.2336e-04
-8.6904e-04
-7.9805e-04
-7.6612e-04
-7.6144e-04
-7.3300e-04
-6.7569e-04
-5.7691e-04
-4.2603e-04
-3.2614e-04
-4.3499e-04
-6.8849e-04
-9.7003e-04
-1.1610e-03
-1.2490e-03
-1.3136e-03
-1.3542e-03
-1.3595e-03
-1.3322e-03
-1.2723e-03
-1.2049e-03
-1.1314e-03
-1.0569e-03
-1.0061e-03
-9.7697e-04
-9.2274e-04
-8.6944e-04
-8.6672e-04
-8.7324e-04
-8.5996e-04
-8.5159e-04
-8.4515e-04
-8.2370e-04
-8.2800e-04
-8.8707e-04
-9.4102e-04
-9.8966e-04
-1.0906e-03
-1.2120e-03
-1.3071e-03
-1.4036e-03
-1.5138e-03
-1.6014e-03
-1.6614e-03
-1.7099e-03
-1.7465e-03
-1.7546e-03
-1.7128e-03
-1.6354e-03
-1.5817e-03
-1.5868e-03
-1.6356e-03
-1.6215e-03
-1.5285e-03
-1.4640e-03
-1.4337e-03
-1.4188e-03
-1.4283e-03
-1.4555e-03
-1.4621e-03
-1.4455e-03
-1.4275e-03
-1.4312e-03
-1.4916e-03
-1.6331e-03
-1.8181e-03
-1.9546e-03
-2.0579e-03
-2.1646e-03
-2.2605e-03
-2.3410e-03
-2.4250e-03
-2.5029e-03
-2.5645e-03
-2.6263e-03
-2.6852e-03
-2.7123e-03
-2.7489e-03
-2.8369e-03
-2.9233e-03
-2.9972e-03
-3.1381e-03
-3.3770e-03
-3.6764e-03
-3.9699e-03
-4.1626e-03
-4.1769e-03
-4.0644e-03
-4.0054e-03
-4.0090e-03
-4.0445e-03
-4.1119e-03
-4.2021e-03
-4.2730e-03
-4.3362e-03
-4.4152e-03
-4.5042e-03
-4.6105e-03
-4.7544e-03
-4.8960e-03
-4.9688e-03
-5.0184e-03
-5.0735e-03
-5.0960e-03
-5.0592e-03
-4.9635e-03
-4.8235e-03
-4.6455e-03
-4.4388e-03
-4.2600e-03
-4.1934e-03
-4.2232e-03
-4.2766e-03
-4.2956e-03
-4.2549e-03
-4.1692e-03
-4.0497e-03
-3.9178e-03
-3.7933e-03
-3.6937e-03
-3.6226e-03
-3.5713e-03
-3.5075e-03
-3.4048e-03
-3.2744e-03
-3.1842e-03
-3.1310e-03
-3.0546e-03
-2.9734e-03
-2.9166e-03
-2.8643e-03
-2.7903e-03
-2.6722e-03
-2.5331e-03
-2.4039e-03
-2.2643e-03
-2.1127e-03
-1.9891e-03
-1.8720e-03
-1.7192e-03
-1.5801e-03
-1.4910e-03
-1.4228e-03
-1.3851e-03
-1.4120e-03
-1.5136e-03
-1.6652e-03
-1.8135e-03
-1.9525e-03
-2.1084e-03
-2.3004e-03
-2.5179e-03
-2.6982e-03
-2.8268e-03
-2.9549e-03
-3.0442e-03
-3.0493e-03
-3.0043e-03
-2.9311e-03
-2.8247e-03
-2.7182e-03
-2.6465e-03
-2.5739e-03
-2.4692e-03
-2.3437e-03
-2.2094e-03
-2.0907e-03
-2.0331e-03
-2.0414e-03
-2.0307e-03
-1.9779e-03
-1.9169e-03
-1.8679e-03
-1.8375e-03
-1.7986e-03
-1.7281e-03
-1.6233e-03
-1.5093e-03
-1.4007e-03
-1.2427e-03
-1.0187e-03
-8.1093e-04
-6.4622e-04
-5.1494e-04
-3.7228e-04
-1.4622e-04
2.1612e-04
6.6889e-04
1.0618e-03
1.3691e-03
1.5859e-03
1.6841e-03
1.6818e-03
1.7200e-03
1.7885e-03
1.8247e-03
1.8405e-03
1.8421e-03
1.8171e-03
1.7892e-03
1.7978e-03
1.8045e-03
1.7814e-03
1.7543e-03
1.7368e-03
1.7387e-03
1.7973e-03
1.9366e-03
2.1160e-03
2.2499e-03
2.2107e-03
2.0346e-03
1.8430e-03
1.7092e-03
1.6466e-03
1.5663e-03
1.4750e-03
1.4031e-03
1.3034e-03
1.1501e-03
9.9279e-04
8.3682e-04
6.6536e-04
5.1743e-04
4.3118e-04
3.7311e-04
3.4289e-04
3.4472e-04
3.1540e-04
2.2744e-04
2.1236e-04
2.8573e-04
3.0566e-04
3.2126e-04
4.0445e-04
4.8523e-04
5.2100e-04
5.6428e-04
6.1979e-04
6.7567e-04
7.4989e-04
8.4082e-04
9.0898e-04
9.7915e-04
1.1078e-03
1.2322e-03
1.2888e-03
1.3510e-03
1.4443e-03
1.5300e-03
1.6121e-03
1.6958e-03
1.7574e-03
1.7911e-03
1.8341e-03
1.8865e-03
1.9265e-03
1.9258e-03
1.8838e-03
1.8578e-03
1.8543e-03
1.8377e-03
1.8050e-03
1.7588e-03
1.6908e-03
1.6097e-03
1.5522e-03
1.5038e-03
1.4456e-03
1.4029e-03
1.3936e-03
1.3986e-03
1.3867e-03
1.3367e-03
1.2803e-03
1.2388e-03
1.1940e-03
1.1502e-03
1.1147e-03
1.0570e-03
9.4916e-04
8.0224e-04
6.6074e-04
5.8110e-04
5.0708e-04
4.0854e-04
4.2408e-04
5.6151e-04
6.2184e-04
5.9360e-04
5.3351e-04
4.7951e-04
4.5202e-04
4.3169e-04
4.1442e-04
3.9957e-04
3.8382e-04
3.7700e-04
4.0334e-04
4.4493e-04
4.6109e-04
4.7250e-04
4.9911e-04
5.3151e-04
5.7537e-04
6.4468e-04
7.4076e-04
8.6431e-04
1.0283e-03
1.1647e-03
1.1248e-03
9.4357e-04
7.5319e-04
6.4729e-04
6.5566e-04
6.7938e-04
6.9058e-04
6.8048e-04
6.7480e-04
7.0680e-04
7.8266e-04
8.6902e-04
9.1159e-04
9.5377e-04
1.0183e-03
1.0563e-03
1.0745e-03
1.1266e-03
1.2121e-03
1.3134e-03
1.4260e-03
1.5450e-03
1.6557e-03
1.7776e-03
1.9276e-03
2.0782e-03
2.2163e-03
2.3645e-03
2.5100e-03
2.6254e-03
2.7247e-03
2.8083e-03
2.8504e-03
2.8491e-03
2.8320e-03
2.7949e-03
2.7462e-03
2.7260e-03
2.7050e-03
2.6135e-03
2.4867e-03
2.3859e-03
2.3047e-03
2.2404e-03
2.1906e-03
2.1176e-03
2.0027e-03
1.9177e-03
1.8853e-03
1.8127e-03
1.7117e-03
1.6383e-03
1.5591e-03
1.4644e-03
1.4095e-03
1.3884e-03
1.3452e-03
1.2959e-03
1.2578e-03
1.2210e-03
1.2171e-03
1.2823e-03
1.3390e-03
1.3248e-03
1.3538e-03
1.4526e-03
1.5191e-03
1.5303e-03
1.5005e-03
1.4674e-03
1.4612e-03
1.4747e-03
1.4372e-03
1.2758e-03
1.0773e-03
9.5637e-04
9.7468e-04
1.1122e-03
1.2459e-03
1.2982e-03
1.2654e-03
1.2573e-03
1.2886e-03
1.3018e-03
1.3212e-03
1.3750e-03
1.4226e-03
1.4471e-03
1.4655e-03
1.4883e-03
1.5296e-03
1.6005e-03
1.6676e-03
1.6462e-03
1.5828e-03
1.5546e-03
1.5395e-03
1.5539e-03
1.6742e-03
1.8162e-03
1.8070e-03
1.6957e-03
1.5693e-03
1.4942e-03
1.4938e-03
1.5363e-03
1.5728e-03
1.5809e-03
1.5908e-03
1.6075e-03
1.6141e-03
1.6119e-03
1.6088e-03
1.6037e-03
1.5983e-03
1.5940e-03
1.5533e-03
1.4532e-03
1.3544e-03
1.2924e-03
1.2266e-03
1.1389e-03
1.0321e-03
9.3355e-04
8.4714e-04
7.3350e-04
6.5211e-04
6.7934e-04
7.1198e-04
6.7591e-04
6.3077e-04
6.1801e-04
6.4944e-04
7.0828e-04
7.6604e-04
7.8781e-04
7.5923e-04
6.9305e-04
5.9939e-04
5.0153e-04
4.2299e-04
3.5041e-04
2.3845e-04
1.1789e-04
1.7603e-05
-1.2294e-04
-3.0790e-04
-4.5890e-04
-5.8216e-04
-7.0459e-04
-8.1531e-04
-9.1056e-04
-1.0037e-03
-1.0466e-03
-9.9100e-04
-9.0895e-04
-8.5288e-04
-7.9840e-04
-7.3453e-04
-6.6119e-04
-5.7888e-04
-5.0460e-04
-4.7011e-04
-4.6830e-04
-4.5498e-04
-4.3079e-04
-4.1952e-04
-4.5600e-04
-5.3937e-04
-6.0784e-04
-6.3800e-04
-6.5247e-04
-7.3641e-04
-9.2556e-04
-1.1446e-03
-1.2839e-03
-1.2582e-03
-1.1515e-03
-1.0440e-03
-9.5277e-04
-8.8440e-04
-8.5380e-04
-8.7546e-04
-9.3314e-04
-9.5439e-04
-9.3564e-04
-9.2447e-04
-8.9289e-04
-8.3361e-04
-8.0454e-04
-7.9887e-04
-7.5386e-04
-6.5853e-04
-5.3638e-04
-4.3645e-04
-3.4061e-04
-1.6530e-04
1.3765e-04
5.2018e-04
7.8026e-04
8.0719e-04
7.6336e-04
7.1082e-04
7.1670e-04
7.9481e-04
9.0924e-04
9.7848e-04
9.8666e-04
9.8448e-04
9.8593e-04
9.9612e-04
1.0022e-03
9.8439e-04
9.2595e-04
8.3648e-04
7.4356e-04
6.7402e-04
6.4418e-04
6.4812e-04
6.5444e-04
6.3144e-04
5.9454e-04
5.5631e-04
5.0719e-04
4.4671e-04
3.9262e-04
3.8386e-04
4.1850e-04
4.1662e-04
3.6166e-04
3.0224e-04
2.5715e-04
2.2832e-04
1.9557e-04
1.4169e-04
6.0374e-05
-2.8768e-05
-1.0488e-04
-1.8005e-04
-2.4857e-04
-2.8550e-04
-3.1569e-04
-3.6438e-04
-3.9887e-04
-3.9986e-04
-3.9930e-04
-4.0130e-04
-4.0289e-04
-4.0307e-04
-4.0238e-04
-4.0397e-04
-4.1411e-04
-4.3731e-04
-4.7137e-04
-5.1823e-04
-5.8512e-04
-6.6751e-04
-7.5272e-04
-8.5658e-04
-9.9013e-04
-1.1255e-03
-1.2678e-03
-1.4429e-03
-1.6156e-03
-1.7408e-03
-1.8371e-03
-1.9146e-03
-1.9900e-03
-2.0933e-03
-2.2311e-03
-2.3324e-03
-2.3597e-03
-2.3762e-03
-2.4267e-03
-2.5297e-03
-2.5941e-03
-2.5361e-03
-2.3812e-03
-2.2007e-03
-2.0989e-03
-2.0407e-03
-2.0014e-03
-2.0132e-03
-2.0473e-03
-2.0305e-03
-2.0096e-03
-2.0410e-03
-2.0790e-03
-2.1197e-03
-2.2024e-03
-2.3038e-03
-2.3916e-03
-2.4893e-03
-2.6039e-03
-2.6961e-03
-2.7664e-03
-2.7984e-03
-2.7167e-03
-2.5311e-03
-2.4279e-03
-2.4692e-03
-2.6188e-03
-2.7670e-03
-2.8341e-03
-2.8501e-03
-2.8617e-03
-2.9224e-03
-3.0196e-03
-3.1113e-03
-3.1645e-03
-3.1701e-03
-3.1627e-03
-3.1434e-03
-3.1528e-03
-3.3139e-03
-3.6536e-03
-3.9578e-03
-4.0176e-03
-3.7685e-03
-3.5457e-03
-3.5460e-03
-3.5456e-03
-3.5175e-03
-3.5094e-03
-3.5069e-03
-3.4930e-03
-3.4575e-03
-3.3971e-03
-3.3242e-03
-3.2638e-03
-3.2284e-03
-3.1762e-03
-3.0847e-03
-2.9708e-03
-2.8544e-03
-2.7573e-03
-2.6779e-03
-2.6036e-03
-2.5144e-03
-2.4243e-03
-2.3606e-03
-2.3154e-03
-2.2702e-03
-2.2046e-03
-2.1167e-03
-2.0288e-03
-1.9649e-03
-1.9388e-03
-1.9341e-03
-1.9374e-03
-1.9260e-03
-1.8859e-03
-1.8197e-03
-1.7587e-03
-1.7254e-03
-1.7255e-03
-1.7328e-03
-1.7213e-03
-1.7175e-03
-1.7306e-03
-1.7245e-03
-1.7035e-03
-1.6909e-03
-1.6715e-03
-1.6375e-03
-1.6087e-03
-1.5980e-03
-1.6028e-03
-1.6021e-03
-1.5638e-03
-1.4741e-03
-1.3666e-03
-1.3365e-03
-1.3783e-03
-1.4163e-03
-1.3522e-03
-1.1484e-03
-8.9204e-04
-6.3925e-04
-4.4232e-04
-3.0254e-04
-2.0220e-04
-1.0264e-04
1.3382e-05
1.5347e-04
2.8038e-04
3.7110e-04
4.5626e-04
5.3473e-04
5.9512e-04
6.8140e-04
8.1887e-04
9.2406e-04
9.6302e-04
9.8387e-04
1.0287e-03
1.1427e-03
1.3375e-03
1.5600e-03
1.6714e-03
1.6347e-03
1.5026e-03
1.4120e-03
1.4354e-03
1.4753e-03
1.5133e-03
1.5543e-03
1.6092e-03
1.6760e-03
1.7221e-03
1.7570e-03
1.8156e-03
1.8660e-03
1.8968e-03
1.9577e-03
2.0523e-03
2.1394e-03
2.2108e-03
2.2615e-03
2.2789e-03
2.2986e-03
2.4038e-03
2.5256e-03
2.5715e-03
2.5942e-03
2.6290e-03
2.6420e-03
2.6416e-03
2.6553e-03
2.6443e-03
2.5834e-03
2.5048e-03
2.4036e-03
2.2784e-03
2.1594e-03
2.0555e-03
1.9366e-03
1.8221e-03
1.7566e-03
1.6933e-03
1.6003e-03
1.5093e-03
1.4306e-03
1.3574e-03
1.3088e-03
1.2852e-03
1.2287e-03
1.1259e-03
1.0303e-03
9.4832e-04
8.8664e-04
8.7632e-04
9.1253e-04
9.2761e-04
9.5041e-04
1.0098e-03
1.0416e-03
1.0107e-03
9.7117e-04
9.2689e-04
8.8420e-04
9.0383e-04
9.8830e-04
1.0232e-03
9.9107e-04
9.4280e-04
9.4469e-04
1.0008e-03
9.9792e-04
9.4762e-04
9.2032e-04
8.9661e-04
8.3432e-04
7.0848e-04
5.3702e-04
4.0342e-04
3.9770e-04
5.3642e-04
6.4592e-04
6.5075e-04
5.7748e-04
4.4951e-04
3.1899e-04
2.3624e-04
1.9042e-04
1.3450e-04
1.0444e-04
1.2932e-04
1.5128e-04
1.6701e-04
2.2241e-04
2.6724e-04
2.5357e-04
2.5129e-04
2.9829e-04
3.3346e-04
3.7443e-04
4.6221e-04
5.9680e-04
7.0820e-04
6.5216e-04
4.3289e-04
1.9773e-04
3.4331e-05
-3.4241e-05
-8.6482e-05
-1.2963e-04
-1.6069e-04
-1.9969e-04
-2.4505e-04
-2.6457e-04
-2.7288e-04
-3.0011e-04
-2.9941e-04
-2.4635e-04
-1.9305e-04
-1.5513e-04
-1.1786e-04
-8.3964e-05
-4.1601e-05
4.0203e-05
1.3497e-04
1.7164e-04
1.5482e-04
1.1211e-04
4.7393e-05
-2.2384e-06
1.3624e-05
3.4463e-05
-1.5554e-05
-1.0368e-04
-2.1643e-04
-3.4474e-04
-4.4510e-04
-4.8871e-04
-5.3191e-04
-5.9268e-04
-6.4621e-04
-6.9542e-04
-7.4260e-04
-7.6717e-04
-7.6879e-04
-7.8675e-04
-7.8285e-04
-7.2047e-04
-6.5495e-04
-6.1750e-04
-5.6809e-04
-4.9868e-04
-4.1818e-04
-3.3656e-04
-2.7662e-04
-2.6344e-04
-2.7692e-04
-2.6309e-04
-2.3211e-04
-1.9143e-04
-1.2535e-04
-2.3593e-05
8.9064e-05
1.3292e-04
9.6568e-05
1.1330e-04
1.9549e-04
2.5292e-04
2.8781e-04
3.2773e-04
3.7805e-04
4.3182e-04
4.7178e-04
4.9335e-04
4.9628e-04
4.8028e-04
4.0853e-04
2.5353e-04
1.6994e-04
3.0854e-04
5.4297e-04
7.7408e-04
9.0773e-04
9.5216e-04
9.7139e-04
1.0181e-03
1.1148e-03
1.2147e-03
1.2878e-03
1.3154e-03
1.3100e-03
1.2992e-03
1.3220e-03
1.3639e-03
1.3914e-03
1.4351e-03
1.4851e-03
1.4563e-03
1.4091e-03
1.4794e-03
1.6504e-03
1.8504e-03
1.9714e-03
1.9492e-03
1.7920e-03
1.6151e-03
1.4974e-03
1.4030e-03
1.3366e-03
1.3189e-03
1.3048e-03
1.2513e-03
1.1586e-03
1.0341e-03
9.0303e-04
7.8056e-04
6.8707e-04
6.4011e-04
6.1505e-04
5.5469e-04
4.7950e-04
4.3327e-04
4.2787e-04
4.4079e-04
4.2639e-04
3.9600e-04
3.7568e-04
3.6488e-04
3.8213e-04
4.4595e-04
5.1926e-04
5.5876e-04
5.9092e-04
6.2817e-04
6.6779e-04
7.4890e-04
8.9126e-04
1.0240e-03
1.1134e-03
1.1732e-03
1.2048e-03
1.2164e-03
1.2272e-03
1.2477e-03
1.2668e-03
1.2598e-03
1.2132e-03
1.1580e-03
1.1117e-03
1.0551e-03
9.9787e-04
9.5290e-04
8.6917e-04
7.3345e-04
6.2437e-04
5.3499e-04
4.2399e-04
3.0574e-04
1.8192e-04
2.4663e-05
-1.4424e-04
-2.7902e-04
-4.1070e-04
-5.5512e-04
-6.7482e-04
-7.6234e-04
-8.3606e-04
-9.1004e-04
-9.9234e-04
-1.0785e-03
-1.1432e-03
-1.1620e-03
-1.1652e-03
-1.1815e-03
-1.2122e-03
-1.2780e-03
-1.3893e-03
-1.4823e-03
-1.4928e-03
-1.4160e-03
-1.2631e-03
-1.1016e-03
-1.0291e-03
-1.0592e-03
-1.0437e-03
-9.8179e-04
-9.9060e-04
-1.0712e-03
-1.1701e-03
-1.2347e-03
-1.2627e-03
-1.3101e-03
-1.3923e-03
-1.4919e-03
-1.5597e-03
-1.5920e-03
-1.6465e-03
-1.7332e-03
-1.8219e-03
-1.8439e-03
-1.7637e-03
-1.6402e-03
-1.6154e-03
-1.8001e-03
-2.0636e-03
-2.2810e-03
-2.4386e-03
-2.5477e-03
-2.6262e-03
-2.6822e-03
-2.7123e-03
-2.7143e-03
-2.7304e-03
-2.7905e-03
-2.8267e-03
-2.8024e-03
-2.7799e-03
-2.7580e-03
-2.7184e-03
-2.6779e-03
-2.6427e-03
-2.5944e-03
-2.5607e-03
-2.5838e-03
-2.6048e-03
-2.5795e-03
-2.5403e-03
-2.4935e-03
-2.4287e-03
-2.3497e-03
-2.2718e-03
-2.2051e-03
-2.1301e-03
-2.0180e-03
-1.9090e-03
-1.8351e-03
-1.7325e-03
-1.6025e-03
-1.5285e-03
-1.4874e-03
-1.4274e-03
-1.3498e-03
-1.2585e-03
-1.1612e-03
-1.0761e-03
-1.0067e-03
-9.0949e-04
-7.7148e-04
-6.5293e-04
-5.4774e-04
-4.3042e-04
-3.3976e-04
-2.7197e-04
-1.4139e-04
-3.1296e-06
3.7266e-05
6.3781e-05
1.3244e-04
1.7781e-04
1.8945e-04
2.0837e-04
2.3168e-04
2.5309e-04
2.9076e-04
3.3962e-04
3.7893e-04
4.2446e-04
5.0135e-04
6.1064e-04
7.3662e-04
8.3211e-04
8.9638e-04
9.5619e-04
1.0449e-03
1.1407e-03
1.1635e-03
1.0868e-03
9.4959e-04
8.6642e-04
9.2296e-04
1.0748e-03
1.2520e-03
1.3701e-03
1.4137e-03
1.4026e-03
1.3983e-03
1.4031e-03
1.4040e-03
1.4033e-03
1.4113e-03
1.4452e-03
1.4765e-03
1.4589e-03
1.4478e-03
1.5076e-03
1.5931e-03
1.6734e-03
1.7298e-03
1.7458e-03
1.7481e-03
1.8376e-03
2.0378e-03
2.2331e-03
2.3264e-03
2.2544e-03
2.0821e-03
1.9110e-03
1.8408e-03
1.8590e-03
1.8755e-03
1.8511e-03
1.7861e-03
1.7346e-03
1.7147e-03
1.7065e-03
1.6889e-03
1.6560e-03
1.6281e-03
1.6191e-03
1.6269e-03
1.6308e-03
1.6164e-03
1.6143e-03
1.6272e-03
1.6232e-03
1.6180e-03
1.6299e-03
1.6318e-03
1.6116e-03
1.5966e-03
1.5720e-03
1.5169e-03
1.4469e-03
1.3732e-03
1.2941e-03
1.2226e-03
1.1751e-03
1.1261e-03
1.0598e-03
9.9455e-04
9.3876e-04
8.8571e-04
8.1903e-04
7.4490e-04
7.0768e-04
7.0863e-04
7.0806e-04
7.0544e-04
7.1037e-04
7.2708e-04
7.4954e-04
7.5647e-04
7.5287e-04
7.5300e-04
7.6088e-04
7.7627e-04
7.9052e-04
7.8193e-04
7.3803e-04
6.8770e-04
6.4224e-04
5.7288e-04
4.8277e-04
3.9503e-04
2.9711e-04
1.8938e-04
1.0544e-04
4.0554e-05
-3.3273e-05
-1.2173e-04
-2.1073e-04
-2.6726e-04
-2.8764e-04
-3.0381e-04
-3.3418e-04
-4.0476e-04
-5.4039e-04
-7.1182e-04
-8.0242e-04
-7.6162e-04
-6.0959e-04
-4.5679e-04
-3.6346e-04
-3.3993e-04
-3.7742e-04
-4.3494e-04
-4.6025e-04
-4.4382e-04
-4.5781e-04
-4.8811e-04
-4.8852e-04
-4.8655e-04
-4.9905e-04
-4.9659e-04
-4.8464e-04
-4.9194e-04
-5.0398e-04
-4.9936e-04
-4.9154e-04
-4.5732e-04
-3.5092e-04
-1.8443e-04
-3.3455e-05
-6.4637e-06
-1.4227e-04
-3.0027e-04
-3.8509e-04
-3.2506e-04
-2.2557e-04
-1.5970e-04
-6.8341e-05
6.2009e-05
1.9314e-04
3.1252e-04
4.0450e-04
4.4721e-04
4.5793e-04
5.1017e-04
5.7280e-04
5.9622e-04
6.1274e-04
6.4711e-04
6.8736e-04
7.2411e-04
7.4677e-04
7.4269e-04
7.1347e-04
6.8587e-04
6.7041e-04
6.5658e-04
6.2403e-04
5.6885e-04
5.2498e-04
4.9755e-04
4.6611e-04
4.2037e-04
3.5607e-04
2.7683e-04
1.8741e-04
1.0271e-04
5.0877e-05
3.3436e-05
-2.0695e-05
-1.3834e-04
-2.3449e-04
-2.9906e-04
-3.5488e-04
-4.0209e-04
-4.4046e-04
-4.7750e-04
-5.1268e-04
-5.4031e-04
-5.5486e-04
-5.6177e-04
-5.8565e-04
-6.3582e-04
-6.9308e-04
-7.3989e-04
-7.6107e-04
-7.6229e-04
-7.6543e-04
-8.0233e-04
-8.3878e-04
-8.3001e-04
-7.9469e-04
-7.7552e-04
-8.1958e-04
-8.9924e-04
-9.4068e-04
-9.5789e-04
-9.7636e-04
-1.0035e-03
-1.0219e-03
-1.0115e-03
-1.0218e-03
-1.1117e-03
-1.2621e-03
-1.4230e-03
-1.4920e-03
-1.4282e-03
-1.2676e-03
-1.1413e-03
-1.1134e-03
-1.0809e-03
-1.0405e-03
-1.0238e-03
-1.0209e-03
-1.0252e-03
-1.0402e-03
-1.0591e-03
-1.0663e-03
-1.0662e-03
-1.0681e-03
-1.0695e-03
-1.0656e-03
-1.0522e-03
-1.0300e-03
-1.0092e-03
-1.0095e-03
-1.0005e-03
-8.8773e-04
-6.7352e-04
-4.6671e-04
-3.7457e-04
-4.4322e-04
-5.6580e-04
-6.5341e-04
-6.4360e-04
-5.7081e-04
-5.0730e-04
-4.7545e-04
-4.7596e-04
-4.8506e-04
-4.7345e-04
-4.2762e-04
-3.9199e-04
-3.9206e-04
-3.9547e-04
-3.9514e-04
-3.9313e-04
-3.8988e-04
-3.8856e-04
-3.9229e-04
-4.0427e-04
-4.2238e-04
-4.3599e-04
-4.4150e-04
-4.6458e-04
-5.1824e-04
-5.8748e-04
-6.5586e-04
-7.1627e-04
-7.9547e-04
-8.9666e-04
-9.7119e-04
-1.0284e-03
-1.1021e-03
-1.1696e-03
-1.2163e-03
-1.2655e-03
-1.3214e-03
-1.3731e-03
-1.4247e-03
-1.4749e-03
-1.5009e-03
-1.4981e-03
-1.4964e-03
-1.5014e-03
-1.5121e-03
-1.5273e-03
-1.5380e-03
-1.5297e-03
-1.5214e-03
-1.5459e-03
-1.5835e-03
-1.6083e-03
-1.6097e-03
-1.5924e-03
-1.5810e-03
-1.5985e-03
-1.6473e-03
-1.6781e-03
-1.6742e-03
-1.6640e-03
-1.6502e-03
-1.6355e-03
-1.6339e-03
-1.6413e-03
-1.6239e-03
-1.5982e-03
-1.5956e-03
-1.5685e-03
-1.4919e-03
-1.4186e-03
-1.3589e-03
-1.3052e-03
-1.3329e-03
-1.4477e-03
-1.4345e-03
-1.2210e-03
-9.7373e-04
-7.7778e-04
-6.7856e-04
-6.2455e-04
-5.5951e-04
-4.6752e-04
-3.7863e-04
-3.4262e-04
-3.2695e-04
-2.7802e-04
-1.9740e-04
-1.1309e-04
-7.9734e-05
-9.7986e-05
-1.2933e-04
-1.2320e-04
-6.5716e-05
-1.9709e-05
2.3298e-05
1.0135e-04
2.2757e-04
4.0619e-04
6.0966e-04
7.5148e-04
7.0785e-04
5.9304e-04
5.7260e-04
5.8895e-04
6.0365e-04
6.6765e-04
7.7533e-04
8.6957e-04
9.3749e-04
9.7234e-04
9.7760e-04
9.8170e-04
1.0277e-03
1.0912e-03
1.1320e-03
1.1555e-03
1.1610e-03
1.1489e-03
1.1465e-03
1.1814e-03
1.2362e-03
1.3523e-03
1.3849e-03
1.4070e-03
1.4489e-03
1.5297e-03
1.6309e-03
1.6675e-03
1.6484e-03
1.6994e-03
1.7984e-03
1.8756e-03
1.9200e-03
1.9312e-03
1.9258e-03
1.9201e-03
1.9342e-03
1.9436e-03
1.9357e-03
1.9362e-03
1.9370e-03
1.9087e-03
1.8725e-03
1.8477e-03
1.7958e-03
1.7152e-03
1.6596e-03
1.6175e-03
1.5649e-03
1.5158e-03
1.4749e-03
1.4226e-03
1.3646e-03
1.3206e-03
1.2922e-03
1.2759e-03
1.2696e-03
1.2581e-03
1.2123e-03
1.1692e-03
1.1655e-03
1.1515e-03
1.1021e-03
1.0649e-03
1.0395e-03
1.0106e-03
1.0070e-03
1.0282e-03
1.0104e-03
9.5318e-04
9.0162e-04
8.1078e-04
6.5293e-04
5.1756e-04
4.8022e-04
5.6119e-04
6.9577e-04
7.7542e-04
7.6593e-04
7.0355e-04
7.1572e-04
7.8429e-04
8.1442e-04
7.9031e-04
7.2848e-04
6.8168e-04
6.7397e-04
6.9742e-04
7.3621e-04
7.6459e-04
7.6755e-04
7.4002e-04
7.0149e-04
6.8257e-04
7.1696e-04
7.7670e-04
8.6311e-04
1.0222e-03
1.1529e-03
1.0746e-03
8.8112e-04
7.4439e-04
6.6153e-04
6.3232e-04
6.5647e-04
6.9019e-04
6.8233e-04
6.4854e-04
6.1642e-04
6.0775e-04
6.2222e-04
6.4247e-04
6.5483e-04
6.5752e-04
6.6774e-04
6.8877e-04
7.1128e-04
7.3693e-04
7.5439e-04
7.2415e-04
6.6068e-04
6.5219e-04
6.9220e-04
7.1801e-04
7.1140e-04
6.6998e-04
6.1434e-04
5.5706e-04
5.0744e-04
4.6562e-04
4.3791e-04
4.4401e-04
4.6458e-04
4.2907e-04
3.5728e-04
3.0069e-04
2.7264e-04
2.6647e-04
2.4883e-04
2.2393e-04
2.1025e-04
2.0385e-04
2.0360e-04
2.1671e-04
2.4535e-04
2.7420e-04
2.6346e-04
2.0960e-04
2.1418e-04
2.7670e-04
2.6921e-04
2.1477e-04
2.0281e-04
2.0325e-04
1.9308e-04
2.0279e-04
2.3192e-04
2.4898e-04
2.4163e-04
2.1593e-04
2.0366e-04
2.1755e-04
2.4061e-04
2.5420e-04
2.3985e-04
1.9999e-04
1.5414e-04
1.3907e-04
1.5137e-04
1.5779e-04
1.3550e-04
6.5173e-05
-4.8149e-05
-1.6096e-04
-1.9602e-04
-1.3384e-04
-2.6385e-06
1.2999e-04
2.2714e-04
2.7410e-04
2.7384e-04
2.6151e-04
2.5188e-04
2.6444e-04
3.2122e-04
3.9954e-04
4.4745e-04
4.8449e-04
5.3930e-04
5.9656e-04
6.5458e-04
7.2501e-04
7.6924e-04
7.6156e-04
7.6171e-04
8.1278e-04
9.1967e-04
1.0635e-03
1.1830e-03
1.1953e-03
1.0724e-03
9.2654e-04
8.1750e-04
7.5954e-04
7.3654e-04
7.3501e-04
7.4762e-04
7.6884e-04
7.8350e-04
7.7020e-04
7.2649e-04
6.9839e-04
6.9638e-04
6.8580e-04
6.5282e-04
5.9702e-04
5.3839e-04
4.9092e-04
4.4849e-04
3.9720e-04
3.2362e-04
2.3820e-04
1.5397e-04
7.7388e-05
1.0366e-05
-5.1829e-05
-1.1669e-04
-1.9103e-04
-2.7003e-04
-3.5104e-04
-4.3078e-04
-5.0846e-04
-5.8245e-04
-6.4889e-04
-6.9762e-04
-7.2195e-04
-7.4364e-04
-7.8447e-04
-8.2243e-04
-8.3819e-04
-8.3789e-04
-8.2381e-04
-8.0627e-04
-7.9710e-04
-7.9867e-04
-7.9639e-04
-7.7701e-04
-7.3550e-04
-6.8251e-04
-6.3521e-04
-5.9601e-04
-5.6195e-04
-5.2721e-04
-4.8942e-04
-4.4759e-04
-4.0326e-04
-3.6449e-04
-3.4595e-04
-3.6168e-04
-4.0350e-04
-4.2220e-04
-3.9848e-04
-3.5939e-04
-3.3494e-04
-3.4432e-04
-3.7736e-04
-4.0145e-04
-4.0532e-04
-3.8854e-04
-3.6584e-04
-3.6569e-04
-4.2039e-04
-5.3114e-04
-6.5725e-04
-7.2497e-04
-6.9911e-04
-6.2165e-04
-5.5013e-04
-5.4022e-04
-5.7226e-04
-6.2701e-04
-6.7328e-04
-6.9834e-04
-7.0253e-04
-7.0416e-04
-7.1377e-04
-7.2025e-04
-7.2784e-04
-7.4690e-04
-7.7286e-04
-7.9424e-04
-7.9761e-04
-7.8813e-04
-7.8771e-04
-7.9962e-04
-8.0315e-04
-7.4925e-04
-6.4085e-04
-5.6636e-04
-5.7933e-04
-6.8133e-04
-7.7821e-04
-8.1725e-04
-7.9891e-04
-7.6112e-04
-7.5312e-04
-7.6936e-04
-7.9562e-04
-8.1515e-04
-8.1397e-04
-7.8544e-04
-7.5752e-04
-7.4883e-04
-7.4760e-04
-7.4894e-04
-7.5313e-04
-7.5496e-04
-7.5185e-04
-7.5261e-04
-7.5807e-04
-7.5817e-04
-7.5657e-04
-7.5745e-04
-7.5436e-04
-7.4750e-04
-7.4906e-04
-7.3914e-04
-7.0175e-04
-6.6615e-04
-6.4653e-04
-6.1771e-04
-5.8817e-04
-5.7449e-04
-5.4865e-04
-4.9825e-04
-4.5599e-04
-4.1941e-04
-3.6867e-04
-3.3895e-04
-3.5949e-04
-3.8535e-04
-3.9384e-04
-3.8797e-04
-3.8655e-04
-4.0597e-04
-4.2890e-04
-4.4057e-04
-4.4463e-04
-4.5545e-04
-4.8429e-04
-4.9946e-04
-4.8915e-04
-4.9232e-04
-5.0532e-04
-5.0746e-04
-5.0614e-04
-5.0551e-04
-4.9749e-04
-4.8374e-04
-4.7359e-04
-4.6129e-04
-4.4761e-04
-4.5655e-04
-4.8375e-04
-4.8743e-04
-4.8042e-04
-4.8331e-04
-4.7932e-04
-4.6310e-04
-4.5850e-04
-4.7058e-04
-4.9639e-04
-5.4931e-04
-6.1604e-04
-6.3666e-04
-5.9404e-04
-5.2515e-04
-4.6605e-04
-4.3706e-04
-4.2790e-04
-4.3310e-04
-4.4573e-04
-4.5579e-04
-4.5517e-04
-4.5343e-04
-4.5269e-04
-4.4809e-04
-4.4974e-04
-4.6151e-04
-4.5857e-04
-4.3437e-04
-4.2216e-04
-4.1779e-04
-4.0288e-04
-3.8674e-04
-3.6824e-04
-3.2673e-04
-2.6633e-04
-2.2002e-04
-2.1217e-04
-2.4690e-04
-2.8253e-04
-2.9446e-04
-2.7724e-04
-2.4577e-04
-2.2082e-04
-2.0064e-04
-1.8389e-04
-1.7338e-04
-1.6269e-04
-1.4121e-04
-1.1623e-04
-9.3228e-05
-6.9502e-05
-4.6784e-05
-2.8684e-05
-7.1881e-06
2.2548e-05
4.7204e-05
6.4840e-05
8.6932e-05
1.1160e-04
1.3368e-04
1.5329e-04
1.6970e-04
1.8135e-04
1.9492e-04
2.1892e-04
2.4444e-04
2.6242e-04
2.7230e-04
2.7676e-04
2.8192e-04
2.8884e-04
2.9771e-04
3.0851e-04
3.1755e-04
3.1771e-04
3.1467e-04
3.1527e-04
3.1394e-04
3.0688e-04
2.9818e-04
2.8830e-04
2.7840e-04
2.7224e-04
2.7185e-04
2.7395e-04
2.7092e-04
2.5693e-04
2.4647e-04
2.5068e-04
2.5029e-04
2.4161e-04
2.3920e-04
2.3973e-04
2.3685e-04
2.3394e-04
2.3234e-04
2.3088e-04
2.3131e-04
2.3499e-04
2.3759e-04
2.3721e-04
2.3772e-04
2.3727e-04
2.3171e-04
2.2698e-04
2.2885e-04
2.3157e-04
2.3242e-04
2.3046e-04
2.1995e-04
2.0358e-04
2.0316e-04
2.2192e-04
2.3743e-04
2.4828e-04
2.5658e-04
2.5871e-04
2.5545e-04
2.5569e-04
2.5949e-04
2.6075e-04
2.6123e-04
2.6129e-04
2.5731e-04
2.5127e-04
2.4885e-04
2.4714e-04
2.4305e-04
2.4017e-04
2.3851e-04
2.3418e-04
2.3009e-04
2.3014e-04
2.3299e-04
2.3687e-04
2.3987e-04
2.3690e-04
2.2467e-04
2.1316e-04
2.0866e-04
2.0627e-04
2.0376e-04
2.0129e-04
1.9990e-04
2.0012e-04
2.0076e-04
2.0033e-04
1.9734e-04
1.9413e-04
1.9311e-04
1.9214e-04
1.9028e-04
1.8922e-04
1.8796e-04
1.8476e-04
1.8169e-04
1.7997e-04
1.7824e-04
1.7599e-04
1.7362e-04
1.7165e-04
1.7029e-04
1.6869e-04
1.6619e-04
1.6254e-04
1.5845e-04
1.5459e-04
1.5026e-04
1.4548e-04
1.4160e-04
1.3821e-04
1.3424e-04
1.3022e-04
1.2646e-04
1.2250e-04
1.1858e-04
1.1531e-04
1.1228e-04
1.0896e-04
1.0560e-04
1.0254e-04
1.0014e-04
9.8100e-05
9.5920e-05
9.3502e-05
9.0945e-05
8.8549e-05
8.6475e-05
8.4732e-05
8.3074e-05
8.1193e-05
7.8875e-05
7.6337e-05
7.4093e-05
7.2092e-05
7.0179e-05
6.8332e-05
6.6391e-05
6.4064e-05
6.1528e-05
5.9092e-05
5.6852e-05
5.4765e-05
5.2638e-05
5.0504e-05
4.8484e-05
4.6588e-05
4.4735e-05
4.2760e-05
4.0566e-05
3.8268e-05
3.6305e-05
3.4942e-05
3.3692e-05
3.2324e-05
3.0795e-05
2.9148e-05
2.7463e-05
2.5767e-05
2.4089e-05
2.2490e-05
2.0980e-05
1.9528e-05
1.8079e-05
1.6606e-05
1.5149e-05
1.3711e-05
1.2301e-05
1.0943e-05
9.6375e-06
8.3463e-06
7.0596e-06
5.7850e-06
4.5368e-06
3.3227e-06
2.1335e-06
9.2631e-07
-3.5541e-07
-1.6558e-06
-2.9053e-06
-4.1074e-06
-5.2793e-06
-6.4500e-06
-7.6218e-06
-8.7940e-06
-9.9641e-06
-1.1130e-05
-1.2290e-05
-1.3446e-05
-1.4603e-05
-1.5762e-05
-1.6920e-05
-1.8073e-05
-1.9224e-05
-2.0373e-05
-2.1518e-05
-2.2658e-05
-2.3797e-05
-2.4934e-05
-2.6067e-05
-2.7197e-05
-2.8324e-05
-2.9447e-05
-3.0566e-05
-3.1682e-05
-3.2795e-05
-3.3904e-05
-3.5010e-05
-3.6111e-05
-3.7209e-05
-3.8303e-05
-3.9393e-05
-4.0478e-05
-4.1559e-05
-4.2636e-05
-4.3708e-05
-4.4775e-05
-4.5838e-05
