-2.2156e-03
-2.2089e-03
-2.2023e-03
-2.1956e-03
-2.1890e-03
-2.1823e-03
-2.1757e-03
-2.1690e-03
-2.1624e-03
-2.1558e-03
-2.1492e-03
-2.1425e-03
-2.1358e-03
-2.1292e-03
-2.1227e-03
-2.1163e-03
-2.1099e-03
-2.1032e-03
-2.0962e-03
-2.0895e-03
-2.0834e-03
-2.0771e-03
-2.0702e-03
-2.0634e-03
-2.0566e-03
-2.0499e-03
-2.0436e-03
-2.0373e-03
-2.0308e-03
-2.0245e-03
-2.0183e-03
-2.0119e-03
-2.0058e-03
-1.9992e-03
-1.9925e-03
-1.9865e-03
-1.9800e-03
-1.9730e-03
-1.9670e-03
-1.9614e-03
-1.9554e-03
-1.9477e-03
-1.9385e-03
-1.9306e-03
-1.9252e-03
-1.9204e-03
-1.9135e-03
-1.9061e-03
-1.9015e-03
-1.8969e-03
-1.8894e-03
-1.8820e-03
-1.8767e-03
-1.8708e-03
-1.8620e-03
-1.8542e-03
-1.8488e-03
-1.8455e-03
-1.8404e-03
-1.8323e-03
-1.8228e-03
-1.8182e-03
-1.8164e-03
-1.8104e-03
-1.8007e-03
-1.7926e-03
-1.7868e-03
-1.7819e-03
-1.7769e-03
-1.7727e-03
-1.7703e-03
-1.7620e-03
-1.7503e-03
-1.7437e-03
-1.7401e-03
-1.7346e-03
-1.7281e-03
-1.7191e-03
-1.7114e-03
-1.7076e-03
-1.7020e-03
-1.6911e-03
-1.6822e-03
-1.6754e-03
-1.6722e-03
-1.6711e-03
-1.6676e-03
-1.6582e-03
-1.6489e-03
-1.6431e-03
-1.6398e-03
-1.6361e-03
-1.6302e-03
-1.6276e-03
-1.6209e-03
-1.6083e-03
-1.6022e-03
-1.6034e-03
-1.5985e-03
-1.5854e-03
-1.5742e-03
-1.5683e-03
-1.5702e-03
-1.5747e-03
-1.5682e-03
-1.5589e-03
-1.5522e-03
-1.5428e-03
-1.5337e-03
-1.5324e-03
-1.5272e-03
-1.5129e-03
-1.5016e-03
-1.4992e-03
-1.5029e-03
-1.5058e-03
-1.5034e-03
-1.4924e-03
-1.4832e-03
-1.4776e-03
-1.4672e-03
-1.4560e-03
-1.4562e-03
-1.4570e-03
-1.4457e-03
-1.4249e-03
-1.4144e-03
-1.4136e-03
-1.4031e-03
-1.4026e-03
-1.4069e-03
-1.3969e-03
-1.3838e-03
-1.3763e-03
-1.3767e-03
-1.3834e-03
-1.3840e-03
-1.3722e-03
-1.3526e-03
-1.3406e-03
-1.3430e-03
-1.3503e-03
-1.3433e-03
-1.3297e-03
-1.3299e-03
-1.3324e-03
-1.3272e-03
-1.3146e-03
-1.3020e-03
-1.2961e-03
-1.2904e-03
-1.2933e-03
-1.2952e-03
-1.2827e-03
-1.2609e-03
-1.2500e-03
-1.2535e-03
-1.2492e-03
-1.2276e-03
-1.2195e-03
-1.2225e-03
-1.2278e-03
-1.2270e-03
-1.2097e-03
-1.2046e-03
-1.2244e-03
-1.2301e-03
-1.1994e-03
-1.1679e-03
-1.1550e-03
-1.1596e-03
-1.1629e-03
-1.1654e-03
-1.1667e-03
-1.1525e-03
-1.1397e-03
-1.1344e-03
-1.1265e-03
-1.1194e-03
-1.1332e-03
-1.1565e-03
-1.1406e-03
-1.1047e-03
-1.0972e-03
-1.1153e-03
-1.1227e-03
-1.1050e-03
-1.0767e-03
-1.0717e-03
-1.0905e-03
-1.0972e-03
-1.0711e-03
-1.0332e-03
-1.0277e-03
-1.0440e-03
-1.0608e-03
-1.0623e-03
-1.0473e-03
-1.0307e-03
-1.0229e-03
-1.0181e-03
-1.0370e-03
-1.0530e-03
-1.0254e-03
-9.8732e-04
-9.8354e-04
-9.9386e-04
-9.7915e-04
-9.5979e-04
-9.5442e-04
-9.6161e-04
-9.6633e-04
-9.5927e-04
-9.6418e-04
-9.6946e-04
-9.6433e-04
-9.5737e-04
-9.5473e-04
-9.5157e-04
-9.3359e-04
-9.0722e-04
-9.0475e-04
-9.1068e-04
-8.9239e-04
-8.8748e-04
-9.0927e-04
-9.0628e-04
-8.6199e-04
-8.3202e-04
-8.5384e-04
-8.7490e-04
-8.5730e-04
-8.4660e-04
-8.5393e-04
-8.5353e-04
-8.4881e-04
-8.2810e-04
-8.1099e-04
-8.1769e-04
-8.3777e-04
-8.4419e-04
-8.3983e-04
-8.3379e-04
-8.1564e-04
-7.9046e-04
-7.8749e-04
-7.8169e-04
-7.5123e-04
-7.5755e-04
-7.8947e-04
-7.9858e-04
-7.9207e-04
-7.8705e-04
-7.7138e-04
-7.3985e-04
-7.2370e-04
-7.3427e-04
-7.4334e-04
-7.2469e-04
-7.1654e-04
-7.2605e-04
-7.2530e-04
-7.1849e-04
-6.9689e-04
-6.9228e-04
-7.1472e-04
-7.2636e-04
-7.1109e-04
-6.7720e-04
-6.4438e-04
-6.2980e-04
-6.5419e-04
-6.7419e-04
-6.6391e-04
-6.7052e-04
-6.9620e-04
-7.0307e-04
-6.6486e-04
-6.4916e-04
-6.9068e-04
-6.8876e-04
-6.2476e-04
-6.0234e-04
-6.4404e-04
-6.7243e-04
-6.4164e-04
-6.0411e-04
-5.8614e-04
-5.7265e-04
-5.8826e-04
-5.9325e-04
-5.7159e-04
-5.5249e-04
-5.9062e-04
-6.1308e-04
-5.8091e-04
-5.7211e-04
-5.8207e-04
-5.7343e-04
-5.5150e-04
-5.3010e-04
-5.1499e-04
-5.4158e-04
-5.5145e-04
-5.2024e-04
-4.9722e-04
-4.9566e-04
-5.0644e-04
-5.1300e-04
-5.0929e-04
-5.1989e-04
-5.1304e-04
-4.8035e-04
-4.7607e-04
-5.0213e-04
-5.0142e-04
-4.6780e-04
-4.4622e-04
-4.4551e-04
-4.5621e-04
-4.6295e-04
-4.5851e-04
-4.6829e-04
-4.6420e-04
-4.3499e-04
-4.1668e-04
-4.1139e-04
-4.0848e-04
-4.1828e-04
-4.3937e-04
-4.3622e-04
-4.1792e-04
-4.1089e-04
-3.9660e-04
-3.9357e-04
-3.9908e-04
-3.9375e-04
-4.1345e-04
-4.4032e-04
-4.3984e-04
-4.0631e-04
-3.4523e-04
-3.3134e-04
-3.5564e-04
-3.7064e-04
-3.6404e-04
-3.5617e-04
-3.3854e-04
-3.3504e-04
-3.4687e-04
-3.4477e-04
-3.3506e-04
-3.1637e-04
-3.2989e-04
-3.5516e-04
-3.2461e-04
-2.8838e-04
-2.8440e-04
-3.0220e-04
-3.1073e-04
-2.8533e-04
-2.7890e-04
-3.1956e-04
-3.4767e-04
-3.1213e-04
-2.6225e-04
-2.6133e-04
-2.8966e-04
-2.8620e-04
-2.6464e-04
-2.7129e-04
-2.8325e-04
-2.8249e-04
-2.7558e-04
-2.5936e-04
-2.4243e-04
-2.3855e-04
-2.3473e-04
-2.4419e-04
-2.5336e-04
-2.5247e-04
-2.4419e-04
-2.2519e-04
-2.2184e-04
-2.4853e-04
-2.4792e-04
-2.1683e-04
-1.8108e-04
-1.6846e-04
-1.8195e-04
-1.9078e-04
-1.7313e-04
-1.6937e-04
-1.7780e-04
-1.6119e-04
-1.5554e-04
-1.7652e-04
-1.8857e-04
-1.8605e-04
-1.7839e-04
-1.6076e-04
-1.4667e-04
-1.5678e-04
-1.5319e-04
-1.3590e-04
-1.4286e-04
-1.5306e-04
-1.5338e-04
-1.4931e-04
-1.3064e-04
-1.0040e-04
-9.6970e-05
-1.1835e-04
-1.2929e-04
-1.4008e-04
-1.4938e-04
-1.1974e-04
-7.7033e-05
-6.1289e-05
-5.8956e-05
-5.5243e-05
-6.6178e-05
-9.1031e-05
-8.4807e-05
-5.1199e-05
-4.8352e-05
-7.3897e-05
-7.0803e-05
-5.0136e-05
-5.9504e-05
-7.3226e-05
-5.9442e-05
-2.6889e-05
-7.3014e-06
-5.1939e-06
-1.9688e-05
-4.1264e-05
-3.4351e-05
-1.7223e-05
-2.8574e-05
-2.8289e-05
2.8951e-06
2.3716e-05
1.3573e-05
-1.3124e-05
-2.4039e-05
-1.7116e-05
8.6610e-07
1.5692e-05
1.6184e-05
3.0938e-05
4.8704e-05
5.5637e-05
4.5398e-05
1.8523e-05
5.9537e-06
2.6895e-05
7.1303e-05
8.5474e-05
6.3646e-05
6.6691e-05
5.5674e-05
1.9785e-05
3.4433e-05
7.9578e-05
9.8310e-05
9.6493e-05
9.7418e-05
9.6740e-05
7.8084e-05
3.3851e-05
-9.1885e-06
3.7937e-05
1.4115e-04
1.7038e-04
1.2529e-04
9.6317e-05
1.0630e-04
1.0251e-04
8.9829e-05
8.8094e-05
1.0613e-04
1.3853e-04
1.5375e-04
1.4296e-04
1.2873e-04
1.3135e-04
1.3869e-04
1.5829e-04
1.5727e-04
1.3194e-04
1.3605e-04
1.6753e-04
1.7104e-04
1.5692e-04
1.7207e-04
1.9215e-04
1.8730e-04
1.6124e-04
1.3448e-04
1.2361e-04
1.5575e-04
2.0107e-04
2.1591e-04
2.0209e-04
1.8894e-04
1.9454e-04
1.9792e-04
2.0335e-04
2.0554e-04
2.0722e-04
1.9649e-04
2.0218e-04
2.1893e-04
2.0763e-04
1.9601e-04
2.1072e-04
2.3143e-04
2.3223e-04
2.3099e-04
2.3402e-04
2.5494e-04
2.5843e-04
2.3133e-04
2.1715e-04
2.3754e-04
2.7140e-04
2.7086e-04
2.4529e-04
2.4846e-04
2.6528e-04
2.5529e-04
2.5742e-04
2.8486e-04
2.9053e-04
2.7986e-04
2.8198e-04
2.7273e-04
2.6104e-04
2.6365e-04
2.8354e-04
2.9948e-04
2.8449e-04
2.8199e-04
3.1461e-04
3.4904e-04
3.4838e-04
3.0746e-04
2.9893e-04
3.1886e-04
3.0954e-04
2.9539e-04
3.1065e-04
3.4199e-04
3.4621e-04
3.3446e-04
3.3402e-04
3.2347e-04
3.2713e-04
3.5517e-04
3.7215e-04
3.7379e-04
3.7383e-04
3.7498e-04
3.7788e-04
3.8630e-04
3.9101e-04
3.6343e-04
3.2306e-04
3.4260e-04
3.8987e-04
3.9245e-04
3.6424e-04
3.6463e-04
3.8212e-04
3.7687e-04
3.7851e-04
3.7903e-04
3.5533e-04
3.5875e-04
3.7814e-04
3.8119e-04
3.6418e-04
3.6369e-04
4.0981e-04
4.4177e-04
4.2968e-04
4.0013e-04
3.9062e-04
3.9789e-04
4.0211e-04
3.9970e-04
4.0197e-04
4.2290e-04
4.3893e-04
4.0991e-04
3.8483e-04
4.1602e-04
4.4667e-04
4.3397e-04
4.3381e-04
4.6110e-04
4.6438e-04
4.5427e-04
4.7089e-04
4.7242e-04
4.4406e-04
4.4662e-04
4.9406e-04
5.1167e-04
4.6925e-04
4.5297e-04
4.8357e-04
5.0738e-04
5.0983e-04
4.9297e-04
4.6708e-04
4.7185e-04
5.0367e-04
5.1097e-04
4.8721e-04
4.5834e-04
4.3285e-04
4.4737e-04
5.0360e-04
5.4865e-04
5.6335e-04
5.3496e-04
4.9531e-04
4.8372e-04
5.0227e-04
5.3481e-04
5.5040e-04
5.3859e-04
5.1216e-04
4.9900e-04
5.0447e-04
5.2555e-04
5.3995e-04
5.1367e-04
4.9645e-04
5.2441e-04
5.5901e-04
5.8968e-04
5.7407e-04
5.3542e-04
5.2363e-04
5.3089e-04
5.3656e-04
5.3533e-04
5.3379e-04
5.4806e-04
5.8001e-04
5.9729e-04
5.8276e-04
5.5341e-04
5.5559e-04
5.8916e-04
6.0776e-04
5.9454e-04
5.6726e-04
5.5763e-04
5.6230e-04
5.6610e-04
5.6816e-04
5.7041e-04
5.7006e-04
5.6955e-04
5.8548e-04
6.1693e-04
6.2149e-04
5.9234e-04
5.6559e-04
5.6959e-04
6.0166e-04
6.0638e-04
5.9652e-04
5.8086e-04
5.5442e-04
5.5762e-04
6.0177e-04
6.3226e-04
6.1796e-04
6.0267e-04
6.0485e-04
6.1036e-04
6.1284e-04
6.1388e-04
6.1390e-04
6.1531e-04
6.2895e-04
6.5399e-04
6.7094e-04
6.8777e-04
6.8887e-04
6.4947e-04
6.2530e-04
6.3244e-04
6.3843e-04
6.2241e-04
6.0963e-04
6.4108e-04
6.7003e-04
6.5506e-04
6.5131e-04
6.8254e-04
7.0338e-04
6.8791e-04
6.5705e-04
6.6169e-04
6.9608e-04
6.9938e-04
6.6875e-04
6.5658e-04
6.7676e-04
6.9184e-04
6.7526e-04
6.7923e-04
7.1328e-04
7.0317e-04
6.4430e-04
6.3061e-04
6.8076e-04
7.1450e-04
6.8447e-04
6.5295e-04
6.6964e-04
6.9227e-04
6.9377e-04
6.7798e-04
6.6622e-04
6.8005e-04
6.9374e-04
7.1100e-04
7.3916e-04
7.3779e-04
7.0939e-04
7.1167e-04
7.4390e-04
7.4656e-04
7.1983e-04
7.1757e-04
7.3408e-04
7.3924e-04
7.5235e-04
7.5369e-04
7.4159e-04
7.4058e-04
7.4367e-04
7.6193e-04
7.6555e-04
7.4111e-04
7.1417e-04
7.0081e-04
7.1779e-04
7.4790e-04
7.7446e-04
7.7371e-04
7.6228e-04
7.6396e-04
7.5117e-04
7.4079e-04
7.5604e-04
7.7446e-04
7.6217e-04
7.4573e-04
7.4727e-04
7.6657e-04
7.8243e-04
7.6774e-04
7.5466e-04
7.5994e-04
7.6483e-04
7.4875e-04
7.3267e-04
7.6354e-04
8.0910e-04
8.0883e-04
7.7690e-04
7.7522e-04
8.0718e-04
8.2644e-04
8.2427e-04
8.0917e-04
7.9951e-04
8.0643e-04
7.9595e-04
7.6914e-04
7.5426e-04
7.7469e-04
8.0243e-04
8.0290e-04
7.8860e-04
8.0421e-04
8.0493e-04
7.9258e-04
8.0275e-04
8.3280e-04
8.5059e-04
8.4831e-04
8.3293e-04
8.2360e-04
8.3977e-04
8.4078e-04
8.2799e-04
8.4097e-04
8.5729e-04
8.5889e-04
8.5617e-04
8.5949e-04
8.6652e-04
8.5494e-04
8.1463e-04
7.8986e-04
8.0849e-04
8.2434e-04
8.2173e-04
8.3172e-04
8.7111e-04
9.0162e-04
9.0318e-04
8.9141e-04
8.5368e-04
8.1740e-04
8.0171e-04
8.1847e-04
8.6050e-04
9.0317e-04
9.0225e-04
8.7579e-04
8.4971e-04
8.3772e-04
8.3902e-04
8.5884e-04
8.8866e-04
8.7480e-04
8.3103e-04
8.3167e-04
8.6428e-04
8.8316e-04
8.6749e-04
8.5119e-04
8.5142e-04
8.6728e-04
8.9456e-04
9.1029e-04
9.1131e-04
8.9533e-04
8.7096e-04
8.7465e-04
8.9092e-04
8.7999e-04
8.6868e-04
8.6907e-04
8.5950e-04
8.4580e-04
8.5742e-04
8.7600e-04
8.9262e-04
8.9016e-04
8.6088e-04
8.6345e-04
8.9154e-04
9.0643e-04
9.0271e-04
9.1802e-04
9.3500e-04
9.2176e-04
8.9158e-04
8.9408e-04
9.2629e-04
9.3043e-04
9.0297e-04
8.8596e-04
8.8741e-04
9.0511e-04
9.3370e-04
9.3733e-04
9.1156e-04
8.8084e-04
8.6472e-04
8.9659e-04
9.5572e-04
9.7322e-04
9.2577e-04
8.8163e-04
8.8722e-04
9.3330e-04
9.4529e-04
9.3166e-04
9.4480e-04
9.4635e-04
9.1966e-04
9.1817e-04
9.4988e-04
9.6518e-04
9.4885e-04
9.3642e-04
9.5374e-04
9.5288e-04
9.2730e-04
9.3988e-04
9.7160e-04
9.5967e-04
9.4251e-04
9.4176e-04
9.6218e-04
9.7276e-04
9.6044e-04
9.6144e-04
9.7815e-04
9.5444e-04
9.2791e-04
9.2558e-04
9.3215e-04
9.4634e-04
9.5706e-04
9.5543e-04
9.7084e-04
9.8735e-04
9.7677e-04
9.4540e-04
9.3134e-04
9.5203e-04
9.8238e-04
9.6901e-04
9.2993e-04
9.2759e-04
9.2853e-04
9.3206e-04
9.7223e-04
9.9004e-04
9.6314e-04
9.2991e-04
9.1915e-04
9.5135e-04
9.7941e-04
9.6782e-04
9.5411e-04
9.4127e-04
9.1681e-04
9.1415e-04
9.4290e-04
9.7551e-04
9.8763e-04
9.5722e-04
9.3116e-04
9.4614e-04
9.6019e-04
9.6234e-04
9.7759e-04
9.8921e-04
9.5976e-04
9.4657e-04
9.9014e-04
1.0086e-03
9.7900e-04
9.5942e-04
9.7520e-04
1.0066e-03
1.0187e-03
1.0157e-03
1.0166e-03
1.0197e-03
1.0086e-03
9.8397e-04
9.7234e-04
9.6390e-04
9.4544e-04
9.2301e-04
8.8263e-04
8.4391e-04
8.5508e-04
9.0727e-04
9.5790e-04
1.0159e-03
1.0693e-03
1.1163e-03
1.1781e-03
1.2319e-03
1.2303e-03
1.1911e-03
1.1437e-03
1.1023e-03
1.0344e-03
9.5230e-04
8.8261e-04
8.1543e-04
7.5843e-04
7.1913e-04
7.1416e-04
7.6342e-04
8.6731e-04
9.7020e-04
1.0111e-03
1.0275e-03
1.0779e-03
1.1992e-03
1.3353e-03
1.3565e-03
1.2785e-03
1.2202e-03
1.2198e-03
1.2245e-03
1.1808e-03
1.0830e-03
9.6492e-04
8.5277e-04
7.3555e-04
6.2619e-04
5.6547e-04
5.8152e-04
6.4074e-04
7.3105e-04
8.7121e-04
1.0505e-03
1.2158e-03
1.3355e-03
1.4216e-03
1.4321e-03
1.3410e-03
1.2385e-03
1.1716e-03
1.1120e-03
1.0466e-03
9.6417e-04
8.7391e-04
7.8603e-04
6.8575e-04
5.6469e-04
4.6013e-04
4.2785e-04
5.1694e-04
7.2059e-04
9.9434e-04
1.2768e-03
1.4465e-03
1.4889e-03
1.5159e-03
1.5435e-03
1.5133e-03
1.4414e-03
1.3620e-03
1.2501e-03
1.1019e-03
9.3888e-04
7.7686e-04
6.2092e-04
5.1189e-04
4.8203e-04
5.2074e-04
5.6312e-04
5.6496e-04
5.7199e-04
6.6030e-04
8.3874e-04
1.0540e-03
1.2703e-03
1.4652e-03
1.5593e-03
1.5342e-03
1.4633e-03
1.4061e-03
1.3613e-03
1.2741e-03
1.1430e-03
9.9247e-04
8.8139e-04
8.5292e-04
9.2374e-04
1.0776e-03
1.2652e-03
1.3705e-03
1.3056e-03
1.1671e-03
1.1177e-03
1.2135e-03
1.3773e-03
1.4918e-03
1.4977e-03
1.3553e-03
1.1007e-03
8.9782e-04
7.9268e-04
7.0809e-04
6.3901e-04
6.5415e-04
7.7056e-04
9.3995e-04
1.0627e-03
1.0942e-03
1.0764e-03
1.0275e-03
9.7640e-04
1.0063e-03
1.1327e-03
1.1799e-03
1.0163e-03
7.9960e-04
7.5367e-04
9.7168e-04
1.3161e-03
1.5150e-03
1.4714e-03
1.2737e-03
1.1119e-03
1.1035e-03
1.2028e-03
1.2549e-03
1.2287e-03
1.2233e-03
1.2532e-03
1.2167e-03
1.0456e-03
7.6202e-04
4.4557e-04
2.1969e-04
1.9129e-04
3.3848e-04
5.1460e-04
6.1271e-04
6.3712e-04
7.2169e-04
9.5653e-04
1.2546e-03
1.4424e-03
1.4574e-03
1.3648e-03
1.2401e-03
1.1902e-03
1.3626e-03
1.7164e-03
1.9760e-03
1.8857e-03
1.4118e-03
7.4848e-04
2.6796e-04
2.1300e-04
5.9583e-04
1.2668e-03
1.9453e-03
2.3563e-03
2.3984e-03
2.2200e-03
2.1182e-03
2.2855e-03
2.5736e-03
2.5349e-03
1.8953e-03
8.9340e-04
9.0449e-05
-2.1388e-04
-2.7414e-04
-4.0603e-04
-6.2983e-04
-7.6597e-04
-6.9372e-04
-4.3678e-04
-6.4756e-05
3.7693e-04
8.9435e-04
1.4213e-03
1.8050e-03
1.9290e-03
1.9250e-03
2.0858e-03
2.4745e-03
2.8799e-03
3.0474e-03
2.8840e-03
2.5629e-03
2.2890e-03
2.1404e-03
2.0215e-03
1.7702e-03
1.2014e-03
3.6597e-04
-3.0715e-04
-4.1165e-04
1.1186e-05
5.2632e-04
7.7003e-04
8.5962e-04
1.1888e-03
1.8670e-03
2.4736e-03
2.4823e-03
1.8708e-03
1.0943e-03
5.3367e-04
1.8782e-04
-1.5657e-04
-6.1272e-04
-1.0519e-03
-1.2701e-03
-1.0900e-03
-4.5665e-04
4.6607e-04
1.3005e-03
1.6798e-03
1.6164e-03
1.5532e-03
1.9880e-03
2.9526e-03
3.9321e-03
4.2935e-03
3.8539e-03
3.0042e-03
2.2908e-03
1.9950e-03
2.0394e-03
2.0501e-03
1.5939e-03
5.7628e-04
-5.7859e-04
-1.2905e-03
-1.2327e-03
-6.5308e-04
-1.6697e-04
-2.6842e-04
-9.8874e-04
-1.7186e-03
-1.5644e-03
-2.7349e-04
1.3762e-03
2.3484e-03
2.3561e-03
1.9586e-03
1.8460e-03
2.2181e-03
2.8249e-03
3.3772e-03
3.7921e-03
4.0563e-03
4.1829e-03
4.1501e-03
3.8212e-03
3.1219e-03
2.2506e-03
1.6542e-03
1.5380e-03
1.6779e-03
1.6059e-03
1.0313e-03
1.4818e-04
-6.0042e-04
-9.4584e-04
-8.6178e-04
-5.1229e-04
-2.0678e-04
-6.9330e-05
-4.4293e-05
3.4946e-05
3.3076e-04
9.2365e-04
1.7014e-03
2.2612e-03
2.2247e-03
1.6115e-03
8.2687e-04
2.2293e-04
-1.0064e-04
-2.8512e-04
-4.7595e-04
-5.5343e-04
-1.8544e-04
7.9856e-04
2.1539e-03
3.4060e-03
4.2031e-03
4.5486e-03
4.7451e-03
4.9110e-03
4.8786e-03
4.4697e-03
3.6595e-03
2.5712e-03
1.4203e-03
5.2864e-04
2.5395e-04
6.7688e-04
1.3871e-03
1.7228e-03
1.3945e-03
7.6260e-04
3.5371e-04
3.2209e-04
4.6734e-04
6.0420e-04
6.4542e-04
5.0449e-04
2.6136e-04
1.2727e-04
1.1617e-04
-8.7595e-06
-3.5412e-04
-6.7995e-04
-7.2891e-04
-5.2118e-04
-3.9401e-04
-5.8463e-04
-8.2421e-04
-5.6207e-04
3.8344e-04
1.5867e-03
2.4388e-03
2.6646e-03
2.4144e-03
2.0335e-03
1.7387e-03
1.6980e-03
2.0507e-03
2.7465e-03
3.4580e-03
3.7243e-03
3.3620e-03
2.6960e-03
2.2862e-03
2.4191e-03
2.9404e-03
3.5538e-03
4.1427e-03
4.6750e-03
5.0042e-03
4.8990e-03
4.2618e-03
3.3218e-03
2.4725e-03
1.8594e-03
1.2756e-03
5.4812e-04
-1.2657e-04
-3.0252e-04
2.4103e-04
1.1725e-03
1.8234e-03
1.7261e-03
9.1304e-04
-1.7344e-04
-1.0352e-03
-1.4543e-03
-1.5650e-03
-1.6954e-03
-2.1064e-03
-2.7183e-03
-3.1516e-03
-2.9148e-03
-1.8086e-03
-3.1911e-04
7.5328e-04
1.0925e-03
1.1676e-03
1.6832e-03
2.7977e-03
3.9962e-03
4.8157e-03
5.1449e-03
5.0789e-03
4.7210e-03
4.0154e-03
2.9380e-03
1.8508e-03
1.3895e-03
1.8937e-03
2.9046e-03
3.3940e-03
2.7946e-03
1.5301e-03
6.0738e-04
7.0344e-04
1.6540e-03
2.8397e-03
3.7244e-03
3.9656e-03
3.3486e-03
1.9778e-03
4.5231e-04
-2.9142e-04
3.0531e-04
1.6512e-03
2.3668e-03
1.4577e-03
-8.8421e-04
-3.4275e-03
-4.6357e-03
-3.6662e-03
-1.0693e-03
1.5524e-03
2.8324e-03
2.6516e-03
1.9945e-03
1.9660e-03
2.9567e-03
4.6397e-03
6.3808e-03
7.4964e-03
7.4017e-03
5.8987e-03
3.3947e-03
7.3436e-04
-1.2657e-03
-2.1275e-03
-1.8998e-03
-1.1235e-03
-3.3541e-04
2.5962e-04
6.9897e-04
9.8161e-04
9.0798e-04
4.7858e-04
2.3018e-05
-1.3677e-04
1.0709e-04
7.1645e-04
1.5789e-03
2.4996e-03
3.2008e-03
3.6403e-03
4.1412e-03
4.9552e-03
5.8681e-03
6.3738e-03
6.1458e-03
5.2320e-03
4.0349e-03
3.0239e-03
2.5027e-03
2.4665e-03
2.5130e-03
2.1419e-03
1.2529e-03
2.0542e-04
-5.0930e-04
-7.0988e-04
-5.8893e-04
-6.0808e-04
-1.3112e-03
-2.7356e-03
-4.2934e-03
-5.3861e-03
-5.7084e-03
-5.1850e-03
-4.0836e-03
-3.0308e-03
-2.5737e-03
-2.4017e-03
-1.5096e-03
6.3933e-04
3.4752e-03
5.9618e-03
7.4606e-03
8.0284e-03
8.0845e-03
7.9898e-03
8.0163e-03
8.3159e-03
8.7366e-03
8.8632e-03
8.3370e-03
7.2449e-03
6.0572e-03
5.0186e-03
3.8500e-03
2.1599e-03
7.2384e-05
-1.7659e-03
-2.7264e-03
-2.8145e-03
-2.8541e-03
-3.7322e-03
-5.3514e-03
-6.6665e-03
-6.8256e-03
-5.8715e-03
-4.3174e-03
-2.5192e-03
-7.3851e-04
6.5729e-04
1.3762e-03
1.5711e-03
1.7239e-03
2.2996e-03
3.5514e-03
5.2935e-03
6.7373e-03
6.9700e-03
5.8892e-03
4.3771e-03
3.4131e-03
3.1218e-03
2.8620e-03
2.1341e-03
1.0590e-03
-3.5683e-05
-9.7326e-04
-1.8465e-03
-2.6852e-03
-3.0731e-03
-2.6062e-03
-1.6414e-03
-1.1664e-03
-1.6896e-03
-2.5215e-03
-2.4489e-03
-1.0122e-03
1.0727e-03
2.6172e-03
2.9735e-03
2.4758e-03
2.0619e-03
2.4416e-03
3.6149e-03
5.1158e-03
6.2894e-03
6.5776e-03
5.9142e-03
4.8537e-03
4.1031e-03
3.9351e-03
4.1326e-03
4.1882e-03
3.4608e-03
1.6549e-03
-7.6585e-04
-2.7300e-03
-3.2739e-03
-2.3516e-03
-8.3909e-04
2.6276e-04
5.3676e-04
2.1950e-04
-2.9739e-04
-6.5307e-04
-4.0843e-04
6.3904e-04
2.0704e-03
2.9444e-03
2.6048e-03
1.2442e-03
-2.5939e-04
-8.6565e-04
-4.0421e-05
1.6823e-03
3.1163e-03
3.4900e-03
3.1263e-03
3.0555e-03
3.9422e-03
5.3830e-03
6.2980e-03
5.9188e-03
4.4184e-03
2.6865e-03
1.5171e-03
1.0358e-03
6.6539e-04
-1.6954e-04
-1.3349e-03
-2.1440e-03
-2.1891e-03
-1.7305e-03
-1.4170e-03
-1.6972e-03
-2.3637e-03
-2.6443e-03
-1.8301e-03
7.4776e-05
2.1835e-03
3.2678e-03
2.8060e-03
1.7186e-03
1.6353e-03
3.1656e-03
5.1449e-03
5.7760e-03
4.3730e-03
1.7738e-03
-5.9832e-04
-1.7812e-03
-1.5330e-03
-1.7454e-04
1.7175e-03
3.4964e-03
4.6247e-03
5.0753e-03
5.3700e-03
5.9706e-03
6.6241e-03
6.5697e-03
5.5198e-03
4.0601e-03
2.8089e-03
1.7705e-03
6.4456e-04
-5.3696e-04
-1.3173e-03
-1.3775e-03
-7.3491e-04
3.0541e-04
1.0836e-03
7.9063e-04
-7.2943e-04
-2.4969e-03
-3.0747e-03
-1.8429e-03
3.2173e-04
1.7706e-03
1.5601e-03
1.3520e-04
-1.1780e-03
-1.3573e-03
-4.2120e-04
8.6698e-04
1.7207e-03
1.6247e-03
5.7400e-04
-6.4963e-04
-7.9747e-04
6.7037e-04
2.8802e-03
4.3723e-03
4.4405e-03
3.4347e-03
2.2068e-03
1.5932e-03
2.0630e-03
3.2214e-03
3.8490e-03
3.0360e-03
1.1271e-03
-6.2166e-04
-1.1955e-03
-4.6382e-04
1.0755e-03
2.8874e-03
4.4413e-03
4.9616e-03
3.9572e-03
2.2049e-03
1.4666e-03
2.8282e-03
5.5603e-03
7.6817e-03
7.6691e-03
5.5867e-03
2.7621e-03
6.9462e-04
1.0648e-04
4.7675e-04
2.4492e-04
-1.9431e-03
-5.7471e-03
-9.1420e-03
-1.0100e-02
-8.1508e-03
-4.4045e-03
-4.2518e-04
2.6723e-03
4.4306e-03
4.8645e-03
4.3769e-03
3.7019e-03
3.5031e-03
3.8656e-03
4.1893e-03
3.7318e-03
2.5785e-03
1.7384e-03
1.9006e-03
2.6042e-03
2.8464e-03
2.1245e-03
8.2549e-04
-3.3509e-04
-9.5087e-04
-1.0773e-03
-8.7370e-04
-3.0361e-04
8.5561e-04
2.7421e-03
4.9211e-03
6.5726e-03
7.1726e-03
6.7145e-03
5.4432e-03
3.6221e-03
1.5787e-03
-1.8202e-04
-1.1650e-03
-1.3028e-03
-1.0865e-03
-1.0766e-03
-1.3459e-03
-1.5899e-03
-1.4188e-03
-4.6712e-04
1.2745e-03
2.9251e-03
3.1802e-03
1.5756e-03
-9.0676e-04
-2.6377e-03
-2.6939e-03
-1.4682e-03
-1.5622e-04
2.9182e-04
-1.0879e-04
-5.2957e-04
-1.7264e-04
9.6518e-04
2.1276e-03
2.7285e-03
2.9940e-03
3.4981e-03
4.3343e-03
5.0618e-03
5.3126e-03
5.2777e-03
5.3417e-03
5.4290e-03
5.0644e-03
4.1303e-03
3.1115e-03
2.4231e-03
1.7889e-03
6.3060e-04
-1.0301e-03
-2.4307e-03
-2.7803e-03
-1.9359e-03
-4.6245e-04
7.5872e-04
1.1395e-03
7.3864e-04
1.7894e-04
3.4999e-04
1.8576e-03
4.1623e-03
5.5911e-03
4.8914e-03
2.5759e-03
3.4486e-04
-3.5670e-04
7.9933e-04
2.8059e-03
4.0810e-03
3.7284e-03
2.2487e-03
9.4471e-04
6.5022e-04
1.2778e-03
2.5121e-03
4.0416e-03
5.1501e-03
4.7804e-03
2.6179e-03
-1.0094e-04
-1.5603e-03
-1.2455e-03
-3.7490e-04
-3.2958e-04
-1.3015e-03
-2.5593e-03
-3.5222e-03
-3.9552e-03
-3.5547e-03
-2.1752e-03
-3.9836e-04
7.9886e-04
1.1771e-03
1.4803e-03
2.4355e-03
3.8011e-03
4.6576e-03
4.4552e-03
3.6892e-03
3.4273e-03
4.0758e-03
4.8608e-03
4.5244e-03
2.7239e-03
7.4676e-04
2.8018e-04
1.4850e-03
2.8420e-03
2.9785e-03
2.3077e-03
2.3624e-03
3.7345e-03
5.3696e-03
5.7445e-03
4.6636e-03
3.3640e-03
2.9018e-03
3.0128e-03
2.6362e-03
1.0477e-03
-1.5349e-03
-3.8779e-03
-4.4623e-03
-2.8008e-03
-1.9584e-04
1.3916e-03
1.1984e-03
2.3469e-04
1.1684e-04
1.4591e-03
3.2085e-03
3.5154e-03
1.7341e-03
-7.7968e-04
-2.2156e-03
-2.1280e-03
-1.5037e-03
-1.4625e-03
-2.2262e-03
-2.9339e-03
-2.2153e-03
4.0042e-04
3.6549e-03
5.7369e-03
6.0242e-03
5.3352e-03
4.8345e-03
4.9600e-03
5.2650e-03
5.0516e-03
3.9798e-03
2.1766e-03
1.2959e-04
-1.2684e-03
-1.0028e-03
9.3842e-04
3.1346e-03
3.8219e-03
2.4236e-03
-1.3440e-04
-2.1318e-03
-2.0401e-03
1.3299e-04
2.4645e-03
2.8015e-03
1.0787e-03
-5.5033e-04
-9.9905e-05
2.2590e-03
4.5607e-03
4.9419e-03
3.1964e-03
7.4716e-04
-6.7466e-04
-4.5115e-04
7.3197e-04
1.7166e-03
1.6666e-03
5.9459e-04
-5.8627e-04
-6.6305e-04
8.9814e-04
3.5912e-03
6.3142e-03
7.7526e-03
6.8337e-03
3.6743e-03
4.2000e-05
-2.0111e-03
-2.2918e-03
-2.3934e-03
-3.5301e-03
-5.3472e-03
-6.8142e-03
-7.3410e-03
-6.7670e-03
-4.9134e-03
-1.8895e-03
1.5451e-03
4.3375e-03
5.9554e-03
6.7917e-03
7.6703e-03
9.0249e-03
1.0426e-02
1.0930e-02
9.9439e-03
7.7149e-03
4.9570e-03
2.3950e-03
6.0925e-04
-1.1012e-04
2.2653e-04
1.4595e-03
3.0723e-03
3.8585e-03
2.6609e-03
-9.5231e-05
-2.2627e-03
-1.9071e-03
7.6546e-04
3.5694e-03
4.5337e-03
3.9165e-03
3.7350e-03
5.2951e-03
7.5328e-03
8.1863e-03
6.4712e-03
4.0626e-03
3.0881e-03
3.8659e-03
4.9129e-03
4.4753e-03
1.8739e-03
-1.8564e-03
-4.2248e-03
-2.8631e-03
2.0709e-03
7.2178e-03
8.8136e-03
6.2518e-03
2.3557e-03
4.8009e-04
1.6323e-03
3.8362e-03
4.0793e-03
1.3722e-03
-2.2926e-03
-4.2268e-03
-3.5437e-03
-1.2860e-03
7.7308e-04
9.8392e-04
-1.0766e-03
-3.7169e-03
-4.4168e-03
-2.6499e-03
-7.3046e-04
-1.1445e-03
-3.6780e-03
-5.8848e-03
-5.9033e-03
-3.9806e-03
-1.6389e-03
-1.5251e-04
1.5451e-04
-3.0885e-04
-7.0498e-04
-3.6256e-04
7.2847e-04
2.1342e-03
3.5562e-03
4.7636e-03
5.3440e-03
5.1287e-03
4.7966e-03
5.1312e-03
5.6234e-03
4.7465e-03
1.9327e-03
-1.4230e-03
-3.1176e-03
-1.8092e-03
2.1418e-03
6.6634e-03
9.0030e-03
7.9358e-03
4.9386e-03
2.5850e-03
2.3231e-03
3.8528e-03
5.7273e-03
6.3805e-03
5.1206e-03
2.4343e-03
-3.9323e-04
-1.6996e-03
-5.9005e-04
1.8918e-03
3.5370e-03
3.2548e-03
2.2043e-03
2.0450e-03
2.9184e-03
3.6982e-03
3.5649e-03
2.8933e-03
2.7725e-03
3.5986e-03
4.3869e-03
3.9785e-03
2.5602e-03
1.4007e-03
1.3406e-03
2.0141e-03
2.4091e-03
1.5936e-03
-6.3727e-04
-3.5555e-03
-6.1123e-03
-7.5858e-03
-7.7480e-03
-6.9723e-03
-6.1005e-03
-5.7251e-03
-5.4252e-03
-4.0505e-03
-1.0434e-03
2.9443e-03
6.6105e-03
8.5869e-03
8.1993e-03
6.1916e-03
4.4519e-03
4.3993e-03
5.3922e-03
5.3104e-03
2.9056e-03
-8.0453e-04
-3.7085e-03
-4.6987e-03
-4.2910e-03
-3.6031e-03
-3.1350e-03
-2.6965e-03
-2.0713e-03
-1.4582e-03
-1.0511e-03
-3.7163e-04
1.3691e-03
3.9997e-03
6.1539e-03
6.6012e-03
5.6823e-03
5.0054e-03
5.8504e-03
7.9985e-03
9.8814e-03
9.9905e-03
8.2938e-03
6.3436e-03
5.6972e-03
6.4974e-03
7.6718e-03
8.2876e-03
8.4888e-03
9.0305e-03
9.9999e-03
1.0597e-02
1.0573e-02
1.0785e-02
1.1721e-02
1.2356e-02
1.1326e-02
8.6665e-03
5.3950e-03
1.9405e-03
-1.6017e-03
-4.1280e-03
-4.0344e-03
-1.4441e-03
1.2231e-03
1.5601e-03
-6.5574e-04
-3.7152e-03
-5.6744e-03
-5.2276e-03
-1.9198e-03
3.3128e-03
8.0374e-03
9.7056e-03
7.6394e-03
3.6329e-03
4.4222e-04
-4.1291e-04
4.4227e-04
1.1117e-03
6.0544e-05
-2.9720e-03
-6.8748e-03
-9.5224e-03
-8.9884e-03
-5.2601e-03
-4.1554e-04
3.2888e-03
5.2326e-03
6.3526e-03
7.7201e-03
9.7525e-03
1.2345e-02
1.5070e-02
1.6893e-02
1.6358e-02
1.2792e-02
7.4421e-03
2.7304e-03
2.9504e-04
1.1240e-04
1.0085e-03
1.4547e-03
1.4470e-04
-3.2874e-03
-7.5842e-03
-1.0134e-02
-8.9078e-03
-4.7767e-03
-1.1935e-03
-8.3489e-04
-3.0297e-03
-5.0035e-03
-4.8789e-03
-2.9456e-03
-7.2409e-04
5.8426e-04
8.1845e-04
5.9231e-04
5.0729e-04
7.7063e-04
1.3526e-03
2.3141e-03
3.5773e-03
4.8970e-03
6.2975e-03
7.9444e-03
9.3879e-03
9.7044e-03
8.6050e-03
6.6760e-03
4.5774e-03
2.7723e-03
1.9665e-03
2.5560e-03
3.5039e-03
3.1852e-03
1.1652e-03
-1.6031e-03
-3.7805e-03
-4.1788e-03
-2.2998e-03
7.6507e-04
2.5808e-03
1.4841e-03
-1.7273e-03
-4.7524e-03
-5.9074e-03
-5.0896e-03
-3.3959e-03
-2.0161e-03
-1.3466e-03
-1.0098e-03
-3.1388e-04
1.3662e-03
3.9682e-03
6.4053e-03
7.3185e-03
6.2233e-03
3.8525e-03
1.8435e-03
1.9590e-03
4.4945e-03
7.4331e-03
8.1043e-03
5.9737e-03
3.1747e-03
2.1863e-03
3.5742e-03
5.8758e-03
6.9886e-03
5.8958e-03
3.5136e-03
1.6433e-03
1.1216e-03
1.5188e-03
2.4657e-03
4.0771e-03
5.9001e-03
6.6235e-03
5.4229e-03
3.0299e-03
9.4305e-04
-3.9136e-04
-1.9497e-03
-4.7742e-03
-8.5912e-03
-1.1841e-02
-1.2942e-02
-1.1631e-02
-9.2085e-03
-7.4744e-03
-7.1371e-03
-6.9688e-03
-4.8698e-03
-1.9704e-04
5.2024e-03
8.7530e-03
9.6320e-03
8.9704e-03
8.1309e-03
7.7983e-03
8.2257e-03
9.1114e-03
9.4685e-03
8.3248e-03
5.8545e-03
3.7673e-03
4.1014e-03
7.1631e-03
1.0825e-02
1.2221e-02
1.0231e-02
6.2857e-03
3.0744e-03
2.4403e-03
4.1449e-03
6.4004e-03
7.5338e-03
7.2035e-03
6.1861e-03
5.2764e-03
4.6599e-03
4.1277e-03
3.6056e-03
3.2124e-03
2.5417e-03
7.4936e-04
-1.9779e-03
-3.9079e-03
-3.5531e-03
-1.4384e-03
5.3417e-04
9.3717e-04
-4.5457e-04
-2.7876e-03
-4.5934e-03
-4.7353e-03
-3.5499e-03
-2.8875e-03
-4.2688e-03
-7.2103e-03
-9.6662e-03
-1.0076e-02
-8.9558e-03
-8.2297e-03
-8.6390e-03
-8.7451e-03
-7.1133e-03
-4.2198e-03
-1.5059e-03
2.7664e-04
1.2913e-03
2.1970e-03
3.5931e-03
5.3084e-03
6.5475e-03
7.0483e-03
7.2206e-03
7.2512e-03
7.0049e-03
6.6540e-03
6.4538e-03
6.1476e-03
5.4775e-03
4.9249e-03
5.1490e-03
5.6445e-03
5.0238e-03
2.7565e-03
1.2687e-04
-7.7219e-04
8.0919e-04
3.1910e-03
3.7757e-03
1.5976e-03
-2.1291e-03
-5.3769e-03
-6.5168e-03
-4.9620e-03
-1.6438e-03
1.0801e-03
9.9708e-04
-1.8468e-03
-5.0069e-03
-5.7799e-03
-3.4580e-03
1.9991e-04
2.6935e-03
2.8013e-03
9.6333e-04
-1.3824e-03
-2.3427e-03
-5.2041e-04
3.5244e-03
6.9973e-03
6.9805e-03
3.1322e-03
-1.9287e-03
-4.9132e-03
-4.6787e-03
-2.8594e-03
-1.7301e-03
-2.0702e-03
-3.1260e-03
-3.7480e-03
-3.4034e-03
-2.4089e-03
-1.4493e-03
-1.0944e-03
-1.6489e-03
-3.0786e-03
-4.8041e-03
-5.5522e-03
-4.2336e-03
-1.6742e-03
-3.8497e-04
-1.6821e-03
-3.7797e-03
-3.8703e-03
-1.5553e-03
1.0847e-03
2.4962e-03
3.0589e-03
3.6233e-03
4.2043e-03
4.2854e-03
3.5557e-03
2.0348e-03
-1.6321e-05
-1.9629e-03
-3.1357e-03
-3.5763e-03
-3.9148e-03
-4.2977e-03
-4.2676e-03
-3.6687e-03
-2.9588e-03
-2.6912e-03
-3.1164e-03
-3.8866e-03
-4.1409e-03
-3.3525e-03
-1.9073e-03
-6.6709e-04
-1.0661e-04
1.2706e-05
1.8469e-04
8.1378e-04
2.0963e-03
3.7293e-03
4.9791e-03
5.4044e-03
5.4118e-03
5.6169e-03
5.8674e-03
5.5932e-03
5.0602e-03
5.2003e-03
6.1164e-03
6.8071e-03
6.5650e-03
5.7918e-03
5.0619e-03
4.1739e-03
2.5670e-03
7.3426e-05
-2.8679e-03
-5.4976e-03
-7.2962e-03
-8.4863e-03
-9.7082e-03
-1.1131e-02
-1.2323e-02
-1.3006e-02
-1.3484e-02
-1.4045e-02
-1.4395e-02
-1.3994e-02
-1.2718e-02
-1.0954e-02
-9.6715e-03
-1.0121e-02
-1.2475e-02
-1.4958e-02
-1.5332e-02
-1.3259e-02
-1.0285e-02
-7.9848e-03
-7.0831e-03
-7.8519e-03
-1.0094e-02
-1.2594e-02
-1.3586e-02
-1.2220e-02
-9.4400e-03
-7.3664e-03
-7.8127e-03
-1.0992e-02
-1.5356e-02
-1.8652e-02
-1.9513e-02
-1.8409e-02
-1.7021e-02
-1.6941e-02
-1.8884e-02
-2.2414e-02
-2.5944e-02
-2.7587e-02
-2.6753e-02
-2.4746e-02
-2.3428e-02
-2.3504e-02
-2.4474e-02
-2.5653e-02
-2.6654e-02
-2.7351e-02
-2.7854e-02
-2.8511e-02
-2.9624e-02
-3.1042e-02
-3.2296e-02
-3.3186e-02
-3.3833e-02
-3.4329e-02
-3.4288e-02
-3.3174e-02
-3.1182e-02
-2.9435e-02
-2.9189e-02
-3.0751e-02
-3.3183e-02
-3.5022e-02
-3.5504e-02
-3.5135e-02
-3.5033e-02
-3.5855e-02
-3.7370e-02
-3.9012e-02
-4.0434e-02
-4.1414e-02
-4.1866e-02
-4.2119e-02
-4.2644e-02
-4.3388e-02
-4.3860e-02
-4.3714e-02
-4.2823e-02
-4.1281e-02
-3.9609e-02
-3.8367e-02
-3.7534e-02
-3.6835e-02
-3.6343e-02
-3.6406e-02
-3.7134e-02
-3.8204e-02
-3.9191e-02
-3.9896e-02
-4.0398e-02
-4.0904e-02
-4.1583e-02
-4.2390e-02
-4.3140e-02
-4.3582e-02
-4.3507e-02
-4.2767e-02
-4.1324e-02
-3.9640e-02
-3.8652e-02
-3.9123e-02
-4.1046e-02
-4.3484e-02
-4.5199e-02
-4.5830e-02
-4.6321e-02
-4.7800e-02
-5.0197e-02
-5.2258e-02
-5.2684e-02
-5.0979e-02
-4.7624e-02
-4.3936e-02
-4.1187e-02
-3.9546e-02
-3.8124e-02
-3.5862e-02
-3.2190e-02
-2.7521e-02
-2.3144e-02
-2.0038e-02
-1.8122e-02
-1.6719e-02
-1.5291e-02
-1.3826e-02
-1.2801e-02
-1.2814e-02
-1.3973e-02
-1.5927e-02
-1.8445e-02
-2.1344e-02
-2.3949e-02
-2.5306e-02
-2.5024e-02
-2.3819e-02
-2.2890e-02
-2.2763e-02
-2.2881e-02
-2.2225e-02
-2.0522e-02
-1.8911e-02
-1.8874e-02
-2.0496e-02
-2.2187e-02
-2.2054e-02
-1.9575e-02
-1.6064e-02
-1.3419e-02
-1.2571e-02
-1.2904e-02
-1.2992e-02
-1.1630e-02
-8.3825e-03
-3.9785e-03
-2.3548e-05
2.1845e-03
2.5734e-03
2.0522e-03
1.7392e-03
2.5332e-03
4.8015e-03
7.7912e-03
9.5984e-03
8.4631e-03
4.2816e-03
-1.1524e-03
-5.5513e-03
-7.9477e-03
-9.0055e-03
-9.7539e-03
-1.0490e-02
-1.0955e-02
-1.1081e-02
-1.1028e-02
-1.0738e-02
-9.9804e-03
-8.4413e-03
-5.9352e-03
-2.9387e-03
-4.4588e-04
1.1483e-03
2.3737e-03
3.6725e-03
4.9166e-03
6.1014e-03
7.6837e-03
9.2392e-03
8.8114e-03
5.3682e-03
9.5283e-04
-1.3481e-03
-9.7028e-04
-1.8094e-05
-5.0734e-04
-2.6699e-03
-5.5863e-03
-8.4167e-03
-1.0738e-02
-1.2335e-02
-1.3062e-02
-1.3076e-02
-1.3024e-02
-1.3483e-02
-1.4253e-02
-1.4643e-02
-1.4468e-02
-1.4217e-02
-1.4064e-02
-1.3285e-02
-1.1037e-02
-7.4956e-03
-3.6693e-03
-3.0096e-04
2.5902e-03
5.5297e-03
9.2194e-03
1.3777e-02
1.7723e-02
1.8727e-02
1.6089e-02
1.1951e-02
9.4343e-03
9.2117e-03
8.8282e-03
5.7715e-03
3.8353e-04
-4.8157e-03
-8.0482e-03
-9.9318e-03
-1.2472e-02
-1.6673e-02
-2.1225e-02
-2.3914e-02
-2.4287e-02
-2.3900e-02
-2.3970e-02
-2.4194e-02
-2.4070e-02
-2.3995e-02
-2.4439e-02
-2.5129e-02
-2.5791e-02
-2.6810e-02
-2.8469e-02
-3.0015e-02
-2.9920e-02
-2.7089e-02
-2.2241e-02
-1.7951e-02
-1.6596e-02
-1.8170e-02
-2.0341e-02
-2.0391e-02
-1.7216e-02
-1.2377e-02
-9.2269e-03
-1.0239e-02
-1.4584e-02
-1.8641e-02
-1.9086e-02
-1.5922e-02
-1.2537e-02
-1.2641e-02
-1.6844e-02
-2.2391e-02
-2.5957e-02
-2.6354e-02
-2.4903e-02
-2.3659e-02
-2.3734e-02
-2.5261e-02
-2.7985e-02
-3.1302e-02
-3.4168e-02
-3.5579e-02
-3.5038e-02
-3.2934e-02
-3.0973e-02
-3.1155e-02
-3.3399e-02
-3.5028e-02
-3.3129e-02
-2.6983e-02
-1.8733e-02
-1.1790e-02
-7.8939e-03
-5.8806e-03
-3.2684e-03
1.5433e-03
8.2992e-03
1.4971e-02
1.9103e-02
1.9812e-02
1.8418e-02
1.7037e-02
1.6659e-02
1.6975e-02
1.7339e-02
1.7348e-02
1.7024e-02
1.6593e-02
1.6096e-02
1.5225e-02
1.3512e-02
1.0557e-02
6.3164e-03
1.1883e-03
-4.5447e-03
-1.1071e-02
-1.8252e-02
-2.4585e-02
-2.8076e-02
-2.8555e-02
-2.8145e-02
-2.8967e-02
-3.1150e-02
-3.3233e-02
-3.3344e-02
-2.9616e-02
-2.1092e-02
-9.2939e-03
1.9496e-03
9.4791e-03
1.3458e-02
1.6781e-02
2.2127e-02
2.9387e-02
3.5311e-02
3.5499e-02
2.7485e-02
1.3235e-02
-1.4635e-03
-1.1443e-02
-1.6386e-02
-2.0007e-02
-2.5563e-02
-3.2561e-02
-3.7633e-02
-3.8297e-02
-3.5126e-02
-3.0784e-02
-2.8112e-02
-2.8239e-02
-2.9943e-02
-3.1142e-02
-3.0719e-02
-2.8733e-02
-2.5685e-02
-2.2051e-02
-1.8145e-02
-1.4035e-02
-9.7076e-03
-5.9106e-03
-4.2815e-03
-5.6541e-03
-8.8833e-03
-1.1969e-02
-1.3417e-02
-1.2173e-02
-7.3409e-03
8.0692e-04
1.0095e-02
1.7903e-02
2.3411e-02
2.7933e-02
3.2801e-02
3.7047e-02
3.7934e-02
3.3901e-02
2.5974e-02
1.6154e-02
5.9324e-03
-3.1266e-03
-9.0191e-03
-1.1249e-02
-1.2438e-02
-1.6248e-02
-2.3352e-02
-3.0485e-02
-3.3791e-02
-3.2841e-02
-3.0710e-02
-3.0139e-02
-3.1052e-02
-3.2202e-02
-3.3290e-02
-3.4514e-02
-3.5606e-02
-3.6407e-02
-3.7651e-02
-4.0441e-02
-4.5160e-02
-5.1016e-02
-5.6887e-02
-6.2490e-02
-6.8221e-02
-7.4182e-02
-7.9561e-02
-8.3131e-02
-8.4268e-02
-8.3462e-02
-8.1925e-02
-8.0446e-02
-7.8691e-02
-7.6012e-02
-7.2624e-02
-6.8995e-02
-6.4533e-02
-5.8223e-02
-5.0537e-02
-4.3441e-02
-3.8133e-02
-3.3763e-02
-2.8802e-02
-2.3117e-02
-1.8141e-02
-1.5441e-02
-1.5331e-02
-1.6499e-02
-1.6876e-02
-1.5041e-02
-1.1233e-02
-6.9670e-03
-3.4568e-03
-6.3129e-04
2.2918e-03
5.8884e-03
1.0221e-02
1.4755e-02
1.8508e-02
2.0706e-02
2.1398e-02
2.1161e-02
2.0329e-02
1.8866e-02
1.7034e-02
1.5511e-02
1.4491e-02
1.3143e-02
1.0578e-02
6.9731e-03
3.4837e-03
1.3789e-03
1.2145e-03
2.7191e-03
5.4706e-03
9.3106e-03
1.4011e-02
1.9038e-02
2.3682e-02
2.7518e-02
3.0720e-02
3.4158e-02
3.8743e-02
4.4479e-02
5.0578e-02
5.6173e-02
6.0490e-02
6.2961e-02
6.4001e-02
6.4689e-02
6.5151e-02
6.4344e-02
6.1337e-02
5.5966e-02
4.8918e-02
4.2034e-02
3.7396e-02
3.5063e-02
3.2625e-02
2.8001e-02
2.1622e-02
1.5157e-02
9.3766e-03
3.8625e-03
-1.9537e-03
-7.8352e-03
-1.3096e-02
-1.7430e-02
-2.1066e-02
-2.3933e-02
-2.5051e-02
-2.3360e-02
-1.9392e-02
-1.5093e-02
-1.1668e-02
-8.8615e-03
-5.9413e-03
-2.0889e-03
3.2858e-03
9.3831e-03
1.3983e-02
1.5279e-02
1.3496e-02
1.1041e-02
1.1223e-02
1.5744e-02
2.3113e-02
2.9842e-02
3.2917e-02
3.1578e-02
2.7819e-02
2.5038e-02
2.5071e-02
2.6224e-02
2.5152e-02
2.0694e-02
1.4924e-02
1.0838e-02
9.7613e-03
1.0825e-02
1.2498e-02
1.4737e-02
1.9384e-02
2.7814e-02
3.8411e-02
4.7711e-02
5.3797e-02
5.6807e-02
5.6897e-02
5.3940e-02
4.9093e-02
4.5173e-02
4.5245e-02
5.0666e-02
5.9773e-02
6.8504e-02
7.3025e-02
7.2147e-02
6.7163e-02
6.0075e-02
5.2299e-02
4.4426e-02
3.6662e-02
2.8924e-02
2.0508e-02
1.0726e-02
3.0263e-04
-8.4840e-03
-1.3407e-02
-1.4095e-02
-1.2494e-02
-1.1775e-02
-1.4354e-02
-2.0145e-02
-2.6929e-02
-3.2834e-02
-3.7621e-02
-4.1631e-02
-4.4731e-02
-4.6562e-02
-4.6873e-02
-4.5506e-02
-4.2738e-02
-3.9615e-02
-3.7247e-02
-3.5545e-02
-3.3138e-02
-2.8885e-02
-2.2921e-02
-1.5541e-02
-6.4561e-03
3.9276e-03
1.4165e-02
2.3464e-02
3.2300e-02
4.0819e-02
4.8155e-02
5.3824e-02
5.7917e-02
5.9733e-02
5.8104e-02
5.3390e-02
4.8059e-02
4.5051e-02
4.5553e-02
4.8007e-02
4.9264e-02
4.6764e-02
3.9695e-02
2.9172e-02
1.8181e-02
9.7957e-03
4.3267e-03
-3.2404e-04
-5.0542e-03
-8.6572e-03
-1.0880e-02
-1.3649e-02
-1.8698e-02
-2.5597e-02
-3.2319e-02
-3.6608e-02
-3.7153e-02
-3.3896e-02
-2.7740e-02
-2.0490e-02
-1.4091e-02
-9.1387e-03
-4.6917e-03
2.5350e-04
5.8618e-03
1.1936e-02
1.8366e-02
2.4866e-02
3.0524e-02
3.4610e-02
3.7838e-02
4.1507e-02
4.5429e-02
4.8039e-02
4.8444e-02
4.6852e-02
4.3146e-02
3.6940e-02
2.9331e-02
2.2907e-02
1.9246e-02
1.7893e-02
1.7707e-02
1.7289e-02
1.4570e-02
8.0485e-03
-9.3175e-04
-8.2586e-03
-1.0074e-02
-6.1153e-03
-3.4746e-04
2.4330e-03
1.1908e-03
-1.0858e-03
-1.6595e-03
-1.0756e-03
-1.5704e-03
-3.8077e-03
-6.2725e-03
-6.8298e-03
-4.1561e-03
1.5944e-03
8.4332e-03
1.3474e-02
1.5214e-02
1.4855e-02
1.5410e-02
1.9262e-02
2.5535e-02
3.0077e-02
2.9401e-02
2.4487e-02
1.9600e-02
1.7538e-02
1.7531e-02
1.7793e-02
1.8110e-02
1.9525e-02
2.2839e-02
2.7854e-02
3.3493e-02
3.8596e-02
4.2593e-02
4.5488e-02
4.7605e-02
4.9470e-02
5.1440e-02
5.2925e-02
5.2478e-02
4.9382e-02
4.5145e-02
4.2732e-02
4.3622e-02
4.5886e-02
4.6531e-02
4.5300e-02
4.4549e-02
4.5397e-02
4.5988e-02
4.3927e-02
3.9258e-02
3.4490e-02
3.2303e-02
3.3570e-02
3.7041e-02
4.0619e-02
4.2841e-02
4.3637e-02
4.4112e-02
4.5503e-02
4.7948e-02
5.0044e-02
4.9731e-02
4.5952e-02
3.9458e-02
3.2241e-02
2.6072e-02
2.1249e-02
1.6325e-02
9.5897e-03
1.4049e-03
-5.7214e-03
-9.7538e-03
-1.1040e-02
-1.1504e-02
-1.2779e-02
-1.5301e-02
-1.8426e-02
-2.0862e-02
-2.1449e-02
-2.0308e-02
-1.9020e-02
-1.8741e-02
-1.8353e-02
-1.5443e-02
-8.8339e-03
5.3993e-04
1.0562e-02
1.9281e-02
2.6124e-02
3.2594e-02
4.1131e-02
5.1985e-02
6.2009e-02
6.7540e-02
6.7714e-02
6.4715e-02
6.1607e-02
6.0523e-02
6.2007e-02
6.5033e-02
6.7943e-02
6.9497e-02
6.8910e-02
6.5321e-02
5.8268e-02
4.9308e-02
4.1941e-02
3.8493e-02
3.7501e-02
3.5432e-02
3.0476e-02
2.3778e-02
1.7834e-02
1.4791e-02
1.5405e-02
1.7913e-02
1.8682e-02
1.5520e-02
9.7744e-03
5.0464e-03
4.4636e-03
8.6359e-03
1.5135e-02
2.0259e-02
2.1756e-02
1.9744e-02
1.5465e-02
1.0375e-02
6.1221e-03
3.9231e-03
3.7714e-03
4.9073e-03
6.8359e-03
9.5422e-03
1.2779e-02
1.5503e-02
1.6325e-02
1.4768e-02
1.1878e-02
8.9042e-03
5.8460e-03
2.3551e-03
-2.6030e-04
7.3856e-04
7.0032e-03
1.7013e-02
2.6534e-02
3.1678e-02
3.1659e-02
2.8577e-02
2.4880e-02
2.1344e-02
1.7361e-02
1.2316e-02
6.4473e-03
7.9352e-04
-3.1326e-03
-3.8480e-03
-1.2069e-03
2.5371e-03
3.7833e-03
3.8695e-04
-6.5883e-03
-1.3920e-02
-1.8841e-02
-2.0852e-02
-2.1404e-02
-2.2110e-02
-2.3166e-02
-2.3526e-02
-2.2268e-02
-1.9383e-02
-1.5291e-02
-1.0119e-02
-3.9606e-03
2.6253e-03
8.8312e-03
1.4300e-02
1.9268e-02
2.3889e-02
2.7610e-02
2.9366e-02
2.8692e-02
2.7004e-02
2.7571e-02
3.2987e-02
4.2140e-02
5.0609e-02
5.4484e-02
5.3219e-02
4.9019e-02
4.4459e-02
4.0838e-02
3.7691e-02
3.3281e-02
2.6266e-02
1.7130e-02
7.6472e-03
-2.5281e-04
-4.6339e-03
-4.4905e-03
-1.3457e-03
1.4532e-03
2.0646e-03
1.5959e-03
1.5374e-03
1.5097e-03
7.4390e-04
2.0332e-04
1.7349e-03
5.9523e-03
1.1698e-02
1.7158e-02
2.0964e-02
2.2600e-02
2.2672e-02
2.2401e-02
2.2403e-02
2.2605e-02
2.3521e-02
2.5986e-02
2.9488e-02
3.2485e-02
3.4483e-02
3.6395e-02
3.8561e-02
3.9887e-02
3.9574e-02
3.8342e-02
3.7287e-02
3.6454e-02
3.5182e-02
3.3452e-02
3.2402e-02
3.3335e-02
3.6409e-02
4.0269e-02
4.3037e-02
4.4040e-02
4.4560e-02
4.6690e-02
5.1260e-02
5.7332e-02
6.3821e-02
7.0538e-02
7.7369e-02
8.3541e-02
8.8397e-02
9.2381e-02
9.6108e-02
9.8396e-02
9.6366e-02
8.8223e-02
7.5622e-02
6.2920e-02
5.4064e-02
4.9739e-02
4.7267e-02
4.3570e-02
3.8102e-02
3.2763e-02
2.9282e-02
2.7557e-02
2.6392e-02
2.4747e-02
2.2078e-02
1.8659e-02
1.5489e-02
1.3240e-02
1.1814e-02
1.1365e-02
1.2487e-02
1.4770e-02
1.6330e-02
1.5422e-02
1.2091e-02
7.0649e-03
-1.2755e-04
-9.9146e-03
-2.0293e-02
-2.7728e-02
-3.0414e-02
-2.9329e-02
-2.6549e-02
-2.3816e-02
-2.2078e-02
-2.0902e-02
-1.8942e-02
-1.5702e-02
-1.2099e-02
-9.1005e-03
-6.6641e-03
-4.4585e-03
-2.6409e-03
-1.2926e-03
2.9784e-04
3.1133e-03
7.3616e-03
1.2331e-02
1.7045e-02
2.0777e-02
2.3081e-02
2.3858e-02
2.3584e-02
2.3334e-02
2.3966e-02
2.5391e-02
2.7019e-02
2.8245e-02
2.8017e-02
2.5398e-02
2.1427e-02
1.8734e-02
1.8516e-02
1.9534e-02
2.0050e-02
1.8740e-02
1.4423e-02
7.0838e-03
-1.3086e-03
-8.5700e-03
-1.4112e-02
-1.8438e-02
-2.1614e-02
-2.3022e-02
-2.2482e-02
-2.0811e-02
-1.8972e-02
-1.7390e-02
-1.6188e-02
-1.5367e-02
-1.4652e-02
-1.3712e-02
-1.2500e-02
-1.1407e-02
-1.0986e-02
-1.1273e-02
-1.1496e-02
-1.0477e-02
-7.4211e-03
-2.3395e-03
3.7209e-03
8.5117e-03
9.7205e-03
7.0544e-03
3.1134e-03
1.5056e-03
3.8399e-03
8.9986e-03
1.4962e-02
2.0173e-02
2.3777e-02
2.6128e-02
2.8888e-02
3.3496e-02
3.9546e-02
4.4991e-02
4.7629e-02
4.6097e-02
4.0625e-02
3.3581e-02
2.8235e-02
2.6491e-02
2.8044e-02
3.1162e-02
3.4218e-02
3.6641e-02
3.8329e-02
3.8727e-02
3.7214e-02
3.4116e-02
3.0624e-02
2.7664e-02
2.5123e-02
2.2183e-02
1.8271e-02
1.3603e-02
8.8327e-03
4.2051e-03
-6.6594e-04
-5.8161e-03
-1.0533e-02
-1.4784e-02
-1.9915e-02
-2.6853e-02
-3.4995e-02
-4.3459e-02
-5.1632e-02
-5.8175e-02
-6.1302e-02
-6.0399e-02
-5.6161e-02
-4.9646e-02
-4.2146e-02
-3.5235e-02
-2.9328e-02
-2.2377e-02
-1.1772e-02
2.3215e-03
1.6898e-02
2.8945e-02
3.6933e-02
4.0370e-02
3.9920e-02
3.7580e-02
3.4694e-02
3.0075e-02
2.2055e-02
1.2071e-02
3.8876e-03
-7.6234e-04
-3.4553e-03
-5.9034e-03
-7.3593e-03
-5.7850e-03
-5.5353e-04
6.8470e-03
1.4618e-02
2.2167e-02
2.9186e-02
3.4508e-02
3.6665e-02
3.5409e-02
3.2039e-02
2.8230e-02
2.4838e-02
2.1529e-02
1.7729e-02
1.4203e-02
1.1983e-02
9.2948e-03
1.6980e-03
-1.3085e-02
-3.1482e-02
-4.7228e-02
-5.7874e-02
-6.6005e-02
-7.4532e-02
-8.2837e-02
-8.7903e-02
-8.8247e-02
-8.5434e-02
-8.1101e-02
-7.4227e-02
-6.3634e-02
-5.2344e-02
-4.6005e-02
-4.6214e-02
-4.8116e-02
-4.4957e-02
-3.3570e-02
-1.6320e-02
6.6305e-04
1.1867e-02
1.6323e-02
1.7355e-02
1.8628e-02
2.1172e-02
2.4127e-02
2.6518e-02
2.7514e-02
2.6559e-02
2.4242e-02
2.2075e-02
2.0518e-02
1.7637e-02
1.0469e-02
-1.8813e-03
-1.7018e-02
-3.1552e-02
-4.3961e-02
-5.4679e-02
-6.4287e-02
-7.3075e-02
-8.1659e-02
-9.0133e-02
-9.6882e-02
-9.9626e-02
-9.7503e-02
-9.1394e-02
-8.2885e-02
-7.3288e-02
-6.3356e-02
-5.3675e-02
-4.4589e-02
-3.5931e-02
-2.7894e-02
-2.1381e-02
-1.6789e-02
-1.3592e-02
-1.1244e-02
-9.4036e-03
-7.6578e-03
-5.8398e-03
-4.5949e-03
-5.1047e-03
-7.8283e-03
-1.1613e-02
-1.4883e-02
-1.7372e-02
-1.9364e-02
-2.0357e-02
-2.0145e-02
-2.0008e-02
-2.1134e-02
-2.2252e-02
-2.0809e-02
-1.6677e-02
-1.2759e-02
-1.1716e-02
-1.3868e-02
-1.7824e-02
-2.1503e-02
-2.2825e-02
-2.1059e-02
-1.8014e-02
-1.6629e-02
-1.7905e-02
-1.9925e-02
-1.9977e-02
-1.7183e-02
-1.2935e-02
-9.3888e-03
-7.6397e-03
-7.5339e-03
-8.6161e-03
-1.0536e-02
-1.2752e-02
-1.4747e-02
-1.6594e-02
-1.8753e-02
-2.1314e-02
-2.3926e-02
-2.6256e-02
-2.8402e-02
-3.1158e-02
-3.5235e-02
-3.9542e-02
-4.1609e-02
-4.0817e-02
-3.9949e-02
-4.2307e-02
-4.8127e-02
-5.4915e-02
-6.0394e-02
-6.3915e-02
-6.5710e-02
-6.6264e-02
-6.6135e-02
-6.5340e-02
-6.3373e-02
-6.0172e-02
-5.6234e-02
-5.1762e-02
-4.6703e-02
-4.1105e-02
-3.4888e-02
-2.8039e-02
-2.1287e-02
-1.5783e-02
-1.2107e-02
-1.0381e-02
-1.0647e-02
-1.2199e-02
-1.3234e-02
-1.2130e-02
-9.1085e-03
-6.2001e-03
-5.5353e-03
-7.6936e-03
-1.1662e-02
-1.6395e-02
-2.1555e-02
-2.6323e-02
-2.9165e-02
-2.9545e-02
-2.8203e-02
-2.5582e-02
-2.1678e-02
-1.7255e-02
-1.3620e-02
-1.1328e-02
-9.9074e-03
-8.7574e-03
-7.7099e-03
-6.6486e-03
-4.9522e-03
-1.9325e-03
2.6016e-03
8.5670e-03
1.5532e-02
2.2285e-02
2.7138e-02
2.8791e-02
2.6588e-02
2.0198e-02
1.0327e-02
-2.7071e-04
-8.1209e-03
-1.1950e-02
-1.3398e-02
-1.4434e-02
-1.5309e-02
-1.5445e-02
-1.4945e-02
-1.4308e-02
-1.4089e-02
-1.5221e-02
-1.8085e-02
-2.1322e-02
-2.3276e-02
-2.4501e-02
-2.7152e-02
-3.1709e-02
-3.5677e-02
-3.5492e-02
-2.8960e-02
-1.7372e-02
-5.9287e-03
-3.6165e-04
-2.0931e-03
-7.5263e-03
-1.1930e-02
-1.3334e-02
-1.3209e-02
-1.4043e-02
-1.6584e-02
-1.9496e-02
-2.0993e-02
-2.0089e-02
-1.6524e-02
-1.0797e-02
-4.7009e-03
-9.8032e-04
-1.8197e-03
-7.1406e-03
-1.4064e-02
-1.8798e-02
-1.9600e-02
-1.7466e-02
-1.4129e-02
-1.0378e-02
-6.2255e-03
-1.6153e-03
3.3369e-03
7.9034e-03
1.0634e-02
1.0949e-02
1.0455e-02
1.1368e-02
1.3843e-02
1.6036e-02
1.6460e-02
1.5268e-02
1.3927e-02
1.4210e-02
1.7132e-02
2.2063e-02
2.6617e-02
2.7830e-02
2.4122e-02
1.6695e-02
9.2936e-03
5.7635e-03
6.4461e-03
7.7785e-03
6.5689e-03
3.4181e-03
1.0911e-03
1.0391e-03
2.5744e-03
4.1929e-03
4.5240e-03
2.9052e-03
1.9964e-04
-1.4875e-03
-7.4288e-04
1.9329e-03
5.0975e-03
7.8979e-03
9.8777e-03
1.0586e-02
1.0747e-02
1.2249e-02
1.5822e-02
1.9858e-02
2.2554e-02
2.3776e-02
2.4052e-02
2.3402e-02
2.2022e-02
2.0636e-02
1.9480e-02
1.7894e-02
1.5213e-02
1.1417e-02
7.0116e-03
2.6157e-03
-1.5628e-03
-5.9632e-03
-1.1150e-02
-1.7170e-02
-2.3725e-02
-3.0544e-02
-3.7070e-02
-4.2012e-02
-4.3870e-02
-4.2086e-02
-3.6966e-02
-2.8879e-02
-1.8512e-02
-7.6752e-03
1.4239e-03
7.8865e-03
1.2260e-02
1.5413e-02
1.8232e-02
2.1777e-02
2.6706e-02
3.2599e-02
3.8237e-02
4.2723e-02
4.5869e-02
4.7653e-02
4.8040e-02
4.7369e-02
4.6160e-02
4.4289e-02
4.0580e-02
3.3709e-02
2.3845e-02
1.2937e-02
3.4372e-03
-3.0870e-03
-6.5450e-03
-8.0958e-03
-9.5611e-03
-1.2423e-02
-1.6592e-02
-2.0390e-02
-2.2525e-02
-2.3651e-02
-2.5502e-02
-2.9054e-02
-3.3983e-02
-3.9137e-02
-4.3104e-02
-4.4467e-02
-4.2071e-02
-3.5389e-02
-2.4929e-02
-1.2811e-02
-1.7053e-03
7.1604e-03
1.3610e-02
1.6815e-02
1.5889e-02
1.1905e-02
7.6693e-03
5.6127e-03
6.3266e-03
8.7797e-03
1.1383e-02
1.2766e-02
1.2525e-02
1.1556e-02
1.1225e-02
1.1864e-02
1.2787e-02
1.3539e-02
1.3671e-02
1.1755e-02
6.3120e-03
-1.5282e-03
-7.3113e-03
-6.4184e-03
2.0983e-03
1.5303e-02
2.8825e-02
3.8712e-02
4.2256e-02
3.8832e-02
3.0446e-02
2.0906e-02
1.3722e-02
1.0102e-02
8.7371e-03
7.6201e-03
5.9789e-03
4.6015e-03
4.5186e-03
5.4401e-03
5.7306e-03
4.0438e-03
8.7131e-04
-1.7128e-03
-2.2539e-03
-1.6198e-03
-1.9690e-03
-4.0942e-03
-6.4039e-03
-6.5086e-03
-3.3393e-03
2.1260e-03
7.2908e-03
9.3079e-03
6.9141e-03
1.3293e-03
-4.9069e-03
-9.7658e-03
-1.1953e-02
-1.0466e-02
-5.3055e-03
1.4683e-03
6.8679e-03
9.6022e-03
1.0655e-02
1.1174e-02
1.1078e-02
9.8374e-03
7.3931e-03
4.0445e-03
4.3217e-04
-1.9895e-03
-1.5056e-03
2.4757e-03
8.5431e-03
1.3721e-02
1.5122e-02
1.1901e-02
6.1623e-03
1.2555e-03
-1.1517e-03
-1.8314e-03
-2.1474e-03
-2.3217e-03
-1.8680e-03
-9.4404e-04
-3.2631e-04
-1.8904e-04
8.6130e-05
5.3426e-04
-6.5597e-05
-2.6241e-03
-6.2614e-03
-9.2503e-03
-1.1001e-02
-1.2064e-02
-1.2629e-02
-1.2190e-02
-1.0344e-02
-7.2813e-03
-3.8357e-03
-1.2404e-03
8.1841e-05
1.2749e-03
3.3484e-03
5.3480e-03
5.3433e-03
2.7745e-03
-1.1356e-03
-4.6228e-03
-6.4869e-03
-7.1327e-03
-8.6795e-03
-1.3355e-02
-2.1259e-02
-2.9662e-02
-3.5010e-02
-3.5758e-02
-3.3067e-02
-2.9216e-02
-2.6088e-02
-2.4375e-02
-2.3245e-02
-2.0879e-02
-1.5876e-02
-8.4813e-03
-3.1223e-04
7.0003e-03
1.2866e-02
1.7857e-02
2.2724e-02
2.7612e-02
3.2180e-02
3.5881e-02
3.7894e-02
3.7595e-02
3.5390e-02
3.2245e-02
2.8493e-02
2.3994e-02
1.9113e-02
1.4508e-02
1.0403e-02
6.8305e-03
4.2622e-03
3.2301e-03
3.4738e-03
3.8823e-03
3.4474e-03
2.0405e-03
1.1240e-05
-2.9628e-03
-7.9046e-03
-1.4861e-02
-2.1838e-02
-2.6015e-02
-2.5722e-02
-2.1167e-02
-1.4000e-02
-6.6151e-03
-1.2717e-03
9.6163e-04
5.1111e-04
-9.8976e-04
-1.2272e-03
1.3812e-03
6.1990e-03
1.0774e-02
1.2856e-02
1.1497e-02
6.8808e-03
7.4761e-04
-3.3874e-03
-2.5342e-03
2.8274e-03
8.9534e-03
1.2386e-02
1.2640e-02
1.1328e-02
9.7747e-03
8.0890e-03
5.6767e-03
2.0932e-03
-2.2908e-03
-6.0640e-03
-7.1475e-03
-4.1837e-03
2.2333e-03
9.9436e-03
1.6734e-02
2.1388e-02
2.3558e-02
2.3535e-02
2.2186e-02
2.0446e-02
1.8636e-02
1.6421e-02
1.3623e-02
1.0864e-02
9.3226e-03
9.8637e-03
1.2267e-02
1.5179e-02
1.6827e-02
1.6061e-02
1.3019e-02
8.7993e-03
4.5860e-03
1.1969e-03
-9.7848e-04
-2.2706e-03
-3.8639e-03
-6.8704e-03
-1.1028e-02
-1.4973e-02
-1.7798e-02
-1.9869e-02
-2.2174e-02
-2.5204e-02
-2.8262e-02
-2.9989e-02
-2.9648e-02
-2.7813e-02
-2.5839e-02
-2.4686e-02
-2.4472e-02
-2.4669e-02
-2.4142e-02
-2.1600e-02
-1.6684e-02
-1.0688e-02
-5.8569e-03
-3.4908e-03
-2.7058e-03
-1.2729e-03
2.2256e-03
7.0764e-03
1.1347e-02
1.3896e-02
1.4947e-02
1.5224e-02
1.5541e-02
1.6916e-02
1.9931e-02
2.3500e-02
2.5315e-02
2.4176e-02
2.1304e-02
1.9139e-02
1.9023e-02
2.0075e-02
2.0061e-02
1.7477e-02
1.2898e-02
8.0506e-03
3.8942e-03
4.8127e-04
-1.6055e-03
-1.5487e-03
-1.6629e-04
4.3513e-04
-5.0742e-04
-1.6291e-03
-1.7541e-03
-1.6121e-03
-2.7391e-03
-5.7521e-03
-9.6811e-03
-1.2495e-02
-1.2687e-02
-1.0827e-02
-8.8500e-03
-7.8183e-03
-7.2265e-03
-6.4873e-03
-6.0401e-03
-6.4001e-03
-6.9432e-03
-6.3234e-03
-3.7564e-03
1.2798e-04
3.9479e-03
7.1020e-03
1.0075e-02
1.3526e-02
1.7393e-02
2.0601e-02
2.1527e-02
1.9352e-02
1.5225e-02
1.1663e-02
1.0315e-02
1.0598e-02
1.0532e-02
8.4360e-03
4.2242e-03
-2.8665e-04
-2.8280e-03
-3.0896e-03
-3.2300e-03
-5.4686e-03
-9.9320e-03
-1.5006e-02
-1.8684e-02
-1.9508e-02
-1.7456e-02
-1.4401e-02
-1.2833e-02
-1.3639e-02
-1.5473e-02
-1.6011e-02
-1.3829e-02
-9.5859e-03
-5.4714e-03
-3.2588e-03
-3.1703e-03
-4.4954e-03
-6.2401e-03
-7.2540e-03
-6.4566e-03
-3.5429e-03
5.8104e-04
4.4036e-03
6.8538e-03
7.8497e-03
7.8728e-03
6.9144e-03
4.2282e-03
-5.7534e-04
-6.6602e-03
-1.2869e-02
-1.8876e-02
-2.4753e-02
-2.9747e-02
-3.2415e-02
-3.1773e-02
-2.8315e-02
-2.4047e-02
-2.0985e-02
-1.9378e-02
-1.7907e-02
-1.5422e-02
-1.1589e-02
-6.6246e-03
-1.4883e-03
2.3222e-03
4.2481e-03
5.6208e-03
8.0674e-03
1.1510e-02
1.4778e-02
1.7099e-02
1.7670e-02
1.4821e-02
7.4282e-03
-2.8639e-03
-1.2203e-02
-1.7231e-02
-1.6825e-02
-1.2528e-02
-8.0345e-03
-6.7719e-03
-8.8974e-03
-1.1388e-02
-1.1492e-02
-9.0617e-03
-5.3963e-03
-1.7602e-03
5.4161e-04
3.0941e-04
-2.4343e-03
-5.9851e-03
-7.9333e-03
-7.0697e-03
-4.8346e-03
-4.2346e-03
-6.9686e-03
-1.1882e-02
-1.6187e-02
-1.7928e-02
-1.6805e-02
-1.3564e-02
-9.7358e-03
-7.2061e-03
-6.8795e-03
-7.9491e-03
-8.9555e-03
-9.2522e-03
-9.1459e-03
-9.3309e-03
-1.0652e-02
-1.3538e-02
-1.7272e-02
-2.0379e-02
-2.1955e-02
-2.2149e-02
-2.1693e-02
-2.1246e-02
-2.1180e-02
-2.1633e-02
-2.2262e-02
-2.2064e-02
-1.9854e-02
-1.5330e-02
-9.3041e-03
-2.8598e-03
3.0240e-03
7.2624e-03
9.2298e-03
9.4943e-03
8.9065e-03
7.0979e-03
2.9897e-03
-3.4071e-03
-1.0635e-02
-1.7184e-02
-2.2596e-02
-2.7234e-02
-3.1456e-02
-3.5093e-02
-3.7394e-02
-3.7774e-02
-3.6258e-02
-3.3240e-02
-2.9374e-02
-2.5578e-02
-2.2569e-02
-2.0153e-02
-1.7372e-02
-1.3422e-02
-8.3388e-03
-2.7637e-03
2.6261e-03
6.9371e-03
9.0089e-03
8.4511e-03
6.1531e-03
3.2037e-03
-7.3630e-05
-3.5477e-03
-6.6060e-03
-8.9670e-03
-1.1277e-02
-1.4025e-02
-1.6518e-02
-1.7431e-02
-1.5947e-02
-1.2610e-02
-9.2294e-03
-7.6393e-03
-8.3915e-03
-1.0540e-02
-1.2555e-02
-1.3307e-02
-1.2444e-02
-1.0419e-02
-8.1232e-03
-6.3874e-03
-5.5004e-03
-5.0036e-03
-4.0156e-03
-2.0690e-03
2.4669e-04
1.7631e-03
1.8921e-03
1.1110e-03
3.6671e-04
8.4083e-05
-1.2233e-04
-9.7626e-04
-2.9020e-03
-5.7109e-03
-8.7918e-03
-1.1287e-02
-1.2476e-02
-1.2431e-02
-1.2269e-02
-1.3315e-02
-1.5737e-02
-1.8241e-02
-1.9372e-02
-1.8691e-02
-1.6595e-02
-1.3703e-02
-1.0381e-02
-6.7612e-03
-3.2699e-03
-6.1545e-04
9.9318e-04
2.3353e-03
4.4067e-03
7.3606e-03
1.0325e-02
1.2318e-02
1.3062e-02
1.2826e-02
1.2022e-02
1.1195e-02
1.0873e-02
1.0755e-02
9.6180e-03
6.6495e-03
2.5004e-03
-1.2263e-03
-3.4301e-03
-4.4043e-03
-5.3781e-03
-7.2136e-03
-9.6824e-03
-1.2018e-02
-1.3698e-02
-1.4382e-02
-1.3883e-02
-1.2725e-02
-1.1869e-02
-1.1433e-02
-1.0493e-02
-8.3896e-03
-5.5319e-03
-2.6830e-03
-1.9469e-04
1.7029e-03
2.7611e-03
3.1877e-03
3.5228e-03
4.2891e-03
5.7950e-03
8.0359e-03
1.0497e-02
1.2289e-02
1.2672e-02
1.1621e-02
9.9495e-03
8.8532e-03
9.1028e-03
1.0375e-02
1.1291e-02
1.0455e-02
7.7160e-03
4.4027e-03
2.3281e-03
2.4014e-03
4.1879e-03
6.5641e-03
8.3112e-03
8.4931e-03
7.0367e-03
4.8027e-03
2.9358e-03
2.1473e-03
2.3242e-03
2.5809e-03
1.9048e-03
4.2552e-04
-4.1398e-04
5.0495e-04
2.9365e-03
5.7225e-03
7.5933e-03
7.9182e-03
7.2963e-03
7.0513e-03
7.8874e-03
9.2396e-03
1.0233e-02
1.0658e-02
1.0645e-02
1.0194e-02
9.4082e-03
8.6864e-03
8.4415e-03
8.7497e-03
9.2971e-03
9.5410e-03
9.0594e-03
8.1209e-03
7.6821e-03
8.3804e-03
9.6554e-03
1.0317e-02
9.8296e-03
8.6040e-03
7.1712e-03
5.8091e-03
4.6943e-03
3.8163e-03
2.7518e-03
1.1139e-03
-8.4951e-04
-2.5119e-03
-3.4900e-03
-4.0768e-03
-4.8009e-03
-5.6028e-03
-5.7029e-03
-4.4746e-03
-2.0264e-03
1.1926e-03
4.6329e-03
7.5742e-03
9.6147e-03
1.1064e-02
1.2416e-02
1.3742e-02
1.4861e-02
1.5573e-02
1.5485e-02
1.4197e-02
1.1802e-02
8.9244e-03
6.3308e-03
4.5394e-03
3.6453e-03
3.0618e-03
1.6972e-03
-9.6842e-04
-4.1495e-03
-6.4679e-03
-7.0894e-03
-6.0495e-03
-4.0086e-03
-1.8826e-03
-5.2599e-04
-3.1362e-04
-6.3074e-04
-2.3578e-04
1.4832e-03
3.7649e-03
5.1934e-03
5.3147e-03
5.1158e-03
5.7886e-03
7.1753e-03
7.9439e-03
7.0920e-03
4.6598e-03
1.5731e-03
-9.0949e-04
-2.0198e-03
-2.1734e-03
-2.7279e-03
-4.7099e-03
-8.1519e-03
-1.2358e-02
-1.6300e-02
-1.9184e-02
-2.1019e-02
-2.2229e-02
-2.2945e-02
-2.3088e-02
-2.2626e-02
-2.1411e-02
-1.9441e-02
-1.7230e-02
-1.5121e-02
-1.2370e-02
-7.6657e-03
-7.5344e-04
7.1291e-03
1.4170e-02
1.9035e-02
2.1715e-02
2.3453e-02
2.5467e-02
2.7744e-02
2.9350e-02
2.9659e-02
2.8814e-02
2.7069e-02
2.4553e-02
2.1685e-02
1.8928e-02
1.6254e-02
1.3257e-02
9.6500e-03
5.7277e-03
2.3798e-03
3.0977e-04
-5.1153e-04
-5.7851e-04
-3.8314e-04
-2.3317e-04
-1.8315e-04
3.6725e-06
5.5748e-04
1.2396e-03
1.4088e-03
8.1096e-04
-1.3701e-04
-7.5196e-04
-5.7634e-04
2.1811e-04
8.8262e-04
7.0835e-04
-1.5028e-04
-6.3051e-04
9.1072e-05
1.5995e-03
2.4927e-03
1.5370e-03
-1.1119e-03
-4.0459e-03
-5.9625e-03
-6.5867e-03
-6.6118e-03
-7.0504e-03
-8.4493e-03
-1.0412e-02
-1.1910e-02
-1.2049e-02
-1.0525e-02
-7.6962e-03
-4.6667e-03
-2.8102e-03
-2.5463e-03
-2.8374e-03
-1.9293e-03
1.2626e-03
6.2082e-03
1.0947e-02
1.3593e-02
1.3728e-02
1.2327e-02
1.0508e-02
8.5317e-03
6.1280e-03
3.3058e-03
5.4985e-04
-1.8490e-03
-4.0183e-03
-6.0251e-03
-7.8400e-03
-9.5330e-03
-1.1127e-02
-1.2414e-02
-1.2926e-02
-1.2304e-02
-1.0848e-02
-9.4636e-03
-8.7781e-03
-8.2057e-03
-6.5509e-03
-3.3139e-03
1.0544e-03
5.6083e-03
9.3539e-03
1.1749e-02
1.2961e-02
1.3547e-02
1.4029e-02
1.4917e-02
1.6440e-02
1.8088e-02
1.8809e-02
1.7895e-02
1.5957e-02
1.4748e-02
1.5484e-02
1.7459e-02
1.8559e-02
1.7154e-02
1.3207e-02
7.7542e-03
1.7845e-03
-4.5164e-03
-1.1708e-02
-1.9852e-02
-2.7601e-02
-3.3136e-02
-3.5964e-02
-3.6866e-02
-3.6372e-02
-3.4660e-02
-3.2402e-02
-3.0295e-02
-2.7964e-02
-2.4423e-02
-1.9374e-02
-1.3206e-02
-6.4779e-03
4.3474e-05
5.6147e-03
1.0381e-02
1.5387e-02
2.1216e-02
2.6900e-02
3.0813e-02
3.2055e-02
3.0697e-02
2.7384e-02
2.2998e-02
1.8239e-02
1.3286e-02
7.9914e-03
2.2776e-03
-3.6219e-03
-9.3343e-03
-1.4495e-02
-1.8705e-02
-2.1517e-02
-2.2695e-02
-2.2591e-02
-2.1800e-02
-2.0669e-02
-1.9432e-02
-1.8483e-02
-1.7912e-02
-1.7011e-02
-1.5134e-02
-1.2421e-02
-9.2222e-03
-5.5580e-03
-1.5332e-03
2.4189e-03
5.7342e-03
8.0440e-03
9.4266e-03
1.0416e-02
1.1628e-02
1.3155e-02
1.4397e-02
1.4473e-02
1.2823e-02
9.7131e-03
6.2692e-03
3.9470e-03
3.4314e-03
3.7830e-03
2.9428e-03
-5.3600e-04
-5.9230e-03
-1.0789e-02
-1.3128e-02
-1.2766e-02
-1.0894e-02
-8.9645e-03
-7.9628e-03
-7.9145e-03
-7.9258e-03
-6.9701e-03
-4.6179e-03
-1.1968e-03
2.5691e-03
5.9147e-03
8.1162e-03
8.6906e-03
7.6782e-03
5.9653e-03
4.7448e-03
4.2534e-03
3.4109e-03
9.8490e-04
-2.9732e-03
-7.3027e-03
-1.1005e-02
-1.3664e-02
-1.4911e-02
-1.4312e-02
-1.2166e-02
-9.7822e-03
-8.4694e-03
-8.3255e-03
-8.2291e-03
-6.9842e-03
-4.2709e-03
-7.6119e-04
2.5754e-03
5.1964e-03
7.0432e-03
8.2573e-03
9.0717e-03
9.9627e-03
1.1301e-02
1.2730e-02
1.3320e-02
1.2219e-02
9.3473e-03
5.5977e-03
2.3235e-03
5.1136e-04
9.4310e-05
4.8428e-05
-7.5255e-04
-2.8273e-03
-6.0377e-03
-9.5851e-03
-1.2423e-02
-1.3978e-02
-1.4370e-02
-1.4038e-02
-1.3582e-02
-1.3637e-02
-1.4261e-02
-1.4594e-02
-1.3573e-02
-1.1083e-02
-7.8109e-03
-4.4074e-03
-1.2767e-03
1.2689e-03
3.0489e-03
4.2191e-03
5.1142e-03
5.9266e-03
6.7665e-03
7.8057e-03
8.9018e-03
9.4723e-03
9.2480e-03
8.5873e-03
8.0672e-03
7.7912e-03
7.3881e-03
6.4917e-03
4.8355e-03
2.2383e-03
-1.2486e-03
-5.3433e-03
-9.7027e-03
-1.3803e-02
-1.6802e-02
-1.7942e-02
-1.7323e-02
-1.5942e-02
-1.4664e-02
-1.3584e-02
-1.2523e-02
-1.1492e-02
-1.0378e-02
-8.8205e-03
-6.6613e-03
-4.0732e-03
-1.2818e-03
1.6426e-03
4.7363e-03
7.9859e-03
1.1009e-02
1.2896e-02
1.3034e-02
1.2055e-02
1.1268e-02
1.1097e-02
1.0725e-02
9.4561e-03
7.6675e-03
6.1439e-03
4.9748e-03
3.5009e-03
1.2169e-03
-1.4404e-03
-3.4629e-03
-4.3247e-03
-4.1446e-03
-3.4243e-03
-3.0312e-03
-3.6953e-03
-5.2817e-03
-6.9755e-03
-8.1564e-03
-8.8258e-03
-9.3210e-03
-9.9034e-03
-1.0741e-02
-1.1810e-02
-1.2588e-02
-1.2249e-02
-1.0558e-02
-8.3751e-03
-6.9975e-03
-7.0083e-03
-7.7597e-03
-8.0130e-03
-6.9281e-03
-4.5045e-03
-1.5971e-03
3.9719e-04
7.8464e-04
4.2413e-04
6.6842e-04
1.8304e-03
3.1076e-03
3.6162e-03
2.9971e-03
1.3972e-03
-8.0074e-04
-3.2772e-03
-5.7765e-03
-8.0002e-03
-9.5709e-03
-1.0214e-02
-1.0003e-02
-9.3507e-03
-8.6982e-03
-8.2399e-03
-8.1875e-03
-8.8199e-03
-9.9245e-03
-1.0528e-02
-9.8693e-03
-8.2925e-03
-6.7306e-03
-5.5852e-03
-4.5568e-03
-3.3093e-03
-1.7382e-03
1.4874e-04
1.9467e-03
2.7705e-03
2.1622e-03
7.9762e-04
-1.5777e-04
-1.1196e-04
8.9909e-04
2.4955e-03
4.0871e-03
5.2066e-03
5.7826e-03
6.0910e-03
6.4291e-03
6.9491e-03
7.6457e-03
8.2610e-03
8.3902e-03
7.8850e-03
7.0351e-03
6.1775e-03
5.2183e-03
3.8801e-03
2.1932e-03
5.2355e-04
-8.0889e-04
-1.9380e-03
-3.3354e-03
-5.1910e-03
-7.1813e-03
-8.9009e-03
-1.0288e-02
-1.1372e-02
-1.1994e-02
-1.2061e-02
-1.1649e-02
-1.0704e-02
-9.0101e-03
-6.8686e-03
-5.2955e-03
-4.9745e-03
-5.4260e-03
-5.4435e-03
-4.0900e-03
-1.3389e-03
1.8847e-03
4.2297e-03
4.7947e-03
3.6838e-03
1.9745e-03
1.0399e-03
1.6216e-03
3.2708e-03
4.8209e-03
5.2725e-03
4.4103e-03
2.7653e-03
9.8855e-04
-3.7776e-04
-1.0476e-03
-1.2912e-03
-1.9246e-03
-3.7528e-03
-6.5884e-03
-9.2071e-03
-1.0366e-02
-9.7522e-03
-8.0612e-03
-6.3558e-03
-5.2948e-03
-4.9236e-03
-4.9766e-03
-5.2329e-03
-5.3933e-03
-4.9809e-03
-3.5289e-03
-9.0865e-04
2.3250e-03
5.1953e-03
6.9822e-03
7.5460e-03
7.2053e-03
6.4669e-03
5.6947e-03
4.9467e-03
3.9938e-03
2.5600e-03
7.8312e-04
-6.3373e-04
-1.1267e-03
-1.1121e-03
-1.5937e-03
-3.0791e-03
-5.1788e-03
-7.1150e-03
-8.3695e-03
-8.7495e-03
-8.3375e-03
-7.6443e-03
-7.3546e-03
-7.8030e-03
-8.6588e-03
-9.1450e-03
-8.5011e-03
-6.5886e-03
-4.2056e-03
-2.6219e-03
-2.5754e-03
-3.6341e-03
-4.5172e-03
-4.0141e-03
-1.6581e-03
2.0951e-03
6.1128e-03
9.0927e-03
1.0185e-02
9.6341e-03
8.7522e-03
8.8085e-03
9.9394e-03
1.1204e-02
1.1512e-02
1.0656e-02
9.7155e-03
1.0100e-02
1.2089e-02
1.4595e-02
1.6258e-02
1.6587e-02
1.5996e-02
1.5077e-02
1.4111e-02
1.3162e-02
1.2312e-02
1.1661e-02
1.1307e-02
1.1116e-02
1.0476e-02
8.7553e-03
5.9804e-03
2.7746e-03
-2.2401e-04
-2.8488e-03
-5.3587e-03
-8.0003e-03
-1.0690e-02
-1.3140e-02
-1.5116e-02
-1.6614e-02
-1.7851e-02
-1.8957e-02
-1.9753e-02
-2.0001e-02
-1.9827e-02
-1.9426e-02
-1.8536e-02
-1.6714e-02
-1.3930e-02
-1.0651e-02
-7.4984e-03
-4.8518e-03
-2.8034e-03
-1.2195e-03
2.5531e-04
1.8707e-03
3.3095e-03
3.9119e-03
3.5821e-03
3.1133e-03
3.4134e-03
4.4953e-03
5.5723e-03
5.8219e-03
4.9717e-03
3.4731e-03
2.1267e-03
1.4716e-03
1.4093e-03
1.3432e-03
6.6309e-04
-6.9325e-04
-2.1747e-03
-3.1505e-03
-3.4824e-03
-3.4526e-03
-3.2143e-03
-2.7422e-03
-2.1963e-03
-1.9629e-03
-2.2131e-03
-2.6857e-03
-2.9467e-03
-2.6151e-03
-1.4243e-03
4.1610e-04
2.1825e-03
3.2914e-03
3.8279e-03
4.2507e-03
4.9197e-03
5.8604e-03
6.5785e-03
6.2175e-03
4.4949e-03
2.2444e-03
6.1953e-04
1.2866e-04
7.2252e-04
2.1758e-03
4.2335e-03
6.7210e-03
9.4433e-03
1.2035e-02
1.3972e-02
1.4813e-02
1.4554e-02
1.3645e-02
1.2622e-02
1.1936e-02
1.1806e-02
1.2081e-02
1.2240e-02
1.1678e-02
1.0267e-02
8.6590e-03
7.6017e-03
7.0622e-03
6.2864e-03
4.6680e-03
2.4217e-03
2.3299e-04
-1.2826e-03
-1.6845e-03
-8.5226e-04
8.2846e-04
2.5890e-03
3.7563e-03
4.0927e-03
3.9135e-03
3.7924e-03
3.9618e-03
4.1288e-03
3.8079e-03
2.8431e-03
1.4227e-03
-5.5226e-05
-9.4620e-04
-7.5212e-04
2.8458e-04
1.1913e-03
1.1453e-03
3.2838e-04
-3.2016e-04
-1.7395e-05
1.1764e-03
2.4357e-03
3.0060e-03
2.8277e-03
2.3630e-03
2.0951e-03
2.2204e-03
2.6016e-03
2.8934e-03
2.7325e-03
2.1170e-03
1.6445e-03
1.9815e-03
3.2617e-03
5.0545e-03
6.8876e-03
8.6328e-03
1.0425e-02
1.2228e-02
1.3752e-02
1.4915e-02
1.6002e-02
1.7321e-02
1.8770e-02
1.9923e-02
2.0339e-02
1.9769e-02
1.8367e-02
1.6751e-02
1.5545e-02
1.4711e-02
1.3449e-02
1.0984e-02
7.3659e-03
3.4598e-03
5.3303e-04
-4.3026e-04
5.9157e-04
2.6961e-03
4.8670e-03
6.5092e-03
7.4944e-03
8.1618e-03
9.0498e-03
1.0400e-02
1.1945e-02
1.3174e-02
1.3772e-02
1.3526e-02
1.2313e-02
1.0198e-02
7.3442e-03
4.0613e-03
1.1039e-03
-7.4338e-04
-1.4514e-03
-1.7284e-03
-2.0987e-03
-2.3740e-03
-2.2807e-03
-1.9933e-03
-1.8988e-03
-2.2155e-03
-2.8768e-03
-3.6886e-03
-4.4515e-03
-4.9131e-03
-4.8251e-03
-4.0281e-03
-2.6861e-03
-1.2903e-03
-3.0195e-04
2.4948e-04
6.1477e-04
9.9103e-04
1.5412e-03
2.5699e-03
4.2891e-03
6.3810e-03
8.1356e-03
9.0712e-03
9.2677e-03
9.2238e-03
9.3808e-03
9.7741e-03
1.0048e-02
9.6826e-03
8.4706e-03
6.8094e-03
5.2918e-03
4.1902e-03
3.2763e-03
2.1556e-03
7.1575e-04
-8.1064e-04
-2.0839e-03
-2.9662e-03
-3.7369e-03
-4.8237e-03
-6.3112e-03
-7.7225e-03
-8.2624e-03
-7.3548e-03
-5.1237e-03
-2.4134e-03
-2.2873e-04
1.0537e-03
1.8881e-03
2.9115e-03
4.3911e-03
6.2520e-03
8.4372e-03
1.0848e-02
1.3182e-02
1.5029e-02
1.6006e-02
1.5926e-02
1.4946e-02
1.3629e-02
1.2616e-02
1.2127e-02
1.1800e-02
1.1129e-02
9.8166e-03
7.7899e-03
5.2490e-03
2.6017e-03
2.5448e-04
-1.5492e-03
-2.7011e-03
-3.2990e-03
-3.6858e-03
-4.1477e-03
-4.6157e-03
-4.8848e-03
-4.9889e-03
-4.8795e-03
-4.1756e-03
-2.7962e-03
-1.4092e-03
-8.2135e-04
-1.1706e-03
-1.9915e-03
-2.5746e-03
-2.3139e-03
-1.0185e-03
9.2567e-04
2.6458e-03
3.3443e-03
2.8729e-03
1.7039e-03
6.9545e-04
6.7931e-04
1.8030e-03
3.4024e-03
4.6828e-03
5.2869e-03
5.3062e-03
5.0221e-03
4.7226e-03
4.4849e-03
4.0884e-03
3.4512e-03
2.8855e-03
2.7874e-03
3.1441e-03
3.5408e-03
3.6769e-03
3.7781e-03
4.3724e-03
5.7412e-03
7.6889e-03
9.4167e-03
9.9128e-03
8.8444e-03
7.0736e-03
5.9305e-03
5.9894e-03
6.7869e-03
7.5387e-03
7.7309e-03
7.1214e-03
5.8109e-03
4.2686e-03
2.9353e-03
1.8116e-03
7.0173e-04
-3.1056e-04
-9.7823e-04
-1.2695e-03
-1.3728e-03
-1.4269e-03
-1.3913e-03
-1.3635e-03
-1.6616e-03
-2.6297e-03
-4.3165e-03
-6.3268e-03
-7.9026e-03
-8.3291e-03
-7.5586e-03
-6.3575e-03
-5.5374e-03
-5.1087e-03
-4.5885e-03
-3.8087e-03
-3.1294e-03
-2.9606e-03
-3.2493e-03
-3.5381e-03
-3.1790e-03
-1.7225e-03
7.9399e-04
3.8834e-03
6.8610e-03
9.0488e-03
1.0027e-02
1.0000e-02
9.6626e-03
9.4227e-03
9.0002e-03
8.0609e-03
6.6537e-03
5.0421e-03
3.5569e-03
2.7663e-03
3.1621e-03
4.4142e-03
5.2824e-03
4.5930e-03
2.1188e-03
-1.3557e-03
-4.5407e-03
-6.4205e-03
-6.7995e-03
-6.3119e-03
-5.8447e-03
-5.9160e-03
-6.4959e-03
-7.1216e-03
-7.0874e-03
-5.9155e-03
-3.7738e-03
-1.3902e-03
3.3318e-04
9.2288e-04
5.6893e-04
9.4616e-05
6.4937e-04
2.8936e-03
6.3244e-03
9.4153e-03
1.0542e-02
9.1717e-03
6.1709e-03
2.9990e-03
7.2910e-04
-3.5764e-04
-5.6294e-04
-3.6663e-04
-2.6560e-04
-7.8301e-04
-2.0928e-03
-3.7135e-03
-4.9034e-03
-5.2987e-03
-4.9870e-03
-4.3063e-03
-3.6986e-03
-3.5009e-03
-3.6001e-03
-3.4992e-03
-2.6591e-03
-9.7200e-04
1.1969e-03
3.2567e-03
4.4640e-03
4.2189e-03
2.5669e-03
1.5581e-04
-2.1956e-03
-3.7383e-03
-3.9635e-03
-2.9852e-03
-1.5766e-03
-6.2678e-04
-5.3349e-04
-1.0299e-03
-1.5585e-03
-1.8099e-03
-1.9014e-03
-2.0588e-03
-2.3468e-03
-2.7128e-03
-3.1028e-03
-3.5608e-03
-4.2228e-03
-5.0993e-03
-5.9545e-03
-6.5556e-03
-6.8516e-03
-6.8204e-03
-6.3456e-03
-5.4106e-03
-4.1538e-03
-2.6441e-03
-9.8500e-04
5.2315e-04
1.5627e-03
2.1375e-03
2.6328e-03
3.3541e-03
4.3011e-03
5.1560e-03
5.4218e-03
4.8096e-03
3.4301e-03
1.8024e-03
6.6675e-04
6.5998e-04
1.8500e-03
3.6600e-03
5.2231e-03
5.7664e-03
5.0472e-03
3.4962e-03
1.8966e-03
8.2408e-04
2.6657e-04
-1.7408e-04
-8.9843e-04
-2.0615e-03
-3.2894e-03
-3.9385e-03
-3.8330e-03
-3.3938e-03
-3.2786e-03
-3.9739e-03
-5.5982e-03
-7.8267e-03
-9.9459e-03
-1.1105e-02
-1.0733e-02
-8.9156e-03
-6.4425e-03
-4.1849e-03
-2.5566e-03
-1.6172e-03
-1.2939e-03
-1.3456e-03
-1.2816e-03
-5.1748e-04
1.0724e-03
2.7614e-03
3.6040e-03
3.3481e-03
2.8124e-03
3.1591e-03
4.8296e-03
7.0281e-03
8.2896e-03
7.6651e-03
5.3260e-03
2.2737e-03
-3.2032e-04
-1.8810e-03
-2.6128e-03
-3.2317e-03
-4.4414e-03
-6.3760e-03
-8.4026e-03
-9.6197e-03
-9.6074e-03
-8.6291e-03
-7.2061e-03
-5.6695e-03
-4.0256e-03
-2.1606e-03
1.7775e-06
2.3695e-03
4.5540e-03
5.9989e-03
6.5256e-03
6.4620e-03
6.4059e-03
6.9235e-03
8.0032e-03
8.9008e-03
8.8215e-03
7.6760e-03
5.9656e-03
4.2464e-03
2.7934e-03
1.6113e-03
5.0189e-04
-6.8287e-04
-5.4465e-04
-1.2672e-03
-1.6155e-03
-1.8464e-03
-2.0463e-03
-2.1907e-03
-2.3015e-03
-2.2520e-03
-1.8109e-03
-1.0515e-03
-3.3189e-04
1.1158e-04
2.7902e-04
3.4681e-04
5.6010e-04
9.9983e-04
1.3784e-03
1.3199e-03
8.5402e-04
3.9954e-04
2.6217e-04
4.5944e-04
9.9437e-04
1.9089e-03
3.0635e-03
4.0226e-03
4.3555e-03
3.9903e-03
3.1736e-03
2.3077e-03
1.9249e-03
2.5477e-03
4.0983e-03
5.6515e-03
6.1808e-03
5.3324e-03
3.5076e-03
1.5614e-03
2.3158e-04
-4.0340e-04
-8.5827e-04
-1.7494e-03
-3.3632e-03
-5.5514e-03
-7.8743e-03
-9.8328e-03
-1.1081e-02
-1.1595e-02
-1.1636e-02
-1.1405e-02
-1.0857e-02
-9.7855e-03
-8.1372e-03
-6.2758e-03
-4.7191e-03
-3.6816e-03
-2.9422e-03
-2.0421e-03
-7.6035e-04
6.7298e-04
1.9113e-03
2.8960e-03
3.7466e-03
4.4801e-03
5.2289e-03
6.2549e-03
7.5713e-03
8.7918e-03
9.3100e-03
8.8593e-03
7.7711e-03
6.8928e-03
7.0570e-03
8.3140e-03
9.7803e-03
1.0378e-02
9.7392e-03
8.4836e-03
7.5384e-03
7.2306e-03
7.1445e-03
6.5888e-03
5.2506e-03
3.4295e-03
1.7216e-03
5.9909e-04
1.3744e-04
9.3341e-05
6.9751e-05
-2.6252e-04
-9.2778e-04
-1.6467e-03
-2.0353e-03
-1.9345e-03
-1.4670e-03
-7.4392e-04
7.0482e-05
5.9113e-04
4.4960e-04
-1.8365e-04
-5.2964e-04
8.2028e-05
1.4755e-03
2.7221e-03
2.8353e-03
1.6566e-03
3.4328e-05
-8.7856e-04
-4.3133e-04
1.2643e-03
3.4461e-03
5.0167e-03
5.2361e-03
4.3087e-03
3.1638e-03
2.5686e-03
2.5621e-03
2.7309e-03
2.5847e-03
1.8841e-03
7.7108e-04
-3.3384e-04
-9.6094e-04
-9.1752e-04
-3.3724e-04
4.1303e-04
1.0431e-03
1.4945e-03
1.7592e-03
1.7961e-03
1.5923e-03
1.2715e-03
1.1470e-03
1.5139e-03
2.4474e-03
3.8206e-03
5.3222e-03
6.3986e-03
6.4263e-03
5.2498e-03
3.4314e-03
1.8508e-03
1.0624e-03
9.8985e-04
1.2447e-03
1.5162e-03
1.6114e-03
1.4374e-03
1.0167e-03
5.0962e-04
2.7739e-04
8.0193e-04
2.1221e-03
3.5544e-03
4.1997e-03
3.6907e-03
2.3781e-03
9.9626e-04
1.8432e-04
1.9789e-04
7.6340e-04
1.1895e-03
8.9832e-04
-1.4219e-04
-1.5089e-03
-2.7654e-03
-3.5709e-03
-3.5463e-03
-2.7252e-03
-1.7576e-03
-1.3170e-03
-1.4773e-03
-1.6881e-03
-1.2902e-03
8.6136e-06
1.8830e-03
3.5420e-03
4.3321e-03
4.2119e-03
3.7242e-03
3.4229e-03
3.4459e-03
3.5863e-03
3.6151e-03
3.4776e-03
3.2636e-03
3.0248e-03
2.6387e-03
2.0134e-03
1.2371e-03
6.1337e-04
4.0395e-04
4.6844e-04
3.7932e-04
-1.3733e-04
-1.0061e-03
-1.9527e-03
-2.7188e-03
-3.2518e-03
-3.6874e-03
-4.2120e-03
-4.9288e-03
-5.8159e-03
-6.7547e-03
-7.5644e-03
-8.0890e-03
-8.2894e-03
-8.2076e-03
-7.8935e-03
-7.3885e-03
-6.7867e-03
-6.1777e-03
-5.5911e-03
-5.0059e-03
-4.2942e-03
-3.3633e-03
-2.2878e-03
-1.2311e-03
-2.7039e-04
6.3385e-04
1.4349e-03
1.9183e-03
1.9844e-03
1.8285e-03
1.7989e-03
2.1426e-03
2.9047e-03
3.9760e-03
5.0669e-03
5.8194e-03
6.0708e-03
5.8864e-03
5.3274e-03
4.3725e-03
2.9901e-03
1.1771e-03
-9.3548e-04
-3.0323e-03
-4.7158e-03
-5.7371e-03
-6.1371e-03
-6.2759e-03
-6.5728e-03
-7.2303e-03
-8.1073e-03
-8.8303e-03
-9.1615e-03
-9.2112e-03
-9.2457e-03
-9.3778e-03
-9.4128e-03
-8.9688e-03
-7.8807e-03
-6.3901e-03
-5.0100e-03
-4.1435e-03
-3.7579e-03
-3.5316e-03
-3.2335e-03
-2.8457e-03
-2.4018e-03
-1.8654e-03
-1.1894e-03
-3.9331e-04
4.3586e-04
1.1761e-03
1.7800e-03
2.3665e-03
3.0302e-03
3.5803e-03
3.7027e-03
3.2798e-03
2.4717e-03
1.5757e-03
8.9978e-04
6.0222e-04
6.4106e-04
8.8431e-04
1.2330e-03
1.5819e-03
1.7509e-03
1.5567e-03
9.7688e-04
1.8745e-04
-4.9806e-04
-7.6390e-04
-5.2650e-04
-8.1930e-05
1.5197e-04
-4.4200e-07
-3.6926e-04
-5.7614e-04
-3.1915e-04
2.7746e-04
6.3802e-04
2.2763e-04
-9.1633e-04
-2.2643e-03
-3.2455e-03
-3.5948e-03
-3.4024e-03
-2.9476e-03
-2.5325e-03
-2.3839e-03
-2.5526e-03
-2.8999e-03
-3.1979e-03
-3.3368e-03
-3.3922e-03
-3.5041e-03
-3.7155e-03
-3.8621e-03
-3.6627e-03
-2.9566e-03
-1.8089e-03
-4.4495e-04
8.4132e-04
1.7901e-03
2.2380e-03
2.1877e-03
1.8634e-03
1.5894e-03
1.5612e-03
1.7211e-03
1.8335e-03
1.7565e-03
1.5740e-03
1.3839e-03
1.1228e-03
7.1615e-04
2.0835e-04
-2.9256e-04
-7.2846e-04
-1.1127e-03
-1.4771e-03
-1.8197e-03
-2.0417e-03
-2.0049e-03
-1.6985e-03
-1.2890e-03
-9.6846e-04
-8.6889e-04
-1.0017e-03
-1.2101e-03
-1.2992e-03
-1.2117e-03
-1.1111e-03
-1.1962e-03
-1.4580e-03
-1.7224e-03
-1.8161e-03
-1.6673e-03
-1.3048e-03
-8.4257e-04
-4.2956e-04
-1.3981e-04
5.6252e-05
2.3936e-04
4.2971e-04
5.6375e-04
5.8053e-04
4.6704e-04
2.6495e-04
4.8756e-05
-9.9900e-05
-1.4573e-04
-1.3051e-04
-1.2538e-04
-2.0246e-04
-4.0430e-04
-7.1445e-04
-1.0722e-03
-1.3804e-03
-1.5180e-03
-1.4312e-03
-1.2003e-03
-9.5983e-04
-7.5916e-04
-5.5636e-04
-3.3808e-04
-1.8435e-04
-1.8628e-04
-3.6633e-04
-6.8513e-04
-1.0417e-03
-1.3349e-03
-1.5068e-03
-1.5534e-03
-1.5281e-03
-1.5232e-03
-1.6036e-03
-1.7488e-03
-1.8478e-03
-1.7910e-03
-1.5746e-03
-1.3055e-03
-1.1059e-03
-9.9715e-04
-8.8887e-04
-6.6785e-04
-3.2117e-04
4.1660e-05
2.8847e-04
3.7152e-04
3.3372e-04
2.5507e-04
1.8857e-04
1.5726e-04
1.5290e-04
1.2639e-04
3.8139e-05
-8.9341e-05
-2.2525e-04
-3.8428e-04
-6.0615e-04
-8.8886e-04
-1.1784e-03
-1.4192e-03
-1.5926e-03
-1.7254e-03
-1.8711e-03
-2.0257e-03
-2.1125e-03
-2.0813e-03
-1.9618e-03
-1.8302e-03
-1.7385e-03
-1.6984e-03
-1.6837e-03
-1.6484e-03
-1.5620e-03
-1.4278e-03
-1.2662e-03
-1.0784e-03
-8.5689e-04
-6.2047e-04
-4.0902e-04
-2.5463e-04
-1.6761e-04
-1.3697e-04
-1.4167e-04
-1.7492e-04
-2.5124e-04
-3.7853e-04
-5.2625e-04
-6.4218e-04
-7.0322e-04
-7.2883e-04
-7.5996e-04
-8.3033e-04
-9.3796e-04
-1.0479e-03
-1.1276e-03
-1.1718e-03
-1.1924e-03
-1.1944e-03
-1.1738e-03
-1.1327e-03
-1.0796e-03
-1.0149e-03
-9.3014e-04
-8.1773e-04
-6.8237e-04
-5.4334e-04
-4.2776e-04
-3.5308e-04
-3.1253e-04
-2.8789e-04
-2.7378e-04
-2.7424e-04
-2.8139e-04
-2.7793e-04
-2.5886e-04
-2.4169e-04
-2.5080e-04
-2.9291e-04
-3.5419e-04
-4.1650e-04
-4.6964e-04
-5.1295e-04
-5.4878e-04
-5.7531e-04
-5.9280e-04
-6.0878e-04
-6.2832e-04
-6.4628e-04
-6.5337e-04
-6.4612e-04
-6.2764e-04
-6.0426e-04
-5.8419e-04
-5.7291e-04
-5.6894e-04
-5.6801e-04
-5.6770e-04
-5.6544e-04
-5.5645e-04
-5.3591e-04
-5.0392e-04
-4.6888e-04
-4.4136e-04
-4.2581e-04
-4.1819e-04
-4.1183e-04
-4.0535e-04
-4.0013e-04
-3.9538e-04
-3.8992e-04
-3.8351e-04
-3.7671e-04
-3.6980e-04
-3.6152e-04
-3.5079e-04
-3.3839e-04
-3.2676e-04
-3.1920e-04
-3.1760e-04
-3.2075e-04
-3.2684e-04
-3.3479e-04
-3.4346e-04
-3.5084e-04
-3.5461e-04
-3.5458e-04
-3.5302e-04
-3.5271e-04
-3.5500e-04
-3.5929e-04
-3.6330e-04
-3.6488e-04
-3.6384e-04
-3.6131e-04
-3.5839e-04
-3.5560e-04
-3.5303e-04
-3.5027e-04
-3.4660e-04
-3.4136e-04
-3.3428e-04
-3.2548e-04
-3.1585e-04
-3.0666e-04
-2.9855e-04
-2.9122e-04
-2.8411e-04
-2.7716e-04
-2.7057e-04
-2.6423e-04
-2.5808e-04
-2.5226e-04
-2.4698e-04
-2.4223e-04
-2.3774e-04
-2.3339e-04
-2.2932e-04
-2.2567e-04
-2.2239e-04
-2.1918e-04
-2.1578e-04
-2.1209e-04
-2.0811e-04
-2.0388e-04
-1.9949e-04
-1.9503e-04
-1.9059e-04
-1.8618e-04
-1.8173e-04
-1.7719e-04
-1.7251e-04
-1.6776e-04
-1.6300e-04
-1.5829e-04
-1.5365e-04
-1.4906e-04
-1.4448e-04
-1.3994e-04
-1.3542e-04
-1.3094e-04
-1.2647e-04
-1.2203e-04
-1.1758e-04
-1.1314e-04
-1.0869e-04
-1.0426e-04
-9.9821e-05
-9.5390e-05
-9.0961e-05
-8.6534e-05
-8.2109e-05
-7.7692e-05
-7.3282e-05
-6.8883e-05
-6.4495e-05
-6.0117e-05
-5.5752e-05
-5.1399e-05
-4.7059e-05
-4.2732e-05
-3.8420e-05
-3.4122e-05
