5.9043e-05
5.7628e-05
5.4618e-05
4.9632e-05
4.2456e-05
3.2688e-05
2.0255e-05
5.3184e-06
-1.2283e-05
-3.1073e-05
-4.9189e-05
-6.5533e-05
-7.8259e-05
-8.6035e-05
-9.0138e-05
-9.1424e-05
-8.8672e-05
-8.2174e-05
-7.4660e-05
-7.1211e-05
-6.8442e-05
-6.4344e-05
-5.7166e-05
-4.4757e-05
-2.4930e-05
8.5560e-06
6.1855e-05
1.3191e-04
2.1273e-04
2.9951e-04
3.9453e-04
5.0238e-04
6.2275e-04
7.5053e-04
8.7464e-04
9.7819e-04
1.0505e-03
1.0934e-03
1.1010e-03
1.0739e-03
1.0276e-03
9.8076e-04
9.4087e-04
8.9871e-04
8.5681e-04
8.1368e-04
7.7308e-04
7.3349e-04
6.8240e-04
6.1253e-04
5.2096e-04
4.0813e-04
2.8393e-04
1.6513e-04
4.3568e-05
-8.6842e-05
-2.1774e-04
-3.0073e-04
-3.1902e-04
-2.9283e-04
-2.1229e-04
-1.0637e-04
3.0393e-05
1.8802e-04
3.3927e-04
4.5529e-04
5.4862e-04
5.5834e-04
4.2739e-04
1.6908e-04
-2.0673e-04
-6.6626e-04
-1.1555e-03
-1.6502e-03
-2.0941e-03
-2.4760e-03
-2.7610e-03
-2.9195e-03
-2.9548e-03
-2.8143e-03
-2.5242e-03
-2.1167e-03
-1.6227e-03
-1.0647e-03
-5.1860e-04
5.0565e-05
6.3649e-04
1.1946e-03
1.6925e-03
2.1264e-03
2.4574e-03
2.6669e-03
2.7788e-03
2.7955e-03
2.7183e-03
2.5485e-03
2.2904e-03
1.9634e-03
1.6019e-03
1.2039e-03
7.3452e-04
2.3859e-04
-1.9907e-04
-5.3903e-04
-7.5696e-04
-8.7332e-04
-8.9287e-04
-8.2118e-04
-6.7395e-04
-4.7473e-04
-2.5707e-04
-6.8823e-05
4.0698e-05
9.2447e-05
7.3493e-05
2.3599e-06
-1.2718e-04
-3.6482e-04
-6.4165e-04
-8.2728e-04
-8.7928e-04
-7.8406e-04
-5.1255e-04
-5.1132e-05
5.8392e-04
1.3367e-03
2.1176e-03
2.8848e-03
3.5968e-03
4.1696e-03
4.6237e-03
4.9746e-03
5.2153e-03
5.3281e-03
5.3053e-03
5.2680e-03
5.2197e-03
5.1364e-03
5.0133e-03
4.8340e-03
4.5856e-03
4.2581e-03
3.8607e-03
3.4241e-03
3.0200e-03
2.7501e-03
2.5872e-03
2.5266e-03
2.7057e-03
2.9776e-03
3.3157e-03
3.7002e-03
4.2267e-03
4.7765e-03
5.2168e-03
5.4247e-03
5.4158e-03
5.1937e-03
4.7421e-03
4.1047e-03
3.3483e-03
2.5719e-03
1.7245e-03
8.2145e-04
-7.1506e-05
-8.7865e-04
-1.6724e-03
-2.4606e-03
-3.1928e-03
-3.8097e-03
-4.4128e-03
-5.0415e-03
-5.6859e-03
-6.3109e-03
-6.8878e-03
-7.5041e-03
-8.1952e-03
-8.8964e-03
-9.4067e-03
-9.6444e-03
-9.5277e-03
-9.1057e-03
-8.4359e-03
-7.6186e-03
-6.7864e-03
-5.9776e-03
-5.3110e-03
-4.8874e-03
-4.6644e-03
-4.6436e-03
-4.8333e-03
-5.2141e-03
-5.7498e-03
-6.3758e-03
-6.9943e-03
-7.4782e-03
-7.7642e-03
-7.8727e-03
-7.7923e-03
-7.4291e-03
-6.7006e-03
-5.6722e-03
-4.3488e-03
-2.7754e-03
-1.1302e-03
4.5229e-04
1.8548e-03
3.0384e-03
3.9622e-03
4.6531e-03
5.1742e-03
5.5510e-03
5.7842e-03
5.8634e-03
5.8628e-03
5.7868e-03
5.6617e-03
5.4628e-03
5.0721e-03
4.4070e-03
3.5421e-03
2.4443e-03
1.1118e-03
-3.7277e-04
-1.9920e-03
-3.6643e-03
-5.3744e-03
-7.0280e-03
-8.4276e-03
-9.4607e-03
-1.0103e-02
-1.0302e-02
-1.0170e-02
-9.8151e-03
-9.3400e-03
-8.6667e-03
-7.7862e-03
-6.8971e-03
-5.9993e-03
-5.1325e-03
-4.1989e-03
-3.1500e-03
-1.9932e-03
-7.8550e-04
3.5689e-04
1.5060e-03
2.7192e-03
3.7959e-03
4.6013e-03
5.2494e-03
5.7522e-03
6.0844e-03
6.2164e-03
6.0970e-03
5.7234e-03
5.2529e-03
4.7974e-03
4.3313e-03
3.8927e-03
3.5348e-03
3.2269e-03
2.9319e-03
2.7412e-03
2.6456e-03
2.5361e-03
2.4218e-03
2.3305e-03
2.1647e-03
1.8565e-03
1.3614e-03
6.4048e-04
-3.1904e-04
-1.4813e-03
-2.7366e-03
-3.9205e-03
-5.0341e-03
-6.1358e-03
-7.1923e-03
-8.1399e-03
-8.9955e-03
-9.7885e-03
-1.0475e-02
-1.0972e-02
-1.1278e-02
-1.1404e-02
-1.1319e-02
-1.0989e-02
-1.0398e-02
-9.5515e-03
-8.4759e-03
-7.2545e-03
-6.0560e-03
-5.1028e-03
-4.3630e-03
-3.8199e-03
-3.5112e-03
-3.4682e-03
-3.7280e-03
-4.3216e-03
-5.2561e-03
-6.5073e-03
-7.9973e-03
-9.5628e-03
-1.0997e-02
-1.2193e-02
-1.3083e-02
-1.3561e-02
-1.3637e-02
-1.3293e-02
-1.2518e-02
-1.1394e-02
-9.9967e-03
-8.2198e-03
-6.0610e-03
-3.6045e-03
-9.4154e-04
1.8098e-03
4.5669e-03
7.2547e-03
9.7523e-03
1.1968e-02
1.3741e-02
1.5028e-02
1.5831e-02
1.6062e-02
1.5755e-02
1.4968e-02
1.3766e-02
1.2289e-02
1.0738e-02
9.2234e-03
7.7673e-03
6.4322e-03
5.1368e-03
3.8838e-03
2.7532e-03
1.8716e-03
1.2438e-03
9.4097e-04
8.9737e-04
1.0747e-03
1.4576e-03
1.9875e-03
2.5759e-03
3.0982e-03
3.4058e-03
3.3671e-03
2.9950e-03
2.3828e-03
1.6908e-03
9.2815e-04
6.9894e-05
-8.4213e-04
-1.7319e-03
-2.4997e-03
-3.1271e-03
-3.6201e-03
-3.9309e-03
-4.0029e-03
-3.9056e-03
-3.7646e-03
-3.5359e-03
-3.1716e-03
-2.8014e-03
-2.4109e-03
-1.9618e-03
-1.4561e-03
-9.1559e-04
-3.7845e-04
7.6459e-05
3.3681e-04
4.7388e-04
5.0263e-04
4.3319e-04
2.9944e-04
1.4569e-04
3.5269e-05
4.9510e-05
2.6649e-04
7.6514e-04
1.5515e-03
2.4967e-03
3.5838e-03
4.7109e-03
5.7876e-03
6.8652e-03
7.9413e-03
8.9391e-03
9.8685e-03
1.0769e-02
1.1729e-02
1.2776e-02
1.3869e-02
1.4917e-02
1.5863e-02
1.6651e-02
1.7268e-02
1.7733e-02
1.8013e-02
1.8067e-02
1.7863e-02
1.7511e-02
1.6989e-02
1.6262e-02
1.5338e-02
1.4262e-02
1.3106e-02
1.1800e-02
1.0375e-02
8.9209e-03
7.3994e-03
5.8916e-03
4.5207e-03
3.2840e-03
2.1315e-03
1.1103e-03
2.6808e-04
-4.4941e-04
-1.0219e-03
-1.3812e-03
-1.5215e-03
-1.5065e-03
-1.3654e-03
-1.1265e-03
-8.3733e-04
-5.5857e-04
-3.5786e-04
-1.6957e-04
1.2845e-04
5.1730e-04
9.2644e-04
1.4012e-03
1.8810e-03
2.3836e-03
2.9320e-03
3.5169e-03
4.0904e-03
4.5867e-03
5.0829e-03
5.6521e-03
6.3335e-03
7.1507e-03
8.0662e-03
9.0158e-03
1.0079e-02
1.1247e-02
1.2425e-02
1.3456e-02
1.4207e-02
1.4783e-02
1.5196e-02
1.5428e-02
1.5456e-02
1.5237e-02
1.4704e-02
1.3787e-02
1.2429e-02
1.0612e-02
8.3809e-03
5.7770e-03
2.7594e-03
-6.1357e-04
-4.2166e-03
-7.8099e-03
-1.1185e-02
-1.4172e-02
-1.6573e-02
-1.8268e-02
-1.9354e-02
-1.9888e-02
-1.9881e-02
-1.9353e-02
-1.8321e-02
-1.6829e-02
-1.4958e-02
-1.2874e-02
-1.0815e-02
-8.7330e-03
-6.7383e-03
-4.8757e-03
-3.2708e-03
-1.9871e-03
-1.0682e-03
-3.3989e-04
3.0433e-04
9.1777e-04
1.5368e-03
2.1405e-03
2.6628e-03
3.0575e-03
3.3455e-03
3.5806e-03
3.9086e-03
4.3575e-03
4.7596e-03
5.0473e-03
5.3060e-03
5.5500e-03
5.7762e-03
5.9779e-03
6.1354e-03
6.2122e-03
6.1550e-03
5.8950e-03
5.3593e-03
4.4947e-03
3.2805e-03
1.7566e-03
3.1078e-05
-1.8393e-03
-3.7115e-03
-5.4884e-03
-7.1516e-03
-8.5784e-03
-9.5844e-03
-1.0239e-02
-1.0599e-02
-1.0653e-02
-1.0400e-02
-9.8301e-03
-8.9429e-03
-7.7391e-03
-6.2636e-03
-4.6311e-03
-3.0309e-03
-1.5177e-03
-6.0267e-05
1.2543e-03
2.3232e-03
3.1431e-03
3.6965e-03
4.0751e-03
4.3400e-03
4.5282e-03
4.6689e-03
4.7746e-03
4.8520e-03
4.8906e-03
4.8589e-03
4.7183e-03
4.4302e-03
3.9585e-03
3.2882e-03
2.4441e-03
1.4986e-03
5.7947e-04
-2.5743e-04
-1.0801e-03
-1.9620e-03
-2.9350e-03
-4.0001e-03
-5.1222e-03
-6.3075e-03
-7.4363e-03
-8.4781e-03
-9.4703e-03
-1.0347e-02
-1.1009e-02
-1.1436e-02
-1.1434e-02
-1.0921e-02
-1.0033e-02
-8.9315e-03
-7.6766e-03
-6.3837e-03
-5.1096e-03
-3.9276e-03
-2.7837e-03
-1.6862e-03
-7.2328e-04
1.3132e-05
5.6176e-04
8.8257e-04
9.0606e-04
7.6052e-04
5.2005e-04
1.2586e-04
-2.7802e-04
-5.9830e-04
-8.9724e-04
-1.1962e-03
-1.5184e-03
-1.8929e-03
-2.3457e-03
-2.8977e-03
-3.6005e-03
-4.5228e-03
-5.6530e-03
-7.0494e-03
-8.6875e-03
-1.0440e-02
-1.2185e-02
-1.3878e-02
-1.5446e-02
-1.6705e-02
-1.7569e-02
-1.8113e-02
-1.8339e-02
-1.8230e-02
-1.7765e-02
-1.6928e-02
-1.5717e-02
-1.4158e-02
-1.2345e-02
-1.0446e-02
-8.6351e-03
-7.0893e-03
-5.6309e-03
-4.0655e-03
-2.4576e-03
-9.0897e-04
5.8902e-04
2.1186e-03
3.6537e-03
5.0748e-03
6.3560e-03
7.5632e-03
8.6896e-03
9.6602e-03
1.0365e-02
1.0835e-02
1.1058e-02
1.1161e-02
1.1056e-02
1.0671e-02
1.0194e-02
9.7703e-03
9.3274e-03
8.6848e-03
7.9021e-03
7.0422e-03
6.1293e-03
5.1014e-03
3.9754e-03
2.7863e-03
1.4825e-03
4.9181e-05
-1.5398e-03
-3.1004e-03
-4.5716e-03
-5.9243e-03
-6.9881e-03
-7.7025e-03
-8.1657e-03
-8.4019e-03
-8.4095e-03
-8.1906e-03
-7.7313e-03
-7.0237e-03
-6.0682e-03
-4.8931e-03
-3.5685e-03
-2.1461e-03
-6.4359e-04
8.1763e-04
2.1630e-03
3.4348e-03
4.6391e-03
5.7184e-03
6.6736e-03
7.3851e-03
7.7086e-03
7.5315e-03
6.8191e-03
5.6145e-03
4.0103e-03
2.1784e-03
2.1861e-04
-1.8311e-03
-3.8374e-03
-5.7366e-03
-7.5545e-03
-9.2220e-03
-1.0611e-02
-1.1823e-02
-1.2926e-02
-1.3895e-02
-1.4637e-02
-1.5009e-02
-1.4985e-02
-1.4491e-02
-1.3636e-02
-1.2527e-02
-1.1124e-02
-9.4834e-03
-7.5640e-03
-5.4026e-03
-2.9334e-03
-2.2572e-04
2.6084e-03
5.6100e-03
8.5884e-03
1.1263e-02
1.3543e-02
1.5327e-02
1.6494e-02
1.6936e-02
1.6738e-02
1.5845e-02
1.4376e-02
1.2504e-02
1.0383e-02
8.0862e-03
5.6126e-03
2.9916e-03
3.8312e-04
-2.0113e-03
-4.0505e-03
-5.6464e-03
-6.7862e-03
-7.4069e-03
-7.3877e-03
-6.7145e-03
-5.4517e-03
-3.6823e-03
-1.4320e-03
1.2289e-03
4.0918e-03
6.9673e-03
9.6742e-03
1.1903e-02
1.3676e-02
1.4983e-02
1.5859e-02
1.6336e-02
1.6382e-02
1.5995e-02
1.5429e-02
1.4620e-02
1.3706e-02
1.2673e-02
1.1536e-02
1.0361e-02
9.0315e-03
7.5263e-03
5.9044e-03
4.2974e-03
2.7117e-03
1.1632e-03
-1.5284e-04
-1.2928e-03
-2.2033e-03
-2.7417e-03
-2.8659e-03
-2.6788e-03
-1.9938e-03
-8.8063e-04
4.2723e-04
1.9058e-03
3.5306e-03
5.1720e-03
6.7016e-03
8.0336e-03
9.0563e-03
9.6995e-03
9.9010e-03
9.6673e-03
8.9791e-03
7.8345e-03
6.2769e-03
4.4117e-03
2.2925e-03
-1.1499e-04
-2.7962e-03
-5.7115e-03
-8.7558e-03
-1.1751e-02
-1.4444e-02
-1.6827e-02
-1.8819e-02
-2.0176e-02
-2.0746e-02
-2.0463e-02
-1.9261e-02
-1.7263e-02
-1.4687e-02
-1.1735e-02
-8.7301e-03
-5.7942e-03
-3.2010e-03
-7.8951e-04
1.4335e-03
3.3506e-03
4.9726e-03
6.1748e-03
6.9403e-03
7.3344e-03
7.3649e-03
7.1434e-03
6.5931e-03
5.7153e-03
4.6536e-03
3.3921e-03
1.9982e-03
5.6515e-04
-9.5429e-04
-2.5983e-03
-4.1935e-03
-5.6607e-03
-6.9897e-03
-8.1773e-03
-9.1009e-03
-9.6954e-03
-9.9269e-03
-9.8083e-03
-9.2408e-03
-8.1038e-03
-6.4419e-03
-4.3482e-03
-1.9981e-03
5.5313e-04
3.2384e-03
5.9484e-03
8.6268e-03
1.1134e-02
1.3296e-02
1.4996e-02
1.6180e-02
1.6882e-02
1.7133e-02
1.6928e-02
1.6256e-02
1.5123e-02
1.3550e-02
1.1625e-02
9.5100e-03
7.2993e-03
5.0394e-03
2.8782e-03
7.6534e-04
-1.2869e-03
-3.1452e-03
-4.7922e-03
-6.2502e-03
-7.4410e-03
-8.3702e-03
-8.9706e-03
-9.3069e-03
-9.3599e-03
-8.8850e-03
-7.8832e-03
-6.5536e-03
-5.0587e-03
-3.4426e-03
-1.7341e-03
-2.9217e-05
1.6414e-03
3.1401e-03
4.2838e-03
5.0180e-03
5.3420e-03
5.1949e-03
4.5926e-03
3.5901e-03
2.1517e-03
3.1974e-04
-1.7862e-03
-4.0479e-03
-6.4202e-03
-8.8330e-03
-1.1147e-02
-1.3214e-02
-1.4963e-02
-1.6389e-02
-1.7496e-02
-1.8297e-02
-1.8855e-02
-1.9137e-02
-1.9121e-02
-1.8846e-02
-1.8322e-02
-1.7583e-02
-1.6793e-02
-1.5916e-02
-1.4883e-02
-1.3703e-02
-1.2423e-02
-1.1162e-02
-1.0113e-02
-9.3850e-03
-8.9769e-03
-8.9267e-03
-9.2942e-03
-1.0094e-02
-1.1125e-02
-1.2328e-02
-1.3598e-02
-1.4930e-02
-1.6244e-02
-1.7356e-02
-1.8072e-02
-1.8548e-02
-1.8860e-02
-1.9038e-02
-1.9143e-02
-1.9225e-02
-1.9326e-02
-1.9460e-02
-1.9621e-02
-1.9771e-02
-1.9846e-02
-1.9812e-02
-1.9717e-02
-1.9447e-02
-1.8976e-02
-1.8397e-02
-1.7663e-02
-1.6777e-02
-1.5809e-02
-1.4871e-02
-1.4047e-02
-1.3371e-02
-1.2945e-02
-1.2804e-02
-1.2882e-02
-1.3119e-02
-1.3435e-02
-1.3721e-02
-1.3973e-02
-1.4219e-02
-1.4353e-02
-1.4318e-02
-1.4003e-02
-1.3212e-02
-1.1920e-02
-1.0194e-02
-8.0020e-03
-5.3851e-03
-2.3868e-03
8.1662e-04
4.0430e-03
7.2627e-03
1.0296e-02
1.2929e-02
1.4988e-02
1.6483e-02
1.7336e-02
1.7393e-02
1.6662e-02
1.5113e-02
1.2750e-02
9.6497e-03
5.8260e-03
1.4905e-03
-3.1488e-03
-8.0374e-03
-1.2989e-02
-1.7739e-02
-2.2171e-02
-2.6104e-02
-2.9426e-02
-3.1975e-02
-3.3568e-02
-3.4125e-02
-3.3756e-02
-3.2478e-02
-3.0313e-02
-2.7384e-02
-2.3912e-02
-2.0094e-02
-1.5987e-02
-1.1689e-02
-7.3081e-03
-2.8884e-03
1.5063e-03
5.7328e-03
9.8104e-03
1.3713e-02
1.7324e-02
2.0646e-02
2.3661e-02
2.6333e-02
2.8646e-02
3.0616e-02
3.2304e-02
3.3716e-02
3.4885e-02
3.5943e-02
3.6879e-02
3.7690e-02
3.8349e-02
3.8758e-02
3.8923e-02
3.8829e-02
3.8429e-02
3.7682e-02
3.6575e-02
3.5121e-02
3.3243e-02
3.1071e-02
2.8661e-02
2.5974e-02
2.2961e-02
1.9720e-02
1.6305e-02
1.2755e-02
9.1351e-03
5.5194e-03
1.7958e-03
-2.0820e-03
-5.9143e-03
-9.4797e-03
-1.2513e-02
-1.4922e-02
-1.6575e-02
-1.7367e-02
-1.7239e-02
-1.6067e-02
-1.3796e-02
-1.0533e-02
-6.3384e-03
-1.4109e-03
4.0527e-03
9.9197e-03
1.5990e-02
2.2202e-02
2.8455e-02
3.4561e-02
4.0403e-02
4.5895e-02
5.0985e-02
5.5585e-02
5.9582e-02
6.2986e-02
6.5857e-02
6.8211e-02
7.0010e-02
7.1312e-02
7.2202e-02
7.2769e-02
7.3104e-02
7.3238e-02
7.3162e-02
7.2836e-02
7.2197e-02
7.1177e-02
6.9718e-02
6.7812e-02
6.5523e-02
6.2855e-02
5.9751e-02
5.6132e-02
5.2081e-02
4.7696e-02
4.2958e-02
3.8060e-02
3.3148e-02
2.8266e-02
2.3546e-02
1.9063e-02
1.4921e-02
1.1167e-02
8.0196e-03
5.5338e-03
3.7808e-03
2.8028e-03
2.5679e-03
3.1165e-03
4.2846e-03
5.8840e-03
7.7162e-03
9.8624e-03
1.2077e-02
1.4233e-02
1.6378e-02
1.8549e-02
2.0664e-02
2.2576e-02
2.4229e-02
2.5561e-02
2.6492e-02
2.7110e-02
2.7303e-02
2.7098e-02
2.6505e-02
2.5516e-02
2.4172e-02
2.2543e-02
2.0678e-02
1.8594e-02
1.6328e-02
1.3815e-02
1.1002e-02
7.8785e-03
4.4612e-03
7.5325e-04
-3.3578e-03
-7.8651e-03
-1.2729e-02
-1.7991e-02
-2.3713e-02
-2.9893e-02
-3.6393e-02
-4.3174e-02
-5.0267e-02
-5.7513e-02
-6.4673e-02
-7.1693e-02
-7.8356e-02
-8.4487e-02
-8.9943e-02
-9.4606e-02
-9.8354e-02
-1.0096e-01
-1.0236e-01
-1.0250e-01
-1.0126e-01
-9.8692e-02
-9.4907e-02
-9.0155e-02
-8.4729e-02
-7.8835e-02
-7.2629e-02
-6.6373e-02
-6.0306e-02
-5.4614e-02
-4.9435e-02
-4.4833e-02
-4.0794e-02
-3.7342e-02
-3.4512e-02
-3.2313e-02
-3.0531e-02
-2.8939e-02
-2.7412e-02
-2.5732e-02
-2.3975e-02
-2.2106e-02
-1.9990e-02
-1.7450e-02
-1.4243e-02
-1.0290e-02
-5.6713e-03
-4.5979e-04
5.3705e-03
1.1677e-02
1.8257e-02
2.4930e-02
3.1545e-02
3.8096e-02
4.4498e-02
5.0519e-02
5.6025e-02
6.0925e-02
6.4883e-02
6.7763e-02
6.9329e-02
6.9366e-02
6.7868e-02
6.4882e-02
6.0723e-02
5.5480e-02
4.9309e-02
4.2417e-02
3.5024e-02
2.7366e-02
1.9568e-02
1.1808e-02
4.2295e-03
-2.9933e-03
-9.6022e-03
-1.5509e-02
-2.0717e-02
-2.5242e-02
-2.9100e-02
-3.2315e-02
-3.4992e-02
-3.7247e-02
-3.9234e-02
-4.1152e-02
-4.3136e-02
-4.5301e-02
-4.7717e-02
-5.0428e-02
-5.3488e-02
-5.6818e-02
-6.0257e-02
-6.3627e-02
-6.6827e-02
-6.9789e-02
-7.2411e-02
-7.4473e-02
-7.5719e-02
-7.5934e-02
-7.4855e-02
-7.2346e-02
-6.8477e-02
-6.3161e-02
-5.6460e-02
-4.8414e-02
-3.9056e-02
-2.8684e-02
-1.7587e-02
-6.0801e-03
5.4532e-03
1.6677e-02
2.7220e-02
3.6942e-02
4.5640e-02
5.3120e-02
5.9301e-02
6.4205e-02
6.7816e-02
7.0027e-02
7.1098e-02
7.1272e-02
7.0661e-02
6.9345e-02
6.7410e-02
6.4974e-02
6.2172e-02
5.9024e-02
5.5557e-02
5.1883e-02
4.7912e-02
4.3643e-02
3.9275e-02
3.4946e-02
3.0591e-02
2.6128e-02
2.1549e-02
1.6872e-02
1.2085e-02
7.1336e-03
1.9920e-03
-3.3731e-03
-8.9572e-03
-1.4743e-02
-2.0634e-02
-2.6492e-02
-3.2156e-02
-3.7473e-02
-4.2191e-02
-4.6163e-02
-4.9290e-02
-5.1383e-02
-5.2262e-02
-5.1966e-02
-5.0713e-02
-4.8540e-02
-4.5564e-02
-4.1910e-02
-3.7650e-02
-3.3004e-02
-2.8079e-02
-2.2981e-02
-1.7744e-02
-1.2436e-02
-7.0709e-03
-1.7212e-03
3.5726e-03
8.7364e-03
1.3766e-02
1.8728e-02
2.3534e-02
2.7999e-02
3.2068e-02
3.5776e-02
3.9054e-02
4.1815e-02
4.3990e-02
4.5529e-02
4.6429e-02
4.6785e-02
4.6708e-02
4.6107e-02
4.4912e-02
4.3068e-02
4.0544e-02
3.7399e-02
3.3750e-02
2.9575e-02
2.4872e-02
1.9831e-02
1.4605e-02
9.2485e-03
3.8555e-03
-1.3440e-03
-6.1872e-03
-1.0623e-02
-1.4551e-02
-1.7843e-02
-2.0445e-02
-2.2374e-02
-2.3587e-02
-2.4128e-02
-2.4161e-02
-2.3871e-02
-2.3423e-02
-2.2884e-02
-2.2387e-02
-2.2025e-02
-2.1804e-02
-2.1737e-02
-2.1806e-02
-2.1972e-02
-2.2173e-02
-2.2323e-02
-2.2315e-02
-2.2024e-02
-2.1306e-02
-2.0027e-02
-1.8100e-02
-1.5491e-02
-1.2096e-02
-7.9737e-03
-3.2099e-03
1.8642e-03
7.0325e-03
1.2178e-02
1.7074e-02
2.1553e-02
2.5406e-02
2.8516e-02
3.0713e-02
3.1827e-02
3.1762e-02
3.0577e-02
2.8421e-02
2.5412e-02
2.1600e-02
1.7122e-02
1.2236e-02
7.1461e-03
2.0219e-03
-2.9909e-03
-7.8774e-03
-1.2455e-02
-1.6518e-02
-2.0004e-02
-2.2832e-02
-2.4899e-02
-2.6237e-02
-2.6890e-02
-2.6959e-02
-2.6538e-02
-2.5697e-02
-2.4502e-02
-2.3048e-02
-2.1464e-02
-1.9785e-02
-1.8068e-02
-1.6263e-02
-1.4428e-02
-1.2681e-02
-1.0826e-02
-8.8251e-03
-6.7752e-03
-4.8405e-03
-3.0706e-03
-1.5183e-03
-3.2650e-04
4.2796e-04
6.3960e-04
3.3312e-04
-4.6779e-04
-1.6967e-03
-3.1986e-03
-4.7257e-03
-6.1059e-03
-7.2750e-03
-8.0380e-03
-8.1295e-03
-7.3420e-03
-5.6674e-03
-3.2209e-03
5.4698e-05
4.2005e-03
9.1744e-03
1.4893e-02
2.1073e-02
2.7481e-02
3.4005e-02
4.0553e-02
4.6897e-02
5.2802e-02
5.8044e-02
6.2257e-02
6.5290e-02
6.7145e-02
6.7854e-02
6.7342e-02
6.5718e-02
6.3111e-02
5.9697e-02
5.5619e-02
5.1182e-02
4.6506e-02
4.1666e-02
3.6726e-02
3.1924e-02
2.7347e-02
2.2997e-02
1.8936e-02
1.5117e-02
1.1555e-02
8.2365e-03
5.0020e-03
1.7657e-03
-1.5198e-03
-4.9386e-03
-8.4210e-03
-1.1884e-02
-1.5298e-02
-1.8615e-02
-2.1719e-02
-2.4605e-02
-2.7255e-02
-2.9584e-02
-3.1567e-02
-3.3208e-02
-3.4365e-02
-3.4919e-02
-3.4871e-02
-3.4217e-02
-3.2943e-02
-3.1066e-02
-2.8692e-02
-2.6023e-02
-2.3149e-02
-2.0181e-02
-1.7248e-02
-1.4459e-02
-1.2040e-02
-1.0051e-02
-8.6243e-03
-7.8521e-03
-7.6998e-03
-8.1675e-03
-9.2627e-03
-1.0959e-02
-1.3146e-02
-1.5637e-02
-1.8353e-02
-2.1213e-02
-2.3996e-02
-2.6718e-02
-2.9212e-02
-3.1363e-02
-3.3098e-02
-3.4217e-02
-3.4821e-02
-3.4897e-02
-3.4447e-02
-3.3652e-02
-3.2639e-02
-3.1432e-02
-3.0132e-02
-2.8842e-02
-2.7547e-02
-2.6319e-02
-2.5237e-02
-2.4286e-02
-2.3445e-02
-2.2639e-02
-2.1848e-02
-2.1099e-02
-2.0461e-02
-1.9972e-02
-1.9592e-02
-1.9240e-02
-1.8847e-02
-1.8459e-02
-1.7990e-02
-1.7298e-02
-1.6286e-02
-1.4883e-02
-1.3094e-02
-1.1008e-02
-8.5681e-03
-5.7268e-03
-2.6182e-03
6.0083e-04
3.8116e-03
6.8820e-03
9.6626e-03
1.2034e-02
1.4052e-02
1.5696e-02
1.6975e-02
1.7847e-02
1.8331e-02
1.8411e-02
1.7989e-02
1.6965e-02
1.5407e-02
1.3212e-02
1.0371e-02
7.0164e-03
3.1949e-03
-9.8640e-04
-5.1874e-03
-9.2567e-03
-1.3177e-02
-1.6836e-02
-2.0124e-02
-2.2922e-02
-2.5166e-02
-2.6812e-02
-2.7870e-02
-2.8378e-02
-2.8350e-02
-2.7929e-02
-2.7176e-02
-2.5998e-02
-2.4356e-02
-2.2248e-02
-1.9744e-02
-1.6970e-02
-1.3997e-02
-1.0883e-02
-7.6830e-03
-4.4406e-03
-1.2437e-03
1.7218e-03
4.4246e-03
6.7900e-03
8.7367e-03
1.0283e-02
1.1389e-02
1.2042e-02
1.2248e-02
1.2081e-02
1.1588e-02
1.0827e-02
9.8862e-03
8.8997e-03
8.0546e-03
7.4964e-03
7.2315e-03
7.3857e-03
8.1485e-03
9.4303e-03
1.1108e-02
1.2990e-02
1.4925e-02
1.6877e-02
1.8790e-02
2.0600e-02
2.2271e-02
2.3765e-02
2.5065e-02
2.6152e-02
2.7044e-02
2.7754e-02
2.8242e-02
2.8553e-02
2.8761e-02
2.8901e-02
2.8992e-02
2.9042e-02
2.9043e-02
2.8969e-02
2.8778e-02
2.8434e-02
2.7890e-02
2.7113e-02
2.6097e-02
2.4902e-02
2.3631e-02
2.2295e-02
2.0786e-02
1.9059e-02
1.7125e-02
1.4908e-02
1.2421e-02
9.8116e-03
7.2088e-03
4.6993e-03
2.2046e-03
-2.5555e-04
-2.7053e-03
-5.2411e-03
-7.8258e-03
-1.0277e-02
-1.2412e-02
-1.4113e-02
-1.5517e-02
-1.6583e-02
-1.7230e-02
-1.7562e-02
-1.7602e-02
-1.7369e-02
-1.6880e-02
-1.6140e-02
-1.5185e-02
-1.4083e-02
-1.2961e-02
-1.1995e-02
-1.1214e-02
-1.0527e-02
-9.9107e-03
-9.3515e-03
-8.8559e-03
-8.4286e-03
-7.9486e-03
-7.5088e-03
-7.0378e-03
-6.4938e-03
-5.8907e-03
-5.1938e-03
-4.2560e-03
-2.9735e-03
-1.3047e-03
7.3019e-04
3.0657e-03
5.6549e-03
8.3733e-03
1.1247e-02
1.4148e-02
1.6985e-02
1.9702e-02
2.2265e-02
2.4615e-02
2.6562e-02
2.8046e-02
2.9185e-02
2.9939e-02
3.0202e-02
2.9892e-02
2.9043e-02
2.7751e-02
2.6161e-02
2.4281e-02
2.2122e-02
1.9805e-02
1.7364e-02
1.4726e-02
1.1892e-02
8.8884e-03
5.8051e-03
2.7156e-03
-3.0511e-04
-3.1790e-03
-5.8415e-03
-8.1617e-03
-1.0025e-02
-1.1502e-02
-1.2649e-02
-1.3516e-02
-1.4220e-02
-1.4828e-02
-1.5359e-02
-1.5797e-02
-1.6211e-02
-1.6697e-02
-1.7299e-02
-1.8033e-02
-1.8872e-02
-1.9749e-02
-2.0664e-02
-2.1621e-02
-2.2547e-02
-2.3338e-02
-2.3966e-02
-2.4418e-02
-2.4623e-02
-2.4503e-02
-2.4106e-02
-2.3540e-02
-2.2790e-02
-2.1824e-02
-2.0665e-02
-1.9365e-02
-1.7899e-02
-1.6248e-02
-1.4466e-02
-1.2523e-02
-1.0287e-02
-7.7411e-03
-4.9852e-03
-2.0797e-03
9.3917e-04
4.0300e-03
7.1602e-03
1.0308e-02
1.3453e-02
1.6430e-02
1.9218e-02
2.1835e-02
2.4284e-02
2.6440e-02
2.8197e-02
2.9490e-02
3.0144e-02
3.0071e-02
2.9320e-02
2.7953e-02
2.6056e-02
2.3599e-02
2.0667e-02
1.7301e-02
1.3669e-02
9.7055e-03
5.3897e-03
9.3356e-04
-3.6386e-03
-8.2107e-03
-1.2581e-02
-1.6660e-02
-2.0273e-02
-2.3393e-02
-2.5958e-02
-2.7942e-02
-2.9381e-02
-3.0327e-02
-3.0779e-02
-3.0826e-02
-3.0510e-02
-2.9852e-02
-2.8873e-02
-2.7614e-02
-2.6162e-02
-2.4599e-02
-2.2948e-02
-2.1344e-02
-1.9933e-02
-1.8741e-02
-1.7790e-02
-1.7181e-02
-1.6973e-02
-1.7141e-02
-1.7696e-02
-1.8634e-02
-1.9913e-02
-2.1434e-02
-2.3108e-02
-2.4855e-02
-2.6503e-02
-2.8030e-02
-2.9457e-02
-3.0705e-02
-3.1756e-02
-3.2592e-02
-3.3119e-02
-3.3307e-02
-3.3143e-02
-3.2586e-02
-3.1738e-02
-3.0773e-02
-2.9560e-02
-2.7980e-02
-2.5998e-02
-2.3614e-02
-2.0762e-02
-1.7494e-02
-1.4025e-02
-1.0436e-02
-6.8043e-03
-3.2606e-03
4.0616e-05
2.9636e-03
5.6093e-03
7.8609e-03
9.6670e-03
1.1086e-02
1.2220e-02
1.3101e-02
1.3853e-02
1.4388e-02
1.4910e-02
1.5180e-02
1.5333e-02
1.5478e-02
1.5649e-02
1.5919e-02
1.6325e-02
1.6924e-02
1.7720e-02
1.8681e-02
1.9712e-02
2.0644e-02
2.1347e-02
2.1946e-02
2.2479e-02
2.2966e-02
2.3416e-02
2.3822e-02
2.4145e-02
2.4317e-02
2.4322e-02
2.4159e-02
2.3783e-02
2.3285e-02
2.2680e-02
2.1899e-02
2.0942e-02
1.9845e-02
1.8703e-02
1.7675e-02
1.6866e-02
1.6255e-02
1.5825e-02
1.5591e-02
1.5579e-02
1.5818e-02
1.6342e-02
1.7182e-02
1.8345e-02
1.9799e-02
2.1442e-02
2.3113e-02
2.4868e-02
2.6703e-02
2.8486e-02
3.0034e-02
3.1465e-02
3.2765e-02
3.3810e-02
3.4451e-02
3.4653e-02
3.4341e-02
3.3621e-02
3.2627e-02
3.1536e-02
3.0581e-02
2.9859e-02
2.9385e-02
2.9220e-02
2.9427e-02
3.0041e-02
3.1076e-02
3.2497e-02
3.4202e-02
3.6000e-02
3.7786e-02
3.9557e-02
4.1162e-02
4.2374e-02
4.3140e-02
4.3459e-02
4.3258e-02
4.2453e-02
4.0978e-02
3.8801e-02
3.5983e-02
3.2671e-02
2.8864e-02
2.4709e-02
2.0406e-02
1.6031e-02
1.1868e-02
8.0991e-03
4.6667e-03
1.5761e-03
-1.1830e-03
-3.6383e-03
-5.6815e-03
-7.4620e-03
-8.9648e-03
-1.0241e-02
-1.1442e-02
-1.2652e-02
-1.3980e-02
-1.5340e-02
-1.6716e-02
-1.8037e-02
-1.9261e-02
-2.0314e-02
-2.1185e-02
-2.1787e-02
-2.2069e-02
-2.2079e-02
-2.1828e-02
-2.1337e-02
-2.0653e-02
-1.9842e-02
-1.8878e-02
-1.7711e-02
-1.6346e-02
-1.4848e-02
-1.3346e-02
-1.1935e-02
-1.0744e-02
-9.8476e-03
-9.1788e-03
-8.7025e-03
-8.4106e-03
-8.3017e-03
-8.3862e-03
-8.6962e-03
-9.2417e-03
-9.8482e-03
-1.0532e-02
-1.1257e-02
-1.1912e-02
-1.2382e-02
-1.2703e-02
-1.2868e-02
-1.2846e-02
-1.2636e-02
-1.2225e-02
-1.1605e-02
-1.0784e-02
-9.8096e-03
-8.7784e-03
-7.7710e-03
-6.7732e-03
-5.7542e-03
-4.6273e-03
-3.3582e-03
-1.9688e-03
-5.4657e-04
8.4857e-04
2.2816e-03
3.7741e-03
5.2578e-03
6.7101e-03
8.1042e-03
9.4403e-03
1.0693e-02
1.1757e-02
1.2615e-02
1.3192e-02
1.3362e-02
1.3139e-02
1.2545e-02
1.1608e-02
1.0405e-02
9.0949e-03
7.8649e-03
6.5727e-03
5.1962e-03
3.7872e-03
2.3857e-03
9.5294e-04
-3.8305e-04
-1.7203e-03
-3.0558e-03
-4.3319e-03
-5.5935e-03
-6.8351e-03
-8.1466e-03
-9.5209e-03
-1.0874e-02
-1.2136e-02
-1.3356e-02
-1.4600e-02
-1.5847e-02
-1.7000e-02
-1.7921e-02
-1.8652e-02
-1.9304e-02
-1.9918e-02
-2.0515e-02
-2.1103e-02
-2.1651e-02
-2.2097e-02
-2.2486e-02
-2.2662e-02
-2.2459e-02
-2.2017e-02
-2.1383e-02
-2.0771e-02
-2.0324e-02
-1.9982e-02
-1.9774e-02
-1.9709e-02
-1.9770e-02
-1.9922e-02
-2.0126e-02
-2.0333e-02
-2.0463e-02
-2.0424e-02
-2.0127e-02
-1.9477e-02
-1.8396e-02
-1.6844e-02
-1.4864e-02
-1.2570e-02
-1.0027e-02
-7.2276e-03
-4.2527e-03
-1.1223e-03
2.1639e-03
5.5391e-03
8.9592e-03
1.2372e-02
1.5732e-02
1.8944e-02
2.1936e-02
2.4604e-02
2.6887e-02
2.8698e-02
2.9972e-02
3.0894e-02
3.1452e-02
3.1716e-02
3.1769e-02
3.1655e-02
3.1406e-02
3.1042e-02
3.0578e-02
3.0038e-02
2.9432e-02
2.8614e-02
2.7697e-02
2.6801e-02
2.5894e-02
2.5022e-02
2.4091e-02
2.3063e-02
2.1947e-02
2.0789e-02
1.9659e-02
1.8486e-02
1.7133e-02
1.5548e-02
1.3747e-02
1.1827e-02
9.8898e-03
7.8565e-03
5.7927e-03
3.7093e-03
1.4934e-03
-8.1532e-04
-3.1558e-03
-5.5434e-03
-7.9505e-03
-1.0276e-02
-1.2474e-02
-1.4468e-02
-1.6243e-02
-1.7854e-02
-1.9232e-02
-2.0360e-02
-2.1345e-02
-2.2269e-02
-2.3138e-02
-2.3920e-02
-2.4667e-02
-2.5440e-02
-2.6229e-02
-2.6992e-02
-2.7806e-02
-2.8725e-02
-2.9749e-02
-3.0845e-02
-3.2094e-02
-3.3529e-02
-3.5114e-02
-3.6897e-02
-3.8844e-02
-4.0814e-02
-4.2782e-02
-4.4763e-02
-4.6638e-02
-4.8367e-02
-4.9797e-02
-5.0889e-02
-5.1701e-02
-5.2179e-02
-5.2251e-02
-5.2017e-02
-5.1548e-02
-5.0864e-02
-4.9850e-02
-4.8428e-02
-4.6563e-02
-4.4267e-02
-4.1610e-02
-3.8649e-02
-3.5507e-02
-3.2174e-02
-2.8753e-02
-2.5237e-02
-2.1740e-02
-1.8375e-02
-1.5161e-02
-1.2104e-02
-9.2434e-03
-6.5532e-03
-4.0094e-03
-1.5275e-03
9.0742e-04
3.3609e-03
5.8631e-03
8.4060e-03
1.1022e-02
1.3652e-02
1.6313e-02
1.9000e-02
2.1659e-02
2.4274e-02
2.6750e-02
2.9078e-02
3.1246e-02
3.3219e-02
3.4907e-02
3.6420e-02
3.7812e-02
3.9013e-02
3.9900e-02
4.0411e-02
4.0464e-02
4.0072e-02
3.9272e-02
3.8118e-02
3.6711e-02
3.5031e-02
3.3164e-02
3.1089e-02
2.8909e-02
2.6810e-02
2.4698e-02
2.2633e-02
2.0614e-02
1.8742e-02
1.7034e-02
1.5434e-02
1.4008e-02
1.2696e-02
1.1570e-02
1.0774e-02
1.0302e-02
1.0029e-02
9.8894e-03
9.8177e-03
9.7376e-03
9.5783e-03
9.2910e-03
8.8457e-03
8.2448e-03
7.5320e-03
6.7437e-03
5.8724e-03
5.0824e-03
4.4225e-03
3.9392e-03
3.5755e-03
3.2990e-03
3.0943e-03
2.9396e-03
2.8347e-03
2.8010e-03
2.8682e-03
3.0239e-03
3.2187e-03
3.5170e-03
3.9634e-03
4.5790e-03
5.3703e-03
6.3111e-03
7.4130e-03
8.6365e-03
9.8410e-03
1.1034e-02
1.2248e-02
1.3418e-02
1.4417e-02
1.5140e-02
1.5624e-02
1.5951e-02
1.6157e-02
1.6267e-02
1.6306e-02
1.6280e-02
1.6173e-02
1.5947e-02
1.5553e-02
1.4938e-02
1.4055e-02
1.2882e-02
1.1459e-02
9.8944e-03
8.2496e-03
6.4899e-03
4.6265e-03
2.7676e-03
9.8161e-04
-7.5210e-04
-2.3941e-03
-3.8139e-03
-4.9694e-03
-5.9295e-03
-6.6973e-03
-7.2421e-03
-7.6494e-03
-7.8355e-03
-7.8243e-03
-7.6620e-03
-7.3654e-03
-6.9788e-03
-6.5653e-03
-6.1914e-03
-5.8017e-03
-5.4873e-03
-5.2232e-03
-4.9571e-03
-4.6657e-03
-4.3275e-03
-3.9398e-03
-3.5238e-03
-3.1364e-03
-2.8799e-03
-2.8750e-03
-3.0717e-03
-3.4596e-03
-3.9948e-03
-4.6218e-03
-5.4474e-03
-6.5159e-03
-7.8285e-03
-9.3408e-03
-1.0977e-02
-1.2723e-02
-1.4497e-02
-1.6266e-02
-1.7933e-02
-1.9498e-02
-2.1009e-02
-2.2397e-02
-2.3565e-02
-2.4488e-02
-2.5107e-02
-2.5429e-02
-2.5418e-02
-2.5104e-02
-2.4550e-02
-2.3708e-02
-2.2575e-02
-2.1198e-02
-1.9673e-02
-1.8086e-02
-1.6500e-02
-1.4993e-02
-1.3533e-02
-1.2064e-02
-1.0633e-02
-9.3281e-03
-8.0718e-03
-6.8570e-03
-5.7339e-03
-4.7287e-03
-3.8273e-03
-3.0172e-03
-2.3455e-03
-1.7739e-03
-1.2363e-03
-7.1029e-04
-1.9996e-04
2.5807e-04
5.9902e-04
9.1735e-04
1.4317e-03
2.0574e-03
2.7648e-03
3.4071e-03
4.0688e-03
4.8532e-03
5.7888e-03
6.8932e-03
8.1273e-03
9.3774e-03
1.0475e-02
1.1553e-02
1.2619e-02
1.3613e-02
1.4435e-02
1.4948e-02
1.5168e-02
1.5044e-02
1.4524e-02
1.3782e-02
1.3014e-02
1.2351e-02
1.1737e-02
1.1297e-02
1.0995e-02
1.0796e-02
1.0682e-02
1.0619e-02
1.0588e-02
1.0582e-02
1.0602e-02
1.0661e-02
1.0793e-02
1.1050e-02
1.1486e-02
1.2150e-02
1.3073e-02
1.4231e-02
1.5540e-02
1.6844e-02
1.8066e-02
1.9274e-02
2.0432e-02
2.1444e-02
2.2254e-02
2.2884e-02
2.3400e-02
2.3788e-02
2.4043e-02
2.4100e-02
2.3912e-02
2.3496e-02
2.2854e-02
2.2021e-02
2.1074e-02
2.0128e-02
1.9204e-02
1.8345e-02
1.7488e-02
1.6577e-02
1.5603e-02
1.4589e-02
1.3622e-02
1.2846e-02
1.2261e-02
1.1742e-02
1.1229e-02
1.0667e-02
1.0005e-02
9.2226e-03
8.3381e-03
7.3728e-03
6.3167e-03
5.2820e-03
4.1135e-03
2.7491e-03
1.2042e-03
-4.6792e-04
-2.2161e-03
-4.0904e-03
-6.1223e-03
-8.2277e-03
-1.0397e-02
-1.2729e-02
-1.5155e-02
-1.7561e-02
-1.9898e-02
-2.2049e-02
-2.3997e-02
-2.5725e-02
-2.7091e-02
-2.8121e-02
-2.8899e-02
-2.9422e-02
-2.9631e-02
-2.9458e-02
-2.8976e-02
-2.8272e-02
-2.7422e-02
-2.6385e-02
-2.5144e-02
-2.3741e-02
-2.2277e-02
-2.0876e-02
-1.9346e-02
-1.7618e-02
-1.5722e-02
-1.3737e-02
-1.1641e-02
-9.3451e-03
-6.9326e-03
-4.5048e-03
-1.9932e-03
4.8832e-04
2.7745e-03
4.8780e-03
6.7497e-03
8.5159e-03
1.0186e-02
1.1672e-02
1.3000e-02
1.4323e-02
1.5673e-02
1.6990e-02
1.8152e-02
1.9131e-02
2.0037e-02
2.0865e-02
2.1575e-02
2.2088e-02
2.2285e-02
2.2145e-02
2.1819e-02
2.1390e-02
2.0900e-02
2.0430e-02
1.9931e-02
1.9352e-02
1.8666e-02
1.7848e-02
1.6908e-02
1.5920e-02
1.4988e-02
1.4104e-02
1.3338e-02
1.2608e-02
1.1879e-02
1.1161e-02
1.0489e-02
9.9234e-03
9.3676e-03
8.7887e-03
8.1938e-03
7.6124e-03
7.0565e-03
6.4199e-03
5.6506e-03
4.7291e-03
3.6621e-03
2.5267e-03
1.4549e-03
4.7591e-04
-5.2961e-04
-1.5956e-03
-2.7179e-03
-3.8527e-03
-4.8869e-03
-5.7600e-03
-6.5486e-03
-7.3329e-03
-8.1425e-03
-8.9800e-03
-9.7963e-03
-1.0487e-02
-1.1012e-02
-1.1342e-02
-1.1408e-02
-1.1297e-02
-1.1112e-02
-1.0798e-02
-1.0339e-02
-9.8816e-03
-9.3227e-03
-8.8274e-03
-8.5080e-03
-8.6644e-03
-9.2190e-03
-1.0110e-02
-1.1277e-02
-1.2555e-02
-1.3927e-02
-1.5455e-02
-1.7110e-02
-1.8787e-02
-2.0372e-02
-2.1866e-02
-2.3327e-02
-2.4692e-02
-2.5882e-02
-2.6949e-02
-2.8009e-02
-2.9092e-02
-3.0177e-02
-3.1173e-02
-3.1990e-02
-3.2566e-02
-3.2851e-02
-3.2856e-02
-3.2570e-02
-3.1982e-02
-3.1114e-02
-3.0021e-02
-2.8814e-02
-2.7639e-02
-2.6453e-02
-2.5143e-02
-2.3671e-02
-2.2038e-02
-2.0324e-02
-1.8678e-02
-1.7029e-02
-1.5378e-02
-1.3846e-02
-1.2440e-02
-1.1074e-02
-9.7256e-03
-8.4408e-03
-7.3500e-03
-6.6306e-03
-6.1250e-03
-5.7783e-03
-5.5707e-03
-5.4515e-03
-5.3817e-03
-5.3297e-03
-5.2738e-03
-5.1967e-03
-5.0948e-03
-4.9704e-03
-4.8418e-03
-4.7396e-03
-4.6958e-03
-4.7558e-03
-4.9641e-03
-5.3571e-03
-5.9598e-03
-6.7719e-03
-7.7500e-03
-8.8846e-03
-1.0213e-02
-1.1694e-02
-1.3304e-02
-1.5050e-02
-1.6830e-02
-1.8569e-02
-2.0289e-02
-2.1953e-02
-2.3433e-02
-2.4766e-02
-2.6038e-02
-2.7224e-02
-2.8246e-02
-2.9077e-02
-2.9695e-02
-3.0124e-02
-3.0417e-02
-3.0585e-02
-3.0624e-02
-3.0520e-02
-3.0244e-02
-2.9762e-02
-2.9044e-02
-2.8079e-02
-2.6900e-02
-2.5585e-02
-2.4128e-02
-2.2572e-02
-2.0895e-02
-1.9147e-02
-1.7466e-02
-1.5902e-02
-1.4426e-02
-1.3095e-02
-1.2039e-02
-1.1223e-02
-1.0497e-02
-9.7821e-03
-9.0283e-03
-8.2129e-03
-7.3885e-03
-6.6507e-03
-5.9672e-03
-5.3975e-03
-5.0346e-03
-4.7763e-03
-4.5623e-03
-4.3389e-03
-4.0392e-03
-3.6040e-03
-2.9915e-03
-2.1948e-03
-1.2569e-03
-2.8699e-04
5.8871e-04
1.3233e-03
1.8487e-03
2.2126e-03
2.4479e-03
2.5722e-03
2.6089e-03
2.5888e-03
2.5357e-03
2.4521e-03
2.3383e-03
2.1935e-03
2.0241e-03
1.8370e-03
1.6483e-03
1.4868e-03
1.4003e-03
1.4448e-03
1.5843e-03
1.6631e-03
1.6268e-03
1.5210e-03
1.3686e-03
1.2092e-03
1.1123e-03
1.1556e-03
1.3032e-03
1.4586e-03
1.6513e-03
1.9515e-03
2.4006e-03
3.0254e-03
3.8371e-03
4.8118e-03
5.8895e-03
7.0852e-03
8.4136e-03
9.8185e-03
1.1323e-02
1.2920e-02
1.4663e-02
1.6534e-02
1.8412e-02
2.0261e-02
2.2103e-02
2.3870e-02
2.5537e-02
2.7037e-02
2.8350e-02
2.9411e-02
3.0223e-02
3.0776e-02
3.1163e-02
3.1483e-02
3.1808e-02
3.2206e-02
3.2721e-02
3.3359e-02
3.4109e-02
3.5087e-02
3.6111e-02
3.6997e-02
3.7918e-02
3.8917e-02
3.9987e-02
4.1100e-02
4.2163e-02
4.3025e-02
4.3677e-02
4.4239e-02
4.4760e-02
4.5278e-02
4.5817e-02
4.6372e-02
4.6898e-02
4.7293e-02
4.7423e-02
4.7310e-02
4.6964e-02
4.6565e-02
4.6130e-02
4.5730e-02
4.5453e-02
4.5228e-02
4.5013e-02
4.4816e-02
4.4733e-02
4.4689e-02
4.4632e-02
4.4527e-02
4.4327e-02
4.3996e-02
4.3503e-02
4.2844e-02
4.2049e-02
4.1193e-02
4.0347e-02
3.9469e-02
3.8588e-02
3.7722e-02
3.6761e-02
3.5654e-02
3.4400e-02
3.3052e-02
3.1688e-02
3.0266e-02
2.8702e-02
2.7018e-02
2.5260e-02
2.3397e-02
2.1468e-02
1.9482e-02
1.7564e-02
1.5789e-02
1.4111e-02
1.2531e-02
1.1029e-02
9.6793e-03
8.4542e-03
7.1704e-03
5.7440e-03
4.1638e-03
2.5002e-03
8.4340e-04
-8.0218e-04
-2.4198e-03
-3.9563e-03
-5.3860e-03
-6.6736e-03
-7.8258e-03
-8.8657e-03
-9.8610e-03
-1.0806e-02
-1.1639e-02
-1.2327e-02
-1.2887e-02
-1.3353e-02
-1.3750e-02
-1.4045e-02
-1.4169e-02
-1.4081e-02
-1.3797e-02
-1.3321e-02
-1.2677e-02
-1.1929e-02
-1.1176e-02
-1.0431e-02
-9.6936e-03
-9.0248e-03
-8.5087e-03
-8.1331e-03
-7.8486e-03
-7.6386e-03
-7.4939e-03
-7.4019e-03
-7.3615e-03
-7.3858e-03
-7.5005e-03
-7.7389e-03
-8.1363e-03
-8.7191e-03
-9.4922e-03
-1.0423e-02
-1.1422e-02
-1.2348e-02
-1.3146e-02
-1.3743e-02
-1.4226e-02
-1.4642e-02
-1.5027e-02
-1.5420e-02
-1.5843e-02
-1.6293e-02
-1.6719e-02
-1.7052e-02
-1.7383e-02
-1.7754e-02
-1.8181e-02
-1.8681e-02
-1.9246e-02
-1.9835e-02
-2.0360e-02
-2.0753e-02
-2.1065e-02
-2.1304e-02
-2.1457e-02
-2.1518e-02
-2.1469e-02
-2.1288e-02
-2.0949e-02
-2.0427e-02
-1.9709e-02
-1.8810e-02
-1.7789e-02
-1.6761e-02
-1.5805e-02
-1.4853e-02
-1.3800e-02
-1.2594e-02
-1.1224e-02
-9.7397e-03
-8.2732e-03
-6.8779e-03
-5.4927e-03
-4.1886e-03
-3.1122e-03
-2.3373e-03
-1.8033e-03
-1.4367e-03
-1.1985e-03
-1.0538e-03
-9.7694e-04
-9.5925e-04
-1.0123e-03
-1.1676e-03
-1.4715e-03
-1.9773e-03
-2.7313e-03
-3.7553e-03
-5.0259e-03
-6.4408e-03
-7.8416e-03
-9.3001e-03
-1.0839e-02
-1.2398e-02
-1.4020e-02
-1.5683e-02
-1.7285e-02
-1.8834e-02
-2.0229e-02
-2.1476e-02
-2.2688e-02
-2.3871e-02
-2.4967e-02
-2.5873e-02
-2.6604e-02
-2.7102e-02
-2.7449e-02
-2.7687e-02
-2.7845e-02
-2.7954e-02
-2.8031e-02
-2.8083e-02
-2.8097e-02
-2.8048e-02
-2.7894e-02
-2.7595e-02
-2.7114e-02
-2.6426e-02
-2.5541e-02
-2.4520e-02
-2.3481e-02
-2.2510e-02
-2.1548e-02
-2.0499e-02
-1.9318e-02
-1.7998e-02
-1.6589e-02
-1.5206e-02
-1.3802e-02
-1.2294e-02
-1.0716e-02
-9.1724e-03
-7.7096e-03
-6.2720e-03
-4.8493e-03
-3.5088e-03
-2.2341e-03
-1.0477e-03
1.1420e-04
1.2754e-03
2.3731e-03
3.3113e-03
4.0838e-03
4.6519e-03
5.1276e-03
5.5829e-03
6.0623e-03
6.6256e-03
7.2969e-03
8.0636e-03
8.8560e-03
9.6178e-03
1.0384e-02
1.1133e-02
1.1852e-02
1.2613e-02
1.3332e-02
1.4070e-02
1.4839e-02
1.5597e-02
1.6271e-02
1.6838e-02
1.7343e-02
1.7782e-02
1.8131e-02
1.8359e-02
1.8428e-02
1.8283e-02
1.7877e-02
1.7299e-02
1.6603e-02
1.5824e-02
1.5069e-02
1.4359e-02
1.3697e-02
1.3157e-02
1.2826e-02
1.2649e-02
1.2581e-02
1.2601e-02
1.2682e-02
1.2804e-02
1.2949e-02
1.3112e-02
1.3288e-02
1.3485e-02
1.3716e-02
1.3987e-02
1.4287e-02
1.4591e-02
1.4863e-02
1.5038e-02
1.5028e-02
1.4790e-02
1.4453e-02
1.4098e-02
1.3667e-02
1.3168e-02
1.2636e-02
1.2134e-02
1.1751e-02
1.1520e-02
1.1382e-02
1.1303e-02
1.1241e-02
1.1146e-02
1.0960e-02
1.0631e-02
1.0121e-02
9.4163e-03
8.5399e-03
7.5728e-03
6.6522e-03
5.8470e-03
5.0905e-03
4.3056e-03
3.4483e-03
2.4946e-03
1.4566e-03
4.1582e-04
-4.7978e-04
-1.1744e-03
-1.7280e-03
-2.1634e-03
-2.4793e-03
-2.6673e-03
-2.7077e-03
-2.5656e-03
-2.1879e-03
-1.5502e-03
-8.3721e-04
-5.6675e-05
7.5928e-04
1.6607e-03
2.4841e-03
3.2232e-03
3.8254e-03
4.2236e-03
4.4941e-03
4.6634e-03
4.7533e-03
4.7831e-03
4.7683e-03
4.7122e-03
4.6109e-03
4.4536e-03
4.2348e-03
3.9363e-03
3.5582e-03
3.1198e-03
2.6578e-03
2.1428e-03
1.4614e-03
6.2951e-04
-2.8433e-04
-1.2964e-03
-2.3486e-03
-3.4063e-03
-4.4825e-03
-5.5219e-03
-6.5490e-03
-7.6066e-03
-8.6778e-03
-9.8141e-03
-1.1071e-02
-1.2419e-02
-1.3762e-02
-1.5062e-02
-1.6389e-02
-1.7784e-02
-1.9193e-02
-2.0507e-02
-2.1710e-02
-2.2887e-02
-2.4059e-02
-2.5176e-02
-2.6142e-02
-2.6945e-02
-2.7546e-02
-2.8042e-02
-2.8479e-02
-2.8875e-02
-2.9239e-02
-2.9550e-02
-2.9752e-02
-2.9783e-02
-2.9746e-02
-2.9515e-02
-2.9209e-02
-2.8938e-02
-2.8662e-02
-2.8513e-02
-2.8450e-02
-2.8442e-02
-2.8465e-02
-2.8478e-02
-2.8429e-02
-2.8255e-02
-2.7895e-02
-2.7300e-02
-2.6442e-02
-2.5339e-02
-2.4065e-02
-2.2677e-02
-2.1201e-02
-1.9673e-02
-1.8103e-02
-1.6583e-02
-1.5187e-02
-1.3866e-02
-1.2560e-02
-1.1283e-02
-9.9860e-03
-8.6260e-03
-7.2467e-03
-5.8516e-03
-4.4525e-03
-3.0461e-03
-1.6622e-03
-4.2302e-04
6.1080e-04
1.5014e-03
2.2996e-03
3.0027e-03
3.5705e-03
3.9396e-03
4.1582e-03
4.2773e-03
4.3184e-03
4.3056e-03
4.2599e-03
4.2019e-03
4.1478e-03
4.1134e-03
4.1100e-03
4.1487e-03
4.2352e-03
4.3712e-03
4.5384e-03
4.7199e-03
4.8869e-03
4.9989e-03
5.0157e-03
4.8667e-03
4.5080e-03
4.0850e-03
3.5482e-03
2.8897e-03
2.1968e-03
1.7347e-03
1.3877e-03
1.1133e-03
8.9627e-04
6.8419e-04
4.3796e-04
1.1341e-04
-3.0629e-04
-8.1623e-04
-1.3649e-03
-1.8584e-03
-2.2065e-03
-2.4373e-03
-2.5322e-03
-2.4653e-03
-2.2220e-03
-1.7986e-03
-1.2086e-03
-4.9402e-04
2.6764e-04
1.0109e-03
1.7813e-03
2.5624e-03
3.2992e-03
3.9732e-03
4.6625e-03
5.3816e-03
6.1025e-03
6.7735e-03
7.3905e-03
8.0111e-03
8.6336e-03
9.2170e-03
9.6913e-03
1.0038e-02
1.0313e-02
1.0537e-02
1.0717e-02
1.0858e-02
1.0956e-02
1.0992e-02
1.0935e-02
1.0757e-02
1.0561e-02
1.0395e-02
1.0241e-02
1.0118e-02
1.0052e-02
1.0072e-02
1.0205e-02
1.0480e-02
1.0914e-02
1.1510e-02
1.2241e-02
1.3039e-02
1.3791e-02
1.4457e-02
1.5030e-02
1.5608e-02
1.6117e-02
1.6452e-02
1.6659e-02
1.6776e-02
1.6814e-02
1.6789e-02
1.6726e-02
1.6639e-02
1.6541e-02
1.6445e-02
1.6362e-02
1.6295e-02
1.6246e-02
1.6219e-02
1.6204e-02
1.6192e-02
1.6176e-02
1.6148e-02
1.6104e-02
1.6041e-02
1.5946e-02
1.5816e-02
1.5657e-02
1.5482e-02
1.5307e-02
1.5160e-02
1.5074e-02
1.5094e-02
1.5273e-02
1.5652e-02
1.6264e-02
1.7112e-02
1.8143e-02
1.9302e-02
2.0602e-02
2.1962e-02
2.3265e-02
2.4466e-02
2.5470e-02
2.6267e-02
2.6769e-02
2.6887e-02
2.6678e-02
2.6159e-02
2.5354e-02
2.4320e-02
2.3144e-02
2.1883e-02
2.0539e-02
1.9184e-02
1.7856e-02
1.6536e-02
1.5279e-02
1.4119e-02
1.3031e-02
1.1978e-02
1.0866e-02
9.6743e-03
8.4361e-03
7.1466e-03
5.7740e-03
4.3802e-03
2.9785e-03
1.5875e-03
3.1892e-04
-7.7474e-04
-1.7715e-03
-2.7480e-03
-3.7334e-03
-4.7185e-03
-5.6505e-03
-6.5431e-03
-7.4362e-03
-8.4118e-03
-9.4485e-03
-1.0519e-02
-1.1617e-02
-1.2661e-02
-1.3653e-02
-1.4563e-02
-1.5300e-02
-1.5904e-02
-1.6398e-02
-1.6759e-02
-1.6944e-02
-1.6915e-02
-1.6788e-02
-1.6682e-02
-1.6546e-02
-1.6345e-02
-1.6202e-02
-1.6091e-02
-1.5951e-02
-1.5738e-02
-1.5398e-02
-1.4880e-02
-1.4165e-02
-1.3267e-02
-1.2249e-02
-1.1256e-02
-1.0453e-02
-9.6798e-03
-8.8646e-03
-7.9810e-03
-7.0008e-03
-5.9461e-03
-4.9033e-03
-4.0237e-03
-3.3411e-03
-2.9279e-03
-2.7481e-03
-2.7804e-03
-3.0060e-03
-3.3794e-03
-3.8349e-03
-4.2781e-03
-4.5868e-03
-4.6703e-03
-4.5796e-03
-4.3545e-03
-4.0476e-03
-3.6833e-03
-3.2638e-03
-2.8586e-03
-2.4262e-03
-1.9468e-03
-1.4222e-03
-8.6550e-04
-3.2486e-04
1.1925e-04
4.3547e-04
6.6874e-04
8.2504e-04
9.0123e-04
8.9463e-04
7.9714e-04
5.9679e-04
2.8004e-04
-1.6165e-04
-7.2356e-04
-1.3735e-03
-2.0557e-03
-2.8027e-03
-3.6725e-03
-4.6703e-03
-5.7556e-03
-6.8442e-03
-7.9118e-03
-8.9377e-03
-9.9689e-03
-1.1034e-02
-1.2097e-02
-1.3065e-02
-1.3784e-02
-1.4489e-02
-1.4728e-02
-1.4862e-02
-1.4981e-02
-1.5183e-02
-1.5396e-02
-1.5525e-02
-1.5610e-02
-1.5677e-02
-1.5723e-02
-1.5749e-02
-1.5755e-02
-1.5744e-02
-1.5718e-02
-1.5680e-02
-1.5630e-02
-1.5573e-02
-1.5509e-02
-1.5442e-02
-1.5372e-02
-1.5303e-02
-1.5237e-02
-1.5179e-02
-1.5128e-02
-1.5087e-02
-1.5052e-02
-1.5021e-02
-1.4995e-02
-1.4973e-02
-1.4943e-02
-1.4875e-02
-1.4737e-02
-1.4491e-02
-1.4099e-02
-1.3530e-02
-1.2767e-02
-1.1827e-02
-1.0766e-02
-9.7050e-03
-8.8183e-03
-8.1675e-03
-7.6470e-03
-7.2034e-03
-6.7811e-03
-6.3084e-03
-5.7197e-03
-4.9688e-03
-4.0461e-03
-2.9984e-03
-1.9325e-03
-8.9671e-04
1.7682e-04
1.3490e-03
2.6261e-03
3.9664e-03
5.2722e-03
6.4941e-03
7.6808e-03
8.8533e-03
9.9522e-03
1.0875e-02
1.1614e-02
1.2136e-02
1.2500e-02
1.2764e-02
1.2959e-02
1.3114e-02
1.3242e-02
1.3339e-02
1.3373e-02
1.3323e-02
1.3325e-02
1.3298e-02
1.3166e-02
1.2894e-02
1.2625e-02
1.2442e-02
1.2289e-02
1.2160e-02
1.2050e-02
1.1942e-02
1.1812e-02
1.1636e-02
1.1388e-02
1.1054e-02
1.0633e-02
1.0138e-02
9.5339e-03
8.8012e-03
8.0589e-03
7.3751e-03
6.7676e-03
6.3142e-03
6.0392e-03
5.8904e-03
5.8332e-03
5.8254e-03
5.8088e-03
5.7361e-03
5.6651e-03
5.6194e-03
5.5706e-03
5.5194e-03
5.4690e-03
5.4217e-03
5.3769e-03
5.3336e-03
5.2885e-03
5.2388e-03
5.1807e-03
5.1130e-03
5.0355e-03
4.9522e-03
4.8704e-03
4.8029e-03
4.7657e-03
4.7791e-03
4.8641e-03
5.0384e-03
5.3009e-03
5.6376e-03
6.0120e-03
6.3627e-03
6.6486e-03
6.9146e-03
7.1709e-03
7.4120e-03
7.6253e-03
7.7818e-03
7.8754e-03
7.9183e-03
7.8827e-03
7.8168e-03
7.7600e-03
7.7388e-03
7.7229e-03
7.6597e-03
7.5736e-03
7.4691e-03
7.3404e-03
7.1821e-03
6.9966e-03
6.7926e-03
6.5812e-03
6.3789e-03
6.2059e-03
6.0848e-03
6.0293e-03
5.9592e-03
5.8757e-03
5.7901e-03
5.6882e-03
5.5668e-03
5.4240e-03
5.2610e-03
5.0807e-03
4.8898e-03
4.6978e-03
4.5179e-03
4.3658e-03
4.2596e-03
4.2167e-03
4.2516e-03
4.3710e-03
4.5713e-03
4.8356e-03
5.1197e-03
5.3766e-03
5.6157e-03
5.8063e-03
5.8955e-03
5.8691e-03
5.7620e-03
5.5944e-03
5.3820e-03
5.1434e-03
4.8942e-03
4.6470e-03
4.4086e-03
4.1812e-03
3.9608e-03
3.7384e-03
3.5002e-03
3.2293e-03
2.9071e-03
2.5169e-03
2.0467e-03
1.4952e-03
8.7535e-04
2.1900e-04
-4.2519e-04
-1.0497e-03
-1.6368e-03
-2.2105e-03
-2.7877e-03
-3.3602e-03
-3.9013e-03
-4.3722e-03
-4.7854e-03
-5.1301e-03
-5.4509e-03
-5.7717e-03
-6.1037e-03
-6.4473e-03
-6.7833e-03
-7.0945e-03
-7.3896e-03
-7.6492e-03
-7.8624e-03
-8.0569e-03
-8.2374e-03
-8.3969e-03
-8.5246e-03
-8.6268e-03
-8.7317e-03
-8.8502e-03
-8.9829e-03
-9.1178e-03
-9.2297e-03
-9.3146e-03
-9.3717e-03
-9.3867e-03
-9.3704e-03
-9.3437e-03
-9.3150e-03
-9.2878e-03
-9.2549e-03
-9.2036e-03
-9.1499e-03
-9.1006e-03
-9.0478e-03
-8.9814e-03
-8.9190e-03
-8.8215e-03
-8.6847e-03
-8.4970e-03
-8.2739e-03
-8.0240e-03
-7.7484e-03
-7.4544e-03
-7.1450e-03
-6.8240e-03
-6.4931e-03
-6.1556e-03
-5.8150e-03
-5.4787e-03
-5.1572e-03
-4.8573e-03
-4.5684e-03
-4.2874e-03
-4.0137e-03
-3.7491e-03
-3.4976e-03
-3.2549e-03
-3.0184e-03
-2.8034e-03
-2.6103e-03
-2.4346e-03
-2.2760e-03
-2.1337e-03
-2.0050e-03
-1.8860e-03
-1.7696e-03
-1.6379e-03
-1.4945e-03
-1.3467e-03
-1.1864e-03
-1.0204e-03
-8.5861e-04
-6.9932e-04
-5.4271e-04
-3.9176e-04
-2.5019e-04
-1.2194e-04
-3.0052e-07
1.1633e-04
2.2731e-04
3.3115e-04
4.2495e-04
5.1350e-04
5.9733e-04
6.7395e-04
7.4048e-04
7.9965e-04
8.5100e-04
8.9418e-04
9.3359e-04
9.7076e-04
1.0057e-03
1.0374e-03
1.0647e-03
1.0887e-03
1.1083e-03
1.1230e-03
1.1336e-03
1.1395e-03
1.1406e-03
1.1383e-03
1.1325e-03
1.1228e-03
1.1099e-03
1.0952e-03
1.0796e-03
1.0633e-03
1.0468e-03
1.0302e-03
1.0136e-03
9.9720e-04
9.8116e-04
9.6576e-04
9.5146e-04
9.3872e-04
9.2714e-04
9.1635e-04
9.0629e-04
8.9697e-04
8.8854e-04
8.8110e-04
8.7430e-04
8.6784e-04
8.6160e-04
8.5548e-04
8.4942e-04
8.4333e-04
8.3722e-04
8.3107e-04
8.2492e-04
8.1872e-04
8.1229e-04
8.0563e-04
7.9872e-04
7.9150e-04
7.8393e-04
7.7603e-04
7.6798e-04
7.5977e-04
7.5144e-04
7.4299e-04
7.3444e-04
7.2578e-04
7.1701e-04
7.0810e-04
6.9905e-04
6.8986e-04
6.8053e-04
6.7108e-04
6.6150e-04
6.5180e-04
6.4199e-04
6.3206e-04
6.2201e-04
6.1184e-04
6.0154e-04
5.9111e-04
5.8055e-04
5.6986e-04
5.5903e-04
5.4807e-04
5.3698e-04
