3.2285e-05
2.8004e-05
1.5693e-05
-6.3930e-06
-3.7072e-05
-7.0745e-05
-9.7619e-05
-1.0636e-04
-8.9127e-05
-4.6106e-05
1.6112e-05
8.9592e-05
1.6506e-04
2.3167e-04
2.8240e-04
3.1476e-04
3.2350e-04
3.0009e-04
2.4146e-04
1.5875e-04
7.5982e-05
1.8656e-05
3.2941e-06
2.7898e-05
6.8969e-05
8.7768e-05
3.4600e-05
-1.4148e-04
-4.5687e-04
-8.6522e-04
-1.2696e-03
-1.5510e-03
-1.6083e-03
-1.3909e-03
-9.0893e-04
-2.3146e-04
5.4381e-04
1.2936e-03
1.8559e-03
2.0780e-03
1.8732e-03
1.2325e-03
1.9363e-04
-1.1739e-03
-2.7440e-03
-4.3161e-03
-5.6453e-03
-6.4936e-03
-6.7050e-03
-6.2513e-03
-5.2062e-03
-3.6904e-03
-1.8390e-03
1.8373e-04
2.1487e-03
3.8027e-03
4.9979e-03
5.7037e-03
5.9431e-03
5.8457e-03
5.6649e-03
5.6494e-03
5.9631e-03
6.6578e-03
7.6653e-03
8.7466e-03
9.5024e-03
9.4978e-03
8.3522e-03
5.8906e-03
2.3454e-03
-1.6448e-03
-5.2434e-03
-7.6943e-03
-8.5386e-03
-7.7150e-03
-5.5415e-03
-2.5432e-03
7.5571e-04
3.8384e-03
6.3300e-03
8.1753e-03
9.4587e-03
1.0303e-02
1.0879e-02
1.1241e-02
1.1343e-02
1.1186e-02
1.0761e-02
9.8996e-03
8.2777e-03
5.5694e-03
1.5301e-03
-3.8439e-03
-1.0272e-02
-1.7299e-02
-2.4218e-02
-3.0075e-02
-3.3968e-02
-3.5273e-02
-3.3601e-02
-2.8987e-02
-2.2062e-02
-1.3719e-02
-4.9703e-03
3.0969e-03
9.7211e-03
1.4669e-02
1.8075e-02
2.0221e-02
2.1355e-02
2.1482e-02
2.0457e-02
1.8281e-02
1.5075e-02
1.0971e-02
6.3428e-03
2.0648e-03
-7.9799e-04
-1.6023e-03
-3.8073e-04
2.2833e-03
5.6243e-03
8.8842e-03
1.1417e-02
1.2801e-02
1.2826e-02
1.1584e-02
9.3037e-03
5.9700e-03
1.5285e-03
-3.8595e-03
-9.8507e-03
-1.5660e-02
-2.0207e-02
-2.2685e-02
-2.2794e-02
-2.0789e-02
-1.7415e-02
-1.3654e-02
-1.0306e-02
-7.7961e-03
-6.1469e-03
-5.0722e-03
-4.1804e-03
-3.0340e-03
-1.3746e-03
6.6487e-04
2.7379e-03
4.6750e-03
6.6133e-03
8.6888e-03
1.0629e-02
1.1917e-02
1.2300e-02
1.1798e-02
1.0408e-02
8.1900e-03
5.5624e-03
3.2063e-03
1.6872e-03
1.4390e-03
2.4858e-03
4.0107e-03
4.9151e-03
4.5543e-03
2.7076e-03
-7.0634e-04
-5.6957e-03
-1.2151e-02
-1.9630e-02
-2.7311e-02
-3.4215e-02
-3.9306e-02
-4.1626e-02
-4.0694e-02
-3.6826e-02
-3.0792e-02
-2.3367e-02
-1.5242e-02
-6.7279e-03
2.3336e-03
1.2057e-02
2.2087e-02
3.1757e-02
4.0412e-02
4.7058e-02
5.0525e-02
5.0492e-02
4.7587e-02
4.2891e-02
3.7357e-02
3.1552e-02
2.5761e-02
1.9847e-02
1.3432e-02
6.4995e-03
-5.2854e-04
-7.1671e-03
-1.3007e-02
-1.7686e-02
-2.0805e-02
-2.2057e-02
-2.1381e-02
-1.8918e-02
-1.5009e-02
-1.0222e-02
-5.5291e-03
-1.9638e-03
-2.6372e-04
-9.3602e-04
-4.1059e-03
-9.4966e-03
-1.6468e-02
-2.3979e-02
-3.0922e-02
-3.6318e-02
-3.9392e-02
-3.9817e-02
-3.7663e-02
-3.3328e-02
-2.7617e-02
-2.1247e-02
-1.4661e-02
-8.2780e-03
-2.3822e-03
2.8069e-03
7.0559e-03
1.0525e-02
1.3806e-02
1.7298e-02
2.1150e-02
2.5472e-02
2.9986e-02
3.4000e-02
3.6868e-02
3.8057e-02
3.7196e-02
3.4439e-02
3.0390e-02
2.5778e-02
2.0999e-02
1.5994e-02
1.0660e-02
4.8461e-03
-1.7120e-03
-8.9408e-03
-1.6281e-02
-2.3036e-02
-2.8558e-02
-3.2349e-02
-3.4316e-02
-3.4866e-02
-3.4510e-02
-3.3533e-02
-3.2025e-02
-2.9538e-02
-2.5246e-02
-1.9031e-02
-1.1715e-02
-4.3873e-03
2.2806e-03
7.9375e-03
1.2463e-02
1.6471e-02
2.0855e-02
2.5945e-02
3.1480e-02
3.6757e-02
4.0803e-02
4.2597e-02
4.1397e-02
3.7021e-02
2.9814e-02
2.0755e-02
1.1313e-02
2.6528e-03
-4.7338e-03
-1.0473e-02
-1.4162e-02
-1.5843e-02
-1.6171e-02
-1.5986e-02
-1.5921e-02
-1.6465e-02
-1.8024e-02
-2.0759e-02
-2.4339e-02
-2.8007e-02
-3.0917e-02
-3.2293e-02
-3.1535e-02
-2.8255e-02
-2.2356e-02
-1.4444e-02
-5.7918e-03
2.4726e-03
9.7230e-03
1.5761e-02
2.0889e-02
2.5552e-02
2.9866e-02
3.3770e-02
3.7054e-02
3.9231e-02
3.9689e-02
3.7778e-02
3.3111e-02
2.5899e-02
1.7129e-02
8.3318e-03
9.5518e-04
-4.2388e-03
-7.3007e-03
-8.9973e-03
-1.0460e-02
-1.2519e-02
-1.5404e-02
-1.8977e-02
-2.2997e-02
-2.6848e-02
-2.9534e-02
-3.0052e-02
-2.7765e-02
-2.2878e-02
-1.6424e-02
-9.8387e-03
-4.3262e-03
-3.2820e-04
2.4810e-03
4.6607e-03
6.5526e-03
8.0649e-03
9.1873e-03
1.0391e-02
1.2046e-02
1.3980e-02
1.5594e-02
1.6536e-02
1.7054e-02
1.7437e-02
1.7670e-02
1.7577e-02
1.6931e-02
1.5481e-02
1.3071e-02
9.8474e-03
6.1861e-03
2.4109e-03
-1.2590e-03
-4.6178e-03
-7.4817e-03
-9.7830e-03
-1.1691e-02
-1.3636e-02
-1.5764e-02
-1.7565e-02
-1.8264e-02
-1.7485e-02
-1.5618e-02
-1.3417e-02
-1.1279e-02
-9.1161e-03
-7.0153e-03
-5.0110e-03
-2.6447e-03
3.8233e-04
3.6553e-03
6.5240e-03
8.5415e-03
9.4779e-03
9.3972e-03
8.3713e-03
6.4187e-03
3.7695e-03
7.9768e-04
-2.2906e-03
-5.2303e-03
-7.4259e-03
-8.2673e-03
-7.2640e-03
-4.2211e-03
9.7597e-05
4.2534e-03
7.3230e-03
9.1314e-03
9.7896e-03
9.4430e-03
8.1893e-03
6.1850e-03
3.8070e-03
1.4732e-03
-7.2519e-04
-2.7977e-03
-4.3621e-03
-5.1023e-03
-5.2948e-03
-5.3379e-03
-5.4012e-03
-5.5497e-03
-5.8389e-03
-6.2566e-03
-6.6548e-03
-6.7367e-03
-6.1345e-03
-4.8240e-03
-3.3739e-03
-2.1550e-03
-8.3582e-04
9.3268e-04
2.9890e-03
4.7389e-03
5.7919e-03
6.2889e-03
6.3416e-03
5.7603e-03
4.3080e-03
1.9734e-03
-8.7759e-04
-3.6581e-03
-5.8722e-03
-6.9729e-03
-6.3096e-03
-3.7512e-03
2.4799e-05
4.2042e-03
8.1490e-03
1.1149e-02
1.2424e-02
1.1446e-02
8.3522e-03
3.8184e-03
-1.1744e-03
-5.4704e-03
-8.0961e-03
-8.8476e-03
-8.1836e-03
-6.6105e-03
-4.6740e-03
-3.2041e-03
-2.7892e-03
-3.2610e-03
-4.1679e-03
-5.3716e-03
-6.9900e-03
-8.6792e-03
-9.8211e-03
-1.0252e-02
-9.9517e-03
-8.6869e-03
-6.2402e-03
-2.7874e-03
8.5302e-04
3.4108e-03
3.9555e-03
2.4586e-03
-4.3068e-04
-3.6935e-03
-6.3071e-03
-7.4816e-03
-6.8103e-03
-4.5724e-03
-1.5369e-03
1.4161e-03
3.6498e-03
5.1996e-03
6.7212e-03
8.7720e-03
1.1375e-02
1.4015e-02
1.6143e-02
1.7424e-02
1.7284e-02
1.5379e-02
1.2383e-02
9.4765e-03
7.5511e-03
6.7757e-03
6.6775e-03
6.6912e-03
6.3302e-03
5.1525e-03
3.1500e-03
8.4067e-04
-1.3348e-03
-3.0702e-03
-4.0233e-03
-4.2089e-03
-4.1297e-03
-4.3675e-03
-5.1226e-03
-6.3220e-03
-8.0073e-03
-1.0052e-02
-1.1853e-02
-1.2905e-02
-1.3275e-02
-1.3100e-02
-1.2281e-02
-1.0712e-02
-8.5331e-03
-6.1899e-03
-3.9254e-03
-1.5389e-03
9.4580e-04
3.1429e-03
4.8607e-03
6.2036e-03
7.2753e-03
8.1216e-03
8.8744e-03
9.8104e-03
1.1190e-02
1.2983e-02
1.4693e-02
1.5381e-02
1.4332e-02
1.1665e-02
8.0099e-03
3.8867e-03
-3.4375e-04
-4.2529e-03
-7.6025e-03
-1.0322e-02
-1.2151e-02
-1.2860e-02
-1.2644e-02
-1.1765e-02
-1.0339e-02
-8.5991e-03
-7.0445e-03
-5.8843e-03
-4.6579e-03
-2.8665e-03
-4.8188e-04
2.0692e-03
4.4560e-03
6.6592e-03
8.3787e-03
9.2905e-03
9.6154e-03
9.7145e-03
9.7318e-03
9.6983e-03
9.6445e-03
9.5811e-03
9.4753e-03
9.2761e-03
8.9551e-03
8.5398e-03
8.1557e-03
7.9548e-03
7.5700e-03
6.3730e-03
4.5424e-03
2.9326e-03
2.0619e-03
1.7485e-03
1.6898e-03
1.4823e-03
5.6927e-04
-1.2682e-03
-3.7987e-03
-6.6663e-03
-9.6910e-03
-1.2595e-02
-1.4767e-02
-1.5654e-02
-1.5216e-02
-1.4060e-02
-1.2736e-02
-1.1096e-02
-8.9091e-03
-6.3769e-03
-3.5918e-03
-2.4464e-04
3.5710e-03
7.0532e-03
9.1960e-03
9.2193e-03
7.1311e-03
3.9713e-03
9.3820e-04
-1.1166e-03
-1.5887e-03
-2.4078e-04
2.9094e-03
7.4999e-03
1.2697e-02
1.7359e-02
2.0439e-02
2.1503e-02
2.0558e-02
1.7489e-02
1.2203e-02
4.9752e-03
-3.4805e-03
-1.2096e-02
-1.9862e-02
-2.6022e-02
-2.9870e-02
-3.0897e-02
-2.9083e-02
-2.4838e-02
-1.8919e-02
-1.2259e-02
-5.7850e-03
-4.5105e-04
3.2543e-03
5.3058e-03
5.7788e-03
4.9808e-03
3.3141e-03
1.2415e-03
-5.5148e-04
-1.5998e-03
-2.0290e-03
-2.0354e-03
-1.5638e-03
-4.9057e-04
1.1740e-03
3.1548e-03
4.8642e-03
5.9059e-03
6.4273e-03
6.5856e-03
6.2432e-03
5.1665e-03
3.2564e-03
6.6091e-04
-2.3375e-03
-5.3136e-03
-7.5785e-03
-8.4864e-03
-7.8117e-03
-5.7433e-03
-2.7582e-03
2.6875e-04
2.3911e-03
2.9980e-03
2.0260e-03
1.7863e-04
-1.6652e-03
-3.1041e-03
-3.9947e-03
-4.0376e-03
-3.3432e-03
-2.6821e-03
-2.4602e-03
-2.3672e-03
-1.9169e-03
-7.2212e-04
1.4934e-03
4.6961e-03
8.2728e-03
1.1355e-02
1.3167e-02
1.3140e-02
1.1156e-02
7.4438e-03
2.6864e-03
-1.9080e-03
-5.1457e-03
-6.3194e-03
-5.4480e-03
-3.3504e-03
-1.2450e-03
-4.9300e-05
-5.1902e-05
-1.0782e-03
-2.4451e-03
-3.0840e-03
-2.3153e-03
-4.2440e-04
1.7008e-03
3.1124e-03
3.1677e-03
1.6144e-03
-9.9271e-04
-3.3582e-03
-4.5141e-03
-4.1664e-03
-2.3769e-03
5.6276e-04
3.9131e-03
6.7695e-03
8.4331e-03
8.5359e-03
7.2222e-03
4.8789e-03
1.7573e-03
-2.1880e-03
-6.8999e-03
-1.1794e-02
-1.5934e-02
-1.8503e-02
-1.9090e-02
-1.7682e-02
-1.4648e-02
-1.0710e-02
-6.5801e-03
-2.8186e-03
5.2282e-05
1.8520e-03
2.8117e-03
3.2528e-03
3.2522e-03
2.6445e-03
1.2162e-03
-1.1063e-03
-4.0245e-03
-6.6969e-03
-8.1878e-03
-7.9016e-03
-5.5934e-03
-1.7976e-03
2.3503e-03
5.6263e-03
6.8977e-03
5.8293e-03
3.0647e-03
-5.6134e-04
-4.5069e-03
-8.3640e-03
-1.1690e-02
-1.4083e-02
-1.5291e-02
-1.5083e-02
-1.3317e-02
-1.0250e-02
-6.3079e-03
-1.9689e-03
2.2514e-03
6.0462e-03
9.2395e-03
1.1911e-02
1.4332e-02
1.6303e-02
1.7181e-02
1.6575e-02
1.4530e-02
1.1354e-02
7.7407e-03
4.5862e-03
2.7239e-03
2.8170e-03
5.1155e-03
9.5406e-03
1.5559e-02
2.2292e-02
2.9042e-02
3.5151e-02
3.9726e-02
4.2105e-02
4.2404e-02
4.1316e-02
3.9539e-02
3.7716e-02
3.6131e-02
3.4440e-02
3.2272e-02
2.9698e-02
2.6978e-02
2.4166e-02
2.1315e-02
1.8483e-02
1.5543e-02
1.2413e-02
9.0462e-03
5.5993e-03
2.6348e-03
8.2993e-04
6.0063e-04
1.8437e-03
3.8908e-03
5.7000e-03
6.4303e-03
5.7900e-03
3.6362e-03
-6.8424e-05
-4.8575e-03
-9.9800e-03
-1.4865e-02
-1.8943e-02
-2.1737e-02
-2.3242e-02
-2.3870e-02
-2.4142e-02
-2.4379e-02
-2.4667e-02
-2.4905e-02
-2.4826e-02
-2.4031e-02
-2.2135e-02
-1.9025e-02
-1.5134e-02
-1.1421e-02
-8.9857e-03
-8.5705e-03
-1.0404e-02
-1.4245e-02
-1.9362e-02
-2.4864e-02
-3.0082e-02
-3.4882e-02
-3.9494e-02
-4.4032e-02
-4.8358e-02
-5.2364e-02
-5.5883e-02
-5.8469e-02
-5.9549e-02
-5.8752e-02
-5.6236e-02
-5.2192e-02
-4.6464e-02
-3.9140e-02
-3.0930e-02
-2.2694e-02
-1.5196e-02
-8.9055e-03
-3.7830e-03
4.1456e-04
4.0810e-03
8.2623e-03
1.4238e-02
2.2302e-02
3.1576e-02
4.0687e-02
4.8159e-02
5.2531e-02
5.2733e-02
4.8582e-02
4.0726e-02
3.0505e-02
1.9862e-02
1.0698e-02
4.2216e-03
1.1501e-03
1.8833e-03
6.1738e-03
1.3012e-02
2.1130e-02
2.9526e-02
3.7350e-02
4.3679e-02
4.7918e-02
5.0230e-02
5.1040e-02
5.0795e-02
5.0003e-02
4.8560e-02
4.5938e-02
4.1846e-02
3.6296e-02
2.9673e-02
2.2501e-02
1.5114e-02
7.6389e-03
1.1865e-04
-7.4600e-03
-1.5152e-02
-2.3005e-02
-3.0969e-02
-3.8768e-02
-4.5830e-02
-5.1340e-02
-5.4396e-02
-5.4133e-02
-5.0169e-02
-4.3064e-02
-3.3818e-02
-2.3276e-02
-1.2160e-02
-1.3589e-03
8.1753e-03
1.5683e-02
2.0556e-02
2.2563e-02
2.2113e-02
2.0135e-02
1.7627e-02
1.5139e-02
1.2732e-02
1.0641e-02
9.0618e-03
7.6868e-03
6.2429e-03
4.9062e-03
3.8828e-03
2.7716e-03
6.7343e-04
-3.1848e-03
-9.1089e-03
-1.7243e-02
-2.7716e-02
-4.0148e-02
-5.3524e-02
-6.6462e-02
-7.7739e-02
-8.6546e-02
-9.1867e-02
-9.2496e-02
-8.7963e-02
-7.8748e-02
-6.5659e-02
-4.9634e-02
-3.1957e-02
-1.4110e-02
2.7155e-03
1.7858e-02
3.1223e-02
4.3170e-02
5.3793e-02
6.2917e-02
7.0340e-02
7.5726e-02
7.8681e-02
7.8437e-02
7.4013e-02
6.5039e-02
5.1655e-02
3.4236e-02
1.3634e-02
-8.6294e-03
-3.0794e-02
-5.1465e-02
-6.9212e-02
-8.2337e-02
-8.9500e-02
-8.9988e-02
-8.3894e-02
-7.2352e-02
-5.6868e-02
-3.8731e-02
-1.9090e-02
7.8433e-04
1.9549e-02
3.6377e-02
5.0830e-02
6.2432e-02
7.0954e-02
7.6542e-02
7.9474e-02
8.0134e-02
7.8928e-02
7.5970e-02
7.1188e-02
6.4279e-02
5.4609e-02
4.1665e-02
2.5611e-02
7.6502e-03
-1.0063e-02
-2.5269e-02
-3.6429e-02
-4.2794e-02
-4.4555e-02
-4.2885e-02
-3.9337e-02
-3.5566e-02
-3.3014e-02
-3.2107e-02
-3.2311e-02
-3.2884e-02
-3.3062e-02
-3.1901e-02
-2.8411e-02
-2.2026e-02
-1.3101e-02
-2.5981e-03
8.5155e-03
1.9205e-02
2.8391e-02
3.5257e-02
3.9526e-02
4.1318e-02
4.1019e-02
3.9330e-02
3.6738e-02
3.3369e-02
2.9565e-02
2.5743e-02
2.1820e-02
1.7411e-02
1.2230e-02
6.2503e-03
-2.0127e-04
-6.6006e-03
-1.2557e-02
-1.7656e-02
-2.1360e-02
-2.3534e-02
-2.4650e-02
-2.5253e-02
-2.5488e-02
-2.5141e-02
-2.3853e-02
-2.1288e-02
-1.7352e-02
-1.2278e-02
-6.8079e-03
-2.1414e-03
7.9233e-04
1.8795e-03
1.5234e-03
7.4188e-05
-2.0865e-03
-4.1361e-03
-4.7409e-03
-2.8054e-03
1.8027e-03
8.3948e-03
1.5928e-02
2.3415e-02
2.9942e-02
3.4638e-02
3.6819e-02
3.5860e-02
3.1453e-02
2.4310e-02
1.5781e-02
7.1362e-03
-4.5257e-04
-5.8574e-03
-8.2438e-03
-7.2654e-03
-3.3191e-03
2.6517e-03
9.5742e-03
1.6087e-02
2.0779e-02
2.2681e-02
2.1623e-02
1.8144e-02
1.3100e-02
7.3011e-03
1.2907e-03
-4.5617e-03
-9.9148e-03
-1.4433e-02
-1.7840e-02
-1.9817e-02
-2.0343e-02
-1.9907e-02
-1.9069e-02
-1.8321e-02
-1.8301e-02
-1.9735e-02
-2.2624e-02
-2.5876e-02
-2.8232e-02
-2.9142e-02
-2.8937e-02
-2.8105e-02
-2.6747e-02
-2.4982e-02
-2.3306e-02
-2.2218e-02
-2.1651e-02
-2.1066e-02
-1.9981e-02
-1.8183e-02
-1.5800e-02
-1.3382e-02
-1.1470e-02
-1.0232e-02
-9.6546e-03
-9.6233e-03
-9.9845e-03
-1.0549e-02
-1.1001e-02
-1.0863e-02
-9.5419e-03
-6.4940e-03
-1.5366e-03
4.7878e-03
1.1424e-02
1.7476e-02
2.2474e-02
2.6390e-02
2.9541e-02
3.2325e-02
3.4937e-02
3.7582e-02
4.0643e-02
4.4099e-02
4.7606e-02
5.0906e-02
5.3837e-02
5.6263e-02
5.7878e-02
5.8445e-02
5.7853e-02
5.5852e-02
5.2138e-02
4.6717e-02
3.9739e-02
3.1230e-02
2.1351e-02
1.0573e-02
-5.0959e-04
-1.1444e-02
-2.1925e-02
-3.1669e-02
-4.0230e-02
-4.7305e-02
-5.3118e-02
-5.7812e-02
-6.1126e-02
-6.2750e-02
-6.2452e-02
-5.9943e-02
-5.4903e-02
-4.7412e-02
-3.8019e-02
-2.7361e-02
-1.6028e-02
-4.8118e-03
5.3672e-03
1.3957e-02
2.0844e-02
2.6072e-02
2.9433e-02
3.0614e-02
2.9704e-02
2.7098e-02
2.3263e-02
1.8712e-02
1.3948e-02
9.4186e-03
5.0670e-03
3.4117e-04
-5.0093e-03
-1.0963e-02
-1.7228e-02
-2.2957e-02
-2.7232e-02
-2.9619e-02
-3.0192e-02
-2.9412e-02
-2.8100e-02
-2.7246e-02
-2.7312e-02
-2.7791e-02
-2.7712e-02
-2.6323e-02
-2.3361e-02
-1.8952e-02
-1.3231e-02
-6.1534e-03
1.9976e-03
1.0378e-02
1.7919e-02
2.3810e-02
2.7718e-02
2.9513e-02
2.9353e-02
2.7943e-02
2.6186e-02
2.4720e-02
2.3585e-02
2.2409e-02
2.0925e-02
1.9210e-02
1.7638e-02
1.6335e-02
1.4878e-02
1.2920e-02
1.0618e-02
8.2928e-03
5.9739e-03
3.6610e-03
1.8470e-03
1.0416e-03
1.2069e-03
2.1636e-03
3.8286e-03
5.9119e-03
7.7227e-03
8.7292e-03
8.9911e-03
8.6538e-03
7.6698e-03
6.0345e-03
4.0369e-03
2.2814e-03
1.1132e-03
2.5429e-04
-6.3077e-04
-1.5522e-03
-2.3774e-03
-3.4222e-03
-5.1894e-03
-7.8729e-03
-1.1737e-02
-1.6769e-02
-2.2294e-02
-2.7459e-02
-3.1558e-02
-3.4049e-02
-3.4724e-02
-3.3810e-02
-3.1909e-02
-2.9798e-02
-2.7883e-02
-2.5973e-02
-2.3902e-02
-2.1632e-02
-1.8780e-02
-1.4849e-02
-9.9603e-03
-4.7024e-03
4.4016e-04
5.1659e-03
9.2298e-03
1.2282e-02
1.4180e-02
1.5076e-02
1.4942e-02
1.3995e-02
1.3019e-02
1.2480e-02
1.2244e-02
1.2122e-02
1.2091e-02
1.2155e-02
1.2282e-02
1.2434e-02
1.2573e-02
1.2619e-02
1.2420e-02
1.1761e-02
1.0429e-02
8.3474e-03
5.6876e-03
2.4627e-03
-1.5985e-03
-6.2640e-03
-1.0779e-02
-1.4469e-02
-1.6680e-02
-1.6691e-02
-1.4080e-02
-9.0755e-03
-2.6573e-03
3.7107e-03
8.6865e-03
1.1383e-02
1.1558e-02
9.4779e-03
5.5762e-03
6.1558e-04
-4.4782e-03
-9.2586e-03
-1.3454e-02
-1.6531e-02
-1.8102e-02
-1.8115e-02
-1.6644e-02
-1.3734e-02
-9.6949e-03
-5.4871e-03
-2.3046e-03
-6.4761e-04
-3.9683e-04
-1.2159e-03
-2.1725e-03
-2.1233e-03
-5.6584e-04
2.4984e-03
6.7645e-03
1.1816e-02
1.7129e-02
2.1937e-02
2.5775e-02
2.8623e-02
3.0300e-02
3.0575e-02
2.9683e-02
2.8071e-02
2.6219e-02
2.4799e-02
2.4204e-02
2.4117e-02
2.3982e-02
2.3362e-02
2.1908e-02
1.9432e-02
1.6149e-02
1.2620e-02
9.4039e-03
6.9061e-03
5.3702e-03
4.9576e-03
5.3470e-03
5.3867e-03
4.2004e-03
1.9770e-03
-1.0824e-03
-5.3207e-03
-1.0666e-02
-1.6436e-02
-2.1936e-02
-2.6609e-02
-2.9962e-02
-3.1671e-02
-3.1623e-02
-2.9892e-02
-2.7187e-02
-2.4556e-02
-2.2698e-02
-2.1801e-02
-2.1553e-02
-2.1554e-02
-2.1511e-02
-2.1147e-02
-2.0202e-02
-1.8573e-02
-1.6432e-02
-1.4017e-02
-1.1257e-02
-8.0350e-03
-4.7633e-03
-2.0655e-03
-3.0503e-04
5.0337e-04
7.5956e-04
9.1220e-04
1.2522e-03
1.9951e-03
3.2756e-03
5.0074e-03
6.8251e-03
8.6270e-03
1.0892e-02
1.3976e-02
1.7605e-02
2.1353e-02
2.4950e-02
2.8107e-02
3.0458e-02
3.1724e-02
3.1890e-02
3.0854e-02
2.8307e-02
2.4127e-02
1.8760e-02
1.2962e-02
7.3904e-03
2.5660e-03
-1.3439e-03
-4.5502e-03
-7.3636e-03
-1.0110e-02
-1.2945e-02
-1.5719e-02
-1.8219e-02
-2.0148e-02
-2.1300e-02
-2.1859e-02
-2.2003e-02
-2.1655e-02
-2.0650e-02
-1.8929e-02
-1.6686e-02
-1.4435e-02
-1.2584e-02
-1.1356e-02
-1.0915e-02
-1.0979e-02
-1.1002e-02
-1.0477e-02
-8.9797e-03
-6.2611e-03
-2.5420e-03
1.2244e-03
3.8345e-03
4.8092e-03
4.3481e-03
2.6253e-03
-1.7536e-04
-3.4528e-03
-6.5135e-03
-8.9018e-03
-1.0134e-02
-9.8479e-03
-7.9750e-03
-4.6404e-03
-2.6311e-04
4.6301e-03
9.4875e-03
1.3627e-02
1.6719e-02
1.8743e-02
1.9782e-02
2.0195e-02
2.0288e-02
2.0072e-02
1.9371e-02
1.7979e-02
1.5813e-02
1.3021e-02
9.6090e-03
5.3373e-03
5.1000e-04
-4.0143e-03
-7.4870e-03
-9.5627e-03
-1.0358e-02
-1.0115e-02
-8.8793e-03
-6.6572e-03
-3.7046e-03
-4.1872e-04
2.9522e-03
6.0908e-03
8.5967e-03
1.0211e-02
1.0727e-02
1.0264e-02
9.4158e-03
8.9595e-03
9.3864e-03
1.0422e-02
1.1373e-02
1.1994e-02
1.2490e-02
1.2969e-02
1.3292e-02
1.3203e-02
1.2379e-02
1.0478e-02
7.3260e-03
3.1601e-03
-1.6252e-03
-6.5944e-03
-1.1074e-02
-1.4332e-02
-1.5673e-02
-1.4845e-02
-1.2341e-02
-9.0456e-03
-5.6515e-03
-2.5810e-03
-4.0243e-04
3.6857e-04
-2.7642e-04
-1.8591e-03
-3.6634e-03
-4.7807e-03
-4.6083e-03
-3.3248e-03
-1.5489e-03
-6.0527e-05
6.6423e-04
8.0780e-04
7.7230e-04
8.9974e-04
1.5513e-03
3.0718e-03
5.5529e-03
8.5926e-03
1.1431e-02
1.3315e-02
1.3488e-02
1.1519e-02
7.8601e-03
3.4395e-03
-9.0582e-04
-4.6837e-03
-7.8142e-03
-1.0393e-02
-1.2399e-02
-1.3936e-02
-1.5504e-02
-1.7406e-02
-1.9325e-02
-2.0685e-02
-2.1227e-02
-2.0968e-02
-1.9835e-02
-1.7738e-02
-1.4873e-02
-1.1631e-02
-8.2734e-03
-5.1211e-03
-2.5402e-03
-7.1646e-04
2.4370e-04
5.4921e-04
8.0211e-04
1.6526e-03
3.5904e-03
6.8256e-03
1.1116e-02
1.6017e-02
2.1004e-02
2.5351e-02
2.8621e-02
3.0627e-02
3.1266e-02
3.0730e-02
2.9287e-02
2.7169e-02
2.4740e-02
2.2117e-02
1.8949e-02
1.5090e-02
1.0631e-02
5.6279e-03
2.3818e-04
-5.2983e-03
-1.0468e-02
-1.4626e-02
-1.7527e-02
-1.9159e-02
-1.9601e-02
-1.9316e-02
-1.8813e-02
-1.7882e-02
-1.6013e-02
-1.3515e-02
-1.0903e-02
-8.2170e-03
-5.7101e-03
-3.8396e-03
-2.7463e-03
-2.3196e-03
-2.3226e-03
-2.5257e-03
-2.7333e-03
-2.7228e-03
-2.2487e-03
-1.1191e-03
6.8177e-04
2.8293e-03
4.5831e-03
5.3318e-03
5.0186e-03
3.7106e-03
1.4321e-03
-1.5262e-03
-4.6329e-03
-7.5022e-03
-1.0053e-02
-1.2439e-02
-1.4712e-02
-1.6449e-02
-1.7241e-02
-1.7190e-02
-1.6477e-02
-1.5125e-02
-1.3282e-02
-1.1456e-02
-1.0235e-02
-9.7621e-03
-9.7754e-03
-1.0002e-02
-1.0214e-02
-1.0094e-02
-9.2442e-03
-7.3256e-03
-4.2853e-03
-5.2645e-04
3.4274e-03
7.1578e-03
1.0224e-02
1.2188e-02
1.2811e-02
1.2288e-02
1.0936e-02
9.0727e-03
7.2464e-03
6.0607e-03
5.6609e-03
5.7396e-03
5.9403e-03
5.9474e-03
5.3968e-03
3.9322e-03
1.4179e-03
-1.8446e-03
-5.2136e-03
-8.0431e-03
-9.8326e-03
-1.0278e-02
-9.1901e-03
-6.3641e-03
-1.8345e-03
3.7087e-03
9.1805e-03
1.3845e-02
1.7303e-02
1.9089e-02
1.9057e-02
1.7714e-02
1.5837e-02
1.4260e-02
1.3456e-02
1.3222e-02
1.3147e-02
1.2921e-02
1.2257e-02
1.0896e-02
8.8007e-03
6.2824e-03
3.5381e-03
4.1590e-04
-2.9296e-03
-6.1150e-03
-8.9176e-03
-1.1046e-02
-1.2252e-02
-1.2675e-02
-1.2769e-02
-1.2939e-02
-1.3447e-02
-1.4473e-02
-1.6037e-02
-1.7849e-02
-1.9263e-02
-1.9887e-02
-2.0025e-02
-2.0177e-02
-2.0693e-02
-2.1827e-02
-2.3688e-02
-2.5987e-02
-2.7897e-02
-2.8598e-02
-2.7753e-02
-2.5155e-02
-2.0722e-02
-1.4967e-02
-8.8495e-03
-3.0671e-03
1.9196e-03
5.6403e-03
7.8136e-03
8.6941e-03
9.0499e-03
9.5956e-03
1.0740e-02
1.2618e-02
1.5030e-02
1.7566e-02
1.9961e-02
2.1913e-02
2.2676e-02
2.1631e-02
1.9010e-02
1.5578e-02
1.1931e-02
8.3796e-03
5.1851e-03
2.5509e-03
4.8966e-04
-1.2333e-03
-2.5454e-03
-2.8245e-03
-1.7088e-03
2.7641e-04
2.4198e-03
4.5275e-03
6.5645e-03
8.0897e-03
8.7798e-03
9.0090e-03
9.3531e-03
1.0178e-02
1.1669e-02
1.3776e-02
1.6078e-02
1.8200e-02
2.0107e-02
2.1469e-02
2.1374e-02
1.9197e-02
1.5294e-02
1.0189e-02
4.1449e-03
-2.4038e-03
-9.0312e-03
-1.5326e-02
-2.0699e-02
-2.4665e-02
-2.6976e-02
-2.7712e-02
-2.7300e-02
-2.6130e-02
-2.4501e-02
-2.2856e-02
-2.1592e-02
-2.0575e-02
-1.9238e-02
-1.7148e-02
-1.4275e-02
-1.0759e-02
-6.6498e-03
-2.2275e-03
1.9857e-03
5.8919e-03
9.3640e-03
1.1749e-02
1.2865e-02
1.3277e-02
1.3472e-02
1.3561e-02
1.3506e-02
1.3242e-02
1.2648e-02
1.1586e-02
1.0050e-02
8.2897e-03
6.5970e-03
4.8894e-03
2.8838e-03
6.7994e-04
-1.0782e-03
-1.8712e-03
-1.7620e-03
-9.1740e-04
6.0601e-04
2.5529e-03
4.2520e-03
4.9341e-03
4.3283e-03
2.7301e-03
7.5201e-04
-6.9618e-04
-8.6479e-04
3.7331e-04
2.8154e-03
6.0822e-03
9.8553e-03
1.3959e-02
1.7931e-02
2.1080e-02
2.3020e-02
2.3663e-02
2.2705e-02
2.0115e-02
1.6385e-02
1.1982e-02
7.4995e-03
3.7998e-03
1.6207e-03
1.4258e-03
3.2625e-03
6.3802e-03
9.6426e-03
1.2153e-02
1.3615e-02
1.4207e-02
1.3994e-02
1.2781e-02
1.0391e-02
6.9372e-03
2.9878e-03
-8.1939e-04
-4.2549e-03
-7.2982e-03
-9.9288e-03
-1.2212e-02
-1.4101e-02
-1.5082e-02
-1.4705e-02
-1.3223e-02
-1.1250e-02
-9.2419e-03
-7.2488e-03
-5.2148e-03
-3.4575e-03
-2.4528e-03
-2.2209e-03
-2.3333e-03
-2.3458e-03
-1.9074e-03
-6.9851e-04
1.4645e-03
4.3658e-03
7.2231e-03
9.1449e-03
9.5834e-03
8.4792e-03
6.2172e-03
3.2270e-03
-9.7564e-05
-3.4709e-03
-6.7636e-03
-9.6814e-03
-1.1643e-02
-1.2467e-02
-1.2633e-02
-1.2648e-02
-1.2789e-02
-1.3271e-02
-1.4297e-02
-1.5902e-02
-1.7825e-02
-1.9737e-02
-2.1656e-02
-2.3753e-02
-2.5762e-02
-2.6843e-02
-2.6316e-02
-2.4251e-02
-2.1107e-02
-1.7330e-02
-1.3283e-02
-9.6081e-03
-7.0956e-03
-5.7813e-03
-4.9667e-03
-4.0799e-03
-2.9784e-03
-1.7792e-03
-5.6294e-04
6.8115e-04
1.7458e-03
2.3512e-03
2.4439e-03
2.0189e-03
1.0005e-03
-6.0359e-04
-2.4986e-03
-4.0598e-03
-4.9021e-03
-5.2707e-03
-5.5088e-03
-5.7153e-03
-5.8585e-03
-5.8520e-03
-5.5181e-03
-4.5988e-03
-2.8791e-03
-3.9209e-04
2.4376e-03
5.2087e-03
7.8092e-03
1.0096e-02
1.1974e-02
1.3386e-02
1.3974e-02
1.3327e-02
1.1725e-02
1.0209e-02
9.5943e-03
9.9314e-03
1.1059e-02
1.2823e-02
1.4736e-02
1.5832e-02
1.5359e-02
1.3400e-02
1.0537e-02
7.4136e-03
4.5802e-03
2.7260e-03
2.4721e-03
3.9229e-03
6.8619e-03
1.0851e-02
1.5421e-02
2.0083e-02
2.3899e-02
2.5858e-02
2.5486e-02
2.2936e-02
1.8854e-02
1.3849e-02
8.3830e-03
3.0469e-03
-1.8544e-03
-6.3839e-03
-1.0530e-02
-1.4262e-02
-1.7566e-02
-2.0331e-02
-2.2396e-02
-2.3460e-02
-2.3382e-02
-2.2319e-02
-2.0527e-02
-1.8366e-02
-1.6196e-02
-1.4022e-02
-1.1627e-02
-8.7912e-03
-5.1113e-03
-2.2363e-04
5.7273e-03
1.2080e-02
1.7960e-02
2.2678e-02
2.5895e-02
2.7286e-02
2.6551e-02
2.3911e-02
2.0038e-02
1.5755e-02
1.1831e-02
8.7420e-03
6.7399e-03
5.8796e-03
5.8089e-03
6.0903e-03
6.4224e-03
6.5151e-03
6.0143e-03
4.5799e-03
2.0591e-03
-1.3317e-03
-5.0930e-03
-8.7292e-03
-1.1819e-02
-1.3945e-02
-1.4563e-02
-1.3396e-02
-1.0985e-02
-8.4063e-03
-6.5075e-03
-5.6597e-03
-5.9896e-03
-7.0971e-03
-8.1907e-03
-8.8937e-03
-9.3263e-03
-9.5988e-03
-9.6617e-03
-9.4374e-03
-8.8728e-03
-7.9373e-03
-6.6914e-03
-5.3674e-03
-4.1617e-03
-3.1098e-03
-2.3605e-03
-2.0469e-03
-2.0010e-03
-1.9536e-03
-1.7205e-03
-1.1846e-03
-3.0277e-04
7.9270e-04
1.7343e-03
2.1936e-03
2.1038e-03
1.4479e-03
1.8201e-04
-1.5679e-03
-3.3510e-03
-4.6528e-03
-5.3780e-03
-5.7741e-03
-5.9903e-03
-5.9780e-03
-5.6193e-03
-4.8004e-03
-3.4615e-03
-1.7212e-03
-4.2400e-06
1.1918e-03
1.7731e-03
1.9996e-03
2.0755e-03
2.0630e-03
2.0033e-03
1.9479e-03
1.9242e-03
1.9284e-03
1.9461e-03
1.9653e-03
1.9797e-03
1.9866e-03
1.9869e-03
1.9831e-03
1.9779e-03
1.9721e-03
1.9654e-03
1.9567e-03
1.9455e-03
1.9335e-03
1.9248e-03
1.9254e-03
1.9410e-03
1.9736e-03
2.0172e-03
2.0550e-03
2.0604e-03
2.0042e-03
1.8695e-03
1.6718e-03
1.4811e-03
1.4330e-03
1.7173e-03
2.5278e-03
3.9650e-03
5.8868e-03
7.7846e-03
9.0219e-03
9.3248e-03
8.7776e-03
7.4996e-03
5.6915e-03
3.8602e-03
2.5972e-03
2.0539e-03
1.9685e-03
2.0766e-03
2.1976e-03
2.1180e-03
1.5919e-03
4.5050e-04
-1.2639e-03
-3.2031e-03
-4.9167e-03
-6.1414e-03
-6.7532e-03
-6.5794e-03
-5.3710e-03
-3.2343e-03
-7.2007e-04
1.7641e-03
3.9418e-03
5.4100e-03
5.9656e-03
5.7117e-03
4.7555e-03
3.1843e-03
1.3104e-03
-1.8728e-04
-5.8220e-04
3.1368e-04
2.0650e-03
3.9073e-03
5.0736e-03
5.1733e-03
4.1845e-03
2.2191e-03
-4.0039e-04
-3.1911e-03
-5.8223e-03
-7.9790e-03
-9.2014e-03
-9.2790e-03
-8.3692e-03
-6.7219e-03
-4.7156e-03
-3.0298e-03
-2.1414e-03
-1.8901e-03
-1.9631e-03
-2.2030e-03
-2.4552e-03
-2.4592e-03
-1.9063e-03
-5.4670e-04
1.6799e-03
4.4968e-03
7.4286e-03
1.0106e-02
1.2133e-02
1.3200e-02
1.3390e-02
1.2808e-02
1.1368e-02
9.0381e-03
6.0939e-03
2.9766e-03
-6.8333e-05
-3.0737e-03
-6.2240e-03
-9.5172e-03
-1.2583e-02
-1.4988e-02
-1.6500e-02
-1.7169e-02
-1.7183e-02
-1.6605e-02
-1.5406e-02
-1.3675e-02
-1.1744e-02
-9.9493e-03
-8.2190e-03
-6.2699e-03
-4.1488e-03
-2.1245e-03
-1.8269e-04
1.8161e-03
3.5841e-03
4.5729e-03
4.6235e-03
4.0154e-03
3.1030e-03
2.2540e-03
1.7163e-03
1.4597e-03
1.3916e-03
1.4925e-03
1.7424e-03
2.0543e-03
2.2652e-03
2.1388e-03
1.3834e-03
-2.7087e-04
-2.9045e-03
-6.2100e-03
-9.5804e-03
-1.2490e-02
-1.4907e-02
-1.7153e-02
-1.9174e-02
-2.0573e-02
-2.1230e-02
-2.1295e-02
-2.0748e-02
-1.9370e-02
-1.7035e-02
-1.3933e-02
-1.0433e-02
-6.7663e-03
-2.9960e-03
8.6001e-04
4.7722e-03
8.6895e-03
1.2505e-02
1.6022e-02
1.8961e-02
2.1046e-02
2.2124e-02
2.2087e-02
2.0956e-02
1.9136e-02
1.7085e-02
1.4956e-02
1.2792e-02
1.0874e-02
9.6152e-03
9.0654e-03
8.9310e-03
8.9816e-03
9.1286e-03
9.2760e-03
9.2607e-03
8.8843e-03
7.9589e-03
6.3845e-03
4.2411e-03
1.6348e-03
-1.4798e-03
-5.0468e-03
-8.5322e-03
-1.1226e-02
-1.2883e-02
-1.3717e-02
-1.4017e-02
-1.3870e-02
-1.3200e-02
-1.1938e-02
-1.0142e-02
-8.1019e-03
-6.1502e-03
-4.2900e-03
-2.3814e-03
-6.5016e-04
4.8450e-04
1.0187e-03
1.3450e-03
1.7913e-03
2.4855e-03
3.4197e-03
4.4475e-03
5.4853e-03
6.6344e-03
7.8489e-03
8.7453e-03
8.9513e-03
8.3889e-03
7.0828e-03
5.1242e-03
2.8820e-03
8.6474e-04
-6.9684e-04
-1.7793e-03
-2.4087e-03
-2.7443e-03
-2.9213e-03
-2.9130e-03
-2.5776e-03
-1.7496e-03
-3.3800e-04
1.5292e-03
3.3699e-03
4.5762e-03
4.8979e-03
4.4308e-03
3.2824e-03
1.6046e-03
-1.8748e-04
-1.6298e-03
-2.7017e-03
-3.7330e-03
-4.8919e-03
-6.0321e-03
-7.0444e-03
-8.0244e-03
-8.9337e-03
-9.5605e-03
-9.8534e-03
-9.9600e-03
-1.0005e-02
-1.0027e-02
-1.0043e-02
-1.0069e-02
-1.0099e-02
-1.0107e-02
-1.0057e-02
-9.9314e-03
-9.7492e-03
-9.5846e-03
-9.5743e-03
-9.8987e-03
-1.0725e-02
-1.2103e-02
-1.3819e-02
-1.5292e-02
-1.5847e-02
-1.5140e-02
-1.3225e-02
-1.0248e-02
-6.3296e-03
-1.7590e-03
3.0421e-03
7.5900e-03
1.1556e-02
1.4926e-02
1.7775e-02
2.0180e-02
2.2328e-02
2.4309e-02
2.5689e-02
2.5752e-02
2.4232e-02
2.1519e-02
1.8415e-02
1.5644e-02
1.3653e-02
1.2601e-02
1.2233e-02
1.2224e-02
1.2404e-02
1.2646e-02
1.2790e-02
1.2654e-02
1.2066e-02
1.0899e-02
9.1567e-03
7.0775e-03
4.9333e-03
2.6538e-03
5.4058e-05
-2.6320e-03
-5.1056e-03
-7.3651e-03
-9.1607e-03
-1.0204e-02
-1.0703e-02
-1.0936e-02
-1.0890e-02
-1.0400e-02
-9.3201e-03
-7.6139e-03
-5.4883e-03
-3.4858e-03
-1.9661e-03
-7.5372e-04
3.1079e-04
1.2939e-03
2.4526e-03
3.9681e-03
5.6530e-03
7.1664e-03
8.2326e-03
8.6539e-03
8.3586e-03
7.2812e-03
5.3858e-03
2.8570e-03
-2.2883e-05
-3.1884e-03
-6.5508e-03
-9.6949e-03
-1.2160e-02
-1.3734e-02
-1.4513e-02
-1.4723e-02
-1.4438e-02
-1.3589e-02
-1.2156e-02
-1.0325e-02
-8.5792e-03
-7.4504e-03
-7.0406e-03
-7.0563e-03
-7.1890e-03
-7.1805e-03
-6.7134e-03
-5.4466e-03
-3.1943e-03
-1.0859e-04
3.4660e-03
7.2660e-03
1.0852e-02
1.3622e-02
1.5359e-02
1.6295e-02
1.6744e-02
1.6769e-02
1.6206e-02
1.4827e-02
1.2503e-02
9.4092e-03
6.2196e-03
3.6737e-03
1.9405e-03
6.7331e-04
-5.6815e-04
-1.9513e-03
-3.3166e-03
-4.4979e-03
-5.4850e-03
-6.2476e-03
-6.7969e-03
-7.2291e-03
-7.5504e-03
-7.5944e-03
-7.0769e-03
-5.6939e-03
-3.2667e-03
1.6451e-05
3.4015e-03
6.0300e-03
7.6061e-03
8.3493e-03
8.6177e-03
8.6428e-03
8.5457e-03
8.4188e-03
8.3254e-03
8.2865e-03
8.2977e-03
8.3535e-03
8.4527e-03
8.5890e-03
8.7355e-03
8.8308e-03
8.7767e-03
8.4554e-03
7.7765e-03
6.7529e-03
5.6000e-03
4.7755e-03
4.6850e-03
5.4207e-03
6.9034e-03
8.8803e-03
1.0728e-02
1.1657e-02
1.1261e-02
9.5999e-03
6.9797e-03
3.9979e-03
1.2416e-03
-9.7750e-04
-2.4088e-03
-3.0509e-03
-3.2191e-03
-3.1998e-03
-3.1196e-03
-3.0367e-03
-2.9923e-03
-2.9973e-03
-3.0341e-03
-3.0782e-03
-3.1132e-03
-3.1318e-03
-3.1340e-03
-3.1232e-03
-3.1053e-03
-3.0867e-03
-3.0738e-03
-3.0723e-03
-3.0868e-03
-3.1177e-03
-3.1593e-03
-3.1968e-03
-3.2068e-03
-3.1635e-03
-3.0513e-03
-2.8842e-03
-2.7274e-03
-2.7126e-03
-3.0328e-03
-3.8995e-03
-5.4501e-03
-7.5880e-03
-9.8858e-03
-1.2052e-02
-1.4201e-02
-1.6221e-02
-1.7685e-02
-1.8442e-02
-1.8649e-02
-1.8326e-02
-1.7297e-02
-1.5435e-02
-1.2902e-02
-1.0246e-02
-7.9446e-03
-6.0964e-03
-4.7262e-03
-3.9115e-03
-3.6008e-03
-3.4637e-03
-3.1248e-03
-2.3489e-03
-1.0533e-03
6.2453e-04
2.2337e-03
3.2724e-03
3.7012e-03
3.9132e-03
4.3104e-03
5.1593e-03
6.6046e-03
8.5421e-03
1.0455e-02
1.1649e-02
1.1799e-02
1.0993e-02
9.4207e-03
7.4290e-03
5.7110e-03
4.7594e-03
4.4043e-03
4.3236e-03
4.3847e-03
4.5084e-03
4.5704e-03
4.4494e-03
4.0826e-03
3.4824e-03
2.7635e-03
2.1639e-03
1.8917e-03
1.8490e-03
1.6923e-03
1.3356e-03
9.2507e-04
3.5141e-04
-6.1136e-04
-1.9632e-03
-3.4254e-03
-4.7298e-03
-5.7733e-03
-6.4621e-03
-6.7913e-03
-6.8960e-03
-6.8986e-03
-6.8475e-03
-6.7651e-03
-6.6780e-03
-6.6160e-03
-6.6104e-03
-6.6937e-03
-6.8848e-03
-7.1574e-03
-7.4029e-03
-7.4063e-03
-6.8572e-03
-5.4240e-03
-2.9185e-03
4.9640e-04
4.3665e-03
8.2161e-03
1.1594e-02
1.4022e-02
1.5118e-02
1.4853e-02
1.3549e-02
1.1680e-02
9.8527e-03
8.3684e-03
6.9108e-03
5.1649e-03
3.3007e-03
1.8987e-03
1.2932e-03
1.1872e-03
1.1734e-03
1.0245e-03
5.5142e-04
-4.4059e-04
-2.0079e-03
-3.8849e-03
-5.4466e-03
-6.2842e-03
-6.6155e-03
-6.7727e-03
-6.8777e-03
-6.9660e-03
-7.0638e-03
-7.1324e-03
-7.0328e-03
-6.5674e-03
-5.5642e-03
-3.9907e-03
-2.1056e-03
-5.1857e-04
3.6283e-04
7.3794e-04
9.0643e-04
9.5300e-04
8.9027e-04
7.6268e-04
6.2042e-04
5.0125e-04
4.6174e-04
6.0068e-04
1.0455e-03
1.8983e-03
3.1418e-03
4.5644e-03
5.9622e-03
7.2401e-03
8.1147e-03
8.2374e-03
7.5114e-03
5.9821e-03
3.8216e-03
1.4817e-03
-7.1558e-04
-2.8565e-03
-4.8240e-03
-6.2049e-03
-6.8806e-03
-7.0594e-03
-6.8357e-03
-6.1098e-03
-4.8059e-03
-3.0548e-03
-1.2777e-03
5.4205e-05
8.5477e-04
1.3314e-03
1.5531e-03
1.3682e-03
5.7028e-04
-9.6704e-04
-3.1538e-03
-5.5296e-03
-7.4033e-03
-8.1312e-03
-7.1937e-03
-4.5170e-03
-7.4903e-04
3.3031e-03
7.0071e-03
9.7787e-03
1.1381e-02
1.2049e-02
1.2226e-02
1.2230e-02
1.2212e-02
1.2239e-02
1.2301e-02
1.2299e-02
1.2066e-02
1.1430e-02
1.0295e-02
8.7428e-03
7.1126e-03
5.7315e-03
4.4519e-03
2.7706e-03
3.9307e-04
-2.5544e-03
-6.0326e-03
-1.0245e-02
-1.4824e-02
-1.8897e-02
-2.2040e-02
-2.4212e-02
-2.5424e-02
-2.5909e-02
-2.5855e-02
-2.5185e-02
-2.3706e-02
-2.1338e-02
-1.8292e-02
-1.4964e-02
-1.1645e-02
-8.4533e-03
-5.4563e-03
-2.9064e-03
-1.0442e-03
1.7659e-04
6.5481e-04
2.3016e-04
-6.2593e-04
-1.0184e-03
-4.6219e-04
8.9644e-04
2.4931e-03
3.7671e-03
4.5843e-03
5.1099e-03
5.3919e-03
5.2843e-03
4.5849e-03
3.1280e-03
8.9214e-04
-1.8443e-03
-4.6248e-03
-7.1224e-03
-9.0151e-03
-1.0109e-02
-1.0629e-02
-1.0816e-02
-1.0636e-02
-9.9127e-03
-8.5038e-03
-6.4201e-03
-3.9545e-03
-1.5299e-03
6.4410e-04
2.4289e-03
3.6119e-03
4.3030e-03
4.9804e-03
6.0496e-03
7.6167e-03
9.4488e-03
1.0969e-02
1.1793e-02
1.2130e-02
1.2294e-02
1.2397e-02
1.2479e-02
1.2578e-02
1.2683e-02
1.2683e-02
1.2397e-02
1.1644e-02
1.0333e-02
8.5891e-03
6.8656e-03
5.6847e-03
5.1518e-03
4.9948e-03
4.9663e-03
4.9299e-03
4.7531e-03
4.3082e-03
3.5581e-03
2.6375e-03
1.8590e-03
1.4220e-03
1.2112e-03
1.0595e-03
9.2086e-04
8.1723e-04
8.0350e-04
9.8432e-04
1.5013e-03
2.4585e-03
3.8051e-03
5.2534e-03
6.4930e-03
7.3265e-03
7.4311e-03
6.5631e-03
4.9623e-03
3.2532e-03
2.0220e-03
1.3904e-03
1.1247e-03
1.0384e-03
1.0662e-03
1.1539e-03
1.2383e-03
1.2847e-03
1.2917e-03
1.2704e-03
1.2309e-03
1.1823e-03
1.1349e-03
1.1038e-03
1.1083e-03
1.1685e-03
1.2937e-03
1.4656e-03
1.6202e-03
1.6376e-03
1.3517e-03
5.9340e-04
-7.2541e-04
-2.4803e-03
-4.2282e-03
-5.4548e-03
-6.0539e-03
-6.2782e-03
-6.3310e-03
-6.2811e-03
-6.1844e-03
-6.1127e-03
-6.1156e-03
-6.2031e-03
-6.3525e-03
-6.5065e-03
-6.5646e-03
-6.3860e-03
-5.8196e-03
-4.7673e-03
-3.2904e-03
-1.6902e-03
-3.0725e-04
6.5270e-04
1.1429e-03
1.3202e-03
1.3614e-03
1.3517e-03
1.3338e-03
1.3363e-03
1.3624e-03
1.3851e-03
1.3661e-03
1.2783e-03
1.1278e-03
9.7208e-04
9.3162e-04
1.1812e-03
1.9076e-03
3.2226e-03
5.0261e-03
6.8877e-03
8.2780e-03
9.0301e-03
9.2807e-03
9.0697e-03
8.2957e-03
6.9193e-03
5.1212e-03
3.3720e-03
2.1762e-03
1.6121e-03
1.3976e-03
1.3082e-03
1.2707e-03
1.2537e-03
1.2456e-03
1.2917e-03
1.4905e-03
1.9459e-03
2.6998e-03
3.6507e-03
4.5161e-03
5.0932e-03
5.4418e-03
5.6143e-03
5.4936e-03
4.8882e-03
3.6487e-03
1.7777e-03
-4.5834e-04
-2.7050e-03
-4.8831e-03
-6.9840e-03
-8.6043e-03
-9.4135e-03
-9.6790e-03
-9.7854e-03
-9.8750e-03
-9.9665e-03
-1.0056e-02
-1.0083e-02
-9.9032e-03
-9.3423e-03
-8.2833e-03
-6.7851e-03
-5.1635e-03
-3.7870e-03
-2.8918e-03
-2.5387e-03
-2.5420e-03
-2.6298e-03
-2.5434e-03
-2.0094e-03
-7.7938e-04
1.2214e-03
3.7385e-03
6.3574e-03
8.8496e-03
1.1002e-02
1.2435e-02
1.2983e-02
1.2777e-02
1.1905e-02
1.0382e-02
8.4077e-03
6.4875e-03
4.8957e-03
3.3425e-03
1.6166e-03
2.7819e-06
-1.1177e-03
-1.8458e-03
-2.6512e-03
-3.8645e-03
-5.4947e-03
-7.2653e-03
-8.8727e-03
-1.0367e-02
-1.1992e-02
-1.3662e-02
-1.4809e-02
-1.4808e-02
-1.3616e-02
-1.1795e-02
-9.8902e-03
-7.9693e-03
-5.9335e-03
-4.0664e-03
-2.8396e-03
-2.3067e-03
-2.1436e-03
-2.1069e-03
-2.1294e-03
-2.1788e-03
-2.2136e-03
-2.2143e-03
-2.1893e-03
-2.1549e-03
-2.1226e-03
-2.0992e-03
-2.0894e-03
-2.0961e-03
-2.1193e-03
-2.1554e-03
-2.1945e-03
-2.2197e-03
-2.2087e-03
-2.1415e-03
-2.0132e-03
-1.8493e-03
-1.7196e-03
-1.7383e-03
-2.0432e-03
-2.7415e-03
-3.8237e-03
-5.0504e-03
-5.9006e-03
-5.8613e-03
-4.7077e-03
-2.4130e-03
8.0753e-04
4.5128e-03
8.1825e-03
1.0749e-02
1.0996e-02
9.3035e-03
7.0374e-03
4.8190e-03
2.9970e-03
1.9354e-03
1.5250e-03
1.4449e-03
1.5078e-03
1.6269e-03
1.7337e-03
1.7882e-03
1.7968e-03
1.7890e-03
1.7888e-03
1.8000e-03
1.8050e-03
1.7694e-03
1.6538e-03
1.4335e-03
1.1236e-03
8.0437e-04
6.3977e-04
8.8463e-04
1.7466e-03
2.7313e-03
2.8888e-03
2.3393e-03
1.9322e-03
1.8705e-03
1.9292e-03
2.0252e-03
2.1491e-03
2.1705e-03
1.8584e-03
1.0040e-03
-4.6420e-04
-2.3471e-03
-4.0655e-03
-4.9169e-03
-4.6039e-03
-3.2831e-03
-1.3102e-03
7.6487e-04
2.5775e-03
4.2301e-03
5.7546e-03
7.0224e-03
7.9918e-03
8.5193e-03
8.4625e-03
7.9602e-03
7.3030e-03
6.7846e-03
6.4684e-03
6.0385e-03
5.1315e-03
3.8527e-03
2.6707e-03
1.6702e-03
5.2523e-04
-9.0792e-04
-2.3925e-03
-3.6722e-03
-4.6704e-03
-5.3171e-03
-5.6140e-03
-5.6977e-03
-5.6975e-03
-5.6742e-03
-5.6609e-03
-5.6833e-03
-5.7462e-03
-5.8249e-03
-5.8679e-03
-5.8047e-03
-5.5580e-03
-5.0701e-03
-4.3458e-03
-3.5142e-03
-2.8396e-03
-2.4326e-03
-2.0482e-03
-1.3673e-03
-2.2100e-04
1.3653e-03
3.1172e-03
4.7186e-03
6.2172e-03
7.8853e-03
9.6853e-03
1.1093e-02
1.1503e-02
1.0817e-02
9.4667e-03
8.0749e-03
7.1171e-03
6.5567e-03
5.9400e-03
4.8212e-03
3.0101e-03
9.0779e-04
-6.7940e-04
-1.4763e-03
-1.8157e-03
-1.9738e-03
-2.0055e-03
-1.9468e-03
-1.8746e-03
-1.8434e-03
-1.8600e-03
-1.9061e-03
-1.9560e-03
-1.9812e-03
-1.9546e-03
-1.8621e-03
-1.7172e-03
-1.5758e-03
-1.5444e-03
-1.7731e-03
-2.4201e-03
-3.5795e-03
-5.1643e-03
-6.8139e-03
-8.1176e-03
-8.9366e-03
-9.3822e-03
-9.6206e-03
-9.7258e-03
-9.6769e-03
-9.4047e-03
-8.8171e-03
-7.8471e-03
-6.5494e-03
-5.1728e-03
-3.9434e-03
-2.8830e-03
-1.8065e-03
-3.4918e-04
1.7138e-03
4.2080e-03
6.7675e-03
9.2032e-03
1.1319e-02
1.2727e-02
1.3244e-02
1.2986e-02
1.2042e-02
1.0443e-02
8.4283e-03
6.5085e-03
4.6942e-03
2.5839e-03
3.8102e-04
-1.5389e-03
-3.2995e-03
-5.1928e-03
-7.0753e-03
-8.5247e-03
-9.3141e-03
-9.4300e-03
-8.8854e-03
-7.6557e-03
-5.8374e-03
-3.8177e-03
-2.0572e-03
-6.5394e-04
5.2223e-04
1.3782e-03
1.7812e-03
1.8808e-03
1.8860e-03
1.8738e-03
1.8543e-03
1.8408e-03
1.8453e-03
1.8652e-03
1.8902e-03
1.9126e-03
1.9275e-03
1.9309e-03
1.9190e-03
1.8906e-03
1.8495e-03
1.8076e-03
1.7859e-03
1.8106e-03
1.9028e-03
2.0605e-03
2.2368e-03
2.3212e-03
2.1363e-03
1.4671e-03
1.3738e-04
-1.8509e-03
-4.1777e-03
-6.3774e-03
-8.2661e-03
-1.0046e-02
-1.1696e-02
-1.2667e-02
-1.2593e-02
-1.1560e-02
-9.7598e-03
-7.4513e-03
-4.9323e-03
-2.2698e-03
5.2508e-04
3.2504e-03
5.7415e-03
7.8006e-03
9.0546e-03
9.3246e-03
8.7336e-03
7.4339e-03
5.6337e-03
3.8204e-03
2.5619e-03
2.0001e-03
1.8840e-03
1.9821e-03
2.1653e-03
2.2797e-03
2.1237e-03
1.5201e-03
3.9826e-04
-1.1111e-03
-2.6099e-03
-3.6560e-03
-3.9548e-03
-3.3143e-03
-1.8570e-03
-1.7136e-04
1.0912e-03
1.7561e-03
2.0331e-03
2.0857e-03
1.9619e-03
1.7290e-03
1.5116e-03
1.4593e-03
1.7304e-03
2.4732e-03
3.7593e-03
5.4590e-03
7.1350e-03
8.2873e-03
8.8272e-03
9.0264e-03
9.0558e-03
8.6303e-03
7.2954e-03
5.0763e-03
2.5133e-03
2.7006e-04
-1.2576e-03
-2.0673e-03
-2.3331e-03
-2.1007e-03
-1.2941e-03
1.0573e-04
1.9190e-03
3.6835e-03
4.8977e-03
5.4763e-03
5.6867e-03
5.7365e-03
5.6904e-03
5.5926e-03
5.5028e-03
5.4641e-03
5.4946e-03
5.5988e-03
5.7662e-03
5.9545e-03
6.0725e-03
5.9764e-03
5.4904e-03
4.4660e-03
2.8851e-03
1.0109e-03
-5.5527e-04
-1.4244e-03
-1.8186e-03
-2.0537e-03
-2.2097e-03
-2.2586e-03
-2.1590e-03
-1.8330e-03
-1.1758e-03
-1.4745e-04
1.1013e-03
2.1650e-03
2.6374e-03
2.3722e-03
1.5640e-03
5.6836e-04
-4.3554e-04
-1.4136e-03
-2.4688e-03
-3.7808e-03
-5.3473e-03
-6.8470e-03
-7.9133e-03
-8.4945e-03
-8.8382e-03
-9.2963e-03
-1.0150e-02
-1.1528e-02
-1.3310e-02
-1.5015e-02
-1.6042e-02
-1.6181e-02
-1.5623e-02
-1.4629e-02
-1.3486e-02
-1.2378e-02
-1.1276e-02
-1.0182e-02
-9.0360e-03
-7.5512e-03
-5.5672e-03
-3.3661e-03
-1.4202e-03
7.1012e-05
1.0937e-03
1.6676e-03
1.9593e-03
2.1417e-03
2.2510e-03
2.2110e-03
1.8845e-03
1.1163e-03
-1.8504e-04
-1.9067e-03
-3.6170e-03
-4.8116e-03
-5.3957e-03
-5.6348e-03
-5.7426e-03
-5.7880e-03
-5.8060e-03
-5.8177e-03
-5.7887e-03
-5.6262e-03
-5.2202e-03
-4.5030e-03
-3.5268e-03
-2.5037e-03
-1.5597e-03
-5.8432e-04
4.4078e-04
1.2559e-03
1.6702e-03
1.8116e-03
1.8559e-03
1.8529e-03
1.8088e-03
1.7485e-03
1.7027e-03
1.6917e-03
1.7302e-03
1.8279e-03
1.9761e-03
2.1272e-03
2.1816e-03
1.9887e-03
1.3786e-03
2.3353e-04
-1.3893e-03
-3.1522e-03
-4.6393e-03
-5.6554e-03
-6.1868e-03
-6.2094e-03
-5.5801e-03
-4.1240e-03
-1.8291e-03
9.8528e-04
3.8181e-03
6.3042e-03
8.0944e-03
8.9931e-03
9.2782e-03
9.3157e-03
9.2756e-03
9.2343e-03
9.2570e-03
9.3664e-03
9.5087e-03
9.5633e-03
9.3658e-03
8.7431e-03
7.5770e-03
5.9157e-03
4.0709e-03
2.3874e-03
8.1775e-04
-9.1881e-04
-2.8278e-03
-4.7133e-03
-6.4101e-03
-7.7580e-03
-8.5625e-03
-8.5601e-03
-7.6416e-03
-6.0137e-03
-4.1364e-03
-2.4448e-03
-9.7568e-04
4.6770e-04
1.8532e-03
3.0571e-03
4.1004e-03
4.8897e-03
5.3015e-03
5.4493e-03
5.5009e-03
5.5164e-03
5.5062e-03
5.4881e-03
5.4796e-03
5.4828e-03
5.4911e-03
5.4990e-03
5.5037e-03
5.5045e-03
5.5019e-03
5.4974e-03
5.4932e-03
5.4910e-03
5.4920e-03
5.4963e-03
5.5023e-03
5.5073e-03
5.5071e-03
5.4977e-03
5.4774e-03
5.4491e-03
5.4220e-03
5.4118e-03
5.4368e-03
5.5095e-03
5.6233e-03
5.7387e-03
5.7728e-03
5.6023e-03
5.0902e-03
4.1441e-03
2.8145e-03
1.3656e-03
6.3493e-05
-9.7452e-04
-1.6503e-03
-1.9663e-03
-2.0696e-03
-2.0925e-03
-2.0885e-03
-2.0739e-03
-2.0535e-03
-2.0187e-03
-1.9562e-03
-1.8690e-03
-1.7949e-03
-1.8117e-03
-2.0263e-03
-2.5408e-03
-3.3910e-03
-4.4565e-03
-5.4129e-03
-5.9912e-03
-6.1720e-03
-5.9435e-03
-5.1880e-03
-3.8372e-03
-2.0506e-03
-3.0056e-04
8.9487e-04
1.4455e-03
1.6305e-03
1.6838e-03
1.7014e-03
1.7472e-03
1.8646e-03
2.0217e-03
2.0933e-03
1.8888e-03
1.2092e-03
-6.3544e-05
-1.8298e-03
-3.6598e-03
-5.0070e-03
-5.5433e-03
-5.1884e-03
-4.0121e-03
-2.2344e-03
-3.4706e-04
1.0783e-03
1.8541e-03
2.1241e-03
1.9516e-03
1.2544e-03
-8.0123e-06
-1.6869e-03
-3.3844e-03
-4.6824e-03
-5.4459e-03
-5.7936e-03
-5.9107e-03
-5.9149e-03
-5.8629e-03
-5.7953e-03
-5.7403e-03
-5.7109e-03
-5.7128e-03
-5.7555e-03
-5.8486e-03
-5.9873e-03
-6.1326e-03
-6.1935e-03
-6.0219e-03
-5.4357e-03
-4.2829e-03
-2.5613e-03
-5.3535e-04
1.4654e-03
3.4334e-03
5.4926e-03
7.3701e-03
8.5490e-03
8.8708e-03
8.5392e-03
7.7300e-03
6.5598e-03
5.1451e-03
3.4908e-03
1.6136e-03
-1.5432e-04
-1.3490e-03
-1.9007e-03
-2.0979e-03
-2.1608e-03
-2.1513e-03
-2.1037e-03
-2.0627e-03
-2.0512e-03
-2.0632e-03
-2.0840e-03
-2.1033e-03
-2.1168e-03
-2.1238e-03
-2.1267e-03
-2.1283e-03
-2.1306e-03
-2.1327e-03
-2.1312e-03
-2.1220e-03
-2.1028e-03
-2.0761e-03
-2.0510e-03
-2.0438e-03
-2.0733e-03
-2.1518e-03
-2.2720e-03
-2.3920e-03
-2.4266e-03
-2.2524e-03
-1.7374e-03
-8.0365e-04
4.7295e-04
1.7945e-03
2.8671e-03
3.5487e-03
3.6157e-03
2.9639e-03
1.9321e-03
8.6404e-04
-2.0439e-04
-1.1847e-03
-1.8434e-03
-2.1210e-03
-2.1714e-03
-2.1322e-03
-2.0586e-03
-1.9914e-03
-1.9812e-03
-2.0650e-03
-2.2436e-03
-2.4679e-03
-2.6227e-03
-2.5195e-03
-1.9188e-03
-6.0607e-04
1.4658e-03
4.0228e-03
6.6266e-03
9.0167e-03
1.0952e-02
1.2052e-02
1.2213e-02
1.1711e-02
1.0889e-02
1.0046e-02
9.2885e-03
8.4048e-03
7.1701e-03
5.6099e-03
4.0397e-03
2.7797e-03
1.7199e-03
4.4699e-04
-1.2492e-03
-3.1490e-03
-4.6701e-03
-5.4551e-03
-5.7438e-03
-5.8606e-03
-5.9156e-03
-5.9487e-03
-6.0139e-03
-6.1219e-03
-6.1898e-03
-6.0549e-03
-5.5165e-03
-4.4056e-03
-2.7024e-03
-6.5628e-04
1.4105e-03
3.4830e-03
5.6552e-03
7.5976e-03
8.7151e-03
8.7676e-03
7.9121e-03
6.3628e-03
4.4508e-03
2.8210e-03
1.9229e-03
1.5734e-03
1.4556e-03
1.4540e-03
1.5277e-03
1.6132e-03
1.6604e-03
1.6634e-03
1.6405e-03
1.6103e-03
1.5845e-03
1.5690e-03
1.5642e-03
1.5668e-03
1.5722e-03
1.5767e-03
1.5789e-03
1.5792e-03
1.5796e-03
1.5822e-03
1.5881e-03
1.5964e-03
1.6033e-03
1.6031e-03
1.5899e-03
1.5607e-03
1.5197e-03
1.4804e-03
1.4659e-03
1.5036e-03
1.6118e-03
1.7819e-03
1.9578e-03
2.0226e-03
1.8049e-03
1.1193e-03
-1.4823e-04
-1.9042e-03
-3.7334e-03
-5.1064e-03
-5.7569e-03
-5.5003e-03
-4.4106e-03
-2.6338e-03
-5.5939e-04
1.3429e-03
2.9329e-03
4.2623e-03
5.1182e-03
5.2094e-03
4.5243e-03
3.1905e-03
1.4133e-03
-3.5464e-04
-1.5908e-03
-2.1845e-03
-2.3990e-03
-2.4530e-03
-2.4241e-03
-2.3647e-03
-2.3318e-03
-2.3510e-03
-2.4070e-03
-2.4639e-03
-2.4818e-03
-2.4285e-03
-2.2943e-03
-2.1107e-03
-1.9678e-03
-2.0173e-03
-2.4511e-03
-3.4399e-03
-5.0253e-03
-6.9611e-03
-8.6440e-03
-9.6393e-03
-1.0060e-02
-1.0067e-02
-9.5815e-03
-8.4854e-03
-6.8214e-03
-4.9029e-03
-3.3369e-03
-2.5033e-03
-2.1855e-03
-2.0720e-03
-2.0583e-03
-2.1104e-03
-2.1691e-03
-2.1858e-03
-2.1534e-03
-2.0894e-03
-2.0170e-03
-1.9605e-03
-1.9440e-03
-1.9854e-03
-2.0854e-03
-2.2157e-03
-2.3092e-03
-2.2601e-03
-1.9423e-03
-1.2562e-03
-2.0307e-04
1.0141e-03
1.9425e-03
2.1343e-03
1.4236e-03
5.3006e-05
-1.4826e-03
-2.9836e-03
-4.5001e-03
-5.7927e-03
-6.2360e-03
-5.5495e-03
-4.2700e-03
-3.0515e-03
-2.1979e-03
-1.7794e-03
-1.6819e-03
-1.7285e-03
-1.7418e-03
-1.5248e-03
-8.8888e-04
2.5976e-04
1.8058e-03
3.3484e-03
4.4347e-03
4.9839e-03
5.2294e-03
5.3450e-03
5.3599e-03
5.2605e-03
5.0219e-03
4.5999e-03
3.9644e-03
3.1752e-03
2.4350e-03
1.9757e-03
1.8408e-03
1.8936e-03
1.9782e-03
1.9515e-03
1.6481e-03
9.1607e-04
-2.8454e-04
-1.7643e-03
-3.0341e-03
-3.5465e-03
-3.1453e-03
-2.1027e-03
-8.3980e-04
3.1026e-04
1.1462e-03
1.5903e-03
1.7497e-03
1.7692e-03
1.7270e-03
1.6648e-03
1.6119e-03
1.5793e-03
1.5590e-03
1.5379e-03
1.5104e-03
1.4842e-03
1.4773e-03
1.5117e-03
1.5997e-03
1.7278e-03
1.8411e-03
1.8373e-03
1.5795e-03
9.3669e-04
-1.4221e-04
-1.5228e-03
-2.8057e-03
-3.5186e-03
-3.4898e-03
-2.8491e-03
-1.7997e-03
-6.1212e-04
4.3641e-04
1.1644e-03
1.5245e-03
1.6349e-03
1.6314e-03
1.5811e-03
1.5186e-03
1.4694e-03
1.4446e-03
1.4388e-03
1.4408e-03
1.4414e-03
1.4361e-03
1.4239e-03
1.4063e-03
1.3856e-03
1.3643e-03
1.3439e-03
1.3251e-03
1.3076e-03
1.2909e-03
1.2744e-03
1.2576e-03
1.2404e-03
1.2227e-03
1.2046e-03
1.1863e-03
1.1679e-03
1.1495e-03
1.1312e-03
1.1127e-03
1.0942e-03
1.0755e-03
1.0567e-03
1.0377e-03
1.0188e-03
1.0000e-03
9.8153e-04
9.6337e-04
9.4534e-04
9.2706e-04
9.0796e-04
8.8754e-04
8.6557e-04
8.4249e-04
8.1953e-04
7.9873e-04
7.8238e-04
7.7204e-04
7.6718e-04
7.6402e-04
7.5508e-04
7.3054e-04
6.8173e-04
6.0694e-04
5.1832e-04
4.4728e-04
4.4484e-04
5.7255e-04
8.8024e-04
1.3704e-03
1.9501e-03
2.4100e-03
2.5515e-03
2.3120e-03
1.8012e-03
1.2167e-03
6.9166e-04
3.1139e-04
1.0617e-04
5.0040e-05
1.2383e-04
3.2729e-04
6.4411e-04
1.0061e-03
1.2885e-03
1.4235e-03
1.4687e-03
1.4870e-03
1.4762e-03
1.3975e-03
1.2009e-03
8.3580e-04
2.7889e-04
-4.1528e-04
-1.0760e-03
-1.5167e-03
-1.7120e-03
-1.7674e-03
-1.7627e-03
-1.7239e-03
-1.6682e-03
-1.6152e-03
-1.5745e-03
-1.5443e-03
-1.5190e-03
-1.4943e-03
-1.4677e-03
-1.4382e-03
-1.4062e-03
-1.3728e-03
-1.3390e-03
-1.3058e-03
-1.2734e-03
-1.2420e-03
-1.2113e-03
-1.1809e-03
-1.1508e-03
-1.1209e-03
-1.0910e-03
-1.0612e-03
-1.0316e-03
-1.0024e-03
-9.7341e-04
-9.4479e-04
-9.1649e-04
-8.8852e-04
-8.6084e-04
-8.3345e-04
-8.0636e-04
-7.7959e-04
-7.5320e-04
-7.2724e-04
-7.0174e-04
-6.7670e-04
-6.5205e-04
-6.2769e-04
-6.0344e-04
-5.7916e-04
-5.5484e-04
-5.3063e-04
-5.0693e-04
-4.8435e-04
-4.6351e-04
-4.4476e-04
-4.2782e-04
-4.1146e-04
-3.9353e-04
-3.7139e-04
-3.4297e-04
-3.0830e-04
-2.7124e-04
-2.4056e-04
-2.2957e-04
-2.5318e-04
-3.2200e-04
-4.3336e-04
-5.6058e-04
-6.4806e-04
-6.4127e-04
-5.3461e-04
-3.7055e-04
-2.0765e-04
-9.1848e-05
-3.0677e-05
-3.9815e-06
6.7391e-06
1.3776e-05
3.0099e-05
6.8048e-05
1.3306e-04
2.1812e-04
3.0243e-04
3.6520e-04
3.9503e-04
3.8990e-04
3.5872e-04
3.1268e-04
2.6242e-04
2.2064e-04
1.9164e-04
1.6544e-04
1.3142e-04
8.7525e-05
4.0796e-05
6.7075e-06
-5.8020e-08
2.3147e-05
6.6014e-05
1.0986e-04
1.3898e-04
1.5144e-04
1.5408e-04
1.5191e-04
1.4686e-04
1.4058e-04
1.3461e-04
1.2967e-04
1.2567e-04
1.2222e-04
1.1898e-04
1.1573e-04
1.1240e-04
1.0897e-04
1.0553e-04
1.0214e-04
9.8861e-05
9.5717e-05
9.2708e-05
8.9822e-05
8.7039e-05
8.4344e-05
8.1725e-05
7.9180e-05
7.6706e-05
7.4306e-05
7.1978e-05
6.9725e-05
6.7543e-05
6.5432e-05
6.3387e-05
6.1406e-05
5.9486e-05
5.7626e-05
5.5822e-05
5.4073e-05
5.2377e-05
5.0732e-05
4.9136e-05
4.7588e-05
4.6084e-05
4.4625e-05
4.3206e-05
4.1827e-05
4.0486e-05
3.9181e-05
3.7911e-05
3.6673e-05
3.5467e-05
3.4291e-05
3.3144e-05
3.2023e-05
3.0928e-05
2.9858e-05
2.8811e-05
2.7786e-05
2.6781e-05
2.5797e-05
2.4831e-05
2.3883e-05
2.2953e-05
2.2038e-05
2.1139e-05
2.0254e-05
1.9384e-05
1.8528e-05
1.7684e-05
1.6853e-05
1.6034e-05
1.5228e-05
1.4433e-05
1.3650e-05
1.2879e-05
1.2118e-05
