-3.9496e-05
-3.9644e-05
-4.0538e-05
-4.0985e-05
-4.2182e-05
-4.2832e-05
-4.4038e-05
-4.5128e-05
-4.7597e-05
-4.9713e-05
-5.2577e-05
-5.4592e-05
-5.5959e-05
-5.4057e-05
-4.9688e-05
-4.1511e-05
-3.1224e-05
-1.9776e-05
-1.2521e-05
-7.8415e-06
-4.7558e-06
-9.8138e-07
2.2040e-06
3.7315e-06
-3.6637e-07
-9.8122e-06
-2.8294e-05
-5.0445e-05
-6.5907e-05
-7.2688e-05
-7.2541e-05
-6.3453e-05
-4.7764e-05
-3.3815e-05
-3.0022e-05
-4.3515e-05
-6.5517e-05
-8.0041e-05
-8.7671e-05
-8.9619e-05
-8.9770e-05
-8.8476e-05
-8.8683e-05
-9.3155e-05
-1.0904e-04
-1.3846e-04
-1.7328e-04
-2.0926e-04
-2.3544e-04
-2.4654e-04
-2.4286e-04
-2.1715e-04
-1.7444e-04
-1.0366e-04
-1.8434e-05
5.0215e-05
1.0672e-04
1.5294e-04
1.9531e-04
2.3318e-04
2.7366e-04
3.2714e-04
3.6708e-04
3.9088e-04
3.9387e-04
3.7452e-04
3.3801e-04
3.1940e-04
3.2183e-04
3.3610e-04
3.4623e-04
3.3467e-04
2.8700e-04
2.1495e-04
1.0472e-04
-2.5990e-05
-1.4482e-04
-2.3308e-04
-3.0310e-04
-3.5204e-04
-4.0704e-04
-4.9937e-04
-6.0337e-04
-7.0863e-04
-7.6332e-04
-7.4742e-04
-6.7041e-04
-5.7730e-04
-4.8883e-04
-4.4267e-04
-4.3925e-04
-4.5389e-04
-4.7671e-04
-4.9040e-04
-4.8181e-04
-4.3371e-04
-3.5298e-04
-2.9136e-04
-2.4996e-04
-2.0935e-04
-1.8654e-04
-2.2676e-04
-2.7439e-04
-2.9726e-04
-3.1010e-04
-3.1036e-04
-3.1455e-04
-3.1796e-04
-3.2523e-04
-3.2447e-04
-3.2040e-04
-3.1446e-04
-3.3684e-04
-4.1256e-04
-5.6034e-04
-7.1825e-04
-8.8660e-04
-1.0254e-03
-1.1589e-03
-1.2878e-03
-1.3095e-03
-1.2039e-03
-1.0526e-03
-8.5881e-04
-6.7095e-04
-4.8964e-04
-3.7855e-04
-3.6906e-04
-4.8486e-04
-7.6421e-04
-1.1322e-03
-1.5018e-03
-1.8055e-03
-2.0213e-03
-2.0206e-03
-1.7487e-03
-1.3164e-03
-8.6923e-04
-5.8355e-04
-5.8496e-04
-8.0457e-04
-9.8223e-04
-9.2372e-04
-4.7959e-04
3.3370e-04
1.3087e-03
2.1923e-03
2.7600e-03
2.9444e-03
2.8326e-03
2.5279e-03
2.2000e-03
1.9243e-03
1.5757e-03
1.0928e-03
4.5643e-04
-3.1255e-04
-1.0429e-03
-1.6566e-03
-2.0798e-03
-2.2220e-03
-2.1290e-03
-1.9011e-03
-1.7242e-03
-1.6533e-03
-1.6916e-03
-1.8990e-03
-2.2935e-03
-2.7626e-03
-3.1761e-03
-3.5397e-03
-3.7018e-03
-3.5939e-03
-3.1984e-03
-2.6254e-03
-1.9939e-03
-1.3568e-03
-7.3256e-04
-1.0824e-04
5.3525e-04
1.2135e-03
1.9185e-03
2.5970e-03
3.1414e-03
3.4364e-03
3.4889e-03
3.2845e-03
2.7909e-03
2.1662e-03
1.5952e-03
1.1948e-03
9.2404e-04
8.1706e-04
7.4185e-04
4.8414e-04
-1.2295e-05
-5.2616e-04
-7.4118e-04
-5.8953e-04
-1.2105e-04
3.8807e-04
7.3935e-04
1.0217e-03
1.3335e-03
1.5341e-03
1.5878e-03
1.4571e-03
1.0946e-03
5.9639e-04
-3.9842e-05
-6.1289e-04
-8.2621e-04
-6.3990e-04
-1.0977e-04
4.6490e-04
8.5265e-04
1.0948e-03
1.2397e-03
1.1414e-03
9.5181e-04
6.2258e-04
4.6123e-05
-5.9746e-04
-1.1125e-03
-1.4575e-03
-1.4708e-03
-1.2346e-03
-1.0660e-03
-9.3224e-04
-6.3067e-04
-9.5636e-06
7.7272e-04
1.4300e-03
1.7749e-03
1.8921e-03
1.9298e-03
1.8951e-03
1.6980e-03
1.1938e-03
4.6226e-04
-4.2267e-04
-9.7593e-04
-1.0192e-03
-5.6139e-04
3.3303e-04
1.1402e-03
1.7365e-03
1.9439e-03
1.7413e-03
1.2645e-03
7.5866e-04
3.1576e-04
2.9004e-05
-2.0583e-04
-6.1126e-04
-1.1273e-03
-1.8974e-03
-2.7913e-03
-3.6248e-03
-4.2680e-03
-4.7784e-03
-4.9745e-03
-4.8225e-03
-4.3787e-03
-3.8287e-03
-3.1609e-03
-2.4667e-03
-1.7814e-03
-8.5541e-04
2.3682e-04
1.1847e-03
2.1034e-03
2.8810e-03
3.2115e-03
2.9916e-03
2.1335e-03
8.5500e-04
-4.2972e-04
-1.1418e-03
-1.1715e-03
-5.9808e-04
4.3645e-04
1.3035e-03
1.8265e-03
1.8311e-03
1.4465e-03
1.1374e-03
1.0036e-03
9.9452e-04
1.0395e-03
1.0765e-03
1.0888e-03
1.0752e-03
1.0517e-03
1.0313e-03
1.0423e-03
1.0966e-03
1.1759e-03
1.1655e-03
8.7661e-04
1.3775e-04
-9.1242e-04
-2.0661e-03
-3.1238e-03
-3.9035e-03
-4.3375e-03
-4.6579e-03
-5.0221e-03
-5.2627e-03
-5.4013e-03
-5.5157e-03
-5.5380e-03
-5.2912e-03
-4.5000e-03
-3.1469e-03
-1.3297e-03
5.4415e-04
2.1017e-03
3.2845e-03
4.0578e-03
4.3139e-03
4.1653e-03
3.7053e-03
3.1101e-03
2.2540e-03
1.1723e-03
1.9928e-05
-9.9133e-04
-1.5737e-03
-1.5616e-03
-1.2652e-03
-7.4673e-04
1.9867e-05
7.0927e-04
1.0338e-03
1.0686e-03
1.0139e-03
1.0758e-03
1.3983e-03
1.9162e-03
2.1935e-03
1.9689e-03
1.1767e-03
1.0403e-04
-8.0629e-04
-1.1945e-03
-9.6880e-04
-1.7596e-04
9.2499e-04
2.0405e-03
2.9837e-03
3.6170e-03
3.9963e-03
3.9592e-03
3.6130e-03
3.3634e-03
3.2283e-03
3.0420e-03
2.6259e-03
1.9648e-03
9.0452e-04
-3.7567e-04
-1.3677e-03
-2.0008e-03
-2.0586e-03
-1.4883e-03
-5.4661e-04
6.8358e-04
1.6567e-03
2.1621e-03
2.4860e-03
2.8954e-03
3.3582e-03
3.9492e-03
4.5508e-03
5.1324e-03
5.4860e-03
5.5083e-03
5.1573e-03
4.3965e-03
3.5452e-03
2.9338e-03
2.6634e-03
2.9158e-03
3.4206e-03
3.9622e-03
4.3026e-03
4.4071e-03
4.4076e-03
4.2858e-03
4.0342e-03
3.6101e-03
3.1914e-03
2.6482e-03
1.9028e-03
7.3136e-04
-6.8357e-04
-1.6843e-03
-1.9574e-03
-1.6738e-03
-1.2437e-03
-7.0398e-04
6.2698e-06
6.3279e-04
9.5840e-04
1.1363e-03
1.3887e-03
1.7835e-03
2.0856e-03
2.2341e-03
2.2279e-03
1.9833e-03
1.4638e-03
8.0312e-04
5.1290e-06
-7.0675e-04
-1.0537e-03
-1.1480e-03
-1.1313e-03
-1.1110e-03
-1.1079e-03
-1.0976e-03
-1.0391e-03
-9.5915e-04
-9.8461e-04
-1.3349e-03
-2.1489e-03
-3.1791e-03
-4.0147e-03
-4.3256e-03
-4.1222e-03
-3.6313e-03
-3.2631e-03
-3.1569e-03
-3.2638e-03
-3.5306e-03
-3.7599e-03
-3.6517e-03
-3.3468e-03
-2.9214e-03
-2.3958e-03
-2.1784e-03
-2.3700e-03
-2.9402e-03
-3.5540e-03
-4.0240e-03
-4.0343e-03
-3.6433e-03
-3.2886e-03
-3.1610e-03
-3.3428e-03
-3.8950e-03
-4.6333e-03
-5.5252e-03
-6.2071e-03
-6.2338e-03
-5.5656e-03
-4.5632e-03
-3.6017e-03
-2.9097e-03
-2.4279e-03
-2.2458e-03
-2.2166e-03
-2.0644e-03
-1.5747e-03
-7.0254e-04
6.5106e-04
2.1074e-03
3.2796e-03
3.8408e-03
3.4438e-03
2.3571e-03
8.8416e-04
-6.5092e-04
-1.7949e-03
-2.4627e-03
-2.9719e-03
-3.3933e-03
-3.9335e-03
-4.5788e-03
-5.3851e-03
-6.1300e-03
-6.5168e-03
-6.5698e-03
-6.3383e-03
-5.8527e-03
-5.2658e-03
-4.4507e-03
-3.4259e-03
-2.2940e-03
-1.1328e-03
-9.3997e-05
6.5572e-04
1.0368e-03
1.3050e-03
1.7289e-03
2.3014e-03
3.1550e-03
4.1512e-03
5.0370e-03
5.6740e-03
6.1379e-03
6.3695e-03
6.5080e-03
6.7726e-03
7.1690e-03
7.4590e-03
7.5888e-03
7.6351e-03
7.5680e-03
7.3500e-03
6.8977e-03
6.3156e-03
5.4660e-03
4.4221e-03
3.3673e-03
2.4573e-03
1.8128e-03
1.3448e-03
1.1611e-03
1.1546e-03
1.0762e-03
7.3404e-04
5.6999e-05
-6.2429e-04
-1.0140e-03
-1.2167e-03
-1.4420e-03
-1.7633e-03
-2.0040e-03
-2.2162e-03
-2.5538e-03
-2.9582e-03
-3.0757e-03
-2.7264e-03
-2.0111e-03
-8.0039e-04
6.4446e-04
1.7121e-03
2.1513e-03
2.1900e-03
2.1406e-03
2.2874e-03
2.7702e-03
3.4599e-03
4.3174e-03
5.0622e-03
5.3342e-03
5.1756e-03
4.7430e-03
4.3751e-03
4.0439e-03
3.5976e-03
3.0608e-03
2.2650e-03
1.2389e-03
1.2543e-04
-1.0088e-03
-2.0488e-03
-2.9236e-03
-3.5667e-03
-4.1021e-03
-4.3666e-03
-4.3405e-03
-4.0597e-03
-3.6122e-03
-3.3183e-03
-3.2245e-03
-3.2309e-03
-3.2770e-03
-3.2841e-03
-3.2498e-03
-3.1894e-03
-3.2161e-03
-3.4508e-03
-3.9843e-03
-4.6107e-03
-5.2380e-03
-5.5216e-03
-5.2620e-03
-4.4250e-03
-3.2795e-03
-2.2524e-03
-1.7204e-03
-1.8483e-03
-2.1570e-03
-2.2888e-03
-2.0279e-03
-1.2307e-03
-1.4565e-04
9.2809e-04
1.7340e-03
2.1841e-03
2.5045e-03
2.8759e-03
3.1133e-03
3.2354e-03
3.2927e-03
3.2652e-03
3.0628e-03
2.5904e-03
1.8929e-03
8.6690e-04
-3.2246e-04
-1.2242e-03
-1.9679e-03
-2.5502e-03
-3.0192e-03
-3.1722e-03
-2.9631e-03
-2.5540e-03
-2.2823e-03
-2.2095e-03
-2.1672e-03
-1.9845e-03
-1.5157e-03
-8.8854e-04
-8.8340e-05
6.5656e-04
1.0804e-03
1.2480e-03
1.1807e-03
7.9167e-04
1.0996e-06
-9.5303e-04
-1.7616e-03
-2.2448e-03
-2.5291e-03
-2.7003e-03
-2.5803e-03
-2.3416e-03
-1.9209e-03
-1.1353e-03
-2.0293e-04
6.4895e-04
1.2713e-03
1.8345e-03
2.3311e-03
2.8942e-03
3.4450e-03
3.9765e-03
4.3052e-03
4.4019e-03
4.3112e-03
4.0042e-03
3.5586e-03
3.2582e-03
3.1505e-03
3.1560e-03
3.2409e-03
3.3278e-03
3.3118e-03
3.0063e-03
2.2722e-03
1.2453e-03
1.1554e-04
-1.0044e-03
-2.0225e-03
-2.8954e-03
-3.6299e-03
-4.3566e-03
-4.8318e-03
-4.7410e-03
-4.2676e-03
-3.4148e-03
-2.3217e-03
-1.1830e-03
-1.2268e-04
7.1831e-04
1.2925e-03
1.7542e-03
2.0990e-03
2.4616e-03
2.9330e-03
3.2139e-03
3.2205e-03
2.9455e-03
2.4833e-03
2.1723e-03
2.0832e-03
2.1270e-03
2.2166e-03
2.1926e-03
1.9226e-03
1.3520e-03
7.4203e-04
2.5784e-04
2.2765e-04
6.8322e-04
1.2670e-03
1.8331e-03
2.1138e-03
2.1335e-03
2.0806e-03
2.1235e-03
2.4111e-03
2.9042e-03
3.2606e-03
3.2979e-03
2.9455e-03
2.2048e-03
1.4619e-03
1.0504e-03
9.4605e-04
1.0066e-03
1.1320e-03
1.1972e-03
1.0878e-03
6.7320e-04
1.4066e-05
-4.6817e-04
-3.8169e-04
4.2532e-05
6.8946e-04
1.3321e-03
1.8949e-03
2.1825e-03
2.1461e-03
1.8598e-03
1.4029e-03
1.1117e-03
1.0048e-03
9.9820e-04
1.0280e-03
1.0648e-03
1.1013e-03
1.1243e-03
1.0608e-03
8.1662e-04
3.4151e-04
-1.8065e-04
-7.6645e-04
-1.3224e-03
-1.8980e-03
-2.4197e-03
-2.8885e-03
-3.2290e-03
-3.5288e-03
-3.9771e-03
-4.4422e-03
-5.0484e-03
-5.7338e-03
-6.5483e-03
-7.2095e-03
-7.3546e-03
-6.9956e-03
-6.3893e-03
-5.5244e-03
-4.5078e-03
-3.4515e-03
-2.3582e-03
-1.2189e-03
-4.0440e-05
1.0533e-03
1.8048e-03
1.9406e-03
1.5143e-03
8.3720e-04
-3.5838e-06
-7.3778e-04
-1.1074e-03
-1.2203e-03
-1.1967e-03
-1.0674e-03
-8.0153e-04
-4.1615e-04
-1.1769e-04
1.7185e-04
6.3493e-04
1.2313e-03
2.1056e-03
3.1137e-03
3.9452e-03
4.3692e-03
4.3970e-03
4.1028e-03
3.5343e-03
2.9603e-03
2.4396e-03
2.1624e-03
2.0950e-03
2.0991e-03
2.1237e-03
2.1345e-03
2.1542e-03
2.1814e-03
2.1938e-03
2.1072e-03
1.8458e-03
1.4285e-03
1.1313e-03
9.8487e-04
9.2978e-04
1.0027e-03
1.2761e-03
1.8073e-03
2.3919e-03
2.9532e-03
3.2398e-03
3.1871e-03
2.8909e-03
2.5144e-03
2.4738e-03
2.7710e-03
3.0593e-03
3.2576e-03
3.3985e-03
3.3997e-03
3.0799e-03
2.1958e-03
8.4332e-04
-6.7250e-04
-1.7733e-03
-2.2321e-03
-2.2781e-03
-2.1846e-03
-2.1345e-03
-2.2062e-03
-2.3348e-03
-2.3373e-03
-1.9197e-03
-9.1566e-04
3.8287e-04
1.3222e-03
1.7245e-03
1.3891e-03
5.7658e-04
-4.1419e-04
-1.0339e-03
-1.2181e-03
-1.2138e-03
-1.1153e-03
-1.0415e-03
-9.9688e-04
-1.0744e-03
-1.3421e-03
-1.8628e-03
-2.4075e-03
-2.9362e-03
-3.2416e-03
-3.3462e-03
-3.3211e-03
-3.1260e-03
-2.6838e-03
-2.0071e-03
-8.9302e-04
5.6788e-04
1.9045e-03
2.9368e-03
3.6188e-03
4.0419e-03
4.0427e-03
3.6184e-03
3.0322e-03
2.2642e-03
1.4698e-03
7.5630e-04
-1.4727e-05
-6.8986e-04
-1.0555e-03
-1.2181e-03
-1.2655e-03
-1.1677e-03
-7.8899e-04
-7.4348e-05
6.7850e-04
1.1074e-03
1.1653e-03
8.2748e-04
1.2804e-04
-6.6290e-04
-1.3327e-03
-1.9925e-03
-2.5312e-03
-2.9076e-03
-2.8942e-03
-2.5576e-03
-2.3125e-03
-2.2250e-03
-2.1693e-03
-1.9709e-03
-1.4945e-03
-8.7294e-04
-1.0263e-04
5.9870e-04
1.0348e-03
1.3914e-03
1.8067e-03
2.1072e-03
2.2650e-03
2.2441e-03
1.8895e-03
1.1170e-03
1.4542e-04
-7.2497e-04
-1.3496e-03
-1.8347e-03
-2.1846e-03
-2.5338e-03
-2.9755e-03
-3.1795e-03
-3.0638e-03
-2.6424e-03
-2.1208e-03
-1.4300e-03
-5.9057e-04
4.3155e-04
1.2677e-03
1.8460e-03
2.0976e-03
2.0971e-03
2.1281e-03
2.3433e-03
2.8631e-03
3.4412e-03
4.0093e-03
4.2769e-03
4.1851e-03
3.7586e-03
3.1215e-03
2.1230e-03
8.2890e-04
-4.3582e-04
-1.1472e-03
-1.2505e-03
-8.5749e-04
-7.4997e-05
6.6746e-04
1.0448e-03
1.1213e-03
1.0782e-03
1.0406e-03
1.0754e-03
1.1394e-03
1.1072e-03
7.9535e-04
1.1736e-04
-6.9066e-04
-1.3776e-03
-1.9471e-03
-2.2160e-03
-2.1789e-03
-1.9200e-03
-1.5163e-03
-1.2492e-03
-1.0405e-03
-7.2009e-04
-2.8373e-04
-7.2640e-05
-2.4090e-04
-7.5755e-04
-1.3503e-03
-1.8727e-03
-2.1081e-03
-2.1096e-03
-2.1558e-03
-2.4739e-03
-3.1836e-03
-3.9511e-03
-4.4103e-03
-4.4743e-03
-4.1269e-03
-3.3855e-03
-2.5632e-03
-1.9083e-03
-1.3956e-03
-1.1360e-03
-1.0574e-03
-1.0229e-03
-1.0666e-03
-1.2713e-03
-1.7642e-03
-2.4327e-03
-3.3046e-03
-4.0798e-03
-4.3618e-03
-4.0749e-03
-3.3390e-03
-2.5887e-03
-2.2175e-03
-2.1287e-03
-2.0535e-03
-1.6731e-03
-8.1346e-04
8.3448e-04
3.0316e-03
5.2571e-03
6.9674e-03
7.6609e-03
7.4424e-03
6.5641e-03
5.4775e-03
4.6254e-03
4.2333e-03
4.1902e-03
4.2960e-03
4.4293e-03
4.4307e-03
4.1301e-03
3.3657e-03
2.2897e-03
1.1064e-03
3.4931e-05
-7.1586e-04
-1.0349e-03
-1.1702e-03
-1.3944e-03
-1.7959e-03
-2.1284e-03
-2.3127e-03
-2.2985e-03
-1.9472e-03
-1.1820e-03
-2.2035e-04
6.6741e-04
1.3504e-03
1.9114e-03
2.2269e-03
2.2416e-03
1.9122e-03
1.1419e-03
1.7581e-04
-7.3218e-04
-1.4182e-03
-1.9499e-03
-2.1621e-03
-2.0247e-03
-1.5822e-03
-9.2939e-04
6.3045e-05
1.3562e-03
2.6433e-03
4.0265e-03
5.0864e-03
5.4933e-03
5.2608e-03
4.4283e-03
3.3018e-03
2.2184e-03
1.4382e-03
1.0949e-03
9.5122e-04
7.4977e-04
4.1680e-04
1.6350e-04
-5.0895e-05
-3.8041e-04
-8.1957e-04
-1.0834e-03
-1.0597e-03
-7.9144e-04
-4.1524e-04
-3.3969e-04
-5.9870e-04
-9.2465e-04
-1.3746e-03
-2.0796e-03
-2.8629e-03
-3.5496e-03
-4.1419e-03
-4.3905e-03
-4.1568e-03
-3.4295e-03
-2.3804e-03
-1.2341e-03
-8.1992e-05
9.5943e-04
1.8208e-03
2.4273e-03
2.9137e-03
3.1627e-03
3.2514e-03
3.2895e-03
3.2952e-03
3.2104e-03
2.9482e-03
2.5097e-03
2.1719e-03
2.0026e-03
2.0361e-03
2.3915e-03
3.1171e-03
3.9602e-03
4.6409e-03
5.0985e-03
5.0997e-03
4.6865e-03
4.2101e-03
3.6811e-03
3.1125e-03
2.2235e-03
9.1928e-04
-6.4119e-04
-2.0297e-03
-2.9789e-03
-3.3964e-03
-3.3699e-03
-2.9982e-03
-2.2974e-03
-1.5343e-03
-8.4605e-04
-9.3960e-05
6.6258e-04
1.2966e-03
1.9075e-03
2.2890e-03
2.3327e-03
1.8812e-03
8.0237e-04
-5.9008e-04
-1.6674e-03
-2.2269e-03
-2.5422e-03
-2.8713e-03
-3.1703e-03
-3.5461e-03
-4.0330e-03
-4.3378e-03
-4.3698e-03
-4.1236e-03
-3.6173e-03
-3.0947e-03
-2.5445e-03
-2.0256e-03
-1.4149e-03
-7.2488e-04
9.4734e-06
4.6769e-04
2.8527e-04
-2.3337e-04
-8.4588e-04
-1.1167e-03
-8.5360e-04
-1.3225e-04
6.6024e-04
1.1225e-03
1.2523e-03
1.0949e-03
7.0183e-04
2.1304e-04
3.4100e-05
2.8284e-04
8.0004e-04
1.1150e-03
9.2269e-04
1.3761e-04
-1.0164e-03
-2.1461e-03
-2.8989e-03
-2.9997e-03
-2.6381e-03
-2.2373e-03
-1.8881e-03
-1.5122e-03
-1.2052e-03
-7.3942e-04
2.0579e-05
7.5883e-04
1.0204e-03
6.7500e-04
-2.1461e-04
-1.1749e-03
-2.2217e-03
-3.2790e-03
-4.0626e-03
-4.3393e-03
-4.0733e-03
-3.4021e-03
-2.6467e-03
-2.0456e-03
-1.3850e-03
-5.9650e-04
4.3540e-04
1.3302e-03
1.9375e-03
2.0123e-03
1.4594e-03
5.7794e-04
-4.8590e-04
-1.1376e-03
-1.2446e-03
-8.5454e-04
-4.1777e-05
7.5955e-04
1.1560e-03
1.1045e-03
7.1334e-04
2.3723e-04
2.2760e-04
8.9262e-04
1.9847e-03
3.1638e-03
4.0778e-03
4.4321e-03
4.1981e-03
3.4246e-03
2.3397e-03
1.1623e-03
4.7378e-06
-9.9870e-04
-1.7287e-03
-2.1356e-03
-2.4801e-03
-2.9302e-03
-3.2840e-03
-3.4144e-03
-3.1591e-03
-2.2878e-03
-9.0856e-04
6.7868e-04
1.8689e-03
2.3183e-03
2.0499e-03
1.1706e-03
5.9176e-05
-8.4366e-04
-1.2053e-03
-9.5183e-04
-1.4608e-04
9.5101e-04
2.0287e-03
2.9189e-03
3.5224e-03
4.0078e-03
4.2881e-03
4.4280e-03
4.4368e-03
4.1664e-03
3.4314e-03
2.2934e-03
8.7278e-04
-6.0927e-04
-1.7258e-03
-2.3980e-03
-2.9521e-03
-3.4618e-03
-4.0770e-03
-4.6101e-03
-4.8681e-03
-4.5013e-03
-3.6016e-03
-2.3582e-03
-8.2976e-04
7.9948e-04
2.0569e-03
2.6406e-03
2.5286e-03
2.2082e-03
2.0187e-03
2.0887e-03
2.5383e-03
3.2289e-03
3.6890e-03
3.5141e-03
3.0145e-03
2.4940e-03
2.3985e-03
2.8284e-03
3.4459e-03
4.0771e-03
4.3647e-03
4.1674e-03
3.5113e-03
2.6019e-03
1.5863e-03
3.7831e-04
-6.3076e-04
-1.2903e-03
-1.8471e-03
-2.3326e-03
-2.9160e-03
-3.5253e-03
-4.0989e-03
-4.3463e-03
-4.0950e-03
-3.3895e-03
-2.5199e-03
-1.8287e-03
-1.3616e-03
-1.3531e-03
-1.7132e-03
-2.0881e-03
-2.4554e-03
-2.8766e-03
-3.1994e-03
-3.5322e-03
-3.9573e-03
-4.2613e-03
-4.4287e-03
-4.4542e-03
-4.1820e-03
-3.4488e-03
-2.2946e-03
-8.4876e-04
6.7305e-04
1.7562e-03
2.2270e-03
2.2989e-03
2.1728e-03
1.9200e-03
1.5639e-03
1.1869e-03
5.4940e-04
-5.8286e-04
-1.8509e-03
-3.1133e-03
-4.3372e-03
-5.4129e-03
-6.1348e-03
-6.2711e-03
-5.8885e-03
-5.2611e-03
-4.3704e-03
-3.3367e-03
-2.3386e-03
-1.4688e-03
-7.4887e-04
9.5333e-06
6.6515e-04
1.0058e-03
1.1400e-03
1.2016e-03
1.2212e-03
1.1092e-03
7.1145e-04
3.1254e-05
-5.0484e-04
-4.4977e-04
1.2345e-04
1.2251e-03
2.5797e-03
3.6067e-03
4.1966e-03
4.0994e-03
3.3132e-03
2.2782e-03
1.4278e-03
1.0640e-03
1.0650e-03
1.1798e-03
1.1264e-03
6.5755e-04
-2.8253e-04
-1.2601e-03
-2.2141e-03
-2.9328e-03
-3.0743e-03
-2.6833e-03
-1.9456e-03
-8.5223e-04
3.8868e-04
1.2865e-03
1.9087e-03
2.2011e-03
2.2716e-03
2.2128e-03
1.9665e-03
1.4745e-03
8.5165e-04
7.1846e-05
-6.6233e-04
-1.0861e-03
-1.2652e-03
-1.2083e-03
-8.1793e-04
-3.3636e-06
9.8770e-04
1.8054e-03
2.2004e-03
2.2561e-03
2.1548e-03
2.0462e-03
2.1031e-03
2.4727e-03
3.1853e-03
3.9056e-03
4.3126e-03
4.4507e-03
4.4362e-03
4.3066e-03
4.0481e-03
3.6676e-03
3.3539e-03
3.0091e-03
2.4850e-03
1.9301e-03
1.3777e-03
1.0650e-03
1.0697e-03
1.3441e-03
1.8161e-03
2.1455e-03
2.2829e-03
2.2386e-03
1.9774e-03
1.4781e-03
8.8916e-04
1.5162e-04
-6.2772e-04
-1.3447e-03
-2.1451e-03
-2.8548e-03
-3.2279e-03
-3.3222e-03
-3.2106e-03
-2.9561e-03
-2.6733e-03
-2.6355e-03
-2.7024e-03
-2.9841e-03
-3.2243e-03
-3.2098e-03
-2.9574e-03
-2.5035e-03
-2.2115e-03
-2.1047e-03
-2.1128e-03
-2.1415e-03
-2.1428e-03
-2.0998e-03
-2.0769e-03
-2.1596e-03
-2.4489e-03
-2.8890e-03
-3.1781e-03
-3.2058e-03
-3.0221e-03
-2.6590e-03
-2.3294e-03
-1.8080e-03
-8.5733e-04
3.4614e-04
1.3017e-03
1.9867e-03
2.2359e-03
2.0467e-03
1.5080e-03
8.2539e-04
2.5965e-05
-6.6560e-04
-1.0028e-03
-1.1112e-03
-1.1489e-03
-1.1690e-03
-1.0999e-03
-7.5849e-04
-6.5239e-05
7.3103e-04
1.3129e-03
1.6706e-03
1.6817e-03
1.6264e-03
1.4318e-03
1.2851e-03
1.1593e-03
7.8301e-04
6.7323e-05
-7.1613e-04
-1.1629e-03
-1.1480e-03
-5.9179e-04
4.2438e-04
1.3378e-03
1.9841e-03
2.1789e-03
1.9228e-03
1.4607e-03
1.1513e-03
1.0897e-03
1.1269e-03
1.1238e-03
8.8569e-04
3.7797e-04
-1.9672e-04
-7.3173e-04
-1.0381e-03
-1.1070e-03
-1.0962e-03
-1.0399e-03
-1.0158e-03
-1.0093e-03
-1.0633e-03
-1.1368e-03
-1.1914e-03
-1.0415e-03
-5.3573e-04
3.6782e-04
1.1836e-03
1.9115e-03
2.5033e-03
3.0073e-03
3.2769e-03
3.2734e-03
3.0366e-03
2.6054e-03
2.2263e-03
1.8587e-03
1.4378e-03
1.1828e-03
1.0661e-03
1.0129e-03
1.0221e-03
1.1553e-03
1.4752e-03
1.9108e-03
2.0880e-03
1.8986e-03
1.4768e-03
1.1894e-03
1.1312e-03
1.1726e-03
1.1357e-03
7.9522e-04
1.0558e-04
-6.1131e-04
-1.0087e-03
-1.1365e-03
-1.1241e-03
-1.0718e-03
-1.0171e-03
-9.7070e-04
-9.5785e-04
-1.0614e-03
-1.3646e-03
-1.8315e-03
-2.1327e-03
-2.1436e-03
-1.8699e-03
-1.3978e-03
-1.0811e-03
-9.8479e-04
-1.0373e-03
-1.1459e-03
-1.1458e-03
-8.3907e-04
-8.4245e-05
9.4503e-04
2.0052e-03
2.9250e-03
3.6154e-03
4.1786e-03
4.4158e-03
4.1912e-03
3.4483e-03
2.3158e-03
1.0065e-03
-2.9174e-04
-1.2617e-03
-2.1111e-03
-2.8747e-03
-3.4616e-03
-3.9695e-03
-4.2406e-03
-4.3143e-03
-4.3113e-03
-4.2817e-03
-4.2716e-03
-4.2755e-03
-4.2941e-03
-4.3041e-03
-4.2983e-03
-4.2598e-03
-4.2147e-03
-4.2120e-03
-4.3496e-03
-4.6640e-03
-5.0333e-03
-5.0171e-03
-4.5089e-03
-3.7816e-03
-3.0152e-03
-2.0673e-03
-1.0563e-03
-2.7179e-04
1.8836e-05
-1.7027e-04
-6.5077e-04
-1.0459e-03
-1.2195e-03
-1.1451e-03
-7.2437e-04
1.0408e-05
7.2417e-04
1.0737e-03
1.1378e-03
1.0971e-03
1.1497e-03
1.4120e-03
1.8427e-03
2.1141e-03
2.1817e-03
2.1683e-03
2.2261e-03
2.4961e-03
2.9444e-03
3.2262e-03
3.1784e-03
2.7692e-03
2.0506e-03
8.8834e-04
-6.1367e-04
-1.9362e-03
-2.8687e-03
-3.3091e-03
-3.4242e-03
-3.2624e-03
-2.7214e-03
-1.7197e-03
-6.3535e-04
4.9614e-04
1.3512e-03
1.9266e-03
2.2043e-03
2.2479e-03
2.2349e-03
2.1808e-03
2.1402e-03
2.1174e-03
2.2122e-03
2.4879e-03
2.9438e-03
3.2707e-03
3.4019e-03
3.3168e-03
2.9897e-03
2.4984e-03
2.1870e-03
2.1733e-03
2.4546e-03
2.9415e-03
3.2803e-03
3.3563e-03
3.1554e-03
2.6516e-03
2.0041e-03
1.1340e-03
1.8380e-04
-6.0021e-04
-1.1023e-03
-1.4642e-03
-1.7581e-03
-1.7210e-03
-1.4101e-03
-1.1840e-03
-1.0821e-03
-9.6586e-04
-7.1006e-04
-2.9907e-04
-2.4418e-05
6.2916e-05
4.1758e-05
-2.0395e-06
6.0762e-05
3.1559e-04
7.3978e-04
1.0514e-03
1.2159e-03
1.2803e-03
1.1864e-03
8.2786e-04
1.3931e-04
-6.2218e-04
-1.2259e-03
-1.7349e-03
-2.1072e-03
-2.4853e-03
-2.9511e-03
-3.1625e-03
-2.9870e-03
-2.4391e-03
-1.8103e-03
-1.3042e-03
-1.2600e-03
-1.7264e-03
-2.3472e-03
-2.9573e-03
-3.2101e-03
-3.0090e-03
-2.4567e-03
-1.8505e-03
-1.3398e-03
-1.1113e-03
-1.0961e-03
-9.8359e-04
-5.5360e-04
3.0223e-04
1.1771e-03
2.1678e-03
3.2605e-03
4.3031e-03
5.1114e-03
5.5022e-03
5.5367e-03
5.2925e-03
4.7790e-03
4.1653e-03
3.3510e-03
2.4372e-03
1.5487e-03
6.7832e-04
-3.5165e-04
-1.2934e-03
-2.1750e-03
-2.8072e-03
-2.8743e-03
-2.5300e-03
-2.1883e-03
-2.0043e-03
-1.9986e-03
-2.2482e-03
-2.7803e-03
-3.4665e-03
-4.2995e-03
-5.0247e-03
-5.2890e-03
-5.1250e-03
-4.6901e-03
-4.3258e-03
-4.0239e-03
-3.6217e-03
-3.1078e-03
-2.2119e-03
-8.8783e-04
6.8144e-04
2.0655e-03
3.0156e-03
3.4556e-03
3.4690e-03
3.1066e-03
2.3023e-03
1.2558e-03
1.8643e-04
-7.1115e-04
-1.3275e-03
-1.7688e-03
-1.9804e-03
-2.1090e-03
-2.3922e-03
-2.8492e-03
-3.2149e-03
-3.3176e-03
-3.0468e-03
-2.2509e-03
-1.1283e-03
7.9018e-05
1.0671e-03
1.5572e-03
1.4539e-03
1.2531e-03
1.2207e-03
1.3647e-03
1.5437e-03
1.4319e-03
1.2434e-03
1.1108e-03
1.0470e-03
1.1468e-03
1.4336e-03
1.8703e-03
2.1456e-03
2.2437e-03
2.2565e-03
2.2573e-03
2.2681e-03
2.2294e-03
2.0182e-03
1.5562e-03
9.5517e-04
1.7336e-04
-6.5406e-04
-1.3206e-03
-1.8824e-03
-2.1244e-03
-2.0435e-03
-1.7266e-03
-1.3750e-03
-1.3926e-03
-1.7775e-03
-2.0481e-03
-1.9697e-03
-1.4293e-03
-5.8524e-04
4.9008e-04
1.3562e-03
1.9589e-03
2.2399e-03
2.2708e-03
2.2385e-03
2.1855e-03
2.1761e-03
2.2019e-03
2.2776e-03
2.3181e-03
2.1823e-03
1.6406e-03
6.3755e-04
-9.6521e-04
-2.6696e-03
-3.8380e-03
-4.3182e-03
-4.3644e-03
-4.2787e-03
-4.2291e-03
-4.2626e-03
-4.3110e-03
-4.2535e-03
-3.9761e-03
-3.5084e-03
-3.1685e-03
-3.0940e-03
-3.3251e-03
-3.8856e-03
-4.5266e-03
-5.1462e-03
-5.4220e-03
-5.1712e-03
-4.3726e-03
-3.2543e-03
-2.1687e-03
-1.3814e-03
-1.0599e-03
-9.5141e-04
-7.6502e-04
-3.3173e-04
2.0067e-04
8.3463e-04
1.4170e-03
1.9220e-03
2.1962e-03
2.2653e-03
2.2670e-03
2.2382e-03
2.2159e-03
2.1849e-03
2.1742e-03
2.2375e-03
2.4698e-03
2.8790e-03
3.2772e-03
3.6883e-03
4.1354e-03
4.2993e-03
4.1286e-03
3.7336e-03
3.4055e-03
3.1152e-03
2.6743e-03
2.0511e-03
9.9493e-04
-4.3560e-04
-1.8491e-03
-3.1517e-03
-4.2970e-03
-5.1210e-03
-5.4021e-03
-5.0983e-03
-4.2831e-03
-3.2957e-03
-2.5329e-03
-2.1363e-03
-1.8583e-03
-1.3437e-03
-5.8055e-04
4.8030e-04
1.3921e-03
2.0392e-03
2.2383e-03
1.9737e-03
1.4731e-03
1.1254e-03
1.1110e-03
1.4060e-03
1.9179e-03
2.2459e-03
2.2732e-03
2.0004e-03
1.5275e-03
1.1857e-03
1.0420e-03
1.0475e-03
1.2184e-03
1.5326e-03
1.8736e-03
1.8763e-03
1.5500e-03
1.2690e-03
1.1232e-03
1.0774e-03
1.1039e-03
1.1957e-03
1.3744e-03
1.6136e-03
1.7492e-03
1.9957e-03
2.1873e-03
2.2304e-03
2.2205e-03
2.1789e-03
2.2131e-03
2.3308e-03
2.4821e-03
2.3907e-03
1.7032e-03
2.0247e-04
-1.5492e-03
-2.8592e-03
-3.3944e-03
-3.1666e-03
-2.2123e-03
-7.8998e-04
7.4456e-04
1.8530e-03
2.3394e-03
2.4172e-03
2.2535e-03
1.9143e-03
1.4713e-03
1.1960e-03
1.1107e-03
1.1259e-03
1.1959e-03
1.2426e-03
1.1882e-03
9.2211e-04
4.2341e-04
-1.0872e-04
-6.2507e-04
-1.0094e-03
-1.3289e-03
-1.7081e-03
-1.9375e-03
-2.1243e-03
-2.4067e-03
-2.8136e-03
-3.0761e-03
-3.1781e-03
-3.1934e-03
-3.1850e-03
-3.1789e-03
-3.1680e-03
-3.0951e-03
-2.9386e-03
-2.7256e-03
-2.6355e-03
-2.4015e-03
-2.1092e-03
-1.7544e-03
-1.3051e-03
-1.0639e-03
-1.0305e-03
-1.0748e-03
-1.0185e-03
-6.7012e-04
4.6048e-06
6.8133e-04
1.0574e-03
1.2640e-03
1.5165e-03
1.8917e-03
2.1530e-03
2.2629e-03
2.2875e-03
2.2603e-03
2.2274e-03
2.2040e-03
2.2159e-03
2.2710e-03
2.3505e-03
2.3474e-03
2.0907e-03
1.4413e-03
5.6007e-04
-3.5492e-04
-6.8997e-04
-3.4710e-04
2.4675e-04
9.1385e-04
1.2808e-03
1.2502e-03
8.2077e-04
1.2368e-04
-3.7113e-04
-2.7497e-04
1.6758e-04
8.1833e-04
1.4378e-03
1.9583e-03
2.2292e-03
2.2868e-03
2.2801e-03
2.2480e-03
2.2309e-03
2.2103e-03
2.2060e-03
2.2308e-03
2.3156e-03
2.4093e-03
2.3697e-03
1.9407e-03
9.7873e-04
-2.3557e-04
-1.1491e-03
-1.7673e-03
-2.0953e-03
-2.3468e-03
-2.7344e-03
-3.1164e-03
-3.5375e-03
-3.9406e-03
-3.9592e-03
-3.5334e-03
-2.9560e-03
-2.3521e-03
-2.0023e-03
-1.9930e-03
-2.2931e-03
-2.8622e-03
-3.3708e-03
-3.6859e-03
-3.5980e-03
-3.3061e-03
-2.8266e-03
-2.0844e-03
-1.3936e-03
-1.0179e-03
-9.0763e-04
-9.2039e-04
-9.9050e-04
-1.0636e-03
-1.1103e-03
-1.0231e-03
-6.7566e-04
-1.3130e-05
6.7503e-04
1.1566e-03
1.5519e-03
1.9687e-03
2.2002e-03
2.2529e-03
2.2144e-03
2.1744e-03
2.2600e-03
2.5637e-03
3.0342e-03
3.3312e-03
3.3237e-03
3.0420e-03
2.6020e-03
2.3971e-03
2.4662e-03
2.6256e-03
2.5551e-03
2.4330e-03
2.3048e-03
2.0277e-03
1.5461e-03
9.4783e-04
2.0638e-04
-5.5586e-04
-1.1684e-03
-1.8061e-03
-2.3802e-03
-2.8994e-03
-3.1009e-03
-2.9080e-03
-2.4100e-03
-1.8918e-03
-1.4298e-03
-1.0971e-03
-6.7457e-04
1.0563e-04
1.0452e-03
1.8239e-03
2.2023e-03
2.3123e-03
2.3835e-03
2.5298e-03
2.6919e-03
2.5767e-03
2.3467e-03
2.0283e-03
1.5773e-03
1.2002e-03
8.2100e-04
3.9573e-04
1.6777e-04
1.3274e-04
1.5558e-04
9.3288e-05
-1.9442e-04
-6.7750e-04
-1.0202e-03
-1.0525e-03
-7.0775e-04
6.9854e-06
7.2409e-04
1.1366e-03
1.3097e-03
1.3687e-03
1.3116e-03
1.0262e-03
4.1199e-04
-3.3015e-04
-4.6622e-04
9.1026e-05
7.2690e-04
8.4754e-04
3.1121e-04
-4.9910e-04
-1.2280e-03
-1.8009e-03
-2.0716e-03
-2.1071e-03
-2.0814e-03
-2.0423e-03
-2.0396e-03
-2.0457e-03
-2.0664e-03
-2.0739e-03
-2.0779e-03
-2.0558e-03
-2.0271e-03
-2.0056e-03
-2.0746e-03
-2.3006e-03
-2.7056e-03
-3.0783e-03
-3.4800e-03
-3.9489e-03
-4.2244e-03
-4.2292e-03
-3.9824e-03
-3.5312e-03
-3.1593e-03
-2.8387e-03
-2.4938e-03
-2.2175e-03
-1.8047e-03
-1.0131e-03
-3.0167e-05
8.3801e-04
1.2971e-03
1.3301e-03
9.3584e-04
1.6444e-04
-6.3044e-04
-1.0818e-03
-1.1393e-03
-7.5810e-04
6.0544e-05
1.0328e-03
1.8249e-03
2.3021e-03
2.6410e-03
3.0157e-03
3.2362e-03
3.3424e-03
3.4014e-03
3.4379e-03
3.3827e-03
3.1272e-03
2.5933e-03
1.9971e-03
1.4283e-03
1.1895e-03
1.3745e-03
1.8995e-03
2.4877e-03
3.0248e-03
3.3239e-03
3.4103e-03
3.4230e-03
3.3524e-03
3.1489e-03
2.7113e-03
2.1244e-03
1.2478e-03
1.7057e-04
-8.7446e-04
-1.6648e-03
-2.0391e-03
-2.1635e-03
-2.1977e-03
-2.1318e-03
-1.8096e-03
-1.0679e-03
-4.9919e-05
1.0094e-03
1.9213e-03
2.5801e-03
3.0986e-03
3.3606e-03
3.3599e-03
3.1392e-03
2.6833e-03
2.1750e-03
1.5025e-03
6.7986e-04
-3.2845e-04
-1.1527e-03
-1.7414e-03
-2.0427e-03
-2.1179e-03
-2.1428e-03
-2.0771e-03
-1.8575e-03
-1.3604e-03
-7.2618e-04
7.9188e-05
8.0061e-04
1.1727e-03
1.2686e-03
1.2322e-03
1.1504e-03
1.1033e-03
1.1578e-03
1.4121e-03
1.8936e-03
2.4332e-03
3.0318e-03
3.5942e-03
4.1071e-03
4.4467e-03
4.5709e-03
4.5213e-03
4.1469e-03
3.4436e-03
2.6306e-03
2.0142e-03
1.5376e-03
1.3313e-03
1.1462e-03
6.9421e-04
-1.6375e-04
-1.0455e-03
-2.0325e-03
-3.0520e-03
-3.9176e-03
-4.4741e-03
-4.7480e-03
-4.6130e-03
-4.3255e-03
-3.8979e-03
-3.2422e-03
-2.5510e-03
-1.9401e-03
-1.1954e-03
-3.3173e-04
5.9601e-04
1.0371e-03
9.0197e-04
4.6787e-04
2.1474e-04
3.5216e-04
7.6569e-04
1.1061e-03
1.2592e-03
1.2857e-03
1.2121e-03
1.0766e-03
9.0792e-04
8.1289e-04
9.8676e-04
1.0818e-03
8.7803e-04
4.5423e-04
1.3787e-04
1.0227e-04
3.4136e-04
7.9478e-04
1.1248e-03
1.2967e-03
1.3502e-03
1.2412e-03
8.6966e-04
1.9425e-04
-4.9941e-04
-9.6586e-04
-1.3193e-03
-1.6793e-03
-1.9016e-03
-2.0958e-03
-2.4146e-03
-2.8301e-03
-3.0120e-03
-2.8605e-03
-2.4910e-03
-2.2023e-03
-1.9974e-03
-1.7050e-03
-1.2964e-03
-1.0006e-03
-8.9045e-04
-9.5315e-04
-1.2342e-03
-1.6591e-03
-1.9701e-03
-2.1350e-03
-2.2249e-03
-2.1524e-03
-1.7774e-03
-9.6812e-04
1.0355e-05
8.0038e-04
1.1510e-03
1.2058e-03
1.2324e-03
1.4418e-03
1.8780e-03
2.2621e-03
2.4782e-03
2.4381e-03
1.9429e-03
9.3628e-04
-2.1097e-04
-8.6134e-04
-1.0404e-03
-1.0024e-03
-9.8279e-04
-1.1687e-03
-1.5796e-03
-1.9965e-03
-2.4242e-03
-2.8750e-03
-3.0395e-03
-2.8681e-03
-2.4743e-03
-2.1368e-03
-1.8256e-03
-1.3650e-03
-7.8588e-04
7.1957e-05
1.0796e-03
1.9370e-03
2.4046e-03
2.4504e-03
2.0646e-03
1.2161e-03
2.1291e-04
-5.9349e-04
-9.6454e-04
-1.0264e-03
-9.7692e-04
-9.4899e-04
-9.8815e-04
-1.0489e-03
-9.9405e-04
-6.6593e-04
-3.5172e-06
7.0242e-04
1.2085e-03
1.6127e-03
1.9948e-03
2.1186e-03
2.0139e-03
1.8740e-03
1.9993e-03
2.1695e-03
2.2614e-03
2.3057e-03
2.2983e-03
2.2867e-03
2.2755e-03
2.2758e-03
2.2747e-03
2.2727e-03
2.2685e-03
2.2733e-03
2.2945e-03
2.3247e-03
2.3280e-03
2.2326e-03
1.9819e-03
1.6113e-03
1.3720e-03
1.1894e-03
8.3586e-04
2.1454e-04
-4.3550e-04
-8.8919e-04
-1.3035e-03
-1.8228e-03
-2.2589e-03
-2.5110e-03
-2.3888e-03
-2.1195e-03
-1.8017e-03
-1.3899e-03
-1.0577e-03
-6.1992e-04
6.7708e-05
7.7181e-04
1.2041e-03
1.3788e-03
1.3040e-03
9.1073e-04
1.8705e-04
-5.6400e-04
-1.0204e-03
-1.1725e-03
-9.9529e-04
-4.1061e-04
5.2952e-04
1.3234e-03
1.9127e-03
2.2916e-03
2.6222e-03
3.0719e-03
3.3682e-03
3.4198e-03
3.1292e-03
2.4636e-03
1.6591e-03
9.0653e-04
1.1004e-04
-5.5639e-04
-8.9578e-04
-1.0316e-03
-1.0957e-03
-1.0934e-03
-8.9774e-04
-3.4740e-04
5.0009e-04
1.0716e-03
1.2753e-03
1.2761e-03
1.1758e-03
1.1204e-03
1.1916e-03
1.4753e-03
1.9129e-03
2.2311e-03
2.3697e-03
2.3950e-03
2.2665e-03
1.9750e-03
1.5443e-03
1.2741e-03
1.1734e-03
1.1618e-03
1.1742e-03
1.1872e-03
1.2076e-03
1.2588e-03
1.3057e-03
1.2494e-03
9.1889e-04
2.4494e-04
-5.3910e-04
-1.1818e-03
-1.7307e-03
-2.0500e-03
-2.1911e-03
-2.1725e-03
-1.8424e-03
-1.0544e-03
4.5089e-05
1.1687e-03
2.0016e-03
2.2662e-03
2.0388e-03
1.5635e-03
1.2568e-03
1.2068e-03
1.2632e-03
1.2354e-03
8.9392e-04
2.0056e-04
-5.2005e-04
-9.1387e-04
-1.0365e-03
-1.0194e-03
-9.7665e-04
-9.4455e-04
-9.2365e-04
-8.9475e-04
-8.9382e-04
-9.8901e-04
-1.2672e-03
-1.6815e-03
-1.9542e-03
-2.0397e-03
-2.0590e-03
-2.0651e-03
-2.1131e-03
-2.0985e-03
-1.8822e-03
-1.2908e-03
-4.5724e-04
5.5175e-04
1.2067e-03
1.4163e-03
1.2246e-03
6.0826e-04
-2.6790e-04
-8.1518e-04
-9.8755e-04
-1.0163e-03
-1.0597e-03
-1.2156e-03
-1.3682e-03
-1.2446e-03
-1.0526e-03
-9.2352e-04
-8.5331e-04
-9.4279e-04
-1.2273e-03
-1.6927e-03
-2.0253e-03
-2.1605e-03
-2.0792e-03
-1.7484e-03
-1.2394e-03
-8.9650e-04
-8.7198e-04
-1.2286e-03
-1.9558e-03
-2.6865e-03
-3.1020e-03
-3.2463e-03
-3.2355e-03
-3.0896e-03
-2.7907e-03
-2.3676e-03
-2.0991e-03
-2.0062e-03
-2.0011e-03
-2.0285e-03
-2.0421e-03
-2.0383e-03
-2.0269e-03
-2.0267e-03
-2.0479e-03
-2.0801e-03
-2.0827e-03
-1.9831e-03
-1.7260e-03
-1.3571e-03
-1.1323e-03
-9.7932e-04
-6.4132e-04
1.7093e-05
8.0560e-04
1.4654e-03
2.0010e-03
2.2459e-03
2.2808e-03
2.2800e-03
2.3295e-03
2.4349e-03
2.4290e-03
2.0334e-03
1.0162e-03
-3.9189e-04
-1.6297e-03
-2.4545e-03
-2.9264e-03
-2.8439e-03
-2.2410e-03
-1.4468e-03
-6.5482e-04
2.1197e-04
9.4095e-04
1.2035e-03
9.5480e-04
2.7569e-04
-4.9557e-04
-1.1087e-03
-1.7054e-03
-2.3190e-03
-3.0847e-03
-3.8279e-03
-4.2353e-03
-4.2873e-03
-3.9610e-03
-3.2804e-03
-2.5004e-03
-1.7887e-03
-9.9364e-04
-2.0986e-04
4.1125e-04
9.1304e-04
1.1372e-03
1.1521e-03
1.1830e-03
1.4088e-03
1.9447e-03
2.5708e-03
3.1656e-03
3.3870e-03
3.0909e-03
2.3745e-03
1.6273e-03
1.2346e-03
1.1353e-03
1.1756e-03
1.2130e-03
1.1920e-03
1.1370e-03
1.1727e-03
1.4380e-03
1.9921e-03
2.5798e-03
3.0469e-03
3.0894e-03
2.7202e-03
2.3148e-03
1.9677e-03
1.7575e-03
1.9158e-03
2.2168e-03
2.5884e-03
3.0412e-03
3.3046e-03
3.4120e-03
3.4506e-03
3.4480e-03
3.3503e-03
3.0755e-03
2.6330e-03
2.3109e-03
2.1842e-03
2.2569e-03
2.5680e-03
3.0404e-03
3.3676e-03
3.4393e-03
3.2440e-03
2.7380e-03
2.0765e-03
1.1841e-03
2.3244e-04
-5.0249e-04
-9.0441e-04
-1.2043e-03
-1.6720e-03
-2.2722e-03
-3.0546e-03
-3.7777e-03
-4.1579e-03
-4.2881e-03
-4.2887e-03
-4.2008e-03
-3.9631e-03
-3.5162e-03
-2.9536e-03
-2.1905e-03
-1.2871e-03
-3.8474e-04
5.5574e-04
1.0893e-03
1.2671e-03
1.3009e-03
1.2870e-03
1.2178e-03
9.8379e-04
4.9794e-04
-7.6070e-05
-7.1896e-04
-1.2107e-03
-1.4400e-03
-1.2676e-03
-1.0014e-03
-8.5839e-04
-8.9078e-04
-1.2023e-03
-1.7125e-03
-2.1043e-03
-2.1889e-03
-1.8616e-03
-1.0110e-03
6.6008e-05
9.7788e-04
1.3350e-03
1.0452e-03
1.6378e-04
-9.1505e-04
-1.6940e-03
-1.8205e-03
-1.3697e-03
-7.6036e-04
-1.7789e-04
1.2946e-04
1.9143e-04
1.7040e-04
1.3236e-04
1.2095e-04
1.0813e-04
9.0311e-05
7.7977e-05
1.5028e-04
3.8522e-04
7.9433e-04
1.1616e-03
1.5277e-03
1.9504e-03
2.2148e-03
2.3469e-03
2.4172e-03
2.3721e-03
2.0685e-03
1.3543e-03
3.5062e-04
-7.8405e-04
-1.9544e-03
-3.0473e-03
-3.9360e-03
-4.4730e-03
-4.6931e-03
-4.5024e-03
-4.2414e-03
-4.1006e-03
-4.1212e-03
-4.4026e-03
-4.9308e-03
-5.4955e-03
-6.0206e-03
-6.3360e-03
-6.4427e-03
-6.4529e-03
-6.3237e-03
-6.0361e-03
-5.6026e-03
-5.3273e-03
-5.2350e-03
-5.2548e-03
-5.3055e-03
-5.2850e-03
-5.0838e-03
-4.6416e-03
-4.0599e-03
-3.2221e-03
-2.1614e-03
-1.0316e-03
4.4408e-05
8.5729e-04
1.2803e-03
1.3949e-03
1.2789e-03
8.5455e-04
1.4708e-04
-5.3212e-04
-8.5401e-04
-9.3761e-04
-9.9915e-04
-1.2509e-03
-1.6939e-03
-2.0241e-03
-2.0763e-03
-1.8303e-03
-1.2785e-03
-7.2259e-04
-2.2341e-04
3.3710e-05
1.8027e-04
4.3284e-04
8.5327e-04
1.1858e-03
1.3481e-03
1.2870e-03
8.9829e-04
1.8586e-04
-5.1310e-04
-8.8989e-04
-1.0175e-03
-1.0566e-03
-1.0640e-03
-9.8144e-04
-6.3148e-04
5.1308e-05
7.9277e-04
1.2496e-03
1.4160e-03
1.2520e-03
6.9380e-04
-2.3514e-04
-1.0528e-03
-1.7575e-03
-2.3230e-03
-2.8066e-03
-3.0997e-03
-3.1915e-03
-3.1319e-03
-2.8583e-03
-2.4118e-03
-2.0123e-03
-1.7010e-03
-1.4957e-03
-1.6604e-03
-1.9755e-03
-2.3827e-03
-2.8123e-03
-2.8841e-03
-2.5132e-03
-1.8881e-03
-9.7425e-04
4.1861e-05
8.5897e-04
1.2846e-03
1.3717e-03
1.2169e-03
8.3519e-04
3.9082e-04
2.9821e-04
7.6171e-04
1.6451e-03
2.9650e-03
4.2475e-03
5.2292e-03
5.8718e-03
6.3171e-03
6.5294e-03
6.6069e-03
6.7212e-03
6.8894e-03
7.0312e-03
6.8780e-03
6.6948e-03
6.6179e-03
6.6260e-03
6.6867e-03
6.6513e-03
6.3612e-03
5.7145e-03
4.9276e-03
4.1660e-03
3.3512e-03
2.6602e-03
2.3281e-03
2.2424e-03
2.2674e-03
2.2989e-03
2.3030e-03
2.2784e-03
2.2678e-03
2.2938e-03
2.3641e-03
2.3849e-03
2.1955e-03
1.6028e-03
6.5557e-04
-6.1812e-04
-1.6452e-03
-2.0281e-03
-1.8610e-03
-1.3617e-03
-9.6477e-04
-7.9044e-04
-8.4119e-04
-1.1685e-03
-1.7504e-03
-2.3436e-03
-2.7954e-03
-2.8335e-03
-2.4327e-03
-1.9342e-03
-1.3441e-03
-7.4297e-04
5.5507e-05
1.0379e-03
2.1087e-03
3.2131e-03
4.3231e-03
5.4274e-03
6.5183e-03
7.5356e-03
8.4111e-03
9.0823e-03
9.6528e-03
9.9056e-03
9.7097e-03
8.9693e-03
7.7546e-03
6.1580e-03
4.3249e-03
2.1911e-03
-3.2083e-05
-1.8607e-03
-3.3744e-03
-4.6651e-03
-5.5104e-03
-6.0563e-03
-6.2822e-03
-6.3097e-03
-6.3745e-03
-6.6030e-03
-7.0254e-03
-7.3679e-03
-7.5800e-03
-7.6192e-03
-7.2809e-03
-6.3316e-03
-4.8030e-03
-2.9842e-03
-9.7855e-04
8.1439e-04
1.9232e-03
2.2956e-03
2.2699e-03
2.2495e-03
2.5446e-03
3.2579e-03
4.0558e-03
4.5475e-03
4.6414e-03
4.2738e-03
3.4229e-03
2.3821e-03
1.5298e-03
1.1283e-03
1.1521e-03
1.4741e-03
1.9598e-03
2.2553e-03
2.3399e-03
2.3104e-03
2.2644e-03
2.2667e-03
2.3380e-03
2.3884e-03
2.2419e-03
1.6402e-03
5.1760e-04
-1.2134e-03
-2.9150e-03
-4.2759e-03
-5.1377e-03
-5.1923e-03
-4.4187e-03
-2.9904e-03
-1.1499e-03
6.7059e-04
2.1189e-03
3.2957e-03
4.3757e-03
5.4635e-03
6.5163e-03
7.3550e-03
7.7762e-03
7.8035e-03
7.4633e-03
6.7682e-03
5.9793e-03
5.2560e-03
4.4797e-03
3.7487e-03
3.2033e-03
2.6762e-03
2.1704e-03
1.4943e-03
6.5858e-04
-2.8465e-04
-8.6645e-04
-1.0333e-03
-9.9126e-04
-8.5994e-04
-8.5084e-04
-1.1377e-03
-1.8770e-03
-2.9024e-03
-4.0436e-03
-5.1809e-03
-6.2333e-03
-7.1126e-03
-7.7646e-03
-8.2380e-03
-8.3166e-03
-7.9048e-03
-7.1327e-03
-5.8301e-03
-4.1780e-03
-2.1919e-03
-6.6055e-05
1.8425e-03
3.2681e-03
4.1635e-03
4.5836e-03
4.6536e-03
4.3728e-03
3.4977e-03
2.0034e-03
-3.0080e-05
-2.0923e-03
-4.1117e-03
-5.8747e-03
-7.0867e-03
-7.8212e-03
-8.3023e-03
-8.4349e-03
-8.2268e-03
-7.8242e-03
-7.5177e-03
-7.3593e-03
-7.2725e-03
-7.3240e-03
-7.6494e-03
-8.4146e-03
-9.4574e-03
-1.0537e-02
-1.1406e-02
-1.1878e-02
-1.1979e-02
-1.1642e-02
-1.0638e-02
-8.9511e-03
-6.7561e-03
-4.1506e-03
-1.2263e-03
1.6031e-03
3.9449e-03
5.7951e-03
7.3548e-03
8.4843e-03
9.1112e-03
9.3094e-03
8.9012e-03
8.1668e-03
7.4005e-03
6.5762e-03
5.9238e-03
5.6476e-03
5.5436e-03
5.2918e-03
4.6452e-03
3.6646e-03
2.4509e-03
1.0365e-03
-4.8833e-04
-1.8369e-03
-2.9856e-03
-4.0511e-03
-5.1119e-03
-6.2385e-03
-7.3992e-03
-8.4704e-03
-9.2303e-03
-9.5262e-03
-9.5404e-03
-9.5826e-03
-9.9008e-03
-1.0583e-02
-1.1293e-02
-1.1705e-02
-1.1856e-02
-1.1873e-02
-1.1785e-02
-1.1539e-02
-1.1055e-02
-1.0448e-02
-9.6723e-03
-8.8896e-03
-8.2960e-03
-7.7585e-03
-7.2827e-03
-6.6286e-03
-5.6466e-03
-4.1324e-03
-1.8221e-03
1.1395e-03
4.1998e-03
7.3622e-03
1.0631e-02
1.3850e-02
1.6850e-02
1.9356e-02
2.1340e-02
2.2779e-02
2.3826e-02
2.4559e-02
2.5008e-02
2.5381e-02
2.5734e-02
2.5748e-02
2.5378e-02
2.4879e-02
2.4269e-02
2.3639e-02
2.2920e-02
2.2184e-02
2.1538e-02
2.0742e-02
1.9812e-02
1.8743e-02
1.7422e-02
1.5646e-02
1.3359e-02
1.0435e-02
6.8482e-03
2.5812e-03
-2.1137e-03
-6.7746e-03
-1.1294e-02
-1.5670e-02
-1.9745e-02
-2.3227e-02
-2.5832e-02
-2.7297e-02
-2.7211e-02
-2.5734e-02
-2.3042e-02
-1.9568e-02
-1.5732e-02
-1.1910e-02
-8.2315e-03
-4.8369e-03
-1.6628e-03
1.5016e-03
4.1699e-03
6.1562e-03
7.4046e-03
8.0715e-03
8.4756e-03
8.5276e-03
8.2293e-03
7.6753e-03
6.5587e-03
4.7254e-03
2.3636e-03
-2.7430e-04
-2.7804e-03
-5.0828e-03
-7.2582e-03
-9.3151e-03
-1.1224e-02
-1.2943e-02
-1.4589e-02
-1.6009e-02
-1.7107e-02
-1.7742e-02
-1.7677e-02
-1.7007e-02
-1.5487e-02
-1.3070e-02
-9.7376e-03
-5.6952e-03
-1.6104e-03
1.8270e-03
4.1852e-03
5.3600e-03
5.4532e-03
4.7555e-03
3.5882e-03
2.0848e-03
2.8454e-04
-1.4854e-03
-2.9408e-03
-4.1334e-03
-5.1711e-03
-6.0560e-03
-6.7430e-03
-7.2075e-03
-7.1465e-03
-6.4582e-03
-5.4904e-03
-4.5590e-03
-3.8866e-03
-3.3840e-03
-3.1530e-03
-3.0889e-03
-3.0660e-03
-3.0606e-03
-3.1318e-03
-3.3705e-03
-3.7918e-03
-4.1438e-03
-4.3798e-03
-4.4327e-03
-4.0530e-03
-2.9604e-03
-1.2314e-03
6.6212e-04
2.2713e-03
3.4633e-03
4.1200e-03
4.1407e-03
3.7649e-03
3.4654e-03
3.3364e-03
3.2986e-03
3.2837e-03
3.3106e-03
3.5359e-03
4.1709e-03
5.2332e-03
6.7504e-03
8.6736e-03
1.0539e-02
1.1753e-02
1.2015e-02
1.1314e-02
9.8250e-03
7.6539e-03
5.1497e-03
2.8093e-03
7.2623e-04
-1.2759e-03
-2.8820e-03
-4.1698e-03
-5.2669e-03
-6.0762e-03
-6.4229e-03
-6.2511e-03
-5.5042e-03
-4.2551e-03
-2.5720e-03
-5.8985e-04
1.6786e-03
3.8432e-03
5.7099e-03
7.4321e-03
8.7756e-03
9.5672e-03
9.6146e-03
8.9730e-03
7.9761e-03
6.8149e-03
5.4835e-03
3.8695e-03
2.0166e-03
-1.5005e-04
-2.3206e-03
-4.4406e-03
-6.2255e-03
-7.7003e-03
-9.0011e-03
-9.8265e-03
-1.0340e-02
-1.0521e-02
-1.0614e-02
-1.0955e-02
-1.1724e-02
-1.2687e-02
-1.3482e-02
-1.3878e-02
-1.4011e-02
-1.4068e-02
-1.4058e-02
-1.3766e-02
-1.2839e-02
-1.1137e-02
-8.7488e-03
-5.7123e-03
-2.2183e-03
1.5028e-03
5.0982e-03
8.4563e-03
1.1526e-02
1.4103e-02
1.6045e-02
1.7005e-02
1.6762e-02
1.5420e-02
1.2974e-02
9.5572e-03
5.7586e-03
1.8873e-03
-1.6784e-03
-4.7765e-03
-7.3265e-03
-9.2910e-03
-1.0521e-02
-1.0875e-02
-1.0323e-02
-8.8005e-03
-6.7058e-03
-4.4709e-03
-2.3839e-03
-6.8318e-04
5.8197e-04
1.1668e-03
1.2737e-03
1.2051e-03
1.1230e-03
1.1740e-03
1.4296e-03
1.8801e-03
2.2858e-03
2.6538e-03
3.0149e-03
3.1614e-03
3.2449e-03
3.5875e-03
4.4147e-03
5.5193e-03
6.4172e-03
6.5427e-03
5.5942e-03
3.6650e-03
1.1859e-03
-1.2948e-03
-3.0997e-03
-4.0564e-03
-4.1412e-03
-3.4533e-03
-2.2420e-03
-5.6424e-04
1.4933e-03
3.4330e-03
5.1425e-03
6.4713e-03
7.3831e-03
8.0090e-03
8.4898e-03
8.7507e-03
8.7447e-03
8.5427e-03
8.1175e-03
7.6452e-03
6.8753e-03
5.6258e-03
3.6609e-03
9.9357e-04
-2.1465e-03
-5.0441e-03
-7.4086e-03
-9.0503e-03
-9.7143e-03
-9.5808e-03
-8.7720e-03
-7.4086e-03
-5.5919e-03
-3.5416e-03
-1.5329e-03
2.7820e-04
1.2496e-03
1.4152e-03
9.7255e-04
7.4914e-05
-7.6330e-04
-1.0196e-03
-4.9994e-04
7.2138e-04
2.0372e-03
3.0628e-03
3.7244e-03
4.1522e-03
4.3482e-03
4.4207e-03
4.5667e-03
4.7717e-03
4.9191e-03
4.6497e-03
4.2196e-03
3.8818e-03
4.0159e-03
4.5720e-03
5.5162e-03
6.5879e-03
7.3337e-03
7.4583e-03
7.0549e-03
6.5741e-03
6.1937e-03
6.0860e-03
6.5470e-03
7.2614e-03
7.7691e-03
7.9069e-03
7.4482e-03
6.1621e-03
4.1812e-03
1.5306e-03
-1.3578e-03
-3.9723e-03
-6.2477e-03
-8.1027e-03
-9.5000e-03
-1.0559e-02
-1.1401e-02
-1.2039e-02
-1.2616e-02
-1.2901e-02
-1.2742e-02
-1.1996e-02
-1.0674e-02
-8.8348e-03
-6.7062e-03
-4.5161e-03
-2.4049e-03
-5.3285e-04
9.7003e-04
1.5773e-03
1.0401e-03
-1.0339e-04
-1.1104e-03
-1.8352e-03
-2.1757e-03
-2.1634e-03
-1.8540e-03
-1.1122e-03
-3.4569e-07
1.5494e-03
3.5682e-03
6.3278e-03
9.5310e-03
1.2571e-02
1.4781e-02
1.5687e-02
1.5177e-02
1.3033e-02
9.3970e-03
4.8904e-03
4.1011e-06
-4.7744e-03
-9.3053e-03
-1.3433e-02
-1.6777e-02
-1.8997e-02
-1.9906e-02
-1.9586e-02
-1.8573e-02
-1.7264e-02
-1.5815e-02
-1.4348e-02
-1.3129e-02
-1.2088e-02
-1.0904e-02
-9.2264e-03
-6.8960e-03
-4.4562e-03
-2.4158e-03
-1.1616e-03
-8.1357e-04
-1.1498e-03
-1.9484e-03
-2.7597e-03
-3.2369e-03
-3.3424e-03
-3.0306e-03
-2.1347e-03
-6.9543e-04
1.1987e-03
3.2050e-03
5.5794e-03
8.4622e-03
1.1466e-02
1.4108e-02
1.6009e-02
1.6848e-02
1.6666e-02
1.6100e-02
1.5585e-02
1.5528e-02
1.5900e-02
1.6233e-02
1.6392e-02
1.6352e-02
1.6125e-02
1.5727e-02
1.5257e-02
1.4429e-02
1.2994e-02
1.0844e-02
8.2828e-03
6.0184e-03
4.4343e-03
3.5418e-03
3.3022e-03
3.5131e-03
4.0084e-03
4.6115e-03
5.4323e-03
6.4607e-03
7.5658e-03
8.6432e-03
9.4981e-03
9.9856e-03
1.0100e-02
9.7402e-03
8.6496e-03
6.9071e-03
4.9066e-03
3.0864e-03
1.6791e-03
1.1241e-03
1.3879e-03
2.2196e-03
3.1106e-03
3.5123e-03
3.2176e-03
2.1597e-03
6.4582e-04
-7.5171e-04
-1.8132e-03
-2.5058e-03
-2.9133e-03
-2.8537e-03
-2.3270e-03
-1.7012e-03
-1.1976e-03
-1.2434e-03
-1.9389e-03
-2.9202e-03
-3.8204e-03
-4.4410e-03
-4.9487e-03
-5.4384e-03
-6.1711e-03
-7.2094e-03
-8.4463e-03
-9.7238e-03
-1.0633e-02
-1.0633e-02
-9.3434e-03
-6.8583e-03
-3.8193e-03
-8.5890e-04
1.8037e-03
3.8303e-03
5.3104e-03
6.7434e-03
8.5442e-03
1.0615e-02
1.2630e-02
1.4167e-02
1.4954e-02
1.4655e-02
1.3163e-02
1.0242e-02
5.9461e-03
6.7160e-04
-4.8868e-03
-9.8351e-03
-1.3293e-02
-1.4935e-02
-1.5031e-02
-1.4001e-02
-1.2328e-02
-1.0455e-02
-8.5027e-03
-6.8074e-03
-5.7712e-03
-5.3314e-03
-5.0207e-03
-4.3840e-03
-3.3522e-03
-1.9824e-03
-4.0717e-04
1.0362e-03
2.2847e-03
3.3409e-03
4.0912e-03
4.4355e-03
4.4964e-03
4.4339e-03
4.3423e-03
4.3540e-03
4.6268e-03
5.3105e-03
6.3076e-03
7.5366e-03
8.9807e-03
1.0500e-02
1.1682e-02
1.2336e-02
1.2567e-02
1.2284e-02
1.1819e-02
1.1314e-02
1.0846e-02
1.0153e-02
8.8974e-03
6.7486e-03
3.5602e-03
-3.6363e-04
-4.4652e-03
-8.2451e-03
-1.1575e-02
-1.4278e-02
-1.6148e-02
-1.7297e-02
-1.7706e-02
-1.7229e-02
-1.6242e-02
-1.5161e-02
-1.4274e-02
-1.3690e-02
-1.3196e-02
-1.2690e-02
-1.1943e-02
-1.0893e-02
-9.5912e-03
-8.0193e-03
-6.3452e-03
-4.4668e-03
-2.4787e-03
-5.4499e-04
1.2628e-03
2.4613e-03
3.1656e-03
3.4634e-03
3.4029e-03
3.1024e-03
2.5448e-03
2.0186e-03
1.5566e-03
1.3444e-03
1.2135e-03
8.8330e-04
2.0061e-04
-5.5934e-04
-1.0599e-03
-1.1883e-03
-8.5754e-04
4.1119e-05
1.2166e-03
2.2236e-03
2.4736e-03
1.6081e-03
-4.6031e-04
-2.8613e-03
-4.7669e-03
-5.5654e-03
-5.1398e-03
-3.5199e-03
-1.0851e-03
1.7449e-03
4.5101e-03
6.9219e-03
8.6595e-03
9.8201e-03
1.0595e-02
1.0977e-02
1.1097e-02
1.0833e-02
9.8936e-03
8.1333e-03
5.6430e-03
2.5703e-03
-5.8497e-04
-3.1567e-03
-4.6038e-03
-4.4863e-03
-3.1299e-03
-1.0866e-03
9.1433e-04
2.1017e-03
2.1498e-03
1.1094e-03
-5.8574e-04
-2.4067e-03
-4.1724e-03
-6.3129e-03
-9.1042e-03
-1.2474e-02
-1.6153e-02
-1.9609e-02
-2.1923e-02
-2.2697e-02
-2.2081e-02
-2.0188e-02
-1.6869e-02
-1.2356e-02
-6.8018e-03
-4.9651e-04
5.7839e-03
1.1123e-02
1.4764e-02
1.6421e-02
1.6098e-02
1.3840e-02
1.0005e-02
4.8379e-03
-1.1197e-03
-6.9607e-03
-1.2054e-02
-1.5745e-02
-1.7818e-02
-1.8263e-02
-1.7385e-02
-1.5480e-02
-1.2725e-02
-9.1083e-03
-4.9560e-03
-5.0146e-04
4.1964e-03
9.0346e-03
1.3606e-02
1.7631e-02
2.0878e-02
2.3343e-02
2.4694e-02
2.4848e-02
2.4071e-02
2.2724e-02
2.1169e-02
1.9730e-02
1.8371e-02
1.6870e-02
1.5246e-02
1.3304e-02
1.1134e-02
8.9756e-03
7.0823e-03
5.6412e-03
4.5098e-03
3.4863e-03
2.4504e-03
1.3361e-03
1.6834e-04
-9.6169e-04
-1.8776e-03
-2.4233e-03
-2.6494e-03
-3.0911e-03
-3.7731e-03
-4.5068e-03
-5.3204e-03
-5.8925e-03
-5.9701e-03
-5.7723e-03
-5.8058e-03
-6.0536e-03
-6.0123e-03
-5.4269e-03
-4.4773e-03
-3.3675e-03
-2.2598e-03
-1.2024e-03
-2.2853e-04
6.6656e-04
9.2602e-04
4.9315e-04
-2.1729e-04
-3.8959e-04
6.5573e-05
4.4624e-04
1.4959e-04
-7.4414e-04
-1.8364e-03
-2.7754e-03
-3.2759e-03
-3.3823e-03
-3.0637e-03
-2.1932e-03
-8.3734e-04
7.9404e-04
2.2333e-03
3.1318e-03
3.2458e-03
2.5344e-03
1.2170e-03
-6.0708e-04
-2.7582e-03
-5.2267e-03
-8.0989e-03
-1.1260e-02
-1.4575e-02
-1.7929e-02
-2.1066e-02
-2.3557e-02
-2.4916e-02
-2.4624e-02
-2.2231e-02
-1.7940e-02
-1.2807e-02
-7.8305e-03
-3.5107e-03
-2.4702e-04
1.8233e-03
2.8487e-03
3.2908e-03
3.7733e-03
4.5766e-03
5.2374e-03
5.0354e-03
3.6567e-03
1.5560e-03
-6.1119e-04
-2.2280e-03
-2.8581e-03
-2.1346e-03
-1.2494e-04
2.7888e-03
6.1880e-03
9.7505e-03
1.3256e-02
1.6283e-02
1.8828e-02
2.0681e-02
2.1798e-02
2.1916e-02
2.0556e-02
1.7413e-02
1.2749e-02
7.4871e-03
2.5290e-03
-1.5029e-03
-4.0345e-03
-4.9137e-03
-4.3500e-03
-2.9902e-03
-1.5727e-03
-8.2568e-04
-9.6109e-04
-1.9813e-03
-3.7837e-03
-6.0440e-03
-8.6220e-03
-1.1299e-02
-1.3592e-02
-1.5115e-02
-1.5729e-02
-1.5232e-02
-1.3892e-02
-1.1996e-02
-9.9703e-03
-8.0998e-03
-6.3644e-03
-4.3719e-03
-1.9968e-03
5.6890e-04
2.7989e-03
4.3837e-03
5.3670e-03
5.7283e-03
5.4796e-03
4.4609e-03
2.6100e-03
9.9059e-05
-2.8130e-03
-5.5421e-03
-7.5106e-03
-8.6178e-03
-8.6587e-03
-7.3804e-03
-4.7258e-03
-1.0584e-03
3.0689e-03
6.7913e-03
9.2083e-03
1.0154e-02
9.9641e-03
8.8351e-03
6.8875e-03
4.3860e-03
1.5900e-03
-9.0289e-04
-2.6192e-03
-3.2003e-03
-2.8461e-03
-2.0252e-03
-1.4840e-03
-1.8815e-03
-3.1177e-03
-4.8145e-03
-6.3647e-03
-7.3503e-03
-7.4858e-03
-6.6824e-03
-5.1499e-03
-3.1482e-03
-1.3323e-03
-4.0506e-04
-6.5779e-04
-1.7475e-03
-3.3094e-03
-4.9898e-03
-6.2109e-03
-6.6042e-03
-6.0790e-03
-4.5575e-03
-2.4389e-03
-1.0257e-04
2.1766e-03
4.1107e-03
5.3997e-03
5.9801e-03
5.9255e-03
5.6912e-03
5.3502e-03
4.6728e-03
3.5658e-03
1.8793e-03
-3.7095e-04
-2.5740e-03
-4.2854e-03
-5.3523e-03
-5.4549e-03
-4.3141e-03
-1.8121e-03
1.8010e-03
5.6883e-03
9.1263e-03
1.2023e-02
1.4710e-02
1.7330e-02
2.0009e-02
2.2577e-02
2.4834e-02
2.6533e-02
2.7293e-02
2.7170e-02
2.6127e-02
2.4222e-02
2.1677e-02
1.8741e-02
1.5879e-02
1.3493e-02
1.1468e-02
9.4756e-03
7.0513e-03
4.3865e-03
1.7855e-03
-2.9516e-04
-1.7887e-03
-3.2330e-03
-5.1372e-03
-7.5354e-03
-9.9872e-03
-1.1636e-02
-1.1942e-02
-1.0690e-02
-7.8322e-03
-3.8381e-03
6.9305e-04
5.2450e-03
9.3495e-03
1.2483e-02
1.4452e-02
1.5502e-02
1.6354e-02
1.7277e-02
1.8129e-02
1.8598e-02
1.8450e-02
1.7425e-02
1.5434e-02
1.2648e-02
9.3218e-03
5.5596e-03
1.4480e-03
-2.4919e-03
-5.5940e-03
-7.5219e-03
-8.4661e-03
-8.6162e-03
-8.2047e-03
-7.5050e-03
-6.9452e-03
-6.8523e-03
-6.9614e-03
-7.2913e-03
-7.4439e-03
-7.1476e-03
-6.4661e-03
-5.7576e-03
-5.4014e-03
-5.2633e-03
-5.0853e-03
-4.6340e-03
-3.9797e-03
-3.1199e-03
-2.4026e-03
-2.2744e-03
-2.8206e-03
-3.8626e-03
-5.3291e-03
-7.2473e-03
-9.4284e-03
-1.1602e-02
-1.3498e-02
-1.4864e-02
-1.5780e-02
-1.6403e-02
-1.6998e-02
-1.7461e-02
-1.7647e-02
-1.7263e-02
-1.6450e-02
-1.5408e-02
-1.3994e-02
-1.1936e-02
-9.1063e-03
-5.6967e-03
-1.9686e-03
1.5613e-03
4.0330e-03
5.0299e-03
4.6906e-03
3.6113e-03
2.3614e-03
1.1747e-03
1.9751e-04
-5.7540e-04
-1.1690e-03
-1.8363e-03
-2.4458e-03
-2.8005e-03
-2.3442e-03
-8.4213e-04
1.7566e-03
5.0379e-03
8.4685e-03
1.1581e-02
1.3865e-02
1.5063e-02
1.5160e-02
1.4352e-02
1.2985e-02
1.1332e-02
9.7262e-03
8.2167e-03
6.8449e-03
5.3751e-03
3.5165e-03
1.4491e-03
-5.1010e-04
-2.0185e-03
-2.9815e-03
-3.3130e-03
-3.0478e-03
-2.1854e-03
-8.7593e-04
6.5259e-04
2.0598e-03
3.2837e-03
4.4048e-03
5.3828e-03
6.1453e-03
6.6054e-03
6.9594e-03
7.2769e-03
7.3521e-03
7.2448e-03
7.2957e-03
7.3576e-03
7.5729e-03
8.2437e-03
9.4655e-03
1.0712e-02
1.1582e-02
1.1947e-02
1.2040e-02
1.2223e-02
1.2673e-02
1.3252e-02
1.3864e-02
1.4214e-02
1.4093e-02
1.3377e-02
1.2000e-02
9.9362e-03
7.3080e-03
4.4623e-03
1.4394e-03
-1.4717e-03
-3.9609e-03
-5.9758e-03
-7.5113e-03
-8.6180e-03
-9.1941e-03
-8.9755e-03
-8.1259e-03
-6.7234e-03
-5.3339e-03
-4.4582e-03
-4.4045e-03
-5.1517e-03
-6.2358e-03
-7.1950e-03
-7.6450e-03
-7.4878e-03
-6.6473e-03
-5.2027e-03
-3.3149e-03
-1.4066e-03
5.6818e-05
9.3490e-04
1.1935e-03
1.0941e-03
9.9463e-04
1.2775e-03
2.2997e-03
4.0522e-03
6.2039e-03
8.4709e-03
1.0699e-02
1.2799e-02
1.4715e-02
1.6433e-02
1.8077e-02
1.9460e-02
2.0392e-02
2.0648e-02
2.0021e-02
1.8386e-02
1.5473e-02
1.1510e-02
7.0351e-03
2.6038e-03
-1.2388e-03
-4.0487e-03
-5.9685e-03
-7.2760e-03
-8.4172e-03
-9.7517e-03
-1.1323e-02
-1.2766e-02
-1.3792e-02
-1.4165e-02
-1.3789e-02
-1.2681e-02
-1.1154e-02
-9.8237e-03
-8.9043e-03
-8.3238e-03
-7.6765e-03
-6.7195e-03
-5.2932e-03
-3.3058e-03
-1.0991e-03
8.0537e-04
1.8937e-03
2.0437e-03
1.6165e-03
1.2056e-03
1.0591e-03
1.2361e-03
1.7611e-03
2.4683e-03
3.3860e-03
4.2458e-03
4.5758e-03
4.0906e-03
2.5878e-03
4.1843e-04
-1.9353e-03
-3.9994e-03
-5.2340e-03
-5.3232e-03
-4.1999e-03
-2.0805e-03
5.1958e-04
2.9789e-03
5.1364e-03
7.1329e-03
9.1966e-03
1.1575e-02
1.3725e-02
1.5014e-02
1.5062e-02
1.3708e-02
1.1170e-02
7.5373e-03
3.0909e-03
-1.4258e-03
-5.6114e-03
-9.3438e-03
-1.2723e-02
-1.5713e-02
-1.7956e-02
-1.9163e-02
-1.9233e-02
-1.8355e-02
-1.7005e-02
-1.5732e-02
-1.5092e-02
-1.4978e-02
-1.4991e-02
-1.4846e-02
-1.4363e-02
-1.3753e-02
-1.3108e-02
-1.2736e-02
-1.2774e-02
-1.3249e-02
-1.4037e-02
-1.4539e-02
-1.4148e-02
-1.2873e-02
-1.0976e-02
-8.9906e-03
-7.4593e-03
-6.5556e-03
-6.3619e-03
-6.6874e-03
-7.2224e-03
-7.4780e-03
-7.2435e-03
-6.5712e-03
-5.7729e-03
-5.1253e-03
-4.5110e-03
-3.9697e-03
-3.4295e-03
-3.0718e-03
-3.0147e-03
-3.3589e-03
-4.2100e-03
-5.2670e-03
-6.0896e-03
-6.2531e-03
-5.6702e-03
-4.5331e-03
-2.9669e-03
-1.0876e-03
6.6743e-04
1.8570e-03
2.4138e-03
2.5276e-03
2.1918e-03
1.1689e-03
-6.3999e-04
-3.0785e-03
-5.8870e-03
-8.5126e-03
-1.0484e-02
-1.1346e-02
-1.0921e-02
-9.6351e-03
-7.9641e-03
-6.4458e-03
-5.2890e-03
-4.5488e-03
-4.2681e-03
-4.1792e-03
-4.0297e-03
-3.6697e-03
-3.1468e-03
-2.2372e-03
-8.4683e-04
9.4512e-04
2.7776e-03
4.2793e-03
5.4750e-03
6.4674e-03
7.3727e-03
8.3737e-03
9.7676e-03
1.1884e-02
1.4707e-02
1.7844e-02
2.0851e-02
2.3369e-02
2.4718e-02
2.4601e-02
2.3186e-02
2.1055e-02
1.8717e-02
1.6389e-02
1.4244e-02
1.2453e-02
1.1226e-02
1.0484e-02
1.0040e-02
1.0037e-02
1.0487e-02
1.1105e-02
1.1804e-02
1.2200e-02
1.1947e-02
1.0697e-02
8.3872e-03
5.5043e-03
2.3835e-03
-4.2057e-04
-2.3494e-03
-3.4269e-03
-4.2616e-03
-5.1891e-03
-6.1978e-03
-7.1659e-03
-7.8689e-03
-8.2771e-03
-8.1712e-03
-7.7396e-03
-7.6147e-03
-8.2017e-03
-9.5932e-03
-1.1802e-02
-1.4475e-02
-1.6977e-02
-1.8961e-02
-2.0299e-02
-2.1159e-02
-2.1835e-02
-2.2616e-02
-2.3342e-02
-2.3548e-02
-2.3021e-02
-2.1648e-02
-1.9279e-02
-1.5945e-02
-1.2121e-02
-7.9370e-03
-3.6479e-03
4.5022e-04
4.0964e-03
7.1899e-03
9.5210e-03
1.0890e-02
1.1078e-02
9.7980e-03
6.8228e-03
2.3868e-03
-2.8901e-03
-8.0455e-03
-1.2677e-02
-1.6509e-02
-1.9102e-02
-2.0393e-02
-2.0392e-02
-1.9151e-02
-1.6893e-02
-1.4126e-02
-1.1021e-02
-7.8084e-03
-4.8405e-03
-2.3886e-03
-5.7262e-04
5.9983e-04
7.6905e-04
1.4674e-04
-6.2458e-04
-9.8460e-04
-8.2609e-04
-2.8172e-04
2.6854e-04
7.1385e-04
1.0168e-03
1.5669e-03
2.8799e-03
4.9546e-03
7.7731e-03
1.1277e-02
1.4857e-02
1.8030e-02
2.0372e-02
2.1602e-02
2.1654e-02
2.0610e-02
1.8755e-02
1.6535e-02
1.4320e-02
1.2387e-02
1.0919e-02
9.8419e-03
9.0780e-03
8.5819e-03
8.0855e-03
7.5011e-03
6.6166e-03
5.4982e-03
4.4319e-03
3.7089e-03
3.5083e-03
3.5055e-03
3.1299e-03
1.8581e-03
-3.1839e-04
-2.7411e-03
-5.0142e-03
-7.0115e-03
-8.7749e-03
-1.0577e-02
-1.2324e-02
-1.3762e-02
-1.4870e-02
-1.5571e-02
-1.5759e-02
-1.4979e-02
-1.3195e-02
-1.0773e-02
-8.1174e-03
-5.7912e-03
-3.9927e-03
-2.6101e-03
-1.8017e-03
-1.4504e-03
-1.6441e-03
-2.2578e-03
-3.3192e-03
-4.7327e-03
-6.1270e-03
-7.5724e-03
-9.1917e-03
-1.0873e-02
-1.2524e-02
-1.3757e-02
-1.4212e-02
-1.3752e-02
-1.2166e-02
-9.7144e-03
-6.7352e-03
-3.7610e-03
-1.2492e-03
7.5692e-04
2.3701e-03
3.8642e-03
5.2889e-03
6.7638e-03
8.3041e-03
9.4675e-03
1.0007e-02
9.8524e-03
8.8474e-03
6.9490e-03
4.3522e-03
1.3389e-03
-1.4051e-03
-3.1697e-03
-3.7852e-03
-3.3484e-03
-2.4391e-03
-1.6923e-03
-1.3674e-03
-1.8807e-03
-3.1151e-03
-4.8192e-03
-6.6110e-03
-8.2629e-03
-9.3771e-03
-9.7418e-03
-9.4795e-03
-8.7024e-03
-7.7006e-03
-6.6536e-03
-5.5198e-03
-4.1267e-03
-2.3179e-03
-2.7912e-04
1.7250e-03
3.5183e-03
5.1053e-03
6.2640e-03
6.9087e-03
7.1402e-03
6.7464e-03
5.8525e-03
4.4833e-03
2.4047e-03
-4.4895e-04
-3.9782e-03
-8.0348e-03
-1.2211e-02
-1.5973e-02
-1.8913e-02
-2.0460e-02
-2.0329e-02
-1.8450e-02
-1.5213e-02
-1.1378e-02
-7.9025e-03
-5.4554e-03
-4.3387e-03
-4.5988e-03
-5.9096e-03
-7.4920e-03
-8.7663e-03
-9.2484e-03
-8.4901e-03
-6.7296e-03
-4.5374e-03
-2.3897e-03
-5.0705e-04
1.1744e-03
3.1032e-03
5.4518e-03
8.1101e-03
1.0628e-02
1.2692e-02
1.4114e-02
1.4902e-02
1.5174e-02
1.5203e-02
1.5242e-02
1.5295e-02
1.5181e-02
1.4493e-02
1.2938e-02
1.0251e-02
6.7208e-03
2.8695e-03
-5.3590e-04
-2.9343e-03
-4.1331e-03
-4.1692e-03
-3.3400e-03
-2.1097e-03
-9.1940e-04
-1.6328e-04
-1.7631e-04
-8.5811e-04
-1.7151e-03
-2.2661e-03
-2.3511e-03
-1.8421e-03
-7.1323e-04
5.8030e-04
1.2493e-03
1.0293e-03
-6.5802e-05
-1.6195e-03
-2.8591e-03
-3.3843e-03
-3.1633e-03
-2.2295e-03
-8.2393e-04
7.0627e-04
1.8851e-03
2.5681e-03
2.9956e-03
3.2036e-03
3.4843e-03
4.1453e-03
5.2078e-03
6.6729e-03
8.5058e-03
1.0352e-02
1.1880e-02
1.3059e-02
1.3863e-02
1.4201e-02
1.4170e-02
1.3808e-02
1.3159e-02
1.2482e-02
1.1889e-02
1.1045e-02
9.7413e-03
7.8965e-03
5.7601e-03
3.7307e-03
2.1703e-03
1.2744e-03
1.2286e-03
2.0461e-03
3.4502e-03
5.1199e-03
6.5069e-03
7.3100e-03
7.4181e-03
7.0579e-03
6.6683e-03
6.2641e-03
5.7378e-03
5.2205e-03
4.7213e-03
4.4321e-03
4.3624e-03
4.3872e-03
4.4431e-03
4.4078e-03
4.1984e-03
3.7461e-03
3.1839e-03
2.3765e-03
1.3244e-03
4.3898e-05
-1.4928e-03
-3.1681e-03
-5.1065e-03
-7.2558e-03
-9.4059e-03
-1.1353e-02
-1.2838e-02
-1.3828e-02
-1.4176e-02
-1.3756e-02
-1.2316e-02
-9.8993e-03
-6.5325e-03
-2.4906e-03
1.5514e-03
4.9174e-03
7.3018e-03
8.7681e-03
9.5791e-03
9.8720e-03
9.8196e-03
9.4681e-03
8.8298e-03
8.1448e-03
7.5377e-03
6.7064e-03
5.4955e-03
3.8261e-03
1.8557e-03
-2.7240e-04
-1.9697e-03
-3.0047e-03
-3.3449e-03
-3.0347e-03
-2.1946e-03
-1.0706e-03
9.1952e-06
8.1256e-04
1.1562e-03
1.2176e-03
1.1763e-03
1.1437e-03
1.1387e-03
1.1475e-03
1.1338e-03
1.1049e-03
1.0962e-03
1.1974e-03
1.4693e-03
1.8670e-03
2.0976e-03
2.1715e-03
2.2754e-03
2.5621e-03
3.0335e-03
3.3115e-03
3.1666e-03
2.4883e-03
1.3751e-03
-3.6655e-05
-1.6360e-03
-3.0762e-03
-4.2472e-03
-5.0587e-03
-5.3908e-03
-5.3478e-03
-5.0402e-03
-4.5904e-03
-4.3171e-03
-4.2334e-03
-4.2166e-03
-4.1954e-03
-4.1550e-03
-4.2115e-03
-4.5339e-03
-5.2117e-03
-5.9664e-03
-6.4848e-03
-6.6939e-03
-6.4282e-03
-5.3708e-03
-3.4439e-03
-8.9816e-04
1.7815e-03
3.7922e-03
4.5812e-03
4.2229e-03
2.8422e-03
8.6928e-04
-1.4867e-03
-3.7544e-03
-5.6868e-03
-7.3144e-03
-8.2390e-03
-8.2491e-03
-7.5656e-03
-6.7754e-03
-6.4150e-03
-6.5727e-03
-7.0858e-03
-7.5297e-03
-7.6881e-03
-7.4207e-03
-6.5565e-03
-5.2157e-03
-3.6257e-03
-2.2016e-03
-1.0977e-03
-3.0284e-04
2.3964e-04
8.3168e-04
1.4707e-03
2.1184e-03
2.3583e-03
1.8061e-03
2.9716e-04
-1.7483e-03
-3.7400e-03
-5.3168e-03
-6.4295e-03
-7.1367e-03
-7.4444e-03
-7.5931e-03
-7.6862e-03
-7.5992e-03
-7.0014e-03
-5.6423e-03
-3.8137e-03
-1.8337e-03
3.1397e-04
2.3182e-03
4.2817e-03
6.1202e-03
7.5418e-03
8.4931e-03
8.8512e-03
8.6386e-03
7.8186e-03
6.5106e-03
4.8898e-03
3.3213e-03
2.0258e-03
1.3085e-03
1.6197e-03
3.0386e-03
5.0365e-03
7.0803e-03
8.9091e-03
1.0563e-02
1.1894e-02
1.2801e-02
1.3174e-02
1.2925e-02
1.1953e-02
1.0273e-02
8.1019e-03
5.4744e-03
2.4522e-03
-5.4180e-04
-2.8819e-03
-4.1641e-03
-4.1990e-03
-3.0909e-03
-1.2345e-03
6.9887e-04
2.1808e-03
3.0650e-03
3.3850e-03
3.3542e-03
3.1421e-03
2.7292e-03
2.1434e-03
1.0419e-03
-6.9316e-04
-2.8230e-03
-5.0882e-03
-7.2759e-03
-9.1819e-03
-1.0680e-02
-1.1839e-02
-1.2657e-02
-1.2961e-02
-1.2738e-02
-1.1972e-02
-1.0880e-02
-9.6964e-03
-8.6297e-03
-7.8763e-03
-7.5379e-03
-7.3822e-03
-7.1671e-03
-6.8365e-03
-6.6084e-03
-6.4237e-03
-6.0620e-03
-5.4242e-03
-4.7143e-03
-4.1365e-03
-3.5430e-03
-2.9039e-03
-2.0832e-03
-1.2784e-03
-8.9885e-04
-1.1326e-03
-2.1540e-03
-3.8194e-03
-5.7431e-03
-7.6904e-03
-9.7152e-03
-1.1499e-02
-1.2540e-02
-1.2631e-02
-1.1994e-02
-1.1159e-02
-1.0516e-02
-1.0003e-02
-9.5464e-03
-8.7897e-03
-7.5050e-03
-5.6366e-03
-3.4009e-03
-1.1875e-03
5.8247e-04
1.4771e-03
1.4807e-03
4.7360e-04
-1.6144e-03
-4.0271e-03
-6.0720e-03
-7.2648e-03
-7.4015e-03
-6.7151e-03
-5.5542e-03
-4.1557e-03
-2.5565e-03
-9.5558e-04
7.1704e-04
2.3417e-03
3.9237e-03
5.2884e-03
6.4559e-03
7.5075e-03
8.4177e-03
9.0947e-03
9.4506e-03
9.0543e-03
7.7461e-03
5.4710e-03
2.4694e-03
-5.0490e-04
-2.6488e-03
-3.5028e-03
-3.1478e-03
-1.7156e-03
3.8981e-04
2.3174e-03
3.7823e-03
4.6208e-03
5.1464e-03
5.6401e-03
6.3819e-03
7.4243e-03
8.5971e-03
9.7610e-03
1.0646e-02
1.1015e-02
1.0780e-02
9.9289e-03
8.6053e-03
7.0799e-03
5.6843e-03
4.4801e-03
3.3334e-03
2.2784e-03
1.4216e-03
1.0438e-03
1.2121e-03
2.0422e-03
3.3910e-03
5.0431e-03
6.5153e-03
7.5245e-03
7.8054e-03
7.2658e-03
5.9212e-03
4.2559e-03
2.6422e-03
1.5230e-03
1.0421e-03
9.3976e-04
1.0789e-03
1.4740e-03
2.1608e-03
2.8764e-03
3.3474e-03
3.5769e-03
3.4894e-03
2.8330e-03
1.4170e-03
-3.9706e-04
-2.2080e-03
-3.9318e-03
-5.2805e-03
-6.1358e-03
-6.4694e-03
-6.4197e-03
-6.1450e-03
-5.7417e-03
-5.4436e-03
-5.0925e-03
-4.4276e-03
-3.4587e-03
-2.2230e-03
-7.5175e-04
7.5933e-04
1.8331e-03
2.2702e-03
2.3099e-03
2.1998e-03
2.1702e-03
2.3755e-03
2.8967e-03
3.5642e-03
4.3742e-03
5.0829e-03
5.4374e-03
5.5449e-03
5.5524e-03
5.4967e-03
5.3083e-03
4.8386e-03
4.0655e-03
2.7737e-03
1.1185e-03
-8.0984e-04
-2.7448e-03
-4.2684e-03
-5.2380e-03
-5.4333e-03
-4.8405e-03
-3.5774e-03
-2.2739e-03
-1.3346e-03
-9.0321e-04
-8.4171e-04
-9.9048e-04
-1.3263e-03
-1.7814e-03
-2.0863e-03
-2.1809e-03
-2.0927e-03
-1.7945e-03
-1.3733e-03
-1.0984e-03
-9.8979e-04
-9.2323e-04
-8.8504e-04
-9.3031e-04
-1.2644e-03
-2.0159e-03
-3.0259e-03
-4.0213e-03
-4.8673e-03
-5.5653e-03
-6.4320e-03
-7.4209e-03
-8.2707e-03
-8.6538e-03
-8.4597e-03
-7.6389e-03
-6.3694e-03
-4.8690e-03
-3.4023e-03
-1.8666e-03
-9.6636e-05
1.6741e-03
3.1725e-03
4.3753e-03
5.2402e-03
5.6204e-03
5.4751e-03
4.6712e-03
3.1755e-03
1.0626e-03
-1.2340e-03
-3.0280e-03
-4.2541e-03
-5.0282e-03
-5.4861e-03
-5.9692e-03
-6.5901e-03
-7.5018e-03
-8.5375e-03
-9.2752e-03
-9.4159e-03
-9.0029e-03
-8.4369e-03
-7.8097e-03
-7.2898e-03
-6.7684e-03
-6.2173e-03
-5.4475e-03
-4.4674e-03
-3.3828e-03
-2.2221e-03
-1.0344e-03
8.3025e-05
9.0715e-04
1.1804e-03
8.8875e-04
1.7101e-04
-5.6713e-04
-9.7602e-04
-1.1305e-03
-1.1608e-03
-1.0788e-03
-7.5784e-04
-4.8929e-05
9.3203e-04
2.0356e-03
3.1900e-03
4.3407e-03
5.4135e-03
6.2482e-03
6.6725e-03
6.6984e-03
6.3162e-03
5.4980e-03
4.5310e-03
3.7169e-03
3.1800e-03
2.6834e-03
2.0359e-03
9.3057e-04
-5.6839e-04
-1.9160e-03
-2.8313e-03
-3.2003e-03
-3.2424e-03
-3.2035e-03
-3.1944e-03
-3.2060e-03
-3.1319e-03
-2.8659e-03
-2.4347e-03
-2.1393e-03
-2.0486e-03
-2.0836e-03
-2.1673e-03
-2.1423e-03
-1.8753e-03
-1.3066e-03
-6.9661e-04
-2.0785e-04
-1.7512e-04
-6.3365e-04
-1.2333e-03
-1.8106e-03
-2.0566e-03
-1.9100e-03
-1.5040e-03
-1.0511e-03
-4.7582e-04
3.7634e-04
1.1952e-03
2.1699e-03
3.3210e-03
4.4424e-03
5.2071e-03
5.2348e-03
4.5235e-03
3.4834e-03
2.5657e-03
2.0969e-03
2.0763e-03
2.4682e-03
3.2240e-03
4.0426e-03
4.6665e-03
5.1424e-03
5.3761e-03
5.5267e-03
5.8078e-03
6.2265e-03
6.5002e-03
6.5566e-03
6.4959e-03
6.4685e-03
6.7339e-03
7.4743e-03
8.5695e-03
9.7499e-03
1.0709e-02
1.1057e-02
1.0589e-02
9.1447e-03
6.9890e-03
4.3674e-03
1.4595e-03
-1.2613e-03
-3.4004e-03
-5.0316e-03
-6.0294e-03
-6.4024e-03
-6.4824e-03
-6.4669e-03
-6.4375e-03
-6.3268e-03
-6.0741e-03
-5.7014e-03
-5.4908e-03
-5.3769e-03
-5.1052e-03
-4.4363e-03
-3.4111e-03
-2.1368e-03
-7.5036e-04
4.7492e-04
1.0915e-03
1.2203e-03
1.1659e-03
1.1248e-03
1.2127e-03
1.3539e-03
1.2969e-03
6.5404e-04
-7.9385e-04
-2.5877e-03
-4.1350e-03
-5.1910e-03
-5.5678e-03
-5.2410e-03
-4.1717e-03
-2.5444e-03
-8.0436e-04
7.9775e-04
1.8555e-03
2.2597e-03
2.3146e-03
2.2763e-03
2.2747e-03
2.2864e-03
2.1977e-03
1.8998e-03
1.4535e-03
1.2294e-03
1.3778e-03
1.8162e-03
2.2588e-03
2.5916e-03
2.7631e-03
2.5000e-03
2.0663e-03
1.6004e-03
1.2647e-03
8.9341e-04
1.9828e-04
-7.6788e-04
-1.9018e-03
-3.1011e-03
-4.2247e-03
-5.0653e-03
-5.3874e-03
-5.1713e-03
-4.4461e-03
-3.4098e-03
-2.2036e-03
-8.3400e-04
6.4875e-04
2.0050e-03
3.2346e-03
4.4188e-03
5.4786e-03
6.2127e-03
6.3581e-03
5.9757e-03
5.3330e-03
4.4430e-03
3.4598e-03
2.6090e-03
1.9629e-03
1.4373e-03
1.1267e-03
1.0731e-03
1.2725e-03
1.8560e-03
2.6956e-03
3.8092e-03
4.7266e-03
5.2883e-03
5.2183e-03
4.4866e-03
3.5083e-03
2.6763e-03
2.1921e-03
1.8717e-03
1.5257e-03
1.2887e-03
1.0816e-03
8.3255e-04
6.3884e-04
8.2192e-04
1.2622e-03
1.9106e-03
2.5912e-03
3.1383e-03
3.1871e-03
2.4876e-03
1.1525e-03
-7.2851e-04
-2.8103e-03
-4.8188e-03
-6.6167e-03
-8.2776e-03
-9.5761e-03
-1.0342e-02
-1.0485e-02
-1.0144e-02
-9.6314e-03
-8.8004e-03
-7.4979e-03
-5.5717e-03
-3.1180e-03
-4.6925e-04
1.7876e-03
3.3112e-03
4.1633e-03
4.4359e-03
4.4345e-03
4.3834e-03
4.3726e-03
4.4066e-03
4.4474e-03
4.4406e-03
4.3591e-03
4.2414e-03
4.2559e-03
4.6743e-03
5.7055e-03
7.0984e-03
8.2804e-03
9.0481e-03
9.5717e-03
9.8157e-03
9.8867e-03
9.8490e-03
9.5892e-03
8.9727e-03
8.0065e-03
6.6255e-03
4.6529e-03
2.1983e-03
-4.5348e-04
-2.7188e-03
-4.2575e-03
-5.0599e-03
-5.1378e-03
-4.7229e-03
-4.1374e-03
-3.2978e-03
-2.1784e-03
-8.1466e-04
6.7747e-04
1.8731e-03
2.6364e-03
3.0800e-03
3.0652e-03
2.6746e-03
2.2565e-03
1.8410e-03
1.4863e-03
1.4952e-03
1.8438e-03
2.1579e-03
2.3525e-03
2.3892e-03
2.1657e-03
1.5534e-03
6.1242e-04
-6.4080e-04
-1.6770e-03
-2.1402e-03
-2.1372e-03
-1.7952e-03
-1.3265e-03
-1.0728e-03
-1.0450e-03
-1.0059e-03
-7.2378e-04
-1.9760e-05
8.8920e-04
1.7746e-03
2.5528e-03
3.3970e-03
4.1431e-03
4.4711e-03
4.2679e-03
3.4927e-03
2.3369e-03
1.0555e-03
-1.5359e-04
-1.0476e-03
-2.0201e-03
-3.3261e-03
-4.9065e-03
-6.3355e-03
-7.2293e-03
-7.3205e-03
-6.6196e-03
-5.5021e-03
-4.2711e-03
-3.1792e-03
-2.4129e-03
-2.0866e-03
-2.0036e-03
-1.9863e-03
-1.9866e-03
-2.0887e-03
-2.4022e-03
-2.9009e-03
-3.1884e-03
-3.0130e-03
-2.2314e-03
-9.5481e-04
5.8977e-04
2.0912e-03
3.5448e-03
5.0314e-03
6.3468e-03
7.5385e-03
8.6889e-03
9.7634e-03
1.0609e-02
1.0988e-02
1.0835e-02
1.0072e-02
8.7405e-03
6.8921e-03
4.7266e-03
2.4580e-03
2.4745e-04
-1.6709e-03
-3.0728e-03
-3.9309e-03
-4.2864e-03
-4.3304e-03
-4.2148e-03
-3.9332e-03
-3.5283e-03
-3.1919e-03
-2.8802e-03
-2.4750e-03
-2.1301e-03
-1.7303e-03
-1.2393e-03
-9.3988e-04
-9.5837e-04
-1.2958e-03
-1.8506e-03
-2.1350e-03
-1.8597e-03
-8.8216e-04
5.5855e-04
1.9807e-03
3.2742e-03
4.4911e-03
5.5638e-03
6.2772e-03
6.3084e-03
5.6663e-03
4.6623e-03
3.5696e-03
2.4606e-03
1.2774e-03
-1.0825e-04
-1.6526e-03
-2.9936e-03
-3.8955e-03
-4.2969e-03
-4.3109e-03
-4.0885e-03
-3.6094e-03
-2.9917e-03
-2.0284e-03
-8.0616e-04
3.9312e-04
1.1240e-03
1.5398e-03
1.8873e-03
2.1491e-03
2.4958e-03
3.0724e-03
3.6136e-03
3.9618e-03
3.7475e-03
3.0359e-03
1.8517e-03
5.9376e-04
-5.4048e-04
-9.9844e-04
-5.4625e-04
6.5034e-04
2.0455e-03
3.2488e-03
4.1776e-03
4.7558e-03
5.1859e-03
5.3806e-03
5.4897e-03
5.7183e-03
6.1829e-03
6.7721e-03
7.5335e-03
8.3362e-03
9.0415e-03
9.7897e-03
1.0433e-02
1.0845e-02
1.1226e-02
1.1739e-02
1.2188e-02
1.2476e-02
1.2392e-02
1.2130e-02
1.1709e-02
1.1026e-02
1.0300e-02
9.6217e-03
8.8071e-03
7.8475e-03
6.8223e-03
5.6889e-03
4.3823e-03
2.8070e-03
1.0941e-03
-7.9657e-04
-2.6348e-03
-4.1328e-03
-5.2845e-03
-6.0669e-03
-6.4204e-03
-6.4906e-03
-6.3678e-03
-6.0529e-03
-5.6141e-03
-5.3409e-03
-5.2766e-03
-5.3170e-03
-5.3694e-03
-5.2882e-03
-4.9946e-03
-4.5301e-03
-4.2361e-03
-4.1892e-03
-4.3055e-03
-4.3937e-03
-4.1073e-03
-3.0839e-03
-1.3032e-03
8.9133e-04
3.1276e-03
5.0926e-03
6.5680e-03
7.6248e-03
8.3297e-03
8.7383e-03
9.1082e-03
9.5521e-03
9.7753e-03
9.6564e-03
9.1937e-03
8.5593e-03
7.7561e-03
6.9466e-03
6.3270e-03
5.8133e-03
5.5378e-03
5.4387e-03
5.4234e-03
5.5252e-03
5.7950e-03
6.2293e-03
6.5552e-03
6.7221e-03
6.7073e-03
6.3847e-03
5.6483e-03
4.6392e-03
3.5202e-03
2.3731e-03
1.2548e-03
2.2856e-04
-6.1815e-04
-1.2295e-03
-1.7338e-03
-2.0328e-03
-2.1614e-03
-2.1509e-03
-1.8847e-03
-1.2687e-03
-4.2789e-04
5.2332e-04
1.1009e-03
1.2615e-03
1.2440e-03
1.1595e-03
1.1556e-03
1.2276e-03
1.3380e-03
1.2665e-03
7.5934e-04
-3.7925e-04
-1.7968e-03
-3.3660e-03
-4.9400e-03
-6.0660e-03
-6.4988e-03
-6.3012e-03
-5.4752e-03
-4.1979e-03
-2.5904e-03
-8.6903e-04
9.9961e-04
2.8289e-03
4.3795e-03
5.6260e-03
6.4221e-03
6.4360e-03
5.5652e-03
3.9622e-03
1.9758e-03
-2.6007e-04
-2.2145e-03
-3.6780e-03
-4.3488e-03
-4.2190e-03
-3.3593e-03
-1.8777e-03
-4.8332e-06
1.7969e-03
3.0371e-03
3.6706e-03
3.9011e-03
3.7696e-03
3.5591e-03
3.2166e-03
2.4025e-03
1.0802e-03
-6.9254e-04
-2.5163e-03
-4.0590e-03
-5.3423e-03
-6.4134e-03
-7.1503e-03
-7.3831e-03
-7.1692e-03
-6.7230e-03
-6.4203e-03
-6.3495e-03
-6.3795e-03
-6.3706e-03
-6.1406e-03
-5.6479e-03
-5.0883e-03
-4.5402e-03
-4.1813e-03
-4.0418e-03
-4.0798e-03
-4.4429e-03
-5.1979e-03
-6.1757e-03
-7.0835e-03
-7.7809e-03
-8.2503e-03
-8.3228e-03
-7.9448e-03
-7.3468e-03
-6.3700e-03
-5.1275e-03
-3.8407e-03
-2.9215e-03
-2.2557e-03
-1.8200e-03
-1.4527e-03
-1.0855e-03
-4.2457e-04
7.5266e-04
2.0483e-03
3.2160e-03
4.1679e-03
4.8232e-03
5.3119e-03
5.4433e-03
5.2225e-03
4.7991e-03
4.5293e-03
4.4641e-03
4.4784e-03
4.4133e-03
4.1425e-03
3.6973e-03
3.4118e-03
3.3581e-03
3.4470e-03
3.4938e-03
3.2188e-03
2.3795e-03
1.1017e-03
-2.8887e-04
-1.2795e-03
-1.7994e-03
-1.7403e-03
-1.2708e-03
-9.4953e-04
-1.0184e-03
-1.5812e-03
-2.5188e-03
-3.7732e-03
-4.8811e-03
-5.5853e-03
-6.0607e-03
-6.2420e-03
-6.3528e-03
-6.6193e-03
-7.1255e-03
-7.6048e-03
-7.9293e-03
-7.8794e-03
-7.6470e-03
-7.1999e-03
-6.3781e-03
-5.3582e-03
-4.3722e-03
-3.5805e-03
-2.9633e-03
-2.1334e-03
-9.1959e-04
6.7621e-04
2.3975e-03
4.0985e-03
5.4556e-03
6.3039e-03
6.6403e-03
6.6698e-03
6.6239e-03
6.5891e-03
6.5983e-03
6.6206e-03
6.6282e-03
6.6023e-03
6.5626e-03
6.5870e-03
6.7940e-03
7.2748e-03
7.9092e-03
8.7319e-03
9.5232e-03
9.9780e-03
1.0049e-02
9.6357e-03
8.6237e-03
7.2288e-03
5.8335e-03
4.4151e-03
2.7576e-03
8.8234e-04
-1.2638e-03
-3.2330e-03
-4.8666e-03
-5.9301e-03
-6.4185e-03
-6.7213e-03
-7.0428e-03
-7.2634e-03
-7.4386e-03
-7.7196e-03
-8.1212e-03
-8.4602e-03
-8.7716e-03
-9.1556e-03
-9.4769e-03
-9.8809e-03
-1.0474e-02
-1.0980e-02
-1.1172e-02
-1.0716e-02
-9.8224e-03
-8.8997e-03
-8.1693e-03
-7.6412e-03
-7.4304e-03
-7.4766e-03
-7.5302e-03
-7.3456e-03
-6.5980e-03
-5.2451e-03
-3.3152e-03
-1.1573e-03
8.0951e-04
2.2418e-03
3.0903e-03
3.4188e-03
3.4773e-03
3.4593e-03
3.3521e-03
3.0822e-03
2.6093e-03
2.1805e-03
1.8466e-03
1.6933e-03
1.4433e-03
1.2282e-03
1.1942e-03
1.3769e-03
1.8820e-03
2.5435e-03
3.3876e-03
4.1425e-03
4.4752e-03
4.3555e-03
3.8469e-03
3.1570e-03
2.3116e-03
1.5315e-03
1.1302e-03
1.1116e-03
1.5023e-03
2.2454e-03
2.9941e-03
3.4067e-03
3.5208e-03
3.4073e-03
3.1084e-03
2.6868e-03
2.3711e-03
2.0778e-03
1.6329e-03
1.0760e-03
2.4704e-04
-7.9495e-04
-1.8813e-03
-2.9032e-03
-3.7640e-03
-4.5009e-03
-5.2964e-03
-5.9967e-03
-6.2779e-03
-6.1405e-03
-5.6655e-03
-5.1315e-03
-4.5377e-03
-3.9261e-03
-3.1756e-03
-2.3724e-03
-1.7133e-03
-1.1721e-03
-9.8410e-04
-1.1656e-03
-1.5786e-03
-1.9456e-03
-2.2788e-03
-2.6968e-03
-3.0690e-03
-3.4861e-03
-3.9147e-03
-3.9385e-03
-3.3583e-03
-2.2886e-03
-7.9773e-04
1.0248e-03
2.8357e-03
4.3353e-03
5.5843e-03
6.6342e-03
7.3990e-03
7.7372e-03
7.7154e-03
7.4379e-03
7.0290e-03
6.7841e-03
6.6337e-03
6.3250e-03
5.7144e-03
4.9587e-03
4.2320e-03
3.4305e-03
2.7158e-03
2.2627e-03
1.9699e-03
1.8140e-03
1.9953e-03
2.2831e-03
2.5765e-03
2.8370e-03
2.7750e-03
2.5445e-03
2.0223e-03
1.0262e-03
-1.8426e-04
-1.1121e-03
-1.7446e-03
-2.0266e-03
-2.0598e-03
-2.0279e-03
-1.9686e-03
-1.9301e-03
-1.9227e-03
-2.0305e-03
-2.3080e-03
-2.7318e-03
-3.1986e-03
-3.2995e-03
-3.3142e-03
-3.3151e-03
-3.3400e-03
-3.3578e-03
-3.2771e-03
-3.0125e-03
-2.5931e-03
-2.3110e-03
-2.2091e-03
-2.2034e-03
-2.2433e-03
-2.2728e-03
-2.2829e-03
-2.2632e-03
-2.2312e-03
-2.2134e-03
-2.2844e-03
-2.5162e-03
-2.9192e-03
-3.2895e-03
-3.6849e-03
-4.1586e-03
-4.4500e-03
-4.4748e-03
-4.1940e-03
-3.5718e-03
-2.8281e-03
-2.0320e-03
-9.7016e-04
2.5085e-04
1.1785e-03
1.8051e-03
1.9712e-03
1.7121e-03
1.2480e-03
9.5172e-04
9.0547e-04
9.6866e-04
9.5524e-04
6.2056e-04
-1.3684e-04
-1.0617e-03
-1.8207e-03
-2.2939e-03
-2.7340e-03
-3.3753e-03
-4.0046e-03
-4.3597e-03
-4.4905e-03
-4.5231e-03
-4.5155e-03
-4.4337e-03
-4.1685e-03
-3.6659e-03
-3.1266e-03
-2.6185e-03
-2.3312e-03
-2.2396e-03
-2.2022e-03
-2.1952e-03
-2.2543e-03
-2.5062e-03
-2.9960e-03
-3.5316e-03
-4.0301e-03
-4.3031e-03
-4.3584e-03
-4.3535e-03
-4.3369e-03
-4.3472e-03
-4.2921e-03
-4.0755e-03
-3.6091e-03
-3.0384e-03
-2.3061e-03
-1.5365e-03
-8.3117e-04
-6.0812e-05
6.0557e-04
9.3483e-04
1.0079e-03
9.5332e-04
8.8714e-04
9.2485e-04
1.1638e-03
1.6250e-03
2.1165e-03
2.6407e-03
3.1339e-03
3.6842e-03
4.2827e-03
4.9196e-03
5.3697e-03
5.3554e-03
5.1440e-03
4.6962e-03
3.9077e-03
2.9282e-03
1.9829e-03
1.2029e-03
5.9634e-04
-1.4550e-04
-1.0801e-03
-2.1476e-03
-3.2075e-03
-4.0289e-03
-4.3455e-03
-4.1023e-03
-3.3118e-03
-2.2363e-03
-1.2271e-03
-6.3264e-04
-7.0471e-04
-1.2706e-03
-2.3121e-03
-3.6677e-03
-4.9208e-03
-6.0227e-03
-6.9839e-03
-7.7778e-03
-8.2895e-03
-8.4654e-03
-8.0203e-03
-7.0580e-03
-5.7748e-03
-4.3247e-03
-3.0277e-03
-1.9174e-03
-9.3355e-04
-8.9830e-05
6.0384e-04
1.1919e-03
1.9475e-03
2.8708e-03
3.8022e-03
4.5301e-03
4.8695e-03
4.8761e-03
4.6231e-03
4.1345e-03
3.5678e-03
2.8720e-03
2.1669e-03
1.5987e-03
1.1049e-03
8.2300e-04
7.5929e-04
8.7663e-04
1.1869e-03
1.5356e-03
1.5582e-03
1.1114e-03
4.1896e-04
-4.0595e-04
-9.2239e-04
-1.1802e-03
-1.3746e-03
-1.4978e-03
-1.3090e-03
-8.6358e-04
-1.4574e-04
7.2486e-04
1.5286e-03
2.1961e-03
2.7977e-03
3.6771e-03
4.8509e-03
6.0007e-03
6.9641e-03
7.6232e-03
7.8671e-03
7.7973e-03
7.4943e-03
7.0139e-03
6.5415e-03
6.0569e-03
5.5693e-03
4.9299e-03
4.0629e-03
2.9584e-03
1.5450e-03
-2.0127e-05
-1.6748e-03
-3.0269e-03
-4.0623e-03
-4.8875e-03
-5.4608e-03
-5.7258e-03
-5.7240e-03
-5.4665e-03
-4.8901e-03
-4.0957e-03
-3.1130e-03
-1.9049e-03
-5.2117e-04
6.9340e-04
1.4360e-03
1.8548e-03
2.0498e-03
2.2324e-03
2.5915e-03
2.9940e-03
3.3970e-03
3.5795e-03
3.4738e-03
3.0999e-03
2.5390e-03
1.7076e-03
6.8555e-04
-2.2105e-04
-1.0128e-03
-1.4260e-03
-1.5088e-03
-1.4653e-03
-1.3910e-03
-1.4154e-03
-1.5924e-03
-1.9553e-03
-2.3349e-03
-2.7470e-03
-3.1098e-03
-3.4896e-03
-3.8505e-03
-4.2462e-03
-4.6075e-03
-4.9186e-03
-5.0715e-03
-5.0915e-03
-5.0887e-03
-5.0762e-03
-5.0078e-03
-4.7407e-03
-4.1792e-03
-3.4525e-03
-2.7654e-03
-2.2560e-03
-1.9426e-03
-1.9482e-03
-2.2086e-03
-2.4135e-03
-2.4691e-03
-2.3311e-03
-1.9782e-03
-1.4932e-03
-8.3233e-04
-1.2742e-04
3.3521e-04
3.4258e-04
-6.0529e-05
-5.3321e-04
-8.4659e-04
-1.0591e-03
-1.3254e-03
-1.6417e-03
-2.1345e-03
-2.7693e-03
-3.4708e-03
-4.1899e-03
-4.8541e-03
-5.3456e-03
-5.5242e-03
-5.3527e-03
-4.7950e-03
-3.8887e-03
-2.7130e-03
-1.4461e-03
-2.7717e-04
7.4804e-04
1.3687e-03
1.4599e-03
1.1152e-03
5.7136e-04
-4.1817e-05
-4.1241e-04
-5.4174e-04
-5.4499e-04
-4.2242e-04
-1.5760e-04
2.2457e-04
4.5884e-04
3.3164e-04
-1.4858e-05
-4.4774e-04
-1.0622e-03
-1.7936e-03
-2.4285e-03
-2.6404e-03
-2.4369e-03
-2.0471e-03
-1.5105e-03
-9.4639e-04
-4.4277e-04
-8.3593e-08
4.6916e-04
8.3029e-04
8.5607e-04
5.1549e-04
-4.5934e-05
-6.8576e-04
-1.3195e-03
-1.8768e-03
-2.2780e-03
-2.4482e-03
-2.4225e-03
-2.2139e-03
-1.7985e-03
-1.2614e-03
-6.4145e-04
8.9119e-05
9.5064e-04
1.8279e-03
2.6358e-03
3.1693e-03
3.3267e-03
3.2021e-03
2.8886e-03
2.5343e-03
2.1364e-03
1.7419e-03
1.3793e-03
9.3792e-04
4.7780e-04
1.2328e-04
-5.2701e-05
-1.4618e-04
-2.6887e-04
-4.1896e-04
-4.3184e-04
-2.6609e-04
-3.0156e-05
2.6864e-04
5.6114e-04
5.7971e-04
4.0893e-04
1.6692e-04
-1.1640e-05
-7.2624e-05
-3.7532e-05
1.3796e-04
4.4332e-04
7.8231e-04
1.0527e-03
1.3104e-03
1.5114e-03
1.6816e-03
1.7653e-03
1.8118e-03
1.8974e-03
2.0319e-03
2.1115e-03
2.1285e-03
2.1145e-03
2.0783e-03
2.0078e-03
1.8755e-03
1.6810e-03
1.5118e-03
1.3552e-03
1.1876e-03
1.0670e-03
9.3642e-04
7.0988e-04
4.0894e-04
2.6420e-05
-2.8584e-04
-5.0676e-04
-6.0151e-04
-5.7290e-04
-4.6376e-04
-2.9388e-04
-1.5764e-04
-3.1799e-05
1.0996e-04
2.1681e-04
3.1716e-04
4.4842e-04
5.6132e-04
6.8842e-04
8.3668e-04
8.9736e-04
8.1480e-04
5.7815e-04
2.5060e-04
-9.2891e-05
-4.2373e-04
-7.2806e-04
-1.0173e-03
-1.2979e-03
-1.5804e-03
-1.8560e-03
-2.1041e-03
-2.2770e-03
-2.3359e-03
-2.2901e-03
-2.1369e-03
-1.8410e-03
-1.4413e-03
-9.9327e-04
-5.9857e-04
-2.6741e-04
2.8225e-05
3.1137e-04
5.8767e-04
8.3856e-04
1.0246e-03
1.1232e-03
1.1676e-03
1.1806e-03
1.1230e-03
1.0621e-03
1.0112e-03
9.5422e-04
8.9295e-04
8.5715e-04
7.9625e-04
7.4306e-04
7.1456e-04
6.9765e-04
7.0571e-04
7.4405e-04
8.1590e-04
8.7895e-04
9.4371e-04
1.0128e-03
1.0290e-03
9.7756e-04
8.7543e-04
7.6970e-04
6.7037e-04
5.8296e-04
4.7666e-04
3.2616e-04
2.0613e-04
1.0795e-04
2.3882e-05
-8.2908e-05
-2.1997e-04
-3.7241e-04
-5.2800e-04
-6.5809e-04
-7.2591e-04
-6.9869e-04
-5.9935e-04
-4.8579e-04
-3.7728e-04
-2.9295e-04
-2.1814e-04
-1.3599e-04
-8.0360e-05
-5.5513e-05
-6.0281e-05
-8.4471e-05
-9.9723e-05
-1.1385e-04
-1.4715e-04
-1.8210e-04
-2.1669e-04
-2.1579e-04
-1.6157e-04
-4.5949e-05
1.1260e-04
2.8757e-04
4.4259e-04
5.7752e-04
7.0269e-04
8.1379e-04
8.8677e-04
9.3793e-04
9.7301e-04
9.9997e-04
1.0110e-03
1.0063e-03
9.8982e-04
9.5131e-04
8.8364e-04
7.9533e-04
6.9643e-04
5.9269e-04
4.9900e-04
4.4367e-04
4.2626e-04
4.4830e-04
4.9142e-04
5.4457e-04
5.9759e-04
6.3995e-04
6.8315e-04
7.1670e-04
7.3112e-04
7.3178e-04
7.2612e-04
7.1248e-04
6.8732e-04
6.4828e-04
6.1073e-04
5.8525e-04
5.6592e-04
5.4677e-04
5.3655e-04
5.3325e-04
5.3295e-04
5.3346e-04
5.3390e-04
5.3450e-04
5.3567e-04
5.3640e-04
5.3393e-04
5.2456e-04
5.0760e-04
4.9066e-04
4.7611e-04
4.6928e-04
4.6879e-04
4.7001e-04
4.7376e-04
4.8284e-04
5.0202e-04
5.2916e-04
5.6297e-04
6.0128e-04
6.3611e-04
6.6164e-04
6.8085e-04
6.9479e-04
6.9846e-04
6.9305e-04
6.7599e-04
6.4751e-04
6.1496e-04
5.8267e-04
5.5286e-04
5.2472e-04
4.9742e-04
4.7078e-04
4.4810e-04
4.3472e-04
4.2841e-04
4.2434e-04
4.2071e-04
4.1676e-04
4.1460e-04
4.1563e-04
4.1971e-04
4.2104e-04
4.2000e-04
4.1777e-04
4.1305e-04
4.0670e-04
4.0057e-04
3.9564e-04
3.9253e-04
3.8951e-04
3.8669e-04
3.8295e-04
3.7837e-04
3.7198e-04
3.6433e-04
3.5644e-04
3.4912e-04
3.4281e-04
3.3724e-04
3.3095e-04
3.2391e-04
3.1654e-04
3.0908e-04
3.0149e-04
2.9363e-04
2.8554e-04
2.7794e-04
2.7056e-04
2.6308e-04
2.5594e-04
2.4909e-04
2.4276e-04
2.3672e-04
2.3072e-04
2.2527e-04
2.2023e-04
2.1544e-04
2.1066e-04
2.0574e-04
2.0059e-04
1.9539e-04
1.9058e-04
1.8625e-04
1.8215e-04
1.7792e-04
1.7341e-04
1.6873e-04
1.6391e-04
1.5917e-04
1.5441e-04
1.4966e-04
1.4519e-04
1.4100e-04
1.3700e-04
1.3313e-04
1.2922e-04
1.2519e-04
1.2108e-04
1.1686e-04
1.1257e-04
1.0827e-04
1.0396e-04
9.9726e-05
9.5563e-05
9.1456e-05
8.7367e-05
8.3259e-05
7.9122e-05
7.4983e-05
7.0861e-05
6.6767e-05
6.2705e-05
5.8685e-05
5.4685e-05
5.0702e-05
4.6727e-05
4.2766e-05
3.8815e-05
3.4872e-05
3.0934e-05
2.7005e-05
2.3086e-05
1.9181e-05
1.5288e-05
1.1410e-05
7.5451e-06
3.6949e-06
-1.4127e-07
-3.9627e-06
-7.7698e-06
-1.1562e-05
-1.5340e-05
-1.9103e-05
-2.2852e-05
-2.6586e-05
-3.0304e-05
