1.2178e-03
1.1284e-03
1.0059e-03
8.4914e-04
7.7756e-04
8.6757e-04
1.3454e-03
2.0923e-03
2.9427e-03
3.4992e-03
3.3711e-03
2.7712e-03
2.0417e-03
1.5935e-03
2.1596e-03
3.2850e-03
4.7021e-03
5.6094e-03
6.6999e-03
7.1790e-03
8.3361e-03
1.0108e-02
1.0633e-02
8.3782e-03
6.0552e-03
6.1372e-03
6.1977e-03
4.7220e-03
2.8302e-03
2.0991e-03
1.0783e-03
1.0891e-04
-8.5393e-04
-8.6501e-04
-1.1558e-04
1.8780e-03
4.9936e-03
8.1769e-03
1.2189e-02
1.3221e-02
1.0349e-02
5.9597e-03
1.3887e-03
-1.5126e-03
-1.4332e-03
-3.3890e-03
-5.8595e-03
-4.8559e-03
-1.3589e-03
3.9612e-03
8.6988e-03
1.1956e-02
1.2839e-02
1.1217e-02
8.8651e-03
6.3662e-03
4.5352e-03
2.0856e-03
7.6649e-04
-5.9831e-04
-2.5462e-03
-3.7768e-03
-5.7385e-03
-5.2399e-03
-3.5461e-03
-1.1172e-03
1.9996e-03
6.2406e-03
9.8541e-03
1.1339e-02
1.2508e-02
1.1518e-02
9.7318e-03
8.0081e-03
6.6468e-03
5.0296e-03
3.4914e-03
2.3413e-03
1.4047e-04
-1.1280e-03
-4.8531e-04
-1.8440e-04
-1.0752e-03
-3.4162e-03
-6.4288e-03
-8.4610e-03
-8.4274e-03
-5.9887e-03
-3.2144e-03
-1.7476e-03
-9.0422e-04
-2.1825e-04
2.1580e-03
4.7674e-03
6.2354e-03
6.6594e-03
4.5013e-03
1.2565e-03
-1.4275e-03
-3.3386e-03
-2.6775e-03
-3.3572e-04
2.2044e-03
4.6039e-03
7.2281e-03
9.9498e-03
1.3212e-02
1.8069e-02
2.2502e-02
2.2902e-02
1.8046e-02
1.2439e-02
1.1313e-02
1.1660e-02
9.5670e-03
6.3415e-03
2.0642e-03
-1.4872e-03
-1.6749e-03
9.8581e-04
5.8424e-03
1.1276e-02
1.5245e-02
1.6350e-02
1.5880e-02
1.6206e-02
1.7471e-02
1.8100e-02
1.6087e-02
1.2461e-02
9.0211e-03
5.2252e-03
3.4653e-03
4.5344e-03
6.0748e-03
6.7248e-03
7.2103e-03
7.6280e-03
5.9192e-03
2.1434e-03
-8.5869e-04
-2.6623e-03
-6.2882e-03
-1.1623e-02
-1.6662e-02
-1.9956e-02
-1.9973e-02
-1.7073e-02
-1.4146e-02
-1.2950e-02
-1.1486e-02
-8.7673e-03
-3.6858e-03
2.4005e-03
5.8375e-03
6.2642e-03
5.6357e-03
4.3418e-03
4.2686e-03
5.4529e-03
7.2135e-03
6.3315e-03
1.0765e-03
-4.2667e-03
-7.5497e-03
-8.1979e-03
-6.0512e-03
1.1568e-03
7.9627e-03
1.1379e-02
1.2238e-02
1.3567e-02
1.6215e-02
1.6628e-02
1.5163e-02
1.2386e-02
9.0552e-03
3.2391e-03
-1.8338e-03
-1.9032e-03
-3.8513e-04
2.2185e-03
6.4479e-03
9.2515e-03
9.2479e-03
7.8477e-03
4.5174e-03
2.3122e-03
4.1408e-03
7.7185e-03
1.0668e-02
1.2248e-02
1.2077e-02
1.3063e-02
1.5687e-02
1.7000e-02
1.4834e-02
9.8025e-03
4.3156e-03
-1.0827e-03
-5.5636e-03
-6.8274e-03
-5.7377e-03
-4.2125e-03
-5.5651e-03
-8.7776e-03
-1.2389e-02
-1.3539e-02
-1.3248e-02
-9.7234e-03
-7.2537e-03
-4.2570e-03
-2.4907e-03
-1.8950e-03
-2.1152e-03
-3.2379e-03
-5.9441e-03
-1.0707e-02
-1.7203e-02
-2.2232e-02
-2.2423e-02
-2.2216e-02
-1.9323e-02
-1.7343e-02
-1.3165e-02
-7.8357e-03
-1.8582e-03
3.8035e-03
5.9516e-03
8.2910e-03
9.3928e-03
6.3487e-03
2.7549e-03
-3.7062e-04
1.3855e-03
4.4984e-03
6.8629e-03
6.3868e-03
5.6388e-03
4.4057e-03
1.3287e-03
-1.8584e-03
-7.0480e-04
4.2328e-03
9.0601e-03
1.1610e-02
1.1679e-02
1.0471e-02
5.4731e-03
2.2357e-03
7.8481e-04
-2.0702e-03
-6.4991e-03
-1.0881e-02
-1.4469e-02
-1.4262e-02
-1.3166e-02
-1.0302e-02
-4.9280e-03
-9.7700e-04
1.2773e-04
-2.0083e-03
-4.5060e-03
-6.1894e-03
-4.8285e-03
-4.2998e-03
-6.9421e-03
-1.2953e-02
-1.9884e-02
-2.6893e-02
-3.1710e-02
-3.2734e-02
-3.0943e-02
-2.8616e-02
-2.6781e-02
-2.7882e-02
-2.9188e-02
-3.0354e-02
-3.1227e-02
-2.9832e-02
-2.7502e-02
-2.4938e-02
-2.0985e-02
-1.8746e-02
-1.7853e-02
-1.5015e-02
-1.2046e-02
-7.3254e-03
-4.7444e-03
-5.6209e-03
-7.7585e-03
-1.1660e-02
-1.3532e-02
-1.8126e-02
-2.3713e-02
-2.8183e-02
-2.9345e-02
-2.4719e-02
-1.6378e-02
-8.2432e-03
-4.2621e-03
-2.2872e-03
3.9422e-03
1.0421e-02
2.0321e-02
3.2777e-02
3.9232e-02
4.0203e-02
3.6780e-02
2.8527e-02
1.6446e-02
1.0525e-02
9.7314e-03
1.1729e-02
1.6573e-02
1.8331e-02
1.7166e-02
1.3527e-02
1.3198e-02
1.7319e-02
2.2646e-02
2.7728e-02
2.5955e-02
2.1618e-02
1.6010e-02
1.1794e-02
1.0611e-02
1.2767e-02
1.6872e-02
2.2024e-02
2.3904e-02
2.0687e-02
1.8717e-02
2.0895e-02
2.5902e-02
3.1174e-02
3.1788e-02
3.3474e-02
3.5288e-02
3.4279e-02
2.9492e-02
2.0016e-02
1.0836e-02
1.9819e-03
2.5217e-04
2.5704e-03
6.8583e-03
7.2141e-03
3.4658e-03
-5.3945e-03
-1.1181e-02
-1.1733e-02
-9.8581e-03
-8.2828e-03
-7.5583e-03
-8.9868e-03
-1.5477e-02
-2.3625e-02
-2.8950e-02
-3.0018e-02
-2.7498e-02
-2.2853e-02
-1.6856e-02
-1.5208e-02
-2.1276e-02
-2.6555e-02
-2.8595e-02
-3.0152e-02
-3.5433e-02
-4.5788e-02
-6.1053e-02
-7.7266e-02
-8.2918e-02
-8.5207e-02
-8.5909e-02
-8.0198e-02
-6.9419e-02
-5.9190e-02
-5.1357e-02
-4.8220e-02
-4.7988e-02
-4.4309e-02
-3.7746e-02
-3.3873e-02
-3.5850e-02
-4.2922e-02
-5.0483e-02
-5.5866e-02
-5.5250e-02
-5.3558e-02
-5.5436e-02
-6.0955e-02
-6.8575e-02
-7.4486e-02
-7.3493e-02
-6.7019e-02
-5.9163e-02
-5.3271e-02
-4.9336e-02
-4.7424e-02
-4.8225e-02
-4.6681e-02
-4.3346e-02
-4.2309e-02
-4.7394e-02
-5.6633e-02
-6.7173e-02
-7.2295e-02
-7.0096e-02
-6.6134e-02
-6.0761e-02
-5.7873e-02
-5.4635e-02
-5.2327e-02
-4.8152e-02
-4.4600e-02
-4.3315e-02
-4.2981e-02
-4.3086e-02
-4.1689e-02
-3.8998e-02
-3.6910e-02
-3.7955e-02
-4.0090e-02
-4.2807e-02
-4.5414e-02
-4.8284e-02
-5.2462e-02
-6.0296e-02
-6.9306e-02
-7.5608e-02
-8.2345e-02
-8.8745e-02
-9.4639e-02
-1.0111e-01
-1.0547e-01
-1.0738e-01
-1.0563e-01
-1.0184e-01
-9.7925e-02
-9.4014e-02
-9.1210e-02
-8.7263e-02
-8.1333e-02
-7.5689e-02
-7.2301e-02
-6.9997e-02
-6.5761e-02
-6.0613e-02
-5.3744e-02
-4.4781e-02
-3.6644e-02
-3.2284e-02
-3.1337e-02
-3.4475e-02
-4.0153e-02
-4.5610e-02
-4.8693e-02
-4.9156e-02
-4.9347e-02
-5.1952e-02
-5.5784e-02
-5.7257e-02
-5.5661e-02
-5.0638e-02
-4.3673e-02
-3.4610e-02
-2.2381e-02
-7.1399e-03
1.2268e-02
3.0846e-02
4.7430e-02
6.2825e-02
7.5303e-02
8.5920e-02
9.6600e-02
1.0552e-01
1.1334e-01
1.2306e-01
1.3286e-01
1.4299e-01
1.5172e-01
1.5799e-01
1.6308e-01
1.6489e-01
1.6675e-01
1.6767e-01
1.6524e-01
1.6011e-01
1.5246e-01
1.4417e-01
1.3394e-01
1.2437e-01
1.1350e-01
1.0004e-01
8.7709e-02
7.7852e-02
6.9695e-02
6.4385e-02
5.7914e-02
4.9999e-02
4.5800e-02
4.6035e-02
5.0885e-02
5.9432e-02
7.0075e-02
7.8992e-02
8.9425e-02
1.0342e-01
1.1765e-01
1.2976e-01
1.4171e-01
1.4737e-01
1.5093e-01
1.4737e-01
1.3725e-01
1.2221e-01
1.0496e-01
8.5344e-02
6.7376e-02
5.4834e-02
3.8768e-02
1.7202e-02
3.4574e-03
-5.0588e-03
-9.8821e-03
-5.9229e-03
-1.4800e-03
3.6431e-04
2.8389e-03
9.1088e-03
1.4737e-02
2.3188e-02
3.4114e-02
4.0988e-02
4.6845e-02
4.6663e-02
4.0249e-02
3.2080e-02
2.8186e-02
2.7187e-02
2.9291e-02
3.0517e-02
3.0440e-02
3.3606e-02
4.0952e-02
5.2412e-02
6.5761e-02
7.6729e-02
8.7494e-02
1.0422e-01
1.3150e-01
1.5894e-01
1.7417e-01
1.8846e-01
2.0096e-01
2.0700e-01
2.0870e-01
2.0787e-01
2.0519e-01
2.0341e-01
2.0463e-01
2.0385e-01
1.9922e-01
1.8970e-01
1.7286e-01
1.5462e-01
1.4242e-01
1.3126e-01
1.2002e-01
1.0791e-01
9.1848e-02
7.5554e-02
5.7012e-02
4.0087e-02
2.7220e-02
1.2558e-02
-3.5459e-03
-1.9038e-02
-3.4867e-02
-4.7175e-02
-5.2146e-02
-5.4111e-02
-5.1175e-02
-4.3215e-02
-3.3548e-02
-2.5671e-02
-1.7320e-02
-8.3104e-03
-1.5078e-03
5.3120e-03
8.2692e-03
7.7904e-05
-1.8702e-02
-4.4378e-02
-7.0429e-02
-9.3551e-02
-1.1266e-01
-1.3620e-01
-1.6792e-01
-1.9946e-01
-2.2971e-01
-2.5283e-01
-2.6530e-01
-2.8050e-01
-2.9656e-01
-3.0968e-01
-3.1603e-01
-3.1484e-01
-3.0813e-01
-2.9670e-01
-2.8230e-01
-2.6304e-01
-2.4046e-01
-2.1625e-01
-1.8705e-01
-1.5751e-01
-1.3486e-01
-1.1615e-01
-9.7274e-02
-7.5521e-02
-5.6316e-02
-4.3175e-02
-3.1523e-02
-2.0596e-02
-1.0933e-02
-3.2652e-03
-4.6090e-04
-2.1064e-03
-2.9772e-03
9.7141e-04
7.0748e-03
9.3772e-03
5.1534e-03
-4.5037e-03
-1.5896e-02
-2.6466e-02
-3.8564e-02
-4.8845e-02
-5.7386e-02
-6.6387e-02
-7.4891e-02
-8.1965e-02
-8.8452e-02
-9.1749e-02
-8.9976e-02
-8.2119e-02
-7.0972e-02
-5.9984e-02
-5.1931e-02
-4.8361e-02
-4.4134e-02
-3.6314e-02
-2.6574e-02
-1.9833e-02
-1.7647e-02
-1.5143e-02
-1.1332e-02
-6.9134e-03
-2.0161e-03
2.1124e-03
5.3843e-03
8.4132e-03
1.1090e-02
1.2961e-02
1.5159e-02
1.8494e-02
2.3510e-02
2.9806e-02
3.7314e-02
4.6183e-02
5.1569e-02
5.0570e-02
4.7300e-02
4.3083e-02
3.5159e-02
2.2498e-02
6.2206e-03
-1.4246e-02
-3.2299e-02
-4.5156e-02
-5.7187e-02
-6.7870e-02
-7.9745e-02
-9.5696e-02
-1.1148e-01
-1.2268e-01
-1.3018e-01
-1.3565e-01
-1.4021e-01
-1.4248e-01
-1.4161e-01
-1.3766e-01
-1.3137e-01
-1.2149e-01
-1.0515e-01
-8.4343e-02
-6.1937e-02
-4.0296e-02
-2.3714e-02
-1.2654e-02
-4.7245e-03
2.2301e-03
1.0701e-02
1.7277e-02
1.9294e-02
1.9671e-02
1.9728e-02
1.8731e-02
1.5241e-02
9.9973e-03
5.3305e-03
2.5561e-03
2.9080e-03
5.4524e-03
7.0956e-03
4.7410e-03
-1.5062e-03
-4.9643e-03
-1.7816e-03
6.8980e-03
2.1581e-02
4.1689e-02
6.4620e-02
8.9554e-02
1.2022e-01
1.5214e-01
1.8474e-01
2.2006e-01
2.4983e-01
2.7222e-01
2.9102e-01
3.0363e-01
3.0837e-01
3.0948e-01
3.1060e-01
3.1094e-01
3.0730e-01
2.9831e-01
2.8524e-01
2.7079e-01
2.5598e-01
2.3854e-01
2.2054e-01
2.0718e-01
2.0060e-01
1.9624e-01
1.9109e-01
1.8698e-01
1.8468e-01
1.8377e-01
1.8488e-01
1.8902e-01
1.9570e-01
2.0149e-01
2.0459e-01
2.0318e-01
1.9545e-01
1.8410e-01
1.7315e-01
1.6278e-01
1.5022e-01
1.3790e-01
1.2408e-01
1.0800e-01
9.3010e-02
7.8494e-02
6.4003e-02
5.2413e-02
4.3525e-02
3.7926e-02
3.4344e-02
3.1022e-02
2.8027e-02
2.3856e-02
1.9640e-02
1.6998e-02
1.4797e-02
1.2213e-02
9.5707e-03
5.7320e-03
1.9767e-03
1.5450e-04
-9.5672e-04
-1.2576e-03
-3.3077e-03
-1.1498e-02
-2.6848e-02
-5.1066e-02
-8.2067e-02
-1.1554e-01
-1.4867e-01
-1.7640e-01
-2.0440e-01
-2.3322e-01
-2.5831e-01
-2.8134e-01
-3.0677e-01
-3.2791e-01
-3.4233e-01
-3.5474e-01
-3.6156e-01
-3.6425e-01
-3.6579e-01
-3.6569e-01
-3.6380e-01
-3.5729e-01
-3.4147e-01
-3.1502e-01
-2.8082e-01
-2.3849e-01
-1.8838e-01
-1.3642e-01
-8.3807e-02
-3.4804e-02
1.4348e-02
6.4379e-02
1.0720e-01
1.4713e-01
1.8908e-01
2.2600e-01
2.5783e-01
2.8683e-01
3.0886e-01
3.2365e-01
3.3192e-01
3.2838e-01
3.1111e-01
2.8542e-01
2.4876e-01
1.9686e-01
1.4124e-01
8.2546e-02
2.7576e-02
-6.3162e-03
-3.1093e-02
-5.6561e-02
-8.2341e-02
-1.0947e-01
-1.3427e-01
-1.5496e-01
-1.7302e-01
-1.8466e-01
-1.8673e-01
-1.7971e-01
-1.6689e-01
-1.4916e-01
-1.2377e-01
-9.2324e-02
-5.5202e-02
-1.0777e-02
3.6706e-02
8.3315e-02
1.1608e-01
1.2595e-01
1.2343e-01
1.1322e-01
9.8982e-02
7.9076e-02
4.9193e-02
1.0067e-02
-3.1267e-02
-6.8877e-02
-1.0923e-01
-1.4765e-01
-1.7917e-01
-2.0805e-01
-2.2863e-01
-2.4407e-01
-2.6422e-01
-2.8758e-01
-3.0719e-01
-3.1869e-01
-3.2245e-01
-3.2075e-01
-3.0987e-01
-2.8775e-01
-2.5593e-01
-2.1735e-01
-1.7325e-01
-1.1860e-01
-6.3612e-02
-2.0042e-02
1.2281e-02
3.1572e-02
4.6009e-02
5.7654e-02
6.2302e-02
6.2610e-02
6.1269e-02
5.9416e-02
5.5320e-02
4.8795e-02
4.1162e-02
3.1583e-02
2.4824e-02
2.5962e-02
3.4251e-02
4.8803e-02
6.7432e-02
8.9175e-02
1.1396e-01
1.4613e-01
1.8423e-01
2.1948e-01
2.5218e-01
2.8110e-01
2.9698e-01
3.0783e-01
3.1335e-01
3.1412e-01
3.0893e-01
2.9660e-01
2.7937e-01
2.5963e-01
2.4441e-01
2.3161e-01
2.1947e-01
2.0711e-01
1.9338e-01
1.8011e-01
1.6226e-01
1.4180e-01
1.2106e-01
9.7893e-02
8.0948e-02
7.2754e-02
6.5796e-02
5.8724e-02
5.3953e-02
5.2261e-02
5.5463e-02
6.2476e-02
7.0645e-02
7.6005e-02
7.8094e-02
7.4953e-02
6.4441e-02
4.9499e-02
3.3175e-02
1.8076e-02
2.8135e-03
-1.0290e-02
-2.1962e-02
-3.3972e-02
-3.9725e-02
-4.1496e-02
-4.0841e-02
-3.8931e-02
-3.4194e-02
-2.6786e-02
-1.5389e-02
1.2640e-03
1.7361e-02
2.8949e-02
3.8190e-02
4.5381e-02
5.2496e-02
5.8826e-02
5.7414e-02
5.0019e-02
4.3979e-02
4.1221e-02
3.9951e-02
3.9198e-02
3.6291e-02
2.9818e-02
2.3945e-02
2.0348e-02
1.6853e-02
1.5712e-02
1.3640e-02
9.1907e-03
6.3639e-03
4.1976e-03
-6.6184e-04
-5.0817e-03
-8.0070e-03
-1.0482e-02
-1.4359e-02
-1.9208e-02
-2.2564e-02
-2.8587e-02
-3.7336e-02
-4.8014e-02
-6.2948e-02
-7.7795e-02
-8.6977e-02
-9.3387e-02
-9.3812e-02
-9.2857e-02
-9.0563e-02
-8.8418e-02
-8.7278e-02
-8.7644e-02
-9.0226e-02
-9.2499e-02
-9.1906e-02
-9.1993e-02
-9.3456e-02
-9.5290e-02
-9.9477e-02
-1.0894e-01
-1.1933e-01
-1.2800e-01
-1.3371e-01
-1.3492e-01
-1.3354e-01
-1.3299e-01
-1.3537e-01
-1.4264e-01
-1.5469e-01
-1.6730e-01
-1.7950e-01
-1.8834e-01
-1.9811e-01
-2.0760e-01
-2.1511e-01
-2.2570e-01
-2.3749e-01
-2.4664e-01
-2.5477e-01
-2.6237e-01
-2.6572e-01
-2.6671e-01
-2.6747e-01
-2.6921e-01
-2.7419e-01
-2.7969e-01
-2.8748e-01
-2.9620e-01
-2.9985e-01
-3.0154e-01
-3.0005e-01
-2.9369e-01
-2.8252e-01
-2.7194e-01
-2.5958e-01
-2.4297e-01
-2.2008e-01
-1.8740e-01
-1.5563e-01
-1.3738e-01
-1.1567e-01
-9.0808e-02
-6.0211e-02
-2.4768e-02
5.8509e-03
4.1679e-02
7.2150e-02
9.3535e-02
1.1967e-01
1.4769e-01
1.6768e-01
1.8357e-01
1.9768e-01
2.0946e-01
2.2135e-01
2.2679e-01
2.2786e-01
2.2425e-01
2.1540e-01
2.0248e-01
1.8508e-01
1.6949e-01
1.5179e-01
1.3862e-01
1.3316e-01
1.2427e-01
1.1568e-01
1.0386e-01
9.3274e-02
8.8859e-02
8.6261e-02
8.7838e-02
9.1632e-02
9.4479e-02
9.8896e-02
1.0161e-01
1.0745e-01
1.1234e-01
1.1230e-01
1.1367e-01
1.1572e-01
1.1845e-01
1.2232e-01
1.2331e-01
1.2063e-01
1.1152e-01
1.0213e-01
8.9815e-02
7.4158e-02
5.9950e-02
4.7008e-02
3.6763e-02
2.3522e-02
9.7697e-03
-3.6651e-03
-1.7860e-02
-3.2915e-02
-4.4802e-02
-5.6647e-02
-6.6215e-02
-6.9129e-02
-7.1716e-02
-7.0764e-02
-6.8779e-02
-6.7952e-02
-7.0994e-02
-7.5214e-02
-8.0837e-02
-8.4870e-02
-8.9050e-02
-9.4423e-02
-9.6533e-02
-9.9441e-02
-9.9802e-02
-1.0157e-01
-1.0471e-01
-1.0582e-01
-1.0756e-01
-1.0885e-01
-1.0761e-01
-1.0710e-01
-1.0879e-01
-1.0944e-01
-1.0696e-01
-1.0331e-01
-1.0122e-01
-9.8588e-02
-9.6227e-02
-9.2842e-02
-8.7852e-02
-8.2203e-02
-7.5533e-02
-6.9091e-02
-6.4336e-02
-5.9206e-02
-5.4337e-02
-5.0014e-02
-4.2276e-02
-3.3680e-02
-2.2722e-02
-1.1686e-02
-1.0114e-03
1.3223e-02
2.8861e-02
4.1824e-02
5.7107e-02
7.3501e-02
8.8629e-02
1.0406e-01
1.1859e-01
1.3334e-01
1.4593e-01
1.5385e-01
1.6105e-01
1.6774e-01
1.7498e-01
1.8541e-01
1.9642e-01
2.0429e-01
2.0867e-01
2.0923e-01
2.0620e-01
1.9730e-01
1.8314e-01
1.6475e-01
1.4492e-01
1.2625e-01
1.0554e-01
8.4915e-02
6.8299e-02
5.2710e-02
4.2179e-02
3.2895e-02
2.3161e-02
1.4448e-02
4.3544e-03
-1.8833e-03
-2.6531e-03
-3.6091e-03
-2.7142e-03
-1.0210e-03
1.1618e-04
2.1886e-04
2.5398e-03
7.0569e-03
1.1330e-02
1.6077e-02
1.9722e-02
1.6002e-02
6.6367e-03
-5.6974e-03
-1.5655e-02
-2.4559e-02
-3.0277e-02
-2.9916e-02
-2.9490e-02
-3.2385e-02
-3.7880e-02
-4.2765e-02
-4.5978e-02
-5.0696e-02
-5.4363e-02
-5.7905e-02
-6.3183e-02
-6.7310e-02
-6.8579e-02
-6.7255e-02
-6.3038e-02
-5.4546e-02
-4.3755e-02
-3.2256e-02
-1.9510e-02
-9.5254e-03
-4.4229e-03
3.3558e-04
5.3435e-03
1.0711e-02
1.6942e-02
2.2378e-02
2.9246e-02
3.6063e-02
4.1358e-02
4.7958e-02
5.4060e-02
5.7772e-02
5.9573e-02
5.8663e-02
5.3784e-02
4.7229e-02
4.4016e-02
4.3932e-02
4.7091e-02
5.4088e-02
6.3836e-02
7.2836e-02
8.0553e-02
8.9038e-02
9.6823e-02
1.0202e-01
1.0575e-01
1.0956e-01
1.1543e-01
1.2158e-01
1.2473e-01
1.2708e-01
1.2934e-01
1.3178e-01
1.3642e-01
1.4129e-01
1.4307e-01
1.4203e-01
1.3960e-01
1.3535e-01
1.2877e-01
1.2017e-01
1.0940e-01
1.0052e-01
9.3188e-02
8.6045e-02
8.2343e-02
8.0588e-02
7.6338e-02
7.0509e-02
6.5647e-02
6.3069e-02
6.3271e-02
6.4716e-02
6.5762e-02
6.5370e-02
6.3911e-02
6.2610e-02
6.2471e-02
6.2675e-02
6.1662e-02
5.9261e-02
5.6285e-02
5.1095e-02
4.3832e-02
3.7226e-02
3.0302e-02
2.3192e-02
1.7955e-02
1.1678e-02
3.6535e-03
-3.5204e-03
-1.0541e-02
-1.7124e-02
-2.5775e-02
-3.6059e-02
-4.5785e-02
-5.7433e-02
-7.0573e-02
-8.0429e-02
-9.1189e-02
-1.0115e-01
-1.0717e-01
-1.1207e-01
-1.1467e-01
-1.1672e-01
-1.1545e-01
-1.1045e-01
-1.0337e-01
-9.3780e-02
-8.3381e-02
-7.1090e-02
-6.0957e-02
-5.4604e-02
-4.9097e-02
-4.7082e-02
-4.5206e-02
-4.1210e-02
-3.8412e-02
-3.7230e-02
-3.7258e-02
-3.7281e-02
-3.7540e-02
-3.9140e-02
-4.2238e-02
-4.4734e-02
-4.7169e-02
-4.6898e-02
-4.3654e-02
-3.7537e-02
-3.0884e-02
-2.5388e-02
-2.3816e-02
-2.2489e-02
-1.8443e-02
-1.5462e-02
-1.2907e-02
-7.6261e-03
-3.1940e-03
-1.6231e-03
-2.9737e-03
-5.0551e-03
-7.6639e-03
-9.9938e-03
-1.5287e-02
-2.0810e-02
-2.4901e-02
-3.0821e-02
-3.8792e-02
-4.3650e-02
-4.9797e-02
-5.4889e-02
-6.2830e-02
-7.2842e-02
-7.9022e-02
-8.4928e-02
-8.8046e-02
-8.7912e-02
-8.9206e-02
-9.1918e-02
-9.6196e-02
-1.0028e-01
-1.0288e-01
-1.0605e-01
-1.1124e-01
-1.1589e-01
-1.2162e-01
-1.2839e-01
-1.3255e-01
-1.3565e-01
-1.3730e-01
-1.3747e-01
-1.3725e-01
-1.3433e-01
-1.2671e-01
-1.1717e-01
-1.0824e-01
-9.7436e-02
-8.7123e-02
-7.8825e-02
-7.1349e-02
-6.5717e-02
-6.1971e-02
-6.0024e-02
-6.0825e-02
-6.3975e-02
-6.7852e-02
-7.3585e-02
-8.2208e-02
-8.7805e-02
-8.8784e-02
-9.1038e-02
-9.5151e-02
-9.9010e-02
-1.0369e-01
-1.0877e-01
-1.1308e-01
-1.1724e-01
-1.1964e-01
-1.2056e-01
-1.1915e-01
-1.1677e-01
-1.1369e-01
-1.1093e-01
-1.0867e-01
-1.0405e-01
-9.7314e-02
-8.9101e-02
-8.2196e-02
-7.6877e-02
-7.0525e-02
-6.3754e-02
-5.5898e-02
-4.7545e-02
-4.1614e-02
-3.6563e-02
-3.0862e-02
-2.6441e-02
-2.1951e-02
-1.8210e-02
-1.2173e-02
-5.2823e-03
-6.4552e-04
4.0406e-03
1.0409e-02
1.8547e-02
2.9725e-02
4.3973e-02
5.9782e-02
7.6899e-02
9.3447e-02
1.0979e-01
1.2744e-01
1.4270e-01
1.5901e-01
1.7613e-01
1.8823e-01
1.9970e-01
2.1183e-01
2.2147e-01
2.2796e-01
2.2936e-01
2.2593e-01
2.2042e-01
2.1528e-01
2.0501e-01
1.8964e-01
1.7510e-01
1.5881e-01
1.3986e-01
1.2584e-01
1.1409e-01
1.0325e-01
9.4493e-02
8.6226e-02
8.1107e-02
7.7634e-02
7.5327e-02
7.3927e-02
7.0159e-02
6.4391e-02
6.1229e-02
5.6930e-02
4.9074e-02
4.0322e-02
3.0302e-02
2.2672e-02
1.4899e-02
5.8774e-03
-2.0647e-03
-1.3790e-02
-2.7811e-02
-3.8922e-02
-4.8594e-02
-5.8046e-02
-6.4883e-02
-7.1057e-02
-7.3968e-02
-7.3761e-02
-7.2710e-02
-7.0368e-02
-6.6734e-02
-6.1980e-02
-5.7494e-02
-5.0937e-02
-4.1038e-02
-3.2960e-02
-2.4877e-02
-1.8612e-02
-1.3235e-02
-7.3611e-03
-3.0705e-03
2.3702e-03
7.8880e-03
1.0736e-02
1.2109e-02
1.4636e-02
1.6847e-02
1.9342e-02
2.0791e-02
2.2571e-02
2.4290e-02
2.5322e-02
2.6296e-02
2.5643e-02
2.3702e-02
2.1054e-02
1.6782e-02
1.2750e-02
6.7321e-03
-9.2610e-04
-6.8156e-03
-1.1340e-02
-1.3450e-02
-1.6761e-02
-2.0044e-02
-2.2695e-02
-2.7248e-02
-3.1563e-02
-3.4227e-02
-3.6117e-02
-3.9388e-02
-4.1938e-02
-4.3169e-02
-4.3286e-02
-4.2716e-02
-4.1073e-02
-3.8256e-02
-3.6239e-02
-3.3931e-02
-3.3093e-02
-3.3254e-02
-3.4938e-02
-3.6806e-02
-3.8630e-02
-3.9048e-02
-4.0216e-02
-4.2841e-02
-4.4724e-02
-4.7884e-02
-5.1686e-02
-5.4667e-02
-6.0668e-02
-6.7960e-02
-7.2399e-02
-7.5325e-02
-7.7473e-02
-7.9013e-02
-7.8928e-02
-7.6373e-02
-7.0580e-02
-6.3514e-02
-5.6540e-02
-4.6298e-02
-3.4128e-02
-2.3331e-02
-1.3137e-02
-5.2097e-03
2.4400e-03
1.1406e-02
1.7015e-02
2.2611e-02
2.9515e-02
3.5216e-02
4.1773e-02
4.8983e-02
5.3169e-02
5.4778e-02
5.4826e-02
5.5721e-02
5.7744e-02
5.9132e-02
6.0132e-02
6.0064e-02
6.0086e-02
6.1110e-02
6.2953e-02
6.4607e-02
6.6885e-02
7.1540e-02
7.6302e-02
7.9572e-02
8.1119e-02
8.1758e-02
8.1804e-02
8.2356e-02
8.3704e-02
8.4822e-02
8.4027e-02
8.2332e-02
8.1255e-02
7.9736e-02
7.8102e-02
7.5824e-02
7.1950e-02
6.8944e-02
6.7130e-02
6.3810e-02
6.0084e-02
5.5009e-02
4.5492e-02
3.3291e-02
2.1787e-02
9.2501e-03
-2.7376e-03
-1.2880e-02
-2.1650e-02
-2.6439e-02
-3.0258e-02
-3.3456e-02
-3.4476e-02
-3.3829e-02
-2.9667e-02
-2.0923e-02
-1.1662e-02
-2.2135e-03
9.1482e-03
2.1683e-02
3.1581e-02
4.0938e-02
5.2848e-02
6.4250e-02
7.3054e-02
7.9767e-02
8.3877e-02
8.6089e-02
8.5939e-02
8.4220e-02
8.1138e-02
7.7602e-02
7.1739e-02
6.1254e-02
5.2777e-02
4.5122e-02
3.5157e-02
2.7387e-02
2.0868e-02
1.5905e-02
1.4209e-02
1.2033e-02
1.0133e-02
7.8987e-03
6.4091e-03
6.4415e-03
6.5749e-03
6.4497e-03
6.3427e-03
6.5818e-03
7.2551e-03
7.8128e-03
7.3088e-03
7.2712e-03
6.4908e-03
6.1898e-03
5.6113e-03
3.5522e-03
3.3542e-04
-5.0682e-03
-1.3135e-02
-2.3452e-02
-3.2685e-02
-4.3458e-02
-5.2345e-02
-6.1757e-02
-7.0958e-02
-7.6455e-02
-8.2487e-02
-8.8903e-02
-9.1317e-02
-9.0381e-02
-8.6570e-02
-8.1848e-02
-7.3639e-02
-6.6779e-02
-6.0767e-02
-5.4070e-02
-4.9709e-02
-4.3587e-02
-3.5870e-02
-2.8876e-02
-1.9956e-02
-1.1556e-02
-3.9950e-03
3.4333e-03
4.9882e-03
7.8946e-03
1.2639e-02
1.5798e-02
1.7580e-02
1.9738e-02
1.9473e-02
1.9140e-02
1.9298e-02
1.9423e-02
1.9672e-02
2.0037e-02
2.0362e-02
1.9775e-02
1.7041e-02
1.2046e-02
7.5019e-03
3.0501e-03
-2.0875e-03
-7.5059e-03
-1.2019e-02
-1.7218e-02
-2.2413e-02
-2.2766e-02
-2.6157e-02
-2.8946e-02
-3.0043e-02
-2.9516e-02
-2.7490e-02
-2.4191e-02
-2.1330e-02
-2.0344e-02
-1.8420e-02
-1.4510e-02
-1.2180e-02
-1.1353e-02
-1.2005e-02
-1.3674e-02
-1.6215e-02
-1.8378e-02
-1.9708e-02
-2.1106e-02
-2.3211e-02
-2.5785e-02
-2.5041e-02
-2.2963e-02
-2.0103e-02
-1.7045e-02
-1.4147e-02
-1.1523e-02
-7.8841e-03
-4.1997e-03
-2.6606e-03
-2.2241e-03
-2.6635e-04
1.8102e-03
2.0381e-03
3.0757e-03
4.8040e-03
5.8708e-03
6.3757e-03
5.3730e-03
4.2315e-03
4.3937e-03
6.3796e-03
7.3719e-03
4.8698e-03
-1.6321e-04
-4.9224e-03
-5.9944e-03
-6.9316e-03
-6.8044e-03
-6.9038e-03
-6.6355e-03
-4.3228e-03
3.9950e-05
5.7242e-03
1.2575e-02
1.8423e-02
2.9681e-02
4.1983e-02
5.2051e-02
6.0311e-02
6.2544e-02
6.3304e-02
6.3294e-02
6.3241e-02
6.2231e-02
5.9798e-02
5.5912e-02
4.8186e-02
3.9962e-02
3.4219e-02
3.0067e-02
2.6151e-02
1.9192e-02
1.1787e-02
7.5048e-03
1.6830e-03
-5.3106e-03
-1.2512e-02
-2.2295e-02
-3.0050e-02
-3.7058e-02
-4.4087e-02
-4.8730e-02
-5.4555e-02
-5.8601e-02
-5.9685e-02
-6.0773e-02
-6.2428e-02
-6.3661e-02
-6.1058e-02
-5.4526e-02
-4.8148e-02
-4.3467e-02
-3.9493e-02
-3.4628e-02
-2.9665e-02
-2.3964e-02
-1.7812e-02
-1.2834e-02
-7.8992e-03
9.9756e-04
1.2782e-02
2.3606e-02
3.2547e-02
3.9841e-02
4.8283e-02
5.5831e-02
5.9811e-02
6.2172e-02
6.2092e-02
6.0259e-02
5.7990e-02
5.4435e-02
4.9278e-02
4.2074e-02
3.5349e-02
3.0435e-02
2.6957e-02
2.4042e-02
2.0597e-02
1.9497e-02
2.0116e-02
1.9748e-02
1.7592e-02
1.3894e-02
1.1015e-02
9.7314e-03
9.3306e-03
9.2441e-03
9.9055e-03
1.0247e-02
1.0023e-02
9.8763e-03
9.1817e-03
7.0589e-03
3.6341e-03
-8.2212e-04
-5.4158e-03
-9.2386e-03
-1.2027e-02
-1.4294e-02
-1.7817e-02
-2.1446e-02
-2.3700e-02
-2.5884e-02
-2.6966e-02
-2.6459e-02
-2.4529e-02
-2.0630e-02
-1.6414e-02
-1.2979e-02
-9.4350e-03
-4.8075e-03
-2.0463e-03
1.8372e-03
5.7196e-03
7.9471e-03
9.5077e-03
1.0057e-02
9.8062e-03
1.0256e-02
9.3391e-03
7.2317e-03
3.2736e-03
-1.5923e-03
-7.2785e-03
-1.1904e-02
-1.5496e-02
-2.1544e-02
-2.8768e-02
-3.4225e-02
-3.9531e-02
-4.4648e-02
-4.7297e-02
-5.0991e-02
-5.3701e-02
-5.3806e-02
-5.3715e-02
-5.4215e-02
-5.4611e-02
-5.4073e-02
-5.2160e-02
-4.9914e-02
-4.9914e-02
-5.0540e-02
-5.0556e-02
-5.0207e-02
-4.9898e-02
-5.0390e-02
-5.2055e-02
-5.4413e-02
-5.5322e-02
-5.4834e-02
-5.4628e-02
-5.4843e-02
-5.5231e-02
-5.5616e-02
-5.5512e-02
-5.4234e-02
-5.1176e-02
-4.7324e-02
-4.2614e-02
-3.8420e-02
-3.4285e-02
-2.5665e-02
-1.4792e-02
-7.1571e-03
1.7100e-03
8.2376e-03
1.7155e-02
2.6075e-02
3.3118e-02
3.9437e-02
4.6647e-02
5.1249e-02
5.3953e-02
5.4007e-02
5.1911e-02
4.8998e-02
4.5772e-02
4.1948e-02
3.6928e-02
3.4194e-02
3.0234e-02
2.5594e-02
2.0968e-02
1.1572e-02
1.9626e-03
-3.2786e-03
-7.6673e-03
-1.0668e-02
-1.5478e-02
-2.1842e-02
-2.4265e-02
-2.5437e-02
-2.7136e-02
-2.7160e-02
-2.7243e-02
-2.6829e-02
-2.4838e-02
-2.1627e-02
-1.8799e-02
-1.7102e-02
-1.5912e-02
-1.4344e-02
-1.3626e-02
-1.3515e-02
-1.3156e-02
-1.3157e-02
-1.4557e-02
-1.7744e-02
-2.0846e-02
-2.1934e-02
-2.1682e-02
-2.1267e-02
-2.1977e-02
-2.4057e-02
-2.6730e-02
-2.9148e-02
-3.1550e-02
-3.4134e-02
-3.6555e-02
-3.9493e-02
-4.3215e-02
-4.6736e-02
-4.9829e-02
-5.2569e-02
-5.4682e-02
-5.6768e-02
-5.7701e-02
-5.7467e-02
-5.6658e-02
-5.4572e-02
-5.1352e-02
-4.7335e-02
-4.2961e-02
-3.8150e-02
-3.2204e-02
-2.5492e-02
-2.0123e-02
-1.5481e-02
-1.0441e-02
-6.1007e-03
-2.0727e-03
8.0379e-04
2.3901e-03
5.0463e-03
7.7740e-03
1.1630e-02
1.4765e-02
1.6892e-02
2.0586e-02
2.3643e-02
2.5478e-02
2.8092e-02
2.9737e-02
3.0754e-02
2.9848e-02
2.7362e-02
2.7925e-02
3.0588e-02
3.3222e-02
3.3229e-02
3.2408e-02
3.1948e-02
3.1886e-02
3.2780e-02
3.5387e-02
3.9247e-02
4.1574e-02
4.4089e-02
4.6702e-02
4.8189e-02
5.0812e-02
5.2533e-02
5.5452e-02
5.8216e-02
6.2535e-02
6.5196e-02
6.5605e-02
6.6461e-02
6.6275e-02
6.8977e-02
6.8493e-02
6.6107e-02
6.3869e-02
6.3569e-02
6.1973e-02
5.9486e-02
5.9859e-02
6.0184e-02
6.0207e-02
6.0307e-02
6.0431e-02
6.0150e-02
5.8704e-02
5.5730e-02
5.2708e-02
5.0202e-02
4.8805e-02
4.6019e-02
4.3902e-02
4.0744e-02
3.7370e-02
3.3764e-02
3.2201e-02
3.0178e-02
2.7212e-02
2.6155e-02
2.5394e-02
2.3845e-02
2.2266e-02
2.0463e-02
1.9676e-02
1.9255e-02
1.7227e-02
1.4282e-02
1.1468e-02
7.1173e-03
3.1204e-03
-6.1096e-04
-4.5049e-03
-7.0002e-03
-1.0612e-02
-1.4747e-02
-1.7329e-02
-1.8907e-02
-2.0532e-02
-2.0425e-02
-2.0511e-02
-2.0753e-02
-2.0043e-02
-1.7864e-02
-1.4906e-02
-1.2425e-02
-8.9329e-03
-6.2059e-03
-2.8212e-03
3.0506e-03
8.5607e-03
1.3716e-02
1.6625e-02
2.1224e-02
2.8572e-02
3.3646e-02
3.7537e-02
3.9947e-02
4.1160e-02
4.1790e-02
4.2081e-02
4.2388e-02
4.1814e-02
3.9497e-02
3.5875e-02
3.2325e-02
2.8670e-02
2.4233e-02
1.9720e-02
1.5200e-02
1.0708e-02
6.6003e-03
3.3509e-03
9.2937e-04
-2.1438e-03
-5.8157e-03
-7.8405e-03
-9.3212e-03
-1.1114e-02
-1.1359e-02
-9.8741e-03
-7.7817e-03
-6.5590e-03
-6.0428e-03
-3.9521e-03
-1.2182e-03
1.4926e-03
4.6109e-03
6.9442e-03
8.8690e-03
9.8785e-03
9.4413e-03
8.8543e-03
1.0022e-02
9.9228e-03
7.0674e-03
4.3797e-03
1.5258e-03
-1.1331e-03
-3.1437e-03
-4.9237e-03
-6.1672e-03
-6.9776e-03
-8.6078e-03
-1.0983e-02
-1.1606e-02
-1.1043e-02
-1.1296e-02
-1.2922e-02
-1.5686e-02
-1.8002e-02
-2.0241e-02
-2.2130e-02
-2.3883e-02
-2.5122e-02
-2.6708e-02
-2.9165e-02
-2.9572e-02
-2.7693e-02
-2.5228e-02
-2.3768e-02
-2.2086e-02
-1.9314e-02
-1.6466e-02
-1.4437e-02
-1.2202e-02
-1.0069e-02
-7.8682e-03
-6.0214e-03
-4.1446e-03
-2.4983e-03
-2.5939e-03
-4.3224e-03
-7.0737e-03
-9.6063e-03
-1.3134e-02
-1.6784e-02
-2.0288e-02
-2.5630e-02
-3.1666e-02
-3.6362e-02
-4.0154e-02
-4.2915e-02
-4.4563e-02
-4.6498e-02
-4.6951e-02
-4.7701e-02
-4.9861e-02
-5.1723e-02
-5.0157e-02
-4.7473e-02
-4.6896e-02
-4.5626e-02
-4.2758e-02
-4.0634e-02
-3.8691e-02
-3.8600e-02
-3.8994e-02
-3.8855e-02
-3.8632e-02
-3.8436e-02
-3.8487e-02
-3.8652e-02
-3.8789e-02
-3.8386e-02
-3.7113e-02
-3.5197e-02
-3.4283e-02
-3.4079e-02
-3.2263e-02
-2.8372e-02
-2.4918e-02
-2.1726e-02
-1.9209e-02
-1.6506e-02
-1.3698e-02
-1.1677e-02
-1.1451e-02
-9.5803e-03
-6.4174e-03
-4.8306e-03
-2.2928e-03
1.3696e-04
4.9388e-03
9.7371e-03
1.3653e-02
1.7320e-02
2.1021e-02
2.5161e-02
2.6888e-02
2.9032e-02
2.8622e-02
2.7129e-02
2.4767e-02
2.1910e-02
1.8245e-02
1.3655e-02
6.9466e-03
1.0407e-03
-2.9439e-03
-3.1449e-03
-5.0962e-03
-7.9516e-03
-1.0217e-02
-1.2034e-02
-1.3659e-02
-1.5968e-02
-1.6451e-02
-1.8138e-02
-2.0407e-02
-2.0195e-02
-2.0995e-02
-2.3547e-02
-2.5713e-02
-2.5247e-02
-2.3822e-02
-2.1563e-02
-1.9045e-02
-1.7689e-02
-1.5667e-02
-1.3516e-02
-9.4546e-03
-5.6214e-03
-3.3428e-03
2.2466e-04
2.9621e-03
5.5898e-03
9.5288e-03
1.1682e-02
1.2409e-02
1.3639e-02
1.3826e-02
1.2386e-02
9.4424e-03
7.7079e-03
6.4911e-03
6.5388e-03
5.2708e-03
2.8046e-03
1.0129e-03
-5.7950e-04
-2.2074e-03
-3.1221e-03
-6.0753e-03
-1.0082e-02
-1.1641e-02
-1.2040e-02
-1.4148e-02
-1.6390e-02
-1.5981e-02
-1.4703e-02
-1.2680e-02
-1.0825e-02
-1.0397e-02
-8.8475e-03
-7.0642e-03
-6.6693e-03
-4.6654e-03
-1.3102e-03
1.4760e-03
2.3244e-03
1.6553e-03
1.4897e-03
1.8840e-03
2.3548e-03
2.4406e-03
1.4735e-03
-8.2877e-04
-3.4221e-03
-4.6658e-03
-5.6446e-03
-6.8237e-03
-6.6045e-03
-6.5396e-03
-6.8814e-03
-7.1265e-03
-6.8756e-03
-5.5862e-03
-3.4777e-03
-2.0491e-03
-1.3219e-03
9.0916e-04
3.4809e-03
5.5452e-03
7.7011e-03
9.7627e-03
1.2413e-02
1.5541e-02
1.9066e-02
2.1257e-02
2.3192e-02
2.5664e-02
2.7693e-02
2.9194e-02
2.9588e-02
3.0029e-02
2.9377e-02
2.7420e-02
2.5488e-02
2.4124e-02
2.3228e-02
2.1221e-02
1.9883e-02
2.0221e-02
2.0254e-02
1.9947e-02
1.9903e-02
2.0723e-02
2.2561e-02
2.4309e-02
2.4674e-02
2.4365e-02
2.4402e-02
2.4444e-02
2.3821e-02
2.2259e-02
2.0451e-02
1.8968e-02
1.6619e-02
1.3121e-02
9.0108e-03
5.0300e-03
1.4294e-03
-3.7156e-03
-7.6475e-03
-9.8572e-03
-1.1771e-02
-1.3660e-02
-1.5531e-02
-1.4853e-02
-1.1064e-02
-6.0796e-03
-1.2763e-03
3.9522e-03
9.4059e-03
1.3376e-02
1.6580e-02
2.1878e-02
2.7259e-02
3.1896e-02
3.6235e-02
3.8537e-02
4.0776e-02
4.2328e-02
4.3381e-02
4.5586e-02
4.7177e-02
4.7685e-02
4.9166e-02
5.0910e-02
5.1705e-02
5.2677e-02
5.4712e-02
5.6278e-02
5.7121e-02
5.9305e-02
6.1545e-02
6.3042e-02
6.4580e-02
6.5022e-02
6.4742e-02
6.4814e-02
6.5075e-02
6.5200e-02
6.4755e-02
6.3522e-02
6.1826e-02
5.9712e-02
5.7258e-02
5.6108e-02
5.5121e-02
5.1823e-02
4.7714e-02
4.4697e-02
4.0955e-02
3.4819e-02
2.8294e-02
2.2789e-02
1.6846e-02
1.2299e-02
9.5099e-03
5.1443e-03
9.6993e-05
-3.9620e-03
-7.8687e-03
-9.8779e-03
-1.2386e-02
-1.6485e-02
-2.0543e-02
-2.3941e-02
-2.5573e-02
-2.6674e-02
-2.8205e-02
-2.8965e-02
-2.9724e-02
-3.1620e-02
-3.3535e-02
-3.4043e-02
-3.3751e-02
-3.3582e-02
-3.3256e-02
-3.2497e-02
-3.1854e-02
-3.2562e-02
-3.2898e-02
-3.0501e-02
-2.9015e-02
-2.9189e-02
-2.8252e-02
-2.6060e-02
-2.4383e-02
-2.3399e-02
-2.1228e-02
-1.9065e-02
-1.6270e-02
-1.2818e-02
-1.0293e-02
-8.6008e-03
-8.3710e-03
-7.5181e-03
-5.3329e-03
-2.9118e-03
-1.9192e-03
-2.3956e-03
-2.6342e-03
-2.5530e-03
-2.4102e-03
-2.2163e-03
-1.9838e-03
-1.8530e-03
-2.3107e-03
-3.9268e-03
-6.4535e-03
-8.0258e-03
-9.2625e-03
-1.0743e-02
-1.2344e-02
-1.5127e-02
-1.8530e-02
-2.2674e-02
-2.5939e-02
-2.8188e-02
-3.0967e-02
-3.5982e-02
-4.1687e-02
-4.4833e-02
-4.8155e-02
-5.2382e-02
-5.5436e-02
-5.7324e-02
-5.9829e-02
-6.2309e-02
-6.4410e-02
-6.5075e-02
-6.4758e-02
-6.4790e-02
-6.5012e-02
-6.5008e-02
-6.4530e-02
-6.3722e-02
-6.3173e-02
-6.2061e-02
-6.1615e-02
-6.1103e-02
-6.0340e-02
-5.9834e-02
-5.9538e-02
-6.0333e-02
-6.0916e-02
-6.0786e-02
-6.0639e-02
-6.0361e-02
-5.9752e-02
-5.9125e-02
-5.9363e-02
-5.9643e-02
-6.0422e-02
-6.1072e-02
-6.0928e-02
-6.0217e-02
-5.8616e-02
-5.6808e-02
-5.7030e-02
-5.8413e-02
-6.0367e-02
-6.1332e-02
-6.1315e-02
-6.1420e-02
-6.0815e-02
-6.0513e-02
-6.0446e-02
-5.9194e-02
-5.6719e-02
-5.4392e-02
-5.1047e-02
-4.6239e-02
-4.0264e-02
-3.2602e-02
-2.4359e-02
-1.5896e-02
-9.8481e-03
-4.7710e-03
1.7653e-03
7.7023e-03
1.3576e-02
2.0375e-02
2.6057e-02
3.0938e-02
3.5693e-02
3.8929e-02
4.1401e-02
4.4086e-02
4.8205e-02
5.2587e-02
5.5413e-02
5.8464e-02
6.1869e-02
6.3914e-02
6.6661e-02
7.0475e-02
7.2813e-02
7.4373e-02
7.6190e-02
7.8463e-02
7.8719e-02
7.8381e-02
7.8447e-02
7.8643e-02
7.8843e-02
7.8897e-02
7.8766e-02
7.8493e-02
7.8404e-02
7.9083e-02
8.1004e-02
8.3358e-02
8.3572e-02
8.3128e-02
8.2677e-02
8.1529e-02
7.9823e-02
7.9033e-02
7.8984e-02
7.7437e-02
7.3917e-02
7.0145e-02
6.5440e-02
6.2655e-02
5.8336e-02
5.3292e-02
4.9636e-02
4.4920e-02
3.9933e-02
3.5755e-02
3.0263e-02
2.4900e-02
2.2115e-02
1.7865e-02
1.3419e-02
7.9438e-03
2.7520e-03
1.1696e-04
-4.4676e-03
-9.6937e-03
-1.3156e-02
-1.6770e-02
-2.0019e-02
-2.2984e-02
-2.7205e-02
-2.9208e-02
-2.8762e-02
-2.9610e-02
-3.1539e-02
-3.2718e-02
-3.3814e-02
-3.3619e-02
-3.3368e-02
-3.3409e-02
-3.3438e-02
-3.3553e-02
-3.3745e-02
-3.4033e-02
-3.3996e-02
-3.3034e-02
-3.0712e-02
-2.8360e-02
-2.9025e-02
-2.9817e-02
-2.9740e-02
-2.8828e-02
-2.6642e-02
-2.4239e-02
-2.3843e-02
-2.2203e-02
-1.9762e-02
-2.0160e-02
-2.0476e-02
-2.0315e-02
-2.0111e-02
-2.0111e-02
-2.0313e-02
-2.0449e-02
-1.9782e-02
-1.7675e-02
-1.4656e-02
-1.3090e-02
-1.0555e-02
-8.7307e-03
-5.9003e-03
-4.1641e-03
-2.3221e-03
-2.2002e-03
-9.7870e-04
1.7541e-03
3.0922e-03
2.7232e-03
1.5716e-03
-5.0835e-04
-2.7400e-03
-2.1637e-03
-1.8285e-03
-2.0360e-03
-1.7773e-03
-3.5312e-04
1.9023e-03
2.8349e-03
2.3211e-03
2.1329e-03
2.2775e-03
2.4057e-03
2.2690e-03
1.7735e-03
1.2414e-03
1.0864e-03
-1.2586e-03
-2.5286e-03
-2.0436e-03
-1.7284e-03
-1.5892e-03
-1.5981e-03
-2.0447e-03
-3.3954e-03
-5.2941e-03
-6.0956e-03
-6.0085e-03
-3.5258e-03
-1.1092e-03
-2.0215e-03
-2.6742e-03
-1.8520e-03
3.8505e-04
2.8554e-03
2.8680e-03
3.8073e-03
5.9427e-03
6.8620e-03
6.9466e-03
8.3421e-03
1.0792e-02
1.1867e-02
1.1463e-02
1.1240e-02
1.1256e-02
1.1196e-02
1.1219e-02
1.1723e-02
1.3216e-02
1.5243e-02
1.5898e-02
1.5363e-02
1.6061e-02
1.8441e-02
2.0985e-02
2.0547e-02
2.0010e-02
2.0065e-02
2.0209e-02
2.0382e-02
2.0430e-02
2.0439e-02
2.0402e-02
2.0389e-02
2.0366e-02
2.0372e-02
2.0387e-02
2.0446e-02
2.0487e-02
2.0457e-02
2.0258e-02
2.0026e-02
2.0165e-02
2.1340e-02
2.3675e-02
2.5648e-02
2.5268e-02
2.4614e-02
2.3556e-02
2.1640e-02
2.0223e-02
2.0621e-02
1.9850e-02
1.7445e-02
1.5484e-02
1.5865e-02
1.6241e-02
1.6125e-02
1.6026e-02
1.6022e-02
1.6163e-02
1.6015e-02
1.5082e-02
1.3109e-02
1.1254e-02
1.0633e-02
8.7710e-03
6.7255e-03
6.8401e-03
7.1095e-03
8.0175e-03
1.0527e-02
1.3849e-02
1.6232e-02
1.9065e-02
2.2166e-02
2.4853e-02
2.8559e-02
3.2570e-02
3.5069e-02
3.6712e-02
3.8506e-02
3.8403e-02
3.7910e-02
3.6853e-02
3.4944e-02
3.3749e-02
3.3101e-02
3.0608e-02
2.6976e-02
2.2984e-02
1.7656e-02
1.3022e-02
9.6299e-03
6.5874e-03
4.2254e-03
1.7944e-04
-3.4160e-03
-6.1997e-03
-9.6038e-03
-1.2071e-02
-1.5164e-02
-1.9413e-02
-2.2832e-02
-2.5957e-02
-2.9543e-02
-3.3375e-02
-3.7379e-02
-4.0429e-02
-4.3065e-02
-4.5681e-02
-4.6929e-02
-4.6910e-02
-4.7399e-02
-4.7987e-02
-4.9158e-02
-5.1096e-02
-5.1711e-02
-5.1483e-02
-5.1507e-02
-5.1193e-02
-4.9737e-02
-4.7149e-02
-4.5159e-02
-4.3271e-02
-4.1407e-02
-3.8656e-02
-3.5301e-02
-3.3747e-02
-3.3802e-02
-3.3136e-02
-3.0883e-02
-2.8216e-02
-2.6048e-02
-2.4284e-02
-2.2624e-02
-2.0731e-02
-2.0247e-02
-2.0414e-02
-1.9313e-02
-1.7102e-02
-1.5566e-02
-1.5578e-02
-1.5921e-02
-1.5527e-02
-1.4566e-02
-1.3988e-02
-1.5379e-02
-1.7960e-02
-2.0887e-02
-2.2694e-02
-2.4311e-02
-2.4251e-02
-2.4304e-02
-2.5769e-02
-2.7933e-02
-2.9235e-02
-2.9719e-02
-3.1333e-02
-3.3703e-02
-3.4203e-02
-3.4768e-02
-3.6175e-02
-3.6783e-02
-3.6958e-02
-3.6220e-02
-3.4171e-02
-3.4178e-02
-3.4569e-02
-3.3361e-02
-3.0910e-02
-2.9061e-02
-2.7667e-02
-2.5769e-02
-2.5513e-02
-2.3607e-02
-2.0222e-02
-1.8556e-02
-1.6865e-02
-1.7375e-02
-1.7042e-02
-1.4911e-02
-1.2502e-02
-1.2193e-02
-1.0526e-02
-7.2511e-03
-5.5462e-03
-3.7819e-03
-4.2872e-03
-3.9804e-03
-2.1625e-03
-1.0311e-04
7.8768e-04
1.2656e-03
3.0842e-03
5.1035e-03
5.7800e-03
7.6987e-03
1.0099e-02
1.1117e-02
1.2824e-02
1.4648e-02
1.7070e-02
2.0240e-02
2.2110e-02
2.4222e-02
2.7556e-02
3.1800e-02
3.5312e-02
3.6030e-02
3.6134e-02
3.7835e-02
3.9780e-02
4.0529e-02
4.1126e-02
4.2807e-02
4.4535e-02
4.5026e-02
4.5106e-02
4.5789e-02
4.6657e-02
4.7983e-02
4.9433e-02
4.9960e-02
5.1289e-02
5.2338e-02
5.1856e-02
5.1723e-02
5.3051e-02
5.3627e-02
5.3327e-02
5.3128e-02
5.3187e-02
5.3437e-02
5.3528e-02
5.3023e-02
5.1467e-02
4.9201e-02
4.7955e-02
4.6805e-02
4.4824e-02
4.4144e-02
4.3938e-02
4.2369e-02
4.0029e-02
3.8978e-02
3.7939e-02
3.4999e-02
3.1395e-02
2.7127e-02
2.2059e-02
1.8787e-02
1.5803e-02
1.3027e-02
1.2252e-02
1.1444e-02
9.3131e-03
7.4956e-03
6.3406e-03
4.3963e-03
2.4940e-03
8.9565e-04
-1.1709e-03
-2.0577e-03
-3.7332e-03
-6.2523e-03
-6.5107e-03
-6.1101e-03
-6.0202e-03
-5.9883e-03
-6.0409e-03
-6.4886e-03
-7.7180e-03
-9.2904e-03
-9.5493e-03
-8.4415e-03
-6.0982e-03
-5.8561e-03
-6.4773e-03
-6.6138e-03
-6.5504e-03
-6.3976e-03
-6.3871e-03
-6.4089e-03
-6.4004e-03
-6.1462e-03
-5.8010e-03
-5.7922e-03
-6.7492e-03
-9.0131e-03
-1.1430e-02
-1.0890e-02
-1.0279e-02
-1.0172e-02
-1.0202e-02
-1.0594e-02
-1.1592e-02
-1.3092e-02
-1.3438e-02
-1.0495e-02
-9.5371e-03
-7.9197e-03
-5.6759e-03
-6.2800e-03
-6.7025e-03
-6.4578e-03
-6.0309e-03
-5.8362e-03
-6.5013e-03
-8.5128e-03
-1.1131e-02
-1.2151e-02
-1.4663e-02
-1.7760e-02
-2.0025e-02
-2.0743e-02
-2.2662e-02
-2.4760e-02
-2.6704e-02
-2.9028e-02
-2.8611e-02
-2.8211e-02
-2.8344e-02
-2.8538e-02
-2.8696e-02
-2.8738e-02
-2.8706e-02
-2.8638e-02
-2.8589e-02
-2.8627e-02
-2.8786e-02
-2.8967e-02
-2.8800e-02
-2.7762e-02
-2.5694e-02
-2.3816e-02
-2.3331e-02
-2.1493e-02
-1.9017e-02
-1.7837e-02
-1.6059e-02
-1.4519e-02
-1.2800e-02
-1.0186e-02
-7.6353e-03
-3.5966e-03
-1.0205e-03
-1.8883e-03
-2.3807e-03
-2.1931e-03
-1.9381e-03
-1.7519e-03
-1.7653e-03
-1.7623e-03
-1.4183e-03
-4.3155e-04
6.6520e-04
1.5794e-04
-2.2146e-03
-2.1228e-03
-1.5082e-03
-1.2170e-03
-1.0719e-03
-1.5915e-03
-3.1191e-03
-5.4382e-03
-6.5137e-03
-5.8374e-03
-5.5958e-03
-6.3850e-03
-7.8970e-03
-9.3542e-03
-1.0196e-02
-1.0589e-02
-1.0368e-02
-1.0494e-02
-1.0831e-02
-1.0752e-02
-9.4742e-03
-6.8564e-03
-4.3278e-03
-2.7025e-03
-1.4991e-03
-6.9960e-04
1.3119e-03
3.1180e-03
4.2385e-03
6.3503e-03
7.6826e-03
7.2712e-03
7.0455e-03
7.1308e-03
7.2798e-03
7.4651e-03
7.6894e-03
7.7898e-03
7.3626e-03
5.9274e-03
3.8004e-03
2.7914e-03
3.1923e-03
2.4651e-03
4.4125e-04
-1.1735e-03
-6.9421e-04
9.2440e-04
1.4161e-03
1.8563e-03
3.1611e-03
2.9109e-03
2.6218e-03
2.7327e-03
2.9766e-03
3.2504e-03
3.1499e-03
2.2050e-03
2.7524e-04
-1.4824e-03
-1.7528e-03
-1.5036e-03
-1.5066e-03
-1.1596e-03
2.0562e-04
2.2647e-03
3.2341e-03
4.3107e-03
6.9478e-03
9.3179e-03
1.1377e-02
1.2689e-02
1.3943e-02
1.5814e-02
1.8214e-02
2.1832e-02
2.4842e-02
2.6070e-02
2.7948e-02
3.1051e-02
3.3821e-02
3.4937e-02
3.5536e-02
3.6406e-02
3.7723e-02
3.7056e-02
3.4744e-02
3.4395e-02
3.4769e-02
3.2908e-02
2.8363e-02
2.3674e-02
2.1009e-02
2.0132e-02
1.8890e-02
1.7035e-02
1.5387e-02
1.3405e-02
1.2043e-02
1.2281e-02
1.2560e-02
1.1887e-02
1.0104e-02
7.9057e-03
7.1827e-03
5.1661e-03
1.0819e-03
-1.6449e-03
-2.4931e-03
-4.3114e-03
-6.7379e-03
-9.0675e-03
-1.1403e-02
-1.3933e-02
-1.6797e-02
-1.9534e-02
-2.1352e-02
-2.3890e-02
-2.5874e-02
-2.7856e-02
-2.8755e-02
-3.0437e-02
-3.3026e-02
-3.3311e-02
-3.2640e-02
-3.1636e-02
-3.0327e-02
-2.9589e-02
-2.8752e-02
-2.8109e-02
-2.6025e-02
-2.3494e-02
-2.3927e-02
-2.4418e-02
-2.4387e-02
-2.4226e-02
-2.3974e-02
-2.3735e-02
-2.3683e-02
-2.4224e-02
-2.5697e-02
-2.7555e-02
-2.7806e-02
-2.7202e-02
-2.8402e-02
-2.8487e-02
-2.8302e-02
-2.8412e-02
-2.8607e-02
-2.8851e-02
-2.8594e-02
-2.7225e-02
-2.4598e-02
-2.2181e-02
-1.9987e-02
-1.7943e-02
-1.6292e-02
-1.5208e-02
-1.4023e-02
-1.1244e-02
-8.5162e-03
-6.7198e-03
-6.1828e-03
-6.6437e-03
-6.0032e-03
-3.9940e-03
-1.7655e-03
-1.3412e-03
-2.5555e-03
-3.7063e-03
-4.7101e-03
-6.4019e-03
-6.0151e-03
-5.6030e-03
-5.7044e-03
-5.8368e-03
-5.9768e-03
-6.0062e-03
-6.0137e-03
-5.9749e-03
-5.9342e-03
-5.8723e-03
-5.8764e-03
-6.0022e-03
-6.2505e-03
-6.3069e-03
-5.6113e-03
-3.7369e-03
-1.4920e-03
-8.6164e-04
-2.0705e-03
-3.9950e-03
-5.8724e-03
-6.2281e-03
-5.5455e-03
-5.4757e-03
-6.2404e-03
-7.5317e-03
-8.4391e-03
-8.1068e-03
-8.0134e-03
-8.6286e-03
-9.6970e-03
-1.0424e-02
-1.0329e-02
-1.1084e-02
-1.2892e-02
-1.4275e-02
-1.3910e-02
-1.2871e-02
-1.1894e-02
-1.1100e-02
-1.0982e-02
-1.0407e-02
-1.0490e-02
-1.0756e-02
-1.0889e-02
-1.0627e-02
-9.2260e-03
-6.5983e-03
-4.1660e-03
-2.7229e-03
-1.6140e-03
-4.4007e-04
2.8373e-03
6.6072e-03
8.9055e-03
1.1658e-02
1.5722e-02
1.9184e-02
2.0906e-02
2.1676e-02
2.4465e-02
2.7745e-02
2.9667e-02
3.1345e-02
3.3280e-02
3.4354e-02
3.3910e-02
3.4103e-02
3.5550e-02
3.7790e-02
3.9297e-02
4.0088e-02
4.2388e-02
4.4943e-02
4.6677e-02
4.7987e-02
4.8972e-02
5.1262e-02
5.3267e-02
5.3835e-02
5.4164e-02
5.4274e-02
5.3550e-02
5.2193e-02
5.2333e-02
5.1964e-02
5.0633e-02
4.9448e-02
4.8521e-02
4.7713e-02
4.6264e-02
4.4163e-02
4.3591e-02
4.3680e-02
4.2254e-02
3.9482e-02
3.7217e-02
3.5028e-02
3.2802e-02
2.9954e-02
2.7007e-02
2.4379e-02
2.1649e-02
1.9408e-02
1.6538e-02
1.3633e-02
1.1090e-02
8.3666e-03
5.8858e-03
2.5206e-03
-8.7667e-04
-3.1942e-03
-6.1479e-03
-8.7335e-03
-9.7608e-03
-9.7759e-03
-1.0138e-02
-1.1822e-02
-1.4184e-02
-1.5175e-02
-1.5839e-02
-1.7702e-02
-1.9223e-02
-1.9236e-02
-1.8798e-02
-1.9053e-02
-2.0381e-02
-2.2538e-02
-2.3945e-02
-2.3739e-02
-2.3242e-02
-2.3770e-02
-2.5659e-02
-2.8133e-02
-2.8801e-02
-2.8209e-02
-2.7975e-02
-2.8124e-02
-2.8437e-02
-2.8693e-02
-2.8536e-02
-2.7510e-02
-2.5575e-02
-2.3847e-02
-2.2778e-02
-2.1363e-02
-2.0048e-02
-1.9334e-02
-1.7805e-02
-1.5260e-02
-1.4056e-02
-1.4023e-02
-1.3964e-02
-1.2277e-02
-1.0558e-02
-9.9444e-03
-8.5587e-03
-6.4189e-03
-5.6130e-03
-4.1943e-03
-1.2926e-03
7.6603e-04
3.0720e-03
4.3806e-03
5.9713e-03
7.2292e-03
7.7789e-03
9.2433e-03
1.1177e-02
1.1406e-02
1.2151e-02
1.1797e-02
9.8842e-03
7.6327e-03
6.9896e-03
5.8399e-03
3.6625e-03
2.9487e-03
1.4852e-03
-1.2012e-03
-2.7958e-03
-4.6244e-03
-5.9063e-03
-5.6477e-03
-4.8544e-03
-3.8805e-03
-3.1564e-03
-1.5797e-03
-2.4093e-03
-4.1541e-03
-4.1775e-03
-3.3222e-03
-2.1096e-03
-1.2185e-03
-2.1363e-03
-3.7860e-03
-4.7416e-03
-6.1691e-03
-7.9571e-03
-1.0305e-02
-1.1376e-02
-1.2494e-02
-1.3566e-02
-1.4631e-02
-1.4799e-02
-1.4640e-02
-1.4708e-02
-1.4769e-02
-1.4845e-02
-1.4849e-02
-1.4888e-02
-1.4914e-02
-1.4944e-02
-1.4838e-02
-1.4627e-02
-1.4460e-02
-1.4890e-02
-1.6395e-02
-1.8697e-02
-1.9718e-02
-1.8915e-02
-1.8607e-02
-1.9645e-02
-2.2022e-02
-2.4480e-02
-2.3988e-02
-2.3614e-02
-2.3904e-02
-2.3976e-02
-2.3120e-02
-2.0997e-02
-1.9110e-02
-2.0474e-02
-2.1340e-02
-1.9766e-02
-1.8619e-02
-1.6501e-02
-1.4265e-02
-1.5049e-02
-1.5602e-02
-1.4755e-02
-1.2553e-02
-9.9587e-03
-9.5263e-03
-7.9520e-03
-5.7680e-03
-6.2052e-03
-5.8767e-03
-3.7255e-03
-9.3916e-04
1.6765e-04
2.4733e-03
5.0402e-03
6.7617e-03
7.3335e-03
6.9400e-03
7.8141e-03
1.0269e-02
1.2830e-02
1.2362e-02
1.1812e-02
1.1855e-02
1.2009e-02
1.2180e-02
1.2232e-02
1.2232e-02
1.2196e-02
1.2183e-02
1.2177e-02
1.2186e-02
1.2188e-02
1.2192e-02
1.2191e-02
1.2196e-02
1.2195e-02
1.2190e-02
1.2175e-02
1.2167e-02
1.2182e-02
1.2238e-02
1.2292e-02
1.2256e-02
1.2046e-02
1.1777e-02
1.1907e-02
1.3114e-02
1.5540e-02
1.7519e-02
1.6805e-02
1.5113e-02
1.2807e-02
1.1248e-02
1.2606e-02
1.4702e-02
1.6430e-02
1.6545e-02
1.5523e-02
1.5294e-02
1.5428e-02
1.3578e-02
1.2226e-02
1.2977e-02
1.2847e-02
1.2061e-02
1.2836e-02
1.4699e-02
1.6406e-02
1.6785e-02
1.6382e-02
1.6269e-02
1.6284e-02
1.6274e-02
1.6396e-02
1.7112e-02
1.8591e-02
2.0052e-02
2.0628e-02
1.9834e-02
1.7463e-02
1.5828e-02
1.5066e-02
1.3258e-02
1.2085e-02
1.2522e-02
1.2662e-02
1.2260e-02
1.1540e-02
1.0947e-02
1.1383e-02
1.2485e-02
1.2359e-02
1.2082e-02
1.2085e-02
1.2273e-02
1.2503e-02
1.2320e-02
1.1186e-02
9.0442e-03
7.3047e-03
7.0727e-03
5.8474e-03
4.1168e-03
3.3451e-03
2.9558e-03
1.3442e-03
-8.1328e-04
-1.5529e-03
-1.1422e-03
-9.8178e-04
-1.1011e-03
-1.2425e-03
-1.3302e-03
-1.3450e-03
-1.3326e-03
-1.3193e-03
-1.3078e-03
-1.2861e-03
-1.2524e-03
-1.2624e-03
-1.4031e-03
-1.7505e-03
-2.1633e-03
-2.1408e-03
-1.8830e-03
-3.3764e-03
-4.2671e-03
-2.6198e-03
-1.0214e-03
-3.0859e-03
-5.6754e-03
-6.3652e-03
-5.8094e-03
-5.4635e-03
-5.4739e-03
-5.5958e-03
-5.8954e-03
-6.4082e-03
-7.0230e-03
-7.0316e-03
-6.3786e-03
-6.8740e-03
-7.7441e-03
-9.9054e-03
-1.0796e-02
-1.0204e-02
-9.8669e-03
-9.8857e-03
-1.0542e-02
-1.2060e-02
-1.4184e-02
-1.5964e-02
-1.8249e-02
-2.1096e-02
-2.2193e-02
-2.2754e-02
-2.3568e-02
-2.3468e-02
-2.3619e-02
-2.4246e-02
-2.5161e-02
-2.5678e-02
-2.5497e-02
-2.6697e-02
-2.8802e-02
-2.8426e-02
-2.7827e-02
-2.7836e-02
-2.8622e-02
-3.0463e-02
-3.2521e-02
-3.3137e-02
-3.2670e-02
-3.2575e-02
-3.2748e-02
-3.2722e-02
-3.2233e-02
-3.1402e-02
-3.1108e-02
-3.1809e-02
-3.1175e-02
-2.8808e-02
-2.7882e-02
-2.8335e-02
-2.8607e-02
-2.8611e-02
-2.8488e-02
-2.8117e-02
-2.7360e-02
-2.6392e-02
-2.5251e-02
-2.3404e-02
-2.3791e-02
-2.4387e-02
-2.4368e-02
-2.3690e-02
-2.1946e-02
-1.9818e-02
-1.8857e-02
-1.9396e-02
-1.9760e-02
-1.9870e-02
-1.9706e-02
-1.8844e-02
-1.6822e-02
-1.4487e-02
-1.4143e-02
-1.2463e-02
-9.8771e-03
-9.7653e-03
-9.2994e-03
-8.0501e-03
-4.1546e-03
-1.9348e-03
-7.1538e-04
8.4863e-04
3.0444e-03
3.5707e-03
5.2195e-03
7.7590e-03
8.1160e-03
9.8322e-03
1.2545e-02
1.3463e-02
1.5291e-02
1.7236e-02
1.8935e-02
2.1082e-02
2.0975e-02
2.1939e-02
2.4389e-02
2.6354e-02
2.8088e-02
3.0258e-02
3.0224e-02
3.0859e-02
3.2210e-02
3.2441e-02
3.3092e-02
3.3911e-02
3.3789e-02
3.4526e-02
3.2943e-02
3.0384e-02
2.9613e-02
3.0384e-02
3.0742e-02
3.0000e-02
2.8056e-02
2.5615e-02
2.4883e-02
2.3437e-02
2.1193e-02
2.1137e-02
2.1617e-02
2.1348e-02
2.0221e-02
1.8528e-02
1.7458e-02
1.6563e-02
1.6593e-02
1.6811e-02
1.6750e-02
1.6639e-02
1.6543e-02
1.6522e-02
1.6514e-02
1.6527e-02
1.6534e-02
1.6580e-02
1.6624e-02
1.6627e-02
1.6476e-02
1.6227e-02
1.6166e-02
1.6917e-02
1.8909e-02
2.1264e-02
2.1295e-02
2.0743e-02
2.0688e-02
2.0843e-02
2.1016e-02
2.1091e-02
2.1093e-02
2.1063e-02
2.1039e-02
2.1035e-02
2.1042e-02
2.1059e-02
2.1064e-02
2.1058e-02
2.1020e-02
2.0988e-02
2.1000e-02
2.1130e-02
2.1307e-02
2.1281e-02
2.0589e-02
1.8992e-02
1.7372e-02
1.7717e-02
1.7166e-02
1.6319e-02
1.4705e-02
1.2412e-02
1.1676e-02
1.0365e-02
8.1263e-03
7.3477e-03
5.9886e-03
3.6400e-03
2.6773e-03
1.1364e-03
-1.0638e-03
-1.1179e-03
-9.8277e-04
-2.1593e-03
-4.3433e-03
-6.0479e-03
-7.2223e-03
-9.0478e-03
-1.0186e-02
-1.0052e-02
-1.0116e-02
-1.0907e-02
-1.1934e-02
-1.2367e-02
-1.3415e-02
-1.2903e-02
-1.3442e-02
-1.4879e-02
-1.4982e-02
-1.4635e-02
-1.4413e-02
-1.4591e-02
-1.5445e-02
-1.7015e-02
-1.8045e-02
-1.6419e-02
-1.5683e-02
-1.6673e-02
-1.6092e-02
-1.4748e-02
-1.4687e-02
-1.5139e-02
-1.5336e-02
-1.4928e-02
-1.3439e-02
-1.1210e-02
-1.0077e-02
-1.0550e-02
-1.1013e-02
-1.0628e-02
-9.0935e-03
-6.7990e-03
-5.5559e-03
-5.8115e-03
-6.1242e-03
-6.1121e-03
-6.0323e-03
-5.9925e-03
-5.8510e-03
-5.3145e-03
-4.2512e-03
-3.4628e-03
-4.1821e-03
-2.4986e-03
-1.2851e-03
-2.8527e-03
-5.1138e-03
-6.2126e-03
-4.4205e-03
-3.2751e-03
-5.1223e-03
-5.6830e-03
-3.2859e-03
-1.4610e-03
-1.5554e-03
-2.7414e-03
-4.8104e-03
-7.0006e-03
-6.7191e-03
-5.9974e-03
-6.3305e-03
-7.9088e-03
-1.0186e-02
-1.1258e-02
-1.0834e-02
-1.0841e-02
-1.2216e-02
-1.4525e-02
-1.5819e-02
-1.5600e-02
-1.5269e-02
-1.5267e-02
-1.5343e-02
-1.5385e-02
-1.5384e-02
-1.5478e-02
-1.5662e-02
-1.5689e-02
-1.4953e-02
-1.3003e-02
-1.0621e-02
-1.0383e-02
-1.0925e-02
-1.1104e-02
-1.1043e-02
-1.0640e-02
-9.6078e-03
-8.0262e-03
-6.9629e-03
-6.6936e-03
-7.5753e-03
-8.4050e-03
-6.8805e-03
-5.6594e-03
-5.3997e-03
-4.1319e-03
-2.0746e-03
-1.1753e-03
-4.8145e-04
1.4054e-03
2.9748e-03
3.0641e-03
2.5797e-03
2.4659e-03
3.1053e-03
4.8252e-03
7.0565e-03
7.6841e-03
7.1588e-03
6.9447e-03
7.0312e-03
7.1689e-03
7.2358e-03
7.2323e-03
7.2011e-03
7.1733e-03
7.1242e-03
7.0177e-03
6.8712e-03
6.8416e-03
7.1793e-03
8.0003e-03
8.7748e-03
8.1997e-03
6.7904e-03
6.3505e-03
6.6621e-03
6.9360e-03
7.0468e-03
6.7675e-03
5.6970e-03
3.8374e-03
2.3868e-03
2.3520e-03
2.8658e-03
2.8023e-03
1.8261e-03
5.6645e-06
-1.6102e-03
-1.8870e-03
-1.4746e-03
-1.3655e-03
-1.4802e-03
-1.6068e-03
-1.6651e-03
-1.6533e-03
-1.6106e-03
-1.5745e-03
-1.5671e-03
-1.5908e-03
-1.6154e-03
-1.5815e-03
-1.4408e-03
-1.2648e-03
-1.3398e-03
-2.1016e-03
-3.6659e-03
-5.1010e-03
-5.3224e-03
-4.9124e-03
-4.7815e-03
-4.8491e-03
-4.9189e-03
-4.9262e-03
-4.8727e-03
-4.7974e-03
-4.7245e-03
-4.6640e-03
-4.6091e-03
-4.5556e-03
-4.4981e-03
-4.4387e-03
-4.3755e-03
-4.3121e-03
-4.2483e-03
-4.1911e-03
-4.1389e-03
-4.0877e-03
-4.0162e-03
-3.9135e-03
-3.7936e-03
-3.7372e-03
-3.8511e-03
-4.1696e-03
-4.4516e-03
-4.0863e-03
-3.1339e-03
-3.4783e-03
-4.5244e-03
-5.5668e-03
-6.1031e-03
-6.4581e-03
-6.1922e-03
-5.9893e-03
-5.9463e-03
-5.7936e-03
-5.6381e-03
-5.6659e-03
-6.2603e-03
-7.3655e-03
-8.0743e-03
-7.6701e-03
-8.0557e-03
-8.0231e-03
-7.9455e-03
-7.7770e-03
-6.9337e-03
-5.2711e-03
-3.5580e-03
-2.7847e-03
-1.5419e-03
-3.0183e-04
1.0362e-03
2.6099e-03
3.3875e-03
4.5399e-03
5.0384e-03
5.4280e-03
6.9026e-03
8.4644e-03
7.8722e-03
6.8302e-03
6.0947e-03
6.1311e-03
5.8323e-03
5.0579e-03
4.5776e-03
3.2676e-03
1.7924e-03
2.0926e-03
2.4162e-03
2.3742e-03
2.3022e-03
2.2258e-03
2.2365e-03
2.2541e-03
2.2752e-03
2.2569e-03
2.2882e-03
2.4548e-03
2.8820e-03
3.3443e-03
3.5220e-03
4.4336e-03
4.3002e-03
4.8693e-03
4.9564e-03
4.6191e-03
4.0326e-03
3.0798e-03
2.6458e-03
2.2464e-03
2.7015e-03
3.1867e-03
3.1104e-03
1.9665e-03
1.2845e-03
9.4946e-04
1.3567e-03
2.3929e-04
2.3466e-04
5.1144e-04
5.2046e-04
5.6577e-04
5.6315e-04
6.3008e-04
6.9716e-04
7.9840e-04
8.5214e-04
8.5910e-04
8.1056e-04
8.7514e-04
1.2813e-03
2.2299e-03
3.2831e-03
3.3968e-03
3.9953e-03
4.9594e-03
5.0519e-03
5.7467e-03
6.9188e-03
7.3714e-03
8.0083e-03
8.2356e-03
8.7524e-03
9.4766e-03
9.1272e-03
8.8406e-03
8.8655e-03
9.0166e-03
9.1392e-03
9.7531e-03
9.5673e-03
9.1254e-03
8.8653e-03
8.6517e-03
8.4625e-03
8.2369e-03
8.0009e-03
7.7441e-03
7.4902e-03
7.2317e-03
6.9965e-03
6.7914e-03
6.6193e-03
6.3956e-03
5.9861e-03
5.2619e-03
4.4281e-03
4.0678e-03
3.5926e-03
2.8907e-03
2.6129e-03
2.2361e-03
1.6170e-03
1.2487e-03
1.2008e-03
1.0086e-03
4.9899e-04
-7.6860e-05
-1.5663e-04
-2.4561e-04
-6.7669e-04
-1.1740e-03
-1.1531e-03
-1.0242e-03
-1.1322e-03
-1.5089e-03
-1.9706e-03
-1.9760e-03
-1.8189e-03
-1.6343e-03
-1.3382e-03
-1.0834e-03
-1.2083e-03
-1.2438e-03
-1.2707e-03
-1.4732e-03
-1.3391e-03
-1.1605e-03
-9.1011e-04
-8.9862e-04
-8.1709e-04
-7.8572e-04
-8.0199e-04
-7.8495e-04
-7.6813e-04
-7.4488e-04
-7.3328e-04
-7.3204e-04
-7.3527e-04
-7.2407e-04
-7.0259e-04
-6.7906e-04
-6.7587e-04
-7.3116e-04
-8.8702e-04
-1.0764e-03
-1.1138e-03
-1.1933e-03
-1.3365e-03
-1.3143e-03
-1.2879e-03
-1.3101e-03
-1.3294e-03
-1.4278e-03
-1.3901e-03
-1.2900e-03
-1.2062e-03
-1.1085e-03
-1.0223e-03
-9.9914e-04
-9.4962e-04
-8.1817e-04
-7.7374e-04
-7.0718e-04
-6.7048e-04
-6.5284e-04
-6.2672e-04
-6.0014e-04
-5.7456e-04
-5.5227e-04
-5.3181e-04
-5.1282e-04
-4.9495e-04
-4.7879e-04
-4.6487e-04
-4.5204e-04
-4.3778e-04
-4.2387e-04
-4.1172e-04
-4.0061e-04
-3.9067e-04
-3.8133e-04
-3.7293e-04
-3.6512e-04
-3.5860e-04
-3.5329e-04
-3.4960e-04
-3.4623e-04
-3.4178e-04
-3.3440e-04
-3.2597e-04
-3.2468e-04
-3.3998e-04
-3.4391e-04
-3.4328e-04
-3.4608e-04
-3.4860e-04
-3.4604e-04
-3.3555e-04
-3.2574e-04
-3.3522e-04
-3.4461e-04
-3.4389e-04
-3.4218e-04
-3.5280e-04
-3.6088e-04
-3.6282e-04
-3.7202e-04
-3.8331e-04
-4.0231e-04
-4.2131e-04
-4.3823e-04
-4.5671e-04
-4.7242e-04
-4.9221e-04
-5.1553e-04
-5.3362e-04
-5.5220e-04
-5.6941e-04
-5.8564e-04
-6.0193e-04
-6.1736e-04
-6.3196e-04
-6.4655e-04
-6.6271e-04
-6.7820e-04
-6.9222e-04
-7.0503e-04
-7.1937e-04
-7.3381e-04
-7.4756e-04
-7.6098e-04
-7.7430e-04
-7.8759e-04
-8.0051e-04
-8.1255e-04
-8.2426e-04
-8.3589e-04
-8.4733e-04
-8.5857e-04
-8.6960e-04
-8.8046e-04
-8.9116e-04
-9.0168e-04
-9.1197e-04
-9.2208e-04
-9.3205e-04
-9.4183e-04
-9.5148e-04
-9.6100e-04
-9.7039e-04
-9.7963e-04
-9.8873e-04
-9.9769e-04
-1.0065e-03
-1.0152e-03
-1.0237e-03
-1.0321e-03
-1.0404e-03
