1.0632e-03
1.0617e-03
1.0598e-03
1.0589e-03
1.0521e-03
1.0454e-03
1.0524e-03
1.0554e-03
1.0349e-03
1.0130e-03
1.0322e-03
1.0523e-03
1.0457e-03
1.0384e-03
1.0385e-03
1.0370e-03
1.0321e-03
9.9490e-04
9.4429e-04
9.9131e-04
1.0219e-03
9.8259e-04
8.4474e-04
7.4441e-04
7.3047e-04
7.1171e-04
6.7682e-04
6.4818e-04
6.2004e-04
5.8319e-04
6.6479e-04
9.1323e-04
1.1423e-03
1.1535e-03
1.0726e-03
6.4409e-04
2.7650e-04
2.7146e-04
2.9347e-04
2.3122e-04
1.5083e-04
9.0615e-05
5.0425e-05
9.1825e-06
-3.6312e-05
-8.1581e-05
-1.2677e-04
-1.7295e-04
-2.1497e-04
1.1006e-05
2.0953e-04
-2.4952e-04
-4.0903e-04
2.0724e-04
6.3893e-04
5.5339e-04
4.3957e-04
-6.6946e-05
-8.2439e-04
-7.9798e-04
9.1359e-05
2.2113e-04
-3.7387e-04
-4.8234e-04
-1.0035e-03
-1.4682e-03
-2.1295e-03
-2.2443e-03
-2.3226e-03
-2.4301e-03
-3.1959e-03
-3.4005e-03
-2.3707e-03
-1.3158e-03
-3.1736e-04
4.2248e-05
-9.7840e-05
-1.6865e-04
-1.5467e-04
-1.7359e-04
-2.0840e-04
-2.6206e-04
-3.4441e-04
-4.2970e-04
-4.9595e-04
-5.2330e-04
-5.9602e-04
-2.1447e-03
-4.1835e-03
-3.6021e-03
-2.9695e-03
-3.2117e-03
-3.3994e-03
-3.4448e-03
-4.4289e-03
-4.6463e-03
-1.8877e-03
1.6497e-03
4.8729e-03
7.1609e-03
7.4153e-03
4.7093e-03
1.6339e-03
1.4030e-03
1.2235e-03
-7.5289e-04
-1.6429e-03
-1.3544e-03
-1.5783e-03
-3.1006e-03
-2.6085e-03
-5.1942e-04
1.5286e-03
3.2185e-03
3.1630e-03
1.1584e-03
-1.1812e-03
-2.1056e-03
-1.9003e-03
-1.8234e-03
-1.9929e-03
-2.0989e-03
-1.5135e-03
-2.7166e-04
-1.4007e-03
-2.4391e-03
-2.2839e-03
-3.0019e-03
-7.4361e-03
-1.0266e-02
-9.8585e-03
-9.4834e-03
-9.7181e-03
-9.8276e-03
-9.8018e-03
-9.0468e-03
-6.9449e-03
-6.0038e-03
-4.4740e-03
-3.3826e-04
3.8127e-03
5.0591e-03
6.6483e-03
1.1081e-02
1.2647e-02
1.1960e-02
1.1789e-02
1.1974e-02
1.0979e-02
7.1670e-03
2.3707e-03
-1.6842e-03
-3.4193e-03
-3.2276e-03
-3.0272e-03
-3.1254e-03
-3.1734e-03
-3.5582e-03
-5.6316e-03
-7.3546e-03
-7.3535e-03
-8.1538e-03
-1.0596e-02
-1.1402e-02
-1.1019e-02
-1.0428e-02
-7.6122e-03
-3.9979e-03
-3.0941e-03
-1.8145e-03
2.0175e-03
4.2635e-03
5.2140e-03
9.4561e-03
1.1870e-02
1.1340e-02
1.0966e-02
1.0653e-02
7.7551e-03
3.9240e-03
2.8454e-03
4.7023e-04
-3.8356e-03
-4.7141e-03
-3.9968e-03
-3.9652e-03
-4.1478e-03
-4.1423e-03
-4.2513e-03
-4.4432e-03
-4.4729e-03
-4.4464e-03
-4.4539e-03
-4.4676e-03
-4.4722e-03
-4.4770e-03
-4.4839e-03
-4.4904e-03
-4.4966e-03
-4.5030e-03
-4.5094e-03
-4.1248e-03
-3.0449e-04
3.2820e-03
3.2308e-03
2.6760e-03
4.0529e-03
8.0637e-03
1.2858e-02
1.6668e-02
1.7882e-02
1.7465e-02
1.4879e-02
1.0398e-02
7.2920e-03
3.1356e-03
-2.9732e-03
-6.6969e-03
-7.3737e-03
-5.6122e-03
-4.9461e-03
-5.2915e-03
-4.8643e-03
-1.8504e-03
1.7637e-03
2.4400e-03
1.8207e-03
1.7626e-03
1.3692e-03
-1.9952e-04
7.8740e-04
8.7394e-04
1.9414e-04
3.4596e-03
5.9351e-03
5.5489e-03
4.1186e-03
1.8393e-03
-2.0158e-03
-6.1146e-03
-6.5863e-03
-5.2545e-03
-2.0605e-03
1.1547e-03
1.6492e-03
1.1789e-03
1.7089e-03
4.7554e-03
1.0158e-02
1.5653e-02
1.6660e-02
1.5834e-02
1.5792e-02
1.5971e-02
1.4936e-02
1.1172e-02
6.1761e-03
-5.9616e-04
-1.1086e-02
-2.1932e-02
-2.8753e-02
-2.9910e-02
-2.9034e-02
-2.6487e-02
-1.8046e-02
-7.6787e-03
-1.5022e-04
8.0939e-03
1.3796e-02
1.5561e-02
1.6101e-02
2.0338e-02
2.1595e-02
1.6491e-02
1.3905e-02
1.1727e-02
1.1636e-02
1.3030e-02
1.4382e-02
1.5075e-02
1.4532e-02
1.0051e-02
1.0847e-03
-8.2832e-03
-1.4895e-02
-1.8768e-02
-2.2943e-02
-2.7498e-02
-3.0754e-02
-2.9356e-02
-2.2022e-02
-1.1319e-02
-1.8404e-03
4.4417e-03
7.2082e-03
7.8112e-03
9.8119e-03
1.2243e-02
1.4087e-02
1.4207e-02
1.4461e-02
1.7648e-02
2.2321e-02
2.5397e-02
2.7281e-02
2.8753e-02
2.8156e-02
2.4685e-02
1.8500e-02
8.6039e-03
-5.5933e-04
-5.2452e-03
-8.2779e-03
-9.3642e-03
-7.8592e-03
-7.1364e-03
-8.5617e-03
-7.0384e-03
-4.3752e-03
-1.1245e-03
1.8339e-03
2.0370e-03
-4.1356e-04
-2.2993e-03
-3.0599e-03
-5.1727e-03
-6.2052e-03
-5.9218e-03
-6.2157e-03
-8.6074e-03
-1.0065e-02
-8.5434e-03
-5.9079e-03
-3.4618e-03
9.7178e-05
1.7633e-03
2.4104e-03
3.1839e-03
3.4863e-03
4.2496e-03
2.3715e-03
-1.2445e-03
-5.7833e-03
-7.4650e-03
-9.9095e-03
-9.4188e-03
-6.4673e-03
-5.1826e-03
-3.6597e-03
-4.5403e-03
-6.4177e-03
-5.2833e-03
-5.7849e-03
-8.5150e-03
-1.2324e-02
-1.4735e-02
-1.3681e-02
-8.1558e-03
-1.1554e-03
5.2618e-03
8.1461e-03
7.4223e-03
4.4250e-03
-8.2765e-05
-2.3587e-03
1.0031e-03
6.5075e-03
1.2454e-02
1.6092e-02
1.8908e-02
2.0737e-02
1.9316e-02
2.0145e-02
2.2170e-02
2.1406e-02
1.6328e-02
8.9417e-03
2.4138e-03
-1.0196e-03
-9.2801e-04
-1.5960e-03
-5.6119e-03
-1.0577e-02
-1.4627e-02
-1.6905e-02
-1.8061e-02
-1.6644e-02
-1.5687e-02
-1.5290e-02
-1.1285e-02
-8.1915e-03
-9.7104e-03
-1.4085e-02
-1.7394e-02
-2.1437e-02
-2.5145e-02
-2.7506e-02
-2.7983e-02
-2.6063e-02
-2.4364e-02
-2.7207e-02
-3.1400e-02
-3.2356e-02
-3.1867e-02
-3.1860e-02
-3.2005e-02
-3.1979e-02
-3.0895e-02
-2.8584e-02
-2.5919e-02
-2.0121e-02
-7.2847e-03
7.8369e-03
1.9154e-02
2.1716e-02
1.0440e-02
-6.3827e-03
-1.7814e-02
-1.7565e-02
-1.7516e-03
2.3508e-02
4.7994e-02
6.0334e-02
6.7512e-02
7.7993e-02
8.4515e-02
8.8006e-02
8.9857e-02
8.4705e-02
6.7244e-02
3.9647e-02
1.7770e-02
-3.8777e-03
-4.4747e-02
-9.1932e-02
-1.2159e-01
-1.3075e-01
-1.2627e-01
-1.0968e-01
-8.7534e-02
-6.6362e-02
-4.7369e-02
-2.8328e-02
-1.2376e-02
-2.5059e-03
4.3010e-03
1.2483e-02
3.0245e-02
6.1850e-02
9.3710e-02
1.0688e-01
1.0174e-01
8.1023e-02
5.2611e-02
3.2698e-02
2.5496e-02
2.2565e-02
1.4472e-02
-5.3090e-03
-3.4900e-02
-5.8090e-02
-5.6612e-02
-2.2820e-02
2.7710e-02
6.0678e-02
6.7367e-02
6.5712e-02
6.8279e-02
8.0922e-02
9.8662e-02
1.0930e-01
1.0656e-01
9.0449e-02
6.0380e-02
1.9941e-02
-1.1384e-02
-2.7087e-02
-3.8384e-02
-5.5349e-02
-7.7725e-02
-1.0148e-01
-1.3053e-01
-1.5760e-01
-1.7902e-01
-1.9402e-01
-1.9352e-01
-1.7201e-01
-1.4157e-01
-1.2230e-01
-1.1549e-01
-1.0352e-01
-6.4879e-02
1.7837e-02
1.1988e-01
2.0995e-01
2.6072e-01
2.7336e-01
2.6245e-01
2.3603e-01
1.9884e-01
1.5799e-01
1.1721e-01
7.6931e-02
4.0154e-02
-4.2480e-04
-5.4709e-02
-1.1325e-01
-1.5414e-01
-1.7037e-01
-1.6947e-01
-1.5933e-01
-1.4945e-01
-1.4323e-01
-1.3284e-01
-9.6453e-02
-4.3780e-03
1.0716e-01
1.6828e-01
1.7404e-01
1.6263e-01
1.5071e-01
1.4488e-01
1.4528e-01
1.4575e-01
1.3454e-01
7.4378e-02
-3.3480e-02
-1.2453e-01
-1.7692e-01
-1.8811e-01
-1.6609e-01
-1.2900e-01
-9.4484e-02
-5.1262e-02
-1.0277e-03
4.0608e-02
7.4199e-02
1.0092e-01
1.1271e-01
1.0502e-01
7.8411e-02
3.5855e-02
-9.4924e-03
-4.0162e-02
-5.2815e-02
-5.9652e-02
-6.4120e-02
-7.1080e-02
-8.2331e-02
-9.7901e-02
-1.1488e-01
-1.2585e-01
-1.2718e-01
-1.1731e-01
-1.0121e-01
-8.5290e-02
-7.2462e-02
-6.8433e-02
-6.9619e-02
-6.9661e-02
-6.2962e-02
-3.7999e-02
1.3398e-02
7.6260e-02
1.1762e-01
1.2672e-01
1.1744e-01
1.0573e-01
9.6764e-02
9.0202e-02
8.3759e-02
6.5574e-02
2.4725e-02
-2.8923e-02
-7.2714e-02
-9.3714e-02
-9.3070e-02
-7.1300e-02
-3.4818e-02
-6.9410e-03
-7.1763e-04
-5.2599e-03
-1.4095e-02
-2.9961e-02
-5.0383e-02
-7.0691e-02
-8.7591e-02
-9.1656e-02
-7.5255e-02
-3.3830e-02
2.2185e-02
6.3488e-02
7.9546e-02
8.6609e-02
9.3866e-02
9.7470e-02
9.2608e-02
6.9511e-02
2.1344e-02
-3.2930e-02
-6.6711e-02
-7.5855e-02
-6.4540e-02
-2.9517e-02
1.4270e-02
5.2548e-02
8.7604e-02
1.2630e-01
1.6548e-01
1.9230e-01
2.0325e-01
2.0428e-01
1.9519e-01
1.7532e-01
1.4721e-01
1.1824e-01
9.5349e-02
8.1578e-02
7.5931e-02
7.2474e-02
6.9885e-02
6.9317e-02
6.6470e-02
5.4892e-02
2.4483e-02
-3.6443e-02
-1.3081e-01
-2.1888e-01
-2.8142e-01
-3.1771e-01
-3.2760e-01
-3.1713e-01
-2.7872e-01
-2.0987e-01
-1.3494e-01
-7.3869e-02
-2.7633e-02
2.2384e-02
9.0580e-02
1.6699e-01
2.1677e-01
2.2549e-01
1.9798e-01
1.3617e-01
7.1431e-02
3.0337e-02
1.2001e-02
4.8221e-03
-1.2928e-02
-4.6747e-02
-9.2461e-02
-1.2883e-01
-1.3787e-01
-1.2455e-01
-8.4540e-02
-5.3336e-03
9.8159e-02
1.7939e-01
2.1369e-01
2.1210e-01
1.8775e-01
1.3780e-01
7.2569e-02
-1.5789e-03
-7.5487e-02
-1.4008e-01
-1.8194e-01
-1.8890e-01
-1.7525e-01
-1.5577e-01
-1.4012e-01
-1.3433e-01
-1.4236e-01
-1.5975e-01
-1.7679e-01
-1.8519e-01
-1.7849e-01
-1.5266e-01
-1.0006e-01
-2.6867e-02
6.0838e-02
1.8983e-01
3.3660e-01
3.5965e-01
3.1639e-01
2.9170e-01
2.7711e-01
2.5624e-01
2.3373e-01
2.1086e-01
1.5842e-01
6.7463e-02
-2.0417e-02
-9.0155e-02
-1.4559e-01
-1.8923e-01
-2.1345e-01
-2.1730e-01
-2.0456e-01
-1.6997e-01
-1.2103e-01
-9.1960e-02
-8.8489e-02
-9.4581e-02
-1.0011e-01
-1.0077e-01
-9.6140e-02
-8.5635e-02
-7.1772e-02
-6.2601e-02
-6.2346e-02
-6.9378e-02
-7.6674e-02
-8.2858e-02
-8.7810e-02
-9.1841e-02
-9.2861e-02
-8.3876e-02
-6.0826e-02
-2.2888e-02
2.0753e-02
6.6369e-02
1.2255e-01
1.7408e-01
1.9410e-01
1.9183e-01
1.8203e-01
1.7410e-01
1.7382e-01
1.8062e-01
1.8616e-01
1.8396e-01
1.7850e-01
1.7425e-01
1.7420e-01
1.8089e-01
1.8979e-01
1.9466e-01
1.9114e-01
1.7174e-01
1.2757e-01
6.4972e-02
2.8197e-03
-4.7159e-02
-7.0837e-02
-7.8043e-02
-8.8102e-02
-1.0594e-01
-1.2600e-01
-1.4153e-01
-1.5681e-01
-1.8174e-01
-2.1736e-01
-2.5271e-01
-2.7055e-01
-2.6565e-01
-2.3659e-01
-1.9614e-01
-1.6641e-01
-1.3908e-01
-9.0482e-02
-5.1541e-03
9.6384e-02
1.6006e-01
1.7571e-01
1.5848e-01
1.0854e-01
4.3642e-02
-1.1859e-02
-4.6008e-02
-5.2180e-02
-4.7847e-02
-4.1844e-02
-3.2435e-02
-1.8077e-02
2.8035e-03
2.7761e-02
5.5538e-02
8.6398e-02
1.1792e-01
1.4468e-01
1.6282e-01
1.7291e-01
1.7436e-01
1.6168e-01
1.2624e-01
7.0310e-02
1.4452e-02
-3.2691e-02
-7.0296e-02
-9.3090e-02
-1.0357e-01
-1.0754e-01
-1.0719e-01
-1.0231e-01
-9.3624e-02
-7.8972e-02
-5.7750e-02
-3.5228e-02
-1.4711e-02
1.7018e-02
6.5026e-02
1.0986e-01
1.3243e-01
1.2826e-01
1.0018e-01
6.6786e-02
5.1736e-02
6.3493e-02
9.8482e-02
1.3267e-01
1.4183e-01
1.1837e-01
7.0397e-02
9.8930e-03
-4.7676e-02
-8.3733e-02
-1.0013e-01
-1.1064e-01
-1.2502e-01
-1.4604e-01
-1.6707e-01
-1.8328e-01
-1.8540e-01
-1.6121e-01
-1.1995e-01
-6.9431e-02
-2.1008e-02
1.1693e-02
3.6294e-02
6.8315e-02
1.0114e-01
1.1997e-01
1.2358e-01
1.1797e-01
9.7361e-02
6.2927e-02
2.7533e-02
-2.7233e-04
-2.4571e-02
-4.1552e-02
-4.4703e-02
-3.5143e-02
-1.8383e-02
-2.5683e-03
3.7114e-03
-2.8438e-03
-1.8271e-02
-4.5535e-02
-8.5424e-02
-1.2392e-01
-1.4280e-01
-1.4300e-01
-1.3493e-01
-1.2468e-01
-1.1697e-01
-1.1959e-01
-1.2475e-01
-1.2284e-01
-1.0691e-01
-6.6373e-02
-6.0546e-03
5.4590e-02
1.0311e-01
1.3509e-01
1.4919e-01
1.4872e-01
1.3745e-01
1.2021e-01
1.0794e-01
1.0995e-01
1.2134e-01
1.3167e-01
1.3310e-01
1.2541e-01
1.1014e-01
8.8346e-02
5.6873e-02
1.1999e-02
-4.2902e-02
-1.0164e-01
-1.4027e-01
-1.4618e-01
-1.2876e-01
-9.1641e-02
-3.6729e-02
1.2583e-02
4.2552e-02
5.9967e-02
7.2157e-02
7.3480e-02
5.1492e-02
6.3760e-03
-4.7384e-02
-9.0982e-02
-1.1337e-01
-1.2332e-01
-1.3167e-01
-1.4151e-01
-1.5421e-01
-1.6387e-01
-1.6917e-01
-1.7082e-01
-1.6736e-01
-1.6523e-01
-1.7032e-01
-1.7603e-01
-1.7175e-01
-1.4826e-01
-1.0025e-01
-3.0123e-02
3.6905e-02
8.8448e-02
1.2834e-01
1.4696e-01
1.4411e-01
1.2305e-01
8.7056e-02
5.3635e-02
2.6841e-02
-6.5169e-03
-4.7553e-02
-7.6696e-02
-8.8924e-02
-8.8775e-02
-6.8468e-02
-3.9039e-02
-2.6485e-02
-4.0659e-02
-8.1708e-02
-1.2963e-01
-1.5857e-01
-1.6087e-01
-1.4549e-01
-1.1902e-01
-9.2189e-02
-7.0318e-02
-4.0560e-02
9.6095e-03
7.5147e-02
1.4323e-01
1.9203e-01
2.1914e-01
2.3559e-01
2.4080e-01
2.3522e-01
2.1114e-01
1.5630e-01
9.3006e-02
5.1767e-02
3.4177e-02
4.3271e-02
7.5169e-02
1.0912e-01
1.3674e-01
1.6052e-01
2.0238e-01
2.9877e-01
3.8411e-01
4.0068e-01
3.8832e-01
3.5924e-01
2.8743e-01
2.1435e-01
1.7358e-01
1.6101e-01
1.6650e-01
1.7881e-01
1.8766e-01
1.8627e-01
1.7572e-01
1.5820e-01
1.3351e-01
9.1927e-02
1.5304e-02
-7.8926e-02
-1.7178e-01
-2.4961e-01
-3.2040e-01
-3.9699e-01
-4.6420e-01
-5.1026e-01
-5.3329e-01
-5.2760e-01
-4.8883e-01
-4.2173e-01
-3.4888e-01
-2.8267e-01
-2.1694e-01
-1.5277e-01
-1.0176e-01
-6.6571e-02
-3.9225e-02
-1.4890e-02
3.8985e-04
7.0928e-03
1.8150e-02
4.1881e-02
7.4573e-02
1.0359e-01
1.2798e-01
1.5431e-01
1.8483e-01
2.1616e-01
2.4950e-01
2.9124e-01
3.3000e-01
3.4401e-01
3.3313e-01
2.9773e-01
2.2220e-01
1.1656e-01
-8.6592e-04
-1.1854e-01
-2.2554e-01
-3.0218e-01
-3.4457e-01
-3.6603e-01
-3.8274e-01
-3.9919e-01
-4.1159e-01
-4.1025e-01
-3.8190e-01
-3.3285e-01
-2.8154e-01
-2.3482e-01
-1.9814e-01
-1.6584e-01
-1.2782e-01
-7.6802e-02
-9.9153e-03
9.1231e-02
2.2349e-01
3.2669e-01
3.8914e-01
4.4487e-01
4.9179e-01
5.1165e-01
5.0499e-01
4.7792e-01
4.3787e-01
3.5269e-01
2.4353e-01
1.5960e-01
1.0433e-01
5.7788e-02
2.8170e-03
-6.2283e-02
-1.4139e-01
-2.3322e-01
-3.2654e-01
-3.8681e-01
-4.1266e-01
-4.0731e-01
-3.6405e-01
-2.8806e-01
-1.9692e-01
-1.0643e-01
-1.1530e-02
8.3158e-02
1.4134e-01
1.6150e-01
1.5975e-01
1.3461e-01
8.7361e-02
4.1696e-02
1.8906e-02
1.0650e-02
2.7590e-03
-8.4352e-03
-2.6669e-02
-4.9886e-02
-7.2372e-02
-9.2927e-02
-1.1140e-01
-1.3079e-01
-1.4648e-01
-1.4388e-01
-1.0343e-01
-1.2205e-02
1.0576e-01
1.9912e-01
2.5896e-01
3.0566e-01
3.3281e-01
3.2307e-01
2.7394e-01
1.8202e-01
8.5520e-02
3.0807e-02
7.5678e-04
-2.9162e-02
-6.9337e-02
-1.1561e-01
-1.5644e-01
-1.8451e-01
-2.0803e-01
-2.2577e-01
-2.3003e-01
-2.0919e-01
-1.5487e-01
-8.3581e-02
-9.1667e-03
7.4534e-02
1.5771e-01
2.2907e-01
2.6841e-01
2.6460e-01
2.2784e-01
1.6879e-01
9.6548e-02
1.5918e-02
-5.2733e-02
-8.8063e-02
-1.0535e-01
-1.1500e-01
-1.0739e-01
-7.7822e-02
-3.1911e-02
2.0341e-02
6.3125e-02
8.2951e-02
9.3297e-02
1.0853e-01
1.3024e-01
1.5150e-01
1.6574e-01
1.6841e-01
1.5065e-01
1.0166e-01
2.5096e-02
-4.8750e-02
-1.0817e-01
-1.6024e-01
-2.0718e-01
-2.4735e-01
-2.8185e-01
-3.0491e-01
-3.1271e-01
-3.0965e-01
-2.9479e-01
-2.6237e-01
-2.1064e-01
-1.3096e-01
-3.5340e-02
4.7499e-02
1.1639e-01
1.8646e-01
2.5523e-01
3.0746e-01
3.3342e-01
3.3206e-01
3.0181e-01
2.3398e-01
1.5542e-01
8.3304e-02
1.6060e-02
-4.6433e-02
-8.9266e-02
-1.0077e-01
-9.1392e-02
-7.4789e-02
-6.1463e-02
-5.5652e-02
-5.2372e-02
-4.9634e-02
-4.7453e-02
-4.5877e-02
-4.7223e-02
-5.2177e-02
-5.4206e-02
-5.1450e-02
-4.4052e-02
-3.2790e-02
-2.1318e-02
-7.9901e-03
1.2644e-02
4.1766e-02
7.3823e-02
9.5799e-02
1.0400e-01
1.0437e-01
1.0384e-01
1.0466e-01
1.0957e-01
1.1858e-01
1.2594e-01
1.2856e-01
1.3002e-01
1.3022e-01
1.2583e-01
1.0828e-01
6.8882e-02
1.7293e-02
-2.7042e-02
-6.3435e-02
-9.7906e-02
-1.2914e-01
-1.6306e-01
-1.9705e-01
-2.1802e-01
-2.2486e-01
-2.2218e-01
-2.1262e-01
-1.9261e-01
-1.6390e-01
-1.3265e-01
-1.0474e-01
-8.0975e-02
-5.5865e-02
-2.7752e-02
1.4099e-03
3.2079e-02
6.2972e-02
9.6610e-02
1.3011e-01
1.5133e-01
1.6068e-01
1.5710e-01
1.4094e-01
1.1042e-01
6.6667e-02
1.7608e-02
-3.5893e-02
-8.3792e-02
-1.1087e-01
-1.2008e-01
-1.1887e-01
-1.0759e-01
-7.6359e-02
-2.3035e-02
3.7392e-02
9.6070e-02
1.3859e-01
1.6053e-01
1.6574e-01
1.6334e-01
1.5667e-01
1.4756e-01
1.3809e-01
1.2304e-01
9.7894e-02
6.6423e-02
4.2408e-02
3.1470e-02
2.7340e-02
2.1333e-02
1.0615e-02
-7.4960e-03
-2.8322e-02
-4.4449e-02
-5.7320e-02
-7.0781e-02
-8.4344e-02
-9.0694e-02
-9.0295e-02
-8.3556e-02
-7.1042e-02
-6.0908e-02
-5.3434e-02
-4.8084e-02
-4.5145e-02
-4.4862e-02
-4.5575e-02
-4.8138e-02
-5.2693e-02
-5.6403e-02
-5.8272e-02
-5.9808e-02
-5.7506e-02
-4.6747e-02
-2.6440e-02
1.4689e-03
2.9502e-02
5.1739e-02
6.6098e-02
7.3906e-02
7.8936e-02
8.3998e-02
8.7571e-02
8.2387e-02
6.7160e-02
4.2794e-02
1.0543e-02
-2.7880e-02
-6.9473e-02
-1.0632e-01
-1.2678e-01
-1.3104e-01
-1.2517e-01
-1.0229e-01
-5.6538e-02
-2.0098e-03
4.6237e-02
7.4671e-02
8.2577e-02
7.8377e-02
6.4545e-02
4.3451e-02
1.3535e-02
-2.4480e-02
-5.5325e-02
-6.8239e-02
-6.9389e-02
-6.0356e-02
-4.0672e-02
-1.6235e-02
4.9957e-03
2.4616e-02
4.2735e-02
5.6562e-02
6.9189e-02
8.2452e-02
9.5744e-02
1.0578e-01
1.0901e-01
1.0830e-01
1.0738e-01
1.0393e-01
9.4631e-02
7.9595e-02
5.6206e-02
2.3221e-02
-1.0312e-02
-4.0908e-02
-7.0036e-02
-9.7036e-02
-1.2085e-01
-1.3988e-01
-1.5421e-01
-1.6310e-01
-1.6265e-01
-1.5332e-01
-1.2994e-01
-9.5719e-02
-5.3195e-02
-6.4052e-03
3.7160e-02
6.7152e-02
7.9942e-02
8.1508e-02
7.2544e-02
4.9883e-02
1.7738e-02
-1.9376e-02
-5.7348e-02
-9.2919e-02
-1.1815e-01
-1.3070e-01
-1.3727e-01
-1.4322e-01
-1.4627e-01
-1.4201e-01
-1.3836e-01
-1.3487e-01
-1.1676e-01
-7.6093e-02
-1.8288e-02
3.8556e-02
9.1491e-02
1.3850e-01
1.6387e-01
1.6669e-01
1.5767e-01
1.3905e-01
1.0474e-01
6.6123e-02
3.6881e-02
1.1817e-02
-9.7901e-03
-2.2822e-02
-2.7110e-02
-2.5255e-02
-1.7220e-02
-4.4437e-03
8.2539e-03
1.4712e-02
1.3706e-02
1.0888e-02
1.4528e-02
2.5327e-02
4.2234e-02
6.1819e-02
7.2941e-02
7.7942e-02
7.8100e-02
7.4590e-02
6.7871e-02
5.5772e-02
3.5170e-02
8.1425e-03
-1.3359e-02
-2.7131e-02
-4.1086e-02
-5.3479e-02
-5.9993e-02
-6.0456e-02
-5.5935e-02
-4.8785e-02
-4.1892e-02
-3.4291e-02
-2.9570e-02
-2.6094e-02
-1.8528e-02
-8.8420e-03
2.4971e-03
1.4404e-02
2.1130e-02
2.9884e-02
4.3646e-02
5.5726e-02
6.1683e-02
5.9434e-02
5.0220e-02
3.6140e-02
1.8080e-02
-2.1614e-04
-1.8034e-02
-3.6244e-02
-5.3929e-02
-7.1230e-02
-8.4568e-02
-9.0587e-02
-9.1214e-02
-8.9585e-02
-8.4059e-02
-7.0608e-02
-4.9642e-02
-2.5352e-02
-4.2671e-03
1.7206e-02
4.3071e-02
6.8294e-02
8.1803e-02
8.5061e-02
8.5167e-02
8.6457e-02
8.6649e-02
8.3257e-02
7.3030e-02
5.8352e-02
3.7516e-02
3.5778e-03
-3.4407e-02
-6.3446e-02
-7.9364e-02
-8.5845e-02
-8.7639e-02
-8.8093e-02
-9.1105e-02
-9.3602e-02
-9.1934e-02
-9.0183e-02
-8.4864e-02
-7.2040e-02
-5.1597e-02
-2.7013e-02
-6.4110e-03
7.8260e-03
1.7711e-02
2.6419e-02
3.3647e-02
3.6536e-02
3.5368e-02
2.8368e-02
1.7420e-02
9.9885e-03
9.4534e-03
1.4136e-02
2.0734e-02
2.9374e-02
3.7344e-02
4.2179e-02
4.5670e-02
4.6784e-02
4.4319e-02
4.1614e-02
3.9668e-02
3.9030e-02
3.6120e-02
2.8509e-02
1.9013e-02
1.0006e-02
-5.5553e-04
-1.3383e-02
-2.4222e-02
-3.4788e-02
-5.0807e-02
-6.5907e-02
-7.5059e-02
-8.2447e-02
-8.7641e-02
-8.8442e-02
-8.5885e-02
-7.4409e-02
-5.2417e-02
-3.0302e-02
-1.3960e-02
4.0965e-03
2.6413e-02
4.1813e-02
5.0886e-02
5.5490e-02
5.8354e-02
6.1451e-02
6.4145e-02
7.0719e-02
8.3951e-02
9.6319e-02
1.0366e-01
1.0631e-01
1.0096e-01
8.8880e-02
7.1785e-02
4.7545e-02
2.1406e-02
-1.1793e-03
-2.1666e-02
-3.5922e-02
-4.2705e-02
-4.3896e-02
-4.0177e-02
-3.0220e-02
-1.5014e-02
7.6478e-03
3.0019e-02
4.5963e-02
5.7176e-02
6.3858e-02
6.7666e-02
6.9100e-02
6.8834e-02
6.8563e-02
6.8380e-02
6.4567e-02
5.3141e-02
3.5131e-02
8.9809e-03
-2.3781e-02
-5.2660e-02
-6.9986e-02
-7.7309e-02
-7.9175e-02
-7.5717e-02
-7.0862e-02
-6.6245e-02
-6.1724e-02
-5.3285e-02
-4.0540e-02
-2.3852e-02
-7.4542e-03
7.2183e-03
2.0378e-02
2.9288e-02
3.4149e-02
3.3701e-02
2.6436e-02
1.6740e-02
7.8331e-03
-7.8331e-04
-9.3838e-03
-1.7938e-02
-2.6785e-02
-3.5673e-02
-4.4052e-02
-4.8607e-02
-5.0000e-02
-4.8834e-02
-4.7514e-02
-4.6213e-02
-4.3536e-02
-3.6848e-02
-2.8128e-02
-1.8483e-02
-9.5788e-03
-3.3038e-03
4.2514e-03
1.1177e-02
1.7050e-02
3.1992e-02
5.0840e-02
6.3531e-02
7.1657e-02
7.7531e-02
7.7343e-02
6.9870e-02
5.9842e-02
4.6222e-02
2.8006e-02
1.3118e-02
3.2080e-03
-2.4674e-03
-6.4045e-03
-1.0749e-02
-1.3010e-02
-9.5897e-03
-2.7104e-03
4.4889e-03
1.5615e-02
2.6790e-02
3.2950e-02
3.7422e-02
3.8576e-02
3.5764e-02
2.8841e-02
1.9977e-02
9.2812e-03
-7.0604e-03
-2.7397e-02
-4.7412e-02
-6.2930e-02
-6.9153e-02
-7.2454e-02
-7.3609e-02
-6.9823e-02
-6.1552e-02
-4.6801e-02
-2.8786e-02
-1.2355e-02
1.2896e-03
1.3056e-02
2.0910e-02
2.6624e-02
3.0688e-02
3.0553e-02
2.6934e-02
1.7954e-02
-2.8618e-03
-2.8456e-02
-4.7230e-02
-5.0517e-02
-4.1650e-02
-2.8604e-02
-1.1632e-02
1.1254e-02
3.6359e-02
5.4465e-02
6.4766e-02
7.0800e-02
7.1925e-02
6.9333e-02
6.0660e-02
4.5992e-02
2.6782e-02
9.7873e-03
4.8613e-04
-4.1413e-03
-8.0338e-03
-1.1082e-02
-1.2915e-02
-1.2565e-02
-8.9161e-03
-6.2028e-03
-3.3309e-03
9.5745e-04
5.5358e-03
1.1307e-02
1.5374e-02
1.5426e-02
1.4810e-02
1.3213e-02
8.5854e-03
5.2906e-03
4.0062e-03
5.7951e-03
8.2776e-03
1.1159e-02
1.4351e-02
1.5245e-02
1.4694e-02
1.2817e-02
1.0893e-02
1.0770e-02
1.1097e-02
1.2116e-02
1.4497e-02
1.7154e-02
2.2577e-02
2.6564e-02
2.6444e-02
2.5798e-02
2.5852e-02
2.5931e-02
2.5629e-02
2.3726e-02
2.1449e-02
1.9106e-02
1.6914e-02
1.4420e-02
8.2091e-03
-2.2365e-03
-1.3204e-02
-2.7787e-02
-4.4201e-02
-5.6458e-02
-6.0971e-02
-6.0089e-02
-5.6714e-02
-5.1512e-02
-4.3665e-02
-3.6094e-02
-3.1412e-02
-2.7813e-02
-2.6170e-02
-2.4715e-02
-2.0253e-02
-1.5427e-02
-8.3147e-03
-3.6777e-03
-3.8504e-03
-6.0033e-03
-1.2677e-02
-2.1950e-02
-2.7600e-02
-3.1719e-02
-3.9056e-02
-4.3486e-02
-4.5136e-02
-4.4320e-02
-3.9809e-02
-3.0927e-02
-2.0160e-02
-1.0694e-02
-1.2680e-03
4.9887e-03
7.0977e-03
6.9792e-03
6.2654e-03
3.3364e-03
-1.3187e-03
-5.7922e-03
-1.0113e-02
-1.4172e-02
-1.6439e-02
-1.8472e-02
-1.8565e-02
-1.6111e-02
-1.5087e-02
-1.3543e-02
-1.2349e-02
-1.4611e-02
-1.6180e-02
-1.5860e-02
-1.5620e-02
-1.5314e-02
-1.1756e-02
-4.7196e-03
2.2876e-03
9.8808e-03
1.6721e-02
2.1610e-02
2.7913e-02
3.3855e-02
3.9327e-02
4.5953e-02
5.3091e-02
6.1057e-02
6.7012e-02
6.7940e-02
6.2201e-02
5.1064e-02
3.2584e-02
1.5282e-02
5.3520e-03
-2.5147e-03
-1.2699e-02
-2.4222e-02
-3.5843e-02
-4.7566e-02
-5.5466e-02
-6.0339e-02
-6.1511e-02
-6.0182e-02
-5.1580e-02
-3.0484e-02
-1.0766e-02
1.3898e-03
1.2902e-02
2.2815e-02
3.0741e-02
3.5841e-02
3.6753e-02
3.4743e-02
2.7229e-02
1.3357e-02
-4.6873e-03
-2.0134e-02
-2.8692e-02
-3.4307e-02
-4.0793e-02
-4.7724e-02
-5.3663e-02
-5.8044e-02
-6.2092e-02
-6.4865e-02
-6.3259e-02
-5.8128e-02
-5.0221e-02
-3.7293e-02
-2.1284e-02
-8.7685e-03
-2.2008e-03
1.2209e-03
2.5043e-03
2.3367e-03
2.2469e-03
3.9242e-03
8.1743e-03
1.2960e-02
1.7381e-02
2.1586e-02
2.4673e-02
2.4770e-02
2.0010e-02
1.1470e-02
5.2208e-03
2.5459e-03
3.5408e-03
6.1602e-03
8.8477e-03
1.2858e-02
1.7430e-02
2.2981e-02
3.1080e-02
4.0428e-02
5.1179e-02
6.1167e-02
6.6769e-02
6.9312e-02
6.9496e-02
6.4652e-02
5.0131e-02
2.5577e-02
-2.8023e-03
-3.2022e-02
-5.3976e-02
-6.5872e-02
-6.9920e-02
-6.8553e-02
-6.4505e-02
-5.8273e-02
-4.9956e-02
-4.2875e-02
-3.5819e-02
-2.6996e-02
-1.6635e-02
-7.3583e-03
-2.7438e-03
-2.1441e-03
-4.6229e-03
-6.0992e-03
-6.8768e-03
-5.6210e-03
-1.7783e-03
1.1126e-03
2.0702e-03
1.8785e-03
2.0483e-03
6.1063e-03
1.4879e-02
2.3656e-02
2.8025e-02
2.8227e-02
2.7776e-02
2.7868e-02
2.7952e-02
2.7908e-02
2.7888e-02
2.7895e-02
2.7892e-02
2.7885e-02
2.7890e-02
2.8706e-02
2.9829e-02
2.8201e-02
2.5590e-02
2.3139e-02
1.7275e-02
8.0573e-03
1.4980e-04
-4.2678e-03
-6.4124e-03
-8.0214e-03
-6.4528e-03
-1.5562e-03
4.6902e-03
1.3025e-02
2.1815e-02
2.7827e-02
3.1793e-02
3.4845e-02
3.5375e-02
3.3261e-02
3.0407e-02
2.4489e-02
1.5322e-02
4.7928e-03
-7.7634e-03
-1.9549e-02
-2.7209e-02
-3.0160e-02
-3.3049e-02
-3.6252e-02
-3.8495e-02
-4.0060e-02
-4.0815e-02
-4.2801e-02
-4.5176e-02
-4.7269e-02
-4.7966e-02
-4.9822e-02
-5.1490e-02
-5.1440e-02
-5.1169e-02
-5.1444e-02
-5.3116e-02
-5.2188e-02
-4.5708e-02
-3.3734e-02
-1.8429e-02
-3.1650e-03
7.7993e-03
1.4631e-02
1.6507e-02
1.3296e-02
5.1258e-03
-4.3230e-03
-1.4061e-02
-2.6435e-02
-3.4632e-02
-3.8207e-02
-4.1641e-02
-4.2069e-02
-3.9669e-02
-3.7073e-02
-3.3864e-02
-2.7893e-02
-2.2503e-02
-1.8032e-02
-1.0270e-02
1.8881e-03
1.5192e-02
2.6739e-02
3.3409e-02
3.4912e-02
3.4470e-02
3.4400e-02
3.1992e-02
2.5543e-02
1.7990e-02
9.9355e-03
3.9874e-03
9.3177e-04
-9.3030e-04
-4.7328e-03
-9.2593e-03
-1.1043e-02
-1.0627e-02
-9.2001e-03
-5.4566e-03
-1.0141e-03
1.0169e-03
1.4113e-03
4.3808e-03
8.0177e-03
8.4208e-03
6.3059e-03
5.9646e-03
5.3796e-03
3.1360e-03
7.8733e-04
1.7625e-03
2.6469e-03
3.2004e-03
5.2023e-03
7.6938e-03
9.8088e-03
1.1896e-02
1.4049e-02
1.5488e-02
1.5457e-02
1.5240e-02
1.5155e-02
1.3471e-02
1.1500e-02
1.1375e-02
1.1660e-02
1.0384e-02
8.0274e-03
7.4409e-03
7.8005e-03
8.5056e-03
9.8147e-03
8.5756e-03
7.4597e-03
7.6589e-03
8.3806e-03
1.1308e-02
1.5957e-02
2.0507e-02
2.4568e-02
2.6984e-02
2.9616e-02
3.3188e-02
3.4393e-02
3.5146e-02
3.3862e-02
3.0186e-02
2.8839e-02
2.7138e-02
2.5910e-02
2.6175e-02
2.8170e-02
3.0549e-02
3.3475e-02
3.6879e-02
3.9181e-02
4.2772e-02
4.6923e-02
4.6807e-02
4.2733e-02
3.3630e-02
2.0830e-02
9.0122e-03
1.8909e-03
-2.3477e-03
-1.5616e-03
2.4200e-03
1.1377e-02
2.4501e-02
3.5485e-02
4.3323e-02
4.8820e-02
5.3042e-02
5.5773e-02
5.4537e-02
5.1982e-02
5.1239e-02
4.8789e-02
4.2925e-02
3.5744e-02
2.8770e-02
1.8881e-02
7.3999e-03
-4.5249e-03
-1.7710e-02
-3.0715e-02
-3.8724e-02
-4.3241e-02
-4.8722e-02
-5.2606e-02
-5.2167e-02
-4.7914e-02
-4.0890e-02
-2.7579e-02
-1.0058e-02
4.9348e-03
2.0313e-02
4.1228e-02
5.7054e-02
6.3412e-02
6.8179e-02
7.0959e-02
6.8641e-02
6.1920e-02
5.2783e-02
3.9694e-02
2.4942e-02
1.4706e-02
5.6970e-03
-3.6948e-03
-1.2430e-02
-1.8833e-02
-2.3656e-02
-3.0133e-02
-3.4720e-02
-3.4762e-02
-3.0156e-02
-1.9508e-02
-8.4330e-03
1.2741e-04
7.2124e-03
1.2060e-02
1.4284e-02
1.4285e-02
1.3936e-02
1.3243e-02
1.1077e-02
9.9820e-03
8.5883e-03
5.8639e-03
7.0918e-04
-5.0113e-03
-1.0443e-02
-1.6903e-02
-2.2163e-02
-2.6023e-02
-2.7658e-02
-2.7442e-02
-2.7238e-02
-2.7331e-02
-2.7360e-02
-2.7016e-02
-2.4870e-02
-2.3216e-02
-2.2426e-02
-2.0451e-02
-1.9391e-02
-1.7801e-02
-1.5517e-02
-1.3154e-02
-1.1092e-02
-8.8524e-03
-6.7629e-03
-5.0379e-03
-4.3174e-03
-1.6231e-03
2.0121e-03
2.8641e-03
8.2604e-04
-1.4230e-03
-2.1380e-03
-4.6782e-03
-8.4124e-03
-1.0642e-02
-1.2529e-02
-1.5139e-02
-1.9451e-02
-2.3409e-02
-2.6219e-02
-3.0432e-02
-3.2062e-02
-3.1505e-02
-3.0771e-02
-2.7975e-02
-2.3412e-02
-1.8762e-02
-1.3250e-02
-1.0478e-02
-1.0108e-02
-9.1464e-03
-8.8905e-03
-1.0278e-02
-1.1206e-02
-1.1375e-02
-1.3217e-02
-1.5929e-02
-1.7078e-02
-1.8091e-02
-2.1531e-02
-2.2447e-02
-2.0489e-02
-2.0013e-02
-2.0469e-02
-2.1778e-02
-2.4170e-02
-2.6588e-02
-2.6627e-02
-1.8383e-02
-6.1417e-03
5.9990e-03
1.7225e-02
2.7808e-02
3.5047e-02
3.6196e-02
3.4289e-02
3.0583e-02
2.4363e-02
1.5598e-02
6.4718e-03
-7.8126e-04
-3.7975e-03
-6.7270e-03
-9.5166e-03
-1.0095e-02
-1.1711e-02
-1.4101e-02
-1.6550e-02
-1.8813e-02
-2.2642e-02
-2.6926e-02
-2.8616e-02
-2.8249e-02
-2.8053e-02
-2.8050e-02
-2.6424e-02
-2.4520e-02
-2.3730e-02
-2.1684e-02
-2.0415e-02
-1.9150e-02
-1.5490e-02
-1.2612e-02
-1.0593e-02
-8.5443e-03
-5.0060e-03
-1.9850e-03
3.1833e-04
3.9778e-03
6.4126e-03
8.2247e-03
9.0458e-03
8.7240e-03
6.7393e-03
4.8463e-03
4.7952e-03
5.0997e-03
5.0488e-03
5.1922e-03
7.2124e-03
8.5090e-03
6.1240e-03
4.5581e-03
4.7940e-03
3.4072e-03
8.9485e-04
-2.1136e-03
-6.5186e-03
-1.0001e-02
-1.1863e-02
-1.3553e-02
-1.3538e-02
-1.0514e-02
-6.7310e-03
-4.4044e-03
6.5768e-04
7.5116e-03
1.2223e-02
1.5383e-02
1.6356e-02
1.4696e-02
1.2100e-02
9.4465e-03
5.2742e-03
5.3953e-04
-4.9244e-03
-1.0163e-02
-1.3073e-02
-1.6363e-02
-1.7522e-02
-1.3694e-02
-7.3928e-03
-1.3656e-03
3.9317e-03
9.8147e-03
1.2708e-02
1.0158e-02
4.7725e-03
-1.2893e-06
-5.2183e-03
-7.9156e-03
-9.6659e-03
-1.0686e-02
-9.0505e-03
-4.8637e-03
-2.4899e-03
-2.8028e-03
-4.1875e-03
-7.6902e-03
-1.0914e-02
-1.2933e-02
-1.4349e-02
-1.4452e-02
-1.3182e-02
-9.6017e-03
-6.7314e-03
-6.6384e-03
-7.0615e-03
-6.9853e-03
-6.8293e-03
-5.2557e-03
-1.3946e-03
1.2860e-03
3.9548e-03
8.2806e-03
1.2937e-02
1.5816e-02
1.7999e-02
2.1577e-02
2.3299e-02
2.1880e-02
1.7865e-02
1.2896e-02
6.5306e-03
3.7932e-04
-4.9008e-03
-1.0385e-02
-1.4739e-02
-1.8596e-02
-2.1235e-02
-2.3170e-02
-2.6337e-02
-2.9598e-02
-3.0215e-02
-2.9773e-02
-2.9756e-02
-2.9865e-02
-2.9850e-02
-2.9706e-02
-2.7856e-02
-2.3120e-02
-1.8389e-02
-1.4809e-02
-1.0764e-02
-9.4392e-03
-7.4501e-03
-3.5917e-03
-1.3114e-04
4.2544e-03
9.0950e-03
1.4991e-02
2.0366e-02
2.5948e-02
2.8017e-02
2.7403e-02
2.7160e-02
2.6533e-02
2.2149e-02
1.7352e-02
1.0584e-02
3.1226e-03
-1.9377e-03
-7.2598e-03
-1.0240e-02
-1.0008e-02
-1.2283e-02
-1.6936e-02
-1.7882e-02
-1.6495e-02
-1.3224e-02
-9.6368e-03
-6.1331e-03
-1.7830e-03
3.8468e-03
1.1851e-02
1.7923e-02
2.3100e-02
2.8069e-02
3.0448e-02
2.9611e-02
2.8098e-02
2.7986e-02
2.5552e-02
2.0620e-02
1.5862e-02
1.3025e-02
1.3109e-02
1.3648e-02
1.6494e-02
2.0874e-02
2.2503e-02
2.7613e-02
3.6943e-02
4.3619e-02
4.3911e-02
3.8779e-02
2.9826e-02
1.9969e-02
1.0007e-02
2.5944e-03
-4.8286e-03
-9.2888e-03
-9.1030e-03
-7.4765e-03
-5.1912e-03
-2.7835e-03
1.1181e-03
5.8730e-03
1.0467e-02
1.3858e-02
1.5955e-02
1.9472e-02
2.1965e-02
2.1319e-02
1.7771e-02
1.1909e-02
3.9057e-03
-1.6419e-03
-5.6529e-03
-9.0634e-03
-1.1323e-02
-1.1996e-02
-1.3355e-02
-1.5499e-02
-1.5832e-02
-1.5367e-02
-1.2874e-02
-6.6769e-03
-9.2213e-04
5.5514e-03
1.3151e-02
1.5818e-02
1.4942e-02
1.4637e-02
1.4814e-02
1.4215e-02
1.1986e-02
1.0848e-02
1.1259e-02
1.3212e-02
1.5150e-02
1.5259e-02
1.5861e-02
1.7079e-02
1.5760e-02
1.4856e-02
1.5087e-02
1.3546e-02
8.7464e-03
4.1030e-03
-3.6825e-05
-4.5768e-03
-8.8204e-03
-1.3228e-02
-1.5026e-02
-1.4846e-02
-1.6682e-02
-1.8538e-02
-1.8378e-02
-1.6799e-02
-1.1717e-02
-6.3282e-03
-1.5088e-03
4.1284e-03
9.9766e-03
1.5397e-02
1.9693e-02
2.3747e-02
2.8355e-02
3.0952e-02
3.0607e-02
2.8759e-02
2.6489e-02
2.4077e-02
2.1244e-02
1.6565e-02
1.0489e-02
6.7346e-04
-9.1735e-03
-1.8031e-02
-2.5741e-02
-3.2089e-02
-3.6667e-02
-3.7341e-02
-3.7234e-02
-3.8662e-02
-3.7781e-02
-3.6341e-02
-3.4143e-02
-2.7583e-02
-1.8242e-02
-1.1966e-02
-1.0016e-02
-3.8405e-03
1.3799e-03
2.4558e-03
6.2822e-03
1.1257e-02
1.5635e-02
1.5848e-02
1.1051e-02
7.7367e-03
8.0746e-03
7.1911e-03
4.9062e-03
6.3673e-03
8.7024e-03
8.7994e-03
8.4297e-03
8.3119e-03
6.2078e-03
2.1628e-03
-4.2462e-04
-3.4843e-03
-6.5076e-03
-6.9165e-03
-6.0328e-03
-3.0871e-03
6.8423e-04
4.1257e-03
9.8540e-03
1.4946e-02
1.6477e-02
1.6021e-02
1.5883e-02
1.5938e-02
1.3978e-02
9.6049e-03
4.8936e-03
1.4013e-03
-1.9836e-03
-6.3421e-03
-9.4297e-03
-1.2665e-02
-1.4083e-02
-1.3757e-02
-1.3579e-02
-1.3771e-02
-1.3880e-02
-1.2350e-02
-7.3984e-03
-2.4291e-03
4.6589e-03
1.0090e-02
1.4174e-02
1.6601e-02
1.6580e-02
1.6264e-02
1.5726e-02
1.1581e-02
6.8219e-03
2.3103e-03
-2.1203e-03
-9.5119e-03
-1.5144e-02
-1.9145e-02
-2.1426e-02
-2.1230e-02
-2.0718e-02
-1.8774e-02
-1.4067e-02
-6.2485e-03
3.1204e-03
1.1786e-02
1.7107e-02
2.1136e-02
2.4225e-02
2.4278e-02
2.1512e-02
1.6776e-02
1.3710e-02
1.0501e-02
8.7092e-03
8.8563e-03
9.0841e-03
1.0546e-02
1.3024e-02
1.5461e-02
1.6766e-02
1.6593e-02
1.3745e-02
8.8604e-03
4.1327e-03
1.4997e-04
-4.2886e-03
-8.5016e-03
-1.2738e-02
-1.3974e-02
-1.4178e-02
-1.8258e-02
-2.1397e-02
-2.1072e-02
-2.2145e-02
-2.6285e-02
-2.8706e-02
-2.7103e-02
-2.2243e-02
-2.0086e-02
-1.8939e-02
-1.5148e-02
-1.2297e-02
-1.0342e-02
-9.3403e-03
-9.3198e-03
-7.7787e-03
-5.7241e-03
-5.5372e-03
-5.7082e-03
-5.6179e-03
-5.6684e-03
-5.7374e-03
-5.7329e-03
-5.7256e-03
-5.6952e-03
-5.6022e-03
-5.7119e-03
-7.5295e-03
-9.9827e-03
-1.2296e-02
-1.3378e-02
-1.3362e-02
-1.6356e-02
-2.0729e-02
-2.1274e-02
-2.0540e-02
-2.0536e-02
-2.0610e-02
-2.0343e-02
-1.8712e-02
-1.8536e-02
-1.7957e-02
-1.7864e-02
-2.0053e-02
-2.1037e-02
-2.2980e-02
-2.6864e-02
-2.8472e-02
-2.7956e-02
-2.6210e-02
-2.2171e-02
-1.7060e-02
-1.0371e-02
-3.5457e-03
4.1948e-03
1.0090e-02
1.4388e-02
1.9459e-02
2.1302e-02
2.0719e-02
2.0384e-02
1.8582e-02
1.2679e-02
5.0034e-03
-4.6953e-03
-1.4802e-02
-2.3418e-02
-3.0152e-02
-3.4151e-02
-3.5528e-02
-3.3983e-02
-2.9066e-02
-2.4146e-02
-1.6682e-02
-7.6735e-03
-1.3332e-03
3.4333e-03
8.7245e-03
1.0384e-02
1.1437e-02
1.3320e-02
1.3625e-02
1.2364e-02
1.0048e-02
9.1403e-03
7.2935e-03
2.8238e-03
-1.8693e-03
-4.9552e-03
-5.5571e-03
-5.3036e-03
-5.3775e-03
-5.4754e-03
-5.4238e-03
-5.3103e-03
-5.2804e-03
-5.0983e-03
-2.7442e-03
1.7913e-03
5.5523e-03
7.5468e-03
1.2347e-02
1.7654e-02
2.0198e-02
2.0480e-02
1.8075e-02
1.6637e-02
1.5425e-02
1.1222e-02
3.8852e-03
-3.7784e-03
-7.9837e-03
-1.1837e-02
-1.3259e-02
-1.2483e-02
-9.6626e-03
-5.9097e-03
-3.6549e-03
-3.9670e-04
4.0170e-03
6.3449e-03
6.7380e-03
8.7062e-03
1.0154e-02
1.0051e-02
9.6501e-03
7.7277e-03
5.9221e-03
5.9629e-03
5.1474e-03
2.6926e-03
1.9418e-03
2.4343e-03
2.6086e-03
2.4272e-03
3.5741e-03
7.3650e-03
1.0448e-02
1.2879e-02
1.7725e-02
2.3873e-02
2.7092e-02
3.0457e-02
3.6889e-02
4.3501e-02
4.7053e-02
4.7630e-02
4.7285e-02
4.5424e-02
4.0728e-02
3.3382e-02
2.5618e-02
1.6701e-02
7.9447e-03
-4.8509e-04
-4.6483e-03
-4.2394e-03
-2.8345e-03
-6.9095e-04
1.2179e-04
9.7282e-05
2.0164e-03
3.8156e-03
3.7209e-03
3.3812e-03
3.4167e-03
3.4472e-03
3.0394e-03
1.8243e-04
-3.5292e-03
-6.9212e-03
-1.0937e-02
-1.2386e-02
-1.5695e-02
-1.8880e-02
-1.8789e-02
-1.8035e-02
-1.5068e-02
-1.0261e-02
-4.5196e-03
2.3488e-03
6.8308e-03
1.1951e-02
1.6860e-02
1.9124e-02
2.0796e-02
2.1855e-02
2.1616e-02
2.1259e-02
2.0898e-02
1.8959e-02
1.7220e-02
1.5514e-02
1.1202e-02
7.7929e-03
4.2811e-03
-4.0672e-04
-6.8338e-03
-1.3150e-02
-1.8984e-02
-2.1935e-02
-2.3386e-02
-2.4666e-02
-2.4037e-02
-2.1407e-02
-1.8906e-02
-1.3811e-02
-5.8072e-03
3.0683e-04
3.3382e-03
4.8858e-03
6.6079e-03
5.4667e-03
1.2910e-03
-2.9670e-03
-6.7589e-03
-1.1469e-02
-1.5879e-02
-1.6413e-02
-1.5570e-02
-1.4869e-02
-1.2034e-02
-7.6655e-03
-3.6518e-03
-9.0656e-06
3.4215e-03
5.3254e-03
6.9697e-03
7.6265e-03
6.2376e-03
5.5584e-03
5.2353e-03
3.5754e-03
1.3886e-03
-2.7117e-04
-1.8350e-03
-2.1894e-03
-2.2720e-03
-3.9600e-03
-5.0766e-03
-4.8240e-03
-4.5542e-03
-4.4318e-03
-4.2594e-03
-4.1573e-03
-4.0988e-03
-4.0243e-03
-3.8045e-03
-2.3162e-03
-8.0497e-04
-2.2344e-04
1.3332e-03
3.1152e-03
4.5171e-03
4.4726e-03
2.7869e-03
1.6380e-03
1.7397e-03
1.8764e-03
1.7826e-03
1.7330e-03
1.4152e-03
-1.4609e-04
-1.6425e-03
-2.2406e-03
-3.1981e-03
-5.4403e-03
-5.8239e-03
-5.2204e-03
-4.9901e-03
-4.0844e-03
-1.3787e-03
1.7712e-03
4.8642e-03
9.3246e-03
1.3580e-02
1.5816e-02
1.7637e-02
1.7742e-02
1.6376e-02
1.2807e-02
8.9270e-03
5.3607e-03
1.4779e-03
-1.3123e-03
-3.5873e-03
-5.5997e-03
-6.1278e-03
-6.3752e-03
-6.4580e-03
-5.1133e-03
-2.4550e-03
-8.3339e-04
-4.0871e-04
5.7278e-04
9.1973e-04
-3.5651e-05
-2.0645e-05
7.9472e-04
8.6815e-04
1.3234e-03
2.3712e-03
2.5105e-03
2.2027e-03
2.1101e-03
2.5850e-03
3.4760e-03
2.9086e-03
1.6813e-03
1.4350e-03
1.2086e-03
1.3720e-04
-3.8061e-04
-2.9584e-04
-1.4240e-04
6.2623e-04
1.1425e-03
9.8388e-04
1.2930e-03
2.0421e-03
2.0543e-03
1.5935e-03
6.3898e-04
2.6037e-05
-9.2078e-04
-2.4088e-03
-2.8389e-03
-3.4175e-03
-4.5377e-03
-4.8485e-03
-4.8948e-03
-4.8711e-03
-4.2145e-03
-3.3389e-03
-2.8842e-03
-2.8752e-03
-2.5554e-03
-2.3135e-03
-2.6915e-03
-2.6433e-03
-2.1283e-03
-2.3063e-03
-2.5924e-03
-2.5197e-03
-2.4688e-03
-2.8262e-03
-3.0864e-03
-2.9768e-03
-3.0567e-03
-3.6519e-03
-4.0026e-03
-3.8785e-03
-3.9797e-03
-3.9012e-03
-3.3196e-03
-3.1585e-03
-3.1008e-03
-2.7119e-03
-2.4749e-03
-2.2572e-03
-1.8260e-03
-1.5916e-03
-1.5291e-03
-1.4810e-03
-1.6028e-03
-1.6509e-03
-1.5114e-03
-1.3732e-03
-1.4075e-03
-1.3106e-03
-9.9230e-04
-6.0837e-04
-2.6445e-04
2.7808e-05
4.6251e-04
8.0368e-04
9.8115e-04
9.7959e-04
8.7840e-04
7.8285e-04
6.1780e-04
2.6563e-04
-1.1452e-05
-2.5282e-04
-5.2955e-04
-6.1257e-04
-6.4686e-04
-6.6476e-04
-6.4722e-04
-6.1257e-04
-5.8526e-04
-5.1635e-04
-3.7759e-04
-2.2326e-04
-9.4997e-05
9.9435e-06
1.2291e-04
2.3113e-04
2.9820e-04
3.7221e-04
4.4615e-04
4.7661e-04
4.9130e-04
4.8373e-04
4.5567e-04
4.2854e-04
3.8859e-04
3.5891e-04
3.3061e-04
3.1265e-04
3.1691e-04
3.2856e-04
3.3692e-04
3.5133e-04
3.7088e-04
3.8213e-04
3.8065e-04
3.7597e-04
3.6261e-04
3.4606e-04
3.3557e-04
3.2648e-04
3.1583e-04
3.0475e-04
2.9365e-04
2.8229e-04
2.7069e-04
2.5896e-04
2.4729e-04
2.3583e-04
2.2323e-04
2.0993e-04
1.9666e-04
1.8340e-04
1.7017e-04
1.5695e-04
1.4341e-04
1.2978e-04
1.1605e-04
1.0226e-04
8.8491e-05
7.4754e-05
6.1009e-05
4.7205e-05
3.3335e-05
1.9396e-05
5.3872e-06
-8.6853e-06
-2.2816e-05
-3.7000e-05
