5.7024e-05
5.7274e-05
5.7490e-05
5.7681e-05
5.7879e-05
5.8070e-05
5.8278e-05
5.8512e-05
5.8632e-05
5.8706e-05
5.8897e-05
5.9066e-05
5.9349e-05
5.9702e-05
5.9701e-05
5.9846e-05
5.9801e-05
5.9377e-05
5.9329e-05
5.9432e-05
5.9413e-05
6.0030e-05
6.0217e-05
5.9655e-05
6.0700e-05
6.0680e-05
5.9708e-05
6.0568e-05
5.9322e-05
5.8035e-05
6.0322e-05
6.1020e-05
5.9936e-05
5.9395e-05
5.8417e-05
5.9709e-05
6.0925e-05
5.9880e-05
5.8267e-05
5.7542e-05
5.8235e-05
5.7570e-05
5.7622e-05
5.8202e-05
6.0067e-05
6.2593e-05
5.9016e-05
5.6596e-05
5.9215e-05
6.1745e-05
6.0548e-05
5.6298e-05
5.6924e-05
5.6901e-05
5.5855e-05
5.7309e-05
5.5409e-05
5.7584e-05
5.5874e-05
4.8977e-05
5.2711e-05
5.5616e-05
5.6176e-05
5.8492e-05
6.0556e-05
5.7086e-05
5.0292e-05
5.1889e-05
5.0573e-05
5.2929e-05
5.6828e-05
4.8678e-05
5.0241e-05
5.5443e-05
5.0125e-05
4.6960e-05
4.6493e-05
4.2249e-05
4.3103e-05
4.8709e-05
4.2852e-05
4.2242e-05
5.1801e-05
4.4364e-05
4.5947e-05
5.3156e-05
4.4355e-05
4.7969e-05
4.4265e-05
3.4986e-05
4.5903e-05
5.1328e-05
3.9854e-05
3.4189e-05
4.1853e-05
4.6506e-05
5.9940e-05
5.6816e-05
3.8314e-05
4.3053e-05
2.9822e-05
2.4465e-05
3.8788e-05
3.3549e-05
3.0950e-05
2.9090e-05
2.7837e-05
2.4797e-05
2.8668e-05
3.9006e-05
3.6250e-05
3.1643e-05
3.0837e-05
3.1353e-05
2.6460e-05
2.8029e-05
2.7787e-05
2.1663e-05
3.3381e-05
3.4929e-05
1.7328e-05
3.1591e-05
3.3528e-05
2.2406e-05
2.5881e-05
1.1213e-05
2.3352e-05
1.9399e-05
3.4372e-06
1.3896e-05
2.8858e-05
2.6329e-05
2.4244e-05
3.9515e-05
-7.8686e-06
-1.8352e-05
4.7284e-08
7.8834e-06
4.8157e-05
4.4531e-05
3.2194e-05
3.6636e-06
-1.6097e-05
-2.0753e-05
-3.5524e-06
4.1914e-05
3.4075e-05
2.7293e-05
2.8675e-05
2.7472e-05
1.5468e-05
-7.5149e-06
-1.0256e-05
-9.8624e-06
-8.2222e-06
-8.8699e-07
-1.7625e-06
-2.2689e-05
2.6012e-06
7.8998e-06
-3.2322e-06
2.2060e-05
-1.8485e-05
-3.3187e-05
-9.7387e-06
-1.5033e-05
2.6178e-05
3.9432e-05
-2.4662e-05
-5.1280e-05
-1.1971e-05
-1.8416e-05
-2.3899e-05
1.7203e-05
1.3343e-05
-2.8517e-06
-7.5953e-06
-9.6044e-08
7.3128e-06
2.7807e-06
-1.4218e-05
-4.9128e-05
-6.2366e-05
-7.0872e-05
-3.1496e-05
1.5464e-05
3.6316e-05
2.3733e-05
-3.8061e-05
-4.1512e-05
-7.4241e-05
-7.5561e-05
5.2284e-06
3.3032e-05
3.6312e-05
-2.1356e-05
-7.4560e-05
-6.5622e-05
-3.1999e-05
-1.5196e-06
-5.4979e-06
1.2746e-05
-2.3046e-05
-6.4213e-05
-6.7263e-05
-3.6592e-05
5.6663e-05
4.9832e-05
-1.0961e-05
-9.4956e-05
-1.1747e-04
-6.2936e-05
-8.3211e-05
1.7659e-06
6.2778e-05
-1.3484e-05
-4.2311e-05
-4.4675e-05
-1.6959e-05
-1.3856e-05
-2.2640e-05
-5.5761e-06
-4.8420e-05
-6.2388e-05
-4.9206e-05
-2.9085e-05
4.5261e-05
1.7035e-06
-7.6035e-05
-3.2250e-05
-5.5797e-05
-6.5672e-05
-2.8512e-05
-6.1064e-05
-1.9761e-05
5.4105e-06
-1.1283e-05
-2.7301e-05
-1.0100e-04
-9.8132e-05
-6.9993e-05
-3.4298e-05
1.4284e-05
-6.5446e-06
-2.3931e-05
-5.3903e-05
-1.1353e-04
-7.4523e-05
-3.2631e-06
-3.5977e-05
5.7548e-06
3.2626e-05
-6.1609e-05
-3.6841e-05
-5.5832e-05
-1.0295e-04
-3.9747e-05
-3.7188e-05
-6.3295e-05
-4.8506e-05
-5.4409e-05
-7.2576e-05
-4.5304e-05
-3.6863e-05
-2.6979e-05
-4.6121e-05
-1.1611e-04
-7.3197e-05
-8.2795e-06
2.0480e-05
-2.1702e-06
-8.7219e-05
-1.1151e-04
-9.9119e-05
-4.6125e-05
2.4280e-05
-2.3114e-05
-4.1838e-05
-7.3662e-07
-5.1011e-05
-8.0190e-05
-1.2450e-04
-1.1033e-04
6.4095e-06
9.3747e-06
7.8918e-07
-4.3285e-05
-1.0784e-04
-8.4056e-05
-4.3254e-05
-1.5351e-05
-2.9197e-05
-1.8431e-05
-4.9604e-05
-8.1236e-05
3.7062e-06
-4.6558e-06
-7.8689e-05
-8.0416e-05
-4.8733e-05
-1.2565e-05
-1.6189e-05
-5.4268e-05
-3.4657e-05
1.0085e-05
-7.0928e-05
-9.1636e-05
-2.4389e-05
-1.6011e-05
-1.8399e-05
-8.7706e-05
-5.7073e-05
4.8732e-05
2.3422e-05
-2.0199e-05
-2.1280e-05
-7.4625e-05
-1.2619e-04
-1.2820e-04
-1.3278e-04
1.0970e-05
5.0051e-05
-1.1857e-04
-6.6666e-05
7.0747e-05
9.0342e-05
2.3282e-05
-1.1624e-04
-2.3856e-04
-1.1305e-04
1.5990e-04
9.2333e-05
-1.0349e-04
-1.3014e-04
-5.7279e-05
3.8200e-05
-4.2296e-05
-1.0961e-04
-4.2926e-05
5.7885e-06
5.3025e-05
8.3262e-05
-3.8147e-05
-2.2223e-04
-1.7141e-04
-5.1270e-05
9.6398e-06
1.0432e-04
4.2707e-05
-8.1624e-05
-5.9164e-05
-3.2956e-05
-6.2369e-05
3.2118e-06
-2.2996e-05
-1.5771e-04
-3.8337e-05
7.5573e-05
-2.3880e-05
-2.9786e-06
2.2193e-06
-6.7487e-05
-3.5787e-05
-1.0486e-04
-7.0207e-05
4.6797e-05
-1.4483e-05
7.1605e-05
5.9682e-05
-1.5977e-04
-6.0843e-05
1.1013e-04
-2.4589e-05
-1.4895e-04
-8.2462e-05
-1.4296e-05
4.9066e-05
6.3625e-05
-6.0998e-05
-1.1991e-04
-6.1484e-05
-2.9156e-06
4.9660e-05
2.3695e-05
-6.9999e-05
-9.0898e-05
3.4747e-05
1.0427e-04
-9.1484e-06
-2.5670e-05
-6.0231e-05
-1.0678e-04
4.8205e-05
1.0453e-04
5.0232e-05
-1.2186e-04
-1.0206e-04
6.6735e-05
-1.0110e-04
-5.8142e-05
-1.3215e-05
3.2977e-06
1.3775e-04
-2.5460e-04
-2.4263e-04
1.7392e-04
1.2928e-04
1.7833e-05
-7.5183e-05
-3.9329e-05
-5.3164e-05
-1.1182e-06
1.3842e-04
-3.5162e-05
-3.3441e-05
-3.5022e-05
-8.9446e-05
7.0193e-05
8.3963e-05
-2.2443e-05
-4.5330e-05
-4.5829e-05
-1.1483e-04
9.0917e-05
7.4817e-06
-2.7163e-04
6.2250e-05
8.8925e-05
1.2633e-04
1.8599e-04
-2.7029e-04
-2.2978e-04
4.8596e-05
1.1325e-04
1.6626e-05
-3.1675e-05
-2.0969e-05
-1.4939e-04
7.3250e-05
1.0110e-04
-9.9858e-05
2.6752e-05
-4.9022e-05
-2.6592e-05
1.7143e-04
-6.4432e-06
-1.3346e-04
-6.0541e-05
-8.3711e-05
1.7965e-06
9.0728e-05
-2.4095e-05
6.8064e-05
1.6787e-04
-9.5816e-05
-2.0249e-04
-7.9417e-05
-3.4713e-05
3.5718e-06
9.5791e-05
1.0973e-04
-1.2657e-05
-6.8740e-05
-5.8244e-05
2.4167e-05
6.0893e-05
-6.8888e-05
-4.8055e-05
7.6217e-06
-1.9739e-05
8.2341e-05
1.2059e-04
-2.9197e-07
-7.9104e-05
-1.2691e-04
-1.1155e-04
5.1379e-05
9.3116e-05
3.9337e-06
5.0242e-05
5.1579e-05
-9.3476e-06
3.4792e-05
-4.2714e-05
-1.1803e-04
-3.8229e-05
-3.4174e-05
3.3935e-05
8.8422e-05
-3.7775e-06
1.0739e-05
1.6105e-05
-4.3603e-05
-6.0135e-05
-2.3009e-05
2.3602e-05
-2.2971e-05
1.1233e-05
2.5693e-05
-3.0539e-05
5.9775e-05
6.4836e-05
-5.0699e-05
-4.2638e-05
-1.4874e-05
-5.8947e-05
2.2823e-05
1.0637e-04
-1.2954e-05
-4.3134e-05
-3.5820e-05
-1.1019e-04
-3.6636e-05
3.2841e-05
2.2140e-05
5.6610e-05
6.2631e-05
1.0887e-06
-2.7935e-05
-3.1543e-06
1.7543e-06
-1.4599e-06
6.2356e-06
7.0757e-06
-9.1531e-06
4.5944e-05
6.9729e-05
-4.5575e-05
-9.2228e-05
-5.1445e-05
1.3461e-05
2.7799e-05
4.4288e-05
2.9380e-05
-5.6813e-05
-6.3470e-06
1.4468e-05
2.8098e-05
7.0857e-05
-7.2797e-05
-1.7818e-04
-1.0002e-04
-7.7171e-06
1.2403e-04
2.2969e-04
3.7583e-05
-7.7958e-05
3.2865e-05
-5.3199e-05
-2.8381e-05
9.3964e-05
-5.0260e-05
-7.7335e-05
3.4495e-05
-4.0518e-05
-1.9712e-05
1.2883e-04
8.2730e-05
-1.9722e-05
-3.9665e-05
-6.8609e-05
-5.5605e-05
1.0754e-05
2.7155e-05
4.3599e-05
4.6259e-05
-5.0657e-07
-4.2122e-05
-2.9534e-05
6.8746e-05
9.7375e-05
3.7407e-05
-1.4917e-05
-2.7944e-05
1.8894e-06
7.1594e-06
-7.5343e-06
-4.0713e-05
-1.9400e-05
5.4222e-05
5.3439e-05
5.6764e-06
-2.3423e-05
-5.4759e-05
-5.2174e-05
3.0682e-05
5.7818e-05
7.3830e-05
1.2033e-04
5.4056e-05
-2.2909e-05
-1.2048e-05
-4.9858e-06
1.9918e-05
2.0744e-05
-8.7889e-05
-4.3104e-05
2.2999e-05
-3.7297e-05
9.2537e-05
1.1139e-04
-4.5018e-05
-4.8611e-05
-3.7282e-05
-4.9194e-05
3.0188e-05
8.8818e-05
-4.7713e-06
-1.2014e-05
4.2688e-05
2.9903e-06
1.2097e-05
2.0664e-05
-6.7365e-06
-5.5605e-05
-3.0746e-05
3.5772e-05
2.1412e-05
7.7296e-05
8.0146e-05
-1.6626e-05
-3.0542e-05
-2.6841e-05
-3.6983e-05
-1.8434e-05
-8.4292e-07
2.9453e-06
3.2799e-05
2.7703e-05
2.4006e-05
1.4006e-05
-1.2853e-05
3.6484e-05
-4.2587e-06
-1.0441e-05
6.0029e-05
3.7548e-06
1.5031e-05
7.2511e-05
2.3858e-05
-1.2307e-05
-1.0170e-05
-7.1431e-05
-5.3709e-05
4.3743e-05
9.1308e-06
1.1477e-05
5.5424e-05
-6.3488e-06
-4.1686e-06
7.7246e-05
4.3052e-05
-4.5291e-05
9.7558e-06
3.4805e-05
-3.1331e-05
1.4136e-06
2.5280e-05
-4.4429e-05
-3.5689e-05
1.6394e-05
-3.8610e-05
-1.6042e-05
7.3688e-05
1.4655e-05
-1.3374e-05
5.8575e-05
3.6843e-05
9.0245e-06
5.8744e-05
3.6836e-05
-4.3122e-05
-4.7011e-05
-9.8627e-06
-2.7608e-05
6.3623e-06
6.9474e-05
3.3057e-05
3.9431e-05
6.2962e-05
-1.3520e-05
-6.4098e-05
-2.6162e-05
-2.5649e-05
-2.1101e-05
8.9192e-05
5.4255e-05
-2.3473e-05
3.6498e-05
-4.2828e-05
-7.1688e-05
3.5090e-05
2.2912e-06
3.2857e-05
8.1059e-05
-9.6488e-06
6.0022e-05
7.8429e-05
-3.9797e-05
3.8881e-06
-3.8753e-05
-8.3224e-05
-8.4192e-06
9.5634e-06
4.9622e-05
3.6189e-05
-3.8261e-06
2.0330e-05
-1.0058e-05
-2.6295e-05
2.4310e-05
-7.2090e-06
-2.2163e-05
2.5262e-05
1.4458e-05
2.7151e-05
1.7535e-05
-6.7399e-06
1.1594e-06
8.8721e-06
9.4203e-05
6.1616e-05
-4.6744e-05
-2.6028e-05
-4.6206e-05
5.1832e-06
8.0455e-05
3.0077e-05
1.3168e-05
-2.4095e-05
-1.8939e-05
-2.0512e-05
-2.8505e-05
5.8554e-05
1.1138e-06
-7.6646e-06
3.3455e-05
-3.4336e-05
-1.4238e-06
4.7159e-06
1.5797e-05
4.0636e-05
9.9169e-06
2.1934e-05
-7.6303e-06
5.3006e-05
6.8174e-05
-1.4974e-05
1.4209e-05
-3.2977e-05
-3.0810e-06
4.9603e-05
1.3802e-06
3.9536e-05
-1.6903e-05
-5.3622e-05
-1.0533e-05
-1.0631e-05
1.1489e-05
-8.6862e-06
5.7875e-05
8.4112e-05
-4.9720e-06
1.8219e-05
-4.1812e-05
-6.6162e-05
3.1781e-05
1.9508e-05
2.8198e-05
3.0874e-05
-1.1576e-05
-6.1118e-05
-3.4474e-05
4.2822e-05
6.0701e-06
-1.3290e-06
1.9753e-06
-1.3138e-05
-2.8151e-06
-1.0381e-05
-1.1436e-05
1.9268e-05
3.6730e-05
-2.6891e-08
2.4381e-05
-1.1380e-05
-2.6960e-05
1.7580e-05
-2.9281e-05
2.6381e-06
2.6543e-05
4.8852e-05
7.4078e-05
2.8458e-05
-6.0397e-06
-5.3134e-05
-3.7796e-05
3.3483e-06
3.6874e-05
4.7523e-05
1.0235e-05
-2.8654e-06
2.9947e-06
-3.1325e-05
-4.7045e-05
2.4301e-05
5.0399e-05
3.3112e-05
1.9009e-05
-1.7967e-06
-3.1801e-05
-5.2014e-05
-3.9358e-05
-9.9356e-06
4.8727e-05
2.9846e-05
-3.7716e-06
3.9082e-06
-3.3377e-05
-6.0342e-05
-2.2425e-05
3.4945e-06
-1.3748e-05
-1.9330e-05
-2.6667e-05
1.6103e-05
3.6544e-05
2.1032e-05
4.1665e-05
-3.5201e-06
-2.4511e-05
-1.0423e-05
-5.2307e-05
-3.1042e-05
-5.4173e-07
3.7193e-05
1.1346e-04
5.7435e-05
-4.3199e-06
-2.8050e-05
-9.5008e-05
-5.5792e-05
2.1645e-05
1.4297e-05
-1.0773e-05
3.2620e-05
4.8353e-05
1.6435e-05
3.6985e-05
-3.3854e-05
-9.0512e-05
-1.5154e-05
-1.9889e-05
-3.9513e-05
3.4105e-05
3.9435e-05
-1.7381e-07
3.9008e-05
1.9892e-05
-1.7496e-05
1.0622e-05
5.1963e-07
-1.5980e-05
5.9517e-06
1.8560e-05
-3.2181e-05
-1.3046e-05
3.0858e-05
1.5533e-05
2.7643e-05
2.0675e-05
1.3801e-05
3.3131e-06
-6.9837e-06
-3.6790e-05
-3.1317e-05
-4.4970e-06
-4.7901e-05
-1.2391e-05
-2.7387e-05
-5.9864e-05
9.2899e-06
6.8682e-06
-1.1090e-05
-8.1704e-06
-1.0789e-05
-4.5491e-06
1.7197e-05
5.4125e-05
1.4776e-05
-7.8253e-06
2.0752e-05
-6.8789e-05
-6.5738e-05
1.0059e-05
-3.8406e-05
-3.5858e-06
1.0247e-05
-2.1866e-05
-2.3385e-05
-7.0701e-06
1.3256e-05
-2.6436e-05
2.6081e-05
2.0931e-05
1.0526e-06
6.4827e-06
-2.1766e-05
-2.2544e-05
-4.2536e-05
-1.7552e-06
-1.1302e-05
2.0468e-05
1.5840e-05
-7.1076e-06
3.6615e-05
-1.2700e-05
-1.9722e-06
-8.7109e-06
-3.4486e-05
-3.0895e-05
-2.8354e-05
-3.8880e-05
-5.1859e-05
3.1174e-05
2.0679e-05
-1.6121e-05
2.2948e-06
-7.6560e-05
-5.5455e-05
2.9323e-05
4.0663e-05
3.9641e-05
1.8390e-05
1.1268e-05
-4.2387e-05
-2.7041e-05
-3.3113e-05
-6.6222e-05
-1.8954e-05
-1.8642e-05
-6.3651e-06
-3.8714e-06
2.0596e-05
-3.7248e-06
-6.1938e-06
2.9775e-06
-4.8916e-05
-1.8327e-05
2.0993e-06
1.4292e-05
1.5289e-05
2.0174e-05
1.0242e-05
-2.6275e-07
-1.6013e-05
-5.8679e-05
-3.5893e-05
-4.1203e-05
-4.6581e-05
-4.9113e-05
-5.6166e-05
-3.4245e-05
9.6890e-06
3.2226e-05
9.9486e-06
-1.0209e-05
-6.7565e-05
-5.5782e-05
-1.8406e-05
-3.0194e-05
-7.6344e-06
3.8179e-05
4.8067e-05
-2.6535e-05
-7.2276e-05
-3.5221e-05
5.6672e-06
-7.4392e-06
8.7973e-06
9.7014e-07
-1.6831e-05
1.9906e-05
-6.1276e-05
-9.3403e-05
-1.2516e-05
-9.3342e-06
1.8617e-06
1.3337e-05
-3.2430e-06
-1.8074e-05
-4.3896e-05
-5.3262e-05
-6.3900e-05
-4.8925e-05
-2.6774e-05
-1.0965e-05
1.4664e-05
2.5513e-05
1.1289e-05
-3.3206e-05
-3.2361e-05
-3.2377e-05
-1.0739e-05
-3.4010e-05
-4.4253e-05
9.3192e-06
-5.2821e-05
-3.3142e-05
1.3910e-05
1.9753e-05
3.6598e-05
3.8439e-05
1.3216e-05
-4.3839e-05
-1.9726e-06
-3.4615e-05
-2.9000e-05
3.4475e-05
-8.0701e-05
-7.7351e-05
-4.1598e-05
-6.9908e-05
9.5419e-06
-1.2507e-05
-5.4623e-05
-3.0863e-05
-5.8719e-05
-3.4851e-05
2.7471e-05
2.4886e-05
4.0494e-06
3.8544e-05
-1.2460e-05
-3.5569e-05
-4.2742e-06
-7.6156e-05
-4.9591e-05
1.8822e-05
-1.9685e-05
-5.2622e-05
-5.5284e-05
-4.5643e-05
1.1852e-05
7.0112e-05
3.9587e-05
-1.6680e-05
-2.2023e-05
-4.9572e-05
-1.1013e-04
-4.7845e-05
3.2852e-05
2.1108e-05
3.2890e-05
1.7542e-05
-7.9041e-05
-1.2651e-04
-7.3962e-05
-7.7965e-06
5.5087e-05
5.1612e-05
-3.8690e-05
-7.2532e-05
-9.1631e-05
-1.2265e-04
-5.6175e-08
9.2493e-05
3.5950e-05
3.7815e-05
-3.4677e-07
-5.3364e-05
-4.6171e-05
-6.3153e-05
-6.1515e-05
-5.2278e-05
-8.0007e-05
-1.1391e-04
-4.3444e-05
3.3451e-05
5.6659e-05
5.6380e-05
9.3306e-06
-3.4773e-05
-1.2148e-04
-1.3194e-04
-6.8138e-05
-1.9234e-05
-3.6340e-07
-3.3174e-05
8.3132e-06
2.5898e-05
-3.3725e-06
-2.8359e-05
-3.9106e-05
-2.9002e-05
-9.1242e-05
-7.8421e-05
-4.5410e-05
-3.1014e-05
5.0468e-05
5.0992e-05
2.8969e-05
-1.0409e-05
-7.8220e-05
-8.7669e-05
-7.5882e-05
-3.4088e-05
5.7657e-07
-3.9926e-05
-6.1984e-05
-3.4927e-05
-5.6572e-05
-7.2266e-05
-6.5836e-05
-4.3819e-05
1.9284e-05
1.8596e-05
-7.9778e-06
-3.5563e-05
-7.3395e-05
-3.8311e-05
-2.5265e-05
-2.3621e-05
2.1847e-05
1.3849e-05
-3.5226e-05
-6.2030e-05
-7.4666e-05
-5.7497e-05
-3.4752e-05
-3.7552e-05
-2.2272e-05
-4.6705e-05
-1.9683e-05
1.9058e-05
-4.1676e-05
-1.8096e-05
-2.6491e-06
-3.9282e-05
-1.9984e-05
-3.5640e-05
-2.8873e-05
-3.0566e-06
-2.8712e-05
-9.5083e-06
-1.5930e-05
-6.8918e-05
-2.8494e-05
-2.3861e-05
-4.5389e-05
-3.3220e-05
-7.9089e-05
-5.2009e-05
6.5250e-06
-1.0857e-05
-4.2517e-05
-8.6946e-05
-8.5463e-05
-2.1263e-05
-2.3243e-05
-3.3004e-05
4.9337e-05
1.3459e-05
-5.8300e-05
-1.8297e-05
-3.0594e-05
-3.9716e-05
-3.4567e-05
-4.0408e-05
-3.9740e-06
-1.7064e-05
-4.6756e-05
-4.8397e-05
-4.6575e-05
-3.1681e-05
-1.4432e-05
-2.2468e-06
-2.3045e-05
-5.2362e-05
-6.3938e-05
-5.2237e-05
-2.3101e-06
1.6043e-05
-1.4665e-05
-3.7331e-05
-3.2671e-05
-4.7286e-05
-1.1416e-04
-9.2574e-05
-8.7573e-06
-1.8288e-05
1.1787e-05
2.7838e-05
-2.7763e-05
-1.8390e-05
-3.7001e-05
-4.5219e-05
-1.5341e-05
-5.3719e-05
-5.6552e-05
-9.5999e-06
-2.7127e-05
-3.4183e-05
-1.6642e-05
-2.9540e-05
-3.0632e-05
-4.3902e-05
-2.9974e-05
-1.5084e-05
-4.5218e-05
-1.8783e-05
2.1405e-05
-1.4541e-05
-1.5572e-05
-1.1289e-05
-8.3804e-05
-5.9508e-05
-1.4964e-05
-4.4805e-05
-1.3282e-05
1.7633e-05
-3.4172e-05
-4.0367e-05
-1.3951e-05
-7.9555e-05
-6.1663e-05
-2.2286e-05
-8.7435e-05
-5.8124e-05
-4.5310e-06
1.3682e-07
3.6076e-05
3.3310e-05
-2.3678e-05
-3.3596e-05
-3.6812e-05
-6.0969e-05
-3.9657e-05
-3.0383e-05
-3.3518e-05
-4.6190e-05
-4.8425e-05
-1.4052e-05
-1.2063e-05
-3.7638e-05
-4.5394e-05
-5.4691e-05
-8.2904e-05
-5.2807e-05
-4.0402e-05
-2.6415e-05
4.1771e-05
6.8214e-06
-3.2633e-05
-2.1917e-05
-5.1943e-05
-4.9469e-05
2.4956e-06
1.0740e-05
-2.6612e-05
-2.6858e-05
-1.4087e-05
-3.6468e-05
-5.8661e-05
-5.0261e-05
-5.7509e-05
-5.8050e-05
-9.9369e-06
-9.2962e-06
-2.5980e-05
-1.6581e-05
-2.3050e-05
-9.1014e-06
6.1761e-06
-3.2748e-05
-6.3262e-05
-5.8239e-05
-5.0182e-05
-2.8794e-05
-3.0631e-05
-1.5483e-05
-1.1704e-05
-1.4446e-05
2.0119e-06
-6.3610e-05
-7.6560e-05
-3.0876e-05
-3.4040e-05
-1.2105e-05
-1.6228e-05
-9.5964e-05
-8.7861e-05
-2.1227e-05
-7.2267e-05
-5.1897e-05
-2.0679e-05
-8.2884e-05
-3.4129e-05
4.3933e-06
-4.5746e-05
-4.2996e-05
-3.7764e-06
-2.6273e-05
-2.9321e-05
2.6478e-06
-5.7369e-05
-4.6248e-05
1.6903e-06
-7.0868e-05
-7.1528e-05
-5.7700e-06
-2.0719e-05
-2.8931e-05
1.7079e-05
4.4815e-06
-1.2854e-05
6.2036e-05
8.3232e-05
5.6153e-05
7.7668e-05
1.5236e-05
-1.0885e-04
-1.7931e-04
-2.5162e-04
-3.0893e-04
-2.6807e-04
-1.9281e-04
-1.8804e-04
-1.9229e-04
-1.5445e-04
-1.0236e-04
-4.0911e-05
4.7743e-05
1.5108e-04
1.8216e-04
1.2934e-04
5.0378e-05
3.2017e-05
7.4962e-05
-1.0786e-04
-4.0046e-04
-3.9836e-04
-3.8409e-04
-3.9450e-04
-1.1318e-04
2.8435e-04
5.7902e-04
6.1942e-04
5.6576e-04
4.0113e-04
1.7629e-05
-1.1495e-04
2.7719e-05
2.4547e-07
-2.1626e-04
-3.5811e-04
-3.4185e-04
-2.8036e-04
-3.8767e-04
-4.8962e-04
-3.1959e-04
-1.0398e-04
2.5262e-04
6.5936e-04
9.1223e-04
1.1047e-03
9.4246e-04
3.3514e-04
-5.1852e-04
-1.0770e-03
-1.0578e-03
-6.5223e-04
1.6564e-04
5.3535e-04
1.9958e-04
1.9885e-05
-1.5073e-04
-4.3022e-04
-9.7280e-04
-1.0391e-03
7.4197e-05
7.0586e-04
8.7002e-04
7.7100e-04
-2.8811e-04
-1.1015e-03
-1.2755e-03
-1.0058e-03
-4.8901e-04
5.3113e-05
7.1031e-04
1.0278e-03
9.3392e-04
4.7402e-04
5.4111e-05
-1.1328e-04
-5.7046e-04
-1.0494e-03
-7.1055e-04
5.4215e-04
1.3911e-03
8.4625e-04
-1.2430e-04
-6.4538e-04
-1.0574e-03
-1.2303e-03
-7.5143e-04
-2.1431e-05
5.2504e-04
6.9277e-04
5.5100e-04
7.2005e-05
-8.3024e-04
-1.3330e-03
-8.4368e-04
-1.3721e-04
-3.8404e-04
-7.2002e-04
-1.5072e-04
-1.7237e-04
-4.0548e-04
4.9688e-04
8.0290e-04
-9.3708e-05
-9.2464e-05
3.9073e-04
-1.5791e-04
-1.8383e-04
2.9745e-04
2.7883e-04
7.8251e-04
8.6146e-04
-2.1865e-04
-8.1780e-04
-1.9821e-04
9.0579e-04
1.6902e-03
1.6891e-03
1.1660e-03
1.0568e-03
1.3118e-03
1.8651e-03
2.1274e-03
9.0493e-04
-5.2827e-04
-1.0619e-03
-1.4845e-03
-2.2655e-03
-2.7418e-03
-2.3436e-03
-1.7618e-03
-9.8197e-04
3.5703e-04
1.6092e-03
2.1529e-03
2.1389e-03
2.4444e-03
2.5450e-03
1.3773e-03
1.0155e-05
-9.5724e-04
-1.9078e-03
-2.3736e-03
-2.0718e-03
-1.2700e-03
-4.2467e-04
6.3690e-04
1.6681e-03
2.3579e-03
3.2375e-03
2.6471e-03
3.8431e-04
-8.0798e-04
-1.3967e-03
-2.4488e-03
-2.8124e-03
-2.5913e-03
-2.4615e-03
-2.2255e-03
-1.3870e-03
-2.7930e-04
-2.7992e-04
-2.3243e-04
5.6821e-04
5.7989e-04
3.7601e-04
-2.6534e-04
-6.0434e-04
1.1167e-03
2.7633e-03
2.4232e-03
2.9771e-04
-1.9486e-03
-3.0487e-03
-2.9227e-03
-1.4598e-03
-1.4508e-04
8.5728e-04
2.1600e-03
2.9174e-03
3.3729e-03
3.0410e-03
1.1247e-03
-1.2259e-03
-1.9641e-03
-5.6993e-04
2.0890e-04
-5.4909e-04
-1.0446e-03
-1.0860e-03
-8.4188e-04
-2.5872e-04
9.5317e-04
1.8455e-03
1.4609e-03
2.5218e-03
4.6933e-03
4.3235e-03
1.4827e-03
-1.8897e-03
-3.2058e-03
-1.7280e-03
3.6186e-04
1.5545e-03
1.4143e-03
1.3719e-03
1.8197e-03
1.9860e-03
2.1616e-03
8.1752e-04
-1.1764e-03
-1.3846e-03
-7.7704e-04
-5.3823e-04
-1.2079e-03
-2.2726e-03
-3.0472e-03
-3.3942e-03
-2.7962e-03
-1.4684e-03
6.5064e-04
2.5777e-03
2.2074e-03
5.7390e-04
-6.2077e-04
-2.0655e-03
-2.9988e-03
-2.2069e-03
-6.3629e-04
9.9926e-04
2.1758e-03
2.2972e-03
1.2384e-03
-6.9439e-04
-2.4024e-03
-2.6599e-03
-1.2039e-03
6.1213e-04
1.8098e-03
2.7065e-03
2.6087e-03
9.9733e-04
-7.2868e-04
-2.0377e-03
-2.7933e-03
-2.7191e-03
-2.9262e-03
-2.5065e-03
-1.2576e-03
-1.4444e-03
-2.0004e-03
-1.6573e-03
-1.4935e-03
-1.6230e-03
-5.3033e-04
2.3099e-03
4.0108e-03
3.7773e-03
3.2654e-03
1.2283e-03
-1.0276e-03
-1.1885e-05
2.5192e-03
3.5392e-03
2.9436e-03
1.6449e-03
6.1803e-04
2.9981e-04
4.8817e-04
7.7862e-04
1.5193e-03
3.6164e-03
6.0355e-03
6.2300e-03
3.4108e-03
-1.8832e-04
-2.0926e-03
-2.3801e-03
-1.0926e-03
9.8191e-04
1.1201e-03
3.9485e-04
7.4187e-04
3.4373e-04
-9.9436e-04
-1.1756e-03
-3.1377e-04
7.7402e-06
-2.8112e-04
-1.6075e-03
-4.0668e-03
-5.4082e-03
-4.7121e-03
-3.2158e-03
-1.8628e-03
5.7708e-04
3.9104e-03
5.4705e-03
4.8240e-03
2.2078e-03
-7.1961e-04
-2.1635e-03
-2.2951e-03
-7.5690e-04
-5.0807e-05
-1.6496e-03
-3.7969e-03
-6.1923e-03
-7.3990e-03
-7.5532e-03
-6.6458e-03
-3.1853e-03
-3.7060e-04
6.5003e-04
1.2718e-03
1.1055e-03
4.8766e-04
1.7359e-04
2.1471e-03
5.3048e-03
6.5024e-03
6.5910e-03
5.9488e-03
4.1647e-03
2.1121e-03
-7.8958e-04
-2.9058e-03
-1.4193e-03
6.0512e-04
3.4946e-04
-1.3199e-05
1.2722e-03
1.7042e-03
-8.8916e-04
-3.3637e-03
-5.6285e-03
-8.3234e-03
-7.1299e-03
-3.1141e-03
-1.8557e-04
9.4263e-04
1.0715e-03
3.1069e-03
6.0397e-03
5.8076e-03
2.8611e-03
1.5697e-03
4.0301e-03
5.6687e-03
5.8681e-03
7.5194e-03
7.4787e-03
5.5690e-03
3.5104e-03
1.4721e-03
-5.3346e-04
-3.6474e-03
-5.5187e-03
-5.6558e-03
-4.9623e-03
-4.1196e-03
-4.7559e-03
-2.4690e-03
1.9777e-03
2.0987e-03
2.7749e-04
-4.0430e-04
-1.5393e-03
-3.4672e-03
-3.9326e-03
-1.4015e-03
9.2458e-04
1.8900e-03
3.9426e-03
4.9400e-03
3.7168e-03
2.1219e-03
1.2390e-03
2.7534e-03
4.0471e-03
3.1806e-03
2.1858e-03
4.8445e-05
-2.5414e-03
-4.1136e-03
-4.7838e-03
-3.3195e-03
-7.4066e-04
1.7045e-03
2.8599e-03
2.2457e-03
-3.3392e-05
-6.0179e-03
-1.1205e-02
-9.8595e-03
-4.9124e-03
-2.8269e-04
3.7590e-03
6.5976e-03
5.9448e-03
3.5291e-03
1.9688e-03
-1.3649e-04
-2.7667e-03
-1.9613e-03
1.6390e-03
2.0164e-03
6.9611e-05
-1.1877e-03
-1.4192e-03
-2.6292e-04
1.9658e-03
3.2706e-03
1.0784e-04
-2.8482e-03
-2.7597e-03
-2.7660e-03
-9.5438e-04
2.2739e-03
6.0544e-03
9.1801e-03
1.0255e-02
1.0607e-02
8.1723e-03
2.7493e-03
-1.9200e-03
-2.9745e-03
-2.6077e-03
-3.8915e-03
-3.1936e-03
-7.6076e-04
-1.0920e-03
-1.6968e-03
-1.3846e-03
-2.9865e-03
-5.4041e-03
-5.7576e-03
-3.1276e-03
-4.2516e-04
1.0249e-03
3.6403e-03
6.3307e-03
6.6632e-03
5.2128e-03
3.9896e-03
3.6270e-03
3.7677e-03
4.6663e-03
4.8526e-03
2.6344e-03
-5.1808e-04
-2.3769e-03
-2.2065e-03
-1.1260e-03
-1.2609e-03
-3.0265e-03
-4.4593e-03
-3.7807e-03
-1.8087e-03
-8.2991e-05
3.0729e-04
4.8653e-05
1.1754e-03
1.8795e-03
2.0103e-03
3.4000e-03
2.2177e-03
-1.1034e-03
-1.7120e-03
4.5440e-04
3.5286e-03
4.7105e-03
4.5058e-03
3.4919e-03
7.1389e-04
-1.0372e-03
-2.2464e-03
-3.7966e-03
-4.2466e-03
-2.7090e-03
-4.8784e-04
-1.5036e-03
-3.8370e-03
-4.9163e-03
-5.0230e-03
-3.4476e-03
-1.8179e-03
-3.4868e-04
1.2517e-03
1.9279e-03
3.4698e-03
4.5681e-03
1.2649e-03
-2.7741e-03
-2.9388e-03
-2.8890e-03
-4.8650e-03
-4.3403e-03
-9.4451e-04
1.5566e-03
3.3822e-03
4.0696e-03
2.6271e-03
1.2802e-03
1.8098e-03
3.5285e-03
4.5341e-03
4.9525e-03
4.3685e-03
2.0879e-03
3.5391e-04
1.2579e-05
-4.0225e-04
-2.2418e-03
-3.5508e-03
-3.8325e-03
-5.8104e-03
-6.7049e-03
-5.6408e-03
-4.9442e-03
-3.1307e-03
-4.5513e-04
2.4648e-03
4.2792e-03
3.3056e-03
1.3187e-03
-9.9418e-04
-2.6101e-03
-2.0161e-03
1.3472e-03
5.0399e-03
4.1313e-03
1.9089e-03
1.7727e-03
9.7776e-04
-1.4375e-03
-5.3265e-03
-7.3111e-03
-6.0888e-03
-3.2305e-03
9.4709e-04
3.4967e-03
3.1248e-03
7.0038e-04
-2.3190e-03
-4.9259e-03
-6.3039e-03
-5.7728e-03
-4.7453e-03
-3.0755e-03
-2.3141e-03
-2.6539e-03
-1.7208e-03
-2.6596e-04
1.0579e-03
2.9307e-03
7.3969e-03
1.0647e-02
8.7321e-03
5.4583e-03
2.8512e-03
2.6205e-03
3.0136e-03
1.6171e-03
1.4059e-03
1.4024e-03
2.2343e-04
-1.2496e-03
-1.5090e-03
-2.1492e-04
-2.2404e-04
-3.1850e-04
-1.6722e-04
-2.5290e-03
-6.6516e-03
-9.7184e-03
-9.6059e-03
-9.6383e-03
-1.0556e-02
-8.3128e-03
-5.7797e-03
-4.5270e-03
-9.4451e-04
3.0830e-03
3.0608e-03
1.8064e-03
2.7805e-03
3.7406e-03
5.8534e-03
8.9418e-03
9.0530e-03
6.3220e-03
2.6597e-03
-8.1809e-04
-4.8889e-03
-6.6564e-03
-4.8165e-03
-5.3190e-03
-6.2120e-03
-3.9767e-03
-1.0229e-03
2.0125e-03
3.6958e-03
4.6485e-03
4.6928e-03
2.1342e-03
1.3992e-04
1.7367e-04
6.7982e-04
-4.5124e-04
-2.1867e-03
-2.1097e-03
-1.9802e-03
-8.2094e-04
1.9892e-03
3.1203e-03
1.3249e-03
-1.0915e-03
-7.7226e-04
2.9495e-04
-3.9899e-05
7.9513e-04
2.2326e-03
2.0838e-03
2.9957e-04
-2.4388e-03
-3.5837e-03
-2.3308e-03
-7.0433e-04
2.1593e-04
-3.1485e-04
-1.2216e-03
-1.9548e-03
-3.0765e-03
-2.4021e-03
-5.3140e-04
5.4346e-04
1.8698e-03
3.6718e-03
3.6440e-03
-3.8011e-04
-4.4110e-03
-5.0200e-03
-5.2823e-03
-5.2704e-03
-3.9946e-03
-1.9568e-03
2.9776e-03
9.7611e-03
1.3288e-02
1.2501e-02
1.0015e-02
5.8882e-03
1.4486e-03
-1.0058e-04
-1.4824e-03
-5.4217e-03
-9.1126e-03
-1.0939e-02
-1.1688e-02
-1.0721e-02
-6.7214e-03
-1.3382e-03
1.8370e-03
1.8864e-03
3.6085e-04
-1.5866e-03
-3.1000e-03
-3.4158e-03
-2.2774e-03
2.0438e-04
3.3857e-03
6.5891e-03
8.9530e-03
9.7726e-03
9.2829e-03
6.4853e-03
5.7676e-04
-4.7897e-03
-6.1261e-03
-3.3262e-03
2.3847e-03
6.4471e-03
5.2107e-03
4.9100e-05
-4.3255e-03
-4.6297e-03
-3.1395e-03
-5.7513e-04
2.3058e-03
3.8181e-03
5.2195e-03
4.0560e-03
1.2727e-03
1.4686e-03
3.9948e-03
7.9524e-03
1.0545e-02
7.8925e-03
1.7470e-03
-2.3932e-03
-2.2199e-03
-4.1580e-05
2.7528e-03
2.7762e-03
-1.3664e-03
-3.1356e-03
-1.5853e-03
-1.3443e-03
-1.4255e-03
6.1854e-06
8.4453e-04
1.6372e-03
4.8517e-03
7.8729e-03
9.7296e-03
1.1546e-02
1.2675e-02
1.2208e-02
6.6717e-03
-1.2722e-03
-5.4138e-03
-6.5401e-03
-5.8692e-03
-4.0652e-03
-2.4260e-03
-2.0787e-03
-3.4893e-03
-2.7405e-03
2.2933e-03
8.1572e-03
1.2165e-02
1.3397e-02
1.1884e-02
8.4014e-03
4.4889e-03
3.1146e-03
4.5303e-03
7.7153e-03
1.1836e-02
1.3679e-02
1.2867e-02
1.0820e-02
8.1121e-03
7.2767e-03
7.5314e-03
5.3717e-03
2.0430e-03
-3.3817e-05
-1.2980e-03
-3.0618e-03
-5.4504e-03
-6.9331e-03
-7.0115e-03
-5.0773e-03
-2.7782e-04
6.3106e-03
1.2795e-02
1.5780e-02
1.4838e-02
1.1741e-02
6.1098e-03
1.9186e-03
1.8025e-03
2.5360e-03
3.0324e-03
1.6301e-03
-1.2946e-03
-2.1350e-03
-2.0699e-03
-1.5525e-03
1.1542e-03
4.3946e-03
4.8233e-03
1.4583e-03
-2.6740e-03
-7.4750e-03
-1.3649e-02
-1.6930e-02
-1.6709e-02
-1.4950e-02
-1.2396e-02
-1.0606e-02
-8.7394e-03
-7.2245e-03
-8.0748e-03
-8.3807e-03
-5.6859e-03
-2.1608e-03
6.7827e-04
2.1728e-03
2.0464e-03
1.0994e-03
-1.0439e-03
-4.4555e-03
-8.1865e-03
-9.8834e-03
-8.3615e-03
-6.2087e-03
-3.8606e-03
-1.8800e-03
-1.3909e-03
-4.8507e-04
1.5112e-04
5.4056e-04
1.5372e-03
7.2215e-04
-2.1364e-03
-5.9294e-03
-9.1444e-03
-9.9978e-03
-7.7714e-03
-2.7586e-03
8.7304e-04
2.3743e-03
5.5451e-03
1.0361e-02
1.5816e-02
2.1813e-02
2.7643e-02
3.1246e-02
3.3254e-02
3.6482e-02
3.7980e-02
3.5179e-02
2.9047e-02
1.9273e-02
6.0749e-03
-7.6128e-03
-1.7096e-02
-2.2295e-02
-2.4366e-02
-2.1435e-02
-1.6285e-02
-1.1679e-02
-7.6700e-03
-5.4282e-03
-4.4303e-03
-5.7397e-03
-9.2495e-03
-1.3744e-02
-2.0857e-02
-2.8117e-02
-3.1948e-02
-3.0216e-02
-2.2905e-02
-1.4108e-02
-5.6183e-03
3.1794e-04
2.8263e-03
5.6986e-03
8.0949e-03
7.7074e-03
5.8722e-03
3.6733e-03
1.2605e-03
-4.2592e-03
-1.5009e-02
-2.6492e-02
-3.5454e-02
-4.1642e-02
-4.3280e-02
-4.1322e-02
-3.6213e-02
-2.6585e-02
-1.4816e-02
-3.0367e-03
8.2033e-03
1.7558e-02
2.2086e-02
2.0763e-02
1.8561e-02
1.5978e-02
8.6725e-03
-2.3827e-03
-1.5064e-02
-2.7246e-02
-3.6078e-02
-3.9948e-02
-3.6368e-02
-2.6689e-02
-1.6420e-02
-7.8153e-03
-3.5596e-04
5.5281e-03
9.2919e-03
1.3017e-02
1.8868e-02
2.6555e-02
3.3249e-02
3.3102e-02
2.4708e-02
1.3836e-02
6.6712e-03
5.0399e-03
7.0221e-03
1.4213e-02
2.7102e-02
4.0261e-02
5.0141e-02
5.4167e-02
5.3118e-02
5.0271e-02
4.4183e-02
3.6034e-02
2.9808e-02
2.6018e-02
2.2926e-02
1.9793e-02
1.8236e-02
1.6450e-02
1.0624e-02
7.3046e-04
-9.4837e-03
-1.6998e-02
-2.2990e-02
-2.6468e-02
-2.4935e-02
-1.6258e-02
5.6816e-05
1.8703e-02
3.6667e-02
5.1976e-02
6.1277e-02
6.5815e-02
6.7854e-02
6.9598e-02
7.0889e-02
6.8644e-02
6.3045e-02
5.4956e-02
4.3312e-02
2.9048e-02
1.3989e-02
-2.5246e-03
-2.2420e-02
-4.5125e-02
-6.4445e-02
-7.7652e-02
-8.6496e-02
-8.6364e-02
-7.5165e-02
-5.7033e-02
-3.5941e-02
-1.4446e-02
6.4629e-03
2.4565e-02
3.9316e-02
4.9164e-02
5.0688e-02
4.3684e-02
2.7018e-02
1.6611e-05
-3.2859e-02
-6.3689e-02
-8.9596e-02
-1.1335e-01
-1.3162e-01
-1.4043e-01
-1.4259e-01
-1.3940e-01
-1.2963e-01
-1.1448e-01
-9.7817e-02
-8.2467e-02
-6.7978e-02
-5.4857e-02
-4.3584e-02
-3.2979e-02
-2.3190e-02
-1.0866e-02
6.6266e-03
2.5777e-02
4.5079e-02
6.2559e-02
7.4149e-02
7.8643e-02
7.5191e-02
6.4550e-02
5.2378e-02
4.4366e-02
4.0470e-02
3.8427e-02
3.7018e-02
3.3440e-02
2.5814e-02
1.4858e-02
8.7771e-04
-1.8280e-02
-4.3315e-02
-7.0105e-02
-9.6415e-02
-1.1809e-01
-1.2869e-01
-1.3242e-01
-1.3126e-01
-1.2237e-01
-1.1296e-01
-1.0618e-01
-1.0029e-01
-9.8795e-02
-1.0220e-01
-1.0848e-01
-1.1551e-01
-1.2236e-01
-1.2856e-01
-1.3082e-01
-1.3095e-01
-1.3161e-01
-1.2997e-01
-1.2620e-01
-1.2039e-01
-1.1216e-01
-1.0470e-01
-9.9050e-02
-9.4912e-02
-9.1918e-02
-8.8402e-02
-8.3921e-02
-7.8272e-02
-6.8253e-02
-4.6351e-02
-1.3315e-02
2.0816e-02
5.7144e-02
1.0034e-01
1.4219e-01
1.7197e-01
1.9273e-01
2.1426e-01
2.3203e-01
2.3951e-01
2.4192e-01
2.4040e-01
2.3299e-01
2.2009e-01
2.0103e-01
1.7546e-01
1.4341e-01
1.1021e-01
8.4219e-02
6.8472e-02
6.4019e-02
7.0359e-02
8.4404e-02
1.0281e-01
1.2088e-01
1.3569e-01
1.4686e-01
1.5231e-01
1.5126e-01
1.4694e-01
1.4171e-01
1.3488e-01
1.2678e-01
1.1909e-01
1.1115e-01
1.0220e-01
9.3209e-02
8.3567e-02
7.1826e-02
5.7474e-02
4.3300e-02
3.2809e-02
2.4583e-02
1.7258e-02
1.0562e-02
2.3615e-03
-8.4729e-03
-2.2046e-02
-3.6572e-02
-4.8110e-02
-5.3383e-02
-5.0018e-02
-3.8138e-02
-2.1814e-02
-4.1047e-03
1.3997e-02
3.0568e-02
4.4908e-02
5.5992e-02
6.1635e-02
6.1559e-02
5.6189e-02
4.5062e-02
2.9153e-02
1.0963e-02
-9.1986e-03
-3.1211e-02
-5.3134e-02
-7.3071e-02
-9.0045e-02
-1.0382e-01
-1.1225e-01
-1.1406e-01
-1.1088e-01
-1.0519e-01
-9.9921e-02
-9.6001e-02
-9.3754e-02
-9.3139e-02
-9.2017e-02
-8.9099e-02
-8.3828e-02
-7.6157e-02
-6.8157e-02
-6.2780e-02
-6.0651e-02
-6.0312e-02
-6.2109e-02
-6.5824e-02
-6.8864e-02
-6.9366e-02
-6.5719e-02
-5.5922e-02
-3.9925e-02
-2.1929e-02
-7.4217e-03
2.4213e-03
8.4889e-03
1.0081e-02
8.1262e-03
5.0251e-03
1.9365e-03
-4.8969e-04
-1.8292e-03
-1.8137e-03
-6.6498e-04
1.0153e-03
2.2269e-03
3.0053e-03
4.5491e-03
6.0512e-03
5.9205e-03
2.6458e-03
-3.6720e-03
-1.0025e-02
-1.5167e-02
-1.9254e-02
-2.1421e-02
-2.1975e-02
-2.1320e-02
-1.9029e-02
-1.6499e-02
-1.5303e-02
-1.4943e-02
-1.3922e-02
-1.1425e-02
-8.2443e-03
-4.4527e-03
-1.2629e-03
-2.6672e-03
-1.1138e-02
-2.6854e-02
-4.6676e-02
-6.5713e-02
-8.1684e-02
-9.2934e-02
-9.8010e-02
-9.6791e-02
-8.7517e-02
-6.8555e-02
-4.3469e-02
-1.8775e-02
1.6416e-03
1.6798e-02
2.5810e-02
2.9907e-02
3.3287e-02
3.8170e-02
4.5207e-02
5.5446e-02
6.8137e-02
8.1527e-02
9.3757e-02
1.0214e-01
1.0569e-01
1.0596e-01
1.0350e-01
9.7822e-02
8.8838e-02
7.7049e-02
6.3728e-02
5.0539e-02
4.1541e-02
3.9789e-02
4.2544e-02
4.7213e-02
5.4278e-02
6.3473e-02
7.2986e-02
8.1836e-02
8.9536e-02
9.3270e-02
9.0635e-02
8.2722e-02
7.0499e-02
5.3040e-02
2.9634e-02
1.8387e-03
-2.6504e-02
-5.3191e-02
-7.6425e-02
-9.3804e-02
-1.0722e-01
-1.1848e-01
-1.2556e-01
-1.2724e-01
-1.2310e-01
-1.1107e-01
-8.8741e-02
-6.0213e-02
-3.4910e-02
-1.6884e-02
-6.3468e-03
-3.3079e-03
-6.6990e-03
-1.4412e-02
-2.2917e-02
-3.0876e-02
-3.7739e-02
-4.3609e-02
-4.9950e-02
-5.5359e-02
-5.7894e-02
-5.6011e-02
-5.0752e-02
-4.4876e-02
-3.8073e-02
-3.1220e-02
-2.6260e-02
-2.2830e-02
-1.9408e-02
-1.6383e-02
-1.5626e-02
-1.6035e-02
-1.6306e-02
-1.6196e-02
-1.2958e-02
-3.7591e-03
1.1113e-02
2.8395e-02
4.4129e-02
5.5486e-02
5.9285e-02
5.2174e-02
3.2754e-02
4.0641e-03
-2.6661e-02
-5.4170e-02
-7.5700e-02
-8.8505e-02
-9.1199e-02
-8.4720e-02
-7.2157e-02
-5.6467e-02
-4.0980e-02
-2.5654e-02
-7.4978e-03
1.0366e-02
2.5560e-02
4.1001e-02
5.7469e-02
7.3107e-02
8.4823e-02
9.1597e-02
9.4732e-02
9.4817e-02
9.2668e-02
8.7157e-02
7.7718e-02
6.7162e-02
5.7628e-02
5.0579e-02
4.6027e-02
4.2843e-02
4.0358e-02
3.7855e-02
3.4811e-02
2.9122e-02
2.0455e-02
1.1487e-02
2.9476e-03
-4.8173e-03
-1.1307e-02
-1.6880e-02
-2.1419e-02
-2.4786e-02
-2.6480e-02
-2.5702e-02
-2.2084e-02
-1.5179e-02
-5.0197e-03
7.7735e-03
2.3020e-02
3.8938e-02
5.1261e-02
5.7977e-02
6.0240e-02
5.7484e-02
4.6441e-02
2.6228e-02
5.0543e-04
-2.7061e-02
-5.3248e-02
-7.3185e-02
-8.3893e-02
-8.4020e-02
-7.1434e-02
-4.7165e-02
-1.7522e-02
1.1131e-02
3.7053e-02
5.8270e-02
7.0876e-02
7.6172e-02
7.7992e-02
7.5804e-02
6.8813e-02
5.8330e-02
4.5107e-02
3.0139e-02
1.4456e-02
-1.2201e-05
-1.2068e-02
-2.2042e-02
-2.9465e-02
-3.6051e-02
-4.2578e-02
-4.7272e-02
-4.9668e-02
-5.0160e-02
-5.0874e-02
-5.4344e-02
-6.0991e-02
-6.8806e-02
-7.4837e-02
-7.7359e-02
-7.5847e-02
-6.9923e-02
-5.8746e-02
-4.3371e-02
-2.6415e-02
-1.0039e-02
2.9384e-03
1.2142e-02
2.0339e-02
2.7842e-02
3.2962e-02
3.5586e-02
3.8461e-02
4.6206e-02
5.8746e-02
7.0292e-02
7.7104e-02
7.9343e-02
7.7692e-02
7.0909e-02
5.6733e-02
3.5588e-02
1.1732e-02
-8.8563e-03
-2.3240e-02
-3.2059e-02
-3.4333e-02
-2.8213e-02
-1.5344e-02
1.0851e-04
1.4612e-02
2.5433e-02
3.0973e-02
3.2198e-02
3.0751e-02
2.7229e-02
2.1071e-02
1.2057e-02
1.1020e-03
-1.1394e-02
-2.3971e-02
-3.4904e-02
-4.3710e-02
-4.8987e-02
-4.9350e-02
-4.3961e-02
-3.3434e-02
-2.0655e-02
-8.7708e-03
8.0470e-04
7.6847e-03
1.0428e-02
9.1217e-03
5.2791e-03
7.1078e-04
-4.6688e-04
2.6640e-03
7.8589e-03
1.5303e-02
2.4569e-02
3.2216e-02
3.4870e-02
3.1674e-02
2.2010e-02
6.4186e-03
-1.0973e-02
-2.6481e-02
-3.8326e-02
-4.5278e-02
-4.6777e-02
-4.1703e-02
-2.9439e-02
-1.3164e-02
2.1255e-03
1.4918e-02
2.6455e-02
3.5831e-02
4.0879e-02
4.1747e-02
3.9535e-02
3.3931e-02
2.4814e-02
1.2429e-02
-3.9063e-03
-2.3371e-02
-4.3213e-02
-6.0056e-02
-7.2006e-02
-7.8628e-02
-7.8588e-02
-7.1101e-02
-5.5579e-02
-3.4168e-02
-1.1770e-02
9.3172e-03
2.6673e-02
3.7526e-02
4.2486e-02
4.2045e-02
3.3631e-02
1.8108e-02
9.5688e-04
-1.5487e-02
-3.0247e-02
-4.0746e-02
-4.5294e-02
-4.3730e-02
-3.7517e-02
-2.8004e-02
-1.7036e-02
-7.8542e-03
-1.2753e-03
4.6618e-03
1.1084e-02
1.6496e-02
1.8631e-02
1.7178e-02
1.2946e-02
8.0027e-03
4.7406e-03
2.9329e-03
2.4479e-03
3.8480e-03
5.6946e-03
7.0075e-03
8.9453e-03
1.2809e-02
1.8529e-02
2.5354e-02
3.2586e-02
3.8371e-02
4.1569e-02
4.2826e-02
4.2632e-02
4.1881e-02
4.0735e-02
3.9443e-02
3.9676e-02
4.1726e-02
4.5545e-02
5.1194e-02
5.8005e-02
6.5544e-02
7.2119e-02
7.5275e-02
7.3468e-02
6.6060e-02
5.2724e-02
3.3040e-02
9.4957e-03
-1.4444e-02
-3.8276e-02
-6.0723e-02
-7.8163e-02
-8.7599e-02
-8.7373e-02
-7.7712e-02
-6.0009e-02
-3.5138e-02
-5.6321e-03
2.5638e-02
5.5415e-02
7.6699e-02
8.5893e-02
8.5573e-02
7.7873e-02
6.4595e-02
4.9130e-02
3.3745e-02
1.9118e-02
7.1558e-03
-8.0808e-04
-5.8558e-03
-8.6604e-03
-8.7637e-03
-6.4520e-03
-2.8772e-03
2.6146e-03
1.1997e-02
2.4312e-02
3.7198e-02
5.0062e-02
6.2317e-02
7.2863e-02
8.0718e-02
8.5580e-02
8.8659e-02
9.0968e-02
9.2431e-02
9.3039e-02
9.3615e-02
9.4035e-02
9.2716e-02
8.9951e-02
8.5758e-02
7.9242e-02
7.2210e-02
6.6176e-02
6.1218e-02
5.7086e-02
5.3188e-02
4.9165e-02
4.3919e-02
3.6778e-02
2.8325e-02
1.9285e-02
9.8592e-03
2.2667e-04
-9.7688e-03
-2.0527e-02
-3.1952e-02
-4.4659e-02
-5.7510e-02
-6.8467e-02
-7.7629e-02
-8.4376e-02
-8.7902e-02
-8.8322e-02
-8.6148e-02
-8.3066e-02
-7.9877e-02
-7.6528e-02
-7.3820e-02
-7.1751e-02
-6.9921e-02
-6.9213e-02
-6.9929e-02
-7.1154e-02
-7.2186e-02
-7.2033e-02
-6.9934e-02
-6.5961e-02
-6.0772e-02
-5.6106e-02
-5.2650e-02
-5.0550e-02
-5.1130e-02
-5.4581e-02
-5.9650e-02
-6.5817e-02
-7.3426e-02
-8.1018e-02
-8.6708e-02
-9.0322e-02
-9.2781e-02
-9.5804e-02
-9.9255e-02
-1.0159e-01
-1.0239e-01
-1.0173e-01
-9.9901e-02
-9.6414e-02
-9.0897e-02
-8.4716e-02
-7.9155e-02
-7.4604e-02
-7.1570e-02
-6.9951e-02
-6.9720e-02
-7.0863e-02
-7.2627e-02
-7.5254e-02
-7.8021e-02
-7.8812e-02
-7.7185e-02
-7.2796e-02
-6.5399e-02
-5.6380e-02
-4.6417e-02
-3.5741e-02
-2.5391e-02
-1.6122e-02
-7.4097e-03
1.4776e-03
9.3251e-03
1.5546e-02
2.1510e-02
2.6661e-02
2.9271e-02
2.9567e-02
2.7834e-02
2.4406e-02
2.0567e-02
1.7550e-02
1.6347e-02
1.5890e-02
1.5377e-02
1.4406e-02
1.1252e-02
6.7559e-03
1.9307e-03
-2.6048e-03
-4.6852e-03
-4.1361e-03
-1.1879e-03
4.2810e-03
1.0526e-02
1.6641e-02
2.3087e-02
2.9288e-02
3.4325e-02
3.8107e-02
4.0562e-02
4.0957e-02
3.9405e-02
3.7164e-02
3.4958e-02
3.3143e-02
3.1843e-02
3.1487e-02
3.2524e-02
3.4668e-02
3.7841e-02
4.1878e-02
4.7134e-02
5.3677e-02
6.0362e-02
6.6694e-02
7.2367e-02
7.6715e-02
7.9106e-02
7.9174e-02
7.7694e-02
7.5233e-02
7.1529e-02
6.7243e-02
6.2648e-02
5.7908e-02
5.3391e-02
4.8359e-02
4.4059e-02
4.1697e-02
4.0686e-02
4.1016e-02
4.2209e-02
4.4414e-02
4.6568e-02
4.6742e-02
4.5377e-02
4.2312e-02
3.7276e-02
3.1517e-02
2.6015e-02
2.0330e-02
1.4098e-02
8.1422e-03
2.8363e-03
-1.7177e-03
-5.7460e-03
-9.7046e-03
-1.3124e-02
-1.5607e-02
-1.7433e-02
-1.8295e-02
-1.8036e-02
-1.6962e-02
-1.4612e-02
-1.1390e-02
-8.6087e-03
-7.2378e-03
-7.5067e-03
-9.3830e-03
-1.3904e-02
-2.0683e-02
-2.7559e-02
-3.4392e-02
-4.0750e-02
-4.4502e-02
-4.5874e-02
-4.5562e-02
-4.4005e-02
-4.2198e-02
-3.9844e-02
-3.7266e-02
-3.4896e-02
-3.2841e-02
-3.1273e-02
-2.9115e-02
-2.6603e-02
-2.4606e-02
-2.2421e-02
-1.9688e-02
-1.6141e-02
-1.1884e-02
-7.9841e-03
-4.1221e-03
2.3573e-04
4.4780e-03
8.3527e-03
1.2096e-02
1.5814e-02
1.9246e-02
2.2742e-02
2.7022e-02
3.2053e-02
3.7689e-02
4.3189e-02
4.7431e-02
4.9468e-02
4.8362e-02
4.4105e-02
3.6645e-02
2.7229e-02
1.7989e-02
8.9616e-03
1.4328e-03
-2.5459e-03
-2.9651e-03
2.0961e-04
6.7435e-03
1.5398e-02
2.4837e-02
3.4097e-02
4.2945e-02
5.0625e-02
5.6447e-02
6.1152e-02
6.5138e-02
6.7991e-02
6.8571e-02
6.5420e-02
5.7780e-02
4.5666e-02
3.0491e-02
1.4523e-02
-1.2732e-04
-1.1495e-02
-1.8724e-02
-2.2729e-02
-2.4300e-02
-2.4133e-02
-2.3588e-02
-2.3156e-02
-2.2348e-02
-2.0581e-02
-1.7712e-02
-1.3974e-02
-9.9483e-03
-5.3891e-03
2.0986e-04
5.3742e-03
8.5222e-03
9.3954e-03
7.9014e-03
3.5157e-03
-3.7134e-03
-1.2540e-02
-2.1972e-02
-3.1858e-02
-4.1645e-02
-5.0008e-02
-5.6660e-02
-6.2772e-02
-6.8616e-02
-7.2956e-02
-7.5575e-02
-7.7119e-02
-7.7522e-02
-7.6920e-02
-7.5707e-02
-7.3905e-02
-7.0868e-02
-6.6905e-02
-6.3422e-02
-5.9978e-02
-5.5394e-02
-5.0085e-02
-4.4247e-02
-3.6758e-02
-2.8159e-02
-2.0138e-02
-1.3259e-02
-8.2885e-03
-5.7234e-03
-5.2975e-03
-6.6874e-03
-9.8335e-03
-1.4682e-02
-1.9713e-02
-2.3698e-02
-2.6706e-02
-2.8041e-02
-2.7149e-02
-2.3713e-02
-1.7980e-02
-1.1322e-02
-3.8275e-03
4.2810e-03
1.1685e-02
1.7573e-02
2.1568e-02
2.4297e-02
2.6350e-02
2.7714e-02
2.8505e-02
2.8037e-02
2.5504e-02
2.1455e-02
1.7002e-02
1.2836e-02
9.6474e-03
7.9179e-03
7.9438e-03
1.0389e-02
1.4432e-02
1.8303e-02
2.1447e-02
2.3524e-02
2.4408e-02
2.4249e-02
2.2424e-02
1.8252e-02
1.2432e-02
6.4749e-03
1.0577e-03
-3.3050e-03
-5.3867e-03
-5.3095e-03
-5.0199e-03
-5.3457e-03
-6.3891e-03
-8.6651e-03
-1.0997e-02
-1.1611e-02
-1.0271e-02
-7.3293e-03
-3.1344e-03
1.9808e-03
7.1199e-03
1.1257e-02
1.4820e-02
1.7728e-02
1.9236e-02
1.9733e-02
1.9730e-02
2.0046e-02
2.1401e-02
2.3958e-02
2.8118e-02
3.3656e-02
3.9612e-02
4.4689e-02
4.7177e-02
4.6481e-02
4.3483e-02
3.9226e-02
3.4783e-02
3.0744e-02
2.7141e-02
2.3748e-02
2.0041e-02
1.6976e-02
1.5963e-02
1.5750e-02
1.4783e-02
1.3942e-02
1.4158e-02
1.5076e-02
1.6014e-02
1.6342e-02
1.6171e-02
1.5135e-02
1.2686e-02
9.6569e-03
6.5628e-03
3.7313e-03
1.4542e-03
-2.5525e-04
-1.2002e-03
-1.4233e-03
-1.5007e-03
-2.7588e-03
-5.1563e-03
-7.4118e-03
-9.0468e-03
-1.0508e-02
-1.2160e-02
-1.3876e-02
-1.6313e-02
-2.0147e-02
-2.5595e-02
-3.2422e-02
-3.9751e-02
-4.7144e-02
-5.4526e-02
-6.1124e-02
-6.5677e-02
-6.7734e-02
-6.7148e-02
-6.3460e-02
-5.6789e-02
-4.8601e-02
-4.0893e-02
-3.4658e-02
-3.0643e-02
-2.9906e-02
-3.1934e-02
-3.5264e-02
-3.9794e-02
-4.5107e-02
-5.0019e-02
-5.4489e-02
-5.8336e-02
-6.1044e-02
-6.2751e-02
-6.3786e-02
-6.4342e-02
-6.4284e-02
-6.3957e-02
-6.3782e-02
-6.3085e-02
-6.1432e-02
-5.8829e-02
-5.4993e-02
-4.9976e-02
-4.4128e-02
-3.7726e-02
-3.1129e-02
-2.4609e-02
-1.7680e-02
-1.0410e-02
-3.3134e-03
4.2226e-03
1.1591e-02
1.7714e-02
2.3045e-02
2.7138e-02
2.9035e-02
2.8694e-02
2.6694e-02
2.3675e-02
2.0039e-02
1.6839e-02
1.4673e-02
1.3522e-02
1.3624e-02
1.4638e-02
1.5884e-02
1.6987e-02
1.8646e-02
2.1116e-02
2.3980e-02
2.7700e-02
3.1566e-02
3.4459e-02
3.6205e-02
3.7025e-02
3.7484e-02
3.7081e-02
3.5690e-02
3.3911e-02
3.1446e-02
2.8482e-02
2.5123e-02
2.0964e-02
1.6746e-02
1.3210e-02
1.0016e-02
6.6953e-03
3.3530e-03
2.7098e-04
-2.5986e-03
-5.0349e-03
-6.4447e-03
-6.7081e-03
-6.8514e-03
-7.6245e-03
-8.8589e-03
-1.1058e-02
-1.3963e-02
-1.6424e-02
-1.8342e-02
-2.0070e-02
-2.2177e-02
-2.4528e-02
-2.6077e-02
-2.6253e-02
-2.5134e-02
-2.3653e-02
-2.2171e-02
-1.9826e-02
-1.6694e-02
-1.3640e-02
-1.1350e-02
-9.4996e-03
-6.5679e-03
-2.7239e-03
6.1463e-04
3.4285e-03
6.4575e-03
1.0146e-02
1.4291e-02
1.8731e-02
2.2906e-02
2.5593e-02
2.6556e-02
2.6095e-02
2.4738e-02
2.2848e-02
2.0750e-02
1.9704e-02
2.0121e-02
2.2146e-02
2.5859e-02
3.0158e-02
3.4696e-02
3.9798e-02
4.5102e-02
4.9857e-02
5.4128e-02
5.7847e-02
5.9975e-02
6.0553e-02
6.0251e-02
5.8959e-02
5.6391e-02
5.2992e-02
4.9524e-02
4.6289e-02
4.3344e-02
4.1255e-02
4.0455e-02
4.0155e-02
3.9892e-02
3.9558e-02
3.8703e-02
3.7373e-02
3.5750e-02
3.4225e-02
3.3545e-02
3.3653e-02
3.4058e-02
3.5381e-02
3.7987e-02
4.1138e-02
4.4265e-02
4.7053e-02
4.9559e-02
5.1779e-02
5.2963e-02
5.2374e-02
5.0140e-02
4.6635e-02
4.2129e-02
3.6644e-02
3.0003e-02
2.3020e-02
1.6631e-02
1.1162e-02
6.8923e-03
4.4131e-03
4.4934e-03
6.7689e-03
1.0966e-02
1.7201e-02
2.3924e-02
2.9739e-02
3.4506e-02
3.8098e-02
4.0397e-02
4.1304e-02
4.1100e-02
4.0342e-02
3.9268e-02
3.8137e-02
3.6929e-02
3.5192e-02
3.2871e-02
3.0248e-02
2.7820e-02
2.6090e-02
2.4835e-02
2.3618e-02
2.3006e-02
2.3817e-02
2.5515e-02
2.7940e-02
3.1367e-02
3.4579e-02
3.6889e-02
3.7754e-02
3.6352e-02
3.3249e-02
2.8760e-02
2.2967e-02
1.6487e-02
9.8725e-03
3.4330e-03
-2.7613e-03
-8.4770e-03
-1.4008e-02
-1.9862e-02
-2.5906e-02
-3.1649e-02
-3.6972e-02
-4.2176e-02
-4.6878e-02
-5.0997e-02
-5.5130e-02
-5.9319e-02
-6.3373e-02
-6.7301e-02
-7.1234e-02
-7.4672e-02
-7.7456e-02
-8.0196e-02
-8.2549e-02
-8.4261e-02
-8.5195e-02
-8.5095e-02
-8.4340e-02
-8.3358e-02
-8.2768e-02
-8.2687e-02
-8.3117e-02
-8.4218e-02
-8.5586e-02
-8.7185e-02
-8.8508e-02
-8.8941e-02
-8.8715e-02
-8.7476e-02
-8.5113e-02
-8.2091e-02
-7.8202e-02
-7.2765e-02
-6.5572e-02
-5.7604e-02
-4.9547e-02
-4.1402e-02
-3.3796e-02
-2.7146e-02
-2.1351e-02
-1.6176e-02
-1.1314e-02
-6.8059e-03
-3.0821e-03
-1.9979e-04
2.6116e-03
5.8002e-03
8.8878e-03
1.1582e-02
1.4048e-02
1.5905e-02
1.6815e-02
1.6913e-02
1.6055e-02
1.4745e-02
1.3726e-02
1.3261e-02
1.3567e-02
1.4215e-02
1.4719e-02
1.5024e-02
1.5099e-02
1.4872e-02
1.4149e-02
1.3280e-02
1.3250e-02
1.4495e-02
1.6625e-02
1.8995e-02
2.1462e-02
2.4785e-02
2.8723e-02
3.2140e-02
3.5068e-02
3.7714e-02
4.0052e-02
4.2104e-02
4.3306e-02
4.3297e-02
4.2787e-02
4.2440e-02
4.2007e-02
4.1205e-02
4.0055e-02
3.8367e-02
3.5906e-02
3.3195e-02
3.0449e-02
2.7490e-02
2.4615e-02
2.2211e-02
2.0874e-02
2.0184e-02
1.9781e-02
2.0299e-02
2.1560e-02
2.3540e-02
2.6320e-02
2.9376e-02
3.2509e-02
3.5476e-02
3.7710e-02
3.9107e-02
3.9834e-02
3.9795e-02
3.8886e-02
3.7003e-02
3.4145e-02
3.0035e-02
2.4348e-02
1.7627e-02
1.0385e-02
2.8770e-03
-4.0506e-03
-9.5794e-03
-1.3446e-02
-1.5452e-02
-1.5414e-02
-1.3563e-02
-1.0612e-02
-7.2283e-03
-3.8191e-03
-1.0251e-03
3.0975e-04
7.8347e-06
-1.3599e-03
-3.3823e-03
-6.0810e-03
-9.4141e-03
-1.3201e-02
-1.7713e-02
-2.3182e-02
-2.8916e-02
-3.4174e-02
-3.8661e-02
-4.2243e-02
-4.4468e-02
-4.4683e-02
-4.3666e-02
-4.2573e-02
-4.1587e-02
-4.1095e-02
-4.1246e-02
-4.1731e-02
-4.2178e-02
-4.2701e-02
-4.3841e-02
-4.4968e-02
-4.5460e-02
-4.5337e-02
-4.4697e-02
-4.4221e-02
-4.4269e-02
-4.4590e-02
-4.4637e-02
-4.3798e-02
-4.2077e-02
-3.9751e-02
-3.6881e-02
-3.4043e-02
-3.2157e-02
-3.1111e-02
-3.0327e-02
-2.9752e-02
-2.9416e-02
-2.8987e-02
-2.7963e-02
-2.6215e-02
-2.3885e-02
-2.0905e-02
-1.7384e-02
-1.3913e-02
-1.1001e-02
-8.9633e-03
-7.8441e-03
-7.6899e-03
-8.4499e-03
-9.5017e-03
-1.0263e-02
-9.9114e-03
-7.7985e-03
-4.1165e-03
1.0786e-03
7.4503e-03
1.3967e-02
2.0127e-02
2.5931e-02
3.1014e-02
3.5269e-02
3.8593e-02
4.0641e-02
4.1961e-02
4.2852e-02
4.3247e-02
4.3603e-02
4.4162e-02
4.5212e-02
4.6511e-02
4.7310e-02
4.7455e-02
4.6870e-02
4.5594e-02
4.3841e-02
4.1796e-02
3.9595e-02
3.7019e-02
3.4542e-02
3.3042e-02
3.2246e-02
3.1319e-02
2.9772e-02
2.8076e-02
2.7161e-02
2.7143e-02
2.7578e-02
2.7973e-02
2.8199e-02
2.8143e-02
2.7131e-02
2.5082e-02
2.2596e-02
2.0152e-02
1.7932e-02
1.5917e-02
1.4282e-02
1.2815e-02
1.1253e-02
1.0046e-02
9.2454e-03
8.3612e-03
7.3199e-03
6.3506e-03
5.7437e-03
5.4143e-03
5.1355e-03
5.0505e-03
5.2225e-03
5.8255e-03
6.7842e-03
7.5204e-03
7.2108e-03
5.5368e-03
3.5978e-03
1.9040e-03
2.1827e-04
-1.1978e-03
-2.4852e-03
-3.7479e-03
-5.2901e-03
-7.8061e-03
-1.1428e-02
-1.5906e-02
-2.0751e-02
-2.5829e-02
-3.1107e-02
-3.6234e-02
-4.1302e-02
-4.5955e-02
-4.9186e-02
-5.0788e-02
-5.0801e-02
-4.9011e-02
-4.6065e-02
-4.2836e-02
-3.9686e-02
-3.7604e-02
-3.6937e-02
-3.6729e-02
-3.6707e-02
-3.6870e-02
-3.7001e-02
-3.6848e-02
-3.6587e-02
-3.6656e-02
-3.6855e-02
-3.7229e-02
-3.7796e-02
-3.8385e-02
-3.9010e-02
-3.9562e-02
-4.0098e-02
-4.0324e-02
-3.9997e-02
-3.9209e-02
-3.7770e-02
-3.5954e-02
-3.4395e-02
-3.3309e-02
-3.2823e-02
-3.3108e-02
-3.3879e-02
-3.4394e-02
-3.4168e-02
-3.3164e-02
-3.1392e-02
-2.9160e-02
-2.6846e-02
-2.4539e-02
-2.2458e-02
-2.0935e-02
-2.0225e-02
-2.0171e-02
-2.0395e-02
-2.0573e-02
-2.0496e-02
-2.0526e-02
-2.0833e-02
-2.1260e-02
-2.1913e-02
-2.3074e-02
-2.4725e-02
-2.6078e-02
-2.6642e-02
-2.6429e-02
-2.5452e-02
-2.3610e-02
-2.0896e-02
-1.7944e-02
-1.5184e-02
-1.2892e-02
-1.1137e-02
-9.5118e-03
-8.0544e-03
-6.6426e-03
-4.8918e-03
-2.8764e-03
-5.9021e-04
2.1503e-03
5.2117e-03
8.4214e-03
1.1901e-02
1.5997e-02
2.0478e-02
2.4652e-02
2.8405e-02
3.1649e-02
3.4492e-02
3.6994e-02
3.9005e-02
4.1157e-02
4.3825e-02
4.6962e-02
5.0349e-02
5.3345e-02
5.5820e-02
5.7708e-02
5.8668e-02
5.8687e-02
5.7933e-02
5.6754e-02
5.5319e-02
5.3602e-02
5.1987e-02
5.0671e-02
4.9486e-02
4.8625e-02
4.8322e-02
4.8523e-02
4.9053e-02
4.9454e-02
4.9443e-02
4.9166e-02
4.8664e-02
4.8064e-02
4.7554e-02
4.7010e-02
4.6012e-02
4.4153e-02
4.1307e-02
3.7371e-02
3.2311e-02
2.6713e-02
2.1386e-02
1.6675e-02
1.2682e-02
9.6093e-03
7.6356e-03
6.6121e-03
6.5239e-03
7.6462e-03
1.0028e-02
1.3646e-02
1.8382e-02
2.3833e-02
2.9245e-02
3.3999e-02
3.7794e-02
4.0200e-02
4.1264e-02
4.1300e-02
4.0358e-02
3.8406e-02
3.5344e-02
3.1179e-02
2.5815e-02
1.9479e-02
1.2980e-02
7.0147e-03
2.1900e-03
-1.1685e-03
-3.2202e-03
-4.2788e-03
-4.9770e-03
-5.9871e-03
-7.5355e-03
-9.3730e-03
-1.1342e-02
-1.3820e-02
-1.6867e-02
-1.9992e-02
-2.3023e-02
-2.6013e-02
-2.8669e-02
-3.0955e-02
-3.3319e-02
-3.5953e-02
-3.8802e-02
-4.1839e-02
-4.4967e-02
-4.8050e-02
-5.0745e-02
-5.2587e-02
-5.3487e-02
-5.3510e-02
-5.2598e-02
-5.0544e-02
-4.6996e-02
-4.1981e-02
-3.5736e-02
-2.8652e-02
-2.1177e-02
-1.3210e-02
-5.2885e-03
1.8808e-03
8.4097e-03
1.3800e-02
1.7765e-02
2.0306e-02
2.0885e-02
1.9590e-02
1.6989e-02
1.3789e-02
1.0670e-02
8.1605e-03
6.3773e-03
5.0007e-03
4.0136e-03
3.2344e-03
2.4893e-03
1.5437e-03
1.6802e-04
-1.1890e-03
-2.5503e-03
-4.2183e-03
-6.2024e-03
-8.2607e-03
-9.8850e-03
-1.1058e-02
-1.1843e-02
-1.2230e-02
-1.2309e-02
-1.2229e-02
-1.2113e-02
-1.1791e-02
-1.1391e-02
-1.0664e-02
-9.0471e-03
-6.8342e-03
-4.8498e-03
-3.6646e-03
-3.1271e-03
-3.1054e-03
-3.8417e-03
-5.4031e-03
-7.3976e-03
-8.9293e-03
-9.2387e-03
-8.3503e-03
-6.7763e-03
-4.5065e-03
-1.6012e-03
1.4149e-03
4.3105e-03
6.5549e-03
7.5523e-03
7.0343e-03
4.9968e-03
2.0686e-03
-1.4223e-03
-5.1586e-03
-8.5131e-03
-1.1545e-02
-1.4234e-02
-1.6826e-02
-1.9663e-02
-2.2074e-02
-2.3540e-02
-2.3913e-02
-2.3084e-02
-2.0744e-02
-1.7003e-02
-1.2654e-02
-8.2006e-03
-4.2321e-03
-1.0215e-03
1.1448e-03
1.6561e-03
4.8968e-04
-2.0284e-03
-5.1495e-03
-8.1075e-03
-1.0374e-02
-1.1457e-02
-1.1526e-02
-1.0818e-02
-9.4697e-03
-7.8026e-03
-5.8032e-03
-3.4666e-03
-8.6637e-04
1.9763e-03
4.8471e-03
7.6969e-03
1.0505e-02
1.2907e-02
1.4715e-02
1.6167e-02
1.7371e-02
1.8534e-02
1.9987e-02
2.1625e-02
2.3199e-02
2.4291e-02
2.4505e-02
2.3708e-02
2.1840e-02
1.9511e-02
1.7611e-02
1.6402e-02
1.5981e-02
1.6126e-02
1.6094e-02
1.5648e-02
1.4795e-02
1.3443e-02
1.1993e-02
1.0651e-02
9.0693e-03
7.2274e-03
5.4336e-03
3.8034e-03
2.2069e-03
8.4061e-04
8.0677e-05
-5.0927e-04
-1.3148e-03
-2.3248e-03
-3.7553e-03
-5.1599e-03
-6.1306e-03
-6.7184e-03
-6.6727e-03
-6.0931e-03
-5.7077e-03
-6.3801e-03
-8.0979e-03
-1.0493e-02
-1.3527e-02
-1.6020e-02
-1.6960e-02
-1.6644e-02
-1.5052e-02
-1.2403e-02
-9.1221e-03
-5.3494e-03
-1.7736e-03
1.1849e-03
3.6769e-03
5.8362e-03
7.4832e-03
8.3678e-03
8.8531e-03
9.4561e-03
1.0369e-02
1.1533e-02
1.2744e-02
1.3814e-02
1.4507e-02
1.4826e-02
1.5096e-02
1.5212e-02
1.5141e-02
1.5319e-02
1.5757e-02
1.6301e-02
1.6941e-02
1.7891e-02
1.9236e-02
2.0647e-02
2.2285e-02
2.4107e-02
2.5304e-02
2.5410e-02
2.4422e-02
2.2381e-02
1.9173e-02
1.5160e-02
1.1141e-02
7.3653e-03
4.3073e-03
2.6213e-03
1.9784e-03
2.0434e-03
2.9009e-03
4.2541e-03
5.5613e-03
6.7066e-03
7.9392e-03
9.3877e-03
1.1095e-02
1.3119e-02
1.5369e-02
1.7589e-02
1.9401e-02
2.0430e-02
2.0485e-02
1.9319e-02
1.6859e-02
1.3801e-02
1.1010e-02
8.9854e-03
7.9467e-03
7.6378e-03
7.9530e-03
9.2903e-03
1.1466e-02
1.3876e-02
1.6330e-02
1.8711e-02
2.0915e-02
2.2727e-02
2.3654e-02
2.3653e-02
2.3128e-02
2.2304e-02
2.1337e-02
2.0452e-02
1.9786e-02
1.9367e-02
1.8942e-02
1.8300e-02
1.7775e-02
1.7423e-02
1.6674e-02
1.5426e-02
1.4239e-02
1.3394e-02
1.2737e-02
1.2134e-02
1.1512e-02
1.0660e-02
9.4315e-03
7.9624e-03
6.2699e-03
4.1096e-03
1.4743e-03
-1.3675e-03
-4.2968e-03
-7.4054e-03
-1.0365e-02
-1.2477e-02
-1.3335e-02
-1.2752e-02
-1.0969e-02
-8.6049e-03
-6.3737e-03
-4.8260e-03
-4.1050e-03
-4.2059e-03
-5.0841e-03
-6.7618e-03
-9.0449e-03
-1.1558e-02
-1.3933e-02
-1.5870e-02
-1.7525e-02
-1.8901e-02
-1.9762e-02
-2.0275e-02
-2.0730e-02
-2.1356e-02
-2.2617e-02
-2.4765e-02
-2.7757e-02
-3.1649e-02
-3.6141e-02
-4.0717e-02
-4.4829e-02
-4.8161e-02
-5.0634e-02
-5.2071e-02
-5.2877e-02
-5.3396e-02
-5.3437e-02
-5.3109e-02
-5.2384e-02
-5.0900e-02
-4.8492e-02
-4.5304e-02
-4.1859e-02
-3.8812e-02
-3.6723e-02
-3.5767e-02
-3.5848e-02
-3.6858e-02
-3.8454e-02
-4.0460e-02
-4.2687e-02
-4.4691e-02
-4.6101e-02
-4.6348e-02
-4.5116e-02
-4.2468e-02
-3.8601e-02
-3.4021e-02
-2.9261e-02
-2.4760e-02
-2.0576e-02
-1.6556e-02
-1.2689e-02
-8.9106e-03
-5.2709e-03
-2.1290e-03
2.1254e-04
1.7866e-03
2.8635e-03
3.6885e-03
4.3030e-03
4.8163e-03
5.2340e-03
5.4868e-03
5.8861e-03
6.4786e-03
7.2671e-03
8.5402e-03
1.0255e-02
1.2268e-02
1.4231e-02
1.5482e-02
1.5745e-02
1.5226e-02
1.4123e-02
1.2809e-02
1.1759e-02
1.1132e-02
1.1097e-02
1.1646e-02
1.2591e-02
1.3936e-02
1.5444e-02
1.6816e-02
1.7834e-02
1.8248e-02
1.8254e-02
1.8145e-02
1.8248e-02
1.9007e-02
2.0412e-02
2.2378e-02
2.4631e-02
2.6606e-02
2.8062e-02
2.8858e-02
2.8887e-02
2.8211e-02
2.7048e-02
2.5626e-02
2.3833e-02
2.1402e-02
1.8484e-02
1.5233e-02
1.1631e-02
8.1052e-03
4.7764e-03
1.8572e-03
-8.6178e-05
-1.3645e-03
-2.1051e-03
-2.3093e-03
-2.5235e-03
-2.6339e-03
-2.6071e-03
-2.7594e-03
-2.8674e-03
-2.9951e-03
-3.3619e-03
-3.8794e-03
-4.5674e-03
-5.4325e-03
-6.3951e-03
-7.5150e-03
-9.0570e-03
-1.1229e-02
-1.3991e-02
-1.7115e-02
-2.0359e-02
-2.3390e-02
-2.5841e-02
-2.7600e-02
-2.8775e-02
-2.9385e-02
-2.9344e-02
-2.8792e-02
-2.7864e-02
-2.6670e-02
-2.5250e-02
-2.3342e-02
-2.0998e-02
-1.8325e-02
-1.5334e-02
-1.2542e-02
-1.0315e-02
-8.7060e-03
-8.0368e-03
-8.2944e-03
-9.1030e-03
-1.0136e-02
-1.1019e-02
-1.1868e-02
-1.2544e-02
-1.2528e-02
-1.1976e-02
-1.0962e-02
-9.6798e-03
-8.4718e-03
-7.6085e-03
-7.4056e-03
-7.6879e-03
-8.6345e-03
-1.0121e-02
-1.1441e-02
-1.2423e-02
-1.3127e-02
-1.3680e-02
-1.3944e-02
-1.3976e-02
-1.3949e-02
-1.3731e-02
-1.3360e-02
-1.2607e-02
-1.1533e-02
-1.0354e-02
-8.8711e-03
-7.2125e-03
-5.1602e-03
-2.4842e-03
5.6809e-04
3.8012e-03
6.8420e-03
9.5039e-03
1.1628e-02
1.3014e-02
1.3751e-02
1.3867e-02
1.3434e-02
1.2669e-02
1.1827e-02
1.0916e-02
9.9310e-03
9.0699e-03
8.2794e-03
7.7153e-03
7.5799e-03
7.8001e-03
8.5150e-03
9.3935e-03
9.8349e-03
9.8299e-03
9.3056e-03
8.1719e-03
6.7910e-03
5.4731e-03
4.2472e-03
2.8429e-03
9.9901e-04
-1.1694e-03
-3.4301e-03
-5.7269e-03
-7.9771e-03
-9.7843e-03
-1.1203e-02
-1.2599e-02
-1.4192e-02
-1.6186e-02
-1.8291e-02
-2.0338e-02
-2.1974e-02
-2.2746e-02
-2.2750e-02
-2.2051e-02
-2.0726e-02
-1.8561e-02
-1.5517e-02
-1.1688e-02
-7.2468e-03
-2.8415e-03
1.3211e-03
5.0357e-03
7.9829e-03
1.0235e-02
1.1828e-02
1.2655e-02
1.2740e-02
1.2217e-02
1.0950e-02
9.0965e-03
7.1866e-03
5.7521e-03
5.2349e-03
5.3902e-03
6.0358e-03
7.1427e-03
8.3789e-03
9.8395e-03
1.1610e-02
1.3513e-02
1.5552e-02
1.7539e-02
1.8998e-02
1.9779e-02
2.0061e-02
1.9907e-02
1.9538e-02
1.9047e-02
1.8434e-02
1.7665e-02
1.6460e-02
1.5031e-02
1.3555e-02
1.2162e-02
1.1129e-02
1.0387e-02
9.9638e-03
9.8567e-03
1.0206e-02
1.0931e-02
1.1799e-02
1.2983e-02
1.4256e-02
1.5386e-02
1.6248e-02
1.6735e-02
1.7181e-02
1.7500e-02
1.7476e-02
1.7113e-02
1.6373e-02
1.5620e-02
1.4909e-02
1.4024e-02
1.3022e-02
1.1820e-02
1.0513e-02
9.3292e-03
8.3211e-03
7.4788e-03
6.7449e-03
6.0989e-03
5.3854e-03
4.4073e-03
3.0541e-03
1.5389e-03
2.4967e-04
-8.5748e-04
-1.6128e-03
-1.6969e-03
-1.1842e-03
8.4635e-05
2.0160e-03
4.0778e-03
5.8263e-03
6.9740e-03
7.6171e-03
7.7268e-03
7.2547e-03
6.6132e-03
6.2027e-03
6.2355e-03
6.7609e-03
7.5193e-03
8.2995e-03
8.9488e-03
9.2533e-03
9.2869e-03
9.0339e-03
8.3782e-03
7.6771e-03
7.3238e-03
7.3933e-03
8.1435e-03
9.7714e-03
1.1959e-02
1.4448e-02
1.6833e-02
1.8688e-02
1.9929e-02
2.0579e-02
2.1093e-02
2.1819e-02
2.2851e-02
2.4182e-02
2.5447e-02
2.6462e-02
2.7148e-02
2.7390e-02
2.7209e-02
2.6759e-02
2.6142e-02
2.5365e-02
2.4687e-02
2.4256e-02
2.4069e-02
2.4138e-02
2.4366e-02
2.4629e-02
2.4790e-02
2.4719e-02
2.4401e-02
2.3908e-02
2.3260e-02
2.2691e-02
2.2263e-02
2.1750e-02
2.1167e-02
2.0291e-02
1.8979e-02
1.7450e-02
1.5705e-02
1.3930e-02
1.2415e-02
1.1172e-02
1.0124e-02
9.0759e-03
7.9969e-03
7.1267e-03
6.5337e-03
6.0852e-03
5.8020e-03
5.6756e-03
5.6891e-03
5.8913e-03
6.4017e-03
7.3024e-03
8.1054e-03
8.6558e-03
9.2161e-03
9.5639e-03
9.5910e-03
9.3435e-03
8.6888e-03
7.8159e-03
7.0988e-03
6.5263e-03
5.8978e-03
5.1955e-03
4.4713e-03
3.7129e-03
3.0234e-03
2.4872e-03
2.1725e-03
2.2220e-03
2.2700e-03
1.9232e-03
1.2764e-03
3.4774e-04
-7.7743e-04
-1.9287e-03
-2.9548e-03
-3.7398e-03
-4.3818e-03
-4.8391e-03
-5.0838e-03
-5.3097e-03
-5.5915e-03
-6.0088e-03
-6.6398e-03
-7.4767e-03
-8.6990e-03
-1.0559e-02
-1.2949e-02
-1.5634e-02
-1.8559e-02
-2.1600e-02
-2.4523e-02
-2.6990e-02
-2.8817e-02
-3.0173e-02
-3.1112e-02
-3.1509e-02
-3.1393e-02
-3.0903e-02
-3.0125e-02
-2.9263e-02
-2.8525e-02
-2.8034e-02
-2.7851e-02
-2.7827e-02
-2.7919e-02
-2.8409e-02
-2.9415e-02
-3.0836e-02
-3.2727e-02
-3.5089e-02
-3.7652e-02
-4.0110e-02
-4.2266e-02
-4.3921e-02
-4.4902e-02
-4.5273e-02
-4.4992e-02
-4.3930e-02
-4.2144e-02
-3.9660e-02
-3.6726e-02
-3.3584e-02
-3.0419e-02
-2.7507e-02
-2.4875e-02
-2.2569e-02
-2.0495e-02
-1.8403e-02
-1.6384e-02
-1.4601e-02
-1.2993e-02
-1.1534e-02
-1.0248e-02
-9.0732e-03
-7.9339e-03
-6.4970e-03
-4.7604e-03
-2.9304e-03
-1.0590e-03
4.9432e-04
1.5199e-03
1.9180e-03
1.6039e-03
7.2431e-04
-6.1461e-04
-2.3536e-03
-4.2098e-03
-5.6829e-03
-6.4930e-03
-6.5742e-03
-5.9759e-03
-4.7688e-03
-3.0623e-03
-1.2669e-03
2.5625e-04
1.3931e-03
2.1129e-03
2.5508e-03
2.7852e-03
2.8421e-03
2.8647e-03
2.9520e-03
3.2600e-03
3.7849e-03
4.4304e-03
5.2275e-03
6.1118e-03
7.2113e-03
8.6198e-03
1.0320e-02
1.2130e-02
1.3687e-02
1.4983e-02
1.5834e-02
1.5990e-02
1.5436e-02
1.4253e-02
1.2682e-02
1.0734e-02
8.4616e-03
6.0442e-03
3.5645e-03
1.1545e-03
-9.6688e-04
-2.6864e-03
-3.9518e-03
-4.7197e-03
-5.2376e-03
-5.6371e-03
-5.8355e-03
-5.9247e-03
-5.9570e-03
-5.8886e-03
-5.7558e-03
-5.6967e-03
-5.9313e-03
-6.5059e-03
-7.0432e-03
-7.2949e-03
-7.2907e-03
-7.0136e-03
-6.5748e-03
-6.1162e-03
-5.7977e-03
-5.5629e-03
-5.1151e-03
-4.2188e-03
-2.5071e-03
1.1463e-04
3.2385e-03
6.5498e-03
9.8437e-03
1.2739e-02
1.4952e-02
1.6401e-02
1.7096e-02
1.7199e-02
1.6810e-02
1.6088e-02
1.5253e-02
1.4336e-02
1.3343e-02
1.2199e-02
1.0654e-02
8.5666e-03
6.1448e-03
3.6965e-03
1.2291e-03
-1.2110e-03
-3.3766e-03
-5.1777e-03
-6.6497e-03
-7.9012e-03
-9.1454e-03
-1.0452e-02
-1.1721e-02
-1.2840e-02
-1.3729e-02
-1.4540e-02
-1.5470e-02
-1.6379e-02
-1.7167e-02
-1.7909e-02
-1.8542e-02
-1.9112e-02
-1.9560e-02
-1.9667e-02
-1.9541e-02
-1.9198e-02
-1.8620e-02
-1.7886e-02
-1.6915e-02
-1.5730e-02
-1.4342e-02
-1.2731e-02
-1.0889e-02
-8.5574e-03
-5.6208e-03
-2.3146e-03
1.1894e-03
4.7465e-03
8.1757e-03
1.1310e-02
1.3965e-02
1.6103e-02
1.7742e-02
1.8788e-02
1.9180e-02
1.9041e-02
1.8573e-02
1.7867e-02
1.7028e-02
1.6144e-02
1.5136e-02
1.3954e-02
1.2714e-02
1.1432e-02
1.0150e-02
9.1545e-03
8.5695e-03
8.4009e-03
8.5312e-03
8.6557e-03
8.5679e-03
8.0448e-03
7.0668e-03
5.8209e-03
4.3755e-03
2.6874e-03
7.5392e-04
-1.3543e-03
-3.5611e-03
-5.6095e-03
-7.2866e-03
-8.6497e-03
-9.6274e-03
-1.0020e-02
-9.8966e-03
-9.4611e-03
-8.8530e-03
-8.1189e-03
-7.2602e-03
-6.4247e-03
-5.6672e-03
-4.9358e-03
-4.3099e-03
-3.8176e-03
-3.3120e-03
-2.6307e-03
-1.8120e-03
-9.8912e-04
-2.2642e-04
4.2029e-04
8.0329e-04
8.0249e-04
4.2722e-04
-3.9883e-04
-1.6702e-03
-3.1555e-03
-4.7088e-03
-6.1922e-03
-7.3550e-03
-8.0969e-03
-8.6443e-03
-9.2286e-03
-9.9414e-03
-1.0976e-02
-1.2392e-02
-1.3907e-02
-1.5225e-02
-1.6188e-02
-1.6620e-02
-1.6546e-02
-1.6045e-02
-1.5207e-02
-1.4348e-02
-1.3574e-02
-1.2755e-02
-1.1841e-02
-1.0890e-02
-9.8950e-03
-8.9273e-03
-7.9935e-03
-7.0524e-03
-6.2209e-03
-5.2990e-03
-4.1815e-03
-3.0131e-03
-1.8514e-03
-7.0973e-04
5.3769e-04
1.9773e-03
3.5940e-03
5.3918e-03
7.5722e-03
1.0107e-02
1.2705e-02
1.5135e-02
1.7137e-02
1.8636e-02
1.9550e-02
1.9904e-02
1.9893e-02
1.9574e-02
1.9107e-02
1.8629e-02
1.8075e-02
1.7352e-02
1.6409e-02
1.5313e-02
1.4072e-02
1.2658e-02
1.1119e-02
9.3785e-03
7.4658e-03
5.5127e-03
3.6289e-03
1.9110e-03
2.1900e-04
-1.4621e-03
-2.9998e-03
-4.4839e-03
-5.9171e-03
-7.1712e-03
-8.1165e-03
-8.7402e-03
-9.1815e-03
-9.4534e-03
-9.5500e-03
-9.4249e-03
-8.9763e-03
-8.1513e-03
-6.8923e-03
-5.2364e-03
-3.2603e-03
-1.0884e-03
1.1327e-03
3.3425e-03
5.4783e-03
7.3809e-03
9.0154e-03
1.0516e-02
1.1793e-02
1.2843e-02
1.3798e-02
1.4535e-02
1.4946e-02
1.5070e-02
1.4943e-02
1.4590e-02
1.4136e-02
1.3623e-02
1.3146e-02
1.2799e-02
1.2514e-02
1.2275e-02
1.2041e-02
1.2003e-02
1.2198e-02
1.2515e-02
1.2885e-02
1.3024e-02
1.3041e-02
1.2925e-02
1.2359e-02
1.1310e-02
9.8435e-03
8.1991e-03
6.5695e-03
5.0314e-03
3.6799e-03
2.4924e-03
1.5917e-03
1.0056e-03
5.1873e-04
-8.5134e-06
-7.6913e-04
-1.8507e-03
-3.2913e-03
-5.1024e-03
-7.1231e-03
-9.1270e-03
-1.0821e-02
-1.2120e-02
-1.2937e-02
-1.3249e-02
-1.3165e-02
-1.2693e-02
-1.2043e-02
-1.1434e-02
-1.1007e-02
-1.0826e-02
-1.0749e-02
-1.0734e-02
-1.0735e-02
-1.0749e-02
-1.0773e-02
-1.0779e-02
-1.0975e-02
-1.1357e-02
-1.1861e-02
-1.2464e-02
-1.3007e-02
-1.3413e-02
-1.3557e-02
-1.3354e-02
-1.2708e-02
-1.1535e-02
-9.9204e-03
-7.9573e-03
-5.8454e-03
-3.7836e-03
-1.8497e-03
-1.2529e-04
1.3165e-03
2.4285e-03
3.3100e-03
4.1938e-03
5.1092e-03
6.1332e-03
7.3469e-03
8.5375e-03
9.5311e-03
1.0149e-02
1.0230e-02
9.7575e-03
8.8060e-03
7.6619e-03
6.5397e-03
5.6396e-03
5.0279e-03
4.5789e-03
4.3814e-03
4.2854e-03
4.0381e-03
3.6883e-03
3.2064e-03
2.6707e-03
2.2392e-03
2.0216e-03
2.2051e-03
2.8397e-03
3.9495e-03
5.6688e-03
7.8085e-03
1.0139e-02
1.2549e-02
1.4789e-02
1.6796e-02
1.8535e-02
1.9942e-02
2.1088e-02
2.2095e-02
2.3004e-02
2.3709e-02
2.4152e-02
2.4255e-02
2.3985e-02
2.3351e-02
2.2348e-02
2.1108e-02
1.9813e-02
1.8667e-02
1.7673e-02
1.6806e-02
1.6157e-02
1.5681e-02
1.5408e-02
1.5244e-02
1.5026e-02
1.4855e-02
1.4679e-02
1.4475e-02
1.4372e-02
1.4227e-02
1.4092e-02
1.4048e-02
1.3977e-02
1.3937e-02
1.3691e-02
1.3281e-02
1.2870e-02
1.2252e-02
1.1657e-02
1.1067e-02
1.0231e-02
9.3172e-03
8.3584e-03
7.2564e-03
6.1524e-03
5.1917e-03
4.5274e-03
4.3535e-03
4.6532e-03
5.4524e-03
6.4504e-03
7.2602e-03
7.9079e-03
8.3248e-03
8.4663e-03
8.2879e-03
7.8108e-03
7.2599e-03
6.6855e-03
6.0756e-03
5.3868e-03
4.5760e-03
3.7290e-03
2.8537e-03
1.8051e-03
4.5635e-04
-9.8962e-04
-2.3276e-03
-3.5698e-03
-4.5976e-03
-5.4823e-03
-6.2797e-03
-6.9307e-03
-7.5797e-03
-8.2577e-03
-8.9823e-03
-9.7023e-03
-1.0354e-02
-1.0997e-02
-1.1566e-02
-1.1980e-02
-1.2222e-02
-1.2321e-02
-1.2342e-02
-1.2353e-02
-1.2441e-02
-1.2590e-02
-1.2757e-02
-1.3013e-02
-1.3326e-02
-1.3625e-02
-1.3934e-02
-1.4280e-02
-1.4708e-02
-1.5228e-02
-1.5735e-02
-1.6167e-02
-1.6606e-02
-1.6983e-02
-1.7359e-02
-1.7964e-02
-1.8713e-02
-1.9495e-02
-2.0372e-02
-2.1374e-02
-2.2402e-02
-2.3233e-02
-2.3816e-02
-2.4135e-02
-2.4071e-02
-2.3724e-02
-2.3204e-02
-2.2598e-02
-2.1963e-02
-2.1364e-02
-2.1024e-02
-2.0846e-02
-2.0801e-02
-2.1079e-02
-2.1712e-02
-2.2622e-02
-2.3664e-02
-2.4788e-02
-2.5699e-02
-2.6232e-02
-2.6340e-02
-2.5931e-02
-2.5230e-02
-2.4184e-02
-2.2786e-02
-2.1269e-02
-1.9660e-02
-1.8064e-02
-1.6629e-02
-1.5315e-02
-1.4107e-02
-1.2975e-02
-1.1959e-02
-1.1093e-02
-1.0182e-02
-9.2938e-03
-8.5070e-03
-7.6994e-03
-6.9550e-03
-6.3159e-03
-5.7652e-03
-5.3231e-03
-5.0359e-03
-4.8574e-03
-4.7883e-03
-4.8806e-03
-5.0143e-03
-5.1467e-03
-5.2215e-03
-5.2170e-03
-5.0963e-03
-4.6058e-03
-3.7268e-03
-2.5557e-03
-1.1630e-03
3.3985e-04
2.0615e-03
3.9387e-03
5.7401e-03
7.4715e-03
9.1452e-03
1.0762e-02
1.2269e-02
1.3705e-02
1.5050e-02
1.6183e-02
1.7213e-02
1.8173e-02
1.9143e-02
2.0260e-02
2.1573e-02
2.3014e-02
2.4502e-02
2.6087e-02
2.7640e-02
2.9098e-02
3.0391e-02
3.1415e-02
3.2139e-02
3.2485e-02
3.2729e-02
3.2987e-02
3.3059e-02
3.2985e-02
3.2808e-02
3.2556e-02
3.2175e-02
3.1661e-02
3.1278e-02
3.0953e-02
3.0546e-02
3.0276e-02
3.0097e-02
2.9953e-02
2.9930e-02
2.9863e-02
2.9811e-02
2.9867e-02
2.9874e-02
2.9843e-02
2.9752e-02
2.9709e-02
2.9808e-02
2.9692e-02
2.9587e-02
2.9667e-02
2.9253e-02
2.8676e-02
2.8139e-02
2.7004e-02
2.5622e-02
2.4175e-02
2.2526e-02
2.0674e-02
1.8746e-02
1.7098e-02
1.5230e-02
1.3187e-02
1.1382e-02
9.3050e-03
6.9942e-03
4.5441e-03
1.9316e-03
-5.3360e-04
-3.0720e-03
-5.5683e-03
-7.7758e-03
-9.8499e-03
-1.1753e-02
-1.3800e-02
-1.6027e-02
-1.8275e-02
-2.0828e-02
-2.3577e-02
-2.6366e-02
-2.8999e-02
-3.1222e-02
-3.3107e-02
-3.4592e-02
-3.5694e-02
-3.6619e-02
-3.7398e-02
-3.8117e-02
-3.8717e-02
-3.9127e-02
-3.9419e-02
-3.9426e-02
-3.9211e-02
-3.8741e-02
-3.7917e-02
-3.7027e-02
-3.5976e-02
-3.4684e-02
-3.3350e-02
-3.2005e-02
-3.0742e-02
-2.9593e-02
-2.8710e-02
-2.8304e-02
-2.8142e-02
-2.8190e-02
-2.8658e-02
-2.9210e-02
-2.9531e-02
-2.9811e-02
-2.9989e-02
-2.9963e-02
-2.9842e-02
-2.9639e-02
-2.9439e-02
-2.9209e-02
-2.8971e-02
-2.8767e-02
-2.8640e-02
-2.8720e-02
-2.8774e-02
-2.8958e-02
-2.9346e-02
-2.9724e-02
-3.0189e-02
-3.0489e-02
-3.0733e-02
-3.1089e-02
-3.1206e-02
-3.1109e-02
-3.0891e-02
-3.0585e-02
-3.0022e-02
-2.9104e-02
-2.8208e-02
-2.7237e-02
-2.5926e-02
-2.4394e-02
-2.2733e-02
-2.1057e-02
-1.9396e-02
-1.7581e-02
-1.5695e-02
-1.3988e-02
-1.2420e-02
-1.0900e-02
-9.4718e-03
-8.2592e-03
-7.1643e-03
-5.9766e-03
-4.7704e-03
-3.3913e-03
-1.7124e-03
2.3987e-04
2.6280e-03
5.3706e-03
8.4981e-03
1.1905e-02
1.5325e-02
1.8871e-02
2.2355e-02
2.5529e-02
2.8294e-02
3.0600e-02
3.2474e-02
3.3817e-02
3.4804e-02
3.5533e-02
3.5955e-02
3.6257e-02
3.6483e-02
3.6758e-02
3.7134e-02
3.7611e-02
3.8421e-02
3.9431e-02
4.0623e-02
4.2061e-02
4.3536e-02
4.5148e-02
4.6715e-02
4.8239e-02
4.9759e-02
5.0890e-02
5.1948e-02
5.2876e-02
5.3501e-02
5.4044e-02
5.4422e-02
5.4734e-02
5.4874e-02
5.4788e-02
5.4546e-02
5.4053e-02
5.3282e-02
5.2257e-02
5.1055e-02
4.9574e-02
4.7937e-02
4.6360e-02
4.4809e-02
4.3399e-02
4.2168e-02
4.1004e-02
4.0069e-02
3.9341e-02
3.8554e-02
3.7873e-02
3.7306e-02
3.6690e-02
3.6053e-02
3.5327e-02
3.4516e-02
3.3509e-02
3.2298e-02
3.0918e-02
2.9216e-02
2.7237e-02
2.5030e-02
2.2552e-02
1.9858e-02
1.7054e-02
1.4285e-02
1.1569e-02
8.8716e-03
6.3921e-03
4.0954e-03
1.8726e-03
-3.9343e-05
-1.6158e-03
-2.8661e-03
-3.8738e-03
-4.8408e-03
-5.6512e-03
-6.3924e-03
-7.3147e-03
-8.3255e-03
-9.4551e-03
-1.0847e-02
-1.2340e-02
-1.3804e-02
-1.5367e-02
-1.6994e-02
-1.8505e-02
-1.9977e-02
-2.1506e-02
-2.2981e-02
-2.4384e-02
-2.5828e-02
-2.7245e-02
-2.8464e-02
-2.9513e-02
-3.0541e-02
-3.1507e-02
-3.2338e-02
-3.3168e-02
-3.3907e-02
-3.4512e-02
-3.4933e-02
-3.5074e-02
-3.5252e-02
-3.5304e-02
-3.5281e-02
-3.5602e-02
-3.6010e-02
-3.6512e-02
-3.7225e-02
-3.8023e-02
-3.8978e-02
-3.9957e-02
-4.0913e-02
-4.1971e-02
-4.2847e-02
-4.3550e-02
-4.4254e-02
-4.4598e-02
-4.4602e-02
-4.4338e-02
-4.3458e-02
-4.2028e-02
-4.0116e-02
-3.8445e-02
-3.5766e-02
-3.3120e-02
-3.0783e-02
-2.8976e-02
-2.7620e-02
-2.7009e-02
-2.7095e-02
-2.7398e-02
-2.8020e-02
-2.8810e-02
-2.9544e-02
-3.0365e-02
-3.1030e-02
-3.1423e-02
-3.1411e-02
-3.0973e-02
-3.0270e-02
-2.9044e-02
-2.7495e-02
-2.5695e-02
-2.3566e-02
-2.1464e-02
-1.9411e-02
-1.7450e-02
-1.5669e-02
-1.4080e-02
-1.2790e-02
-1.1788e-02
-1.0875e-02
-1.0221e-02
-9.9867e-03
-9.7720e-03
-9.7495e-03
-9.9461e-03
-1.0148e-02
-1.0538e-02
-1.0826e-02
-1.1065e-02
-1.1363e-02
-1.1520e-02
-1.1578e-02
-1.1380e-02
-1.0999e-02
-1.0395e-02
-9.2958e-03
-7.9838e-03
-6.5387e-03
-4.9071e-03
-3.2097e-03
-1.4433e-03
1.9890e-04
1.8491e-03
3.5300e-03
4.8040e-03
5.8845e-03
6.8628e-03
7.4746e-03
7.7633e-03
7.7176e-03
7.4971e-03
7.1579e-03
6.7120e-03
6.3664e-03
5.9159e-03
5.3425e-03
4.8573e-03
4.3142e-03
3.7780e-03
3.2570e-03
2.6676e-03
2.1758e-03
1.8235e-03
1.9298e-03
2.6096e-03
3.5285e-03
4.8036e-03
6.3746e-03
7.9369e-03
9.4460e-03
1.0793e-02
1.1847e-02
1.2475e-02
1.2806e-02
1.3088e-02
1.3150e-02
1.2982e-02
1.2698e-02
1.2219e-02
1.1702e-02
1.1280e-02
1.0851e-02
1.0485e-02
1.0385e-02
1.0602e-02
1.1104e-02
1.1845e-02
1.2720e-02
1.3630e-02
1.4517e-02
1.5326e-02
1.6053e-02
1.6739e-02
1.7321e-02
1.7680e-02
1.7876e-02
1.8047e-02
1.8140e-02
1.8025e-02
1.7835e-02
1.7631e-02
1.7258e-02
1.6831e-02
1.6475e-02
1.6115e-02
1.5709e-02
1.5291e-02
1.4928e-02
1.4621e-02
1.4428e-02
1.4297e-02
1.3999e-02
1.3643e-02
1.3277e-02
1.2792e-02
1.2262e-02
1.1578e-02
1.0634e-02
9.4463e-03
8.0835e-03
6.7964e-03
5.7465e-03
5.0118e-03
4.5527e-03
4.2819e-03
4.3407e-03
4.6615e-03
4.9141e-03
5.0397e-03
5.1372e-03
5.0485e-03
4.7179e-03
4.5021e-03
4.4620e-03
4.4304e-03
4.4069e-03
4.4932e-03
4.7688e-03
4.9832e-03
4.9928e-03
4.7946e-03
4.3590e-03
3.7379e-03
3.1090e-03
2.6797e-03
2.3294e-03
2.0015e-03
1.7385e-03
1.4713e-03
1.2669e-03
1.1357e-03
1.0340e-03
8.6783e-04
6.4866e-04
4.5624e-04
2.1903e-04
7.3520e-05
6.9321e-05
6.7242e-05
4.9421e-05
9.6488e-06
4.7925e-05
1.9359e-04
3.5497e-04
5.1345e-04
6.2164e-04
7.4350e-04
1.0394e-03
1.5306e-03
2.1243e-03
2.7160e-03
3.2489e-03
3.7054e-03
4.2333e-03
4.8408e-03
5.3757e-03
5.8684e-03
6.2580e-03
6.4677e-03
6.5235e-03
6.4158e-03
6.2864e-03
6.3683e-03
6.6775e-03
7.1626e-03
7.7189e-03
7.9938e-03
7.8337e-03
7.4910e-03
7.3123e-03
7.4921e-03
8.0524e-03
9.0623e-03
1.0500e-02
1.2114e-02
1.3571e-02
1.4612e-02
1.5168e-02
1.5302e-02
1.5169e-02
1.4915e-02
1.4493e-02
1.3831e-02
1.3012e-02
1.2133e-02
1.1337e-02
1.0808e-02
1.0478e-02
1.0073e-02
9.5349e-03
8.9376e-03
8.3271e-03
7.7537e-03
7.2324e-03
6.8204e-03
6.5253e-03
6.3893e-03
6.4106e-03
6.4504e-03
6.4814e-03
6.4942e-03
6.4662e-03
6.3755e-03
6.0392e-03
5.3460e-03
4.4475e-03
3.4703e-03
2.5694e-03
1.8111e-03
1.0707e-03
3.6574e-04
-2.8097e-04
-8.6819e-04
-1.3425e-03
-1.7177e-03
-2.0488e-03
-2.3862e-03
-2.6561e-03
-2.7666e-03
-2.7873e-03
-2.7392e-03
-2.5679e-03
-2.3858e-03
-2.3032e-03
-2.3084e-03
-2.4817e-03
-2.8002e-03
-3.1321e-03
-3.5186e-03
-4.0471e-03
-4.6469e-03
-5.2240e-03
-5.8012e-03
-6.3127e-03
-6.7346e-03
-7.1178e-03
-7.4563e-03
-7.7613e-03
-7.9097e-03
-7.9556e-03
-7.9991e-03
-7.8038e-03
-7.3665e-03
-6.8515e-03
-6.3428e-03
-6.0069e-03
-5.7659e-03
-5.5439e-03
-5.4262e-03
-5.4154e-03
-5.5137e-03
-5.6233e-03
-5.6764e-03
-5.7207e-03
-5.8059e-03
-6.0343e-03
-6.4711e-03
-7.0126e-03
-7.5176e-03
-7.9909e-03
-8.3826e-03
-8.6405e-03
-8.7750e-03
-8.8041e-03
-8.8502e-03
-8.9395e-03
-9.0326e-03
-9.1818e-03
-9.3636e-03
-9.4697e-03
-9.5308e-03
-9.6120e-03
-9.6707e-03
-9.7263e-03
-9.7809e-03
-9.8177e-03
-9.8553e-03
-9.8348e-03
-9.7630e-03
-9.6540e-03
-9.5007e-03
-9.3145e-03
-9.0322e-03
-8.7427e-03
-8.4836e-03
-8.2256e-03
-8.0781e-03
-8.0021e-03
-7.9891e-03
-7.9909e-03
-7.9132e-03
-7.8454e-03
-7.7488e-03
-7.5757e-03
-7.3912e-03
-7.1747e-03
-6.8766e-03
-6.4724e-03
-6.0204e-03
-5.5667e-03
-5.0912e-03
-4.6213e-03
-4.1571e-03
-3.6553e-03
-3.0844e-03
-2.4130e-03
-1.7077e-03
-1.0269e-03
-3.9501e-04
1.4765e-04
6.2674e-04
9.8778e-04
1.2554e-03
1.5483e-03
1.8657e-03
2.2539e-03
2.7470e-03
3.3176e-03
3.9676e-03
4.6585e-03
5.3484e-03
5.9779e-03
6.4607e-03
6.8012e-03
7.0295e-03
7.1316e-03
7.1626e-03
7.1741e-03
7.1641e-03
7.1677e-03
7.1970e-03
7.2363e-03
7.2690e-03
7.2547e-03
7.1899e-03
7.0849e-03
6.9143e-03
6.7065e-03
6.4833e-03
6.2436e-03
5.9897e-03
5.7059e-03
5.4213e-03
5.1287e-03
4.8270e-03
4.5387e-03
4.2662e-03
4.0311e-03
3.8175e-03
3.6373e-03
3.4995e-03
3.3905e-03
3.3091e-03
3.2252e-03
3.1276e-03
2.9863e-03
2.7873e-03
2.5685e-03
2.3197e-03
2.0232e-03
1.7051e-03
1.3993e-03
1.1118e-03
8.5202e-04
6.3804e-04
4.6421e-04
3.1917e-04
1.9772e-04
8.7747e-05
-3.9598e-05
-1.7999e-04
-3.0734e-04
-4.2788e-04
-5.5918e-04
-6.9927e-04
-8.3508e-04
-9.6859e-04
-1.0908e-03
-1.1876e-03
-1.2658e-03
-1.3392e-03
-1.4145e-03
-1.4937e-03
-1.5791e-03
-1.6751e-03
-1.7880e-03
-1.8969e-03
-1.9939e-03
-2.0903e-03
-2.1896e-03
-2.2954e-03
-2.4032e-03
-2.5033e-03
-2.5856e-03
-2.6577e-03
-2.7068e-03
-2.7162e-03
-2.7043e-03
-2.6613e-03
-2.5854e-03
-2.4900e-03
-2.3745e-03
-2.2489e-03
-2.1162e-03
-1.9774e-03
-1.8496e-03
-1.7381e-03
-1.6434e-03
-1.5877e-03
-1.5681e-03
-1.5747e-03
-1.6119e-03
-1.6612e-03
-1.7119e-03
-1.7622e-03
-1.8015e-03
-1.8239e-03
-1.8256e-03
-1.8049e-03
-1.7631e-03
-1.7045e-03
-1.6337e-03
-1.5584e-03
-1.4869e-03
-1.4174e-03
-1.3526e-03
-1.2932e-03
-1.2374e-03
-1.1901e-03
-1.1455e-03
-1.1067e-03
-1.0721e-03
-1.0356e-03
-1.0082e-03
-9.9432e-04
-9.8540e-04
-9.7895e-04
-9.7529e-04
-9.6539e-04
-9.4579e-04
-9.1682e-04
-8.7578e-04
-8.2649e-04
-7.6950e-04
-7.0740e-04
-6.4256e-04
-5.7081e-04
-4.9665e-04
-4.2195e-04
-3.4833e-04
-2.8331e-04
-2.2547e-04
-1.7707e-04
-1.4192e-04
-1.1458e-04
-9.1432e-05
-7.0415e-05
-4.8394e-05
-2.4450e-05
1.8083e-06
3.0311e-05
6.1650e-05
9.7840e-05
1.3620e-04
1.7617e-04
2.1908e-04
2.6156e-04
3.0259e-04
3.4099e-04
3.7663e-04
4.0964e-04
4.3820e-04
4.6253e-04
4.8222e-04
4.9717e-04
5.0769e-04
5.1464e-04
5.1996e-04
5.2422e-04
5.2750e-04
5.3015e-04
5.3215e-04
5.3326e-04
5.3431e-04
5.3497e-04
5.3465e-04
5.3369e-04
5.3185e-04
5.2939e-04
5.2599e-04
5.2170e-04
5.1679e-04
5.1109e-04
5.0508e-04
4.9847e-04
4.9093e-04
4.8276e-04
4.7395e-04
4.6484e-04
4.5580e-04
4.4656e-04
4.3676e-04
4.2653e-04
4.1613e-04
4.0514e-04
3.9348e-04
3.8162e-04
3.6939e-04
3.5677e-04
3.4401e-04
3.3101e-04
3.1794e-04
3.0507e-04
2.9250e-04
2.8034e-04
2.6857e-04
2.5727e-04
2.4649e-04
2.3632e-04
2.2679e-04
2.1770e-04
2.0910e-04
2.0098e-04
1.9326e-04
1.8594e-04
1.7895e-04
1.7226e-04
1.6589e-04
1.5985e-04
1.5408e-04
1.4854e-04
1.4323e-04
1.3808e-04
1.3310e-04
1.2833e-04
1.2374e-04
1.1932e-04
1.1508e-04
1.1098e-04
1.0705e-04
1.0324e-04
9.9562e-05
9.6019e-05
9.2596e-05
8.9288e-05
8.6095e-05
8.3003e-05
8.0011e-05
7.7113e-05
7.4301e-05
7.1570e-05
6.8912e-05
6.6323e-05
6.3795e-05
6.1322e-05
5.8901e-05
5.6525e-05
5.4189e-05
5.1889e-05
4.9618e-05
4.7373e-05
4.5151e-05
4.2947e-05
4.0761e-05
3.8590e-05
3.6433e-05
3.4289e-05
3.2158e-05
3.0039e-05
2.7932e-05
