2.7120e-03
2.7064e-03
2.7007e-03
2.6950e-03
2.6892e-03
2.6835e-03
2.6777e-03
2.6720e-03
2.6663e-03
2.6606e-03
2.6547e-03
2.6485e-03
2.6422e-03
2.6359e-03
2.6296e-03
2.6236e-03
2.6179e-03
2.6126e-03
2.6072e-03
2.6016e-03
2.5954e-03
2.5882e-03
2.5791e-03
2.5693e-03
2.5603e-03
2.5528e-03
2.5474e-03
2.5456e-03
2.5481e-03
2.5544e-03
2.5606e-03
2.5625e-03
2.5584e-03
2.5474e-03
2.5333e-03
2.5200e-03
2.5095e-03
2.5076e-03
2.5143e-03
2.5190e-03
2.5139e-03
2.4981e-03
2.4764e-03
2.4643e-03
2.4643e-03
2.4631e-03
2.4539e-03
2.4403e-03
2.4273e-03
2.4049e-03
2.3641e-03
2.3257e-03
2.3073e-03
2.3146e-03
2.3420e-03
2.3880e-03
2.4496e-03
2.5172e-03
2.5712e-03
2.6566e-03
2.8060e-03
2.9670e-03
3.0744e-03
3.0939e-03
2.9975e-03
2.8403e-03
2.6763e-03
2.4914e-03
2.2722e-03
2.0605e-03
1.9359e-03
1.9965e-03
2.1992e-03
2.4067e-03
2.4838e-03
2.3576e-03
2.1236e-03
1.8981e-03
1.8088e-03
1.8660e-03
1.9558e-03
2.0317e-03
2.1210e-03
2.0925e-03
1.9275e-03
1.9101e-03
2.1649e-03
2.5011e-03
2.7850e-03
3.0704e-03
3.2629e-03
3.0821e-03
2.5269e-03
1.8566e-03
1.4116e-03
1.3794e-03
1.5965e-03
1.8609e-03
2.0374e-03
2.0717e-03
1.9760e-03
1.9048e-03
1.9608e-03
2.0484e-03
2.0569e-03
2.0026e-03
2.0014e-03
2.0864e-03
2.3463e-03
2.7790e-03
3.2960e-03
3.8788e-03
4.3797e-03
4.4004e-03
3.7488e-03
2.7903e-03
1.9696e-03
1.4301e-03
9.1272e-04
2.8441e-04
-3.1105e-04
-7.3220e-04
-7.9909e-04
-3.8801e-04
5.4247e-04
1.6452e-03
2.8258e-03
4.1566e-03
5.2066e-03
5.4557e-03
5.0406e-03
4.4901e-03
4.1282e-03
3.8836e-03
3.6378e-03
3.4759e-03
3.5939e-03
3.8059e-03
3.6503e-03
3.0525e-03
2.4972e-03
2.5512e-03
3.2613e-03
4.2606e-03
5.1751e-03
5.6824e-03
5.7264e-03
5.6899e-03
5.7729e-03
6.0536e-03
6.5644e-03
7.2072e-03
7.7510e-03
7.9336e-03
7.4462e-03
6.4960e-03
5.4887e-03
4.7691e-03
4.4658e-03
4.5573e-03
4.9701e-03
5.5111e-03
6.0775e-03
6.3639e-03
5.7345e-03
3.9725e-03
1.7772e-03
-5.8550e-05
-1.1612e-03
-1.4874e-03
-1.0549e-03
-7.3279e-06
1.4095e-03
2.9632e-03
4.5204e-03
5.8817e-03
6.5464e-03
6.3438e-03
5.6961e-03
5.3347e-03
5.3635e-03
5.1472e-03
3.8442e-03
1.5228e-03
-1.0645e-03
-3.1555e-03
-4.1730e-03
-4.0277e-03
-3.0964e-03
-1.7555e-03
-9.2917e-05
1.2673e-03
1.6488e-03
9.1879e-04
-2.9464e-04
-7.8865e-04
-8.9460e-05
1.8493e-03
4.0184e-03
5.0341e-03
4.4621e-03
3.4642e-03
3.6601e-03
5.2410e-03
6.7664e-03
6.2754e-03
3.3843e-03
-6.4370e-04
-4.1695e-03
-5.6498e-03
-4.3776e-03
-9.9941e-04
2.9793e-03
5.6371e-03
5.3789e-03
2.3253e-03
-1.3571e-03
-3.6741e-03
-4.2341e-03
-3.3512e-03
-1.3963e-03
9.5646e-04
2.8989e-03
4.0824e-03
5.0483e-03
6.5773e-03
8.3231e-03
9.1920e-03
8.9840e-03
8.2711e-03
7.6741e-03
7.4520e-03
7.0642e-03
6.0946e-03
5.0692e-03
4.2209e-03
3.1889e-03
1.4464e-03
-1.1108e-03
-3.5340e-03
-5.1700e-03
-6.4367e-03
-7.5136e-03
-7.8579e-03
-6.4635e-03
-3.4320e-03
-9.3350e-06
2.4828e-03
3.7766e-03
4.2870e-03
4.7188e-03
5.5338e-03
6.2035e-03
5.8615e-03
4.4939e-03
3.0692e-03
2.7357e-03
4.2277e-03
7.6263e-03
1.1891e-02
1.5842e-02
1.8591e-02
1.9156e-02
1.6820e-02
1.1332e-02
3.8352e-03
-3.1793e-03
-8.0900e-03
-1.0452e-02
-1.0361e-02
-8.7068e-03
-7.1446e-03
-6.5588e-03
-7.1629e-03
-8.5446e-03
-9.0510e-03
-6.2321e-03
-3.8919e-04
6.3181e-03
1.3768e-02
1.7290e-02
1.2933e-02
3.1255e-03
-6.2580e-03
-1.0796e-02
-9.3416e-03
-2.9734e-03
5.7297e-03
1.3375e-02
1.7289e-02
1.6598e-02
1.2493e-02
7.3036e-03
2.9444e-03
5.3043e-05
-2.5786e-03
-6.8996e-03
-1.3074e-02
-1.8850e-02
-2.0381e-02
-1.5546e-02
-6.6780e-03
1.6117e-03
6.4872e-03
7.8782e-03
7.1300e-03
5.7998e-03
5.1070e-03
5.2156e-03
5.9286e-03
7.7803e-03
1.1699e-02
1.6805e-02
2.1427e-02
2.3707e-02
2.1453e-02
1.4462e-02
6.2357e-03
4.7772e-04
-1.4632e-03
-5.0447e-05
3.1150e-03
4.9702e-03
3.0082e-03
-2.5245e-03
-8.5989e-03
-1.3172e-02
-1.6521e-02
-1.9519e-02
-2.1570e-02
-2.0795e-02
-1.6065e-02
-8.4667e-03
-5.8745e-04
5.7508e-03
9.5419e-03
1.1102e-02
1.1601e-02
1.0939e-02
7.8695e-03
2.9776e-03
-1.8975e-03
-5.1548e-03
-6.3961e-03
-5.2740e-03
-1.8313e-03
3.0490e-03
8.0130e-03
1.1002e-02
1.0674e-02
6.7246e-03
-5.1848e-04
-9.6758e-03
-1.8192e-02
-2.2660e-02
-2.1085e-02
-1.4502e-02
-6.6048e-03
1.5505e-05
4.9603e-03
8.3323e-03
9.3347e-03
7.1913e-03
2.3158e-03
-2.9002e-03
-6.5007e-03
-7.1218e-03
-4.6302e-03
-5.2604e-04
3.1549e-03
5.1883e-03
6.0359e-03
6.9801e-03
8.9030e-03
1.0762e-02
1.1533e-02
9.8572e-03
4.9597e-03
-1.7806e-03
-8.4773e-03
-1.3305e-02
-1.3870e-02
-9.3017e-03
-2.1096e-03
3.2415e-03
3.8267e-03
1.1012e-04
-5.2786e-03
-8.8686e-03
-8.3839e-03
-4.0333e-03
2.6281e-03
9.7553e-03
1.6051e-02
2.0670e-02
2.1858e-02
1.8199e-02
1.0467e-02
1.4534e-03
-4.6387e-03
-4.6944e-03
2.4735e-03
1.5308e-02
2.8840e-02
3.5830e-02
3.2560e-02
2.1408e-02
8.8451e-03
9.4988e-06
-3.8490e-03
-3.2158e-03
8.9477e-04
6.5202e-03
1.1693e-02
1.5502e-02
1.8348e-02
2.1700e-02
2.6928e-02
3.3892e-02
4.0815e-02
4.3347e-02
3.8265e-02
2.7740e-02
1.7898e-02
1.4456e-02
1.8719e-02
2.6993e-02
3.4838e-02
4.0442e-02
4.1710e-02
3.6667e-02
2.4302e-02
6.6066e-03
-1.0689e-02
-2.1005e-02
-2.0686e-02
-1.1130e-02
6.5888e-04
6.0097e-03
4.7837e-04
-1.2891e-02
-2.5736e-02
-3.0610e-02
-2.6484e-02
-1.7402e-02
-8.1679e-03
-2.2235e-03
-6.4812e-04
-2.4753e-03
-5.7048e-03
-8.4865e-03
-9.7955e-03
-9.0749e-03
-5.5156e-03
-4.9631e-04
3.0393e-03
4.1391e-03
4.8741e-03
9.2646e-03
1.8072e-02
2.6104e-02
2.6533e-02
1.6163e-02
-5.2281e-04
-1.3570e-02
-1.6751e-02
-9.8750e-03
1.4054e-03
9.1461e-03
8.9274e-03
2.9508e-03
-4.4367e-03
-1.1602e-02
-2.0130e-02
-3.0066e-02
-3.6192e-02
-3.3649e-02
-2.1980e-02
-3.1933e-03
1.7684e-02
2.9013e-02
2.4946e-02
1.0180e-02
-6.3411e-03
-1.8388e-02
-2.2118e-02
-1.6636e-02
-3.6167e-03
1.2489e-02
2.6031e-02
3.1307e-02
2.6071e-02
1.2186e-02
-4.0709e-03
-1.3875e-02
-1.1854e-02
5.1110e-04
1.8714e-02
3.5045e-02
4.0806e-02
3.3654e-02
1.7782e-02
1.4970e-03
-7.4616e-03
-7.5835e-03
-3.0804e-03
5.6220e-04
1.1955e-03
-3.9151e-04
-3.2943e-03
-6.0782e-03
-6.2067e-03
-1.6992e-03
7.5241e-03
1.7390e-02
2.0641e-02
1.3522e-02
-1.0393e-03
-1.5336e-02
-2.2991e-02
-2.2348e-02
-1.6047e-02
-8.4601e-03
-3.1292e-03
-2.4309e-03
-7.3004e-03
-1.5389e-02
-2.2250e-02
-2.5019e-02
-2.2738e-02
-1.6563e-02
-9.9781e-03
-6.2459e-03
-7.1673e-03
-1.2809e-02
-2.1001e-02
-2.8512e-02
-3.2365e-02
-3.0572e-02
-2.3279e-02
-1.2891e-02
-4.4483e-03
-2.6080e-03
-8.0166e-03
-1.6863e-02
-2.3228e-02
-2.4006e-02
-2.0388e-02
-1.5790e-02
-1.2479e-02
-1.0114e-02
-6.3464e-03
2.9992e-04
8.0656e-03
1.3312e-02
1.4300e-02
1.1828e-02
7.6831e-03
4.3283e-03
4.0143e-03
6.9068e-03
1.0897e-02
1.3385e-02
1.3590e-02
1.3007e-02
1.3630e-02
1.5550e-02
1.8459e-02
2.1939e-02
2.4097e-02
2.3721e-02
2.0947e-02
1.6347e-02
1.1095e-02
6.3129e-03
2.8919e-03
2.7318e-03
6.9021e-03
1.2967e-02
1.5702e-02
1.1792e-02
5.9292e-04
-1.6930e-02
-3.4005e-02
-4.3193e-02
-4.3216e-02
-3.8244e-02
-3.1547e-02
-2.2240e-02
-1.0138e-02
1.7387e-03
9.0781e-03
1.0288e-02
7.3631e-03
2.9442e-03
-5.3734e-04
-7.5176e-04
2.4907e-03
6.6188e-03
8.6755e-03
7.8744e-03
4.8171e-03
-2.4462e-04
-7.9995e-03
-1.8233e-02
-2.7651e-02
-3.2097e-02
-2.9788e-02
-2.2915e-02
-1.6390e-02
-1.4948e-02
-2.0225e-02
-2.9527e-02
-3.7966e-02
-4.0245e-02
-3.3136e-02
-1.9387e-02
-5.2956e-03
2.8923e-03
2.3879e-03
-4.4298e-03
-1.1491e-02
-1.3607e-02
-9.7550e-03
-3.2325e-03
1.4257e-03
2.9487e-03
3.6075e-03
5.2406e-03
5.4692e-03
4.8262e-04
-9.2505e-03
-1.9757e-02
-2.5257e-02
-2.1290e-02
-9.9506e-03
2.6345e-03
7.6385e-03
1.2350e-03
-1.2975e-02
-2.8920e-02
-4.1302e-02
-4.6089e-02
-4.1777e-02
-2.9349e-02
-9.7429e-03
1.2295e-02
2.8303e-02
3.2373e-02
2.5096e-02
1.3316e-02
6.5407e-03
9.7938e-03
2.2714e-02
3.9481e-02
5.1116e-02
5.2868e-02
4.6167e-02
3.6377e-02
2.8884e-02
2.5638e-02
2.5474e-02
2.6670e-02
2.7602e-02
2.6074e-02
2.0569e-02
1.1026e-02
-1.3506e-03
-1.3007e-02
-2.0643e-02
-2.2192e-02
-1.7755e-02
-1.1239e-02
-9.6575e-03
-1.6505e-02
-2.8922e-02
-4.0259e-02
-4.6354e-02
-4.6218e-02
-4.1770e-02
-3.6322e-02
-3.1864e-02
-2.8628e-02
-2.6755e-02
-2.6677e-02
-2.8751e-02
-3.1274e-02
-3.1242e-02
-2.7341e-02
-2.1525e-02
-1.7825e-02
-2.0104e-02
-2.9257e-02
-4.2694e-02
-5.6974e-02
-6.8225e-02
-7.4227e-02
-7.6106e-02
-7.6789e-02
-7.7993e-02
-7.9860e-02
-8.1507e-02
-8.0888e-02
-7.6759e-02
-7.0264e-02
-6.3597e-02
-5.8982e-02
-5.8009e-02
-5.9730e-02
-5.9775e-02
-5.2988e-02
-3.7622e-02
-1.6275e-02
5.1341e-03
1.9955e-02
2.5179e-02
2.4506e-02
2.2773e-02
2.1880e-02
2.1368e-02
1.8886e-02
1.2912e-02
5.3954e-03
1.6772e-04
-1.9114e-05
2.4073e-03
1.1472e-03
-7.4760e-03
-2.0100e-02
-3.0396e-02
-3.5206e-02
-3.5183e-02
-3.4612e-02
-3.8087e-02
-4.8587e-02
-6.6431e-02
-8.8152e-02
-1.0787e-01
-1.2243e-01
-1.3230e-01
-1.4058e-01
-1.4890e-01
-1.5788e-01
-1.6944e-01
-1.8283e-01
-1.9385e-01
-1.9714e-01
-1.9221e-01
-1.8439e-01
-1.7920e-01
-1.7799e-01
-1.7883e-01
-1.7905e-01
-1.7639e-01
-1.7075e-01
-1.6337e-01
-1.5633e-01
-1.5212e-01
-1.5203e-01
-1.5620e-01
-1.6355e-01
-1.7227e-01
-1.7936e-01
-1.8139e-01
-1.7588e-01
-1.6207e-01
-1.4296e-01
-1.2339e-01
-1.0840e-01
-9.9575e-02
-9.5351e-02
-9.2744e-02
-8.9154e-02
-8.5133e-02
-8.2943e-02
-8.3156e-02
-8.3980e-02
-8.2556e-02
-7.5990e-02
-6.2494e-02
-4.1115e-02
-1.2152e-02
2.9016e-02
8.1064e-02
1.3866e-01
1.9121e-01
2.2367e-01
2.3517e-01
2.3915e-01
2.4890e-01
2.6766e-01
2.9180e-01
3.1690e-01
3.3685e-01
3.5063e-01
3.5734e-01
3.5597e-01
3.4782e-01
3.3178e-01
3.0680e-01
2.8043e-01
2.5721e-01
2.4254e-01
2.3684e-01
2.3671e-01
2.3786e-01
2.3659e-01
2.3134e-01
2.2368e-01
2.1701e-01
2.1337e-01
2.1134e-01
2.0487e-01
1.8600e-01
1.5132e-01
1.0413e-01
5.9479e-02
2.8200e-02
1.4294e-02
1.1380e-02
1.0157e-02
8.9517e-03
8.9497e-03
6.0521e-03
-7.5808e-03
-3.6848e-02
-7.2160e-02
-1.0546e-01
-1.3544e-01
-1.5849e-01
-1.7372e-01
-1.8195e-01
-1.8672e-01
-1.9218e-01
-2.0295e-01
-2.2487e-01
-2.5836e-01
-2.8966e-01
-3.0266e-01
-2.9737e-01
-2.8437e-01
-2.7050e-01
-2.5492e-01
-2.3105e-01
-1.9993e-01
-1.6702e-01
-1.3541e-01
-1.0740e-01
-8.1327e-02
-5.6820e-02
-3.5571e-02
-1.8429e-02
-6.8181e-03
-3.2861e-03
-1.0571e-02
-2.8841e-02
-5.9616e-02
-9.3058e-02
-1.1444e-01
-1.1960e-01
-1.1725e-01
-1.1346e-01
-1.0816e-01
-1.0076e-01
-9.4076e-02
-9.0248e-02
-8.8963e-02
-8.6625e-02
-7.9128e-02
-6.4112e-02
-4.1885e-02
-1.8252e-02
1.9523e-03
1.7001e-02
2.6483e-02
3.4980e-02
4.6949e-02
6.2316e-02
7.6468e-02
8.4154e-02
8.4917e-02
8.1451e-02
7.5862e-02
7.0939e-02
6.8286e-02
6.8854e-02
7.8023e-02
9.7083e-02
1.2317e-01
1.4938e-01
1.7177e-01
1.8992e-01
1.9933e-01
2.0083e-01
1.9706e-01
1.8246e-01
1.4954e-01
1.1411e-01
9.1908e-02
7.3559e-02
4.9141e-02
2.0645e-02
-6.2039e-03
-2.5811e-02
-4.1971e-02
-5.8826e-02
-7.8412e-02
-1.0182e-01
-1.2601e-01
-1.4071e-01
-1.4214e-01
-1.3402e-01
-1.1776e-01
-9.3252e-02
-6.4228e-02
-4.0992e-02
-2.9783e-02
-2.9784e-02
-3.4618e-02
-3.7634e-02
-3.5833e-02
-2.8098e-02
-1.2958e-02
7.9467e-03
2.4679e-02
3.2839e-02
3.5895e-02
3.7259e-02
4.0822e-02
5.0362e-02
7.0855e-02
1.0205e-01
1.3400e-01
1.5482e-01
1.6214e-01
1.5986e-01
1.5028e-01
1.3028e-01
1.0362e-01
7.6396e-02
5.1416e-02
3.4217e-02
2.4546e-02
1.9366e-02
1.7316e-02
1.8936e-02
2.3063e-02
2.6327e-02
2.5765e-02
2.0369e-02
1.2685e-02
6.7088e-03
5.0526e-03
6.6772e-03
1.0401e-02
1.6859e-02
2.6775e-02
3.8193e-02
4.6577e-02
4.9780e-02
4.7302e-02
3.8147e-02
1.7537e-02
-1.9897e-02
-6.4498e-02
-9.1686e-02
-9.4291e-02
-8.5049e-02
-7.6168e-02
-7.1539e-02
-7.0781e-02
-7.2827e-02
-7.4454e-02
-7.2551e-02
-6.5768e-02
-5.3612e-02
-3.7274e-02
-2.2123e-02
-1.3366e-02
-1.3159e-02
-1.9551e-02
-2.7441e-02
-3.3701e-02
-3.9486e-02
-4.6011e-02
-5.1868e-02
-5.4190e-02
-5.2271e-02
-4.7223e-02
-4.1386e-02
-3.4599e-02
-2.3170e-02
-4.6549e-03
1.8781e-02
4.4455e-02
6.9002e-02
8.7597e-02
9.8217e-02
9.9888e-02
9.3590e-02
8.3891e-02
7.7276e-02
7.8439e-02
8.8772e-02
1.0204e-01
1.0612e-01
9.5973e-02
7.4343e-02
4.5268e-02
1.7958e-02
-3.1504e-03
-1.9559e-02
-3.0440e-02
-3.7721e-02
-4.4622e-02
-5.3194e-02
-6.4245e-02
-7.6569e-02
-8.7350e-02
-9.0811e-02
-8.1257e-02
-5.9777e-02
-3.7917e-02
-2.7069e-02
-2.9152e-02
-3.8675e-02
-4.9742e-02
-6.0044e-02
-6.9957e-02
-7.9163e-02
-8.7084e-02
-9.4697e-02
-1.0255e-01
-1.1091e-01
-1.1801e-01
-1.1893e-01
-1.0960e-01
-8.9080e-02
-6.3420e-02
-4.5183e-02
-3.9931e-02
-4.1294e-02
-3.9848e-02
-2.8463e-02
-5.8849e-04
4.1093e-02
9.1832e-02
1.3725e-01
1.6677e-01
1.7852e-01
1.8228e-01
1.8737e-01
1.9678e-01
2.1132e-01
2.3275e-01
2.5968e-01
2.8635e-01
3.0573e-01
3.1599e-01
3.1828e-01
3.1396e-01
3.0302e-01
2.8293e-01
2.4925e-01
1.9196e-01
1.3081e-01
8.1148e-02
4.2158e-02
5.7890e-03
-3.1695e-02
-6.6002e-02
-9.3728e-02
-1.1464e-01
-1.3338e-01
-1.5552e-01
-1.7644e-01
-1.8494e-01
-1.7777e-01
-1.6019e-01
-1.3981e-01
-1.2340e-01
-1.1223e-01
-1.0421e-01
-9.4964e-02
-8.2971e-02
-7.2852e-02
-6.8795e-02
-6.8741e-02
-6.8709e-02
-6.4556e-02
-5.4676e-02
-4.3415e-02
-3.5995e-02
-3.3980e-02
-3.5233e-02
-3.6658e-02
-3.7295e-02
-3.7435e-02
-3.6212e-02
-3.1990e-02
-2.4544e-02
-1.5423e-02
-4.9419e-03
6.6251e-03
1.9221e-02
3.3905e-02
5.3159e-02
7.7571e-02
1.0411e-01
1.2726e-01
1.4154e-01
1.4258e-01
1.3178e-01
1.1186e-01
8.3357e-02
6.0367e-02
5.0885e-02
5.1533e-02
6.0080e-02
7.6447e-02
9.2663e-02
9.6666e-02
8.4946e-02
6.6252e-02
4.9022e-02
3.8245e-02
3.4213e-02
3.3793e-02
3.3553e-02
3.0034e-02
2.0411e-02
2.8388e-03
-2.4226e-02
-5.7792e-02
-9.5728e-02
-1.2663e-01
-1.4566e-01
-1.5559e-01
-1.6144e-01
-1.6420e-01
-1.6037e-01
-1.4805e-01
-1.2925e-01
-1.1006e-01
-9.8233e-02
-9.4555e-02
-9.4533e-02
-9.4953e-02
-9.3614e-02
-8.8744e-02
-7.9834e-02
-6.5929e-02
-4.6238e-02
-2.1062e-02
4.3086e-03
2.2717e-02
3.2540e-02
3.7770e-02
4.3460e-02
5.1331e-02
6.1780e-02
7.4517e-02
8.9944e-02
1.0545e-01
1.1785e-01
1.2757e-01
1.3543e-01
1.3970e-01
1.3589e-01
1.2389e-01
1.0194e-01
7.1042e-02
4.2151e-02
2.7020e-02
2.3454e-02
1.9524e-02
8.2522e-03
-9.7018e-03
-3.0805e-02
-4.8199e-02
-5.5911e-02
-5.1156e-02
-3.7671e-02
-2.4900e-02
-2.0254e-02
-2.1534e-02
-1.8014e-02
-6.7384e-03
7.5037e-03
2.4456e-02
4.4101e-02
6.3182e-02
8.2168e-02
1.0200e-01
1.2336e-01
1.4519e-01
1.6214e-01
1.7067e-01
1.6999e-01
1.6116e-01
1.4366e-01
1.1855e-01
9.5936e-02
7.9439e-02
6.3917e-02
4.0553e-02
-1.4983e-03
-5.4288e-02
-1.0881e-01
-1.5997e-01
-2.0385e-01
-2.3850e-01
-2.6083e-01
-2.6645e-01
-2.5394e-01
-2.2625e-01
-1.9269e-01
-1.6275e-01
-1.3687e-01
-1.1413e-01
-8.8722e-02
-5.7046e-02
-2.1272e-02
1.4680e-02
4.5194e-02
6.4887e-02
7.4129e-02
7.6920e-02
7.5993e-02
7.3409e-02
7.0034e-02
6.4918e-02
5.5702e-02
4.0547e-02
1.7054e-02
-1.6196e-02
-5.3661e-02
-8.6018e-02
-1.0500e-01
-1.0985e-01
-1.0967e-01
-1.1190e-01
-1.1790e-01
-1.2445e-01
-1.2813e-01
-1.2637e-01
-1.1744e-01
-1.0003e-01
-7.5246e-02
-5.4806e-02
-4.5410e-02
-3.9729e-02
-3.0229e-02
-1.2139e-02
1.6760e-02
5.2000e-02
8.8483e-02
1.2495e-01
1.5531e-01
1.7046e-01
1.7457e-01
1.7525e-01
1.7496e-01
1.7359e-01
1.7255e-01
1.7436e-01
1.7587e-01
1.7303e-01
1.6435e-01
1.4896e-01
1.2471e-01
9.7697e-02
6.7181e-02
4.0166e-02
2.5798e-02
2.3294e-02
2.5960e-02
3.1958e-02
4.4574e-02
6.4386e-02
8.4277e-02
1.0290e-01
1.1951e-01
1.3378e-01
1.4786e-01
1.5886e-01
1.6328e-01
1.6203e-01
1.5970e-01
1.5964e-01
1.6062e-01
1.6075e-01
1.5859e-01
1.5199e-01
1.3913e-01
1.1822e-01
8.7850e-02
5.2824e-02
2.4104e-02
1.2665e-02
1.3445e-02
1.5516e-02
1.6148e-02
1.8572e-02
2.2132e-02
2.1591e-02
1.4286e-02
7.3549e-04
-1.6062e-02
-3.2982e-02
-4.3442e-02
-4.5409e-02
-4.3358e-02
-4.1295e-02
-4.1649e-02
-4.6728e-02
-5.5710e-02
-6.4569e-02
-7.0771e-02
-7.2677e-02
-7.0853e-02
-6.8637e-02
-6.8789e-02
-7.1101e-02
-7.2658e-02
-6.9429e-02
-5.9672e-02
-4.1844e-02
-1.8153e-02
5.3245e-03
2.2694e-02
3.3004e-02
3.9959e-02
4.5202e-02
4.9052e-02
5.2227e-02
5.3846e-02
5.0679e-02
4.1476e-02
2.6447e-02
5.4645e-03
-1.9713e-02
-4.6992e-02
-7.4228e-02
-1.0375e-01
-1.5102e-01
-2.0759e-01
-2.3639e-01
-2.2871e-01
-2.1001e-01
-1.9819e-01
-1.8946e-01
-1.7235e-01
-1.4346e-01
-1.1329e-01
-9.1864e-02
-7.6315e-02
-6.5352e-02
-6.0171e-02
-6.1339e-02
-6.7750e-02
-7.5772e-02
-8.1521e-02
-8.4603e-02
-8.6892e-02
-8.9548e-02
-9.1787e-02
-9.2235e-02
-9.0766e-02
-8.8621e-02
-8.6436e-02
-8.3810e-02
-7.8749e-02
-6.9531e-02
-5.9914e-02
-5.2892e-02
-5.0193e-02
-5.1011e-02
-5.1055e-02
-4.5981e-02
-3.2351e-02
-6.5268e-03
2.8772e-02
6.6169e-02
1.0088e-01
1.2843e-01
1.4487e-01
1.5585e-01
1.6936e-01
1.8677e-01
2.0843e-01
2.3317e-01
2.5768e-01
2.7523e-01
2.8021e-01
2.7365e-01
2.5892e-01
2.3724e-01
2.1543e-01
1.9669e-01
1.8336e-01
1.7491e-01
1.6712e-01
1.5497e-01
1.3828e-01
1.2178e-01
1.1011e-01
1.0339e-01
1.0066e-01
1.0383e-01
1.1357e-01
1.2803e-01
1.4130e-01
1.4882e-01
1.4746e-01
1.3674e-01
1.1951e-01
1.0285e-01
9.3137e-02
9.1464e-02
9.6056e-02
1.0329e-01
1.0673e-01
9.9008e-02
7.5787e-02
4.0989e-02
7.8938e-03
-1.5892e-02
-3.1492e-02
-4.3058e-02
-5.4943e-02
-6.7007e-02
-7.7614e-02
-8.7614e-02
-9.9361e-02
-1.1475e-01
-1.3313e-01
-1.4569e-01
-1.4918e-01
-1.4706e-01
-1.4144e-01
-1.3323e-01
-1.2426e-01
-1.1671e-01
-1.1260e-01
-1.1145e-01
-1.1118e-01
-1.0966e-01
-1.0554e-01
-9.9733e-02
-9.3459e-02
-8.5834e-02
-7.5845e-02
-6.5888e-02
-5.9975e-02
-6.2013e-02
-7.2156e-02
-8.5276e-02
-9.4803e-02
-9.9431e-02
-9.9969e-02
-9.6086e-02
-9.0960e-02
-9.1265e-02
-1.0105e-01
-1.2068e-01
-1.4831e-01
-1.7875e-01
-2.0970e-01
-2.3699e-01
-2.5861e-01
-2.7378e-01
-2.8338e-01
-2.9012e-01
-2.9567e-01
-3.0143e-01
-3.0916e-01
-3.2041e-01
-3.3334e-01
-3.4260e-01
-3.4413e-01
-3.3617e-01
-3.1789e-01
-2.9015e-01
-2.6085e-01
-2.3824e-01
-2.2125e-01
-2.0398e-01
-1.8199e-01
-1.5283e-01
-1.1607e-01
-7.9881e-02
-5.1372e-02
-3.1106e-02
-1.6791e-02
-2.9233e-03
1.2756e-02
2.9048e-02
4.8441e-02
7.4088e-02
1.0519e-01
1.3904e-01
1.7244e-01
1.9981e-01
2.1929e-01
2.3552e-01
2.4919e-01
2.5834e-01
2.6255e-01
2.6180e-01
2.5606e-01
2.4715e-01
2.3359e-01
2.1135e-01
1.8368e-01
1.5397e-01
1.2029e-01
8.4596e-02
5.0934e-02
2.6710e-02
1.6569e-02
1.6282e-02
2.2546e-02
3.7151e-02
6.2385e-02
9.4914e-02
1.3040e-01
1.6616e-01
2.0100e-01
2.3760e-01
2.7955e-01
3.2343e-01
3.6157e-01
3.9135e-01
4.1362e-01
4.2659e-01
4.2960e-01
4.2497e-01
4.1168e-01
3.8198e-01
3.3559e-01
2.7766e-01
2.2292e-01
1.7838e-01
1.3938e-01
1.0392e-01
8.0553e-02
7.1619e-02
6.9187e-02
6.9076e-02
7.1682e-02
7.7625e-02
8.7809e-02
1.0259e-01
1.2309e-01
1.4761e-01
1.7219e-01
1.9424e-01
2.0961e-01
2.1565e-01
2.1090e-01
1.9317e-01
1.6022e-01
1.1963e-01
7.8001e-02
3.5625e-02
-6.1275e-03
-4.7166e-02
-9.0313e-02
-1.3998e-01
-1.9587e-01
-2.5990e-01
-3.2915e-01
-3.8536e-01
-4.1817e-01
-4.3099e-01
-4.3140e-01
-4.2384e-01
-4.0502e-01
-3.7521e-01
-3.4292e-01
-3.1000e-01
-2.7457e-01
-2.3342e-01
-1.8731e-01
-1.4457e-01
-1.1222e-01
-8.8233e-02
-6.6749e-02
-4.1518e-02
-1.0853e-02
1.8159e-02
3.9861e-02
5.3444e-02
6.0710e-02
6.5543e-02
6.9038e-02
7.0570e-02
7.0921e-02
7.1845e-02
7.3560e-02
7.4830e-02
7.2733e-02
6.5438e-02
5.4203e-02
3.7805e-02
1.3822e-02
-1.0548e-02
-3.7677e-02
-6.6922e-02
-9.2570e-02
-1.1397e-01
-1.3528e-01
-1.5660e-01
-1.7497e-01
-1.8928e-01
-1.9980e-01
-2.0730e-01
-2.1209e-01
-2.1302e-01
-2.0881e-01
-1.9904e-01
-1.8413e-01
-1.6811e-01
-1.5671e-01
-1.5154e-01
-1.4822e-01
-1.4309e-01
-1.3620e-01
-1.2857e-01
-1.2093e-01
-1.1426e-01
-1.0886e-01
-1.0337e-01
-9.4817e-02
-8.1348e-02
-6.1413e-02
-3.4167e-02
-8.3627e-03
4.8627e-03
7.3505e-03
6.7994e-03
5.8078e-03
4.1463e-03
3.3477e-03
7.5479e-03
1.7179e-02
2.8996e-02
4.0224e-02
4.9543e-02
5.7482e-02
6.4793e-02
7.2123e-02
8.2370e-02
1.0084e-01
1.3129e-01
1.6627e-01
1.9587e-01
2.2005e-01
2.4268e-01
2.6393e-01
2.8188e-01
2.9690e-01
3.0790e-01
3.1646e-01
3.2602e-01
3.3840e-01
3.5244e-01
3.6625e-01
3.8025e-01
3.9625e-01
4.1054e-01
4.1891e-01
4.2120e-01
4.1840e-01
4.1140e-01
4.0173e-01
3.8602e-01
3.6181e-01
3.2922e-01
2.8691e-01
2.3916e-01
1.9213e-01
1.4693e-01
1.0175e-01
5.7202e-02
1.6775e-02
-2.6420e-02
-6.4251e-02
-9.1763e-02
-1.1485e-01
-1.3258e-01
-1.4131e-01
-1.4313e-01
-1.4254e-01
-1.4118e-01
-1.3751e-01
-1.2952e-01
-1.1596e-01
-1.0045e-01
-8.6878e-02
-7.3987e-02
-5.8978e-02
-4.3590e-02
-3.0419e-02
-1.8484e-02
-1.0628e-02
-1.1925e-02
-2.6200e-02
-5.4158e-02
-9.1124e-02
-1.3267e-01
-1.7013e-01
-2.0276e-01
-2.3425e-01
-2.6737e-01
-3.0306e-01
-3.3795e-01
-3.6110e-01
-3.6888e-01
-3.6740e-01
-3.5943e-01
-3.4067e-01
-3.1001e-01
-2.7097e-01
-2.3207e-01
-1.9667e-01
-1.6236e-01
-1.2536e-01
-7.9610e-02
-3.4934e-02
-6.8963e-03
2.0720e-03
-1.4955e-03
-1.2691e-02
-3.2133e-02
-6.3527e-02
-9.6499e-02
-1.1724e-01
-1.3010e-01
-1.4861e-01
-1.7633e-01
-2.0433e-01
-2.2534e-01
-2.3714e-01
-2.4306e-01
-2.4457e-01
-2.4101e-01
-2.3249e-01
-2.1926e-01
-2.0248e-01
-1.8521e-01
-1.6831e-01
-1.4679e-01
-1.1725e-01
-8.3153e-02
-5.0120e-02
-2.0643e-02
7.4536e-03
3.2401e-02
5.3918e-02
7.0662e-02
8.0631e-02
8.4133e-02
8.2306e-02
7.7214e-02
7.1131e-02
6.4971e-02
5.9971e-02
5.6815e-02
5.3065e-02
4.4941e-02
3.1151e-02
1.3936e-02
-2.1879e-03
-1.1355e-02
-1.0703e-02
-1.4670e-03
1.5683e-02
3.5987e-02
5.7461e-02
7.8367e-02
9.9219e-02
1.1909e-01
1.4029e-01
1.6543e-01
1.9576e-01
2.2927e-01
2.5991e-01
2.7987e-01
2.8653e-01
2.8390e-01
2.7717e-01
2.6688e-01
2.5191e-01
2.3663e-01
2.2665e-01
2.2129e-01
2.1744e-01
2.1228e-01
2.0525e-01
1.9719e-01
1.8745e-01
1.7554e-01
1.5982e-01
1.4280e-01
1.2634e-01
1.0802e-01
8.5572e-02
6.3122e-02
4.3829e-02
2.6148e-02
7.6892e-03
-1.5093e-02
-4.3400e-02
-7.0597e-02
-9.7646e-02
-1.2895e-01
-1.6130e-01
-1.9332e-01
-2.2162e-01
-2.3935e-01
-2.4456e-01
-2.4171e-01
-2.3095e-01
-2.0839e-01
-1.7344e-01
-1.2865e-01
-8.7511e-02
-5.7856e-02
-3.8432e-02
-2.8546e-02
-2.8091e-02
-3.4925e-02
-4.7404e-02
-6.0719e-02
-6.9563e-02
-7.6456e-02
-8.6229e-02
-9.9310e-02
-1.1609e-01
-1.3465e-01
-1.5417e-01
-1.7324e-01
-1.9331e-01
-2.1271e-01
-2.2794e-01
-2.3642e-01
-2.3581e-01
-2.2494e-01
-2.0477e-01
-1.7728e-01
-1.4843e-01
-1.2552e-01
-1.0617e-01
-8.2640e-02
-5.2941e-02
-2.4456e-02
-3.8139e-03
9.8313e-03
2.1756e-02
3.3634e-02
4.2711e-02
4.6679e-02
4.5306e-02
3.9780e-02
3.1703e-02
2.1877e-02
1.1285e-02
-1.0910e-03
-1.2844e-02
-2.0886e-02
-2.4171e-02
-2.3209e-02
-1.9146e-02
-1.3331e-02
-4.4348e-03
1.0613e-02
3.1614e-02
5.4675e-02
7.7493e-02
9.8314e-02
1.1696e-01
1.3425e-01
1.4990e-01
1.6312e-01
1.7436e-01
1.8477e-01
1.9591e-01
2.0301e-01
2.0047e-01
1.8470e-01
1.5073e-01
1.0962e-01
6.9840e-02
3.1102e-02
-3.8093e-03
-3.4713e-02
-6.0290e-02
-8.2055e-02
-9.8833e-02
-1.0880e-01
-1.1115e-01
-1.0644e-01
-9.4750e-02
-7.7141e-02
-5.6175e-02
-3.3234e-02
-7.1944e-03
1.9109e-02
4.3413e-02
6.6734e-02
9.0822e-02
1.1244e-01
1.2651e-01
1.3325e-01
1.3829e-01
1.4425e-01
1.4971e-01
1.5300e-01
1.5567e-01
1.5696e-01
1.5556e-01
1.5367e-01
1.5294e-01
1.5539e-01
1.6259e-01
1.7384e-01
1.8891e-01
2.0560e-01
2.1834e-01
2.2516e-01
2.2737e-01
2.2583e-01
2.2091e-01
2.0847e-01
1.8212e-01
1.4416e-01
1.0636e-01
7.0090e-02
4.0092e-02
1.9416e-02
3.8491e-03
-1.0217e-02
-2.2162e-02
-3.0242e-02
-3.4934e-02
-3.6862e-02
-3.4129e-02
-2.5794e-02
-1.5567e-02
-8.4117e-03
-4.3192e-03
-1.0478e-03
1.3422e-03
2.1102e-03
1.4362e-03
1.8579e-04
-8.7944e-04
-2.2223e-03
-4.9396e-03
-1.0358e-02
-2.0571e-02
-3.4522e-02
-4.8576e-02
-5.8745e-02
-6.3567e-02
-6.4341e-02
-6.3423e-02
-6.1223e-02
-5.5133e-02
-4.4506e-02
-3.2093e-02
-2.1747e-02
-1.6019e-02
-1.4598e-02
-1.6551e-02
-2.2230e-02
-3.1736e-02
-4.1943e-02
-5.0918e-02
-6.0017e-02
-6.8434e-02
-7.5583e-02
-8.4706e-02
-9.6056e-02
-1.0713e-01
-1.1571e-01
-1.2165e-01
-1.2774e-01
-1.3655e-01
-1.4758e-01
-1.6175e-01
-1.8039e-01
-1.9975e-01
-2.1377e-01
-2.1855e-01
-2.1328e-01
-1.9850e-01
-1.7474e-01
-1.4731e-01
-1.2303e-01
-1.0291e-01
-8.4050e-02
-6.4108e-02
-4.3732e-02
-2.5366e-02
-1.0367e-02
5.0802e-04
5.8283e-03
5.2536e-03
-1.3173e-03
-1.3633e-02
-2.9865e-02
-4.5824e-02
-5.7956e-02
-6.4574e-02
-6.5711e-02
-6.2539e-02
-5.5882e-02
-4.6863e-02
-3.4526e-02
-1.8303e-02
-2.2897e-03
8.7750e-03
1.3713e-02
1.5181e-02
1.6221e-02
1.9049e-02
2.4779e-02
3.4211e-02
4.7195e-02
6.0391e-02
7.0963e-02
7.7792e-02
8.1290e-02
8.3134e-02
8.5195e-02
8.8691e-02
9.4990e-02
1.0589e-01
1.2132e-01
1.3683e-01
1.4674e-01
1.4801e-01
1.4052e-01
1.2614e-01
1.0521e-01
7.9278e-02
5.5030e-02
3.7430e-02
2.6034e-02
1.7207e-02
7.5775e-03
-2.9762e-03
-1.4298e-02
-2.7031e-02
-4.0151e-02
-5.1175e-02
-5.6619e-02
-5.5509e-02
-4.7547e-02
-3.1784e-02
-7.3823e-03
2.0406e-02
4.3225e-02
5.6891e-02
6.2456e-02
6.2391e-02
5.7066e-02
4.5584e-02
2.8776e-02
1.0896e-02
-6.2517e-03
-2.4070e-02
-4.2638e-02
-6.2844e-02
-8.4464e-02
-1.0633e-01
-1.2630e-01
-1.4280e-01
-1.5514e-01
-1.6424e-01
-1.7074e-01
-1.7440e-01
-1.7336e-01
-1.6529e-01
-1.4790e-01
-1.2069e-01
-8.7213e-02
-5.5173e-02
-2.9097e-02
-5.7431e-03
1.9583e-02
4.8263e-02
7.8574e-02
1.0698e-01
1.2958e-01
1.4568e-01
1.5666e-01
1.6380e-01
1.6803e-01
1.7012e-01
1.7102e-01
1.7102e-01
1.6921e-01
1.6513e-01
1.5884e-01
1.4995e-01
1.3684e-01
1.1965e-01
1.0077e-01
8.1808e-02
6.5947e-02
5.5747e-02
5.0111e-02
4.5344e-02
3.8452e-02
2.8255e-02
1.4042e-02
-4.3885e-03
-2.2661e-02
-3.5488e-02
-4.0079e-02
-3.7691e-02
-3.1979e-02
-2.5006e-02
-1.6849e-02
-6.6565e-03
4.9526e-03
1.6005e-02
2.8401e-02
4.2935e-02
5.8416e-02
7.3014e-02
8.5620e-02
9.5583e-02
1.0184e-01
1.0374e-01
1.0092e-01
9.4111e-02
8.6032e-02
7.8367e-02
7.1007e-02
6.4055e-02
5.7899e-02
5.2843e-02
4.8570e-02
4.4567e-02
4.0888e-02
3.7328e-02
3.2769e-02
2.6992e-02
2.1271e-02
1.6643e-02
1.2589e-02
8.1145e-03
2.9007e-03
-2.5636e-03
-8.5847e-03
-1.5845e-02
-2.4879e-02
-3.5774e-02
-4.8376e-02
-6.2903e-02
-7.7320e-02
-8.7147e-02
-9.1956e-02
-9.4180e-02
-9.5379e-02
-9.5675e-02
-9.5011e-02
-9.3485e-02
-9.1415e-02
-8.9819e-02
-8.8791e-02
-8.7654e-02
-8.6166e-02
-8.4209e-02
-8.1026e-02
-7.6409e-02
-7.1328e-02
-6.6894e-02
-6.4902e-02
-6.7284e-02
-7.3927e-02
-8.2547e-02
-9.0728e-02
-9.8242e-02
-1.0712e-01
-1.1988e-01
-1.3651e-01
-1.5377e-01
-1.6670e-01
-1.7389e-01
-1.7787e-01
-1.7990e-01
-1.7935e-01
-1.7526e-01
-1.6759e-01
-1.5651e-01
-1.4211e-01
-1.2540e-01
-1.0704e-01
-8.9062e-02
-7.3534e-02
-6.0651e-02
-4.8290e-02
-3.4694e-02
-1.8607e-02
-2.9785e-03
8.4234e-03
1.4907e-02
1.7406e-02
1.5489e-02
9.0692e-03
-1.2948e-03
-1.4223e-02
-2.4956e-02
-3.1548e-02
-3.6071e-02
-4.0769e-02
-4.5347e-02
-4.8557e-02
-5.0117e-02
-5.1064e-02
-5.1495e-02
-5.0067e-02
-4.5698e-02
-3.7935e-02
-2.6698e-02
-1.1755e-02
4.0139e-03
1.7426e-02
2.9477e-02
4.1472e-02
5.0933e-02
5.5941e-02
5.6905e-02
5.5799e-02
5.4443e-02
5.4558e-02
5.6116e-02
5.6640e-02
5.3745e-02
4.7281e-02
3.7967e-02
2.4217e-02
5.1169e-03
-1.5161e-02
-3.2715e-02
-4.6027e-02
-5.5809e-02
-6.2924e-02
-6.8643e-02
-7.3743e-02
-7.7445e-02
-7.8302e-02
-7.5455e-02
-6.8916e-02
-5.8805e-02
-4.5036e-02
-2.9455e-02
-1.6326e-02
-9.2664e-03
-7.4284e-03
-8.5615e-03
-1.1445e-02
-1.5411e-02
-1.9709e-02
-2.3677e-02
-2.6946e-02
-2.8937e-02
-2.8925e-02
-2.7057e-02
-2.4909e-02
-2.3837e-02
-2.4277e-02
-2.5369e-02
-2.4685e-02
-2.0264e-02
-1.2784e-02
-2.8533e-03
8.1550e-03
1.6957e-02
2.1535e-02
2.2899e-02
2.3220e-02
2.3773e-02
2.4486e-02
2.4724e-02
2.3792e-02
2.1370e-02
1.9127e-02
1.8156e-02
1.7721e-02
1.7725e-02
1.9801e-02
2.4512e-02
2.9722e-02
3.3713e-02
3.6257e-02
3.7727e-02
3.8631e-02
3.9764e-02
4.1957e-02
4.5731e-02
5.1457e-02
5.9179e-02
6.8205e-02
7.6460e-02
8.1151e-02
8.0907e-02
7.6592e-02
6.9798e-02
5.9460e-02
4.3357e-02
2.2814e-02
2.3950e-03
-1.3994e-02
-2.6146e-02
-3.7873e-02
-5.0776e-02
-6.2687e-02
-7.1056e-02
-7.4818e-02
-7.4518e-02
-7.1604e-02
-6.7788e-02
-6.3932e-02
-5.9853e-02
-5.6606e-02
-5.5350e-02
-5.5284e-02
-5.4537e-02
-5.1566e-02
-4.5617e-02
-3.6261e-02
-2.4295e-02
-1.3202e-02
-4.3025e-03
4.2038e-03
1.1982e-02
1.5553e-02
1.4346e-02
1.1856e-02
1.2032e-02
1.6751e-02
2.4919e-02
3.4859e-02
4.4615e-02
5.0612e-02
5.0570e-02
4.6192e-02
4.1060e-02
3.6919e-02
3.5961e-02
4.1159e-02
5.1944e-02
6.4520e-02
7.6090e-02
8.6887e-02
9.7312e-02
1.0663e-01
1.1430e-01
1.2063e-01
1.2719e-01
1.3441e-01
1.4072e-01
1.4443e-01
1.4372e-01
1.3698e-01
1.2502e-01
1.1073e-01
9.6709e-02
8.5263e-02
7.8626e-02
7.6596e-02
7.6551e-02
7.5519e-02
7.2117e-02
6.6677e-02
6.0436e-02
5.5020e-02
5.1392e-02
4.9871e-02
5.0498e-02
5.3347e-02
5.8138e-02
6.3409e-02
6.6952e-02
6.6517e-02
6.2651e-02
5.8570e-02
5.6334e-02
5.5471e-02
5.5979e-02
5.8277e-02
6.1635e-02
6.4672e-02
6.6393e-02
6.5820e-02
6.2466e-02
5.7079e-02
5.0675e-02
4.4879e-02
4.0400e-02
3.7242e-02
3.6047e-02
3.6869e-02
3.9224e-02
4.2897e-02
4.8661e-02
5.8248e-02
7.1573e-02
8.4747e-02
9.3429e-02
9.6406e-02
9.4953e-02
9.1368e-02
8.7763e-02
8.5535e-02
8.4000e-02
8.1014e-02
7.4859e-02
6.5880e-02
5.5983e-02
4.7290e-02
4.1044e-02
3.7003e-02
3.3293e-02
2.8117e-02
2.1393e-02
1.3364e-02
3.2140e-03
-1.0175e-02
-2.5412e-02
-4.0100e-02
-5.2192e-02
-6.1232e-02
-6.7766e-02
-7.1527e-02
-7.2594e-02
-7.2181e-02
-7.2350e-02
-7.3628e-02
-7.3796e-02
-7.0417e-02
-6.3737e-02
-5.4489e-02
-4.3181e-02
-3.2058e-02
-2.3243e-02
-1.5362e-02
-6.6819e-03
1.3021e-03
6.0161e-03
7.0214e-03
6.0663e-03
4.1605e-03
6.9817e-04
-5.7573e-03
-1.5507e-02
-2.7016e-02
-3.7634e-02
-4.4683e-02
-4.8420e-02
-5.0023e-02
-4.8951e-02
-4.4865e-02
-3.9748e-02
-3.6141e-02
-3.4312e-02
-3.2193e-02
-2.8552e-02
-2.4301e-02
-2.0687e-02
-1.7810e-02
-1.4500e-02
-9.9750e-03
-4.6164e-03
3.4105e-04
3.1652e-03
3.2301e-03
3.9632e-04
-4.3665e-03
-8.8807e-03
-1.2543e-02
-1.5803e-02
-1.8502e-02
-2.0568e-02
-2.3127e-02
-2.7477e-02
-3.3376e-02
-3.9111e-02
-4.3610e-02
-4.6686e-02
-4.8276e-02
-4.7992e-02
-4.5248e-02
-4.0882e-02
-3.6442e-02
-3.2775e-02
-3.0208e-02
-2.8584e-02
-2.7469e-02
-2.6528e-02
-2.5955e-02
-2.5798e-02
-2.5858e-02
-2.5697e-02
-2.4394e-02
-2.1218e-02
-1.6537e-02
-1.2300e-02
-1.1866e-02
-1.7384e-02
-2.6936e-02
-3.7555e-02
-4.7601e-02
-5.6337e-02
-6.3083e-02
-6.7102e-02
-6.8630e-02
-6.8772e-02
-6.8820e-02
-6.9778e-02
-7.3011e-02
-7.8753e-02
-8.5230e-02
-9.0845e-02
-9.4872e-02
-9.6884e-02
-9.7610e-02
-9.8676e-02
-1.0124e-01
-1.0545e-01
-1.1014e-01
-1.1398e-01
-1.1606e-01
-1.1631e-01
-1.1544e-01
-1.1482e-01
-1.1525e-01
-1.1632e-01
-1.1665e-01
-1.1454e-01
-1.0826e-01
-9.6865e-02
-8.1822e-02
-6.5988e-02
-5.1469e-02
-3.9677e-02
-3.0751e-02
-2.4095e-02
-1.9450e-02
-1.6801e-02
-1.5323e-02
-1.4926e-02
-1.6143e-02
-1.8606e-02
-2.2018e-02
-2.6673e-02
-3.2453e-02
-3.8904e-02
-4.5596e-02
-5.1212e-02
-5.4787e-02
-5.6521e-02
-5.7359e-02
-5.8060e-02
-5.8898e-02
-5.9909e-02
-6.0398e-02
-5.9933e-02
-5.8854e-02
-5.7555e-02
-5.6710e-02
-5.6397e-02
-5.6519e-02
-5.7467e-02
-5.9879e-02
-6.3925e-02
-6.9470e-02
-7.5788e-02
-8.1756e-02
-8.5724e-02
-8.6121e-02
-8.3208e-02
-7.8541e-02
-7.2530e-02
-6.4357e-02
-5.4157e-02
-4.3168e-02
-3.3970e-02
-2.8345e-02
-2.5003e-02
-2.0609e-02
-1.2590e-02
2.5636e-05
1.6093e-02
3.3700e-02
4.8872e-02
5.9034e-02
6.5259e-02
6.9594e-02
7.2462e-02
7.4074e-02
7.4582e-02
7.4386e-02
7.3946e-02
7.2903e-02
7.1458e-02
7.0071e-02
6.7831e-02
6.3541e-02
5.8200e-02
5.3876e-02
5.0706e-02
4.7668e-02
4.4664e-02
4.2556e-02
4.1530e-02
4.0328e-02
3.7023e-02
3.0600e-02
2.1978e-02
1.3167e-02
5.5706e-03
-2.1562e-04
-4.3230e-03
-7.0801e-03
-8.7381e-03
-9.2263e-03
-8.7709e-03
-8.2971e-03
-8.3008e-03
-9.0010e-03
-1.1003e-02
-1.3629e-02
-1.5384e-02
-1.5524e-02
-1.4549e-02
-1.2701e-02
-9.9158e-03
-6.1897e-03
-1.9168e-03
2.0523e-03
5.3038e-03
8.6364e-03
1.3093e-02
1.9498e-02
2.8569e-02
4.0426e-02
5.4826e-02
6.9838e-02
8.2938e-02
9.3928e-02
1.0318e-01
1.1048e-01
1.1548e-01
1.1837e-01
1.1868e-01
1.1497e-01
1.0770e-01
9.8810e-02
8.9636e-02
8.0793e-02
7.3080e-02
6.7130e-02
6.2643e-02
6.0098e-02
5.9783e-02
6.0405e-02
6.0518e-02
6.0354e-02
6.1952e-02
6.7102e-02
7.5903e-02
8.7366e-02
9.8069e-02
1.0430e-01
1.0584e-01
1.0461e-01
1.0202e-01
9.8340e-02
9.3602e-02
8.7982e-02
8.1479e-02
7.4242e-02
6.5457e-02
5.3515e-02
3.7981e-02
1.9653e-02
3.3863e-04
-1.8182e-02
-3.3761e-02
-4.3848e-02
-4.8708e-02
-5.0683e-02
-5.0550e-02
-4.8260e-02
-4.4464e-02
-3.9103e-02
-3.1748e-02
-2.2805e-02
-1.4472e-02
-8.9056e-03
-6.5622e-03
-6.6420e-03
-7.6236e-03
-7.9107e-03
-6.4172e-03
-3.0702e-03
1.3403e-03
5.9732e-03
1.0180e-02
1.4398e-02
1.9553e-02
2.5109e-02
2.9107e-02
3.0131e-02
2.8286e-02
2.5606e-02
2.4010e-02
2.4932e-02
3.0077e-02
3.9669e-02
5.2583e-02
6.7295e-02
8.2730e-02
9.7123e-02
1.0849e-01
1.1617e-01
1.1927e-01
1.1738e-01
1.1125e-01
1.0103e-01
8.6349e-02
6.8780e-02
5.2032e-02
3.7472e-02
2.3954e-02
1.0032e-02
-6.2995e-03
-2.4873e-02
-4.2339e-02
-5.7552e-02
-6.8706e-02
-7.4001e-02
-7.3737e-02
-6.9055e-02
-6.1531e-02
-5.2314e-02
-4.2126e-02
-3.1724e-02
-2.2513e-02
-1.4864e-02
-7.7911e-03
-2.7316e-04
7.9860e-03
1.6442e-02
2.3853e-02
2.8909e-02
3.0128e-02
2.6609e-02
1.9736e-02
1.2389e-02
6.4553e-03
1.6924e-03
-2.6812e-03
-6.3190e-03
-8.7860e-03
-1.0453e-02
-1.1499e-02
-1.2354e-02
-1.3417e-02
-1.4497e-02
-1.5237e-02
-1.5273e-02
-1.4536e-02
-1.3376e-02
-1.2369e-02
-1.2404e-02
-1.3847e-02
-1.6539e-02
-2.0428e-02
-2.5744e-02
-3.2264e-02
-3.9633e-02
-4.6672e-02
-5.1871e-02
-5.4663e-02
-5.5640e-02
-5.5670e-02
-5.4547e-02
-5.1778e-02
-4.6781e-02
-3.9660e-02
-3.0859e-02
-1.9855e-02
-6.5243e-03
7.9696e-03
2.1762e-02
3.3944e-02
4.4490e-02
5.2944e-02
5.9222e-02
6.3508e-02
6.6505e-02
6.8490e-02
6.9301e-02
6.9034e-02
6.7377e-02
6.3429e-02
5.5524e-02
4.3605e-02
3.1594e-02
2.3100e-02
1.6814e-02
8.4629e-03
-2.8642e-03
-1.5230e-02
-2.7100e-02
-3.8232e-02
-4.9099e-02
-6.1427e-02
-7.5100e-02
-8.9172e-02
-1.0284e-01
-1.1502e-01
-1.2445e-01
-1.3186e-01
-1.3845e-01
-1.4418e-01
-1.4817e-01
-1.4993e-01
-1.4987e-01
-1.4878e-01
-1.4719e-01
-1.4399e-01
-1.3854e-01
-1.3249e-01
-1.2758e-01
-1.2353e-01
-1.1940e-01
-1.1279e-01
-1.0212e-01
-8.8230e-02
-7.3769e-02
-6.0302e-02
-4.8618e-02
-3.9148e-02
-3.0987e-02
-2.4367e-02
-1.9607e-02
-1.5904e-02
-1.2866e-02
-1.0505e-02
-8.3598e-03
-6.6894e-03
-6.0471e-03
-6.1330e-03
-5.7270e-03
-4.6266e-03
-3.5137e-03
-2.9385e-03
-2.5277e-03
-1.3011e-03
5.5116e-04
2.2719e-03
2.9318e-03
2.2751e-03
8.1100e-04
-6.9848e-04
-1.0083e-03
1.0727e-03
5.2172e-03
9.9896e-03
1.4673e-02
1.9210e-02
2.4842e-02
3.1565e-02
3.7629e-02
4.0082e-02
3.7129e-02
2.9746e-02
1.8962e-02
6.4018e-03
-5.8763e-03
-1.5750e-02
-2.2834e-02
-2.7479e-02
-3.0910e-02
-3.3934e-02
-3.5867e-02
-3.5760e-02
-3.3436e-02
-2.9155e-02
-2.3076e-02
-1.4315e-02
-1.9845e-03
1.4403e-02
3.3763e-02
5.3486e-02
7.1017e-02
8.5358e-02
9.7245e-02
1.0727e-01
1.1605e-01
1.2476e-01
1.3478e-01
1.4526e-01
1.5387e-01
1.5772e-01
1.5537e-01
1.4756e-01
1.3559e-01
1.2176e-01
1.0778e-01
9.4038e-02
8.0946e-02
6.7921e-02
5.3158e-02
3.5801e-02
1.6618e-02
-1.5752e-03
-1.5915e-02
-2.4439e-02
-2.8428e-02
-2.9665e-02
-2.8355e-02
-2.4474e-02
-1.8624e-02
-1.1420e-02
-2.9499e-03
6.9485e-03
1.6469e-02
2.3659e-02
2.9138e-02
3.3871e-02
3.8140e-02
4.1035e-02
4.1239e-02
3.8614e-02
3.4592e-02
3.0297e-02
2.5529e-02
1.9480e-02
1.1297e-02
1.5289e-04
-1.4110e-02
-2.9108e-02
-4.2155e-02
-5.2616e-02
-5.9695e-02
-6.3270e-02
-6.4335e-02
-6.4470e-02
-6.5512e-02
-6.7997e-02
-7.0815e-02
-7.3209e-02
-7.5723e-02
-7.8229e-02
-7.9908e-02
-8.0623e-02
-8.0699e-02
-8.0402e-02
-7.8746e-02
-7.5066e-02
-7.0026e-02
-6.5010e-02
-6.1081e-02
-5.8131e-02
-5.5237e-02
-5.1713e-02
-4.7499e-02
-4.2921e-02
-3.8745e-02
-3.5596e-02
-3.3840e-02
-3.2779e-02
-3.1882e-02
-3.0933e-02
-2.9736e-02
-2.8571e-02
-2.7518e-02
-2.5750e-02
-2.2652e-02
-1.8874e-02
-1.6205e-02
-1.5618e-02
-1.6770e-02
-1.9307e-02
-2.2844e-02
-2.6748e-02
-3.0477e-02
-3.3976e-02
-3.6604e-02
-3.7409e-02
-3.6224e-02
-3.3428e-02
-2.9526e-02
-2.4703e-02
-1.8740e-02
-1.1997e-02
-5.4406e-03
1.5957e-03
1.0586e-02
2.1582e-02
3.3020e-02
4.3482e-02
5.4467e-02
6.6178e-02
7.5544e-02
8.1177e-02
8.6217e-02
9.3245e-02
1.0145e-01
1.0857e-01
1.1417e-01
1.1766e-01
1.1815e-01
1.1606e-01
1.1299e-01
1.1072e-01
1.0958e-01
1.0848e-01
1.0671e-01
1.0422e-01
1.0138e-01
9.8102e-02
9.3960e-02
8.8625e-02
8.1900e-02
7.3401e-02
6.1397e-02
4.6107e-02
3.0850e-02
1.9227e-02
1.2260e-02
7.6581e-03
2.6434e-03
-3.7108e-03
-1.1181e-02
-1.9238e-02
-2.6576e-02
-3.1280e-02
-3.3007e-02
-3.2852e-02
-3.2030e-02
-3.1417e-02
-3.1790e-02
-3.3015e-02
-3.4428e-02
-3.5966e-02
-3.7251e-02
-3.8356e-02
-3.9557e-02
-3.9766e-02
-3.8327e-02
-3.6357e-02
-3.5388e-02
-3.4997e-02
-3.3715e-02
-3.0446e-02
-2.5047e-02
-1.8463e-02
-1.2699e-02
-8.8517e-03
-7.1809e-03
-8.0056e-03
-1.1192e-02
-1.5425e-02
-1.9914e-02
-2.4990e-02
-3.1005e-02
-3.8604e-02
-4.7808e-02
-5.6915e-02
-6.3995e-02
-6.8467e-02
-7.0511e-02
-7.0532e-02
-6.8651e-02
-6.5000e-02
-5.9735e-02
-5.2768e-02
-4.4225e-02
-3.3756e-02
-2.1140e-02
-7.4833e-03
5.5993e-03
1.6287e-02
2.5593e-02
3.5001e-02
4.4251e-02
5.2469e-02
5.8076e-02
5.9613e-02
5.7868e-02
5.4539e-02
5.1607e-02
5.0311e-02
5.0206e-02
5.0492e-02
5.0718e-02
5.0581e-02
4.9544e-02
4.7178e-02
4.3530e-02
3.8658e-02
3.3489e-02
2.9072e-02
2.4572e-02
1.8208e-02
1.0153e-02
3.1925e-03
-1.0621e-03
-2.8642e-03
-2.8665e-03
-1.3347e-03
9.6673e-04
3.8820e-03
7.6047e-03
1.0970e-02
1.2839e-02
1.3363e-02
1.3276e-02
1.2465e-02
9.8039e-03
4.8053e-03
-9.9797e-04
-5.9740e-03
-9.7237e-03
-1.2691e-02
-1.5097e-02
-1.7327e-02
-1.9941e-02
-2.1832e-02
-2.2005e-02
-2.0820e-02
-1.9449e-02
-1.8907e-02
-1.8975e-02
-1.8765e-02
-1.7529e-02
-1.4700e-02
-9.6637e-03
-2.5158e-03
5.8650e-03
1.4380e-02
2.0971e-02
2.4851e-02
2.6850e-02
2.7586e-02
2.7017e-02
2.5232e-02
2.2987e-02
2.0784e-02
1.8900e-02
1.7766e-02
1.8139e-02
2.0687e-02
2.4995e-02
2.9789e-02
3.4098e-02
3.7578e-02
4.0189e-02
4.1672e-02
4.1886e-02
4.0937e-02
3.9495e-02
3.8529e-02
3.8422e-02
3.8641e-02
3.7623e-02
3.3979e-02
2.7765e-02
1.9072e-02
8.2367e-03
-3.5723e-03
-1.4702e-02
-2.4187e-02
-3.1754e-02
-3.8505e-02
-4.5568e-02
-5.2487e-02
-5.7774e-02
-6.1619e-02
-6.4763e-02
-6.6798e-02
-6.7287e-02
-6.5408e-02
-6.1007e-02
-5.5082e-02
-4.7746e-02
-3.8925e-02
-2.9755e-02
-2.1171e-02
-1.3691e-02
-7.3682e-03
-2.3512e-03
1.2130e-03
2.7300e-03
1.3916e-03
-1.6126e-03
-4.2414e-03
-6.0564e-03
-7.7331e-03
-9.2954e-03
-1.0446e-02
-1.0489e-02
-9.6549e-03
-9.7207e-03
-1.1560e-02
-1.3145e-02
-1.2755e-02
-1.0766e-02
-8.0965e-03
-5.3922e-03
-2.4682e-03
4.2813e-04
2.0187e-03
4.4598e-04
-4.7230e-03
-1.1997e-02
-1.9181e-02
-2.4036e-02
-2.5737e-02
-2.5152e-02
-2.3307e-02
-2.1054e-02
-1.8820e-02
-1.6946e-02
-1.5828e-02
-1.6196e-02
-1.8727e-02
-2.2859e-02
-2.6510e-02
-2.8346e-02
-2.8574e-02
-2.8682e-02
-3.0152e-02
-3.2994e-02
-3.6567e-02
-3.9574e-02
-4.0647e-02
-3.8886e-02
-3.4044e-02
-2.6541e-02
-1.6977e-02
-6.6005e-03
3.5500e-03
1.2475e-02
1.8703e-02
2.2057e-02
2.3787e-02
2.4774e-02
2.5419e-02
2.5563e-02
2.4501e-02
2.1272e-02
1.6152e-02
1.0133e-02
3.9119e-03
-2.6279e-03
-9.2807e-03
-1.5451e-02
-2.0406e-02
-2.3576e-02
-2.4761e-02
-2.4404e-02
-2.2725e-02
-1.9813e-02
-1.6555e-02
-1.4125e-02
-1.3153e-02
-1.3637e-02
-1.5382e-02
-1.7952e-02
-2.0010e-02
-1.9524e-02
-1.5808e-02
-9.2204e-03
-8.6847e-04
8.0961e-03
1.5939e-02
2.0307e-02
2.1645e-02
2.1477e-02
2.0482e-02
1.8662e-02
1.6586e-02
1.5425e-02
1.6031e-02
1.8380e-02
2.1273e-02
2.3278e-02
2.3392e-02
2.1785e-02
1.9971e-02
1.9764e-02
2.1476e-02
2.4137e-02
2.6770e-02
2.8945e-02
3.0586e-02
3.1668e-02
3.2545e-02
3.3732e-02
3.5159e-02
3.6899e-02
3.8905e-02
3.9280e-02
3.6486e-02
3.1478e-02
2.6089e-02
2.1155e-02
1.6305e-02
1.0441e-02
3.2173e-03
-4.2961e-03
-1.1913e-02
-1.9686e-02
-2.6297e-02
-3.0105e-02
-3.0816e-02
-2.9067e-02
-2.5566e-02
-2.1069e-02
-1.5781e-02
-9.8364e-03
-3.8189e-03
1.4177e-03
5.8380e-03
1.0148e-02
1.4709e-02
1.9002e-02
2.3304e-02
2.8601e-02
3.4173e-02
3.7514e-02
3.7113e-02
3.3453e-02
2.9189e-02
2.7002e-02
2.7373e-02
2.8967e-02
3.0835e-02
3.1557e-02
3.0721e-02
2.9464e-02
2.8374e-02
2.8375e-02
2.9508e-02
3.0466e-02
3.0277e-02
2.8676e-02
2.6067e-02
2.3363e-02
2.1591e-02
2.0717e-02
1.9941e-02
1.8332e-02
1.5597e-02
1.2184e-02
8.6825e-03
5.5361e-03
3.2982e-03
2.0902e-03
6.6317e-04
-2.3159e-03
-6.1140e-03
-8.8327e-03
-9.9793e-03
-1.0285e-02
-1.0707e-02
-1.1542e-02
-1.2598e-02
-1.2790e-02
-1.0871e-02
-6.8884e-03
-1.7156e-03
4.0147e-03
1.0317e-02
1.6438e-02
2.1236e-02
2.4473e-02
2.6541e-02
2.7595e-02
2.8471e-02
3.0218e-02
3.1931e-02
3.1519e-02
2.7198e-02
1.9275e-02
9.6575e-03
1.3285e-05
-8.8826e-03
-1.5999e-02
-2.1263e-02
-2.5897e-02
-3.1312e-02
-3.8130e-02
-4.5612e-02
-5.2301e-02
-5.6718e-02
-5.8681e-02
-5.8586e-02
-5.7007e-02
-5.4062e-02
-5.0038e-02
-4.4894e-02
-3.9117e-02
-3.3953e-02
-2.9336e-02
-2.4147e-02
-1.8640e-02
-1.4354e-02
-1.1777e-02
-1.0264e-02
-9.2202e-03
-8.0978e-03
-6.1180e-03
-3.0810e-03
4.6245e-04
4.0891e-03
8.0880e-03
1.2625e-02
1.6462e-02
1.8657e-02
1.9388e-02
1.9790e-02
2.0617e-02
2.1281e-02
2.1375e-02
2.0617e-02
1.8269e-02
1.4547e-02
1.0453e-02
6.4225e-03
1.9104e-03
-3.1144e-03
-7.6138e-03
-1.0575e-02
-1.1658e-02
-1.2244e-02
-1.4533e-02
-1.9988e-02
-2.7970e-02
-3.6825e-02
-4.5361e-02
-5.2676e-02
-5.8931e-02
-6.4101e-02
-6.7957e-02
-7.1475e-02
-7.5339e-02
-7.8804e-02
-8.0875e-02
-8.1620e-02
-8.1330e-02
-7.9025e-02
-7.3449e-02
-6.5219e-02
-5.5686e-02
-4.6810e-02
-3.9267e-02
-3.1980e-02
-2.3987e-02
-1.6519e-02
-1.0850e-02
-6.4515e-03
-3.1457e-03
-1.0847e-03
4.9343e-04
2.5017e-03
5.2123e-03
8.4815e-03
1.1830e-02
1.4846e-02
1.6852e-02
1.7169e-02
1.6212e-02
1.5874e-02
1.8003e-02
2.2912e-02
2.9366e-02
3.6121e-02
4.2180e-02
4.6932e-02
5.0693e-02
5.3439e-02
5.5552e-02
5.7535e-02
5.9670e-02
6.2339e-02
6.4962e-02
6.6565e-02
6.7005e-02
6.6786e-02
6.6380e-02
6.5731e-02
6.4758e-02
6.3503e-02
6.1698e-02
5.9368e-02
5.6476e-02
5.2938e-02
4.9109e-02
4.5436e-02
4.2652e-02
4.1167e-02
4.0791e-02
4.1488e-02
4.3588e-02
4.7280e-02
5.2219e-02
5.6846e-02
5.9998e-02
6.1621e-02
6.1927e-02
6.0909e-02
5.9104e-02
5.6916e-02
5.4202e-02
5.0761e-02
4.6215e-02
4.1232e-02
3.6693e-02
3.2555e-02
2.9052e-02
2.6811e-02
2.5176e-02
2.2539e-02
1.8788e-02
1.4463e-02
1.0411e-02
8.3615e-03
9.2600e-03
1.1221e-02
1.1799e-02
1.0559e-02
8.5445e-03
6.8950e-03
6.1950e-03
6.5336e-03
7.2333e-03
7.7193e-03
8.2184e-03
9.2755e-03
1.1027e-02
1.2987e-02
1.4991e-02
1.6581e-02
1.7483e-02
1.7518e-02
1.6704e-02
1.4731e-02
1.1646e-02
8.3086e-03
5.2175e-03
2.7285e-03
7.7894e-05
-3.7436e-03
-8.8504e-03
-1.4899e-02
-2.1234e-02
-2.7645e-02
-3.3026e-02
-3.6572e-02
-3.9042e-02
-4.1472e-02
-4.4654e-02
-4.8635e-02
-5.3443e-02
-5.8716e-02
-6.3293e-02
-6.6591e-02
-6.8615e-02
-6.9981e-02
-7.0965e-02
-7.1566e-02
-7.1654e-02
-7.0502e-02
-6.8019e-02
-6.4947e-02
-6.2238e-02
-6.0365e-02
-5.8829e-02
-5.7212e-02
-5.6251e-02
-5.6247e-02
-5.6622e-02
-5.6720e-02
-5.6529e-02
-5.6318e-02
-5.6253e-02
-5.6160e-02
-5.5982e-02
-5.5537e-02
-5.4671e-02
-5.3668e-02
-5.2954e-02
-5.2882e-02
-5.3171e-02
-5.3151e-02
-5.2656e-02
-5.1910e-02
-5.1533e-02
-5.2032e-02
-5.2989e-02
-5.4243e-02
-5.6351e-02
-5.9443e-02
-6.2418e-02
-6.3795e-02
-6.3315e-02
-6.2014e-02
-6.0781e-02
-5.9669e-02
-5.8448e-02
-5.6655e-02
-5.3865e-02
-4.9852e-02
-4.4819e-02
-3.9372e-02
-3.3756e-02
-2.7971e-02
-2.2559e-02
-1.7748e-02
-1.3311e-02
-9.4670e-03
-6.4922e-03
-4.0306e-03
-1.4727e-03
8.8394e-04
2.7025e-03
5.4336e-03
1.0908e-02
1.8728e-02
2.6388e-02
3.1897e-02
3.4825e-02
3.6053e-02
3.7131e-02
3.8825e-02
4.0400e-02
3.9642e-02
3.5429e-02
2.8633e-02
2.2050e-02
1.6615e-02
1.1899e-02
8.1142e-03
5.3567e-03
3.0897e-03
8.9147e-04
-1.1798e-03
-2.9711e-03
-3.5766e-03
-2.2987e-03
-4.5770e-04
5.9136e-04
1.5831e-03
3.5072e-03
5.8704e-03
6.8415e-03
5.9476e-03
4.2486e-03
2.8405e-03
2.0592e-03
1.2658e-03
-3.9068e-04
-2.6069e-03
-3.7024e-03
-3.0461e-03
-1.2206e-03
1.1817e-03
3.4845e-03
5.4435e-03
7.1730e-03
8.4151e-03
8.5679e-03
7.7650e-03
6.4843e-03
5.2558e-03
5.6809e-03
9.0854e-03
1.4378e-02
2.0634e-02
2.7814e-02
3.4771e-02
3.9571e-02
4.2558e-02
4.5081e-02
4.7499e-02
4.9774e-02
5.1584e-02
5.1889e-02
4.9466e-02
4.5229e-02
4.0702e-02
3.6445e-02
3.2787e-02
2.9646e-02
2.6194e-02
2.2283e-02
1.8436e-02
1.4802e-02
1.0722e-02
5.7624e-03
1.6434e-03
-1.0704e-03
-3.4232e-03
-5.7400e-03
-7.9609e-03
-1.0002e-02
-1.1372e-02
-1.1668e-02
-1.1154e-02
-1.0480e-02
-9.5974e-03
-8.8105e-03
-8.2832e-03
-7.6165e-03
-6.0999e-03
-3.1863e-03
1.0151e-03
5.6954e-03
9.5381e-03
1.1870e-02
1.3308e-02
1.4290e-02
1.4746e-02
1.4984e-02
1.4947e-02
1.3859e-02
1.2555e-02
1.3039e-02
1.5436e-02
1.7931e-02
1.9082e-02
1.8498e-02
1.6578e-02
1.4376e-02
1.2478e-02
1.0985e-02
1.0192e-02
9.8660e-03
9.8263e-03
9.8955e-03
1.0091e-02
1.0290e-02
1.0015e-02
9.3163e-03
8.8386e-03
9.4453e-03
1.0979e-02
1.2671e-02
1.4324e-02
1.5938e-02
1.7479e-02
1.8948e-02
2.0451e-02
2.1792e-02
2.2559e-02
2.2765e-02
2.2867e-02
2.3184e-02
2.3334e-02
2.2550e-02
2.0276e-02
1.6313e-02
1.1122e-02
5.5398e-03
1.7681e-04
-4.8192e-03
-9.2500e-03
-1.2815e-02
-1.5457e-02
-1.7395e-02
-1.8205e-02
-1.7820e-02
-1.6720e-02
-1.5595e-02
-1.4726e-02
-1.4119e-02
-1.3705e-02
-1.3703e-02
-1.3645e-02
-1.3094e-02
-1.2682e-02
-1.2723e-02
-1.2537e-02
-1.2118e-02
-1.2600e-02
-1.3990e-02
-1.5609e-02
-1.6895e-02
-1.8121e-02
-1.8891e-02
-1.8548e-02
-1.7694e-02
-1.7348e-02
-1.7311e-02
-1.7143e-02
-1.6987e-02
-1.6528e-02
-1.5248e-02
-1.2694e-02
-9.0378e-03
-5.7291e-03
-4.2382e-03
-4.9003e-03
-5.8708e-03
-5.0082e-03
-2.8804e-03
-1.5009e-03
-1.1726e-03
-4.8005e-04
1.3573e-03
3.6810e-03
5.3835e-03
5.9777e-03
5.7038e-03
5.1558e-03
5.0136e-03
4.8585e-03
4.0749e-03
3.0187e-03
2.8259e-03
3.8544e-03
5.2676e-03
6.4550e-03
7.7915e-03
8.9658e-03
9.9099e-03
1.0950e-02
1.2074e-02
1.2516e-02
1.1490e-02
9.3487e-03
7.2236e-03
6.0336e-03
5.9179e-03
5.7800e-03
4.9898e-03
3.5709e-03
1.1492e-03
-1.4939e-03
-3.3709e-03
-3.9994e-03
-3.9009e-03
-4.0309e-03
-4.5557e-03
-5.0805e-03
-6.0784e-03
-7.3415e-03
-8.9396e-03
-1.1504e-02
-1.4727e-02
-1.7710e-02
-2.0050e-02
-2.1065e-02
-2.0690e-02
-1.9603e-02
-1.8023e-02
-1.5576e-02
-1.2340e-02
-8.8750e-03
-5.8082e-03
-3.1977e-03
-6.5260e-04
2.1655e-03
4.9413e-03
7.1250e-03
8.8483e-03
1.0748e-02
1.3110e-02
1.5481e-02
1.7415e-02
1.9049e-02
2.0617e-02
2.1790e-02
2.2334e-02
2.2431e-02
2.2219e-02
2.1724e-02
2.0805e-02
1.9447e-02
1.7932e-02
1.6493e-02
1.5028e-02
1.3397e-02
1.1708e-02
1.0400e-02
9.3867e-03
8.2681e-03
6.7066e-03
5.1734e-03
4.1190e-03
3.9869e-03
4.0598e-03
3.9094e-03
3.6422e-03
3.8988e-03
4.9157e-03
6.5229e-03
8.3411e-03
1.0232e-02
1.2333e-02
1.4317e-02
1.4637e-02
1.2920e-02
1.0649e-02
9.5283e-03
1.0064e-02
1.1168e-02
1.2274e-02
1.3266e-02
1.3823e-02
1.3390e-02
1.1236e-02
7.5655e-03
3.7131e-03
5.6932e-04
-2.0815e-03
-4.1927e-03
-5.7646e-03
-7.1237e-03
-8.2535e-03
-9.3199e-03
-1.0470e-02
-1.1163e-02
-1.1770e-02
-1.3310e-02
-1.5241e-02
-1.5656e-02
-1.3594e-02
-9.8710e-03
-5.8201e-03
-2.2756e-03
5.3638e-04
2.7150e-03
4.2998e-03
5.1496e-03
5.4625e-03
5.5164e-03
4.9899e-03
3.8567e-03
2.3730e-03
1.2833e-03
9.5194e-04
1.3754e-03
1.9322e-03
2.1723e-03
2.0337e-03
1.7888e-03
1.5000e-03
1.4061e-03
1.7924e-03
2.4227e-03
3.0316e-03
3.6305e-03
3.8704e-03
3.7871e-03
4.2004e-03
5.5292e-03
7.4746e-03
9.4156e-03
1.1126e-02
1.2260e-02
1.2556e-02
1.1723e-02
9.6113e-03
6.6568e-03
3.4616e-03
1.5594e-04
-3.3015e-03
-6.9628e-03
-1.0723e-02
-1.4432e-02
-1.7998e-02
-2.1370e-02
-2.4882e-02
-2.8621e-02
-3.2020e-02
-3.4105e-02
-3.4554e-02
-3.3918e-02
-3.2959e-02
-3.1980e-02
-3.0798e-02
-2.9267e-02
-2.7513e-02
-2.6087e-02
-2.4773e-02
-2.3397e-02
-2.2565e-02
-2.2378e-02
-2.2599e-02
-2.3024e-02
-2.3327e-02
-2.3017e-02
-2.2234e-02
-2.1215e-02
-1.9954e-02
-1.8654e-02
-1.7145e-02
-1.5494e-02
-1.3702e-02
-1.1989e-02
-1.1473e-02
-1.3010e-02
-1.5684e-02
-1.8117e-02
-1.9584e-02
-2.0035e-02
-1.9896e-02
-1.9394e-02
-1.8360e-02
-1.6775e-02
-1.4700e-02
-1.2432e-02
-1.0445e-02
-8.9436e-03
-7.5865e-03
-5.8354e-03
-4.1243e-03
-3.0880e-03
-1.8384e-03
7.7317e-04
4.3229e-03
7.6370e-03
1.0020e-02
1.0728e-02
1.0240e-02
1.1072e-02
1.4464e-02
1.8652e-02
2.1039e-02
2.0861e-02
1.9952e-02
2.0297e-02
2.2118e-02
2.3951e-02
2.4940e-02
2.4868e-02
2.3934e-02
2.2822e-02
2.2357e-02
2.2543e-02
2.1944e-02
1.9303e-02
1.5193e-02
1.1502e-02
9.5858e-03
8.8536e-03
7.9989e-03
6.1296e-03
3.5432e-03
1.4144e-03
2.5418e-04
-1.1300e-03
-3.7768e-03
-6.1765e-03
-6.8811e-03
-6.3911e-03
-6.0906e-03
-6.4627e-03
-7.1834e-03
-7.7652e-03
-7.6898e-03
-7.0919e-03
-6.1678e-03
-5.1752e-03
-4.4808e-03
-4.6621e-03
-5.7926e-03
-7.3095e-03
-8.5155e-03
-9.4716e-03
-1.0511e-02
-1.1585e-02
-1.2192e-02
-1.1952e-02
-1.0704e-02
-8.9005e-03
-6.9865e-03
-4.7472e-03
-1.8321e-03
1.7803e-03
6.0862e-03
1.0863e-02
1.5043e-02
1.7946e-02
2.0112e-02
2.1649e-02
2.2325e-02
2.1867e-02
2.0072e-02
1.7345e-02
1.4289e-02
1.1466e-02
9.0719e-03
6.8962e-03
5.6398e-03
6.0883e-03
7.5130e-03
8.9498e-03
1.1051e-02
1.3898e-02
1.5823e-02
1.6071e-02
1.5506e-02
1.5039e-02
1.5102e-02
1.5948e-02
1.7702e-02
1.9545e-02
2.0552e-02
1.9989e-02
1.8007e-02
1.5443e-02
1.3104e-02
1.1146e-02
9.4700e-03
7.9643e-03
6.4329e-03
4.7944e-03
2.9015e-03
4.7586e-04
-2.6152e-03
-6.2863e-03
-1.0175e-02
-1.4183e-02
-1.7579e-02
-1.9097e-02
-1.8478e-02
-1.7501e-02
-1.7537e-02
-1.7352e-02
-1.5631e-02
-1.3238e-02
-1.1482e-02
-1.0438e-02
-9.2378e-03
-7.6679e-03
-6.2266e-03
-5.1418e-03
-4.1721e-03
-3.0621e-03
-2.0547e-03
-1.1401e-03
-7.3939e-05
1.0556e-03
2.6132e-03
4.6993e-03
7.1120e-03
9.8190e-03
1.3140e-02
1.7228e-02
2.1687e-02
2.5930e-02
2.9498e-02
3.2159e-02
3.4363e-02
3.6217e-02
3.7394e-02
3.7855e-02
3.7811e-02
3.7205e-02
3.5700e-02
3.3080e-02
2.9728e-02
2.6070e-02
2.2308e-02
1.8711e-02
1.5454e-02
1.2759e-02
1.0320e-02
8.1046e-03
6.1844e-03
4.5337e-03
3.3546e-03
2.8182e-03
2.6937e-03
2.4903e-03
2.0859e-03
1.5991e-03
7.9791e-04
-5.0867e-04
-2.1246e-03
-3.2695e-03
-3.4920e-03
-2.8800e-03
-1.8312e-03
-8.0772e-04
9.0461e-05
8.0018e-04
1.4547e-03
2.0621e-03
2.2132e-03
1.3266e-03
-2.3316e-04
-1.9972e-03
-3.6805e-03
-5.2468e-03
-6.4460e-03
-6.6776e-03
-6.1278e-03
-6.1695e-03
-7.5743e-03
-8.9475e-03
-8.2175e-03
-5.6326e-03
-2.8794e-03
-8.8509e-04
7.5203e-04
3.0256e-03
6.0097e-03
8.8848e-03
1.1301e-02
1.3579e-02
1.5933e-02
1.7937e-02
1.9559e-02
2.0888e-02
2.1651e-02
2.1987e-02
2.2160e-02
2.2038e-02
2.1963e-02
2.2162e-02
2.2754e-02
2.3254e-02
2.4064e-02
2.6294e-02
2.9597e-02
3.2582e-02
3.4045e-02
3.3963e-02
3.3423e-02
3.3413e-02
3.3351e-02
3.2098e-02
2.9886e-02
2.7371e-02
2.4152e-02
1.9637e-02
1.4366e-02
8.5825e-03
3.0218e-03
-1.1553e-03
-3.7181e-03
-5.0370e-03
-5.2210e-03
-4.9761e-03
-5.4150e-03
-6.8377e-03
-8.2067e-03
-8.5479e-03
-8.3208e-03
-8.2559e-03
-8.7599e-03
-9.3400e-03
-9.6808e-03
-9.7881e-03
-9.8067e-03
-9.7051e-03
-9.1359e-03
-8.0302e-03
-6.6576e-03
-5.3320e-03
-3.4872e-03
-6.6618e-04
2.7715e-03
6.3852e-03
9.6948e-03
1.2424e-02
1.4809e-02
1.7108e-02
1.9284e-02
2.0779e-02
2.1819e-02
2.2714e-02
2.3422e-02
2.3898e-02
2.4396e-02
2.4468e-02
2.4039e-02
2.3747e-02
2.3716e-02
2.3630e-02
2.3247e-02
2.2370e-02
2.0473e-02
1.7850e-02
1.5651e-02
1.4310e-02
1.3009e-02
1.0890e-02
8.0561e-03
5.3906e-03
2.8731e-03
2.0422e-04
-2.2968e-03
-4.1444e-03
-5.1202e-03
-4.8173e-03
-2.7510e-03
8.5554e-05
1.7056e-03
1.5253e-03
6.5766e-04
5.1217e-04
1.1390e-03
2.0735e-03
2.8165e-03
3.2782e-03
3.4796e-03
3.5023e-03
3.6727e-03
4.0271e-03
4.2990e-03
4.4474e-03
4.9567e-03
5.7970e-03
6.5671e-03
6.8707e-03
6.4053e-03
5.3172e-03
4.1596e-03
3.3339e-03
2.2167e-03
1.6511e-04
-2.5484e-03
-4.6255e-03
-5.5456e-03
-6.3409e-03
-8.1266e-03
-1.0751e-02
-1.3462e-02
-1.5530e-02
-1.6935e-02
-1.8221e-02
-2.0052e-02
-2.2335e-02
-2.4594e-02
-2.6739e-02
-2.9314e-02
-3.2384e-02
-3.5330e-02
-3.7155e-02
-3.7820e-02
-3.7938e-02
-3.7739e-02
-3.7710e-02
-3.8391e-02
-3.9561e-02
-4.0646e-02
-4.1284e-02
-4.1725e-02
-4.2660e-02
-4.4215e-02
-4.6283e-02
-4.8348e-02
-4.9972e-02
-5.1380e-02
-5.3391e-02
-5.5962e-02
-5.8177e-02
-5.9759e-02
-6.0807e-02
-6.1595e-02
-6.2380e-02
-6.3688e-02
-6.5086e-02
-6.5114e-02
-6.3438e-02
-6.0718e-02
-5.7950e-02
-5.5493e-02
-5.3051e-02
-4.9843e-02
-4.5777e-02
-4.1504e-02
-3.7325e-02
-3.3124e-02
-2.8802e-02
-2.4692e-02
-2.0866e-02
-1.7571e-02
-1.5106e-02
-1.3166e-02
-1.1749e-02
-1.1137e-02
-1.1414e-02
-1.2347e-02
-1.3689e-02
-1.4794e-02
-1.5081e-02
-1.4541e-02
-1.3401e-02
-1.2071e-02
-1.0517e-02
-8.6224e-03
-6.5937e-03
-4.4485e-03
-2.1166e-03
8.0150e-04
4.7288e-03
8.0081e-03
9.5854e-03
1.1076e-02
1.4371e-02
1.8651e-02
2.2350e-02
2.4883e-02
2.6272e-02
2.7580e-02
2.9057e-02
3.0249e-02
3.0595e-02
3.0081e-02
2.9123e-02
2.7895e-02
2.6926e-02
2.6349e-02
2.5986e-02
2.5687e-02
2.5345e-02
2.5079e-02
2.4863e-02
2.4753e-02
2.4468e-02
2.3874e-02
2.3612e-02
2.4254e-02
2.4955e-02
2.4527e-02
2.2425e-02
1.9056e-02
1.5496e-02
1.2565e-02
9.9270e-03
6.8284e-03
3.5770e-03
8.0896e-04
-1.3041e-03
-2.3318e-03
-2.4455e-03
-2.5407e-03
-2.8420e-03
-3.1307e-03
-3.4126e-03
-3.4207e-03
-2.8023e-03
-2.1361e-03
-2.3012e-03
-3.3606e-03
-3.7901e-03
-2.8097e-03
-9.7596e-04
1.1499e-03
3.4226e-03
5.5770e-03
6.8024e-03
7.1887e-03
6.9710e-03
5.8810e-03
4.4720e-03
3.4906e-03
3.0318e-03
2.4586e-03
1.8404e-03
1.6265e-03
1.5933e-03
1.3121e-03
8.2881e-04
3.8464e-04
3.6323e-05
-1.6635e-04
2.0807e-04
1.1031e-03
2.0079e-03
2.8438e-03
3.6120e-03
3.7596e-03
3.4268e-03
3.0400e-03
2.5303e-03
1.7803e-03
9.7119e-04
2.2010e-04
-2.7803e-04
-7.2378e-04
-1.6618e-03
-3.0753e-03
-4.6707e-03
-5.8363e-03
-6.7971e-03
-8.3676e-03
-1.0584e-02
-1.2388e-02
-1.2876e-02
-1.2055e-02
-1.0631e-02
-8.7979e-03
-6.1554e-03
-2.0590e-03
2.9191e-03
7.0495e-03
9.2599e-03
1.0305e-02
1.1876e-02
1.4445e-02
1.6600e-02
1.7148e-02
1.6591e-02
1.5638e-02
1.4208e-02
1.2429e-02
1.0554e-02
8.8653e-03
7.6755e-03
6.7934e-03
5.9966e-03
5.0556e-03
4.2782e-03
4.1046e-03
4.7701e-03
6.0190e-03
7.1723e-03
8.1875e-03
9.1154e-03
9.3414e-03
9.1800e-03
1.0134e-02
1.2394e-02
1.4320e-02
1.4751e-02
1.4289e-02
1.3798e-02
1.3532e-02
1.3408e-02
1.3225e-02
1.2803e-02
1.2559e-02
1.2788e-02
1.3531e-02
1.4359e-02
1.4972e-02
1.5589e-02
1.6471e-02
1.7566e-02
1.8641e-02
1.9501e-02
2.0245e-02
2.0855e-02
2.1395e-02
2.1553e-02
2.1250e-02
2.0992e-02
2.1009e-02
2.0889e-02
2.0493e-02
2.0345e-02
2.0657e-02
2.1304e-02
2.2142e-02
2.3180e-02
2.4454e-02
2.5856e-02
2.7096e-02
2.7774e-02
2.8105e-02
2.8086e-02
2.7544e-02
2.6746e-02
2.5819e-02
2.4963e-02
2.4363e-02
2.3835e-02
2.3021e-02
2.1872e-02
2.0551e-02
1.9070e-02
1.7522e-02
1.6048e-02
1.4786e-02
1.3676e-02
1.2619e-02
1.1439e-02
9.9664e-03
8.2807e-03
6.4728e-03
4.3669e-03
1.9956e-03
-2.1716e-04
-2.2867e-03
-4.6528e-03
-7.4857e-03
-1.0643e-02
-1.3773e-02
-1.6749e-02
-1.9648e-02
-2.2491e-02
-2.4905e-02
-2.6669e-02
-2.7738e-02
-2.8061e-02
-2.8211e-02
-2.9388e-02
-3.2453e-02
-3.6399e-02
-3.8595e-02
-3.7649e-02
-3.5129e-02
-3.2784e-02
-3.0935e-02
-2.9012e-02
-2.6764e-02
-2.4248e-02
-2.1751e-02
-1.9232e-02
-1.6721e-02
-1.4277e-02
-1.1770e-02
-9.4169e-03
-7.5647e-03
-6.1665e-03
-5.4288e-03
-5.5021e-03
-6.2981e-03
-7.6495e-03
-9.7519e-03
-1.2097e-02
-1.3084e-02
-1.2117e-02
-1.0327e-02
-9.3726e-03
-9.9882e-03
-1.1500e-02
-1.3348e-02
-1.4949e-02
-1.5604e-02
-1.5591e-02
-1.5671e-02
-1.5517e-02
-1.4647e-02
-1.3442e-02
-1.2323e-02
-1.1165e-02
-1.0026e-02
-9.0743e-03
-8.0587e-03
-6.4967e-03
-4.4315e-03
-2.8667e-03
-2.2978e-03
-2.0845e-03
-1.3599e-03
-2.2938e-04
8.8458e-04
1.4682e-03
1.3404e-03
9.3825e-04
3.8407e-04
-5.6368e-04
-1.5750e-03
-2.1870e-03
-2.1809e-03
-1.5425e-03
-2.1013e-04
1.6309e-03
3.2469e-03
4.2349e-03
5.0949e-03
5.6771e-03
5.9505e-03
6.0876e-03
5.9214e-03
5.3336e-03
4.6786e-03
4.2202e-03
3.9425e-03
3.3577e-03
2.4204e-03
1.2478e-03
-1.8189e-04
-1.9828e-03
-3.9930e-03
-5.7238e-03
-6.6159e-03
-6.6655e-03
-6.4028e-03
-6.0849e-03
-5.3476e-03
-3.9828e-03
-2.3943e-03
-1.1770e-03
-5.4083e-04
1.8559e-05
9.3457e-04
1.6133e-03
1.6724e-03
1.6332e-03
2.1505e-03
3.2386e-03
4.7975e-03
6.5716e-03
7.9555e-03
8.1566e-03
7.1842e-03
6.1511e-03
5.6634e-03
5.5739e-03
5.3996e-03
4.5433e-03
3.0115e-03
1.2768e-03
-4.3398e-04
-2.1693e-03
-3.8324e-03
-5.6511e-03
-7.5365e-03
-9.1260e-03
-1.0541e-02
-1.1581e-02
-1.1934e-02
-1.1844e-02
-1.1537e-02
-1.1247e-02
-1.0810e-02
-1.0405e-02
-1.0047e-02
-9.1211e-03
-6.7518e-03
-2.7388e-03
1.3697e-03
4.5598e-03
6.8324e-03
8.2821e-03
9.0896e-03
9.4970e-03
9.8033e-03
1.0141e-02
1.0147e-02
9.8787e-03
9.7547e-03
9.5477e-03
9.1545e-03
8.5354e-03
7.9890e-03
8.0327e-03
8.3347e-03
8.1851e-03
7.5591e-03
6.6966e-03
5.8929e-03
5.2571e-03
4.6054e-03
4.0204e-03
3.8184e-03
3.5616e-03
2.4489e-03
7.2543e-04
-1.0442e-03
-2.9192e-03
-5.0699e-03
-7.2982e-03
-9.4357e-03
-1.1336e-02
-1.2592e-02
-1.3113e-02
-1.3394e-02
-1.3897e-02
-1.4297e-02
-1.4285e-02
-1.3731e-02
-1.2437e-02
-1.0951e-02
-9.8621e-03
-9.0451e-03
-8.1482e-03
-7.2811e-03
-6.8346e-03
-7.0460e-03
-7.9835e-03
-9.3116e-03
-1.0609e-02
-1.1884e-02
-1.3122e-02
-1.3593e-02
-1.3062e-02
-1.1875e-02
-1.0208e-02
-8.0215e-03
-5.6261e-03
-3.6272e-03
-1.8584e-03
-3.1657e-04
1.3537e-03
3.8719e-03
6.9657e-03
9.9621e-03
1.2196e-02
1.3570e-02
1.4583e-02
1.5733e-02
1.7201e-02
1.8059e-02
1.7176e-02
1.5402e-02
1.4520e-02
1.4718e-02
1.4554e-02
1.3112e-02
1.0245e-02
6.5432e-03
3.2478e-03
1.1624e-03
-1.9472e-04
-1.2998e-03
-2.4898e-03
-3.9820e-03
-5.4313e-03
-6.2048e-03
-6.0935e-03
-5.4226e-03
-4.1149e-03
-1.8395e-03
9.3933e-04
3.4817e-03
5.7726e-03
7.8674e-03
9.5072e-03
1.1355e-02
1.3924e-02
1.6763e-02
1.8693e-02
1.9127e-02
1.8694e-02
1.8184e-02
1.7675e-02
1.7161e-02
1.6873e-02
1.6528e-02
1.5179e-02
1.2802e-02
1.0696e-02
9.5999e-03
8.5422e-03
7.3489e-03
6.5030e-03
5.4367e-03
4.0458e-03
2.7589e-03
1.8073e-03
1.0142e-03
-7.1836e-04
-3.5078e-03
-5.9517e-03
-6.5691e-03
-5.6477e-03
-4.2692e-03
-3.4308e-03
-3.4023e-03
-3.4031e-03
-2.8768e-03
-2.2244e-03
-2.1240e-03
-2.8116e-03
-3.8115e-03
-4.5746e-03
-5.2692e-03
-6.4037e-03
-7.8557e-03
-9.3401e-03
-1.0719e-02
-1.2047e-02
-1.3122e-02
-1.3527e-02
-1.3279e-02
-1.2625e-02
-1.2160e-02
-1.1810e-02
-1.1188e-02
-1.0066e-02
-8.6234e-03
-7.4607e-03
-6.4322e-03
-5.1484e-03
-3.6544e-03
-2.2623e-03
-8.8684e-04
8.2224e-04
2.4736e-03
3.5909e-03
4.1492e-03
4.2079e-03
4.0267e-03
3.6200e-03
2.8485e-03
1.7031e-03
2.9634e-04
-1.1816e-03
-2.6379e-03
-3.8859e-03
-4.8528e-03
-5.0835e-03
-4.5846e-03
-4.4096e-03
-5.5261e-03
-7.0989e-03
-7.1895e-03
-5.4011e-03
-3.0897e-03
-1.6494e-03
-9.9763e-04
-4.8614e-04
-8.6715e-05
-2.7549e-04
-1.0746e-03
-2.0958e-03
-3.3539e-03
-4.7118e-03
-6.3603e-03
-8.2941e-03
-1.0195e-02
-1.2225e-02
-1.4465e-02
-1.6216e-02
-1.7427e-02
-1.8629e-02
-2.0204e-02
-2.1762e-02
-2.2247e-02
-2.0816e-02
-1.8312e-02
-1.6426e-02
-1.5485e-02
-1.4404e-02
-1.2445e-02
-1.0222e-02
-8.3437e-03
-6.8334e-03
-5.7544e-03
-4.9979e-03
-4.3502e-03
-3.8426e-03
-3.5501e-03
-3.4527e-03
-3.5254e-03
-3.6935e-03
-4.0605e-03
-4.8964e-03
-6.1918e-03
-7.7375e-03
-9.3915e-03
-1.1027e-02
-1.2804e-02
-1.4701e-02
-1.6254e-02
-1.7390e-02
-1.7969e-02
-1.8189e-02
-1.8216e-02
-1.7940e-02
-1.7710e-02
-1.7553e-02
-1.7018e-02
-1.6018e-02
-1.4678e-02
-1.3427e-02
-1.2379e-02
-1.1520e-02
-1.0980e-02
-1.0716e-02
-1.0488e-02
-1.0115e-02
-9.6006e-03
-8.8985e-03
-7.7930e-03
-6.3724e-03
-5.0939e-03
-3.8085e-03
-2.1883e-03
-3.1009e-04
1.6665e-03
3.4979e-03
5.6473e-03
8.0990e-03
1.0472e-02
1.2496e-02
1.3844e-02
1.4648e-02
1.4964e-02
1.4645e-02
1.3925e-02
1.3445e-02
1.3284e-02
1.2653e-02
1.1508e-02
1.0255e-02
8.8241e-03
7.6078e-03
6.5733e-03
5.1751e-03
3.7300e-03
2.9810e-03
2.5114e-03
8.7420e-04
-1.3238e-03
-2.3634e-03
-1.9497e-03
-9.1137e-04
-4.4952e-04
-9.7154e-04
-1.7173e-03
-1.8209e-03
-1.1582e-03
-8.2624e-05
7.3280e-04
8.3926e-04
8.2201e-04
1.4342e-03
2.6278e-03
3.6054e-03
3.8446e-03
3.9768e-03
4.7319e-03
5.8659e-03
6.4281e-03
5.8382e-03
4.3554e-03
3.1588e-03
3.5397e-03
5.4910e-03
7.5710e-03
8.6661e-03
8.6055e-03
7.9279e-03
7.1164e-03
6.1745e-03
5.3771e-03
5.0360e-03
4.7330e-03
4.1175e-03
3.1484e-03
2.3567e-03
1.9953e-03
2.0694e-03
2.5136e-03
3.6177e-03
5.4679e-03
7.8744e-03
1.0733e-02
1.3784e-02
1.6079e-02
1.7170e-02
1.7737e-02
1.8378e-02
1.9370e-02
2.0202e-02
2.0295e-02
1.9860e-02
1.9359e-02
1.9012e-02
1.8330e-02
1.7058e-02
1.5680e-02
1.4506e-02
1.3448e-02
1.2402e-02
1.1445e-02
1.0617e-02
1.0094e-02
9.3374e-03
8.3739e-03
7.9204e-03
8.1401e-03
8.5155e-03
9.1148e-03
9.8441e-03
1.0559e-02
1.1045e-02
1.1235e-02
1.1409e-02
1.1805e-02
1.1967e-02
1.1370e-02
1.0300e-02
9.4566e-03
8.8919e-03
8.1681e-03
7.0675e-03
5.8105e-03
4.5937e-03
3.7325e-03
3.2345e-03
3.0374e-03
2.9499e-03
2.9418e-03
3.1035e-03
3.2177e-03
3.0106e-03
2.7926e-03
2.6616e-03
2.3504e-03
2.2832e-03
2.6656e-03
2.4725e-03
1.3240e-03
2.0024e-04
-1.8023e-04
9.9417e-05
2.4562e-04
-1.0278e-04
-6.3630e-04
-1.1354e-03
-1.7975e-03
-2.4801e-03
-2.8112e-03
-2.8795e-03
-2.8132e-03
-2.6237e-03
-2.3288e-03
-2.1499e-03
-2.1266e-03
-1.9820e-03
-1.7510e-03
-1.6100e-03
-1.4740e-03
-1.4824e-03
-2.3965e-03
-4.5337e-03
-6.7666e-03
-7.5559e-03
-7.1373e-03
-6.8027e-03
-6.9979e-03
-7.6939e-03
-8.5137e-03
-8.9610e-03
-9.0815e-03
-9.3631e-03
-9.6928e-03
-9.9051e-03
-1.0209e-02
-1.0481e-02
-1.0249e-02
-1.0239e-02
-1.0910e-02
-1.1816e-02
-1.2441e-02
-1.2976e-02
-1.3639e-02
-1.4259e-02
-1.4709e-02
-1.5028e-02
-1.5111e-02
-1.5032e-02
-1.4666e-02
-1.3819e-02
-1.2650e-02
-1.1590e-02
-1.0725e-02
-9.4239e-03
-7.7090e-03
-6.5413e-03
-5.9267e-03
-5.3787e-03
-5.1132e-03
-5.0837e-03
-4.9843e-03
-4.6205e-03
-4.0912e-03
-3.8899e-03
-3.8493e-03
-3.8717e-03
-3.9914e-03
-4.0493e-03
-3.9645e-03
-3.5974e-03
-3.0547e-03
-2.1879e-03
-1.1407e-03
-1.0356e-04
6.6982e-04
1.0559e-03
9.8178e-04
6.3372e-04
-3.3162e-05
-1.1396e-03
-2.2569e-03
-2.8722e-03
-3.0201e-03
-3.1911e-03
-3.4255e-03
-3.3554e-03
-3.2109e-03
-3.0328e-03
-2.2972e-03
-9.2301e-04
8.7273e-04
2.5418e-03
3.8254e-03
5.2061e-03
6.9103e-03
8.5545e-03
1.0097e-02
1.1039e-02
1.0485e-02
8.5955e-03
6.8775e-03
6.0889e-03
5.3329e-03
4.2264e-03
2.7576e-03
1.1006e-03
-2.9972e-04
-1.3503e-03
-2.1510e-03
-3.0110e-03
-3.5884e-03
-3.5978e-03
-3.5390e-03
-3.3280e-03
-2.7528e-03
-2.2086e-03
-1.8494e-03
-1.4535e-03
-8.6740e-04
-4.9717e-04
-1.2645e-03
-3.5274e-03
-6.1786e-03
-7.6495e-03
-8.0264e-03
-8.8837e-03
-1.1217e-02
-1.4411e-02
-1.7128e-02
-1.8919e-02
-2.0470e-02
-2.2584e-02
-2.5220e-02
-2.8138e-02
-3.0747e-02
-3.2432e-02
-3.3438e-02
-3.4258e-02
-3.5031e-02
-3.5557e-02
-3.5736e-02
-3.5749e-02
-3.5643e-02
-3.4913e-02
-3.3407e-02
-3.1683e-02
-3.0092e-02
-2.8326e-02
-2.6106e-02
-2.3828e-02
-2.1771e-02
-1.9790e-02
-1.7581e-02
-1.5703e-02
-1.5161e-02
-1.5344e-02
-1.5035e-02
-1.4087e-02
-1.3013e-02
-1.2163e-02
-1.1094e-02
-9.7239e-03
-8.2656e-03
-6.6157e-03
-5.1347e-03
-3.9352e-03
-3.2490e-03
-2.6621e-03
-1.7889e-03
-6.3603e-04
8.2384e-04
2.5349e-03
4.6317e-03
7.1603e-03
9.3802e-03
1.0499e-02
1.0878e-02
1.1934e-02
1.3961e-02
1.5859e-02
1.6984e-02
1.7567e-02
1.8299e-02
1.9838e-02
2.1767e-02
2.3212e-02
2.4006e-02
2.4476e-02
2.4818e-02
2.5538e-02
2.6615e-02
2.7587e-02
2.8226e-02
2.8869e-02
3.0053e-02
3.1763e-02
3.3123e-02
3.3183e-02
3.1854e-02
2.9753e-02
2.8021e-02
2.7491e-02
2.7764e-02
2.7922e-02
2.7935e-02
2.8585e-02
3.0416e-02
3.2855e-02
3.4728e-02
3.5897e-02
3.6994e-02
3.8335e-02
3.9508e-02
4.0075e-02
3.9819e-02
3.8816e-02
3.7389e-02
3.6008e-02
3.4844e-02
3.2877e-02
2.9836e-02
2.7342e-02
2.6422e-02
2.6034e-02
2.4910e-02
2.2867e-02
2.0593e-02
1.8773e-02
1.7696e-02
1.6940e-02
1.6208e-02
1.5789e-02
1.5431e-02
1.4487e-02
1.3132e-02
1.1995e-02
1.1521e-02
1.1323e-02
1.0903e-02
9.9191e-03
8.7427e-03
7.7828e-03
6.7706e-03
5.2018e-03
3.2819e-03
1.3276e-03
-9.2670e-04
-3.4406e-03
-5.3045e-03
-6.3117e-03
-7.0633e-03
-7.7818e-03
-8.6639e-03
-1.0009e-02
-1.1345e-02
-1.2018e-02
-1.2049e-02
-1.1775e-02
-1.1568e-02
-1.1589e-02
-1.1382e-02
-1.0508e-02
-1.0087e-02
-1.1506e-02
-1.4242e-02
-1.6885e-02
-1.8180e-02
-1.8138e-02
-1.7588e-02
-1.7340e-02
-1.7465e-02
-1.7869e-02
-1.8310e-02
-1.8394e-02
-1.8209e-02
-1.7835e-02
-1.7035e-02
-1.5800e-02
-1.4446e-02
-1.3287e-02
-1.2421e-02
-1.1496e-02
-1.0154e-02
-8.4730e-03
-6.6840e-03
-4.9280e-03
-3.5349e-03
-2.3580e-03
-9.1834e-04
9.3924e-04
2.6247e-03
3.9123e-03
5.2908e-03
6.9320e-03
8.9701e-03
1.1402e-02
1.2980e-02
1.2666e-02
1.1421e-02
1.1423e-02
1.3232e-02
1.5484e-02
1.6801e-02
1.6757e-02
1.6359e-02
1.6397e-02
1.6615e-02
1.6266e-02
1.5140e-02
1.3935e-02
1.3468e-02
1.3795e-02
1.4322e-02
1.4743e-02
1.5158e-02
1.5562e-02
1.5720e-02
1.5837e-02
1.6654e-02
1.7889e-02
1.8095e-02
1.6983e-02
1.6265e-02
1.7045e-02
1.8429e-02
1.8846e-02
1.8260e-02
1.7610e-02
1.7252e-02
1.7030e-02
1.6655e-02
1.6203e-02
1.6164e-02
1.6223e-02
1.5972e-02
1.5868e-02
1.5728e-02
1.5142e-02
1.4179e-02
1.2923e-02
1.1139e-02
9.1958e-03
7.9522e-03
7.5297e-03
6.9660e-03
5.4429e-03
3.6127e-03
2.6189e-03
2.3868e-03
1.6327e-03
1.1298e-04
-1.1309e-03
-1.3855e-03
-1.0616e-03
-5.1678e-04
3.0375e-04
1.5039e-03
2.6619e-03
3.4002e-03
3.6935e-03
3.4898e-03
3.1707e-03
2.9702e-03
2.4489e-03
1.4279e-03
5.8586e-04
3.9043e-04
3.6449e-04
-1.4338e-05
-3.8148e-04
-4.5199e-04
-7.9519e-05
8.0676e-04
2.0103e-03
2.8924e-03
3.3244e-03
3.8258e-03
4.4827e-03
5.1347e-03
5.6846e-03
5.7528e-03
5.5770e-03
6.0828e-03
7.2555e-03
8.1455e-03
8.2743e-03
8.0759e-03
8.0992e-03
8.3970e-03
8.7894e-03
9.0714e-03
8.9527e-03
8.3557e-03
7.4630e-03
6.8641e-03
6.8410e-03
6.5322e-03
4.7706e-03
1.5715e-03
-1.4765e-03
-3.2123e-03
-3.8998e-03
-4.7422e-03
-6.3357e-03
-7.9361e-03
-9.0802e-03
-9.9808e-03
-1.1185e-02
-1.2777e-02
-1.4098e-02
-1.4920e-02
-1.5403e-02
-1.5916e-02
-1.6387e-02
-1.6415e-02
-1.5646e-02
-1.4429e-02
-1.3417e-02
-1.2916e-02
-1.2873e-02
-1.3213e-02
-1.3345e-02
-1.2021e-02
-9.4197e-03
-7.1474e-03
-6.3765e-03
-6.5472e-03
-6.6915e-03
-7.1286e-03
-7.9380e-03
-8.9080e-03
-1.0137e-02
-1.1428e-02
-1.2274e-02
-1.2560e-02
-1.2818e-02
-1.3424e-02
-1.3667e-02
-1.3505e-02
-1.3376e-02
-1.3053e-02
-1.2115e-02
-1.0543e-02
-8.8848e-03
-7.7986e-03
-7.2081e-03
-6.6498e-03
-5.7814e-03
-4.7810e-03
-4.1946e-03
-4.2230e-03
-4.6263e-03
-5.1848e-03
-5.8315e-03
-6.6971e-03
-7.5983e-03
-8.3505e-03
-9.1602e-03
-1.0295e-02
-1.1793e-02
-1.3179e-02
-1.4504e-02
-1.5773e-02
-1.6737e-02
-1.7544e-02
-1.8053e-02
-1.7595e-02
-1.6446e-02
-1.5193e-02
-1.3714e-02
-1.2204e-02
-1.0732e-02
-9.3243e-03
-7.8373e-03
-6.3615e-03
-4.8994e-03
-3.3688e-03
-2.1638e-03
-1.4532e-03
-1.5162e-03
-2.1655e-03
-3.2183e-03
-4.4870e-03
-5.4891e-03
-6.4079e-03
-7.4358e-03
-8.3738e-03
-9.0171e-03
-9.4883e-03
-1.0301e-02
-1.1211e-02
-1.1662e-02
-1.2034e-02
-1.2189e-02
-1.1636e-02
-1.1064e-02
-1.1493e-02
-1.2808e-02
-1.3616e-02
-1.2669e-02
-1.0477e-02
-8.7170e-03
-8.5973e-03
-9.2888e-03
-9.3578e-03
-8.2497e-03
-6.6871e-03
-5.8165e-03
-6.0161e-03
-6.3582e-03
-5.7964e-03
-4.6511e-03
-3.4483e-03
-2.4965e-03
-1.9217e-03
-1.4436e-03
-4.6454e-04
1.1595e-03
2.3950e-03
2.3409e-03
1.5959e-03
1.5891e-03
3.0635e-03
5.1499e-03
6.0545e-03
5.3976e-03
3.9676e-03
2.7471e-03
1.7099e-03
2.9294e-04
-1.5609e-03
-3.3185e-03
-4.5659e-03
-5.6326e-03
-6.6096e-03
-7.2747e-03
-8.0251e-03
-9.0881e-03
-1.0056e-02
-1.0619e-02
-1.0902e-02
-1.0965e-02
-1.0729e-02
-1.0526e-02
-1.1010e-02
-1.2769e-02
-1.5259e-02
-1.7595e-02
-1.9108e-02
-1.9698e-02
-1.9994e-02
-2.0545e-02
-2.1324e-02
-2.2140e-02
-2.2783e-02
-2.3187e-02
-2.3355e-02
-2.3289e-02
-2.2944e-02
-2.2026e-02
-2.0437e-02
-1.8372e-02
-1.6221e-02
-1.4287e-02
-1.2269e-02
-9.7845e-03
-6.8666e-03
-3.8888e-03
-1.5865e-03
1.6176e-04
2.0938e-03
4.2636e-03
6.3915e-03
8.3150e-03
1.0054e-02
1.1518e-02
1.2840e-02
1.4116e-02
1.5219e-02
1.6104e-02
1.6534e-02
1.6592e-02
1.6653e-02
1.6566e-02
1.6256e-02
1.6242e-02
1.6607e-02
1.6657e-02
1.6412e-02
1.5844e-02
1.5240e-02
1.4703e-02
1.3974e-02
1.3410e-02
1.3634e-02
1.4771e-02
1.5913e-02
1.5979e-02
1.5395e-02
1.5467e-02
1.6375e-02
1.7493e-02
1.8386e-02
1.8892e-02
1.9396e-02
1.9936e-02
1.9815e-02
1.8580e-02
1.6892e-02
1.5272e-02
1.3572e-02
1.1624e-02
9.7016e-03
7.9056e-03
6.4886e-03
5.3472e-03
4.3126e-03
3.6176e-03
3.5566e-03
3.6770e-03
3.8550e-03
4.8288e-03
7.1552e-03
1.0295e-02
1.3339e-02
1.5685e-02
1.6920e-02
1.7195e-02
1.7280e-02
1.7581e-02
1.7815e-02
1.7827e-02
1.7266e-02
1.5833e-02
1.3789e-02
1.1453e-02
9.3305e-03
7.4773e-03
5.7381e-03
3.9286e-03
1.9295e-03
-1.1873e-04
-1.9558e-03
-3.3178e-03
-4.5041e-03
-5.7201e-03
-6.9078e-03
-7.5722e-03
-8.1531e-03
-9.0533e-03
-1.0112e-02
-1.1098e-02
-1.2132e-02
-1.3195e-02
-1.3986e-02
-1.4715e-02
-1.5572e-02
-1.6228e-02
-1.6286e-02
-1.6136e-02
-1.6729e-02
-1.7664e-02
-1.8104e-02
-1.8175e-02
-1.8267e-02
-1.8087e-02
-1.7867e-02
-1.8007e-02
-1.7976e-02
-1.6684e-02
-1.4514e-02
-1.3256e-02
-1.3271e-02
-1.3186e-02
-1.2159e-02
-1.1029e-02
-1.0480e-02
-9.7259e-03
-8.2538e-03
-6.7011e-03
-5.7294e-03
-5.3515e-03
-5.2564e-03
-5.1806e-03
-4.8200e-03
-4.0335e-03
-3.1118e-03
-2.8403e-03
-3.0555e-03
-3.0282e-03
-2.5701e-03
-2.3116e-03
-2.5810e-03
-2.8738e-03
-2.5807e-03
-2.3227e-03
-3.3773e-03
-5.5873e-03
-7.1831e-03
-6.9804e-03
-5.6802e-03
-4.4769e-03
-3.6138e-03
-2.7343e-03
-1.6204e-03
-2.6653e-04
1.3857e-03
2.8666e-03
4.0655e-03
5.4866e-03
7.2997e-03
9.1509e-03
1.0430e-02
1.0950e-02
1.1028e-02
1.0856e-02
1.0576e-02
1.0183e-02
9.7459e-03
9.0494e-03
8.0301e-03
7.1442e-03
6.8049e-03
6.9411e-03
7.1988e-03
6.9740e-03
6.4326e-03
5.9212e-03
5.6040e-03
5.6330e-03
5.8836e-03
5.9851e-03
5.8956e-03
5.8872e-03
6.0082e-03
6.1992e-03
6.2593e-03
6.2962e-03
6.3704e-03
6.5443e-03
6.4341e-03
6.1649e-03
6.7694e-03
8.1228e-03
8.9980e-03
8.8049e-03
7.8432e-03
6.9476e-03
6.6402e-03
6.8666e-03
7.1978e-03
7.1451e-03
6.5145e-03
5.8021e-03
5.4522e-03
5.2945e-03
5.2682e-03
5.6571e-03
6.4097e-03
7.1133e-03
7.7093e-03
8.5246e-03
9.6381e-03
1.1048e-02
1.2479e-02
1.3274e-02
1.3646e-02
1.3990e-02
1.4249e-02
1.4272e-02
1.3778e-02
1.3006e-02
1.2107e-02
1.0963e-02
9.7167e-03
8.4155e-03
7.5504e-03
7.0489e-03
6.5756e-03
6.1211e-03
6.0501e-03
6.3758e-03
6.8075e-03
7.2320e-03
7.4674e-03
7.3505e-03
7.1404e-03
7.2644e-03
7.7523e-03
8.2151e-03
8.3576e-03
8.4002e-03
8.3703e-03
8.2968e-03
8.7879e-03
9.3917e-03
8.7942e-03
6.3732e-03
3.4399e-03
1.6602e-03
4.4279e-04
-1.1830e-03
-2.8800e-03
-4.4238e-03
-6.0383e-03
-7.6207e-03
-8.5698e-03
-8.6907e-03
-8.2912e-03
-7.8829e-03
-7.5940e-03
-7.3783e-03
-7.2405e-03
-6.6771e-03
-5.1211e-03
-3.1730e-03
-2.1358e-03
-2.2496e-03
-3.0320e-03
-4.4436e-03
-6.0824e-03
-6.4496e-03
-5.1463e-03
-2.9564e-03
-1.2767e-03
-9.2535e-04
-1.0594e-03
-1.0675e-03
-1.0350e-03
-9.5041e-04
-7.8518e-04
-4.1425e-04
-9.8330e-05
-1.5698e-04
-9.1551e-04
-2.1710e-03
-3.3971e-03
-4.3985e-03
-5.2644e-03
-5.7023e-03
-5.7283e-03
-5.7553e-03
-5.9164e-03
-6.1232e-03
-5.9902e-03
-5.3897e-03
-4.5640e-03
-3.5454e-03
-2.0367e-03
-3.8047e-04
1.2084e-03
2.6711e-03
4.2048e-03
5.6884e-03
7.1127e-03
8.6322e-03
1.0437e-02
1.2078e-02
1.3061e-02
1.3541e-02
1.4012e-02
1.4697e-02
1.5809e-02
1.7129e-02
1.8205e-02
1.9333e-02
2.0501e-02
2.1303e-02
2.1853e-02
2.2618e-02
2.3516e-02
2.4281e-02
2.4757e-02
2.5185e-02
2.5555e-02
2.5749e-02
2.5788e-02
2.5619e-02
2.4862e-02
2.3326e-02
2.1429e-02
1.9390e-02
1.7318e-02
1.5216e-02
1.3086e-02
1.1033e-02
8.9231e-03
6.5910e-03
4.1575e-03
1.7308e-03
-4.7346e-04
-2.4742e-03
-4.4730e-03
-6.0508e-03
-6.5704e-03
-6.6667e-03
-7.9823e-03
-1.0275e-02
-1.1490e-02
-1.1141e-02
-1.0368e-02
-1.0192e-02
-1.0821e-02
-1.1600e-02
-1.1826e-02
-1.1958e-02
-1.2629e-02
-1.3716e-02
-1.4350e-02
-1.4035e-02
-1.3346e-02
-1.3018e-02
-1.2659e-02
-1.1878e-02
-1.1239e-02
-1.0872e-02
-1.0366e-02
-9.3754e-03
-8.2343e-03
-7.7625e-03
-8.0732e-03
-8.0415e-03
-7.1182e-03
-5.8475e-03
-5.0139e-03
-5.1242e-03
-6.0867e-03
-7.1856e-03
-7.9906e-03
-8.5771e-03
-9.1685e-03
-9.7281e-03
-1.0169e-02
-1.0826e-02
-1.1834e-02
-1.2779e-02
-1.3214e-02
-1.3223e-02
-1.3202e-02
-1.3272e-02
-1.3010e-02
-1.2233e-02
-1.1451e-02
-1.0681e-02
-9.2091e-03
-7.0089e-03
-5.4063e-03
-5.1823e-03
-5.6773e-03
-6.1461e-03
-6.5924e-03
-7.0203e-03
-7.0852e-03
-7.4329e-03
-8.3883e-03
-9.4324e-03
-1.0134e-02
-1.0232e-02
-1.0115e-02
-1.0472e-02
-1.1416e-02
-1.2119e-02
-1.1945e-02
-1.1112e-02
-1.0278e-02
-9.7063e-03
-8.8927e-03
-7.9282e-03
-7.0933e-03
-6.2673e-03
-5.5040e-03
-4.7901e-03
-4.0257e-03
-3.2822e-03
-3.1115e-03
-3.7309e-03
-4.7751e-03
-5.6731e-03
-6.2258e-03
-6.5260e-03
-6.9395e-03
-7.3997e-03
-7.7482e-03
-7.8105e-03
-7.7749e-03
-7.8282e-03
-7.8182e-03
-7.3385e-03
-6.0702e-03
-4.7485e-03
-4.1035e-03
-4.1852e-03
-4.7485e-03
-5.1868e-03
-5.1077e-03
-4.4037e-03
-4.0808e-03
-5.4885e-03
-8.0845e-03
-1.0446e-02
-1.1738e-02
-1.2337e-02
-1.3007e-02
-1.3975e-02
-1.5001e-02
-1.5714e-02
-1.6003e-02
-1.6239e-02
-1.6477e-02
-1.6613e-02
-1.6540e-02
-1.5832e-02
-1.4441e-02
-1.2938e-02
-1.1894e-02
-1.1050e-02
-1.0110e-02
-9.3746e-03
-8.8503e-03
-8.2681e-03
-8.1373e-03
-8.2982e-03
-7.5144e-03
-5.4370e-03
-3.1263e-03
-2.0329e-03
-2.0983e-03
-2.2370e-03
-1.9722e-03
-1.5542e-03
-1.2340e-03
-1.1549e-03
-1.0506e-03
-6.1775e-04
-6.3845e-05
4.0981e-04
8.1969e-04
1.2574e-03
1.4876e-03
1.3483e-03
1.0640e-03
7.8913e-04
4.8483e-04
-2.7259e-05
-6.5079e-04
-1.0088e-03
-7.4976e-04
8.4827e-06
4.9103e-04
3.3738e-04
-9.0206e-05
-2.0363e-04
2.2491e-04
1.2052e-03
2.3835e-03
3.4049e-03
4.2029e-03
4.6939e-03
4.6879e-03
4.1243e-03
3.1659e-03
2.3161e-03
1.7740e-03
1.3399e-03
1.0256e-03
8.8663e-04
9.3806e-04
9.1328e-04
5.1264e-04
6.6956e-06
-3.0426e-04
-4.6519e-04
-5.8602e-04
-2.8355e-04
5.5606e-04
1.6474e-03
2.7670e-03
4.2367e-03
6.1326e-03
7.6587e-03
8.4894e-03
9.0124e-03
9.5323e-03
1.0064e-02
1.0376e-02
1.0514e-02
1.0542e-02
1.0490e-02
1.0068e-02
9.1819e-03
8.2459e-03
7.7727e-03
7.5067e-03
7.2554e-03
7.3068e-03
7.6656e-03
7.4758e-03
6.8263e-03
6.8716e-03
7.8053e-03
8.9163e-03
9.8759e-03
1.0763e-02
1.1092e-02
1.0899e-02
1.0599e-02
1.0153e-02
9.2811e-03
8.3115e-03
7.6406e-03
6.9875e-03
5.9850e-03
4.7764e-03
3.4212e-03
1.9600e-03
5.7782e-04
-6.1838e-04
-1.3269e-03
-1.8902e-03
-3.2105e-03
-4.9895e-03
-6.1871e-03
-5.7840e-03
-4.3140e-03
-3.4473e-03
-3.4102e-03
-3.4575e-03
-3.2773e-03
-2.9482e-03
-2.7208e-03
-2.7236e-03
-2.4632e-03
-1.7154e-03
-7.9471e-04
3.5881e-05
1.0934e-03
2.2197e-03
3.1487e-03
3.9329e-03
4.5596e-03
5.1093e-03
5.6873e-03
6.5839e-03
8.2843e-03
9.8532e-03
9.9696e-03
8.8207e-03
7.4569e-03
6.8652e-03
7.1511e-03
7.5722e-03
7.8365e-03
8.0412e-03
8.3657e-03
8.5819e-03
8.6462e-03
8.4831e-03
8.0351e-03
7.7688e-03
7.5221e-03
6.9430e-03
6.3656e-03
5.9309e-03
5.3145e-03
4.7076e-03
4.3869e-03
4.2134e-03
4.0753e-03
4.0941e-03
4.4202e-03
4.9300e-03
5.4452e-03
5.7633e-03
6.0028e-03
6.5285e-03
7.5323e-03
8.4514e-03
8.6270e-03
8.5383e-03
9.0350e-03
9.8784e-03
1.0566e-02
1.0847e-02
1.0923e-02
1.1247e-02
1.1901e-02
1.2291e-02
1.2389e-02
1.2375e-02
1.2556e-02
1.2675e-02
1.2308e-02
1.1456e-02
1.0611e-02
1.0136e-02
9.9352e-03
9.3991e-03
7.9494e-03
6.0967e-03
4.8468e-03
4.3396e-03
4.1749e-03
3.7755e-03
3.3921e-03
3.0672e-03
2.8672e-03
3.0474e-03
3.3299e-03
3.3476e-03
3.2776e-03
3.7102e-03
4.7917e-03
6.0213e-03
6.8031e-03
7.2440e-03
7.6442e-03
8.1563e-03
8.9110e-03
9.6438e-03
9.5797e-03
8.8362e-03
8.6136e-03
9.8352e-03
1.1816e-02
1.3193e-02
1.3319e-02
1.2999e-02
1.3155e-02
1.3353e-02
1.3396e-02
1.3550e-02
1.3553e-02
1.3151e-02
1.2289e-02
1.1082e-02
9.4888e-03
7.8882e-03
6.8212e-03
6.1646e-03
5.6566e-03
5.2938e-03
5.1399e-03
4.9299e-03
4.8293e-03
4.9804e-03
5.3388e-03
5.9231e-03
6.7590e-03
7.3508e-03
7.6940e-03
8.2347e-03
9.0522e-03
9.7481e-03
1.0187e-02
1.0271e-02
9.7003e-03
9.0680e-03
8.5775e-03
7.7495e-03
6.6943e-03
5.8668e-03
5.1613e-03
4.3883e-03
3.7359e-03
3.3856e-03
3.4950e-03
3.9475e-03
4.3578e-03
4.7231e-03
5.0948e-03
5.6139e-03
6.6425e-03
7.6116e-03
8.1638e-03
8.6596e-03
9.0160e-03
8.8133e-03
8.2386e-03
7.8104e-03
7.4771e-03
6.9801e-03
6.1200e-03
4.8830e-03
3.1911e-03
1.1668e-03
-5.6675e-04
-2.0030e-03
-3.6295e-03
-5.3897e-03
-6.8986e-03
-7.9502e-03
-8.7865e-03
-9.3595e-03
-9.4963e-03
-9.0859e-03
-8.2837e-03
-8.2081e-03
-9.2906e-03
-9.7892e-03
-8.2473e-03
-5.6051e-03
-3.6539e-03
-2.7664e-03
-2.2349e-03
-1.6289e-03
-9.5941e-04
-4.3753e-04
2.1138e-04
7.0928e-04
8.7653e-04
8.4351e-04
5.2436e-04
-1.3248e-04
-8.4871e-04
-1.3610e-03
-1.5986e-03
-1.5644e-03
-1.5014e-03
-2.2491e-03
-3.8710e-03
-5.6654e-03
-6.9373e-03
-6.9919e-03
-5.9457e-03
-4.9712e-03
-5.3575e-03
-6.8173e-03
-8.3569e-03
-9.2729e-03
-9.5276e-03
-9.6166e-03
-9.7063e-03
-9.7047e-03
-9.7985e-03
-9.8315e-03
-9.6279e-03
-9.3673e-03
-8.8281e-03
-7.9332e-03
-6.9619e-03
-6.2654e-03
-5.7202e-03
-5.1414e-03
-4.4936e-03
-4.1460e-03
-4.0417e-03
-3.9940e-03
-3.4602e-03
-2.8022e-03
-3.0736e-03
-4.4743e-03
-6.2665e-03
-7.3167e-03
-7.5228e-03
-7.4250e-03
-7.2973e-03
-7.1335e-03
-7.1975e-03
-7.4353e-03
-7.7424e-03
-8.3133e-03
-9.3017e-03
-1.0316e-02
-1.0745e-02
-1.0690e-02
-1.1297e-02
-1.2542e-02
-1.3776e-02
-1.4759e-02
-1.5435e-02
-1.5660e-02
-1.5777e-02
-1.6263e-02
-1.7064e-02
-1.7603e-02
-1.7800e-02
-1.8267e-02
-1.8840e-02
-1.8742e-02
-1.7839e-02
-1.6687e-02
-1.5980e-02
-1.5779e-02
-1.5915e-02
-1.6032e-02
-1.5902e-02
-1.5478e-02
-1.4754e-02
-1.4241e-02
-1.4451e-02
-1.5384e-02
-1.6293e-02
-1.6829e-02
-1.7134e-02
-1.7123e-02
-1.6748e-02
-1.7082e-02
-1.9190e-02
-2.1748e-02
-2.3373e-02
-2.4080e-02
-2.4213e-02
-2.4098e-02
-2.4123e-02
-2.4574e-02
-2.5324e-02
-2.5779e-02
-2.5665e-02
-2.5198e-02
-2.4913e-02
-2.4959e-02
-2.4790e-02
-2.4221e-02
-2.3583e-02
-2.3323e-02
-2.3365e-02
-2.3291e-02
-2.3003e-02
-2.2822e-02
-2.3012e-02
-2.3317e-02
-2.3091e-02
-2.1706e-02
-2.0022e-02
-1.9387e-02
-1.9647e-02
-1.9909e-02
-1.9679e-02
-1.8977e-02
-1.8365e-02
-1.8221e-02
-1.8247e-02
-1.7998e-02
-1.7095e-02
-1.5521e-02
-1.4066e-02
-1.3532e-02
-1.3784e-02
-1.4032e-02
-1.4041e-02
-1.4155e-02
-1.4451e-02
-1.5109e-02
-1.5959e-02
-1.6439e-02
-1.6394e-02
-1.6196e-02
-1.6118e-02
-1.6216e-02
-1.6289e-02
-1.6297e-02
-1.6153e-02
-1.5679e-02
-1.5040e-02
-1.4444e-02
-1.3970e-02
-1.3522e-02
-1.2776e-02
-1.1641e-02
-1.0722e-02
-1.0223e-02
-1.0042e-02
-1.0024e-02
-1.0104e-02
-9.9366e-03
-9.5554e-03
-9.2050e-03
-9.0245e-03
-8.8953e-03
-8.7061e-03
-8.5117e-03
-8.4064e-03
-8.2820e-03
-8.1268e-03
-7.7140e-03
-6.9383e-03
-6.0685e-03
-4.9786e-03
-3.5655e-03
-1.8044e-03
9.2094e-05
1.8277e-03
3.3241e-03
4.1179e-03
3.9518e-03
3.3500e-03
2.5340e-03
1.4452e-03
2.6062e-04
-7.2873e-04
-1.5749e-03
-2.0019e-03
-2.0774e-03
-1.9099e-03
-1.1041e-03
-7.0906e-04
-1.6155e-03
-2.5346e-03
-1.6185e-03
8.3472e-04
3.0904e-03
4.2247e-03
4.6453e-03
5.1287e-03
6.2773e-03
7.8665e-03
9.1614e-03
9.9802e-03
1.0849e-02
1.1560e-02
1.1806e-02
1.1854e-02
1.1961e-02
1.2224e-02
1.2386e-02
1.2368e-02
1.2808e-02
1.3674e-02
1.4291e-02
1.4275e-02
1.4303e-02
1.5430e-02
1.7849e-02
2.0275e-02
2.1435e-02
2.1685e-02
2.1991e-02
2.2801e-02
2.3784e-02
2.4288e-02
2.4226e-02
2.4382e-02
2.4807e-02
2.4934e-02
2.4222e-02
2.2983e-02
2.1924e-02
2.0997e-02
1.9880e-02
1.8658e-02
1.7553e-02
1.6391e-02
1.5001e-02
1.3606e-02
1.2303e-02
1.1161e-02
1.0333e-02
9.9790e-03
9.9578e-03
1.0443e-02
1.1764e-02
1.3034e-02
1.3326e-02
1.2878e-02
1.2599e-02
1.2853e-02
1.3739e-02
1.4898e-02
1.5578e-02
1.6068e-02
1.7023e-02
1.8012e-02
1.8666e-02
1.9172e-02
1.9664e-02
1.9967e-02
2.0077e-02
1.9911e-02
1.9267e-02
1.8306e-02
1.7414e-02
1.6735e-02
1.5999e-02
1.4943e-02
1.3896e-02
1.3111e-02
1.2568e-02
1.1925e-02
1.1148e-02
1.0320e-02
9.5375e-03
8.8148e-03
8.0651e-03
7.2557e-03
6.2134e-03
5.2861e-03
4.6885e-03
4.2718e-03
4.0149e-03
3.8689e-03
3.9375e-03
4.1716e-03
4.3056e-03
4.2500e-03
4.4901e-03
5.3996e-03
6.2619e-03
5.8243e-03
4.4824e-03
3.1850e-03
2.2403e-03
2.0732e-03
2.2908e-03
2.2718e-03
2.0120e-03
1.9464e-03
2.3563e-03
2.8721e-03
3.3531e-03
3.9828e-03
4.7952e-03
5.3357e-03
5.4526e-03
5.5416e-03
5.6486e-03
5.6983e-03
5.5067e-03
4.7883e-03
3.7107e-03
2.4184e-03
6.2050e-04
-1.4113e-03
-2.4679e-03
-2.1161e-03
-1.5247e-03
-1.9036e-03
-3.0677e-03
-4.2564e-03
-4.8188e-03
-4.8174e-03
-4.8145e-03
-4.8477e-03
-4.8428e-03
-5.0040e-03
-5.1380e-03
-5.0184e-03
-4.7732e-03
-4.4342e-03
-3.9183e-03
-3.4227e-03
-3.2368e-03
-3.2385e-03
-3.1031e-03
-2.7245e-03
-2.2920e-03
-2.2303e-03
-2.6927e-03
-3.3733e-03
-4.1240e-03
-4.6794e-03
-4.9754e-03
-5.0556e-03
-5.0179e-03
-5.0716e-03
-5.2023e-03
-5.3813e-03
-6.1306e-03
-7.0953e-03
-7.2602e-03
-6.7369e-03
-6.0139e-03
-5.2778e-03
-4.5182e-03
-3.9650e-03
-3.6423e-03
-3.1752e-03
-2.4084e-03
-1.4972e-03
-8.3516e-04
-4.8857e-04
-1.9214e-04
2.9700e-04
7.9419e-04
1.0895e-03
1.1205e-03
9.1534e-04
7.0945e-04
7.4422e-04
9.4280e-04
9.6273e-04
7.7191e-04
7.3015e-04
9.7882e-04
1.1849e-03
1.2773e-03
1.5215e-03
2.1335e-03
2.7846e-03
3.0374e-03
2.9828e-03
2.8012e-03
2.6671e-03
2.5929e-03
2.2466e-03
1.9630e-03
2.5622e-03
3.1797e-03
2.1348e-03
-6.9961e-05
-1.6805e-03
-2.1269e-03
-2.0244e-03
-2.0323e-03
-2.3785e-03
-3.1100e-03
-3.6455e-03
-3.6036e-03
-3.2884e-03
-3.2050e-03
-3.2652e-03
-3.1863e-03
-3.1174e-03
-3.0838e-03
-3.0195e-03
-2.6083e-03
-1.9952e-03
-1.5586e-03
-1.3537e-03
-1.1684e-03
-1.2421e-03
-2.1953e-03
-3.4047e-03
-3.6555e-03
-3.1478e-03
-2.5859e-03
-2.2020e-03
-2.2253e-03
-2.3803e-03
-2.6058e-03
-2.6988e-03
-2.6028e-03
-2.6365e-03
-2.9121e-03
-3.2416e-03
-3.2721e-03
-3.2307e-03
-3.4695e-03
-3.9662e-03
-4.3883e-03
-4.6369e-03
-4.7906e-03
-4.7508e-03
-4.5944e-03
-4.4535e-03
-3.9828e-03
-3.2023e-03
-2.6738e-03
-2.5706e-03
-2.4871e-03
-1.9356e-03
-5.3863e-04
1.3136e-03
2.8495e-03
3.6287e-03
3.4578e-03
2.4800e-03
1.3768e-03
6.3339e-04
2.1581e-04
-2.2950e-04
-1.0269e-03
-2.4133e-03
-3.9140e-03
-4.8296e-03
-5.1383e-03
-5.2677e-03
-5.4499e-03
-5.7063e-03
-5.5973e-03
-4.8425e-03
-3.9425e-03
-3.2157e-03
-2.6268e-03
-2.0703e-03
-1.5505e-03
-1.4749e-03
-1.7936e-03
-2.0765e-03
-2.3488e-03
-2.8235e-03
-3.3882e-03
-3.9323e-03
-4.4443e-03
-5.1061e-03
-5.7951e-03
-6.1481e-03
-5.8932e-03
-5.4863e-03
-5.1156e-03
-4.3179e-03
-3.3586e-03
-2.6254e-03
-1.6918e-03
-2.1763e-04
1.5326e-03
2.9500e-03
3.5022e-03
3.3096e-03
3.1921e-03
3.6855e-03
4.7256e-03
5.9502e-03
6.7246e-03
6.3284e-03
5.4581e-03
5.0106e-03
5.0646e-03
5.2179e-03
5.2886e-03
5.4170e-03
5.7671e-03
5.8157e-03
5.3460e-03
4.4797e-03
3.7513e-03
3.2689e-03
2.9827e-03
2.5363e-03
1.7356e-03
7.6826e-04
-4.0710e-04
-1.3788e-03
-9.2643e-04
5.5184e-04
1.4698e-03
1.3487e-03
8.3687e-04
7.8241e-04
1.2921e-03
1.9940e-03
2.2959e-03
2.3727e-03
2.7167e-03
3.3627e-03
4.2264e-03
4.9738e-03
4.9338e-03
4.0007e-03
2.8924e-03
2.2489e-03
2.0865e-03
1.9490e-03
1.6240e-03
1.3430e-03
1.2584e-03
1.1967e-03
1.0575e-03
1.0664e-03
1.3014e-03
1.6900e-03
2.0027e-03
1.9869e-03
1.7701e-03
1.6780e-03
1.7379e-03
1.7788e-03
1.3939e-03
5.7602e-04
-3.6582e-04
-1.3739e-03
-2.7226e-03
-4.2037e-03
-5.6983e-03
-6.8462e-03
-7.3305e-03
-7.7036e-03
-8.6509e-03
-9.8064e-03
-1.0757e-02
-1.1377e-02
-1.1684e-02
-1.2155e-02
-1.2632e-02
-1.2732e-02
-1.2347e-02
-1.1734e-02
-1.1479e-02
-1.1651e-02
-1.1603e-02
-1.1381e-02
-1.1022e-02
-1.0477e-02
-9.7164e-03
-8.7947e-03
-7.9410e-03
-7.3783e-03
-7.1873e-03
-6.9629e-03
-5.9820e-03
-4.4098e-03
-2.7260e-03
-8.9413e-04
9.5929e-04
2.5162e-03
3.9533e-03
5.7708e-03
7.2320e-03
7.1588e-03
6.0973e-03
5.7213e-03
6.7784e-03
8.6366e-03
1.0245e-02
1.1120e-02
1.1611e-02
1.2138e-02
1.2736e-02
1.3149e-02
1.3428e-02
1.3850e-02
1.4210e-02
1.4208e-02
1.4252e-02
1.4971e-02
1.5978e-02
1.6323e-02
1.5933e-02
1.5041e-02
1.4003e-02
1.3001e-02
1.1734e-02
1.0177e-02
9.1618e-03
9.2579e-03
9.8742e-03
9.8943e-03
8.7690e-03
7.3761e-03
6.6564e-03
6.3232e-03
5.8593e-03
5.2464e-03
4.5845e-03
3.7325e-03
2.3880e-03
5.4358e-04
-1.3774e-03
-2.8673e-03
-3.7312e-03
-4.2121e-03
-4.2133e-03
-3.5296e-03
-2.5437e-03
-2.3254e-03
-3.0378e-03
-4.0247e-03
-4.2926e-03
-3.6013e-03
-2.5008e-03
-1.2963e-03
-3.8438e-04
3.9355e-05
4.9752e-04
9.2029e-04
1.2412e-03
1.4725e-03
1.5474e-03
1.5924e-03
1.9107e-03
2.2938e-03
2.1695e-03
1.5054e-03
7.4676e-04
1.7696e-04
-2.7051e-04
-7.8624e-04
-1.3578e-03
-1.5786e-03
-1.4947e-03
-1.5251e-03
-1.6841e-03
-1.7854e-03
-1.7628e-03
-2.0646e-03
-2.7139e-03
-3.1119e-03
-2.9512e-03
-2.3273e-03
-1.5410e-03
-9.5342e-04
-7.8566e-04
-6.0857e-04
-2.3660e-04
-1.3711e-04
-3.2369e-04
-4.0209e-04
-3.5841e-04
-4.6329e-04
-7.3426e-04
-8.7943e-04
-9.7336e-04
-1.0573e-03
-1.1897e-03
-1.2774e-03
-1.2140e-03
-6.3028e-04
-1.8307e-05
-2.7401e-04
-1.5027e-03
-2.7733e-03
-3.5047e-03
-3.6977e-03
-3.6213e-03
-3.0874e-03
-2.4401e-03
-2.2036e-03
-2.4927e-03
-3.2032e-03
-3.9147e-03
-4.2294e-03
-4.4484e-03
-4.8956e-03
-5.5484e-03
-6.2822e-03
-6.9366e-03
-7.1333e-03
-7.0973e-03
-7.1579e-03
-7.6177e-03
-8.8386e-03
-1.0628e-02
-1.1994e-02
-1.1855e-02
-1.0591e-02
-9.4952e-03
-9.1426e-03
-9.1180e-03
-8.9626e-03
-8.4211e-03
-7.6588e-03
-7.1029e-03
-7.0097e-03
-6.8777e-03
-6.4000e-03
-5.7927e-03
-5.4169e-03
-5.8641e-03
-5.4679e-03
-5.0159e-03
-4.6741e-03
-4.4513e-03
-4.2057e-03
-3.6704e-03
-2.9684e-03
-2.3364e-03
-1.5525e-03
-4.3747e-04
4.9684e-04
9.6962e-04
1.1918e-03
1.9004e-03
2.9353e-03
3.9789e-03
5.1321e-03
6.1964e-03
7.2167e-03
8.0367e-03
8.2262e-03
8.1870e-03
8.0149e-03
7.3408e-03
6.4419e-03
5.7138e-03
5.0060e-03
4.2977e-03
3.5886e-03
3.0802e-03
2.8790e-03
2.8024e-03
2.7332e-03
2.6969e-03
3.0441e-03
3.5730e-03
3.7911e-03
3.6586e-03
3.7393e-03
3.9498e-03
3.9142e-03
3.5449e-03
2.7413e-03
1.9371e-03
1.5613e-03
1.2607e-03
7.1691e-04
2.0132e-04
-3.4443e-04
-9.5478e-04
-1.5756e-03
-2.0983e-03
-2.5849e-03
-3.1839e-03
-3.8014e-03
-4.4304e-03
-5.0014e-03
-5.3303e-03
-5.6144e-03
-6.5763e-03
-8.1080e-03
-9.1074e-03
-8.8733e-03
-7.9870e-03
-7.6615e-03
-8.0123e-03
-8.4655e-03
-8.8884e-03
-9.2591e-03
-9.3085e-03
-8.9394e-03
-8.5399e-03
-8.3825e-03
-8.5212e-03
-8.6133e-03
-8.1861e-03
-7.7811e-03
-7.7885e-03
-7.6893e-03
-6.9931e-03
-6.1355e-03
-5.5463e-03
-5.6304e-03
-6.5650e-03
-7.3999e-03
-7.2734e-03
-6.3039e-03
-5.2839e-03
-4.9870e-03
-5.2417e-03
-5.6701e-03
-5.8353e-03
-5.6684e-03
-5.5640e-03
-5.6287e-03
-5.5186e-03
-4.9508e-03
-4.3227e-03
-3.9711e-03
-3.8370e-03
-3.7651e-03
-3.6505e-03
-3.3033e-03
-2.7853e-03
-2.3357e-03
-2.0067e-03
-1.5970e-03
-1.0592e-03
-4.9710e-04
1.5086e-04
5.8556e-04
8.7639e-04
1.2521e-03
1.9230e-03
2.4987e-03
2.8023e-03
2.9989e-03
3.1221e-03
3.0484e-03
2.8794e-03
2.3338e-03
1.2268e-03
-7.4977e-05
-1.1654e-03
-1.8859e-03
-2.3119e-03
-2.8671e-03
-3.2594e-03
-3.1462e-03
-2.3701e-03
-1.0494e-03
3.3802e-04
1.4741e-03
2.4546e-03
3.4850e-03
4.4847e-03
5.5487e-03
6.2672e-03
6.4745e-03
6.5331e-03
6.6124e-03
6.3179e-03
5.6401e-03
5.2117e-03
5.0311e-03
4.7745e-03
4.2480e-03
3.7386e-03
3.5180e-03
3.6201e-03
3.8152e-03
3.8590e-03
3.8716e-03
3.9326e-03
3.9297e-03
4.0567e-03
4.5537e-03
5.4737e-03
6.9555e-03
8.6532e-03
9.6054e-03
9.3927e-03
8.8267e-03
8.9486e-03
9.8901e-03
1.0827e-02
1.1161e-02
1.0973e-02
1.0667e-02
1.0512e-02
1.0514e-02
1.0412e-02
1.0056e-02
9.7202e-03
9.5404e-03
9.3202e-03
8.9706e-03
8.6357e-03
8.2867e-03
8.0025e-03
7.7217e-03
7.2680e-03
6.5893e-03
5.5765e-03
4.6210e-03
4.5324e-03
5.4471e-03
6.4416e-03
6.4357e-03
5.5570e-03
4.4892e-03
3.3543e-03
2.1107e-03
9.5005e-04
1.3806e-05
-9.3916e-04
-1.9698e-03
-2.9900e-03
-3.8997e-03
-4.7930e-03
-5.7754e-03
-6.6306e-03
-7.7014e-03
-8.9294e-03
-1.0017e-02
-1.1035e-02
-1.2111e-02
-1.2964e-02
-1.3327e-02
-1.3410e-02
-1.3661e-02
-1.3963e-02
-1.4015e-02
-1.3896e-02
-1.3648e-02
-1.3300e-02
-1.2766e-02
-1.1981e-02
-1.1148e-02
-1.0412e-02
-9.7593e-03
-8.9438e-03
-7.7269e-03
-6.4306e-03
-5.6011e-03
-5.1278e-03
-4.3946e-03
-3.0539e-03
-1.5774e-03
-1.0522e-03
-1.5055e-03
-2.0093e-03
-2.0718e-03
-1.9713e-03
-2.1012e-03
-2.2959e-03
-2.5331e-03
-2.7321e-03
-2.3806e-03
-1.8554e-03
-1.5534e-03
-1.2590e-03
-1.0230e-03
-1.1977e-03
-1.5199e-03
-1.9618e-03
-2.5782e-03
-3.0359e-03
-3.3595e-03
-3.7191e-03
-4.0982e-03
-4.6337e-03
-5.3034e-03
-5.9078e-03
-6.5692e-03
-7.2316e-03
-7.7684e-03
-8.0653e-03
-7.9122e-03
-7.5840e-03
-7.7842e-03
-8.4944e-03
-8.7868e-03
-8.0741e-03
-6.6205e-03
-5.3268e-03
-4.4647e-03
-3.8956e-03
-3.1327e-03
-1.9677e-03
-6.2628e-04
8.0801e-04
2.2041e-03
3.4127e-03
4.2589e-03
4.8962e-03
5.7642e-03
6.8556e-03
7.6153e-03
8.0063e-03
8.3559e-03
8.5379e-03
8.1275e-03
6.9373e-03
5.7564e-03
5.3856e-03
5.8358e-03
6.4761e-03
6.5582e-03
6.1827e-03
5.8341e-03
5.7653e-03
5.7519e-03
5.5809e-03
5.2415e-03
4.9868e-03
4.7853e-03
4.5137e-03
4.2609e-03
4.1456e-03
4.1235e-03
4.1422e-03
4.1533e-03
4.0622e-03
3.9621e-03
4.0235e-03
4.0403e-03
4.1905e-03
4.4492e-03
4.4058e-03
4.1289e-03
4.0447e-03
4.2186e-03
4.3675e-03
4.4180e-03
4.5459e-03
4.6049e-03
4.7065e-03
5.0359e-03
5.4548e-03
5.8300e-03
6.1698e-03
6.3899e-03
6.4556e-03
6.4220e-03
6.3453e-03
6.2076e-03
6.0455e-03
6.0451e-03
6.1232e-03
6.1392e-03
6.2009e-03
6.3926e-03
6.6180e-03
6.7469e-03
6.9102e-03
7.1047e-03
7.1902e-03
7.0095e-03
6.6806e-03
6.3531e-03
6.0112e-03
5.6405e-03
5.2156e-03
4.7928e-03
4.4061e-03
3.9754e-03
3.4756e-03
2.9746e-03
2.5536e-03
2.1229e-03
1.8188e-03
1.6964e-03
1.4941e-03
1.1168e-03
6.8512e-04
3.6705e-04
4.1777e-04
7.9251e-04
8.9177e-04
2.7265e-04
-5.2968e-04
-5.2956e-04
-4.0049e-05
2.0629e-04
2.3476e-04
2.7942e-04
2.7012e-04
6.4561e-05
-3.9275e-04
-8.7624e-04
-1.1345e-03
-1.2601e-03
-1.5238e-03
-1.7981e-03
-1.9310e-03
-1.9840e-03
-2.0642e-03
-2.3590e-03
-2.6656e-03
-2.8032e-03
-2.8404e-03
-3.0969e-03
-3.7434e-03
-4.3652e-03
-4.2597e-03
-3.6145e-03
-3.1757e-03
-3.2297e-03
-3.5131e-03
-3.6298e-03
-3.4792e-03
-3.1780e-03
-2.9186e-03
-2.8058e-03
-2.7120e-03
-2.4785e-03
-2.0048e-03
-1.6132e-03
-1.5265e-03
-1.5160e-03
-1.3813e-03
-1.1521e-03
-1.1009e-03
-1.2792e-03
-1.6137e-03
-1.8465e-03
-1.7770e-03
-1.5793e-03
-1.5531e-03
-1.6840e-03
-1.7185e-03
-1.5526e-03
-1.2983e-03
-9.7195e-04
-5.6062e-04
-9.6594e-05
3.9520e-04
1.0224e-03
1.7487e-03
2.3041e-03
2.6321e-03
2.8423e-03
3.0522e-03
3.2487e-03
3.4335e-03
3.5475e-03
3.4962e-03
3.5361e-03
3.8223e-03
4.0018e-03
3.6756e-03
3.0445e-03
2.5627e-03
2.4042e-03
2.3676e-03
2.2616e-03
2.0833e-03
1.9711e-03
2.0174e-03
2.1660e-03
2.2729e-03
2.2405e-03
2.2168e-03
2.3280e-03
2.4606e-03
2.5822e-03
2.7245e-03
2.8026e-03
2.7671e-03
2.6705e-03
2.5240e-03
2.3957e-03
2.3478e-03
2.2014e-03
1.9069e-03
1.5811e-03
1.4398e-03
1.5191e-03
1.5778e-03
1.2837e-03
7.5460e-04
4.8198e-04
6.3363e-04
9.0592e-04
9.3737e-04
7.5054e-04
6.3253e-04
6.6794e-04
6.9716e-04
6.3259e-04
5.0999e-04
4.6829e-04
5.4184e-04
6.4755e-04
7.7799e-04
9.2449e-04
1.1030e-03
1.2958e-03
1.4782e-03
1.6168e-03
1.6575e-03
1.5787e-03
1.3952e-03
1.2610e-03
1.3375e-03
1.6097e-03
1.9041e-03
2.0396e-03
1.9881e-03
1.9036e-03
1.8973e-03
1.9356e-03
1.9233e-03
1.8246e-03
1.6939e-03
1.6123e-03
1.5525e-03
1.4456e-03
1.2871e-03
1.1397e-03
1.0158e-03
9.2631e-04
8.8791e-04
9.0612e-04
9.1622e-04
9.3280e-04
9.9210e-04
1.0990e-03
1.3285e-03
1.6143e-03
1.7243e-03
1.6079e-03
1.4722e-03
1.4799e-03
1.5877e-03
1.7367e-03
1.8160e-03
1.8003e-03
1.7744e-03
1.7885e-03
1.7855e-03
1.7328e-03
1.6818e-03
1.6689e-03
1.6489e-03
1.5913e-03
1.5490e-03
1.5413e-03
1.5413e-03
1.5294e-03
1.5028e-03
1.4951e-03
1.5272e-03
1.5576e-03
1.5533e-03
1.5152e-03
1.4695e-03
1.4237e-03
1.3879e-03
1.3437e-03
1.2856e-03
1.2305e-03
1.1916e-03
1.1699e-03
1.1317e-03
1.0447e-03
9.3252e-04
8.6457e-04
8.5383e-04
8.5415e-04
8.6459e-04
8.9638e-04
9.3878e-04
9.8067e-04
1.0251e-03
1.0989e-03
1.2034e-03
1.3188e-03
1.4093e-03
1.4302e-03
1.3858e-03
1.3444e-03
1.3434e-03
1.3554e-03
1.3562e-03
1.3659e-03
1.3679e-03
1.3300e-03
1.2902e-03
1.2803e-03
1.2709e-03
1.2373e-03
1.1964e-03
1.1690e-03
1.1629e-03
1.1586e-03
1.1306e-03
1.0891e-03
1.0625e-03
1.0426e-03
1.0150e-03
9.6392e-04
8.8758e-04
8.3699e-04
8.4198e-04
8.6519e-04
8.5371e-04
8.0589e-04
7.5365e-04
7.0507e-04
6.6029e-04
6.2296e-04
5.9289e-04
5.4944e-04
4.9783e-04
4.6531e-04
4.5163e-04
4.4038e-04
4.2331e-04
4.0322e-04
3.8738e-04
3.6583e-04
3.4059e-04
3.1971e-04
3.0194e-04
2.8663e-04
2.7460e-04
2.5986e-04
2.3472e-04
2.0076e-04
1.7416e-04
1.5761e-04
1.3875e-04
1.1366e-04
8.8456e-05
6.9255e-05
5.6289e-05
4.1763e-05
2.2165e-05
4.2078e-06
-6.2812e-06
-1.5187e-05
-3.0177e-05
-4.6827e-05
-5.8196e-05
-7.0959e-05
-9.1142e-05
-1.1368e-04
-1.3154e-04
-1.4549e-04
-1.6169e-04
-1.8106e-04
-1.9940e-04
-2.1548e-04
-2.2835e-04
-2.3917e-04
-2.5041e-04
-2.6461e-04
-2.7910e-04
-2.9055e-04
-2.9897e-04
-3.0937e-04
-3.2285e-04
-3.3390e-04
-3.3952e-04
-3.4280e-04
-3.4822e-04
-3.5548e-04
-3.6202e-04
-3.6462e-04
-3.6409e-04
-3.6344e-04
-3.6342e-04
-3.6360e-04
-3.6505e-04
-3.6729e-04
-3.6765e-04
-3.6856e-04
-3.7561e-04
-3.8797e-04
-3.9847e-04
-4.0271e-04
-4.0318e-04
-4.0475e-04
-4.0985e-04
-4.1837e-04
-4.2751e-04
-4.3459e-04
-4.4054e-04
-4.4686e-04
-4.5382e-04
-4.6104e-04
-4.6805e-04
-4.7514e-04
-4.8253e-04
-4.8998e-04
-4.9751e-04
-5.0498e-04
-5.1202e-04
-5.1867e-04
-5.2568e-04
-5.3371e-04
-5.4308e-04
-5.5252e-04
-5.5988e-04
-5.6538e-04
-5.7129e-04
-5.7883e-04
-5.8734e-04
-5.9559e-04
-6.0314e-04
-6.1007e-04
-6.1713e-04
-6.2478e-04
-6.3239e-04
-6.3967e-04
-6.4671e-04
-6.5345e-04
-6.6014e-04
-6.6695e-04
-6.7366e-04
-6.8014e-04
-6.8645e-04
-6.9257e-04
-6.9853e-04
-7.0448e-04
-7.1071e-04
-7.1728e-04
-7.2390e-04
-7.3036e-04
-7.3668e-04
-7.4300e-04
-7.4938e-04
-7.5585e-04
-7.6239e-04
-7.6892e-04
-7.7542e-04
-7.8192e-04
-7.8846e-04
-7.9498e-04
-8.0153e-04
-8.0808e-04
-8.1459e-04
-8.2103e-04
-8.2742e-04
-8.3378e-04
-8.4012e-04
-8.4642e-04
-8.5268e-04
-8.5890e-04
-8.6509e-04
-8.7123e-04
-8.7735e-04
-8.8344e-04
-8.8951e-04
-8.9555e-04
-9.0155e-04
-9.0753e-04
-9.1347e-04
-9.1938e-04
-9.2525e-04
-9.3108e-04
-9.3687e-04
-9.4263e-04
-9.4835e-04
-9.5403e-04
-9.5967e-04
-9.6527e-04
-9.7083e-04
-9.7635e-04
-9.8184e-04
-9.8728e-04
-9.9268e-04
-9.9803e-04
-1.0033e-03
-1.0086e-03
-1.0138e-03
-1.0190e-03
-1.0242e-03
-1.0293e-03
-1.0343e-03
-1.0393e-03
-1.0443e-03
-1.0492e-03
-1.0541e-03
-1.0589e-03
-1.0637e-03
-1.0684e-03
-1.0731e-03
-1.0777e-03
-1.0823e-03
-1.0868e-03
-1.0913e-03
-1.0957e-03
-1.1001e-03
-1.1045e-03
-1.1087e-03
-1.1130e-03
-1.1172e-03
-1.1213e-03
-1.1254e-03
-1.1294e-03
-1.1334e-03
-1.1373e-03
-1.1412e-03
-1.1450e-03
-1.1487e-03
-1.1524e-03
-1.1561e-03
-1.1597e-03
-1.1632e-03
-1.1667e-03
