-1.6742e-03
-1.6767e-03
-1.6785e-03
-1.7437e-03
-1.9133e-03
-2.1434e-03
-2.2986e-03
-2.2838e-03
-2.1906e-03
-2.1504e-03
-2.1467e-03
-1.9128e-03
-1.1362e-03
3.1975e-05
1.3293e-03
2.3172e-03
2.3906e-03
1.4887e-03
2.9148e-04
-1.0582e-04
2.0122e-04
2.2411e-04
-1.2812e-03
-4.0277e-03
-6.7072e-03
-7.7850e-03
-7.9663e-03
-8.1328e-03
-5.4080e-03
-1.7700e-03
-8.9560e-04
-7.0187e-04
3.1872e-04
4.7072e-04
-2.2050e-03
-5.9254e-03
-5.1703e-03
2.5564e-04
4.7930e-03
5.7019e-03
4.7409e-03
2.0931e-03
-1.0464e-03
-1.3101e-03
2.3392e-03
8.9607e-03
1.5421e-02
1.5709e-02
6.9561e-03
-7.5622e-03
-2.0938e-02
-2.5319e-02
-1.9415e-02
-1.0371e-02
-2.7763e-03
6.4537e-04
-2.1579e-03
-9.1425e-03
-1.4629e-02
-1.3269e-02
-2.8108e-03
9.2244e-03
1.3697e-02
7.2418e-03
-9.4263e-03
-3.0228e-02
-3.6478e-02
-1.4410e-02
1.9909e-02
4.3045e-02
4.5561e-02
3.1264e-02
9.3939e-03
-4.2654e-03
-6.6332e-03
-8.0713e-03
-1.2375e-02
-1.5085e-02
-1.4297e-02
-9.7447e-03
-1.9854e-03
4.3385e-03
7.4374e-03
6.7969e-03
4.0723e-03
3.0814e-03
6.3399e-03
2.0738e-02
3.9879e-02
4.3464e-02
1.9160e-02
-2.7725e-02
-6.9817e-02
-8.0610e-02
-5.9612e-02
-3.5662e-02
-2.5349e-02
-2.1659e-02
-1.2376e-02
2.3251e-03
1.5548e-02
2.5388e-02
3.4590e-02
3.6626e-02
2.6984e-02
6.0743e-03
-1.9082e-02
-3.2553e-02
-2.8539e-02
-1.0265e-02
1.5116e-02
2.7419e-02
1.8003e-02
8.1579e-04
-6.7076e-03
1.2392e-02
5.0756e-02
7.1059e-02
5.6450e-02
2.0619e-02
-2.0939e-02
-6.1740e-02
-9.1748e-02
-9.9562e-02
-8.4741e-02
-4.5276e-02
-2.2194e-03
1.7332e-02
6.7132e-03
-5.1297e-03
1.0187e-02
5.5412e-02
9.3916e-02
8.9115e-02
4.6233e-02
-5.6868e-03
-3.0365e-02
-9.8654e-04
4.3280e-02
3.8861e-02
-1.0801e-02
-6.1327e-02
-6.7747e-02
-2.3867e-02
1.5537e-02
1.2485e-02
-2.9214e-03
-7.6883e-04
1.6898e-02
2.7604e-02
1.2848e-02
-2.2457e-02
-5.8888e-02
-8.5858e-02
-8.4920e-02
-5.9023e-02
-4.0038e-02
-4.4908e-02
-6.1099e-02
-6.0606e-02
-1.8830e-02
7.7301e-02
1.4976e-01
1.4906e-01
1.1234e-01
6.8556e-02
4.1934e-02
2.6982e-02
2.1358e-03
-3.1821e-02
-5.8494e-02
-6.1890e-02
-4.7557e-02
-3.6352e-02
-4.4928e-02
-6.9720e-02
-9.6404e-02
-8.4487e-02
-1.0828e-02
6.9784e-02
1.0172e-01
8.1229e-02
4.5180e-02
2.5778e-02
3.8968e-02
5.9443e-02
5.8030e-02
1.8078e-02
-4.0674e-02
-8.9426e-02
-1.0475e-01
-5.0357e-02
4.0860e-02
8.9536e-02
8.0070e-02
5.9127e-02
4.3879e-02
2.0461e-02
-2.3019e-02
-6.9971e-02
-9.9562e-02
-1.1253e-01
-9.0958e-02
-3.9852e-02
-1.3566e-02
-2.0665e-02
-2.4188e-02
4.2413e-03
5.3311e-02
8.4589e-02
8.1091e-02
5.7895e-02
3.7554e-02
4.7786e-02
8.0076e-02
1.0040e-01
8.5620e-02
3.7855e-02
-3.0488e-02
-7.6207e-02
-8.0414e-02
-5.9665e-02
-2.8393e-02
8.3839e-03
4.3874e-02
7.0980e-02
9.0781e-02
9.7969e-02
9.4630e-02
1.0679e-01
1.4209e-01
1.7776e-01
1.9318e-01
1.7627e-01
1.1323e-01
1.2734e-02
-8.9706e-02
-1.8414e-01
-2.4572e-01
-2.2962e-01
-1.8234e-01
-1.4505e-01
-1.1169e-01
-7.9286e-02
-7.2265e-02
-8.4917e-02
-8.7663e-02
-6.9333e-02
-2.9049e-02
4.0027e-02
1.3946e-01
2.5139e-01
3.2651e-01
3.3870e-01
3.0948e-01
2.5621e-01
1.7725e-01
8.6682e-02
7.7248e-03
-6.0454e-02
-1.2968e-01
-2.0073e-01
-2.5503e-01
-2.5495e-01
-1.7125e-01
-2.4720e-02
1.1824e-01
2.1153e-01
1.7911e-01
7.8236e-02
-1.4339e-02
-9.9025e-02
-1.4677e-01
-1.5272e-01
-1.5611e-01
-1.6119e-01
-1.5587e-01
-1.5560e-01
-1.7463e-01
-1.9421e-01
-1.8753e-01
-1.5650e-01
-1.3058e-01
-1.2425e-01
-1.3865e-01
-1.6252e-01
-1.4715e-01
-5.2613e-02
8.8193e-02
2.2744e-01
3.1154e-01
3.4769e-01
3.5647e-01
3.4903e-01
3.1521e-01
2.6078e-01
2.0117e-01
1.1857e-01
2.3908e-03
-1.3116e-01
-2.3959e-01
-2.8705e-01
-2.5001e-01
-1.1960e-01
4.5900e-02
1.1258e-01
9.6739e-02
4.4965e-02
-2.1463e-02
-9.4259e-02
-1.6613e-01
-2.1409e-01
-2.2233e-01
-1.6157e-01
1.3454e-03
1.4883e-01
1.6946e-01
1.3406e-01
1.0474e-01
7.9228e-02
4.9995e-02
3.5064e-02
2.6177e-02
2.4775e-03
-3.0281e-02
-7.5766e-02
-1.0872e-01
-8.1253e-02
-8.0402e-03
6.5065e-02
1.1302e-01
1.0916e-01
6.0711e-02
-5.6238e-03
-7.3815e-02
-1.1887e-01
-8.6327e-02
3.8766e-02
1.5100e-01
1.6973e-01
1.3701e-01
8.4626e-02
2.3154e-02
-5.1916e-02
-1.2532e-01
-1.6992e-01
-1.7160e-01
-1.3927e-01
-8.8188e-02
-3.8446e-02
-7.4462e-03
6.3569e-03
1.9402e-02
4.4269e-02
9.1854e-02
1.2788e-01
1.2015e-01
5.7105e-02
-3.9285e-02
-1.2373e-01
-1.4627e-01
-5.1673e-02
1.2319e-01
2.4258e-01
2.7846e-01
2.3342e-01
1.4328e-01
3.9060e-02
-7.4185e-02
-1.9077e-01
-2.7725e-01
-2.9199e-01
-2.1119e-01
-5.8425e-02
1.2774e-01
2.0044e-01
1.6235e-01
7.5102e-02
-3.0674e-02
-1.2430e-01
-1.9184e-01
-2.3822e-01
-2.5630e-01
-2.4227e-01
-1.4144e-01
3.5469e-02
1.5957e-01
1.8523e-01
1.6838e-01
1.5402e-01
1.4864e-01
1.6036e-01
2.3035e-01
3.3995e-01
4.0728e-01
3.9194e-01
3.2453e-01
2.3118e-01
1.3219e-01
4.3710e-02
-4.3092e-02
-1.4157e-01
-2.3317e-01
-3.1808e-01
-3.8638e-01
-4.2341e-01
-4.3660e-01
-4.2857e-01
-4.0838e-01
-3.7610e-01
-2.6834e-01
-4.9142e-02
1.6646e-01
3.0649e-01
3.4264e-01
3.3384e-01
3.6612e-01
4.3307e-01
4.7893e-01
4.8931e-01
4.8264e-01
4.4770e-01
3.5111e-01
2.2514e-01
1.0765e-01
-6.0452e-03
-1.2291e-01
-2.3946e-01
-3.5751e-01
-4.8972e-01
-6.4079e-01
-7.3367e-01
-7.0987e-01
-5.6482e-01
-4.0855e-01
-3.2142e-01
-2.4843e-01
-1.6136e-01
-7.8634e-02
-3.1914e-02
-2.7700e-02
-3.0114e-02
9.2113e-03
8.7104e-02
1.5424e-01
1.8966e-01
1.8030e-01
1.3476e-01
5.2274e-02
-5.5014e-02
-1.6422e-01
-2.6271e-01
-3.0122e-01
-2.3725e-01
-8.6694e-02
7.5644e-02
1.8889e-01
2.5573e-01
2.8704e-01
2.9384e-01
2.9762e-01
3.0330e-01
3.1432e-01
3.1722e-01
2.9782e-01
2.6087e-01
2.2071e-01
1.8273e-01
1.4123e-01
9.3399e-02
4.4611e-02
3.6340e-03
-2.1750e-02
-1.3131e-03
4.0140e-02
4.7805e-02
1.4164e-02
-4.9172e-02
-1.1473e-01
-1.7788e-01
-2.4023e-01
-2.9529e-01
-2.9571e-01
-2.2802e-01
-1.4511e-01
-7.1892e-02
-2.3238e-02
-2.0369e-02
-3.5099e-02
-4.0970e-02
-4.7147e-02
-5.8347e-02
-5.5001e-02
-2.1906e-02
2.2871e-02
6.3987e-02
1.0341e-01
1.4496e-01
1.8627e-01
2.2692e-01
2.6279e-01
2.7921e-01
2.7568e-01
2.5273e-01
2.1119e-01
1.6663e-01
1.1141e-01
-9.1846e-03
-1.5525e-01
-2.9441e-01
-4.3211e-01
-5.3703e-01
-6.0286e-01
-5.9196e-01
-5.0850e-01
-4.2199e-01
-3.4088e-01
-2.2396e-01
-1.1414e-01
-4.1143e-02
2.7243e-02
1.0314e-01
1.7522e-01
2.2759e-01
2.6087e-01
3.0284e-01
3.4426e-01
3.6109e-01
3.2732e-01
2.4466e-01
1.4704e-01
4.6646e-02
-6.0918e-02
-1.6682e-01
-2.2493e-01
-1.7829e-01
-6.3357e-02
8.5294e-02
1.5213e-01
1.0914e-01
3.1577e-02
-4.2281e-02
-8.3438e-02
-6.0798e-02
-8.8192e-03
2.9676e-02
2.3802e-02
-2.4763e-02
-8.1938e-02
-1.3141e-01
-1.6297e-01
-1.5018e-01
-1.0908e-01
-6.9932e-02
-4.2288e-02
-4.0796e-02
-6.2964e-02
-8.1006e-02
-7.1694e-02
-1.9590e-02
5.4318e-02
1.2636e-01
1.9375e-01
2.6100e-01
3.0378e-01
2.8962e-01
2.4606e-01
2.0351e-01
1.5971e-01
9.7719e-02
2.3402e-02
-4.3822e-02
-7.9549e-02
-9.3740e-02
-1.1644e-01
-1.4916e-01
-1.7504e-01
-1.7576e-01
-1.4734e-01
-1.0814e-01
-7.2633e-02
-5.0852e-02
-5.1549e-02
-5.7600e-02
-5.1297e-02
-3.0918e-02
-6.4414e-03
1.5879e-02
3.7645e-02
5.5032e-02
5.6035e-02
2.5825e-02
-2.2197e-02
-6.9132e-02
-1.1334e-01
-1.5789e-01
-1.9294e-01
-2.0073e-01
-1.8059e-01
-1.2800e-01
-6.5481e-02
-6.7983e-03
5.0764e-02
1.0920e-01
1.6769e-01
2.2109e-01
2.7970e-01
3.0249e-01
2.8328e-01
2.3608e-01
1.7880e-01
1.2294e-01
6.7775e-02
1.3408e-02
-2.9891e-02
-5.4579e-02
-7.9929e-02
-1.1360e-01
-1.4932e-01
-1.7350e-01
-1.7138e-01
-1.6009e-01
-1.5694e-01
-1.5439e-01
-1.4622e-01
-1.3520e-01
-1.1579e-01
-9.1549e-02
-6.8058e-02
-4.5371e-02
-2.2864e-02
-4.6665e-03
2.1165e-02
6.2078e-02
1.0441e-01
1.3798e-01
1.5117e-01
1.4023e-01
1.2141e-01
1.0369e-01
8.4208e-02
7.4944e-02
8.2963e-02
9.3050e-02
9.5450e-02
8.9280e-02
7.1401e-02
3.2964e-02
-4.9182e-03
-6.5976e-03
3.3198e-02
9.7461e-02
1.4594e-01
1.4083e-01
8.6481e-02
6.9785e-03
-7.1502e-02
-1.2795e-01
-1.3147e-01
-1.0152e-01
-7.6294e-02
-7.7276e-02
-1.0263e-01
-1.3280e-01
-1.3549e-01
-7.8688e-02
1.9796e-02
1.1204e-01
1.7037e-01
1.8988e-01
1.8074e-01
1.5962e-01
1.3168e-01
1.0294e-01
8.0712e-02
6.6009e-02
4.0299e-02
-1.8066e-02
-8.6355e-02
-1.4967e-01
-2.1048e-01
-2.4793e-01
-2.3564e-01
-1.6844e-01
-7.6629e-02
2.7647e-03
3.9205e-02
2.9667e-02
-9.2963e-03
-5.7066e-02
-9.9736e-02
-1.1494e-01
-8.7924e-02
-4.2827e-02
-9.6776e-03
1.2640e-02
3.6765e-02
8.7230e-02
1.5420e-01
2.1863e-01
2.8159e-01
3.4014e-01
3.5886e-01
3.1564e-01
2.4822e-01
1.8669e-01
1.0352e-01
8.7494e-03
-8.1119e-02
-1.4319e-01
-1.6478e-01
-1.4630e-01
-9.2587e-02
-2.1167e-02
4.6912e-02
1.1249e-01
1.7706e-01
2.2283e-01
2.3484e-01
2.1218e-01
1.6380e-01
1.1401e-01
6.8285e-02
2.2422e-02
-2.4622e-02
-6.2849e-02
-7.5889e-02
-5.8177e-02
-1.7812e-02
2.0019e-02
3.0888e-02
1.1610e-02
-1.7268e-02
-3.3035e-02
-3.0030e-02
-1.3333e-02
4.8800e-03
1.6456e-02
2.3910e-02
3.8299e-02
7.0818e-02
9.6198e-02
8.4098e-02
6.3413e-02
7.0569e-02
1.0057e-01
1.2555e-01
1.4123e-01
1.4684e-01
1.3975e-01
1.2832e-01
1.1281e-01
8.8265e-02
6.1295e-02
3.4797e-02
-1.4136e-02
-8.5369e-02
-1.6572e-01
-2.5317e-01
-3.3661e-01
-4.1559e-01
-4.9506e-01
-5.6710e-01
-5.9062e-01
-5.6710e-01
-5.3424e-01
-5.1655e-01
-5.1309e-01
-5.0611e-01
-4.5583e-01
-3.5717e-01
-2.4202e-01
-1.3475e-01
-4.7078e-02
7.2283e-03
3.9624e-02
6.8565e-02
9.7942e-02
1.2849e-01
1.7247e-01
2.3069e-01
2.8468e-01
3.1120e-01
2.9834e-01
2.4881e-01
1.9101e-01
1.3687e-01
8.3315e-02
2.9038e-02
-2.2213e-02
-4.9716e-02
-5.7532e-02
-6.8855e-02
-8.1219e-02
-8.4282e-02
-8.3263e-02
-7.8257e-02
-6.1635e-02
-2.6933e-02
2.4315e-04
-6.5532e-03
-3.5347e-02
-5.2842e-02
-6.0332e-02
-7.1530e-02
-7.3853e-02
-4.8531e-02
-4.8425e-03
3.7289e-02
7.7668e-02
1.1315e-01
1.2941e-01
1.2785e-01
1.0823e-01
6.7678e-02
2.7558e-02
1.3054e-04
-8.7379e-03
3.5396e-03
3.5343e-02
9.3810e-02
1.7173e-01
2.3184e-01
2.7744e-01
3.1962e-01
3.4050e-01
3.4033e-01
3.2252e-01
2.8608e-01
2.4347e-01
2.0336e-01
1.6350e-01
1.1891e-01
6.0073e-02
-6.0101e-03
-6.7333e-02
-1.1314e-01
-1.4907e-01
-1.7954e-01
-1.9983e-01
-2.1102e-01
-2.1564e-01
-2.1205e-01
-1.9875e-01
-1.5916e-01
-9.2707e-02
-2.4380e-02
4.1070e-02
1.0490e-01
1.5566e-01
1.9123e-01
2.1156e-01
2.0134e-01
1.6585e-01
1.2805e-01
9.3514e-02
5.6617e-02
1.4700e-02
-3.2991e-02
-7.8208e-02
-1.1736e-01
-1.5192e-01
-1.7345e-01
-1.7501e-01
-1.5108e-01
-9.6371e-02
-3.2404e-02
2.0157e-02
5.6267e-02
8.4055e-02
1.0745e-01
1.2390e-01
1.3082e-01
1.2273e-01
8.5421e-02
3.1169e-02
-1.9784e-02
-8.8842e-02
-1.6876e-01
-2.2209e-01
-2.4277e-01
-2.4486e-01
-2.3097e-01
-1.9840e-01
-1.5955e-01
-1.2259e-01
-8.9681e-02
-6.8613e-02
-5.6922e-02
-4.7893e-02
-3.4242e-02
-7.0037e-03
2.2914e-02
3.4958e-02
2.9589e-02
1.7997e-02
4.6707e-03
-6.6766e-03
-8.5149e-03
2.2938e-03
2.1999e-02
3.8861e-02
4.0647e-02
2.6201e-02
2.5993e-03
-1.6146e-02
-2.0431e-02
-1.4408e-02
-1.0788e-02
-2.4220e-02
-5.4797e-02
-8.8083e-02
-1.1669e-01
-1.2835e-01
-9.9705e-02
-4.8230e-02
1.3411e-03
4.7392e-02
9.1885e-02
1.1734e-01
1.2450e-01
1.2895e-01
1.2779e-01
1.1848e-01
1.0296e-01
7.7668e-02
4.8456e-02
2.1957e-02
7.2881e-03
1.5797e-03
-4.5645e-03
-1.5005e-02
-2.9860e-02
-4.0464e-02
-4.2831e-02
-4.1378e-02
-3.2736e-02
-1.0768e-02
1.7457e-02
4.1910e-02
5.3876e-02
5.6591e-02
6.1158e-02
7.5839e-02
1.0477e-01
1.2910e-01
1.3648e-01
1.3748e-01
1.3416e-01
1.2373e-01
9.1334e-02
3.9242e-02
-1.2456e-02
-6.0920e-02
-1.1090e-01
-1.6145e-01
-2.0953e-01
-2.3762e-01
-2.3400e-01
-2.1293e-01
-1.8909e-01
-1.6955e-01
-1.5698e-01
-1.4583e-01
-1.2986e-01
-1.1435e-01
-1.0314e-01
-9.7349e-02
-9.2580e-02
-7.8998e-02
-5.2916e-02
-9.1522e-03
5.0590e-02
1.0614e-01
1.4652e-01
1.6872e-01
1.7571e-01
1.7021e-01
1.5400e-01
1.3315e-01
1.0922e-01
8.3903e-02
6.8688e-02
6.4881e-02
6.7106e-02
7.4660e-02
7.9498e-02
7.4251e-02
5.8862e-02
4.6032e-02
4.9732e-02
6.8411e-02
9.2138e-02
1.1662e-01
1.3063e-01
1.2942e-01
1.1447e-01
8.3425e-02
4.6410e-02
1.6226e-02
-7.7717e-03
-2.2571e-02
-3.3451e-02
-4.2102e-02
-4.8126e-02
-5.4302e-02
-6.2311e-02
-6.9492e-02
-7.3150e-02
-6.6620e-02
-3.6628e-02
2.5295e-02
9.2185e-02
1.4602e-01
1.6876e-01
1.5748e-01
1.2599e-01
8.1599e-02
1.4180e-02
-6.0107e-02
-1.1377e-01
-1.4261e-01
-1.4495e-01
-1.2277e-01
-9.6169e-02
-7.2797e-02
-5.9473e-02
-6.2143e-02
-7.0217e-02
-7.9386e-02
-8.9458e-02
-9.5084e-02
-9.3822e-02
-8.2535e-02
-6.5527e-02
-5.8236e-02
-6.0160e-02
-6.6687e-02
-7.4943e-02
-7.3542e-02
-5.7675e-02
-2.8709e-02
1.1262e-02
5.2099e-02
8.3585e-02
1.0475e-01
1.0981e-01
1.0224e-01
8.5978e-02
6.8540e-02
5.2255e-02
3.7768e-02
2.7818e-02
1.8613e-02
6.1642e-03
-7.6405e-03
-1.7701e-02
-2.0352e-02
-1.4379e-02
-3.4515e-03
1.4402e-02
3.7800e-02
5.9906e-02
7.2758e-02
7.2122e-02
5.9777e-02
4.6400e-02
3.7801e-02
2.9405e-02
1.1755e-02
-1.7113e-02
-5.8281e-02
-1.0816e-01
-1.5899e-01
-1.9627e-01
-2.0710e-01
-1.9032e-01
-1.5059e-01
-1.0534e-01
-6.3348e-02
-2.8537e-02
-3.7913e-03
2.2541e-02
5.8927e-02
1.0259e-01
1.3091e-01
1.4393e-01
1.4485e-01
1.3119e-01
1.0399e-01
6.8285e-02
3.2389e-02
9.0362e-03
4.6825e-03
1.0016e-02
1.2865e-02
1.4997e-02
1.3464e-02
3.9522e-03
-5.8901e-03
-6.8971e-03
1.7902e-03
2.2775e-02
5.1332e-02
7.5846e-02
8.4063e-02
7.3676e-02
5.1110e-02
2.5077e-02
-4.6104e-04
-2.5371e-02
-4.4970e-02
-5.3046e-02
-4.9513e-02
-4.2090e-02
-3.6926e-02
-3.6871e-02
-4.1891e-02
-4.7563e-02
-4.8879e-02
-4.5848e-02
-3.8514e-02
-2.7339e-02
-1.0991e-02
8.0725e-03
2.7088e-02
4.5497e-02
5.8993e-02
6.2495e-02
5.6877e-02
4.0125e-02
1.9488e-02
1.4047e-03
-1.3054e-02
-2.3155e-02
-2.9768e-02
-3.4350e-02
-3.7726e-02
-3.8225e-02
-3.7949e-02
-4.0946e-02
-4.7779e-02
-5.3620e-02
-5.3618e-02
-4.1402e-02
-1.8800e-02
3.2502e-03
1.6281e-02
1.3632e-02
-4.1016e-03
-2.9398e-02
-5.3463e-02
-6.7950e-02
-6.0914e-02
-3.3568e-02
-2.7676e-03
2.5579e-02
5.2286e-02
6.6999e-02
6.5232e-02
5.0201e-02
2.3735e-02
-4.2584e-03
-2.9917e-02
-4.2186e-02
-2.7902e-02
-7.9147e-04
2.4315e-02
4.6853e-02
6.2536e-02
6.5334e-02
5.8802e-02
4.8264e-02
3.8411e-02
3.2025e-02
2.9154e-02
2.6392e-02
2.1262e-02
1.2139e-02
-1.8784e-03
-1.8178e-02
-3.4724e-02
-4.8552e-02
-5.3521e-02
-4.9330e-02
-3.3689e-02
-7.5578e-03
2.0307e-02
4.6727e-02
6.8512e-02
7.5494e-02
6.8460e-02
4.6803e-02
1.3700e-02
-2.0399e-02
-5.0836e-02
-6.6801e-02
-6.6351e-02
-6.1482e-02
-5.5674e-02
-5.2356e-02
-5.2945e-02
-5.3715e-02
-4.9903e-02
-3.6669e-02
-1.2375e-02
1.4115e-02
3.8541e-02
5.7794e-02
6.7181e-02
6.5713e-02
5.7811e-02
4.7147e-02
3.6524e-02
2.1578e-02
1.9362e-03
-1.7833e-02
-3.5923e-02
-4.9593e-02
-5.4632e-02
-4.8873e-02
-3.7816e-02
-2.9503e-02
-2.5298e-02
-2.1037e-02
-1.3951e-02
-2.5019e-03
1.2925e-02
2.7942e-02
3.5556e-02
3.8992e-02
4.2740e-02
4.6003e-02
4.5905e-02
3.7454e-02
1.5725e-02
-1.2748e-02
-3.9830e-02
-6.3323e-02
-7.4556e-02
-7.3382e-02
-6.4499e-02
-4.7289e-02
-2.6444e-02
-7.1578e-03
7.4222e-03
1.7514e-02
2.5014e-02
3.2712e-02
4.4132e-02
5.3725e-02
5.4340e-02
4.6776e-02
2.9768e-02
9.4161e-03
-4.2763e-03
-7.6870e-03
-5.0849e-03
-2.0073e-03
-1.5994e-03
-5.6232e-03
-1.0864e-02
-1.5283e-02
-1.6621e-02
-1.0836e-02
-4.4327e-05
1.3536e-02
2.6516e-02
3.5162e-02
4.1931e-02
4.6397e-02
4.3276e-02
3.0840e-02
1.1016e-02
-1.0435e-02
-3.0761e-02
-4.6421e-02
-5.4703e-02
-5.8473e-02
-5.8184e-02
-5.1645e-02
-3.3564e-02
-8.7025e-03
1.5794e-02
3.6017e-02
4.5840e-02
4.4043e-02
3.5504e-02
2.1929e-02
1.3340e-02
1.0843e-02
1.0764e-02
1.0597e-02
6.5294e-03
-5.9054e-03
-2.4354e-02
-4.2570e-02
-6.0179e-02
-7.1571e-02
-7.2152e-02
-6.7336e-02
-5.5109e-02
-3.5606e-02
-1.5388e-02
2.0528e-03
1.3455e-02
1.9802e-02
2.5601e-02
3.0669e-02
3.6773e-02
4.6099e-02
5.7406e-02
6.4307e-02
6.3186e-02
5.5448e-02
3.7600e-02
1.8658e-02
9.1063e-03
9.0053e-03
1.3072e-02
1.7722e-02
2.0390e-02
1.5708e-02
4.1279e-03
-7.8270e-03
-1.4241e-02
-1.7288e-02
-2.0086e-02
-2.0847e-02
-2.4091e-02
-3.1512e-02
-3.7972e-02
-4.1695e-02
-3.8889e-02
-3.0766e-02
-1.9295e-02
-6.6747e-03
-1.3586e-04
5.0081e-03
1.4381e-02
2.8957e-02
4.1514e-02
4.6224e-02
4.3972e-02
3.8933e-02
3.3060e-02
2.6144e-02
1.6400e-02
2.3593e-03
-1.1845e-02
-2.2484e-02
-2.7452e-02
-2.8189e-02
-3.1305e-02
-3.9004e-02
-4.8920e-02
-5.7929e-02
-6.2697e-02
-6.2743e-02
-5.7222e-02
-4.5349e-02
-3.2798e-02
-2.2068e-02
-1.5005e-02
-1.1286e-02
-8.5577e-03
-3.4956e-03
2.2878e-03
6.5198e-03
7.6012e-03
9.6520e-03
1.2276e-02
1.4498e-02
1.8783e-02
2.4865e-02
3.1590e-02
3.6768e-02
4.0419e-02
4.1175e-02
3.7760e-02
3.0183e-02
1.9833e-02
9.8403e-03
-2.7220e-03
-1.9628e-02
-3.6920e-02
-5.3755e-02
-6.6424e-02
-7.0767e-02
-6.9865e-02
-6.6139e-02
-6.1277e-02
-5.4396e-02
-4.5625e-02
-3.7709e-02
-3.1116e-02
-2.3735e-02
-1.3983e-02
-2.0068e-03
1.4077e-02
2.7824e-02
3.6317e-02
4.0482e-02
4.2323e-02
4.2658e-02
4.1754e-02
3.7074e-02
2.9691e-02
2.2514e-02
1.6094e-02
1.1448e-02
9.6964e-03
1.0857e-02
1.4105e-02
1.6061e-02
1.5065e-02
7.9843e-03
-6.5080e-03
-2.0823e-02
-2.9430e-02
-3.0037e-02
-2.2218e-02
-8.2884e-03
3.6498e-03
9.3156e-03
1.1270e-02
1.4260e-02
1.7922e-02
2.0489e-02
2.0700e-02
1.6476e-02
6.3404e-03
-5.0460e-03
-1.3586e-02
-1.6382e-02
-1.4050e-02
-4.3809e-03
1.3136e-02
2.9124e-02
3.7064e-02
3.7777e-02
3.5531e-02
3.2413e-02
3.2016e-02
3.4672e-02
3.7898e-02
3.9500e-02
3.6724e-02
2.8353e-02
1.2973e-02
-5.1219e-03
-2.1728e-02
-3.3029e-02
-3.3298e-02
-2.4147e-02
-6.9146e-03
8.5382e-03
1.4011e-02
1.0769e-02
3.7184e-03
-2.8092e-03
-4.2010e-03
2.9462e-03
1.1962e-02
1.7254e-02
1.4799e-02
4.6785e-03
-8.2874e-03
-2.1723e-02
-3.2869e-02
-4.1745e-02
-4.8322e-02
-5.1967e-02
-5.2332e-02
-4.9260e-02
-3.5187e-02
-1.2272e-02
1.0895e-02
3.1379e-02
4.4661e-02
5.0755e-02
5.0483e-02
4.6768e-02
4.2580e-02
3.8898e-02
3.5937e-02
3.4173e-02
3.1917e-02
2.4960e-02
1.5253e-02
3.3983e-03
-5.9817e-03
-1.1183e-02
-1.3040e-02
-1.2841e-02
-1.2710e-02
-1.2891e-02
-1.3015e-02
-1.5131e-02
-1.9387e-02
-2.3535e-02
-2.5178e-02
-2.3506e-02
-1.9656e-02
-1.8615e-02
-1.9332e-02
-2.1402e-02
-2.4923e-02
-2.5706e-02
-2.2613e-02
-1.3253e-02
1.8289e-03
1.9281e-02
3.5171e-02
4.3502e-02
4.4656e-02
4.3879e-02
4.3826e-02
4.3929e-02
4.3830e-02
4.3719e-02
4.3548e-02
4.0982e-02
3.5427e-02
3.0141e-02
2.4549e-02
1.9883e-02
1.9351e-02
2.0001e-02
2.1660e-02
2.5472e-02
2.7664e-02
2.5799e-02
2.1145e-02
1.5003e-02
1.0725e-02
6.7640e-03
2.0182e-03
-2.9342e-03
-9.6580e-03
-1.9259e-02
-3.0589e-02
-4.0121e-02
-4.5032e-02
-4.2991e-02
-3.5851e-02
-2.5496e-02
-1.3340e-02
-4.0337e-03
4.7585e-04
1.1795e-03
-3.5027e-04
-4.2217e-03
-5.7879e-03
-7.7298e-03
-1.1041e-02
-1.3805e-02
-1.8806e-02
-2.4762e-02
-3.1206e-02
-3.5172e-02
-3.5190e-02
-3.2881e-02
-2.4872e-02
-1.2321e-02
-4.3301e-03
-7.5354e-04
-1.1282e-04
-5.1711e-04
-4.0766e-04
1.2809e-03
1.0336e-03
-1.3779e-03
-5.4097e-03
-1.0541e-02
-1.6762e-02
-1.9304e-02
-1.8730e-02
-1.8521e-02
-1.8808e-02
-1.8874e-02
-1.6289e-02
-7.5176e-03
7.8698e-03
2.7122e-02
4.3635e-02
5.1291e-02
4.9701e-02
4.0188e-02
2.5028e-02
1.0766e-02
-3.0997e-04
-1.0589e-02
-2.2071e-02
-3.3767e-02
-4.4048e-02
-4.9517e-02
-5.1392e-02
-5.0922e-02
-4.9236e-02
-4.6956e-02
-4.1369e-02
-3.1742e-02
-2.1083e-02
-1.1003e-02
-2.8131e-03
3.0227e-03
8.8232e-03
1.4410e-02
2.1316e-02
2.9503e-02
3.5845e-02
3.9959e-02
4.0359e-02
3.6217e-02
2.8498e-02
1.8458e-02
4.2726e-03
-1.0956e-02
-2.0750e-02
-2.2605e-02
-1.7133e-02
-6.0326e-03
3.6843e-03
7.6642e-03
4.5095e-03
-4.1246e-03
-1.6413e-02
-2.8983e-02
-3.6154e-02
-3.9801e-02
-3.9973e-02
-3.5924e-02
-2.8844e-02
-2.1299e-02
-1.6873e-02
-1.5341e-02
-1.1702e-02
-5.7971e-03
2.1754e-03
1.4606e-02
3.1434e-02
4.4624e-02
5.1874e-02
5.2677e-02
4.9800e-02
4.1432e-02
2.8877e-02
1.8137e-02
9.3300e-03
2.4849e-03
-2.6716e-03
-4.8154e-03
-1.7311e-03
5.0521e-03
1.6201e-02
2.5516e-02
2.8435e-02
2.5604e-02
1.9713e-02
1.1411e-02
1.4982e-03
-1.0573e-02
-2.1655e-02
-2.9950e-02
-3.8147e-02
-4.4149e-02
-4.7105e-02
-4.6920e-02
-4.3457e-02
-3.8168e-02
-2.7248e-02
-9.3628e-03
1.0155e-02
2.7918e-02
4.3161e-02
5.2509e-02
5.5715e-02
5.2864e-02
4.4512e-02
3.2834e-02
1.9980e-02
8.4180e-03
-8.9011e-04
-9.0208e-03
-1.5214e-02
-2.0673e-02
-2.6029e-02
-3.2700e-02
-3.8178e-02
-4.0745e-02
-4.2375e-02
-4.1337e-02
-3.6417e-02
-2.7805e-02
-1.5122e-02
7.6488e-04
1.6340e-02
2.4941e-02
2.3663e-02
1.6302e-02
8.8849e-03
2.6991e-03
-1.9985e-03
-7.2933e-03
-1.3044e-02
-1.9423e-02
-2.2837e-02
-2.2594e-02
-2.0935e-02
-1.5173e-02
-5.5509e-03
3.9216e-03
1.0955e-02
1.2827e-02
1.2022e-02
9.6398e-03
6.1208e-03
5.3874e-03
3.6844e-03
-2.7800e-03
-9.2106e-03
-1.2152e-02
-1.2059e-02
-1.1805e-02
-1.1993e-02
-1.2129e-02
-1.2184e-02
-1.2123e-02
-9.2645e-03
-5.0422e-04
1.1356e-02
2.1322e-02
2.7472e-02
2.8758e-02
2.8000e-02
2.5334e-02
2.1561e-02
1.7826e-02
1.5753e-02
1.5894e-02
1.6258e-02
1.8841e-02
2.1843e-02
2.2043e-02
2.4278e-02
2.7521e-02
2.6730e-02
2.1877e-02
1.6033e-02
8.4499e-03
-1.8395e-04
-6.1406e-03
-9.0603e-03
-1.2759e-02
-1.7812e-02
-2.2593e-02
-2.5589e-02
-2.3759e-02
-2.0013e-02
-1.5521e-02
-8.7293e-03
-2.7381e-04
8.5960e-03
1.5473e-02
1.9667e-02
2.0390e-02
1.8451e-02
1.4061e-02
8.3676e-03
1.4465e-03
-4.9442e-03
-1.0958e-02
-1.7632e-02
-2.3079e-02
-2.6789e-02
-2.6740e-02
-2.3401e-02
-1.7672e-02
-9.1500e-03
1.3369e-03
1.1958e-02
1.8952e-02
1.9354e-02
1.6942e-02
1.2520e-02
7.6992e-03
3.6720e-03
2.5042e-04
-3.3936e-03
-8.0452e-03
-1.3712e-02
-2.1106e-02
-2.9186e-02
-3.3768e-02
-2.9972e-02
-1.8310e-02
-1.7974e-03
1.5461e-02
2.8586e-02
3.5034e-02
3.6550e-02
3.5406e-02
3.4252e-02
3.4290e-02
3.4211e-02
3.1173e-02
2.6626e-02
2.2286e-02
1.6936e-02
9.5689e-03
4.3858e-05
-1.0004e-02
-1.8598e-02
-2.4079e-02
-2.5061e-02
-2.1987e-02
-1.4213e-02
-3.6101e-03
6.2785e-03
1.1706e-02
1.4469e-02
1.3008e-02
9.5206e-03
9.0042e-03
8.1325e-03
6.1194e-03
4.1195e-03
2.8715e-03
-1.0266e-03
-7.1869e-03
-1.0805e-02
-1.3792e-02
-1.4757e-02
-1.4434e-02
-1.3021e-02
-9.3647e-03
-4.4998e-03
2.3314e-03
7.9837e-03
8.3685e-03
2.7220e-03
-7.3200e-03
-1.7088e-02
-2.1715e-02
-1.8534e-02
-8.2043e-03
5.1652e-03
1.5010e-02
2.1056e-02
2.4566e-02
2.5102e-02
2.2183e-02
1.7776e-02
1.3771e-02
9.7497e-03
4.1874e-03
-1.9335e-03
-1.0182e-02
-2.0288e-02
-2.9578e-02
-3.4321e-02
-3.4519e-02
-3.1027e-02
-2.3377e-02
-1.3204e-02
-2.7624e-03
4.4967e-03
6.9663e-03
8.1660e-03
8.8758e-03
9.7761e-03
1.1272e-02
1.1494e-02
1.1208e-02
1.3245e-02
1.6732e-02
1.5531e-02
1.1135e-02
7.9908e-03
4.8657e-03
1.1362e-03
-1.4051e-03
-1.3384e-03
-1.6080e-03
-6.5177e-03
-1.6355e-02
-2.6432e-02
-3.1722e-02
-3.1657e-02
-2.7302e-02
-1.9910e-02
-1.0762e-02
-3.1154e-03
-1.2185e-03
-2.1586e-03
-2.9221e-03
-6.1102e-03
-8.7017e-03
-8.6182e-03
-6.8922e-03
-3.1865e-03
-2.6224e-04
4.2874e-03
9.5211e-03
1.3717e-02
1.4818e-02
1.1767e-02
6.6911e-03
2.6529e-03
1.9462e-03
1.4731e-03
-2.1485e-03
-4.2212e-03
-2.7583e-03
1.1368e-03
5.3219e-03
9.6348e-03
1.3315e-02
1.3770e-02
1.3141e-02
1.1997e-02
6.7657e-03
-8.2412e-04
-7.7565e-03
-1.3404e-02
-1.6546e-02
-1.6718e-02
-1.4682e-02
-9.5718e-03
-3.7525e-03
2.2598e-03
7.1303e-03
1.0774e-02
1.2441e-02
1.2788e-02
1.5902e-02
1.8201e-02
1.9067e-02
1.8689e-02
1.6556e-02
1.1218e-02
3.6206e-03
-3.9367e-03
-6.8911e-03
-6.2609e-03
-3.3751e-03
3.7766e-03
1.1284e-02
1.6124e-02
1.7072e-02
1.5455e-02
1.1978e-02
9.5957e-03
6.1725e-03
2.6448e-03
-9.1983e-04
-4.3382e-03
-6.9559e-03
-3.9665e-03
-3.8900e-04
2.6742e-03
4.2813e-03
4.0094e-03
3.6827e-03
3.7051e-03
3.8720e-03
6.4489e-03
9.5328e-03
9.7211e-03
9.0042e-03
6.0420e-03
-2.2859e-03
-1.2463e-02
-1.9839e-02
-2.5264e-02
-2.9147e-02
-3.1582e-02
-2.9591e-02
-2.5605e-02
-2.2040e-02
-1.9023e-02
-1.4561e-02
-6.8232e-03
2.9217e-03
1.2658e-02
1.8918e-02
2.1121e-02
2.1485e-02
1.9718e-02
1.8852e-02
1.9047e-02
1.9082e-02
1.8699e-02
1.5167e-02
8.0363e-03
-1.0357e-03
-1.0437e-02
-1.8560e-02
-2.4341e-02
-2.7405e-02
-2.7873e-02
-2.5263e-02
-2.2448e-02
-2.0446e-02
-1.5776e-02
-8.8713e-03
-2.1386e-03
2.6727e-03
6.4927e-03
9.9540e-03
9.4898e-03
5.9009e-03
2.3363e-03
-3.4013e-04
-5.1814e-04
2.0006e-04
4.2849e-03
1.1475e-02
1.8577e-02
2.2974e-02
2.2243e-02
1.7417e-02
1.0020e-02
1.4866e-03
-5.7947e-03
-1.0947e-02
-1.5325e-02
-2.0076e-02
-2.4282e-02
-2.7576e-02
-3.0394e-02
-3.0835e-02
-3.0507e-02
-3.0587e-02
-2.9888e-02
-2.6106e-02
-2.1063e-02
-1.5616e-02
-1.0178e-02
-5.0232e-03
-1.6317e-03
1.0818e-03
3.6179e-03
3.8091e-03
3.2995e-03
3.2375e-03
1.9883e-03
-1.7969e-03
-3.6380e-03
-5.8824e-03
-8.9195e-03
-1.1667e-02
-1.4549e-02
-1.5129e-02
-1.5931e-02
-1.9880e-02
-2.4433e-02
-2.7105e-02
-2.6963e-02
-2.4332e-02
-1.8358e-02
-1.3005e-02
-9.4052e-03
-5.7235e-03
-2.5889e-03
1.2872e-03
5.3684e-03
7.6617e-03
7.5078e-03
7.1135e-03
6.7463e-03
3.4008e-03
1.8901e-04
-1.3635e-03
-1.0718e-04
1.3942e-03
3.5636e-03
6.5504e-03
6.9688e-03
6.3966e-03
6.3087e-03
6.3372e-03
6.2517e-03
6.1599e-03
5.7035e-03
2.3056e-03
-4.5159e-04
-2.7194e-03
-5.7656e-03
-5.6418e-03
-1.6538e-03
3.0313e-03
8.8510e-03
1.4622e-02
1.7418e-02
1.7150e-02
1.6724e-02
1.7012e-02
2.0089e-02
2.2954e-02
2.5508e-02
2.8124e-02
2.8288e-02
2.7346e-02
2.2668e-02
1.3471e-02
4.4748e-03
-8.8427e-04
-1.9345e-03
-1.5142e-03
-1.4797e-03
3.1876e-04
3.6986e-03
4.4583e-03
5.8910e-03
9.2110e-03
1.0583e-02
1.3349e-02
1.5944e-02
1.8741e-02
2.1248e-02
2.3937e-02
2.6731e-02
3.0085e-02
3.2540e-02
3.2706e-02
3.5415e-02
3.6433e-02
3.2690e-02
2.8981e-02
2.4733e-02
1.7909e-02
1.0542e-02
4.5959e-03
-1.3262e-03
-4.1403e-03
-4.6290e-03
-7.9192e-03
-1.0180e-02
-9.8963e-03
-9.0443e-03
-5.4861e-03
-1.0820e-03
2.5867e-03
6.3765e-03
7.8198e-03
7.3135e-03
7.0563e-03
7.1285e-03
7.0735e-03
6.9442e-03
4.9413e-03
1.2889e-03
4.7991e-04
1.0155e-03
9.8037e-04
7.5995e-04
7.1245e-04
1.3737e-03
2.8163e-03
5.2951e-03
6.7231e-03
6.4773e-03
5.4718e-03
2.0667e-03
-3.6533e-04
-3.3544e-04
-1.0388e-03
-4.0452e-03
-7.8434e-03
-1.1815e-02
-1.2947e-02
-1.1104e-02
-5.1014e-03
2.3674e-03
5.0733e-03
4.1273e-03
1.9444e-03
-1.4880e-03
-1.1225e-03
2.9791e-03
7.4593e-03
1.2227e-02
1.4514e-02
1.4012e-02
1.3396e-02
1.3027e-02
1.0199e-02
6.3539e-03
2.5580e-03
-1.0753e-04
-3.5956e-03
-7.6558e-03
-1.2679e-02
-1.7050e-02
-2.0411e-02
-2.2579e-02
-2.6530e-02
-3.1265e-02
-3.4091e-02
-3.6581e-02
-3.6629e-02
-3.2989e-02
-2.7892e-02
-2.1932e-02
-1.5347e-02
-9.7529e-03
-5.8152e-03
-3.5845e-03
-8.2245e-04
2.0601e-03
5.5487e-03
9.7399e-03
1.4022e-02
1.5539e-02
1.4803e-02
1.3610e-02
1.0039e-02
4.1652e-03
-2.0374e-03
-7.1902e-03
-1.1076e-02
-1.4529e-02
-1.6315e-02
-1.8521e-02
-2.2125e-02
-2.5109e-02
-2.7832e-02
-3.0425e-02
-3.2196e-02
-3.1776e-02
-3.0822e-02
-2.9205e-02
-2.5560e-02
-1.9920e-02
-1.3614e-02
-5.5023e-03
2.1577e-03
8.1342e-03
1.1764e-02
1.4139e-02
1.4341e-02
1.1405e-02
7.9093e-03
4.3921e-03
-1.8911e-04
-3.9273e-03
-6.3980e-03
-7.1885e-03
-8.9185e-03
-1.0327e-02
-9.9295e-03
-8.3059e-03
-5.6177e-03
-1.6925e-03
2.3920e-03
4.5228e-03
4.6643e-03
2.9400e-03
1.3522e-03
-6.6630e-04
-1.0337e-03
1.0291e-03
2.4453e-03
1.8047e-03
-1.7405e-04
-2.4194e-03
-4.3778e-03
-6.3512e-03
-6.9236e-03
-4.8804e-03
-2.8136e-03
-2.4349e-03
-1.0958e-03
1.0030e-03
2.2176e-03
2.9143e-03
3.8122e-03
5.5420e-03
7.1124e-03
8.7170e-03
1.0290e-02
1.1443e-02
1.2653e-02
1.3058e-02
1.2453e-02
1.1839e-02
1.0692e-02
8.7733e-03
7.4918e-03
5.9992e-03
5.2117e-03
5.1235e-03
4.9733e-03
4.6933e-03
3.7521e-03
2.3766e-03
2.0688e-03
2.1755e-03
2.0864e-03
1.9501e-03
1.8768e-03
1.3835e-03
2.1508e-05
-1.3229e-03
-2.1915e-03
-2.6980e-03
-2.5155e-03
-1.6010e-03
-6.3635e-04
-2.2814e-04
5.3358e-04
1.0003e-03
1.1546e-03
1.8370e-03
2.5113e-03
3.1770e-03
3.7791e-03
4.2545e-03
4.4471e-03
4.3128e-03
4.1638e-03
3.6618e-03
2.9722e-03
2.2817e-03
1.5529e-03
1.0561e-03
6.9170e-04
3.1298e-04
1.5407e-04
-1.6642e-04
-3.5604e-04
-2.9049e-04
-2.2128e-04
-1.9776e-04
-1.6790e-04
-1.0916e-04
1.2903e-04
3.2586e-04
4.6006e-04
5.6555e-04
5.3635e-04
5.9083e-04
6.5688e-04
5.8035e-04
4.7748e-04
4.1270e-04
4.3785e-04
4.5628e-04
3.6551e-04
2.0989e-04
6.4028e-05
-9.1417e-07
-3.2424e-05
-7.3472e-05
-1.3783e-04
-2.0396e-04
-2.4406e-04
-2.5347e-04
-2.5700e-04
-2.6669e-04
-3.0231e-04
-3.3424e-04
-3.4558e-04
-3.2829e-04
-2.9305e-04
-2.5716e-04
-2.3102e-04
-2.1521e-04
-2.0452e-04
-1.9351e-04
-1.8928e-04
-1.8778e-04
-1.8412e-04
-1.7860e-04
-1.7451e-04
-1.6943e-04
-1.5885e-04
-1.4652e-04
-1.3426e-04
-1.2162e-04
-1.0859e-04
-9.5525e-05
-8.1655e-05
-6.6835e-05
-5.1775e-05
-3.6576e-05
-2.1263e-05
-6.0120e-06
9.3713e-06
2.4962e-05
4.0725e-05
5.6659e-05
7.2738e-05
8.8939e-05
1.0526e-04
1.2170e-04
