8.6229e-04
8.6737e-04
8.7225e-04
8.7505e-04
8.7769e-04
8.8991e-04
9.3522e-04
9.3249e-04
7.4437e-04
5.8387e-04
7.2444e-04
1.0002e-03
1.1298e-03
6.8416e-04
4.4340e-04
3.7521e-04
1.1467e-04
9.8112e-04
2.2285e-03
2.5819e-03
3.6601e-03
4.0177e-04
-5.5576e-03
-2.4374e-03
3.9323e-03
4.3260e-03
3.4942e-03
-5.6454e-05
-2.2055e-03
1.9088e-03
6.3703e-03
4.9200e-03
-4.5694e-03
-7.7223e-03
2.7069e-03
3.0154e-03
-3.9158e-03
7.9248e-03
5.3039e-03
-1.5465e-02
-1.6156e-02
-3.4859e-03
-3.0544e-04
4.3209e-03
1.5614e-02
1.7910e-02
4.5430e-03
-4.8902e-03
-1.2331e-02
-8.1464e-03
4.4258e-03
3.8993e-03
-5.7541e-03
-1.3009e-03
2.5004e-03
-7.9894e-03
-2.1834e-03
5.7341e-03
-1.0524e-02
-1.9809e-02
3.7663e-04
1.3568e-02
1.0913e-02
-2.1665e-04
-3.3885e-03
7.9523e-03
-6.9704e-03
-8.9534e-03
1.2637e-02
1.1055e-02
-7.2573e-03
-8.8469e-03
-4.6717e-03
-8.5831e-03
-9.6666e-03
-3.6992e-03
1.3444e-03
1.1006e-03
1.0361e-02
8.7198e-03
-9.9230e-03
-4.1097e-03
6.0216e-03
-3.9056e-04
-6.8053e-03
-5.9603e-03
3.2657e-04
8.7872e-03
4.4209e-03
8.2525e-05
9.9185e-04
2.7929e-03
1.8114e-03
-4.5182e-03
-4.0466e-03
-2.6437e-03
9.4331e-04
7.7149e-03
5.6445e-03
1.0790e-03
4.7367e-03
1.8648e-03
-2.0817e-02
-2.4586e-02
-7.8305e-03
3.6003e-03
-8.9851e-04
-9.1483e-03
5.6955e-03
1.8492e-02
9.4957e-03
-8.2703e-03
-1.3121e-02
-3.8240e-03
9.7598e-04
-5.4878e-03
-1.5461e-03
1.0279e-02
1.0940e-02
-6.1257e-03
-1.3450e-02
5.5375e-03
1.5288e-02
1.2239e-03
-8.0300e-03
5.7758e-04
5.3831e-03
-3.4952e-03
-6.8049e-03
-7.6089e-04
1.0015e-03
-5.6230e-03
-9.9262e-03
-6.9133e-03
1.1799e-04
1.2270e-02
1.5131e-02
-8.3147e-03
-1.6825e-02
4.5177e-04
1.0054e-02
9.7015e-03
7.6555e-03
5.0340e-03
3.9832e-03
-1.0073e-02
-1.8956e-02
6.3140e-03
2.1745e-02
5.9934e-03
-1.9648e-02
-1.2468e-02
1.3162e-02
1.7443e-02
-1.5374e-03
-1.1543e-03
2.2376e-02
1.1506e-02
-1.6712e-02
-2.1467e-02
-8.5152e-03
1.3265e-03
-2.9569e-03
-1.3162e-02
-5.9037e-03
2.6409e-03
4.0026e-03
6.4702e-03
-5.4648e-03
-3.0177e-03
2.1767e-02
2.0916e-02
-2.6390e-03
-3.1800e-03
-6.3309e-03
-8.8641e-03
5.2458e-03
9.3107e-03
-7.1904e-04
-4.2246e-03
-6.7739e-03
-2.3189e-03
6.8046e-03
7.0702e-03
1.1181e-02
5.6139e-03
-1.1866e-02
-9.9861e-03
-6.9704e-04
-4.1409e-03
9.4737e-04
-1.0270e-03
-1.0525e-02
-1.0496e-02
-1.3640e-02
-6.4389e-03
1.1489e-02
1.6641e-02
6.5490e-03
2.2589e-03
1.0788e-02
2.4407e-02
1.4623e-02
-8.7765e-03
-8.2891e-03
-9.2500e-03
-2.1077e-02
-2.2525e-02
-1.5418e-02
-7.0461e-03
-6.7856e-03
-1.0722e-02
-1.1036e-02
-1.2411e-02
-1.3602e-02
-1.0967e-02
-2.0204e-02
-2.6024e-02
-1.4923e-02
4.5041e-03
1.7078e-02
2.5734e-02
1.1477e-02
-1.0804e-03
-4.3320e-03
6.3457e-03
3.0883e-02
4.9846e-02
3.4449e-02
2.3762e-02
1.7505e-02
8.5582e-03
1.0498e-02
1.0432e-02
1.9134e-02
3.2829e-02
2.8385e-02
9.9096e-03
-6.8255e-03
-1.4063e-02
-1.0999e-02
-2.3327e-03
1.5249e-03
-8.2011e-03
-2.4670e-02
-3.4712e-02
-2.8868e-02
-3.8587e-03
9.7822e-03
2.7896e-02
3.0488e-02
1.7325e-04
-1.9313e-02
-2.3600e-02
-1.2115e-02
-4.2119e-03
-1.4827e-02
-1.4352e-02
-1.3360e-02
-3.1756e-02
-4.8876e-02
-4.3253e-02
-2.0269e-02
4.4103e-03
2.2533e-02
2.5727e-02
2.1641e-02
1.8956e-03
-3.2615e-02
-2.9087e-02
1.3886e-03
9.7287e-03
9.7909e-03
1.3233e-02
1.6255e-02
1.8073e-02
2.8274e-02
5.2209e-02
6.9049e-02
5.4839e-02
1.9826e-02
-1.2240e-03
-1.5007e-02
-2.3267e-02
-2.9542e-02
-2.7085e-02
-2.2066e-02
-1.0582e-02
-1.5352e-03
-7.3453e-03
-1.8301e-02
-1.1009e-02
7.2847e-04
-9.0127e-04
-1.8260e-02
-3.4874e-02
-5.2762e-02
-4.0709e-02
-9.8631e-03
2.8773e-03
1.3342e-02
2.0050e-02
1.7919e-02
2.1064e-02
1.6871e-02
1.3181e-02
2.3693e-02
3.0712e-02
2.6850e-02
1.2046e-02
-6.6242e-03
-2.3135e-02
-2.4398e-02
-1.1526e-02
-1.0465e-02
-1.5937e-02
-5.1017e-03
1.1459e-02
2.2047e-02
3.4021e-02
4.7256e-02
5.3190e-02
3.8234e-02
1.5324e-02
-1.5583e-02
-3.8085e-02
-5.1156e-02
-5.5337e-02
-4.4628e-02
-1.9177e-02
3.7825e-03
1.2119e-02
1.7241e-02
3.2165e-03
-1.7385e-02
-1.8306e-02
-4.3647e-03
-1.5615e-03
1.9990e-03
1.1288e-02
1.7594e-02
2.2832e-02
2.2151e-02
2.1614e-02
2.3185e-02
2.1312e-02
2.3782e-02
2.5824e-02
2.2068e-02
1.2783e-02
2.8635e-03
-1.6064e-03
-2.0429e-03
1.6118e-02
3.0096e-02
3.1511e-02
1.1803e-02
-1.1779e-02
-3.1045e-02
-4.3160e-02
-4.5723e-02
-2.9954e-02
3.8791e-03
3.9139e-02
4.5122e-02
4.2867e-02
3.3219e-02
2.1123e-02
1.2073e-02
-4.8067e-03
-2.2053e-02
-2.1450e-02
-1.8892e-02
-2.2649e-02
-5.3676e-03
1.0172e-02
5.3223e-03
-2.7957e-03
1.3969e-02
2.9492e-02
2.5134e-02
3.3146e-03
-2.5822e-02
-4.8184e-02
-5.0538e-02
-6.0140e-02
-7.9725e-02
-8.3974e-02
-6.4074e-02
-4.9183e-02
-2.7285e-02
6.2966e-03
2.3481e-02
1.5414e-02
1.6760e-03
2.0671e-03
-2.8433e-03
-1.7856e-02
-1.4589e-02
-5.4998e-04
7.7503e-03
2.3890e-02
3.4030e-02
3.6867e-02
3.6155e-02
1.5609e-02
-4.1892e-03
-1.5024e-02
-1.0713e-02
5.7936e-03
4.6623e-03
3.1452e-03
7.5892e-03
-3.4655e-03
-1.5220e-02
-1.4803e-02
-1.0936e-02
-1.6373e-03
4.7363e-03
-3.2565e-03
-9.3363e-05
2.0210e-03
-6.9080e-03
3.2692e-03
2.6234e-02
4.3607e-02
5.0530e-02
4.3727e-02
2.3034e-02
4.1296e-03
-1.3117e-02
-3.9434e-02
-5.5226e-02
-4.4882e-02
-1.5734e-02
6.6013e-03
2.7036e-02
3.9640e-02
3.3588e-02
1.7624e-02
-5.6949e-03
-2.8667e-02
-3.5136e-02
-2.7270e-02
-2.7015e-02
-2.5719e-02
-2.3180e-02
-2.3772e-02
-2.6587e-02
-2.1233e-02
2.9873e-03
2.4552e-02
3.2113e-02
2.1570e-02
2.4628e-02
2.2316e-02
-3.2900e-03
-1.9122e-02
-1.8599e-02
-4.0287e-03
1.7070e-02
2.1636e-02
2.8305e-02
4.5230e-02
5.2728e-02
3.7493e-02
2.7269e-02
1.9860e-02
6.5839e-04
-1.0230e-02
-7.5674e-03
-5.7686e-03
-9.0261e-03
-7.1375e-03
-3.7123e-03
-1.9203e-03
-2.9452e-03
-4.4077e-03
3.7621e-03
1.5904e-02
6.8901e-03
-1.6919e-02
-2.5000e-02
-2.9985e-02
-3.1570e-02
-1.0824e-02
1.9754e-02
4.1196e-02
5.1098e-02
4.5876e-02
1.2931e-02
-9.8605e-03
-6.0129e-03
-1.0875e-03
-5.5126e-03
8.4047e-03
1.7846e-02
4.3003e-03
-5.0330e-03
1.1379e-04
6.2330e-03
7.8037e-03
8.7066e-03
1.1011e-02
4.9221e-03
-1.8177e-02
-4.9141e-02
-5.5661e-02
-4.6186e-02
-2.2437e-02
6.6474e-05
1.9789e-03
-4.4941e-03
-2.5051e-03
-6.1428e-03
-1.3109e-02
-3.0518e-03
1.1804e-02
1.3409e-02
-9.8822e-03
-1.8417e-02
-1.4150e-02
-1.0560e-02
-3.3452e-03
3.9022e-03
9.9861e-03
1.4380e-02
2.4131e-02
3.1402e-02
1.7089e-02
7.2651e-03
9.7662e-03
6.6769e-03
-2.4195e-03
-2.2888e-03
-5.8010e-03
-1.8241e-02
-1.8830e-02
-9.7901e-04
6.1375e-03
5.9996e-03
4.6759e-03
-8.0871e-03
-1.5358e-02
-5.7353e-03
1.5577e-03
-9.5810e-03
-8.7517e-03
6.3466e-03
1.1927e-02
1.2596e-02
1.2837e-03
-1.2428e-02
-1.0965e-02
-7.1113e-03
-1.9154e-03
6.7436e-03
1.3846e-02
1.2704e-02
1.4536e-03
-9.9652e-03
-1.9916e-02
-2.4940e-02
-6.6631e-03
1.9212e-02
3.1448e-02
3.4431e-02
1.8269e-02
-2.2315e-03
-6.5246e-03
-5.9084e-03
-1.4986e-02
-4.6262e-03
1.1861e-02
1.1374e-02
1.0591e-03
-4.1501e-03
-1.3476e-02
-2.0886e-02
-1.1688e-02
-4.3737e-03
-8.5607e-03
-9.0854e-03
-9.7283e-03
-1.2282e-02
-5.0760e-03
2.3916e-03
6.4655e-03
5.4652e-03
-3.7075e-03
-8.7063e-03
-4.1261e-04
6.5210e-03
1.7454e-02
3.0865e-02
2.7934e-02
8.4903e-03
-5.0307e-04
-6.4908e-03
-1.9265e-02
-1.7818e-02
-5.2656e-03
-4.5691e-04
-3.2028e-04
-1.8417e-03
2.4505e-03
1.2373e-02
1.7280e-02
1.9619e-02
7.7488e-03
-1.0161e-02
-2.2680e-02
-3.1165e-02
-3.3166e-02
-2.3857e-02
-1.6339e-02
-3.5794e-03
1.5017e-02
2.3374e-02
2.5367e-02
2.5259e-02
1.9387e-02
1.6708e-02
1.5205e-02
1.1641e-02
7.6808e-03
-3.0615e-03
-1.4908e-02
-2.0877e-02
-1.4927e-02
-6.6393e-03
2.5195e-03
1.8322e-02
2.5309e-02
2.2946e-02
1.7320e-02
2.9851e-03
-4.6533e-03
-6.3044e-03
-1.0173e-02
-7.2515e-03
-4.5227e-03
-6.5479e-03
-7.9371e-03
-2.6436e-03
8.7891e-03
1.6896e-02
1.3230e-02
1.0064e-02
9.0258e-03
-2.3182e-03
-1.0076e-02
-4.8310e-03
-3.8647e-04
-5.6792e-03
-1.4648e-02
-2.1292e-02
-1.8773e-02
-1.5845e-02
-2.0178e-02
-1.5977e-02
-2.9390e-03
-5.8276e-04
-2.5294e-03
5.5096e-03
9.9157e-03
9.8457e-04
-8.3507e-03
-3.3402e-03
1.0506e-02
1.3754e-02
6.9842e-03
3.4008e-03
-1.1802e-03
-5.9028e-03
-5.6735e-03
-9.6871e-03
-5.7605e-03
7.5012e-03
1.5133e-02
1.7214e-02
1.5342e-02
1.5480e-02
1.5309e-02
1.1060e-02
1.5204e-03
-6.9297e-03
-1.2046e-02
-1.6458e-02
-2.1934e-02
-1.5279e-02
-8.6302e-03
-8.8525e-03
-2.5055e-03
8.9584e-03
1.4471e-02
-3.0160e-04
-1.1274e-02
-9.2608e-03
-1.7512e-02
-1.2299e-02
1.0287e-03
7.8555e-03
1.5592e-02
8.6247e-03
-4.3386e-03
-5.0572e-04
6.0269e-03
4.6229e-03
4.9658e-03
7.1278e-03
4.9666e-03
-8.1298e-04
-8.3092e-03
-8.1952e-03
-1.2204e-03
2.2127e-03
4.0857e-03
2.8779e-03
3.8461e-03
7.2327e-03
7.0569e-03
6.5399e-03
5.2484e-03
-2.5373e-03
-9.2823e-03
-9.5987e-03
-8.5838e-03
-2.7792e-03
2.7858e-03
3.5064e-03
4.2684e-03
1.0015e-02
1.4053e-02
2.4983e-03
-7.7607e-03
-6.5818e-03
-9.0755e-03
-1.7040e-02
-2.2137e-02
-2.1353e-02
-1.9966e-02
-1.4778e-02
-1.4203e-03
9.6012e-03
1.8658e-02
2.4990e-02
1.9145e-02
1.3126e-02
1.3239e-02
1.4164e-02
3.7703e-03
-6.3412e-03
-7.1679e-03
-1.1815e-02
-1.7685e-02
-1.8424e-02
-9.1497e-03
-8.0800e-04
-7.7602e-04
9.0526e-04
3.9212e-03
5.7971e-03
6.6443e-03
3.2783e-03
-5.7072e-05
1.1901e-04
2.7597e-03
2.4228e-03
-2.4340e-03
-3.4866e-03
1.2325e-03
1.8344e-03
3.5636e-03
9.5691e-03
7.7664e-03
-1.8018e-03
-8.9723e-03
-6.2040e-03
5.9968e-04
2.0808e-03
-2.8110e-03
-2.0647e-03
2.9162e-03
3.4155e-03
5.8063e-04
5.0558e-03
1.0827e-02
1.0215e-03
-6.4888e-03
-6.2848e-03
-1.1156e-02
-1.4410e-02
-3.3356e-03
1.3400e-02
2.3000e-02
2.7544e-02
1.5531e-02
7.6864e-03
7.1400e-03
6.8142e-03
2.7442e-03
-1.9049e-03
-2.4581e-03
-5.0708e-03
-1.3432e-02
-1.3972e-02
1.9558e-03
1.5280e-02
1.7850e-02
1.6676e-02
9.7205e-03
-1.7055e-03
-5.6707e-03
-4.9363e-03
-4.5915e-03
1.9499e-03
4.4181e-03
1.5247e-03
2.8927e-03
2.1439e-03
-4.8152e-03
-8.0271e-03
-3.4959e-03
1.4266e-03
5.1531e-03
6.2971e-03
2.9040e-03
5.9071e-03
4.7876e-03
-5.8072e-03
-9.4596e-03
-9.3442e-03
-1.2962e-02
-2.2513e-02
-2.2595e-02
-1.2782e-02
-1.3260e-02
-1.6468e-02
-4.6493e-03
3.1427e-03
1.4946e-03
-8.4332e-04
-6.0142e-05
3.0896e-03
-1.0885e-04
-6.4519e-03
3.5712e-04
9.5656e-03
2.8886e-03
-1.1572e-02
-1.3283e-02
-1.1558e-02
-1.3579e-02
-9.4006e-03
3.1274e-03
1.1845e-02
9.1617e-03
5.5381e-04
5.2752e-03
1.6668e-02
1.3044e-02
-5.2764e-04
-5.6053e-03
-1.2035e-02
-1.2856e-02
-6.5342e-03
1.3082e-03
1.1320e-02
1.9530e-02
1.7887e-02
8.9265e-03
3.9671e-03
8.6495e-04
3.0482e-03
4.7682e-03
3.6454e-05
-5.3536e-04
2.1847e-03
4.9757e-03
4.3211e-03
-1.4446e-03
1.9301e-03
1.3821e-02
1.4488e-02
5.6738e-03
5.9918e-04
-4.5185e-03
-1.2612e-02
-1.9873e-02
-2.2840e-02
-1.4186e-02
-5.4550e-03
-4.4248e-03
-6.9192e-05
1.3052e-02
1.9673e-02
8.0096e-03
-4.9160e-03
2.4869e-03
6.3400e-03
-3.7306e-03
-5.6811e-03
9.7164e-04
-3.0803e-03
-1.0069e-02
-8.7259e-03
-4.1865e-03
-7.8917e-03
-1.0477e-02
-3.5456e-03
1.4088e-03
3.0789e-03
3.7495e-03
2.3155e-03
-2.0720e-03
-3.6698e-03
-1.6556e-03
-5.0744e-04
-2.8981e-03
3.8813e-03
9.5563e-03
3.3268e-03
-6.1488e-03
-3.8624e-03
-5.1573e-03
-1.0825e-02
-1.2142e-02
-7.0143e-03
-2.2694e-03
-2.1893e-03
-2.1615e-03
-5.7894e-04
6.6428e-03
1.1241e-02
6.9423e-03
3.3021e-03
5.1534e-03
-1.2662e-03
-1.1165e-02
-8.6108e-03
1.7286e-03
6.7616e-03
3.9263e-03
5.5639e-03
1.0996e-02
8.2453e-03
8.3987e-03
7.8967e-03
-1.8512e-03
-1.5739e-03
6.7968e-03
5.0422e-03
-1.5047e-03
-4.1344e-03
-6.9291e-04
4.3805e-03
6.2576e-03
3.5392e-03
1.1957e-03
2.4110e-03
2.5621e-03
-1.0082e-04
-4.5307e-03
-8.5403e-03
-7.5530e-03
2.1242e-03
4.3810e-03
1.6028e-03
-3.2994e-03
-9.6933e-03
-6.8622e-03
1.0086e-04
3.8128e-03
7.4694e-03
7.5518e-03
5.9522e-03
7.1083e-03
2.6851e-03
-6.4777e-03
-2.7961e-03
6.2923e-03
2.4564e-03
-5.6844e-03
-1.0201e-02
-1.3401e-02
-5.6069e-03
1.3519e-03
3.3896e-03
4.7675e-03
2.4349e-03
-2.3850e-03
-5.9819e-03
-5.9973e-03
-3.8656e-03
1.6347e-04
4.8150e-03
1.3724e-03
-4.5695e-03
-4.7971e-03
-2.8953e-03
-4.5092e-03
-6.2346e-03
-2.6317e-03
-4.4021e-05
-5.3515e-04
1.1591e-03
8.1770e-03
1.3551e-02
9.1206e-03
4.4482e-03
2.5647e-03
1.2245e-03
2.5188e-03
6.7911e-03
6.6549e-03
3.1991e-03
-1.2492e-03
-3.3312e-03
-6.8154e-04
1.1771e-03
-1.5721e-03
-1.4870e-03
-2.3784e-03
-4.8673e-03
-5.9135e-03
-5.8428e-03
-1.3232e-03
2.3000e-03
2.4489e-03
1.8209e-03
-3.3558e-03
-1.0157e-02
-1.5068e-02
-1.4245e-02
-2.7029e-03
6.5980e-03
1.0357e-02
9.4659e-06
-1.1332e-02
-6.2678e-03
-2.4841e-03
-5.4728e-03
-1.4076e-03
3.5339e-03
4.4144e-04
-4.9596e-03
-6.2334e-03
-1.5958e-03
5.1675e-03
6.2179e-03
9.8350e-03
1.2212e-02
3.1187e-03
-7.0892e-03
-7.9824e-03
-4.7929e-03
-3.8608e-03
-3.6487e-03
-1.5029e-03
4.3351e-03
8.4026e-03
7.8407e-03
7.1292e-03
5.1386e-03
-1.6065e-03
-3.2997e-03
-4.3342e-03
-6.0360e-03
-2.4437e-03
8.7086e-04
-2.6599e-03
-3.1934e-03
3.0033e-03
8.1381e-03
1.5845e-02
1.7750e-02
8.0282e-03
1.9079e-03
-3.4007e-03
-8.4007e-03
-7.4638e-03
-9.5407e-04
-1.3043e-03
-6.6741e-03
-7.2733e-03
-7.2873e-03
-2.0391e-03
6.1307e-03
1.0496e-02
6.8287e-03
2.0131e-03
-3.8848e-03
-1.3071e-02
-1.5564e-02
-7.6672e-03
-2.1587e-03
1.9212e-03
6.7509e-04
-4.8454e-03
-2.8008e-03
4.4383e-03
5.9568e-03
4.2796e-03
5.4075e-03
2.4887e-03
-4.7372e-03
-6.5896e-03
3.2918e-04
6.5426e-03
4.6223e-03
7.4422e-04
1.2435e-03
7.5503e-04
-9.2264e-04
-1.7015e-03
-5.0436e-03
-5.4076e-03
1.2189e-03
2.8756e-03
3.9596e-03
5.3791e-03
5.3640e-03
1.3094e-04
-4.8658e-03
-7.0094e-03
8.6708e-04
6.7980e-03
8.9309e-03
6.1824e-03
4.4360e-03
3.5561e-03
-7.8254e-04
-2.8041e-03
3.9138e-03
7.2866e-03
6.7723e-03
8.9535e-03
6.0683e-03
9.2740e-04
-2.3292e-03
-4.0950e-03
8.9659e-04
3.3636e-03
4.1825e-03
1.5257e-03
-3.0593e-03
-3.4976e-03
-9.2757e-04
-4.4514e-04
2.5057e-04
5.0084e-03
8.7691e-03
7.8922e-03
3.3077e-03
1.8597e-03
4.0364e-03
1.6526e-03
-5.4886e-03
-5.3159e-03
-3.2289e-03
-6.2257e-03
-8.0281e-03
-6.5593e-03
-3.1432e-03
-7.0104e-04
-3.7643e-03
-4.3017e-03
2.3447e-03
4.8069e-03
1.6683e-03
-3.9663e-04
-2.2933e-04
1.4734e-03
4.7726e-05
-3.1113e-03
-2.5651e-03
-2.0765e-03
-4.2831e-03
-2.2615e-03
8.1444e-04
4.4370e-03
7.7010e-03
7.6234e-03
4.6740e-03
3.7543e-03
2.6606e-03
-9.4167e-05
-4.2829e-03
-5.7857e-03
-1.8422e-03
-1.7226e-03
-5.2721e-03
-5.5780e-03
-6.0085e-03
-6.7766e-03
-4.1668e-03
1.3075e-03
2.1263e-03
-2.2244e-03
2.4472e-04
5.3734e-03
7.4149e-03
9.4602e-03
7.9222e-03
3.4969e-03
-1.3023e-03
-6.5639e-03
-6.7875e-03
-7.5745e-04
2.1860e-03
4.6123e-03
8.7191e-03
8.5411e-03
-6.8913e-04
-4.9138e-03
-6.1730e-03
-9.8864e-03
-1.2125e-02
-7.8574e-03
-3.0156e-03
-1.0521e-03
-1.9126e-03
-4.7341e-03
-2.6418e-03
7.2040e-04
7.6959e-04
2.1490e-03
4.2996e-03
4.7473e-03
-5.2341e-04
-4.8180e-03
-5.3404e-03
-1.5279e-03
6.6578e-04
1.0976e-03
2.5217e-03
4.1700e-03
4.1478e-03
2.0392e-03
-8.8073e-04
-3.1464e-03
9.9543e-04
1.8203e-03
-2.1051e-03
-2.1393e-05
5.4176e-03
4.7781e-03
2.3058e-03
3.3201e-03
6.4119e-03
7.8437e-03
7.7204e-03
5.8138e-03
2.8415e-03
1.3111e-03
-2.1503e-04
-2.4640e-03
-4.3970e-03
-5.2245e-03
-5.1140e-03
-4.1018e-03
-1.9761e-03
8.0027e-04
2.7336e-03
3.1795e-03
2.3040e-03
4.8533e-03
8.3370e-03
5.8247e-03
1.3570e-03
1.2551e-03
-2.1981e-03
-7.5213e-03
-8.6659e-03
-6.4403e-03
-4.2805e-03
-5.9549e-03
-4.8509e-03
-8.9892e-04
9.3012e-04
2.0615e-03
3.4555e-03
4.8963e-03
2.2152e-03
-4.5589e-03
-8.2750e-03
-6.1873e-03
2.2581e-03
6.6560e-03
7.1892e-03
6.0349e-03
5.0288e-04
-8.4527e-03
-1.1902e-02
-5.7935e-03
-4.3233e-04
2.3096e-03
5.2829e-03
1.6482e-03
3.0775e-03
1.0939e-02
1.3190e-02
9.1763e-03
8.3896e-04
-3.0814e-03
-1.7644e-03
-5.5360e-03
-9.0040e-03
-2.2700e-03
3.0611e-03
1.7410e-03
-2.9468e-03
-4.8833e-03
-1.7842e-03
-1.1588e-03
-6.0459e-03
-8.8026e-03
-7.4671e-03
-4.3088e-03
-3.2379e-03
-4.1719e-03
2.9950e-03
9.1176e-03
6.2369e-03
-3.5613e-04
-2.3719e-03
1.3899e-03
5.5353e-03
1.2882e-03
-2.1130e-03
1.2616e-04
-1.7738e-03
-7.4012e-03
-6.7502e-03
-3.3588e-03
-3.0994e-03
-1.6891e-03
4.9741e-03
9.7859e-03
1.1672e-02
7.5875e-03
4.2949e-03
2.5752e-03
2.8935e-03
2.9095e-03
2.4478e-03
2.6968e-03
2.8114e-03
9.5154e-04
-3.3218e-03
-4.0826e-03
-2.5410e-03
-9.3576e-04
-1.0877e-03
-5.7475e-03
-8.1161e-03
-7.3915e-03
-7.1802e-03
-6.5085e-03
-2.8652e-03
-1.3489e-03
-2.7034e-03
-3.7689e-03
-4.3903e-03
-2.4394e-03
2.2700e-04
1.1821e-03
1.3552e-03
1.9956e-03
-1.4785e-04
-4.4862e-03
-5.4034e-03
-4.7270e-03
-3.8849e-03
2.5503e-03
6.8345e-03
9.2840e-04
-3.0092e-03
3.4297e-03
5.3740e-03
-2.6930e-03
-5.3576e-03
-3.3324e-03
-4.8090e-03
-5.8904e-03
-4.5968e-03
-3.4768e-05
3.7550e-03
5.1452e-03
3.9905e-03
4.7112e-03
5.1565e-03
2.7287e-03
1.5869e-03
3.6766e-03
1.5832e-03
-4.2567e-03
-5.5965e-03
-5.2405e-03
-4.6713e-03
-2.2137e-03
1.1121e-03
4.0384e-03
6.3756e-03
4.4541e-03
2.2028e-03
2.3625e-03
5.3601e-03
6.9598e-03
3.7380e-03
2.5581e-03
4.6513e-03
4.3487e-03
4.1630e-03
7.5144e-03
8.6749e-03
7.5860e-03
5.4402e-03
1.0749e-03
-4.8958e-03
-5.5246e-03
-5.0575e-03
-1.7196e-03
3.2989e-03
3.7494e-03
7.8624e-04
3.9299e-04
-1.0482e-03
-1.2448e-03
3.2987e-03
5.8465e-03
6.0398e-03
6.4216e-03
5.4644e-03
2.7855e-04
-4.8026e-03
-1.0130e-02
-9.6029e-03
-1.0958e-02
-1.3692e-02
-9.4174e-03
-4.6453e-03
-5.4205e-03
-8.9242e-03
-6.9735e-03
-5.6321e-04
2.7973e-03
5.2462e-03
6.3416e-03
9.3878e-03
9.3840e-03
2.4342e-03
-3.1517e-03
-6.5599e-03
-6.3381e-03
-6.5119e-03
-6.7568e-03
-5.3809e-03
-3.9775e-04
3.7444e-03
7.3182e-03
7.3081e-03
6.4953e-04
-2.6131e-03
-2.6592e-03
6.1942e-04
6.4719e-04
1.2799e-03
5.1808e-03
8.1264e-03
6.7489e-03
5.9946e-03
4.3458e-03
-5.2857e-04
-4.7458e-03
-1.0617e-02
-1.3436e-02
-1.3659e-02
-1.0452e-02
-1.0675e-02
-1.2092e-02
-6.8465e-03
-4.3952e-03
-2.0369e-03
5.6364e-03
1.0456e-02
6.1647e-03
4.0581e-03
3.0865e-03
1.4497e-03
6.3128e-03
9.2651e-03
7.3403e-03
7.5191e-03
7.4659e-03
4.7544e-03
-1.9957e-04
-3.8384e-03
-1.2269e-03
-7.8117e-04
-4.4400e-03
-3.8098e-03
-1.9988e-03
-2.0472e-04
7.2031e-03
1.1927e-02
1.4425e-02
1.0853e-02
6.0242e-03
1.3783e-03
-6.5111e-03
-1.2296e-02
-1.3486e-02
-1.2928e-02
-1.3429e-02
-1.1144e-02
-6.5944e-03
-4.9235e-03
-3.0609e-03
2.2998e-03
6.1130e-03
8.2871e-03
6.6636e-03
5.1962e-03
3.2103e-03
-2.9977e-03
-9.6771e-03
-1.0416e-02
-6.7753e-03
-4.1803e-03
-1.1515e-03
2.8897e-03
3.0379e-03
3.6587e-03
8.9084e-03
1.1388e-02
1.1976e-02
1.3601e-02
1.2092e-02
5.6686e-03
2.8334e-04
-9.2879e-03
-1.5319e-02
-1.4230e-02
-1.3968e-02
-7.8147e-03
-3.0799e-03
-1.3266e-03
1.1685e-03
4.1890e-04
1.0512e-03
3.3005e-03
8.9874e-04
-2.9226e-03
-3.3261e-03
-6.9575e-05
1.1730e-03
1.2745e-03
3.1032e-03
2.9117e-03
8.4919e-04
2.5856e-04
-2.0882e-04
1.2266e-03
2.4139e-03
-1.8650e-04
-4.5860e-03
-6.6608e-03
-4.8179e-03
-9.7942e-04
2.4906e-03
6.7388e-03
6.3937e-03
2.6634e-03
1.7077e-03
-9.8850e-04
-3.9342e-03
-1.4256e-03
5.2090e-05
-4.6109e-04
8.6822e-04
3.5319e-03
3.8726e-03
1.0860e-03
4.5209e-04
3.0751e-03
4.4894e-03
3.0488e-03
-1.0319e-05
-1.4028e-03
-3.3598e-03
-3.4532e-03
-1.4281e-03
-9.4046e-04
-8.0720e-04
-1.4413e-03
-1.5401e-03
-1.6640e-03
-3.5254e-03
-4.9795e-03
-4.1222e-03
-1.8735e-05
2.1832e-03
1.0049e-03
1.7388e-03
4.5990e-03
2.0422e-03
-4.6275e-03
-4.6988e-03
2.2547e-04
1.0011e-03
3.2351e-04
5.3420e-03
9.6453e-03
1.1924e-02
1.0216e-02
8.0122e-03
6.7386e-03
3.8343e-03
1.9758e-04
-4.5340e-03
-7.8852e-03
-7.8991e-03
-2.6034e-03
7.1196e-04
4.7305e-03
9.2787e-03
6.5544e-03
3.6786e-03
1.4738e-03
-3.9883e-03
-4.3832e-03
-3.7555e-03
-4.6492e-03
-2.9617e-03
-3.1836e-03
-5.0270e-03
-5.3492e-03
-4.7449e-03
-2.4702e-03
-1.5138e-03
-1.2753e-03
1.6607e-03
4.7931e-03
6.6033e-03
5.7511e-03
4.1685e-03
3.8466e-03
3.0651e-03
2.6708e-03
1.6020e-03
-1.5660e-03
-3.0208e-03
-2.0316e-03
-2.0487e-03
-4.0385e-04
3.6769e-03
5.2589e-03
6.2123e-03
3.2133e-03
-4.4620e-04
-2.8505e-03
-3.4664e-03
-4.2782e-03
-1.6705e-03
5.0108e-04
-3.7879e-04
-4.6475e-03
-6.3678e-03
-5.6045e-03
-6.5055e-03
-8.2659e-03
-4.9300e-03
7.2819e-04
3.7803e-03
5.5622e-03
4.3896e-03
4.5171e-03
4.0837e-03
2.0963e-03
9.5164e-04
1.4533e-03
2.3508e-03
2.0656e-03
8.0284e-04
7.5141e-04
3.4579e-03
5.2997e-03
6.0505e-03
4.6561e-03
3.6045e-03
2.9814e-03
1.6753e-03
1.4083e-03
2.9278e-03
3.0630e-03
9.2603e-04
-3.0967e-04
-9.8036e-04
8.0456e-04
2.9525e-03
2.0984e-03
-2.1492e-04
-9.7671e-04
-2.7262e-03
-4.9859e-03
-4.7297e-03
-8.4323e-04
8.3286e-04
-1.9417e-03
-3.9618e-03
-2.3511e-03
3.6842e-04
-4.4124e-04
-3.2249e-06
9.5939e-04
-1.6271e-03
-5.1260e-03
-6.3531e-03
-2.4105e-03
6.7213e-04
7.4052e-04
-1.1464e-03
-1.5964e-03
-1.5664e-03
-2.3916e-03
-1.1270e-03
2.6589e-03
3.1130e-03
3.7770e-03
5.3374e-03
3.5477e-03
1.9731e-03
3.6702e-03
4.6140e-03
4.8944e-03
5.0763e-03
2.5545e-03
1.0281e-03
1.5031e-03
1.1212e-03
1.9347e-03
1.5939e-03
-2.2042e-03
-3.7686e-03
-4.1893e-03
-3.0613e-03
-1.2403e-03
-1.3666e-04
3.7895e-04
-6.1450e-04
-7.9797e-04
3.0003e-04
1.0946e-03
6.2466e-04
7.1013e-04
-1.9084e-05
-2.8951e-03
-4.8974e-03
-4.4967e-03
-2.3890e-04
2.4278e-03
3.6291e-03
2.0706e-03
1.1805e-03
-1.1871e-04
-3.2788e-03
-5.5237e-03
-5.4356e-03
-4.1224e-03
-4.7392e-03
-4.6725e-03
-2.3877e-03
-2.1790e-03
-3.2898e-03
-1.0100e-03
-9.2650e-04
-4.4306e-03
-5.9061e-03
-7.3313e-03
-6.9126e-03
-4.8023e-03
-4.2417e-03
-3.2480e-03
-1.7997e-03
-5.1977e-04
2.6984e-03
6.0751e-03
5.4443e-03
6.9841e-04
-2.5124e-03
-7.0371e-03
-8.3823e-03
-5.6502e-03
-5.6841e-04
2.9544e-03
5.7318e-03
4.4660e-03
4.1547e-03
5.1356e-03
4.8071e-03
2.9344e-03
1.3588e-03
2.7253e-04
-1.0751e-03
-3.0987e-03
-6.1300e-03
-7.3768e-03
-3.2947e-03
-5.4569e-04
4.0898e-04
-5.9362e-04
-2.9087e-03
-4.3137e-03
-5.3333e-03
-7.9572e-04
4.1301e-03
6.0252e-03
8.2058e-03
4.8986e-03
1.9324e-03
8.1123e-04
1.7165e-03
2.5247e-03
3.4969e-03
5.5344e-03
6.3834e-03
4.3764e-03
3.1338e-03
3.2975e-03
4.5475e-03
4.8328e-03
1.8154e-03
-1.0030e-03
-2.9162e-03
-5.7521e-03
-8.5028e-03
-1.0424e-02
-8.1717e-03
-6.3833e-03
-4.8255e-03
-5.9801e-04
2.8999e-03
6.8163e-03
1.1342e-02
1.1778e-02
7.2635e-03
5.6339e-03
3.0464e-03
-7.9155e-04
-2.7228e-03
-4.0888e-03
-5.4281e-03
-4.1219e-03
-4.3444e-03
-5.4342e-03
-2.6866e-03
2.0559e-04
9.9627e-04
-5.6488e-04
-1.4575e-03
-2.0537e-03
-1.6698e-03
2.1786e-03
4.7834e-03
6.1906e-03
6.5431e-03
7.1242e-03
5.4845e-03
3.0056e-03
2.2448e-03
2.7495e-03
2.5716e-03
2.4405e-03
2.6779e-03
1.7201e-03
-1.1588e-03
-3.2747e-03
-5.6293e-03
-6.4479e-03
-3.3631e-03
-1.9513e-03
-2.1947e-03
-2.2183e-03
-2.1823e-03
-2.8678e-03
-3.8940e-03
-4.0857e-03
-2.1233e-03
-8.1639e-04
-1.1339e-03
-9.3133e-05
2.7332e-03
2.9452e-03
8.1941e-04
5.0570e-04
7.4458e-04
-1.6831e-04
-1.3214e-03
-2.0713e-03
-3.0198e-03
-3.1346e-03
-7.6541e-04
8.5561e-04
5.4798e-04
-8.7769e-04
-8.1394e-04
-4.5329e-04
-7.0297e-04
3.9859e-05
1.5970e-03
6.9721e-04
-1.2610e-03
-1.1943e-03
-4.5418e-04
-1.5270e-03
-2.0988e-03
1.1189e-03
3.5140e-03
5.1474e-03
5.9565e-03
3.9383e-03
3.1260e-03
1.0369e-03
-2.5976e-03
-4.5334e-03
-1.7461e-03
4.7892e-04
-2.0359e-03
-1.9439e-03
9.0514e-04
-4.0842e-04
-2.0341e-03
-8.8241e-04
2.6411e-04
-1.4515e-03
-2.9444e-03
-2.6467e-03
-2.3120e-03
-1.0256e-03
1.3736e-03
2.9610e-03
2.6547e-03
1.0013e-03
1.3008e-03
2.5568e-03
1.8350e-03
6.4421e-04
5.0961e-04
6.0251e-04
-2.1110e-04
-2.2846e-03
-3.6926e-03
-3.8789e-03
-2.0507e-03
-1.0323e-03
-4.0970e-04
-2.3900e-03
-4.6376e-03
-5.4903e-03
-5.3840e-03
-1.9336e-03
7.1369e-04
2.9423e-03
1.7621e-03
1.3430e-04
1.0571e-04
-2.3988e-04
2.8637e-03
6.8333e-03
3.9942e-03
-3.1135e-04
-2.2167e-03
-2.7300e-03
-1.9124e-03
-2.0938e-03
-1.1967e-03
-1.8701e-03
-4.2924e-03
-4.7799e-03
-1.6194e-03
6.0801e-04
1.9030e-03
4.2700e-03
3.7061e-03
9.4202e-04
1.5461e-04
-9.5230e-04
5.2477e-04
3.1907e-03
3.0228e-03
8.1396e-04
3.1362e-05
-5.6651e-04
-1.8377e-03
-3.0963e-03
-2.4048e-03
1.8217e-04
1.8689e-04
-5.5001e-04
-1.7065e-04
-1.1138e-03
8.0651e-05
3.2777e-03
4.8028e-03
6.6429e-03
5.2743e-03
1.8754e-03
9.5244e-04
2.1331e-04
-1.5652e-03
-3.0870e-03
-3.9248e-03
-2.0806e-03
-5.5942e-04
-1.3053e-04
4.0617e-04
-1.6150e-03
-3.5624e-03
-3.5846e-03
-3.4763e-03
-4.0202e-03
-3.4193e-03
-1.0305e-03
6.2912e-04
1.7128e-03
3.1584e-03
4.6933e-03
6.2082e-03
6.6407e-03
4.2527e-03
2.7213e-03
1.5793e-03
1.2304e-04
-7.0333e-04
1.8054e-03
3.7157e-03
1.8631e-03
-3.7891e-04
-1.3119e-03
-2.8183e-03
-1.4402e-03
-6.6087e-05
-9.0303e-04
-2.2962e-03
-2.5081e-03
-7.2697e-04
1.4628e-03
2.8888e-03
4.3873e-03
4.9479e-03
5.7133e-03
5.6259e-03
2.7681e-03
8.1057e-04
-2.8679e-04
-1.8026e-03
-9.4924e-04
2.5001e-04
3.9309e-04
-5.0831e-04
-1.4692e-03
-2.1169e-03
-3.2501e-03
-4.3948e-03
-5.1906e-03
-4.0328e-03
-2.4083e-03
-2.0727e-03
-1.6614e-03
9.2132e-04
3.0448e-03
4.6746e-03
6.5692e-03
5.9094e-03
5.4091e-03
5.6004e-03
4.2912e-03
1.0572e-03
-1.2955e-03
-3.3020e-03
-4.3212e-03
-3.7090e-03
-1.0574e-03
1.1702e-03
4.8891e-04
-7.8418e-04
-9.0271e-04
-1.3146e-03
-1.2048e-03
-1.7273e-03
-2.5560e-03
-2.9872e-03
-3.8029e-03
-4.6081e-03
-3.1761e-03
-3.3201e-04
8.2732e-04
-6.9500e-04
-2.0166e-03
-2.1735e-03
-1.2256e-03
3.8257e-03
6.6757e-03
4.9520e-03
3.2948e-03
1.9669e-03
1.7375e-03
2.8963e-03
3.7892e-03
4.4914e-03
3.9821e-03
7.3115e-04
-1.8073e-03
-3.1108e-03
-3.8582e-03
-2.4314e-03
2.8031e-05
1.4055e-03
-6.5864e-04
-3.4099e-03
-1.2704e-03
4.7160e-04
-7.9119e-04
-2.0432e-03
-2.0776e-03
-1.7699e-03
-1.2333e-03
-1.9233e-04
2.2782e-03
3.7907e-03
2.3183e-03
7.2958e-04
1.0690e-03
1.1979e-03
-5.0203e-04
-4.4544e-04
1.8209e-04
-4.7576e-04
-1.2359e-03
-4.3290e-04
1.5649e-03
1.9623e-03
1.0702e-03
2.1922e-04
-5.3514e-04
-1.3347e-03
-8.5775e-04
7.6348e-04
2.0002e-03
2.1427e-03
1.1056e-04
-1.6745e-03
-6.0038e-04
1.3781e-03
1.3608e-03
7.5832e-04
8.7882e-04
1.1058e-03
5.6367e-04
-6.7986e-04
-2.1560e-03
-3.2419e-03
-2.4153e-03
6.3951e-04
9.6495e-04
-1.2522e-03
-1.8142e-03
-1.1149e-03
-6.4630e-04
9.5241e-04
2.5298e-03
2.9411e-03
2.5372e-03
1.9756e-03
1.5438e-03
1.6502e-03
1.9646e-03
1.0623e-03
4.2811e-04
2.7860e-04
-8.3130e-04
-1.9361e-03
-1.4732e-03
-5.6560e-05
7.2781e-04
2.5681e-04
-1.4576e-03
-2.3272e-03
-2.3863e-03
-5.2061e-04
9.4699e-04
2.1679e-03
3.3101e-03
1.5867e-03
-7.4887e-04
-1.2151e-03
-8.6740e-04
-1.6561e-03
-2.7630e-03
-2.2929e-03
-6.4207e-04
3.7823e-04
1.6360e-04
1.0183e-03
2.5699e-03
2.6038e-03
1.5077e-03
2.6809e-04
-8.4441e-04
-1.2147e-03
-5.3809e-04
1.7123e-04
8.2418e-04
1.6351e-03
2.0979e-03
1.5989e-03
-1.1712e-04
-1.1649e-03
-1.9305e-03
-1.9350e-03
-2.4952e-04
8.2519e-04
-1.5434e-05
-2.3704e-03
-3.1528e-03
-3.1825e-03
-3.7738e-03
-4.8511e-03
-3.0772e-03
-2.6600e-04
1.3166e-03
2.1457e-03
2.6637e-03
1.9938e-03
4.4353e-04
-3.0320e-04
-3.7860e-04
-1.0873e-03
-2.1716e-03
-2.7049e-03
-2.8436e-03
-1.7425e-03
9.8700e-04
2.1698e-03
2.5117e-03
2.8613e-03
2.5300e-03
3.5927e-04
-1.6269e-03
-6.7443e-04
1.5961e-03
2.0784e-03
2.4578e-03
1.3108e-03
-1.0281e-03
-1.7070e-03
-2.4715e-03
-2.8500e-03
-1.4109e-03
-6.7281e-04
-6.6839e-04
-5.2943e-04
-1.5604e-03
-1.1812e-03
6.9624e-04
7.2733e-04
5.0866e-04
1.2059e-04
4.4405e-04
1.4267e-03
1.3294e-04
-4.8095e-04
6.7005e-04
1.0738e-03
1.1780e-03
1.7060e-03
2.5309e-03
1.6988e-03
-8.2891e-04
-1.7821e-03
-1.0081e-03
-5.7484e-04
-1.0001e-03
-1.7665e-03
-2.2927e-03
-2.0537e-03
-1.6876e-03
-3.6448e-04
1.9854e-03
4.1125e-03
5.1410e-03
2.0053e-03
-5.8293e-04
-1.2035e-03
-2.0928e-03
-2.3889e-04
2.9605e-03
3.1663e-03
1.9525e-04
-1.4246e-03
-5.6623e-04
2.7074e-04
8.0402e-04
1.6720e-03
1.3882e-03
-7.2339e-04
-2.7978e-03
-3.2100e-03
-1.0116e-03
1.1123e-03
1.2551e-03
1.1435e-03
9.2203e-04
1.2917e-04
-1.1021e-03
-5.5575e-04
1.4833e-03
2.7813e-03
3.6304e-03
2.1701e-03
-4.0555e-04
-2.0287e-03
-2.1940e-03
-5.7192e-04
1.4455e-04
3.9142e-04
-1.8611e-04
-9.0255e-04
4.4725e-04
2.0369e-03
2.3551e-03
2.0000e-03
2.7836e-04
-1.4186e-03
-2.7461e-03
-3.7690e-03
-3.0378e-03
-1.1029e-03
-5.2342e-05
2.0601e-04
3.1563e-04
-3.5747e-04
-1.0916e-03
-4.3578e-04
8.4426e-04
1.1990e-03
1.2494e-03
1.6851e-03
1.6745e-03
9.6917e-04
1.0434e-03
1.3031e-03
-6.8202e-04
-2.1297e-03
-2.0545e-03
-1.8577e-03
-7.0588e-04
1.8641e-04
-3.1548e-05
-2.3101e-04
-9.8825e-04
-2.3930e-03
-3.5492e-03
-4.0047e-03
-3.5531e-03
-2.6609e-03
-1.5218e-03
-5.7157e-04
2.5208e-04
7.6166e-04
1.0149e-03
1.4395e-03
3.2567e-03
3.6575e-03
1.5994e-03
-1.2231e-03
-1.4023e-03
-1.8009e-03
-3.2515e-03
-3.8767e-03
-3.0147e-03
-5.8051e-04
-1.8504e-04
1.5129e-05
1.2391e-03
1.9934e-03
1.4663e-03
-6.5615e-04
-2.3966e-03
-3.3150e-03
-1.9431e-03
-2.1557e-04
1.3955e-03
3.1936e-03
3.7793e-03
2.4928e-03
1.6431e-03
2.8644e-03
3.2761e-03
2.2516e-03
1.4282e-03
2.5292e-04
-1.1560e-03
-1.5510e-03
-1.0054e-03
-9.5955e-04
-1.8103e-03
-2.5114e-03
-2.6934e-03
-3.2395e-03
-3.6877e-03
-3.5975e-03
-2.9644e-03
-1.6674e-03
-4.2781e-04
3.8064e-04
1.3448e-03
3.1290e-03
5.0940e-03
4.6270e-03
2.7082e-03
1.0404e-03
1.5085e-04
-4.4062e-04
-1.4593e-03
-1.9828e-03
-1.1281e-03
-7.0132e-04
-8.0154e-04
-1.0815e-04
4.3218e-04
-2.5151e-04
-6.8959e-04
-9.7781e-04
-1.5627e-03
-1.9550e-03
-2.0581e-03
-1.1719e-03
-5.1941e-04
-1.0392e-03
6.2733e-05
2.7449e-03
4.0121e-03
4.6375e-03
3.8210e-03
8.8579e-04
-1.1976e-03
-2.1573e-03
-2.7650e-03
-2.4927e-03
-1.7450e-03
-6.6746e-04
3.3950e-04
1.3430e-03
2.0848e-03
1.7398e-03
1.7233e-03
2.7132e-03
2.6337e-03
2.8023e-04
-1.6424e-03
-1.5511e-03
-9.0706e-04
-3.3949e-04
-4.0072e-05
6.0577e-04
1.3462e-03
1.4864e-03
1.5975e-03
2.0898e-03
2.2651e-03
1.5557e-03
1.1559e-03
1.6025e-03
1.9630e-03
3.3622e-04
-1.4517e-03
-2.3129e-03
-2.3309e-03
-7.6728e-04
6.0232e-05
2.4366e-04
8.3009e-04
1.0979e-03
1.2671e-03
1.4116e-03
1.1870e-03
5.5549e-04
-2.7909e-04
-8.8293e-04
-9.2901e-04
-4.1799e-04
-6.1046e-04
-3.1056e-04
2.3661e-03
4.2486e-03
5.4892e-03
5.9772e-03
3.9924e-03
9.3302e-04
-9.9458e-04
-2.6336e-03
-4.7169e-03
-6.4023e-03
-6.1723e-03
-4.1771e-03
-2.5294e-03
-7.6613e-04
9.0078e-05
1.7882e-04
-2.6369e-04
-1.0269e-03
-1.5013e-03
-1.2389e-03
9.8412e-05
7.6162e-04
1.0852e-03
1.9279e-03
2.3987e-03
1.3688e-03
3.9546e-04
3.6446e-04
-2.1495e-04
-9.4820e-04
1.0543e-04
1.1189e-03
1.4571e-03
1.5367e-03
3.9497e-04
-6.7235e-04
-9.6137e-04
-1.0031e-03
-4.8799e-05
7.4871e-04
7.0209e-04
1.0690e-03
1.2498e-03
1.1178e-03
6.0916e-04
-1.4109e-05
5.5607e-04
9.8882e-04
6.2542e-04
3.6025e-04
3.3285e-04
-5.0241e-04
-1.1259e-03
7.2821e-05
2.2845e-03
3.4725e-03
3.4079e-03
2.4765e-03
1.5183e-03
4.5495e-04
-6.5494e-04
-1.2107e-03
-1.6339e-03
-1.4593e-03
-1.0496e-03
-7.8140e-04
-6.2658e-04
-8.6762e-04
-4.8751e-05
5.4077e-04
-6.3414e-04
-1.1184e-03
-1.3300e-03
-2.0434e-03
-2.4577e-03
-2.8196e-03
-3.3045e-03
-3.6861e-03
-3.1718e-03
-1.0418e-03
1.0690e-03
2.0390e-03
9.6773e-04
-3.7527e-04
-4.9870e-04
5.5365e-04
9.2217e-04
8.6950e-04
1.4400e-03
1.5598e-03
7.2052e-04
-6.6057e-05
-1.7392e-04
-4.5163e-04
-1.4680e-03
-2.3677e-03
-1.6911e-03
-1.3948e-03
-1.4913e-03
-1.4079e-03
-1.8882e-03
-1.3405e-03
-5.1149e-04
-3.0686e-04
1.7330e-04
6.0412e-04
7.9847e-04
3.1356e-04
-4.2360e-04
8.6858e-05
3.2341e-04
2.9878e-04
3.0871e-04
-1.0297e-03
-2.6018e-03
-3.3511e-03
-2.1372e-03
-6.4854e-04
2.1055e-05
2.7280e-04
-7.0266e-04
-1.9450e-03
-1.9244e-03
-5.6365e-04
6.9655e-04
1.0422e-03
1.4838e-03
1.5567e-03
1.6273e-03
1.7486e-03
1.7886e-03
9.0431e-04
-1.2775e-03
-2.6633e-03
-3.5154e-03
-1.8707e-03
3.9389e-04
1.3653e-03
1.9983e-03
6.3585e-04
-8.9883e-04
-7.3474e-04
7.1417e-04
2.4746e-03
2.3966e-03
1.0531e-03
7.6301e-04
-4.8176e-05
-1.0803e-03
-1.0837e-03
1.7558e-03
3.1349e-03
3.1070e-03
3.9351e-03
4.3729e-03
3.9255e-03
1.8090e-03
-1.8474e-04
-8.6229e-04
-1.1843e-03
-2.0561e-03
-2.1666e-03
-1.9230e-03
-1.1058e-03
3.6972e-04
1.3224e-03
1.3851e-03
2.5166e-03
2.6107e-03
1.4474e-03
8.4791e-04
1.9850e-04
-6.5285e-04
-7.8433e-04
-3.2829e-04
-1.0858e-03
-2.2206e-03
-1.7744e-03
3.2507e-04
1.1298e-03
7.0083e-04
4.8570e-04
4.9178e-04
-1.3364e-04
-8.4276e-04
-4.1345e-04
8.4077e-04
3.9298e-04
2.0684e-06
1.1373e-03
1.6823e-03
2.2079e-03
3.1608e-03
3.8582e-03
3.6796e-03
1.9822e-03
6.1484e-04
-4.7058e-04
-1.2995e-03
-1.5653e-03
-1.2485e-03
-4.4047e-04
-6.2754e-04
-1.3455e-03
1.6236e-05
2.5000e-03
2.7792e-03
2.8077e-03
3.3700e-03
2.2638e-03
2.4018e-04
-5.4014e-04
1.4706e-04
2.6976e-04
-1.0173e-04
2.9616e-05
1.9941e-04
1.1412e-05
-7.3374e-04
-2.3982e-04
1.0401e-03
5.4732e-04
-1.2330e-03
-2.0131e-03
-1.7351e-03
-1.3253e-03
-1.0673e-03
-3.8909e-04
6.0260e-04
1.3203e-03
-7.8809e-04
-2.2335e-03
-2.1488e-03
-2.6106e-03
-2.6738e-03
-9.3118e-04
1.1941e-03
1.6306e-03
1.1332e-03
8.6137e-04
1.0038e-03
9.8473e-04
1.3548e-03
1.5012e-03
2.2214e-04
-8.1428e-04
-1.3525e-03
-1.3003e-03
-4.4027e-04
-3.7315e-04
-4.6435e-04
2.2892e-04
1.2003e-04
-8.0839e-04
-7.2890e-04
-8.2392e-04
-1.2587e-03
-1.3859e-03
-9.5386e-04
6.6278e-04
7.9235e-04
-1.6629e-04
4.6609e-05
4.3706e-04
2.1328e-04
-1.7565e-05
1.0590e-03
1.9572e-03
1.7047e-03
4.3653e-04
-8.1745e-04
-1.7858e-03
-2.7057e-03
-3.5373e-03
-3.5086e-03
-1.8949e-03
-1.5154e-03
-2.2424e-03
-2.1697e-03
-1.5528e-03
-1.2034e-03
-1.5428e-03
-2.1493e-03
-1.7606e-03
-8.6018e-04
-5.5807e-04
-3.3803e-04
-1.9546e-04
-6.0573e-04
-1.1479e-03
-1.1704e-03
-9.0835e-04
-1.7548e-03
-2.4629e-03
-2.2566e-03
-2.1347e-03
-2.4488e-03
-1.9438e-03
6.0045e-05
2.4104e-03
2.9640e-03
2.7390e-03
1.9725e-03
-2.1687e-05
-1.2715e-03
-9.3723e-05
6.4340e-04
8.9950e-04
1.4009e-03
5.6805e-04
-1.2036e-05
-3.5547e-04
-1.8502e-03
-2.3739e-03
-1.1060e-03
-5.6736e-04
-6.9172e-04
-1.5693e-03
-2.2555e-03
-2.9088e-03
-3.5396e-03
-2.2459e-03
-5.3829e-04
4.6538e-04
8.8552e-04
1.0397e-03
7.6833e-04
3.6778e-05
-2.5268e-04
5.8856e-04
2.0387e-03
2.7049e-03
3.2464e-03
2.4683e-03
1.7106e-03
1.4973e-03
1.0096e-03
6.9122e-04
8.9428e-04
8.3154e-04
-6.2460e-04
-1.7644e-03
-2.7114e-03
-3.0167e-03
-1.6634e-03
-5.6184e-04
-4.8296e-05
4.7799e-04
7.7717e-04
1.5891e-03
2.2400e-03
2.5483e-03
1.9273e-03
3.9714e-04
5.2772e-04
8.9638e-04
1.0331e-03
1.0675e-03
1.0237e-03
-1.6995e-04
-1.6044e-03
-2.0454e-03
-2.0674e-03
-1.7958e-03
-2.7910e-04
5.5205e-04
-2.1008e-04
-6.0900e-04
-7.5142e-04
-7.8318e-04
-4.2479e-04
1.1079e-04
1.1633e-03
2.2916e-03
2.6694e-03
2.0068e-03
1.5405e-03
1.4665e-03
1.3352e-03
7.0341e-04
-6.1324e-05
-6.8782e-04
-1.2646e-03
-1.6581e-03
-1.6056e-03
-8.6789e-04
-2.3655e-04
3.2909e-05
-4.0675e-04
-8.5534e-04
-9.2402e-04
-8.8055e-04
-6.0542e-05
3.0322e-04
1.9215e-04
1.5029e-04
5.7878e-04
9.7322e-04
9.4676e-04
5.5035e-04
2.1268e-04
9.4669e-05
1.0479e-03
1.5313e-03
1.2414e-03
5.7304e-04
1.7893e-04
-1.7069e-04
-7.2303e-04
-6.3782e-04
2.3114e-04
3.8008e-04
-4.0401e-04
-4.9238e-04
6.5685e-04
3.9927e-04
-6.1171e-04
-5.4592e-04
-4.2158e-04
-7.4989e-04
-9.8619e-04
-4.9855e-04
9.5375e-04
1.5937e-03
1.9109e-03
1.3257e-03
7.6875e-04
7.3907e-04
1.6496e-03
2.0742e-03
1.1934e-03
7.5840e-04
3.1438e-04
-3.4739e-04
-5.9893e-04
-5.5188e-04
-4.9175e-04
-8.1316e-05
5.7708e-04
-1.0223e-04
-1.6361e-04
7.5272e-04
1.0945e-03
1.4559e-03
1.4127e-03
5.4433e-04
1.2921e-04
-4.3576e-04
-3.0879e-04
5.4168e-04
8.4214e-04
7.3831e-04
1.5480e-04
-1.0582e-04
-4.7978e-04
-8.7028e-04
-1.4709e-04
7.9282e-04
8.5901e-04
4.5274e-05
-3.8549e-04
-6.5422e-04
-1.1563e-04
4.7802e-04
1.3132e-03
2.1548e-03
9.7310e-04
-5.6576e-04
-1.3942e-03
-2.2581e-03
-1.3785e-03
3.7261e-04
1.9988e-03
2.1976e-03
1.3475e-03
1.1957e-03
7.4666e-04
6.0784e-05
-4.5973e-04
-7.2294e-04
-2.6796e-04
-1.0296e-04
-6.9818e-04
-9.5933e-04
-2.9072e-04
5.2931e-04
9.2339e-04
1.4094e-03
1.9229e-03
1.6200e-03
2.5850e-04
-6.1180e-04
-1.1080e-03
-8.6027e-04
-2.8966e-04
2.5650e-05
1.1047e-04
-3.0268e-04
-1.0996e-03
-1.3501e-03
-9.0527e-05
1.5304e-03
2.2323e-03
1.4225e-03
-1.6385e-04
-8.2468e-04
-1.1812e-03
-1.2673e-03
-1.2972e-03
-1.1596e-03
-7.0373e-04
-4.4675e-04
-3.1045e-04
-9.0501e-05
1.3787e-04
3.0422e-04
-5.6914e-05
-5.3196e-04
-7.0116e-04
-8.6457e-04
-1.7251e-04
7.1158e-04
1.2878e-03
1.6021e-03
1.0839e-03
6.4034e-04
1.5910e-03
1.9630e-03
1.6324e-03
1.7952e-03
1.7542e-03
1.3929e-03
6.3058e-04
-4.1665e-04
-8.8012e-04
-9.6335e-04
-1.2290e-03
-8.4229e-04
-1.1520e-03
-1.8898e-03
-1.8566e-03
-1.2671e-03
-1.0877e-03
-1.2512e-03
-9.1012e-04
-1.7339e-05
1.1075e-03
2.0804e-03
2.5192e-03
2.3459e-03
1.2900e-03
2.3298e-04
-7.2201e-04
-1.5829e-03
-1.9400e-03
-1.0675e-03
-1.8380e-04
-3.0857e-04
-1.2428e-05
7.1817e-04
1.7052e-03
2.1635e-03
1.9278e-03
2.1383e-03
1.2053e-03
-4.6003e-04
-1.3847e-03
-2.0593e-03
-1.4882e-03
-4.1752e-04
1.7797e-04
5.5236e-04
3.4735e-04
-3.5273e-04
-3.2737e-04
-2.1272e-04
-3.0268e-04
-7.7379e-04
-7.4324e-04
-2.5363e-04
-1.1745e-03
-1.8923e-03
-2.1971e-03
-2.4028e-03
-1.7426e-03
-2.6271e-04
1.1250e-03
9.6422e-04
6.3556e-04
2.5121e-04
-4.7859e-04
-8.3601e-04
-6.2949e-04
1.4962e-05
3.5794e-04
1.2346e-04
-8.4808e-04
-1.3209e-03
-1.6684e-03
-1.2345e-03
-8.2682e-05
6.4063e-04
9.3027e-04
7.7200e-04
7.9949e-04
7.5612e-04
1.2712e-03
1.1693e-03
6.9150e-04
3.2088e-04
-4.6540e-04
-1.2590e-03
-1.6910e-03
-1.3298e-03
-1.3058e-03
-1.6984e-03
-1.2419e-03
2.4376e-04
6.5238e-04
2.8656e-04
8.2354e-05
-1.8943e-04
-8.8529e-04
-1.6048e-03
-6.4403e-04
1.0875e-04
-9.5876e-04
-1.2508e-03
-9.0353e-05
4.1660e-04
2.5906e-04
1.2630e-04
1.7508e-04
5.2537e-05
-7.8428e-05
-1.7213e-04
-6.1165e-04
-1.0449e-03
-3.2952e-04
-7.6399e-05
-5.3210e-04
-5.2628e-04
-3.2604e-04
-1.9050e-04
-1.0988e-03
-1.9691e-03
-1.8738e-03
-1.6160e-03
-1.7273e-03
-1.4072e-03
-9.0378e-04
-7.8886e-04
-8.3393e-04
-7.0575e-04
-7.4112e-04
-7.8736e-04
-8.7773e-04
-7.3550e-04
-9.9606e-05
3.7043e-04
7.4217e-04
7.3104e-04
6.7062e-05
-7.2427e-04
-1.3005e-03
-1.6777e-03
-1.4049e-03
-1.6553e-04
3.6605e-04
4.7843e-05
-4.6174e-04
-9.4145e-04
-1.5956e-03
-2.2272e-03
-2.5105e-03
-1.4155e-03
-5.5849e-04
-2.8572e-04
1.1256e-04
-4.2535e-04
-1.4293e-03
-1.6305e-03
-2.5590e-04
7.0218e-04
6.5749e-04
8.6604e-05
-2.5283e-04
1.7709e-04
-5.1006e-04
-1.1862e-03
-7.6385e-04
-2.9145e-04
-7.9780e-04
-5.5356e-04
6.7594e-04
1.1242e-03
9.3144e-04
1.1624e-03
1.4767e-03
1.4010e-03
1.1722e-03
9.3609e-04
-2.0905e-05
-6.8989e-04
-1.1524e-03
-1.6096e-03
-1.3187e-03
-8.1111e-04
-4.9559e-04
-9.0944e-05
3.8411e-04
8.0754e-04
8.9746e-04
5.1696e-04
2.0329e-04
-1.5910e-04
-4.3943e-04
-5.6312e-04
-6.5928e-04
5.0680e-05
8.1002e-04
1.1799e-03
1.2878e-03
1.5671e-03
2.0904e-03
2.8411e-03
1.6891e-03
6.6344e-04
6.7052e-04
3.1842e-04
-3.2752e-04
-3.6874e-04
2.7200e-04
5.8373e-04
9.1661e-04
1.2302e-03
1.3462e-03
1.2319e-03
1.1014e-03
8.8851e-04
5.3313e-04
4.6676e-04
1.1093e-03
1.2523e-03
1.2532e-03
1.0840e-03
1.5572e-04
-9.1171e-04
-7.3103e-04
3.5666e-04
-5.2362e-05
-1.0176e-04
4.3439e-04
7.6060e-04
9.5521e-04
1.1598e-03
1.3322e-03
1.2644e-03
1.0811e-03
4.6841e-04
-4.4788e-04
-9.1922e-04
-8.4197e-04
-1.3198e-04
6.7222e-04
9.3316e-04
6.0328e-04
2.5861e-04
3.6719e-04
8.7624e-04
9.6252e-04
1.0827e-03
1.0983e-03
7.8567e-04
1.2203e-04
-7.0117e-04
-2.3346e-04
4.0512e-04
3.7505e-04
5.1276e-04
2.9364e-04
-4.6898e-04
-4.5360e-04
1.0645e-04
8.4925e-05
-1.4262e-04
-1.5911e-04
-4.7332e-04
-8.4503e-04
-7.9716e-04
-4.8807e-04
-6.0723e-04
-4.7261e-04
1.6277e-04
5.3981e-04
7.5273e-04
9.8631e-04
1.4136e-03
1.3420e-03
4.2404e-04
-2.2931e-04
-1.2412e-04
1.3814e-04
1.0293e-04
9.7861e-05
-2.0369e-04
-8.3985e-04
-1.4095e-03
-1.8029e-03
-1.9186e-03
-1.7371e-03
-1.4922e-03
-1.2668e-03
-1.0339e-03
-6.5300e-04
-6.3521e-05
3.8573e-04
1.0450e-03
1.6584e-03
1.6894e-03
1.3475e-03
1.1717e-03
1.1005e-03
7.9137e-04
2.3385e-04
-6.2497e-05
4.2929e-05
-8.6076e-05
-6.8245e-04
-6.5940e-04
-3.1303e-05
1.7519e-04
2.5157e-04
5.3816e-04
5.9588e-04
1.3117e-04
-2.1838e-04
-1.5167e-04
1.8790e-04
2.6750e-04
3.9762e-04
5.7272e-04
5.9832e-04
5.3556e-04
4.3555e-04
8.4625e-04
1.0587e-03
8.7771e-04
5.3857e-04
2.4885e-04
-4.4556e-05
-3.9040e-04
-3.2198e-04
9.4377e-06
1.4572e-04
3.2498e-04
2.6012e-04
1.8900e-04
2.2682e-04
3.0529e-04
3.5387e-04
3.6381e-04
3.9114e-04
3.3847e-04
2.2259e-04
-1.1756e-05
-2.3929e-04
-2.4584e-04
-6.5755e-05
6.6695e-06
-2.0478e-04
-2.9357e-04
-1.4373e-04
-2.0558e-04
-3.8212e-04
-1.6637e-04
1.5338e-04
1.1861e-04
9.7002e-05
3.4777e-04
2.3636e-04
-1.4770e-04
-1.2646e-04
5.4024e-05
-8.1042e-05
-3.0467e-04
-3.6619e-04
-2.9437e-04
-2.8839e-04
-2.5320e-04
-1.0876e-04
1.4595e-05
3.8935e-05
-1.5776e-05
-5.9185e-05
-1.0609e-04
-1.5231e-04
-1.7856e-04
-1.9219e-04
-9.2837e-05
-1.8859e-05
1.5858e-05
6.7667e-05
8.5000e-05
7.3004e-05
1.2075e-05
-4.8365e-05
-9.0742e-05
-7.9983e-05
-7.7386e-05
-8.7748e-05
-6.3683e-05
-2.4277e-05
-6.5076e-05
-1.0558e-04
-6.3882e-05
-2.3150e-05
-4.2069e-05
-8.7331e-05
-1.1321e-04
-1.1713e-04
-1.0010e-04
-7.6279e-05
-3.4486e-05
9.2012e-06
3.4681e-05
3.3595e-05
1.7616e-05
-2.7255e-06
-1.5240e-05
-2.7018e-05
-3.8330e-05
-2.2587e-05
7.2803e-06
-8.5489e-06
-5.2265e-05
-5.5242e-05
-4.7556e-05
-5.5809e-05
-5.4588e-05
-4.3381e-05
-4.2637e-05
-5.3637e-05
-5.4932e-05
-4.0082e-05
-3.7845e-05
-4.8257e-05
-4.4348e-05
-3.1057e-05
-2.5896e-05
-2.3031e-05
-2.4810e-05
-2.6130e-05
-2.5437e-05
-3.0731e-05
-3.4259e-05
-2.7878e-05
-2.6739e-05
-2.9293e-05
-2.7610e-05
-2.7702e-05
-3.4405e-05
-3.8071e-05
-3.6741e-05
-3.4055e-05
-3.5527e-05
-3.6708e-05
-3.7161e-05
-3.9832e-05
-4.1956e-05
-4.2237e-05
-4.2663e-05
-4.3401e-05
-4.4471e-05
-4.5777e-05
-4.7088e-05
-4.8938e-05
-5.0334e-05
-5.0716e-05
-5.1790e-05
-5.3622e-05
-5.5012e-05
-5.6201e-05
-5.7553e-05
-5.9028e-05
-6.0537e-05
-6.2151e-05
-6.3872e-05
-6.5619e-05
-6.7408e-05
-6.9248e-05
-7.1133e-05
-7.3047e-05
-7.5003e-05
-7.7023e-05
-7.9086e-05
-8.1188e-05
-8.3326e-05
-8.5497e-05
-8.7705e-05
-8.9947e-05
-9.2223e-05
-9.4532e-05
