-2.2650e-04
-2.2794e-04
-2.2932e-04
-2.3046e-04
-2.3055e-04
-2.2926e-04
-2.3459e-04
-2.5370e-04
-2.7933e-04
-2.3497e-04
-1.7170e-04
-1.1188e-04
-2.3270e-04
-5.1265e-04
-5.8685e-04
-2.9751e-05
4.6990e-04
5.0128e-04
-1.8636e-04
-1.8032e-03
-1.3870e-03
6.0205e-04
2.7027e-03
2.7095e-03
-2.0311e-03
-3.8499e-03
-7.1361e-04
1.7748e-03
2.1110e-03
2.1572e-03
6.5661e-04
-3.5177e-03
-6.2904e-03
-3.7615e-03
-2.6889e-03
1.7356e-03
2.8082e-03
1.2191e-03
-5.6239e-04
-3.8531e-03
-3.1324e-03
-7.0941e-04
4.4335e-03
2.6444e-03
-4.3379e-03
-1.2401e-02
-1.5928e-02
-8.6856e-03
7.4136e-03
2.1393e-02
2.0588e-02
-3.8542e-03
-1.5561e-02
-2.3321e-02
-3.1370e-02
-2.5847e-02
-1.5348e-02
-8.7018e-03
-9.3151e-04
-1.3492e-03
8.4754e-03
2.4337e-02
2.4553e-02
1.1575e-02
1.1656e-02
1.2418e-02
-5.1055e-03
-1.9604e-02
-1.8547e-02
-1.7774e-02
-4.8104e-03
-6.5982e-04
-3.7087e-03
-5.8926e-03
-2.2833e-03
1.0461e-02
1.1270e-02
1.7715e-03
-2.4330e-03
-3.1143e-03
-1.0597e-02
-2.1233e-02
-2.5748e-02
-1.4285e-02
1.5013e-02
4.3991e-02
4.8271e-02
1.1828e-02
-1.1600e-02
-1.7490e-02
4.0247e-03
1.8318e-02
-2.1437e-02
-5.0832e-02
-4.9566e-02
-5.4729e-02
-3.8714e-02
1.4088e-02
3.5688e-02
5.2574e-02
4.3641e-02
1.7161e-02
2.2632e-03
-1.6334e-03
-3.3775e-03
2.8726e-03
-1.6226e-02
-3.2084e-02
-4.3314e-02
-1.6597e-02
1.5186e-02
2.8199e-04
-2.1177e-02
-2.2294e-02
-2.2562e-02
-2.1109e-02
-1.6940e-02
-2.6854e-02
-2.6506e-02
8.2375e-03
3.7736e-02
2.8738e-02
1.6744e-02
2.2776e-02
1.2566e-02
-3.4146e-03
-5.9452e-03
-1.4095e-02
-2.8846e-02
-3.1584e-02
-2.4656e-02
-7.8245e-03
9.4787e-03
1.4822e-02
-4.0595e-03
-1.2230e-02
-9.8688e-03
-6.0614e-03
-1.4728e-02
-1.9326e-02
-1.0161e-02
-1.7084e-03
7.2532e-04
-1.7768e-02
-3.1227e-02
-4.1891e-02
-2.0181e-02
-6.4139e-03
-1.9600e-03
3.6114e-04
-9.8226e-03
-1.2780e-02
-3.8066e-03
6.1005e-04
-3.5844e-03
-1.0538e-02
-2.1271e-02
-2.1323e-02
-1.6802e-02
-1.3054e-02
4.2415e-03
1.5717e-02
1.3127e-02
2.0446e-02
3.1750e-02
1.4223e-02
-1.0493e-02
-3.4029e-02
-6.9771e-02
-6.8484e-02
-5.1942e-02
-4.8324e-02
-5.6438e-02
-4.6894e-02
-1.4038e-02
-3.4006e-03
1.2021e-03
-2.6137e-03
-1.6855e-02
5.4803e-03
2.0495e-02
2.3048e-02
3.6777e-02
4.7556e-02
5.6525e-02
4.9694e-02
2.2114e-02
1.1149e-02
5.6280e-03
-9.2180e-03
-2.8864e-02
-4.3892e-02
-4.5002e-02
4.2371e-02
9.4898e-02
8.1257e-02
8.2642e-02
6.1556e-02
4.3635e-02
3.4472e-02
2.7527e-02
2.1346e-02
-5.3812e-03
-3.9389e-02
-5.9572e-02
-5.7876e-02
1.6006e-02
4.1856e-02
3.5297e-03
-3.8457e-02
-4.2174e-02
-6.5624e-02
-9.1052e-02
-9.7157e-02
-9.1300e-02
-8.8801e-02
-9.4665e-02
-8.9374e-02
-7.9598e-02
-7.5396e-02
-6.3692e-02
-3.7643e-02
-1.4888e-02
-7.4581e-03
-2.5261e-02
-3.3205e-02
-3.0278e-02
-3.7658e-02
-1.3425e-02
4.2419e-03
1.6134e-02
2.7712e-02
-1.9365e-02
-6.9788e-02
-8.0289e-02
-1.0795e-01
-1.1796e-01
-8.7649e-02
-7.4628e-02
-5.6178e-02
-3.2388e-02
-9.9451e-03
2.9723e-02
7.1656e-02
1.1187e-01
1.3841e-01
1.5045e-01
1.3415e-01
9.2803e-02
8.1462e-02
9.3557e-02
1.1933e-01
1.3086e-01
1.5190e-01
1.6563e-01
1.6489e-01
1.6195e-01
1.4454e-01
1.3571e-01
1.3115e-01
1.1289e-01
9.7821e-02
8.6705e-02
8.5934e-02
7.5310e-02
6.2454e-02
8.1271e-02
8.1817e-02
6.7770e-02
5.6617e-02
6.1154e-02
1.3191e-01
1.8712e-01
2.2452e-01
2.1879e-01
2.3618e-01
2.7885e-01
2.8768e-01
2.7700e-01
2.3515e-01
2.2256e-01
2.3291e-01
1.6412e-01
7.8645e-02
4.9912e-02
-1.0783e-02
-5.0569e-02
-1.0238e-01
-9.8047e-02
7.7127e-02
1.8514e-01
2.0868e-01
1.5961e-01
1.3576e-01
1.8964e-01
2.6605e-01
2.3783e-01
2.0472e-01
1.9273e-01
1.6466e-01
1.1860e-01
8.7097e-02
8.3696e-02
5.6615e-02
1.8161e-02
3.4787e-03
-2.3969e-02
-6.3485e-02
-7.4471e-02
-1.0734e-01
-1.1223e-01
-1.0390e-01
-1.5883e-01
-1.9944e-01
-2.3066e-01
-1.9702e-01
-1.0807e-01
-1.7258e-01
-1.9950e-01
-1.5562e-01
-1.3722e-01
-1.2447e-01
-1.1076e-01
-1.2878e-01
-1.4782e-01
-1.2105e-01
-1.3102e-01
-1.8687e-01
-2.1041e-01
-2.6163e-01
-3.1331e-01
-2.5046e-01
-2.1378e-01
-2.3942e-01
-3.1726e-01
-3.5178e-01
-3.3926e-01
-2.6058e-01
-1.5776e-01
-1.7155e-01
-1.5743e-01
-1.1091e-01
-8.5403e-02
-7.9897e-02
-1.1053e-01
-1.1334e-01
-1.1050e-01
-1.1656e-01
-8.7439e-02
-6.0524e-02
-4.1236e-02
8.1005e-03
1.9703e-02
-5.3082e-02
-9.4145e-02
-9.1703e-02
-4.9211e-02
6.4146e-03
4.7567e-02
5.7377e-02
6.0193e-02
2.0443e-02
1.6491e-02
3.6197e-02
1.6407e-02
-4.1962e-02
-9.7563e-02
-9.1634e-02
-6.4008e-02
-7.2980e-02
-9.9904e-02
-8.7725e-02
-4.7215e-02
-2.0414e-02
5.3835e-02
8.6091e-02
8.4604e-02
1.1156e-01
1.1450e-01
1.1488e-01
1.2938e-01
1.3662e-01
1.2802e-01
1.1548e-01
1.1453e-01
1.1193e-01
1.1230e-01
1.1249e-01
1.0125e-01
9.4060e-02
9.0453e-02
8.0814e-02
7.7633e-02
9.2495e-02
1.0364e-01
1.1762e-01
1.3076e-01
1.3458e-01
1.2364e-01
1.2123e-01
1.0997e-01
9.0292e-02
8.5127e-02
6.7818e-02
5.5331e-02
5.3975e-02
4.6675e-02
3.5519e-02
2.9108e-02
2.8138e-02
2.7518e-02
2.9797e-02
4.0955e-02
3.5083e-02
3.1954e-02
4.2739e-02
3.1056e-02
-1.8649e-02
-5.5444e-02
-7.7343e-02
-1.1082e-01
-1.0942e-01
-9.4294e-02
-8.6146e-02
-9.9283e-02
-1.2167e-01
-1.2665e-01
-1.4434e-01
-9.6981e-02
-6.7003e-02
-2.1281e-02
6.5419e-02
1.4115e-01
2.0621e-01
2.2611e-01
2.3243e-01
1.8211e-01
1.3309e-01
1.0309e-01
3.6826e-02
-8.6964e-03
-2.7417e-02
-5.4736e-02
-7.5587e-02
-8.0475e-02
-8.2042e-02
-9.5790e-02
-1.2937e-01
-1.6234e-01
-9.5600e-02
-7.5597e-02
-9.1716e-02
-8.9953e-02
-1.0956e-01
-1.4091e-01
-1.5593e-01
-1.4179e-01
-1.1619e-01
-1.0654e-01
-1.1064e-01
-6.3523e-02
4.4826e-02
1.6353e-01
1.8768e-01
2.1470e-01
2.6486e-01
2.1698e-01
7.8188e-02
7.7880e-02
3.7174e-02
-2.0326e-03
2.8535e-02
3.0936e-02
1.2895e-02
4.3047e-02
5.0446e-02
1.8242e-02
1.2274e-03
-4.5490e-02
-1.0540e-01
-1.0610e-01
-8.8079e-02
-9.6622e-02
-8.3374e-02
-1.0429e-01
-1.0501e-01
-6.1997e-02
-5.4014e-02
-9.0930e-02
-7.3267e-02
-6.4420e-02
-1.0047e-01
-1.1440e-01
-1.2788e-01
-1.3345e-01
-1.0397e-01
-1.0910e-01
-1.0247e-01
-6.4303e-02
-3.4374e-02
-8.2926e-03
9.2207e-03
-3.0762e-02
-6.4853e-02
-4.1688e-02
1.2208e-02
5.7035e-02
1.0933e-01
1.3512e-01
4.6349e-02
5.0960e-02
5.6552e-02
2.3941e-02
-4.9027e-02
-1.1726e-01
-1.2552e-01
-1.5733e-01
-1.6373e-01
-9.9744e-02
-1.0644e-01
-1.2946e-01
-6.5378e-02
-2.1180e-03
-1.3206e-02
4.1439e-02
1.0225e-01
-2.0934e-03
-7.2467e-02
-8.2897e-02
-1.2592e-01
-7.6399e-02
-2.2144e-02
-4.4178e-02
-4.6625e-02
-4.8155e-02
-5.2924e-02
-6.2479e-02
-2.0045e-02
2.0039e-02
-3.3814e-02
-6.3985e-02
-7.2390e-02
-1.4976e-01
-1.2145e-01
-5.5629e-02
-2.0181e-02
-1.5497e-02
-2.3446e-02
-3.4005e-02
-2.3761e-02
1.1358e-02
2.6466e-02
1.9793e-03
-8.1109e-03
2.6336e-02
5.1841e-02
7.7729e-02
1.0688e-01
1.1034e-01
8.1921e-02
6.0348e-02
6.6200e-02
5.2981e-02
4.2474e-02
4.8109e-02
6.0316e-02
8.2263e-02
1.0246e-01
1.2829e-01
1.5329e-01
1.5758e-01
1.6118e-01
1.6294e-01
1.5811e-01
1.4955e-01
1.3218e-01
9.9292e-02
7.0906e-02
3.5782e-02
1.8411e-02
2.1007e-02
1.1680e-02
-8.3697e-03
-8.8648e-03
2.5942e-02
2.6843e-02
2.1290e-02
4.1379e-02
5.7353e-02
5.4826e-02
2.1327e-02
1.2918e-02
3.7249e-02
3.3654e-02
-2.4936e-02
-1.4022e-01
-1.9826e-01
-9.6820e-02
1.3660e-01
2.5703e-02
-7.8142e-02
-2.1944e-02
6.0544e-04
-1.1672e-02
-3.3551e-02
-9.3948e-02
-1.6271e-01
-2.3925e-01
-2.4383e-01
-2.0760e-01
-2.2513e-01
-1.9603e-01
-9.0958e-02
-6.2477e-02
-1.1611e-01
-1.6679e-01
-1.1854e-01
-7.0255e-02
-3.4326e-02
3.6880e-02
1.1498e-01
2.0742e-01
3.3028e-01
4.0144e-01
3.0664e-01
2.0786e-01
2.1370e-01
1.5437e-01
8.4791e-02
2.3768e-02
-5.4094e-02
-8.2323e-02
-4.0346e-02
2.2392e-02
9.0431e-02
-1.1022e-01
-2.1209e-01
-2.1907e-01
-1.5683e-01
-1.7683e-01
-2.2948e-01
-1.9012e-01
-1.0894e-01
-1.1564e-01
-9.2481e-02
9.7245e-03
1.2575e-02
3.3535e-02
5.3675e-05
1.7055e-02
6.4455e-02
2.6275e-02
-7.6354e-03
-1.4909e-02
-4.4133e-02
-5.7457e-02
-6.0706e-02
-6.5835e-02
6.1101e-02
1.9796e-01
1.8640e-01
1.5597e-01
6.4421e-02
1.9748e-02
-5.8425e-03
-4.5484e-02
-6.6715e-02
-8.4423e-02
-1.0822e-01
-1.2456e-01
-1.2935e-01
-1.2966e-01
-1.0947e-01
-6.7889e-02
-3.5505e-02
-3.0000e-02
-5.1970e-02
-9.5571e-02
-1.5746e-01
-2.2221e-01
-7.0694e-02
2.8259e-02
-3.5965e-02
-2.0964e-02
3.9499e-02
4.3698e-02
5.1802e-02
1.0364e-01
8.0174e-02
-9.0723e-03
-1.0885e-03
5.2171e-02
2.7890e-02
-7.9594e-02
-1.0239e-01
-1.6486e-01
-2.1052e-01
-6.8388e-02
2.0751e-01
9.6435e-02
-1.0964e-02
6.4878e-02
5.6407e-02
4.7538e-02
7.1535e-02
8.3634e-02
9.5987e-02
1.2920e-01
1.6772e-01
1.6891e-01
1.5302e-01
1.2910e-01
5.6834e-02
5.0204e-02
3.9456e-02
4.1285e-04
-6.2448e-02
-7.5650e-02
-5.9356e-02
-6.0973e-02
-1.0684e-01
-1.3781e-01
-1.3333e-01
-1.4108e-01
-1.6501e-01
-1.7576e-01
-1.6336e-01
-9.9789e-02
5.2974e-03
1.4327e-02
4.3119e-02
1.7243e-01
3.6973e-01
4.7259e-01
3.9311e-01
3.5004e-01
3.2219e-01
2.2435e-01
1.6966e-01
1.5793e-01
1.1009e-01
4.5988e-02
1.8073e-02
-5.3323e-03
-1.9679e-02
-1.1749e-02
8.3553e-03
-1.6120e-02
6.9802e-03
4.7190e-02
5.6793e-02
1.9537e-02
-6.8508e-02
-1.4952e-01
-1.6411e-01
-1.4857e-01
-1.6495e-01
-1.1498e-01
-1.0247e-01
-1.8267e-01
-2.3593e-01
-2.4842e-01
-1.9840e-01
-1.3211e-01
-1.4232e-01
-1.5938e-01
-1.6974e-01
-2.1209e-01
-2.0972e-01
-1.0594e-01
-1.0414e-01
-9.1951e-02
7.0394e-03
1.7051e-01
5.3416e-01
6.1538e-01
5.1526e-01
4.5315e-01
3.0557e-01
2.2171e-01
2.3770e-01
2.7967e-01
2.3283e-01
5.5030e-02
-8.7868e-02
-1.7882e-02
1.2210e-01
1.2179e-01
6.7822e-02
5.8415e-02
4.2242e-02
-3.0570e-02
-3.3378e-02
1.9466e-02
1.2463e-02
-5.8961e-02
-1.1725e-01
-1.7896e-01
-2.5490e-01
-2.8050e-01
-3.1151e-01
-2.3999e-01
-1.1833e-01
-1.5220e-01
-1.8657e-01
-1.0098e-01
1.5217e-02
8.3746e-02
1.0735e-01
8.5309e-02
8.5781e-03
6.0000e-02
1.5176e-01
1.5410e-01
1.4797e-01
1.5169e-01
2.3739e-01
3.2377e-01
4.2826e-01
4.2155e-01
3.0195e-01
2.2546e-01
9.6383e-02
9.4097e-02
1.0567e-01
9.3728e-02
7.7478e-02
6.4493e-02
4.2708e-02
4.8278e-03
-1.4498e-02
-7.2596e-02
-1.1299e-01
-3.3414e-02
1.1837e-02
-2.9869e-02
-6.8545e-02
4.4326e-02
1.6681e-01
2.2399e-01
2.9794e-01
2.4666e-01
1.2115e-01
-7.9384e-02
-1.7835e-01
-2.6202e-01
-2.7162e-01
-1.2631e-01
-1.0666e-01
-2.5343e-01
-3.3315e-01
-3.7607e-01
-4.8018e-01
-4.7784e-01
-1.6099e-01
-4.3379e-02
8.0218e-02
2.5143e-01
9.2895e-02
5.5370e-02
1.0224e-01
5.2909e-02
1.2141e-02
-1.0295e-02
-2.1099e-02
-3.2295e-02
-3.2411e-02
-4.7319e-02
-5.7665e-02
-1.6968e-02
5.2810e-02
3.8740e-02
-8.8857e-03
-3.3527e-02
-1.6540e-02
1.3152e-01
1.4922e-01
1.6061e-01
2.0120e-01
1.6863e-01
9.7910e-02
3.4702e-02
-4.8935e-02
-1.5414e-01
-1.4167e-01
-1.5634e-02
-6.0799e-04
-5.4480e-02
-2.3153e-02
-8.3500e-03
3.0722e-02
6.4184e-02
6.4202e-02
2.8719e-02
2.8928e-02
2.2125e-02
-2.5402e-02
-4.7422e-02
2.2348e-02
1.4676e-01
2.3179e-01
1.2148e-01
-3.8446e-02
-5.5454e-03
-1.8254e-02
-6.0281e-02
-3.6493e-02
-4.6649e-02
-6.8886e-02
-7.1499e-02
-9.8463e-02
-1.0609e-01
-1.0954e-01
-1.2684e-01
-1.1350e-01
-6.6080e-02
3.4057e-02
8.5005e-02
1.8915e-01
2.1913e-01
2.2194e-01
2.3886e-01
2.2775e-01
1.4120e-01
5.1021e-02
-2.7772e-02
-1.3305e-01
-1.5352e-01
-1.5431e-01
-1.6588e-01
-1.8852e-01
-1.9534e-01
-1.6963e-01
-1.5853e-01
-1.6365e-01
-1.4838e-01
-1.4714e-01
-1.4975e-01
-9.9700e-02
-3.7462e-02
6.2172e-03
2.7146e-02
6.7222e-02
9.0465e-02
1.0135e-01
1.0184e-01
7.5087e-02
2.0946e-02
-1.8970e-02
-4.7215e-02
-4.9668e-02
-3.7041e-02
-4.0743e-02
-5.1594e-02
-6.9088e-02
-8.3079e-02
-6.3678e-02
-1.5248e-02
5.9782e-03
2.3044e-02
5.6287e-02
7.9552e-02
8.4068e-02
8.5297e-02
8.6386e-02
8.5724e-02
8.3163e-02
6.8107e-02
4.2279e-02
1.5924e-02
-3.5531e-03
-3.0714e-02
-4.2436e-02
-5.4812e-02
-6.6753e-02
-7.5348e-02
-8.3462e-02
-8.4387e-02
-8.3905e-02
-9.7238e-02
-1.0416e-01
-8.0744e-02
-3.3049e-02
7.9520e-03
3.7237e-02
7.6793e-02
1.3662e-01
1.7706e-01
1.4410e-01
1.0247e-01
7.8130e-02
4.5545e-02
2.8329e-02
1.1329e-02
-1.3795e-02
-6.1163e-02
-9.1101e-02
-9.5959e-02
-9.6941e-02
-8.7427e-02
-8.3482e-02
-5.0017e-02
-2.0018e-02
-2.1066e-02
-1.9758e-02
-6.5800e-03
1.0826e-02
2.4699e-02
2.7044e-02
2.6804e-02
3.7796e-02
3.6265e-02
6.0736e-03
2.7843e-03
-1.0036e-02
-6.0600e-02
-6.2155e-02
-4.8217e-02
-4.9176e-02
-6.6056e-02
-8.1589e-02
-8.4088e-02
-6.7831e-02
-4.8388e-02
-7.2767e-04
6.3726e-03
3.4895e-02
8.2891e-02
8.9295e-02
9.9899e-02
1.0245e-01
9.2546e-02
8.3981e-02
6.9905e-02
5.5889e-02
3.7868e-02
1.5247e-02
1.2227e-02
1.0921e-02
1.7945e-03
-6.8479e-03
-2.7969e-02
-4.2361e-02
-4.4177e-02
-6.7036e-02
-7.5520e-02
-8.0801e-02
-8.3313e-02
-7.4118e-02
-7.1492e-02
-6.9973e-02
-5.5590e-02
-4.2488e-02
-3.6282e-02
-4.7737e-02
-7.3494e-02
-6.7244e-02
-2.1360e-02
4.3244e-04
1.1680e-02
-1.4298e-02
-5.0389e-02
-4.1782e-02
-3.5212e-02
1.2088e-03
2.8240e-02
3.5853e-02
5.6746e-02
5.2694e-02
1.7521e-02
2.4029e-02
3.3313e-02
2.4771e-02
4.7433e-03
-1.0980e-03
-1.2289e-02
-3.3792e-02
-3.9334e-02
-4.6111e-02
-6.0551e-02
-5.6983e-02
-5.2532e-02
-5.5623e-02
-6.9782e-02
-5.8096e-02
7.4085e-03
5.1764e-02
7.9614e-02
7.0245e-02
4.6020e-02
5.0897e-02
6.7353e-02
5.4878e-02
4.0858e-02
4.4309e-02
5.3837e-02
6.6373e-02
7.1800e-02
6.0434e-02
3.7198e-02
2.0449e-02
2.0465e-02
3.2079e-02
3.0217e-02
4.1859e-02
4.8717e-02
3.7539e-02
2.8569e-02
2.7413e-02
2.7432e-02
2.2506e-02
7.4873e-03
-9.5684e-03
-2.1681e-02
-3.1888e-02
-4.3901e-02
-5.6620e-02
-6.2640e-02
-6.2847e-02
-6.0980e-02
-4.9066e-02
-2.6364e-02
-1.6215e-02
-8.9553e-03
2.0833e-03
3.4819e-03
7.3204e-03
1.7262e-02
2.7828e-02
3.6905e-02
4.2653e-02
4.6271e-02
4.1068e-02
3.6234e-02
3.5612e-02
2.9469e-02
2.3714e-02
1.6888e-02
3.4431e-03
-6.0255e-03
-1.1619e-02
-1.9150e-02
-2.0449e-02
-1.7447e-02
-2.1554e-02
-2.8257e-02
-4.2544e-02
-5.6897e-02
-5.3442e-02
-4.8730e-02
-5.7167e-02
-5.2232e-02
-2.7946e-02
7.5121e-03
1.9877e-02
2.8313e-02
4.3809e-02
3.2878e-02
2.1615e-02
1.6559e-02
1.3031e-02
9.5139e-03
1.5369e-03
-1.4534e-02
-2.0854e-02
-2.2945e-02
-1.3898e-02
-2.8302e-03
-6.9672e-05
7.9797e-03
1.5123e-02
1.0665e-02
1.1279e-02
1.0249e-02
-1.6154e-03
-8.2594e-03
-7.0850e-03
-1.6742e-03
-5.3938e-03
-1.6451e-02
-3.2461e-02
-4.5801e-02
-5.0972e-02
-2.1251e-02
-6.6965e-03
-6.9535e-03
4.1093e-03
1.5253e-02
2.0775e-02
1.2112e-02
1.0426e-02
1.4831e-02
8.6288e-03
2.5411e-03
1.9152e-03
9.9642e-03
1.4755e-02
1.2291e-02
1.1937e-02
1.2272e-02
8.3370e-03
1.6698e-03
-2.8947e-03
-1.0788e-02
-1.5072e-02
-1.1287e-02
-7.7083e-03
-1.2692e-02
-8.3954e-03
3.4125e-03
6.4680e-03
3.8091e-03
2.1779e-03
5.8175e-03
6.8023e-03
1.4653e-04
-2.9269e-03
-5.7914e-03
-7.5646e-03
-3.7440e-03
-4.6508e-03
-5.7885e-03
-2.7727e-03
-4.0866e-03
-7.1344e-03
-7.9144e-03
-9.7985e-03
-1.2092e-02
-1.4048e-02
-1.6172e-02
-1.7333e-02
-1.2697e-02
-1.2098e-02
-8.9225e-03
-4.8302e-03
-9.8622e-03
-1.1242e-02
-8.1017e-03
-5.9188e-03
-2.7295e-05
8.8760e-03
1.4650e-02
1.6157e-02
1.8693e-02
2.3993e-02
2.7926e-02
2.9236e-02
2.1198e-02
5.7945e-03
-2.2006e-03
1.4507e-04
4.0374e-03
5.2677e-03
5.1467e-03
8.3236e-03
1.2166e-02
1.6622e-02
1.3039e-02
9.7440e-03
1.1126e-02
8.8666e-03
2.2514e-03
-5.1368e-03
-1.5558e-02
-1.7832e-02
-1.7645e-02
-1.5643e-02
-1.2155e-02
-1.2206e-02
-1.3452e-02
-1.6735e-02
-1.8317e-02
-1.6655e-02
-1.7739e-02
-1.3213e-02
5.1025e-05
1.6459e-02
2.1615e-02
1.6312e-02
1.4780e-02
1.4647e-02
1.9849e-02
2.5714e-02
2.2493e-02
9.9435e-03
6.2408e-03
7.2163e-03
4.6403e-03
6.0138e-03
7.1011e-03
4.3361e-03
3.2723e-03
2.4678e-03
9.1556e-04
2.3054e-03
3.2674e-03
2.5437e-03
1.0214e-03
2.0127e-04
1.9627e-03
8.2713e-03
1.5151e-02
2.1377e-02
2.3916e-03
-6.2626e-03
-5.0577e-03
-1.6542e-02
-1.9296e-02
-1.2499e-02
-1.5854e-02
-1.5824e-02
-9.8003e-03
-6.3185e-03
-8.5275e-04
7.2983e-04
1.3313e-05
5.7263e-03
1.1789e-02
2.2224e-02
2.9364e-02
2.7459e-02
2.4202e-02
1.9376e-02
1.4060e-02
1.2728e-02
1.4288e-02
1.3357e-02
9.9507e-03
8.0344e-03
6.2055e-03
3.3743e-03
3.3401e-03
5.5827e-03
5.0863e-03
3.9074e-04
-8.0575e-04
4.0469e-03
-5.6331e-05
6.7149e-04
5.7677e-03
1.6204e-03
-1.5841e-03
3.4470e-05
2.5993e-03
3.0630e-03
5.6609e-03
1.0407e-02
1.1249e-02
1.2279e-02
1.2522e-02
9.9894e-03
8.2297e-03
6.2213e-03
3.4963e-03
2.7123e-03
3.8175e-03
8.1388e-03
1.4366e-02
1.2455e-02
9.7575e-03
3.8170e-03
4.2992e-04
-4.9115e-03
-6.1397e-03
-3.4786e-03
-7.6864e-03
-7.5750e-03
-4.6704e-03
-4.5054e-03
9.5809e-05
6.1212e-03
3.4421e-03
-2.3095e-03
-4.1195e-03
-7.7895e-03
-8.6372e-03
-9.2635e-03
-1.3217e-02
-1.7448e-02
-1.6798e-02
-1.5041e-02
-9.6073e-03
-4.0015e-03
-4.8030e-03
2.2568e-03
1.3512e-02
1.7198e-02
1.2809e-02
7.1882e-03
6.3627e-03
6.8882e-03
4.4058e-03
-2.9778e-03
-9.3705e-03
-7.3534e-03
-6.1162e-03
2.2004e-03
5.3959e-04
-3.4885e-03
-6.8609e-03
-1.1756e-02
-1.6446e-02
-1.7225e-02
-1.6037e-02
-2.1130e-02
-2.4809e-02
-2.2285e-02
-2.2618e-02
-2.4204e-02
-2.3358e-02
-2.0409e-02
-1.3921e-02
-3.4823e-03
-2.1002e-03
-6.8529e-03
-1.6859e-04
6.3597e-03
7.3227e-03
8.4089e-03
3.5623e-03
-1.0629e-02
-1.3995e-02
-1.2104e-02
-1.1447e-02
-7.7840e-03
-1.1084e-02
-1.3966e-02
-1.5271e-02
-1.9243e-02
-1.9533e-02
-7.6004e-03
-5.3921e-03
-1.6185e-02
-2.1285e-02
-2.4495e-02
-2.3137e-02
-1.6158e-02
-7.7571e-03
-4.8387e-03
-1.2580e-03
4.1995e-03
3.6099e-03
-3.9044e-05
-6.7035e-04
-6.9397e-04
1.3717e-04
-4.3967e-03
-1.1138e-02
-1.4191e-02
-1.3894e-02
-6.4576e-03
1.9189e-04
-1.9460e-04
-3.5872e-03
-2.2006e-03
4.9412e-04
1.1148e-03
-6.4210e-04
-4.2769e-04
1.9441e-03
2.7242e-03
1.6721e-03
8.0399e-05
-6.3446e-04
-1.4914e-03
-4.9301e-03
-6.8626e-03
-3.4710e-03
-3.7219e-03
-5.5542e-03
1.4522e-04
2.0476e-03
1.1814e-03
-3.2218e-03
-1.2410e-02
-1.0261e-02
-8.2951e-03
-7.5241e-03
-2.5128e-03
-2.9530e-03
-4.6477e-03
-1.4070e-03
8.1153e-04
2.1704e-03
5.0057e-03
1.6419e-03
-2.2095e-03
-3.2705e-03
-1.6765e-03
-1.2295e-03
1.7242e-03
9.1526e-04
-7.1328e-03
-1.3866e-03
-1.8999e-03
-1.9019e-03
1.5602e-04
-4.9111e-03
-7.8216e-03
-9.2350e-03
-9.5136e-03
-6.4852e-03
-5.4115e-03
-5.7454e-03
-5.5408e-03
-5.8468e-03
9.0775e-04
4.3719e-03
-2.1276e-03
-6.7234e-04
1.1759e-03
-1.6775e-04
4.2509e-04
9.2531e-04
5.5787e-04
-7.0325e-04
-1.9670e-03
-2.9847e-03
-4.0493e-03
-2.2279e-03
3.2092e-05
4.0364e-04
-1.1115e-03
-6.1062e-04
1.8690e-03
2.4859e-03
1.7857e-03
1.3372e-03
3.0553e-03
4.1475e-03
4.7433e-03
5.1679e-03
3.9447e-03
3.9173e-03
4.4025e-03
3.7024e-03
3.1298e-03
2.9331e-03
2.8374e-03
3.5780e-03
-2.1649e-03
-8.9040e-03
-1.0881e-02
-9.9483e-03
-7.7572e-03
-3.2971e-03
1.4841e-03
4.5024e-03
8.6468e-03
1.0888e-02
1.6705e-02
2.0648e-02
2.0566e-02
1.2614e-02
9.5519e-03
8.0454e-03
7.5138e-03
8.5464e-03
8.5512e-03
9.3687e-03
8.6366e-03
4.6795e-03
4.2001e-03
6.6482e-03
6.6026e-03
5.4194e-03
2.0582e-03
-7.0814e-05
8.3923e-04
-2.3963e-04
-2.3852e-03
4.0502e-03
8.0334e-03
1.1000e-02
1.7893e-02
2.3452e-02
2.6430e-02
2.5693e-02
2.0085e-02
1.3076e-02
3.5747e-03
1.7124e-03
-2.4758e-03
-2.1764e-03
-1.6829e-03
-2.0414e-03
-1.2220e-03
-5.8163e-04
3.5181e-03
5.6362e-03
7.9980e-03
8.2288e-03
4.3011e-03
3.6663e-03
3.4149e-03
1.4398e-03
3.5456e-04
8.9847e-05
3.6573e-03
6.5033e-03
8.5542e-03
1.1109e-02
5.7842e-03
-7.2175e-04
-1.6639e-03
-2.1008e-03
-3.2392e-03
-1.2085e-03
-2.3020e-03
-4.9331e-03
-3.3807e-03
-1.0046e-03
-6.2673e-04
9.8457e-04
3.1162e-03
4.5415e-03
3.9038e-03
2.1117e-03
-3.5749e-04
-2.6519e-03
-6.1833e-03
-9.4714e-03
-1.1529e-02
-1.3672e-02
-1.4092e-02
-1.4534e-02
-1.5444e-02
-1.5787e-02
-1.4748e-02
-1.2502e-02
-9.3141e-03
-8.7224e-04
5.3546e-03
1.1004e-02
1.6017e-02
1.5272e-02
1.3768e-02
1.1954e-02
1.0630e-02
6.6229e-03
1.3912e-03
-2.3610e-03
-6.2611e-03
-2.0147e-03
3.6108e-03
1.9227e-03
4.6096e-03
7.6868e-03
5.3814e-03
9.0514e-04
-6.1695e-03
-1.4600e-02
-1.4443e-02
-1.2684e-02
-9.9546e-03
-1.3464e-02
-1.3103e-02
-1.1716e-02
-5.7646e-03
-7.7386e-04
-7.5256e-04
-7.8103e-04
-2.4662e-03
-5.4849e-03
-6.9438e-03
-5.4712e-03
-5.6050e-03
-7.4887e-03
-5.4964e-03
-2.2266e-03
-1.5683e-03
-3.0651e-03
-3.5546e-03
-2.8905e-03
-3.0827e-03
-5.9475e-03
-7.5111e-03
-7.7606e-03
-4.4741e-03
-2.4584e-03
-3.4863e-03
-3.1503e-03
-2.2161e-03
-6.9534e-04
7.9745e-04
2.3637e-03
5.9009e-03
7.4787e-03
8.1261e-03
1.0143e-02
9.8272e-03
7.2501e-03
7.7481e-03
8.9642e-03
8.5119e-03
8.9700e-03
9.5563e-03
8.4942e-03
7.1571e-03
6.8246e-03
8.7821e-03
1.0535e-02
1.1034e-02
6.0751e-03
-1.4898e-03
-7.9343e-03
-1.2607e-02
-1.0792e-02
-7.4971e-03
-6.5053e-03
-6.0935e-03
-4.8521e-03
1.6308e-04
5.1231e-03
7.7803e-03
4.8168e-03
2.5554e-03
-3.8050e-03
-1.3869e-02
-1.3600e-02
-1.1071e-02
-8.1780e-03
-7.9137e-03
-8.3274e-03
-3.6641e-03
-1.6879e-03
-4.3064e-05
6.4889e-04
-1.3413e-03
1.7022e-04
-1.3504e-03
-4.7963e-03
-1.8604e-03
1.2808e-03
9.6221e-04
-1.8653e-03
-3.0265e-03
-9.9150e-04
7.0738e-05
-2.7338e-03
-4.5197e-03
-2.8954e-03
-2.2383e-03
-3.2559e-03
-3.9637e-03
-3.0567e-03
-2.1984e-03
-1.7301e-03
-8.5366e-04
-4.8934e-04
-2.1970e-03
-2.8358e-03
2.4362e-03
8.9781e-03
6.8791e-03
1.4406e-03
5.6314e-03
9.7197e-03
7.3864e-03
3.5144e-03
2.9443e-03
7.0187e-03
9.1240e-03
8.3981e-03
4.8545e-03
9.3230e-04
-9.7178e-04
3.6566e-03
8.2268e-03
6.3478e-03
6.6830e-04
-2.1672e-03
-5.5319e-03
-1.4310e-03
4.6437e-03
3.1341e-04
4.8147e-04
4.2225e-03
6.7477e-03
8.9402e-03
1.2456e-02
1.5123e-02
1.0412e-02
-1.4762e-04
-3.4160e-03
4.9892e-03
3.8858e-03
-3.0676e-03
-3.1220e-03
1.8487e-03
5.8509e-03
1.0473e-02
9.9168e-03
2.8501e-03
3.1328e-03
1.1991e-03
1.5089e-03
1.2233e-03
-6.8750e-03
-1.1645e-02
-1.0418e-02
-2.1058e-03
5.0263e-03
-1.5348e-03
-6.3341e-03
-4.4446e-03
-2.6588e-03
-3.2588e-03
-2.4262e-03
-4.1461e-03
-6.3621e-03
-7.4979e-03
-7.6191e-03
-3.0912e-03
-3.0134e-04
-2.5131e-04
9.4413e-04
4.8931e-03
7.2869e-03
1.1188e-02
1.1189e-02
4.7148e-03
3.3745e-04
-3.0432e-03
-4.4692e-03
-6.4142e-03
-8.6374e-03
-9.9784e-03
-1.0049e-02
-6.5920e-03
-4.4266e-03
-4.7227e-03
-6.0127e-03
-4.8985e-03
-9.4570e-04
1.6156e-03
5.1584e-03
1.2140e-02
1.6010e-02
1.5906e-02
1.7541e-02
1.9297e-02
1.8469e-02
1.5544e-02
1.0965e-02
5.6559e-03
9.4863e-04
-4.3833e-03
-5.9560e-03
-8.3210e-04
-1.3951e-03
-5.2764e-03
-5.3256e-03
-5.1181e-03
-2.3009e-03
3.0626e-03
5.8613e-03
1.7366e-03
-1.3776e-03
-2.3742e-03
-1.2472e-03
6.0260e-04
-2.4885e-04
3.1006e-04
2.5357e-03
5.2365e-03
5.4962e-03
5.8933e-03
6.7539e-03
7.0027e-03
8.5088e-03
1.0477e-02
1.1826e-02
1.3740e-02
1.5694e-02
1.5084e-02
1.1306e-02
7.7211e-03
5.9692e-03
3.4945e-03
-1.3182e-03
-7.6521e-03
-1.0763e-02
-7.5765e-03
-6.8695e-03
-6.6246e-03
-4.4552e-03
-3.1708e-03
-1.9744e-03
-4.7814e-04
8.3598e-04
7.0079e-05
-4.1657e-03
-7.5660e-03
-1.6394e-02
-1.6326e-02
-1.6253e-02
-1.7685e-02
-1.4086e-02
-1.3770e-02
-1.2936e-02
-1.1784e-02
-1.1332e-02
-5.3897e-03
-8.5465e-05
7.2704e-03
1.5498e-02
2.0788e-02
2.0001e-02
2.1516e-02
2.6355e-02
2.4956e-02
1.4523e-02
1.1755e-03
-1.0245e-02
-1.8533e-02
-2.3612e-02
-2.1679e-02
-2.2976e-02
-2.2238e-02
-1.3754e-02
-1.0277e-02
-1.0572e-02
-4.0620e-03
2.2697e-03
4.9838e-03
8.8166e-03
8.9350e-03
4.2863e-03
3.8101e-03
6.5497e-03
4.0552e-03
-1.0535e-03
-3.1835e-03
-5.5967e-03
-3.7824e-03
-2.0272e-04
-1.0848e-03
-4.9143e-03
-1.0855e-02
-1.0552e-02
-9.5617e-03
-8.1822e-03
-5.0202e-03
-1.6451e-03
3.1925e-04
2.8313e-03
4.8616e-03
4.8059e-03
7.7573e-03
1.2324e-02
1.6505e-02
1.6968e-02
1.2348e-02
7.8251e-03
4.2090e-03
4.6158e-04
-1.8526e-03
-2.9569e-03
-5.1102e-03
-8.4796e-03
-1.1610e-02
-1.2505e-02
-1.3848e-02
-1.4677e-02
-1.1040e-02
-5.9780e-03
-3.1352e-03
9.7593e-04
5.4880e-03
7.3693e-03
6.9634e-03
8.2992e-03
8.9122e-03
6.4722e-03
3.0518e-03
1.8473e-03
5.6483e-03
7.3100e-03
4.0943e-03
4.0335e-04
-1.6323e-03
-1.8595e-03
-1.3424e-03
-4.6295e-03
-9.5629e-03
-1.1466e-02
-8.9114e-03
-3.9739e-03
-8.6268e-05
1.5877e-03
-4.8088e-03
-6.4643e-03
-7.0409e-03
-7.4379e-03
-2.0331e-03
-5.7194e-04
9.6421e-04
4.6384e-03
7.5824e-03
9.9111e-03
8.7687e-03
7.0648e-03
4.3641e-03
-3.3212e-03
-5.6716e-03
-6.8078e-03
-1.0903e-02
-1.2496e-02
-1.0831e-02
-1.0695e-02
-1.0387e-02
-7.2428e-03
-4.5997e-03
-2.4688e-03
2.1162e-03
7.5568e-03
1.1788e-02
1.1390e-02
7.9881e-03
8.3430e-03
8.5615e-03
1.3167e-02
1.1534e-02
5.6234e-03
-1.0291e-02
-1.3165e-02
-8.4574e-03
-8.2406e-03
-1.0219e-02
-1.1542e-02
-1.2084e-02
-1.1332e-02
-4.7651e-03
-2.7072e-04
-3.9865e-03
-7.0421e-03
-7.6386e-03
-4.0933e-03
5.8946e-03
7.1608e-03
3.6848e-03
5.1961e-03
6.3476e-03
7.2082e-03
8.1574e-03
9.3855e-03
1.0668e-02
1.1366e-02
8.7061e-03
6.7563e-03
5.4593e-03
5.3173e-03
7.7919e-03
4.7218e-03
1.5465e-03
5.8634e-04
-2.2279e-03
-5.0322e-03
-7.4339e-03
-1.0409e-02
-1.3578e-02
-1.7485e-02
-2.0246e-02
-1.5490e-02
-1.0925e-02
-5.3847e-03
3.7687e-03
1.2141e-02
1.5286e-02
1.5793e-02
1.6404e-02
1.6260e-02
1.2254e-02
3.8432e-03
4.1895e-03
3.7617e-03
1.8090e-04
-1.0440e-03
-5.2111e-03
-8.8525e-03
-6.2384e-03
-4.8560e-03
-5.8510e-03
-6.5920e-03
-4.4414e-03
1.2036e-03
4.9690e-03
7.7540e-03
4.1441e-03
1.0624e-04
-2.8411e-03
-4.7085e-03
-3.4291e-03
-5.0455e-03
-8.9053e-03
-1.0679e-02
-8.8690e-03
-5.4448e-03
-4.2602e-03
-3.2239e-03
-4.7677e-03
-2.7894e-03
2.1267e-03
3.8720e-03
5.9682e-03
5.3718e-03
5.0535e-03
6.2019e-03
6.5476e-03
3.2976e-03
1.0650e-04
-1.6990e-03
4.2675e-04
5.6280e-03
7.6737e-03
8.5500e-03
9.7820e-03
1.1193e-02
1.1169e-02
1.1514e-02
1.2626e-02
1.0760e-02
6.9849e-03
4.7948e-03
1.1821e-03
-1.3085e-03
-1.2759e-03
-2.6159e-03
-3.7844e-03
-4.2734e-03
-5.0170e-03
-4.3149e-03
-3.1786e-03
-4.4313e-03
-5.3951e-03
-3.7043e-03
-9.9365e-04
1.4892e-05
1.0117e-03
2.7009e-03
5.5345e-03
8.3332e-03
9.7219e-03
1.1210e-02
1.3012e-02
1.2809e-02
1.0658e-02
8.7495e-03
6.6037e-03
3.4032e-03
6.9047e-04
-8.6151e-04
1.8786e-03
3.0488e-03
6.9419e-04
1.6063e-03
5.8593e-03
6.9964e-03
6.7474e-03
4.6133e-03
2.8451e-03
8.9211e-04
-3.0236e-03
-5.8285e-03
-3.3422e-03
-7.3113e-04
2.5386e-04
3.7273e-03
6.2667e-03
7.0609e-03
9.1014e-03
1.0872e-02
9.8038e-03
6.8257e-03
5.8969e-03
7.9263e-03
1.1783e-02
1.3431e-02
9.4091e-03
1.7672e-03
-8.3767e-04
3.2840e-03
4.7221e-03
5.2458e-03
5.4253e-03
3.8159e-03
2.3400e-03
-1.2962e-03
-3.2816e-03
-3.0932e-03
-4.4604e-03
-5.4976e-03
-4.0100e-03
1.6879e-03
4.9438e-03
6.5350e-03
1.0068e-02
1.3111e-02
1.2764e-02
8.0752e-03
5.7799e-03
1.6194e-03
-5.1120e-03
-1.0018e-02
-1.4162e-02
-9.0248e-03
-5.4332e-03
-1.0014e-02
-9.5365e-03
-5.1949e-03
-2.8743e-03
-1.3870e-03
4.2485e-04
2.3587e-03
2.3278e-03
8.9791e-05
-3.0177e-04
1.4872e-03
2.5573e-03
1.8244e-03
5.6105e-04
2.7950e-04
3.1611e-04
1.7781e-03
-2.1600e-04
-4.7746e-03
-5.6412e-03
-7.1213e-03
-9.6015e-03
-8.6869e-03
-8.5257e-03
-1.0305e-02
-8.8208e-03
-7.1597e-03
-5.7440e-03
-2.2273e-03
1.6077e-03
5.7441e-03
5.8352e-03
5.2304e-03
3.6701e-03
6.0497e-04
-2.2977e-03
-5.2335e-03
-4.1626e-03
8.5468e-04
8.4064e-04
-1.7930e-03
-1.7424e-03
-3.6293e-04
7.2184e-04
1.3068e-03
1.3650e-03
1.2553e-03
2.0639e-03
3.1666e-03
3.3873e-03
1.1693e-03
-8.0914e-04
-2.1137e-03
-3.2139e-03
-3.5732e-03
-4.4044e-03
-5.3277e-03
-6.3633e-03
-7.3014e-03
-8.3109e-03
-7.6985e-03
-5.5460e-03
-6.9797e-03
-1.0625e-02
-1.2034e-02
-1.2779e-02
-8.2707e-03
-4.9137e-03
-2.6305e-03
-7.1901e-04
4.6323e-04
2.3981e-03
5.5010e-03
6.1667e-03
1.8807e-03
-1.9363e-04
-3.1052e-03
-5.6800e-03
-3.4266e-03
-2.9462e-03
-4.8307e-03
-7.1885e-03
-8.4531e-03
-1.0338e-02
-7.5969e-03
-1.6690e-03
-1.3007e-03
-3.4148e-03
-2.5488e-03
-1.5103e-03
-1.4492e-03
-2.4493e-03
-5.5541e-03
-7.6111e-03
-9.8120e-03
-1.2649e-02
-1.4374e-02
-9.9257e-03
-5.9205e-03
-4.9575e-03
-4.3301e-03
-2.7275e-03
-1.4717e-03
2.1985e-03
6.4976e-03
6.8729e-03
4.6296e-03
4.9024e-03
6.4341e-03
8.5439e-03
9.8105e-03
1.1016e-02
1.1172e-02
9.9200e-03
8.0558e-03
2.6412e-03
-6.3237e-04
-3.8379e-03
-9.9593e-03
-1.4697e-02
-1.6772e-02
-2.0089e-02
-2.2919e-02
-2.3159e-02
-2.1853e-02
-1.7807e-02
-9.7225e-03
-5.1996e-03
-2.0960e-03
2.2414e-03
5.3571e-03
8.5068e-03
1.1204e-02
9.8556e-03
9.9184e-03
1.1688e-02
1.0449e-02
8.4637e-03
7.8398e-03
5.6348e-03
3.2672e-03
1.4582e-03
-4.0039e-04
4.3254e-05
1.2936e-04
-3.0490e-04
-1.8222e-04
-4.5339e-04
-7.0613e-04
-7.9468e-04
-1.9140e-04
5.3309e-04
1.3196e-03
3.1655e-03
4.7027e-03
5.8467e-03
4.5214e-03
2.6242e-03
1.6763e-03
7.6315e-05
-5.0518e-04
-9.5808e-04
-1.8920e-03
-2.4215e-03
-2.7221e-03
-5.4912e-04
2.5196e-03
4.1696e-03
5.3834e-03
7.1083e-03
7.9495e-03
6.7405e-03
3.8133e-03
2.1013e-03
5.4060e-04
-1.3494e-03
3.3046e-04
1.2114e-03
-2.0345e-04
2.7399e-04
1.4601e-03
1.8294e-03
2.3333e-03
2.2502e-03
1.7878e-03
2.4228e-03
2.7769e-03
2.3704e-03
1.4711e-03
9.3686e-04
1.0598e-03
1.9655e-03
2.3345e-03
2.8937e-03
3.6764e-03
4.3017e-03
4.7609e-03
4.0009e-03
3.4729e-03
3.2188e-03
3.1035e-03
3.4000e-03
3.4314e-03
3.9636e-03
5.5204e-03
6.6315e-03
7.7246e-03
8.3577e-03
7.0396e-03
6.4207e-03
6.1590e-03
6.9625e-03
7.3945e-03
5.8904e-03
5.1662e-03
4.6857e-03
4.2238e-03
4.7572e-03
4.8305e-03
3.7539e-03
1.6046e-05
-2.0611e-03
-7.0908e-04
2.3033e-04
4.3843e-04
2.6011e-04
-2.4401e-03
-4.0413e-03
-4.6117e-03
-4.6095e-03
-1.3167e-03
1.3439e-03
2.2481e-03
2.0081e-03
2.7891e-03
4.4576e-03
5.4389e-03
6.1118e-03
4.5091e-03
2.8881e-03
2.6495e-03
6.0905e-03
7.9227e-03
7.2876e-03
8.6763e-03
9.2594e-03
3.9044e-03
-1.2458e-03
-1.6935e-03
-4.5631e-03
-9.3908e-03
-1.4562e-02
-1.8249e-02
-1.4671e-02
-1.1700e-02
-1.3710e-02
-1.2013e-02
-7.3483e-03
-3.0400e-04
3.6649e-03
6.0403e-03
8.3961e-03
9.8001e-03
1.1378e-02
1.1535e-02
8.3460e-03
6.1407e-03
4.3777e-03
2.7213e-03
1.1368e-03
-5.3798e-04
-2.0062e-03
-3.4340e-03
-4.9240e-03
-6.3900e-03
-7.8410e-03
-9.3167e-03
-1.0943e-02
-1.2617e-02
-1.3314e-02
-1.0704e-02
-9.0830e-03
-7.7259e-03
-3.6649e-03
6.3141e-04
3.1566e-03
4.1203e-03
3.0198e-03
1.3883e-03
4.8700e-04
4.8216e-04
9.9811e-04
7.6589e-05
-1.2080e-03
-1.6066e-03
-3.5413e-04
2.0401e-03
2.9720e-03
2.3089e-03
1.6951e-03
-4.4707e-04
-2.6015e-03
-4.4976e-03
-6.7983e-03
-6.5140e-03
-3.8798e-03
-4.0107e-03
-4.1322e-03
-3.1138e-03
-1.4013e-03
1.9502e-03
3.8264e-03
1.3172e-03
-2.0886e-03
-3.8904e-03
-4.3744e-03
-5.2651e-03
-6.4208e-03
-6.6813e-03
-4.6879e-03
-2.5047e-03
1.5742e-03
5.4057e-03
2.5732e-03
3.3008e-03
4.1074e-03
4.1007e-03
4.5510e-03
2.5912e-03
-8.6289e-04
-4.4805e-03
-4.7350e-03
-1.5055e-03
-1.6239e-03
-3.3732e-03
-3.3997e-03
-2.7020e-03
4.3265e-05
2.1187e-03
3.9588e-03
3.8640e-03
2.1279e-03
4.3674e-03
6.5956e-03
6.8934e-03
8.1393e-03
7.1551e-03
5.8022e-03
5.0696e-03
2.9632e-03
1.1028e-03
-5.1109e-04
-2.4436e-03
-4.2903e-03
-3.3542e-03
-1.0002e-05
8.9892e-04
2.5854e-03
4.6576e-03
3.5652e-03
3.0995e-03
3.2622e-03
2.4962e-03
1.9462e-03
1.5586e-03
1.0106e-03
1.2851e-03
3.4621e-03
4.1718e-03
2.2260e-03
1.6081e-03
1.7185e-03
2.0511e-03
2.1713e-03
2.4340e-03
2.8570e-03
2.6288e-03
1.8989e-03
1.7328e-03
2.1048e-03
2.3182e-03
2.4453e-03
2.7844e-03
2.9960e-03
2.1113e-03
9.0269e-04
2.0343e-04
-5.6353e-05
6.0016e-04
-1.5620e-04
-1.8608e-03
-2.5793e-03
-3.3369e-03
-2.0554e-03
-1.0113e-03
-4.7429e-04
7.1061e-04
1.2888e-03
1.8217e-03
2.6044e-03
2.8794e-03
8.2244e-04
-1.0517e-03
-2.3126e-03
-4.3355e-03
-4.8862e-03
-3.5724e-03
-3.4819e-03
-2.4497e-03
-7.5124e-04
3.3371e-04
1.6755e-03
3.0237e-03
2.1569e-03
1.2645e-03
-1.6797e-04
-1.8981e-03
-3.2212e-03
-2.6051e-03
-1.7219e-03
-1.5972e-03
-1.3326e-03
-1.3581e-03
-1.2578e-03
-4.1159e-04
1.7389e-03
3.0681e-03
7.2729e-04
-3.4714e-03
-5.5113e-03
-6.8891e-03
-5.6445e-03
-4.1713e-03
-3.2584e-03
-1.5468e-03
7.5705e-05
8.6559e-04
1.7043e-03
2.7664e-03
3.5857e-03
3.7699e-03
2.4386e-03
1.6864e-03
9.9332e-04
-5.7004e-04
-2.3223e-03
-3.5073e-03
-2.2388e-03
-1.2031e-04
2.2408e-04
-6.5629e-04
-7.5889e-04
-9.4091e-04
-1.6911e-03
-2.9203e-03
-4.3589e-03
-5.5403e-03
-6.9134e-03
-7.6691e-03
-6.5941e-03
-4.9542e-03
-3.5235e-03
-2.5694e-03
-1.3772e-03
-9.6865e-05
-3.9899e-04
-7.4411e-04
1.4348e-03
1.5843e-03
7.6966e-04
1.1197e-03
1.1671e-03
9.4770e-04
3.0959e-04
-1.0137e-04
1.6120e-04
-8.7344e-05
-1.3712e-03
-2.3976e-03
-3.2301e-03
-4.4083e-03
-5.0497e-03
-4.5062e-03
-4.4784e-03
-4.8463e-03
-5.0884e-03
-5.2408e-03
-4.3509e-03
-2.3693e-03
-1.3000e-03
-5.3078e-04
-1.1667e-03
-1.3559e-03
-5.8050e-04
-2.3559e-04
-1.4159e-03
-1.8035e-03
-2.1157e-03
-2.3923e-03
-1.2909e-03
-6.2525e-04
-1.2055e-04
7.0699e-04
1.4323e-03
2.1092e-03
2.4817e-03
1.5284e-03
9.8733e-04
1.4382e-03
1.9643e-03
2.0992e-03
1.7239e-03
-4.1725e-05
-1.1313e-03
-1.1185e-03
-8.2217e-04
-1.0947e-03
-1.3543e-03
-1.5766e-03
-1.2278e-03
-4.2123e-04
-7.5806e-04
-1.7306e-03
-2.0166e-03
-2.5977e-03
-3.1145e-03
-1.0267e-03
8.5109e-04
1.2084e-03
2.6031e-03
2.4229e-03
1.9167e-03
2.0331e-03
1.3333e-03
5.7880e-04
1.0321e-04
-1.4926e-04
8.8623e-05
-3.7470e-04
-1.0121e-03
-2.4166e-04
2.0033e-03
4.1297e-04
-3.5983e-03
-4.8569e-03
-4.9243e-03
-2.5919e-03
-1.6057e-03
-1.7808e-03
-2.6910e-03
-1.7808e-03
1.9414e-03
6.6094e-03
8.4314e-03
9.4709e-03
1.0343e-02
9.1088e-03
7.6467e-03
4.9211e-03
2.6978e-03
4.6868e-04
-1.1336e-03
-2.6129e-03
-4.0692e-03
-3.3639e-03
-3.0983e-03
-4.2299e-03
-4.4854e-03
-2.9801e-03
-2.8449e-03
-4.2816e-03
-3.0757e-03
-1.7925e-04
6.2796e-04
1.8080e-03
3.5522e-03
4.8859e-03
6.2077e-03
5.8411e-03
3.7765e-03
3.1413e-03
1.9039e-03
2.6704e-04
-9.9068e-04
-1.8087e-03
-1.8185e-03
-2.4028e-03
-2.9640e-03
-3.8083e-03
-4.9016e-03
-5.7758e-03
-5.9716e-03
-4.2423e-03
-3.2767e-03
-2.8088e-03
-1.7350e-03
-7.7327e-04
-2.3938e-04
-1.2281e-03
-1.8040e-03
-1.5180e-03
-1.8620e-03
-2.5096e-03
-3.2705e-03
-3.9018e-03
-4.0110e-03
-7.4627e-05
3.0538e-03
3.7802e-03
1.9861e-03
1.3978e-03
8.8188e-04
1.0605e-03
1.7269e-03
3.8842e-04
-1.0626e-03
-1.7131e-03
-3.0056e-03
-2.1066e-03
1.0172e-03
2.2667e-03
2.8679e-03
5.6722e-04
-8.7606e-04
-1.5908e-03
-2.6459e-03
-3.7857e-03
-4.8050e-03
-6.5780e-03
-7.9639e-03
-5.5276e-03
-2.1831e-03
-1.6000e-03
-9.8119e-05
2.2441e-03
4.6960e-03
5.3765e-03
3.1344e-03
2.6708e-03
2.7285e-03
1.7750e-03
7.6371e-04
-6.1264e-04
-1.8710e-03
-2.7462e-03
-1.1585e-03
-5.4669e-05
5.4967e-04
8.0408e-04
-5.6647e-04
-9.2115e-04
-7.1189e-04
-1.1285e-03
-8.9765e-04
-2.2373e-06
3.6251e-04
9.1117e-04
1.1081e-03
-1.1430e-05
1.3218e-04
1.6666e-03
2.9033e-03
3.1630e-03
1.7682e-03
1.5559e-03
1.1684e-03
3.2456e-05
-1.5395e-03
-1.6951e-03
-1.7606e-03
-2.4549e-03
-2.3487e-03
-1.5963e-03
-1.3123e-03
-7.5987e-04
3.3118e-04
7.9907e-04
-8.6468e-05
-1.7774e-04
8.9983e-04
2.0177e-03
3.0469e-03
3.4314e-03
3.4732e-03
3.0649e-03
1.6201e-03
3.9061e-04
2.8448e-05
-6.9590e-04
-2.9896e-03
-4.2305e-03
-5.2140e-03
-6.0894e-03
-4.1713e-03
-1.5853e-03
-5.2206e-04
-7.5618e-05
-2.3013e-03
-3.0042e-03
6.4932e-04
4.9142e-03
1.0645e-02
6.7695e-03
-1.9958e-03
-6.7209e-03
-5.5737e-03
-2.9166e-03
-1.0444e-03
-1.8730e-03
-1.0504e-03
-1.8436e-04
-3.2584e-04
-8.8064e-04
-1.6817e-03
-3.6398e-04
2.6192e-03
-6.3425e-04
-4.2163e-03
-4.6285e-03
-2.4241e-03
1.5506e-03
4.4640e-03
6.7736e-03
3.6329e-03
1.8706e-03
5.3670e-03
6.8448e-03
4.4100e-03
8.0310e-04
-3.5086e-03
-4.3116e-03
-2.5679e-03
-1.0706e-03
-1.4153e-04
-1.6903e-03
-1.3073e-03
3.0892e-04
-7.4146e-05
-9.6232e-04
-2.0222e-03
-3.0596e-03
-3.8308e-03
-3.3972e-03
-1.4791e-03
-3.2338e-05
5.8021e-04
4.4886e-04
7.6975e-04
2.4247e-03
4.1510e-03
5.0533e-03
4.8811e-03
2.4843e-03
9.2356e-04
1.9161e-03
2.3851e-03
7.3728e-04
3.8250e-04
9.1099e-04
1.7475e-03
3.0622e-03
3.9855e-03
1.3667e-03
1.2475e-03
7.6163e-04
-8.4028e-04
-1.3134e-03
-7.4831e-04
-1.1157e-03
-1.4020e-03
-1.3144e-03
-1.4543e-03
-6.8719e-04
1.9462e-03
3.9630e-03
3.9767e-03
3.2793e-03
2.9128e-03
1.7576e-03
-1.7287e-04
-1.8806e-03
-3.1848e-03
-1.9994e-03
-5.7432e-04
5.9811e-05
1.5689e-03
3.0662e-03
3.3369e-03
2.7438e-03
1.9523e-03
7.8696e-04
-3.4298e-04
-2.5678e-04
9.7101e-04
1.6584e-03
3.5513e-03
5.3176e-03
5.2873e-03
2.9124e-03
2.8710e-03
3.1328e-03
1.5070e-03
5.4119e-04
1.2669e-04
9.0758e-04
1.6182e-03
9.7883e-04
7.5970e-04
1.5902e-03
2.0754e-03
1.6861e-03
8.0066e-04
3.0037e-04
-1.2420e-03
-2.8472e-03
-3.8812e-03
-4.9787e-03
-4.0592e-03
-2.8201e-03
-1.9553e-03
4.5256e-04
3.0612e-03
5.1278e-03
6.8223e-03
5.5444e-03
3.3580e-03
9.0879e-04
-5.5277e-04
-1.2171e-03
-1.2774e-03
-1.9269e-03
-5.3427e-03
-7.0049e-03
-4.2810e-03
-6.6655e-04
2.2106e-04
5.2188e-04
4.1528e-04
-1.0435e-03
-2.4970e-03
-3.2672e-03
-2.8829e-04
3.7437e-04
-3.3712e-03
-4.2209e-03
-4.6789e-03
-2.0646e-03
3.0368e-03
7.1908e-03
6.3495e-03
3.9060e-03
1.8667e-04
-3.9557e-04
-1.3211e-04
-1.3629e-03
-3.0195e-03
-6.7412e-03
-9.4053e-03
-8.2848e-03
-2.2161e-03
8.1250e-05
2.9873e-03
6.3864e-03
6.9370e-03
4.4823e-03
3.1112e-03
4.7499e-03
3.0629e-03
-3.7645e-04
-1.5044e-03
-4.3053e-03
-6.8021e-03
-1.8046e-03
3.9084e-03
3.1204e-03
2.1275e-04
-3.1533e-03
-5.9057e-03
-5.3659e-03
-2.2516e-03
-6.3900e-04
-2.3862e-03
-3.2359e-03
-2.1501e-03
2.2006e-03
3.3233e-03
4.0989e-03
8.7017e-03
9.8315e-03
3.1489e-03
-4.4348e-03
-3.3518e-03
8.6319e-05
1.1351e-03
-1.9217e-03
-5.5321e-03
-8.0855e-03
-9.1069e-03
-1.2515e-03
7.8682e-03
9.4090e-04
-5.2086e-03
-1.1016e-02
-8.5392e-03
-2.9511e-03
3.3614e-03
1.6162e-02
1.6972e-02
4.9580e-03
-1.0989e-03
3.3386e-03
6.9118e-03
-3.4121e-04
-7.1169e-03
-6.1609e-03
-8.7194e-03
-1.1849e-02
-8.5936e-03
1.5141e-03
2.6885e-03
-1.0307e-03
-1.4079e-03
-4.8354e-03
-5.4679e-03
-2.1957e-04
4.8320e-03
6.4447e-03
2.4567e-03
4.2451e-03
4.6032e-03
-3.4903e-04
-3.5949e-03
-2.2095e-03
3.8847e-03
3.3547e-03
-1.7431e-03
-1.2456e-02
-1.4271e-02
-4.7821e-03
1.4825e-03
4.7025e-03
3.1122e-03
8.9397e-04
-1.7720e-05
-2.5029e-03
-8.0757e-04
1.2012e-02
1.9569e-02
6.4008e-03
-1.2043e-02
-1.5530e-02
-5.2336e-03
1.0362e-02
8.7984e-03
-8.3678e-03
-1.6792e-02
-1.8363e-02
-7.8629e-04
1.8218e-02
2.4347e-02
3.7637e-03
-1.7472e-02
-1.6652e-02
-5.1689e-03
1.6583e-02
3.1219e-02
1.1579e-02
-1.1326e-02
-1.6183e-02
-1.9968e-02
-9.4155e-03
2.5508e-02
3.3086e-02
1.1390e-02
-5.6733e-03
-1.8485e-02
-2.8401e-02
-1.2241e-02
2.1199e-02
2.4196e-02
-5.6934e-03
-1.5135e-02
-2.2208e-02
-1.9742e-02
1.4322e-04
2.6289e-02
2.9407e-02
9.1994e-03
-5.3980e-03
9.0155e-03
3.2699e-02
3.9925e-02
4.8018e-02
2.9241e-02
-8.5339e-05
-8.8240e-03
-2.0594e-02
-1.9397e-02
-1.0364e-02
-2.7759e-02
-3.6992e-02
-2.2201e-02
-7.9675e-03
-2.0425e-02
-2.0284e-02
-1.3862e-02
-9.1351e-03
1.6735e-02
2.3031e-02
7.7386e-03
9.0512e-03
1.3131e-03
-1.5785e-02
-1.8974e-02
-1.1120e-02
-4.0138e-03
1.5826e-03
-2.8762e-03
8.8414e-04
1.4962e-02
2.1040e-02
1.0750e-02
3.7038e-03
6.4289e-04
-5.9413e-03
-4.7118e-03
6.8584e-03
9.2442e-03
1.3160e-03
-5.1117e-03
-7.6027e-03
-1.0283e-02
-1.0763e-02
-1.0624e-02
-7.4597e-04
1.6630e-02
-1.1124e-03
-7.1149e-03
8.0037e-03
1.6343e-02
8.2169e-03
-7.5752e-03
-1.4949e-02
-1.4667e-02
-3.9265e-03
5.1887e-03
-5.8240e-03
-5.9347e-03
2.0150e-03
3.5239e-03
7.5347e-03
1.4322e-02
1.5707e-02
1.1538e-02
7.4421e-03
8.2252e-03
1.1975e-02
1.5105e-02
1.1760e-02
1.3263e-02
1.8613e-02
1.9860e-02
1.9777e-02
1.2743e-02
1.2752e-03
-3.7962e-03
-6.1926e-03
-1.2374e-02
-2.6437e-02
-4.5252e-02
-4.5965e-02
-1.5662e-02
6.9740e-03
6.9327e-03
4.3707e-03
7.2848e-03
2.0026e-02
2.7228e-02
3.1523e-02
3.8475e-02
2.7471e-02
1.8370e-03
-1.7378e-02
-3.2728e-02
-3.8407e-02
-3.8792e-02
-3.7217e-02
-3.5914e-02
-2.5339e-02
-1.0211e-02
7.1713e-03
1.7538e-02
2.6840e-02
3.5576e-02
2.8358e-02
1.5305e-02
1.5524e-02
1.1470e-02
3.5924e-03
-4.2311e-03
-1.3140e-02
-1.1566e-02
-4.9858e-03
-2.6270e-03
-1.8874e-03
-3.2803e-03
-5.9556e-03
-2.3063e-03
5.3424e-03
3.8723e-03
-6.2784e-03
-5.7479e-03
-1.1484e-02
-1.8620e-02
-2.1299e-02
-2.2340e-02
-1.9720e-02
-1.7883e-02
-1.8411e-02
2.6793e-06
2.2323e-02
2.0122e-02
1.4228e-02
2.7030e-02
4.1812e-02
4.6649e-02
2.2530e-02
1.3640e-03
8.6551e-03
3.4816e-03
-7.3671e-03
-8.5524e-03
-7.1349e-03
-1.4973e-03
-8.0223e-04
-1.1359e-02
-1.9124e-02
-2.5727e-02
-3.1968e-02
-3.6358e-02
-2.3503e-02
-1.5377e-02
-7.6729e-03
2.4284e-02
4.5667e-02
5.7067e-02
5.3080e-02
4.4142e-02
3.4944e-02
3.3068e-02
1.9557e-02
-8.4216e-03
-2.0887e-02
-3.5913e-02
-5.2485e-02
-5.8336e-02
-4.3971e-02
-2.8964e-02
-1.5925e-02
-1.8331e-02
-2.2999e-02
-1.5244e-02
3.9572e-03
1.5369e-02
1.3172e-02
1.8706e-02
2.1129e-02
4.4880e-03
-8.5310e-03
-8.9524e-03
-1.0829e-02
-3.1860e-03
4.1809e-03
9.2281e-03
1.6261e-02
1.6088e-02
1.2449e-02
1.6983e-02
1.8407e-02
1.7647e-02
1.7028e-02
1.0380e-02
2.8966e-05
-2.8783e-03
-7.4451e-03
-1.7167e-02
-2.0850e-02
-1.4703e-02
-1.2244e-02
-1.3631e-02
-1.6872e-02
-1.8252e-02
-1.2232e-02
-8.3185e-03
-9.5541e-03
-7.6773e-03
-3.5239e-03
4.7346e-03
9.3257e-03
1.0795e-02
1.6193e-02
2.0679e-02
2.4802e-02
3.0016e-02
3.0336e-02
2.5009e-02
1.5286e-02
6.7048e-03
4.2256e-03
-2.7302e-03
-7.1043e-03
-8.0146e-03
-7.1343e-03
-1.0481e-02
-1.4901e-02
-1.7874e-02
-1.5974e-02
-6.6428e-03
-4.4776e-03
-4.0951e-03
-2.1045e-03
1.1954e-04
6.6017e-03
1.0513e-02
3.7918e-03
-5.2596e-04
-6.5118e-04
-1.6138e-03
-2.1827e-03
-2.5466e-03
-5.0792e-03
-7.4573e-03
-7.6790e-03
-5.4494e-03
-4.9110e-03
-4.2299e-03
-1.7972e-03
1.1911e-03
3.0766e-03
5.0086e-03
6.8817e-03
6.4897e-03
7.0955e-03
8.0279e-03
6.8751e-03
3.8848e-03
6.4863e-04
-2.2999e-03
-2.0801e-03
-2.5762e-03
-2.7718e-03
-2.7836e-03
-3.8373e-03
-4.3534e-03
-5.0596e-03
-6.1603e-03
-6.9484e-03
-5.8495e-03
-4.6795e-03
-5.1432e-03
-5.2241e-03
-2.7996e-03
2.2147e-03
6.7445e-03
9.3801e-03
1.1596e-02
1.4219e-02
1.6362e-02
1.7607e-02
1.6497e-02
1.0235e-02
5.5222e-03
6.9903e-03
6.7564e-03
5.1557e-03
1.4352e-03
-2.8466e-03
-4.8171e-03
-3.2967e-03
-2.1554e-03
-4.2758e-03
-6.4827e-03
-6.6793e-03
-2.6038e-03
1.5430e-03
-5.9232e-04
-1.1863e-03
3.1363e-04
5.9388e-04
6.6629e-04
1.1345e-03
5.6310e-04
-4.4353e-05
-3.1207e-04
-4.5516e-04
2.3276e-04
8.7172e-04
5.6916e-04
-7.3914e-05
-1.7475e-05
-2.7266e-04
3.2858e-04
2.4363e-03
4.2243e-03
4.9358e-03
3.6880e-03
3.4104e-03
2.8907e-03
3.6828e-04
-2.3566e-03
-3.6387e-03
-2.7716e-03
-3.5674e-03
-5.2598e-03
-5.4251e-03
-5.7697e-03
-7.6203e-03
-8.9183e-03
-5.8659e-03
-3.4557e-03
-1.1115e-03
1.3135e-03
3.4808e-03
5.1137e-03
3.8596e-03
2.7615e-03
4.5575e-03
6.9864e-03
8.1081e-03
6.0134e-03
3.3488e-03
1.9317e-03
-3.4605e-04
-1.0743e-03
-4.4476e-04
-1.0058e-03
-1.4976e-03
-2.9837e-03
-5.5935e-03
-4.6065e-03
-1.9620e-03
-8.7666e-04
-1.0590e-03
-1.9037e-03
-1.2531e-03
5.6710e-04
4.1316e-04
-8.1627e-04
-6.0876e-04
-1.0883e-03
-2.3798e-03
-3.3094e-03
-4.0081e-03
-3.1237e-03
-1.9355e-03
-1.4633e-03
-1.2544e-03
-1.1192e-03
-6.0840e-04
-4.1653e-04
-9.7498e-04
-2.3488e-03
-2.8822e-03
-3.1364e-03
-3.8595e-03
-4.3876e-03
-4.1079e-03
-3.0802e-03
-2.5979e-03
-1.3611e-03
2.1664e-03
4.8650e-03
6.4428e-03
8.1786e-03
8.3345e-03
8.2086e-03
8.6073e-03
7.8029e-03
6.3298e-03
3.6597e-03
1.3884e-03
6.8195e-04
-7.7569e-04
-7.4964e-04
7.0126e-04
9.7429e-04
9.6410e-04
-1.3554e-04
-1.9298e-03
-1.8461e-03
1.8743e-05
3.8042e-04
-1.8272e-04
-2.2177e-03
-4.0449e-03
-4.4941e-03
-4.6392e-03
-5.4966e-03
-6.0590e-03
-7.9911e-03
-9.8120e-03
-1.0906e-02
-8.9864e-03
-6.4837e-03
-5.4645e-03
-5.1387e-03
-4.3750e-03
-3.6111e-03
-2.3973e-03
3.4868e-04
1.9776e-03
3.5012e-03
4.8777e-03
4.9463e-03
5.6173e-03
5.8718e-03
3.4719e-03
1.5056e-04
-3.8821e-03
-3.5240e-03
-3.5989e-04
-9.4331e-05
-1.7129e-03
-2.4208e-03
-4.2319e-03
-6.8783e-03
-5.7416e-03
-1.3430e-03
-1.4473e-03
-1.6485e-03
-1.8674e-03
-2.2667e-03
-2.3070e-03
-8.8550e-05
1.5222e-03
2.3965e-03
1.0971e-03
1.9054e-04
6.5484e-04
1.1280e-03
1.0619e-03
1.4555e-03
1.8689e-03
2.0865e-03
2.4040e-03
2.7379e-03
3.2166e-03
3.0890e-03
4.7155e-04
-1.3865e-03
-2.9400e-03
-4.8653e-03
-5.1892e-03
-5.0418e-03
-4.4355e-03
-3.4991e-03
-1.2526e-03
1.3360e-03
3.2708e-03
4.7756e-03
6.0592e-03
6.1984e-03
3.9053e-03
3.0981e-03
2.1552e-03
1.4947e-03
1.6068e-03
1.1636e-03
2.2247e-04
-1.5761e-03
-5.0160e-03
-6.2396e-03
-3.3395e-03
-2.8961e-03
-3.7533e-03
-2.9499e-03
-2.5262e-03
-1.9890e-03
-7.5268e-04
5.6539e-05
2.3957e-04
-1.2514e-03
-2.1380e-03
-1.9334e-03
-1.0118e-03
-7.5099e-04
-7.5200e-04
-8.5088e-04
-1.8408e-04
1.0663e-03
1.7824e-03
2.6562e-03
2.4256e-03
1.2848e-03
9.4696e-04
2.1223e-04
-7.1501e-04
-4.9036e-04
8.2520e-04
9.2063e-04
6.9116e-04
2.3991e-03
4.2737e-03
5.1297e-03
4.4074e-03
3.8618e-03
4.1749e-03
3.4394e-03
1.6476e-03
3.4200e-04
-7.9486e-04
-2.1567e-03
-3.4769e-03
-4.0801e-03
-3.9049e-03
-4.2698e-03
-4.4607e-03
-4.3073e-03
-2.5101e-03
8.6744e-05
2.0563e-03
3.8141e-03
4.9028e-03
5.2245e-03
4.6512e-03
3.7940e-03
2.7114e-03
6.5960e-04
-1.4425e-03
-2.5649e-03
4.8512e-04
9.3107e-04
1.1560e-04
-1.3034e-04
-9.9690e-04
-2.6607e-03
-4.7162e-03
-4.1115e-03
-4.2492e-03
-6.7124e-03
-7.0660e-03
-5.1260e-03
2.6124e-04
5.0502e-03
2.8734e-03
2.7982e-03
3.5326e-03
1.9588e-03
4.7485e-04
-1.5267e-03
-3.6596e-03
-5.3965e-03
-4.4806e-03
-2.6896e-04
4.0272e-03
3.6742e-03
6.0537e-04
2.2824e-03
3.7204e-03
2.4663e-03
-1.3149e-04
-1.8466e-03
3.6694e-04
5.2343e-03
4.0732e-03
2.2125e-03
5.8786e-04
-1.3722e-03
-1.6593e-03
1.7996e-05
-8.1482e-04
-2.0761e-03
-2.1238e-03
-1.5402e-03
2.4008e-05
9.6861e-04
1.2617e-03
6.9617e-04
9.7329e-04
2.0338e-03
2.3186e-03
1.6723e-03
2.1156e-03
3.7121e-03
4.6416e-03
5.3073e-03
4.5140e-03
3.9368e-03
3.6974e-03
2.2197e-03
-8.4560e-04
-2.3644e-03
-2.6241e-03
-4.0314e-03
-5.1193e-03
-5.6097e-03
-4.4256e-03
-2.9667e-03
-2.2380e-03
-1.5071e-03
-8.2418e-04
-1.1302e-04
4.9680e-04
3.6704e-04
-9.6699e-04
-1.6686e-03
-2.3048e-03
-2.2716e-03
-2.2685e-03
-2.6153e-03
-3.2742e-03
-3.7991e-03
-3.1968e-03
-1.7286e-03
-1.1828e-03
-3.8509e-04
3.7080e-04
5.9877e-04
1.0988e-03
1.5378e-03
1.6134e-03
6.5809e-05
-1.1256e-03
-1.9932e-03
-2.8927e-03
-1.8295e-03
-1.2170e-03
-9.9369e-04
-8.3402e-04
-9.1771e-04
-8.5033e-04
-9.6108e-04
-1.1476e-03
-1.2395e-03
-1.3694e-03
-1.5106e-03
-9.7078e-04
8.5116e-04
3.3238e-03
5.3402e-03
4.1093e-03
2.0672e-03
2.6823e-03
2.8539e-03
2.1411e-03
2.2255e-03
2.2770e-03
1.2356e-03
-4.6203e-04
-1.0563e-03
-1.4904e-03
-2.3220e-03
-2.1793e-03
-1.9970e-03
-1.2536e-03
4.8748e-04
1.3562e-03
2.4797e-03
2.9399e-03
1.0032e-03
-4.0646e-05
-7.7840e-04
-5.8369e-04
1.7954e-05
-5.2458e-04
-8.5311e-04
-8.1964e-04
-1.0915e-03
-8.8532e-04
-5.7177e-04
-8.9578e-04
-1.1976e-03
-6.9717e-04
1.7548e-03
3.2810e-03
2.0754e-03
1.2571e-03
1.2879e-03
1.5580e-04
-1.2554e-03
-2.2067e-03
-3.2399e-03
-2.3216e-03
-2.2708e-04
-7.2618e-04
-9.8206e-04
-1.0075e-04
1.8206e-03
3.6740e-03
5.2647e-03
4.4070e-03
2.4260e-03
1.5364e-03
-1.2434e-04
-1.6719e-04
1.6537e-03
1.3785e-03
3.3536e-04
2.6108e-04
-1.3602e-05
1.1433e-03
3.0068e-03
2.0951e-03
2.9047e-04
-4.7831e-04
-1.7716e-03
-2.1833e-03
-1.9613e-03
-2.8678e-03
-3.1740e-03
-3.1385e-03
-1.9412e-03
-9.5138e-04
-6.5781e-04
-1.4972e-03
-1.7782e-03
-6.7088e-04
7.4311e-04
2.2603e-03
1.6131e-03
2.8483e-04
1.0853e-03
1.8455e-03
2.1185e-03
1.6000e-03
6.7110e-05
-1.1866e-03
-1.5262e-03
-1.0653e-03
-1.2920e-03
-1.6046e-03
-1.7168e-03
-1.8028e-03
-1.0282e-03
3.0114e-05
3.8736e-04
-1.2396e-05
-9.6016e-04
-1.3803e-03
-1.7580e-03
-1.5123e-03
-1.8685e-03
-2.2623e-03
-2.2230e-03
-1.7989e-03
-1.5188e-03
-1.3260e-03
-1.1740e-03
-7.3036e-04
-3.3713e-04
-7.6926e-05
-2.4989e-05
9.6532e-04
2.1204e-03
2.5948e-03
1.7194e-03
6.8837e-04
1.9045e-04
-1.4278e-04
2.8800e-04
3.3622e-04
3.5137e-04
-1.7113e-04
-6.0782e-04
-2.2186e-04
3.4062e-04
4.2484e-04
-3.4624e-04
-1.4074e-03
-1.6085e-03
-7.0912e-04
-3.2602e-04
-1.3033e-04
3.9477e-04
8.1984e-04
1.1389e-03
1.4833e-03
1.8097e-03
1.7766e-03
1.1994e-03
9.2900e-04
6.2344e-04
1.3641e-04
-1.9347e-04
1.0263e-05
1.4645e-04
-1.8754e-04
-2.4453e-04
-1.8510e-05
2.0494e-04
9.5974e-05
-1.1763e-04
-8.4073e-05
2.4931e-04
5.0968e-04
5.0986e-04
4.0220e-04
5.2524e-04
8.0690e-04
9.4374e-04
1.0742e-03
9.5574e-04
5.4778e-04
1.0646e-04
-2.5868e-04
-4.4031e-04
-8.6290e-05
1.9486e-04
4.0698e-04
6.0142e-04
1.2923e-03
1.7646e-03
1.5956e-03
1.0253e-03
5.3759e-04
4.8555e-05
3.4505e-05
7.7143e-04
1.3541e-03
1.5385e-03
1.1362e-03
7.2122e-04
7.5073e-05
-5.0634e-04
-5.3763e-04
-8.9817e-04
-1.4517e-03
-1.6046e-03
-1.2194e-03
-5.6487e-04
2.1520e-04
1.1771e-03
1.2066e-03
1.0487e-03
1.2691e-03
1.2927e-03
1.2079e-03
1.1616e-03
1.0854e-03
9.6727e-04
6.7346e-04
4.3054e-04
2.8421e-04
3.2789e-04
4.4154e-04
2.4063e-04
5.8011e-05
3.3164e-05
1.3497e-04
1.5302e-04
4.3992e-05
5.6067e-05
1.7706e-04
2.4223e-04
2.5527e-04
2.5956e-04
2.1673e-04
1.8737e-04
2.0044e-04
2.2670e-04
1.9610e-04
2.0105e-04
2.4084e-04
2.5266e-04
2.4862e-04
2.2994e-04
2.1934e-04
2.0071e-04
1.7442e-04
1.5891e-04
1.8172e-04
1.9105e-04
1.7502e-04
1.4390e-04
1.3036e-04
1.4010e-04
1.4530e-04
1.4167e-04
1.3209e-04
1.2109e-04
1.1464e-04
1.1272e-04
1.0747e-04
9.1702e-05
6.1622e-05
3.8320e-05
5.1329e-05
5.5199e-05
5.0678e-05
5.5214e-05
5.6910e-05
5.5761e-05
5.3154e-05
5.2700e-05
5.3058e-05
4.9977e-05
4.2434e-05
3.3657e-05
2.6767e-05
1.9768e-05
1.6479e-05
1.4273e-05
1.0227e-05
7.2533e-06
3.5128e-06
-3.9045e-06
-1.1750e-05
-1.8288e-05
-2.4291e-05
-2.7371e-05
-3.0234e-05
-3.4941e-05
-3.9577e-05
-4.3326e-05
-4.6489e-05
-4.9610e-05
-5.3148e-05
-5.7037e-05
-6.1373e-05
-6.5206e-05
-6.8705e-05
-7.1855e-05
-7.5447e-05
-7.9021e-05
-8.2389e-05
-8.5874e-05
-8.9332e-05
-9.2686e-05
-9.6006e-05
-9.9235e-05
-1.0242e-04
-1.0557e-04
-1.0866e-04
-1.1174e-04
-1.1480e-04
-1.1774e-04
-1.2057e-04
-1.2335e-04
-1.2611e-04
-1.2880e-04
-1.3141e-04
-1.3396e-04
-1.3644e-04
-1.3886e-04
-1.4121e-04
-1.4350e-04
-1.4572e-04
-1.4787e-04
-1.4996e-04
-1.5198e-04
-1.5393e-04
-1.5582e-04
-1.5763e-04
-1.5938e-04
-1.6106e-04
-1.6267e-04
-1.6421e-04
-1.6568e-04
-1.6709e-04
-1.6842e-04
-1.6968e-04
-1.7088e-04
-1.7200e-04
-1.7305e-04
