-2.1726e-04
-2.1717e-04
-2.1587e-04
-2.1411e-04
-2.1334e-04
-2.1690e-04
-2.2282e-04
-2.2664e-04
-2.2589e-04
-2.2759e-04
-2.3626e-04
-2.3707e-04
-2.2528e-04
-1.9853e-04
-1.7886e-04
-1.8388e-04
-2.1612e-04
-2.4834e-04
-2.4439e-04
-2.0386e-04
-1.8027e-04
-1.9997e-04
-2.3480e-04
-2.4019e-04
-2.4650e-04
-2.7700e-04
-2.7679e-04
-1.5791e-04
-4.0882e-05
-6.1157e-05
-1.8643e-04
-2.5822e-04
-2.7331e-04
-2.9394e-04
-3.0337e-04
-2.4819e-04
-2.0531e-04
-2.0018e-04
-2.6506e-04
-3.2074e-04
-2.2959e-04
-8.4796e-05
-3.6777e-05
-1.0254e-04
-1.6238e-04
-1.9044e-04
-2.8508e-04
-4.1075e-04
-4.6387e-04
-4.4282e-04
-2.9625e-04
-2.8747e-05
9.3002e-05
-1.6837e-04
-4.9423e-04
-4.2924e-04
-2.3425e-04
-2.1749e-04
-3.2672e-04
-3.9948e-04
-4.3642e-04
-7.6216e-04
-1.0566e-03
-6.2439e-04
2.6213e-04
9.1266e-04
7.9333e-04
-1.2535e-05
-8.1645e-04
-1.0348e-03
-7.7086e-04
-4.8980e-04
-2.4891e-04
1.9380e-05
-2.5818e-04
-1.2217e-03
-1.8502e-03
-1.1711e-03
1.1671e-04
4.3172e-04
-2.4376e-04
-6.1003e-04
-2.2477e-04
5.6082e-04
2.0553e-03
1.9676e-03
1.4575e-03
1.5491e-03
1.9784e-03
1.6900e-03
6.6675e-04
-1.7811e-04
-2.0706e-04
5.5882e-04
9.7154e-04
2.0367e-05
-2.0112e-03
-3.2889e-03
-2.8451e-03
-2.2588e-03
-3.1777e-03
-4.2816e-03
-3.6365e-03
-1.8200e-03
-9.7863e-04
-1.4394e-03
-1.7921e-03
-1.7540e-03
-1.5245e-03
-2.3166e-03
-4.2684e-03
-5.7235e-03
-4.9294e-03
-2.1611e-03
-5.1674e-04
-1.1256e-03
-2.3401e-03
-1.9932e-03
-3.8519e-04
3.6987e-04
-8.3656e-05
-2.7627e-04
4.5959e-04
1.8923e-03
1.8932e-03
8.7602e-05
-5.9399e-04
2.4097e-03
8.1554e-03
1.3145e-02
1.4698e-02
1.3136e-02
9.0670e-03
4.9810e-03
2.9629e-03
3.1096e-03
3.7159e-03
2.9213e-03
7.8467e-04
-2.2893e-03
-5.4801e-03
-7.1594e-03
-6.7921e-03
-5.4348e-03
-4.9076e-03
-6.7942e-03
-1.0040e-02
-1.0453e-02
-7.8173e-03
-3.5138e-03
-7.8482e-04
-1.1359e-04
-5.9139e-04
-2.6362e-03
-5.4416e-03
-4.9288e-03
-1.3113e-03
2.7391e-03
6.5592e-03
1.0101e-02
1.2943e-02
1.4028e-02
1.2397e-02
8.4908e-03
4.9961e-03
4.0294e-03
5.4425e-03
7.4554e-03
7.1336e-03
5.3797e-03
3.9624e-03
2.9910e-03
2.7463e-03
3.3417e-03
2.2476e-03
-2.9519e-03
-1.0136e-02
-1.4048e-02
-1.4244e-02
-1.3683e-02
-1.4789e-02
-1.5346e-02
-1.2546e-02
-8.1854e-03
-4.5880e-03
-1.8604e-03
1.1293e-03
4.1160e-03
3.4159e-03
-9.3958e-05
-2.7021e-03
-2.8709e-03
-9.9480e-05
4.3687e-03
8.8912e-03
1.0516e-02
9.3699e-03
8.7393e-03
9.9801e-03
1.2921e-02
1.5631e-02
1.6776e-02
1.6084e-02
1.3095e-02
9.4742e-03
8.5212e-03
1.0662e-02
1.3678e-02
1.5471e-02
1.6337e-02
1.6605e-02
1.7372e-02
1.7229e-02
1.6407e-02
1.8108e-02
2.2602e-02
2.8408e-02
3.5430e-02
4.3232e-02
4.8754e-02
4.6246e-02
3.5697e-02
2.3099e-02
1.3973e-02
1.1434e-02
1.5583e-02
1.8685e-02
1.6050e-02
9.0663e-03
3.1174e-04
-6.9627e-03
-1.2952e-02
-1.9650e-02
-2.8177e-02
-3.7626e-02
-4.5056e-02
-4.5701e-02
-3.6027e-02
-1.6507e-02
8.3283e-03
3.2523e-02
5.0901e-02
6.0024e-02
6.0652e-02
5.6616e-02
5.2428e-02
5.1426e-02
5.4135e-02
5.7789e-02
5.6607e-02
4.5059e-02
2.6345e-02
6.6576e-03
-9.3571e-03
-1.9450e-02
-2.4104e-02
-2.5654e-02
-2.5902e-02
-2.7398e-02
-3.1253e-02
-3.4630e-02
-3.6056e-02
-3.6599e-02
-3.7880e-02
-4.0573e-02
-4.4374e-02
-4.7344e-02
-4.9001e-02
-5.0630e-02
-5.2679e-02
-5.5433e-02
-5.8899e-02
-6.2608e-02
-6.7419e-02
-7.2430e-02
-7.5035e-02
-7.2962e-02
-6.5380e-02
-5.3075e-02
-3.7535e-02
-1.9500e-02
7.9387e-04
2.0881e-02
3.4028e-02
3.7801e-02
3.5133e-02
2.8990e-02
2.1104e-02
1.1432e-02
-6.9277e-04
-1.3299e-02
-2.5263e-02
-3.5822e-02
-4.4434e-02
-5.0907e-02
-5.5146e-02
-5.7880e-02
-5.9771e-02
-5.9846e-02
-5.7306e-02
-5.2968e-02
-4.8895e-02
-4.7347e-02
-4.9126e-02
-5.2210e-02
-5.3071e-02
-5.0389e-02
-4.5035e-02
-3.8960e-02
-3.3627e-02
-2.9637e-02
-2.6087e-02
-2.3458e-02
-2.1394e-02
-1.7745e-02
-1.1888e-02
-4.2924e-03
4.8528e-03
1.4739e-02
2.2747e-02
2.7847e-02
3.2473e-02
3.8711e-02
4.6671e-02
5.4912e-02
6.1839e-02
6.5715e-02
6.6173e-02
6.5669e-02
6.5948e-02
6.7110e-02
6.8590e-02
6.9606e-02
6.8755e-02
6.3519e-02
5.3305e-02
4.0896e-02
2.8418e-02
1.8557e-02
1.3582e-02
1.3728e-02
1.6879e-02
1.8431e-02
1.7172e-02
1.4873e-02
1.3825e-02
1.3958e-02
1.4965e-02
1.8037e-02
2.1902e-02
2.1308e-02
1.6099e-02
1.1233e-02
9.0984e-03
9.8646e-03
1.3024e-02
1.8731e-02
2.6158e-02
3.2665e-02
3.5938e-02
3.7019e-02
3.5925e-02
3.3230e-02
2.9860e-02
2.7395e-02
2.7950e-02
3.1225e-02
3.4824e-02
3.6511e-02
3.2297e-02
1.9504e-02
2.0639e-03
-1.5296e-02
-2.9942e-02
-4.1270e-02
-5.0208e-02
-5.7615e-02
-6.1018e-02
-5.7774e-02
-4.7979e-02
-3.3040e-02
-1.6424e-02
-4.5565e-04
1.4157e-02
2.5369e-02
2.9330e-02
2.1855e-02
4.8637e-03
-1.4198e-02
-2.9667e-02
-3.9819e-02
-4.5012e-02
-4.6636e-02
-4.6842e-02
-4.8100e-02
-4.9689e-02
-4.7256e-02
-3.8924e-02
-2.7008e-02
-1.5839e-02
-1.0099e-02
-1.2851e-02
-2.2185e-02
-2.9935e-02
-3.1445e-02
-2.7432e-02
-2.1914e-02
-1.8398e-02
-1.8985e-02
-2.3927e-02
-3.0179e-02
-3.3552e-02
-3.3436e-02
-3.2535e-02
-3.3959e-02
-3.9060e-02
-4.5228e-02
-4.8818e-02
-4.8273e-02
-4.3568e-02
-3.5020e-02
-2.2643e-02
-7.0673e-03
9.8019e-03
2.5244e-02
3.8478e-02
4.8907e-02
5.6063e-02
5.9331e-02
5.9788e-02
5.9910e-02
6.1035e-02
6.3642e-02
6.7187e-02
7.0750e-02
7.3507e-02
7.4829e-02
7.4476e-02
7.4126e-02
7.5461e-02
7.7912e-02
8.1015e-02
8.4447e-02
8.5991e-02
8.2948e-02
7.5436e-02
6.4157e-02
4.8205e-02
2.7647e-02
5.3045e-03
-1.4757e-02
-2.8777e-02
-3.5412e-02
-3.6133e-02
-3.3767e-02
-3.0842e-02
-3.0106e-02
-3.2022e-02
-3.5135e-02
-3.8217e-02
-4.0769e-02
-4.3245e-02
-4.6281e-02
-4.9446e-02
-5.1611e-02
-5.1747e-02
-4.8945e-02
-4.2834e-02
-3.3323e-02
-2.0566e-02
-6.2430e-03
8.2625e-03
2.2150e-02
3.2993e-02
3.6108e-02
3.2398e-02
2.6453e-02
2.2362e-02
2.1665e-02
2.3204e-02
2.6956e-02
3.3954e-02
4.3160e-02
5.2665e-02
6.0684e-02
6.4778e-02
6.1430e-02
4.9822e-02
3.2993e-02
1.5703e-02
1.9965e-03
-6.9408e-03
-1.1613e-02
-1.2411e-02
-1.0807e-02
-7.9935e-03
-5.9326e-03
-6.5281e-03
-9.4970e-03
-1.3089e-02
-1.5670e-02
-1.6637e-02
-1.6706e-02
-1.7121e-02
-1.8810e-02
-2.1961e-02
-2.6113e-02
-3.1494e-02
-3.8694e-02
-4.7171e-02
-5.5289e-02
-6.1177e-02
-6.4339e-02
-6.5830e-02
-6.7991e-02
-7.2378e-02
-7.8981e-02
-8.5995e-02
-9.1356e-02
-9.3602e-02
-9.2385e-02
-8.9212e-02
-8.5860e-02
-8.3309e-02
-8.1510e-02
-8.0131e-02
-7.9567e-02
-7.9195e-02
-7.8050e-02
-7.6408e-02
-7.5002e-02
-7.3676e-02
-7.1895e-02
-7.0560e-02
-6.9965e-02
-6.9897e-02
-7.0466e-02
-7.1426e-02
-7.1689e-02
-6.9837e-02
-6.4181e-02
-5.3756e-02
-3.9701e-02
-2.4361e-02
-9.7676e-03
2.5432e-03
1.1382e-02
1.5911e-02
1.6004e-02
1.2768e-02
8.1545e-03
3.7921e-03
3.0234e-04
-2.0227e-03
-2.9241e-03
-2.5665e-03
-1.4463e-03
4.5822e-04
3.3838e-03
7.3301e-03
1.1682e-02
1.5816e-02
1.9455e-02
2.2988e-02
2.7111e-02
3.2314e-02
3.8816e-02
4.6448e-02
5.4906e-02
6.3571e-02
7.1276e-02
7.7932e-02
8.3230e-02
8.7387e-02
9.0712e-02
9.3614e-02
9.6268e-02
9.8354e-02
9.9919e-02
1.0150e-01
1.0361e-01
1.0578e-01
1.0651e-01
1.0400e-01
9.7852e-02
9.0696e-02
8.5704e-02
8.3759e-02
8.3721e-02
8.5164e-02
8.8239e-02
9.2104e-02
9.5442e-02
9.7458e-02
9.6864e-02
9.3813e-02
9.0027e-02
8.6766e-02
8.4431e-02
8.3003e-02
8.1707e-02
7.8770e-02
7.2834e-02
6.4670e-02
5.6767e-02
5.1227e-02
4.8296e-02
4.7264e-02
4.6671e-02
4.5039e-02
4.1906e-02
3.7565e-02
3.2306e-02
2.7085e-02
2.3052e-02
2.0728e-02
2.0740e-02
2.3146e-02
2.6825e-02
2.9563e-02
3.0387e-02
2.9628e-02
2.7627e-02
2.3988e-02
1.8993e-02
1.4192e-02
9.6010e-03
4.0971e-03
-2.0428e-03
-8.2631e-03
-1.4848e-02
-2.1865e-02
-2.8682e-02
-3.4151e-02
-3.7604e-02
-3.9833e-02
-4.1703e-02
-4.3417e-02
-4.4317e-02
-4.4307e-02
-4.3706e-02
-4.3108e-02
-4.2748e-02
-4.2723e-02
-4.3132e-02
-4.4473e-02
-4.7190e-02
-5.0723e-02
-5.4363e-02
-5.7608e-02
-6.0080e-02
-6.1556e-02
-6.1774e-02
-6.0659e-02
-5.8884e-02
-5.7193e-02
-5.5831e-02
-5.5200e-02
-5.5476e-02
-5.6533e-02
-5.7406e-02
-5.7136e-02
-5.4925e-02
-5.1169e-02
-4.6993e-02
-4.2875e-02
-3.8721e-02
-3.4544e-02
-3.0766e-02
-2.7592e-02
-2.5396e-02
-2.3988e-02
-2.2606e-02
-2.0445e-02
-1.7606e-02
-1.5272e-02
-1.4340e-02
-1.5486e-02
-1.7931e-02
-1.9954e-02
-2.1039e-02
-2.1461e-02
-2.1132e-02
-2.0059e-02
-1.8972e-02
-1.8669e-02
-1.9011e-02
-1.9649e-02
-2.0645e-02
-2.2589e-02
-2.5238e-02
-2.7424e-02
-2.8712e-02
-2.9338e-02
-2.9285e-02
-2.8069e-02
-2.5644e-02
-2.2069e-02
-1.7136e-02
-1.1180e-02
-5.0604e-03
4.7245e-04
4.3124e-03
5.5610e-03
4.1074e-03
6.9299e-04
-3.1480e-03
-5.5668e-03
-5.5283e-03
-3.1670e-03
5.5500e-04
4.2022e-03
6.7834e-03
8.4263e-03
9.3439e-03
8.8379e-03
6.3076e-03
2.2341e-03
3.6463e-04
2.9181e-03
8.2413e-03
1.2699e-02
1.4016e-02
1.1609e-02
5.6727e-03
-2.6361e-03
-1.1545e-02
-1.9702e-02
-2.5630e-02
-2.8330e-02
-2.8092e-02
-2.6366e-02
-2.4390e-02
-2.3058e-02
-2.2816e-02
-2.3546e-02
-2.5759e-02
-2.9412e-02
-3.3096e-02
-3.6170e-02
-3.8843e-02
-4.0822e-02
-4.1844e-02
-4.1881e-02
-4.0872e-02
-3.8563e-02
-3.4467e-02
-2.8618e-02
-2.1172e-02
-1.2952e-02
-5.3144e-03
9.4139e-04
6.0352e-03
1.0338e-02
1.4585e-02
2.0026e-02
2.6595e-02
3.2744e-02
3.6702e-02
3.7439e-02
3.4671e-02
2.9907e-02
2.4901e-02
2.0384e-02
1.6674e-02
1.4212e-02
1.2577e-02
1.0795e-02
8.0118e-03
4.4418e-03
1.0736e-03
-1.0829e-03
-1.6031e-03
-1.0398e-03
1.1863e-04
1.8577e-03
3.4488e-03
4.3385e-03
4.8630e-03
5.5924e-03
6.9029e-03
8.9872e-03
1.1702e-02
1.4707e-02
1.7568e-02
1.9825e-02
2.1344e-02
2.2184e-02
2.3177e-02
2.6397e-02
3.2974e-02
4.1789e-02
5.0517e-02
5.8270e-02
6.5675e-02
7.2881e-02
7.9390e-02
8.4757e-02
8.8071e-02
8.8245e-02
8.5427e-02
8.0367e-02
7.4179e-02
6.7797e-02
6.1286e-02
5.4572e-02
4.8282e-02
4.2583e-02
3.7225e-02
3.1852e-02
2.6421e-02
2.1697e-02
1.7603e-02
1.3740e-02
1.0641e-02
9.1237e-03
8.9773e-03
9.2509e-03
9.1088e-03
7.8285e-03
6.1446e-03
4.8242e-03
3.4411e-03
1.3743e-03
-1.3138e-03
-3.3577e-03
-3.5021e-03
-2.0214e-03
-3.3815e-04
4.0933e-04
3.0424e-04
1.4804e-04
-9.8639e-05
-6.4812e-04
-1.0058e-03
-9.2456e-04
-7.0656e-04
-8.3270e-04
-1.2579e-03
-1.2739e-03
-5.9550e-04
-1.3191e-05
1.7316e-04
8.6942e-05
-3.0658e-04
-1.3693e-03
-3.1216e-03
-5.7808e-03
-9.2857e-03
-1.3174e-02
-1.6979e-02
-2.0171e-02
-2.2559e-02
-2.4493e-02
-2.6624e-02
-2.8801e-02
-3.0621e-02
-3.2278e-02
-3.5095e-02
-3.9885e-02
-4.5360e-02
-5.0192e-02
-5.4375e-02
-5.8580e-02
-6.3205e-02
-6.8128e-02
-7.2810e-02
-7.6249e-02
-7.8174e-02
-7.9142e-02
-7.9384e-02
-7.8524e-02
-7.6860e-02
-7.4932e-02
-7.2687e-02
-6.9945e-02
-6.6662e-02
-6.3280e-02
-6.0554e-02
-5.8230e-02
-5.5599e-02
-5.2372e-02
-4.8374e-02
-4.3518e-02
-3.8041e-02
-3.1663e-02
-2.4574e-02
-1.7443e-02
-1.0950e-02
-5.5644e-03
-1.6161e-03
1.2125e-03
3.3654e-03
4.4719e-03
3.6391e-03
1.1302e-03
-8.2938e-04
-8.2093e-04
7.2794e-04
2.4627e-03
3.6220e-03
4.3871e-03
5.6939e-03
7.2066e-03
7.8646e-03
7.1845e-03
5.8646e-03
5.1878e-03
4.6328e-03
4.1829e-03
4.8176e-03
6.0918e-03
6.9391e-03
6.4736e-03
4.8091e-03
3.2126e-03
2.5968e-03
3.1975e-03
4.9376e-03
7.2757e-03
1.0268e-02
1.3648e-02
1.6297e-02
1.7399e-02
1.7218e-02
1.5770e-02
1.3856e-02
1.2993e-02
1.3883e-02
1.5690e-02
1.7524e-02
1.8867e-02
1.9626e-02
1.9710e-02
1.8429e-02
1.5937e-02
1.3485e-02
1.2231e-02
1.2206e-02
1.2945e-02
1.4548e-02
1.6755e-02
1.9497e-02
2.2698e-02
2.5881e-02
2.8281e-02
2.9541e-02
2.9189e-02
2.7107e-02
2.4431e-02
2.2372e-02
2.1182e-02
2.0890e-02
2.1647e-02
2.3697e-02
2.6460e-02
2.8891e-02
2.9877e-02
2.9017e-02
2.6805e-02
2.4121e-02
2.1873e-02
2.0402e-02
1.9527e-02
1.8692e-02
1.7160e-02
1.4462e-02
1.0859e-02
7.2291e-03
4.4896e-03
3.2797e-03
3.5608e-03
4.3698e-03
4.6130e-03
3.3347e-03
9.4472e-04
-1.6619e-03
-3.6040e-03
-4.5234e-03
-4.6621e-03
-4.3781e-03
-4.0140e-03
-4.0826e-03
-5.4635e-03
-8.1212e-03
-1.1340e-02
-1.4437e-02
-1.6453e-02
-1.6825e-02
-1.5624e-02
-1.3507e-02
-1.1823e-02
-1.1683e-02
-1.3159e-02
-1.5420e-02
-1.7287e-02
-1.7174e-02
-1.3819e-02
-8.2547e-03
-2.5404e-03
2.4742e-03
7.0568e-03
1.0724e-02
1.2547e-02
1.3149e-02
1.3882e-02
1.5290e-02
1.7095e-02
1.8756e-02
1.9950e-02
2.0992e-02
2.1867e-02
2.2508e-02
2.2710e-02
2.2777e-02
2.3227e-02
2.4325e-02
2.5762e-02
2.6457e-02
2.5684e-02
2.3566e-02
2.0777e-02
1.7363e-02
1.2923e-02
8.3348e-03
5.2688e-03
4.4568e-03
5.0281e-03
5.6983e-03
5.4190e-03
3.9813e-03
1.8468e-03
-5.5930e-05
-6.2567e-04
4.8866e-04
2.9175e-03
6.1976e-03
9.3330e-03
1.1323e-02
1.2004e-02
1.2057e-02
1.2443e-02
1.3594e-02
1.5472e-02
1.7638e-02
1.9610e-02
2.1510e-02
2.3361e-02
2.4909e-02
2.6533e-02
2.8678e-02
3.1386e-02
3.3908e-02
3.5778e-02
3.6908e-02
3.6899e-02
3.5320e-02
3.2237e-02
2.8034e-02
2.3275e-02
1.8679e-02
1.4441e-02
1.0731e-02
7.7465e-03
5.0514e-03
2.1588e-03
-6.9565e-04
-3.1799e-03
-5.1994e-03
-6.9660e-03
-8.4745e-03
-9.3783e-03
-9.7149e-03
-9.6948e-03
-9.4827e-03
-9.2315e-03
-9.1972e-03
-9.7848e-03
-1.1429e-02
-1.3680e-02
-1.5193e-02
-1.5289e-02
-1.4450e-02
-1.3341e-02
-1.2559e-02
-1.2632e-02
-1.3552e-02
-1.5265e-02
-1.7384e-02
-1.9303e-02
-2.0646e-02
-2.1626e-02
-2.2946e-02
-2.4985e-02
-2.7617e-02
-3.0097e-02
-3.1751e-02
-3.2101e-02
-3.1125e-02
-2.9188e-02
-2.7035e-02
-2.5273e-02
-2.4246e-02
-2.3795e-02
-2.3612e-02
-2.3404e-02
-2.2989e-02
-2.2042e-02
-2.0422e-02
-1.8474e-02
-1.6673e-02
-1.5645e-02
-1.5432e-02
-1.5234e-02
-1.4684e-02
-1.3678e-02
-1.2058e-02
-9.7864e-03
-7.2294e-03
-5.1657e-03
-3.6682e-03
-2.3755e-03
-1.2818e-03
-5.5587e-04
-3.2538e-04
-2.7463e-04
-1.2380e-04
-1.7489e-04
-6.6407e-04
-1.4806e-03
-2.5036e-03
-4.0841e-03
-6.2916e-03
-8.8780e-03
-1.1344e-02
-1.3210e-02
-1.4227e-02
-1.4564e-02
-1.4499e-02
-1.4193e-02
-1.4236e-02
-1.5381e-02
-1.7371e-02
-1.9621e-02
-2.1740e-02
-2.3299e-02
-2.4456e-02
-2.5657e-02
-2.7147e-02
-2.9041e-02
-3.1341e-02
-3.3701e-02
-3.5755e-02
-3.7238e-02
-3.7771e-02
-3.7263e-02
-3.5863e-02
-3.3382e-02
-2.9870e-02
-2.5729e-02
-2.1838e-02
-1.8872e-02
-1.6147e-02
-1.2855e-02
-8.8960e-03
-5.0045e-03
-1.7678e-03
6.2526e-04
2.0904e-03
2.5902e-03
2.4315e-03
2.1990e-03
2.4664e-03
3.2848e-03
4.2312e-03
4.7149e-03
4.6817e-03
4.3963e-03
4.2666e-03
4.4988e-03
5.2192e-03
6.3529e-03
7.7861e-03
8.9347e-03
9.1426e-03
8.4997e-03
7.5243e-03
6.6964e-03
6.4355e-03
6.7474e-03
7.4685e-03
8.2266e-03
8.7206e-03
8.8061e-03
8.5843e-03
8.1395e-03
7.6495e-03
7.5535e-03
8.2913e-03
9.7452e-03
1.1515e-02
1.3145e-02
1.4588e-02
1.6064e-02
1.7429e-02
1.8258e-02
1.8724e-02
1.9258e-02
1.9897e-02
2.0346e-02
2.0600e-02
2.0875e-02
2.1508e-02
2.2552e-02
2.3867e-02
2.5591e-02
2.7916e-02
3.0661e-02
3.3478e-02
3.5824e-02
3.7393e-02
3.8467e-02
3.9345e-02
3.9749e-02
3.9472e-02
3.8502e-02
3.6513e-02
3.3131e-02
2.8783e-02
2.4217e-02
1.9776e-02
1.5912e-02
1.2755e-02
1.0226e-02
8.1810e-03
6.6361e-03
5.4917e-03
4.5548e-03
3.9733e-03
4.0276e-03
4.7318e-03
5.6997e-03
6.3669e-03
6.2599e-03
5.2445e-03
3.6229e-03
1.7685e-03
2.8521e-04
-4.8680e-04
-3.9637e-04
3.7744e-04
1.2186e-03
1.7187e-03
1.8037e-03
1.4662e-03
6.5755e-04
-3.4940e-04
-1.2560e-03
-2.0886e-03
-2.9884e-03
-4.0032e-03
-5.2183e-03
-6.7268e-03
-8.6798e-03
-1.1287e-02
-1.4692e-02
-1.8307e-02
-2.1818e-02
-2.5061e-02
-2.8219e-02
-3.1766e-02
-3.6028e-02
-4.1357e-02
-4.7861e-02
-5.4962e-02
-6.1587e-02
-6.6188e-02
-6.7918e-02
-6.6632e-02
-6.2949e-02
-5.7754e-02
-5.1905e-02
-4.5881e-02
-3.9717e-02
-3.3474e-02
-2.7395e-02
-2.1394e-02
-1.5423e-02
-9.8781e-03
-5.2633e-03
-2.0513e-03
-2.6362e-04
8.3554e-04
1.9547e-03
3.0533e-03
3.5047e-03
3.2457e-03
2.7826e-03
2.2117e-03
1.3022e-03
3.2914e-04
-1.3219e-04
-2.3006e-04
-3.0269e-04
-2.9610e-04
-1.0815e-05
4.1403e-04
9.2374e-04
1.3723e-03
1.7408e-03
2.3137e-03
3.3182e-03
4.5715e-03
5.5515e-03
6.0971e-03
6.1823e-03
6.0236e-03
5.9814e-03
6.1406e-03
6.4820e-03
7.0787e-03
7.8584e-03
8.8898e-03
1.0280e-02
1.2083e-02
1.4060e-02
1.6055e-02
1.7972e-02
1.9811e-02
2.1657e-02
2.3717e-02
2.5913e-02
2.8230e-02
3.0938e-02
3.4351e-02
3.8305e-02
4.2425e-02
4.6530e-02
5.1034e-02
5.6928e-02
6.4410e-02
7.2024e-02
7.7627e-02
7.9665e-02
7.8382e-02
7.5369e-02
7.2240e-02
6.9508e-02
6.6657e-02
6.3093e-02
5.8821e-02
5.4278e-02
4.9697e-02
4.5110e-02
4.0562e-02
3.6001e-02
3.1164e-02
2.5758e-02
2.0140e-02
1.5155e-02
1.1312e-02
8.6143e-03
6.8931e-03
5.9205e-03
5.3368e-03
4.4702e-03
2.9802e-03
1.2218e-03
-4.9116e-04
-2.2828e-03
-4.0285e-03
-5.6266e-03
-7.1495e-03
-8.6298e-03
-9.8409e-03
-1.0407e-02
-1.0262e-02
-9.6732e-03
-9.1624e-03
-8.8239e-03
-8.7477e-03
-9.0181e-03
-9.8691e-03
-1.1098e-02
-1.2401e-02
-1.3414e-02
-1.4050e-02
-1.4237e-02
-1.4167e-02
-1.4506e-02
-1.5648e-02
-1.7345e-02
-1.9007e-02
-2.0394e-02
-2.1614e-02
-2.2667e-02
-2.3412e-02
-2.4127e-02
-2.5129e-02
-2.6461e-02
-2.8029e-02
-2.9587e-02
-3.1029e-02
-3.2277e-02
-3.3448e-02
-3.4671e-02
-3.5905e-02
-3.6913e-02
-3.7486e-02
-3.7769e-02
-3.7936e-02
-3.7922e-02
-3.7227e-02
-3.5734e-02
-3.3942e-02
-3.2273e-02
-3.0546e-02
-2.8378e-02
-2.5738e-02
-2.3189e-02
-2.1071e-02
-1.8978e-02
-1.6552e-02
-1.4149e-02
-1.2372e-02
-1.1411e-02
-1.0713e-02
-9.8335e-03
-8.8937e-03
-8.3197e-03
-8.3377e-03
-8.5337e-03
-8.3453e-03
-7.3045e-03
-5.6122e-03
-3.8059e-03
-2.3486e-03
-1.3902e-03
-1.0640e-03
-1.1561e-03
-1.1877e-03
-8.3906e-04
-3.5578e-04
-3.2856e-05
3.5984e-04
7.8987e-04
1.0572e-03
9.1524e-04
4.5351e-04
1.0191e-04
3.6814e-04
1.1679e-03
2.1953e-03
3.3264e-03
4.3623e-03
5.0384e-03
5.5095e-03
5.8714e-03
6.2193e-03
6.5283e-03
6.7168e-03
6.7776e-03
6.8390e-03
7.1853e-03
7.5708e-03
7.8405e-03
8.0617e-03
8.3013e-03
8.3864e-03
8.1245e-03
7.6933e-03
7.2895e-03
7.1662e-03
7.2843e-03
7.4768e-03
7.8708e-03
8.4773e-03
9.1818e-03
9.7868e-03
1.0114e-02
1.0239e-02
1.0341e-02
1.0511e-02
1.0711e-02
1.1029e-02
1.1509e-02
1.2019e-02
1.2089e-02
1.1244e-02
9.4294e-03
7.0550e-03
4.5849e-03
2.5580e-03
1.1790e-03
4.2581e-04
1.1916e-04
-1.0389e-04
-5.5775e-04
-1.2829e-03
-1.9913e-03
-2.4711e-03
-2.8548e-03
-3.6548e-03
-4.9344e-03
-6.1445e-03
-6.8196e-03
-7.4048e-03
-8.2734e-03
-9.3205e-03
-1.0254e-02
-1.1201e-02
-1.2547e-02
-1.4319e-02
-1.6316e-02
-1.8481e-02
-2.0924e-02
-2.3766e-02
-2.7130e-02
-3.0500e-02
-3.3204e-02
-3.4965e-02
-3.5644e-02
-3.4941e-02
-3.2784e-02
-2.9417e-02
-2.5536e-02
-2.2116e-02
-2.0029e-02
-1.9384e-02
-1.9430e-02
-1.9183e-02
-1.8087e-02
-1.5939e-02
-1.2999e-02
-9.7295e-03
-6.8959e-03
-5.0498e-03
-4.1855e-03
-3.8984e-03
-3.7349e-03
-3.5106e-03
-2.9514e-03
-1.9764e-03
-8.3274e-04
2.1502e-04
9.9690e-04
1.3116e-03
1.3926e-03
1.3170e-03
1.1899e-03
1.0545e-03
9.8655e-04
9.3645e-04
9.6642e-04
1.2011e-03
1.7432e-03
2.3366e-03
2.7372e-03
2.9029e-03
2.8344e-03
2.8186e-03
2.9892e-03
3.1723e-03
3.2769e-03
3.4857e-03
3.8721e-03
4.5143e-03
5.4263e-03
6.5092e-03
7.8039e-03
9.2442e-03
1.0765e-02
1.2237e-02
1.3709e-02
1.5096e-02
1.6162e-02
1.6676e-02
1.6931e-02
1.7119e-02
1.7405e-02
1.7792e-02
1.8251e-02
1.8791e-02
1.9256e-02
1.9487e-02
1.9552e-02
1.9733e-02
1.9832e-02
1.9423e-02
1.8151e-02
1.5854e-02
1.2758e-02
9.4253e-03
6.6650e-03
4.9265e-03
4.1174e-03
3.8733e-03
3.7109e-03
3.2125e-03
2.2808e-03
1.1341e-03
3.2355e-05
-5.6055e-04
-2.7196e-04
1.0133e-03
2.7215e-03
4.2259e-03
5.2054e-03
5.6217e-03
5.7362e-03
5.5278e-03
5.1034e-03
4.6762e-03
4.3295e-03
3.7106e-03
2.6248e-03
1.0743e-03
-8.0239e-04
-2.8306e-03
-4.7195e-03
-6.2199e-03
-7.1247e-03
-7.4413e-03
-7.4555e-03
-7.4052e-03
-7.3745e-03
-7.2716e-03
-7.1531e-03
-7.1651e-03
-7.1926e-03
-6.9893e-03
-6.4994e-03
-5.7461e-03
-4.9157e-03
-4.2484e-03
-3.9596e-03
-3.9222e-03
-3.9409e-03
-4.0670e-03
-4.3469e-03
-4.9543e-03
-5.8633e-03
-6.7603e-03
-7.6100e-03
-8.3704e-03
-8.8505e-03
-9.1328e-03
-9.2189e-03
-9.3103e-03
-9.5229e-03
-9.8962e-03
-1.0234e-02
-1.0146e-02
-9.6810e-03
-8.9872e-03
-8.3582e-03
-7.7890e-03
-6.9469e-03
-5.9299e-03
-4.9970e-03
-4.1863e-03
-3.5766e-03
-2.9389e-03
-2.2663e-03
-1.5572e-03
-1.0198e-03
-7.1699e-04
-5.1020e-04
-2.2379e-04
2.9359e-04
9.2561e-04
1.4159e-03
1.7509e-03
2.1041e-03
2.5397e-03
3.0636e-03
3.5880e-03
4.2404e-03
4.9867e-03
5.5263e-03
5.8750e-03
6.2235e-03
6.6944e-03
7.2181e-03
7.9319e-03
8.8407e-03
9.7698e-03
1.0414e-02
1.0494e-02
1.0184e-02
9.8080e-03
9.6007e-03
9.5370e-03
9.5849e-03
9.6332e-03
9.5714e-03
9.4392e-03
9.2531e-03
9.0953e-03
8.9181e-03
8.6932e-03
8.4191e-03
8.2526e-03
8.2219e-03
8.3217e-03
8.4225e-03
8.5580e-03
8.8875e-03
9.3404e-03
9.8207e-03
1.0052e-02
1.0117e-02
1.0301e-02
1.0717e-02
1.1065e-02
1.1087e-02
1.0842e-02
1.0372e-02
9.8097e-03
9.2397e-03
8.6211e-03
7.9995e-03
7.1995e-03
6.0842e-03
4.6673e-03
3.2981e-03
2.2900e-03
1.9807e-03
2.3967e-03
3.3008e-03
4.1524e-03
4.5405e-03
4.3812e-03
4.0273e-03
3.9595e-03
4.3577e-03
5.1491e-03
6.1013e-03
6.8235e-03
7.1803e-03
7.2399e-03
7.1851e-03
7.1109e-03
6.8878e-03
6.4153e-03
5.7155e-03
4.9218e-03
4.2772e-03
4.0421e-03
4.2423e-03
4.4778e-03
4.4752e-03
4.1059e-03
3.4570e-03
2.7635e-03
2.3641e-03
2.1856e-03
2.2124e-03
2.2395e-03
2.2981e-03
2.3270e-03
2.3650e-03
2.3095e-03
2.0246e-03
1.5427e-03
1.0197e-03
5.4644e-04
1.6462e-04
-2.0855e-04
-5.9424e-04
-9.5282e-04
-1.3297e-03
-1.5812e-03
-1.6965e-03
-1.9506e-03
-2.3896e-03
-2.9967e-03
-3.6088e-03
-4.1826e-03
-4.5337e-03
-4.5762e-03
-4.3842e-03
-4.1077e-03
-3.7573e-03
-3.4226e-03
-3.2599e-03
-3.4136e-03
-3.6758e-03
-3.7447e-03
-3.5379e-03
-3.2058e-03
-3.0552e-03
-3.0885e-03
-3.4521e-03
-4.0972e-03
-4.7480e-03
-5.0244e-03
-4.8114e-03
-4.3821e-03
-4.1350e-03
-4.2909e-03
-4.8033e-03
-5.3553e-03
-5.7790e-03
-6.0286e-03
-6.0110e-03
-5.7538e-03
-5.4522e-03
-5.3572e-03
-5.3790e-03
-5.3251e-03
-5.3325e-03
-5.4159e-03
-5.4684e-03
-5.3698e-03
-5.0752e-03
-4.8405e-03
-4.8296e-03
-4.9446e-03
-5.2527e-03
-5.7074e-03
-6.3249e-03
-6.9809e-03
-7.4963e-03
-7.8195e-03
-7.8147e-03
-7.8036e-03
-7.8835e-03
-8.2060e-03
-8.8142e-03
-9.6906e-03
-1.0510e-02
-1.0970e-02
-1.0947e-02
-1.0667e-02
-1.0431e-02
-1.0565e-02
-1.1161e-02
-1.1931e-02
-1.2372e-02
-1.2193e-02
-1.1511e-02
-1.0405e-02
-9.0835e-03
-7.6815e-03
-6.1042e-03
-4.4434e-03
-2.8230e-03
-1.2855e-03
-4.5982e-05
6.8569e-04
9.6924e-04
1.0732e-03
1.2387e-03
1.3807e-03
1.2747e-03
8.2335e-04
1.6205e-04
-6.7970e-04
-1.4754e-03
-1.9837e-03
-2.2276e-03
-2.2630e-03
-1.9699e-03
-1.4813e-03
-1.0444e-03
-7.6532e-04
-6.5942e-04
-7.0884e-04
-8.6272e-04
-1.0163e-03
-1.1441e-03
-1.0996e-03
-9.0402e-04
-7.2181e-04
-7.0367e-04
-8.3471e-04
-9.3265e-04
-9.8595e-04
-7.0998e-04
-1.4541e-04
5.5953e-04
1.2059e-03
1.7796e-03
2.3715e-03
2.9016e-03
3.3151e-03
3.6572e-03
4.0843e-03
4.4795e-03
4.6448e-03
4.5780e-03
4.4090e-03
4.2003e-03
4.1315e-03
4.0645e-03
4.0068e-03
4.0046e-03
3.9478e-03
3.8008e-03
3.5675e-03
3.2350e-03
2.8067e-03
2.4100e-03
2.2833e-03
2.3000e-03
2.3055e-03
2.2394e-03
2.3621e-03
2.7433e-03
3.2328e-03
3.8223e-03
4.4896e-03
5.3049e-03
6.3842e-03
7.4619e-03
8.3213e-03
9.0240e-03
9.5539e-03
9.9372e-03
1.0210e-02
1.0502e-02
1.0618e-02
1.0368e-02
9.6821e-03
8.5414e-03
7.1801e-03
5.9217e-03
5.0151e-03
4.5152e-03
4.2588e-03
3.7718e-03
2.9352e-03
1.9531e-03
7.8230e-04
-5.5035e-04
-1.7426e-03
-2.4950e-03
-2.6572e-03
-2.4280e-03
-2.1464e-03
-1.8356e-03
-1.6301e-03
-1.4659e-03
-1.4674e-03
-1.6035e-03
-1.7616e-03
-1.8851e-03
-2.0089e-03
-2.0240e-03
-1.9407e-03
-1.9989e-03
-2.1787e-03
-2.2829e-03
-2.3044e-03
-2.3782e-03
-2.3618e-03
-2.0999e-03
-1.7845e-03
-1.4533e-03
-1.1692e-03
-8.4560e-04
-7.1400e-04
-8.9565e-04
-1.2124e-03
-1.5681e-03
-1.9529e-03
-2.3282e-03
-2.7060e-03
-2.9884e-03
-3.5095e-03
-4.2858e-03
-5.3697e-03
-6.4206e-03
-7.3842e-03
-8.3457e-03
-9.3120e-03
-1.0258e-02
-1.1247e-02
-1.2177e-02
-1.2961e-02
-1.3306e-02
-1.3105e-02
-1.2364e-02
-1.1253e-02
-1.0062e-02
-9.1633e-03
-8.8133e-03
-8.9846e-03
-9.3173e-03
-9.5767e-03
-9.6466e-03
-9.5017e-03
-9.1865e-03
-8.7346e-03
-8.0954e-03
-7.2626e-03
-6.2300e-03
-5.1066e-03
-3.9486e-03
-2.9585e-03
-2.0641e-03
-1.2008e-03
-3.4791e-04
4.3743e-04
1.2379e-03
1.8455e-03
2.2881e-03
2.1465e-03
1.6838e-03
1.1756e-03
8.0103e-04
7.3193e-04
9.5466e-04
1.2226e-03
1.3801e-03
1.3280e-03
1.2331e-03
1.1524e-03
1.1785e-03
1.4385e-03
1.9952e-03
2.7118e-03
3.3842e-03
3.8370e-03
4.1797e-03
4.6182e-03
5.2052e-03
5.8973e-03
6.6545e-03
7.4909e-03
8.3233e-03
9.1809e-03
9.9051e-03
1.0574e-02
1.1369e-02
1.2147e-02
1.2962e-02
1.3680e-02
1.4433e-02
1.5288e-02
1.6037e-02
1.6351e-02
1.6216e-02
1.5756e-02
1.4977e-02
1.3999e-02
1.2998e-02
1.2189e-02
1.1616e-02
1.1222e-02
1.0840e-02
1.0447e-02
1.0023e-02
9.6128e-03
9.1093e-03
8.5028e-03
7.7531e-03
7.0646e-03
6.3597e-03
5.6719e-03
5.0554e-03
4.5429e-03
4.1246e-03
3.7800e-03
3.4761e-03
3.0794e-03
2.6857e-03
2.2374e-03
1.8319e-03
1.4389e-03
1.0484e-03
7.5666e-04
6.7389e-04
5.6283e-04
5.0802e-04
4.4656e-04
4.1972e-04
1.8731e-04
-2.0941e-04
-5.5351e-04
-8.1339e-04
-1.1779e-03
-1.6085e-03
-2.0589e-03
-2.3995e-03
-2.5879e-03
-2.7588e-03
-2.8785e-03
-3.0282e-03
-3.2596e-03
-3.5615e-03
-3.8623e-03
-4.0869e-03
-4.2558e-03
-4.3579e-03
-4.4097e-03
-4.4237e-03
-4.4169e-03
-4.5200e-03
-4.7417e-03
-4.9476e-03
-5.1258e-03
-5.2070e-03
-5.2345e-03
-5.2648e-03
-5.3043e-03
-5.3483e-03
-5.4654e-03
-5.7091e-03
-6.0686e-03
-6.3354e-03
-6.5159e-03
-6.5768e-03
-6.6272e-03
-6.5624e-03
-6.4937e-03
-6.3729e-03
-6.1552e-03
-5.7358e-03
-5.1771e-03
-4.4967e-03
-3.6454e-03
-2.6923e-03
-1.8049e-03
-9.8836e-04
-3.5350e-04
8.6679e-05
2.2292e-04
1.9085e-04
1.7180e-04
2.1782e-04
3.3068e-04
4.6534e-04
6.2410e-04
7.1884e-04
5.2603e-04
2.0516e-04
-1.3979e-04
-4.2267e-04
-7.4863e-04
-1.0574e-03
-1.2854e-03
-1.6048e-03
-2.0634e-03
-2.6875e-03
-3.2320e-03
-3.6992e-03
-4.0094e-03
-3.9653e-03
-3.6702e-03
-3.3157e-03
-3.1115e-03
-2.9813e-03
-2.8253e-03
-2.7038e-03
-2.5361e-03
-2.2579e-03
-2.0536e-03
-2.0485e-03
-2.3889e-03
-2.8860e-03
-3.3832e-03
-3.7283e-03
-3.7866e-03
-3.5534e-03
-3.3055e-03
-3.2732e-03
-3.4978e-03
-3.8530e-03
-4.1826e-03
-4.4301e-03
-4.5482e-03
-4.5904e-03
-4.7254e-03
-4.9703e-03
-5.2234e-03
-5.3750e-03
-5.3840e-03
-5.2836e-03
-5.1287e-03
-4.9349e-03
-4.6534e-03
-4.3261e-03
-3.9016e-03
-3.4394e-03
-2.9707e-03
-2.5893e-03
-2.2632e-03
-1.8504e-03
-1.3088e-03
-7.7202e-04
-4.4773e-04
-3.6068e-04
-4.3811e-04
-5.6775e-04
-6.7876e-04
-6.6876e-04
-5.0804e-04
-3.4520e-04
-2.9809e-04
-3.3381e-04
-3.5302e-04
-2.3291e-04
-4.6684e-05
1.5697e-04
1.9915e-04
2.2762e-04
3.0638e-04
3.9027e-04
6.0094e-04
8.4065e-04
1.0288e-03
1.2430e-03
1.4579e-03
1.6760e-03
1.8754e-03
2.0363e-03
2.1844e-03
2.3598e-03
2.4795e-03
2.5537e-03
2.6349e-03
2.6995e-03
2.8205e-03
2.9752e-03
3.0973e-03
3.3250e-03
3.5786e-03
3.8825e-03
4.2726e-03
4.5894e-03
4.7452e-03
4.8776e-03
5.0565e-03
5.4155e-03
5.9295e-03
6.4442e-03
6.9243e-03
7.4221e-03
7.8732e-03
8.3148e-03
8.7767e-03
9.3558e-03
9.9012e-03
1.0359e-02
1.0706e-02
1.0968e-02
1.1125e-02
1.1220e-02
1.1340e-02
1.1343e-02
1.1220e-02
1.0995e-02
1.0582e-02
9.9460e-03
9.1069e-03
8.1412e-03
7.2592e-03
6.5622e-03
5.9152e-03
5.3191e-03
4.7932e-03
4.3236e-03
3.9847e-03
3.7603e-03
3.5432e-03
3.3445e-03
3.0772e-03
2.8439e-03
2.5831e-03
2.2039e-03
1.8014e-03
1.3666e-03
9.4044e-04
5.3168e-04
1.5901e-04
-1.7377e-04
-4.2438e-04
-5.8813e-04
-6.8625e-04
-8.3276e-04
-1.0259e-03
-1.2148e-03
-1.3502e-03
-1.4552e-03
-1.6152e-03
-1.7629e-03
-1.8693e-03
-1.9170e-03
-2.0390e-03
-2.2262e-03
-2.4031e-03
-2.6285e-03
-2.8273e-03
-2.9834e-03
-3.1131e-03
-3.2961e-03
-3.5026e-03
-3.6940e-03
-3.8951e-03
-4.1048e-03
-4.2486e-03
-4.3069e-03
-4.3638e-03
-4.4206e-03
-4.4969e-03
-4.5797e-03
-4.7503e-03
-5.0625e-03
-5.5372e-03
-6.0815e-03
-6.5338e-03
-6.8905e-03
-7.0240e-03
-7.0424e-03
-7.1233e-03
-7.3120e-03
-7.5292e-03
-7.6988e-03
-7.8261e-03
-7.9317e-03
-7.9697e-03
-7.9611e-03
-7.9340e-03
-7.9410e-03
-8.0287e-03
-8.0122e-03
-7.7853e-03
-7.3394e-03
-6.7672e-03
-6.1096e-03
-5.4553e-03
-4.7875e-03
-4.2450e-03
-3.6759e-03
-3.0594e-03
-2.3085e-03
-1.6147e-03
-1.0720e-03
-7.7423e-04
-7.4165e-04
-8.4030e-04
-9.6162e-04
-1.0321e-03
-1.0117e-03
-9.5485e-04
-8.2589e-04
-7.4601e-04
-7.9171e-04
-1.0105e-03
-1.2535e-03
-1.3613e-03
-1.3099e-03
-1.1581e-03
-9.3962e-04
-7.0497e-04
-4.8789e-04
-2.6416e-04
-1.0144e-05
3.2827e-04
7.7804e-04
1.2899e-03
1.8459e-03
2.3751e-03
2.8893e-03
3.3053e-03
3.6202e-03
3.7681e-03
3.8051e-03
3.8239e-03
3.8000e-03
3.8097e-03
3.8555e-03
4.0038e-03
4.1509e-03
4.2251e-03
4.1810e-03
4.1383e-03
4.0684e-03
3.9393e-03
3.8055e-03
3.7049e-03
3.8360e-03
4.0923e-03
4.3759e-03
4.5615e-03
4.6248e-03
4.6076e-03
4.5903e-03
4.5931e-03
4.4736e-03
4.1388e-03
3.6423e-03
2.9038e-03
2.0610e-03
1.3147e-03
7.7121e-04
2.7106e-04
-2.8979e-04
-8.6698e-04
-1.2977e-03
-1.6629e-03
-1.8777e-03
-1.9728e-03
-2.0153e-03
-2.0606e-03
-2.1965e-03
-2.3349e-03
-2.3963e-03
-2.4085e-03
-2.3717e-03
-2.4561e-03
-2.6907e-03
-2.9894e-03
-3.3051e-03
-3.6041e-03
-3.9452e-03
-4.3493e-03
-4.7343e-03
-5.0846e-03
-5.4291e-03
-5.7291e-03
-5.9252e-03
-6.0446e-03
-6.1086e-03
-5.9578e-03
-5.6433e-03
-5.3295e-03
-4.9564e-03
-4.6651e-03
-4.4259e-03
-4.2194e-03
-3.9824e-03
-3.6944e-03
-3.3312e-03
-2.9790e-03
-2.6494e-03
-2.4360e-03
-2.2604e-03
-2.1708e-03
-2.1145e-03
-2.0791e-03
-2.1205e-03
-2.1013e-03
-2.0207e-03
-1.8821e-03
-1.5971e-03
-1.2611e-03
-8.7010e-04
-4.0873e-04
1.0877e-04
5.4465e-04
8.6006e-04
1.0353e-03
1.0396e-03
1.0000e-03
9.3643e-04
9.1202e-04
1.0076e-03
1.1047e-03
1.2358e-03
1.4207e-03
1.6429e-03
1.9039e-03
2.1617e-03
2.4510e-03
2.7654e-03
3.0636e-03
3.2469e-03
3.3424e-03
3.3115e-03
3.2733e-03
3.2531e-03
3.1708e-03
3.1144e-03
2.9745e-03
2.9200e-03
3.0342e-03
3.2659e-03
3.4664e-03
3.6350e-03
3.7217e-03
3.8148e-03
4.0662e-03
4.4397e-03
4.8720e-03
5.4455e-03
6.1068e-03
6.7852e-03
7.3799e-03
7.9209e-03
8.3583e-03
8.6941e-03
8.8259e-03
8.6971e-03
8.3618e-03
8.0130e-03
7.6161e-03
7.3397e-03
7.0132e-03
6.5475e-03
5.9510e-03
5.2472e-03
4.6529e-03
4.1906e-03
3.9419e-03
3.8516e-03
3.7973e-03
3.4639e-03
2.7613e-03
1.9565e-03
1.1177e-03
4.4477e-04
-1.0341e-05
-1.5382e-04
-1.0504e-04
-2.2154e-05
4.2456e-05
1.1549e-04
2.5608e-04
3.9297e-04
4.6813e-04
4.9878e-04
4.7458e-04
4.2503e-04
3.2695e-04
1.4409e-04
-1.8403e-04
-5.3187e-04
-8.4628e-04
-1.0812e-03
-1.2271e-03
-1.3414e-03
-1.4493e-03
-1.6572e-03
-1.9065e-03
-2.0878e-03
-2.0860e-03
-2.0015e-03
-1.8500e-03
-1.6087e-03
-1.3124e-03
-9.6271e-04
-6.7315e-04
-4.7523e-04
-3.5363e-04
-3.1119e-04
-3.2536e-04
-3.8176e-04
-5.7499e-04
-9.7770e-04
-1.5482e-03
-2.0890e-03
-2.6000e-03
-3.0513e-03
-3.4559e-03
-3.8757e-03
-4.3544e-03
-4.7772e-03
-5.0696e-03
-5.2556e-03
-5.3595e-03
-5.3213e-03
-5.1737e-03
-4.9865e-03
-4.9224e-03
-5.0669e-03
-5.1484e-03
-5.0975e-03
-4.9411e-03
-4.6424e-03
-4.3072e-03
-3.9729e-03
-3.7266e-03
-3.5164e-03
-3.3032e-03
-3.0862e-03
-2.9010e-03
-2.7606e-03
-2.6654e-03
-2.5944e-03
-2.4489e-03
-2.2784e-03
-2.1287e-03
-2.0653e-03
-2.0093e-03
-1.8830e-03
-1.7336e-03
-1.6062e-03
-1.5323e-03
-1.5904e-03
-1.7000e-03
-1.8707e-03
-1.9264e-03
-1.8055e-03
-1.5161e-03
-1.1599e-03
-9.8676e-04
-8.9718e-04
-8.4665e-04
-6.7756e-04
-2.9568e-04
1.7048e-04
5.9792e-04
9.1861e-04
1.1596e-03
1.4066e-03
1.7579e-03
2.2075e-03
2.6858e-03
3.0174e-03
3.2305e-03
3.4975e-03
3.6666e-03
3.7050e-03
3.6129e-03
3.4469e-03
3.3132e-03
3.2471e-03
3.2500e-03
3.2550e-03
3.1219e-03
2.8831e-03
2.6216e-03
2.4087e-03
2.2935e-03
2.2732e-03
2.3065e-03
2.2374e-03
2.0658e-03
1.8095e-03
1.5848e-03
1.5199e-03
1.5603e-03
1.5056e-03
1.3477e-03
1.0623e-03
7.4107e-04
5.3623e-04
4.5485e-04
6.5260e-04
8.7778e-04
1.1394e-03
1.3290e-03
1.4930e-03
1.4855e-03
1.3605e-03
1.2088e-03
1.1245e-03
9.2771e-04
8.2787e-04
7.4369e-04
5.7349e-04
3.0323e-04
5.6878e-05
-9.5371e-05
-8.2128e-05
4.4743e-05
2.5480e-04
4.5924e-04
6.9744e-04
8.8200e-04
1.0214e-03
1.1215e-03
1.2252e-03
1.3672e-03
1.4253e-03
1.2577e-03
9.5017e-04
5.8335e-04
1.3281e-04
-3.9828e-04
-9.0143e-04
-1.3233e-03
-1.6924e-03
-2.0351e-03
-2.2322e-03
-2.4227e-03
-2.6113e-03
-2.7963e-03
-2.8780e-03
-2.8904e-03
-2.8763e-03
-2.9609e-03
-3.1126e-03
-3.3909e-03
-3.6927e-03
-3.9378e-03
-3.9759e-03
-3.8148e-03
-3.5291e-03
-3.2253e-03
-3.0502e-03
-2.9655e-03
-2.8691e-03
-2.7410e-03
-2.6662e-03
-2.6846e-03
-2.7200e-03
-2.6695e-03
-2.5810e-03
-2.7016e-03
-2.8570e-03
-2.9728e-03
-2.9659e-03
-2.8280e-03
-2.6102e-03
-2.3962e-03
-2.2771e-03
-2.2227e-03
-2.2511e-03
-2.1744e-03
-2.0199e-03
-1.9776e-03
-2.0140e-03
-2.0470e-03
-2.0905e-03
-2.2530e-03
-2.3690e-03
-2.4210e-03
-2.4153e-03
-2.4174e-03
-2.2926e-03
-2.1128e-03
-1.9061e-03
-1.7474e-03
-1.5602e-03
-1.3000e-03
-8.9311e-04
-4.6480e-04
-1.1894e-04
1.1556e-04
2.8219e-04
2.9508e-04
3.6058e-04
5.4830e-04
8.6090e-04
1.2118e-03
1.6724e-03
2.1360e-03
2.4219e-03
2.6084e-03
2.8795e-03
3.4128e-03
4.0116e-03
4.7196e-03
5.3199e-03
5.8246e-03
6.1689e-03
6.2894e-03
6.1873e-03
6.0587e-03
5.9034e-03
5.7837e-03
5.5989e-03
5.3278e-03
5.0478e-03
4.6813e-03
4.3608e-03
4.1211e-03
4.0343e-03
4.1093e-03
4.2643e-03
4.4283e-03
4.5546e-03
4.6224e-03
4.5249e-03
4.3434e-03
4.1606e-03
3.9042e-03
3.6816e-03
3.4792e-03
3.3024e-03
3.0669e-03
2.7390e-03
2.3389e-03
1.9439e-03
1.5131e-03
1.0626e-03
6.3455e-04
2.5505e-04
-1.8177e-04
-6.0259e-04
-9.8753e-04
-1.3005e-03
-1.4484e-03
-1.4988e-03
-1.5635e-03
-1.5733e-03
-1.5929e-03
-1.6213e-03
-1.6948e-03
-1.8170e-03
-1.9493e-03
-2.0550e-03
-2.1372e-03
-2.1978e-03
-2.2579e-03
-2.3027e-03
-2.3109e-03
-2.3444e-03
-2.4161e-03
-2.5401e-03
-2.7445e-03
-2.9397e-03
-3.0051e-03
-2.9785e-03
-2.9519e-03
-2.9214e-03
-2.9361e-03
-2.9362e-03
-2.9514e-03
-2.9118e-03
-2.8699e-03
-2.9013e-03
-3.0089e-03
-3.2223e-03
-3.5759e-03
-4.0504e-03
-4.3453e-03
-4.4646e-03
-4.4310e-03
-4.4026e-03
-4.3690e-03
-4.4399e-03
-4.6149e-03
-4.7124e-03
-4.6577e-03
-4.5064e-03
-4.4569e-03
-4.4508e-03
-4.4017e-03
-4.0794e-03
-3.5371e-03
-2.8981e-03
-2.3405e-03
-1.8972e-03
-1.5971e-03
-1.3668e-03
-1.1903e-03
-1.0288e-03
-9.5468e-04
-9.6200e-04
-9.6230e-04
-8.8080e-04
-7.6993e-04
-6.8458e-04
-5.4927e-04
-3.9793e-04
-2.4961e-04
-1.7672e-04
-7.8348e-05
-6.1645e-06
-2.4574e-05
-6.1085e-05
-2.2159e-05
1.0789e-04
3.5840e-04
6.7751e-04
1.0450e-03
1.4652e-03
1.8208e-03
1.9939e-03
2.1090e-03
2.1407e-03
2.1256e-03
2.1859e-03
2.3711e-03
2.6345e-03
2.9244e-03
3.2071e-03
3.5354e-03
3.8967e-03
4.2422e-03
4.7419e-03
5.3764e-03
6.1189e-03
6.6610e-03
6.8746e-03
6.8895e-03
6.9463e-03
7.1502e-03
7.3163e-03
7.4202e-03
7.3947e-03
7.1122e-03
6.5934e-03
6.0495e-03
5.5882e-03
5.2291e-03
4.9423e-03
4.7115e-03
4.4381e-03
4.1027e-03
3.8553e-03
3.6783e-03
3.5586e-03
3.4158e-03
3.2354e-03
2.9050e-03
2.4457e-03
1.9347e-03
1.3730e-03
7.8949e-04
2.8248e-04
-8.3278e-05
-4.0473e-04
-7.7348e-04
-1.1407e-03
-1.4723e-03
-1.6689e-03
-1.8783e-03
-2.0731e-03
-2.1230e-03
-2.0392e-03
-1.9632e-03
-1.8270e-03
-1.8657e-03
-2.0189e-03
-2.2207e-03
-2.4465e-03
-2.5650e-03
-2.5466e-03
-2.4364e-03
-2.3574e-03
-2.4592e-03
-2.6380e-03
-2.7749e-03
-2.9497e-03
-3.0692e-03
-3.0757e-03
-3.0649e-03
-3.0987e-03
-3.2575e-03
-3.5091e-03
-3.8096e-03
-4.0349e-03
-4.1131e-03
-4.0386e-03
-3.9372e-03
-3.8681e-03
-3.9048e-03
-4.0336e-03
-4.1579e-03
-4.1336e-03
-3.9926e-03
-3.7586e-03
-3.4990e-03
-3.2852e-03
-3.1251e-03
-2.9884e-03
-2.8775e-03
-2.6147e-03
-2.2565e-03
-1.8938e-03
-1.5940e-03
-1.4133e-03
-1.2581e-03
-1.0674e-03
-7.2738e-04
-3.6956e-04
-7.1733e-05
1.1618e-04
1.7780e-04
1.6698e-04
8.6659e-05
4.1880e-05
1.6171e-04
5.6525e-04
1.1093e-03
1.7160e-03
2.2389e-03
2.7028e-03
3.0726e-03
3.3979e-03
3.6997e-03
4.0155e-03
4.3281e-03
4.6420e-03
4.9426e-03
5.1164e-03
5.1186e-03
4.9764e-03
4.8717e-03
4.6995e-03
4.4905e-03
4.4142e-03
4.3760e-03
4.3781e-03
4.3304e-03
4.1781e-03
3.9986e-03
3.7688e-03
3.4710e-03
3.0630e-03
2.5099e-03
1.8525e-03
1.1450e-03
4.8168e-04
-1.2081e-04
-4.7393e-04
-5.9575e-04
-5.7055e-04
-4.9274e-04
-3.4723e-04
-2.3883e-04
-2.4808e-04
-4.4799e-04
-7.1579e-04
-9.9995e-04
-1.2021e-03
-1.2482e-03
-1.1535e-03
-1.0838e-03
-1.0760e-03
-1.2261e-03
-1.3877e-03
-1.5626e-03
-1.6517e-03
-1.5831e-03
-1.4117e-03
-1.2296e-03
-1.1725e-03
-1.1728e-03
-1.2472e-03
-1.2933e-03
-1.2863e-03
-1.2155e-03
-1.1539e-03
-1.2530e-03
-1.4376e-03
-1.6716e-03
-1.8311e-03
-1.8805e-03
-1.8394e-03
-1.8079e-03
-1.8245e-03
-1.9205e-03
-2.0214e-03
-2.1383e-03
-2.1934e-03
-2.1612e-03
-2.1326e-03
-2.1234e-03
-2.1439e-03
-2.2141e-03
-2.1860e-03
-2.0456e-03
-1.8025e-03
-1.5237e-03
-1.3488e-03
-1.2819e-03
-1.3706e-03
-1.5744e-03
-1.7137e-03
-1.6477e-03
-1.3609e-03
-9.5509e-04
-6.0678e-04
-4.0253e-04
-3.2841e-04
-3.7373e-04
-3.4271e-04
-2.6967e-04
-1.7164e-04
-3.9673e-05
1.2836e-04
3.8221e-04
6.5665e-04
8.9098e-04
1.0335e-03
1.0626e-03
9.8264e-04
8.1896e-04
6.7286e-04
6.7045e-04
7.3154e-04
7.5710e-04
7.7546e-04
8.0735e-04
9.3105e-04
1.1051e-03
1.2937e-03
1.3560e-03
1.4809e-03
1.5858e-03
1.7477e-03
1.9904e-03
2.2788e-03
2.4895e-03
2.5218e-03
2.4095e-03
2.2424e-03
2.1415e-03
2.1407e-03
2.2113e-03
2.2333e-03
2.2408e-03
2.1672e-03
1.9273e-03
1.7249e-03
1.6404e-03
1.6107e-03
1.5695e-03
1.5396e-03
1.5149e-03
1.4050e-03
1.2100e-03
1.0461e-03
1.0172e-03
1.0387e-03
1.0215e-03
9.5120e-04
7.6853e-04
5.9569e-04
4.8828e-04
4.5210e-04
4.1206e-04
3.1661e-04
6.1296e-05
-2.3800e-04
-5.4415e-04
-8.2920e-04
-1.0595e-03
-1.3087e-03
-1.5512e-03
-1.8118e-03
-2.0617e-03
-2.3163e-03
-2.5797e-03
-2.7832e-03
-2.9275e-03
-2.9493e-03
-2.8873e-03
-2.7689e-03
-2.5052e-03
-2.2391e-03
-2.0163e-03
-1.8244e-03
-1.6136e-03
-1.4863e-03
-1.4391e-03
-1.4545e-03
-1.4917e-03
-1.5422e-03
-1.6858e-03
-1.8813e-03
-2.1178e-03
-2.2407e-03
-2.3714e-03
-2.5454e-03
-2.7702e-03
-2.9043e-03
-2.9370e-03
-2.8731e-03
-2.7501e-03
-2.5997e-03
-2.4477e-03
-2.2612e-03
-2.0749e-03
-1.8086e-03
-1.5139e-03
-1.2189e-03
-9.6808e-04
-8.4245e-04
-7.9756e-04
-7.3296e-04
-6.3179e-04
-5.2814e-04
-4.4069e-04
-2.8165e-04
-1.2490e-04
7.6713e-05
2.0479e-04
2.6780e-04
3.0056e-04
3.8749e-04
5.2137e-04
8.1760e-04
1.2014e-03
1.5903e-03
1.9652e-03
2.2380e-03
2.4157e-03
2.5002e-03
2.5152e-03
2.5996e-03
2.6952e-03
2.7793e-03
2.8569e-03
2.8601e-03
2.7984e-03
2.7284e-03
2.6502e-03
2.4478e-03
2.2433e-03
2.0589e-03
1.8454e-03
1.6525e-03
1.3954e-03
1.1677e-03
9.3169e-04
7.4142e-04
6.1430e-04
5.2692e-04
4.5116e-04
3.8190e-04
3.6048e-04
4.4810e-04
5.7020e-04
7.6370e-04
9.8430e-04
1.0508e-03
9.9897e-04
8.3174e-04
5.9962e-04
3.0400e-04
1.6491e-04
1.5809e-04
1.8609e-04
1.2861e-04
-7.1504e-05
-3.6519e-04
-6.4832e-04
-9.2355e-04
-1.1258e-03
-1.2730e-03
-1.4486e-03
-1.5849e-03
-1.7690e-03
-1.9755e-03
-2.1651e-03
-2.3004e-03
-2.3409e-03
-2.2819e-03
-2.1753e-03
-2.1014e-03
-2.0738e-03
-2.1430e-03
-2.3138e-03
-2.5051e-03
-2.7214e-03
-3.0021e-03
-3.2578e-03
-3.4263e-03
-3.5742e-03
-3.6788e-03
-3.7329e-03
-3.7333e-03
-3.6006e-03
-3.4599e-03
-3.4039e-03
-3.3392e-03
-3.3601e-03
-3.3328e-03
-3.3018e-03
-3.2744e-03
-3.2149e-03
-3.0881e-03
-2.8814e-03
-2.6436e-03
-2.3857e-03
-2.0795e-03
-1.7921e-03
-1.5752e-03
-1.3823e-03
-1.1789e-03
-9.8473e-04
-9.1962e-04
-9.4862e-04
-9.1325e-04
-8.5027e-04
-7.8025e-04
-6.9758e-04
-5.8974e-04
-4.5923e-04
-3.9940e-04
-3.7723e-04
-2.9349e-04
-1.2130e-04
1.7473e-04
5.5094e-04
9.2243e-04
1.2728e-03
1.5811e-03
1.8258e-03
2.0611e-03
2.4477e-03
3.0252e-03
3.7241e-03
4.4387e-03
5.0450e-03
5.6555e-03
6.3522e-03
7.0681e-03
7.7734e-03
8.4855e-03
9.1396e-03
9.7450e-03
1.0129e-02
1.0318e-02
1.0273e-02
1.0051e-02
9.6127e-03
8.9945e-03
8.2991e-03
7.6332e-03
7.0335e-03
6.5217e-03
6.0773e-03
5.6805e-03
5.3780e-03
5.2017e-03
5.0772e-03
5.0762e-03
5.0150e-03
4.7385e-03
4.3377e-03
3.8769e-03
3.3507e-03
2.8658e-03
2.4831e-03
2.1575e-03
1.8876e-03
1.6139e-03
1.3499e-03
1.1420e-03
8.7944e-04
5.7779e-04
2.7617e-04
4.4700e-05
-9.6693e-05
-2.5060e-04
-4.5549e-04
-6.6673e-04
-8.6793e-04
-1.1305e-03
-1.3465e-03
-1.5419e-03
-1.6520e-03
-1.6795e-03
-1.7139e-03
-1.7308e-03
-1.7642e-03
-1.7841e-03
-1.8012e-03
-1.8583e-03
-1.9822e-03
-2.1959e-03
-2.5541e-03
-2.9437e-03
-3.3037e-03
-3.6821e-03
-4.1073e-03
-4.5469e-03
-4.9598e-03
-5.3927e-03
-5.8289e-03
-6.1791e-03
-6.3701e-03
-6.4500e-03
-6.5388e-03
-6.5889e-03
-6.6727e-03
-6.6875e-03
-6.7149e-03
-6.6798e-03
-6.5213e-03
-6.2714e-03
-6.0236e-03
-5.7742e-03
-5.6108e-03
-5.5329e-03
-5.4617e-03
-5.3307e-03
-5.1235e-03
-4.9371e-03
-4.6547e-03
-4.2941e-03
-3.8038e-03
-3.3085e-03
-2.8486e-03
-2.4615e-03
-2.1391e-03
-1.8401e-03
-1.5960e-03
-1.3957e-03
-1.2408e-03
-1.0764e-03
-9.2004e-04
-8.3458e-04
-7.8447e-04
-7.3366e-04
-7.1152e-04
-6.3433e-04
-5.5152e-04
-4.4600e-04
-3.6091e-04
-2.3517e-04
-1.1754e-04
2.5615e-05
1.9003e-04
3.8207e-04
6.3759e-04
9.7474e-04
1.2983e-03
1.5743e-03
1.8287e-03
2.0276e-03
2.2060e-03
2.3667e-03
2.5892e-03
2.8195e-03
3.0089e-03
3.2258e-03
3.3895e-03
3.5029e-03
3.5650e-03
3.6154e-03
3.6731e-03
3.7568e-03
3.7962e-03
3.8611e-03
3.9134e-03
4.0367e-03
4.1811e-03
4.1584e-03
4.0597e-03
3.8422e-03
3.5779e-03
3.3395e-03
3.1555e-03
2.9965e-03
2.8183e-03
2.5170e-03
2.1161e-03
1.6847e-03
1.2041e-03
7.9165e-04
5.4573e-04
4.5282e-04
4.1145e-04
4.1458e-04
5.6140e-04
7.5553e-04
9.3050e-04
1.0930e-03
1.2162e-03
1.2677e-03
1.3257e-03
1.3498e-03
1.4147e-03
1.4438e-03
1.3224e-03
1.0971e-03
7.2895e-04
3.2472e-04
-1.3225e-04
-6.2635e-04
-1.1269e-03
-1.5915e-03
-1.9610e-03
-2.2652e-03
-2.4986e-03
-2.6490e-03
-2.7040e-03
-2.6850e-03
-2.6613e-03
-2.7238e-03
-2.7998e-03
-2.8915e-03
-2.9127e-03
-2.9252e-03
-2.8118e-03
-2.6610e-03
-2.4533e-03
-2.0963e-03
-1.6473e-03
-1.2434e-03
-9.7628e-04
-9.5715e-04
-1.0138e-03
-1.1198e-03
-1.1506e-03
-1.0884e-03
-1.0489e-03
-9.2264e-04
-5.5669e-04
-1.1404e-04
-1.5225e-04
-7.4272e-04
-1.2296e-03
-1.1929e-03
-7.0720e-04
-2.2217e-04
1.8036e-04
4.5698e-04
3.7198e-04
-1.0471e-04
-6.2133e-04
-7.7687e-04
-5.4126e-04
-8.9124e-05
2.8791e-04
2.8961e-04
-5.0773e-05
-4.1455e-04
-4.0882e-04
-8.2220e-06
4.8593e-04
8.8267e-04
1.1725e-03
1.3156e-03
1.3043e-03
1.3366e-03
1.4876e-03
1.7972e-03
2.0969e-03
2.1908e-03
2.0899e-03
1.9324e-03
1.8140e-03
1.7992e-03
1.9108e-03
2.1939e-03
2.4154e-03
2.4588e-03
2.3617e-03
2.2760e-03
2.2703e-03
2.2739e-03
2.4015e-03
2.5888e-03
2.6636e-03
2.5051e-03
2.2991e-03
2.2327e-03
2.2588e-03
2.2955e-03
2.3572e-03
2.5784e-03
2.7146e-03
2.7028e-03
2.6441e-03
2.7913e-03
2.8452e-03
2.7759e-03
2.7366e-03
2.7110e-03
2.6853e-03
2.5522e-03
2.3001e-03
2.0376e-03
1.8167e-03
1.7749e-03
1.8193e-03
1.7310e-03
1.5093e-03
1.2522e-03
9.8062e-04
6.8875e-04
5.0102e-04
3.4054e-04
1.1694e-04
-8.6639e-05
-2.4869e-04
-4.7724e-04
-7.0244e-04
-8.1913e-04
-8.5789e-04
-9.2868e-04
-9.7554e-04
-8.3615e-04
-7.0326e-04
-6.3633e-04
-6.5558e-04
-5.8531e-04
-4.2867e-04
-5.7034e-04
-7.3979e-04
-7.7118e-04
-6.1068e-04
-4.0427e-04
-1.5090e-04
-1.5625e-04
-6.7852e-04
-1.4307e-03
-1.9540e-03
-1.9991e-03
-1.8662e-03
-1.9180e-03
-2.1631e-03
-2.4977e-03
-2.9719e-03
-3.4411e-03
-3.6631e-03
-3.7742e-03
-3.8212e-03
-3.7496e-03
-3.7097e-03
-3.8674e-03
-4.1410e-03
-4.3729e-03
-4.4442e-03
-4.2299e-03
-3.7417e-03
-3.3593e-03
-3.2549e-03
-3.2863e-03
-3.3766e-03
-3.4864e-03
-3.5620e-03
-3.4745e-03
-3.2649e-03
-2.9546e-03
-2.6451e-03
-2.4901e-03
-2.5494e-03
-2.7639e-03
-2.9576e-03
-2.9901e-03
-2.7849e-03
-2.5036e-03
-2.4084e-03
-2.4144e-03
-2.4931e-03
-2.5126e-03
-2.4175e-03
-2.2523e-03
-2.0376e-03
-1.9230e-03
-1.8246e-03
-1.6710e-03
-1.4454e-03
-1.2049e-03
-1.0826e-03
-1.1791e-03
-1.3513e-03
-1.3958e-03
-1.3237e-03
-1.0261e-03
-6.9990e-04
-6.0659e-04
-7.7464e-04
-1.1286e-03
-1.3899e-03
-1.4686e-03
-1.2355e-03
-8.2629e-04
-4.0094e-04
-2.5750e-04
-4.3612e-04
-7.6457e-04
-1.1534e-03
-1.3585e-03
-1.1909e-03
-7.3876e-04
-2.8385e-04
-3.8937e-05
7.2242e-06
-8.8712e-06
2.3390e-05
1.6172e-04
3.7602e-04
6.2216e-04
8.7304e-04
1.1676e-03
1.4698e-03
1.7588e-03
1.9635e-03
2.1111e-03
2.1494e-03
2.0807e-03
1.9854e-03
1.9922e-03
2.1194e-03
2.4015e-03
2.7341e-03
3.1036e-03
3.5768e-03
4.0783e-03
4.5323e-03
4.9587e-03
5.3415e-03
5.6060e-03
5.8238e-03
6.1392e-03
6.2744e-03
6.2159e-03
5.8454e-03
5.2480e-03
4.5957e-03
3.9783e-03
3.5148e-03
3.2528e-03
3.1717e-03
3.2522e-03
3.3240e-03
3.4271e-03
3.5197e-03
3.4975e-03
3.4660e-03
3.4046e-03
3.3160e-03
3.2190e-03
2.9999e-03
2.5888e-03
2.0421e-03
1.5769e-03
1.2658e-03
9.9156e-04
7.3778e-04
4.6723e-04
2.7250e-04
9.5527e-05
-2.7118e-05
-1.6113e-04
-2.8806e-04
-4.4059e-04
-6.0939e-04
-6.9754e-04
-5.8390e-04
-4.5759e-04
-4.4234e-04
-5.9045e-04
-8.4724e-04
-1.1275e-03
-1.4720e-03
-1.7712e-03
-1.9890e-03
-2.1077e-03
-2.1222e-03
-2.0495e-03
-1.9416e-03
-1.8069e-03
-1.6597e-03
-1.6152e-03
-1.5980e-03
-1.5984e-03
-1.6462e-03
-1.7904e-03
-1.9475e-03
-2.1619e-03
-2.2549e-03
-2.2333e-03
-2.1599e-03
-2.0696e-03
-2.0034e-03
-1.9016e-03
-1.7655e-03
-1.5958e-03
-1.3430e-03
-1.0881e-03
-7.8561e-04
-5.1065e-04
-2.3820e-04
3.0327e-06
1.5123e-04
2.7024e-04
4.8772e-04
7.5315e-04
9.8784e-04
1.2343e-03
1.5502e-03
1.7889e-03
1.9620e-03
2.0908e-03
2.2590e-03
2.4509e-03
2.6199e-03
2.7876e-03
2.8823e-03
3.0046e-03
3.1003e-03
3.1135e-03
3.0049e-03
2.8139e-03
2.5330e-03
2.1846e-03
1.7965e-03
1.3735e-03
8.9109e-04
4.0959e-04
-1.3269e-05
-3.9516e-04
-7.2098e-04
-9.4987e-04
-1.0818e-03
-1.2021e-03
-1.3245e-03
-1.4285e-03
-1.5988e-03
-1.7231e-03
-1.8102e-03
-1.9291e-03
-2.0139e-03
-2.0560e-03
-2.1252e-03
-2.2126e-03
-2.2514e-03
-2.2799e-03
-2.3340e-03
-2.3311e-03
-2.3144e-03
-2.3407e-03
-2.4377e-03
-2.5660e-03
-2.6359e-03
-2.6758e-03
-2.6281e-03
-2.5744e-03
-2.5254e-03
-2.4712e-03
-2.4517e-03
-2.3842e-03
-2.3999e-03
-2.3729e-03
-2.3539e-03
-2.2976e-03
-2.2235e-03
-2.2372e-03
-2.3263e-03
-2.4220e-03
-2.4635e-03
-2.4503e-03
-2.3821e-03
-2.2581e-03
-2.1798e-03
-2.1578e-03
-2.1933e-03
-2.1753e-03
-2.0433e-03
-1.8071e-03
-1.5223e-03
-1.2629e-03
-1.0472e-03
-8.4178e-04
-6.5884e-04
-4.4602e-04
-1.9217e-04
5.5937e-05
2.4326e-04
3.3981e-04
4.0038e-04
4.8227e-04
5.9067e-04
7.0020e-04
7.7918e-04
8.2371e-04
8.5578e-04
8.4030e-04
8.4509e-04
8.7374e-04
9.1952e-04
1.0099e-03
1.1228e-03
1.1440e-03
1.1109e-03
1.0439e-03
9.5566e-04
9.2848e-04
9.1616e-04
9.4585e-04
9.8377e-04
1.0232e-03
1.0492e-03
1.0642e-03
1.0772e-03
1.0916e-03
1.0936e-03
1.0426e-03
9.7612e-04
9.4129e-04
9.7009e-04
1.0650e-03
1.2048e-03
1.3424e-03
1.4243e-03
1.5028e-03
1.6132e-03
1.7380e-03
1.8568e-03
1.9611e-03
2.0266e-03
2.0516e-03
2.0502e-03
2.0517e-03
2.0695e-03
2.0845e-03
2.0945e-03
2.0382e-03
1.9309e-03
1.7632e-03
1.5336e-03
1.3162e-03
1.1188e-03
9.3573e-04
7.6414e-04
6.0967e-04
4.4249e-04
2.8919e-04
1.6450e-04
6.2164e-05
-8.6744e-06
-8.5608e-05
-1.6139e-04
-2.5541e-04
-3.3867e-04
-3.8467e-04
-4.0433e-04
-3.9527e-04
-3.8507e-04
-4.0396e-04
-4.2339e-04
-4.2666e-04
-4.1526e-04
-3.6325e-04
-3.1278e-04
-2.9736e-04
-3.0198e-04
-3.3464e-04
-3.8216e-04
-4.4288e-04
-4.9723e-04
-5.3068e-04
-5.6645e-04
-5.8636e-04
-6.0920e-04
-6.1783e-04
-6.0013e-04
-5.7725e-04
-5.2029e-04
-4.4518e-04
-3.8903e-04
-3.5790e-04
-3.3568e-04
-2.9733e-04
-2.5504e-04
-1.9945e-04
-1.5508e-04
-1.5160e-04
-1.6881e-04
-1.8105e-04
-1.8212e-04
-1.4754e-04
-6.9401e-05
5.2477e-06
3.3932e-05
2.7830e-05
8.3532e-06
-7.1507e-06
3.4332e-06
3.2484e-05
5.2016e-05
4.9516e-05
3.4392e-05
1.6166e-05
4.4979e-07
-9.0134e-06
6.5886e-06
3.7845e-05
4.5065e-05
3.7305e-05
2.6707e-05
2.5231e-05
3.3230e-05
5.1474e-05
5.2385e-05
4.7351e-05
4.0207e-05
2.5156e-05
1.1052e-05
1.3850e-06
1.2832e-05
2.1736e-05
1.2770e-05
-6.5012e-06
-2.0446e-05
-4.4694e-05
-6.7673e-05
-8.5910e-05
-1.0050e-04
-1.2232e-04
-1.4772e-04
-1.6562e-04
-1.7443e-04
-1.7338e-04
-1.6555e-04
-1.5572e-04
-1.4416e-04
-1.3631e-04
-1.2656e-04
-1.1434e-04
-1.0114e-04
-8.8621e-05
-7.6507e-05
-6.2882e-05
-4.7583e-05
-3.7280e-05
-3.2525e-05
-2.8504e-05
-2.3972e-05
-2.3859e-05
-2.7813e-05
-3.4868e-05
-4.2360e-05
-5.1276e-05
-5.8286e-05
-5.7901e-05
-5.3773e-05
-4.9816e-05
-5.0227e-05
-5.3839e-05
-5.9117e-05
-6.3766e-05
-6.5989e-05
-6.3870e-05
-6.1710e-05
-6.1120e-05
-6.2013e-05
-6.1988e-05
-6.2356e-05
-6.3288e-05
-6.3473e-05
-6.2315e-05
-6.0438e-05
-5.8324e-05
-5.4820e-05
-5.1385e-05
-4.8699e-05
-4.6848e-05
-4.5042e-05
-4.3855e-05
-4.2577e-05
-3.9948e-05
-3.7090e-05
-3.5420e-05
-3.5170e-05
-3.5610e-05
-3.6387e-05
-3.6785e-05
-3.6731e-05
-3.6446e-05
-3.5478e-05
-3.5277e-05
-3.4887e-05
-3.4213e-05
-3.2887e-05
-3.0841e-05
-2.8493e-05
-2.6225e-05
-2.3972e-05
-2.1603e-05
-1.9272e-05
-1.6713e-05
-1.4059e-05
-1.1407e-05
-8.8104e-06
-6.3551e-06
-3.9063e-06
-1.3523e-06
1.2164e-06
3.7675e-06
6.2466e-06
8.7385e-06
1.1204e-05
1.3593e-05
1.5963e-05
1.8320e-05
2.0632e-05
2.2904e-05
2.5152e-05
2.7369e-05
2.9559e-05
3.1709e-05
3.3815e-05
3.5893e-05
3.7935e-05
3.9951e-05
4.1943e-05
4.3916e-05
4.5868e-05
4.7797e-05
4.9704e-05
5.1592e-05
5.3464e-05
5.5321e-05
5.7163e-05
5.8993e-05
6.0810e-05
6.2616e-05
6.4411e-05
6.6196e-05
6.7971e-05
6.9736e-05
