-5.7480e-05
-5.7784e-05
-5.7878e-05
-5.7581e-05
-5.7117e-05
-5.6166e-05
-5.4904e-05
-5.3759e-05
-5.2531e-05
-4.7951e-05
-4.8172e-05
-7.4408e-05
-1.0111e-04
-7.7531e-05
-3.4238e-05
-3.0208e-05
-8.6825e-05
-1.3631e-04
-8.7858e-05
-1.1364e-05
-1.6990e-05
-8.1270e-05
-9.0757e-05
-1.1912e-04
-1.9186e-04
-1.1234e-04
3.1057e-05
4.0644e-05
-1.2720e-04
-2.6078e-04
-1.0962e-04
4.8985e-05
-1.2769e-04
-3.1462e-04
-1.2392e-04
7.8994e-05
-1.3708e-04
-3.7024e-04
-1.6091e-04
1.5168e-04
1.3150e-04
-1.3661e-04
-1.3414e-04
1.3294e-04
2.4778e-04
1.8366e-04
-1.7587e-04
-5.8210e-04
-5.5943e-04
-2.3583e-04
-1.8735e-04
-1.2248e-04
2.1471e-04
3.3117e-04
3.5961e-04
2.9446e-04
-2.5727e-04
-6.6643e-04
-3.3179e-04
-1.6985e-04
-2.8358e-04
-1.4504e-04
3.9340e-04
3.4219e-04
-5.3416e-05
3.1148e-04
5.8904e-04
3.9639e-04
-8.8670e-05
-4.9230e-04
-9.2535e-04
-3.3255e-04
5.8999e-04
5.3364e-04
-2.3236e-04
-2.3682e-04
4.3443e-04
9.3854e-04
1.4233e-03
7.5158e-04
-1.6531e-04
-6.3982e-04
-1.0814e-03
-4.5382e-04
-4.6877e-04
-1.2301e-03
-6.3137e-04
1.2289e-03
2.6853e-03
1.2684e-03
-5.3975e-04
-1.6455e-03
-1.6438e-03
-1.3951e-04
5.0128e-04
-1.4697e-03
-1.7803e-03
1.1993e-03
3.1677e-03
1.5573e-03
9.8484e-04
6.4381e-04
-1.5326e-03
-2.0383e-03
-4.3216e-04
1.1297e-03
9.7636e-04
-2.5137e-04
-5.6871e-04
-4.3913e-04
-4.4888e-04
-4.4468e-04
-4.5638e-04
-6.0651e-04
-2.4522e-04
1.1248e-03
1.1199e-03
-2.6577e-04
-6.3394e-04
-3.3613e-04
-8.4494e-04
-1.8121e-03
-1.0519e-03
5.3418e-05
8.3580e-04
-2.6162e-04
-4.1445e-04
1.0788e-03
1.6991e-03
1.2745e-03
-7.0874e-04
-2.0763e-03
-9.2710e-04
-3.6177e-04
-6.8485e-04
-2.8536e-04
1.1764e-03
1.6341e-03
1.6096e-03
1.1623e-03
-8.9436e-05
-9.7256e-04
-2.5131e-03
-2.6810e-03
-4.1554e-04
1.1313e-03
-1.0698e-04
-9.4883e-04
-3.1591e-04
1.4503e-03
1.6319e-03
-7.4240e-04
-2.5280e-03
-7.8565e-04
1.8508e-03
1.2165e-03
-2.5433e-03
-2.8851e-03
1.9547e-03
5.3152e-03
2.3693e-03
-1.0101e-03
-2.5881e-03
-3.0286e-03
-3.0452e-03
-4.2182e-05
5.8230e-03
5.8539e-03
-1.9248e-04
-2.9754e-03
-5.4647e-04
1.4540e-03
-6.0618e-04
-2.6248e-03
-7.8721e-04
1.6901e-03
1.4877e-03
-3.4655e-04
-7.9940e-04
-5.6851e-04
-5.7023e-04
-7.7838e-04
-3.2336e-04
1.2992e-03
1.9816e-03
1.3163e-03
-4.6312e-04
-4.7170e-04
1.2854e-03
1.9871e-03
1.5017e-03
-8.2467e-04
-2.5550e-03
-5.7344e-04
1.1807e-03
-3.1694e-04
-3.4110e-04
1.0092e-03
-1.0722e-04
-9.7628e-04
-1.5087e-04
1.0198e-03
-1.3982e-04
-8.1411e-04
-5.9897e-04
-5.7186e-04
-8.1034e-04
-3.2949e-04
1.4989e-03
1.4983e-03
-4.9854e-04
-5.2436e-04
1.4991e-03
1.6698e-03
-8.1266e-04
-2.3969e-03
-1.0791e-03
-5.6975e-04
-2.9335e-04
1.2362e-03
1.7608e-03
1.9379e-03
9.7714e-04
-2.1810e-03
-3.3745e-03
-2.7017e-03
-4.1920e-04
1.1563e-03
-2.6558e-04
-5.2181e-04
9.0640e-04
2.9385e-03
4.6858e-03
3.3225e-04
-3.2246e-03
-2.7172e-03
-8.7203e-04
-4.1589e-04
-6.4631e-04
-8.3449e-04
-3.1456e-04
1.5065e-03
1.4607e-03
-5.1550e-04
-3.5156e-04
1.1821e-03
-4.0189e-04
-2.8878e-03
-2.8987e-03
-5.7521e-04
1.4963e-03
1.7327e-03
1.5711e-03
1.8118e-03
1.3092e-03
-5.0906e-04
-3.0693e-04
1.2005e-03
-5.8217e-04
-2.6042e-03
-8.2549e-04
1.6986e-03
1.5040e-03
-5.4208e-04
-5.3846e-04
1.5393e-03
1.6866e-03
-1.0282e-03
-2.1087e-03
1.2121e-03
1.1661e-03
-2.0993e-03
-8.1909e-04
1.1770e-03
-2.8540e-04
-3.4948e-04
9.8322e-04
-1.0833e-04
-9.5692e-04
-1.6013e-04
8.2608e-04
3.4058e-04
8.2021e-04
-1.2443e-04
-9.6287e-04
-3.1860e-04
1.4721e-03
1.4736e-03
-2.9918e-04
-8.1207e-04
-8.0752e-04
-9.1425e-05
1.0420e-03
-3.1313e-04
-8.4554e-04
2.2295e-03
5.1754e-03
2.4230e-03
-9.7730e-04
-2.8115e-03
-2.8070e-03
-1.0042e-03
2.4047e-03
5.3572e-03
1.9296e-03
-2.9571e-03
-2.4151e-03
7.9596e-04
1.2240e-04
-1.3010e-03
2.3603e-04
5.0922e-03
7.2349e-03
5.1495e-03
-2.2611e-03
-7.6756e-03
-7.1051e-03
-3.2192e-03
-5.8176e-04
1.9899e-03
5.5290e-03
6.9066e-03
5.2913e-03
-1.7197e-05
-3.0387e-03
-3.0129e-03
-2.7734e-03
-2.8016e-03
-3.2085e-03
-2.5428e-03
1.6459e-03
5.7515e-03
6.3607e-03
6.5357e-03
5.2916e-03
3.3178e-05
-3.0491e-03
-2.9759e-03
-2.8081e-03
-3.0539e-03
-2.5161e-03
-8.9514e-04
-9.7690e-04
2.9093e-04
5.3060e-03
6.4435e-03
3.7462e-03
1.9548e-03
1.3217e-03
-2.9045e-03
-9.5192e-03
-1.1944e-02
-7.4034e-03
1.6624e-03
1.0415e-02
1.5496e-02
1.5092e-02
5.7194e-03
-9.2300e-03
-1.8566e-02
-1.9282e-02
-1.3549e-02
-9.5289e-04
1.2953e-02
2.1866e-02
2.2203e-02
1.2380e-02
-4.7339e-03
-1.8734e-02
-2.3471e-02
-1.8273e-02
-5.3123e-03
7.9081e-03
1.8368e-02
2.5660e-02
2.1933e-02
9.0109e-03
-5.8913e-03
-1.8345e-02
-1.8764e-02
-4.7535e-03
1.2195e-02
1.7825e-02
1.2847e-02
3.6650e-03
-4.6663e-03
-1.0284e-02
-1.3886e-02
-9.5810e-03
3.7461e-03
1.7485e-02
2.1658e-02
1.3346e-02
-1.3635e-03
-1.3432e-02
-1.4510e-02
-9.6702e-03
-5.4140e-03
-2.2060e-04
8.4205e-03
1.2182e-02
4.8790e-03
-6.4641e-03
-1.2824e-02
-5.9423e-03
3.9583e-03
8.2762e-03
8.7278e-03
8.0683e-03
3.7074e-03
-4.5018e-03
-1.5160e-02
-2.6789e-02
-2.8538e-02
-1.3755e-02
1.7677e-02
4.8422e-02
5.5633e-02
3.8267e-02
1.0128e-02
-1.8539e-02
-3.8901e-02
-4.6062e-02
-3.8776e-02
-1.6478e-02
1.4889e-02
4.4879e-02
6.2012e-02
5.6012e-02
2.8536e-02
-9.7786e-03
-4.3356e-02
-5.9274e-02
-5.5071e-02
-3.4504e-02
-2.4044e-03
2.8025e-02
3.7950e-02
2.3963e-02
-2.8422e-03
-2.7560e-02
-4.3733e-02
-5.2601e-02
-5.0446e-02
-2.9631e-02
6.1247e-03
3.2807e-02
2.8621e-02
-7.1627e-04
-2.9479e-02
-3.9662e-02
-3.4046e-02
-2.1412e-02
-9.4781e-03
1.6318e-03
1.2378e-02
2.0454e-02
2.1246e-02
8.0249e-03
-6.8424e-03
-3.0475e-03
1.7274e-02
3.5131e-02
3.7894e-02
2.8607e-02
1.4938e-02
1.7916e-03
-9.7678e-03
-2.1392e-02
-2.7369e-02
-1.6669e-02
8.7524e-03
3.2302e-02
3.8177e-02
2.8669e-02
1.0170e-02
-1.1593e-02
-2.8002e-02
-3.4617e-02
-2.9688e-02
-1.6836e-02
-5.2018e-03
1.7140e-03
6.0017e-03
1.0097e-02
1.8237e-02
3.0123e-02
3.3332e-02
2.3932e-02
8.6575e-03
-5.5647e-03
-1.8611e-02
-3.0072e-02
-3.7031e-02
-3.4180e-02
-1.8982e-02
1.4932e-03
1.9594e-02
3.3135e-02
4.2009e-02
4.4751e-02
3.6898e-02
1.6001e-02
-1.0870e-02
-3.3575e-02
-3.7449e-02
-2.0592e-02
9.9297e-03
4.2827e-02
6.6547e-02
6.6682e-02
4.0420e-02
-1.1870e-03
-4.5804e-02
-7.6939e-02
-8.3117e-02
-6.2156e-02
-2.0425e-02
1.8217e-02
4.1730e-02
4.4625e-02
2.6109e-02
-7.5699e-03
-4.1282e-02
-5.9003e-02
-5.7873e-02
-4.5361e-02
-2.5477e-02
-5.8656e-03
6.6858e-03
1.2376e-02
8.5330e-03
-3.4151e-03
-1.3982e-02
-9.9588e-03
8.8521e-03
2.5447e-02
2.2176e-02
5.9890e-03
-5.2545e-03
-2.7821e-03
7.8685e-03
1.7170e-02
2.6910e-02
3.9344e-02
4.4648e-02
3.4921e-02
1.3081e-02
-7.6081e-03
-1.8676e-02
-2.1244e-02
-1.8991e-02
-9.3087e-03
1.0150e-02
3.1082e-02
4.3853e-02
4.4863e-02
3.7490e-02
2.1463e-02
-6.2603e-04
-1.8538e-02
-2.8017e-02
-3.4860e-02
-4.1037e-02
-4.1374e-02
-3.4815e-02
-2.3130e-02
-5.5086e-03
1.7467e-02
4.0067e-02
4.8292e-02
3.3302e-02
5.9306e-03
-1.8237e-02
-3.5519e-02
-4.9903e-02
-5.4830e-02
-4.6026e-02
-2.7823e-02
-5.4164e-03
1.7573e-02
3.5269e-02
3.7343e-02
2.1535e-02
3.5178e-04
-1.5515e-02
-2.7557e-02
-2.7153e-02
-1.0578e-02
1.0935e-02
3.0394e-02
4.4998e-02
5.0542e-02
3.7913e-02
7.7863e-03
-2.7141e-02
-5.1049e-02
-5.8749e-02
-5.1122e-02
-3.4084e-02
-1.1890e-02
5.3661e-03
1.0884e-02
1.2853e-02
1.7403e-02
2.1165e-02
2.2327e-02
2.6465e-02
3.0330e-02
2.6345e-02
1.7718e-02
8.0332e-03
-7.5252e-03
-2.8272e-02
-4.0530e-02
-3.2590e-02
-1.4686e-02
-5.9516e-04
8.9333e-03
1.3947e-02
1.3456e-02
1.7251e-02
2.6458e-02
3.0209e-02
2.2419e-02
1.0358e-02
-8.6316e-04
-9.5526e-03
-1.4518e-02
-1.6236e-02
-1.4524e-02
-9.7526e-03
-5.5600e-04
1.0682e-02
1.4428e-02
6.6968e-03
-3.4404e-03
-9.3512e-03
-9.9942e-03
-9.8451e-03
-9.4798e-03
-5.4239e-03
1.5937e-03
8.4367e-03
1.0152e-02
4.4263e-03
-5.9935e-03
-1.7892e-02
-2.4291e-02
-2.2211e-02
-1.0223e-02
3.3913e-03
1.7946e-02
3.9863e-02
6.0001e-02
6.2372e-02
4.4297e-02
1.8078e-02
-6.0345e-03
-2.7472e-02
-3.8931e-02
-3.4542e-02
-1.8774e-02
-9.2773e-04
1.3384e-02
2.1321e-02
1.7773e-02
3.5284e-03
-1.6280e-02
-3.2314e-02
-3.6805e-02
-2.7686e-02
-9.3698e-03
7.4026e-03
1.6343e-02
2.0888e-02
1.8099e-02
7.7884e-03
-9.2180e-03
-2.7979e-02
-4.3533e-02
-5.0233e-02
-4.5280e-02
-3.5376e-02
-2.7236e-02
-1.3963e-02
5.9232e-03
2.1632e-02
2.6908e-02
2.3757e-02
1.3524e-02
-1.6373e-03
-1.5506e-02
-1.4460e-02
1.4349e-03
2.2275e-02
3.7564e-02
3.7451e-02
2.2636e-02
3.0569e-03
-1.1497e-02
-8.9782e-03
6.8616e-03
2.1493e-02
2.9628e-02
2.2474e-02
6.1087e-03
-9.2581e-03
-2.1665e-02
-3.1489e-02
-3.2294e-02
-2.3657e-02
-8.6617e-03
7.7024e-03
1.3030e-02
6.4563e-03
-5.0535e-03
-1.8991e-02
-3.1799e-02
-3.4724e-02
-2.4753e-02
-1.0123e-02
-5.1597e-03
-9.3023e-03
-1.1482e-02
-1.0498e-02
-1.0916e-02
-1.0150e-02
-9.1693e-03
-7.6580e-03
-2.5452e-03
1.2725e-02
4.0607e-02
7.3298e-02
9.4433e-02
9.4403e-02
6.9241e-02
2.1771e-02
-2.9742e-02
-6.0623e-02
-6.4733e-02
-5.4329e-02
-3.1817e-02
-5.7129e-04
2.1909e-02
1.7619e-02
-1.4208e-02
-5.4498e-02
-7.6949e-02
-6.8469e-02
-3.4327e-02
1.3343e-02
5.7907e-02
8.0719e-02
7.4098e-02
4.4384e-02
6.4458e-03
-2.2680e-02
-3.5132e-02
-2.9054e-02
-7.7503e-04
4.0311e-02
7.5927e-02
8.9944e-02
7.6476e-02
3.7404e-02
-1.3840e-02
-4.7774e-02
-4.0719e-02
3.6460e-03
5.8323e-02
9.8825e-02
1.1448e-01
1.0783e-01
8.7921e-02
6.0018e-02
2.6484e-02
2.9363e-04
-5.8317e-03
4.9909e-03
2.1562e-02
2.6488e-02
1.5887e-02
-2.9146e-03
-2.7520e-02
-5.4629e-02
-7.6993e-02
-9.0140e-02
-1.0082e-01
-1.1659e-01
-1.3162e-01
-1.4475e-01
-1.5189e-01
-1.3966e-01
-9.9540e-02
-4.6258e-02
1.9114e-04
3.7633e-02
6.9915e-02
9.8429e-02
1.1929e-01
1.3071e-01
1.2995e-01
1.1509e-01
9.3840e-02
7.6836e-02
7.1712e-02
7.3547e-02
7.6886e-02
8.2747e-02
8.5647e-02
7.5892e-02
4.7330e-02
6.2146e-03
-3.4204e-02
-5.8912e-02
-5.8899e-02
-3.6807e-02
-1.7684e-04
4.4765e-02
8.5645e-02
1.0263e-01
8.3765e-02
3.7527e-02
-2.2225e-02
-8.2493e-02
-1.3073e-01
-1.4890e-01
-1.3601e-01
-1.1328e-01
-9.9311e-02
-9.9807e-02
-1.1288e-01
-1.3146e-01
-1.4444e-01
-1.3610e-01
-9.4673e-02
-2.2725e-02
5.3298e-02
1.0342e-01
1.2386e-01
1.3052e-01
1.3507e-01
1.3469e-01
1.2149e-01
9.4637e-02
5.5952e-02
6.1892e-03
-4.5437e-02
-8.1332e-02
-9.4852e-02
-1.0230e-01
-1.2442e-01
-1.5795e-01
-1.8100e-01
-1.7598e-01
-1.4046e-01
-8.5865e-02
-2.3415e-02
4.0900e-02
9.8726e-02
1.2599e-01
1.0290e-01
4.0552e-02
-2.0226e-02
-4.6178e-02
-3.1105e-02
1.4622e-02
7.2158e-02
1.3041e-01
1.7624e-01
1.8793e-01
1.5359e-01
9.4576e-02
3.7729e-02
-6.9504e-03
-4.1163e-02
-7.0157e-02
-9.5060e-02
-1.1548e-01
-1.3105e-01
-1.4026e-01
-1.4035e-01
-1.2671e-01
-9.8816e-02
-7.1198e-02
-6.3632e-02
-6.9458e-02
-7.0644e-02
-6.6079e-02
-5.8758e-02
-4.5252e-02
-2.5749e-02
-4.2974e-03
1.7124e-02
3.1789e-02
3.0698e-02
4.5978e-03
-4.1556e-02
-8.6068e-02
-9.8584e-02
-7.1398e-02
-2.7198e-02
2.0172e-02
6.9070e-02
1.1752e-01
1.5722e-01
1.7075e-01
1.5328e-01
1.2123e-01
9.4361e-02
8.1446e-02
7.2750e-02
5.4840e-02
3.2951e-02
1.3177e-02
1.8887e-03
4.2147e-03
1.7354e-02
3.1638e-02
3.5184e-02
1.7835e-02
-1.8235e-02
-6.4042e-02
-1.0837e-01
-1.3780e-01
-1.4967e-01
-1.4915e-01
-1.3588e-01
-1.0807e-01
-7.1111e-02
-3.4163e-02
6.7882e-03
5.3480e-02
8.9826e-02
9.8554e-02
8.0950e-02
5.8013e-02
4.9887e-02
5.7207e-02
6.3512e-02
5.9906e-02
4.4887e-02
2.6714e-02
1.2896e-02
4.2947e-03
-8.7952e-04
-4.2787e-03
-5.9512e-03
-8.2252e-03
-1.0594e-02
-1.5954e-02
-1.5705e-02
-5.6411e-03
4.3740e-03
8.4528e-03
6.2517e-03
1.8642e-03
-3.6359e-04
-7.5759e-04
-3.3433e-04
4.0543e-03
1.3209e-02
2.1461e-02
2.3065e-02
1.6559e-02
5.4877e-05
-1.6352e-02
-2.3187e-02
-1.8299e-02
-5.2330e-03
8.5861e-03
1.9820e-02
2.8956e-02
3.7327e-02
4.7641e-02
6.2079e-02
7.3929e-02
8.1124e-02
8.4493e-02
8.1592e-02
7.0877e-02
4.9341e-02
2.6657e-02
1.5291e-02
1.7329e-02
2.6648e-02
3.5781e-02
3.7287e-02
2.9236e-02
1.9648e-02
1.3009e-02
8.4120e-03
4.0540e-03
-4.7204e-04
-5.3153e-03
-9.2351e-03
-9.7656e-03
-9.4490e-03
-1.1907e-02
-1.8692e-02
-2.7190e-02
-3.5020e-02
-4.2780e-02
-4.8297e-02
-5.2309e-02
-5.2587e-02
-4.5336e-02
-3.2321e-02
-2.3159e-02
-2.3194e-02
-2.7347e-02
-2.7809e-02
-2.3280e-02
-1.5778e-02
-1.0316e-02
-1.3745e-02
-2.2879e-02
-3.4964e-02
-4.9715e-02
-6.1700e-02
-6.8214e-02
-6.8098e-02
-6.1699e-02
-5.0059e-02
-3.2193e-02
-9.4770e-03
1.2658e-02
2.9164e-02
3.9401e-02
4.5440e-02
5.2453e-02
6.3397e-02
8.4772e-02
1.1017e-01
1.2315e-01
1.1017e-01
7.1378e-02
1.7629e-02
-3.6615e-02
-8.2059e-02
-1.1303e-01
-1.2290e-01
-1.0809e-01
-7.1336e-02
-2.6915e-02
1.2335e-02
3.5690e-02
4.2616e-02
3.4745e-02
1.3887e-02
-1.0631e-02
-2.9294e-02
-2.9960e-02
-1.6244e-02
-5.8557e-03
-8.8271e-03
-1.8905e-02
-3.2294e-02
-4.5535e-02
-5.0592e-02
-4.0571e-02
-1.6762e-02
5.9033e-03
1.8106e-02
2.1161e-02
1.8118e-02
1.4805e-02
8.6550e-03
-5.3465e-03
-2.7611e-02
-5.0132e-02
-6.3761e-02
-6.6086e-02
-5.9281e-02
-4.5598e-02
-2.7653e-02
-9.8425e-03
6.3284e-03
2.4252e-02
4.4339e-02
6.2796e-02
7.5692e-02
8.0988e-02
8.0453e-02
7.3694e-02
6.2675e-02
5.3582e-02
4.8799e-02
4.4908e-02
3.5065e-02
1.3102e-02
-1.6448e-02
-4.3172e-02
-5.9818e-02
-6.3053e-02
-5.0941e-02
-2.9181e-02
-5.7801e-03
8.9008e-03
1.2577e-02
8.6764e-03
3.7774e-03
1.8789e-03
3.3668e-03
9.2328e-03
2.1114e-02
3.4000e-02
4.3841e-02
4.5119e-02
3.7189e-02
2.2409e-02
8.0991e-03
-2.9874e-04
-8.7225e-04
4.2325e-03
1.2489e-02
2.2514e-02
3.5035e-02
4.6951e-02
5.6046e-02
5.7393e-02
4.5468e-02
2.1064e-02
-1.3735e-02
-4.5477e-02
-6.4156e-02
-7.0163e-02
-6.6222e-02
-5.6766e-02
-4.3857e-02
-2.6881e-02
-5.9466e-03
1.3453e-02
3.1083e-02
4.4086e-02
4.9339e-02
5.1485e-02
5.2944e-02
5.4267e-02
5.7590e-02
5.8342e-02
5.3181e-02
4.2924e-02
3.0292e-02
1.5700e-02
3.7524e-03
-4.9479e-03
-1.4264e-02
-2.7515e-02
-4.3574e-02
-5.8797e-02
-7.1175e-02
-8.1069e-02
-8.6493e-02
-9.1186e-02
-9.4716e-02
-9.0979e-02
-8.1803e-02
-7.0774e-02
-5.6079e-02
-3.7633e-02
-2.2506e-02
-9.7942e-03
1.9456e-03
1.2349e-02
2.3024e-02
3.6758e-02
4.9627e-02
6.2779e-02
7.3272e-02
7.6488e-02
7.6512e-02
7.3036e-02
6.3347e-02
5.3231e-02
4.4757e-02
3.7527e-02
3.1409e-02
2.6147e-02
1.7940e-02
3.4973e-03
-1.8272e-02
-4.1141e-02
-5.9436e-02
-6.9932e-02
-7.1183e-02
-6.5282e-02
-5.2715e-02
-4.1014e-02
-3.6851e-02
-3.8643e-02
-3.8907e-02
-3.4204e-02
-2.5990e-02
-1.3166e-02
8.0693e-03
3.0637e-02
5.0055e-02
6.6348e-02
7.3980e-02
7.6755e-02
7.9928e-02
8.1138e-02
8.0754e-02
7.5546e-02
6.3601e-02
4.8024e-02
2.7506e-02
3.5485e-03
-2.7758e-02
-6.3233e-02
-9.1101e-02
-1.0401e-01
-9.9810e-02
-8.4064e-02
-6.3591e-02
-4.1200e-02
-1.8298e-02
1.4842e-03
1.3065e-02
1.7586e-02
1.9919e-02
2.1751e-02
2.2331e-02
2.1812e-02
1.7982e-02
7.7374e-03
-8.7273e-03
-2.3449e-02
-3.4451e-02
-4.0666e-02
-4.1534e-02
-4.0891e-02
-3.8829e-02
-3.4447e-02
-2.7565e-02
-1.8178e-02
-1.0260e-02
-8.7176e-03
-1.2348e-02
-2.2668e-02
-3.7047e-02
-4.9648e-02
-5.4643e-02
-5.5214e-02
-5.3831e-02
-4.6300e-02
-3.3739e-02
-1.9121e-02
-8.7611e-03
-5.9588e-03
-8.8161e-03
-5.2177e-03
8.6656e-03
2.6216e-02
4.0411e-02
4.9121e-02
4.9047e-02
3.7640e-02
2.0305e-02
5.7383e-03
-2.2740e-03
-9.7314e-04
9.0581e-03
2.6081e-02
4.4932e-02
6.2500e-02
7.4096e-02
7.3824e-02
5.8076e-02
3.1295e-02
3.7354e-03
-1.5872e-02
-2.3563e-02
-2.2426e-02
-1.7015e-02
-1.3281e-02
-1.2339e-02
-1.5991e-02
-2.0913e-02
-2.2926e-02
-2.0894e-02
-1.6217e-02
-9.6837e-03
-1.2288e-04
1.2530e-02
2.4907e-02
3.5015e-02
4.0508e-02
4.4486e-02
4.8944e-02
5.4126e-02
5.7657e-02
5.3775e-02
4.4759e-02
3.5486e-02
2.6587e-02
1.7524e-02
8.4876e-03
-1.5357e-04
-1.0128e-02
-2.2615e-02
-3.1920e-02
-3.7233e-02
-4.0427e-02
-3.9066e-02
-3.6853e-02
-3.6109e-02
-3.4776e-02
-3.3948e-02
-3.4559e-02
-3.8893e-02
-4.5310e-02
-5.0537e-02
-5.4103e-02
-5.5205e-02
-5.4266e-02
-4.7839e-02
-3.6816e-02
-2.5196e-02
-1.4017e-02
-4.8304e-03
-1.0595e-03
-2.1090e-03
-8.8370e-04
4.1600e-03
1.2829e-02
2.4700e-02
3.7519e-02
4.6740e-02
5.4072e-02
6.2421e-02
6.6967e-02
6.5212e-02
6.0326e-02
5.3324e-02
4.5232e-02
3.7160e-02
2.6886e-02
1.7732e-02
1.0332e-02
2.0134e-03
-4.9195e-03
-9.8866e-03
-1.3568e-02
-1.4606e-02
-1.3370e-02
-1.0191e-02
-8.9821e-03
-1.0020e-02
-1.3551e-02
-1.8934e-02
-2.7409e-02
-3.6675e-02
-4.3181e-02
-4.5852e-02
-4.5567e-02
-4.0949e-02
-3.2247e-02
-2.2972e-02
-1.4378e-02
-4.2588e-03
7.6284e-03
1.5808e-02
2.1889e-02
2.6710e-02
2.8333e-02
2.7225e-02
2.6026e-02
2.2394e-02
1.6944e-02
1.4065e-02
1.6346e-02
1.8407e-02
2.1520e-02
2.4642e-02
2.6450e-02
2.6058e-02
2.7580e-02
3.4598e-02
3.8322e-02
3.5554e-02
2.6175e-02
1.3586e-02
3.5139e-03
-4.7563e-03
-1.1895e-02
-1.8506e-02
-2.3345e-02
-2.2520e-02
-1.4525e-02
-4.9832e-03
4.2441e-03
1.2891e-02
1.7347e-02
1.7638e-02
1.7858e-02
1.6991e-02
1.0915e-02
4.3004e-03
1.3802e-03
-4.6166e-04
-2.4951e-03
-5.3989e-03
-9.5279e-03
-9.0361e-03
-1.2289e-03
9.0044e-03
1.9648e-02
2.6444e-02
2.6567e-02
2.2209e-02
1.5059e-02
4.1253e-03
-9.6266e-03
-2.3080e-02
-3.1993e-02
-3.4371e-02
-3.2318e-02
-2.7226e-02
-1.8813e-02
-9.5785e-03
-2.8263e-04
8.3799e-03
1.2838e-02
1.3205e-02
1.3250e-02
1.2316e-02
9.1435e-03
8.4696e-03
7.8655e-03
4.9469e-03
2.9821e-03
5.2587e-04
-1.4458e-03
-4.7328e-03
-4.3749e-03
-1.6556e-03
-4.2154e-03
-7.5660e-03
-9.3022e-03
-1.0219e-02
-8.5469e-03
-1.2668e-03
4.2022e-03
4.2129e-03
-9.3192e-04
-9.1809e-03
-1.4232e-02
-1.3900e-02
-9.7879e-03
-4.7460e-03
-6.3110e-04
-6.3964e-04
-4.8284e-03
-9.6406e-03
-1.4035e-02
-1.8433e-02
-2.3416e-02
-2.7131e-02
-2.5694e-02
-2.0439e-02
-1.4601e-02
-1.1093e-02
-1.0074e-02
-1.3860e-02
-1.8614e-02
-1.8258e-02
-1.2322e-02
-4.5195e-03
3.7314e-03
8.6275e-03
8.2713e-03
4.4761e-03
-9.1277e-04
-9.5425e-03
-1.8204e-02
-2.3322e-02
-2.7603e-02
-3.1924e-02
-3.4389e-02
-3.4511e-02
-3.1705e-02
-2.5649e-02
-1.8615e-02
-8.9709e-03
3.3646e-03
1.3280e-02
2.2216e-02
3.0880e-02
3.5604e-02
3.5589e-02
3.3487e-02
3.0789e-02
2.6922e-02
2.1630e-02
1.3632e-02
3.2134e-03
-8.7329e-03
-1.6709e-02
-2.0850e-02
-2.0496e-02
-1.4143e-02
-5.3397e-03
4.7263e-03
1.6763e-02
2.7122e-02
3.5437e-02
3.7837e-02
3.0937e-02
1.7823e-02
3.9661e-03
-9.7373e-03
-2.2838e-02
-3.1926e-02
-3.7011e-02
-3.8443e-02
-3.2215e-02
-1.8426e-02
-7.1930e-04
1.7775e-02
3.5691e-02
4.8783e-02
5.3852e-02
5.3863e-02
4.8787e-02
3.5688e-02
1.7748e-02
-5.8496e-04
-1.8626e-02
-3.4226e-02
-4.3239e-02
-4.5615e-02
-4.5831e-02
-4.5274e-02
-4.1165e-02
-3.4405e-02
-2.7474e-02
-2.0617e-02
-1.4491e-02
-8.6874e-03
-1.4651e-03
5.0191e-03
1.2355e-02
1.7769e-02
2.2413e-02
2.6066e-02
2.4697e-02
1.9829e-02
1.2835e-02
6.4606e-03
6.3091e-03
1.3201e-02
2.1624e-02
2.7138e-02
3.0892e-02
3.0903e-02
2.7082e-02
2.1625e-02
1.3364e-02
3.9690e-03
-5.0401e-03
-1.1664e-02
-1.3965e-02
-1.3970e-02
-1.6405e-02
-2.2879e-02
-2.9818e-02
-3.4036e-02
-3.5008e-02
-3.1148e-02
-1.8816e-02
-5.5084e-03
5.0213e-03
1.6776e-02
2.7092e-02
3.5448e-02
4.0161e-02
4.0153e-02
3.5744e-02
2.6520e-02
1.2930e-02
-1.2084e-04
-7.2519e-03
-9.9664e-03
-8.7290e-03
-9.3085e-04
8.6869e-03
1.7610e-02
2.6661e-02
3.5643e-02
4.2277e-02
4.4975e-02
4.4143e-02
4.0810e-02
3.7437e-02
3.1162e-02
2.2475e-02
1.2639e-02
-1.3930e-04
-1.4043e-02
-2.7538e-02
-3.8893e-02
-4.5121e-02
-4.6082e-02
-4.5274e-02
-4.0883e-02
-3.2525e-02
-2.2180e-02
-1.0385e-02
1.5779e-04
1.3206e-02
2.6063e-02
3.3895e-02
3.9819e-02
4.5326e-02
4.8026e-02
4.5874e-02
4.4099e-02
3.7889e-02
2.4438e-02
8.8323e-03
-5.3346e-03
-1.8083e-02
-2.7908e-02
-3.3829e-02
-3.4501e-02
-3.2180e-02
-2.6970e-02
-1.9004e-02
-1.3606e-02
-1.2047e-02
-1.3447e-02
-1.6734e-02
-2.2803e-02
-2.7285e-02
-2.7742e-02
-2.7429e-02
-2.7490e-02
-2.7364e-02
-2.7681e-02
-2.9755e-02
-3.1646e-02
-3.2551e-02
-3.3775e-02
-3.2336e-02
-2.7209e-02
-1.8748e-02
-9.2157e-03
-5.6339e-04
4.2648e-03
3.6728e-03
1.8861e-04
-1.0115e-03
3.2105e-05
3.8059e-03
8.5501e-03
1.3676e-02
1.6660e-02
1.4012e-02
1.0273e-02
4.5491e-03
-5.4702e-03
-2.0215e-02
-3.4607e-02
-4.5298e-02
-5.0244e-02
-4.9794e-02
-4.5833e-02
-4.0752e-02
-3.4474e-02
-2.7211e-02
-1.8873e-02
-9.0894e-03
4.0803e-03
1.7256e-02
2.7144e-02
3.5106e-02
4.0902e-02
4.3821e-02
4.0949e-02
3.5166e-02
2.6833e-02
1.7627e-02
8.6488e-03
-7.3777e-04
-9.0722e-03
-1.3875e-02
-1.9159e-02
-2.6691e-02
-3.0081e-02
-2.9982e-02
-2.6912e-02
-1.9187e-02
-8.7706e-03
3.7123e-03
1.3045e-02
1.7817e-02
1.9945e-02
1.7316e-02
8.6820e-03
-1.4206e-04
-5.3319e-03
-9.0916e-03
-1.2174e-02
-1.3342e-02
-1.0097e-02
-4.3105e-03
3.3830e-03
1.1649e-02
2.1242e-02
2.9768e-02
3.7265e-02
4.0281e-02
4.0622e-02
3.9479e-02
3.3900e-02
2.6426e-02
1.7807e-02
8.0613e-03
3.5002e-04
-1.0877e-03
-8.3125e-05
1.6173e-03
4.2396e-03
8.4162e-03
1.3395e-02
1.7067e-02
1.8312e-02
1.9106e-02
1.8366e-02
1.6913e-02
1.3514e-02
1.0785e-02
8.4177e-03
4.2632e-03
-7.0172e-04
-4.5436e-03
-5.4604e-03
-4.5094e-03
-7.0623e-04
4.0757e-03
8.8569e-03
1.2494e-02
1.3906e-02
1.4426e-02
1.1787e-02
7.6208e-03
2.4821e-03
1.6708e-03
3.7396e-03
4.5388e-03
3.6450e-03
-2.5204e-04
-4.9813e-03
-9.3929e-03
-1.4301e-02
-1.8156e-02
-1.6373e-02
-9.4874e-03
-5.6209e-04
8.8175e-03
1.7404e-02
2.1917e-02
2.2720e-02
2.1157e-02
1.6298e-02
1.2333e-02
8.8717e-03
8.7104e-03
1.2504e-02
1.8416e-02
2.5724e-02
2.9506e-02
3.0744e-02
2.8990e-02
2.4423e-02
1.7244e-02
9.0417e-03
3.4433e-03
2.7451e-04
-1.2611e-03
-4.5765e-03
-7.0058e-03
-1.0091e-02
-1.8132e-02
-2.7586e-02
-3.6493e-02
-4.6024e-02
-5.4009e-02
-5.4962e-02
-5.0156e-02
-4.0889e-02
-2.7528e-02
-1.4391e-02
-4.4411e-03
3.5273e-03
8.7254e-03
1.3294e-02
1.6980e-02
1.8091e-02
1.9507e-02
1.9997e-02
1.7271e-02
1.1103e-02
3.7485e-03
-4.7138e-03
-1.4489e-02
-2.4772e-02
-3.2478e-02
-3.8705e-02
-4.3236e-02
-4.6003e-02
-4.7236e-02
-4.6298e-02
-4.5209e-02
-4.1167e-02
-3.4280e-02
-2.8032e-02
-2.2278e-02
-1.4743e-02
-9.2204e-03
-5.0443e-03
-5.6771e-04
3.9751e-03
8.6344e-03
1.2779e-02
1.5545e-02
1.7306e-02
1.7599e-02
1.7470e-02
1.7819e-02
1.6857e-02
1.3770e-02
1.2439e-02
1.1075e-02
8.3832e-03
3.8064e-03
-2.2035e-04
-6.5688e-04
-6.2852e-04
-2.7674e-03
-4.9162e-03
-5.1605e-03
-4.9671e-03
-5.3406e-03
-4.5269e-03
-9.5814e-04
1.7386e-03
4.1074e-03
8.5926e-03
1.2577e-02
1.3238e-02
1.3270e-02
1.2322e-02
8.8551e-03
8.8279e-03
1.2037e-02
1.3982e-02
1.6791e-02
1.7799e-02
1.7502e-02
1.7117e-02
1.8131e-02
2.1395e-02
2.2301e-02
2.1728e-02
2.2499e-02
2.3675e-02
1.9985e-02
1.3031e-02
6.0117e-03
-3.2120e-04
-5.4506e-03
-9.1847e-03
-9.8914e-03
-9.5549e-03
-9.2728e-03
-1.0344e-02
-1.3231e-02
-1.4633e-02
-1.8636e-02
-2.5229e-02
-2.9889e-02
-3.2219e-02
-3.4620e-02
-3.6262e-02
-3.4747e-02
-3.2174e-02
-2.9574e-02
-2.7999e-02
-3.0086e-02
-3.1351e-02
-2.8774e-02
-2.6634e-02
-2.4077e-02
-2.2152e-02
-1.9878e-02
-1.7296e-02
-1.0841e-02
-4.1013e-03
2.8998e-03
9.4757e-03
1.6566e-02
2.0111e-02
2.1847e-02
2.4270e-02
2.6297e-02
2.6660e-02
2.6139e-02
2.6821e-02
3.0725e-02
3.5507e-02
3.9908e-02
4.4717e-02
4.8902e-02
4.8583e-02
4.5339e-02
4.3581e-02
4.0720e-02
3.7035e-02
3.1706e-02
2.5603e-02
1.8094e-02
1.2654e-02
8.1592e-03
4.3138e-03
3.5721e-03
3.8619e-03
4.1816e-03
3.4913e-03
-4.8866e-04
-4.9541e-03
-7.8254e-03
-9.2283e-03
-7.7642e-03
-4.7770e-03
-1.2883e-03
2.5604e-03
7.4691e-03
8.7314e-03
8.6987e-03
7.7261e-03
2.0772e-03
-5.1845e-03
-1.2454e-02
-1.7802e-02
-1.9417e-02
-2.3144e-02
-2.7324e-02
-2.7987e-02
-2.7915e-02
-2.7289e-02
-2.3533e-02
-1.8706e-02
-1.3867e-02
-1.0193e-02
-9.2302e-03
-7.8015e-03
-4.7387e-03
-1.2061e-03
-1.5537e-04
-1.1306e-03
-4.6246e-03
-1.0412e-02
-1.8068e-02
-2.3446e-02
-2.7922e-02
-3.2132e-02
-3.1987e-02
-2.8128e-02
-2.5390e-02
-2.3046e-02
-1.8865e-02
-1.4316e-02
-9.3730e-03
-3.4387e-03
2.3293e-03
7.2701e-03
9.5554e-03
1.1920e-02
1.0825e-02
8.8448e-03
7.5841e-03
4.2139e-03
3.8732e-03
8.3436e-03
1.2507e-02
1.3219e-02
1.2842e-02
1.0183e-02
4.4198e-03
-1.3494e-03
-6.7112e-03
-1.0410e-02
-1.3957e-02
-1.3792e-02
-1.0608e-02
-8.8697e-03
-5.7363e-03
-2.6264e-03
-8.5363e-04
-9.0529e-04
-4.7838e-05
3.1848e-03
3.8574e-03
4.4790e-03
7.3155e-03
9.2703e-03
1.2131e-02
1.3424e-02
1.2206e-02
8.9791e-03
7.7073e-03
8.9099e-03
1.2418e-02
1.5096e-02
1.7765e-02
2.1291e-02
2.2310e-02
2.1632e-02
1.9497e-02
1.7793e-02
1.6814e-02
1.3123e-02
8.2976e-03
3.8310e-03
-9.1343e-04
-4.8068e-03
-5.7694e-03
-4.4275e-03
-1.6145e-03
-6.1024e-05
3.7793e-03
7.9460e-03
8.6067e-03
8.3849e-03
8.0339e-03
6.3341e-03
3.7714e-03
-8.9267e-04
-7.2863e-03
-1.1902e-02
-1.4464e-02
-1.6412e-02
-1.6269e-02
-1.4501e-02
-1.4200e-02
-1.4089e-02
-1.1999e-02
-9.8755e-03
-9.5649e-03
-9.7663e-03
-9.7236e-03
-9.7008e-03
-9.7523e-03
-9.7623e-03
-9.3964e-03
-1.0332e-02
-1.3554e-02
-1.4835e-02
-1.3534e-02
-1.0613e-02
-8.6989e-03
-6.1452e-03
-4.5307e-03
-1.0167e-03
3.8335e-03
8.6544e-03
1.2123e-02
1.3755e-02
1.6696e-02
1.7516e-02
1.7473e-02
1.9514e-02
2.1972e-02
2.1645e-02
1.7577e-02
1.2773e-02
8.3089e-03
3.8637e-03
-6.8674e-04
-5.2467e-03
-9.6928e-03
-1.3865e-02
-1.9695e-02
-2.6406e-02
-2.8816e-02
-3.1816e-02
-3.4546e-02
-3.4435e-02
-3.2602e-02
-2.9388e-02
-2.4003e-02
-1.7918e-02
-1.0398e-02
-4.5949e-03
-1.1982e-03
-2.3371e-04
1.2311e-03
4.1809e-03
8.0597e-03
1.0755e-02
1.2799e-02
1.5256e-02
1.7229e-02
1.7360e-02
1.7499e-02
1.9679e-02
2.1741e-02
2.1697e-02
2.2651e-02
2.5543e-02
2.4468e-02
2.2331e-02
2.0993e-02
1.8343e-02
1.6722e-02
1.3183e-02
8.2309e-03
4.0360e-03
1.3623e-03
-3.8097e-04
-9.2341e-04
-4.5305e-04
1.6304e-03
3.6534e-03
3.9867e-03
4.1442e-03
3.2001e-03
4.8512e-05
-9.3416e-04
-9.0357e-04
7.5857e-05
2.9364e-03
4.8659e-03
7.3900e-03
9.3221e-03
1.2220e-02
1.3184e-02
1.2914e-02
1.2907e-02
1.2598e-02
1.3539e-02
1.6701e-02
1.8003e-02
1.7017e-02
1.3157e-02
8.2341e-03
4.0740e-03
1.3931e-03
-3.1767e-04
-8.6795e-04
-7.1238e-04
2.3330e-03
7.2932e-03
9.4804e-03
1.2149e-02
1.3487e-02
1.2544e-02
8.3416e-03
4.5773e-03
3.0008e-03
-3.9704e-05
-6.9238e-04
1.6884e-03
3.4970e-03
4.7091e-03
7.5217e-03
9.1641e-03
1.0278e-02
8.4774e-03
4.0203e-03
-6.0754e-04
-5.2134e-03
-9.5237e-03
-1.1805e-02
-1.2086e-02
-1.1472e-02
-1.0235e-02
-8.8041e-03
-5.7955e-03
-4.7988e-03
-4.8346e-03
-5.8434e-03
-8.6412e-03
-1.0270e-02
-1.4133e-02
-1.7963e-02
-1.9422e-02
-2.2579e-02
-2.5665e-02
-2.7465e-02
-2.7743e-02
-2.7603e-02
-2.7626e-02
-2.7634e-02
-2.7638e-02
-2.7643e-02
-2.7599e-02
-2.7576e-02
-2.7879e-02
-2.7240e-02
-2.3410e-02
-1.8570e-02
-1.3775e-02
-1.0254e-02
-8.6431e-03
-6.1009e-03
-4.0997e-03
-1.1893e-03
-4.2175e-04
-3.6980e-04
1.6977e-03
3.4910e-03
4.7795e-03
7.7390e-03
8.7544e-03
8.7848e-03
7.7858e-03
4.6036e-03
3.6906e-03
4.0571e-03
3.7407e-03
4.3237e-03
8.3223e-03
1.2843e-02
1.5561e-02
1.7242e-02
1.7562e-02
1.7757e-02
1.7117e-02
1.3266e-02
8.4325e-03
3.9575e-03
-5.0233e-04
-5.1287e-03
-9.3045e-03
-1.2233e-02
-1.3630e-02
-1.1867e-02
-1.0015e-02
-8.9116e-03
-5.2495e-03
-3.1491e-03
-4.4517e-03
-5.4570e-03
-7.0187e-03
-9.8402e-03
-1.3659e-02
-1.6678e-02
-1.8449e-02
-1.6074e-02
-9.9569e-03
-4.5165e-03
-1.2381e-03
3.5038e-04
3.3131e-03
4.3326e-03
3.8279e-03
4.1277e-03
6.2608e-03
8.3201e-03
8.6536e-03
8.6886e-03
8.0160e-03
6.6247e-03
8.7486e-03
1.2252e-02
1.3680e-02
1.7482e-02
2.1666e-02
2.2331e-02
2.2092e-02
2.1793e-02
2.0100e-02
1.7207e-02
1.3345e-02
1.0460e-02
8.8416e-03
8.1852e-03
6.5397e-03
3.7827e-03
-3.5677e-04
-5.0128e-03
-9.8217e-03
-1.3463e-02
-1.4615e-02
-1.6097e-02
-1.6065e-02
-1.4292e-02
-1.4165e-02
-1.3711e-02
-9.5201e-03
-5.4867e-03
-4.5529e-03
-2.8178e-03
-7.4152e-04
-4.0999e-04
-2.4854e-04
-8.5775e-04
-5.0050e-03
-9.1704e-03
-9.9204e-03
-9.2809e-03
-7.6000e-03
-4.4031e-03
-1.1857e-03
-2.4701e-03
-4.8793e-03
-5.2115e-03
-5.1468e-03
-4.4990e-03
-3.4475e-03
-4.5736e-03
-5.0489e-03
-5.1944e-03
-7.2501e-03
-9.3582e-03
-9.7102e-03
-9.5424e-03
-9.3477e-03
-9.6792e-03
-1.1954e-02
-1.3686e-02
-1.1888e-02
-9.9610e-03
-8.8830e-03
-5.5104e-03
-2.4513e-03
-1.0303e-03
2.7780e-04
3.3421e-03
3.9844e-03
4.6097e-03
7.8140e-03
8.8358e-03
8.4656e-03
8.4199e-03
8.6395e-03
8.3052e-03
6.3713e-03
4.0005e-03
1.6230e-03
-4.8106e-04
-5.1531e-04
1.7849e-03
3.8958e-03
3.8432e-03
4.2933e-03
8.3308e-03
1.2859e-02
1.5524e-02
1.7203e-02
1.7867e-02
1.7134e-02
1.3305e-02
8.1594e-03
4.3168e-03
3.7311e-03
4.0566e-03
3.8654e-03
4.1377e-03
6.0618e-03
8.5114e-03
1.0892e-02
1.2503e-02
1.3781e-02
1.6498e-02
1.8453e-02
2.1305e-02
2.2231e-02
2.2203e-02
2.1528e-02
1.8029e-02
1.2439e-02
4.4055e-03
-3.2501e-03
-9.1378e-03
-1.2199e-02
-1.4141e-02
-1.3530e-02
-1.0524e-02
-8.7189e-03
-5.5814e-03
-2.8734e-03
-1.1572e-04
3.3735e-03
4.2118e-03
4.0600e-03
3.4387e-03
2.3470e-03
3.1357e-03
4.7754e-03
7.6366e-03
8.8893e-03
1.0658e-02
1.2713e-02
1.3056e-02
1.3064e-02
1.2693e-02
1.0649e-02
8.9111e-03
7.6392e-03
4.4584e-03
3.8233e-03
5.9106e-03
8.6344e-03
1.2760e-02
1.7705e-02
2.1358e-02
2.2620e-02
2.3725e-02
2.1995e-02
1.7556e-02
1.2844e-02
8.0866e-03
4.6179e-03
2.9467e-03
-9.7338e-05
-4.4581e-04
8.4652e-04
2.1175e-04
9.0668e-04
2.0861e-03
3.7378e-03
3.4576e-03
2.1939e-03
3.6889e-03
3.3872e-03
-1.4567e-04
-6.8154e-04
1.1270e-03
2.1088e-03
3.5008e-03
3.9990e-03
3.6909e-03
3.9545e-03
6.0481e-03
8.3193e-03
8.3195e-03
6.0401e-03
3.9561e-03
3.6419e-03
3.9667e-03
3.6392e-03
1.8206e-03
-1.2237e-03
-4.3806e-03
-6.1799e-03
-9.0675e-03
-9.8842e-03
-9.9070e-03
-1.1960e-02
-1.3923e-02
-1.4899e-02
-1.5802e-02
-1.4827e-02
-1.3901e-02
-1.2375e-02
-9.3104e-03
-5.4647e-03
-5.6581e-03
-8.9161e-03
-1.0522e-02
-1.3954e-02
-1.8741e-02
-2.3625e-02
-2.7426e-02
-2.8095e-02
-2.7776e-02
-2.7773e-02
-2.7820e-02
-2.8136e-02
-2.7164e-02
-2.4262e-02
-2.2330e-02
-1.9831e-02
-1.7897e-02
-1.4992e-02
-1.4028e-02
-1.4361e-02
-1.4345e-02
-1.4328e-02
-1.4350e-02
-1.4363e-02
-1.4053e-02
-1.5034e-02
-1.7865e-02
-1.9787e-02
-2.2808e-02
-2.3594e-02
-2.0904e-02
-1.7065e-02
-1.3729e-02
-1.0394e-02
-9.5700e-03
-9.9154e-03
-9.9002e-03
-9.6872e-03
-1.0179e-02
-1.1806e-02
-1.2259e-02
-1.2094e-02
-1.2260e-02
-1.1812e-02
-1.0219e-02
-9.6814e-03
-9.8496e-03
-1.0105e-02
-9.7286e-03
-7.2616e-03
-6.3389e-03
-8.9432e-03
-7.9766e-03
-5.4988e-03
-5.3383e-03
-5.2537e-03
-3.1379e-03
-1.1562e-03
-5.3348e-04
1.1836e-03
3.6076e-03
6.0347e-03
7.9358e-03
8.2549e-03
8.1076e-03
8.1000e-03
8.1286e-03
8.1584e-03
8.1396e-03
7.8393e-03
8.7932e-03
1.1663e-02
1.3596e-02
1.6430e-02
1.7426e-02
1.7276e-02
1.6603e-02
1.5568e-02
1.6678e-02
1.6978e-02
1.7796e-02
2.0928e-02
2.1901e-02
2.1870e-02
2.1195e-02
1.7403e-02
1.2586e-02
7.9370e-03
3.7980e-03
1.1027e-03
-6.4124e-04
-1.3421e-03
-5.8578e-04
3.5902e-03
7.7518e-03
8.3870e-03
8.0259e-03
8.0109e-03
8.0619e-03
8.3965e-03
7.5386e-03
3.9874e-03
1.2959e-03
-1.0853e-03
-5.5952e-03
-9.4718e-03
-1.0396e-02
-1.2105e-02
-1.4438e-02
-1.4479e-02
-1.2150e-02
-1.0091e-02
-1.0111e-02
-9.2902e-03
-6.4201e-03
-4.7472e-03
-9.4090e-04
2.8789e-03
4.5133e-03
7.3846e-03
8.3724e-03
8.0373e-03
8.0019e-03
8.4054e-03
7.4953e-03
4.2401e-03
2.9173e-03
4.3016e-03
7.5072e-03
8.0939e-03
8.6981e-03
1.1886e-02
1.2915e-02
1.2866e-02
1.1865e-02
9.1022e-03
7.1629e-03
4.1181e-03
3.4963e-03
5.8691e-03
7.7868e-03
8.7332e-03
9.7004e-03
8.6055e-03
7.6646e-03
8.7826e-03
1.1688e-02
1.3606e-02
1.6422e-02
1.7407e-02
1.7404e-02
1.6440e-02
1.3618e-02
1.1675e-02
8.8003e-03
7.8956e-03
8.1782e-03
7.9010e-03
8.8113e-03
1.1691e-02
1.3642e-02
1.6467e-02
1.7433e-02
1.7448e-02
1.6490e-02
1.3624e-02
1.1664e-02
9.1093e-03
7.5098e-03
3.9692e-03
-8.4136e-04
-5.4867e-03
-9.6385e-03
-1.2356e-02
-1.4107e-02
-1.4443e-02
-1.4608e-02
-1.3647e-02
-1.0798e-02
-8.8665e-03
-6.0109e-03
-4.8919e-03
-5.5199e-03
-7.4310e-03
-9.7998e-03
-1.2189e-02
-1.4102e-02
-1.4396e-02
-1.4363e-02
-1.4087e-02
-1.2368e-02
-9.2407e-03
-5.7087e-03
-5.2687e-03
-4.6900e-03
-1.4203e-03
-5.0859e-05
-1.4195e-03
-4.6526e-03
-5.2028e-03
-5.8018e-03
-8.9981e-03
-1.0155e-02
-9.4549e-03
-7.6566e-03
-4.9500e-03
-7.8313e-04
3.8501e-03
8.3742e-03
1.3185e-02
1.6696e-02
1.8339e-02
2.1245e-02
2.2206e-02
2.1870e-02
2.2190e-02
2.1616e-02
1.7627e-02
1.3069e-02
1.0394e-02
9.0015e-03
7.6823e-03
4.7485e-03
3.4723e-03
1.9018e-03
-5.2806e-04
-2.9593e-03
-4.5103e-03
-5.7836e-03
-8.8455e-03
-9.8293e-03
-9.4628e-03
-9.4131e-03
-9.6424e-03
-9.3378e-03
-7.1915e-03
-5.0773e-03
-4.9432e-03
-4.8109e-03
-2.6875e-03
-5.5844e-04
-2.5649e-04
-4.2817e-04
-3.7633e-04
-3.7983e-04
-5.0886e-04
1.4078e-04
1.0817e-03
4.5871e-04
1.5822e-03
1.7295e-03
1.3828e-04
-6.7024e-04
-2.2551e-03
-5.2857e-03
-8.4886e-03
-1.0207e-02
-1.3064e-02
-1.4234e-02
-1.3534e-02
-1.1441e-02
-9.7612e-03
-8.4784e-03
-5.0987e-03
-5.0740e-03
-8.2838e-03
-1.0230e-02
-1.2731e-02
-1.4634e-02
-1.7200e-02
-1.9113e-02
-2.2007e-02
-2.2969e-02
-2.2611e-02
-2.2585e-02
-2.2810e-02
-2.2438e-02
-2.0295e-02
-1.8565e-02
-1.7578e-02
-1.3562e-02
-9.7104e-03
-8.1278e-03
-5.2376e-03
-3.9052e-03
-5.3267e-03
-7.8902e-03
-7.7186e-03
-8.4768e-03
-8.9565e-03
-9.1557e-03
-1.1180e-02
-1.3107e-02
-1.4054e-02
-1.4964e-02
-1.4039e-02
-1.3022e-02
-1.1116e-02
-9.3876e-03
-8.0182e-03
-4.9952e-03
-4.3593e-03
-3.6440e-03
-4.5741e-04
2.2238e-04
8.5261e-04
4.0506e-03
5.0886e-03
4.7492e-03
4.7288e-03
4.8035e-03
4.7995e-03
4.7957e-03
4.8705e-03
4.8510e-03
4.5093e-03
5.5444e-03
8.7585e-03
9.3831e-03
1.0003e-02
1.3244e-02
1.4295e-02
1.3775e-02
1.4059e-02
1.6226e-02
1.8323e-02
1.8645e-02
1.8467e-02
1.8463e-02
1.8512e-02
1.8816e-02
1.7864e-02
1.5015e-02
1.3082e-02
1.0237e-02
9.2791e-03
9.5757e-03
9.6526e-03
9.6662e-03
9.2999e-03
9.9462e-03
1.4136e-02
1.8334e-02
1.8961e-02
1.8606e-02
1.8656e-02
1.8711e-02
1.8715e-02
1.8740e-02
1.8717e-02
1.8573e-02
1.9245e-02
2.0321e-02
1.9231e-02
1.8914e-02
1.8131e-02
1.4994e-02
1.3996e-02
1.4048e-02
1.5036e-02
1.7861e-02
1.9823e-02
2.2664e-02
2.3597e-02
2.3628e-02
2.2983e-02
1.9150e-02
1.4340e-02
9.8943e-03
5.4129e-03
6.0827e-04
-2.9094e-03
-4.5503e-03
-7.4268e-03
-8.1169e-03
-8.7313e-03
-1.1585e-02
-1.3705e-02
-1.6041e-02
-1.5565e-02
-1.4613e-02
-1.2160e-02
-8.7090e-03
-7.5953e-03
-5.6539e-03
-3.8578e-03
-5.5921e-03
-7.8678e-03
-8.1076e-03
-7.8993e-03
-8.2694e-03
-7.3254e-03
-4.0905e-03
-3.1069e-03
-3.4555e-03
-3.4686e-03
-3.3913e-03
-3.3863e-03
-3.4451e-03
-3.4081e-03
-3.0778e-03
-4.0595e-03
-7.0865e-03
-8.3523e-03
-1.0103e-02
-1.2174e-02
-1.2476e-02
-1.2303e-02
-1.2651e-02
-1.1709e-02
-8.4776e-03
-7.4980e-03
-7.8451e-03
-7.8570e-03
-7.7887e-03
-7.7974e-03
-7.8108e-03
-7.7542e-03
-7.7293e-03
-8.0741e-03
-7.2811e-03
-3.6971e-03
-6.4290e-04
7.4996e-04
2.0196e-03
5.1103e-03
6.1059e-03
5.7696e-03
5.7570e-03
5.8104e-03
5.8153e-03
5.8119e-03
5.8193e-03
5.7983e-03
5.8075e-03
5.9930e-03
5.4991e-03
3.9000e-03
3.4395e-03
3.6228e-03
3.4348e-03
3.9106e-03
5.5513e-03
6.0409e-03
5.5532e-03
6.5270e-03
9.4057e-03
1.1317e-02
1.4186e-02
1.5460e-02
1.4174e-02
1.1286e-02
9.5613e-03
6.4041e-03
3.3315e-03
1.5556e-03
1.2627e-03
1.3891e-03
1.3383e-03
1.5170e-03
1.2061e-03
-8.7669e-04
-2.9761e-03
-3.2813e-03
-3.0987e-03
-3.1169e-03
-3.1443e-03
-3.1365e-03
-3.1285e-03
-3.1430e-03
-3.1307e-03
-3.1114e-03
-3.1511e-03
-3.2931e-03
-2.6172e-03
-1.6832e-03
-2.4649e-03
-1.0474e-03
1.0432e-03
1.8563e-03
3.2831e-03
3.7637e-03
3.5672e-03
3.5617e-03
4.0612e-03
2.6193e-03
-1.8467e-03
-4.3107e-03
-7.0013e-03
-7.7839e-03
-7.8408e-03
-9.8998e-03
-1.1852e-02
-1.2831e-02
-1.3734e-02
-1.2761e-02
-1.1834e-02
-1.0310e-02
-7.2453e-03
-3.4011e-03
-3.5949e-03
-6.8545e-03
-8.4610e-03
-1.1895e-02
-1.6683e-02
-2.1569e-02
-2.5372e-02
-2.6043e-02
-2.5724e-02
-2.5724e-02
-2.5773e-02
-2.6091e-02
-2.5121e-02
-2.2222e-02
-2.0292e-02
-1.7796e-02
-1.5864e-02
-1.2963e-02
-1.2001e-02
-1.2337e-02
-1.2324e-02
-1.2310e-02
-1.2336e-02
-1.2352e-02
-1.2046e-02
-1.3030e-02
-1.5864e-02
-1.7790e-02
-2.0816e-02
-2.1606e-02
-1.8919e-02
-1.5084e-02
-1.1753e-02
-8.4223e-03
-7.6030e-03
-7.9530e-03
-7.9425e-03
-7.7342e-03
-8.2311e-03
-9.8626e-03
-1.0321e-02
-1.0161e-02
-1.0333e-02
-9.8900e-03
-8.3021e-03
-7.7703e-03
-7.9441e-03
-8.2055e-03
-7.8347e-03
-5.3737e-03
-4.4570e-03
-7.0674e-03
-6.1070e-03
-3.6355e-03
-3.4814e-03
-3.4033e-03
-1.2940e-03
6.8098e-04
1.2969e-03
3.0072e-03
5.4242e-03
7.8443e-03
9.7383e-03
1.0050e-02
9.8955e-03
9.8805e-03
9.9017e-03
9.9239e-03
9.8975e-03
9.5895e-03
1.0536e-02
1.3397e-02
1.5322e-02
1.8148e-02
1.9136e-02
1.8978e-02
1.8297e-02
1.7253e-02
1.8355e-02
1.8646e-02
1.9456e-02
2.2579e-02
2.3543e-02
2.3503e-02
2.2819e-02
1.9018e-02
1.4192e-02
9.5340e-03
5.3857e-03
2.6811e-03
9.2770e-04
2.1735e-04
9.6412e-04
5.1304e-03
9.2823e-03
9.9077e-03
9.5366e-03
9.5117e-03
9.5528e-03
9.8774e-03
9.0093e-03
5.4479e-03
2.7462e-03
3.5464e-04
-4.1657e-03
-8.0528e-03
-8.9873e-03
-1.0708e-02
-1.3051e-02
-1.3103e-02
-1.0785e-02
-8.7364e-03
-8.7676e-03
-7.9576e-03
-5.0985e-03
-3.4368e-03
3.5831e-04
4.1668e-03
5.7899e-03
8.6499e-03
9.6261e-03
9.2795e-03
9.2326e-03
9.6244e-03
8.7027e-03
5.4357e-03
4.1012e-03
5.4736e-03
8.6674e-03
9.2420e-03
9.8343e-03
1.3011e-02
1.4027e-02
1.3966e-02
1.2953e-02
1.0860e-02
8.9090e-03
5.8516e-03
5.2161e-03
7.5723e-03
9.4699e-03
1.0393e-02
1.1334e-02
1.0213e-02
9.2440e-03
1.0328e-02
1.3188e-02
1.5056e-02
1.7810e-02
1.8731e-02
1.8663e-02
1.7637e-02
1.4765e-02
1.2769e-02
9.8531e-03
8.8946e-03
9.1115e-03
8.7721e-03
9.6036e-03
1.2371e-02
1.4208e-02
1.6895e-02
1.7737e-02
1.7638e-02
1.6581e-02
1.3656e-02
1.1629e-02
9.0285e-03
7.3708e-03
3.8312e-03
-9.2310e-04
-5.4884e-03
-9.5463e-03
-1.2190e-02
-1.3878e-02
-1.4190e-02
-1.4330e-02
-1.3385e-02
-1.0634e-02
-8.7784e-03
-6.0525e-03
-5.0010e-03
-5.6176e-03
-7.4455e-03
-9.6898e-03
-1.1932e-02
-1.3703e-02
-1.3931e-02
-1.3848e-02
-1.3533e-02
-1.1871e-02
-8.9094e-03
-5.5979e-03
-5.1832e-03
-4.6431e-03
-1.6264e-03
-3.8811e-04
-1.6738e-03
-4.6505e-03
-5.1469e-03
-5.6807e-03
-8.5618e-03
-9.5641e-03
-8.8775e-03
-7.2099e-03
-4.7465e-03
-1.0078e-03
3.0998e-03
7.0578e-03
1.1216e-02
1.4171e-02
1.5441e-02
1.7794e-02
1.8412e-02
1.7886e-02
1.7930e-02
1.7194e-02
1.3525e-02
9.4162e-03
6.9705e-03
5.6483e-03
4.4048e-03
1.8154e-03
6.5744e-04
-7.3004e-04
-2.8126e-03
-4.8628e-03
-6.1511e-03
-7.1881e-03
-9.6725e-03
-1.0416e-02
-1.0045e-02
-9.9345e-03
-1.0047e-02
-9.7260e-03
-7.9372e-03
-6.2035e-03
-6.0655e-03
-5.9296e-03
-4.2344e-03
-2.5657e-03
-2.3459e-03
-2.4958e-03
-2.4707e-03
-2.4881e-03
-2.6002e-03
-2.1206e-03
-1.4313e-03
-1.9272e-03
-1.1120e-03
-1.0374e-03
-2.2454e-03
-2.8539e-03
-4.0144e-03
-6.1960e-03
-8.4511e-03
-9.5891e-03
-1.1508e-02
-1.2184e-02
-1.1521e-02
-9.8934e-03
-8.5865e-03
-7.5807e-03
-5.1543e-03
-5.0750e-03
-7.1901e-03
-8.3977e-03
-9.9416e-03
-1.1044e-02
-1.2550e-02
-1.3581e-02
-1.5217e-02
-1.5548e-02
-1.5010e-02
-1.4690e-02
-1.4526e-02
-1.3981e-02
-1.2331e-02
-1.0974e-02
-1.0106e-02
-7.3964e-03
-4.8574e-03
-3.7573e-03
-1.9008e-03
-1.0230e-03
-1.7958e-03
-3.2126e-03
-2.9916e-03
-3.3103e-03
-3.4555e-03
-3.4323e-03
-4.4345e-03
-5.3447e-03
-5.6769e-03
-5.9710e-03
-5.2472e-03
-4.4904e-03
-3.2747e-03
-2.1888e-03
-1.3236e-03
3.8102e-04
7.9313e-04
1.2341e-03
2.9198e-03
3.2822e-03
3.6070e-03
5.1921e-03
5.6580e-03
5.4343e-03
5.3699e-03
5.3506e-03
5.2922e-03
5.2333e-03
5.2100e-03
5.1421e-03
4.9290e-03
5.3349e-03
6.6816e-03
6.8386e-03
6.9777e-03
8.2189e-03
8.4788e-03
8.0658e-03
7.9920e-03
8.6701e-03
9.2783e-03
9.1497e-03
8.8218e-03
8.5650e-03
8.3287e-03
8.1852e-03
7.5832e-03
6.3217e-03
5.4411e-03
4.2854e-03
3.8258e-03
3.8073e-03
3.7102e-03
3.5921e-03
3.3559e-03
3.4412e-03
4.5943e-03
5.6745e-03
5.6255e-03
5.2826e-03
5.0644e-03
4.8501e-03
4.6221e-03
4.4027e-03
4.1737e-03
3.9173e-03
3.8672e-03
3.9098e-03
3.4205e-03
3.1297e-03
2.7474e-03
1.8574e-03
1.4852e-03
1.3592e-03
1.4241e-03
1.8473e-03
2.0572e-03
2.4063e-03
2.3620e-03
2.1398e-03
1.8054e-03
9.3900e-04
-3.0555e-05
-8.6457e-04
-1.6352e-03
-2.3889e-03
-2.8845e-03
-3.0565e-03
-3.3799e-03
-3.3726e-03
-3.3422e-03
-3.5947e-03
-3.7209e-03
-3.8491e-03
-3.6270e-03
-3.3586e-03
-2.9468e-03
-2.4586e-03
-2.2481e-03
-1.9749e-03
-1.7348e-03
-1.8337e-03
-1.9655e-03
-1.9041e-03
-1.8048e-03
-1.7543e-03
-1.6065e-03
-1.3036e-03
-1.1849e-03
-1.1660e-03
-1.1228e-03
-1.0748e-03
-1.0327e-03
-9.9503e-04
-9.5296e-04
-8.9781e-04
-9.0763e-04
-1.0075e-03
-1.0112e-03
-1.0265e-03
-1.0472e-03
-9.9053e-04
-9.1652e-04
-8.6363e-04
-7.7098e-04
-6.1443e-04
-5.4117e-04
-5.1223e-04
-4.7395e-04
-4.3507e-04
-3.9986e-04
-3.6636e-04
-3.3288e-04
-3.0166e-04
-2.7817e-04
-2.3641e-04
-1.5435e-04
-9.2282e-05
-6.3244e-05
-4.0801e-05
1.0504e-07
1.0129e-05
3.4423e-06
1.3144e-06
1.6299e-07
-1.2208e-06
-2.4926e-06
-3.3004e-06
-4.0720e-06
-4.3846e-06
-3.6658e-06
-6.0322e-06
-1.2571e-05
-1.2466e-05
-9.2936e-06
-7.5084e-06
-3.7886e-06
2.6693e-06
5.0996e-06
5.1242e-06
8.2040e-06
1.4089e-05
1.6858e-05
1.9950e-05
2.0260e-05
1.7908e-05
1.5067e-05
1.4463e-05
1.3809e-05
1.4143e-05
1.5876e-05
1.8459e-05
2.1129e-05
2.3589e-05
2.5984e-05
2.8168e-05
3.0053e-05
3.1980e-05
3.4064e-05
3.6035e-05
3.7829e-05
3.9475e-05
4.0987e-05
4.2364e-05
4.3615e-05
4.4746e-05
4.5764e-05
4.6671e-05
4.7474e-05
4.8176e-05
4.8782e-05
4.9293e-05
4.9713e-05
5.0045e-05
