-8.2438e-05
-8.2365e-05
-8.2258e-05
-8.2169e-05
-8.2061e-05
-8.1961e-05
-8.1855e-05
-8.1741e-05
-8.1641e-05
-8.1546e-05
-8.1413e-05
-8.1294e-05
-8.1177e-05
-8.1058e-05
-8.0943e-05
-8.0804e-05
-8.0651e-05
-8.0548e-05
-8.0446e-05
-8.0283e-05
-8.0095e-05
-8.0003e-05
-7.9902e-05
-7.9691e-05
-7.9584e-05
-7.9427e-05
-7.9174e-05
-7.9091e-05
-7.8935e-05
-7.8861e-05
-7.8714e-05
-7.8377e-05
-7.8281e-05
-7.8182e-05
-7.7980e-05
-7.7788e-05
-7.7586e-05
-7.7433e-05
-7.7308e-05
-7.7127e-05
-7.6823e-05
-7.6588e-05
-7.6597e-05
-7.6516e-05
-7.6082e-05
-7.5837e-05
-7.5806e-05
-7.5405e-05
-7.5293e-05
-7.5373e-05
-7.4945e-05
-7.4800e-05
-7.4485e-05
-7.4124e-05
-7.4181e-05
-7.3747e-05
-7.3598e-05
-7.3593e-05
-7.3240e-05
-7.2862e-05
-7.2665e-05
-7.2708e-05
-7.2368e-05
-7.2014e-05
-7.1904e-05
-7.1494e-05
-7.1228e-05
-7.1367e-05
-7.0639e-05
-7.0170e-05
-7.0946e-05
-7.0420e-05
-6.9504e-05
-6.9524e-05
-6.9369e-05
-6.9203e-05
-6.8792e-05
-6.8610e-05
-6.8620e-05
-6.7788e-05
-6.7370e-05
-6.7752e-05
-6.7526e-05
-6.6583e-05
-6.6212e-05
-6.7146e-05
-6.6744e-05
-6.4951e-05
-6.5007e-05
-6.5480e-05
-6.5476e-05
-6.5324e-05
-6.4387e-05
-6.3596e-05
-6.3398e-05
-6.3320e-05
-6.3377e-05
-6.3555e-05
-6.2647e-05
-6.1918e-05
-6.1990e-05
-6.1785e-05
-6.1720e-05
-6.0565e-05
-6.0809e-05
-6.1286e-05
-5.9926e-05
-5.9858e-05
-5.8919e-05
-5.8614e-05
-5.9808e-05
-5.8742e-05
-5.8051e-05
-5.8209e-05
-5.7041e-05
-5.6638e-05
-5.7401e-05
-5.7121e-05
-5.6312e-05
-5.5892e-05
-5.5253e-05
-5.5057e-05
-5.4825e-05
-5.4584e-05
-5.4385e-05
-5.3705e-05
-5.4512e-05
-5.3459e-05
-5.1102e-05
-5.2689e-05
-5.3447e-05
-5.1898e-05
-5.1325e-05
-5.0735e-05
-5.0502e-05
-5.0299e-05
-4.9537e-05
-5.0273e-05
-5.0425e-05
-4.9427e-05
-4.8355e-05
-4.6953e-05
-4.8062e-05
-4.7898e-05
-4.5944e-05
-4.8290e-05
-4.8425e-05
-4.4854e-05
-4.4232e-05
-4.4809e-05
-4.5933e-05
-4.5085e-05
-4.4285e-05
-4.5955e-05
-4.2618e-05
-4.0227e-05
-4.2777e-05
-4.3443e-05
-4.3214e-05
-4.2306e-05
-4.0382e-05
-4.0045e-05
-4.0324e-05
-3.9412e-05
-4.0874e-05
-4.0681e-05
-3.8207e-05
-3.9027e-05
-3.7990e-05
-3.7537e-05
-3.7235e-05
-3.6311e-05
-3.7444e-05
-3.6467e-05
-3.8079e-05
-3.6199e-05
-3.0418e-05
-3.4114e-05
-3.7182e-05
-3.5224e-05
-3.3694e-05
-3.1285e-05
-3.2025e-05
-3.2591e-05
-3.2635e-05
-3.3923e-05
-3.1634e-05
-2.9378e-05
-2.9581e-05
-2.9410e-05
-2.9249e-05
-3.1604e-05
-2.9462e-05
-2.7221e-05
-3.0233e-05
-2.7020e-05
-2.6266e-05
-2.6599e-05
-2.6348e-05
-2.9713e-05
-2.4026e-05
-2.4054e-05
-2.8288e-05
-2.3767e-05
-2.2359e-05
-2.3513e-05
-2.6184e-05
-2.6404e-05
-2.0978e-05
-1.9732e-05
-2.1940e-05
-2.0606e-05
-2.2292e-05
-2.5095e-05
-2.0890e-05
-1.7842e-05
-1.6293e-05
-1.9076e-05
-2.3315e-05
-1.7038e-05
-1.5969e-05
-2.1223e-05
-1.7394e-05
-1.4922e-05
-1.5031e-05
-1.6280e-05
-2.1002e-05
-1.6418e-05
-1.2421e-05
-1.4140e-05
-1.2049e-05
-1.3677e-05
-1.5262e-05
-1.3074e-05
-1.3451e-05
-1.2227e-05
-1.2302e-05
-1.2470e-05
-8.8611e-06
-1.1635e-05
-1.2627e-05
-9.5724e-06
-1.1018e-05
-9.0456e-06
-5.7167e-06
-8.1195e-06
-1.1125e-05
-1.0462e-05
-7.6869e-06
-4.5791e-06
-7.8651e-06
-7.7891e-06
-1.8418e-06
-6.3324e-06
-9.2907e-06
-8.1263e-06
-3.3547e-06
2.3830e-06
-5.1138e-06
-5.5169e-06
-2.8382e-06
-7.9990e-06
-2.3031e-06
2.4334e-06
-4.7413e-07
-6.2192e-07
-4.1881e-06
-6.2675e-06
1.6355e-06
2.0551e-06
-1.7211e-06
4.1078e-06
2.4589e-06
-3.7574e-06
-3.9850e-06
2.4363e-06
9.8707e-06
2.5369e-06
-2.6399e-06
3.2042e-06
5.5367e-06
3.1894e-06
9.0030e-07
6.3110e-06
8.0694e-06
2.8605e-06
5.5068e-06
7.3922e-06
3.4531e-06
3.0839e-06
6.7770e-06
1.0631e-05
9.6060e-06
6.0692e-06
4.3233e-06
5.7847e-06
1.2833e-05
1.2262e-05
5.9421e-06
9.3399e-06
1.0071e-05
5.0874e-06
1.0141e-05
1.3162e-05
8.4416e-06
1.5405e-05
1.3783e-05
6.3605e-06
1.4659e-05
9.5935e-06
6.3396e-06
1.8127e-05
1.4959e-05
1.1999e-05
1.3639e-05
1.0120e-05
1.5126e-05
1.5946e-05
1.5584e-05
1.7421e-05
1.1421e-05
1.2742e-05
1.3849e-05
1.5432e-05
2.0759e-05
1.8688e-05
1.5770e-05
1.4504e-05
1.5809e-05
1.6519e-05
1.4639e-05
1.6127e-05
2.6193e-05
2.1910e-05
6.8707e-06
1.6843e-05
2.4408e-05
1.7850e-05
1.9655e-05
2.3702e-05
1.7510e-05
1.2472e-05
2.1310e-05
2.4696e-05
2.0313e-05
1.8383e-05
1.9069e-05
2.2088e-05
2.5132e-05
2.4863e-05
1.9435e-05
2.5338e-05
2.6847e-05
2.1993e-05
3.9842e-05
4.6184e-05
6.4056e-05
1.3055e-04
2.4644e-04
4.2412e-04
5.4250e-04
4.7535e-04
2.5002e-04
5.5483e-05
1.2758e-04
4.8653e-04
7.0955e-04
2.9723e-04
-3.0738e-04
-4.4943e-04
-4.8268e-04
-6.3652e-04
-5.2092e-04
2.5734e-04
1.4065e-03
1.9250e-03
1.2729e-03
-1.7370e-04
-8.7837e-04
-6.0358e-04
-8.8303e-04
-2.0452e-03
-2.7142e-03
-1.3413e-03
6.1279e-04
1.5705e-03
2.2896e-03
2.6775e-03
1.5873e-03
-1.5841e-04
-8.6424e-04
-1.5081e-03
-7.9250e-04
1.0854e-03
2.8592e-04
-2.2084e-03
-3.3008e-03
-1.7929e-03
2.7922e-04
1.6386e-03
3.1445e-03
4.7690e-03
4.2364e-03
-3.4008e-04
-3.3111e-03
-3.3625e-03
-2.5922e-03
-1.7794e-04
-6.7940e-04
-1.5948e-03
9.1666e-04
1.5462e-03
-6.9789e-04
-3.8606e-04
4.4689e-03
6.8722e-03
4.2695e-03
5.3798e-04
-1.9293e-03
-2.3401e-03
-3.3486e-03
-2.6002e-03
-4.4698e-05
5.6939e-04
1.3892e-03
2.8958e-04
-2.3876e-03
-1.8588e-03
9.4461e-04
2.6341e-03
9.0770e-04
-5.3099e-04
8.2910e-04
1.8343e-03
1.4062e-03
-2.4551e-04
-1.8641e-03
-2.8832e-03
-3.8426e-03
-3.3547e-03
-7.7447e-04
2.1362e-03
2.9068e-03
3.2201e-03
4.6060e-03
2.5111e-03
-2.5355e-03
-3.0503e-03
2.2486e-03
5.3985e-03
2.3315e-03
-1.5679e-03
-4.0789e-03
-5.2278e-03
-4.0582e-03
-2.5801e-03
-3.1093e-04
1.6003e-03
1.4067e-03
7.6489e-04
-1.8130e-03
-3.3500e-03
9.7698e-05
3.2608e-03
3.0033e-03
2.2894e-03
2.1248e-03
3.0374e-04
-2.2269e-03
-2.8559e-03
-2.2199e-03
-1.1751e-03
-1.1417e-03
7.8016e-04
5.3219e-03
3.5052e-03
-1.4973e-03
-1.9360e-03
-4.9596e-04
2.4696e-03
3.9508e-03
1.8436e-03
3.6978e-05
-2.2685e-04
-1.5608e-03
-4.8239e-03
-3.0217e-03
2.8091e-03
5.8989e-03
5.8824e-03
4.8211e-03
7.4852e-03
7.9899e-03
2.7228e-03
-3.2512e-04
4.9073e-04
3.1693e-03
4.6365e-03
6.0389e-03
7.3151e-03
4.9680e-03
2.7647e-03
2.7580e-03
3.7087e-03
4.3574e-03
3.5190e-03
1.9316e-03
-1.2526e-04
-2.9184e-03
-5.7779e-03
-5.7735e-03
-2.9786e-03
-1.2795e-03
1.2506e-05
1.3825e-03
-2.8619e-03
-1.0444e-02
-9.1889e-03
1.5326e-03
8.8959e-03
7.6248e-03
4.0994e-03
2.3659e-03
3.7493e-03
5.6361e-03
4.2868e-03
5.7266e-03
9.9967e-03
1.0265e-02
4.8380e-03
-2.6936e-03
-4.9725e-03
-2.6510e-03
6.1511e-04
1.2875e-03
2.2535e-03
7.0365e-03
6.5880e-03
2.3634e-03
-2.6414e-03
-4.4495e-03
1.6717e-03
6.8247e-03
7.4166e-03
1.3122e-03
-6.7399e-03
-7.7433e-03
1.6149e-03
1.2978e-02
1.1834e-02
9.6119e-03
1.3592e-02
1.7804e-02
1.8951e-02
1.4270e-02
1.1174e-02
6.4979e-03
-1.2766e-03
-4.7824e-03
-4.8294e-03
7.2399e-04
9.6316e-03
1.3445e-02
1.0735e-02
7.3780e-03
5.0988e-03
4.3723e-03
4.8702e-03
3.6823e-03
7.7048e-03
1.3677e-02
1.5921e-02
1.5578e-02
5.4173e-03
-9.2132e-03
-1.8528e-02
-1.9226e-02
-8.7925e-03
4.9735e-03
1.0148e-02
1.0111e-02
1.3497e-02
1.9068e-02
2.4365e-02
1.2679e-02
-1.0537e-02
-1.2635e-02
-6.6762e-03
-5.1024e-03
5.4461e-03
1.4043e-02
6.8221e-03
-1.4919e-02
-2.1265e-02
4.7645e-04
1.2843e-02
1.3020e-02
1.6288e-02
1.3326e-02
8.6756e-03
7.0007e-03
-8.1738e-05
-2.8320e-03
9.0682e-03
1.8517e-02
2.4763e-02
3.3427e-02
3.4526e-02
2.5334e-02
4.6076e-03
-1.3944e-02
-1.5054e-02
2.6833e-03
2.5820e-02
3.1214e-02
2.0531e-02
8.3826e-03
-2.4081e-03
-1.1210e-02
-1.7000e-02
-1.9255e-02
-9.5347e-03
6.0989e-03
1.2795e-02
1.3309e-02
2.2864e-02
2.8390e-02
7.3367e-03
-8.9218e-03
-1.2546e-02
-1.1995e-02
-5.2650e-03
-4.3247e-03
1.3536e-03
6.8664e-03
1.5402e-02
2.0334e-02
9.6737e-03
-1.0260e-03
-1.2629e-02
-8.6237e-03
6.6814e-03
2.4779e-02
4.2361e-02
3.9098e-02
3.1226e-02
1.8045e-02
6.1634e-04
-7.3300e-03
-1.3614e-02
-1.1471e-02
1.4354e-03
1.2206e-02
7.7440e-03
-8.8573e-03
-2.3814e-02
-2.5441e-02
-1.2643e-02
-2.1144e-03
1.0360e-02
2.3087e-02
1.9133e-02
2.1419e-02
4.0913e-02
4.9604e-02
3.2099e-02
1.0633e-02
6.4401e-03
1.1723e-02
2.1967e-02
2.4513e-02
1.8671e-02
1.2126e-03
-2.6555e-02
-3.1955e-02
-2.5515e-02
-1.3611e-02
6.8765e-03
3.0245e-02
4.5659e-02
2.2917e-02
3.7670e-04
2.3170e-03
-1.0605e-02
-3.8542e-02
-3.9750e-02
-1.3392e-02
-6.6814e-03
-1.5447e-02
-2.3685e-02
-1.6619e-02
9.2953e-03
1.7867e-02
1.3432e-02
2.1587e-03
-5.8725e-03
6.3803e-04
6.7268e-03
1.7825e-02
2.3613e-02
2.4526e-02
3.7300e-02
4.4962e-02
3.1849e-02
2.1586e-03
-1.3092e-02
1.7999e-03
1.6337e-02
2.0633e-02
2.4015e-02
2.4874e-02
2.0934e-02
1.8756e-02
2.1925e-02
2.3898e-02
2.5001e-02
1.2218e-02
-6.9563e-03
-1.7352e-02
-2.3226e-02
-1.4549e-02
1.1287e-03
2.1903e-02
2.9512e-02
-8.2867e-05
-2.8258e-02
-2.9938e-02
-2.1795e-02
-2.0133e-02
-2.6486e-02
-3.6882e-02
-3.9384e-02
-1.9403e-02
-2.1928e-03
-1.7471e-02
-4.5697e-02
-5.9963e-02
-5.9953e-02
-4.4579e-02
-1.2370e-02
1.3161e-02
1.4783e-02
1.4319e-02
1.6979e-02
1.4121e-02
7.1343e-03
1.2522e-03
7.9468e-03
1.4364e-02
1.9259e-02
1.5645e-02
1.1152e-02
5.1771e-04
-3.4586e-02
-3.5006e-02
-1.7709e-02
-2.1639e-02
-2.9428e-02
-5.6525e-02
-7.8340e-02
-2.6202e-02
2.5945e-02
-3.0686e-02
-7.9079e-02
-6.3179e-02
-4.9484e-02
-6.0808e-02
-8.4632e-02
-6.8413e-02
-5.4239e-02
-7.7008e-02
-9.7724e-02
-1.0218e-01
-9.1951e-02
-4.8728e-02
1.2554e-03
1.1662e-02
2.1828e-02
8.9759e-03
-1.3625e-02
-5.2755e-03
-1.7750e-02
-1.9092e-02
-1.4935e-02
-2.0332e-02
-1.2655e-02
-1.8057e-02
-1.1248e-02
-3.5303e-02
-1.2547e-01
-1.4799e-01
-4.7704e-02
1.1764e-02
-4.6419e-02
-1.0863e-01
-9.6343e-02
-4.1824e-02
-6.6213e-02
-1.2659e-01
-1.0543e-01
-6.9994e-02
-8.5864e-02
-1.2271e-01
-1.1437e-01
-9.6674e-02
-1.0167e-01
-8.9383e-02
-9.0655e-02
-8.9439e-02
-6.3720e-02
-6.7337e-02
-1.0245e-01
-1.0107e-01
-7.7403e-02
-9.2472e-02
-1.0045e-01
-8.7323e-02
-8.0319e-02
-9.8354e-02
-1.2335e-01
-1.0161e-01
-8.6530e-02
-9.3563e-02
-9.8651e-02
-1.0165e-01
-9.4477e-02
-7.5428e-02
-5.0416e-02
-7.1157e-02
-7.0748e-02
-3.0524e-02
-3.1030e-02
-3.1486e-02
-1.7989e-02
-3.0022e-03
1.4022e-02
3.1862e-02
4.1550e-02
3.4513e-02
4.1726e-02
4.9084e-02
5.0807e-02
5.4507e-02
3.9473e-02
2.3732e-02
8.7643e-03
-1.5544e-02
-3.6027e-02
-5.7960e-02
-5.7960e-02
-1.6819e-02
3.9649e-03
-5.5142e-03
-9.5923e-03
-2.6042e-02
-2.5528e-02
-9.8057e-03
-6.9505e-03
1.4386e-02
3.4802e-02
4.9001e-02
6.7469e-02
7.2277e-02
6.6185e-02
5.7947e-02
6.4630e-02
7.8702e-02
8.8379e-02
9.4467e-02
9.4919e-02
1.0205e-01
1.1097e-01
1.0966e-01
1.0593e-01
1.1153e-01
1.2340e-01
1.2516e-01
1.1167e-01
9.1035e-02
7.1413e-02
5.2400e-02
2.7359e-02
1.8302e-02
1.6151e-02
-7.7835e-03
-2.9222e-02
-4.7944e-02
8.6837e-03
1.2559e-01
1.1694e-01
6.9212e-02
1.3199e-01
1.9325e-01
1.6957e-01
1.2504e-01
9.4981e-02
7.2217e-02
7.7549e-02
8.3062e-02
7.7912e-02
8.5843e-02
9.6650e-02
1.0920e-01
1.1084e-01
8.8143e-02
7.1235e-02
8.9951e-02
1.0929e-01
1.1389e-01
1.2340e-01
1.0923e-01
8.6936e-02
9.4233e-02
9.2930e-02
8.2529e-02
9.7680e-02
1.1084e-01
1.1506e-01
1.1961e-01
1.2010e-01
1.2775e-01
1.2707e-01
1.2709e-01
1.3867e-01
1.3824e-01
1.3075e-01
1.2579e-01
1.3388e-01
1.1952e-01
9.2448e-02
1.0967e-01
1.1741e-01
1.2489e-01
1.5127e-01
1.3455e-01
1.0141e-01
9.0196e-02
6.3090e-02
6.8650e-04
-6.2576e-02
-1.0995e-01
-1.6453e-01
-2.3743e-01
-2.7098e-01
-2.2805e-01
-1.5443e-01
-1.0471e-01
-5.2186e-02
2.3079e-02
3.3037e-02
-3.0202e-02
-1.3677e-01
-2.6329e-01
-3.0787e-01
-2.3485e-01
-8.9903e-02
3.9932e-02
5.6833e-02
3.2867e-02
2.4266e-02
-4.1558e-02
-6.3279e-02
-9.7536e-03
8.7841e-03
-5.3276e-03
-3.8277e-02
-8.2307e-02
-5.7668e-02
5.2936e-02
5.3921e-02
-2.5824e-02
-5.6770e-02
-1.0107e-01
-8.9097e-02
-5.1199e-02
-3.3180e-02
-3.0598e-03
-8.5278e-03
-4.9317e-02
-1.0357e-01
-1.1488e-01
-1.1934e-01
-1.4517e-01
-1.5228e-01
-1.5413e-01
-1.4528e-01
-1.4649e-01
-1.5646e-01
-1.5312e-01
-1.2997e-01
-1.2441e-01
-1.5610e-01
-1.4908e-01
-1.0702e-01
-7.8754e-02
-6.1888e-02
-6.9985e-02
-9.5112e-02
-9.0529e-02
-5.7647e-02
-3.0748e-02
-2.3698e-02
-1.2064e-02
5.7802e-03
1.9835e-02
4.2739e-02
2.0653e-02
2.5218e-03
4.4147e-02
7.4248e-02
9.2035e-02
8.8478e-02
8.9137e-02
6.6605e-02
-9.2578e-03
5.5018e-02
1.9590e-01
1.9890e-01
1.5572e-01
1.3760e-01
1.1916e-01
8.8726e-02
1.8469e-02
-4.5696e-02
-8.7130e-02
-1.2558e-01
-1.1860e-01
-6.1862e-02
1.3252e-02
4.0887e-02
-3.2186e-02
-1.0880e-01
-9.5685e-02
-5.9166e-02
-5.1729e-02
-3.8031e-02
-4.5570e-02
-6.6703e-02
-7.0004e-02
-1.0160e-01
-1.0779e-01
-7.4612e-02
-4.5557e-02
-1.6468e-02
-1.5956e-02
-2.9319e-03
3.9825e-02
6.3059e-02
7.1206e-02
9.6398e-02
1.0026e-01
6.9250e-02
6.2803e-02
1.1359e-01
2.0736e-01
2.0793e-01
1.6222e-01
1.7700e-01
1.6311e-01
1.4070e-01
1.2191e-01
1.2591e-01
1.5706e-01
1.5619e-01
1.6196e-01
1.5939e-01
1.3302e-01
1.0307e-01
7.5126e-02
7.5916e-02
7.0182e-02
4.6134e-02
5.7563e-02
7.3256e-02
7.7171e-02
1.0995e-01
1.3074e-01
1.1522e-01
9.3746e-02
8.3527e-02
6.8055e-02
3.6573e-02
2.2634e-02
3.0415e-02
2.7670e-02
1.2599e-02
1.4029e-02
3.1517e-02
4.2430e-02
3.3942e-02
2.9536e-02
2.8945e-02
-1.0474e-03
-2.9246e-02
-5.0551e-02
-5.8934e-02
-3.5317e-02
-3.6500e-02
-7.3923e-02
-1.1093e-01
-1.4587e-01
-1.8616e-01
-2.1621e-01
-2.1891e-01
-1.9430e-01
-1.7296e-01
-1.6238e-01
-1.3951e-01
-1.3074e-01
-1.3586e-01
-1.3696e-01
-1.3847e-01
-1.6884e-01
-1.6978e-01
-8.7844e-02
-7.9479e-02
-1.2265e-01
-1.1394e-01
-8.1123e-02
5.9361e-03
5.7879e-02
4.3649e-02
3.5900e-02
2.3075e-02
3.3915e-02
4.9174e-02
5.3774e-02
7.4494e-02
1.0306e-01
1.2529e-01
1.1542e-01
6.6787e-02
1.4205e-02
7.7644e-02
1.5037e-01
9.3661e-02
6.7044e-02
7.8167e-02
6.7413e-02
4.9363e-02
2.9574e-02
9.9497e-03
1.4337e-02
6.4153e-02
8.2980e-02
8.0147e-02
7.0049e-02
5.1977e-02
3.1468e-02
-4.5426e-03
-2.5683e-02
-3.1571e-02
-2.1013e-02
-3.0548e-02
-3.0305e-02
-1.4290e-02
-1.3346e-02
-4.5993e-03
-4.9512e-02
-7.5055e-02
-6.4542e-02
-8.4829e-02
-7.9735e-02
-7.6090e-02
-7.1423e-02
-7.3700e-02
-9.7730e-02
-1.0429e-01
-1.0302e-01
-7.8120e-02
-4.1508e-02
-3.1722e-02
-2.4449e-02
-2.0155e-02
-7.0722e-02
-1.3331e-01
-1.5476e-01
-1.4772e-01
-1.3325e-01
-1.2621e-01
-9.7619e-02
-5.1475e-02
-1.4003e-02
-1.5643e-02
-4.1301e-02
-3.6557e-02
-1.9481e-02
-7.2743e-03
1.4846e-02
2.5015e-02
2.4732e-02
5.2501e-02
7.4868e-02
9.2846e-02
8.1057e-02
3.7309e-02
3.5854e-02
5.1269e-02
1.1581e-01
1.5230e-01
1.0206e-01
7.7954e-02
6.1411e-02
3.9344e-02
1.2128e-02
9.2713e-03
3.8465e-02
2.9458e-02
1.4748e-02
3.6980e-03
-3.1280e-03
8.9836e-03
3.6951e-03
-8.1557e-03
-1.4548e-02
-1.7290e-02
-1.5986e-02
-9.8632e-03
4.5714e-03
3.8430e-03
-5.8612e-03
-3.6794e-03
-1.5963e-03
-4.6710e-03
5.4827e-03
1.8021e-02
1.7100e-02
1.3878e-02
1.6926e-02
2.7370e-02
2.6103e-02
2.7168e-02
4.4511e-02
6.4633e-02
7.9255e-02
7.8638e-02
7.6677e-02
6.7892e-02
6.5786e-02
8.7177e-02
1.0213e-01
1.1125e-01
1.2453e-01
1.4109e-01
1.5202e-01
1.5150e-01
1.4971e-01
1.4828e-01
1.4494e-01
1.3687e-01
1.2791e-01
1.1930e-01
1.1266e-01
1.0128e-01
7.9810e-02
6.7031e-02
6.5829e-02
6.9978e-02
7.2705e-02
7.2230e-02
6.4032e-02
3.9962e-02
2.4888e-02
2.0296e-02
6.1349e-03
-6.6970e-03
-3.3826e-02
-8.7936e-02
-1.1354e-01
-1.0752e-01
-1.0855e-01
-1.0656e-01
-1.0502e-01
-9.0074e-02
-7.3343e-02
-9.2243e-02
-1.1434e-01
-1.1634e-01
-1.0605e-01
-9.6290e-02
-8.9330e-02
-8.8619e-02
-1.0119e-01
-1.1488e-01
-1.2090e-01
-1.1248e-01
-9.1918e-02
-6.9719e-02
-6.2652e-02
-5.7069e-02
-5.0517e-02
-5.7463e-02
-6.0907e-02
-6.0873e-02
-5.8295e-02
-6.0097e-02
-6.1667e-02
-6.4349e-02
-6.3181e-02
-5.9026e-02
-5.4544e-02
-3.8567e-02
-5.5137e-02
-6.4228e-02
-4.2974e-02
-9.6382e-03
1.4540e-02
-8.2602e-03
-2.0192e-02
-3.2580e-02
-3.8163e-02
-2.3691e-02
-3.0241e-02
-3.1560e-02
-1.9763e-02
-1.4980e-02
-1.9160e-02
-7.7311e-03
3.8819e-03
3.7544e-03
6.9213e-03
1.2503e-02
1.2598e-02
9.3603e-03
2.9054e-02
4.9454e-02
5.4856e-02
5.8623e-02
6.0128e-02
6.8699e-02
7.6502e-02
6.8646e-02
2.0771e-02
-2.2783e-03
9.3193e-02
1.6746e-01
1.3967e-01
1.1161e-01
9.3019e-02
6.8812e-02
3.1285e-02
1.4383e-02
4.5293e-02
6.7584e-02
6.9280e-02
6.0239e-02
5.2953e-02
4.4876e-02
1.4172e-03
-5.1073e-02
-7.4014e-02
-7.1185e-02
-6.0909e-02
-6.0625e-02
-5.5698e-02
-4.8003e-02
-6.8449e-02
-9.2604e-02
-9.4924e-02
-1.0551e-01
-1.0407e-01
-9.4548e-02
-1.2231e-01
-1.2890e-01
-1.0261e-01
-8.6325e-02
-8.6854e-02
-9.7783e-02
-8.5045e-02
-7.4292e-02
-7.3208e-02
-7.4345e-02
-7.4616e-02
-5.5484e-02
-5.1286e-02
-3.6681e-02
-1.3867e-02
2.2214e-03
2.2269e-02
4.0650e-02
5.6632e-02
3.0484e-02
2.2760e-02
4.1957e-02
7.9503e-02
1.3124e-01
1.1520e-01
1.0033e-01
9.7845e-02
8.1373e-02
4.7379e-02
-1.9255e-02
-5.1629e-02
-6.3836e-02
-5.5660e-02
-3.3440e-02
-4.2444e-02
-3.9097e-02
-3.0202e-02
-2.2719e-02
1.8529e-02
6.2151e-02
8.3910e-02
7.4331e-02
5.2663e-02
4.6202e-02
3.3682e-02
3.4897e-02
4.5541e-02
4.0840e-02
3.6730e-02
3.1368e-02
2.9419e-02
3.0556e-02
4.6422e-02
4.7906e-02
4.0315e-02
5.7147e-02
2.3561e-02
1.1291e-02
3.7020e-02
3.4665e-02
5.5482e-02
4.4362e-02
2.0637e-02
6.4616e-03
-1.7550e-02
-3.0139e-02
-5.7415e-02
-6.6687e-02
-6.3975e-02
-6.4915e-02
-4.8511e-02
-3.3927e-02
-5.4745e-02
-8.4254e-02
-8.9157e-02
-9.2624e-02
-8.9553e-02
-7.9567e-02
-5.1294e-02
-3.6273e-02
-4.9673e-02
-4.0514e-02
-3.3458e-02
-3.4974e-02
-3.7175e-02
-4.3041e-02
-4.7978e-02
-5.7009e-02
-6.7937e-02
-6.0195e-02
-4.3022e-02
-6.6563e-02
-6.1145e-02
-2.4445e-02
-1.0373e-02
1.6832e-02
2.0564e-02
2.0419e-03
-7.0890e-03
2.9031e-03
1.6483e-02
6.9968e-03
-1.8022e-03
-1.3898e-02
-2.6954e-02
-2.8502e-02
-2.3784e-02
-1.9044e-02
-7.7302e-03
6.1028e-04
-7.6473e-03
-1.5190e-02
-1.3808e-02
2.8402e-03
1.6809e-02
3.0823e-02
4.6129e-02
4.3720e-02
4.7669e-02
6.3309e-02
7.1964e-02
7.5586e-02
7.7647e-02
6.9372e-02
7.5156e-02
6.2691e-02
3.0923e-02
3.9684e-02
6.9133e-02
1.2287e-01
1.3805e-01
1.0853e-01
1.0468e-01
9.3798e-02
6.9811e-02
3.9603e-02
3.1409e-02
3.6078e-02
2.2092e-02
2.0000e-02
1.8209e-02
2.5555e-03
-6.9775e-03
-1.5677e-02
-3.3345e-02
-3.9613e-02
-2.2535e-02
-3.5203e-03
1.7720e-03
2.8061e-03
1.8758e-03
3.8808e-03
1.1352e-02
9.2031e-03
-3.6292e-03
-1.1601e-02
-5.7294e-03
-9.1422e-04
8.6560e-03
2.0893e-02
2.3524e-02
2.1625e-02
1.5692e-02
2.2174e-02
2.6932e-02
3.3387e-02
1.9846e-02
-1.5025e-02
-6.9204e-03
1.2938e-02
3.4705e-02
3.3494e-02
4.2690e-03
-2.3359e-03
-1.4869e-02
-7.2106e-03
1.6478e-02
7.7984e-03
-1.7412e-03
-3.0061e-03
-4.7186e-03
8.4563e-03
1.7171e-02
1.7060e-02
1.7903e-02
3.9296e-03
2.0158e-03
1.0438e-02
1.0374e-02
2.2037e-02
2.7660e-02
8.1134e-03
-1.3651e-02
-2.0909e-02
-2.3329e-02
-2.6848e-02
-2.2936e-02
-1.7442e-02
-1.8178e-02
-1.3416e-02
-3.8068e-03
7.2592e-03
6.6886e-03
-6.7034e-03
-1.5887e-02
-3.0394e-02
-4.7863e-02
-6.4126e-02
-6.1321e-02
-5.1153e-02
-5.7944e-02
-5.8900e-02
-6.2476e-02
-5.9039e-02
-4.8147e-02
-4.5342e-02
-4.6604e-02
-5.2280e-02
-4.7925e-02
-4.7367e-02
-4.7253e-02
-3.9103e-02
-2.6563e-02
-9.3715e-03
-5.2526e-03
-1.0088e-02
-1.6541e-02
-1.1710e-02
1.9642e-03
1.6568e-02
3.0915e-02
2.3838e-02
1.2133e-02
2.9933e-03
-1.2374e-02
-1.3239e-02
-2.4133e-03
4.0261e-03
-8.0901e-04
-5.7460e-03
-5.4503e-03
-1.3924e-02
-1.3825e-02
-6.3102e-03
-1.2109e-02
-1.4363e-02
-1.3224e-02
-1.9857e-02
-2.4607e-02
-2.6239e-02
-2.4137e-02
-1.4869e-02
-6.4523e-03
2.8256e-03
1.0731e-02
9.2182e-03
7.8130e-03
1.1373e-02
2.2329e-02
3.4849e-02
4.2718e-02
5.0119e-02
6.3134e-02
7.1112e-02
6.5893e-02
6.4651e-02
5.9593e-02
5.7643e-02
6.0674e-02
3.6801e-02
1.0160e-02
6.3655e-02
1.4971e-01
1.3984e-01
9.4677e-02
7.4153e-02
6.1356e-02
4.0975e-02
-3.3665e-03
-1.3794e-02
-7.8481e-03
-1.8803e-02
-1.2947e-02
2.0970e-02
5.2830e-02
3.6759e-02
3.2043e-03
-1.7301e-02
-2.8254e-02
-4.2233e-02
-5.2371e-02
-3.6948e-02
-3.4118e-02
-4.9044e-02
-7.7026e-02
-1.1596e-01
-1.3965e-01
-1.4366e-01
-1.1841e-01
-1.0111e-01
-8.9513e-02
-5.0881e-02
-3.8223e-02
-5.1974e-02
-6.6251e-02
-8.5963e-02
-8.9493e-02
-9.7461e-02
-1.1523e-01
-1.0071e-01
-6.7155e-02
-4.7009e-02
-4.0503e-02
-3.5147e-02
-3.4859e-02
-3.5540e-02
-2.5077e-02
-1.5461e-02
4.3072e-03
1.7750e-02
3.0306e-03
-8.2092e-04
6.2230e-03
2.1267e-02
4.0223e-02
4.8835e-02
3.8793e-02
-1.4414e-02
2.5530e-02
1.6311e-01
1.8326e-01
1.3276e-01
1.1287e-01
1.0242e-01
7.4212e-02
2.8757e-02
1.7225e-02
3.4790e-02
6.1889e-02
7.0673e-02
6.2364e-02
4.9450e-02
1.6288e-02
-4.1328e-03
-1.1965e-02
-2.3272e-02
-2.3451e-02
-2.2930e-02
-4.2655e-02
-4.5996e-02
-3.5389e-02
-4.9987e-02
-4.3685e-02
-2.2271e-02
-1.1809e-02
-6.5029e-03
-1.1908e-02
-1.0232e-02
-1.8532e-03
1.7994e-02
4.1032e-02
5.2387e-02
5.2910e-02
4.4179e-02
4.0405e-02
2.5383e-02
3.5614e-03
-7.0482e-03
-1.2781e-02
1.5551e-05
7.5254e-03
1.8446e-02
2.5529e-02
-1.4157e-02
5.6835e-04
3.1164e-02
2.0326e-02
5.5947e-02
6.0535e-02
3.7057e-02
3.2542e-02
6.6146e-03
-6.6651e-03
-5.5890e-04
5.8049e-04
-4.6177e-03
-1.0440e-03
-7.6063e-03
-1.8940e-02
-8.8988e-03
-1.3934e-02
-3.7244e-02
-4.7975e-02
-5.4367e-02
-6.4942e-02
-4.8918e-02
-2.7003e-02
-2.8692e-02
-3.3653e-02
-3.5380e-02
-2.6313e-02
-1.4024e-02
1.0478e-02
3.1519e-02
2.2982e-02
9.1120e-03
-7.4748e-03
-1.2246e-02
-3.6714e-03
7.1411e-03
1.5041e-02
1.4693e-02
1.2095e-02
-2.3943e-03
-1.6102e-02
-3.3752e-02
-4.4523e-02
-4.1021e-02
-4.7670e-02
-4.7352e-02
-5.2036e-02
-5.5149e-02
-4.8299e-02
-4.8819e-02
-5.4721e-02
-6.3106e-02
-4.5453e-02
-2.8896e-02
-2.0731e-02
-2.9391e-03
-1.5628e-03
-4.4584e-03
-5.9415e-03
-4.3169e-04
6.8275e-03
1.6239e-02
2.3445e-02
1.3975e-02
4.1224e-03
-1.5517e-02
-1.5729e-02
1.8657e-03
7.3827e-03
1.0506e-02
7.8879e-03
1.5678e-02
1.4677e-02
1.0132e-02
1.3705e-02
1.0147e-02
3.1029e-02
4.4167e-02
3.7175e-02
4.1908e-02
4.1153e-02
4.1417e-02
5.0176e-02
6.7869e-02
8.1519e-02
8.1755e-02
8.3025e-02
8.3983e-02
8.7480e-02
8.7088e-02
8.6837e-02
8.2327e-02
6.9923e-02
5.9742e-02
4.3289e-02
4.5183e-02
5.2607e-02
5.1587e-02
5.4065e-02
4.1900e-02
2.5126e-02
-2.1178e-03
-2.0740e-02
-9.0702e-03
7.3653e-04
-1.2718e-02
-3.7093e-02
-2.6034e-02
1.6386e-03
1.8471e-02
2.4135e-02
6.7464e-03
3.0901e-03
3.4773e-03
-5.1132e-03
-1.2680e-02
-3.2735e-02
-3.1941e-02
-2.3176e-02
-3.5909e-02
-5.0304e-02
-5.0318e-02
-3.3189e-02
-1.8703e-02
-6.1861e-03
1.0211e-03
1.2544e-04
1.4381e-03
8.6850e-04
2.1386e-03
2.7207e-03
1.5918e-03
2.4916e-03
1.0484e-02
1.5025e-02
1.5001e-02
1.5049e-02
1.3932e-02
2.4876e-02
1.3265e-02
7.7704e-03
2.7224e-02
1.9379e-02
2.2097e-02
1.5757e-02
-1.8815e-02
-4.0118e-02
-6.5244e-02
-8.7565e-02
-9.0794e-02
-8.5112e-02
-7.6376e-02
-6.8986e-02
-7.0421e-02
-7.1032e-02
-6.2404e-02
-4.8912e-02
-4.3325e-02
-4.3089e-02
-3.3409e-02
-2.9149e-02
-3.2206e-02
-3.9994e-02
-2.5710e-02
2.6683e-03
1.1738e-02
2.0361e-02
2.2435e-02
3.2187e-02
3.6177e-02
3.6238e-02
4.4540e-02
1.6333e-02
-2.9502e-02
-3.2497e-02
4.8836e-02
8.1046e-02
1.6165e-02
-1.1407e-02
-3.4713e-02
-6.9261e-02
-6.7909e-02
-3.8764e-02
-2.3036e-02
-1.9182e-02
8.0975e-04
-7.4101e-03
-2.5878e-02
-3.7382e-02
-5.6219e-02
-5.1735e-02
-2.4295e-02
-7.8624e-03
-1.0005e-02
1.2350e-03
7.7437e-03
1.1957e-02
3.8543e-02
4.4508e-02
5.3457e-02
7.5940e-02
8.6816e-02
9.7113e-02
8.7395e-02
4.6430e-02
-1.2302e-02
2.4016e-02
1.4734e-01
1.7447e-01
1.1942e-01
6.5634e-02
1.5520e-02
-3.4391e-02
-8.2440e-02
-9.4944e-02
-6.0421e-02
-2.5981e-02
-2.6050e-02
-2.2685e-02
-1.3700e-02
-3.8275e-02
-7.2568e-02
-7.8642e-02
-4.3880e-02
-2.3658e-02
-4.1731e-02
-5.4395e-02
-6.6860e-02
-7.5793e-02
-6.6227e-02
-4.6780e-02
-5.6675e-02
-5.9372e-02
-2.9812e-02
-2.5146e-02
-2.4533e-02
-2.4250e-02
-7.8410e-03
1.1030e-02
6.6398e-03
1.2737e-02
2.6120e-02
3.6962e-02
1.2043e-02
1.6809e-02
4.6213e-02
2.9594e-02
3.2702e-02
4.0177e-02
3.0936e-02
1.9041e-02
1.6529e-02
2.4168e-02
2.6108e-02
4.3715e-02
5.5949e-02
6.5856e-02
7.3058e-02
6.5979e-02
6.7717e-02
6.8174e-02
6.8515e-02
6.9737e-02
5.3923e-02
4.2017e-02
6.2238e-02
6.6399e-02
4.3553e-02
4.7789e-02
4.4997e-02
2.8662e-02
1.4630e-02
5.1777e-03
1.1377e-02
-6.7467e-03
-8.5351e-03
-2.9434e-03
-6.9539e-03
1.6663e-02
1.8330e-02
2.1652e-02
2.8598e-02
2.2780e-02
1.6252e-02
-1.4930e-03
-1.6570e-02
-3.4389e-02
-4.5093e-02
-5.9308e-02
-6.7955e-02
-7.5713e-02
-9.1191e-02
-9.3719e-02
-9.7685e-02
-8.9757e-02
-8.9228e-02
-7.9390e-02
-6.1736e-02
-7.4562e-02
-7.9969e-02
-8.0298e-02
-7.8807e-02
-8.0400e-02
-8.3385e-02
-7.1655e-02
-5.3525e-02
-3.6471e-02
-3.4320e-02
-2.6154e-02
-1.3169e-02
-6.6037e-03
-1.4793e-03
3.2264e-03
7.8542e-03
8.0012e-03
1.9760e-02
2.2075e-02
2.3380e-02
3.7340e-02
3.8027e-02
3.9063e-02
3.9892e-02
3.8386e-02
1.7355e-02
-1.8651e-02
-1.1063e-02
6.3048e-02
1.2909e-01
9.7090e-02
5.9426e-02
7.3779e-02
5.0196e-02
1.2191e-02
-1.1297e-02
-3.0366e-02
-1.7456e-02
-9.3622e-03
-1.2630e-02
-1.2714e-02
-1.8315e-02
-1.9572e-02
-3.0388e-02
-3.6925e-02
-2.7945e-02
-1.2519e-02
-1.1932e-02
-9.3755e-03
8.5146e-03
4.4483e-04
-3.5178e-03
1.3221e-03
6.6114e-03
1.6534e-02
1.2947e-02
9.2639e-03
1.5134e-02
2.7914e-02
2.9478e-02
3.8527e-02
2.9090e-02
8.6376e-03
4.3527e-02
6.2981e-02
5.6665e-02
6.2406e-02
5.2398e-02
4.1135e-02
3.2737e-02
3.0349e-02
3.6830e-02
3.1265e-02
1.1573e-02
-6.4806e-03
-6.4566e-03
-4.7672e-03
-9.7189e-04
7.4866e-03
-1.4263e-03
4.9207e-03
1.2780e-02
7.1343e-04
6.4488e-03
9.1261e-03
8.9424e-03
1.8433e-02
2.3968e-02
3.2014e-02
3.9667e-02
4.4029e-02
3.6630e-02
2.4694e-02
7.5803e-03
-1.1581e-02
1.7142e-03
2.2098e-02
1.3338e-02
-3.0282e-03
-1.3529e-02
-3.7512e-02
-6.2140e-02
-6.0869e-02
-5.4458e-02
-4.7634e-02
-3.8848e-02
-4.3330e-02
-4.6160e-02
-3.7485e-02
-3.1885e-02
-3.4479e-02
-2.5419e-02
-6.9094e-03
2.3451e-03
1.1018e-02
1.5325e-02
1.6938e-02
2.3268e-02
2.6003e-02
2.5398e-02
1.4259e-02
-7.7022e-03
-2.1010e-02
-2.8350e-02
-3.8255e-02
-3.6038e-02
-4.0842e-02
-4.9192e-02
-3.7773e-02
-3.7082e-02
-4.0518e-02
-4.9912e-02
-7.5723e-02
-8.0589e-02
-6.8478e-02
-6.8042e-02
-7.6207e-02
-7.4588e-02
-6.7634e-02
-6.1926e-02
-6.0344e-02
-5.7428e-02
-4.6576e-02
-5.2988e-02
-5.1026e-02
-2.9372e-02
-2.5936e-02
-1.9496e-02
-1.0474e-02
-1.0644e-02
-1.8374e-03
1.3907e-03
1.0208e-02
2.2420e-02
1.9125e-02
2.9632e-02
3.1413e-02
3.2523e-02
4.9479e-02
3.5505e-02
5.6384e-03
6.8289e-03
8.4599e-02
1.3831e-01
9.6219e-02
7.1795e-02
6.1986e-02
3.5547e-02
3.0910e-04
-2.4703e-02
-1.8576e-02
-2.1073e-02
-1.8094e-02
-9.1801e-03
-2.0868e-02
-2.3909e-02
-2.5111e-02
-3.2198e-02
-5.0373e-03
2.1785e-02
2.1217e-02
3.0989e-02
3.7579e-02
3.5347e-02
2.8212e-02
2.1686e-02
2.0727e-02
1.2971e-02
2.3807e-02
3.4641e-02
2.5081e-02
1.9119e-02
1.4693e-02
1.1882e-02
1.6005e-02
3.5455e-02
3.8911e-02
2.7965e-02
2.6967e-02
2.1321e-03
-1.2097e-02
-1.4191e-02
-1.7268e-02
3.2940e-03
7.9034e-03
9.3461e-03
1.3219e-02
5.0835e-03
-4.3490e-03
-1.5141e-02
-8.7705e-03
3.8737e-03
1.0210e-02
8.7600e-03
1.2292e-02
1.8691e-02
2.3346e-02
3.6515e-02
3.3767e-02
2.6956e-02
2.9110e-02
3.1189e-02
4.3158e-02
6.2088e-02
4.7073e-02
3.5156e-02
3.2103e-02
-1.0176e-02
-2.0414e-04
2.7173e-02
3.8447e-02
4.0028e-02
-3.6444e-03
-1.2316e-02
-2.6393e-02
-4.6565e-02
-3.9885e-02
-4.2690e-02
-4.0263e-02
-4.5341e-02
-4.7209e-02
-5.3481e-02
-5.8888e-02
-5.9955e-02
-5.5658e-02
-3.1684e-02
-3.4102e-02
-4.1251e-02
-3.4618e-02
-3.4338e-02
-3.3167e-02
-2.3406e-02
6.9500e-04
6.9740e-03
1.4213e-02
3.1442e-02
3.5032e-02
4.3963e-02
3.3277e-02
2.4892e-02
4.2037e-02
4.4645e-02
4.6605e-02
1.7458e-02
-2.2523e-02
5.3804e-02
1.4991e-01
1.2578e-01
7.7112e-02
6.0012e-02
4.6010e-02
7.8046e-03
-5.0706e-02
-5.7503e-02
-2.6791e-02
6.6576e-03
2.2259e-02
-1.9063e-03
-3.5796e-03
-1.7502e-02
-6.3948e-02
-5.6192e-02
-2.2673e-02
-1.4936e-02
-1.6852e-02
-1.3949e-02
-3.0201e-02
-5.4720e-02
-5.3844e-02
-5.1781e-02
-4.9652e-02
-3.0810e-02
-1.4195e-02
-1.8615e-02
-2.9943e-02
-3.1051e-02
-1.9412e-02
-1.8681e-02
-2.6117e-02
-1.1313e-02
-5.2171e-03
-1.4801e-02
-1.6635e-02
-7.1082e-03
-6.7869e-03
-2.1163e-02
-1.5217e-02
-4.7051e-03
-7.3828e-03
-1.4529e-02
-1.5047e-02
-4.0727e-03
1.8066e-03
-1.0678e-03
-4.7846e-04
1.3591e-02
1.9650e-02
2.0872e-02
2.9385e-02
2.7890e-02
2.7966e-02
2.8920e-02
2.1245e-02
9.0101e-03
5.7465e-03
1.5552e-02
2.1749e-02
2.2578e-02
1.0277e-02
4.1595e-03
1.4110e-04
-1.1189e-02
5.6216e-04
3.3847e-03
-4.2649e-04
-2.4561e-03
-1.0312e-02
-5.1352e-03
-9.8921e-03
-9.9443e-03
-1.0260e-02
-1.6224e-02
-1.1328e-02
-1.6820e-02
-1.5510e-02
-1.9265e-02
-2.6027e-02
-1.6384e-02
-2.0592e-02
-2.6766e-02
-2.2902e-02
-1.7669e-02
-1.5233e-02
-1.7514e-02
-1.7396e-02
-1.4081e-02
-7.4893e-03
-6.9934e-03
-4.9274e-03
2.8613e-03
3.6509e-03
3.2643e-03
4.9603e-03
1.3089e-02
2.1230e-02
2.6015e-02
3.1914e-02
3.7007e-02
4.5043e-02
4.6232e-02
4.0669e-02
3.8791e-02
4.8333e-02
5.9422e-02
6.1667e-02
6.2550e-02
5.5760e-02
5.0595e-02
5.7291e-02
6.5130e-02
6.2975e-02
6.1393e-02
6.2638e-02
5.1650e-02
3.7030e-02
2.4409e-02
2.0659e-02
1.3982e-02
4.6021e-03
4.6022e-03
-2.0191e-03
-6.7101e-03
-9.5904e-03
-9.4913e-03
-8.2799e-03
-1.3670e-02
-1.5625e-02
-1.8157e-02
-2.2443e-02
-3.6860e-02
-4.9620e-02
-5.7772e-02
-7.2008e-02
-7.7088e-02
-8.2477e-02
-8.0870e-02
-6.8749e-02
-6.6416e-02
-6.8153e-02
-6.9134e-02
-6.8295e-02
-6.8285e-02
-6.7299e-02
-6.1791e-02
-5.7175e-02
-5.4036e-02
-5.7706e-02
-6.0929e-02
-5.6362e-02
-5.3832e-02
-4.8618e-02
-3.8234e-02
-2.7122e-02
-1.9719e-02
-2.1752e-02
-2.2123e-02
-1.7691e-02
-1.2717e-02
-6.8350e-03
-6.6513e-03
-2.2458e-03
7.8017e-03
9.6102e-03
1.3672e-02
1.7647e-02
1.4993e-02
1.5889e-02
1.6516e-02
1.3611e-02
1.1514e-02
1.4152e-02
1.4248e-02
1.3720e-02
1.5145e-02
1.0774e-02
1.0603e-02
1.1180e-02
1.6300e-02
2.1844e-02
2.2836e-02
3.1685e-02
2.9213e-02
3.1641e-02
3.7034e-02
3.0661e-02
3.8558e-02
4.1978e-02
4.1369e-02
3.8971e-02
2.8295e-02
2.8154e-02
2.9059e-02
2.7031e-02
2.2060e-02
1.3253e-02
1.4971e-04
-7.6480e-03
-2.5593e-03
-1.5771e-03
-2.4707e-03
4.7766e-04
6.6747e-03
7.2638e-03
7.5043e-03
1.3863e-02
1.3970e-02
1.8081e-02
1.9020e-02
1.6409e-02
2.1088e-02
2.3106e-02
2.6088e-02
2.7662e-02
2.6669e-02
2.8817e-02
3.3436e-02
3.5665e-02
3.6424e-02
3.9690e-02
3.6330e-02
3.0390e-02
2.6064e-02
2.3864e-02
2.1484e-02
1.6626e-02
1.8785e-02
1.5055e-02
7.1292e-03
2.0375e-03
1.0645e-03
7.2986e-03
1.1853e-03
9.2637e-04
5.1950e-03
-5.0565e-03
-7.0936e-03
-6.9819e-03
-8.6776e-03
-1.0662e-02
-1.4606e-02
-1.1240e-02
-8.9044e-03
-5.2389e-03
9.4361e-04
4.4746e-03
9.7936e-03
1.5015e-02
1.8721e-02
2.0110e-02
2.0893e-02
2.3174e-02
2.4846e-02
2.8329e-02
3.1695e-02
3.5551e-02
3.4171e-02
3.0540e-02
2.7347e-02
1.1753e-02
2.6633e-02
4.6142e-02
3.7494e-02
5.5095e-02
5.1545e-02
2.4203e-02
1.2170e-02
-3.9793e-03
-2.3113e-02
-3.7593e-02
-2.6534e-02
-2.4992e-02
-3.8116e-02
-3.9995e-02
-4.4586e-02
-4.7247e-02
-5.0415e-02
-4.6292e-02
-3.8631e-02
-3.5535e-02
-3.1509e-02
-2.9265e-02
-3.0150e-02
-3.0220e-02
-2.9029e-02
-2.9534e-02
-2.5149e-02
-1.9304e-02
-1.0268e-02
-6.2138e-03
-8.4487e-03
-4.9885e-03
-7.5394e-03
-4.9640e-03
3.7902e-04
-2.9191e-03
-8.9656e-04
-1.1098e-02
-2.0217e-02
-4.0929e-03
7.6940e-03
1.0121e-02
7.7902e-03
2.9055e-03
-4.0775e-03
-1.5413e-02
-1.8061e-02
-1.8916e-02
-1.7208e-02
-1.4565e-02
-1.6178e-02
-1.4874e-02
-1.3846e-02
-1.2018e-02
-1.9510e-02
-3.2252e-02
-2.6695e-02
-1.7403e-02
-1.6682e-02
-9.0229e-03
2.7208e-04
2.4268e-04
-3.4707e-04
6.9378e-03
1.0592e-02
8.9376e-03
1.2512e-02
1.5732e-02
1.6669e-02
1.2860e-02
1.2778e-02
1.2698e-02
8.2082e-03
6.9348e-03
-2.8884e-03
-1.8782e-04
1.0061e-02
8.5370e-03
3.3030e-03
-7.5999e-03
-1.1790e-02
-1.3628e-02
-5.5912e-03
3.1980e-03
-5.3871e-03
-7.2357e-04
3.0150e-03
-3.3306e-04
6.5445e-03
4.8477e-03
3.5532e-03
4.8336e-03
7.5785e-03
1.7843e-02
1.6178e-02
1.3024e-02
1.2627e-02
4.9957e-03
-2.8619e-04
4.1891e-04
5.6882e-03
9.0107e-03
6.2131e-03
-3.4768e-03
-1.2946e-02
-1.6264e-02
-1.5204e-02
-9.2811e-03
-8.4054e-03
-1.6707e-02
-1.9844e-02
-1.5309e-02
-1.5019e-02
-2.0163e-02
-2.8411e-02
-3.5750e-02
-3.8991e-02
-3.9970e-02
-3.8635e-02
-3.9606e-02
-4.3641e-02
-4.7756e-02
-4.9123e-02
-5.1196e-02
-5.2670e-02
-4.8635e-02
-4.9314e-02
-5.0491e-02
-4.8197e-02
-4.8415e-02
-4.4717e-02
-3.7625e-02
-3.0841e-02
-2.6230e-02
-2.5665e-02
-2.3467e-02
-2.1134e-02
-1.5726e-02
-8.1904e-03
-4.8834e-03
-2.9481e-03
-3.9582e-03
3.3888e-04
2.9201e-03
6.3828e-03
1.3949e-02
1.3078e-02
1.9170e-02
2.2388e-02
2.3421e-02
2.7538e-02
2.9085e-02
3.7660e-02
3.6396e-02
3.5555e-02
3.9606e-02
3.4288e-02
3.0894e-02
2.7766e-02
2.6295e-02
2.4870e-02
2.0678e-02
1.6419e-02
1.0876e-02
1.2892e-02
1.6838e-02
1.4387e-02
1.0686e-02
7.4981e-03
5.5156e-03
7.3192e-03
1.5061e-02
1.9079e-02
1.7661e-02
1.7527e-02
1.6926e-02
1.8130e-02
1.7942e-02
1.9510e-02
2.3270e-02
2.5277e-02
2.7439e-02
2.7189e-02
2.8223e-02
2.6499e-02
2.7674e-02
3.3519e-02
3.5395e-02
2.8093e-02
2.1804e-02
3.4111e-02
3.3758e-02
3.1961e-02
3.9063e-02
2.4071e-02
1.3714e-02
1.3327e-02
1.5818e-02
1.8885e-02
1.5836e-02
1.7290e-02
1.3373e-02
8.3734e-03
8.5553e-03
3.7298e-03
-2.7678e-03
-6.5011e-03
-9.4072e-03
-1.3445e-02
-1.7733e-02
-2.1136e-02
-2.1565e-02
-2.2423e-02
-2.5177e-02
-2.4610e-02
-2.2975e-02
-2.0081e-02
-1.5590e-02
-1.3224e-02
-1.3899e-02
-1.6571e-02
-1.5400e-02
-1.1765e-02
-1.0980e-02
-9.3969e-03
-7.5599e-03
-7.7097e-03
-7.4338e-03
-1.0556e-02
-1.2652e-02
-1.0611e-02
-1.0480e-02
-8.1773e-03
-7.9408e-03
-1.2116e-02
-1.4770e-02
-1.4524e-02
-1.4731e-02
-1.8144e-02
-1.5724e-02
-1.0372e-02
-7.6285e-03
-7.1472e-03
-6.7274e-03
-3.3920e-04
3.8529e-03
3.1163e-03
9.1010e-04
-1.0107e-03
-3.1799e-03
-4.4290e-03
1.7967e-03
6.8512e-03
8.0358e-03
7.5904e-03
5.0029e-03
6.3541e-03
7.1551e-03
7.7518e-03
1.1629e-02
1.4747e-02
1.4769e-02
1.0228e-02
9.0594e-03
1.1409e-02
1.1980e-02
1.3762e-02
1.1974e-02
8.4685e-03
7.2336e-03
5.8135e-03
3.9790e-03
2.7850e-03
3.7876e-03
2.8833e-03
8.2476e-04
-6.6684e-04
-9.0108e-04
-3.3170e-04
1.6001e-03
9.0201e-03
1.2830e-02
1.3381e-02
1.5939e-02
1.6458e-02
1.4405e-02
9.9014e-03
7.5112e-03
5.4809e-03
3.9853e-03
4.7330e-03
4.3867e-03
5.4059e-03
4.9039e-03
3.8165e-03
3.3188e-03
2.7846e-03
3.1710e-03
2.2407e-03
1.5698e-03
-1.4402e-03
-3.2745e-03
-2.9017e-03
-4.2108e-03
-4.1123e-03
-2.9567e-03
-3.1916e-03
-7.1116e-03
-5.9349e-03
-1.0709e-03
-1.4176e-04
1.6252e-03
1.3762e-03
-6.0608e-05
-1.6792e-03
-2.3539e-03
-1.9804e-03
-3.2122e-03
-2.9040e-03
-3.0238e-03
-2.7276e-03
-3.4974e-03
-5.8762e-03
-6.7075e-03
-7.8348e-03
-8.8801e-03
-8.8835e-03
-6.5916e-03
-4.6861e-03
-3.1849e-03
1.0073e-03
3.9961e-03
4.0093e-03
4.6077e-03
6.0358e-03
5.8334e-03
4.7121e-03
5.5749e-03
9.3980e-03
1.2324e-02
1.3466e-02
1.2673e-02
1.1585e-02
1.2876e-02
1.1675e-02
1.0844e-02
9.8602e-03
6.0658e-03
2.8004e-03
-2.5329e-03
-3.9681e-03
-3.8605e-03
-6.1589e-03
-2.9305e-03
-7.9443e-04
-8.1694e-04
9.0068e-04
1.1941e-03
3.7392e-03
6.5001e-03
6.0601e-03
5.4036e-03
5.0549e-03
7.4322e-03
1.1679e-02
1.4805e-02
1.8212e-02
1.7627e-02
1.6093e-02
2.0740e-02
2.4328e-02
2.2652e-02
2.0964e-02
2.1332e-02
1.8145e-02
1.4587e-02
1.1872e-02
5.3776e-03
2.6047e-03
6.3352e-04
-2.1560e-03
-2.8315e-03
-5.4464e-03
-1.2575e-02
-2.0838e-02
-2.0014e-02
-1.7832e-02
-1.6507e-02
-1.2867e-02
-1.3578e-02
-1.2396e-02
-1.1353e-02
-1.1149e-02
-8.8347e-03
-8.5210e-03
-6.9703e-03
-6.0659e-03
-4.9900e-03
-4.3135e-03
-4.6664e-03
1.1791e-03
2.1487e-03
-1.5803e-03
-1.4581e-04
5.7993e-04
2.6980e-03
2.5127e-03
2.0148e-03
4.6244e-03
1.4758e-03
-1.5837e-03
-1.8590e-03
-3.0576e-03
-4.2034e-03
-3.4697e-03
-3.7230e-03
-8.0147e-03
-9.8300e-03
-8.2627e-03
-9.1751e-03
-9.4823e-03
-7.8320e-03
-1.0244e-02
-1.1706e-02
-1.1879e-02
-1.2579e-02
-1.1022e-02
-1.0809e-02
-1.0579e-02
-7.3366e-03
-8.1561e-04
1.3462e-03
4.1021e-03
9.1461e-03
6.1701e-03
6.6570e-03
8.4063e-03
7.8712e-03
1.1474e-02
1.6495e-02
1.9298e-02
1.7779e-02
1.9797e-02
1.9497e-02
1.6438e-02
1.6480e-02
1.4759e-02
1.2497e-02
1.1253e-02
1.3635e-02
1.1538e-02
7.7720e-03
2.8124e-03
-3.7943e-03
-1.3646e-03
-3.2331e-03
-3.9892e-03
-2.4755e-03
-8.5658e-03
-1.1279e-02
-1.0838e-02
-1.0244e-02
-1.0842e-02
-1.0533e-02
-1.5040e-02
-2.2929e-02
-2.4628e-02
-2.6214e-02
-2.7429e-02
-2.8405e-02
-2.8649e-02
-3.0777e-02
-3.3973e-02
-3.6249e-02
-3.9900e-02
-3.6853e-02
-3.4098e-02
-3.4136e-02
-3.2475e-02
-3.0590e-02
-2.8440e-02
-2.7850e-02
-2.4139e-02
-2.1312e-02
-1.8840e-02
-1.3229e-02
-1.1255e-02
-9.4852e-03
-5.6639e-03
-4.0505e-03
-2.4004e-03
4.2532e-04
1.8519e-03
4.3789e-03
7.2107e-03
6.1559e-03
3.6029e-03
4.4091e-03
5.1045e-03
5.4736e-03
8.3529e-03
6.0638e-03
1.4560e-03
-1.2019e-03
-2.3882e-03
-4.0731e-03
-8.1930e-03
-5.5761e-03
-3.1847e-03
-7.5131e-03
-6.6913e-03
-4.0436e-03
-4.0731e-03
5.9606e-04
2.8235e-03
1.5518e-03
2.0869e-03
1.9543e-05
-1.2721e-03
-2.2373e-03
-7.4402e-04
-2.5825e-04
-3.4875e-03
-5.2097e-03
-9.9090e-03
-1.4611e-02
-1.8631e-02
-1.6070e-02
-9.5621e-03
-9.0886e-03
-8.2869e-03
-8.4158e-03
-9.3435e-03
-1.0401e-02
-8.9774e-03
-6.1906e-03
-6.5062e-03
-6.0327e-03
-7.6438e-03
-7.9615e-03
-5.6903e-03
-4.2802e-03
-2.1733e-03
-8.8355e-04
-9.0305e-04
-1.3894e-03
-2.0784e-04
2.0570e-03
3.6302e-03
4.7564e-03
5.4240e-03
5.3812e-03
5.8938e-03
7.4205e-03
9.1901e-03
1.1550e-02
1.1993e-02
1.2708e-02
1.6637e-02
1.9751e-02
1.9843e-02
1.7696e-02
1.7067e-02
2.1119e-02
2.5379e-02
2.5815e-02
2.5049e-02
2.3912e-02
2.3613e-02
2.5538e-02
2.7189e-02
2.7833e-02
2.5940e-02
2.1612e-02
1.5994e-02
1.0853e-02
1.0987e-02
1.1739e-02
1.0008e-02
1.1235e-02
1.3328e-02
1.4039e-02
1.3308e-02
1.1087e-02
1.1191e-02
1.1287e-02
9.4548e-03
9.0793e-03
8.1763e-03
6.4701e-03
6.7175e-03
8.3797e-03
1.1193e-02
1.3016e-02
1.2961e-02
1.2867e-02
1.1815e-02
1.1256e-02
1.0407e-02
6.9665e-03
3.7749e-03
1.3587e-03
-5.5729e-04
-3.0477e-03
-7.2035e-03
-9.6391e-03
-1.0193e-02
-1.1277e-02
-1.0350e-02
-8.3644e-03
-8.4563e-03
-7.2360e-03
-5.2302e-03
-3.8011e-03
-2.1977e-03
-1.8085e-03
-1.7611e-03
-1.0773e-03
1.2992e-03
3.1039e-03
2.7209e-03
1.1940e-03
-7.8579e-04
1.4599e-03
4.5212e-03
3.5634e-03
3.9309e-03
4.9124e-03
3.6753e-03
2.1496e-03
1.3271e-03
1.9618e-03
1.4387e-03
-3.0696e-05
-5.6578e-04
-2.0297e-03
-3.3696e-03
-4.8630e-03
-4.4322e-03
-1.6644e-03
-1.2768e-03
-8.2901e-04
-5.3077e-04
-2.0105e-03
-1.9785e-03
6.2331e-04
4.7413e-03
6.6681e-03
6.7343e-03
7.1690e-03
5.8174e-03
2.9860e-03
6.4684e-04
-3.1088e-04
6.8172e-05
3.7336e-04
5.3648e-06
-6.4963e-04
-2.2083e-03
-4.4748e-03
-5.7102e-03
-6.4491e-03
-7.8870e-03
-8.8531e-03
-9.0947e-03
-9.4490e-03
-9.6554e-03
-1.0003e-02
-1.1363e-02
-1.2717e-02
-1.1924e-02
-1.0244e-02
-9.2393e-03
-9.1860e-03
-1.0202e-02
-1.0375e-02
-1.0626e-02
-1.1368e-02
-1.1289e-02
-1.1337e-02
-1.1444e-02
-1.0939e-02
-9.3250e-03
-8.0317e-03
-7.5873e-03
-6.9637e-03
-6.3579e-03
-4.9941e-03
-3.9474e-03
-3.3732e-03
-3.2790e-03
-4.6866e-03
-5.7391e-03
-6.0239e-03
-5.4971e-03
-4.0397e-03
-2.0858e-03
-5.4388e-04
3.6159e-04
2.0003e-03
2.5939e-03
8.8528e-04
-3.3650e-04
-2.1218e-04
-1.4382e-03
-1.8699e-03
4.5589e-04
1.0880e-03
2.1991e-03
3.7391e-03
-1.4888e-03
-2.8970e-03
4.2019e-03
6.2679e-03
7.0291e-03
7.7943e-03
5.6109e-03
6.4526e-03
7.9965e-03
8.3512e-03
8.1038e-03
1.0027e-02
1.3208e-02
1.4856e-02
1.6657e-02
1.6442e-02
1.4642e-02
1.2679e-02
1.3072e-02
1.6936e-02
1.9953e-02
1.9328e-02
1.4933e-02
1.0985e-02
9.4994e-03
8.9260e-03
9.9992e-03
8.9289e-03
3.5886e-03
2.5726e-04
-1.7182e-03
-4.9342e-03
-7.7010e-03
-9.4256e-03
-9.0817e-03
-1.0513e-02
-1.2617e-02
-1.3830e-02
-1.5842e-02
-1.4608e-02
-1.3810e-02
-1.3086e-02
-1.0029e-02
-9.8225e-03
-1.0797e-02
-1.1780e-02
-1.0971e-02
-9.2446e-03
-1.0716e-02
-1.0062e-02
-7.4394e-03
-6.9249e-03
-7.8549e-03
-8.8868e-03
-7.8244e-03
-7.9300e-03
-7.2114e-03
-4.8189e-03
-7.6231e-03
-9.5380e-03
-6.0850e-03
-5.4635e-03
-7.3105e-03
-5.3344e-03
-2.3542e-03
-5.6687e-04
1.0910e-04
1.5134e-03
3.3768e-03
1.3665e-03
1.1012e-03
2.0770e-03
1.6487e-03
8.0016e-04
-1.6662e-03
-2.2358e-04
7.5237e-04
-1.2954e-03
-5.4530e-04
-1.5263e-03
-3.5380e-03
-6.0791e-04
3.1842e-03
5.6804e-03
8.9248e-03
1.2792e-02
1.4490e-02
1.2117e-02
1.3470e-02
1.8248e-02
2.1709e-02
2.4932e-02
2.6121e-02
2.6881e-02
2.5548e-02
2.2461e-02
2.2229e-02
2.3528e-02
2.3983e-02
2.4148e-02
2.2482e-02
1.9895e-02
1.7255e-02
1.2977e-02
1.4395e-02
1.1823e-02
3.0217e-03
2.6281e-03
7.0681e-04
-4.3190e-03
-5.3645e-03
-5.3274e-03
-7.7935e-03
-1.0902e-02
-9.8294e-03
-7.5896e-03
-6.6022e-03
-8.5051e-03
-9.2412e-03
-9.0482e-03
-9.8993e-03
-9.1122e-03
-9.9373e-03
-6.5688e-03
-4.7112e-03
-6.3480e-03
-2.1060e-03
-1.0664e-03
-2.3439e-03
-3.8761e-03
-6.0293e-03
-7.2700e-03
-9.7630e-03
-1.0209e-02
-1.3309e-02
-1.6023e-02
-1.5019e-02
-1.5038e-02
-1.3560e-02
-1.1345e-02
-1.0565e-02
-1.0628e-02
-9.0394e-03
-7.1533e-03
-6.3782e-03
-5.4353e-03
-4.3605e-03
-3.1126e-03
-4.0034e-03
-2.6751e-03
7.0609e-04
1.5236e-03
1.5834e-03
1.1367e-03
2.0779e-03
2.3990e-03
2.8776e-03
3.6766e-03
1.0973e-03
-1.2634e-03
-1.4132e-03
-4.5244e-04
-4.3943e-04
-7.5613e-04
-4.1459e-03
-8.3336e-03
-8.0828e-03
-7.6701e-03
-7.0061e-03
-7.4043e-03
-8.0862e-03
-9.6120e-03
-1.1746e-02
-1.0169e-02
-8.7623e-03
-6.2610e-03
-5.3270e-03
-6.2224e-03
-4.2032e-03
-3.2783e-03
-2.1537e-03
-1.8592e-03
-3.0632e-03
-2.9202e-03
-1.5005e-03
1.7387e-03
2.0184e-03
-1.1176e-03
-1.7964e-03
-1.0478e-03
-1.8499e-03
-2.6838e-03
-3.4731e-03
-4.2289e-03
-5.1546e-03
-6.1353e-03
-4.8567e-03
-5.0518e-03
-6.1713e-03
-7.2174e-03
-8.7019e-03
-7.1748e-03
-8.1728e-03
-8.9317e-03
-6.4706e-03
-7.0512e-03
-7.8592e-03
-8.1826e-03
-7.7105e-03
-4.9839e-03
-3.4779e-03
-3.9525e-03
-4.6355e-03
-4.3925e-03
-2.7208e-03
-1.7504e-03
-1.9707e-03
-1.1705e-03
-9.2452e-04
-7.5625e-05
1.6288e-03
1.7923e-03
1.5250e-03
2.0243e-03
4.1572e-03
5.1459e-03
5.8606e-03
7.7132e-03
7.9094e-03
8.5985e-03
1.0009e-02
1.0051e-02
9.1541e-03
8.7760e-03
9.0408e-03
9.0533e-03
8.5857e-03
8.1720e-03
8.6424e-03
8.2775e-03
7.2460e-03
6.5451e-03
6.2624e-03
8.3552e-03
1.1148e-02
1.0944e-02
9.3660e-03
8.3504e-03
7.9018e-03
8.9501e-03
9.4361e-03
1.0137e-02
1.0841e-02
1.0041e-02
1.0432e-02
1.0502e-02
1.1659e-02
1.3368e-02
1.2594e-02
1.1534e-02
1.1670e-02
1.3175e-02
1.2358e-02
1.1117e-02
1.0713e-02
8.7673e-03
8.7538e-03
9.6233e-03
1.0923e-02
1.1108e-02
8.7972e-03
8.1922e-03
9.1631e-03
1.0408e-02
1.0070e-02
9.6728e-03
1.0928e-02
1.1660e-02
1.2341e-02
1.1980e-02
1.1292e-02
1.0544e-02
9.8300e-03
9.9131e-03
8.6671e-03
7.1931e-03
5.5026e-03
5.0186e-03
5.6616e-03
4.9673e-03
5.7710e-03
6.5079e-03
5.9717e-03
6.5635e-03
7.0809e-03
6.3926e-03
4.8658e-03
3.4805e-03
2.9599e-03
1.8296e-03
-4.3586e-04
-1.7181e-03
-2.6083e-03
-3.5534e-03
-3.7546e-03
-3.4309e-03
-2.8159e-03
-2.9742e-03
-2.1382e-03
-1.1648e-03
-1.4406e-03
1.1425e-04
1.5841e-03
2.0386e-03
3.4364e-03
4.2526e-03
4.7219e-03
5.4604e-03
6.2498e-03
8.0386e-03
8.5396e-03
7.1272e-03
5.3902e-03
2.7722e-03
1.8945e-03
2.0540e-03
1.3063e-03
-1.7156e-04
-3.3004e-03
-4.3957e-03
-4.6442e-03
-5.8678e-03
-7.4966e-03
-1.0811e-02
-1.2320e-02
-1.2776e-02
-1.2266e-02
-1.1135e-02
-1.2322e-02
-1.3270e-02
-1.4763e-02
-1.6097e-02
-1.6545e-02
-1.7723e-02
-1.7799e-02
-1.7997e-02
-1.8351e-02
-1.7981e-02
-1.8113e-02
-1.7138e-02
-1.5315e-02
-1.4550e-02
-1.3601e-02
-1.1211e-02
-8.7777e-03
-7.6784e-03
-6.9579e-03
-6.6205e-03
-6.1773e-03
-4.5130e-03
-3.8608e-03
-4.6523e-03
-5.2371e-03
-5.3672e-03
-5.5514e-03
-6.3308e-03
-6.2191e-03
-6.0698e-03
-7.3664e-03
-7.6077e-03
-7.6398e-03
-8.3107e-03
-8.1476e-03
-9.4565e-03
-9.6543e-03
-7.2060e-03
-8.5441e-03
-9.3866e-03
-8.3888e-03
-8.7373e-03
-4.7524e-03
-2.5054e-03
-3.4571e-03
-3.7831e-03
-5.0921e-03
-4.5788e-03
-3.8110e-03
-1.6588e-03
-1.5826e-04
1.2870e-04
2.9669e-04
-1.3228e-03
-7.3485e-04
-1.6997e-03
-1.2109e-03
2.1934e-03
2.8902e-03
2.7942e-03
1.5341e-03
2.0853e-03
2.5785e-03
1.8882e-03
3.6170e-03
3.9528e-03
2.9595e-03
3.0981e-03
2.3656e-03
1.1002e-03
4.5881e-04
-1.5387e-03
-1.0092e-03
5.8138e-04
5.3445e-04
2.2096e-03
2.3630e-03
2.2634e-03
1.9552e-03
2.6035e-03
3.6524e-03
2.5686e-03
3.7130e-03
2.8548e-03
2.2702e-03
1.9535e-03
-3.2121e-04
-5.7554e-04
-2.4033e-03
-2.0349e-03
-1.6540e-03
-3.0026e-03
-3.2120e-03
-5.3572e-03
-5.1267e-03
-5.1657e-03
-5.5887e-03
-3.4815e-03
-3.5037e-03
-3.9815e-03
-3.1294e-03
-1.4406e-03
-1.0579e-03
-2.0598e-03
-8.0160e-04
1.9136e-03
3.3428e-03
3.5824e-03
3.6365e-03
4.0090e-03
4.4614e-03
3.4088e-03
3.8147e-03
4.9976e-03
4.4079e-03
4.0327e-03
2.2331e-03
2.6925e-03
4.4600e-03
3.6553e-03
4.1886e-03
4.0099e-03
3.8165e-03
4.3099e-03
4.0318e-03
6.3851e-03
7.3945e-03
6.3260e-03
7.4678e-03
7.1750e-03
6.6315e-03
7.9486e-03
8.3396e-03
8.5717e-03
9.5451e-03
1.1933e-02
1.1876e-02
9.6949e-03
1.1132e-02
1.1523e-02
1.0362e-02
9.9893e-03
8.1219e-03
7.0959e-03
5.7958e-03
4.0859e-03
4.0344e-03
3.4050e-03
2.8440e-03
1.2469e-03
-1.4290e-03
-1.9084e-03
-2.0137e-03
-2.8499e-03
-3.9756e-03
-4.4527e-03
-5.1484e-03
-7.5727e-03
-8.4625e-03
-8.8473e-03
-9.3407e-03
-9.2309e-03
-1.0469e-02
-1.0775e-02
-1.1390e-02
-1.2905e-02
-1.2298e-02
-1.1345e-02
-1.1406e-02
-1.1708e-02
-1.1559e-02
-1.0836e-02
-9.4199e-03
-8.2102e-03
-7.8584e-03
-7.1935e-03
-6.4839e-03
-6.3556e-03
-6.3925e-03
-6.1673e-03
-6.4885e-03
-6.4077e-03
-6.1776e-03
-7.1737e-03
-7.1358e-03
-6.6714e-03
-6.5120e-03
-6.4384e-03
-6.6006e-03
-6.2491e-03
-5.9126e-03
-5.2418e-03
-4.5571e-03
-3.9276e-03
-3.9735e-03
-3.7590e-03
-9.4450e-04
1.5050e-03
2.8267e-03
3.5077e-03
1.8009e-03
1.2134e-03
3.1834e-03
5.2437e-03
6.3635e-03
6.0949e-03
6.6668e-03
6.9100e-03
5.8149e-03
3.9075e-03
2.2358e-03
4.3579e-03
6.4265e-03
7.0976e-03
6.4407e-03
4.5941e-03
4.6301e-03
3.6134e-03
3.7942e-03
5.2595e-03
4.4849e-03
3.1719e-03
1.7526e-03
1.1000e-03
1.0245e-03
1.4038e-03
2.9465e-03
4.5148e-03
5.3610e-03
5.3448e-03
4.8684e-03
5.9400e-03
5.7043e-03
4.3926e-03
6.4258e-03
6.5897e-03
5.6699e-03
5.2735e-03
4.2111e-03
5.3291e-03
5.1871e-03
5.8807e-03
7.1025e-03
6.4419e-03
7.1519e-03
7.1722e-03
7.3204e-03
7.7392e-03
7.0986e-03
7.0783e-03
7.7157e-03
7.4108e-03
5.9706e-03
5.6307e-03
6.0074e-03
7.1010e-03
8.0168e-03
7.6302e-03
6.8570e-03
6.2755e-03
6.2974e-03
5.4513e-03
5.3189e-03
4.6894e-03
3.1000e-03
3.1839e-03
2.4868e-03
1.9646e-03
8.4675e-04
-3.7587e-04
-6.0983e-05
-9.3741e-04
-1.5346e-03
-2.4010e-03
-3.2585e-03
-3.5538e-03
-4.3261e-03
-4.5494e-03
-5.4467e-03
-5.8050e-03
-5.7874e-03
-6.5354e-03
-7.2116e-03
-9.0025e-03
-1.0407e-02
-1.0403e-02
-1.0581e-02
-1.0783e-02
-1.0180e-02
-8.9248e-03
-8.0829e-03
-7.5208e-03
-6.6393e-03
-5.6112e-03
-3.9445e-03
-2.5733e-03
-1.7961e-03
8.0166e-05
2.4585e-03
4.2583e-03
4.8222e-03
4.6803e-03
4.9193e-03
4.9836e-03
5.1160e-03
5.1788e-03
4.9614e-03
4.4318e-03
2.9980e-03
1.8206e-03
1.7348e-03
1.4477e-03
7.7991e-04
2.9678e-05
-6.6648e-04
-1.1837e-03
-2.5579e-03
-3.1581e-03
-3.9630e-03
-5.1447e-03
-4.8137e-03
-5.9542e-03
-7.2845e-03
-8.8958e-03
-9.7712e-03
-8.9193e-03
-9.3490e-03
-7.6048e-03
-6.0653e-03
-6.2025e-03
-5.9798e-03
-6.8754e-03
-6.3883e-03
-5.6725e-03
-5.3751e-03
-4.4471e-03
-3.3603e-03
-1.3543e-03
-7.1335e-04
-6.7779e-04
5.7090e-04
1.4282e-03
2.7269e-03
3.6887e-03
4.0937e-03
5.0279e-03
5.4433e-03
6.4540e-03
6.2686e-03
4.9999e-03
4.1998e-03
1.6924e-03
4.6505e-04
2.9953e-04
-1.4114e-03
-2.0499e-03
-3.2044e-03
-4.7701e-03
-4.1307e-03
-4.4075e-03
-3.2485e-03
-1.6206e-03
-2.7547e-03
-2.6412e-03
-3.9600e-03
-5.0592e-03
-5.6520e-03
-6.9536e-03
-6.4688e-03
-7.6711e-03
-7.5539e-03
-7.9253e-03
-9.5646e-03
-9.3125e-03
-9.3936e-03
-7.7316e-03
-7.2811e-03
-7.5018e-03
-7.2347e-03
-7.4820e-03
-5.0520e-03
-4.2663e-03
-4.0165e-03
-2.2295e-03
-2.2935e-03
-2.8859e-03
-3.2541e-03
-1.7990e-03
-2.5586e-04
-5.4836e-05
1.0649e-03
1.6222e-03
1.9583e-03
2.6067e-03
3.5546e-03
4.8532e-03
4.9653e-03
4.8490e-03
5.7803e-03
6.7139e-03
6.4541e-03
5.4319e-03
4.5210e-03
4.6022e-03
4.6595e-03
3.7099e-03
2.4377e-03
1.2408e-03
8.8850e-04
-2.7883e-04
-1.9854e-03
-2.2009e-03
-2.0588e-03
-2.1703e-03
-1.8557e-03
-8.3003e-04
-5.6457e-04
-8.1447e-04
-2.3488e-04
1.3809e-03
2.6152e-03
1.7305e-03
5.9900e-04
2.4871e-04
1.2361e-03
1.6815e-03
5.4886e-04
4.2593e-04
2.4964e-04
6.8157e-04
1.4065e-03
2.0596e-03
2.9120e-03
1.9597e-03
1.3575e-03
1.7037e-03
2.5397e-03
3.3727e-03
3.8947e-03
5.4471e-03
5.3273e-03
4.0453e-03
4.6553e-03
4.6548e-03
4.2620e-03
5.7838e-03
7.0470e-03
7.2547e-03
6.4027e-03
5.7332e-03
6.1765e-03
6.2459e-03
6.9173e-03
6.7043e-03
6.3107e-03
6.7768e-03
6.5219e-03
7.1477e-03
7.3139e-03
7.9824e-03
8.8789e-03
8.3704e-03
9.1922e-03
9.6051e-03
8.9446e-03
7.5340e-03
6.6982e-03
8.0815e-03
8.1205e-03
7.1418e-03
5.9859e-03
5.0232e-03
5.9638e-03
6.8682e-03
7.5497e-03
6.5146e-03
4.4032e-03
5.0065e-03
4.7810e-03
4.0200e-03
4.6407e-03
4.0573e-03
4.0341e-03
3.8959e-03
3.0903e-03
2.5563e-03
2.1422e-03
3.1754e-03
3.5036e-03
4.8617e-03
7.0601e-03
6.4914e-03
6.7191e-03
7.2994e-03
7.1195e-03
7.1095e-03
6.8696e-03
7.6893e-03
7.6147e-03
6.9333e-03
6.1968e-03
4.4992e-03
3.9335e-03
2.4967e-03
7.4927e-04
9.9133e-04
3.2002e-04
-2.4354e-04
-5.5393e-04
-1.9676e-03
-2.0531e-03
-2.5003e-03
-3.8882e-03
-4.4535e-03
-4.8749e-03
-4.7206e-03
-5.0335e-03
-5.6830e-03
-6.2825e-03
-7.2948e-03
-7.3430e-03
-6.7948e-03
-5.6074e-03
-4.5085e-03
-4.2993e-03
-3.5925e-03
-2.5637e-03
-2.4528e-03
-2.5779e-03
-1.3192e-03
5.9306e-04
2.0050e-03
2.3402e-03
2.3126e-03
2.2606e-03
1.8056e-03
1.8724e-03
1.7161e-03
1.6599e-03
2.4312e-03
2.6014e-03
7.7422e-04
-1.4615e-03
-2.1286e-03
-1.8393e-03
-1.5249e-03
-2.4338e-03
-2.7976e-03
-3.3679e-03
-3.5942e-03
-3.0323e-03
-5.4095e-03
-5.1807e-03
-2.7092e-03
-1.4713e-03
-1.0218e-03
-2.6383e-03
-2.7773e-03
-2.6558e-03
-2.2251e-03
-2.9365e-03
-4.6013e-03
-3.2166e-03
-3.8437e-03
-4.8794e-03
-5.7835e-03
-6.9967e-03
-6.5218e-03
-7.5104e-03
-7.8650e-03
-8.3793e-03
-8.3150e-03
-7.2442e-03
-9.0246e-03
-1.0149e-02
-9.9157e-03
-9.3403e-03
-8.3605e-03
-9.3936e-03
-1.1193e-02
-1.1624e-02
-1.0314e-02
-9.4405e-03
-1.0784e-02
-1.1446e-02
-1.1567e-02
-1.1722e-02
-1.0452e-02
-9.5370e-03
-8.8966e-03
-9.2015e-03
-1.0402e-02
-9.5534e-03
-7.8850e-03
-7.0262e-03
-7.8071e-03
-8.9480e-03
-8.0994e-03
-7.0014e-03
-6.2447e-03
-5.6379e-03
-5.9678e-03
-6.9396e-03
-7.9631e-03
-7.7248e-03
-6.5577e-03
-6.1851e-03
-6.5539e-03
-6.8206e-03
-6.3964e-03
-5.3676e-03
-4.2317e-03
-4.0874e-03
-5.0468e-03
-4.8094e-03
-3.5551e-03
-2.7261e-03
-1.8279e-03
-1.1410e-03
-1.2763e-03
-1.5049e-03
-4.5442e-04
1.0206e-03
1.8648e-03
2.1122e-03
1.8493e-03
2.5153e-03
3.5645e-03
4.1573e-03
4.2570e-03
3.0846e-03
2.4170e-03
3.7726e-03
5.6884e-03
6.2160e-03
6.0406e-03
6.0861e-03
4.7211e-03
4.0795e-03
5.8491e-03
6.4647e-03
5.6386e-03
5.3644e-03
5.2897e-03
4.6470e-03
5.0727e-03
5.9148e-03
5.6568e-03
6.8298e-03
7.8876e-03
8.1358e-03
8.1920e-03
7.3406e-03
7.4336e-03
7.2490e-03
7.3789e-03
8.1278e-03
7.9263e-03
7.6335e-03
7.0228e-03
6.9581e-03
6.8309e-03
6.1872e-03
6.1903e-03
5.9054e-03
4.9978e-03
4.1521e-03
4.3098e-03
4.3635e-03
3.7581e-03
4.3630e-03
4.6187e-03
3.5337e-03
3.5792e-03
4.2293e-03
4.4350e-03
4.7051e-03
4.2114e-03
3.6593e-03
2.8619e-03
1.2869e-03
6.6121e-04
2.6631e-04
-3.0419e-04
-5.8362e-04
-1.4372e-03
-2.6408e-03
-3.1913e-03
-2.6685e-03
-2.1938e-03
-2.0940e-03
-1.3926e-03
-1.0362e-03
-1.2817e-03
-8.4965e-04
-9.3195e-04
-1.8276e-03
-1.7603e-03
-6.6403e-04
5.1099e-04
-6.0697e-05
-1.1510e-03
-6.3875e-04
-2.6687e-04
-5.5604e-04
-1.1602e-03
-1.2583e-03
-8.8361e-04
-8.3879e-04
-8.0390e-04
-1.0930e-03
-9.6416e-04
-1.1035e-03
-1.5137e-03
-1.1545e-03
-3.3962e-04
9.6674e-04
1.3323e-03
8.5387e-04
9.7807e-04
1.8777e-03
2.6243e-03
3.0002e-03
3.4330e-03
3.3790e-03
3.0515e-03
2.6310e-03
2.8636e-03
3.2338e-03
2.4284e-03
9.5359e-04
-2.5881e-04
-1.0365e-03
-1.6298e-03
-1.0691e-03
-4.7480e-04
-1.1009e-03
-2.0212e-03
-1.9630e-03
-1.5392e-03
-1.6748e-03
-9.1764e-04
-8.1677e-04
-1.0383e-03
-5.5743e-04
-5.1687e-04
1.1356e-04
9.9142e-04
1.7845e-03
1.8958e-03
2.0159e-03
2.1460e-03
1.1199e-03
8.1428e-04
5.9881e-04
-3.1227e-04
-1.1490e-03
-1.6178e-03
-1.6415e-03
-2.3670e-03
-3.4463e-03
-3.7204e-03
-3.6591e-03
-4.2704e-03
-4.8938e-03
-4.0665e-03
-2.8022e-03
-2.5704e-03
-2.0236e-03
-1.4633e-03
-2.1099e-03
-2.1502e-03
-1.2855e-03
-6.7253e-05
8.8373e-04
7.9975e-04
1.8097e-04
-8.9978e-04
-1.4244e-03
-1.1877e-03
-5.5250e-04
-2.4336e-04
-9.5248e-04
-1.3669e-03
-1.7242e-03
-1.1910e-03
-2.5590e-05
-2.8059e-04
-7.4046e-04
-9.5298e-04
-5.7683e-04
2.0059e-04
7.8696e-04
1.6175e-03
1.6211e-03
1.3902e-03
1.6903e-03
2.2604e-03
2.9753e-03
3.1454e-03
3.6783e-03
4.1754e-03
3.8872e-03
4.4957e-03
5.3269e-03
5.4004e-03
5.2805e-03
4.6551e-03
4.5564e-03
4.7024e-03
4.1880e-03
4.1736e-03
3.7524e-03
2.4003e-03
1.4141e-03
1.5038e-03
2.1968e-03
1.8870e-03
8.4913e-04
2.1077e-04
1.3690e-04
4.5816e-04
1.1529e-04
-8.1910e-04
-1.6577e-03
-2.2682e-03
-2.2091e-03
-2.5752e-03
-2.6931e-03
-1.8934e-03
-2.1004e-03
-2.4460e-03
-2.5638e-03
-2.4326e-03
-2.2972e-03
-2.6881e-03
-1.9522e-03
-1.3754e-03
-1.1483e-03
-4.0251e-04
-3.3149e-04
-8.3525e-04
-1.3968e-03
-1.4658e-03
-1.9013e-03
-3.0841e-03
-3.5979e-03
-3.3729e-03
-3.0843e-03
-2.5783e-03
-2.1767e-03
-2.0181e-03
-1.8547e-03
-1.9481e-03
-1.4451e-03
-7.4820e-04
-1.5787e-04
3.6477e-04
-7.0147e-05
-4.9050e-04
-6.2264e-04
-8.7680e-05
5.9061e-04
4.7203e-04
4.2946e-04
-2.9099e-05
-9.4861e-05
4.3574e-04
5.7778e-04
9.1008e-04
9.2092e-04
7.8923e-04
5.3615e-04
-3.5500e-04
-7.6953e-04
-6.8661e-04
-7.2177e-04
-1.0414e-03
-1.7172e-03
-2.1356e-03
-2.3459e-03
-2.4953e-03
-2.5770e-03
-3.1543e-03
-3.5678e-03
-3.0528e-03
-2.3176e-03
-2.0713e-03
-2.2794e-03
-2.3965e-03
-2.1951e-03
-1.8047e-03
-1.2463e-03
-1.0037e-03
-9.6307e-04
-7.9055e-04
-8.0668e-04
-1.7283e-04
8.3108e-04
1.2207e-03
1.4314e-03
1.4096e-03
1.5509e-03
1.6156e-03
1.3649e-03
1.4581e-03
1.7469e-03
2.2913e-03
2.3529e-03
1.9641e-03
1.6270e-03
9.7903e-04
9.4762e-04
1.2626e-03
9.1103e-04
3.8926e-04
-2.7313e-04
-1.1703e-03
-1.5222e-03
-1.3903e-03
-1.1883e-03
-1.2443e-03
-1.8372e-03
-2.6366e-03
-3.5636e-03
-3.8306e-03
-3.8674e-03
-4.2141e-03
-4.4145e-03
-5.2088e-03
-6.0934e-03
-6.6459e-03
-6.7239e-03
-6.8514e-03
-7.0861e-03
-6.5295e-03
-6.2045e-03
-5.3155e-03
-4.8872e-03
-5.5729e-03
-4.8372e-03
-3.9848e-03
-3.4036e-03
-2.7563e-03
-2.6329e-03
-2.1254e-03
-1.5099e-03
-9.1122e-04
-2.7496e-04
4.9800e-04
1.5020e-03
2.1791e-03
2.6812e-03
2.6882e-03
2.5560e-03
2.9249e-03
3.0153e-03
3.4175e-03
4.3670e-03
5.4096e-03
6.0996e-03
5.4079e-03
4.8841e-03
4.4559e-03
3.5887e-03
3.8857e-03
4.4021e-03
4.4902e-03
4.4681e-03
4.5887e-03
4.1080e-03
3.4355e-03
3.5369e-03
3.2043e-03
3.6368e-03
3.8302e-03
3.0618e-03
2.6233e-03
1.7567e-03
1.4637e-03
1.0158e-03
8.9987e-04
1.4518e-03
1.3215e-03
1.4999e-03
8.9098e-04
5.3829e-04
1.0931e-03
1.1849e-03
1.2669e-03
1.1993e-03
2.0462e-03
2.9340e-03
3.0862e-03
3.5304e-03
3.7644e-03
4.2110e-03
4.8792e-03
5.1765e-03
4.7446e-03
3.7708e-03
3.2537e-03
3.2156e-03
3.0255e-03
2.8850e-03
3.1331e-03
2.9042e-03
2.3601e-03
2.2218e-03
2.5311e-03
2.8848e-03
2.6119e-03
2.5889e-03
2.8838e-03
2.5573e-03
1.7040e-03
1.1169e-03
1.3621e-03
1.6848e-03
1.4098e-03
7.9514e-04
6.2995e-04
6.1983e-04
2.5311e-04
1.2425e-04
1.1314e-04
-2.0685e-04
-7.3938e-04
-1.1922e-03
-1.4964e-03
-1.3804e-03
-1.2031e-03
-1.5744e-03
-1.8662e-03
-1.6819e-03
-1.1323e-03
-6.1534e-04
-3.5100e-04
-9.7681e-05
1.8079e-04
2.0144e-04
1.4799e-04
3.5003e-04
6.2851e-04
1.1372e-03
1.3648e-03
1.2512e-03
1.1724e-03
7.6834e-04
5.9175e-04
6.8789e-04
6.9290e-04
5.3377e-04
1.8442e-04
1.5729e-04
3.9388e-04
6.5382e-04
9.5899e-04
1.2330e-03
9.9546e-04
1.0745e-03
1.9874e-03
1.7655e-03
1.3164e-03
2.1818e-03
2.6350e-03
1.8418e-03
1.5196e-03
1.7024e-03
8.5669e-04
3.6588e-04
2.7942e-04
3.7519e-04
9.6009e-04
7.8293e-04
3.2412e-04
-7.2368e-04
-1.7176e-03
-1.5147e-03
-8.6290e-04
-3.8374e-04
-7.3146e-04
-1.1335e-03
-1.3272e-03
-1.6101e-03
-1.4224e-03
-1.0489e-03
-7.7105e-04
-5.4717e-04
-8.6838e-04
-1.2601e-03
-9.3715e-04
-9.3577e-04
-6.3853e-04
2.1000e-04
1.8080e-04
1.5129e-04
5.1996e-04
1.1319e-03
1.5942e-03
2.2221e-03
3.1961e-03
3.3125e-03
3.6251e-03
3.3639e-03
2.5445e-03
2.9757e-03
3.2958e-03
3.7134e-03
4.0552e-03
3.5078e-03
2.7386e-03
1.9536e-03
2.0119e-03
2.0206e-03
1.2780e-03
5.0099e-04
-1.0918e-04
-4.6563e-04
-1.2751e-03
-1.7604e-03
-2.0762e-03
-2.8590e-03
-2.9998e-03
-2.9870e-03
-3.0917e-03
-3.2827e-03
-3.7829e-03
-4.0230e-03
-3.8582e-03
-3.9142e-03
-4.2956e-03
-4.5651e-03
-4.8968e-03
-4.7819e-03
-4.1580e-03
-4.0696e-03
-4.0647e-03
-3.2792e-03
-2.9699e-03
-3.1325e-03
-2.4891e-03
-2.0862e-03
-1.7452e-03
-1.3841e-03
-1.3779e-03
-1.0388e-03
-9.7553e-04
-6.1381e-04
-3.9146e-05
1.9299e-04
5.9047e-04
8.2641e-04
1.1211e-03
1.0876e-03
1.0504e-03
1.6869e-03
2.0975e-03
2.3454e-03
2.2662e-03
1.7059e-03
1.3438e-03
1.1495e-03
1.0374e-03
6.3077e-04
6.0138e-05
6.8672e-05
3.0941e-04
3.2703e-04
1.6596e-04
2.4218e-04
7.5306e-04
1.1990e-03
1.6237e-03
2.1269e-03
2.5767e-03
3.1280e-03
3.2395e-03
3.0259e-03
3.2303e-03
3.1736e-03
2.9886e-03
3.2379e-03
3.3802e-03
3.5010e-03
3.4297e-03
3.0661e-03
2.7749e-03
2.3363e-03
2.0575e-03
2.1694e-03
2.2320e-03
1.9416e-03
1.5082e-03
1.1246e-03
4.9321e-04
2.1004e-04
2.0155e-04
5.1949e-05
2.9166e-04
1.2403e-04
-1.9798e-05
4.5898e-04
7.0745e-04
1.1490e-03
1.5881e-03
1.7645e-03
1.9721e-03
1.7165e-03
8.3436e-04
4.5993e-04
1.0000e-03
7.0176e-04
-4.7830e-04
-1.2264e-03
-1.2886e-03
-1.0145e-03
-1.4781e-03
-2.2924e-03
-2.3460e-03
-2.2796e-03
-2.7356e-03
-3.0038e-03
-2.7197e-03
-2.4958e-03
-2.5412e-03
-2.7491e-03
-2.8126e-03
-2.7894e-03
-3.0134e-03
-3.2797e-03
-3.5395e-03
-3.4065e-03
-2.9373e-03
-2.8896e-03
-3.2211e-03
-3.3149e-03
-2.8569e-03
-2.5820e-03
-2.5965e-03
-2.2047e-03
-1.5644e-03
-1.2129e-03
-1.3766e-03
-1.3277e-03
-8.9408e-04
-7.8995e-04
-1.0267e-03
-1.1727e-03
-1.0787e-03
-9.8760e-04
-9.4945e-04
-1.4260e-03
-2.2436e-03
-2.3720e-03
-2.2319e-03
-2.5034e-03
-2.6925e-03
-2.5384e-03
-2.6173e-03
-2.8576e-03
-2.9738e-03
-3.0803e-03
-3.3883e-03
-3.9521e-03
-4.1600e-03
-4.2070e-03
-4.0292e-03
-3.5726e-03
-3.5833e-03
-3.7644e-03
-3.9606e-03
-3.8526e-03
-3.3651e-03
-2.8365e-03
-2.6395e-03
-3.2750e-03
-3.4872e-03
-3.1003e-03
-2.9306e-03
-2.6216e-03
-2.2914e-03
-2.0104e-03
-1.8357e-03
-1.7093e-03
-1.5408e-03
-1.8587e-03
-2.3449e-03
-2.0154e-03
-1.3503e-03
-1.3358e-03
-1.4588e-03
-1.2776e-03
-1.2103e-03
-1.3716e-03
-1.4293e-03
-1.1414e-03
-6.6096e-04
-2.3559e-04
-2.3390e-05
8.8329e-05
2.1086e-04
4.7007e-04
1.0965e-03
1.7954e-03
2.1317e-03
2.2487e-03
2.2846e-03
2.1166e-03
1.8462e-03
1.4241e-03
1.3484e-03
1.9768e-03
2.5376e-03
2.5212e-03
1.7980e-03
1.1497e-03
9.6903e-04
8.8649e-04
7.7894e-04
1.5222e-04
-5.0104e-04
-7.8709e-04
-4.3853e-04
1.9438e-04
-1.2392e-04
-4.9580e-04
-5.6672e-04
-6.6354e-04
-6.6756e-04
-1.0783e-03
-1.5126e-03
-1.8639e-03
-2.0591e-03
-1.6808e-03
-1.2061e-03
-1.0161e-03
-9.9779e-04
-6.7609e-04
-2.9647e-04
-4.4391e-04
-3.3033e-04
4.6802e-04
1.1480e-03
8.2691e-04
-1.9134e-04
-2.1252e-04
8.9324e-04
1.5670e-03
1.4811e-03
1.4744e-03
1.7935e-03
2.0067e-03
2.2007e-03
2.4947e-03
2.3976e-03
2.0969e-03
2.3950e-03
3.1816e-03
3.8217e-03
4.0883e-03
4.0719e-03
4.1849e-03
4.1963e-03
3.7269e-03
3.6098e-03
3.6673e-03
3.0745e-03
2.6540e-03
2.9456e-03
3.9323e-03
5.1586e-03
5.3819e-03
4.9750e-03
4.8992e-03
5.3113e-03
5.6907e-03
5.4211e-03
5.2191e-03
5.3729e-03
5.7507e-03
5.8581e-03
5.2564e-03
4.9368e-03
5.1325e-03
5.7642e-03
6.2767e-03
6.1026e-03
5.9513e-03
5.7556e-03
5.6137e-03
5.6764e-03
5.8006e-03
5.7277e-03
4.9451e-03
4.0090e-03
3.2229e-03
3.0146e-03
3.3960e-03
3.4056e-03
2.6994e-03
1.8318e-03
2.0005e-03
2.7224e-03
2.9188e-03
2.2492e-03
1.7407e-03
1.9755e-03
1.4812e-03
6.1898e-04
-6.2130e-04
-1.3964e-03
-7.5891e-04
-6.7178e-04
-1.2049e-03
-2.3793e-03
-3.5518e-03
-3.7274e-03
-3.8577e-03
-4.1391e-03
-4.8686e-03
-5.2126e-03
-4.6601e-03
-4.3481e-03
-4.6611e-03
-5.4688e-03
-5.6779e-03
-5.3700e-03
-5.6279e-03
-5.8746e-03
-6.1227e-03
-6.6267e-03
-6.7112e-03
-6.6157e-03
-6.2880e-03
-5.5116e-03
-4.7983e-03
-4.3224e-03
-4.4810e-03
-4.7425e-03
-4.7163e-03
-4.6742e-03
-4.1918e-03
-4.0253e-03
-4.1217e-03
-3.8707e-03
-3.9939e-03
-4.3319e-03
-4.2482e-03
-3.8023e-03
-3.3180e-03
-2.5889e-03
-2.0886e-03
-2.3094e-03
-2.5992e-03
-2.6543e-03
-2.3307e-03
-2.0378e-03
-2.2971e-03
-3.0298e-03
-3.3964e-03
-3.0436e-03
-2.3364e-03
-1.5271e-03
-1.8303e-03
-2.3908e-03
-2.4516e-03
-2.7342e-03
-2.6538e-03
-2.3974e-03
-1.7228e-03
-1.4125e-03
-2.1230e-03
-2.3915e-03
-2.3086e-03
-2.1265e-03
-1.9085e-03
-1.5857e-03
-1.0165e-03
-7.0583e-04
-5.8094e-04
-3.3094e-04
6.8447e-04
2.0593e-03
2.7353e-03
2.6649e-03
2.3979e-03
1.9881e-03
1.5907e-03
2.1514e-03
2.1732e-03
1.3484e-03
1.0902e-03
1.4076e-03
2.3891e-03
2.3141e-03
1.7142e-03
1.7885e-03
1.9513e-03
2.5128e-03
2.6297e-03
2.6846e-03
2.0699e-03
8.7365e-04
6.7199e-04
5.8000e-04
9.3850e-04
1.0364e-03
7.2254e-04
9.5946e-04
6.1770e-04
-4.3575e-05
-6.3877e-04
-8.1731e-04
-4.8973e-04
-7.0872e-04
-1.1640e-03
-1.4225e-03
-1.3345e-03
-1.0138e-03
-1.6047e-03
-2.5851e-03
-2.6592e-03
-2.4344e-03
-2.5903e-03
-2.7747e-03
-2.1911e-03
-9.8794e-04
-2.0591e-04
1.1634e-04
5.6776e-04
1.0653e-03
1.2686e-03
1.8410e-03
2.9292e-03
3.3715e-03
3.2771e-03
3.3744e-03
2.8961e-03
2.0816e-03
2.0143e-03
1.4681e-03
6.1594e-04
4.6456e-04
6.2130e-04
1.5741e-03
1.9136e-03
1.3066e-03
1.0462e-03
8.3752e-04
8.2768e-04
4.9631e-04
3.8969e-04
7.5549e-04
4.1066e-04
-6.5377e-04
-1.6197e-03
-8.7820e-04
4.8357e-04
4.9309e-04
-1.4040e-04
-4.7013e-04
8.7149e-05
9.6101e-04
1.0795e-03
5.8593e-04
5.9874e-05
2.5362e-04
7.4318e-04
3.5662e-04
-2.8582e-04
-3.7278e-04
-4.3782e-05
2.2919e-05
-9.9779e-05
2.8628e-04
4.2146e-04
1.1191e-04
-1.5323e-04
-6.1019e-04
-1.4252e-03
-2.1241e-03
-2.3813e-03
-2.7953e-03
-3.1639e-03
-2.7900e-03
-2.2087e-03
-2.4801e-03
-3.1229e-03
-3.3819e-03
-3.6262e-03
-3.6788e-03
-3.3172e-03
-2.9440e-03
-2.8488e-03
-2.2448e-03
-1.6808e-03
-2.2681e-03
-2.6069e-03
-2.5464e-03
-2.7990e-03
-3.2804e-03
-3.2118e-03
-2.0867e-03
-1.2581e-03
-1.0676e-03
-1.2840e-03
-1.2486e-03
-7.0400e-04
1.6839e-04
1.4850e-03
1.5999e-03
9.5271e-04
2.2931e-04
-5.2273e-04
-7.2761e-05
6.2340e-04
1.0303e-03
9.7975e-04
4.9845e-04
4.2776e-04
4.9805e-04
2.2809e-04
-6.9647e-04
-9.3027e-04
-1.8370e-04
2.0109e-04
4.6083e-04
7.9567e-05
-7.9828e-04
-1.4679e-03
-2.1315e-03
-2.3060e-03
-2.3631e-03
-2.4191e-03
-2.6538e-03
-3.0032e-03
-2.4749e-03
-1.9827e-03
-1.7272e-03
-1.3090e-03
-1.1761e-03
-1.1635e-03
-9.7382e-04
-2.4251e-05
1.2734e-03
1.9769e-03
2.1483e-03
2.2062e-03
2.6221e-03
3.2004e-03
3.9330e-03
5.1205e-03
5.7349e-03
5.7013e-03
5.2855e-03
4.4237e-03
4.1348e-03
3.5474e-03
2.7489e-03
2.3761e-03
2.3459e-03
3.3541e-03
3.2335e-03
2.1890e-03
1.4530e-03
6.4563e-04
1.0681e-03
1.5019e-03
1.8932e-03
2.2515e-03
1.5749e-03
1.3423e-03
7.2330e-04
5.1032e-04
6.4928e-04
-2.2458e-04
2.1866e-04
1.4095e-04
-6.5156e-04
-5.8041e-04
-6.8507e-04
-2.0695e-04
-7.1378e-04
-6.8571e-04
-4.7813e-06
-1.4026e-03
-2.3249e-03
-3.1075e-03
-2.7486e-03
-1.5271e-03
-1.9099e-03
-1.6915e-03
-2.7865e-03
-4.2280e-03
-4.0479e-03
-4.0092e-03
-3.3693e-03
-3.9694e-03
-4.0994e-03
-2.9334e-03
-3.4766e-03
-3.4347e-03
-3.2778e-03
-3.5216e-03
-3.3838e-03
-4.6403e-03
-5.5813e-03
-5.1953e-03
-4.6480e-03
-4.1110e-03
-3.8822e-03
-4.0062e-03
-4.3006e-03
-4.3818e-03
-3.6675e-03
-2.8687e-03
-3.1793e-03
-3.5616e-03
-2.9846e-03
-1.9406e-03
-2.4370e-03
-4.7047e-03
-5.0937e-03
-3.7337e-03
-2.2122e-03
-1.2396e-03
-1.3301e-03
-3.9268e-04
-2.8661e-04
-1.3657e-03
-1.3400e-03
-3.6435e-04
2.3427e-03
3.8201e-03
2.9746e-03
2.5442e-03
3.2149e-03
4.8377e-03
5.0267e-03
4.0515e-03
3.8719e-03
4.6423e-03
5.6712e-03
5.0202e-03
3.8894e-03
3.4224e-03
3.5545e-03
5.4435e-03
7.2248e-03
6.9171e-03
5.5219e-03
4.0761e-03
3.3830e-03
3.8179e-03
4.4215e-03
4.5333e-03
4.2340e-03
4.1558e-03
4.5138e-03
4.5207e-03
4.1723e-03
3.9003e-03
4.6484e-03
5.6152e-03
4.6000e-03
2.5544e-03
1.9632e-03
3.7019e-03
4.9887e-03
3.6980e-03
1.7532e-03
1.1938e-03
2.5865e-03
3.7660e-03
3.6004e-03
3.6087e-03
4.1170e-03
5.5045e-03
7.3926e-03
8.0543e-03
7.7124e-03
7.9459e-03
8.2873e-03
8.1968e-03
7.9965e-03
7.4276e-03
7.7911e-03
9.0944e-03
1.0642e-02
1.1707e-02
9.6943e-03
6.5244e-03
4.5425e-03
3.3665e-03
4.0635e-03
5.8260e-03
6.8551e-03
5.6200e-03
3.2619e-03
2.4392e-03
2.0664e-03
1.4228e-03
7.4605e-04
4.2652e-04
1.3307e-03
2.1298e-03
1.1602e-03
-6.2324e-04
-1.1542e-03
-1.1627e-03
-1.2146e-03
-6.1598e-04
-9.7796e-04
-1.4600e-03
-1.0134e-03
-1.3064e-03
-1.5117e-03
-1.4562e-03
-1.4348e-03
-1.4949e-03
-2.0702e-03
-2.0372e-03
-2.9341e-03
-4.6338e-03
-3.8955e-03
-1.6849e-03
-8.2233e-04
-1.6855e-03
-2.4225e-03
-2.2690e-03
-2.7905e-03
-4.1890e-03
-4.7467e-03
-3.5556e-03
-1.2798e-03
-4.1591e-04
-1.0264e-03
-1.7631e-03
-3.4359e-03
-4.0808e-03
-3.9048e-03
-4.0122e-03
-2.9799e-03
-2.4298e-03
-2.5668e-03
-3.1766e-03
-3.6875e-03
-3.2678e-03
-3.2917e-03
-3.0100e-03
-2.5865e-03
-1.5272e-03
6.9409e-04
1.2309e-03
4.3050e-04
-6.2170e-04
-1.3948e-03
-1.4524e-03
-2.8288e-03
-3.9684e-03
-3.3705e-03
-1.8936e-03
4.9590e-04
2.1094e-03
2.5333e-03
8.3205e-04
-2.0681e-03
-2.4514e-03
-1.5716e-03
-5.0403e-04
3.2873e-04
4.2715e-04
1.7797e-03
3.2156e-03
2.3613e-03
-3.5712e-04
-1.8273e-03
-1.0258e-03
1.1659e-04
2.0278e-03
2.0621e-03
-4.5622e-04
-1.7835e-03
-1.7178e-03
-4.2638e-05
3.0364e-04
-1.3424e-03
-6.6865e-04
7.8342e-04
3.7733e-04
-1.5499e-03
-3.7535e-03
-4.9613e-03
-4.3842e-03
-3.4457e-03
-3.7357e-03
-3.7323e-03
-3.6766e-03
-4.0751e-03
-4.1244e-03
-3.8937e-03
-4.0927e-03
-5.0164e-03
-6.0837e-03
-7.7863e-03
-8.2548e-03
-7.7474e-03
-8.2761e-03
-6.3469e-03
-2.0879e-03
1.2700e-03
3.3942e-03
4.2171e-03
3.1028e-03
2.0645e-03
4.1921e-03
5.7623e-03
5.5559e-03
7.1448e-03
8.0222e-03
6.9778e-03
5.9887e-03
5.3915e-03
5.5776e-03
5.9411e-03
6.0944e-03
6.2222e-03
6.2509e-03
5.8152e-03
4.4859e-03
2.6744e-03
9.8279e-04
-5.0386e-04
-1.7592e-03
-1.3418e-03
-6.8036e-04
-1.9477e-03
-3.1711e-03
-3.7477e-03
-4.5943e-03
-5.8442e-03
-5.9788e-03
-5.0152e-03
-3.9780e-03
-1.8836e-03
-7.2095e-04
-5.3725e-04
-4.5816e-04
-1.2412e-03
-1.6865e-03
-2.2548e-03
-5.8217e-04
3.1716e-03
5.0490e-03
6.0055e-03
6.3461e-03
5.9626e-03
4.4343e-03
2.5169e-03
1.2394e-03
-5.1507e-04
-8.8889e-04
-1.1472e-03
-2.5448e-03
-2.5812e-03
-1.8186e-03
-1.5761e-03
-1.7118e-03
-1.4938e-03
-1.4538e-03
-4.0527e-03
-8.7444e-03
-9.9006e-03
-7.9067e-03
-7.1743e-03
-6.1629e-03
-3.7435e-03
-7.6186e-04
-4.0886e-05
-1.6627e-03
-3.0529e-03
-4.2906e-03
-4.0405e-03
-3.2285e-03
-1.9834e-03
-8.3514e-04
-1.1798e-03
-1.2146e-03
-2.8145e-03
-5.3469e-03
-6.6476e-03
-7.1206e-03
-6.1519e-03
-4.1813e-03
-2.5418e-03
-3.5186e-03
-5.6549e-03
-6.4875e-03
-7.7020e-03
-8.1815e-03
-6.5315e-03
-5.3263e-03
-5.3589e-03
-6.1705e-03
-6.9149e-03
-5.6865e-03
-3.5822e-03
-1.9911e-03
-1.1113e-03
-1.0894e-03
-9.8137e-06
1.7240e-03
1.6765e-03
3.8643e-04
-1.3806e-04
6.5611e-04
9.1226e-04
3.2772e-04
2.4312e-04
3.8024e-04
3.2607e-04
3.7586e-04
9.3940e-04
1.4835e-03
1.6679e-03
1.0837e-03
1.0723e-04
1.0105e-04
7.3347e-04
1.5334e-03
2.0091e-03
1.7938e-03
6.2014e-04
-6.5539e-04
-1.1673e-03
-1.0467e-03
1.3521e-04
1.1585e-03
1.8271e-03
2.0264e-03
2.0222e-03
2.1575e-03
1.2007e-03
1.2383e-03
2.3277e-03
4.5822e-03
7.4500e-03
7.3975e-03
7.0579e-03
7.6471e-03
8.3358e-03
9.3154e-03
9.5928e-03
9.9139e-03
9.9701e-03
9.4937e-03
8.5015e-03
7.4920e-03
7.0586e-03
6.6103e-03
5.2644e-03
3.9768e-03
4.1649e-03
4.1178e-03
4.2462e-03
4.6345e-03
4.9928e-03
5.0675e-03
4.3554e-03
4.4109e-03
3.5917e-03
1.9464e-03
3.6689e-04
-8.9546e-04
-2.1091e-03
-3.9719e-03
-3.8684e-03
-3.2950e-03
-2.8830e-03
-1.1910e-03
1.0102e-03
3.2671e-03
2.9280e-03
1.4602e-03
1.2699e-03
1.0106e-03
2.3081e-04
-7.4834e-04
-4.3846e-04
-4.4030e-04
-9.2262e-04
-7.2293e-04
-1.5356e-03
-1.4316e-03
-1.1219e-03
-1.7857e-03
-2.0928e-03
-2.4050e-03
-1.1968e-03
-5.4806e-04
-1.6418e-03
-1.5795e-03
-7.4922e-04
6.3210e-04
1.7955e-03
2.2960e-03
2.6665e-03
2.1908e-03
1.8927e-03
1.4699e-03
6.6132e-04
-5.5270e-05
-1.2846e-03
-1.9512e-03
-1.8914e-03
-1.3563e-03
-4.8723e-04
5.3907e-04
1.6643e-03
2.3171e-03
2.5828e-03
2.2076e-03
2.0674e-03
1.7085e-03
8.6946e-04
9.3588e-04
1.1618e-03
1.3151e-03
5.2260e-04
-6.0825e-04
-1.1280e-03
-1.5976e-03
-1.4514e-03
-2.0982e-03
-2.6887e-03
-2.5625e-03
-2.9334e-03
-3.2780e-03
-3.7212e-03
-2.7071e-03
-9.2544e-04
-4.2748e-04
-3.2507e-04
6.2556e-05
5.6819e-04
2.6576e-04
2.3599e-04
1.1218e-03
1.6139e-03
1.7363e-03
1.7493e-03
2.0436e-03
1.9560e-03
1.1516e-03
7.8206e-04
2.0624e-05
-1.3890e-03
-1.6632e-03
-1.3149e-03
-1.5669e-03
-1.3336e-03
-1.2357e-03
-2.5032e-03
-2.7627e-03
-2.1526e-03
-2.7223e-03
-3.1603e-03
-2.6318e-03
-1.0964e-03
1.1872e-04
-5.1323e-07
-1.0520e-04
3.5984e-05
-3.1944e-04
-1.4539e-03
-1.6203e-03
-1.6998e-03
-2.6144e-03
-2.4408e-03
-2.8627e-03
-3.5668e-03
-3.6071e-03
-3.4920e-03
-2.5078e-03
-1.7458e-03
-1.4923e-03
-1.6102e-03
-1.5122e-03
-1.0077e-03
-6.0169e-04
-8.1285e-05
-6.7728e-05
-8.8553e-05
-5.5550e-04
-1.6564e-03
-2.2611e-03
-2.1890e-03
-1.4553e-03
-7.9890e-04
-3.5129e-04
-6.0220e-04
-1.0285e-03
-2.8157e-04
8.5730e-04
1.6249e-03
1.4733e-03
1.1595e-03
9.9825e-04
1.1180e-04
-6.8678e-04
-8.3399e-04
-7.3546e-04
-1.1314e-03
-1.4732e-03
-1.2098e-03
-1.1245e-03
-8.5920e-04
-7.5631e-04
-6.1908e-04
-5.3490e-04
-1.1865e-03
-9.5294e-04
-1.9775e-04
4.2374e-04
5.2059e-04
-1.4764e-04
-2.4367e-05
2.7671e-04
2.5962e-04
-1.4747e-04
-8.3702e-04
-8.7495e-04
-8.6958e-04
-8.1117e-04
-5.2495e-04
-2.2489e-04
-1.8693e-04
-6.7486e-04
-1.0992e-03
-2.0814e-03
-2.9277e-03
-2.9324e-03
-3.1594e-03
-2.8628e-03
-2.8919e-03
-3.4539e-03
-3.5844e-03
-3.8685e-03
-3.9356e-03
-4.0314e-03
-3.6145e-03
-3.1342e-03
-3.1666e-03
-2.9251e-03
-2.6773e-03
-1.8771e-03
-1.4398e-03
-9.5556e-04
-5.2327e-04
-1.5183e-03
-1.8545e-03
-1.0931e-03
2.0036e-04
8.5329e-04
6.8470e-04
1.1487e-03
1.3134e-03
1.3373e-03
1.7577e-03
2.3250e-03
2.6952e-03
2.6059e-03
2.6872e-03
2.6933e-03
2.5286e-03
2.1638e-03
2.0263e-03
2.3067e-03
2.4454e-03
2.7740e-03
2.5150e-03
2.4980e-03
2.2325e-03
1.0472e-03
1.2741e-03
1.8116e-03
2.6703e-03
2.5741e-03
1.9142e-03
2.2852e-03
1.4835e-03
1.9944e-03
1.5561e-03
4.4117e-04
8.7682e-04
-1.3974e-04
-3.1929e-04
-9.6051e-04
-8.3501e-04
-5.2128e-05
-7.2562e-04
1.4549e-04
-7.6620e-06
1.0105e-04
6.6059e-04
5.8802e-04
1.4850e-03
1.3773e-03
1.9475e-03
1.9418e-03
1.1811e-03
1.9209e-03
2.0328e-03
2.2811e-03
2.1959e-03
1.2831e-03
9.5476e-04
5.5102e-04
5.0601e-04
4.6308e-04
3.2792e-04
6.8426e-04
9.8420e-05
-1.0388e-03
-1.3945e-03
-1.0320e-03
-1.0046e-03
-1.6186e-03
-1.6329e-03
-1.2290e-03
-1.0068e-03
-1.2865e-03
-1.2542e-03
-7.9924e-04
-1.2117e-03
-1.7150e-03
-1.9637e-03
-1.7611e-03
-1.8436e-03
-2.0947e-03
-1.7398e-03
-2.0414e-03
-1.9061e-03
-1.6921e-03
-1.3653e-03
-3.5719e-04
-1.9183e-04
1.6770e-04
3.7805e-04
4.2366e-04
6.9804e-04
5.6312e-04
9.1039e-04
1.0951e-03
1.0568e-03
1.1277e-03
1.0433e-03
6.9348e-04
-2.3107e-04
-9.9316e-04
-1.2903e-03
-1.0633e-03
-1.1681e-03
-1.8503e-03
-2.3877e-03
-2.9725e-03
-2.8367e-03
-2.2452e-03
-1.7170e-03
-1.5057e-03
-1.7445e-03
-1.8437e-03
-1.8960e-03
-1.4566e-03
-1.3395e-03
-1.1687e-03
-4.7608e-04
-3.8971e-04
-1.1094e-04
2.1737e-04
7.5854e-04
7.5880e-04
1.7215e-04
2.7129e-04
2.4043e-04
4.8984e-04
2.5795e-04
-3.6358e-05
3.3806e-04
4.1303e-04
3.3130e-04
-4.4510e-04
-1.0615e-03
-1.0872e-03
-7.9730e-04
-6.3766e-04
-8.4828e-04
-9.2361e-04
-1.3888e-03
-1.7523e-03
-1.9862e-03
-2.0968e-03
-2.1442e-03
-2.1195e-03
-1.5605e-03
-1.2914e-03
-1.2466e-03
-1.4754e-03
-1.8353e-03
-1.6598e-03
-1.0880e-03
-6.1026e-04
-6.1063e-04
-7.6497e-04
-8.0638e-04
-3.3589e-04
2.6077e-04
5.5462e-04
6.6892e-04
3.5297e-04
2.7158e-04
6.8212e-04
1.0745e-03
1.0437e-03
8.3588e-04
1.1778e-03
1.7384e-03
2.0047e-03
1.7333e-03
1.1583e-03
9.2726e-04
1.2949e-03
1.8280e-03
1.9296e-03
1.7411e-03
1.4722e-03
1.1157e-03
8.2528e-04
1.2470e-03
1.4580e-03
8.2075e-04
4.4194e-04
1.2856e-04
3.6385e-04
7.0224e-04
5.9583e-04
2.1575e-04
-2.0598e-04
5.5221e-04
9.7633e-04
1.2121e-03
1.4062e-03
1.0666e-03
1.4701e-03
1.7081e-03
2.3321e-03
2.7947e-03
2.9056e-03
3.4047e-03
2.8887e-03
2.1929e-03
1.9313e-03
2.2834e-03
2.3459e-03
1.9363e-03
2.4596e-03
2.5854e-03
2.2509e-03
2.2926e-03
2.7232e-03
3.2233e-03
2.8169e-03
2.5713e-03
3.0016e-03
2.2847e-03
1.7253e-03
2.1740e-03
1.8255e-03
1.9519e-03
2.1731e-03
1.7109e-03
1.2311e-03
1.2724e-03
2.1863e-03
2.1487e-03
2.3460e-03
2.2898e-03
1.5554e-03
1.2953e-03
7.6064e-04
1.4408e-03
1.4939e-03
1.4098e-03
1.5541e-03
1.6975e-04
-2.1661e-04
-3.9364e-04
-4.1420e-04
-5.4562e-04
-9.7084e-04
-6.0216e-04
-1.0187e-03
-1.2824e-03
-1.5689e-03
-2.2077e-03
-2.2639e-03
-2.0285e-03
-1.6690e-03
-1.9625e-03
-2.4199e-03
-2.3803e-03
-2.1643e-03
-2.0685e-03
-2.0090e-03
-1.8863e-03
-1.7112e-03
-1.7066e-03
-2.1116e-03
-2.1911e-03
-2.0670e-03
-1.7550e-03
-1.5188e-03
-1.9757e-03
-2.0723e-03
-2.0292e-03
-2.2822e-03
-2.1674e-03
-1.8888e-03
-1.6591e-03
-1.6952e-03
-1.7642e-03
-1.4389e-03
-1.3458e-03
-1.3776e-03
-1.2434e-03
-1.1060e-03
-8.6496e-04
-8.0865e-04
-7.8382e-04
-6.9697e-04
-3.8205e-04
-1.8507e-04
-7.2074e-04
-9.4445e-04
-7.7128e-04
-7.2931e-04
-7.4622e-04
-6.6004e-04
-2.5075e-04
-7.4286e-05
-3.1237e-04
-8.6010e-04
-1.4089e-03
-1.5888e-03
-1.3607e-03
-1.1050e-03
-1.4203e-03
-1.8206e-03
-2.1227e-03
-2.1513e-03
-1.7059e-03
-1.3448e-03
-1.3164e-03
-1.5469e-03
-1.4664e-03
-1.2455e-03
-1.0466e-03
-7.3234e-04
-5.1358e-04
-2.9389e-04
-4.4263e-04
-5.4446e-04
-5.8723e-04
-8.9651e-04
-7.4832e-04
-4.0342e-04
-2.2736e-04
-2.6172e-04
-3.6050e-04
-2.9058e-04
-5.5037e-05
4.5562e-04
9.1732e-04
1.1276e-03
1.3114e-03
1.6441e-03
1.7135e-03
1.7099e-03
2.2238e-03
2.8564e-03
3.3436e-03
3.6264e-03
3.9479e-03
4.0958e-03
3.9515e-03
4.2057e-03
4.6845e-03
4.9786e-03
4.7918e-03
4.5514e-03
4.3727e-03
3.9191e-03
3.6934e-03
3.4391e-03
3.4372e-03
3.6249e-03
3.2264e-03
2.7434e-03
2.5586e-03
2.7098e-03
2.7005e-03
2.5424e-03
2.5504e-03
2.2862e-03
1.9666e-03
1.6069e-03
1.2787e-03
1.3293e-03
1.3556e-03
1.2874e-03
1.0596e-03
7.8447e-04
1.0904e-03
1.5296e-03
1.7553e-03
1.7993e-03
1.5402e-03
1.4185e-03
1.4049e-03
1.5161e-03
1.6102e-03
1.4444e-03
1.5503e-03
1.6597e-03
1.5227e-03
1.5409e-03
1.6114e-03
1.5841e-03
1.3665e-03
9.9650e-04
8.3067e-04
6.9869e-04
4.5527e-04
3.3016e-04
1.1500e-04
-1.0149e-04
-3.2008e-04
-7.6340e-04
-1.2061e-03
-1.5107e-03
-1.6443e-03
-1.8773e-03
-2.0920e-03
-1.9649e-03
-1.8671e-03
-2.0284e-03
-2.2962e-03
-2.4351e-03
-2.6174e-03
-2.7978e-03
-2.6949e-03
-2.6917e-03
-2.6979e-03
-2.4874e-03
-2.3050e-03
-2.0591e-03
-1.7751e-03
-1.6438e-03
-1.6190e-03
-1.5232e-03
-1.2608e-03
-1.0524e-03
-1.1594e-03
-1.4468e-03
-1.4541e-03
-1.1274e-03
-8.7239e-04
-7.3623e-04
-6.0426e-04
-5.3481e-04
-3.5938e-04
-7.6316e-05
4.5685e-05
1.2375e-04
3.1881e-04
5.6461e-04
8.1630e-04
1.1277e-03
1.3384e-03
1.2625e-03
1.3305e-03
1.5338e-03
1.5287e-03
1.4780e-03
1.3674e-03
1.2914e-03
1.3467e-03
1.3840e-03
1.4274e-03
1.4629e-03
1.4913e-03
1.6396e-03
1.7231e-03
1.7136e-03
1.9768e-03
2.2406e-03
2.2974e-03
2.3248e-03
2.3330e-03
2.2467e-03
2.0318e-03
2.0419e-03
2.0375e-03
1.8558e-03
1.6654e-03
1.2940e-03
1.1389e-03
1.1979e-03
1.2510e-03
1.2239e-03
1.0453e-03
1.0760e-03
1.2325e-03
1.3426e-03
1.3378e-03
1.3002e-03
1.4125e-03
1.5279e-03
1.5908e-03
1.4875e-03
1.3434e-03
1.4388e-03
1.7696e-03
2.1062e-03
2.2124e-03
2.2576e-03
2.2713e-03
2.2747e-03
2.4599e-03
2.6974e-03
2.7801e-03
2.6774e-03
2.5068e-03
2.2034e-03
1.9201e-03
1.9496e-03
1.8889e-03
1.4483e-03
1.1161e-03
1.1134e-03
1.0951e-03
1.0144e-03
8.6958e-04
7.3062e-04
6.8356e-04
5.3290e-04
3.9895e-04
1.8573e-04
-5.3075e-05
8.0306e-05
2.5217e-04
8.0519e-05
-1.9504e-04
-2.3247e-04
-1.4830e-04
-1.2194e-04
-9.9519e-05
-1.8898e-04
-2.2588e-04
-4.1364e-05
2.8987e-05
-1.0131e-04
-2.2559e-04
-1.2736e-04
6.7900e-05
1.2953e-04
2.7987e-04
2.5487e-04
2.2357e-05
8.1795e-05
1.2091e-04
-1.6640e-04
-5.4308e-04
-7.8039e-04
-9.0773e-04
-9.9830e-04
-1.0785e-03
-1.2370e-03
-1.4212e-03
-1.5948e-03
-1.8077e-03
-2.0324e-03
-2.0831e-03
-2.0958e-03
-2.3874e-03
-2.8517e-03
-3.1777e-03
-3.2402e-03
-3.4565e-03
-3.8228e-03
-3.8260e-03
-3.5832e-03
-3.3886e-03
-3.4077e-03
-3.7057e-03
-3.9954e-03
-3.9140e-03
-3.6980e-03
-3.8235e-03
-4.1060e-03
-4.2340e-03
-4.2178e-03
-4.1894e-03
-4.2760e-03
-4.4125e-03
-4.5154e-03
-4.5463e-03
-4.5398e-03
-4.6771e-03
-4.8690e-03
-4.9081e-03
-4.8502e-03
-4.7724e-03
-4.6946e-03
-4.5728e-03
-4.4150e-03
-4.3040e-03
-4.2366e-03
-4.1210e-03
-3.8398e-03
-3.4360e-03
-3.0862e-03
-2.9290e-03
-2.7533e-03
-2.3462e-03
-2.0002e-03
-1.8089e-03
-1.5353e-03
-1.1956e-03
-9.4036e-04
-7.6869e-04
-5.7145e-04
-2.6123e-04
1.1200e-04
3.8560e-04
5.2583e-04
5.7554e-04
5.9936e-04
7.5207e-04
9.8890e-04
1.1101e-03
1.1385e-03
1.2267e-03
1.3397e-03
1.5190e-03
1.8294e-03
1.9650e-03
1.8943e-03
1.7762e-03
1.6197e-03
1.5745e-03
1.6230e-03
1.6189e-03
1.5117e-03
1.5250e-03
1.6968e-03
1.7325e-03
1.6923e-03
1.6845e-03
1.8199e-03
1.9899e-03
1.9307e-03
1.7812e-03
1.6380e-03
1.6732e-03
1.9304e-03
2.1957e-03
2.3380e-03
2.2317e-03
2.0792e-03
1.9641e-03
1.9709e-03
2.2413e-03
2.3521e-03
2.2225e-03
2.1842e-03
2.3076e-03
2.3147e-03
2.0805e-03
1.9251e-03
1.7851e-03
1.5907e-03
1.3419e-03
8.5655e-04
4.6600e-04
3.0195e-04
2.2491e-04
2.2642e-04
1.4215e-04
8.5667e-05
1.2810e-04
2.3934e-05
-3.7019e-04
-7.5747e-04
-7.5923e-04
-6.7355e-04
-8.0767e-04
-9.5261e-04
-8.9469e-04
-8.0330e-04
-9.6738e-04
-1.3474e-03
-1.5908e-03
-1.4737e-03
-1.2785e-03
-1.2579e-03
-1.3642e-03
-1.3998e-03
-1.3311e-03
-1.3445e-03
-1.3934e-03
-1.4377e-03
-1.4165e-03
-1.3931e-03
-1.5364e-03
-1.8387e-03
-2.2299e-03
-2.3358e-03
-2.1503e-03
-1.9749e-03
-1.9165e-03
-2.1863e-03
-2.5860e-03
-2.6570e-03
-2.3520e-03
-2.0915e-03
-2.2244e-03
-2.5268e-03
-2.6393e-03
-2.5552e-03
-2.5286e-03
-2.6589e-03
-2.8003e-03
-2.7655e-03
-2.5828e-03
-2.5354e-03
-2.6981e-03
-2.9196e-03
-3.1131e-03
-3.1586e-03
-2.9709e-03
-2.7989e-03
-2.8410e-03
-2.8995e-03
-2.8962e-03
-2.8421e-03
-2.7850e-03
-2.7630e-03
-2.5250e-03
-2.2574e-03
-2.2122e-03
-2.1320e-03
-2.0335e-03
-1.9729e-03
-1.9463e-03
-1.9581e-03
-1.6593e-03
-1.0972e-03
-7.7309e-04
-7.9204e-04
-9.5357e-04
-9.8044e-04
-6.5579e-04
-2.6285e-04
-2.8670e-04
-6.1761e-04
-7.3517e-04
-4.8547e-04
-2.6934e-04
-4.6283e-04
-8.5643e-04
-9.3541e-04
-6.2481e-04
-4.6777e-04
-8.0063e-04
-1.2875e-03
-1.4684e-03
-1.2224e-03
-1.0364e-03
-1.3898e-03
-1.8802e-03
-1.8711e-03
-1.3698e-03
-9.6868e-04
-1.0918e-03
-1.3482e-03
-1.3221e-03
-1.2208e-03
-1.0993e-03
-8.8591e-04
-6.9096e-04
-5.6184e-04
-4.7090e-04
-2.2307e-04
1.0565e-04
1.5120e-04
-1.1756e-05
-8.3636e-05
-1.5579e-05
1.5409e-04
2.2101e-04
2.7668e-05
-8.4328e-05
1.6177e-04
5.4056e-04
5.7892e-04
3.3747e-04
3.2331e-04
5.5235e-04
8.3689e-04
1.1797e-03
1.5546e-03
1.6838e-03
1.6633e-03
1.9322e-03
2.3219e-03
2.7889e-03
3.2831e-03
3.3621e-03
3.3787e-03
3.5953e-03
3.6762e-03
3.8835e-03
4.2167e-03
4.2827e-03
4.2645e-03
4.3051e-03
4.3508e-03
4.3349e-03
4.3143e-03
4.4565e-03
4.5428e-03
4.3232e-03
3.9182e-03
3.7911e-03
3.9703e-03
3.7982e-03
3.2163e-03
2.9244e-03
3.3084e-03
3.8177e-03
3.7637e-03
3.2460e-03
2.8569e-03
2.8724e-03
3.0746e-03
3.2320e-03
3.0157e-03
2.6218e-03
2.4972e-03
2.4209e-03
2.3851e-03
2.3292e-03
2.2238e-03
2.2634e-03
2.0997e-03
1.7260e-03
1.4196e-03
1.1774e-03
9.5056e-04
7.5376e-04
7.6767e-04
8.9609e-04
9.7338e-04
8.0154e-04
2.4884e-04
-2.0382e-04
-2.7088e-04
-2.2750e-04
-3.9089e-04
-6.9965e-04
-8.3145e-04
-6.3574e-04
-2.6266e-04
-3.1693e-04
-8.3864e-04
-1.1449e-03
-9.5058e-04
-5.6961e-04
-7.0325e-04
-1.3474e-03
-1.6983e-03
-1.3538e-03
-8.4659e-04
-8.0407e-04
-1.0617e-03
-1.3079e-03
-1.1845e-03
-6.0427e-04
3.0109e-05
4.0445e-04
4.4416e-04
4.1486e-04
6.3674e-04
1.2886e-03
1.8996e-03
2.1652e-03
2.4760e-03
2.7087e-03
2.7895e-03
2.8822e-03
3.1171e-03
3.4479e-03
3.5451e-03
3.3087e-03
2.9091e-03
2.9098e-03
3.3335e-03
3.6457e-03
3.6536e-03
3.4278e-03
3.2545e-03
3.2720e-03
3.3672e-03
3.2940e-03
3.3514e-03
3.7656e-03
3.8618e-03
3.4522e-03
2.9577e-03
2.8866e-03
3.1982e-03
3.1005e-03
2.5640e-03
2.2806e-03
2.4320e-03
2.5718e-03
2.3958e-03
2.0769e-03
1.8212e-03
1.7458e-03
1.6435e-03
1.2601e-03
8.6503e-04
6.7762e-04
7.4009e-04
9.5856e-04
1.1176e-03
1.0436e-03
7.1815e-04
7.1354e-04
9.0386e-04
6.8309e-04
2.1512e-04
-2.4668e-04
-3.1157e-04
-1.2610e-04
-6.9991e-05
-1.2258e-04
-3.9838e-04
-6.5432e-04
-7.1562e-04
-7.5626e-04
-9.5831e-04
-1.1485e-03
-1.1241e-03
-1.2677e-03
-1.6702e-03
-2.0718e-03
-2.2913e-03
-2.1703e-03
-1.8504e-03
-1.7176e-03
-1.9035e-03
-2.0479e-03
-1.7848e-03
-1.3538e-03
-1.1960e-03
-1.3953e-03
-1.7322e-03
-1.7344e-03
-1.2630e-03
-7.1891e-04
-5.9884e-04
-9.5597e-04
-1.2316e-03
-1.1570e-03
-9.0820e-04
-6.0904e-04
-4.4167e-04
-5.2240e-04
-7.1027e-04
-9.7720e-04
-1.1615e-03
-1.0770e-03
-1.0802e-03
-1.2946e-03
-1.5049e-03
-1.4892e-03
-1.3720e-03
-1.5856e-03
-1.9761e-03
-2.2019e-03
-2.0729e-03
-1.7576e-03
-1.6592e-03
-1.8120e-03
-2.0029e-03
-1.8870e-03
-1.5875e-03
-1.4123e-03
-1.2880e-03
-1.1015e-03
-8.2154e-04
-6.1830e-04
-5.8980e-04
-6.2510e-04
-4.7330e-04
-3.2233e-05
3.9194e-04
5.6476e-04
5.1703e-04
3.1748e-04
9.6982e-05
1.0485e-04
2.3225e-04
1.9216e-04
8.9836e-05
3.9722e-05
-1.2292e-04
-5.3927e-04
-9.9424e-04
-1.2444e-03
-1.4624e-03
-1.8628e-03
-2.1846e-03
-2.1494e-03
-2.1204e-03
-2.5422e-03
-3.2107e-03
-3.5998e-03
-3.6795e-03
-3.7938e-03
-4.0567e-03
-4.3664e-03
-4.6060e-03
-4.7300e-03
-4.6740e-03
-4.5880e-03
-4.6288e-03
-4.6458e-03
-4.7153e-03
-4.9486e-03
-5.1137e-03
-5.0746e-03
-5.0223e-03
-4.9216e-03
-4.5205e-03
-3.8894e-03
-3.2937e-03
-2.8815e-03
-2.8967e-03
-3.3967e-03
-3.3997e-03
-2.6692e-03
-2.0032e-03
-1.5481e-03
-1.4451e-03
-1.4980e-03
-1.4450e-03
-1.0816e-03
-4.8030e-04
-3.9408e-04
-3.5821e-04
-5.2858e-05
2.1064e-04
5.9939e-04
7.3932e-04
4.4706e-04
3.9129e-05
1.5133e-04
7.6654e-04
1.0462e-03
9.8045e-04
7.8068e-04
6.5584e-04
7.8005e-04
1.0315e-03
1.1381e-03
9.5118e-04
1.0203e-03
1.3426e-03
1.4063e-03
1.2386e-03
1.1670e-03
1.4011e-03
1.4363e-03
9.9778e-04
5.7869e-04
4.3412e-04
6.0437e-04
8.8231e-04
8.9971e-04
8.4279e-04
9.7003e-04
1.0889e-03
1.0781e-03
1.0569e-03
1.1164e-03
1.1662e-03
9.5908e-04
7.5869e-04
1.0121e-03
1.4782e-03
1.8447e-03
1.9657e-03
1.9262e-03
2.0242e-03
2.3397e-03
2.5392e-03
2.3188e-03
2.1985e-03
2.2775e-03
2.0417e-03
1.7201e-03
1.7090e-03
1.9718e-03
2.1928e-03
2.1036e-03
1.8021e-03
1.5579e-03
1.3269e-03
9.9112e-04
7.4319e-04
6.9773e-04
8.8941e-04
1.1734e-03
1.1129e-03
7.9859e-04
7.3786e-04
7.8369e-04
7.0871e-04
6.4205e-04
4.0593e-04
1.4023e-04
6.9886e-05
1.2078e-04
4.4678e-04
6.9741e-04
6.4350e-04
5.2035e-04
3.6114e-04
4.6520e-04
7.5637e-04
8.5707e-04
6.1419e-04
1.5479e-04
-2.7530e-05
-1.0022e-05
-6.9400e-05
-2.3647e-04
-5.2977e-04
-7.2388e-04
-7.8172e-04
-8.3987e-04
-1.0311e-03
-1.5048e-03
-1.9608e-03
-2.0445e-03
-1.9713e-03
-2.0012e-03
-2.1930e-03
-2.6314e-03
-3.1406e-03
-3.4137e-03
-3.4986e-03
-3.5596e-03
-3.5942e-03
-3.6554e-03
-3.6869e-03
-3.4629e-03
-3.1376e-03
-2.9183e-03
-2.7875e-03
-2.7576e-03
-2.6815e-03
-2.5088e-03
-2.2098e-03
-1.8690e-03
-1.7283e-03
-1.6441e-03
-1.5375e-03
-1.3382e-03
-1.0353e-03
-8.0641e-04
-6.3418e-04
-4.1337e-04
-7.3244e-06
4.4450e-04
7.0721e-04
7.9695e-04
9.0168e-04
1.0277e-03
1.2512e-03
1.6172e-03
2.0165e-03
2.5209e-03
2.6119e-03
2.4443e-03
2.5696e-03
2.8618e-03
3.2772e-03
3.4513e-03
3.3983e-03
3.2453e-03
3.0964e-03
2.8880e-03
2.6003e-03
2.7047e-03
2.9988e-03
3.3944e-03
3.3576e-03
2.8295e-03
2.6877e-03
2.8886e-03
3.1310e-03
2.8932e-03
2.5397e-03
2.4898e-03
2.4260e-03
2.3491e-03
2.1326e-03
2.2094e-03
2.3341e-03
1.9975e-03
1.6970e-03
1.5566e-03
1.4900e-03
1.3873e-03
1.4847e-03
1.8050e-03
1.9647e-03
2.0922e-03
1.9956e-03
1.8699e-03
2.0866e-03
2.3178e-03
2.3587e-03
2.1449e-03
2.0335e-03
2.1262e-03
2.2541e-03
2.2692e-03
2.0214e-03
1.8910e-03
1.8404e-03
1.8997e-03
2.1123e-03
2.1512e-03
1.8504e-03
1.2870e-03
8.6511e-04
5.7177e-04
4.9496e-04
4.8730e-04
3.5100e-04
-2.7339e-05
-7.6893e-04
-1.1235e-03
-1.2474e-03
-1.3182e-03
-1.1660e-03
-9.7170e-04
-7.7517e-04
-9.7650e-04
-1.0617e-03
-8.5033e-04
-8.3333e-04
-9.7271e-04
-8.9323e-04
-1.6376e-04
3.9316e-04
3.1361e-04
4.3739e-05
7.4429e-05
5.5049e-04
6.0968e-04
3.9185e-04
3.1861e-04
1.8834e-04
8.8840e-05
-1.6557e-04
-3.1278e-04
-3.9150e-04
-6.0979e-04
-8.8709e-04
-1.4866e-03
-1.8593e-03
-1.9336e-03
-2.0589e-03
-2.2564e-03
-2.5515e-03
-2.5280e-03
-2.4965e-03
-2.6943e-03
-2.8694e-03
-2.7409e-03
-2.3636e-03
-2.3336e-03
-2.6415e-03
-3.1649e-03
-3.3789e-03
-3.2018e-03
-3.2851e-03
-3.4743e-03
-3.6048e-03
-3.5258e-03
-3.2738e-03
-3.0425e-03
-2.8568e-03
-2.8310e-03
-2.7504e-03
-2.5649e-03
-2.3756e-03
-2.2607e-03
-2.2927e-03
-2.2035e-03
-1.8158e-03
-1.3189e-03
-1.0566e-03
-1.0759e-03
-1.0392e-03
-7.6025e-04
-4.7637e-04
-4.0093e-04
-4.6919e-04
-6.1114e-04
-7.4333e-04
-8.2258e-04
-8.4255e-04
-6.2959e-04
-2.1853e-04
2.7805e-05
-9.1184e-05
-4.2470e-04
-5.3312e-04
-3.2030e-04
-7.2159e-05
1.0686e-04
2.2463e-04
4.4929e-04
8.8946e-04
1.4064e-03
1.7345e-03
1.7979e-03
1.7849e-03
1.8815e-03
2.0899e-03
2.0980e-03
1.9488e-03
1.8481e-03
1.7473e-03
1.6410e-03
1.5395e-03
1.5585e-03
1.6399e-03
1.6910e-03
1.7057e-03
1.6467e-03
1.5432e-03
1.3506e-03
1.0220e-03
5.8375e-04
2.6659e-04
2.2783e-04
3.9961e-04
5.5525e-04
5.1599e-04
4.7625e-04
4.9232e-04
4.9709e-04
4.7411e-04
3.7558e-04
3.0783e-04
2.5552e-04
8.6290e-05
-1.4904e-04
-3.3412e-04
-3.7757e-04
-3.7026e-04
-5.0285e-04
-6.6200e-04
-7.2485e-04
-7.0447e-04
-7.2913e-04
-8.1581e-04
-7.3931e-04
-5.5500e-04
-4.1470e-04
-4.2196e-04
-5.6908e-04
-6.8672e-04
-7.7216e-04
-8.5569e-04
-9.5627e-04
-9.3668e-04
-6.8257e-04
-4.7929e-04
-4.6875e-04
-4.4264e-04
-2.4370e-04
8.8345e-05
3.4882e-04
4.8944e-04
6.4950e-04
8.4055e-04
1.0408e-03
1.1451e-03
9.9739e-04
7.0702e-04
5.3890e-04
5.5887e-04
6.2542e-04
6.2030e-04
5.2926e-04
4.5767e-04
4.3019e-04
3.4979e-04
1.6334e-04
-1.0967e-04
-3.6641e-04
-5.6298e-04
-7.4584e-04
-9.2598e-04
-1.1246e-03
-1.4439e-03
-1.7528e-03
-1.7487e-03
-1.5425e-03
-1.3807e-03
-1.2641e-03
-1.1673e-03
-1.0552e-03
-9.9301e-04
-1.0217e-03
-9.1737e-04
-7.2468e-04
-7.2878e-04
-8.8930e-04
-9.7948e-04
-9.3738e-04
-9.0974e-04
-1.0250e-03
-1.2228e-03
-1.2063e-03
-9.9164e-04
-9.5178e-04
-1.0234e-03
-9.7848e-04
-7.5374e-04
-4.6120e-04
-2.9757e-04
-1.9864e-04
-7.2693e-05
5.8210e-05
1.1049e-04
1.3970e-04
2.8764e-04
4.3233e-04
5.1394e-04
5.8896e-04
6.9885e-04
9.3861e-04
1.1798e-03
1.2564e-03
1.3496e-03
1.5238e-03
1.6183e-03
1.6179e-03
1.5342e-03
1.5526e-03
1.6464e-03
1.5519e-03
1.3594e-03
1.1456e-03
1.0511e-03
1.0828e-03
1.0749e-03
1.1655e-03
1.3218e-03
1.3072e-03
1.0324e-03
6.9123e-04
5.7882e-04
6.0922e-04
5.8667e-04
5.5861e-04
5.7472e-04
6.3752e-04
6.8322e-04
6.7305e-04
6.5088e-04
6.2117e-04
6.4870e-04
7.1059e-04
8.1160e-04
8.6415e-04
6.8963e-04
4.9098e-04
5.1552e-04
7.2187e-04
8.2474e-04
8.2232e-04
8.8776e-04
9.3761e-04
9.3627e-04
8.9223e-04
9.8402e-04
1.2091e-03
1.3624e-03
1.5511e-03
1.7743e-03
1.7427e-03
1.4705e-03
1.3176e-03
1.3315e-03
1.4965e-03
1.7165e-03
1.6995e-03
1.5457e-03
1.4367e-03
1.4464e-03
1.4636e-03
1.3553e-03
1.2108e-03
1.0046e-03
9.0161e-04
9.1854e-04
8.2425e-04
7.0455e-04
5.8586e-04
6.2450e-04
7.6345e-04
7.3548e-04
7.6260e-04
8.6329e-04
9.9686e-04
1.0855e-03
1.1036e-03
1.1898e-03
1.1083e-03
1.0735e-03
1.1568e-03
1.1243e-03
9.8318e-04
6.7442e-04
5.7340e-04
6.3243e-04
5.9021e-04
5.2065e-04
4.1193e-04
3.4149e-04
2.2823e-04
2.8087e-04
4.8983e-04
5.1233e-04
4.6851e-04
4.4119e-04
4.4728e-04
4.5905e-04
3.2320e-04
1.1219e-04
8.8554e-05
1.8237e-04
2.2825e-04
3.4073e-04
5.2204e-04
6.5794e-04
6.2929e-04
6.0644e-04
6.4641e-04
3.5914e-04
4.7704e-05
-4.5714e-06
-1.7711e-04
-3.3094e-04
-4.0882e-04
-4.8057e-04
-5.4069e-04
-8.1499e-04
-1.0640e-03
-1.1892e-03
-1.3288e-03
-1.5991e-03
-1.8923e-03
-1.9531e-03
-2.0402e-03
-2.1664e-03
-2.4079e-03
-2.7181e-03
-2.7470e-03
-2.6158e-03
-2.4369e-03
-2.4171e-03
-2.4992e-03
-2.4572e-03
-2.3777e-03
-2.2391e-03
-2.1119e-03
-2.0639e-03
-1.9933e-03
-1.8650e-03
-1.7421e-03
-1.6703e-03
-1.6039e-03
-1.4475e-03
-1.2754e-03
-1.1670e-03
-1.0149e-03
-7.9145e-04
-4.9593e-04
-2.9690e-04
-2.8971e-04
-2.1486e-04
2.3910e-06
2.3973e-04
3.7804e-04
3.9637e-04
4.3790e-04
4.9861e-04
4.6752e-04
3.8849e-04
3.5960e-04
4.3872e-04
5.1643e-04
5.3194e-04
5.4772e-04
5.8689e-04
7.0299e-04
7.4135e-04
7.1329e-04
7.1444e-04
6.9468e-04
7.4568e-04
7.8182e-04
7.8383e-04
7.4890e-04
6.3131e-04
4.9466e-04
3.2711e-04
2.5403e-04
3.0648e-04
3.7887e-04
4.1691e-04
3.6449e-04
2.2053e-04
7.4821e-05
1.2410e-05
-4.5792e-05
-1.9336e-04
-3.7156e-04
-4.7721e-04
-5.5426e-04
-5.9842e-04
-5.9330e-04
-6.2919e-04
-6.8730e-04
-8.0044e-04
-8.9984e-04
-9.0162e-04
-8.8760e-04
-8.6729e-04
-8.8927e-04
-9.0706e-04
-8.4543e-04
-8.1706e-04
-8.7237e-04
-9.3130e-04
-9.2393e-04
-8.4798e-04
-7.8785e-04
-8.2873e-04
-9.0061e-04
-9.3192e-04
-9.8861e-04
-1.1151e-03
-1.2444e-03
-1.3152e-03
-1.3934e-03
-1.5594e-03
-1.7457e-03
-1.8488e-03
-1.9352e-03
-2.0380e-03
-2.0962e-03
-2.1413e-03
-2.1780e-03
-2.2364e-03
-2.3250e-03
-2.3402e-03
-2.2490e-03
-2.0576e-03
-1.8306e-03
-1.6739e-03
-1.5795e-03
-1.5122e-03
-1.4415e-03
-1.2894e-03
-1.0326e-03
-7.9366e-04
-6.6486e-04
-5.5470e-04
-4.2913e-04
-3.4474e-04
-2.5626e-04
-1.1479e-04
7.7063e-05
2.7318e-04
3.8819e-04
4.2090e-04
4.5777e-04
5.6055e-04
6.7289e-04
7.1295e-04
7.0623e-04
6.7570e-04
6.6507e-04
7.4782e-04
8.6216e-04
8.8121e-04
7.8917e-04
6.6976e-04
5.5363e-04
4.8209e-04
4.5935e-04
3.7385e-04
2.7353e-04
2.6311e-04
2.8563e-04
2.2144e-04
5.7019e-05
-1.0876e-04
-2.3624e-04
-2.8011e-04
-2.0903e-04
-1.2693e-04
-1.3757e-04
-2.0998e-04
-2.5489e-04
-2.4610e-04
-1.9998e-04
-1.5151e-04
-1.0170e-04
-1.3732e-05
6.6169e-05
2.9248e-05
-1.0173e-04
-1.5587e-04
-8.1124e-05
7.0815e-06
4.2059e-05
3.7028e-05
4.4407e-05
1.2811e-04
2.1420e-04
2.1765e-04
1.7803e-04
1.2138e-04
9.9631e-05
1.5451e-04
2.6956e-04
3.4656e-04
2.8521e-04
2.3212e-04
3.0881e-04
3.8102e-04
3.3267e-04
2.3074e-04
2.0771e-04
2.7579e-04
3.1126e-04
2.3613e-04
1.4788e-04
1.3054e-04
1.1944e-04
5.0028e-05
-3.7039e-05
-5.9944e-05
-3.4120e-05
-6.1231e-05
-1.5757e-04
-2.2391e-04
-2.2938e-04
-2.2192e-04
-2.1681e-04
-2.1279e-04
-2.0755e-04
-1.9344e-04
-1.7435e-04
-1.9046e-04
-2.1659e-04
-1.9183e-04
-1.5724e-04
-1.0801e-04
-6.6914e-06
7.5998e-05
8.3788e-05
6.3361e-05
9.5856e-05
1.8795e-04
2.6519e-04
2.9558e-04
3.0540e-04
3.2995e-04
4.0098e-04
4.7221e-04
4.9743e-04
5.2282e-04
5.5868e-04
5.6627e-04
5.4468e-04
5.4756e-04
5.6921e-04
5.0490e-04
3.8236e-04
3.5990e-04
4.4984e-04
5.0622e-04
4.7050e-04
4.1785e-04
4.0762e-04
4.5003e-04
4.7461e-04
4.3926e-04
4.3919e-04
4.9819e-04
5.4603e-04
5.5922e-04
5.6718e-04
5.9719e-04
6.1454e-04
6.0775e-04
6.0835e-04
6.1741e-04
6.1888e-04
5.9105e-04
5.8048e-04
6.5049e-04
6.9842e-04
6.3807e-04
5.7321e-04
5.9860e-04
6.7640e-04
6.9099e-04
6.2525e-04
5.5359e-04
5.1266e-04
5.2482e-04
5.4618e-04
5.3204e-04
5.1898e-04
5.3980e-04
5.6555e-04
5.6771e-04
5.6007e-04
5.5431e-04
5.8587e-04
6.0641e-04
5.7743e-04
5.8762e-04
6.3749e-04
6.6740e-04
6.5916e-04
6.5536e-04
6.6998e-04
6.5877e-04
6.3503e-04
6.0523e-04
5.4269e-04
4.6217e-04
4.2966e-04
4.3831e-04
4.4171e-04
3.9649e-04
2.8865e-04
2.3169e-04
2.4404e-04
2.5552e-04
2.3424e-04
1.8380e-04
1.5436e-04
1.5550e-04
1.8622e-04
1.9359e-04
1.5763e-04
1.3570e-04
1.2445e-04
1.2972e-04
1.3365e-04
1.2634e-04
1.5014e-04
1.8644e-04
2.1732e-04
2.2569e-04
1.8965e-04
1.4582e-04
1.2685e-04
1.3250e-04
1.4208e-04
1.4091e-04
1.2342e-04
8.1621e-05
2.0213e-05
-5.5311e-05
-1.1743e-04
-1.3597e-04
-1.2882e-04
-1.3746e-04
-1.6933e-04
-2.0226e-04
-2.3072e-04
-2.5208e-04
-2.5847e-04
-2.4777e-04
-2.4360e-04
-2.6271e-04
-2.8864e-04
-3.1767e-04
-3.3523e-04
-3.4063e-04
-3.4811e-04
-3.5268e-04
-3.5666e-04
-3.6896e-04
-4.0088e-04
-4.2114e-04
-4.2289e-04
-4.2162e-04
-3.9125e-04
-3.6150e-04
-3.5452e-04
-3.5615e-04
-3.6579e-04
-3.7353e-04
-3.7167e-04
-3.5187e-04
-3.2606e-04
-3.0520e-04
-2.9731e-04
-2.9857e-04
-2.8840e-04
-2.7496e-04
-2.5577e-04
-2.2439e-04
-1.9556e-04
-1.7917e-04
-1.7264e-04
-1.7574e-04
-1.7910e-04
-1.6123e-04
-1.3625e-04
-1.2640e-04
-1.2238e-04
-1.0661e-04
-8.4251e-05
-7.3450e-05
-7.6968e-05
-8.2350e-05
-6.9014e-05
-4.0885e-05
-1.9329e-05
-9.6908e-06
-1.3467e-06
1.4061e-05
2.4142e-05
2.4889e-05
2.6716e-05
2.6904e-05
1.8855e-05
1.6921e-05
2.6564e-05
3.1939e-05
3.5605e-05
4.1418e-05
5.3129e-05
6.9572e-05
7.8709e-05
8.3938e-05
9.2570e-05
1.0398e-04
1.0217e-04
9.0536e-05
8.5369e-05
8.4684e-05
9.2320e-05
9.5337e-05
8.6595e-05
8.6647e-05
9.7249e-05
9.9855e-05
8.4621e-05
7.4234e-05
8.6703e-05
9.8443e-05
8.3891e-05
5.1783e-05
3.6298e-05
4.2369e-05
4.2676e-05
3.0058e-05
1.9111e-05
2.2926e-05
2.8801e-05
1.9135e-05
4.9767e-06
2.5210e-06
9.2045e-06
6.8531e-06
-1.6968e-06
3.7830e-06
1.8531e-05
2.4912e-05
1.5552e-05
-7.5063e-07
-1.1265e-05
-1.4931e-05
-1.8300e-05
-2.1020e-05
-1.8088e-05
-1.7747e-05
-2.5704e-05
-3.4650e-05
-3.6705e-05
-3.4091e-05
-3.2992e-05
-3.1117e-05
-2.8147e-05
-2.4079e-05
-2.2489e-05
-2.7282e-05
-3.3308e-05
-3.9379e-05
-4.4096e-05
-4.5595e-05
-4.3467e-05
-3.7123e-05
-3.3526e-05
-3.9431e-05
-4.8308e-05
-4.7928e-05
-3.9339e-05
-3.2608e-05
-3.2228e-05
-3.6136e-05
-3.9550e-05
-4.0335e-05
-3.9944e-05
-3.8004e-05
-3.3575e-05
-3.1035e-05
-3.3391e-05
-3.7322e-05
-3.8635e-05
-3.6906e-05
-3.5213e-05
-3.3856e-05
-3.2988e-05
-3.4651e-05
-3.6592e-05
-3.5160e-05
-3.0461e-05
-2.7051e-05
-2.7862e-05
-2.8667e-05
-2.6282e-05
-2.4828e-05
-2.8213e-05
-3.3419e-05
-3.4961e-05
-3.2679e-05
-3.1673e-05
-3.3750e-05
-3.5434e-05
-3.5353e-05
-3.5678e-05
-3.7890e-05
-4.0109e-05
-3.9113e-05
-3.5930e-05
-3.4829e-05
-3.6759e-05
-3.8882e-05
-3.8699e-05
-3.6987e-05
-3.6500e-05
-3.7189e-05
-3.7206e-05
-3.6690e-05
-3.6570e-05
-3.6540e-05
-3.5718e-05
-3.4157e-05
-3.2508e-05
-3.1516e-05
-3.1169e-05
-3.0261e-05
-2.8642e-05
-2.7109e-05
-2.5947e-05
-2.5181e-05
-2.4424e-05
-2.3349e-05
-2.2346e-05
-2.1770e-05
-2.1316e-05
-2.0670e-05
-2.0082e-05
-1.9388e-05
-1.8136e-05
-1.6949e-05
-1.6301e-05
-1.5848e-05
-1.5568e-05
-1.5238e-05
-1.4450e-05
-1.3616e-05
-1.3155e-05
-1.2657e-05
-1.1955e-05
-1.1375e-05
-1.1045e-05
-1.0889e-05
-1.0564e-05
-9.8413e-06
-9.0508e-06
-8.6184e-06
-8.4708e-06
-8.1896e-06
-7.6408e-06
-7.0286e-06
-6.5668e-06
-6.2531e-06
-5.9230e-06
-5.4793e-06
-4.9721e-06
-4.4967e-06
-4.0307e-06
-3.5395e-06
-3.0722e-06
-2.6488e-06
-2.2097e-06
-1.6917e-06
-1.1509e-06
-6.7494e-07
-2.4796e-07
1.8702e-07
6.4844e-07
1.1160e-06
1.5737e-06
2.0304e-06
2.4950e-06
2.9608e-06
3.4163e-06
3.8611e-06
4.3083e-06
4.7614e-06
5.2091e-06
5.6544e-06
6.1096e-06
6.5703e-06
7.0267e-06
7.4784e-06
7.9295e-06
8.3834e-06
8.8393e-06
9.2945e-06
9.7489e-06
1.0203e-05
1.0658e-05
1.1113e-05
1.1567e-05
1.2022e-05
1.2477e-05
1.2931e-05
1.3386e-05
1.3841e-05
1.4296e-05
1.4751e-05
1.5206e-05
