-8.0398e-04
-7.8857e-04
-7.9128e-04
-7.4427e-04
-7.8718e-04
-7.8630e-04
-7.8275e-04
-7.7918e-04
-7.7570e-04
-7.7219e-04
-6.8637e-04
-7.5286e-04
-7.4736e-04
-5.9180e-04
-7.5522e-04
-7.5179e-04
-7.4867e-04
-7.4530e-04
-7.4231e-04
6.6177e-02
-2.2637e-02
-6.8385e-04
2.1866e-03
-7.2610e-04
-7.2280e-04
-3.2911e-02
-6.4452e-04
3.0671e-03
-7.1051e-04
-6.6993e-04
3.4756e-03
-6.3367e-04
1.1436e-03
-6.9504e-04
-6.9202e-04
3.9430e-02
-5.5554e-04
2.9424e-02
-6.7942e-04
-6.7633e-04
-6.7328e-04
-6.7023e-04
-6.6704e-04
-6.6392e-04
-6.6070e-04
1.4698e-04
-6.2017e-04
2.5119e-04
-6.4775e-04
-6.4449e-04
-6.3720e-04
-6.4186e-04
-6.3019e-04
-6.3531e-04
-6.2303e-04
-6.2861e-04
-6.1572e-04
-6.2175e-04
-6.0825e-04
-6.1474e-04
-6.0058e-04
-6.0752e-04
-5.9272e-04
-6.0012e-04
-5.8466e-04
-5.9248e-04
-5.7638e-04
-5.8464e-04
-5.6789e-04
-5.7655e-04
-5.5914e-04
-5.6821e-04
-5.5014e-04
-5.5961e-04
-5.4089e-04
-5.5074e-04
-5.3136e-04
-5.4157e-04
-5.2156e-04
-5.3211e-04
-5.1146e-04
-5.2236e-04
-5.0109e-04
-5.1231e-04
-4.9042e-04
-5.0192e-04
-4.7944e-04
-4.9124e-04
-4.6817e-04
-4.8022e-04
-4.5659e-04
-4.6889e-04
-4.4469e-04
-4.5722e-04
-4.3249e-04
-4.4522e-04
-4.1998e-04
-4.3290e-04
-4.0717e-04
-4.2025e-04
-3.9406e-04
-4.0727e-04
-3.8064e-04
-3.9396e-04
-3.6693e-04
-3.8037e-04
-3.5295e-04
-3.6645e-04
-3.3867e-04
-3.5224e-04
-3.2413e-04
-3.3774e-04
-3.0934e-04
-3.2296e-04
-2.9431e-04
-3.0792e-04
-2.7904e-04
-2.9263e-04
-2.6356e-04
-2.7710e-04
-2.4786e-04
-2.6132e-04
-2.3199e-04
-2.4544e-04
-2.1620e-04
-2.2981e-04
-2.0074e-04
-2.1454e-04
-1.8563e-04
-1.9960e-04
-1.7091e-04
-1.8508e-04
-1.5658e-04
-1.7096e-04
-1.4268e-04
-1.5727e-04
-1.2921e-04
-1.4402e-04
-1.1617e-04
-1.3121e-04
-1.0361e-04
-1.1889e-04
-9.1525e-05
-1.0706e-04
-7.9956e-05
-9.5749e-05
-6.8910e-05
-8.4969e-05
-5.8398e-05
-7.4741e-05
-4.8445e-05
-6.5066e-05
-3.9057e-05
-5.5967e-05
-3.0255e-05
-4.7484e-05
-2.2078e-05
-3.9602e-05
-1.4503e-05
-3.2335e-05
-7.5673e-06
-2.5720e-05
-1.2778e-06
-1.9761e-05
4.3530e-06
-1.4467e-05
9.3145e-06
-9.8378e-06
1.3585e-05
-5.9417e-06
1.7131e-05
-2.7430e-06
1.9967e-05
-2.6711e-07
2.2095e-05
1.4962e-06
2.3489e-05
2.5066e-06
2.4113e-05
2.7654e-06
2.3997e-05
2.2765e-06
2.3122e-05
1.0026e-06
2.1463e-05
-1.0488e-06
1.9005e-05
-3.8913e-06
1.5771e-05
3.1759e-06
1.0674e-06
-1.2586e-06
-3.7669e-06
-6.4836e-06
-9.4117e-06
-1.2549e-05
-1.5880e-05
-1.9413e-05
-2.3141e-05
-2.7086e-05
-3.1221e-05
-3.5567e-05
-4.0119e-05
-4.4877e-05
-4.9834e-05
-5.4997e-05
-6.0365e-05
-6.5950e-05
-7.1730e-05
-7.7733e-05
-8.3920e-05
-9.0330e-05
-9.6921e-05
-1.0372e-04
-1.1073e-04
-1.1793e-04
-1.2535e-04
-1.3297e-04
-1.4078e-04
-1.4879e-04
-1.5700e-04
-1.6541e-04
-1.7401e-04
-1.8282e-04
-1.9182e-04
-2.0102e-04
-2.1039e-04
-2.1997e-04
-2.2974e-04
-2.3969e-04
-2.4982e-04
-2.6015e-04
-2.7066e-04
-2.8137e-04
-2.9224e-04
-3.0329e-04
-3.1452e-04
-3.2594e-04
-3.3752e-04
-3.4927e-04
-3.6121e-04
-3.7331e-04
-3.8557e-04
-3.8731e-04
-4.2128e-04
-4.1265e-04
-4.4693e-04
-4.3860e-04
-4.7318e-04
-4.6515e-04
-5.0004e-04
-4.9231e-04
-5.2748e-04
-5.2003e-04
-5.5547e-04
-5.4829e-04
-5.8400e-04
-5.7709e-04
-6.1305e-04
-5.9568e-04
-6.5326e-04
-6.2544e-04
-6.8323e-04
-6.5563e-04
-7.1365e-04
-6.8626e-04
-7.4447e-04
-7.1727e-04
-7.7567e-04
-7.3796e-04
-8.1791e-04
-7.6967e-04
-8.4977e-04
-8.0168e-04
-8.8193e-04
-8.3397e-04
-9.1433e-04
-8.6649e-04
-9.4696e-04
-8.9920e-04
-9.7978e-04
-9.3212e-04
-1.0128e-03
-9.6518e-04
-1.0459e-03
-9.9833e-04
-1.0684e-03
-1.0422e-03
-1.0909e-03
-1.0969e-03
-1.1028e-03
-1.1515e-03
-1.1040e-03
-1.2382e-03
-1.0624e-03
-1.3889e-03
-9.0303e-04
-1.7426e-03
-2.5185e-04
-3.9776e-03
-6.0465e-03
2.1538e-02
1.6701e-02
-3.7539e-03
-1.5582e-02
-7.6239e-03
1.9274e-03
1.5049e-02
9.6033e-03
-9.1944e-03
7.0169e-03
2.0022e-02
-4.3234e-03
-8.6683e-03
9.5854e-03
6.5453e-03
-5.5383e-03
-6.2053e-03
3.3903e-03
-1.8527e-02
-3.3112e-02
-1.5328e-02
-3.5724e-03
-4.4094e-03
1.5855e-02
2.1892e-02
1.1947e-03
-2.2186e-02
-4.2275e-02
-7.0435e-03
1.5050e-02
9.6507e-03
5.0968e-04
-2.8878e-02
-1.5442e-02
5.8139e-04
-3.7164e-03
-1.5573e-03
1.0992e-02
2.1362e-02
2.0689e-02
1.8652e-03
1.0268e-02
3.7026e-02
2.2383e-02
-2.6275e-02
-4.0394e-02
-2.7468e-02
1.9559e-02
-1.7520e-02
-3.7176e-02
2.4120e-03
-4.5107e-03
-8.3120e-03
2.8312e-03
2.0902e-02
-1.9258e-03
-1.5828e-02
-2.8190e-02
1.1711e-02
3.3065e-02
1.2954e-02
-2.7895e-02
-4.9192e-02
-5.6662e-03
1.9314e-02
8.8790e-03
2.6516e-02
2.5735e-02
-1.4342e-02
-4.4316e-02
-4.7363e-02
-4.9779e-03
3.0684e-02
5.2782e-02
-2.0757e-03
-4.6928e-02
-4.3783e-02
1.6243e-02
1.9438e-03
-2.4889e-03
2.7351e-02
5.0734e-02
2.6731e-02
-2.4756e-02
-6.1192e-02
-6.4574e-02
-1.1022e-02
3.1370e-02
4.6397e-02
3.0029e-02
3.0540e-02
2.8829e-02
-1.4401e-02
-6.9369e-02
-4.4462e-02
6.4425e-03
5.0282e-02
3.7991e-02
-1.1436e-02
-4.7320e-02
-3.2020e-02
2.6602e-04
4.8986e-03
2.8612e-03
-2.4393e-02
-2.8589e-02
-2.5220e-03
1.3743e-02
-5.3143e-04
8.9039e-03
1.5122e-02
2.9188e-02
-9.7786e-03
-2.8647e-03
5.8120e-02
7.9360e-02
2.0117e-02
-2.6255e-02
-4.1637e-02
-2.4842e-02
-2.5332e-02
-6.6111e-02
-3.2340e-02
1.6226e-02
-1.2418e-02
-2.3297e-02
2.0055e-02
3.9751e-02
-1.8887e-02
-6.0251e-02
-4.6616e-02
-1.0702e-02
-6.0554e-03
-3.7497e-02
-3.1150e-02
-2.9549e-02
7.8956e-03
1.8841e-02
2.0454e-02
2.4730e-02
3.2683e-02
2.7724e-02
1.7933e-02
-1.1387e-02
4.2532e-03
3.1803e-02
2.7541e-02
1.4492e-02
1.1309e-02
5.5936e-04
1.0045e-02
3.2263e-02
6.2830e-02
8.4055e-02
3.1147e-02
3.8832e-03
1.2847e-02
3.6137e-02
6.2021e-03
-4.4376e-03
-4.4084e-03
4.0016e-03
3.5919e-02
1.0179e-01
8.0707e-02
3.0218e-02
-1.0885e-02
-4.8867e-02
-3.5612e-02
1.2011e-02
4.1494e-02
6.2863e-02
3.2292e-02
-2.2695e-02
-7.0744e-02
-7.1118e-02
-2.2179e-02
3.1635e-02
7.8022e-02
7.2894e-02
3.5397e-02
3.1338e-02
2.4008e-02
-1.7946e-02
-5.7741e-02
-4.5498e-02
-2.6817e-03
2.7756e-02
4.8146e-02
1.9962e-02
1.6267e-02
6.8267e-02
9.3489e-02
6.9827e-02
7.7187e-02
9.3163e-02
1.0188e-01
7.2853e-02
3.5476e-02
-7.1807e-03
-5.2917e-02
-4.0736e-02
-4.3051e-02
7.7309e-03
1.7144e-02
-4.1654e-02
-5.5909e-02
-2.8399e-02
4.9480e-03
1.1475e-02
1.4506e-02
-1.9257e-02
-4.1262e-02
-4.0262e-02
-2.4136e-02
-5.5280e-02
-1.0061e-01
-9.6682e-02
-1.1201e-01
-1.0225e-01
-4.3229e-02
-3.9012e-02
-4.2610e-02
5.0924e-03
5.6280e-02
1.4158e-01
1.3274e-01
5.7054e-02
-1.0448e-02
-7.8303e-02
-1.3075e-01
-1.5005e-01
-1.3357e-01
-1.4089e-01
-6.0223e-02
-2.0582e-02
-3.9072e-02
-4.7248e-02
-1.2590e-02
-5.4085e-02
-8.6356e-02
-8.6110e-02
-1.0084e-02
6.4970e-02
9.3149e-02
7.8675e-02
6.7312e-02
4.3099e-02
5.1062e-02
1.2515e-01
1.1036e-01
1.4316e-01
1.3893e-01
9.5332e-02
2.3313e-02
2.2830e-03
-8.7012e-02
-8.5232e-02
-5.0869e-02
-1.1311e-02
5.9333e-02
9.4006e-02
9.8544e-02
5.8794e-02
2.9005e-02
-2.3413e-02
-4.3496e-02
-4.5803e-02
3.7698e-02
-5.9131e-03
-9.5492e-02
-1.8904e-01
-2.3555e-01
-2.4868e-01
-2.1168e-01
-1.1123e-01
4.8849e-02
1.7415e-01
2.3935e-01
1.9864e-01
6.2846e-02
3.1292e-03
9.0535e-02
1.6488e-01
1.6795e-01
8.5584e-02
-1.7418e-02
-9.2509e-02
-7.3243e-02
-4.8065e-02
-8.0356e-02
-1.1463e-01
-1.8613e-01
-2.4150e-01
-2.8688e-01
-2.9752e-01
-2.7010e-01
-2.0263e-01
-9.7117e-02
1.2312e-02
9.9539e-02
9.8852e-02
1.0629e-01
1.0505e-01
8.8483e-02
8.4555e-02
8.2743e-02
4.9471e-02
3.0511e-02
-7.7013e-03
-4.0976e-02
-5.4496e-02
-6.7034e-02
-4.7546e-02
1.6904e-02
3.4029e-02
3.5419e-03
-2.3846e-02
-2.0652e-02
-3.7555e-04
1.0600e-02
2.0934e-02
5.9595e-02
1.0148e-01
1.3985e-01
1.7111e-01
1.9298e-01
2.1525e-01
1.3311e-01
1.4373e-02
-7.2544e-02
-1.1854e-01
-1.1888e-01
-3.9542e-02
5.0862e-02
4.4364e-02
-2.7671e-04
-5.0071e-02
-6.5146e-02
-4.7649e-02
1.1100e-02
7.6881e-02
1.1908e-01
1.2867e-01
1.4243e-01
1.2420e-01
4.5005e-02
-4.9381e-02
-9.2746e-02
-1.0979e-01
-1.1330e-01
-1.2490e-01
-1.1650e-01
-5.8421e-02
-3.5599e-03
2.1583e-02
3.7073e-02
6.6972e-02
7.2370e-02
6.3902e-02
5.1009e-02
1.2780e-02
-2.7897e-02
-3.5801e-02
-2.0036e-03
7.7994e-02
1.1993e-01
9.8628e-02
5.4613e-02
3.6039e-02
2.5546e-02
9.6547e-03
-1.4073e-02
-2.0409e-02
-2.5623e-02
-4.1976e-02
-5.8629e-02
-4.3267e-02
-1.3377e-02
2.6090e-02
8.0940e-02
8.9139e-02
4.6060e-02
-1.5888e-02
-6.4657e-02
-8.1655e-02
-7.5265e-02
-6.5733e-02
-6.0262e-02
-5.3370e-02
-5.6121e-02
-7.4843e-02
-6.7738e-02
-3.1067e-02
7.7326e-03
3.4805e-02
4.1224e-02
3.5906e-02
2.8581e-03
-2.3670e-02
-1.5884e-02
1.7493e-02
4.3879e-02
6.6224e-02
8.6291e-02
9.0688e-02
6.8840e-02
1.2412e-02
-4.4756e-02
-9.1533e-02
-9.9239e-02
-1.0319e-01
-1.1548e-01
-1.2011e-01
-1.1832e-01
-1.1108e-01
-1.0526e-01
-8.0960e-02
-3.9271e-02
2.4214e-02
6.1916e-02
7.4390e-02
7.0402e-02
6.4457e-02
5.9751e-02
4.8055e-02
4.3381e-02
3.2721e-02
1.2002e-02
7.9046e-03
1.0852e-02
1.7134e-02
2.3299e-02
1.8154e-02
4.3500e-03
-1.0491e-02
-1.5380e-02
-3.5725e-03
1.2629e-02
2.8488e-02
3.0804e-02
2.0773e-02
1.5808e-02
1.6530e-02
1.7744e-02
1.6221e-02
8.6160e-03
6.9797e-05
-5.0199e-04
1.3037e-02
2.6159e-02
9.0072e-03
-1.1533e-02
-1.9599e-02
-1.8653e-02
-1.7183e-02
-2.4864e-02
-3.1572e-02
-4.2599e-02
-5.2771e-02
-3.9052e-02
-4.1131e-03
3.4653e-02
6.8331e-02
8.7407e-02
9.1955e-02
8.3602e-02
6.7241e-02
4.0596e-02
1.3171e-02
-7.0172e-03
-1.6569e-02
-2.2550e-02
-1.3545e-02
6.8780e-03
4.4461e-03
-1.6704e-02
-2.5496e-02
-1.2974e-02
1.2067e-02
2.9208e-02
2.9214e-02
1.7397e-02
1.2004e-02
9.1662e-03
2.7262e-03
-8.3319e-03
-1.3617e-02
-1.3120e-02
-9.3724e-03
3.9639e-03
1.5419e-02
2.6489e-02
2.8367e-02
1.9191e-02
5.5043e-03
-1.5120e-03
-7.2882e-03
-7.6126e-03
-1.9077e-03
5.1763e-03
1.3297e-02
1.8180e-02
1.3142e-02
-1.8156e-03
-1.2615e-02
-2.3938e-02
-3.4309e-02
-4.6989e-02
-5.7959e-02
-6.2461e-02
-6.0560e-02
-5.3421e-02
-3.9312e-02
-2.6614e-02
-2.0618e-02
-2.0597e-02
-2.2511e-02
-1.7412e-02
-1.2132e-02
-1.0047e-02
-1.2858e-02
-1.9186e-02
-2.4328e-02
-2.0660e-02
-1.1338e-02
-1.0877e-02
-8.0319e-03
9.2779e-04
9.7167e-03
1.3909e-02
1.2233e-02
7.2313e-04
-1.1428e-02
-1.5840e-02
-5.2331e-03
1.0773e-02
2.2546e-02
3.0290e-02
3.1374e-02
2.7188e-02
2.7652e-02
2.7881e-02
2.2585e-02
1.0372e-02
-1.0821e-03
-6.1539e-03
-8.7775e-03
-1.3357e-02
-9.4914e-03
-8.5331e-03
-9.7018e-03
-7.1609e-03
-3.6791e-03
5.2997e-04
1.1303e-02
2.4823e-02
3.4346e-02
3.5756e-02
2.6903e-02
1.5400e-02
1.7912e-03
-5.4678e-03
-2.4216e-03
4.2489e-03
4.2706e-03
-3.7883e-04
-5.6694e-03
-1.0286e-02
-1.3973e-02
-1.4003e-02
-8.8916e-03
-3.6941e-03
-6.8022e-03
-1.0669e-02
-1.1019e-02
-9.8181e-03
-6.7036e-03
-4.7861e-03
-5.9684e-03
-1.0785e-02
-1.4928e-02
-1.4997e-02
-1.4885e-02
-1.5286e-02
-1.7300e-02
-1.9720e-02
-1.6624e-02
-1.5388e-02
-1.7594e-02
-2.3391e-02
-2.7937e-02
-2.8175e-02
-2.0695e-02
-1.1867e-02
-6.6949e-03
-5.7983e-03
-5.1047e-03
-2.9570e-03
-7.1282e-04
4.8990e-03
6.5665e-03
2.4940e-03
-4.6463e-03
-4.7097e-03
-2.0149e-03
3.8551e-03
8.5923e-03
1.0989e-02
1.3118e-02
1.9086e-02
2.0927e-02
2.1347e-02
2.3627e-02
2.5234e-02
2.5740e-02
2.2580e-02
1.7368e-02
1.2210e-02
1.2610e-02
2.0002e-02
2.7158e-02
3.3204e-02
3.5059e-02
3.0341e-02
2.4468e-02
2.2262e-02
1.8933e-02
1.4953e-02
1.0952e-02
9.2600e-03
8.8938e-03
7.6085e-03
7.4352e-03
8.3738e-03
4.9407e-03
2.3554e-04
-4.0951e-03
-6.2984e-03
-8.4373e-03
-7.1980e-03
-6.8885e-03
5.5129e-04
7.9807e-03
8.1627e-03
7.1583e-03
6.4962e-03
3.5680e-03
5.7604e-03
1.2507e-02
1.3396e-02
9.8699e-03
3.6502e-03
-4.7396e-04
-3.4650e-03
-8.0079e-04
-1.0119e-03
-5.7767e-03
-9.6115e-03
-1.3275e-02
-9.2845e-03
-1.3920e-03
7.8174e-04
-4.0100e-04
-2.0432e-03
-4.0274e-03
-1.7035e-03
1.0162e-03
2.9663e-03
4.5532e-03
3.4998e-03
4.4134e-03
8.7587e-03
1.4162e-02
1.6423e-02
1.8000e-02
1.6520e-02
1.5575e-02
1.5998e-02
1.5298e-02
1.2226e-02
1.1409e-02
9.6624e-03
1.2512e-02
1.5106e-02
1.7336e-02
1.6745e-02
1.3534e-02
1.1350e-02
9.2937e-03
6.2757e-03
4.3910e-03
2.0793e-04
-5.0974e-03
-7.3882e-03
-7.6692e-03
-9.1901e-03
-1.0508e-02
-8.3514e-03
-4.9121e-03
-2.4989e-03
-2.4587e-03
-7.4214e-03
-1.0267e-02
-9.8423e-03
-1.0721e-02
-1.2776e-02
-1.1560e-02
-1.0429e-02
-8.7958e-03
-8.5629e-03
-1.0307e-02
-1.3260e-02
-1.5528e-02
-1.1426e-02
-6.5639e-03
-3.6904e-03
-7.7402e-04
-1.4387e-03
-3.9527e-03
-7.8672e-03
-1.2466e-02
-1.8753e-02
-2.2336e-02
-2.6058e-02
-2.6830e-02
-2.3999e-02
-2.0805e-02
-1.7621e-02
-1.4384e-02
-1.2472e-02
-1.2025e-02
-1.2444e-02
-1.3055e-02
-1.1700e-02
-9.0933e-03
-7.1389e-03
-4.8212e-03
-2.8242e-03
-4.2265e-03
-5.5861e-03
-7.2344e-03
-6.2529e-03
-6.4474e-03
-4.2795e-03
-1.2325e-04
1.5102e-03
1.3370e-03
-9.2065e-04
-4.3649e-03
-6.9541e-03
-9.8105e-03
-1.1705e-02
-1.2252e-02
-9.3686e-03
-5.2661e-03
-1.6553e-03
2.5006e-03
3.8237e-03
2.1750e-03
2.0552e-04
-9.9429e-04
-2.0338e-03
-3.5116e-03
-5.1391e-03
-5.1953e-03
-3.8512e-03
-2.3360e-03
-2.0929e-03
-6.8420e-03
-1.1206e-02
-1.3379e-02
-1.1319e-02
-8.3718e-03
-5.9803e-03
-8.3138e-03
-9.5248e-03
-8.4483e-03
-8.7508e-03
-1.0443e-02
-1.1334e-02
-9.5410e-03
-7.2461e-03
-3.6898e-03
-2.2714e-03
-1.7190e-03
-2.2677e-03
-2.8485e-03
-3.7179e-03
-5.0577e-03
-7.5627e-03
-7.6092e-03
-7.7732e-03
-7.1356e-03
-4.3386e-03
-3.3697e-03
-2.7749e-03
1.8225e-04
3.0433e-03
4.1296e-03
7.3540e-03
9.0711e-03
1.0222e-02
9.3731e-03
1.0748e-02
1.1332e-02
1.0793e-02
7.8172e-03
5.8034e-03
5.2432e-03
8.4352e-03
1.0836e-02
1.0778e-02
9.7799e-03
8.8563e-03
9.3008e-03
1.0707e-02
1.1740e-02
1.4355e-02
1.4500e-02
1.4677e-02
1.4127e-02
1.5074e-02
1.6320e-02
1.6006e-02
1.3275e-02
1.1079e-02
1.1288e-02
1.2192e-02
1.2722e-02
1.3273e-02
1.1719e-02
1.1436e-02
1.1698e-02
1.4302e-02
1.3891e-02
9.4819e-03
5.6288e-03
2.6843e-03
3.7270e-03
3.7114e-03
3.8669e-03
-5.6357e-04
-2.1399e-03
8.5891e-04
5.3223e-03
7.4125e-03
6.1997e-03
3.5008e-03
1.6999e-03
1.7270e-03
1.1981e-03
1.7275e-03
2.0752e-03
3.1498e-03
5.6033e-03
6.4534e-03
5.5289e-03
2.7231e-03
1.3389e-03
6.0679e-04
1.9378e-03
-1.1982e-04
-2.2630e-03
-3.0914e-03
-3.0219e-03
-1.8299e-03
-9.6936e-04
-2.9054e-04
-1.0762e-03
-1.0068e-03
-7.2355e-04
-2.5462e-03
-5.0317e-03
-5.0051e-03
-5.7268e-03
-7.2823e-03
-7.0420e-03
-6.3527e-03
-4.4449e-03
-4.5680e-03
-5.7495e-03
-6.9632e-03
-7.8454e-03
-5.7452e-03
-4.4789e-03
-1.3205e-03
5.8713e-04
1.2334e-03
1.6124e-03
2.1410e-03
2.3916e-03
1.9473e-03
3.0317e-03
4.5864e-03
4.8582e-03
6.7762e-03
7.5184e-03
7.1809e-03
5.7101e-03
7.6921e-03
7.7499e-03
9.9457e-03
1.2601e-02
1.3129e-02
1.2032e-02
1.1213e-02
1.1111e-02
1.1200e-02
1.0873e-02
9.9574e-03
9.8330e-03
7.8165e-03
6.0244e-03
3.7299e-03
2.4508e-03
3.1064e-03
2.1265e-03
-2.9324e-05
-1.7149e-03
-1.9360e-04
2.9204e-03
5.2327e-03
3.7714e-03
-1.4527e-03
-4.4856e-03
-6.9199e-03
-6.9063e-03
-5.2893e-03
-4.4421e-03
-3.8942e-03
-4.0840e-03
-5.9522e-03
-6.2918e-03
-5.7442e-03
-4.8546e-03
-4.8845e-03
-3.1933e-03
-3.1591e-03
-1.8744e-03
-2.6900e-04
2.2770e-03
1.5947e-03
1.0512e-03
-1.2307e-04
-2.1954e-03
-2.1940e-03
-1.6688e-03
-2.1700e-03
-3.4302e-03
-4.5623e-03
-5.8013e-03
-6.0783e-03
-5.9706e-03
-7.0710e-03
-9.1335e-03
-9.2719e-03
-9.3784e-03
-9.8057e-03
-8.3196e-03
-7.0794e-03
-5.1231e-03
-5.9997e-03
-7.2827e-03
-8.0739e-03
-1.0757e-02
-1.2554e-02
-1.1934e-02
-1.1700e-02
-1.0471e-02
-1.1103e-02
-1.1905e-02
-1.1393e-02
-9.5664e-03
-8.5842e-03
-7.3241e-03
-6.9300e-03
-6.2902e-03
-4.1325e-03
-2.9690e-03
-1.2497e-03
-1.2409e-03
-3.2954e-03
-3.2120e-03
-3.2462e-03
-3.4516e-03
-3.7854e-03
-3.3496e-03
-4.8702e-03
-5.6425e-03
-5.7522e-03
-6.3965e-03
-4.8174e-03
-6.4988e-03
-6.1385e-03
-6.0563e-03
-6.1879e-03
-5.4859e-03
-4.8267e-03
-5.5358e-03
-4.4065e-03
-4.6027e-03
-7.0867e-03
-7.3579e-03
-5.7265e-03
-4.1486e-03
-3.8429e-03
-3.4945e-03
-5.9682e-03
-1.0003e-02
-1.1365e-02
-9.0503e-03
-4.4905e-03
-6.9806e-05
1.1332e-03
2.0903e-03
2.6411e-03
7.0101e-04
1.6128e-04
-2.0676e-03
-3.4125e-04
1.0643e-03
4.2806e-04
1.1240e-04
2.6705e-04
1.8647e-03
1.6344e-03
-4.9782e-05
-1.4561e-03
-9.7046e-04
-1.0193e-03
1.5079e-03
2.5707e-03
3.2806e-03
3.6164e-03
5.8655e-03
8.5529e-03
1.1144e-02
9.8120e-03
9.3564e-03
8.6228e-03
8.2420e-03
1.0181e-02
1.0837e-02
1.1557e-02
1.3944e-02
1.4718e-02
1.5491e-02
1.5655e-02
1.5178e-02
1.4252e-02
1.4052e-02
1.4644e-02
1.3589e-02
1.2384e-02
9.6727e-03
7.9230e-03
8.0012e-03
7.6519e-03
7.4415e-03
5.6917e-03
6.4647e-03
7.9646e-03
8.0428e-03
8.3240e-03
7.2370e-03
5.0168e-03
2.2728e-03
2.4500e-04
6.5445e-04
3.0950e-03
3.7503e-03
4.0101e-03
4.5158e-03
5.0429e-03
3.6565e-03
3.5956e-03
2.8827e-03
3.0143e-03
2.4510e-03
1.4281e-03
3.5182e-04
3.4447e-04
1.2351e-03
1.8264e-03
1.2205e-03
7.3218e-04
4.1495e-04
1.2736e-03
1.2023e-03
2.8650e-04
-1.1637e-03
-2.7637e-03
-2.5890e-03
-3.1305e-03
-2.5068e-03
-2.6848e-03
-4.4235e-03
-4.4732e-03
-7.8366e-03
-8.7413e-03
-8.5985e-03
-9.6314e-03
-9.0823e-03
-8.6720e-03
-7.5348e-03
-5.5104e-03
-3.9241e-03
-2.1453e-03
-2.6968e-03
-3.1093e-03
-2.9446e-03
-3.7632e-03
-4.8490e-03
-3.9038e-03
-3.6532e-03
-3.6913e-03
-2.0296e-03
-1.2337e-03
-1.7846e-03
-2.6028e-03
-2.8543e-03
-3.1165e-03
-2.6410e-03
-2.5716e-03
-4.2445e-03
-4.0040e-03
-3.4855e-03
-1.9406e-03
2.6708e-04
5.0796e-04
-9.6146e-04
-3.0615e-03
-3.0343e-03
-2.2586e-03
-2.2098e-03
-3.0482e-03
-4.3995e-03
-4.8743e-03
-4.7290e-03
-3.6215e-03
-1.7336e-03
-1.5986e-03
-1.5492e-03
-2.6327e-03
-1.4607e-03
5.1322e-04
1.6213e-03
1.8743e-03
5.3463e-04
-5.5912e-04
1.7465e-03
3.1116e-03
4.0920e-03
2.4428e-03
2.0443e-03
-2.7820e-04
-7.9408e-04
-2.0795e-03
-3.3970e-04
-9.1942e-04
-1.1143e-03
-1.5655e-03
-1.0975e-03
9.3146e-04
3.5805e-03
4.4444e-03
1.5243e-03
6.8725e-05
-1.6968e-03
-1.2922e-03
-5.7749e-04
-9.7440e-04
-2.3547e-03
-2.1956e-03
-2.3571e-03
-7.5473e-04
-1.8914e-04
-5.5346e-04
2.1540e-04
7.1714e-04
3.9584e-04
-5.6675e-04
-2.1172e-03
-4.6189e-03
-5.6989e-03
-4.2132e-03
-3.2406e-03
-2.0861e-03
-5.1465e-04
6.2782e-05
-1.5618e-03
-5.8873e-04
4.2373e-05
1.0156e-03
-6.3470e-05
1.3910e-03
2.0224e-03
2.6218e-03
1.7890e-03
1.2982e-03
-1.3319e-04
-3.9936e-04
1.5687e-03
2.8848e-03
2.4693e-03
1.1665e-03
3.1135e-03
5.4241e-03
7.3605e-03
6.7957e-03
6.7227e-03
5.6662e-03
6.5125e-03
6.5252e-03
5.9072e-03
4.7121e-03
3.3459e-03
3.4122e-03
5.0500e-03
4.2078e-03
3.3229e-03
3.6461e-03
3.0820e-03
1.9407e-03
9.5985e-04
8.9834e-04
2.6328e-03
1.9941e-03
8.9588e-04
-8.8649e-04
-2.4336e-03
-3.3180e-03
-3.7641e-03
-1.5483e-03
8.7056e-04
7.3467e-04
-8.5337e-05
-1.4184e-03
-4.1045e-04
6.7243e-04
-7.0330e-04
-2.5173e-03
-1.5733e-03
-1.9762e-03
-2.3684e-03
-2.3544e-03
6.9553e-04
3.1041e-03
2.1989e-03
4.0646e-04
-3.1391e-03
-4.1298e-03
-3.0040e-03
-7.2356e-04
-2.3902e-04
-4.4930e-04
-2.4020e-03
-2.7299e-03
-3.7740e-03
-2.3381e-03
-2.7194e-03
-2.6518e-03
-3.3646e-03
4.7657e-04
2.0301e-03
3.3271e-03
2.2081e-03
1.9764e-03
2.4394e-03
4.2280e-03
4.6270e-03
3.3262e-03
1.7689e-03
3.5147e-03
6.7784e-03
8.4492e-03
9.2222e-03
7.2051e-03
5.3270e-03
5.3943e-03
4.9485e-03
5.6786e-03
7.4882e-03
6.2727e-03
6.2757e-03
6.0862e-03
6.0571e-03
3.9435e-03
2.6956e-03
2.8588e-03
2.2523e-03
1.6350e-03
3.4335e-03
3.7461e-03
2.1667e-03
1.2819e-03
-1.5867e-04
2.8204e-04
6.3718e-04
1.9052e-04
-9.5872e-05
-8.2063e-04
-2.8282e-03
-2.9865e-03
-2.0866e-03
-1.6784e-03
-3.3548e-03
-3.7700e-03
-4.1531e-03
-4.0766e-03
-3.8612e-03
-5.6769e-03
-5.8358e-03
-5.6206e-03
-4.7535e-03
-2.8281e-03
-2.1748e-03
-7.0920e-04
-8.2574e-04
-1.3272e-03
-2.0746e-03
-1.9990e-03
-1.7417e-03
-2.4787e-03
-2.9058e-03
-3.9102e-03
-4.9788e-03
-4.9678e-03
-4.3049e-03
-3.8130e-03
-4.4116e-03
-5.0744e-03
-8.1746e-03
-7.2128e-03
-5.7806e-03
-4.9151e-03
-5.8349e-03
-4.9803e-03
-5.6437e-03
-5.6445e-03
-2.9195e-03
-3.3586e-03
-4.3110e-03
-3.2966e-03
-3.0091e-03
-3.4915e-03
-2.5308e-03
-2.8529e-03
-3.7310e-03
-4.9513e-03
-3.5955e-03
-4.7731e-03
-4.4116e-03
-4.7129e-03
-4.5439e-03
-4.1399e-03
-2.1431e-03
-1.8889e-03
-1.0469e-03
-1.1135e-03
-1.0734e-03
-1.7067e-03
-1.3461e-03
-1.2741e-03
-5.6084e-04
-4.2491e-04
-6.4608e-05
-5.0610e-04
9.0162e-04
1.2617e-03
6.8100e-04
9.8749e-04
9.8388e-04
9.5883e-04
-5.4150e-04
-2.8330e-03
-3.4569e-03
-3.4930e-03
-3.4116e-03
-4.2389e-03
-4.7883e-03
-4.7072e-03
-3.9099e-03
-3.7861e-03
-1.9520e-03
-1.8604e-03
-2.4851e-03
-2.8639e-03
-3.0612e-03
-2.1896e-03
-2.0984e-03
-6.1751e-04
1.8983e-04
-1.2050e-03
3.8252e-04
1.5424e-03
4.0385e-03
4.6745e-03
3.3756e-03
3.1242e-03
3.2255e-03
5.4220e-03
5.6943e-03
5.0899e-03
4.9131e-03
3.1969e-03
4.0676e-03
2.6720e-03
3.1150e-03
2.8525e-03
1.9485e-03
2.1775e-03
1.3696e-03
-7.9659e-05
2.8823e-04
1.5648e-03
3.0016e-03
1.0391e-03
1.2785e-03
2.2449e-03
1.2336e-03
2.5848e-03
2.5890e-03
4.2929e-03
5.3767e-03
5.6374e-03
5.2567e-03
5.3356e-03
5.5856e-03
5.3437e-03
5.6898e-03
6.1963e-03
6.7989e-03
6.6533e-03
5.2356e-03
5.5817e-03
6.0239e-03
5.8035e-03
5.3478e-03
6.1428e-03
6.3178e-03
6.2470e-03
6.3686e-03
5.7525e-03
5.2006e-03
2.3398e-03
1.7665e-03
1.7384e-03
1.8066e-03
1.6395e-03
2.9477e-03
2.2249e-03
2.4641e-03
1.5810e-03
2.9913e-06
4.8814e-04
-1.8274e-03
-2.8495e-03
-4.4060e-03
-3.2794e-03
-1.9175e-03
-3.9123e-03
-3.4804e-03
-3.5295e-03
-4.1345e-03
-4.5042e-03
-4.9595e-03
-3.8219e-03
-5.3461e-03
-4.3261e-03
-3.3167e-03
-3.0555e-03
-3.2433e-03
-3.0996e-03
-2.9666e-03
-2.1067e-03
-3.3098e-03
-3.3691e-03
-3.2466e-03
-2.6216e-03
-2.3280e-03
-2.3123e-03
-2.2964e-03
-1.9919e-03
-2.5747e-03
-2.9863e-03
-3.5582e-03
-3.2001e-03
-2.7136e-03
-5.1989e-03
-4.4344e-03
-3.9371e-03
-5.0752e-03
-6.5553e-03
-7.5223e-03
-5.8382e-03
-3.9829e-03
-3.4959e-03
-4.8047e-03
-7.5566e-03
-5.9363e-03
-5.0641e-03
-4.9616e-03
-4.4422e-03
-3.8371e-03
-1.9385e-03
-1.8251e-03
-9.2046e-04
-1.0955e-03
-1.3132e-03
-1.0070e-03
-9.4661e-04
-1.0572e-03
-8.0426e-04
3.0391e-04
7.9217e-04
1.3126e-03
1.1061e-03
1.2739e-03
1.0997e-03
1.2676e-03
1.7136e-03
2.2130e-03
2.6270e-03
1.8439e-03
1.7877e-03
2.6936e-03
2.9797e-03
1.9616e-03
3.0923e-03
2.5341e-03
1.5483e-03
9.2607e-04
1.6615e-03
2.4933e-03
2.1919e-03
1.9762e-03
1.3330e-03
3.6402e-03
3.8309e-03
5.0693e-03
4.6829e-03
3.1741e-03
4.0920e-03
3.6845e-03
4.2177e-03
3.9813e-03
3.7129e-03
3.8401e-03
2.9305e-03
2.3630e-03
2.6400e-03
3.8472e-03
2.8844e-03
2.3706e-03
3.2252e-03
4.2722e-03
4.2183e-03
4.6776e-03
4.5810e-03
4.9014e-03
5.2967e-03
5.3500e-03
4.3237e-03
5.2215e-03
5.7561e-03
5.2965e-03
5.3821e-03
4.9654e-03
4.5488e-03
4.3994e-03
4.5601e-03
4.4964e-03
4.3151e-03
3.0115e-03
4.1344e-03
4.9475e-03
5.5682e-03
5.0772e-03
2.7368e-03
3.2507e-03
2.4819e-03
2.7393e-03
2.6440e-03
1.6722e-03
1.9803e-04
2.7388e-04
2.7494e-04
1.1847e-03
-1.1409e-05
-1.4534e-03
-8.4284e-04
-2.1088e-04
6.8834e-04
1.5342e-03
1.2255e-03
2.0286e-03
9.6103e-04
-2.4548e-04
-1.0030e-03
1.8502e-04
-1.4276e-03
-2.5593e-03
-2.1301e-03
-2.6951e-03
-1.7422e-03
-4.2099e-03
-4.4756e-03
-3.3943e-03
-3.3499e-03
-3.7331e-03
-5.3349e-03
-5.5898e-03
-5.4385e-03
-4.2182e-03
-4.6868e-03
-4.6959e-03
-4.6300e-03
-5.4942e-03
-4.1990e-03
-4.2935e-03
-3.2763e-03
-2.1842e-03
-2.5460e-03
-3.9447e-03
-4.7982e-03
-2.8082e-03
-2.8707e-03
-3.2645e-03
-1.9587e-03
-2.4666e-04
4.6054e-04
1.7355e-04
-9.5793e-04
-1.4374e-03
-1.5534e-03
-3.4225e-03
-2.9078e-03
-1.6022e-03
-1.3548e-03
-2.0943e-04
-2.4955e-03
-2.4620e-03
-1.9582e-03
-4.4948e-04
-1.2177e-03
-1.5691e-03
-2.4016e-03
-2.1116e-03
-2.0034e-03
-2.8146e-03
-2.8775e-03
-1.8180e-03
2.9975e-04
-1.0139e-03
-5.1039e-04
-1.3217e-03
-2.4110e-03
-1.6510e-03
1.2469e-03
-3.7697e-04
-1.1992e-03
-8.3486e-04
2.4371e-03
1.4759e-03
-8.5371e-04
-8.3334e-05
1.4353e-03
1.1474e-03
1.2442e-03
5.7138e-04
-6.0394e-04
6.1517e-04
2.3153e-03
9.6888e-04
-8.9020e-05
1.7855e-04
2.2741e-03
2.7538e-04
-2.6958e-04
-6.5422e-04
-6.4340e-04
-3.9744e-04
-7.0739e-04
1.0778e-03
-4.1876e-04
-4.9368e-04
-8.9999e-04
-1.7767e-03
-4.8346e-04
-8.3645e-04
-2.2050e-03
-1.2754e-03
-1.9606e-04
-1.6289e-03
-1.7255e-03
-3.0729e-03
-3.2018e-03
-3.6620e-03
-3.4703e-03
-2.6158e-03
-2.6165e-03
-3.2266e-03
-2.8318e-03
-2.8540e-03
-3.3680e-03
-5.1434e-03
-6.1493e-03
-6.5886e-03
-5.5741e-03
-5.7676e-03
-4.6036e-03
-1.5047e-03
1.2963e-04
-9.6195e-04
-3.8388e-03
-4.4922e-03
-3.2750e-03
-1.7370e-03
-6.9085e-04
-1.5780e-04
-6.7239e-04
-7.0601e-04
-8.2518e-04
-8.1611e-04
-4.5430e-04
4.3128e-04
6.4335e-04
3.0575e-03
3.4834e-03
3.7274e-03
3.1377e-03
2.0775e-03
1.7122e-03
7.9091e-04
1.5052e-03
4.5391e-03
5.4992e-03
5.7645e-03
3.6886e-03
3.1734e-03
4.8282e-03
6.5365e-03
4.1506e-03
3.3253e-03
1.5486e-03
-3.1361e-04
-5.7242e-04
2.5912e-04
2.6407e-03
3.0553e-03
2.2406e-03
1.4258e-03
8.6764e-04
1.6243e-03
4.1396e-04
-1.3095e-03
-1.7822e-03
-6.3568e-05
2.2537e-03
2.9782e-03
1.7999e-03
-4.6873e-04
-1.0912e-03
-5.6740e-05
2.0253e-03
2.3970e-03
2.7153e-03
1.7935e-03
1.2886e-03
3.3474e-04
4.8192e-04
1.6553e-03
2.0698e-03
2.2490e-03
2.4283e-03
1.8058e-03
1.4292e-03
2.5278e-03
3.4126e-03
5.7085e-03
3.6750e-03
2.2402e-03
1.9277e-03
3.3577e-03
3.5371e-03
3.7271e-03
3.7461e-03
4.3531e-03
1.7425e-03
2.5953e-03
3.6192e-03
3.4673e-03
2.5777e-03
3.3024e-03
3.2573e-03
1.4592e-03
1.0615e-03
8.6690e-04
7.0438e-04
-7.0881e-04
-4.8178e-05
1.4249e-03
1.3908e-03
3.2380e-03
2.9902e-03
1.1816e-03
-2.3266e-03
-1.8262e-03
6.8404e-04
1.2166e-03
7.3374e-04
1.1702e-03
2.5976e-04
-1.5892e-04
6.8383e-04
2.1573e-03
1.4395e-03
-5.2873e-06
6.8795e-04
-9.3846e-04
-8.7586e-04
3.6266e-04
2.2533e-03
2.6261e-03
2.4857e-03
3.4645e-04
-1.1087e-03
-1.8475e-03
-1.0634e-04
2.5436e-03
2.0935e-03
1.4403e-03
-3.5659e-04
1.0428e-03
1.4053e-03
1.1799e-03
-9.9102e-04
-9.5978e-04
-4.9021e-04
-6.4059e-04
-2.3623e-03
-4.3727e-03
-2.9836e-03
6.2446e-05
1.4944e-03
7.0293e-04
1.6326e-03
2.2120e-04
-1.2543e-03
-4.4187e-03
-5.9796e-03
-4.5794e-03
-2.2491e-03
-1.7681e-03
-2.7515e-03
-3.9273e-03
-3.9807e-03
-3.9805e-03
-3.6916e-03
-3.1675e-03
-3.2634e-03
-5.9782e-03
-5.3471e-03
-6.5652e-03
-8.2857e-03
-6.2113e-03
-3.8588e-03
-3.4518e-03
-4.7552e-03
-4.6688e-03
-5.6514e-03
-4.9128e-03
-4.4522e-03
-2.8583e-03
-1.7882e-03
2.6545e-04
-1.1657e-03
-3.9972e-03
-5.1931e-03
-4.5289e-03
-3.7470e-03
-1.2868e-03
-1.7769e-03
-6.9561e-04
4.4995e-04
4.0899e-04
7.9569e-04
-3.7826e-04
-1.6056e-03
-3.2712e-03
-1.1953e-03
-2.0697e-03
-1.8002e-03
-1.4987e-03
-4.5943e-04
4.8367e-04
4.3269e-04
4.7797e-04
-5.7774e-04
-3.3994e-04
-4.5483e-04
-3.0244e-04
4.1660e-04
-1.0432e-04
9.8897e-04
2.3496e-03
1.6150e-03
-6.0150e-05
-2.4301e-03
-1.5824e-03
-1.9105e-03
-2.1103e-03
-1.5063e-04
-6.7097e-04
2.1979e-04
3.8371e-04
5.7975e-04
1.6845e-03
-4.3789e-06
-9.9306e-05
7.9956e-04
2.2740e-03
1.8775e-03
2.3450e-03
3.4931e-03
3.4544e-03
3.5632e-03
3.5000e-03
3.4780e-03
4.6223e-03
4.9754e-03
4.7632e-03
4.0632e-03
4.0516e-03
3.9643e-03
4.3496e-03
5.6141e-03
5.2513e-03
4.3956e-03
4.5376e-03
5.4281e-03
6.0488e-03
7.0047e-03
5.2827e-03
3.8109e-03
3.4758e-03
1.7408e-03
3.2586e-03
2.8635e-03
3.2785e-03
4.5640e-03
4.4607e-03
5.1061e-03
3.4777e-03
2.2594e-03
3.3037e-03
2.7717e-03
2.7834e-03
5.0196e-03
3.8548e-03
2.8615e-03
2.0968e-03
2.2819e-03
-7.0812e-04
-1.3396e-03
-1.4091e-03
-1.3228e-03
-1.4198e-03
-1.3235e-03
-1.4186e-03
-1.3222e-03
-1.4155e-03
-1.3189e-03
-1.4104e-03
-1.3138e-03
-1.3942e-03
-1.3162e-03
-1.3856e-03
-1.3074e-03
-1.3752e-03
-1.2970e-03
-1.3632e-03
-1.2850e-03
-1.3407e-03
-1.2803e-03
-1.3257e-03
-1.2651e-03
-1.3092e-03
-1.2486e-03
-1.2913e-03
-1.2307e-03
-1.2721e-03
-1.2115e-03
-1.2516e-03
-1.1911e-03
-1.2300e-03
-1.1778e-03
-1.1991e-03
-1.1551e-03
-1.1755e-03
-1.1315e-03
-1.1509e-03
-1.1070e-03
-1.1255e-03
-1.0816e-03
-1.0992e-03
-1.0555e-03
-1.0723e-03
-1.0286e-03
-1.0446e-03
-1.0012e-03
-1.0164e-03
-9.7317e-04
-9.8758e-04
-9.4467e-04
-9.5835e-04
-9.1575e-04
-9.2872e-04
-8.8647e-04
-8.9876e-04
-8.5689e-04
-8.6853e-04
-8.2708e-04
-8.3809e-04
-7.9710e-04
-8.0751e-04
-7.6700e-04
-7.7684e-04
-7.3685e-04
-7.4614e-04
-7.0669e-04
-7.1545e-04
-6.7658e-04
-6.8485e-04
-6.5226e-04
-6.4861e-04
-6.2227e-04
-6.1845e-04
-5.9248e-04
-5.8850e-04
-5.6293e-04
-5.5878e-04
-5.3356e-04
-5.2917e-04
-5.0429e-04
-4.9969e-04
-4.7521e-04
-4.7042e-04
-4.4639e-04
-4.4144e-04
-4.1790e-04
-4.1280e-04
-3.8979e-04
-3.8458e-04
-3.6213e-04
-3.5682e-04
-3.3497e-04
-3.2959e-04
-3.0837e-04
-3.0294e-04
-2.8238e-04
-2.7693e-04
-2.5705e-04
-2.5160e-04
-2.3242e-04
-2.2700e-04
-2.0854e-04
-2.0316e-04
-1.8544e-04
-1.8012e-04
-1.6315e-04
-1.5791e-04
-1.4170e-04
-1.3655e-04
-1.2110e-04
-1.1607e-04
-1.0139e-04
-9.6487e-05
-8.2570e-05
-7.7805e-05
-6.4652e-05
-6.0044e-05
-4.7647e-05
-4.3204e-05
-3.1551e-05
-2.7283e-05
-1.6360e-05
-1.2271e-05
-2.0718e-06
1.8282e-06
1.1327e-05
1.5038e-05
2.3857e-05
2.7371e-05
3.5531e-05
3.8853e-05
4.6379e-05
4.9505e-05
5.6423e-05
5.9357e-05
6.5693e-05
6.8439e-05
7.4225e-05
7.6790e-05
8.2056e-05
8.4440e-05
8.9216e-05
9.1434e-05
9.5756e-05
9.7816e-05
1.0171e-04
1.0363e-04
1.0714e-04
1.0891e-04
1.1207e-04
1.1372e-04
1.1656e-04
1.1810e-04
1.2065e-04
1.2210e-04
1.2441e-04
1.2578e-04
1.2786e-04
1.2917e-04
1.3107e-04
1.3233e-04
1.3409e-04
1.3532e-04
1.3695e-04
1.3817e-04
1.3972e-04
1.4094e-04
1.4243e-04
1.4367e-04
1.4513e-04
1.4640e-04
1.4786e-04
1.4919e-04
1.5066e-04
1.5206e-04
1.5358e-04
1.5506e-04
1.5665e-04
1.5823e-04
1.5990e-04
1.6158e-04
1.6336e-04
1.6517e-04
1.6706e-04
1.6900e-04
1.7102e-04
1.7310e-04
1.7526e-04
1.7750e-04
1.7981e-04
1.8220e-04
1.8467e-04
1.8721e-04
1.8984e-04
1.9256e-04
1.9535e-04
1.9823e-04
2.0119e-04
2.0423e-04
