1.6995e-05
-1.0460e-04
-2.3237e-04
-8.7413e-04
-1.1546e-03
1.1791e-04
-9.0432e-05
-7.6373e-03
-2.1059e-02
-3.0124e-02
-2.7815e-02
-1.7209e-02
-5.2722e-03
5.5494e-03
1.4749e-02
1.9245e-02
1.6730e-02
1.0301e-02
4.0299e-03
-1.3978e-03
-5.6040e-03
-6.7196e-03
-5.3107e-03
-5.2613e-03
-8.6854e-03
-1.3007e-02
-1.4514e-02
-1.2549e-02
-9.0689e-03
-5.2863e-03
-1.2670e-03
1.6965e-03
7.2831e-04
-3.5382e-03
-4.5524e-03
3.7451e-03
1.8460e-02
3.0039e-02
3.1875e-02
2.4900e-02
1.3593e-02
1.9966e-03
-6.8121e-03
-1.1064e-02
-1.1732e-02
-1.0963e-02
-9.0035e-03
-4.5958e-03
1.4078e-03
5.3627e-03
4.7021e-03
1.2233e-03
-2.5413e-04
3.7457e-03
1.2127e-02
1.9722e-02
2.1358e-02
1.6581e-02
9.9029e-03
6.3534e-03
7.1794e-03
1.0544e-02
1.3914e-02
1.4778e-02
1.0705e-02
1.6988e-03
-8.5363e-03
-1.5399e-02
-1.7215e-02
-1.5417e-02
-1.3038e-02
-1.3691e-02
-1.9456e-02
-2.7535e-02
-3.1572e-02
-2.8087e-02
-2.0306e-02
-1.4231e-02
-1.3030e-02
-1.5562e-02
-1.7908e-02
-1.4724e-02
-2.9101e-03
1.4148e-02
2.7671e-02
3.1128e-02
2.5187e-02
1.5188e-02
5.7321e-03
-1.7293e-03
-8.0257e-03
-1.4873e-02
-2.3418e-02
-3.2950e-02
-4.0917e-02
-4.4442e-02
-4.2083e-02
-3.4889e-02
-2.6565e-02
-2.1459e-02
-2.0928e-02
-2.1667e-02
-1.8342e-02
-8.8614e-03
3.9007e-03
1.5193e-02
2.2862e-02
2.7742e-02
3.1512e-02
3.5263e-02
3.9688e-02
4.4044e-02
4.4965e-02
3.9010e-02
2.7698e-02
1.7064e-02
1.0293e-02
3.9080e-03
-5.6607e-03
-1.4775e-02
-1.6737e-02
-1.1829e-02
-7.4416e-03
-8.0930e-03
-1.0685e-02
-1.1036e-02
-9.3869e-03
-7.1108e-03
-2.9780e-03
4.0506e-03
1.1627e-02
1.6827e-02
1.9025e-02
1.8588e-02
1.5407e-02
1.1124e-02
9.6269e-03
1.3240e-02
1.9847e-02
2.5164e-02
2.6775e-02
2.5004e-02
2.1493e-02
1.7151e-02
1.1207e-02
2.6230e-03
-6.4649e-03
-1.1020e-02
-8.7277e-03
-3.8188e-03
-2.9093e-03
-7.9824e-03
-1.5740e-02
-2.2608e-02
-2.7395e-02
-2.8485e-02
-2.2867e-02
-1.0568e-02
1.9675e-03
7.2595e-03
4.5610e-03
-3.2635e-04
-2.1872e-03
6.8886e-04
8.5413e-03
1.9533e-02
2.7211e-02
2.5003e-02
1.4025e-02
1.8383e-03
-6.4413e-03
-1.0666e-02
-1.0923e-02
-7.3475e-03
-3.3692e-03
-2.3374e-03
-1.3820e-03
4.0596e-03
1.0770e-02
9.8802e-03
-9.6086e-04
-1.3504e-02
-1.7745e-02
-1.0181e-02
5.2567e-03
2.0616e-02
2.8939e-02
2.9694e-02
2.7928e-02
2.7987e-02
2.9858e-02
3.1477e-02
3.0675e-02
2.6233e-02
2.0409e-02
1.8869e-02
2.2706e-02
2.3201e-02
1.2042e-02
-5.6411e-03
-1.6428e-02
-1.4585e-02
-4.3743e-03
9.3116e-03
2.3378e-02
3.2999e-02
3.5068e-02
3.3347e-02
3.2035e-02
2.7052e-02
1.2630e-02
-6.2520e-03
-1.7620e-02
-1.7322e-02
-1.2231e-02
-1.0791e-02
-1.6016e-02
-2.6077e-02
-3.7392e-02
-4.7434e-02
-5.5535e-02
-5.9605e-02
-5.3985e-02
-3.6035e-02
-1.3377e-02
1.8744e-03
6.0731e-03
5.2668e-03
5.2759e-03
6.7198e-03
8.9524e-03
1.2104e-02
1.4544e-02
1.3375e-02
8.0088e-03
2.1794e-04
-8.7536e-03
-1.8010e-02
-2.4893e-02
-2.5546e-02
-1.8131e-02
-4.7780e-03
8.7698e-03
1.6321e-02
1.5925e-02
1.1664e-02
8.4494e-03
6.2771e-03
2.2613e-03
-2.7199e-03
-3.8294e-03
1.3006e-03
9.6423e-03
1.6640e-02
2.0972e-02
2.5068e-02
3.1890e-02
3.9854e-02
4.1112e-02
2.7667e-02
1.1713e-03
-2.5636e-02
-3.9430e-02
-3.6913e-02
-2.5520e-02
-1.6599e-02
-1.7515e-02
-2.6201e-02
-3.2922e-02
-2.9554e-02
-1.7301e-02
-4.0424e-03
4.2159e-03
7.2437e-03
7.8507e-03
8.4407e-03
9.0619e-03
7.2421e-03
1.5147e-03
-4.3026e-03
-3.8504e-03
4.1995e-03
1.5249e-02
2.5480e-02
3.3900e-02
3.7203e-02
2.9325e-02
9.9440e-03
-1.1958e-02
-2.6359e-02
-3.1129e-02
-2.9871e-02
-2.6678e-02
-2.5506e-02
-2.9697e-02
-3.7373e-02
-4.1452e-02
-3.7048e-02
-2.6032e-02
-1.2980e-02
-3.0407e-04
1.1233e-02
2.0476e-02
2.5880e-02
2.5655e-02
1.9037e-02
9.5772e-03
4.7864e-03
7.7979e-03
1.2059e-02
8.8398e-03
-1.8688e-03
-1.2145e-02
-1.5697e-02
-1.3162e-02
-9.4781e-03
-8.7450e-03
-1.1082e-02
-1.3024e-02
-1.1038e-02
-4.0930e-03
6.7558e-03
1.8499e-02
2.4611e-02
1.8088e-02
-7.8184e-04
-2.2434e-02
-3.6747e-02
-4.0283e-02
-3.3652e-02
-1.7982e-02
1.5825e-03
1.5421e-02
1.9060e-02
1.9639e-02
2.5544e-02
3.2938e-02
3.0296e-02
1.5156e-02
-2.3120e-03
-1.1399e-02
-9.1623e-03
3.1097e-03
2.2500e-02
4.2377e-02
5.4447e-02
5.5240e-02
4.7225e-02
3.5543e-02
2.6526e-02
2.3854e-02
2.1337e-02
5.9036e-03
-2.5212e-02
-5.6771e-02
-7.1250e-02
-6.6423e-02
-5.2460e-02
-4.0214e-02
-3.6383e-02
-4.1681e-02
-4.7403e-02
-3.9973e-02
-1.3447e-02
2.5099e-02
6.2612e-02
8.7428e-02
9.2438e-02
7.9664e-02
6.1538e-02
5.1162e-02
5.0476e-02
5.1093e-02
4.5255e-02
3.3095e-02
2.0136e-02
1.0560e-02
3.7876e-03
-3.2308e-03
-1.1519e-02
-1.8718e-02
-2.2226e-02
-2.2930e-02
-2.5225e-02
-3.3015e-02
-4.5497e-02
-5.8190e-02
-6.7982e-02
-7.4267e-02
-7.3668e-02
-5.8948e-02
-2.8943e-02
4.8905e-03
2.7904e-02
3.6031e-02
3.4492e-02
2.8722e-02
2.1166e-02
1.2569e-02
1.3145e-03
-1.5086e-02
-3.5360e-02
-5.5051e-02
-7.1564e-02
-8.4409e-02
-9.0921e-02
-8.8912e-02
-8.2373e-02
-7.7918e-02
-7.6797e-02
-7.5748e-02
-7.3306e-02
-6.9728e-02
-6.4409e-02
-5.7819e-02
-5.3168e-02
-5.1433e-02
-4.8839e-02
-4.1629e-02
-2.9158e-02
-1.1293e-02
1.1022e-02
3.2302e-02
4.5859e-02
5.1444e-02
5.4089e-02
5.5934e-02
5.4524e-02
4.8886e-02
4.0659e-02
3.0396e-02
1.8138e-02
7.2931e-03
2.0048e-03
2.2965e-03
4.7683e-03
7.0790e-03
8.2618e-03
7.7766e-03
5.4535e-03
6.5425e-04
-1.0019e-02
-2.8855e-02
-5.0319e-02
-6.3281e-02
-6.2667e-02
-5.3728e-02
-4.3408e-02
-3.3664e-02
-2.4402e-02
-1.7133e-02
-1.2248e-02
-8.3117e-03
-4.8893e-03
-2.3378e-03
2.3834e-03
1.2952e-02
2.6582e-02
3.5081e-02
3.4980e-02
3.0722e-02
2.7784e-02
2.7019e-02
2.6419e-02
2.3441e-02
1.6249e-02
6.2122e-03
-1.1924e-03
-2.0020e-03
1.4230e-03
3.4432e-03
1.3141e-03
-4.2679e-03
-1.0592e-02
-1.3857e-02
-1.1453e-02
-5.0654e-03
1.8670e-03
8.4722e-03
1.5960e-02
2.4142e-02
3.2095e-02
3.9824e-02
4.6738e-02
5.1631e-02
5.6277e-02
6.3898e-02
7.1504e-02
7.0657e-02
5.9046e-02
4.4749e-02
3.5294e-02
2.9504e-02
2.3290e-02
1.7635e-02
1.6814e-02
2.2553e-02
3.2238e-02
4.0342e-02
4.1809e-02
3.6892e-02
3.2804e-02
3.7262e-02
5.1034e-02
6.8038e-02
8.0728e-02
8.3874e-02
7.7413e-02
6.8432e-02
6.6008e-02
7.1285e-02
7.5782e-02
7.1354e-02
5.7867e-02
4.0058e-02
2.1319e-02
3.4184e-03
-1.2086e-02
-2.5541e-02
-3.9574e-02
-5.4143e-02
-6.4487e-02
-6.6663e-02
-6.3169e-02
-5.9740e-02
-5.8034e-02
-5.3147e-02
-3.8516e-02
-1.2473e-02
1.8656e-02
4.3042e-02
5.0600e-02
4.0552e-02
2.1943e-02
5.6595e-03
-3.5027e-03
-5.8792e-03
-2.5183e-03
3.8232e-03
6.5239e-03
9.3393e-04
-9.1482e-03
-1.6429e-02
-2.0680e-02
-2.8575e-02
-4.3872e-02
-6.2878e-02
-7.9334e-02
-8.8738e-02
-8.8729e-02
-7.9757e-02
-6.5806e-02
-5.2132e-02
-4.3035e-02
-4.0420e-02
-4.1967e-02
-4.1213e-02
-3.4039e-02
-2.2946e-02
-1.2212e-02
-1.9325e-03
7.7291e-03
1.2249e-02
9.2410e-03
4.9471e-03
6.9275e-03
1.3724e-02
1.8130e-02
1.7002e-02
1.3059e-02
1.0110e-02
1.0663e-02
1.4666e-02
1.7242e-02
1.1858e-02
-1.1677e-03
-1.3032e-02
-1.6651e-02
-1.4599e-02
-1.4451e-02
-2.0004e-02
-2.8988e-02
-3.5939e-02
-3.5111e-02
-2.4343e-02
-8.3393e-03
4.9325e-03
1.2923e-02
2.0545e-02
3.2088e-02
4.5478e-02
5.6994e-02
6.6875e-02
7.5906e-02
7.9598e-02
7.1786e-02
5.2795e-02
3.0844e-02
1.5154e-02
1.0678e-02
1.7159e-02
3.0244e-02
4.2618e-02
4.7851e-02
4.4100e-02
3.4586e-02
2.4725e-02
1.9795e-02
2.2904e-02
3.2594e-02
4.2251e-02
4.4160e-02
3.5534e-02
1.9637e-02
2.5053e-03
-9.2634e-03
-8.7315e-03
7.0383e-03
3.1034e-02
4.9598e-02
5.5382e-02
5.3895e-02
5.3680e-02
5.3874e-02
4.5957e-02
2.6018e-02
-9.0738e-05
-2.3394e-02
-3.9242e-02
-4.6428e-02
-4.2548e-02
-2.5093e-02
1.3051e-03
2.2148e-02
2.3410e-02
4.9423e-03
-1.8938e-02
-3.2986e-02
-3.2020e-02
-2.1285e-02
-1.1884e-02
-1.4640e-02
-3.0706e-02
-4.6998e-02
-4.6467e-02
-2.3789e-02
1.1189e-02
4.3023e-02
5.9839e-02
5.7150e-02
3.9692e-02
1.9074e-02
5.0641e-03
-6.8273e-04
-2.0350e-03
-4.2481e-03
-1.2899e-02
-2.9931e-02
-4.8718e-02
-5.9226e-02
-5.9450e-02
-5.5561e-02
-5.0946e-02
-4.2517e-02
-2.9474e-02
-1.7793e-02
-1.3539e-02
-1.7168e-02
-2.6215e-02
-3.7937e-02
-4.8027e-02
-5.2476e-02
-5.2422e-02
-5.2598e-02
-5.3424e-02
-4.9032e-02
-3.5003e-02
-1.4948e-02
1.6060e-03
6.1002e-03
-3.5799e-03
-2.0593e-02
-3.2236e-02
-2.8836e-02
-1.1147e-02
1.0800e-02
2.5202e-02
2.5402e-02
1.3750e-02
-4.6714e-04
-9.7466e-03
-1.5662e-02
-2.4601e-02
-3.7958e-02
-5.0085e-02
-5.3982e-02
-4.5618e-02
-2.5523e-02
-1.0360e-03
1.5353e-02
1.4532e-02
-2.6739e-03
-2.7851e-02
-5.0449e-02
-6.2522e-02
-6.4048e-02
-6.3455e-02
-6.8118e-02
-7.6497e-02
-8.2976e-02
-8.5627e-02
-8.4389e-02
-7.7803e-02
-6.7424e-02
-5.8935e-02
-5.3923e-02
-4.7548e-02
-3.7911e-02
-2.9486e-02
-2.3998e-02
-1.7789e-02
-1.0655e-02
-7.6948e-03
-8.4644e-03
-4.7457e-03
8.0827e-03
2.5520e-02
4.2466e-02
5.8013e-02
7.1034e-02
8.0083e-02
8.8781e-02
1.0129e-01
1.1178e-01
1.0860e-01
9.1208e-02
7.3524e-02
6.6695e-02
6.6159e-02
6.0517e-02
4.6796e-02
3.2621e-02
2.7160e-02
3.2597e-02
4.2845e-02
4.9625e-02
5.0287e-02
4.7949e-02
4.4819e-02
3.9848e-02
3.4004e-02
3.1756e-02
3.4022e-02
3.5906e-02
3.4114e-02
3.1714e-02
3.1982e-02
3.3679e-02
3.3876e-02
3.1037e-02
2.4319e-02
1.6267e-02
1.4059e-02
2.0864e-02
2.5933e-02
1.2545e-02
-2.1077e-02
-5.5668e-02
-6.8945e-02
-5.6228e-02
-3.0920e-02
-1.0810e-02
-4.9723e-03
-1.1012e-02
-2.0030e-02
-2.3922e-02
-2.1333e-02
-1.8807e-02
-2.5189e-02
-4.1704e-02
-6.0534e-02
-7.3680e-02
-8.0368e-02
-8.2393e-02
-7.8815e-02
-7.0272e-02
-6.3357e-02
-6.3235e-02
-6.5934e-02
-6.5149e-02
-6.1610e-02
-5.8620e-02
-5.3539e-02
-4.2626e-02
-2.9191e-02
-1.8507e-02
-9.3347e-03
2.2738e-04
3.1738e-03
-7.8719e-03
-2.4858e-02
-2.8343e-02
-9.1176e-03
2.3335e-02
5.3504e-02
7.1895e-02
7.2596e-02
5.1685e-02
1.6143e-02
-1.5032e-02
-2.7616e-02
-2.5385e-02
-2.0312e-02
-1.7257e-02
-1.3755e-02
-8.3034e-03
-4.6513e-04
1.1656e-02
2.6837e-02
3.8273e-02
4.1297e-02
3.8223e-02
3.2990e-02
2.9370e-02
3.3971e-02
4.8736e-02
5.8513e-02
4.1777e-02
-8.4340e-04
-4.2441e-02
-6.0084e-02
-5.6574e-02
-4.7337e-02
-4.0607e-02
-3.5550e-02
-2.9459e-02
-2.0204e-02
-8.7996e-03
-1.1498e-03
-2.2184e-03
-8.7510e-03
-1.4059e-02
-1.7509e-02
-2.2884e-02
-3.0154e-02
-3.5222e-02
-3.4877e-02
-2.8128e-02
-1.6169e-02
-4.1130e-03
1.3626e-03
-2.1611e-03
-1.2499e-02
-2.6447e-02
-3.8959e-02
-4.0852e-02
-2.4966e-02
4.1746e-03
3.0571e-02
3.8971e-02
2.6516e-02
4.6359e-03
-9.1285e-03
-5.1810e-03
9.5718e-03
1.9496e-02
1.7614e-02
1.1713e-02
1.3184e-02
2.4380e-02
3.8372e-02
4.6711e-02
4.4744e-02
3.3025e-02
1.6999e-02
3.7763e-03
-2.7847e-03
-2.1723e-03
8.7793e-03
3.5959e-02
7.6737e-02
1.1258e-01
1.2266e-01
1.0612e-01
8.3899e-02
7.6815e-02
8.7256e-02
1.0397e-01
1.1587e-01
1.1818e-01
1.1086e-01
9.7278e-02
8.2206e-02
6.9018e-02
5.8719e-02
5.1288e-02
4.4690e-02
3.3386e-02
1.3071e-02
-1.1371e-02
-2.7237e-02
-2.6050e-02
-1.2848e-02
-2.4492e-03
-6.6706e-03
-2.4672e-02
-4.4522e-02
-5.4272e-02
-5.1359e-02
-4.3228e-02
-3.9024e-02
-4.1347e-02
-4.4474e-02
-4.0554e-02
-2.6689e-02
-8.7323e-03
2.6800e-03
2.7982e-03
-5.8681e-06
7.2117e-03
2.5335e-02
3.9675e-02
3.5679e-02
1.3631e-02
-1.5189e-02
-4.1478e-02
-6.1404e-02
-7.2440e-02
-7.3057e-02
-6.5290e-02
-5.4308e-02
-4.5542e-02
-4.1868e-02
-4.0786e-02
-3.6233e-02
-2.5733e-02
-1.3985e-02
-5.9711e-03
-8.4541e-04
3.1019e-03
3.0115e-03
-3.1704e-03
-1.0703e-02
-1.3441e-02
-9.6138e-03
1.8246e-03
2.4145e-02
5.5398e-02
8.4198e-02
9.8993e-02
9.5865e-02
7.5763e-02
4.3787e-02
1.5555e-02
9.8842e-03
2.7198e-02
4.3089e-02
3.4090e-02
3.7762e-03
-2.4457e-02
-3.5186e-02
-3.1814e-02
-2.5652e-02
-2.5970e-02
-3.8359e-02
-6.1419e-02
-8.2568e-02
-8.4930e-02
-6.2337e-02
-2.5391e-02
7.0461e-03
1.9848e-02
7.9069e-03
-2.0982e-02
-4.9012e-02
-6.0244e-02
-5.3672e-02
-4.0708e-02
-3.1861e-02
-3.0406e-02
-3.7360e-02
-5.3225e-02
-7.2806e-02
-8.5174e-02
-8.3319e-02
-7.0751e-02
-5.6582e-02
-4.7912e-02
-4.7554e-02
-5.4620e-02
-6.4049e-02
-6.7886e-02
-6.0071e-02
-4.1089e-02
-1.7570e-02
2.6720e-03
1.5195e-02
2.0140e-02
2.1110e-02
2.4042e-02
3.4309e-02
5.1620e-02
6.7939e-02
7.4210e-02
6.9415e-02
6.1072e-02
5.7959e-02
6.4868e-02
8.1846e-02
1.0329e-01
1.1898e-01
1.2168e-01
1.1519e-01
1.1138e-01
1.1817e-01
1.3178e-01
1.4039e-01
1.3406e-01
1.1198e-01
8.1527e-02
5.0938e-02
2.4801e-02
5.7670e-03
-3.6998e-03
-5.0556e-03
-4.9545e-03
-7.4749e-03
-7.1824e-03
3.7995e-03
2.4125e-02
4.3946e-02
5.5130e-02
5.4761e-02
4.3132e-02
2.6204e-02
1.7714e-02
2.8628e-02
5.3493e-02
7.3858e-02
7.5922e-02
5.9901e-02
3.3579e-02
4.0367e-03
-2.4632e-02
-5.1462e-02
-7.6452e-02
-9.5117e-02
-9.8638e-02
-8.5310e-02
-6.8308e-02
-6.4659e-02
-7.6970e-02
-9.2317e-02
-9.9226e-02
-9.8602e-02
-9.7684e-02
-9.9145e-02
-9.8769e-02
-8.8703e-02
-6.3031e-02
-2.4305e-02
1.3990e-02
3.6444e-02
3.8606e-02
2.9546e-02
2.1230e-02
1.8101e-02
1.5232e-02
3.6946e-03
-2.0730e-02
-5.1420e-02
-7.5697e-02
-8.6678e-02
-8.7665e-02
-8.5984e-02
-8.6756e-02
-9.0292e-02
-8.8801e-02
-6.9223e-02
-2.9111e-02
1.3530e-02
3.7822e-02
4.3297e-02
4.3327e-02
4.2569e-02
3.6442e-02
2.7934e-02
2.6435e-02
3.1144e-02
3.1155e-02
2.3026e-02
1.3958e-02
7.8649e-03
1.4521e-03
-6.2653e-03
-1.3323e-02
-2.1640e-02
-3.2685e-02
-3.7322e-02
-2.2211e-02
1.3074e-02
5.3325e-02
8.3130e-02
9.8065e-02
1.0120e-01
9.6350e-02
8.7393e-02
7.9686e-02
7.8606e-02
8.5118e-02
9.2179e-02
8.8380e-02
6.9557e-02
4.4925e-02
2.7928e-02
2.2467e-02
2.1108e-02
1.3766e-02
-4.6863e-03
-3.2503e-02
-6.2239e-02
-8.5014e-02
-9.6475e-02
-1.0071e-01
-1.0580e-01
-1.1481e-01
-1.2011e-01
-1.0889e-01
-7.7303e-02
-3.9227e-02
-1.5939e-02
-1.5607e-02
-2.7386e-02
-3.4778e-02
-3.1057e-02
-2.2378e-02
-2.2027e-02
-3.9939e-02
-7.1792e-02
-9.7492e-02
-9.5595e-02
-6.3345e-02
-2.1034e-02
4.1499e-03
1.5428e-03
-1.6234e-02
-2.6937e-02
-2.0185e-02
-4.3770e-03
4.9977e-03
1.9422e-03
-7.0491e-03
-1.3174e-02
-1.4382e-02
-1.5355e-02
-2.0494e-02
-2.8198e-02
-3.1819e-02
-2.7528e-02
-1.8488e-02
-9.4581e-03
-7.1886e-05
1.1650e-02
2.1409e-02
2.1677e-02
1.2228e-02
3.5677e-04
-1.0068e-02
-2.0220e-02
-2.5881e-02
-1.6984e-02
7.9176e-03
3.6843e-02
5.9618e-02
7.7979e-02
9.5940e-02
1.1091e-01
1.1948e-01
1.2064e-01
1.0917e-01
7.9550e-02
4.1581e-02
1.6632e-02
1.1922e-02
9.7111e-03
-1.1615e-02
-5.5917e-02
-1.0785e-01
-1.4002e-01
-1.2532e-01
-6.0977e-02
1.7378e-02
6.4087e-02
6.5426e-02
4.3735e-02
2.4592e-02
1.8142e-02
2.3699e-02
3.2732e-02
2.9658e-02
7.4451e-03
-2.0288e-02
-3.4651e-02
-3.2483e-02
-2.1480e-02
-5.7145e-03
1.2678e-02
2.7982e-02
3.9376e-02
5.2808e-02
6.5716e-02
6.1422e-02
3.0711e-02
-1.3110e-02
-4.9520e-02
-7.3174e-02
-9.2212e-02
-1.1444e-01
-1.4125e-01
-1.6924e-01
-1.9240e-01
-2.0610e-01
-2.0810e-01
-1.9406e-01
-1.5869e-01
-1.0671e-01
-5.4819e-02
-1.3992e-02
2.2505e-02
6.6226e-02
1.1505e-01
1.5568e-01
1.7629e-01
1.7107e-01
1.4076e-01
9.8014e-02
6.3301e-02
4.7138e-02
4.1917e-02
3.4931e-02
2.1660e-02
2.5225e-03
-2.2969e-02
-5.2534e-02
-7.7485e-02
-8.8598e-02
-8.2294e-02
-5.9651e-02
-2.5240e-02
1.2225e-02
4.3652e-02
6.6254e-02
8.2802e-02
9.5227e-02
1.0246e-01
1.0282e-01
9.5680e-02
8.2710e-02
6.9802e-02
6.4850e-02
7.0956e-02
8.3813e-02
9.6924e-02
1.0715e-01
1.1380e-01
1.1641e-01
1.1592e-01
1.1635e-01
1.2211e-01
1.3339e-01
1.4248e-01
1.3535e-01
1.0070e-01
4.1479e-02
-2.5078e-02
-8.0668e-02
-1.1751e-01
-1.3595e-01
-1.3717e-01
-1.2447e-01
-1.0751e-01
-9.7318e-02
-9.6796e-02
-1.0047e-01
-1.0163e-01
-9.6337e-02
-8.4288e-02
-7.2018e-02
-7.2045e-02
-9.1086e-02
-1.1877e-01
-1.3365e-01
-1.2222e-01
-9.0090e-02
-5.6272e-02
-3.8268e-02
-4.0400e-02
-5.1713e-02
-5.4003e-02
-3.5963e-02
-2.7138e-03
3.0358e-02
5.4027e-02
6.9914e-02
7.9986e-02
8.2589e-02
8.2920e-02
9.3090e-02
1.1120e-01
1.1293e-01
8.0940e-02
3.1861e-02
-2.8949e-03
-1.4014e-02
-1.2913e-02
-8.0185e-03
-1.6372e-03
7.3309e-04
-1.2646e-03
5.8268e-03
3.3272e-02
7.2171e-02
1.0301e-01
1.1462e-01
1.0539e-01
7.8445e-02
4.4480e-02
1.7708e-02
3.0085e-03
-4.9240e-03
-1.1103e-02
-2.0379e-02
-4.1681e-02
-7.7799e-02
-1.1595e-01
-1.4062e-01
-1.4790e-01
-1.3806e-01
-1.0839e-01
-6.5561e-02
-3.1221e-02
-2.1038e-02
-2.8103e-02
-3.5947e-02
-3.7116e-02
-3.2059e-02
-2.3343e-02
-1.7569e-02
-2.1379e-02
-3.0330e-02
-3.2697e-02
-2.6662e-02
-2.3306e-02
-3.0932e-02
-4.5241e-02
-5.5551e-02
-5.3730e-02
-3.7956e-02
-1.3771e-02
8.7377e-03
2.2304e-02
2.7460e-02
3.0849e-02
3.9627e-02
5.4867e-02
6.8812e-02
7.3070e-02
7.0011e-02
7.0279e-02
8.0396e-02
1.0033e-01
1.2781e-01
1.5128e-01
1.4445e-01
9.0060e-02
7.8541e-03
-6.1052e-02
-9.7342e-02
-1.0914e-01
-1.0331e-01
-7.7296e-02
-3.9569e-02
-9.4800e-03
7.7750e-03
2.6448e-02
5.6170e-02
8.8301e-02
1.0836e-01
1.0811e-01
8.7082e-02
5.3898e-02
2.5937e-02
1.6931e-02
2.5993e-02
4.1757e-02
5.4593e-02
6.2987e-02
7.2409e-02
8.9786e-02
1.1671e-01
1.4760e-01
1.7213e-01
1.7767e-01
1.5185e-01
9.2562e-02
1.6090e-02
-5.1003e-02
-9.1366e-02
-1.0494e-01
-1.0221e-01
-9.3886e-02
-8.6252e-02
-8.3822e-02
-9.3071e-02
-1.1560e-01
-1.3325e-01
-1.1573e-01
-5.7297e-02
5.8883e-03
3.3862e-02
2.5975e-02
1.0000e-02
5.8393e-03
1.8569e-02
4.8115e-02
8.1221e-02
8.7378e-02
4.8130e-02
-1.7623e-02
-7.3475e-02
-1.0122e-01
-1.0149e-01
-7.9841e-02
-4.8969e-02
-3.0050e-02
-3.2179e-02
-4.1944e-02
-4.2877e-02
-3.3628e-02
-1.8145e-02
6.9454e-03
4.3494e-02
8.1695e-02
1.0918e-01
1.2164e-01
1.1809e-01
9.5727e-02
5.6646e-02
1.3623e-02
-1.5427e-02
-1.6608e-02
1.5309e-02
7.2953e-02
1.3495e-01
1.7458e-01
1.7746e-01
1.5214e-01
1.2294e-01
1.0779e-01
1.0070e-01
7.8738e-02
2.8919e-02
-3.7169e-02
-9.7933e-02
-1.4026e-01
-1.5945e-01
-1.5200e-01
-1.2241e-01
-8.7739e-02
-6.4678e-02
-5.4397e-02
-5.0587e-02
-5.3735e-02
-6.7654e-02
-8.6990e-02
-1.0059e-01
-1.0530e-01
-1.0877e-01
-1.1832e-01
-1.3109e-01
-1.3618e-01
-1.2606e-01
-1.0538e-01
-8.6295e-02
-7.5063e-02
-6.8524e-02
-6.3786e-02
-6.4254e-02
-7.3655e-02
-9.0231e-02
-1.0706e-01
-1.1227e-01
-9.3481e-02
-5.2894e-02
-1.4266e-02
-1.7534e-03
-1.4462e-02
-3.2350e-02
-4.0630e-02
-3.5167e-02
-1.2482e-02
2.6899e-02
7.0402e-02
1.0484e-01
1.3256e-01
1.6210e-01
1.8855e-01
1.9715e-01
1.8263e-01
1.5462e-01
1.2704e-01
1.1050e-01
1.0871e-01
1.1496e-01
1.1593e-01
1.0484e-01
8.6274e-02
6.7973e-02
5.4597e-02
4.9597e-02
5.5172e-02
6.8593e-02
8.2643e-02
8.9578e-02
8.1635e-02
5.1779e-02
1.8763e-04
-6.0982e-02
-1.1406e-01
-1.4619e-01
-1.5324e-01
-1.3992e-01
-1.1837e-01
-1.0188e-01
-9.5215e-02
-9.2102e-02
-8.2283e-02
-6.1074e-02
-3.3243e-02
-9.7442e-03
1.6265e-03
4.8343e-03
1.2255e-02
2.8862e-02
4.2674e-02
3.5255e-02
-4.9222e-06
-5.2925e-02
-1.0552e-01
-1.4139e-01
-1.4900e-01
-1.2441e-01
-7.5997e-02
-2.4224e-02
8.2549e-03
9.1846e-03
-1.7434e-02
-5.5528e-02
-8.7336e-02
-1.0315e-01
-1.0389e-01
-9.6779e-02
-8.7927e-02
-7.8004e-02
-6.5170e-02
-5.1824e-02
-4.4501e-02
-4.4975e-02
-4.4006e-02
-2.8964e-02
4.2009e-03
4.9431e-02
9.7484e-02
1.3749e-01
1.5618e-01
1.4385e-01
1.0297e-01
4.6309e-02
-1.0481e-02
-5.2113e-02
-6.4189e-02
-4.1388e-02
4.6160e-03
4.7577e-02
5.9930e-02
2.8944e-02
-3.2628e-02
-9.4065e-02
-1.3165e-01
-1.4321e-01
-1.3484e-01
-1.0569e-01
-5.8088e-02
-8.5843e-03
2.9297e-02
6.2465e-02
1.0223e-01
1.4374e-01
1.7694e-01
2.0045e-01
2.0711e-01
1.7323e-01
8.7836e-02
-2.1234e-02
-1.1031e-01
-1.6072e-01
-1.7827e-01
-1.7027e-01
-1.4006e-01
-9.2073e-02
-2.8270e-02
4.8681e-02
1.2431e-01
1.7952e-01
2.0899e-01
2.1678e-01
1.9808e-01
1.4779e-01
8.3242e-02
3.1498e-02
-3.3253e-03
-3.8599e-02
-8.1941e-02
-1.2378e-01
-1.5357e-01
-1.6219e-01
-1.3547e-01
-7.1090e-02
3.1270e-03
4.9310e-02
5.4102e-02
3.0079e-02
-5.8064e-03
-4.0608e-02
-6.2568e-02
-6.3904e-02
-4.5966e-02
-1.5329e-02
2.1107e-02
5.5721e-02
8.0768e-02
9.2101e-02
8.8723e-02
7.1071e-02
4.2289e-02
7.7335e-03
-2.6342e-02
-4.6905e-02
-3.3509e-02
2.2372e-02
9.9415e-02
1.6323e-01
1.9823e-01
2.0956e-01
2.0248e-01
1.7873e-01
1.4639e-01
1.1526e-01
8.7638e-02
6.5326e-02
5.7225e-02
6.7482e-02
8.5056e-02
9.4567e-02
9.1234e-02
7.9581e-02
6.6713e-02
6.0284e-02
6.3817e-02
7.1704e-02
7.4966e-02
6.9724e-02
5.5126e-02
3.0124e-02
-3.1868e-03
-3.9683e-02
-7.4760e-02
-9.8121e-02
-8.9197e-02
-3.6928e-02
3.5814e-02
8.5390e-02
8.6440e-02
4.5301e-02
-1.6965e-02
-7.7389e-02
-1.1694e-01
-1.3478e-01
-1.5361e-01
-1.9291e-01
-2.4259e-01
-2.7594e-01
-2.8363e-01
-2.7703e-01
-2.6234e-01
-2.2904e-01
-1.6676e-01
-8.5475e-02
-9.9358e-03
4.2144e-02
7.3550e-02
9.5421e-02
1.0970e-01
1.0779e-01
8.5021e-02
4.6041e-02
-1.0666e-03
-4.8723e-02
-8.7291e-02
-1.0895e-01
-1.1365e-01
-1.0795e-01
-9.9796e-02
-9.7321e-02
-1.0772e-01
-1.3139e-01
-1.6030e-01
-1.8463e-01
-2.0124e-01
-2.1317e-01
-2.2350e-01
-2.3068e-01
-2.3236e-01
-2.3203e-01
-2.3573e-01
-2.3688e-01
-2.1608e-01
-1.6447e-01
-9.7747e-02
-3.4938e-02
2.4547e-02
8.8039e-02
1.4679e-01
1.8334e-01
1.9746e-01
2.0580e-01
2.2157e-01
2.4281e-01
2.5761e-01
2.5185e-01
2.2027e-01
1.7452e-01
1.3451e-01
1.0762e-01
8.4178e-02
5.4490e-02
2.2953e-02
1.9487e-03
-2.6593e-03
3.0841e-03
8.6473e-03
9.3740e-03
7.2066e-03
2.1887e-03
-1.0215e-02
-3.0566e-02
-5.0642e-02
-6.2085e-02
-6.2342e-02
-5.0087e-02
-2.4347e-02
6.9773e-03
2.9598e-02
3.7464e-02
3.6731e-02
3.3758e-02
3.0571e-02
3.1120e-02
4.0068e-02
5.4380e-02
6.7279e-02
7.8299e-02
9.0232e-02
9.9755e-02
1.0226e-01
1.0118e-01
1.0332e-01
1.0870e-01
1.1181e-01
1.0668e-01
8.6496e-02
4.9269e-02
7.6653e-03
-1.7084e-02
-1.6616e-02
-9.6123e-04
1.6429e-02
2.7861e-02
2.6573e-02
9.1104e-03
-1.4246e-02
-2.3290e-02
-6.4602e-03
3.0094e-02
7.1841e-02
1.0787e-01
1.3475e-01
1.5452e-01
1.7110e-01
1.8601e-01
1.9649e-01
1.9562e-01
1.7494e-01
1.3335e-01
8.4663e-02
4.8536e-02
3.0763e-02
2.0950e-02
8.7202e-03
-8.1985e-03
-3.0350e-02
-5.5220e-02
-6.8686e-02
-5.5325e-02
-2.0892e-02
8.8041e-03
1.5628e-02
3.3056e-03
-1.6068e-02
-3.6605e-02
-5.8065e-02
-8.1659e-02
-1.0753e-01
-1.2902e-01
-1.3317e-01
-1.1521e-01
-8.8955e-02
-7.5135e-02
-8.0919e-02
-9.6224e-02
-1.0556e-01
-9.9024e-02
-7.6727e-02
-4.8156e-02
-2.5097e-02
-1.3289e-02
-1.4072e-02
-3.0284e-02
-6.2164e-02
-9.8469e-02
-1.2322e-01
-1.3205e-01
-1.3234e-01
-1.2763e-01
-1.1474e-01
-9.7312e-02
-8.8564e-02
-9.5687e-02
-1.1184e-01
-1.2645e-01
-1.3450e-01
-1.3447e-01
-1.2628e-01
-1.1310e-01
-9.5961e-02
-6.8607e-02
-2.7279e-02
1.7381e-02
4.9346e-02
6.4168e-02
6.6016e-02
5.4868e-02
3.0203e-02
3.4929e-03
-8.5045e-03
-2.4555e-03
1.0923e-02
2.3824e-02
3.9333e-02
6.2564e-02
9.0744e-02
1.1234e-01
1.1446e-01
9.2840e-02
5.6380e-02
2.0401e-02
-2.9971e-03
-6.7009e-03
1.3151e-02
5.1594e-02
9.1656e-02
1.1570e-01
1.2067e-01
1.1697e-01
1.1446e-01
1.1399e-01
1.1337e-01
1.1621e-01
1.2942e-01
1.5245e-01
1.7689e-01
1.9917e-01
2.2394e-01
2.4791e-01
2.5054e-01
2.1605e-01
1.5922e-01
1.1162e-01
8.5630e-02
6.9336e-02
5.2793e-02
3.7226e-02
2.0705e-02
-5.7702e-03
-4.3635e-02
-8.2093e-02
-1.1026e-01
-1.2528e-01
-1.3000e-01
-1.3077e-01
-1.3495e-01
-1.4328e-01
-1.4926e-01
-1.4914e-01
-1.4448e-01
-1.3212e-01
-1.0441e-01
-6.5642e-02
-3.5664e-02
-3.0080e-02
-4.6309e-02
-7.2482e-02
-9.9031e-02
-1.1977e-01
-1.3183e-01
-1.3703e-01
-1.3689e-01
-1.2782e-01
-1.0789e-01
-8.3297e-02
-5.7568e-02
-2.1119e-02
3.6585e-02
1.0591e-01
1.6190e-01
1.8520e-01
1.7296e-01
1.3364e-01
8.5097e-02
4.9881e-02
4.0527e-02
4.8208e-02
5.4049e-02
4.9228e-02
3.7918e-02
2.4557e-02
7.9990e-03
-1.1758e-02
-2.9808e-02
-4.2092e-02
-5.1008e-02
-6.2109e-02
-7.7583e-02
-9.5620e-02
-1.1521e-01
-1.3597e-01
-1.5182e-01
-1.5174e-01
-1.3252e-01
-1.0532e-01
-8.1540e-02
-5.7010e-02
-1.8832e-02
3.3494e-02
8.3342e-02
1.1254e-01
1.1473e-01
9.3476e-02
5.5654e-02
1.0205e-02
-3.1776e-02
-5.9699e-02
-6.7538e-02
-5.5188e-02
-2.9154e-02
-2.8496e-03
6.9117e-03
-1.1136e-02
-5.1774e-02
-9.4418e-02
-1.1829e-01
-1.1706e-01
-9.3908e-02
-5.1359e-02
8.2891e-03
7.3135e-02
1.2298e-01
1.4294e-01
1.3546e-01
1.1398e-01
8.8327e-02
5.8337e-02
2.1632e-02
-1.8947e-02
-5.6550e-02
-8.4286e-02
-9.5390e-02
-8.6936e-02
-6.8876e-02
-6.0483e-02
-7.1393e-02
-9.2351e-02
-1.0911e-01
-1.1528e-01
-1.1006e-01
-9.5589e-02
-7.8883e-02
-6.2990e-02
-3.7738e-02
6.1479e-03
5.6796e-02
9.1497e-02
1.0209e-01
9.4685e-02
7.3446e-02
4.3781e-02
2.1313e-02
2.0683e-02
4.0385e-02
7.3750e-02
1.2030e-01
1.7554e-01
2.2057e-01
2.3800e-01
2.2456e-01
1.8434e-01
1.2452e-01
6.4060e-02
2.8063e-02
2.4495e-02
3.7815e-02
5.1820e-02
6.5270e-02
7.8974e-02
8.1029e-02
5.6448e-02
7.0410e-03
-4.6931e-02
-8.3585e-02
-9.3862e-02
-7.9640e-02
-4.8272e-02
-1.3218e-02
6.1343e-03
-3.7408e-03
-3.7726e-02
-7.5737e-02
-9.9426e-02
-1.0120e-01
-8.2729e-02
-5.1558e-02
-1.7956e-02
1.1744e-02
3.5990e-02
4.9846e-02
4.2145e-02
9.9555e-03
-2.9120e-02
-5.0327e-02
-4.5356e-02
-2.5047e-02
-2.0966e-03
1.9011e-02
3.6172e-02
4.3075e-02
3.3590e-02
7.3466e-03
-3.0069e-02
-6.7391e-02
-8.7720e-02
-7.7448e-02
-4.0123e-02
1.5634e-03
2.3040e-02
1.7724e-02
-1.7831e-03
-1.8958e-02
-2.4744e-02
-1.8709e-02
-3.9644e-03
1.8649e-02
5.3332e-02
1.0202e-01
1.5568e-01
1.9748e-01
2.1732e-01
2.1778e-01
2.0401e-01
1.7629e-01
1.3533e-01
8.7109e-02
3.7291e-02
-1.0975e-02
-5.3165e-02
-8.4291e-02
-1.0586e-01
-1.2357e-01
-1.3753e-01
-1.4026e-01
-1.2529e-01
-9.3936e-02
-5.4858e-02
-1.9476e-02
4.3977e-03
1.6635e-02
2.0602e-02
1.6239e-02
1.6099e-03
-1.8898e-02
-3.5137e-02
-4.1101e-02
-3.9359e-02
-3.5400e-02
-3.2427e-02
-3.1216e-02
-3.1136e-02
-3.1300e-02
-3.1875e-02
-3.4061e-02
-3.9610e-02
-5.1495e-02
-7.3020e-02
-1.0260e-01
-1.3240e-01
-1.5538e-01
-1.7188e-01
-1.8464e-01
-1.9281e-01
-1.9419e-01
-1.9058e-01
-1.8673e-01
-1.8516e-01
-1.8282e-01
-1.7161e-01
-1.4550e-01
-1.0890e-01
-7.4338e-02
-4.7502e-02
-2.2276e-02
7.2099e-03
3.7717e-02
6.6130e-02
9.4393e-02
1.2081e-01
1.3630e-01
1.3800e-01
1.3427e-01
1.2842e-01
1.1015e-01
7.0999e-02
1.9168e-02
-3.0015e-02
-6.5950e-02
-8.2636e-02
-7.5939e-02
-5.1319e-02
-2.4322e-02
-6.7145e-03
3.3469e-03
1.3234e-02
2.5454e-02
3.9435e-02
5.4713e-02
6.7674e-02
7.0769e-02
6.0879e-02
4.4513e-02
3.1742e-02
2.8283e-02
3.4029e-02
4.3603e-02
4.7691e-02
4.1328e-02
3.1715e-02
3.0690e-02
3.8406e-02
4.3254e-02
3.8833e-02
3.1003e-02
2.5289e-02
1.6363e-02
-4.4493e-03
-3.5802e-02
-6.4841e-02
-7.6517e-02
-6.3857e-02
-3.2367e-02
2.0656e-03
2.2557e-02
2.0469e-02
-6.7775e-05
-2.4982e-02
-3.9478e-02
-4.0498e-02
-3.7657e-02
-3.9580e-02
-4.2666e-02
-3.8503e-02
-2.6004e-02
-9.6097e-03
9.8247e-03
3.2559e-02
5.3011e-02
6.5462e-02
7.5743e-02
9.4566e-02
1.2008e-01
1.3699e-01
1.3607e-01
1.2306e-01
1.0817e-01
9.6591e-02
9.2947e-02
1.0143e-01
1.1350e-01
1.0478e-01
5.9159e-02
-5.9407e-03
-5.2172e-02
-6.0583e-02
-4.9643e-02
-4.8963e-02
-6.7348e-02
-9.2708e-02
-1.1244e-01
-1.2032e-01
-1.1157e-01
-8.7090e-02
-6.0479e-02
-4.6816e-02
-4.4658e-02
-3.9231e-02
-2.0685e-02
9.4502e-03
4.5097e-02
7.8784e-02
1.0325e-01
1.1755e-01
1.2612e-01
1.2586e-01
1.0581e-01
6.5713e-02
2.3079e-02
-6.5302e-03
-2.1891e-02
-2.2582e-02
1.0828e-03
5.1979e-02
1.1187e-01
1.5515e-01
1.7171e-01
1.7063e-01
1.6507e-01
1.5764e-01
1.3879e-01
1.0079e-01
5.1919e-02
1.0600e-02
-1.3538e-02
-2.3847e-02
-2.2857e-02
-1.1084e-02
-6.2850e-04
-1.1677e-02
-4.7353e-02
-8.7022e-02
-1.1130e-01
-1.1924e-01
-1.1400e-01
-8.8486e-02
-4.0293e-02
9.4134e-03
2.7855e-02
-3.1328e-04
-6.0640e-02
-1.1989e-01
-1.4498e-01
-1.2165e-01
-6.2652e-02
9.3993e-04
4.2700e-02
5.4644e-02
4.2718e-02
1.7333e-02
-8.7308e-03
-2.2781e-02
-2.0661e-02
-5.9469e-03
1.6119e-02
4.0815e-02
5.9284e-02
6.5155e-02
6.2778e-02
6.3941e-02
7.2943e-02
8.2147e-02
8.2762e-02
7.6193e-02
7.2436e-02
7.7979e-02
8.3662e-02
6.7692e-02
1.7007e-02
-5.3278e-02
-1.1247e-01
-1.4409e-01
-1.5577e-01
-1.5943e-01
-1.5807e-01
-1.5302e-01
-1.5069e-01
-1.5427e-01
-1.6011e-01
-1.6671e-01
-1.7611e-01
-1.8042e-01
-1.5992e-01
-1.0395e-01
-2.9401e-02
2.8387e-02
4.1677e-02
9.0470e-03
-4.5797e-02
-9.1253e-02
-1.0852e-01
-9.9262e-02
-7.2722e-02
-3.4804e-02
7.6914e-03
4.2294e-02
6.1207e-02
6.8712e-02
7.2651e-02
7.4132e-02
7.0665e-02
6.3315e-02
5.5240e-02
4.8099e-02
4.3120e-02
4.0389e-02
3.4383e-02
1.5964e-02
-1.7265e-02
-5.5321e-02
-8.1578e-02
-8.4240e-02
-6.4656e-02
-3.6172e-02
-1.2825e-02
9.9141e-04
8.5255e-03
1.3282e-02
1.8086e-02
2.6943e-02
4.1035e-02
5.5693e-02
6.6899e-02
7.6565e-02
8.7007e-02
9.7005e-02
1.0913e-01
1.3073e-01
1.5976e-01
1.7840e-01
1.7102e-01
1.4266e-01
1.1266e-01
9.4834e-02
9.1032e-02
9.7288e-02
1.0687e-01
1.1211e-01
1.1162e-01
1.1252e-01
1.2127e-01
1.3569e-01
1.4844e-01
1.5322e-01
1.4754e-01
1.3439e-01
1.2348e-01
1.2477e-01
1.3697e-01
1.4516e-01
1.3134e-01
8.6941e-02
1.9173e-02
-4.9823e-02
-9.5884e-02
-1.1216e-01
-1.1304e-01
-1.1515e-01
-1.2007e-01
-1.2018e-01
-1.1171e-01
-9.4265e-02
-6.6920e-02
-3.6459e-02
-2.1142e-02
-3.3451e-02
-6.3351e-02
-8.9930e-02
-1.0431e-01
-1.1118e-01
-1.1260e-01
-1.0423e-01
-8.6227e-02
-6.7454e-02
-5.5205e-02
-4.7092e-02
-3.5115e-02
-1.4614e-02
1.2640e-02
4.1190e-02
6.5783e-02
8.2635e-02
8.9222e-02
8.5089e-02
7.4200e-02
6.3746e-02
5.8624e-02
5.5734e-02
4.5498e-02
2.0155e-02
-1.7227e-02
-5.3243e-02
-7.5305e-02
-8.3845e-02
-9.0547e-02
-1.0604e-01
-1.3152e-01
-1.6034e-01
-1.8149e-01
-1.8187e-01
-1.5384e-01
-1.0578e-01
-6.0915e-02
-3.8851e-02
-3.9432e-02
-4.7927e-02
-5.2400e-02
-5.1344e-02
-4.6493e-02
-3.6266e-02
-1.9968e-02
-3.4450e-03
6.3549e-03
1.1879e-02
2.2493e-02
4.0754e-02
5.7991e-02
6.7029e-02
6.9319e-02
6.4616e-02
4.3757e-02
2.1278e-03
-4.7274e-02
-8.5449e-02
-1.0607e-01
-1.1423e-01
-1.1269e-01
-1.0340e-01
-9.4678e-02
-9.5805e-02
-1.0620e-01
-1.1829e-01
-1.2505e-01
-1.1862e-01
-9.1085e-02
-4.5119e-02
2.0881e-03
3.4465e-02
4.9266e-02
5.0811e-02
4.3488e-02
3.6660e-02
4.3601e-02
6.7410e-02
9.5751e-02
1.1377e-01
1.1527e-01
9.9499e-02
6.8531e-02
3.1609e-02
3.0837e-03
-1.0041e-02
-1.2716e-02
-1.2802e-02
-1.3779e-02
-1.5685e-02
-1.6519e-02
-1.2018e-02
7.8033e-04
1.9165e-02
3.6552e-02
4.8717e-02
5.6848e-02
6.4109e-02
7.0332e-02
7.0233e-02
5.9493e-02
4.2623e-02
3.0636e-02
2.8352e-02
2.8390e-02
2.0071e-02
-2.9948e-04
-2.9709e-02
-6.2470e-02
-9.0781e-02
-1.0800e-01
-1.1491e-01
-1.1777e-01
-1.2051e-01
-1.2399e-01
-1.3075e-01
-1.4151e-01
-1.4950e-01
-1.4530e-01
-1.2712e-01
-9.9852e-02
-6.8663e-02
-4.0427e-02
-2.5907e-02
-3.0423e-02
-4.5824e-02
-5.8099e-02
-5.5806e-02
-3.0689e-02
1.9705e-02
8.0859e-02
1.2600e-01
1.3919e-01
1.3106e-01
1.2274e-01
1.2291e-01
1.2538e-01
1.2359e-01
1.1713e-01
1.0469e-01
7.9189e-02
3.6721e-02
-1.1682e-02
-4.6727e-02
-5.8708e-02
-5.1898e-02
-3.2296e-02
-5.6357e-03
1.3115e-02
5.2546e-03
-2.8147e-02
-6.4412e-02
-8.5293e-02
-9.1581e-02
-8.7818e-02
-7.3032e-02
-5.1871e-02
-3.8531e-02
-3.9309e-02
-4.4787e-02
-4.4596e-02
-3.9530e-02
-3.3540e-02
-2.4888e-02
-1.0186e-02
1.0288e-02
3.5158e-02
6.4650e-02
9.6653e-02
1.2366e-01
1.3552e-01
1.2672e-01
1.0122e-01
7.1123e-02
4.7335e-02
3.2379e-02
2.1993e-02
1.2639e-02
4.3001e-03
-1.6546e-03
-4.5195e-03
-2.4205e-03
7.3038e-03
2.4099e-02
4.2040e-02
5.5529e-02
6.4000e-02
6.9784e-02
7.3601e-02
7.6183e-02
8.0133e-02
8.4451e-02
8.1231e-02
6.4703e-02
4.0575e-02
1.8514e-02
-9.4921e-04
-2.3108e-02
-4.6061e-02
-6.1524e-02
-6.7693e-02
-7.0466e-02
-7.3847e-02
-7.7715e-02
-8.2098e-02
-8.4865e-02
-7.7211e-02
-5.2138e-02
-1.6350e-02
1.2964e-02
2.4936e-02
2.1652e-02
1.1119e-02
-2.1999e-05
-7.0547e-03
-5.9527e-03
5.5712e-03
2.5032e-02
4.2662e-02
4.5071e-02
2.6616e-02
-3.1832e-03
-2.8172e-02
-4.3611e-02
-5.7264e-02
-7.3082e-02
-8.1415e-02
-6.9775e-02
-3.7066e-02
4.8242e-03
3.8609e-02
4.9844e-02
3.3529e-02
-4.0193e-04
-3.1890e-02
-4.5707e-02
-4.1580e-02
-2.8860e-02
-1.7098e-02
-1.2339e-02
-1.5348e-02
-2.0128e-02
-1.8784e-02
-1.0385e-02
-1.8862e-03
-3.8007e-05
-5.6452e-03
-1.6498e-02
-2.9725e-02
-4.0057e-02
-4.1044e-02
-3.0602e-02
-1.1495e-02
1.2436e-02
3.7726e-02
6.0796e-02
8.0668e-02
9.9808e-02
1.1946e-01
1.3574e-01
1.4324e-01
1.3967e-01
1.2567e-01
1.0536e-01
8.7162e-02
7.7767e-02
7.3733e-02
6.5939e-02
5.1874e-02
3.6178e-02
2.0607e-02
2.1459e-03
-2.0008e-02
-4.3382e-02
-6.5062e-02
-7.8328e-02
-7.1249e-02
-4.0618e-02
-2.4589e-03
2.1425e-02
2.6783e-02
2.5577e-02
2.8006e-02
3.5000e-02
4.5242e-02
5.6787e-02
6.3132e-02
5.8022e-02
4.4321e-02
3.1863e-02
2.6997e-02
3.1353e-02
4.6447e-02
7.0264e-02
9.1813e-02
9.7738e-02
8.5071e-02
6.0520e-02
3.0831e-02
1.0937e-03
-1.9897e-02
-2.4178e-02
-1.5133e-02
-5.7098e-03
-5.7557e-03
-1.5390e-02
-2.8777e-02
-3.8553e-02
-4.0273e-02
-3.8043e-02
-4.3094e-02
-6.1062e-02
-8.4486e-02
-1.0129e-01
-1.0629e-01
-1.0101e-01
-8.8884e-02
-7.5854e-02
-6.9187e-02
-6.8331e-02
-6.1611e-02
-3.8777e-02
-3.6324e-03
3.0750e-02
5.3840e-02
6.1590e-02
5.3554e-02
3.3848e-02
1.1558e-02
-4.5108e-03
-1.2722e-02
-1.6555e-02
-1.9173e-02
-2.1981e-02
-2.5651e-02
-2.8337e-02
-2.5846e-02
-1.6056e-02
-1.6270e-03
1.2442e-02
2.2191e-02
2.5659e-02
2.3776e-02
2.1324e-02
2.5256e-02
3.9945e-02
6.3318e-02
8.7640e-02
1.0410e-01
1.0890e-01
1.0545e-01
9.9590e-02
9.3099e-02
8.4300e-02
7.3217e-02
6.2113e-02
5.2321e-02
4.3725e-02
3.5412e-02
2.3263e-02
-6.1658e-05
-3.6557e-02
-7.5862e-02
-1.0230e-01
-1.0865e-01
-9.8532e-02
-7.9824e-02
-6.1749e-02
-5.3699e-02
-5.7817e-02
-6.5351e-02
-6.6801e-02
-6.1982e-02
-5.5739e-02
-4.9370e-02
-4.1629e-02
-3.1948e-02
-1.7462e-02
5.9739e-03
3.4305e-02
5.3946e-02
5.5717e-02
4.2901e-02
2.3344e-02
2.1437e-03
-1.5976e-02
-2.6866e-02
-3.1930e-02
-3.5613e-02
-3.6880e-02
-2.9936e-02
-1.3192e-02
8.0028e-03
2.6562e-02
3.7027e-02
3.7611e-02
3.3592e-02
3.3646e-02
3.9490e-02
4.3488e-02
3.9645e-02
3.0056e-02
1.9835e-02
1.1892e-02
8.7096e-03
1.1347e-02
1.5140e-02
1.2974e-02
3.7870e-03
-7.5062e-03
-1.7496e-02
-2.5304e-02
-2.9314e-02
-2.9519e-02
-3.1052e-02
-3.8139e-02
-4.7344e-02
-5.3167e-02
-5.7213e-02
-6.4960e-02
-7.6332e-02
-8.6407e-02
-9.1559e-02
-8.9469e-02
-7.5774e-02
-4.8504e-02
-1.4255e-02
1.3859e-02
2.5268e-02
1.6802e-02
-5.9568e-03
-3.0211e-02
-4.1715e-02
-3.4803e-02
-1.4584e-02
1.0365e-02
3.5338e-02
5.7999e-02
7.5221e-02
8.5213e-02
8.9974e-02
9.2541e-02
9.2887e-02
8.9375e-02
8.0978e-02
6.6857e-02
4.6909e-02
2.6278e-02
1.3852e-02
1.1213e-02
7.6303e-03
-9.0717e-03
-3.9906e-02
-7.6002e-02
-1.0477e-01
-1.1171e-01
-8.7324e-02
-4.1784e-02
-4.3489e-03
3.0071e-03
-1.4127e-02
-3.3636e-02
-4.0133e-02
-3.1006e-02
-1.1311e-02
8.6307e-03
1.7427e-02
1.3145e-02
4.7302e-03
3.0890e-04
3.6217e-04
3.4074e-03
8.3963e-03
1.0454e-02
3.7222e-03
-9.4719e-03
-2.0298e-02
-2.4651e-02
-2.5601e-02
-2.5220e-02
-2.2532e-02
-1.9349e-02
-2.0009e-02
-2.4644e-02
-2.9285e-02
-3.2605e-02
-3.7584e-02
-4.6601e-02
-5.8927e-02
-7.2097e-02
-8.2352e-02
-8.4114e-02
-7.2906e-02
-4.9076e-02
-1.7535e-02
1.5197e-02
4.2990e-02
6.1902e-02
7.1605e-02
7.3245e-02
6.6920e-02
5.3974e-02
3.9727e-02
2.8975e-02
2.0074e-02
8.6330e-03
-4.6395e-03
-1.5933e-02
-2.6522e-02
-4.0889e-02
-5.7491e-02
-6.9808e-02
-7.6452e-02
-8.2054e-02
-8.9416e-02
-9.7198e-02
-1.0371e-01
-1.0427e-01
-8.9473e-02
-5.4241e-02
-9.1937e-03
2.7180e-02
4.4485e-02
4.3412e-02
2.6926e-02
-2.3640e-04
-2.5889e-02
-3.4941e-02
-2.1659e-02
5.5862e-03
3.2412e-02
4.8740e-02
5.3737e-02
5.3135e-02
5.1474e-02
4.7872e-02
4.1121e-02
3.5224e-02
3.3983e-02
3.3175e-02
2.4966e-02
8.3002e-03
-1.0819e-02
-2.7675e-02
-4.1499e-02
-5.2200e-02
-6.0191e-02
-6.8125e-02
-7.7792e-02
-8.6516e-02
-9.0184e-02
-8.7763e-02
-8.0312e-02
-6.8618e-02
-5.4121e-02
-3.9573e-02
-2.8079e-02
-2.2697e-02
-2.4306e-02
-2.6316e-02
-1.6747e-02
7.8724e-03
3.3302e-02
4.0682e-02
2.5569e-02
-1.4747e-03
-2.8414e-02
-4.6148e-02
-4.7046e-02
-3.0760e-02
-9.0279e-03
6.3152e-03
1.7095e-02
3.2321e-02
5.2045e-02
6.7824e-02
7.5970e-02
8.0624e-02
8.3993e-02
8.2646e-02
7.3826e-02
5.9815e-02
4.5601e-02
3.6835e-02
3.8549e-02
5.1245e-02
6.8554e-02
8.1342e-02
8.4905e-02
8.1154e-02
7.5134e-02
7.0050e-02
6.6302e-02
6.2846e-02
5.8532e-02
5.2339e-02
4.4989e-02
3.9950e-02
4.1584e-02
5.0758e-02
6.3562e-02
7.4016e-02
7.7608e-02
7.2203e-02
5.9396e-02
4.4213e-02
3.1171e-02
1.8928e-02
2.8403e-03
-1.7699e-02
-3.5705e-02
-4.1060e-02
-2.7769e-02
5.9752e-04
3.0563e-02
4.7001e-02
4.4147e-02
2.9261e-02
1.3194e-02
1.3562e-03
-6.2861e-03
-1.0652e-02
-1.4347e-02
-2.1499e-02
-3.1743e-02
-3.7167e-02
-3.0992e-02
-1.7312e-02
-6.8798e-03
-5.0026e-03
-7.5267e-03
-7.6266e-03
-2.0441e-03
7.5039e-03
1.5380e-02
1.5400e-02
6.7434e-03
-5.3330e-03
-1.5974e-02
-2.3753e-02
-2.6531e-02
-2.0579e-02
-6.6238e-03
8.5542e-03
1.8720e-02
2.3474e-02
2.5601e-02
2.7005e-02
2.8161e-02
2.8434e-02
2.6398e-02
2.1540e-02
1.4914e-02
8.0012e-03
3.0388e-03
2.3870e-03
4.2075e-03
9.4911e-04
-1.2620e-02
-3.2022e-02
-4.6373e-02
-4.8743e-02
-3.7759e-02
-1.6687e-02
6.2093e-03
1.9370e-02
1.9649e-02
1.5491e-02
1.7229e-02
2.5109e-02
3.1294e-02
2.8272e-02
1.4665e-02
-4.4748e-03
-1.9173e-02
-2.0466e-02
-7.7047e-03
1.0889e-02
2.6133e-02
3.4248e-02
3.5560e-02
3.0637e-02
2.0655e-02
8.5732e-03
-3.6354e-03
-1.7430e-02
-3.4385e-02
-5.2335e-02
-6.7687e-02
-8.0178e-02
-9.1651e-02
-1.0226e-01
-1.1158e-01
-1.2039e-01
-1.2595e-01
-1.2004e-01
-9.8023e-02
-6.6975e-02
-3.9087e-02
-2.0821e-02
-1.2338e-02
-1.1929e-02
-1.5214e-02
-1.5961e-02
-1.3169e-02
-1.1826e-02
-1.1676e-02
-3.4430e-03
1.7387e-02
4.1784e-02
6.0345e-02
7.4941e-02
8.8466e-02
9.3385e-02
8.1721e-02
5.8255e-02
3.3826e-02
1.1178e-02
-1.2936e-02
-3.6617e-02
-5.3600e-02
-6.1487e-02
-6.0599e-02
-4.9101e-02
-2.7456e-02
-3.5458e-03
1.3655e-02
2.2717e-02
2.8606e-02
3.6145e-02
4.7305e-02
6.0598e-02
6.9549e-02
6.6185e-02
5.0913e-02
3.5528e-02
3.1001e-02
3.4696e-02
3.4430e-02
2.3562e-02
7.9363e-03
-1.4871e-03
7.4667e-04
1.0440e-02
1.6963e-02
1.1118e-02
-7.4505e-03
-2.9653e-02
-4.4648e-02
-4.7146e-02
-3.9051e-02
-2.7458e-02
-2.2165e-02
-2.8536e-02
-4.0158e-02
-4.2451e-02
-2.7097e-02
2.2573e-04
2.7239e-02
4.5927e-02
5.5098e-02
5.6419e-02
5.1973e-02
4.3645e-02
3.3773e-02
2.5210e-02
2.0081e-02
1.7176e-02
1.3125e-02
6.6369e-03
-3.9663e-04
-6.4481e-03
-1.2315e-02
-1.9320e-02
-2.8331e-02
-3.9625e-02
-5.1510e-02
-5.9969e-02
-6.2214e-02
-5.8896e-02
-5.1743e-02
-4.1832e-02
-3.2314e-02
-2.8552e-02
-3.2177e-02
-3.7443e-02
-3.6939e-02
-2.8993e-02
-1.8003e-02
-9.6033e-03
-6.4135e-03
-6.8164e-03
-6.8472e-03
-4.0850e-03
1.1190e-03
8.1935e-03
1.7497e-02
2.8803e-02
4.1035e-02
5.4703e-02
7.0550e-02
8.6780e-02
9.9944e-02
1.0935e-01
1.1494e-01
1.1171e-01
9.2123e-02
5.6050e-02
1.3542e-02
-2.2617e-02
-4.4218e-02
-4.9818e-02
-4.4910e-02
-3.9925e-02
-4.4606e-02
-6.0824e-02
-8.2113e-02
-9.9153e-02
-1.0546e-01
-9.8426e-02
-7.9796e-02
-5.5272e-02
-3.2856e-02
-1.8987e-02
-1.4496e-02
-1.3657e-02
-9.4310e-03
3.6583e-05
1.1015e-02
2.0565e-02
2.9896e-02
4.0335e-02
4.8908e-02
5.1594e-02
4.8231e-02
4.1587e-02
3.3042e-02
2.2367e-02
1.0397e-02
-9.7534e-04
-1.0898e-02
-1.8988e-02
-2.3409e-02
-2.2302e-02
-1.6849e-02
-1.1358e-02
-9.7692e-03
-1.2891e-02
-1.8444e-02
-2.3475e-02
-2.5623e-02
-2.2342e-02
-1.2196e-02
8.6985e-04
8.2383e-03
6.3004e-03
2.3601e-03
6.2458e-03
1.9899e-02
3.8631e-02
5.7756e-02
7.0986e-02
6.8991e-02
4.7689e-02
1.5578e-02
-1.3783e-02
-3.3159e-02
-4.0927e-02
-3.6257e-02
-2.1305e-02
-3.0965e-03
1.3000e-02
2.7635e-02
4.1630e-02
5.0653e-02
4.9800e-02
4.0503e-02
2.9387e-02
2.1907e-02
1.8980e-02
1.8629e-02
1.9098e-02
1.9373e-02
1.7230e-02
1.0057e-02
6.0438e-05
-3.8675e-03
5.7648e-03
2.6321e-02
4.7977e-02
6.4320e-02
7.4860e-02
7.8960e-02
7.3316e-02
5.6830e-02
3.3212e-02
8.6354e-03
-1.1097e-02
-2.1803e-02
-2.3918e-02
-2.3377e-02
-2.5554e-02
-2.8725e-02
-2.7939e-02
-2.3739e-02
-2.1226e-02
-2.2294e-02
-2.4762e-02
-2.7484e-02
-2.9992e-02
-2.8603e-02
-1.8847e-02
-1.0706e-03
2.0855e-02
4.3638e-02
6.3332e-02
7.4334e-02
7.5285e-02
7.1686e-02
6.8782e-02
6.6158e-02
6.2276e-02
5.8522e-02
5.5567e-02
5.0734e-02
4.2069e-02
3.0416e-02
1.6505e-02
5.2740e-04
-1.4959e-02
-2.6775e-02
-3.4686e-02
-4.0032e-02
-4.2537e-02
-4.2433e-02
-4.2913e-02
-4.5710e-02
-4.6524e-02
-3.9591e-02
-2.5277e-02
-9.8876e-03
6.9127e-04
4.4172e-03
3.2278e-03
2.8940e-03
1.0223e-02
2.6053e-02
4.2798e-02
5.2274e-02
5.2984e-02
4.7652e-02
3.7419e-02
2.3555e-02
1.0402e-02
8.5913e-04
-7.9581e-03
-1.7972e-02
-2.4366e-02
-2.3412e-02
-2.1499e-02
-2.7849e-02
-4.2395e-02
-5.7718e-02
-6.9410e-02
-7.6873e-02
-7.8912e-02
-7.5999e-02
-7.2725e-02
-7.2245e-02
-7.2067e-02
-6.9651e-02
-6.7281e-02
-6.8453e-02
-7.3122e-02
-7.9050e-02
-8.4241e-02
-8.7008e-02
-8.6650e-02
-8.2086e-02
-6.8898e-02
-4.2799e-02
-1.1581e-02
6.2343e-03
-5.1715e-04
-2.2946e-02
-4.5334e-02
-6.1995e-02
-7.5762e-02
-8.5339e-02
-8.5584e-02
-7.6817e-02
-6.6313e-02
-6.0749e-02
-6.1698e-02
-6.6778e-02
-7.1803e-02
-7.2837e-02
-6.9018e-02
-6.2971e-02
-5.7216e-02
-5.1837e-02
-4.6751e-02
-4.3882e-02
-4.4559e-02
-4.6816e-02
-4.7568e-02
-4.6119e-02
-4.2961e-02
-3.6384e-02
-2.3819e-02
-6.7226e-03
8.6754e-03
1.6147e-02
1.3772e-02
4.0674e-03
-7.5547e-03
-1.5335e-02
-1.6316e-02
-1.2025e-02
-6.6854e-03
-4.2495e-03
-6.6587e-03
-1.2738e-02
-1.8382e-02
-1.9498e-02
-1.5026e-02
-5.8628e-03
7.0574e-03
2.0953e-02
3.1195e-02
3.6613e-02
4.1240e-02
4.6542e-02
4.5978e-02
3.3267e-02
1.2083e-02
-7.4249e-03
-1.8580e-02
-1.8921e-02
-7.2995e-03
1.3686e-02
3.6243e-02
5.3906e-02
6.6823e-02
7.7828e-02
8.6684e-02
9.0289e-02
8.6186e-02
7.5583e-02
6.4187e-02
5.8703e-02
5.9195e-02
5.8390e-02
5.0918e-02
3.9704e-02
3.0073e-02
2.2903e-02
1.7483e-02
1.5933e-02
2.0821e-02
3.1042e-02
4.1955e-02
4.7983e-02
4.5977e-02
3.8853e-02
3.3349e-02
3.2001e-02
2.9655e-02
2.1005e-02
7.4807e-03
-5.3644e-03
-1.4082e-02
-1.7940e-02
-1.7329e-02
-1.4000e-02
-1.0566e-02
-8.0706e-03
-5.5127e-03
-2.1993e-03
1.7133e-03
6.4151e-03
1.2427e-02
1.9614e-02
2.7485e-02
3.5170e-02
4.0597e-02
4.1390e-02
3.7096e-02
2.9758e-02
2.2574e-02
1.8667e-02
2.0336e-02
2.7192e-02
3.5861e-02
4.2355e-02
4.5403e-02
4.6130e-02
4.6315e-02
4.6553e-02
4.6246e-02
4.3897e-02
3.8190e-02
2.8558e-02
1.5902e-02
2.8929e-03
-6.5609e-03
-1.0166e-02
-8.9812e-03
-5.2363e-03
3.1422e-04
7.0995e-03
1.3573e-02
1.9978e-02
2.9732e-02
4.4299e-02
5.7794e-02
6.1166e-02
5.2528e-02
4.0673e-02
3.6895e-02
4.3893e-02
5.3541e-02
5.5682e-02
4.8282e-02
3.7282e-02
2.8516e-02
2.3035e-02
1.9933e-02
1.9390e-02
2.1172e-02
2.2800e-02
2.0594e-02
1.2906e-02
2.4204e-03
-3.7691e-03
3.1762e-04
1.3194e-02
2.6194e-02
3.1613e-02
2.8512e-02
2.2176e-02
1.9763e-02
2.5040e-02
3.3596e-02
3.5641e-02
2.5766e-02
7.9988e-03
-1.0358e-02
-2.4900e-02
-3.3460e-02
-3.5568e-02
-3.5511e-02
-3.9065e-02
-4.4131e-02
-4.1144e-02
-2.6804e-02
-9.7129e-03
1.1780e-03
6.6016e-03
9.8787e-03
8.0485e-03
-3.3356e-03
-2.0961e-02
-3.6218e-02
-4.4194e-02
-4.5903e-02
-4.3524e-02
-3.7763e-02
-2.9157e-02
-1.9680e-02
-1.1787e-02
-6.8754e-03
-3.9232e-03
-1.2748e-03
7.6907e-04
5.3076e-04
-2.3470e-03
-7.6688e-03
-1.6356e-02
-2.6964e-02
-3.3026e-02
-2.8671e-02
-1.6347e-02
-4.7950e-03
-6.3013e-04
-4.3687e-03
-1.1019e-02
-1.1614e-02
5.4408e-04
2.1289e-02
3.8636e-02
4.6585e-02
4.8946e-02
4.8854e-02
4.3686e-02
3.2058e-02
1.7539e-02
3.3971e-03
-9.2664e-03
-1.8238e-02
-2.1306e-02
-2.0443e-02
-1.9069e-02
-1.6953e-02
-1.3047e-02
-1.0052e-02
-1.1251e-02
-1.6428e-02
-2.4512e-02
-3.5705e-02
-4.8440e-02
-5.8652e-02
-6.2892e-02
-5.8539e-02
-4.3591e-02
-2.2433e-02
-8.8218e-03
-1.4134e-02
-3.3773e-02
-5.2692e-02
-6.2048e-02
-6.3730e-02
-6.1822e-02
-5.7740e-02
-5.1604e-02
-4.3595e-02
-3.3696e-02
-2.3451e-02
-1.6198e-02
-1.3962e-02
-1.5086e-02
-1.6370e-02
-1.5647e-02
-1.2713e-02
-1.0363e-02
-1.2996e-02
-2.1965e-02
-3.3315e-02
-4.1577e-02
-4.3512e-02
-3.8181e-02
-2.6836e-02
-1.3353e-02
-1.4216e-03
8.7737e-03
1.8636e-02
2.7300e-02
3.3045e-02
3.6773e-02
4.0908e-02
4.5884e-02
5.0971e-02
5.6595e-02
6.2725e-02
6.6813e-02
6.6210e-02
6.1326e-02
5.4012e-02
4.5335e-02
3.6262e-02
2.9109e-02
2.5886e-02
2.6710e-02
2.9426e-02
3.0200e-02
2.4894e-02
1.1946e-02
-6.3158e-03
-2.5886e-02
-4.3636e-02
-5.6517e-02
-6.0277e-02
-5.2575e-02
-3.6927e-02
-2.1088e-02
-1.1214e-02
-8.9428e-03
-1.2997e-02
-2.0885e-02
-2.8138e-02
-2.9334e-02
-2.2609e-02
-1.1742e-02
-1.7409e-03
5.1072e-03
8.1697e-03
6.2506e-03
-2.1958e-04
-8.0777e-03
-1.4427e-02
-1.9568e-02
-2.5486e-02
-3.4015e-02
-4.5831e-02
-5.8158e-02
-6.3975e-02
-5.7692e-02
-4.1296e-02
-2.2857e-02
-9.7989e-03
-6.0697e-03
-1.1401e-02
-2.1914e-02
-3.3568e-02
-4.4639e-02
-4.9797e-02
-3.7796e-02
-5.6806e-03
2.8418e-02
4.0196e-02
2.6808e-02
6.5156e-03
-6.5094e-03
-1.3819e-02
-1.8728e-02
-1.7047e-02
-5.3369e-03
1.0985e-02
2.3482e-02
2.8445e-02
2.7285e-02
2.3187e-02
1.9403e-02
1.7604e-02
1.7149e-02
1.6947e-02
1.7678e-02
2.0791e-02
2.5395e-02
2.7501e-02
2.2720e-02
1.0494e-02
-4.7927e-03
-1.7001e-02
-2.2514e-02
-2.0708e-02
-1.3056e-02
-3.2582e-03
3.9568e-03
7.0920e-03
8.8706e-03
1.1251e-02
1.1642e-02
6.9064e-03
-8.7403e-04
-6.3473e-03
-7.5400e-03
-7.0424e-03
-7.2995e-03
-8.3362e-03
-9.1067e-03
-8.5128e-03
-5.0261e-03
2.5353e-03
1.3472e-02
2.5153e-02
3.4609e-02
4.0295e-02
4.2564e-02
4.3346e-02
4.3507e-02
4.1214e-02
3.3613e-02
2.1361e-02
9.2609e-03
3.0175e-03
5.0799e-03
1.3896e-02
2.5475e-02
3.5793e-02
4.1938e-02
4.2349e-02
3.7015e-02
2.8517e-02
2.2180e-02
2.2555e-02
2.9102e-02
3.7683e-02
4.5283e-02
4.9875e-02
4.6959e-02
3.2271e-02
8.5208e-03
-1.4933e-02
-3.0712e-02
-3.8097e-02
-3.8333e-02
-3.1892e-02
-2.2181e-02
-1.6465e-02
-1.9005e-02
-2.6553e-02
-3.1928e-02
-2.9610e-02
-1.8058e-02
-1.2967e-04
1.7151e-02
2.6425e-02
2.5118e-02
1.6080e-02
3.8660e-03
-7.1809e-03
-1.2336e-02
-8.6163e-03
5.7097e-04
5.8788e-03
-7.4202e-04
-1.9196e-02
-4.1458e-02
-5.7464e-02
-6.0440e-02
-5.0296e-02
-3.3536e-02
-1.9065e-02
-1.1185e-02
-8.2103e-03
-6.0349e-03
-1.8655e-03
4.4409e-03
9.4942e-03
7.8576e-03
-2.7574e-03
-1.8192e-02
-3.1944e-02
-4.1483e-02
-4.7899e-02
-5.1245e-02
-4.9518e-02
-4.1617e-02
-2.9407e-02
-1.7189e-02
-9.8206e-03
-9.5410e-03
-1.5055e-02
-2.3952e-02
-3.4151e-02
-4.1516e-02
-4.1248e-02
-3.3904e-02
-2.6082e-02
-2.2567e-02
-2.2345e-02
-2.3313e-02
-2.5066e-02
-2.4992e-02
-1.8624e-02
-6.1694e-03
6.9616e-03
1.8064e-02
2.8877e-02
3.9046e-02
4.4431e-02
4.3408e-02
3.8581e-02
3.2072e-02
2.4270e-02
1.7304e-02
1.3942e-02
1.3561e-02
1.2919e-02
1.0862e-02
8.5388e-03
6.1997e-03
2.1235e-03
-5.5432e-03
-1.7027e-02
-2.9726e-02
-3.8577e-02
-3.9856e-02
-3.4796e-02
-2.7634e-02
-2.0900e-02
-1.4774e-02
-9.6960e-03
-6.1207e-03
-3.6117e-03
-2.5628e-03
-4.8825e-03
-9.5191e-03
-1.0280e-02
-1.7041e-03
1.4077e-02
3.0279e-02
4.3199e-02
5.2475e-02
5.5543e-02
4.9821e-02
3.9626e-02
3.4200e-02
3.7098e-02
4.3276e-02
4.6690e-02
4.6353e-02
4.3735e-02
4.0229e-02
3.8735e-02
4.2316e-02
4.9376e-02
5.4385e-02
5.4630e-02
5.2367e-02
5.0906e-02
5.1117e-02
5.1487e-02
4.8798e-02
4.0702e-02
2.9728e-02
2.1715e-02
1.8181e-02
1.4388e-02
7.6851e-03
2.3960e-03
3.5578e-03
1.0346e-02
1.8816e-02
2.6917e-02
3.3686e-02
3.7488e-02
3.7977e-02
3.7237e-02
3.6900e-02
3.6370e-02
3.4965e-02
3.3459e-02
3.2893e-02
3.3021e-02
3.2848e-02
3.1372e-02
2.8508e-02
2.4788e-02
2.0088e-02
1.3189e-02
4.0910e-03
-5.4593e-03
-1.4657e-02
-2.5003e-02
-3.7192e-02
-4.8704e-02
-5.5831e-02
-5.6913e-02
-5.2792e-02
-4.5556e-02
-3.7944e-02
-3.2320e-02
-2.9832e-02
-2.9827e-02
-3.0102e-02
-2.7339e-02
-1.9712e-02
-8.9968e-03
9.4258e-04
8.0596e-03
1.2099e-02
1.2323e-02
8.6750e-03
4.3044e-03
2.6377e-03
3.0750e-03
2.7370e-03
5.9892e-04
-2.7126e-03
-7.6795e-03
-1.4525e-02
-2.0878e-02
-2.3701e-02
-2.3912e-02
-2.5561e-02
-3.0940e-02
-3.8645e-02
-4.5526e-02
-4.9003e-02
-4.7641e-02
-4.1940e-02
-3.4256e-02
-2.7528e-02
-2.2796e-02
-1.9260e-02
-1.6039e-02
-1.3200e-02
-1.0140e-02
-5.1731e-03
2.0059e-03
8.1282e-03
9.4121e-03
5.9709e-03
1.4991e-03
-7.3032e-04
-3.2458e-04
9.1557e-04
6.4199e-04
-2.2376e-03
-6.9831e-03
-1.2411e-02
-1.8776e-02
-2.6936e-02
-3.6260e-02
-4.5476e-02
-5.4570e-02
-6.4264e-02
-7.4115e-02
-8.2795e-02
-8.9089e-02
-9.2214e-02
-9.2515e-02
-9.1427e-02
-8.8547e-02
-7.9137e-02
-5.9392e-02
-3.3231e-02
-1.0124e-02
4.5611e-03
1.2359e-02
1.6453e-02
1.7980e-02
1.8101e-02
1.8488e-02
1.9080e-02
1.7692e-02
1.3091e-02
6.7329e-03
2.2368e-03
3.3448e-03
1.1195e-02
2.2337e-02
3.1087e-02
3.4987e-02
3.5488e-02
3.3130e-02
2.5839e-02
1.3505e-02
3.1361e-04
-9.4393e-03
-1.5279e-02
-1.9006e-02
-2.1207e-02
-2.1409e-02
-1.9571e-02
-1.5557e-02
-8.9221e-03
-5.3455e-04
7.1406e-03
1.2672e-02
1.6929e-02
2.1301e-02
2.5788e-02
2.9492e-02
3.1836e-02
3.2351e-02
3.0616e-02
2.6873e-02
2.2917e-02
2.0880e-02
2.1057e-02
2.0811e-02
1.7460e-02
1.1621e-02
6.2349e-03
2.1271e-03
-2.4464e-03
-7.6493e-03
-9.9792e-03
-5.9552e-03
4.2571e-03
1.7420e-02
3.0011e-02
3.9567e-02
4.5050e-02
4.6305e-02
4.2906e-02
3.4331e-02
2.2411e-02
1.1294e-02
3.4547e-03
-2.2501e-03
-7.2651e-03
-1.1296e-02
-1.4240e-02
-1.6606e-02
-1.6479e-02
-9.3866e-03
5.7261e-03
2.2750e-02
3.3171e-02
3.4355e-02
2.9765e-02
2.3561e-02
1.6546e-02
8.3819e-03
-2.3535e-04
-7.9688e-03
-1.4187e-02
-1.7184e-02
-1.3410e-02
-1.8820e-03
1.1589e-02
1.8132e-02
1.4421e-02
4.5746e-03
-5.2131e-03
-1.1295e-02
-1.2659e-02
-1.0157e-02
-5.8375e-03
-7.7207e-04
6.0097e-03
1.5091e-02
2.4129e-02
3.0019e-02
3.1746e-02
2.9936e-02
2.5449e-02
2.0108e-02
1.6460e-02
1.5922e-02
1.7852e-02
2.1196e-02
2.5061e-02
2.7907e-02
2.7801e-02
2.4878e-02
2.1824e-02
2.1071e-02
2.2792e-02
2.5687e-02
2.8618e-02
3.0828e-02
3.1913e-02
3.2426e-02
3.4113e-02
3.8422e-02
4.4111e-02
4.7081e-02
4.3443e-02
3.3302e-02
2.1704e-02
1.4596e-02
1.3488e-02
1.3786e-02
1.0311e-02
3.0642e-03
-3.7591e-03
-7.4859e-03
-8.3915e-03
-6.5142e-03
-1.8144e-03
2.5396e-03
4.1218e-04
-1.0788e-02
-2.6316e-02
-3.8676e-02
-4.4889e-02
-4.7138e-02
-4.7385e-02
-4.4248e-02
-3.5053e-02
-2.0501e-02
-5.8814e-03
3.2560e-03
6.4834e-03
8.1087e-03
1.1888e-02
1.7706e-02
2.3235e-02
2.6931e-02
2.8065e-02
2.5248e-02
1.7870e-02
8.2236e-03
-1.6030e-04
-6.4985e-03
-1.2025e-02
-1.5605e-02
-1.2873e-02
-2.1568e-03
1.1343e-02
1.9328e-02
1.7812e-02
8.6596e-03
-3.5116e-03
-1.3861e-02
-1.7654e-02
-1.2914e-02
-3.1546e-03
4.7075e-03
6.2726e-03
2.3491e-03
-3.2515e-03
-6.5439e-03
-5.3026e-03
-6.2157e-04
3.6410e-03
4.2997e-03
1.4594e-03
-3.2741e-03
-8.5701e-03
-1.3018e-02
-1.4779e-02
-1.3782e-02
-1.1518e-02
-8.4833e-03
-4.5295e-03
-1.8004e-03
-3.3771e-03
-8.3938e-03
-1.2517e-02
-1.3103e-02
-1.1055e-02
-8.3976e-03
-7.4211e-03
-1.0676e-02
-1.8084e-02
-2.5631e-02
-3.0114e-02
-3.2729e-02
-3.5192e-02
-3.5541e-02
-3.2112e-02
-2.7271e-02
-2.3613e-02
-1.9883e-02
-1.5188e-02
-1.2247e-02
-1.2372e-02
-1.1218e-02
-4.2178e-03
6.8142e-03
1.6538e-02
2.2708e-02
2.6151e-02
2.6847e-02
2.4414e-02
2.0010e-02
1.4367e-02
5.7290e-03
-6.6155e-03
-1.8662e-02
-2.4193e-02
-2.1720e-02
-1.6052e-02
-1.3219e-02
-1.4832e-02
-1.8635e-02
-2.1821e-02
-2.2906e-02
-2.1437e-02
-1.8334e-02
-1.6465e-02
-1.8974e-02
-2.6299e-02
-3.5054e-02
-4.0812e-02
-4.1319e-02
-3.7902e-02
-3.4207e-02
-3.3739e-02
-3.7648e-02
-4.4643e-02
-5.1963e-02
-5.6555e-02
-5.6886e-02
-5.4053e-02
-5.0052e-02
-4.5502e-02
-4.1062e-02
-3.8951e-02
-4.0102e-02
-4.1208e-02
-3.8978e-02
-3.5000e-02
-3.2504e-02
-3.0539e-02
-2.7156e-02
-2.5069e-02
-2.7709e-02
-3.1374e-02
-2.9081e-02
-2.0962e-02
-1.3942e-02
-1.2216e-02
-1.3941e-02
-1.6109e-02
-1.7878e-02
-1.9732e-02
-2.2208e-02
-2.4690e-02
-2.4640e-02
-1.9556e-02
-1.0954e-02
-3.5220e-03
1.9010e-04
1.7263e-03
3.0506e-03
4.2669e-03
5.0159e-03
5.4125e-03
6.0026e-03
7.8093e-03
1.1569e-02
1.6010e-02
1.9567e-02
2.3371e-02
2.9545e-02
3.6326e-02
3.9487e-02
3.8243e-02
3.5476e-02
3.2763e-02
3.0080e-02
2.9269e-02
3.1699e-02
3.3592e-02
2.9732e-02
2.1130e-02
1.3030e-02
7.2660e-03
2.7596e-03
1.6312e-03
7.5786e-03
1.9073e-02
3.0208e-02
3.8289e-02
4.4980e-02
5.0063e-02
4.9864e-02
4.2445e-02
3.0459e-02
1.7690e-02
6.1770e-03
-3.3927e-03
-1.0556e-02
-1.5443e-02
-1.8164e-02
-1.7985e-02
-1.4515e-02
-9.5535e-03
-5.6126e-03
-3.0992e-03
-1.1574e-03
-3.1518e-05
3.5628e-04
3.1562e-03
1.1392e-02
2.2134e-02
2.8700e-02
2.8788e-02
2.5852e-02
2.2457e-02
1.8413e-02
1.5419e-02
1.7042e-02
2.2711e-02
2.7226e-02
2.7963e-02
2.7783e-02
2.9700e-02
3.3111e-02
3.6707e-02
4.0303e-02
4.2444e-02
4.0506e-02
3.4668e-02
2.8398e-02
2.4114e-02
2.1352e-02
1.9480e-02
1.9128e-02
1.9964e-02
2.0299e-02
1.9812e-02
2.0228e-02
2.2225e-02
2.4235e-02
2.4925e-02
2.4572e-02
2.2889e-02
1.8306e-02
1.0374e-02
7.2040e-04
-8.6462e-03
-1.5752e-02
-1.8389e-02
-1.6790e-02
-1.5258e-02
-1.8024e-02
-2.3479e-02
-2.5436e-02
-1.9937e-02
-8.4546e-03
4.5265e-03
1.4558e-02
1.8520e-02
1.6466e-02
1.1967e-02
9.2214e-03
9.8506e-03
1.2549e-02
1.5037e-02
1.6162e-02
1.6843e-02
1.8075e-02
1.7863e-02
1.2913e-02
3.8528e-03
-4.3826e-03
-8.9955e-03
-1.1758e-02
-1.4307e-02
-1.5546e-02
-1.5683e-02
-1.7642e-02
-2.2104e-02
-2.5691e-02
-2.5875e-02
-2.3273e-02
-1.8154e-02
-1.0162e-02
-2.3839e-03
7.7613e-05
-3.5382e-03
-9.1067e-03
-1.3711e-02
-1.7222e-02
-1.9263e-02
-1.9381e-02
-1.9772e-02
-2.3189e-02
-2.9306e-02
-3.5533e-02
-3.9573e-02
-4.0050e-02
-3.7187e-02
-3.3084e-02
-2.7852e-02
-1.6182e-02
5.8149e-03
3.1377e-02
4.8006e-02
5.2571e-02
5.2801e-02
5.4572e-02
5.5592e-02
5.2908e-02
4.8627e-02
4.6024e-02
4.4733e-02
4.2783e-02
3.9879e-02
3.7389e-02
3.6166e-02
3.5970e-02
3.5192e-02
3.2767e-02
2.9626e-02
2.7356e-02
2.5285e-02
2.1760e-02
1.7575e-02
1.5051e-02
1.4413e-02
1.3521e-02
1.1310e-02
8.3109e-03
4.6527e-03
1.5258e-04
-3.8876e-03
-5.8274e-03
-7.0955e-03
-1.1297e-02
-2.0204e-02
-3.1830e-02
-4.2671e-02
-4.9588e-02
-5.0686e-02
-4.6228e-02
-3.9122e-02
-3.3096e-02
-3.0231e-02
-3.0389e-02
-3.2240e-02
-3.3734e-02
-3.2801e-02
-2.8876e-02
-2.3351e-02
-1.7827e-02
-1.3131e-02
-1.0278e-02
-1.0669e-02
-1.3685e-02
-1.5877e-02
-1.4668e-02
-1.1351e-02
-8.0916e-03
-3.9827e-03
2.7551e-03
1.0696e-02
1.6350e-02
1.8946e-02
2.0600e-02
2.2981e-02
2.5732e-02
2.8301e-02
2.9971e-02
2.9443e-02
2.5297e-02
1.8095e-02
1.0906e-02
8.0337e-03
1.0891e-02
1.5217e-02
1.4212e-02
6.0408e-03
-4.1631e-03
-1.0322e-02
-1.0718e-02
-6.8347e-03
-1.1108e-03
3.5122e-03
5.3791e-03
6.0874e-03
8.2065e-03
1.1750e-02
1.5125e-02
1.7189e-02
1.6435e-02
1.1263e-02
3.7154e-03
-1.1868e-03
-2.0478e-03
-2.3871e-03
-4.5393e-03
-7.3081e-03
-1.0472e-02
-1.5492e-02
-2.1168e-02
-2.4566e-02
-2.6114e-02
-2.8776e-02
-3.2167e-02
-3.4513e-02
-3.7564e-02
-4.3551e-02
-4.9457e-02
-5.1664e-02
-5.2487e-02
-5.5543e-02
-5.7678e-02
-5.2916e-02
-4.1541e-02
-2.9107e-02
-1.8427e-02
-9.3881e-03
-3.6718e-03
-3.8369e-03
-8.6892e-03
-1.4292e-02
-1.8148e-02
-1.9690e-02
-1.8656e-02
-1.5463e-02
-1.1911e-02
-9.6927e-03
-9.8009e-03
-1.3048e-02
-1.8732e-02
-2.2368e-02
-1.8703e-02
-7.8167e-03
3.6808e-03
9.2203e-03
7.8777e-03
3.1244e-03
-1.8794e-03
-6.0772e-03
-9.3426e-03
-1.1238e-02
-1.0504e-02
-6.7405e-03
-2.4767e-03
-1.9957e-03
-6.3600e-03
-1.2200e-02
-1.6337e-02
-1.8980e-02
-2.0260e-02
-1.7567e-02
-9.7222e-03
-2.0013e-04
7.8676e-03
1.6089e-02
2.6593e-02
3.7070e-02
4.3848e-02
4.6173e-02
4.5151e-02
4.1284e-02
3.5690e-02
3.0672e-02
2.7492e-02
2.5271e-02
2.2957e-02
2.0398e-02
1.7692e-02
1.4896e-02
1.1745e-02
7.4612e-03
1.8847e-03
-2.5748e-03
-2.6829e-03
2.1273e-03
8.8378e-03
1.3589e-02
1.3756e-02
9.2189e-03
3.3481e-03
5.7423e-04
1.4095e-03
2.3340e-03
1.2113e-03
-9.9098e-04
-4.0745e-03
-9.5294e-03
-1.6764e-02
-2.2708e-02
-2.5795e-02
-2.6873e-02
-2.5643e-02
-2.1064e-02
-1.4301e-02
-7.7040e-03
-6.9999e-04
7.9030e-03
1.5828e-02
1.9672e-02
2.0438e-02
2.1627e-02
2.3746e-02
2.4974e-02
2.5088e-02
2.4738e-02
2.2799e-02
1.8775e-02
1.5244e-02
1.5035e-02
1.7809e-02
2.1593e-02
2.4853e-02
2.5806e-02
2.3257e-02
1.9543e-02
1.9331e-02
2.3915e-02
2.9778e-02
3.3147e-02
3.3320e-02
3.1299e-02
2.8354e-02
2.5896e-02
2.4859e-02
2.4907e-02
2.5352e-02
2.5488e-02
2.4546e-02
2.2573e-02
2.0937e-02
1.9644e-02
1.5893e-02
7.8704e-03
-1.4938e-03
-7.9010e-03
-1.1575e-02
-1.5596e-02
-2.0644e-02
-2.4901e-02
-2.8005e-02
-3.0959e-02
-3.3765e-02
-3.5470e-02
-3.5602e-02
-3.3666e-02
-2.9296e-02
-2.4091e-02
-2.0987e-02
-2.0136e-02
-1.8664e-02
-1.5777e-02
-1.4687e-02
-1.7216e-02
-2.0369e-02
-2.1212e-02
-2.1820e-02
-2.5921e-02
-3.2609e-02
-3.7257e-02
-3.7195e-02
-3.3909e-02
-3.0155e-02
-2.8019e-02
-2.8910e-02
-3.3487e-02
-3.9923e-02
-4.6208e-02
-4.9999e-02
-4.8497e-02
-3.9837e-02
-2.6036e-02
-1.2571e-02
-3.5599e-03
5.3246e-04
6.2643e-04
-2.3614e-03
-5.8642e-03
-6.0584e-03
-1.7552e-03
4.1893e-03
8.1015e-03
8.8926e-03
7.6300e-03
5.3087e-03
1.8571e-03
-2.8011e-03
-7.3156e-03
-8.9938e-03
-6.2970e-03
-5.8232e-04
5.3778e-03
9.9420e-03
1.2511e-02
1.3323e-02
1.3550e-02
1.3782e-02
1.2171e-02
7.0680e-03
4.1560e-04
-4.7395e-03
-8.9919e-03
-1.4778e-02
-2.0508e-02
-2.1946e-02
-1.9106e-02
-1.6888e-02
-1.8084e-02
-2.0589e-02
-2.2326e-02
-2.4195e-02
-2.6677e-02
-2.7353e-02
-2.4639e-02
-2.0345e-02
-1.6485e-02
-1.1655e-02
-4.2730e-03
3.2574e-03
7.2062e-03
8.8157e-03
1.2590e-02
1.9199e-02
2.4753e-02
2.6797e-02
2.5879e-02
2.1860e-02
1.3996e-02
4.9253e-03
-6.7925e-04
-2.4931e-03
-4.9278e-03
-1.0200e-02
-1.5701e-02
-1.8354e-02
-1.7478e-02
-1.3415e-02
-7.2366e-03
-1.6586e-03
9.6988e-04
1.4570e-03
2.0047e-03
2.7104e-03
2.9791e-03
5.1023e-03
1.1749e-02
2.1091e-02
2.8124e-02
3.1084e-02
3.2374e-02
3.3831e-02
3.4694e-02
3.5394e-02
3.8845e-02
4.6105e-02
5.4030e-02
5.9185e-02
6.1394e-02
6.1787e-02
6.0057e-02
5.5265e-02
4.7928e-02
3.9673e-02
3.1679e-02
2.4502e-02
1.8961e-02
1.5963e-02
1.5613e-02
1.6896e-02
1.8212e-02
1.8371e-02
1.6908e-02
1.3892e-02
1.0218e-02
8.2114e-03
1.0085e-02
1.4812e-02
1.8612e-02
1.8999e-02
1.7293e-02
1.5393e-02
1.3322e-02
1.0223e-02
6.1635e-03
1.4651e-03
-3.2947e-03
-6.5913e-03
-6.9310e-03
-4.8086e-03
-2.2948e-03
-7.7751e-04
-1.5353e-04
4.1108e-04
2.6034e-03
8.3131e-03
1.6564e-02
2.2498e-02
2.1649e-02
1.4636e-02
5.9238e-03
-4.5698e-04
-3.4698e-03
-3.8271e-03
-2.4806e-03
2.3694e-05
2.5821e-03
3.7553e-03
3.4867e-03
4.4711e-03
9.4164e-03
1.6988e-02
2.2579e-02
2.3327e-02
2.0415e-02
1.6262e-02
1.2135e-02
8.7156e-03
6.8947e-03
6.7195e-03
7.0224e-03
6.4211e-03
3.8944e-03
-8.7997e-04
-6.5808e-03
-1.0803e-02
-1.2997e-02
-1.5305e-02
-1.9471e-02
-2.4128e-02
-2.6676e-02
-2.6265e-02
-2.3976e-02
-2.1313e-02
-1.9643e-02
-1.9642e-02
-2.0803e-02
-2.2412e-02
-2.4553e-02
-2.6587e-02
-2.6146e-02
-2.1783e-02
-1.5533e-02
-1.0208e-02
-5.8244e-03
-1.2599e-03
2.2673e-03
2.9175e-03
1.6704e-03
9.7130e-04
1.2866e-03
1.3629e-03
3.4507e-04
-2.1493e-03
-6.2242e-03
-1.0739e-02
-1.3839e-02
-1.5582e-02
-1.7449e-02
-1.9384e-02
-1.9977e-02
-1.9814e-02
-2.0834e-02
-2.2963e-02
-2.4263e-02
-2.4301e-02
-2.4126e-02
-2.3665e-02
-2.2065e-02
-2.0186e-02
-1.9900e-02
-2.1208e-02
-2.2357e-02
-2.2332e-02
-2.1442e-02
-1.9952e-02
-1.8225e-02
-1.7317e-02
-1.7974e-02
-1.9078e-02
-1.8865e-02
-1.7260e-02
-1.6001e-02
-1.6075e-02
-1.6707e-02
-1.6968e-02
-1.6710e-02
-1.4903e-02
-9.4778e-03
-3.9857e-04
8.5201e-03
1.3322e-02
1.3966e-02
1.2970e-02
1.1403e-02
8.9454e-03
6.5231e-03
6.0195e-03
7.5032e-03
8.9468e-03
9.1021e-03
8.9469e-03
9.9420e-03
1.1664e-02
1.2176e-02
1.0382e-02
7.5578e-03
5.8682e-03
5.9136e-03
6.3178e-03
5.6791e-03
3.8796e-03
1.6696e-03
3.6891e-05
7.8678e-05
2.3153e-03
5.7651e-03
8.4696e-03
9.2844e-03
8.8464e-03
8.5169e-03
8.8922e-03
9.7850e-03
1.0975e-02
1.2073e-02
1.1967e-02
9.5033e-03
4.9459e-03
1.1412e-04
-3.2951e-03
-4.9019e-03
-4.9091e-03
-3.4807e-03
-1.3582e-03
-6.3494e-05
-4.4281e-04
-1.6517e-03
-2.3122e-03
-2.3505e-03
-2.6315e-03
-3.1113e-03
-2.7835e-03
-1.5220e-03
-7.2724e-04
-1.4701e-03
-3.0179e-03
-3.9767e-03
-4.1306e-03
-4.3351e-03
-5.1040e-03
-6.0557e-03
-6.1571e-03
-4.3965e-03
-8.3555e-04
2.8609e-03
4.7533e-03
4.6549e-03
3.9411e-03
3.6907e-03
3.9953e-03
4.7675e-03
5.8598e-03
6.4669e-03
5.8199e-03
4.4168e-03
3.7005e-03
4.2571e-03
5.3168e-03
5.8693e-03
5.5595e-03
4.5256e-03
3.1865e-03
2.2493e-03
2.2076e-03
2.7786e-03
3.0725e-03
2.5225e-03
1.2533e-03
-1.8358e-04
-1.2707e-03
-1.5111e-03
-5.9788e-04
1.2813e-03
3.2956e-03
4.5173e-03
4.5326e-03
3.4936e-03
1.8173e-03
4.3804e-05
-1.1640e-03
-1.4214e-03
-8.6944e-04
-7.3596e-05
2.9849e-04
-2.7782e-04
-1.7428e-03
-3.1827e-03
-3.4926e-03
-2.5406e-03
-1.2298e-03
-2.7099e-04
4.1305e-04
7.7889e-04
3.3070e-04
-9.9230e-04
-2.2871e-03
-2.7803e-03
-2.6455e-03
-2.4900e-03
-2.4172e-03
-2.0849e-03
-1.1927e-03
3.4228e-04
2.3081e-03
4.0120e-03
4.5384e-03
3.5238e-03
1.5977e-03
-9.4132e-05
-8.0111e-04
-6.7313e-04
-3.6880e-04
-3.2531e-04
-4.7880e-04
-5.6426e-04
-4.4871e-04
-2.3806e-04
-2.4003e-04
-6.3154e-04
-1.1556e-03
-1.2608e-03
-7.3694e-04
1.3699e-04
1.0241e-03
1.7492e-03
2.0489e-03
1.6989e-03
9.7645e-04
4.5614e-04
3.4473e-04
4.0608e-04
4.2314e-04
3.0526e-04
1.1215e-05
-2.9415e-04
-1.8224e-04
4.4730e-04
9.8470e-04
5.7869e-04
-1.0202e-03
-3.3917e-03
-5.7699e-03
-7.3628e-03
-7.6583e-03
-6.7849e-03
-5.4187e-03
-4.2854e-03
-3.6891e-03
-3.4266e-03
-3.1003e-03
-2.5231e-03
-1.8269e-03
-1.2461e-03
-8.4751e-04
-5.3165e-04
-1.6382e-04
2.8729e-04
7.5216e-04
1.1126e-03
1.3963e-03
1.7428e-03
2.1314e-03
2.2465e-03
1.9260e-03
1.4533e-03
1.1588e-03
9.6525e-04
6.8480e-04
4.4181e-04
4.3077e-04
5.8022e-04
7.6138e-04
1.0738e-03
1.5472e-03
1.8700e-03
1.7507e-03
1.3072e-03
7.7340e-04
1.5640e-04
-4.8589e-04
-7.7858e-04
-4.5871e-04
2.2313e-04
7.8947e-04
1.0534e-03
1.0684e-03
8.4744e-04
3.9506e-04
-1.1545e-04
-4.4777e-04
-5.3076e-04
-4.4337e-04
-2.7487e-04
-7.0769e-05
1.3572e-04
3.1709e-04
4.5373e-04
5.2451e-04
5.4066e-04
5.6545e-04
6.6608e-04
8.2796e-04
9.6982e-04
1.0294e-03
1.0332e-03
1.0704e-03
1.2131e-03
1.4405e-03
1.6416e-03
1.7072e-03
1.6286e-03
1.4913e-03
1.3963e-03
1.3935e-03
1.4646e-03
1.5355e-03
1.5111e-03
1.3201e-03
9.7258e-04
5.6848e-04
2.3632e-04
4.6315e-05
-2.0662e-05
-3.5752e-05
-4.6182e-05
-4.7194e-05
-2.5813e-05
2.9782e-06
2.4042e-05
4.6924e-05
7.3088e-05
6.9310e-05
1.2792e-05
-5.9889e-05
-8.9830e-05
-7.5352e-05
-6.7252e-05
-9.3668e-05
-1.1920e-04
-9.4225e-05
-1.3153e-05
8.0702e-05
1.4225e-04
1.5846e-04
1.4238e-04
1.0563e-04
5.5151e-05
6.1364e-06
-2.3323e-05
-3.5543e-05
-5.0735e-05
-8.0579e-05
-1.1614e-04
-1.4582e-04
-1.6973e-04
-1.9418e-04
-2.1914e-04
-2.3989e-04
-2.5350e-04
-2.6062e-04
-2.6116e-04
-2.5402e-04
-2.4027e-04
-2.2441e-04
-2.0931e-04
-1.9374e-04
-1.7624e-04
-1.5842e-04
-1.4188e-04
-1.2543e-04
-1.0709e-04
-8.6522e-05
-6.4725e-05
-4.3509e-05
-2.5106e-05
-1.0381e-05
1.8496e-06
1.2977e-05
