1.5279e-04
1.5246e-04
1.5211e-04
1.5177e-04
1.5143e-04
1.5110e-04
1.5078e-04
1.5045e-04
1.5013e-04
1.4982e-04
1.4952e-04
1.4921e-04
1.4891e-04
1.4861e-04
1.4832e-04
1.4803e-04
1.4773e-04
1.4744e-04
1.4718e-04
1.4691e-04
1.4662e-04
1.4634e-04
1.4608e-04
1.4581e-04
1.4557e-04
1.4538e-04
1.4516e-04
1.4487e-04
1.4459e-04
1.4435e-04
1.4415e-04
1.4395e-04
1.4374e-04
1.4350e-04
1.4327e-04
1.4308e-04
1.4288e-04
1.4269e-04
1.4258e-04
1.4242e-04
1.4218e-04
1.4195e-04
1.4182e-04
1.4169e-04
1.4148e-04
1.4129e-04
1.4112e-04
1.4093e-04
1.4069e-04
1.4047e-04
1.4039e-04
1.4032e-04
1.4022e-04
1.4014e-04
1.4001e-04
1.3991e-04
1.3976e-04
1.3957e-04
1.3953e-04
1.3954e-04
1.3944e-04
1.3921e-04
1.3905e-04
1.3900e-04
1.3887e-04
1.3871e-04
1.3875e-04
1.3896e-04
1.3898e-04
1.3866e-04
1.3827e-04
1.3805e-04
1.3818e-04
1.3835e-04
1.3820e-04
1.3807e-04
1.3806e-04
1.3788e-04
1.3763e-04
1.3772e-04
1.3802e-04
1.3793e-04
1.3754e-04
1.3747e-04
1.3768e-04
1.3788e-04
1.3789e-04
1.3791e-04
1.3802e-04
1.3783e-04
1.3754e-04
1.3750e-04
1.3782e-04
1.3817e-04
1.3804e-04
1.3782e-04
1.3788e-04
1.3806e-04
1.3800e-04
1.3803e-04
1.3871e-04
1.3924e-04
1.3883e-04
1.3780e-04
1.3713e-04
1.3727e-04
1.3758e-04
1.3798e-04
1.3855e-04
1.3884e-04
1.3868e-04
1.3836e-04
1.3821e-04
1.3854e-04
1.3906e-04
1.3899e-04
1.3881e-04
1.3881e-04
1.3850e-04
1.3824e-04
1.3886e-04
1.4014e-04
1.4065e-04
1.4013e-04
1.3934e-04
1.3900e-04
1.3908e-04
1.3903e-04
1.3926e-04
1.3985e-04
1.4001e-04
1.4005e-04
1.3980e-04
1.3974e-04
1.4099e-04
1.4217e-04
1.4204e-04
1.4132e-04
1.4102e-04
1.4129e-04
1.4203e-04
1.4311e-04
1.4320e-04
1.4215e-04
1.4161e-04
1.4207e-04
1.4220e-04
1.4168e-04
1.4183e-04
1.4278e-04
1.4371e-04
1.4371e-04
1.4257e-04
1.4205e-04
1.4244e-04
1.4263e-04
1.4324e-04
1.4426e-04
1.4472e-04
1.4373e-04
1.4270e-04
1.4381e-04
1.4555e-04
1.4588e-04
1.4517e-04
1.4518e-04
1.4567e-04
1.4561e-04
1.4565e-04
1.4646e-04
1.4753e-04
1.4705e-04
1.4559e-04
1.4516e-04
1.4579e-04
1.4719e-04
1.4846e-04
1.4814e-04
1.4727e-04
1.4658e-04
1.4630e-04
1.4764e-04
1.4890e-04
1.4963e-04
1.5030e-04
1.5010e-04
1.5004e-04
1.4948e-04
1.4860e-04
1.4886e-04
1.5020e-04
1.5157e-04
1.5121e-04
1.4980e-04
1.4896e-04
1.4964e-04
1.5131e-04
1.5204e-04
1.5167e-04
1.5117e-04
1.5121e-04
1.5102e-04
1.5101e-04
1.5281e-04
1.5502e-04
1.5528e-04
1.5310e-04
1.5120e-04
1.5092e-04
1.5218e-04
1.5440e-04
1.5597e-04
1.5743e-04
1.5752e-04
1.5568e-04
1.5454e-04
1.5573e-04
1.5771e-04
1.5763e-04
1.5673e-04
1.5664e-04
1.5629e-04
1.5562e-04
1.5615e-04
1.5790e-04
1.5858e-04
1.5624e-04
1.5320e-04
1.5359e-04
1.5640e-04
1.5766e-04
1.5783e-04
1.5942e-04
1.6119e-04
1.6049e-04
1.5869e-04
1.5802e-04
1.5852e-04
1.6019e-04
1.6048e-04
1.5855e-04
1.5795e-04
1.5864e-04
1.5979e-04
1.6150e-04
1.6391e-04
1.6527e-04
1.6290e-04
1.6103e-04
1.6219e-04
1.6251e-04
1.5994e-04
1.5796e-04
1.5982e-04
1.6245e-04
1.6321e-04
1.6189e-04
1.6193e-04
1.6385e-04
1.6420e-04
1.6440e-04
1.6495e-04
1.6411e-04
1.6254e-04
1.6225e-04
1.6306e-04
1.6441e-04
1.6595e-04
1.6675e-04
1.6637e-04
1.6484e-04
1.6443e-04
1.6570e-04
1.6595e-04
1.6460e-04
1.6341e-04
1.6354e-04
1.6580e-04
1.6780e-04
1.6803e-04
1.6865e-04
1.6937e-04
1.6804e-04
1.6481e-04
1.6474e-04
1.6833e-04
1.7118e-04
1.7133e-04
1.6735e-04
1.6341e-04
1.6370e-04
1.6631e-04
1.6865e-04
1.7020e-04
1.7083e-04
1.6821e-04
1.6485e-04
1.6657e-04
1.7032e-04
1.7048e-04
1.6930e-04
1.6997e-04
1.7180e-04
1.7336e-04
1.7118e-04
1.6806e-04
1.6638e-04
1.6676e-04
1.6803e-04
1.6782e-04
1.6957e-04
1.6736e-04
1.6784e-04
1.6575e-04
1.6692e-04
1.7268e-04
1.6446e-04
1.6255e-04
1.5560e-04
1.7524e-04
1.6346e-04
1.6156e-04
1.7810e-04
8.3153e-05
1.3342e-05
-1.6427e-04
-2.2542e-04
-3.5536e-04
-3.6095e-04
3.7259e-04
8.7398e-04
1.0975e-03
7.5664e-04
-5.1457e-05
-9.5771e-04
-8.9941e-04
6.0232e-04
1.6115e-03
2.8777e-03
1.8036e-03
-1.1341e-03
-1.8404e-03
-1.7375e-03
-5.3808e-04
1.9255e-03
3.2375e-03
1.6119e-03
4.7855e-04
-5.2099e-04
-2.2787e-03
-5.1733e-04
1.2277e-03
-7.5088e-04
-2.5737e-03
1.8736e-03
4.6328e-03
6.1132e-04
-1.7492e-03
-2.7696e-03
-2.5895e-03
-1.3219e-03
2.9918e-03
6.3269e-03
1.2312e-03
-2.7955e-03
-1.1983e-03
6.1980e-04
-1.0929e-03
-2.3570e-03
-1.4113e-03
-1.0658e-03
8.8460e-04
2.3399e-03
4.6630e-03
6.2650e-03
1.8252e-03
-6.1986e-03
-1.1830e-02
-8.4269e-03
1.5740e-03
1.2298e-02
1.4371e-02
3.7587e-03
-9.0133e-03
-1.4300e-02
-7.3772e-03
2.4506e-03
6.5790e-03
8.4410e-03
5.8529e-03
-2.4275e-03
-8.2526e-03
-4.1848e-03
3.3152e-03
4.3826e-03
2.5183e-03
4.9936e-03
7.6042e-03
-2.9546e-04
-1.1646e-02
-8.7205e-03
1.7275e-03
4.8352e-03
5.9774e-03
6.8280e-03
1.2611e-03
-5.3460e-03
-6.8610e-03
-6.2148e-03
-1.8284e-03
8.6397e-03
9.4766e-03
-4.6775e-03
-1.4281e-02
-1.1218e-02
-1.2703e-03
6.7752e-03
8.0590e-03
8.6732e-03
3.9899e-03
-5.7707e-03
-4.2938e-03
2.0639e-03
-1.3602e-03
-6.5883e-03
-1.8987e-03
5.0792e-03
6.2561e-03
1.0699e-02
1.7199e-02
8.4405e-03
-1.0985e-02
-1.7948e-02
-1.0956e-02
-9.5975e-04
6.3363e-03
9.9378e-03
1.0628e-02
4.9223e-03
-3.7124e-03
-5.7698e-03
-3.2488e-03
-5.3306e-03
-1.2246e-02
-1.4152e-02
-5.8887e-03
7.7475e-03
1.4431e-02
4.2042e-03
-3.6235e-03
1.2032e-03
4.2616e-03
2.7733e-03
-1.1477e-03
-3.3207e-03
-5.0194e-03
-6.5689e-03
-4.5249e-03
6.6499e-03
1.3541e-02
1.5978e-03
-8.4590e-03
-1.3427e-02
-1.4079e-02
1.0926e-04
2.2196e-02
3.4291e-02
3.2908e-02
2.3380e-02
2.0967e-03
-2.0634e-02
-3.6222e-02
-1.8399e-02
3.1277e-02
5.9652e-02
5.4334e-02
2.4502e-02
-6.6756e-03
-2.4401e-02
-2.6022e-02
3.1467e-03
3.9849e-02
4.8830e-02
2.4300e-02
2.7648e-03
-1.0649e-03
-1.8511e-02
-3.9171e-02
-2.6561e-02
1.8075e-02
4.9595e-02
2.8303e-02
-3.1840e-02
-4.5341e-02
1.7887e-02
5.3029e-02
1.3678e-02
-3.4297e-02
-3.8901e-02
-1.4571e-02
5.5034e-03
1.3953e-02
1.0701e-02
-9.4170e-03
-4.6516e-02
-5.7695e-02
-2.6769e-02
7.2896e-03
2.3295e-02
1.3577e-02
-1.1142e-02
-2.3876e-02
-1.2193e-02
6.2543e-03
1.8434e-02
1.7187e-02
-5.2059e-03
-1.5598e-02
5.3434e-03
2.2443e-02
9.1423e-03
-2.1060e-02
-3.1311e-02
-3.0019e-03
3.1458e-02
4.5103e-02
3.4213e-02
1.3076e-02
1.6968e-02
4.1267e-02
4.8530e-02
3.6445e-02
3.1256e-02
1.3137e-02
-1.7683e-02
-2.4818e-02
-2.3985e-02
-1.7501e-02
4.4978e-03
2.2426e-02
2.3920e-02
2.5575e-02
3.2622e-02
2.0813e-02
4.2407e-03
3.8742e-03
1.0235e-02
1.9572e-02
1.7460e-02
-4.9121e-03
-2.3766e-02
-1.5658e-02
2.1594e-02
6.8349e-02
1.0236e-01
1.0105e-01
6.9770e-02
4.3185e-02
2.0401e-02
4.2403e-03
4.4259e-03
2.0565e-02
4.6756e-02
6.7812e-02
7.4491e-02
3.4333e-02
-1.9418e-02
-4.8103e-02
-5.8948e-02
-1.4034e-02
3.5146e-02
3.2732e-02
2.4174e-02
2.4093e-02
2.6355e-02
3.8284e-02
5.6675e-02
5.4437e-02
2.5005e-02
-1.3252e-02
-4.3617e-02
-2.6797e-02
2.8921e-02
5.6524e-02
5.3592e-02
2.8228e-02
-2.6020e-02
-2.8458e-02
2.9791e-02
4.4208e-02
-3.8932e-03
-4.5914e-02
-3.7348e-02
-8.6856e-03
2.4551e-02
7.1350e-02
8.5002e-02
2.0250e-02
-8.1684e-02
-1.1728e-01
-8.8896e-02
-5.1714e-02
-1.3295e-02
7.1836e-03
1.8532e-02
2.4969e-02
2.9871e-02
2.8585e-02
1.7497e-02
1.6739e-02
1.4364e-02
1.8095e-02
3.8768e-03
-2.3832e-02
1.4945e-03
5.6654e-02
9.1926e-02
7.4416e-02
1.2007e-02
-2.6049e-02
-2.6308e-02
1.1701e-03
7.0734e-02
1.3040e-01
1.2659e-01
6.4761e-02
-4.7952e-02
-1.5689e-01
-1.5926e-01
-5.2899e-02
5.1773e-02
1.2134e-01
1.3662e-01
7.3875e-02
2.2959e-02
2.5095e-03
9.6009e-04
3.1099e-02
3.6599e-02
-3.9461e-03
-3.5022e-02
-3.2176e-03
4.7916e-02
8.5483e-02
1.0718e-01
7.8035e-02
2.1733e-02
-1.6290e-02
-1.4222e-02
1.9635e-02
4.3239e-02
2.1177e-02
-2.1015e-02
-1.7261e-02
3.6747e-02
8.8414e-02
9.3942e-02
4.8998e-02
-1.7920e-02
-4.7517e-02
-2.1484e-02
2.6336e-03
1.2418e-02
2.6651e-02
4.3615e-02
6.4350e-02
8.1215e-02
6.7956e-02
1.7151e-02
-1.6684e-02
-5.8429e-03
2.4535e-02
5.9753e-02
7.8593e-02
7.1622e-02
3.9941e-02
-1.7783e-02
-6.8120e-02
-8.0286e-02
-6.4771e-02
-4.3207e-02
-3.0027e-02
-1.1147e-02
4.6210e-02
1.0609e-01
1.1698e-01
1.0456e-01
6.4103e-02
-7.3632e-03
-3.6244e-02
-2.3193e-03
5.1455e-02
9.0228e-02
9.9452e-02
7.9309e-02
5.1671e-03
-7.3873e-02
-5.9076e-02
-6.6070e-03
1.3745e-02
-2.2178e-03
-5.9481e-02
-1.1480e-01
-1.4800e-01
-1.3896e-01
-8.9802e-02
-5.5299e-02
-6.9129e-02
-1.3055e-01
-1.8447e-01
-2.0073e-01
-1.8797e-01
-1.5050e-01
-9.7204e-02
-3.9730e-02
4.6414e-03
2.8945e-02
2.7330e-02
9.7962e-03
2.0464e-02
6.3414e-02
8.5096e-02
8.3368e-02
8.5306e-02
8.8582e-02
9.2900e-02
8.5657e-02
5.4607e-02
6.6681e-03
-3.4298e-02
-4.6700e-02
-2.5195e-02
3.1890e-02
1.0764e-01
1.4765e-01
1.0125e-01
-4.9141e-03
-1.0970e-01
-1.5474e-01
-1.0087e-01
1.5702e-02
1.3693e-01
2.2926e-01
2.8671e-01
2.9524e-01
2.2487e-01
1.2483e-01
6.9965e-02
6.3500e-02
7.4297e-02
8.8020e-02
1.0718e-01
1.0997e-01
8.7364e-02
6.3857e-02
4.1783e-02
1.3169e-02
-2.7284e-02
-9.2402e-02
-1.7631e-01
-2.3467e-01
-2.4257e-01
-2.4388e-01
-2.7761e-01
-3.2256e-01
-3.4035e-01
-3.0794e-01
-2.4590e-01
-1.9467e-01
-1.4939e-01
-1.0096e-01
-7.6310e-02
-1.1059e-01
-1.4705e-01
-1.4186e-01
-1.7654e-01
-2.2389e-01
-2.4002e-01
-2.3815e-01
-1.9888e-01
-1.7630e-01
-1.7655e-01
-1.7641e-01
-1.8720e-01
-2.0385e-01
-2.2542e-01
-2.2120e-01
-1.9850e-01
-1.8821e-01
-1.8366e-01
-1.6853e-01
-1.4036e-01
-1.1431e-01
-9.3165e-02
-7.8924e-02
-7.6468e-02
-9.0618e-02
-1.2557e-01
-1.6202e-01
-1.8019e-01
-1.8209e-01
-1.5436e-01
-9.0708e-02
-3.6786e-02
-4.1196e-02
-9.2517e-02
-1.3662e-01
-1.4933e-01
-1.2856e-01
-9.4771e-02
-8.6988e-02
-8.4209e-02
-4.0103e-02
1.1042e-02
-1.4145e-02
-9.9606e-02
-1.6967e-01
-1.9349e-01
-1.7948e-01
-1.7252e-01
-1.7157e-01
-1.5353e-01
-1.4178e-01
-1.4015e-01
-1.2712e-01
-1.0547e-01
-9.2833e-02
-8.8767e-02
-1.0012e-01
-1.2348e-01
-1.2938e-01
-1.0643e-01
-5.1160e-02
2.9828e-02
1.1342e-01
1.5728e-01
1.3436e-01
9.0556e-02
6.5758e-02
6.1670e-02
7.8418e-02
1.0449e-01
1.4073e-01
1.7632e-01
1.6259e-01
7.1146e-02
-3.9224e-02
-1.0835e-01
-1.4591e-01
-1.3799e-01
-7.6367e-02
1.0437e-02
8.8747e-02
1.0631e-01
4.1909e-02
-5.3071e-02
-1.1095e-01
-1.1362e-01
-8.0453e-02
-4.5335e-02
-2.8916e-02
-2.9028e-02
-3.5787e-02
-5.2112e-02
-8.2854e-02
-8.9012e-02
-5.7507e-02
-2.3564e-02
9.6741e-03
5.6152e-02
9.5730e-02
1.0564e-01
1.0216e-01
9.6348e-02
8.2209e-02
5.5456e-02
1.0700e-02
-4.1521e-02
-8.5167e-02
-1.1171e-01
-1.1649e-01
-1.1003e-01
-1.0363e-01
-8.2512e-02
-4.5533e-02
-1.5615e-02
2.5726e-02
9.9083e-02
1.5812e-01
1.6252e-01
1.4877e-01
1.6711e-01
2.0510e-01
2.2337e-01
2.1140e-01
1.8340e-01
1.6822e-01
1.9244e-01
2.4414e-01
2.7460e-01
2.5382e-01
1.9519e-01
1.3354e-01
9.0635e-02
5.8117e-02
3.0320e-02
1.9358e-02
3.6336e-02
7.5690e-02
1.2015e-01
1.5253e-01
1.5024e-01
1.1191e-01
6.4946e-02
2.9742e-02
5.9413e-03
-1.5195e-02
-2.8974e-02
-3.1448e-02
-2.0036e-02
1.2016e-02
4.8296e-02
6.6768e-02
5.9795e-02
4.7626e-02
6.4406e-02
9.6548e-02
1.1275e-01
1.2540e-01
1.5757e-01
1.9799e-01
2.2164e-01
2.2819e-01
2.3091e-01
2.3257e-01
2.3016e-01
2.2336e-01
2.1725e-01
2.1245e-01
2.0388e-01
1.8624e-01
1.5150e-01
1.0807e-01
7.4998e-02
6.1685e-02
6.6531e-02
8.1978e-02
1.0630e-01
1.2846e-01
1.3090e-01
1.1357e-01
9.6556e-02
9.8076e-02
1.1526e-01
1.3609e-01
1.4337e-01
1.3470e-01
1.2629e-01
1.1991e-01
1.0241e-01
7.0719e-02
3.7615e-02
5.2070e-03
-2.8745e-02
-4.9239e-02
-4.2194e-02
-1.0686e-02
2.7470e-02
5.1939e-02
5.1281e-02
3.4487e-02
1.9685e-02
4.3891e-03
-1.8878e-02
-4.7053e-02
-6.8974e-02
-8.4211e-02
-1.0899e-01
-1.1424e-01
-7.1138e-02
3.8336e-03
9.4551e-02
1.5647e-01
1.5901e-01
1.2576e-01
9.1846e-02
7.4748e-02
6.2246e-02
5.5164e-02
5.6073e-02
4.7191e-02
1.6016e-02
-3.8897e-02
-9.0359e-02
-1.0906e-01
-1.0895e-01
-1.1109e-01
-1.0592e-01
-8.8120e-02
-6.9668e-02
-5.4361e-02
-2.8062e-02
1.4162e-02
2.9771e-02
-7.3907e-04
-3.0991e-02
-2.7815e-02
9.5562e-03
6.0025e-02
9.4236e-02
1.1052e-01
1.0216e-01
6.0438e-02
2.3048e-02
1.7585e-02
2.5549e-02
2.7580e-02
2.7299e-02
3.5826e-02
4.5169e-02
4.1141e-02
2.7568e-02
2.3407e-02
3.0550e-02
3.3744e-02
3.2690e-02
3.2040e-02
3.2496e-02
3.2479e-02
3.1848e-02
3.0146e-02
1.9948e-02
3.7196e-03
-1.3327e-02
-3.8102e-02
-6.8855e-02
-9.6732e-02
-1.1973e-01
-1.2860e-01
-1.1163e-01
-7.6417e-02
-4.8375e-02
-4.2297e-02
-5.6410e-02
-8.8154e-02
-1.2245e-01
-1.3928e-01
-1.3300e-01
-1.1268e-01
-9.3220e-02
-8.0038e-02
-7.4404e-02
-7.3546e-02
-8.1261e-02
-1.0188e-01
-1.1635e-01
-1.1395e-01
-9.4375e-02
-6.0985e-02
-2.8729e-02
-1.2761e-02
-2.4545e-02
-5.3766e-02
-8.3899e-02
-1.0386e-01
-1.0562e-01
-9.2560e-02
-6.8396e-02
-3.9438e-02
-1.0954e-02
4.4231e-03
-5.7588e-03
-3.0854e-02
-4.8554e-02
-4.3717e-02
-3.6311e-02
-3.8776e-02
-3.1202e-02
-7.6668e-03
2.3175e-02
3.4090e-02
1.1908e-02
-4.8016e-02
-8.3956e-02
-2.4494e-03
5.9241e-02
2.7033e-02
3.3163e-02
3.3570e-02
-2.2436e-03
-3.2886e-02
-7.2026e-02
-7.0703e-02
-4.5715e-02
-2.2322e-02
7.9690e-03
1.1207e-02
6.3176e-03
4.8899e-03
5.8396e-03
1.6190e-02
2.0013e-02
2.3394e-02
2.9618e-02
3.7560e-02
4.9646e-02
6.3256e-02
8.2431e-02
9.7875e-02
1.0733e-01
1.1320e-01
9.7508e-02
6.2031e-02
2.7197e-02
-1.5499e-03
-2.8553e-02
-5.0275e-02
-6.1370e-02
-7.6020e-02
-1.0473e-01
-1.3248e-01
-1.4061e-01
-1.2711e-01
-1.0703e-01
-9.7206e-02
-1.0254e-01
-1.1456e-01
-1.2355e-01
-1.3029e-01
-1.4101e-01
-1.5260e-01
-1.5808e-01
-1.5873e-01
-1.5698e-01
-1.5725e-01
-1.6847e-01
-1.9348e-01
-2.1039e-01
-1.9146e-01
-1.5096e-01
-1.1133e-01
-7.0855e-02
-4.1900e-02
-3.6211e-02
-3.5698e-02
-2.4471e-02
-5.1272e-03
1.6539e-02
3.4128e-02
4.3533e-02
4.3748e-02
3.8395e-02
3.9294e-02
5.6218e-02
8.8083e-02
1.2311e-01
1.4584e-01
1.4181e-01
1.1743e-01
8.8992e-02
4.8354e-02
-8.2864e-04
-2.8028e-02
-1.9568e-02
6.6472e-03
3.4892e-02
6.5668e-02
8.9758e-02
1.0298e-01
1.0329e-01
8.4089e-02
6.0830e-02
5.0449e-02
5.4787e-02
5.5534e-02
3.4049e-02
8.2640e-03
-3.5626e-03
-6.9688e-03
-9.2786e-03
-6.2780e-03
1.3588e-02
3.8564e-02
4.4345e-02
3.2067e-02
2.0978e-02
2.6029e-02
4.1917e-02
5.8849e-02
7.4715e-02
7.6069e-02
5.8327e-02
3.4121e-02
9.1146e-03
-1.9284e-02
-5.2196e-02
-8.2845e-02
-1.0726e-01
-1.2164e-01
-1.2166e-01
-1.1120e-01
-9.2511e-02
-7.2310e-02
-5.8711e-02
-4.9490e-02
-3.8614e-02
-2.0284e-02
1.0153e-02
5.1845e-02
9.0956e-02
1.1576e-01
1.2622e-01
1.2267e-01
1.1235e-01
1.0885e-01
1.1644e-01
1.2358e-01
1.1704e-01
9.9753e-02
7.9826e-02
5.9568e-02
4.4701e-02
3.6106e-02
2.7665e-02
2.9889e-02
4.6733e-02
5.1742e-02
3.3782e-02
1.7580e-02
1.8575e-02
2.2682e-02
1.9185e-02
8.9468e-03
-1.0965e-02
-4.3409e-02
-8.2236e-02
-1.1107e-01
-1.2128e-01
-1.1489e-01
-8.7732e-02
-4.5013e-02
-9.9179e-03
3.4379e-04
-1.2350e-02
-2.6861e-02
-1.9161e-02
1.7608e-02
7.0916e-02
1.2034e-01
1.5169e-01
1.6036e-01
1.5190e-01
1.3200e-01
1.0918e-01
1.0108e-01
1.0786e-01
1.1330e-01
1.1184e-01
1.1184e-01
1.2085e-01
1.3597e-01
1.5493e-01
1.7081e-01
1.6332e-01
1.3289e-01
1.0254e-01
7.5552e-02
4.4666e-02
1.9164e-02
8.3955e-04
-3.4609e-02
-8.9961e-02
-1.3357e-01
-1.4776e-01
-1.4219e-01
-1.2601e-01
-8.9973e-02
-4.3880e-02
-1.6777e-02
-2.6334e-02
-5.5749e-02
-6.7293e-02
-7.0975e-02
-7.7888e-02
-7.9820e-02
-8.5183e-02
-9.0476e-02
-9.7073e-02
-1.1159e-01
-1.3121e-01
-1.4683e-01
-1.5116e-01
-1.4970e-01
-1.4252e-01
-1.2815e-01
-1.1382e-01
-1.0572e-01
-9.5123e-02
-6.5243e-02
-2.7394e-02
-5.2547e-03
-9.9081e-04
-7.1332e-03
-1.5407e-02
-2.1289e-02
-1.8780e-02
-1.3111e-03
2.2659e-02
3.2101e-02
1.0820e-02
-3.8700e-02
-1.0003e-01
-1.4359e-01
-1.5760e-01
-1.6112e-01
-1.5771e-01
-1.4567e-01
-1.3752e-01
-1.2949e-01
-1.0359e-01
-6.1410e-02
-2.2577e-02
1.1751e-03
6.6540e-03
-5.1389e-03
-2.1094e-02
-2.3976e-02
-1.1003e-02
1.0891e-03
-2.8420e-03
-1.9172e-02
-3.8517e-02
-5.2076e-02
-5.7863e-02
-6.6570e-02
-7.6067e-02
-7.5577e-02
-6.8054e-02
-5.6426e-02
-3.9639e-02
-1.3158e-02
2.0691e-02
4.4214e-02
3.7226e-02
-5.3470e-03
-4.7368e-02
-4.9976e-02
-1.3081e-02
4.4058e-02
9.8819e-02
1.3719e-01
1.3986e-01
1.0495e-01
8.1044e-02
9.0711e-02
1.0532e-01
1.1702e-01
1.2791e-01
1.2531e-01
1.1887e-01
1.1984e-01
1.1333e-01
1.0083e-01
9.3477e-02
8.4111e-02
7.1788e-02
7.0732e-02
8.8587e-02
1.0390e-01
9.6018e-02
7.6170e-02
6.2455e-02
5.4461e-02
3.5279e-02
1.0526e-03
-3.1507e-02
-4.9654e-02
-5.4545e-02
-5.6350e-02
-6.1108e-02
-5.9102e-02
-4.9091e-02
-4.1938e-02
-3.3555e-02
-2.3294e-02
-2.1268e-02
-2.5537e-02
-1.9105e-02
-3.1844e-04
1.5176e-02
3.2781e-02
5.8626e-02
7.4061e-02
6.9849e-02
6.2861e-02
6.4239e-02
7.0995e-02
8.1288e-02
8.8471e-02
8.7186e-02
8.2296e-02
8.0286e-02
8.3483e-02
9.0951e-02
1.0436e-01
1.2478e-01
1.5072e-01
1.8649e-01
2.2510e-01
2.4474e-01
2.3345e-01
1.9695e-01
1.5666e-01
1.2957e-01
1.1757e-01
1.1158e-01
1.0377e-01
9.8203e-02
8.6287e-02
5.8353e-02
3.1111e-02
2.3626e-02
3.6278e-02
5.6083e-02
6.8064e-02
6.1163e-02
3.3127e-02
-8.7593e-03
-5.3328e-02
-8.3511e-02
-9.2979e-02
-8.8969e-02
-6.5952e-02
-2.5075e-02
8.1010e-03
1.0987e-02
-7.6547e-03
-1.8933e-02
-1.0512e-02
1.0475e-02
3.4682e-02
5.6463e-02
6.9351e-02
7.0544e-02
6.2522e-02
5.0054e-02
3.8560e-02
3.0061e-02
2.3328e-02
1.2259e-02
-3.5000e-03
-2.3371e-02
-5.4606e-02
-9.6964e-02
-1.3537e-01
-1.5754e-01
-1.6708e-01
-1.7139e-01
-1.7903e-01
-1.9388e-01
-2.0978e-01
-2.1967e-01
-2.2067e-01
-2.1491e-01
-2.0446e-01
-1.8964e-01
-1.7181e-01
-1.5637e-01
-1.5140e-01
-1.5896e-01
-1.7037e-01
-1.7774e-01
-1.7626e-01
-1.5609e-01
-1.1841e-01
-8.6922e-02
-7.2436e-02
-5.8754e-02
-5.3915e-02
-6.6203e-02
-7.7605e-02
-8.4582e-02
-8.5209e-02
-8.6618e-02
-9.4610e-02
-1.0654e-01
-1.2839e-01
-1.4322e-01
-1.3901e-01
-1.1882e-01
-8.5100e-02
-4.8634e-02
-1.3179e-02
2.1624e-02
5.5335e-02
7.8643e-02
7.7263e-02
4.8696e-02
1.1766e-02
-5.2368e-03
-2.2658e-03
5.5196e-03
1.5209e-02
3.1779e-02
5.4347e-02
6.9180e-02
7.0978e-02
7.1538e-02
7.8229e-02
8.8586e-02
1.0610e-01
1.2595e-01
1.2426e-01
9.2181e-02
4.8887e-02
1.7686e-02
8.1804e-03
1.8305e-02
3.6466e-02
4.4653e-02
3.8088e-02
2.6642e-02
1.7761e-02
1.6784e-02
2.9580e-02
5.4049e-02
7.4592e-02
7.4945e-02
5.6337e-02
3.0509e-02
9.8023e-03
5.8087e-03
1.4735e-02
2.0434e-02
1.6739e-02
6.6110e-03
-6.3397e-03
-1.8949e-02
-2.7154e-02
-2.7061e-02
-2.0613e-02
-9.6231e-03
1.5923e-03
6.9056e-03
9.3624e-03
1.0932e-02
1.2602e-02
1.8012e-02
2.6897e-02
3.8166e-02
4.8184e-02
5.0387e-02
4.8539e-02
5.0891e-02
5.2724e-02
5.1996e-02
5.3738e-02
5.5085e-02
5.2726e-02
5.0845e-02
5.3822e-02
5.8421e-02
6.4598e-02
7.9226e-02
1.0385e-01
1.2959e-01
1.4190e-01
1.3468e-01
1.1023e-01
7.3632e-02
4.0803e-02
3.3362e-02
5.3841e-02
8.5209e-02
1.1683e-01
1.4294e-01
1.4861e-01
1.2892e-01
1.1007e-01
1.1147e-01
1.1535e-01
1.1013e-01
1.1083e-01
1.2138e-01
1.1985e-01
9.1270e-02
4.6096e-02
1.8297e-03
-2.9258e-02
-4.3762e-02
-4.9827e-02
-5.8858e-02
-7.1793e-02
-7.9631e-02
-7.7307e-02
-6.7637e-02
-5.1239e-02
-2.9093e-02
-1.1543e-02
-5.7314e-03
-1.4413e-02
-3.4810e-02
-5.6522e-02
-7.4778e-02
-8.3700e-02
-8.8212e-02
-9.1018e-02
-6.7353e-02
-1.1089e-02
5.0521e-02
9.3729e-02
1.1399e-01
1.1011e-01
8.2591e-02
4.2797e-02
-3.1334e-03
-4.7210e-02
-7.6406e-02
-8.9780e-02
-9.2963e-02
-8.8013e-02
-7.5068e-02
-6.1492e-02
-5.7985e-02
-6.9263e-02
-9.6254e-02
-1.3250e-01
-1.6424e-01
-1.8309e-01
-1.8317e-01
-1.6853e-01
-1.5343e-01
-1.3281e-01
-1.0628e-01
-8.8100e-02
-7.8060e-02
-6.6789e-02
-3.9836e-02
-2.9278e-03
1.9110e-02
1.6589e-02
-1.1805e-02
-4.8609e-02
-5.9543e-02
-3.2977e-02
1.0687e-02
4.7076e-02
7.1118e-02
8.2221e-02
8.1312e-02
7.5401e-02
6.9364e-02
7.0850e-02
7.7898e-02
8.0945e-02
8.1902e-02
8.2849e-02
7.7172e-02
6.2502e-02
4.6639e-02
3.1798e-02
1.9434e-02
1.9217e-02
2.9867e-02
4.5176e-02
6.5363e-02
8.5329e-02
9.7105e-02
1.0059e-01
1.0475e-01
1.1675e-01
1.2969e-01
1.3242e-01
1.2367e-01
1.0290e-01
7.1908e-02
4.9132e-02
4.9507e-02
6.8455e-02
9.0679e-02
9.8175e-02
8.4510e-02
5.5135e-02
2.1143e-02
-3.7935e-03
-1.0037e-02
3.6347e-03
2.5405e-02
4.2170e-02
4.7449e-02
3.9761e-02
2.6274e-02
1.4742e-02
1.0101e-02
1.5894e-02
3.2415e-02
5.5637e-02
7.4950e-02
8.0222e-02
6.7421e-02
4.2360e-02
1.8973e-02
4.8980e-03
2.0538e-04
4.5082e-03
1.6103e-02
2.8638e-02
3.1880e-02
1.8963e-02
-9.3968e-03
-4.5481e-02
-7.8747e-02
-1.0176e-01
-1.1307e-01
-1.1728e-01
-1.1803e-01
-1.1767e-01
-1.2068e-01
-1.2695e-01
-1.3456e-01
-1.4660e-01
-1.6394e-01
-1.7846e-01
-1.8467e-01
-1.8830e-01
-1.9283e-01
-1.9489e-01
-1.9204e-01
-1.8765e-01
-1.8750e-01
-1.8954e-01
-1.8916e-01
-1.8803e-01
-1.8804e-01
-1.8710e-01
-1.8363e-01
-1.8109e-01
-1.8344e-01
-1.8692e-01
-1.8344e-01
-1.7017e-01
-1.5165e-01
-1.3447e-01
-1.2171e-01
-1.1204e-01
-1.0567e-01
-1.0297e-01
-9.4689e-02
-6.9896e-02
-3.3152e-02
7.6758e-04
2.8340e-02
5.5243e-02
7.5581e-02
7.6269e-02
5.5967e-02
3.0699e-02
1.4317e-02
3.6059e-03
-8.1486e-03
-2.4815e-02
-4.1211e-02
-4.7441e-02
-4.5024e-02
-3.5873e-02
-1.9015e-02
1.2200e-03
2.4443e-02
5.2443e-02
7.7188e-02
9.1354e-02
9.4651e-02
8.6091e-02
6.8643e-02
5.1726e-02
4.3694e-02
4.3846e-02
4.6153e-02
4.4835e-02
3.2991e-02
1.0784e-02
-1.4121e-02
-3.4949e-02
-4.3826e-02
-3.5026e-02
-1.4282e-02
2.2649e-03
2.5504e-03
-9.2307e-03
-2.2245e-02
-3.1024e-02
-3.5372e-02
-3.9218e-02
-4.4513e-02
-4.6494e-02
-4.2912e-02
-3.8249e-02
-3.6635e-02
-3.7825e-02
-3.5047e-02
-2.4507e-02
-9.9755e-03
5.0774e-03
1.9145e-02
3.4218e-02
5.1611e-02
7.1414e-02
9.1039e-02
1.0356e-01
1.0731e-01
1.0709e-01
1.0908e-01
1.1272e-01
1.1292e-01
1.1059e-01
1.0920e-01
1.0790e-01
1.0125e-01
8.5629e-02
6.0312e-02
2.7142e-02
-3.7104e-03
-1.9195e-02
-1.3867e-02
7.0157e-03
2.7451e-02
3.3749e-02
2.6359e-02
1.2514e-02
-1.5619e-03
-1.3040e-02
-1.9731e-02
-1.7992e-02
-6.8546e-03
1.0320e-02
2.5114e-02
2.9625e-02
2.3850e-02
1.5052e-02
1.3431e-02
2.0114e-02
3.1887e-02
5.1474e-02
7.5990e-02
9.7787e-02
1.0791e-01
1.0288e-01
9.3351e-02
8.6408e-02
8.2570e-02
8.0000e-02
7.2318e-02
6.0323e-02
4.8554e-02
3.7888e-02
2.5682e-02
9.6991e-03
-1.6236e-03
-4.1086e-03
-5.0561e-03
-9.5832e-03
-2.3565e-02
-4.9230e-02
-7.6547e-02
-9.0060e-02
-8.2813e-02
-6.2755e-02
-4.1517e-02
-2.5700e-02
-1.8054e-02
-1.7642e-02
-2.0330e-02
-2.2095e-02
-2.3217e-02
-2.4930e-02
-2.3104e-02
-1.3878e-02
4.0227e-03
2.8820e-02
5.3012e-02
7.0731e-02
7.7716e-02
7.2140e-02
5.8249e-02
4.4251e-02
3.8419e-02
4.1234e-02
5.1552e-02
6.8728e-02
8.4494e-02
8.8167e-02
7.6713e-02
5.7333e-02
3.8797e-02
2.9191e-02
3.2212e-02
4.0930e-02
4.9454e-02
5.5782e-02
5.7026e-02
5.2773e-02
4.5579e-02
3.8709e-02
3.3036e-02
2.7424e-02
1.9863e-02
9.6558e-03
-6.6952e-04
-8.0572e-03
-7.8133e-03
5.7944e-03
3.4959e-02
7.4936e-02
1.1178e-01
1.3065e-01
1.2978e-01
1.1625e-01
9.7245e-02
8.0316e-02
6.7959e-02
5.9506e-02
5.4132e-02
4.8253e-02
4.0397e-02
3.2226e-02
2.4550e-02
1.8103e-02
1.4545e-02
1.3187e-02
1.3784e-02
1.7800e-02
2.1547e-02
1.6303e-02
-7.6852e-04
-2.1345e-02
-3.6042e-02
-4.1238e-02
-3.6433e-02
-2.3925e-02
-1.2523e-02
-1.0032e-02
-1.3574e-02
-1.8016e-02
-2.3619e-02
-3.2318e-02
-4.1824e-02
-4.7953e-02
-5.0258e-02
-4.8970e-02
-4.2529e-02
-3.0673e-02
-1.6889e-02
-6.6526e-03
-2.9630e-03
-7.0042e-03
-1.9262e-02
-3.5505e-02
-4.9893e-02
-5.9574e-02
-6.3143e-02
-6.1555e-02
-5.8026e-02
-5.5974e-02
-5.8120e-02
-6.5953e-02
-7.8333e-02
-9.0664e-02
-9.9421e-02
-1.0456e-01
-1.0674e-01
-1.0678e-01
-1.0579e-01
-1.0525e-01
-1.0681e-01
-1.1115e-01
-1.1678e-01
-1.1962e-01
-1.1713e-01
-1.0983e-01
-9.8408e-02
-8.5774e-02
-7.6440e-02
-7.1164e-02
-6.6498e-02
-5.8398e-02
-4.6474e-02
-3.3971e-02
-2.4764e-02
-1.9441e-02
-1.3858e-02
-5.0591e-03
7.7096e-03
2.5173e-02
4.5336e-02
6.4188e-02
7.7769e-02
8.3901e-02
8.3848e-02
8.0540e-02
7.6507e-02
7.4148e-02
7.5916e-02
8.1031e-02
8.4944e-02
8.3936e-02
7.6118e-02
6.1086e-02
4.1118e-02
2.0285e-02
1.9977e-03
-1.2549e-02
-2.1129e-02
-2.0016e-02
-9.8244e-03
5.0930e-03
2.1728e-02
3.9460e-02
5.7816e-02
7.4060e-02
8.4440e-02
8.7565e-02
8.5088e-02
8.1321e-02
8.0398e-02
8.0909e-02
7.6514e-02
6.2434e-02
4.0855e-02
1.8339e-02
6.9894e-04
-9.3065e-03
-1.3539e-02
-1.5178e-02
-1.6577e-02
-1.9827e-02
-2.6738e-02
-3.7273e-02
-4.7027e-02
-5.1600e-02
-4.9631e-02
-4.1862e-02
-3.2496e-02
-2.6308e-02
-2.4462e-02
-2.4873e-02
-2.5284e-02
-2.4445e-02
-2.0605e-02
-1.3022e-02
-3.5466e-03
5.2284e-03
1.2442e-02
1.8912e-02
2.4669e-02
2.8091e-02
2.7233e-02
2.0699e-02
7.9613e-03
-9.3817e-03
-2.7583e-02
-4.1426e-02
-4.6721e-02
-4.3033e-02
-3.2747e-02
-2.0771e-02
-1.4250e-02
-1.7334e-02
-2.6977e-02
-3.7833e-02
-4.6481e-02
-5.2046e-02
-5.5675e-02
-5.8085e-02
-5.9660e-02
-5.9719e-02
-5.7248e-02
-5.1680e-02
-4.2926e-02
-3.1873e-02
-1.9217e-02
-6.3192e-03
4.6814e-03
1.1574e-02
1.4625e-02
1.6842e-02
2.0261e-02
2.5531e-02
3.1388e-02
3.5272e-02
3.6517e-02
3.6010e-02
3.4132e-02
3.1976e-02
3.1200e-02
3.1690e-02
3.1842e-02
3.0755e-02
2.9157e-02
2.6201e-02
1.9433e-02
9.0769e-03
-2.1611e-03
-1.1697e-02
-1.8392e-02
-2.3630e-02
-3.0345e-02
-3.9632e-02
-4.9943e-02
-5.9042e-02
-6.5785e-02
-6.8877e-02
-6.6271e-02
-5.9099e-02
-5.0146e-02
-4.0482e-02
-3.0712e-02
-2.2415e-02
-1.8650e-02
-2.0533e-02
-2.5764e-02
-3.0950e-02
-3.3125e-02
-3.1292e-02
-2.6370e-02
-1.9706e-02
-1.1338e-02
-8.4384e-05
1.4786e-02
3.1954e-02
4.7228e-02
5.6757e-02
5.9875e-02
5.6957e-02
5.0114e-02
4.4156e-02
4.1804e-02
4.2043e-02
4.1839e-02
3.9201e-02
3.5181e-02
3.1787e-02
3.0588e-02
3.0775e-02
3.1250e-02
3.2801e-02
3.5165e-02
3.8104e-02
4.0877e-02
4.1540e-02
4.0512e-02
3.9606e-02
3.9928e-02
4.1730e-02
4.4081e-02
4.5931e-02
4.6998e-02
4.7562e-02
4.8016e-02
4.7511e-02
4.4872e-02
4.0485e-02
3.5197e-02
3.0587e-02
2.8725e-02
2.9866e-02
3.2195e-02
3.2573e-02
2.8394e-02
1.9048e-02
5.7671e-03
-9.4671e-03
-2.4633e-02
-3.7174e-02
-4.5542e-02
-5.0163e-02
-5.2144e-02
-5.2035e-02
-5.0368e-02
-4.9243e-02
-5.0111e-02
-5.2104e-02
-5.4446e-02
-5.7688e-02
-6.1773e-02
-6.4756e-02
-6.5073e-02
-6.3313e-02
-6.0778e-02
-5.7622e-02
-5.3346e-02
-4.7443e-02
-3.9379e-02
-2.9822e-02
-2.0405e-02
-1.1895e-02
-4.2045e-03
2.7130e-03
8.6096e-03
1.2057e-02
1.0590e-02
3.4206e-03
-7.6163e-03
-2.0798e-02
-3.5524e-02
-5.0989e-02
-6.6368e-02
-8.1425e-02
-9.5120e-02
-1.0465e-01
-1.0714e-01
-1.0171e-01
-8.9750e-02
-7.3414e-02
-5.7650e-02
-4.7483e-02
-4.2789e-02
-4.2659e-02
-4.5861e-02
-4.8907e-02
-4.8059e-02
-4.1725e-02
-3.2792e-02
-2.5567e-02
-2.1526e-02
-1.8802e-02
-1.5648e-02
-1.2721e-02
-1.0526e-02
-8.0871e-03
-4.6305e-03
-7.0496e-04
2.2211e-03
2.6450e-03
7.1551e-04
-2.1676e-03
-5.2692e-03
-7.7251e-03
-8.8187e-03
-8.8747e-03
-8.0806e-03
-6.6576e-03
-4.6949e-03
-1.0177e-03
5.3162e-03
1.2653e-02
1.9044e-02
2.5007e-02
3.0457e-02
3.3847e-02
3.4359e-02
3.2084e-02
2.7574e-02
2.1510e-02
1.4755e-02
8.3762e-03
3.8138e-03
1.3520e-03
5.4513e-04
1.7796e-03
4.6724e-03
8.4364e-03
1.2278e-02
1.6466e-02
2.1864e-02
2.6829e-02
2.9648e-02
3.0120e-02
2.8443e-02
2.5284e-02
2.1788e-02
2.0441e-02
2.3799e-02
3.1784e-02
4.1510e-02
4.9550e-02
5.4055e-02
5.5046e-02
5.2817e-02
4.7106e-02
3.8452e-02
2.8781e-02
2.1115e-02
1.8076e-02
2.0501e-02
2.7921e-02
3.9027e-02
5.1755e-02
6.2936e-02
6.9652e-02
7.0927e-02
6.6876e-02
5.8287e-02
4.6469e-02
3.2454e-02
1.7318e-02
2.9813e-03
-8.6281e-03
-1.6469e-02
-1.9685e-02
-1.7908e-02
-1.2328e-02
-5.0061e-03
2.0763e-03
6.4894e-03
6.0454e-03
7.8941e-04
-7.1555e-03
-1.6060e-02
-2.5132e-02
-3.2328e-02
-3.5045e-02
-3.2392e-02
-2.5621e-02
-1.7196e-02
-9.3296e-03
-3.1931e-03
1.6691e-03
5.8661e-03
8.3239e-03
7.2349e-03
2.1696e-03
-4.9203e-03
-1.1300e-02
-1.5280e-02
-1.6871e-02
-1.7492e-02
-1.7793e-02
-1.7233e-02
-1.6267e-02
-1.5709e-02
-1.5443e-02
-1.5323e-02
-1.5274e-02
-1.5004e-02
-1.4467e-02
-1.3945e-02
-1.3326e-02
-1.2334e-02
-1.0895e-02
-9.2952e-03
-8.5803e-03
-9.0404e-03
-9.9871e-03
-1.1048e-02
-1.1663e-02
-1.1134e-02
-8.7738e-03
-3.8370e-03
3.6952e-03
1.3501e-02
2.5019e-02
3.6346e-02
4.4846e-02
4.9576e-02
5.1248e-02
4.9828e-02
4.5190e-02
3.8589e-02
3.1897e-02
2.5930e-02
2.0327e-02
1.5571e-02
1.2779e-02
1.2285e-02
1.2619e-02
1.0994e-02
5.9233e-03
-1.8190e-03
-1.0011e-02
-1.6588e-02
-2.0575e-02
-2.1601e-02
-1.9164e-02
-1.3459e-02
-5.9685e-03
1.4858e-03
7.3792e-03
1.1439e-02
1.3506e-02
1.3561e-02
1.3142e-02
1.3909e-02
1.6447e-02
1.9545e-02
2.1790e-02
2.3282e-02
2.4741e-02
2.6896e-02
3.0405e-02
3.5429e-02
4.0779e-02
4.5498e-02
4.9979e-02
5.4423e-02
5.8712e-02
6.2660e-02
6.6041e-02
6.9318e-02
7.2425e-02
7.4289e-02
7.4528e-02
7.2926e-02
6.9433e-02
6.4521e-02
5.9302e-02
5.5497e-02
5.4201e-02
5.6183e-02
6.0963e-02
6.6994e-02
7.2847e-02
7.6621e-02
7.6544e-02
7.1861e-02
6.4022e-02
5.5653e-02
4.8019e-02
4.1625e-02
3.7304e-02
3.5214e-02
3.3758e-02
3.0854e-02
2.6005e-02
2.0037e-02
1.3951e-02
8.0264e-03
1.9411e-03
-3.8196e-03
-8.8507e-03
-1.3257e-02
-1.6778e-02
-1.8704e-02
-1.7872e-02
-1.3796e-02
-7.5080e-03
-5.7497e-04
6.2918e-03
1.1961e-02
1.5591e-02
1.8434e-02
2.0190e-02
1.9441e-02
1.7220e-02
1.3999e-02
8.8936e-03
2.6688e-03
-2.9851e-03
-6.1091e-03
-5.8600e-03
-3.5175e-03
1.4644e-03
1.0160e-02
1.8006e-02
2.0076e-02
1.9242e-02
1.8287e-02
1.4416e-02
9.0650e-03
6.6610e-03
5.5201e-03
2.7956e-03
-6.5150e-04
-4.7886e-03
-1.2373e-02
-2.3354e-02
-3.1526e-02
-3.2556e-02
-3.0190e-02
-2.8720e-02
-2.6504e-02
-2.1590e-02
-1.6061e-02
-1.1846e-02
-8.6005e-03
-5.8491e-03
-5.5798e-03
-1.0019e-02
-1.7315e-02
-2.3789e-02
-2.7299e-02
-2.9921e-02
-3.3478e-02
-3.6173e-02
-3.7939e-02
-4.0083e-02
-4.3262e-02
-4.6007e-02
-4.7132e-02
-4.7252e-02
-4.5502e-02
-4.2444e-02
-4.0103e-02
-3.7999e-02
-3.5477e-02
-3.4611e-02
-3.6019e-02
-3.6991e-02
-3.7630e-02
-4.0703e-02
-4.4784e-02
-4.6235e-02
-4.6105e-02
-4.7584e-02
-4.9738e-02
-5.1241e-02
-5.4129e-02
-5.8474e-02
-6.1943e-02
-6.3046e-02
-6.1725e-02
-5.9721e-02
-5.8730e-02
-5.8514e-02
-5.8066e-02
-5.7674e-02
-5.8179e-02
-5.9744e-02
-6.0591e-02
-6.0343e-02
-6.1079e-02
-6.2780e-02
-6.4917e-02
-6.6000e-02
-6.4682e-02
-6.1384e-02
-5.7055e-02
-5.3690e-02
-5.1632e-02
-4.9374e-02
-4.6031e-02
-4.3152e-02
-4.2423e-02
-4.3614e-02
-4.6108e-02
-4.9388e-02
-5.3226e-02
-5.6770e-02
-5.8921e-02
-5.8762e-02
-5.5882e-02
-5.1718e-02
-4.9266e-02
-4.9767e-02
-5.1714e-02
-5.3525e-02
-5.4371e-02
-5.4138e-02
-5.3117e-02
-5.1695e-02
-4.9901e-02
-4.8887e-02
-5.0233e-02
-5.2849e-02
-5.4467e-02
-5.3557e-02
-5.0310e-02
-4.6440e-02
-4.3737e-02
-4.2046e-02
-3.9717e-02
-3.7156e-02
-3.5607e-02
-3.4651e-02
-3.3912e-02
-3.4529e-02
-3.6629e-02
-3.7631e-02
-3.6507e-02
-3.4685e-02
-3.2218e-02
-2.8996e-02
-2.6223e-02
-2.4437e-02
-2.2870e-02
-2.0385e-02
-1.6701e-02
-1.3058e-02
-1.1063e-02
-1.0807e-02
-1.0899e-02
-1.0145e-02
-7.3215e-03
-8.0631e-04
8.2172e-03
1.6289e-02
2.1317e-02
2.3184e-02
2.2977e-02
2.1634e-02
1.9771e-02
1.7146e-02
1.3272e-02
8.9199e-03
4.3490e-03
4.6565e-04
-5.5764e-04
1.5208e-03
5.9050e-03
1.1048e-02
1.5291e-02
1.9878e-02
2.5543e-02
3.0459e-02
3.3810e-02
3.4868e-02
3.2313e-02
2.8130e-02
2.5973e-02
2.6934e-02
3.0431e-02
3.5280e-02
4.0245e-02
4.4510e-02
4.6356e-02
4.5163e-02
4.3903e-02
4.4728e-02
4.7014e-02
5.0569e-02
5.4699e-02
5.7413e-02
5.7794e-02
5.6134e-02
5.2667e-02
4.8368e-02
4.5034e-02
4.3107e-02
4.1676e-02
4.0472e-02
3.9595e-02
3.8454e-02
3.7110e-02
3.6595e-02
3.6800e-02
3.7123e-02
3.7766e-02
3.8229e-02
3.7576e-02
3.5584e-02
3.2987e-02
3.1393e-02
3.1368e-02
3.1266e-02
2.8461e-02
2.2082e-02
1.5073e-02
1.1672e-02
1.3724e-02
2.0769e-02
2.9950e-02
3.7318e-02
4.1294e-02
4.2228e-02
4.0776e-02
3.7704e-02
3.3749e-02
2.9152e-02
2.3690e-02
1.8311e-02
1.4486e-02
1.2065e-02
1.1395e-02
1.3276e-02
1.5698e-02
1.6355e-02
1.5149e-02
1.3561e-02
1.3744e-02
1.5657e-02
1.7839e-02
2.0330e-02
2.3780e-02
2.9036e-02
3.5928e-02
4.1884e-02
4.4626e-02
4.4166e-02
4.2580e-02
4.1725e-02
4.1575e-02
4.2250e-02
4.4338e-02
4.7702e-02
5.1601e-02
5.4654e-02
5.5174e-02
5.2714e-02
4.8992e-02
4.5829e-02
4.3498e-02
4.1942e-02
4.1144e-02
4.0730e-02
4.0438e-02
4.0185e-02
3.9610e-02
3.8958e-02
3.8886e-02
3.8928e-02
3.8250e-02
3.6256e-02
3.2708e-02
2.7816e-02
2.2240e-02
1.7302e-02
1.4204e-02
1.3263e-02
1.3795e-02
1.5110e-02
1.6795e-02
1.8066e-02
1.8485e-02
1.8367e-02
1.7985e-02
1.7484e-02
1.7033e-02
1.6376e-02
1.5312e-02
1.3559e-02
1.0449e-02
6.4803e-03
3.3217e-03
2.4046e-03
4.3266e-03
8.3476e-03
1.3188e-02
1.7746e-02
2.0850e-02
2.1480e-02
1.9323e-02
1.5351e-02
1.0995e-02
7.2876e-03
4.8517e-03
3.7922e-03
3.5415e-03
3.0783e-03
2.1419e-03
9.8704e-04
-7.2278e-04
-3.0630e-03
-4.8055e-03
-4.5387e-03
-2.1786e-03
1.1554e-03
4.2595e-03
6.6634e-03
7.6266e-03
5.9945e-03
1.8197e-03
-3.5096e-03
-8.2981e-03
-1.1361e-02
-1.2223e-02
-1.1480e-02
-1.0734e-02
-1.1085e-02
-1.2959e-02
-1.6236e-02
-1.9651e-02
-2.2536e-02
-2.4981e-02
-2.6179e-02
-2.5645e-02
-2.4360e-02
-2.3665e-02
-2.3926e-02
-2.4740e-02
-2.5220e-02
-2.4085e-02
-2.1013e-02
-1.6904e-02
-1.2879e-02
-9.9155e-03
-8.6785e-03
-9.4329e-03
-1.1764e-02
-1.4844e-02
-1.8135e-02
-2.0899e-02
-2.2591e-02
-2.3436e-02
-2.3803e-02
-2.3948e-02
-2.4104e-02
-2.4521e-02
-2.4908e-02
-2.4903e-02
-2.4851e-02
-2.4840e-02
-2.4901e-02
-2.5059e-02
-2.4991e-02
-2.5072e-02
-2.5715e-02
-2.6870e-02
-2.7960e-02
-2.8047e-02
-2.7088e-02
-2.5155e-02
-2.2096e-02
-1.8328e-02
-1.3790e-02
-8.6265e-03
-4.2698e-03
-1.6440e-03
-1.7560e-03
-4.2455e-03
-7.0025e-03
-9.9887e-03
-1.2580e-02
-1.3745e-02
-1.3615e-02
-1.1797e-02
-9.3039e-03
-7.2401e-03
-5.7272e-03
-5.3031e-03
-6.6476e-03
-9.7696e-03
-1.3068e-02
-1.4941e-02
-1.5319e-02
-1.5019e-02
-1.4689e-02
-1.4363e-02
-1.4231e-02
-1.4635e-02
-1.5776e-02
-1.7697e-02
-1.9881e-02
-2.2006e-02
-2.4278e-02
-2.7027e-02
-3.0620e-02
-3.4576e-02
-3.8051e-02
-4.0304e-02
-4.0536e-02
-3.9279e-02
-3.7449e-02
-3.5169e-02
-3.2700e-02
-3.0287e-02
-2.8155e-02
-2.6293e-02
-2.4515e-02
-2.3056e-02
-2.2095e-02
-2.1646e-02
-2.1649e-02
-2.2084e-02
-2.3002e-02
-2.4273e-02
-2.5636e-02
-2.6981e-02
-2.8441e-02
-2.9847e-02
-3.0490e-02
-2.9697e-02
-2.7554e-02
-2.4573e-02
-2.1374e-02
-1.8902e-02
-1.7693e-02
-1.7447e-02
-1.7502e-02
-1.7863e-02
-1.8991e-02
-2.0799e-02
-2.2970e-02
-2.5128e-02
-2.7048e-02
-2.8583e-02
-2.9792e-02
-3.0666e-02
-3.0605e-02
-2.9623e-02
-2.8056e-02
-2.6532e-02
-2.4984e-02
-2.3668e-02
-2.2618e-02
-2.1053e-02
-1.9392e-02
-1.7393e-02
-1.6442e-02
-1.5602e-02
-1.5674e-02
-1.4527e-02
-9.4766e-03
-8.0974e-04
1.9486e-03
-1.7771e-02
-1.9618e-02
5.4649e-04
1.6206e-03
2.5285e-03
1.6350e-04
8.9445e-05
8.6393e-03
1.1179e-02
1.8935e-02
2.2232e-02
2.2717e-02
2.4937e-02
2.4826e-02
2.5726e-02
2.3940e-02
2.2360e-02
2.1317e-02
2.0356e-02
2.0011e-02
1.8831e-02
1.6970e-02
1.4487e-02
1.0642e-02
6.4268e-03
3.1496e-03
9.6828e-04
4.6178e-04
7.0323e-05
-5.7687e-04
-1.9284e-03
-2.7133e-03
-1.7829e-03
-3.5469e-04
1.4440e-03
2.6397e-03
3.2898e-03
3.6062e-03
3.2262e-03
2.2511e-03
7.9996e-04
-7.1865e-04
-2.0402e-03
-3.0752e-03
-3.4048e-03
-2.8906e-03
-1.3821e-03
1.0275e-03
3.2769e-03
4.7036e-03
5.3236e-03
5.8198e-03
6.6566e-03
7.5022e-03
7.6645e-03
7.0541e-03
6.2904e-03
6.1029e-03
6.9457e-03
8.6092e-03
1.0614e-02
1.2195e-02
1.3053e-02
1.3435e-02
1.3522e-02
1.3523e-02
1.3751e-02
1.4379e-02
1.5345e-02
1.6247e-02
1.6753e-02
1.6811e-02
1.6623e-02
1.6647e-02
1.6774e-02
1.7202e-02
1.8482e-02
2.0863e-02
2.4121e-02
2.7692e-02
3.1607e-02
3.5964e-02
4.0276e-02
4.3738e-02
4.6072e-02
4.7235e-02
4.7245e-02
4.6571e-02
4.5894e-02
4.5700e-02
4.5579e-02
4.5420e-02
4.5680e-02
4.6524e-02
4.7868e-02
4.9146e-02
5.0170e-02
5.1055e-02
5.1476e-02
5.1245e-02
5.0687e-02
5.0087e-02
4.9353e-02
4.8439e-02
4.7201e-02
4.5534e-02
4.3812e-02
4.2344e-02
4.0811e-02
3.8989e-02
3.6981e-02
3.4706e-02
3.2341e-02
3.0220e-02
2.8683e-02
2.7813e-02
2.7371e-02
2.7387e-02
2.7854e-02
2.8627e-02
2.9246e-02
2.9438e-02
2.9583e-02
2.9938e-02
3.0579e-02
3.1101e-02
3.1143e-02
3.0544e-02
2.8637e-02
2.5362e-02
2.1610e-02
1.8301e-02
1.5849e-02
1.4408e-02
1.3926e-02
1.4076e-02
1.4721e-02
1.5754e-02
1.6954e-02
1.8081e-02
1.9115e-02
2.0099e-02
2.0420e-02
1.9341e-02
1.7096e-02
1.4656e-02
1.2515e-02
1.0397e-02
7.9998e-03
5.6050e-03
3.7251e-03
2.1459e-03
5.5866e-04
-1.3142e-03
-4.2039e-03
-8.3818e-03
-1.2989e-02
-1.6506e-02
-1.8398e-02
-1.9230e-02
-1.9328e-02
-1.8559e-02
-1.8475e-02
-2.0880e-02
-2.4942e-02
-2.9145e-02
-3.1386e-02
-3.1524e-02
-3.0688e-02
-2.8958e-02
-2.7930e-02
-2.7361e-02
-2.6559e-02
-2.6024e-02
-2.5308e-02
-2.4960e-02
-2.5150e-02
-2.5783e-02
-2.7333e-02
-2.9451e-02
-3.1416e-02
-3.2724e-02
-3.3160e-02
-3.2965e-02
-3.2580e-02
-3.2008e-02
-3.1335e-02
-3.0405e-02
-2.8997e-02
-2.7808e-02
-2.7312e-02
-2.7394e-02
-2.7584e-02
-2.7617e-02
-2.7692e-02
-2.7907e-02
-2.8701e-02
-2.9291e-02
-2.8849e-02
-2.8738e-02
-2.9295e-02
-2.9829e-02
-3.0058e-02
-3.0045e-02
-3.0609e-02
-3.1461e-02
-3.2120e-02
-3.2856e-02
-3.3250e-02
-3.2867e-02
-3.1716e-02
-3.0372e-02
-2.9414e-02
-2.8955e-02
-2.9165e-02
-2.9967e-02
-3.1190e-02
-3.2714e-02
-3.4162e-02
-3.5276e-02
-3.6245e-02
-3.7323e-02
-3.8395e-02
-3.9424e-02
-4.0852e-02
-4.3008e-02
-4.5253e-02
-4.6258e-02
-4.5572e-02
-4.3682e-02
-4.0900e-02
-3.7531e-02
-3.4149e-02
-3.1206e-02
-2.8734e-02
-2.6627e-02
-2.4729e-02
-2.2872e-02
-2.1032e-02
-1.8867e-02
-1.6287e-02
-1.3955e-02
-1.2408e-02
-1.1919e-02
-1.2598e-02
-1.4229e-02
-1.6134e-02
-1.7663e-02
-1.9193e-02
-2.0697e-02
-2.1184e-02
-2.0915e-02
-2.0524e-02
-1.9584e-02
-1.7921e-02
-1.6373e-02
-1.5559e-02
-1.5218e-02
-1.5337e-02
-1.5773e-02
-1.5920e-02
-1.5138e-02
-1.3918e-02
-1.3269e-02
-1.2793e-02
-1.3000e-02
-1.4116e-02
-1.4591e-02
-1.4792e-02
-1.5555e-02
-1.5617e-02
-1.4829e-02
-1.4597e-02
-1.4675e-02
-1.4254e-02
-1.3465e-02
-1.2162e-02
-1.0206e-02
-8.1142e-03
-5.9762e-03
-3.9247e-03
-2.6821e-03
-1.6783e-03
4.9960e-05
2.0476e-03
3.4473e-03
4.2175e-03
4.5585e-03
4.1608e-03
3.9006e-03
5.0333e-03
6.9513e-03
8.6223e-03
1.0007e-02
1.0865e-02
1.0442e-02
9.7563e-03
1.0023e-02
1.0589e-02
1.1187e-02
1.1807e-02
1.2092e-02
1.1655e-02
1.0298e-02
8.4445e-03
6.2395e-03
3.8193e-03
1.9728e-03
7.1309e-04
-1.2038e-03
-3.7912e-03
-5.8719e-03
-7.1935e-03
-7.7623e-03
-7.8463e-03
-8.2107e-03
-8.5274e-03
-8.4852e-03
-8.1819e-03
-6.7097e-03
-4.3857e-03
-2.1023e-03
3.3192e-04
3.3896e-03
6.7625e-03
9.1128e-03
1.1131e-02
1.3605e-02
1.5377e-02
1.6122e-02
1.7004e-02
1.8518e-02
1.9503e-02
2.0323e-02
2.1657e-02
2.2980e-02
2.4255e-02
2.4772e-02
2.3897e-02
2.2031e-02
2.0048e-02
1.9044e-02
1.9486e-02
2.0880e-02
2.2793e-02
2.5080e-02
2.7316e-02
2.9103e-02
3.0293e-02
3.1035e-02
3.1580e-02
3.2062e-02
3.1815e-02
3.0510e-02
2.8588e-02
2.5783e-02
2.2486e-02
1.9070e-02
1.5417e-02
1.2042e-02
9.4086e-03
8.1529e-03
8.1999e-03
8.7577e-03
9.2707e-03
9.2632e-03
8.8157e-03
8.4947e-03
9.5393e-03
1.2210e-02
1.4368e-02
1.5519e-02
1.7008e-02
1.8590e-02
1.9806e-02
2.0883e-02
2.2167e-02
2.3916e-02
2.5631e-02
2.6797e-02
2.7502e-02
2.7914e-02
2.8128e-02
2.8148e-02
2.7839e-02
2.7362e-02
2.7064e-02
2.6834e-02
2.6629e-02
2.6499e-02
2.6160e-02
2.5700e-02
2.5191e-02
2.4580e-02
2.4036e-02
2.3281e-02
2.1895e-02
2.0202e-02
1.8605e-02
1.6607e-02
1.4058e-02
1.1488e-02
9.2788e-03
7.9632e-03
7.9479e-03
9.2833e-03
1.1650e-02
1.4279e-02
1.6343e-02
1.7470e-02
1.7874e-02
1.7649e-02
1.6866e-02
1.6151e-02
1.6009e-02
1.6463e-02
1.7187e-02
1.7590e-02
1.7307e-02
1.6536e-02
1.5579e-02
1.4295e-02
1.2489e-02
1.0368e-02
8.4687e-03
7.1139e-03
6.6516e-03
7.2777e-03
8.0670e-03
8.1825e-03
7.9568e-03
8.2953e-03
9.0843e-03
9.8435e-03
1.1061e-02
1.2267e-02
1.2716e-02
1.2419e-02
1.1553e-02
1.0547e-02
9.2351e-03
7.5940e-03
5.7149e-03
3.6885e-03
2.3863e-03
1.6877e-03
1.0047e-03
6.8276e-04
6.8970e-04
7.2063e-04
7.1867e-04
7.9583e-04
6.1537e-04
-5.6843e-04
-2.2248e-03
-3.6545e-03
-5.1314e-03
-6.7274e-03
-7.9384e-03
-8.3075e-03
-8.1260e-03
-7.7219e-03
-7.0986e-03
-6.2879e-03
-5.0858e-03
-3.2697e-03
-9.8257e-04
1.4066e-03
3.5424e-03
5.2632e-03
6.3913e-03
6.8354e-03
6.7997e-03
6.2834e-03
5.7400e-03
5.6554e-03
5.4813e-03
4.6720e-03
3.6572e-03
3.5865e-03
4.7675e-03
6.5052e-03
8.3308e-03
1.0129e-02
1.1738e-02
1.2583e-02
1.2529e-02
1.2396e-02
1.2101e-02
1.1292e-02
1.0905e-02
1.1244e-02
1.1349e-02
1.0714e-02
1.0103e-02
9.7592e-03
9.1998e-03
8.9239e-03
8.9971e-03
8.7009e-03
8.0650e-03
7.6772e-03
7.6347e-03
7.1790e-03
6.3965e-03
6.1004e-03
5.6475e-03
4.3631e-03
2.4868e-03
4.4203e-04
-1.4075e-03
-3.0860e-03
-4.4965e-03
-5.9658e-03
-7.9983e-03
-1.0368e-02
-1.2247e-02
-1.3245e-02
-1.3651e-02
-1.3279e-02
-1.2448e-02
-1.1771e-02
-1.0997e-02
-9.8950e-03
-8.9497e-03
-8.9224e-03
-9.8122e-03
-1.1116e-02
-1.2192e-02
-1.2287e-02
-1.1250e-02
-9.6730e-03
-8.2960e-03
-7.5567e-03
-7.5532e-03
-8.2729e-03
-9.6020e-03
-1.0876e-02
-1.1619e-02
-1.2024e-02
-1.2318e-02
-1.2674e-02
-1.2729e-02
-1.2037e-02
-1.0986e-02
-9.9492e-03
-9.0625e-03
-8.7088e-03
-8.8462e-03
-9.1870e-03
-9.7736e-03
-1.0489e-02
-1.1047e-02
-1.1183e-02
-1.0748e-02
-9.7142e-03
-8.2505e-03
-6.8597e-03
-5.8511e-03
-5.1748e-03
-4.9026e-03
-5.1718e-03
-5.6407e-03
-5.7988e-03
-5.5719e-03
-4.8570e-03
-3.5975e-03
-2.1372e-03
-1.0582e-03
-7.5741e-04
-5.4769e-04
-2.7627e-04
-7.0900e-04
-1.3296e-03
-1.5587e-03
-1.7970e-03
-2.1823e-03
-2.5127e-03
-3.1345e-03
-4.2763e-03
-5.6179e-03
-7.0376e-03
-8.2377e-03
-9.2936e-03
-1.0439e-02
-1.1428e-02
-1.2522e-02
-1.3872e-02
-1.5153e-02
-1.6209e-02
-1.6719e-02
-1.6723e-02
-1.6828e-02
-1.7361e-02
-1.8526e-02
-2.0218e-02
-2.2030e-02
-2.3842e-02
-2.5518e-02
-2.6926e-02
-2.8116e-02
-2.9023e-02
-2.9649e-02
-3.0299e-02
-3.1100e-02
-3.1823e-02
-3.2160e-02
-3.1865e-02
-3.1209e-02
-3.0742e-02
-3.0230e-02
-2.9091e-02
-2.7400e-02
-2.5567e-02
-2.3947e-02
-2.3122e-02
-2.3059e-02
-2.2671e-02
-2.1695e-02
-2.0827e-02
-2.0496e-02
-2.0637e-02
-2.0901e-02
-2.1142e-02
-2.1293e-02
-2.1254e-02
-2.1147e-02
-2.1582e-02
-2.2643e-02
-2.3629e-02
-2.4660e-02
-2.5684e-02
-2.5950e-02
-2.5681e-02
-2.5326e-02
-2.4606e-02
-2.3485e-02
-2.2585e-02
-2.2259e-02
-2.2244e-02
-2.2339e-02
-2.2279e-02
-2.1690e-02
-2.0937e-02
-2.0989e-02
-2.1586e-02
-2.1126e-02
-1.9133e-02
-1.6941e-02
-1.6181e-02
-1.6644e-02
-1.7027e-02
-1.6759e-02
-1.5364e-02
-1.3324e-02
-1.2030e-02
-1.2135e-02
-1.3040e-02
-1.3250e-02
-1.2615e-02
-1.2620e-02
-1.3692e-02
-1.4779e-02
-1.5479e-02
-1.6516e-02
-1.8286e-02
-2.0287e-02
-2.1832e-02
-2.2441e-02
-2.1918e-02
-2.0628e-02
-1.9052e-02
-1.7796e-02
-1.7437e-02
-1.7834e-02
-1.8232e-02
-1.7788e-02
-1.6377e-02
-1.4459e-02
-1.2411e-02
-1.0605e-02
-9.2978e-03
-8.0785e-03
-6.5508e-03
-4.4748e-03
-1.4328e-03
1.9048e-03
4.3703e-03
6.0337e-03
7.4154e-03
8.2166e-03
9.0247e-03
1.0725e-02
1.2590e-02
1.4035e-02
1.4736e-02
1.4555e-02
1.3697e-02
1.2427e-02
1.1732e-02
1.2206e-02
1.3472e-02
1.5066e-02
1.6573e-02
1.7613e-02
1.7984e-02
1.7812e-02
1.7755e-02
1.8108e-02
1.8417e-02
1.8550e-02
1.9095e-02
2.0194e-02
2.0679e-02
2.0104e-02
1.9575e-02
1.9558e-02
2.0181e-02
2.1827e-02
2.3764e-02
2.5703e-02
2.8000e-02
2.9897e-02
3.1183e-02
3.2181e-02
3.2578e-02
3.2390e-02
3.1819e-02
3.1188e-02
3.0831e-02
3.0626e-02
3.0378e-02
2.9634e-02
2.8417e-02
2.7086e-02
2.5723e-02
2.4422e-02
2.3289e-02
2.2605e-02
2.2387e-02
2.2694e-02
2.2918e-02
2.2567e-02
2.2233e-02
2.2131e-02
2.2304e-02
2.2500e-02
2.2656e-02
2.2843e-02
2.2868e-02
2.2854e-02
2.2980e-02
2.3026e-02
2.2634e-02
2.1967e-02
2.1066e-02
2.0470e-02
2.0951e-02
2.2135e-02
2.3082e-02
2.3559e-02
2.3542e-02
2.2516e-02
2.1144e-02
2.0297e-02
2.0032e-02
1.9955e-02
1.9633e-02
1.9160e-02
1.8086e-02
1.6326e-02
1.4508e-02
1.2893e-02
1.1242e-02
9.6110e-03
8.7440e-03
8.5365e-03
8.6812e-03
9.2028e-03
9.7372e-03
1.0628e-02
1.1968e-02
1.2735e-02
1.2685e-02
1.2382e-02
1.2015e-02
1.1210e-02
1.0261e-02
1.0252e-02
1.0811e-02
1.1069e-02
1.1314e-02
1.1779e-02
1.2196e-02
1.2230e-02
1.1923e-02
1.1648e-02
1.1308e-02
1.0599e-02
9.9466e-03
9.8214e-03
9.9059e-03
9.7214e-03
9.2196e-03
8.8697e-03
8.9212e-03
9.1852e-03
9.5309e-03
9.6173e-03
8.9130e-03
7.2859e-03
5.5604e-03
4.2691e-03
3.3812e-03
3.1146e-03
3.3467e-03
4.1672e-03
5.1426e-03
5.9758e-03
7.2455e-03
8.5854e-03
9.4815e-03
9.7814e-03
9.7948e-03
9.7319e-03
9.3990e-03
9.2500e-03
9.4198e-03
9.7177e-03
1.0310e-02
1.1455e-02
1.2795e-02
1.3472e-02
1.3314e-02
1.2792e-02
1.2372e-02
1.1939e-02
1.1431e-02
1.1314e-02
1.1305e-02
1.0708e-02
9.7872e-03
8.9831e-03
8.3105e-03
7.8098e-03
7.4258e-03
6.9680e-03
6.3994e-03
6.1448e-03
6.1748e-03
5.6853e-03
4.3495e-03
2.4448e-03
6.9065e-04
-1.8245e-04
-4.0140e-04
-7.5204e-04
-1.3089e-03
-1.7053e-03
-1.9801e-03
-2.0915e-03
-1.4772e-03
5.1445e-04
3.3199e-03
5.1938e-03
5.0720e-03
3.1481e-03
6.4252e-04
-1.1151e-03
-2.5293e-03
-4.4635e-03
-6.1893e-03
-7.1567e-03
-7.8339e-03
-8.6091e-03
-9.6605e-03
-1.0769e-02
-1.1480e-02
-1.1869e-02
-1.2198e-02
-1.2354e-02
-1.2577e-02
-1.3019e-02
-1.3089e-02
-1.2671e-02
-1.2413e-02
-1.2864e-02
-1.3951e-02
-1.5138e-02
-1.6706e-02
-1.8923e-02
-2.0570e-02
-2.1047e-02
-2.0861e-02
-2.0423e-02
-2.0315e-02
-2.0951e-02
-2.1947e-02
-2.2167e-02
-2.1068e-02
-1.9143e-02
-1.6712e-02
-1.4347e-02
-1.3133e-02
-1.3241e-02
-1.3762e-02
-1.3884e-02
-1.3337e-02
-1.2533e-02
-1.2468e-02
-1.3368e-02
-1.4771e-02
-1.6534e-02
-1.8134e-02
-1.9407e-02
-2.1173e-02
-2.3428e-02
-2.5396e-02
-2.7098e-02
-2.8818e-02
-3.0301e-02
-3.1497e-02
-3.2475e-02
-3.2955e-02
-3.3168e-02
-3.3567e-02
-3.4141e-02
-3.4879e-02
-3.5445e-02
-3.5421e-02
-3.5099e-02
-3.5051e-02
-3.5195e-02
-3.4926e-02
-3.4025e-02
-3.2444e-02
-3.0408e-02
-2.8637e-02
-2.7504e-02
-2.6957e-02
-2.6828e-02
-2.6851e-02
-2.6730e-02
-2.6470e-02
-2.6365e-02
-2.6536e-02
-2.6773e-02
-2.6748e-02
-2.6432e-02
-2.5913e-02
-2.5436e-02
-2.5194e-02
-2.4606e-02
-2.3261e-02
-2.1641e-02
-2.0314e-02
-1.9508e-02
-1.8879e-02
-1.8249e-02
-1.8059e-02
-1.8152e-02
-1.8032e-02
-1.7635e-02
-1.7090e-02
-1.6463e-02
-1.5547e-02
-1.4345e-02
-1.2886e-02
-1.1163e-02
-9.6895e-03
-8.9236e-03
-8.8893e-03
-9.2306e-03
-9.5838e-03
-9.9490e-03
-1.0079e-02
-9.7343e-03
-9.1942e-03
-8.4359e-03
-7.2262e-03
-5.8161e-03
-4.7220e-03
-4.2790e-03
-4.4812e-03
-4.9765e-03
-5.2599e-03
-5.1582e-03
-4.5529e-03
-3.5691e-03
-2.7023e-03
-1.9193e-03
-8.1862e-04
1.1137e-03
4.0985e-03
7.4576e-03
1.0330e-02
1.2417e-02
1.3636e-02
1.3916e-02
1.3645e-02
1.3500e-02
1.3795e-02
1.4404e-02
1.5311e-02
1.6527e-02
1.7890e-02
1.9372e-02
2.0865e-02
2.2202e-02
2.3402e-02
2.4467e-02
2.5295e-02
2.5973e-02
2.6750e-02
2.7583e-02
2.8018e-02
2.7591e-02
2.6384e-02
2.4997e-02
2.4024e-02
2.3514e-02
2.3182e-02
2.3085e-02
2.3054e-02
2.2879e-02
2.2915e-02
2.3310e-02
2.4224e-02
2.5474e-02
2.6401e-02
2.7088e-02
2.7721e-02
2.8244e-02
2.8751e-02
2.9185e-02
2.9023e-02
2.7944e-02
2.6630e-02
2.5630e-02
2.5119e-02
2.5312e-02
2.6033e-02
2.6802e-02
2.7200e-02
2.7262e-02
2.7185e-02
2.6977e-02
2.6565e-02
2.5777e-02
2.4905e-02
2.4433e-02
2.4194e-02
2.3918e-02
2.3261e-02
2.2157e-02
2.0886e-02
1.9227e-02
1.7372e-02
1.6159e-02
1.6021e-02
1.6163e-02
1.5803e-02
1.5055e-02
1.3721e-02
1.2079e-02
1.0822e-02
1.0162e-02
9.8360e-03
9.4533e-03
9.4267e-03
9.9419e-03
1.0454e-02
1.0607e-02
1.0376e-02
9.7037e-03
8.6583e-03
7.6101e-03
6.8478e-03
6.9124e-03
7.6119e-03
8.0167e-03
7.8577e-03
7.2569e-03
6.5492e-03
6.0556e-03
6.2096e-03
6.8832e-03
7.3036e-03
7.4445e-03
7.5714e-03
7.7521e-03
7.5761e-03
6.6361e-03
5.2181e-03
3.3852e-03
1.3380e-03
-3.2747e-04
-1.4528e-03
-2.1961e-03
-2.9379e-03
-3.8347e-03
-4.6472e-03
-5.3703e-03
-6.1300e-03
-7.1110e-03
-8.2566e-03
-9.3830e-03
-1.0670e-02
-1.1963e-02
-1.3001e-02
-1.3785e-02
-1.4272e-02
-1.4535e-02
-1.4560e-02
-1.4481e-02
-1.4346e-02
-1.3909e-02
-1.3143e-02
-1.2137e-02
-1.1218e-02
-1.0334e-02
-9.3786e-03
-8.6043e-03
-7.8636e-03
-7.1417e-03
-6.4518e-03
-5.9250e-03
-5.9061e-03
-6.3325e-03
-6.9630e-03
-7.5235e-03
-7.9413e-03
-8.3651e-03
-8.8436e-03
-9.2844e-03
-9.6000e-03
-9.7677e-03
-9.7498e-03
-9.5122e-03
-9.2365e-03
-9.1903e-03
-9.4013e-03
-9.8547e-03
-1.0411e-02
-1.0641e-02
-1.0258e-02
-9.5443e-03
-8.9766e-03
-8.7401e-03
-8.7523e-03
-8.7479e-03
-8.5241e-03
-8.1911e-03
-8.2810e-03
-8.9976e-03
-1.0033e-02
-1.1226e-02
-1.2385e-02
-1.3356e-02
-1.3862e-02
-1.3884e-02
-1.3955e-02
-1.4082e-02
-1.4058e-02
-1.3942e-02
-1.3711e-02
-1.3323e-02
-1.2709e-02
-1.1843e-02
-1.0908e-02
-1.0081e-02
-9.3876e-03
-8.9887e-03
-8.7222e-03
-8.2890e-03
-7.8694e-03
-7.6060e-03
-7.3981e-03
-7.1618e-03
-7.0546e-03
-7.2095e-03
-7.5471e-03
-7.8659e-03
-7.9519e-03
-7.7105e-03
-7.0880e-03
-6.2502e-03
-5.3193e-03
-4.4296e-03
-3.9629e-03
-3.9710e-03
-4.1145e-03
-4.1331e-03
-3.8911e-03
-3.3614e-03
-2.8908e-03
-2.6828e-03
-2.5498e-03
-2.6508e-03
-3.0854e-03
-3.5710e-03
-4.1037e-03
-4.6973e-03
-5.0479e-03
-4.9334e-03
-4.5639e-03
-4.1943e-03
-3.7044e-03
-2.9136e-03
-1.7039e-03
-1.6943e-04
1.4049e-03
2.7793e-03
3.9216e-03
4.9347e-03
5.7993e-03
6.5236e-03
6.9860e-03
7.1459e-03
7.1103e-03
6.7324e-03
6.0681e-03
5.2557e-03
4.0947e-03
2.6612e-03
1.5039e-03
7.9249e-04
1.9740e-04
-4.4441e-04
-1.0608e-03
-1.6505e-03
-2.2180e-03
-2.5376e-03
-2.4056e-03
-1.9788e-03
-1.5537e-03
-1.0565e-03
-2.4213e-04
8.6129e-04
1.9606e-03
2.7647e-03
3.2928e-03
3.6609e-03
3.9871e-03
4.4707e-03
5.2602e-03
6.2114e-03
7.2476e-03
8.4081e-03
9.3422e-03
1.0044e-02
1.0748e-02
1.1230e-02
1.1358e-02
1.1153e-02
1.0729e-02
1.0486e-02
1.0430e-02
1.0297e-02
1.0205e-02
1.0303e-02
1.0445e-02
1.0423e-02
1.0388e-02
1.0189e-02
9.6755e-03
9.3305e-03
9.1888e-03
9.1815e-03
9.2935e-03
9.2367e-03
9.0378e-03
8.8936e-03
9.1888e-03
1.0065e-02
1.1320e-02
1.2793e-02
1.4218e-02
1.5656e-02
1.6974e-02
1.7519e-02
1.7310e-02
1.7057e-02
1.7039e-02
1.7265e-02
1.7868e-02
1.8568e-02
1.8723e-02
1.7960e-02
1.7106e-02
1.6994e-02
1.7200e-02
1.7494e-02
1.7731e-02
1.7653e-02
1.7212e-02
1.6500e-02
1.6280e-02
1.6406e-02
1.6013e-02
1.5221e-02
1.4322e-02
1.3300e-02
1.2168e-02
1.1333e-02
1.0600e-02
9.4055e-03
8.3184e-03
7.5801e-03
6.7821e-03
6.0782e-03
5.4755e-03
4.7376e-03
4.0297e-03
3.3795e-03
2.2611e-03
4.3121e-04
-1.6789e-03
-3.7431e-03
-5.3894e-03
-6.6443e-03
-7.9719e-03
-9.2150e-03
-1.0199e-02
-1.0954e-02
-1.1503e-02
-1.1901e-02
-1.2352e-02
-1.2529e-02
-1.2084e-02
-1.1583e-02
-1.1469e-02
-1.2028e-02
-1.3022e-02
-1.4101e-02
-1.5296e-02
-1.6157e-02
-1.6026e-02
-1.5335e-02
-1.4829e-02
-1.4234e-02
-1.3693e-02
-1.3480e-02
-1.3895e-02
-1.4626e-02
-1.4942e-02
-1.5403e-02
-1.6033e-02
-1.6410e-02
-1.6322e-02
-1.5971e-02
-1.5740e-02
-1.5723e-02
-1.6268e-02
-1.6890e-02
-1.7244e-02
-1.7408e-02
-1.7062e-02
-1.6574e-02
-1.6470e-02
-1.6649e-02
-1.6744e-02
-1.6398e-02
-1.5518e-02
-1.4240e-02
-1.2734e-02
-1.1365e-02
-1.0763e-02
-1.1215e-02
-1.2152e-02
-1.2946e-02
-1.2872e-02
-1.1822e-02
-1.1000e-02
-1.0637e-02
-1.0572e-02
-1.1086e-02
-1.1736e-02
-1.1670e-02
-1.0661e-02
-9.5776e-03
-8.7785e-03
-8.1682e-03
-8.2515e-03
-9.2977e-03
-1.0754e-02
-1.1903e-02
-1.2647e-02
-1.2952e-02
-1.2574e-02
-1.1523e-02
-1.0424e-02
-9.6149e-03
-8.8960e-03
-8.4029e-03
-8.2380e-03
-8.1445e-03
-7.7234e-03
-7.2625e-03
-7.0689e-03
-6.6502e-03
-5.9644e-03
-5.1289e-03
-3.9838e-03
-2.8025e-03
-1.9264e-03
-1.3110e-03
-9.3198e-04
-8.0004e-04
-4.6167e-04
3.4180e-04
1.1424e-03
1.5790e-03
1.6238e-03
1.3926e-03
1.1220e-03
9.8729e-04
1.0037e-03
1.1668e-03
1.4971e-03
1.7654e-03
1.8520e-03
1.9064e-03
1.9678e-03
1.8867e-03
1.6223e-03
1.6219e-03
2.1998e-03
2.9211e-03
3.1036e-03
2.8734e-03
3.2653e-03
4.4684e-03
5.5679e-03
6.4279e-03
7.3912e-03
7.6974e-03
6.7248e-03
5.8162e-03
6.0846e-03
6.5134e-03
6.4798e-03
6.4903e-03
6.6101e-03
6.7563e-03
6.8515e-03
7.0151e-03
7.5029e-03
8.0462e-03
8.7753e-03
9.7022e-03
1.0015e-02
9.5869e-03
8.9949e-03
8.6941e-03
8.7386e-03
8.7390e-03
8.2909e-03
7.4744e-03
6.8650e-03
6.7715e-03
6.7724e-03
6.3870e-03
5.7011e-03
5.0657e-03
4.6870e-03
4.5253e-03
4.3867e-03
4.0749e-03
3.7509e-03
3.6943e-03
3.7689e-03
3.9509e-03
4.4867e-03
5.0286e-03
4.9181e-03
4.1343e-03
2.9100e-03
1.6863e-03
1.0604e-03
1.0786e-03
1.4515e-03
1.8966e-03
1.9633e-03
1.4823e-03
9.8117e-04
9.3142e-04
1.3789e-03
2.0836e-03
3.0818e-03
4.2471e-03
4.8748e-03
4.9168e-03
4.6935e-03
4.7760e-03
5.7398e-03
7.0257e-03
7.7806e-03
7.9619e-03
7.9117e-03
7.5499e-03
7.0666e-03
7.2570e-03
7.8795e-03
7.9244e-03
7.5517e-03
7.2412e-03
6.6950e-03
6.0728e-03
6.0423e-03
6.4221e-03
6.5539e-03
6.3310e-03
5.9032e-03
5.5640e-03
5.5999e-03
6.0978e-03
6.7487e-03
6.7695e-03
6.0799e-03
5.1743e-03
4.5278e-03
4.6467e-03
5.3230e-03
5.9262e-03
5.8358e-03
4.8647e-03
4.1933e-03
4.4856e-03
4.8839e-03
5.0075e-03
5.1644e-03
5.6074e-03
5.8897e-03
5.7667e-03
5.5933e-03
4.9800e-03
4.0682e-03
3.5389e-03
3.4593e-03
3.3733e-03
2.7255e-03
1.8413e-03
1.1484e-03
9.0219e-04
1.3880e-03
2.1311e-03
2.3930e-03
2.0193e-03
1.6931e-03
1.6482e-03
8.4858e-04
-6.8458e-04
-1.6170e-03
-1.2581e-03
4.9318e-05
1.2248e-03
1.7924e-03
1.9915e-03
1.8314e-03
1.5765e-03
1.6720e-03
1.7577e-03
1.2622e-03
4.1386e-04
-3.1454e-04
-5.9739e-04
-3.0921e-04
6.0474e-04
1.7347e-03
2.7173e-03
3.6479e-03
4.4952e-03
5.2895e-03
5.7611e-03
5.9598e-03
5.7582e-03
4.9177e-03
3.7015e-03
2.1307e-03
3.1970e-04
-1.7165e-03
-3.0523e-03
-3.0052e-03
-2.5149e-03
-2.1673e-03
-2.2636e-03
-3.2055e-03
-4.6353e-03
-5.7142e-03
-6.4783e-03
-7.2959e-03
-7.9784e-03
-8.2226e-03
-7.5649e-03
-6.1518e-03
-4.5800e-03
-2.4890e-03
2.4317e-04
2.4932e-03
3.5836e-03
3.2426e-03
1.1234e-03
-2.2986e-03
-5.7472e-03
-7.7977e-03
-8.0790e-03
-7.0206e-03
-4.9759e-03
-2.3256e-03
3.0514e-04
1.8530e-03
1.8194e-03
4.8561e-04
-1.2085e-03
-1.8324e-03
-1.0345e-03
4.1314e-04
1.4665e-03
1.6775e-03
1.4649e-03
1.1576e-03
9.7182e-04
1.1794e-03
1.7960e-03
2.4723e-03
2.8657e-03
3.0919e-03
3.3943e-03
3.8223e-03
4.1334e-03
3.5919e-03
2.3923e-03
2.1879e-03
3.2031e-03
3.8531e-03
3.2038e-03
1.6856e-03
2.3220e-04
-8.0414e-04
-1.6226e-03
-2.4589e-03
-3.3971e-03
-4.5259e-03
-5.3958e-03
-5.1008e-03
-4.1339e-03
-3.5413e-03
-3.1166e-03
-2.5517e-03
-2.4171e-03
-3.3499e-03
-5.1328e-03
-7.0323e-03
-8.7073e-03
-1.0055e-02
-1.0921e-02
-1.1191e-02
-1.0573e-02
-9.1184e-03
-7.6341e-03
-6.9976e-03
-7.3559e-03
-7.9578e-03
-7.9492e-03
-7.2235e-03
-6.6243e-03
-6.8632e-03
-7.8459e-03
-9.2568e-03
-1.0306e-02
-1.0307e-02
-9.6805e-03
-9.3828e-03
-9.5577e-03
-9.3510e-03
-8.3777e-03
-6.8874e-03
-5.5591e-03
-5.1827e-03
-5.7805e-03
-7.0410e-03
-8.3644e-03
-9.1971e-03
-9.7554e-03
-1.0328e-02
-1.0930e-02
-1.1494e-02
-1.2026e-02
-1.2711e-02
-1.3473e-02
-1.4010e-02
-1.4205e-02
-1.3868e-02
-1.2993e-02
-1.2182e-02
-1.1481e-02
-1.0512e-02
-9.6217e-03
-9.1686e-03
-9.0765e-03
-9.1831e-03
-9.8164e-03
-1.1264e-02
-1.2790e-02
-1.3555e-02
-1.3362e-02
-1.2366e-02
-1.0728e-02
-8.8591e-03
-7.3178e-03
-5.9182e-03
-4.5898e-03
-4.0775e-03
-4.3543e-03
-4.3456e-03
-3.5872e-03
-2.4579e-03
-1.3740e-03
-4.4327e-04
3.7035e-04
7.9823e-04
8.6621e-04
9.1989e-04
6.3746e-04
1.2565e-04
7.0671e-05
2.6273e-04
4.5197e-04
6.1213e-04
3.3516e-04
-3.9160e-04
-1.2749e-03
-2.0769e-03
-2.3453e-03
-1.6388e-03
-4.8961e-04
-1.0414e-04
-7.7267e-04
-2.2937e-03
-4.0393e-03
-4.7808e-03
-4.1840e-03
-2.8640e-03
-1.5603e-03
-6.8726e-04
-7.1244e-04
-1.7516e-03
-2.6245e-03
-2.5004e-03
-1.8094e-03
-1.2712e-03
-1.1289e-03
-1.1251e-03
-1.2162e-03
-1.0252e-03
2.3531e-04
2.0929e-03
3.0539e-03
2.5661e-03
1.2950e-03
4.0750e-05
-5.9886e-04
-3.2896e-04
2.6391e-04
1.8629e-04
-8.2603e-04
-2.2454e-03
-3.2464e-03
-3.4146e-03
-3.0124e-03
-2.5501e-03
-2.4547e-03
-2.7997e-03
-3.3860e-03
-3.6780e-03
-3.3423e-03
-2.7687e-03
-2.3327e-03
-2.2474e-03
-2.4877e-03
-2.9782e-03
-3.7293e-03
-4.1891e-03
-3.8104e-03
-2.8248e-03
-1.5152e-03
1.8080e-04
1.8256e-03
2.7043e-03
2.6802e-03
2.2550e-03
2.0635e-03
2.4093e-03
3.2823e-03
4.3553e-03
5.4613e-03
6.5420e-03
7.4853e-03
8.3929e-03
9.1230e-03
9.4995e-03
9.6252e-03
9.8610e-03
1.0460e-02
1.0958e-02
1.0957e-02
1.0717e-02
1.0411e-02
9.9408e-03
9.4656e-03
9.2534e-03
9.5105e-03
1.0309e-02
1.1409e-02
1.2506e-02
1.3335e-02
1.3745e-02
1.3878e-02
1.4061e-02
1.4315e-02
1.4477e-02
1.4728e-02
1.5136e-02
1.5346e-02
1.5226e-02
1.5099e-02
1.5066e-02
1.5096e-02
1.5299e-02
1.5632e-02
1.5987e-02
1.6223e-02
1.6179e-02
1.5937e-02
1.5711e-02
1.5520e-02
1.5202e-02
1.4645e-02
1.4192e-02
1.3982e-02
1.3620e-02
1.3132e-02
1.2679e-02
1.2360e-02
1.2395e-02
1.2746e-02
1.3120e-02
1.3295e-02
1.3454e-02
1.3789e-02
1.3948e-02
1.3604e-02
1.3149e-02
1.2996e-02
1.3199e-02
1.3649e-02
1.4121e-02
1.4825e-02
1.5592e-02
1.5829e-02
1.5556e-02
1.4814e-02
1.3714e-02
1.2502e-02
1.1249e-02
1.0222e-02
9.5673e-03
9.1084e-03
8.8410e-03
9.0482e-03
9.5353e-03
9.2973e-03
8.0085e-03
6.5977e-03
5.7407e-03
5.5584e-03
5.8738e-03
6.3612e-03
7.0760e-03
7.9613e-03
8.6533e-03
8.9802e-03
8.9370e-03
8.4638e-03
7.6296e-03
6.5992e-03
5.8418e-03
5.4573e-03
4.8936e-03
4.7156e-03
4.8769e-03
4.1815e-03
3.2271e-03
3.2213e-03
3.5194e-03
3.2456e-03
3.3855e-03
4.0135e-03
4.0948e-03
4.0202e-03
3.8080e-03
3.2128e-03
2.9138e-03
2.9941e-03
2.7693e-03
2.2576e-03
1.8951e-03
1.6231e-03
1.3761e-03
1.2384e-03
1.2855e-03
1.5153e-03
1.8339e-03
1.8543e-03
1.2497e-03
1.6462e-04
-9.1596e-04
-1.4694e-03
-1.5485e-03
-1.2533e-03
-8.5112e-04
-7.6406e-04
-8.7885e-04
-1.0893e-03
-1.5954e-03
-2.4111e-03
-2.9705e-03
-3.2205e-03
-3.6387e-03
-4.3370e-03
-5.3099e-03
-6.0433e-03
-6.1899e-03
-6.5907e-03
-7.6343e-03
-7.4921e-03
-5.5757e-03
-5.1285e-03
-7.1842e-03
-9.1953e-03
-1.0993e-02
-1.2490e-02
-1.0922e-02
-6.7858e-03
-4.0488e-03
-4.6240e-03
-7.1643e-03
-9.0542e-03
-9.5902e-03
-9.1067e-03
-7.8857e-03
-7.2582e-03
-7.0857e-03
-6.0175e-03
-4.4804e-03
-5.0307e-03
-8.2687e-03
-1.1049e-02
-1.1001e-02
-8.6574e-03
-7.3796e-03
-8.6057e-03
-9.9534e-03
-1.0604e-02
-1.1429e-02
-1.1825e-02
-1.1078e-02
-1.1577e-02
-1.3681e-02
-1.4484e-02
-1.3661e-02
-1.2001e-02
-1.0484e-02
-1.0455e-02
-1.1535e-02
-1.2133e-02
-1.2028e-02
-1.1010e-02
-9.0107e-03
-8.8431e-03
-1.0231e-02
-1.0278e-02
-1.0616e-02
-1.1436e-02
-8.7919e-03
-5.1249e-03
-5.0079e-03
-6.1431e-03
-7.6053e-03
-9.9152e-03
-1.1062e-02
-9.2860e-03
-5.8331e-03
-4.3652e-03
-4.6271e-03
-5.4039e-03
-7.2552e-03
-8.7536e-03
-8.1941e-03
-6.9057e-03
-6.0631e-03
-4.5909e-03
-3.8264e-03
-5.1557e-03
-6.9867e-03
-7.7035e-03
-7.4764e-03
-6.4532e-03
-5.1554e-03
-5.3520e-03
-6.5979e-03
-7.4582e-03
-6.7281e-03
-5.0359e-03
-4.6355e-03
-5.6740e-03
-7.4706e-03
-9.2490e-03
-9.9299e-03
-9.5243e-03
-9.6645e-03
-1.0360e-02
-9.8340e-03
-7.7339e-03
-5.8514e-03
-6.3740e-03
-8.0161e-03
-9.0472e-03
-9.1886e-03
-8.0635e-03
-6.9113e-03
-6.5465e-03
-6.3718e-03
-5.9409e-03
-5.8439e-03
-6.6307e-03
-7.5383e-03
-8.5062e-03
-9.3511e-03
-8.9462e-03
-7.4510e-03
-6.1157e-03
-5.4195e-03
-5.1313e-03
-5.7195e-03
-7.3272e-03
-8.8831e-03
-9.3435e-03
-9.0804e-03
-9.4758e-03
-1.0451e-02
-1.1101e-02
-1.1293e-02
-1.1391e-02
-1.1463e-02
-1.1041e-02
-1.0281e-02
-9.5180e-03
-8.7704e-03
-7.9521e-03
-7.5794e-03
-7.8149e-03
-7.3582e-03
-6.6527e-03
-7.1685e-03
-9.0158e-03
-1.1399e-02
-1.2367e-02
-1.0803e-02
-8.3800e-03
-6.9843e-03
-6.4644e-03
-6.1940e-03
-5.2455e-03
-3.3907e-03
-2.0171e-03
-2.1086e-03
-3.3635e-03
-4.0693e-03
-3.5327e-03
-2.7137e-03
-2.2129e-03
-2.2763e-03
-2.2361e-03
-9.9732e-04
3.5031e-04
-7.3873e-04
-3.3369e-03
-4.4548e-03
-3.7729e-03
-1.8966e-03
-3.6437e-04
-8.1930e-04
-1.6151e-03
-9.4694e-04
3.9964e-04
7.6291e-04
1.5433e-04
-4.0548e-05
6.6647e-04
1.5487e-03
1.3386e-03
6.6815e-04
9.6251e-04
1.6097e-03
1.2268e-03
-4.5301e-04
-1.4442e-03
-1.1755e-04
1.7409e-03
1.9304e-03
1.0873e-03
2.8644e-04
-4.5066e-04
-8.3275e-04
-7.6014e-04
-3.1864e-04
5.6175e-04
1.5191e-03
1.7169e-03
9.4630e-04
2.1565e-04
4.6734e-04
1.8177e-03
3.4987e-03
4.6607e-03
5.4207e-03
5.4976e-03
4.2244e-03
2.6274e-03
2.4358e-03
3.6741e-03
5.0468e-03
5.8716e-03
6.3419e-03
6.7618e-03
6.9179e-03
6.2032e-03
4.7910e-03
3.3582e-03
2.3088e-03
2.0501e-03
2.4939e-03
2.8649e-03
2.9197e-03
3.0564e-03
3.3880e-03
3.5965e-03
3.4886e-03
3.8544e-03
5.2194e-03
6.3210e-03
5.9707e-03
4.3678e-03
2.9486e-03
3.1342e-03
3.6698e-03
2.6234e-03
9.5931e-04
7.3983e-04
2.5500e-03
5.3491e-03
7.6130e-03
8.7538e-03
8.6544e-03
6.9195e-03
3.3562e-03
-1.1527e-03
-3.3836e-03
-6.2240e-04
5.2897e-03
9.8521e-03
1.0024e-02
6.9143e-03
3.7511e-03
2.0467e-03
8.4649e-04
-1.3514e-03
-3.6454e-03
-3.7660e-03
-1.0456e-03
2.0538e-03
3.3676e-03
3.6352e-03
3.4707e-03
3.5376e-03
3.9309e-03
3.7795e-03
2.8993e-03
1.6177e-03
8.3319e-04
1.1173e-03
2.2913e-03
3.3104e-03
3.6189e-03
3.6771e-03
3.3746e-03
3.4013e-03
4.7097e-03
6.4828e-03
7.4492e-03
7.4481e-03
7.1736e-03
6.4488e-03
4.6618e-03
2.9000e-03
2.9384e-03
5.4209e-03
9.2159e-03
1.1920e-02
1.2451e-02
1.2069e-02
1.1705e-02
1.0524e-02
8.2938e-03
6.2801e-03
5.9958e-03
7.9872e-03
1.0573e-02
1.1936e-02
1.2098e-02
1.1636e-02
1.0718e-02
9.2345e-03
7.6111e-03
6.4949e-03
6.4265e-03
7.6374e-03
9.3814e-03
1.0925e-02
1.2041e-02
1.2844e-02
1.3579e-02
1.4180e-02
1.4776e-02
1.5261e-02
1.5174e-02
1.4789e-02
1.4371e-02
1.3710e-02
1.2808e-02
1.2305e-02
1.3265e-02
1.5702e-02
1.8304e-02
1.9521e-02
1.8686e-02
1.6320e-02
1.4006e-02
1.3011e-02
1.2993e-02
1.3534e-02
1.4679e-02
1.6613e-02
1.9060e-02
2.0900e-02
2.1247e-02
2.0131e-02
1.8712e-02
1.7827e-02
1.7077e-02
1.6019e-02
1.4850e-02
1.4176e-02
1.4495e-02
1.5677e-02
1.7177e-02
1.8446e-02
1.8963e-02
1.8908e-02
1.8815e-02
1.8470e-02
1.7241e-02
1.4970e-02
1.2652e-02
1.1888e-02
1.3418e-02
1.6515e-02
1.9401e-02
2.0231e-02
1.8274e-02
1.4582e-02
1.1143e-02
9.2431e-03
8.7068e-03
8.6652e-03
8.6855e-03
8.5464e-03
8.0129e-03
7.3207e-03
6.9517e-03
6.8839e-03
6.9719e-03
7.3319e-03
7.7257e-03
7.7743e-03
7.4179e-03
6.8300e-03
5.6818e-03
3.4809e-03
8.4000e-04
-1.0494e-03
-1.5660e-03
-1.0885e-03
3.2607e-05
1.8144e-03
3.3141e-03
3.2736e-03
1.7811e-03
-3.6597e-05
-1.3216e-03
-1.8600e-03
-2.0095e-03
-2.4327e-03
-3.2199e-03
-3.7851e-03
-3.8779e-03
-3.5999e-03
-2.6887e-03
-1.4215e-03
-9.4727e-04
-1.6408e-03
-2.9842e-03
-4.5876e-03
-6.0493e-03
-6.9073e-03
-6.9696e-03
-6.6371e-03
-6.5549e-03
-6.5600e-03
-6.3368e-03
-6.0244e-03
-5.6244e-03
-5.0983e-03
-4.6012e-03
-4.4737e-03
-4.8220e-03
-5.7154e-03
-7.1683e-03
-8.5948e-03
-9.3712e-03
-9.4245e-03
-9.4985e-03
-1.0034e-02
-1.0695e-02
-1.1434e-02
-1.2218e-02
-1.3004e-02
-1.3818e-02
-1.4395e-02
-1.4514e-02
-1.4318e-02
-1.4221e-02
-1.4619e-02
-1.5243e-02
-1.5301e-02
-1.4753e-02
-1.4290e-02
-1.4522e-02
-1.5301e-02
-1.6060e-02
-1.6626e-02
-1.6806e-02
-1.6601e-02
-1.6235e-02
-1.5640e-02
-1.5056e-02
-1.5139e-02
-1.5921e-02
-1.6865e-02
-1.7893e-02
-1.9005e-02
-1.9892e-02
-2.0409e-02
-2.0591e-02
-2.0672e-02
-2.1004e-02
-2.1640e-02
-2.2446e-02
-2.3340e-02
-2.3955e-02
-2.3995e-02
-2.3696e-02
-2.3367e-02
-2.3109e-02
-2.3029e-02
-2.3224e-02
-2.3436e-02
-2.3120e-02
-2.2293e-02
-2.1705e-02
-2.1671e-02
-2.1681e-02
-2.1360e-02
-2.0866e-02
-2.0398e-02
-2.0278e-02
-2.0482e-02
-2.0354e-02
-1.9636e-02
-1.8540e-02
-1.7321e-02
-1.6409e-02
-1.6301e-02
-1.6851e-02
-1.7439e-02
-1.7687e-02
-1.7411e-02
-1.6460e-02
-1.4987e-02
-1.3600e-02
-1.2651e-02
-1.2183e-02
-1.2164e-02
-1.2074e-02
-1.1340e-02
-1.0002e-02
-8.4871e-03
-7.3388e-03
-6.9806e-03
-7.2912e-03
-7.8772e-03
-8.3101e-03
-8.2064e-03
-7.4757e-03
-6.3596e-03
-5.4745e-03
-5.1699e-03
-5.2847e-03
-5.6060e-03
-5.6732e-03
-5.0747e-03
-3.9682e-03
-2.8770e-03
-1.9691e-03
-8.9403e-04
4.4503e-04
1.9731e-03
3.1302e-03
3.1396e-03
2.2668e-03
1.3632e-03
1.3626e-03
2.6758e-03
4.7275e-03
6.5898e-03
8.0024e-03
8.3747e-03
6.6899e-03
5.7442e-03
7.4627e-03
7.7290e-03
5.9969e-03
5.9332e-03
6.6618e-03
6.2360e-03
7.2258e-03
1.0128e-02
1.0235e-02
8.4221e-03
8.9006e-03
9.4823e-03
8.3669e-03
8.0645e-03
9.0473e-03
1.0163e-02
1.1540e-02
1.2671e-02
1.1851e-02
9.2127e-03
8.4117e-03
9.2662e-03
8.6796e-03
7.7744e-03
7.9960e-03
8.7084e-03
8.1585e-03
6.7472e-03
6.0437e-03
5.9855e-03
5.9410e-03
5.1688e-03
4.8709e-03
5.9766e-03
7.0514e-03
7.2934e-03
7.3131e-03
6.9922e-03
6.6387e-03
6.8041e-03
7.3761e-03
8.3331e-03
8.6734e-03
8.1615e-03
7.1397e-03
6.8628e-03
8.2010e-03
9.1142e-03
8.8814e-03
8.3366e-03
7.5565e-03
6.5668e-03
5.5941e-03
5.0747e-03
5.1567e-03
5.7125e-03
6.4571e-03
6.6775e-03
6.2830e-03
5.3848e-03
4.8246e-03
5.4343e-03
5.8664e-03
6.0088e-03
6.2620e-03
5.9847e-03
6.0524e-03
6.7704e-03
7.3088e-03
7.2563e-03
6.5885e-03
5.9626e-03
5.2659e-03
4.9671e-03
6.1799e-03
7.7694e-03
8.6264e-03
8.1263e-03
6.3085e-03
4.1952e-03
2.3117e-03
1.2760e-03
1.1200e-03
1.5651e-03
2.1183e-03
2.7887e-03
3.5086e-03
3.3110e-03
2.6955e-03
2.1672e-03
1.5897e-03
1.2316e-03
1.3650e-03
1.5193e-03
1.1084e-03
1.1111e-03
1.9944e-03
3.0027e-03
3.3531e-03
2.2387e-03
3.7910e-04
-7.8019e-04
-9.3490e-04
3.4537e-04
2.7658e-03
4.2487e-03
3.8792e-03
3.0196e-03
2.6456e-03
2.8038e-03
3.1860e-03
3.3819e-03
3.9993e-03
5.0374e-03
5.6169e-03
5.0919e-03
3.3323e-03
1.4355e-03
5.4470e-05
-8.7173e-04
-1.0541e-03
-1.3293e-04
1.2904e-03
1.5471e-03
7.2118e-04
5.2366e-04
1.2640e-03
1.6670e-03
1.0693e-03
-8.4285e-05
-1.6237e-03
-3.0770e-03
-3.5766e-03
-3.0351e-03
-2.4657e-03
-2.2950e-03
-1.6233e-03
-1.1217e-03
-2.7843e-03
-5.3924e-03
-5.6192e-03
-4.2347e-03
-3.4127e-03
-3.0781e-03
-2.7541e-03
-1.7943e-03
-8.2476e-04
-6.1381e-04
-1.2845e-03
-2.4244e-03
-3.2466e-03
-3.8695e-03
-3.7070e-03
-2.3641e-03
-5.8311e-04
5.1655e-04
4.2783e-04
-2.7287e-04
-1.0125e-03
-1.2970e-03
-1.6235e-03
-2.6821e-03
-4.0682e-03
-4.9453e-03
-4.5455e-03
-3.3854e-03
-2.3518e-03
-1.7417e-03
-1.8695e-03
-3.0657e-03
-5.5165e-03
-7.9236e-03
-8.9925e-03
-9.4052e-03
-9.4414e-03
-8.1021e-03
-5.8097e-03
-4.3775e-03
-4.3266e-03
-5.2997e-03
-6.6330e-03
-7.4712e-03
-7.5786e-03
-7.4113e-03
-7.4255e-03
-7.0127e-03
-6.0333e-03
-5.2294e-03
-4.8830e-03
-4.9940e-03
-5.2757e-03
-5.5643e-03
-6.2940e-03
-7.6012e-03
-8.5101e-03
-7.9984e-03
-6.4728e-03
-5.4502e-03
-5.2191e-03
-4.8855e-03
-4.2539e-03
-3.0441e-03
-1.5068e-03
-9.9262e-04
-1.7683e-03
-2.6717e-03
-3.1426e-03
-3.2846e-03
-2.3721e-03
-3.8442e-04
1.0622e-03
1.1221e-03
1.7162e-04
-1.3994e-03
-2.5560e-03
-2.1312e-03
-6.4392e-04
5.9722e-04
1.1036e-03
4.1277e-04
-1.6931e-03
-4.1321e-03
-5.9750e-03
-6.1955e-03
-3.7516e-03
-2.6952e-04
1.2765e-03
7.1611e-04
-4.1488e-04
-1.5088e-03
-1.3736e-03
-3.4632e-04
-4.3951e-04
-6.5839e-04
1.0756e-03
3.8088e-03
4.9764e-03
4.5627e-03
4.7810e-03
5.7911e-03
5.8274e-03
4.9399e-03
4.2213e-03
4.2103e-03
5.0449e-03
5.8991e-03
6.0665e-03
5.7340e-03
5.9402e-03
6.5774e-03
7.1403e-03
7.9413e-03
7.7639e-03
6.1792e-03
4.5956e-03
4.3671e-03
4.9998e-03
5.2988e-03
6.2583e-03
7.3065e-03
6.5755e-03
5.5110e-03
5.9627e-03
7.5035e-03
9.0500e-03
9.2243e-03
7.7128e-03
5.7906e-03
4.6884e-03
5.2949e-03
7.6330e-03
1.0062e-02
1.0144e-02
8.1954e-03
6.6866e-03
6.5040e-03
7.6200e-03
9.0600e-03
9.3690e-03
7.8793e-03
4.5383e-03
6.6610e-04
-2.8020e-03
-5.5642e-03
-6.4966e-03
-5.8627e-03
-4.8450e-03
-3.2032e-03
-3.0094e-04
3.4404e-03
6.1935e-03
6.5181e-03
5.1098e-03
4.2573e-03
7.1669e-03
1.3970e-02
1.9578e-02
1.8329e-02
8.4887e-03
-5.4592e-03
-1.6774e-02
-2.0476e-02
-1.4230e-02
-1.9228e-03
9.7589e-03
1.6397e-02
1.5806e-02
9.1158e-03
1.3660e-03
-1.4911e-03
7.0000e-04
2.4608e-03
1.1714e-03
-1.2333e-03
-3.4992e-03
-4.7201e-03
-2.1147e-03
5.1220e-03
1.3014e-02
1.6374e-02
1.4147e-02
9.1977e-03
4.3812e-03
4.9328e-04
-2.4828e-03
-3.6990e-03
-2.7055e-03
-6.1959e-05
2.3492e-03
3.4917e-03
5.0308e-03
7.7997e-03
1.1078e-02
1.2966e-02
1.1870e-02
9.5203e-03
8.0585e-03
7.3834e-03
7.1312e-03
7.9596e-03
1.0320e-02
1.3279e-02
1.5162e-02
1.4669e-02
1.1989e-02
8.9873e-03
7.2594e-03
6.8527e-03
6.9726e-03
6.9278e-03
7.0311e-03
7.6310e-03
7.6919e-03
6.2002e-03
3.4198e-03
6.1524e-04
-8.7320e-04
-2.9045e-04
2.2247e-03
5.0104e-03
6.3350e-03
5.7769e-03
4.0064e-03
2.1594e-03
9.4001e-04
3.9569e-04
-1.4483e-05
8.9090e-06
7.8280e-04
1.3069e-03
1.3090e-03
1.2457e-03
1.3801e-03
2.1483e-03
3.7287e-03
5.2540e-03
5.6504e-03
4.8686e-03
3.7194e-03
2.8302e-03
2.1905e-03
1.7095e-03
1.3843e-03
1.7042e-03
2.7213e-03
3.4622e-03
3.3359e-03
2.6141e-03
1.6579e-03
3.1119e-04
-1.1016e-03
-2.0723e-03
-2.7761e-03
-3.5195e-03
-4.2942e-03
-4.5374e-03
-4.0983e-03
-3.4398e-03
-2.8593e-03
-2.5020e-03
-2.1445e-03
-1.4433e-03
-5.5889e-04
2.0741e-04
8.0236e-04
1.3744e-03
1.6766e-03
1.2512e-03
7.3446e-04
8.3021e-04
1.6108e-03
2.8959e-03
3.5132e-03
2.5553e-03
7.6331e-04
-6.3373e-04
-1.2616e-03
-1.2304e-03
-8.6824e-04
-8.8081e-04
-1.7337e-03
-3.2627e-03
-4.5636e-03
-5.2691e-03
-5.7335e-03
-5.4162e-03
-3.8408e-03
-1.9556e-03
-9.5242e-04
-1.4658e-03
-3.6348e-03
-5.8956e-03
-6.3016e-03
-5.3639e-03
-4.9087e-03
-5.5824e-03
-6.4182e-03
-6.4377e-03
-6.0575e-03
-6.1172e-03
-6.5623e-03
-6.8864e-03
-6.4462e-03
-5.3787e-03
-5.2671e-03
-6.8281e-03
-8.9899e-03
-1.0320e-02
-1.0198e-02
-9.3327e-03
-8.9837e-03
-9.6757e-03
-1.0727e-02
-1.1248e-02
-1.1149e-02
-1.0723e-02
-1.0029e-02
-9.1493e-03
-8.5684e-03
-8.6747e-03
-9.4249e-03
-1.0584e-02
-1.1792e-02
-1.2674e-02
-1.2993e-02
-1.2815e-02
-1.1817e-02
-9.6617e-03
-7.3370e-03
-6.1228e-03
-6.5222e-03
-7.9966e-03
-9.3921e-03
-9.9715e-03
-9.8956e-03
-1.0185e-02
-1.1211e-02
-1.2084e-02
-1.1957e-02
-1.0922e-02
-9.6603e-03
-8.3251e-03
-6.7097e-03
-4.8690e-03
-3.1714e-03
-2.0652e-03
-1.3341e-03
-8.4940e-04
-1.0050e-03
-1.8141e-03
-2.8462e-03
-3.0880e-03
-1.8298e-03
1.2568e-04
1.4516e-03
1.5560e-03
6.4281e-04
-8.2961e-04
-2.5186e-03
-4.0409e-03
-4.9207e-03
-5.0251e-03
-4.8987e-03
-5.1419e-03
-5.7992e-03
-6.5763e-03
-6.9778e-03
-6.7425e-03
-6.4477e-03
-7.1497e-03
-8.7613e-03
-9.9144e-03
-9.9473e-03
-8.8342e-03
-7.0271e-03
-5.7772e-03
-5.8447e-03
-6.8308e-03
-7.6581e-03
-7.9524e-03
-7.8896e-03
-7.5197e-03
-7.1243e-03
-6.7631e-03
-6.4710e-03
-6.4606e-03
-6.8513e-03
-7.7077e-03
-8.7425e-03
-9.5145e-03
-1.0039e-02
-1.0445e-02
-1.0842e-02
-1.1337e-02
-1.1874e-02
-1.2637e-02
-1.3346e-02
-1.3076e-02
-1.1576e-02
-9.7829e-03
-8.6298e-03
-7.9703e-03
-7.5159e-03
-7.4688e-03
-7.9682e-03
-8.7094e-03
-9.3717e-03
-9.8558e-03
-1.0066e-02
-1.0086e-02
-1.0127e-02
-1.0315e-02
-1.0347e-02
-1.0094e-02
-9.9541e-03
-9.7293e-03
-8.9992e-03
-7.7599e-03
-6.2454e-03
-5.2172e-03
-5.2903e-03
-6.0878e-03
-6.6567e-03
-6.5143e-03
-5.9979e-03
-5.3150e-03
-4.3950e-03
-3.4686e-03
-2.7107e-03
-2.1431e-03
-1.9306e-03
-1.9874e-03
-1.8996e-03
-1.5978e-03
-1.3884e-03
-1.4347e-03
-1.6177e-03
-1.7691e-03
-1.9462e-03
-2.3052e-03
-2.8934e-03
-3.6487e-03
-4.2845e-03
-4.5591e-03
-4.4451e-03
-3.8979e-03
-3.1635e-03
-2.6394e-03
-2.3602e-03
-2.1152e-03
-1.6312e-03
-9.6062e-04
-4.4319e-04
-1.6704e-04
-6.6283e-05
-8.4383e-05
-2.5163e-04
-5.2718e-04
-6.1373e-04
-3.1610e-04
4.8901e-04
1.6334e-03
2.6912e-03
3.5304e-03
4.1811e-03
4.5989e-03
4.5938e-03
4.4466e-03
4.3128e-03
3.8494e-03
3.5033e-03
3.5791e-03
3.7442e-03
3.8141e-03
3.8053e-03
3.8963e-03
4.1435e-03
4.5677e-03
4.9539e-03
4.8784e-03
4.1553e-03
3.1405e-03
2.4156e-03
2.1326e-03
2.4007e-03
3.1820e-03
3.8724e-03
4.1905e-03
4.6112e-03
5.1920e-03
5.6928e-03
6.0708e-03
6.1042e-03
5.8806e-03
5.8641e-03
6.4714e-03
7.4878e-03
8.6795e-03
1.0061e-02
1.0853e-02
1.0708e-02
1.0516e-02
1.0862e-02
1.1353e-02
1.1739e-02
1.2133e-02
1.2253e-02
1.2230e-02
1.2772e-02
1.3847e-02
1.4760e-02
1.5121e-02
1.5174e-02
1.5054e-02
1.4712e-02
1.4496e-02
1.4517e-02
1.4740e-02
1.4993e-02
1.5232e-02
1.6102e-02
1.7324e-02
1.8026e-02
1.8124e-02
1.7671e-02
1.6794e-02
1.5994e-02
1.5818e-02
1.6331e-02
1.7142e-02
1.7967e-02
1.8762e-02
1.9346e-02
1.9726e-02
2.0037e-02
2.0256e-02
2.0825e-02
2.1838e-02
2.2347e-02
2.1648e-02
2.0379e-02
1.9328e-02
1.8393e-02
1.7882e-02
1.8078e-02
1.8757e-02
1.9803e-02
2.0811e-02
2.1281e-02
2.0981e-02
2.0385e-02
2.0028e-02
1.9470e-02
1.8484e-02
1.7550e-02
1.6904e-02
1.6453e-02
1.5963e-02
1.5272e-02
1.4534e-02
1.3856e-02
1.3449e-02
1.3464e-02
1.3514e-02
1.3435e-02
1.3163e-02
1.2546e-02
1.1940e-02
1.1651e-02
1.1432e-02
1.1237e-02
1.1012e-02
1.0438e-02
9.7441e-03
9.0882e-03
8.5603e-03
8.2769e-03
8.0376e-03
8.0345e-03
8.4766e-03
9.2342e-03
9.8794e-03
9.9795e-03
9.4053e-03
8.3142e-03
7.0578e-03
6.0172e-03
5.3368e-03
4.6588e-03
3.8781e-03
3.1749e-03
2.6464e-03
2.1728e-03
1.6525e-03
1.2288e-03
9.7576e-04
1.0017e-03
1.1078e-03
9.8104e-04
7.2977e-04
6.7086e-04
6.4978e-04
2.4667e-04
-3.0755e-04
-5.6727e-04
-8.8140e-04
-1.5072e-03
-1.8262e-03
-1.8792e-03
-2.0384e-03
-2.3562e-03
-2.8095e-03
-3.2100e-03
-3.6891e-03
-4.1616e-03
-4.6626e-03
-5.3845e-03
-6.1803e-03
-6.8861e-03
-7.1311e-03
-7.0181e-03
-6.8234e-03
-6.5846e-03
-6.4060e-03
-6.1929e-03
-6.1980e-03
-6.3549e-03
-6.2253e-03
-6.0432e-03
-6.1624e-03
-6.6021e-03
-7.2776e-03
-8.0169e-03
-8.4499e-03
-8.8743e-03
-9.5061e-03
-9.7988e-03
-9.6166e-03
-9.0624e-03
-8.6144e-03
-8.6385e-03
-8.9473e-03
-9.7080e-03
-1.0974e-02
-1.2169e-02
-1.2573e-02
-1.2001e-02
-1.1060e-02
-1.0483e-02
-1.0702e-02
-1.1513e-02
-1.2061e-02
-1.2010e-02
-1.1714e-02
-1.1482e-02
-1.1436e-02
-1.1947e-02
-1.2950e-02
-1.3710e-02
-1.3856e-02
-1.3373e-02
-1.2663e-02
-1.2189e-02
-1.2218e-02
-1.2706e-02
-1.3213e-02
-1.3289e-02
-1.2747e-02
-1.1979e-02
-1.1306e-02
-1.1057e-02
-1.1378e-02
-1.1921e-02
-1.2429e-02
-1.2665e-02
-1.2500e-02
-1.2091e-02
-1.2096e-02
-1.2718e-02
-1.3560e-02
-1.4430e-02
-1.4919e-02
-1.4836e-02
-1.4523e-02
-1.4287e-02
-1.4152e-02
-1.4211e-02
-1.4591e-02
-1.4753e-02
-1.4424e-02
-1.4004e-02
-1.3810e-02
-1.4061e-02
-1.4568e-02
-1.4973e-02
-1.5164e-02
-1.5246e-02
-1.5247e-02
-1.5191e-02
-1.5315e-02
-1.5491e-02
-1.5512e-02
-1.5473e-02
-1.5411e-02
-1.5173e-02
-1.4659e-02
-1.4086e-02
-1.3647e-02
-1.3413e-02
-1.3430e-02
-1.3506e-02
-1.3353e-02
-1.3108e-02
-1.3113e-02
-1.3282e-02
-1.3606e-02
-1.3961e-02
-1.3738e-02
-1.3003e-02
-1.2194e-02
-1.1505e-02
-1.1029e-02
-1.0575e-02
-1.0371e-02
-1.0652e-02
-1.1003e-02
-1.1061e-02
-1.0804e-02
-1.0364e-02
-9.6557e-03
-8.9021e-03
-8.4204e-03
-7.9526e-03
-7.1830e-03
-6.2309e-03
-5.5058e-03
-4.7895e-03
-4.3568e-03
-4.6432e-03
-4.7454e-03
-4.6453e-03
-4.7565e-03
-4.4026e-03
-3.2947e-03
-2.1201e-03
-1.3599e-03
-6.3726e-04
-1.1704e-05
3.5346e-04
7.4149e-04
1.0391e-03
1.1789e-03
1.3497e-03
1.7835e-03
2.2950e-03
2.5297e-03
2.6316e-03
2.8010e-03
3.0574e-03
3.3231e-03
3.7521e-03
4.4066e-03
5.1050e-03
5.7124e-03
5.8957e-03
5.6293e-03
5.1101e-03
4.5276e-03
4.5873e-03
5.2955e-03
5.6286e-03
5.2715e-03
4.6840e-03
4.3183e-03
4.2962e-03
4.4399e-03
4.5550e-03
4.4260e-03
3.7278e-03
2.8762e-03
2.8025e-03
3.3700e-03
4.2702e-03
5.3127e-03
5.8832e-03
5.7685e-03
5.1985e-03
4.6676e-03
4.7912e-03
5.6239e-03
6.5277e-03
7.0461e-03
7.0977e-03
6.7653e-03
6.5076e-03
7.0170e-03
7.8901e-03
8.0807e-03
7.6583e-03
6.9738e-03
6.4481e-03
6.2890e-03
6.3763e-03
6.7724e-03
6.9749e-03
6.4160e-03
5.5384e-03
5.3006e-03
5.2531e-03
4.7745e-03
4.4509e-03
4.6251e-03
4.7110e-03
4.3902e-03
5.1398e-03
6.4509e-03
6.5828e-03
6.5241e-03
6.8564e-03
7.0066e-03
6.5756e-03
6.2520e-03
6.7058e-03
6.8335e-03
6.6052e-03
6.8358e-03
7.0099e-03
6.9786e-03
7.3847e-03
8.0930e-03
8.7789e-03
9.4355e-03
9.6635e-03
9.5296e-03
9.5401e-03
9.5101e-03
9.2550e-03
9.4176e-03
1.0111e-02
1.0470e-02
1.0699e-02
1.1147e-02
1.1262e-02
1.1118e-02
1.0990e-02
1.0845e-02
1.0784e-02
1.1039e-02
1.1591e-02
1.2235e-02
1.2979e-02
1.3690e-02
1.3936e-02
1.3972e-02
1.4149e-02
1.3935e-02
1.3656e-02
1.3887e-02
1.4210e-02
1.4240e-02
1.4051e-02
1.4006e-02
1.3701e-02
1.3065e-02
1.2816e-02
1.2777e-02
1.2730e-02
1.2741e-02
1.2644e-02
1.2318e-02
1.1771e-02
1.1146e-02
1.0455e-02
1.0011e-02
9.9350e-03
9.4707e-03
8.5386e-03
8.1709e-03
8.4643e-03
8.4397e-03
8.0658e-03
7.9577e-03
8.0215e-03
7.7756e-03
7.5323e-03
7.5154e-03
7.2682e-03
7.0885e-03
7.0479e-03
6.8605e-03
6.5020e-03
5.8762e-03
5.3001e-03
5.1374e-03
5.3697e-03
5.7112e-03
5.9149e-03
5.6786e-03
5.0472e-03
4.7172e-03
4.9642e-03
5.3155e-03
5.3493e-03
5.3260e-03
5.5374e-03
5.6392e-03
5.3944e-03
5.2979e-03
5.7246e-03
6.2364e-03
6.4483e-03
6.2476e-03
5.9499e-03
5.8958e-03
5.6325e-03
5.4460e-03
5.5411e-03
5.5726e-03
5.9254e-03
6.2315e-03
5.8864e-03
5.5052e-03
5.7688e-03
5.8920e-03
5.3491e-03
4.7942e-03
4.1655e-03
3.2607e-03
2.2161e-03
1.5473e-03
1.4081e-03
1.3909e-03
1.6402e-03
1.8478e-03
1.6570e-03
1.3342e-03
9.3015e-04
2.3165e-04
-8.4186e-04
-1.8870e-03
-2.4456e-03
-2.8568e-03
-3.4701e-03
-3.9777e-03
-4.2479e-03
-4.4195e-03
-4.5886e-03
-4.2505e-03
-3.5943e-03
-3.5437e-03
-3.8365e-03
-4.1471e-03
-4.5850e-03
-5.5395e-03
-6.6738e-03
-6.8357e-03
-6.2654e-03
-5.9102e-03
-5.9241e-03
-6.0081e-03
-6.2454e-03
-6.8390e-03
-7.7182e-03
-8.3713e-03
-8.6028e-03
-8.7652e-03
-8.6619e-03
-8.2076e-03
-7.6216e-03
-7.4313e-03
-7.9854e-03
-8.7799e-03
-9.4578e-03
-1.0065e-02
-1.0586e-02
-1.1027e-02
-1.1605e-02
-1.2004e-02
-1.1876e-02
-1.1507e-02
-1.1012e-02
-1.0231e-02
-9.4759e-03
-9.5027e-03
-1.0154e-02
-1.0815e-02
-1.1357e-02
-1.1817e-02
-1.2171e-02
-1.2347e-02
-1.2468e-02
-1.2618e-02
-1.2818e-02
-1.2897e-02
-1.2787e-02
-1.2608e-02
-1.2369e-02
-1.2416e-02
-1.2776e-02
-1.3305e-02
-1.4107e-02
-1.4799e-02
-1.5015e-02
-1.4869e-02
-1.4640e-02
-1.4514e-02
-1.4542e-02
-1.4566e-02
-1.4489e-02
-1.4476e-02
-1.4452e-02
-1.4293e-02
-1.3974e-02
-1.3665e-02
-1.3656e-02
-1.3898e-02
-1.4392e-02
-1.4863e-02
-1.4982e-02
-1.5034e-02
-1.5093e-02
-1.4975e-02
-1.4825e-02
-1.4641e-02
-1.4327e-02
-1.4301e-02
-1.4519e-02
-1.4654e-02
-1.4835e-02
-1.4848e-02
-1.4485e-02
-1.3943e-02
-1.3554e-02
-1.3450e-02
-1.3575e-02
-1.3740e-02
-1.3711e-02
-1.3619e-02
-1.3422e-02
-1.3153e-02
-1.3054e-02
-1.3082e-02
-1.3194e-02
-1.3077e-02
-1.2484e-02
-1.1735e-02
-1.1364e-02
-1.1634e-02
-1.1883e-02
-1.1559e-02
-1.1079e-02
-1.0567e-02
-1.0019e-02
-9.6338e-03
-9.2241e-03
-8.6007e-03
-7.9537e-03
-7.6994e-03
-7.8054e-03
-7.8475e-03
-7.7051e-03
-7.4802e-03
-7.2996e-03
-7.1543e-03
-6.7970e-03
-6.2333e-03
-5.7716e-03
-5.5330e-03
-5.5420e-03
-5.9075e-03
-6.4309e-03
-6.5155e-03
-6.1108e-03
-5.3361e-03
-3.8342e-03
-1.9142e-03
-5.2240e-04
-1.8231e-04
-5.9954e-04
-1.2816e-03
-1.8705e-03
-1.8544e-03
-1.2725e-03
-3.6844e-04
7.5910e-04
1.5712e-03
1.7996e-03
1.6966e-03
1.7234e-03
2.0353e-03
2.6965e-03
4.0109e-03
5.3883e-03
6.2326e-03
6.6492e-03
6.8777e-03
7.2982e-03
7.6431e-03
7.5547e-03
7.3685e-03
7.3743e-03
7.6683e-03
8.4523e-03
9.7859e-03
1.1111e-02
1.1704e-02
1.1760e-02
1.1983e-02
1.2229e-02
1.2180e-02
1.2292e-02
1.2534e-02
1.2796e-02
1.3206e-02
1.3185e-02
1.3004e-02
1.3310e-02
1.3834e-02
1.4308e-02
1.4703e-02
1.5107e-02
1.5517e-02
1.5692e-02
1.5414e-02
1.5091e-02
1.5144e-02
1.5503e-02
1.5874e-02
1.5859e-02
1.5651e-02
1.5457e-02
1.5370e-02
1.5621e-02
1.6035e-02
1.6139e-02
1.5746e-02
1.5258e-02
1.4981e-02
1.5217e-02
1.5947e-02
1.6589e-02
1.7016e-02
1.7257e-02
1.7171e-02
1.6707e-02
1.6130e-02
1.5733e-02
1.5485e-02
1.5511e-02
1.5652e-02
1.5476e-02
1.5311e-02
1.5316e-02
1.5233e-02
1.5151e-02
1.4990e-02
1.4594e-02
1.3925e-02
1.3697e-02
1.3911e-02
1.3519e-02
1.3264e-02
1.3615e-02
1.3805e-02
1.3890e-02
1.4198e-02
1.4431e-02
1.4188e-02
1.3902e-02
1.3611e-02
1.3113e-02
1.2868e-02
1.2774e-02
1.2878e-02
1.3407e-02
1.3818e-02
1.3614e-02
1.2997e-02
1.2472e-02
1.1967e-02
1.1558e-02
1.1573e-02
1.1386e-02
1.0654e-02
1.0211e-02
1.0407e-02
1.0578e-02
1.0304e-02
9.6809e-03
9.2179e-03
9.3451e-03
9.4448e-03
9.0079e-03
8.5311e-03
8.3222e-03
8.0719e-03
7.6350e-03
7.2216e-03
6.9967e-03
6.7893e-03
6.5283e-03
6.0755e-03
5.2300e-03
4.5281e-03
4.0922e-03
3.4562e-03
2.7159e-03
2.2817e-03
2.1411e-03
2.1877e-03
2.2193e-03
1.8724e-03
1.1813e-03
9.1534e-06
-1.3374e-03
-2.3321e-03
-2.7962e-03
-2.6901e-03
-2.3004e-03
-1.7300e-03
-1.2839e-03
-1.1245e-03
-1.1432e-03
-1.6377e-03
-2.9130e-03
-4.4001e-03
-5.1305e-03
-5.0288e-03
-4.5163e-03
-4.1350e-03
-4.5286e-03
-5.3981e-03
-5.5486e-03
-4.7996e-03
-4.2220e-03
-4.3845e-03
-4.9598e-03
-5.8770e-03
-6.7007e-03
-6.6268e-03
-6.4295e-03
-6.8165e-03
-6.9879e-03
-6.8269e-03
-7.0389e-03
-7.5565e-03
-7.9410e-03
-8.0739e-03
-8.1407e-03
-8.1658e-03
-8.3185e-03
-8.8776e-03
-9.3661e-03
-9.6070e-03
-9.7295e-03
-9.7238e-03
-9.7201e-03
-1.0110e-02
-1.0655e-02
-1.0547e-02
-1.0435e-02
-1.0547e-02
-1.0579e-02
-1.0876e-02
-1.0799e-02
-1.0490e-02
-1.0843e-02
-1.1012e-02
-1.0426e-02
-1.0192e-02
-1.0616e-02
-1.0887e-02
-1.0964e-02
-1.0827e-02
-9.8462e-03
-8.4874e-03
-8.1476e-03
-9.1237e-03
-1.0302e-02
-1.0813e-02
-1.0568e-02
-9.8684e-03
-9.5523e-03
-9.6566e-03
-9.3687e-03
-8.6879e-03
-8.2237e-03
-8.3697e-03
-8.9434e-03
-9.6028e-03
-9.9565e-03
-9.5786e-03
-8.8470e-03
-8.7522e-03
-9.1939e-03
-8.9754e-03
-8.2382e-03
-7.6265e-03
-7.1550e-03
-7.5082e-03
-8.8027e-03
-9.8541e-03
-9.7390e-03
-8.7935e-03
-7.7766e-03
-6.9839e-03
-6.5273e-03
-6.5771e-03
-7.2791e-03
-8.2609e-03
-8.9176e-03
-8.8292e-03
-7.8584e-03
-6.6686e-03
-6.2850e-03
-6.6308e-03
-6.8095e-03
-6.6155e-03
-6.3499e-03
-6.1845e-03
-6.4465e-03
-7.0547e-03
-7.1938e-03
-6.6348e-03
-5.8194e-03
-5.1116e-03
-4.7701e-03
-5.0567e-03
-5.6543e-03
-5.9090e-03
-5.7455e-03
-5.2762e-03
-4.8145e-03
-4.7149e-03
-5.2547e-03
-6.2192e-03
-6.7779e-03
-6.5149e-03
-5.4334e-03
-4.2227e-03
-3.9652e-03
-4.7641e-03
-5.7590e-03
-6.1947e-03
-5.9715e-03
-5.3499e-03
-4.6507e-03
-4.5143e-03
-5.1214e-03
-5.7352e-03
-5.6141e-03
-4.5940e-03
-3.4326e-03
-2.8672e-03
-3.1115e-03
-4.0643e-03
-5.2268e-03
-5.9583e-03
-5.8387e-03
-4.9767e-03
-4.0838e-03
-4.0894e-03
-4.7694e-03
-5.0944e-03
-4.7381e-03
-4.0485e-03
-3.2644e-03
-2.9903e-03
-3.5571e-03
-4.0064e-03
-3.8490e-03
-3.3299e-03
-3.0337e-03
-3.1331e-03
-3.2922e-03
-3.4644e-03
-3.5025e-03
-3.7100e-03
-4.0152e-03
-3.9004e-03
-3.5528e-03
-3.0109e-03
-2.0858e-03
-1.2254e-03
-1.1290e-03
-1.9805e-03
-2.9946e-03
-3.1376e-03
-2.4643e-03
-1.6009e-03
-1.1636e-03
-1.1639e-03
-1.1452e-03
-9.2852e-04
-3.0185e-04
3.6066e-04
6.0215e-04
6.5550e-04
6.7502e-04
6.7744e-04
7.7232e-04
7.6066e-04
3.6858e-04
7.7810e-05
2.6818e-04
5.2027e-04
6.5170e-04
8.3563e-04
1.1081e-03
1.3005e-03
1.1237e-03
7.5221e-04
6.3329e-04
8.4405e-04
1.2924e-03
2.0431e-03
2.8424e-03
3.1308e-03
2.8459e-03
2.2520e-03
1.8763e-03
1.7184e-03
1.3732e-03
1.1502e-03
1.2651e-03
1.7460e-03
2.6158e-03
3.8139e-03
5.2101e-03
6.6062e-03
8.1537e-03
9.7577e-03
1.0639e-02
1.0731e-02
1.0395e-02
8.9962e-03
6.0489e-03
2.0781e-03
-1.1849e-03
-1.6081e-03
1.7744e-03
7.4010e-03
1.1802e-02
1.3396e-02
1.2868e-02
1.1165e-02
8.9377e-03
6.5296e-03
4.5861e-03
3.7406e-03
4.0222e-03
5.3414e-03
6.8859e-03
7.5339e-03
7.7136e-03
8.0939e-03
8.6390e-03
9.0639e-03
9.0093e-03
8.2901e-03
6.8945e-03
5.7019e-03
5.6089e-03
6.3658e-03
7.1454e-03
7.4385e-03
7.3529e-03
7.2446e-03
7.5537e-03
8.2398e-03
8.6538e-03
8.1643e-03
6.8710e-03
5.7800e-03
5.4836e-03
5.9581e-03
7.1710e-03
8.4017e-03
8.5242e-03
7.6877e-03
7.0337e-03
7.0493e-03
7.6309e-03
8.1230e-03
7.8969e-03
7.1129e-03
6.2729e-03
5.9295e-03
6.1235e-03
6.5382e-03
6.7448e-03
6.6892e-03
6.7079e-03
6.8965e-03
7.1997e-03
6.9895e-03
6.2056e-03
5.7711e-03
5.8951e-03
6.0484e-03
5.8050e-03
5.3118e-03
5.3335e-03
6.4362e-03
8.1136e-03
9.3148e-03
9.5946e-03
9.2038e-03
8.3951e-03
7.3449e-03
6.1746e-03
4.9615e-03
4.4555e-03
5.3815e-03
7.2285e-03
8.9414e-03
9.8859e-03
9.8833e-03
8.9978e-03
7.6919e-03
6.6450e-03
5.9307e-03
5.4010e-03
5.0768e-03
4.8761e-03
5.0781e-03
5.8435e-03
7.0202e-03
8.2482e-03
8.7483e-03
8.3264e-03
7.4390e-03
6.6256e-03
6.0461e-03
5.5718e-03
5.4012e-03
5.5512e-03
5.9659e-03
6.3226e-03
5.9905e-03
5.0951e-03
4.2433e-03
3.8465e-03
3.8641e-03
4.1995e-03
4.8059e-03
5.3665e-03
5.4900e-03
4.9629e-03
4.1142e-03
3.2569e-03
2.4516e-03
1.7885e-03
1.2828e-03
1.1773e-03
1.6672e-03
2.3583e-03
2.3911e-03
1.5893e-03
8.5780e-04
5.9515e-04
3.7559e-04
-1.3973e-04
-9.1214e-04
-1.6448e-03
-2.1596e-03
-2.2006e-03
-1.6879e-03
-1.0918e-03
-8.5514e-04
-1.1643e-03
-1.8902e-03
-2.7710e-03
-3.2922e-03
-3.0979e-03
-2.9651e-03
-3.6834e-03
-5.1015e-03
-6.3591e-03
-6.7195e-03
-6.5268e-03
-6.0481e-03
-5.4873e-03
-5.5888e-03
-6.2130e-03
-6.9052e-03
-7.5877e-03
-7.9969e-03
-8.0259e-03
-7.8522e-03
-7.8713e-03
-8.2414e-03
-8.7900e-03
-9.4054e-03
-9.9365e-03
-1.0230e-02
-1.0213e-02
-9.9378e-03
-9.6979e-03
-9.6586e-03
-9.5293e-03
-9.0909e-03
-8.6232e-03
-8.7665e-03
-9.8009e-03
-1.1177e-02
-1.1958e-02
-1.1623e-02
-1.0760e-02
-1.0197e-02
-1.0016e-02
-9.9074e-03
-9.9372e-03
-1.0424e-02
-1.1102e-02
-1.1747e-02
-1.2256e-02
-1.2200e-02
-1.1659e-02
-1.1213e-02
-1.1205e-02
-1.1461e-02
-1.1542e-02
-1.1614e-02
-1.1890e-02
-1.1754e-02
-1.1446e-02
-1.1684e-02
-1.1865e-02
-1.1794e-02
-1.2029e-02
-1.2448e-02
-1.2630e-02
-1.2595e-02
-1.2753e-02
-1.3178e-02
-1.3395e-02
-1.3105e-02
-1.2629e-02
-1.2276e-02
-1.2053e-02
-1.1969e-02
-1.1967e-02
-1.2007e-02
-1.2139e-02
-1.2193e-02
-1.1928e-02
-1.1417e-02
-1.0677e-02
-9.8427e-03
-9.2262e-03
-9.0065e-03
-9.2112e-03
-9.4470e-03
-9.4233e-03
-9.2251e-03
-8.8353e-03
-8.3632e-03
-8.1913e-03
-8.2731e-03
-8.3031e-03
-8.0164e-03
-7.4186e-03
-7.0211e-03
-6.7082e-03
-6.1942e-03
-5.7243e-03
-5.4578e-03
-5.2971e-03
-4.9820e-03
-4.5396e-03
-4.1000e-03
-3.7342e-03
-3.6824e-03
-3.7965e-03
-3.6245e-03
-3.0999e-03
-2.0982e-03
-9.4146e-04
-4.5193e-04
-5.1665e-04
-5.0482e-04
-2.0661e-04
1.3039e-04
7.2073e-04
1.6122e-03
2.0740e-03
2.1125e-03
2.1556e-03
2.4505e-03
2.9123e-03
3.4284e-03
4.0290e-03
4.3322e-03
4.4588e-03
4.8754e-03
5.4721e-03
5.7067e-03
5.3045e-03
4.6602e-03
4.1478e-03
4.0433e-03
4.4810e-03
5.0999e-03
5.7233e-03
6.3822e-03
6.9201e-03
7.4916e-03
8.0406e-03
8.0175e-03
7.4420e-03
6.9744e-03
6.8900e-03
7.0757e-03
7.6683e-03
8.1224e-03
7.8933e-03
7.7004e-03
7.7253e-03
7.5501e-03
7.4007e-03
7.6334e-03
7.8130e-03
7.8746e-03
8.2875e-03
8.7215e-03
8.6208e-03
8.1668e-03
7.7169e-03
7.4318e-03
7.5044e-03
7.8740e-03
8.3330e-03
8.7824e-03
9.0496e-03
9.0465e-03
9.0131e-03
8.9167e-03
8.4529e-03
7.8640e-03
7.4667e-03
7.2591e-03
7.0138e-03
6.7614e-03
6.7010e-03
6.8680e-03
7.4797e-03
8.2900e-03
8.7464e-03
8.3593e-03
7.2202e-03
6.0301e-03
5.1276e-03
4.8885e-03
5.3400e-03
6.0422e-03
6.7702e-03
7.5903e-03
8.4959e-03
8.8995e-03
8.4350e-03
7.4700e-03
6.5094e-03
5.7439e-03
5.3673e-03
5.5594e-03
6.2332e-03
7.1707e-03
7.9230e-03
8.1558e-03
7.6844e-03
6.6697e-03
5.8479e-03
5.5582e-03
5.4816e-03
5.6290e-03
6.1400e-03
6.4598e-03
6.2280e-03
5.9126e-03
5.7747e-03
5.5243e-03
5.3376e-03
5.5313e-03
5.7053e-03
5.4788e-03
4.9640e-03
4.6411e-03
4.8427e-03
5.2450e-03
5.4500e-03
5.3493e-03
5.0530e-03
4.8316e-03
4.5464e-03
3.9600e-03
3.5428e-03
3.8255e-03
4.6041e-03
5.3710e-03
5.6582e-03
5.0255e-03
3.9359e-03
3.4421e-03
3.4823e-03
3.3231e-03
2.9525e-03
2.5283e-03
1.9860e-03
1.7450e-03
2.0411e-03
2.4112e-03
2.5849e-03
2.5893e-03
2.2828e-03
1.6799e-03
9.7037e-04
2.8337e-04
-3.5463e-05
1.1543e-04
5.4053e-04
9.2373e-04
6.5293e-04
-2.7212e-04
-1.3961e-03
-2.3904e-03
-2.8899e-03
-2.9130e-03
-2.7823e-03
-2.8612e-03
-3.1092e-03
-3.2007e-03
-3.1777e-03
-3.2696e-03
-3.7065e-03
-4.3716e-03
-5.1150e-03
-5.5667e-03
-5.3889e-03
-5.1081e-03
-4.7844e-03
-4.2743e-03
-4.0726e-03
-4.5419e-03
-5.3750e-03
-6.0507e-03
-6.3598e-03
-6.1745e-03
-6.0612e-03
-6.3600e-03
-6.5911e-03
-6.5715e-03
-6.4264e-03
-6.4393e-03
-6.4339e-03
-6.1076e-03
-5.6107e-03
-5.2857e-03
-5.4647e-03
-6.0860e-03
-6.9103e-03
-7.3619e-03
-7.0037e-03
-6.2502e-03
-5.4739e-03
-4.7174e-03
-4.2112e-03
-4.1808e-03
-4.4757e-03
-4.9102e-03
-5.4956e-03
-5.9767e-03
-6.0999e-03
-6.0751e-03
-5.8976e-03
-5.5039e-03
-5.0885e-03
-4.6356e-03
-4.2240e-03
-4.0862e-03
-4.3261e-03
-4.5556e-03
-4.4820e-03
-4.3957e-03
-4.3046e-03
-4.2533e-03
-4.2468e-03
-4.1878e-03
-4.2629e-03
-4.2743e-03
-4.0249e-03
-3.5757e-03
-3.0085e-03
-2.7289e-03
-2.9069e-03
-3.1919e-03
-3.3247e-03
-3.1315e-03
-2.5385e-03
-1.7391e-03
-9.3444e-04
-2.1301e-04
3.2486e-04
4.0022e-04
-1.5101e-04
-1.0343e-03
-1.6418e-03
-1.7264e-03
-1.4444e-03
-8.2235e-04
-7.4304e-05
5.0237e-04
7.5946e-04
5.7998e-04
1.2697e-04
-1.3649e-04
1.0591e-04
5.7463e-04
7.4086e-04
5.4303e-04
5.3740e-04
9.9925e-04
1.5772e-03
2.0241e-03
2.2083e-03
2.1707e-03
2.0637e-03
2.0669e-03
2.3242e-03
2.4689e-03
2.3690e-03
2.2697e-03
2.2442e-03
2.3780e-03
2.5903e-03
2.7990e-03
3.0099e-03
3.1658e-03
3.2551e-03
3.2676e-03
3.0907e-03
2.6444e-03
2.2629e-03
2.2761e-03
2.4847e-03
2.5874e-03
2.5523e-03
2.3811e-03
2.0577e-03
1.7920e-03
1.7052e-03
1.7512e-03
1.9242e-03
2.0284e-03
1.9355e-03
1.8782e-03
1.9918e-03
2.0991e-03
2.0660e-03
1.9861e-03
1.9997e-03
1.9760e-03
1.7004e-03
1.2952e-03
1.0482e-03
1.1154e-03
1.2340e-03
1.1904e-03
1.2345e-03
1.3262e-03
1.2795e-03
1.1647e-03
9.9413e-04
7.7668e-04
5.7420e-04
4.5989e-04
3.8603e-04
2.5276e-04
1.8317e-04
2.2016e-04
3.1854e-04
4.5281e-04
4.1614e-04
1.3636e-04
-2.0291e-04
-3.3014e-04
-1.6274e-04
6.8031e-05
2.1339e-04
2.5780e-04
2.4750e-04
2.5614e-04
1.9878e-04
3.0798e-05
-2.3215e-04
-4.9537e-04
-5.3966e-04
-3.6223e-04
-6.8425e-05
1.7180e-04
3.0789e-04
4.3194e-04
4.6011e-04
4.1735e-04
3.5310e-04
1.6824e-04
-1.4341e-04
-3.6869e-04
-3.9336e-04
-3.3002e-04
-2.5997e-04
-1.9362e-04
-1.6014e-04
-2.2030e-04
-3.1547e-04
-4.4223e-04
-5.5626e-04
-5.4530e-04
-5.0724e-04
-5.3989e-04
-6.2393e-04
-6.5166e-04
-6.7954e-04
-7.9295e-04
-9.5010e-04
-1.2085e-03
-1.3832e-03
-1.3209e-03
-1.2298e-03
-1.2620e-03
-1.4290e-03
-1.6053e-03
-1.6183e-03
-1.4386e-03
-1.2363e-03
-1.1493e-03
-1.1667e-03
-1.2433e-03
-1.2237e-03
-1.0663e-03
-1.0124e-03
-1.1781e-03
-1.3313e-03
-1.3952e-03
-1.4786e-03
-1.4781e-03
-1.3745e-03
-1.3032e-03
-1.3046e-03
-1.3237e-03
-1.3686e-03
-1.4955e-03
-1.6371e-03
-1.6721e-03
-1.5239e-03
-1.2978e-03
-1.1522e-03
-1.1246e-03
-1.1957e-03
-1.3286e-03
-1.5703e-03
-1.8087e-03
-1.8635e-03
-1.7958e-03
-1.7553e-03
-1.8071e-03
-1.7302e-03
-1.5677e-03
-1.5506e-03
-1.4597e-03
-1.3906e-03
-1.5646e-03
-1.6135e-03
-1.3547e-03
-1.1320e-03
-1.1094e-03
-1.2065e-03
-1.3329e-03
-1.2880e-03
-1.0463e-03
-7.5176e-04
-4.8687e-04
-3.4421e-04
-4.1242e-04
-6.1071e-04
-7.8487e-04
-8.4943e-04
-6.9581e-04
-3.2576e-04
-2.3847e-05
-4.9497e-06
-7.0628e-05
-3.5629e-05
1.1930e-04
3.0190e-04
3.7822e-04
4.1844e-04
5.1524e-04
6.4449e-04
6.8113e-04
6.7954e-04
7.7305e-04
7.5810e-04
5.5178e-04
5.2233e-04
7.1445e-04
7.8027e-04
7.5106e-04
8.2558e-04
9.4238e-04
9.8638e-04
9.5176e-04
7.9855e-04
7.1864e-04
8.1734e-04
8.3151e-04
8.0123e-04
8.2876e-04
7.6174e-04
4.8586e-04
2.3890e-04
2.7187e-04
3.6433e-04
3.6287e-04
3.9470e-04
3.8184e-04
1.9789e-04
1.2308e-06
2.7546e-05
1.7311e-04
1.2590e-04
5.4488e-05
7.3372e-05
-1.3804e-05
-1.9097e-04
-3.3030e-04
-2.7565e-04
-1.2107e-04
-7.7610e-05
-9.1748e-05
3.4663e-05
1.7388e-04
1.3457e-04
-2.3495e-07
-2.5580e-04
-5.1856e-04
-5.4249e-04
-3.2374e-04
-7.5096e-05
1.2705e-05
-3.8538e-05
-1.6018e-04
-3.8253e-04
-5.6048e-04
-5.2687e-04
-3.9548e-04
-2.0216e-04
1.2814e-05
1.3431e-04
1.0315e-04
-2.3038e-05
-8.5476e-05
-1.2370e-04
-1.8680e-04
-1.7459e-04
-2.8062e-05
6.7956e-05
-4.0881e-05
-1.4282e-04
-1.4775e-04
-1.3819e-04
-1.5528e-04
-1.8595e-04
-1.0646e-04
-2.7713e-05
-1.8740e-05
2.1317e-05
5.0599e-05
9.5099e-05
1.3692e-04
1.6320e-04
1.5972e-04
6.6340e-05
-8.4311e-06
-4.3664e-05
-4.7873e-05
1.4412e-05
1.0310e-04
2.3739e-04
3.5375e-04
3.5319e-04
2.9035e-04
1.8903e-04
5.6552e-05
9.8476e-07
7.0269e-05
1.7408e-04
2.8575e-04
4.0796e-04
4.4753e-04
3.8908e-04
2.8765e-04
2.2199e-04
2.1985e-04
2.6005e-04
3.7464e-04
4.6379e-04
4.1740e-04
3.4079e-04
3.2238e-04
3.2517e-04
3.6045e-04
4.2041e-04
3.8807e-04
2.9984e-04
3.4596e-04
5.0008e-04
6.0305e-04
6.0477e-04
5.5917e-04
5.6860e-04
6.3364e-04
6.8474e-04
6.7776e-04
6.3857e-04
6.0619e-04
5.7596e-04
5.7650e-04
6.5454e-04
8.0792e-04
9.4065e-04
9.9098e-04
9.5215e-04
8.3277e-04
7.0308e-04
6.3003e-04
6.5558e-04
7.6335e-04
8.5001e-04
8.7589e-04
8.8923e-04
8.7290e-04
8.4870e-04
8.8920e-04
9.8215e-04
1.0630e-03
1.1074e-03
1.1141e-03
1.0635e-03
1.0177e-03
9.9495e-04
9.4725e-04
9.1438e-04
9.5325e-04
1.0297e-03
1.0526e-03
1.0350e-03
1.0395e-03
1.0525e-03
1.0414e-03
1.0171e-03
9.7601e-04
8.8641e-04
7.9115e-04
7.9038e-04
8.8111e-04
9.3466e-04
8.9791e-04
8.3949e-04
8.3883e-04
8.9304e-04
9.1946e-04
8.8611e-04
8.2366e-04
7.7647e-04
7.4499e-04
6.5747e-04
5.4362e-04
5.0009e-04
5.2470e-04
5.5730e-04
5.5659e-04
5.3641e-04
4.8000e-04
4.3914e-04
4.5184e-04
4.0885e-04
3.3455e-04
3.0422e-04
2.8722e-04
2.4680e-04
2.0765e-04
1.9757e-04
2.0709e-04
2.4859e-04
2.6678e-04
2.3168e-04
1.8823e-04
1.4536e-04
1.2434e-04
1.1691e-04
1.0411e-04
1.0171e-04
1.1007e-04
1.0568e-04
8.4950e-05
8.6815e-05
1.3680e-04
2.2205e-04
2.8132e-04
3.0149e-04
2.8842e-04
2.1833e-04
1.2412e-04
5.3129e-05
4.9730e-05
7.6445e-05
1.0698e-04
1.3895e-04
1.3143e-04
1.2371e-04
9.9784e-05
5.6496e-05
3.9047e-05
3.1985e-05
2.1623e-05
5.0082e-06
2.6546e-05
7.3506e-05
8.6334e-05
8.6898e-05
9.3667e-05
7.2215e-05
3.3185e-05
2.2618e-05
2.5613e-05
3.1958e-05
3.7253e-05
3.6872e-05
3.3695e-05
8.7532e-06
-3.3306e-05
-5.5201e-05
-8.3637e-06
7.5489e-05
1.0621e-04
6.7712e-05
2.5861e-05
6.7937e-06
-5.0836e-06
6.5472e-06
1.8488e-05
-3.5024e-06
-4.1734e-05
-4.8711e-05
-3.0613e-05
-2.6393e-05
-2.6321e-05
-3.6298e-05
-6.2598e-05
-8.8726e-05
-1.0390e-04
-1.0527e-04
-9.0389e-05
-6.8068e-05
-6.8680e-05
-1.0264e-04
-1.4618e-04
-1.7052e-04
-1.8376e-04
-1.9894e-04
-2.0729e-04
-2.0587e-04
-2.0316e-04
-2.1295e-04
-2.2918e-04
-2.3822e-04
-2.3763e-04
-2.3548e-04
-2.3714e-04
-2.4390e-04
-2.7689e-04
-3.1455e-04
-3.0197e-04
-2.6318e-04
-2.6365e-04
-2.9961e-04
-3.1772e-04
-3.1828e-04
-3.2076e-04
-3.0577e-04
-2.7769e-04
-2.7615e-04
-3.1865e-04
-3.5936e-04
-3.4547e-04
-2.9572e-04
-2.7095e-04
-2.8484e-04
-2.9847e-04
-2.9887e-04
-3.0256e-04
-3.0850e-04
-2.9881e-04
-2.8077e-04
-2.7456e-04
-2.8140e-04
-2.8973e-04
-2.8315e-04
-2.6840e-04
-2.5986e-04
-2.5675e-04
-2.5751e-04
-2.5700e-04
-2.5162e-04
-2.4314e-04
-2.3632e-04
-2.3312e-04
-2.3055e-04
-2.2933e-04
-2.2667e-04
-2.2024e-04
-2.1431e-04
-2.1256e-04
-2.1370e-04
-2.1302e-04
-2.1141e-04
-2.0748e-04
-1.9904e-04
-1.9120e-04
-1.8546e-04
-1.8085e-04
-1.7935e-04
-1.8158e-04
-1.8341e-04
-1.8176e-04
-1.7736e-04
-1.7136e-04
-1.6482e-04
-1.5960e-04
-1.5721e-04
-1.5672e-04
-1.5629e-04
-1.5420e-04
-1.5057e-04
-1.4765e-04
-1.4576e-04
-1.4352e-04
-1.4074e-04
-1.3806e-04
-1.3542e-04
-1.3245e-04
-1.2932e-04
-1.2675e-04
-1.2519e-04
-1.2417e-04
-1.2252e-04
-1.1951e-04
-1.1607e-04
-1.1337e-04
-1.1091e-04
-1.0815e-04
-1.0601e-04
-1.0485e-04
-1.0378e-04
-1.0213e-04
-9.9927e-05
-9.7455e-05
-9.4729e-05
-9.2208e-05
-9.0423e-05
-8.8994e-05
-8.7375e-05
-8.5629e-05
-8.3903e-05
-8.2076e-05
-8.0171e-05
-7.8311e-05
-7.6567e-05
-7.4949e-05
-7.3396e-05
-7.1830e-05
-7.0183e-05
-6.8510e-05
-6.6892e-05
-6.5322e-05
-6.3782e-05
-6.2246e-05
-6.0711e-05
-5.9188e-05
-5.7665e-05
-5.6138e-05
-5.4630e-05
-5.3158e-05
-5.1710e-05
-5.0255e-05
-4.8789e-05
-4.7328e-05
-4.5878e-05
-4.4436e-05
-4.2995e-05
-4.1553e-05
-4.0114e-05
-3.8680e-05
-3.7252e-05
-3.5825e-05
-3.4397e-05
-3.2969e-05
-3.1543e-05
-3.0117e-05
-2.8693e-05
-2.7270e-05
-2.5847e-05
-2.4424e-05
-2.3002e-05
-2.1580e-05
-2.0159e-05
