1.7283e-03
1.7265e-03
1.7248e-03
1.7230e-03
1.7213e-03
1.7198e-03
1.7186e-03
1.7176e-03
1.7165e-03
1.7143e-03
1.7096e-03
1.7010e-03
1.6876e-03
1.6704e-03
1.6509e-03
1.6338e-03
1.6272e-03
1.6355e-03
1.6654e-03
1.7159e-03
1.7766e-03
1.8416e-03
1.9050e-03
1.9550e-03
1.9933e-03
2.0244e-03
2.0213e-03
1.9711e-03
1.8380e-03
1.6036e-03
1.3056e-03
9.8575e-04
6.9709e-04
4.7934e-04
3.2435e-04
2.4175e-04
2.8738e-04
5.2519e-04
1.0261e-03
1.8368e-03
2.9124e-03
3.9961e-03
4.8727e-03
5.3765e-03
5.4017e-03
4.9975e-03
4.4204e-03
3.7747e-03
3.1512e-03
2.5478e-03
1.7295e-03
5.7415e-04
-7.6074e-04
-1.8483e-03
-2.5750e-03
-2.9581e-03
-2.7525e-03
-1.9243e-03
-6.9471e-04
7.8901e-04
2.0792e-03
2.7183e-03
2.7046e-03
2.3125e-03
1.9019e-03
1.7389e-03
1.8356e-03
1.9539e-03
1.8129e-03
1.3199e-03
5.3017e-04
-5.9778e-04
-1.9778e-03
-3.3450e-03
-4.1867e-03
-3.8147e-03
-1.9421e-03
5.0827e-04
2.4852e-03
3.6759e-03
4.2929e-03
4.8123e-03
5.9996e-03
8.3568e-03
1.1253e-02
1.3237e-02
1.3657e-02
1.2519e-02
9.7416e-03
5.3633e-03
4.9683e-04
-3.9072e-03
-8.1654e-03
-1.2663e-02
-1.7575e-02
-2.2440e-02
-2.6993e-02
-3.1015e-02
-3.4047e-02
-3.5502e-02
-3.3413e-02
-2.5499e-02
-9.8651e-03
1.1703e-02
3.2939e-02
4.8216e-02
5.4339e-02
5.1978e-02
4.3737e-02
3.3708e-02
2.6014e-02
2.0680e-02
1.3495e-02
1.5680e-03
-1.4184e-02
-3.0166e-02
-4.2477e-02
-4.9075e-02
-5.1737e-02
-5.2995e-02
-5.2312e-02
-4.7564e-02
-3.6641e-02
-1.8034e-02
9.7192e-03
4.1534e-02
6.4419e-02
7.0111e-02
5.9679e-02
4.2869e-02
3.0435e-02
2.7459e-02
2.9425e-02
2.8537e-02
2.2566e-02
1.3938e-02
6.0958e-03
5.6756e-04
-2.3018e-03
-1.3615e-03
3.8083e-03
1.2103e-02
2.0037e-02
2.4367e-02
2.3807e-02
1.9976e-02
1.4568e-02
7.7536e-03
-6.5888e-04
-9.2837e-03
-1.6571e-02
-2.2004e-02
-2.4297e-02
-2.2359e-02
-1.6396e-02
-7.3757e-03
1.5788e-03
8.1815e-03
1.2932e-02
1.6069e-02
1.8354e-02
2.0704e-02
2.3242e-02
2.6056e-02
2.8121e-02
2.7275e-02
2.2362e-02
1.4566e-02
6.2673e-03
-1.0990e-03
-6.9422e-03
-1.1656e-02
-1.6007e-02
-2.0368e-02
-2.3911e-02
-2.6690e-02
-2.7807e-02
-2.6083e-02
-2.1888e-02
-1.6811e-02
-1.1573e-02
-7.0543e-03
-5.3656e-03
-7.0250e-03
-1.1241e-02
-1.6993e-02
-2.3005e-02
-2.8608e-02
-3.3886e-02
-3.8648e-02
-4.3481e-02
-4.8144e-02
-5.1479e-02
-5.1532e-02
-4.6297e-02
-3.6320e-02
-2.4623e-02
-1.3185e-02
-2.2650e-03
7.2655e-03
1.5152e-02
2.1334e-02
2.6253e-02
3.0334e-02
3.4353e-02
3.7387e-02
3.7632e-02
3.3764e-02
2.6417e-02
1.5838e-02
3.8226e-03
-7.8758e-03
-1.8415e-02
-2.5387e-02
-2.7293e-02
-2.2841e-02
-1.3812e-02
-1.0244e-03
1.3534e-02
2.7271e-02
3.4144e-02
2.6749e-02
1.2761e-02
6.5174e-03
1.0789e-02
1.8029e-02
2.0809e-02
1.6643e-02
8.0498e-03
-1.6945e-03
-1.1839e-02
-2.2417e-02
-3.2499e-02
-4.0761e-02
-4.5582e-02
-4.3508e-02
-2.9945e-02
-2.8718e-03
3.5307e-02
7.3489e-02
9.8426e-02
1.0140e-01
8.4420e-02
5.7410e-02
3.1329e-02
1.3294e-02
3.8378e-03
1.9774e-04
-6.4682e-04
2.0846e-04
1.8588e-03
3.6514e-03
5.5241e-03
6.5474e-03
5.8807e-03
4.7130e-03
6.1502e-03
1.3493e-02
3.1676e-02
5.9056e-02
8.8882e-02
1.0414e-01
9.6965e-02
7.3232e-02
4.3140e-02
4.1604e-03
-3.9884e-02
-7.7786e-02
-1.0318e-01
-1.1536e-01
-1.1725e-01
-1.1186e-01
-1.0199e-01
-8.9306e-02
-7.7296e-02
-6.5781e-02
-5.1437e-02
-3.0998e-02
-2.7707e-03
3.7739e-02
8.4568e-02
1.1972e-01
1.2889e-01
1.1133e-01
7.9452e-02
4.5669e-02
1.3184e-02
-2.1621e-02
-5.6379e-02
-9.2704e-02
-1.2248e-01
-1.3769e-01
-1.3898e-01
-1.3014e-01
-1.1565e-01
-9.6702e-02
-6.7858e-02
-1.1925e-02
7.1831e-02
1.8987e-01
2.9475e-01
3.2619e-01
2.8122e-01
2.0041e-01
1.0764e-01
2.3380e-02
-3.6472e-02
-7.1364e-02
-9.0127e-02
-1.0269e-01
-1.1760e-01
-1.4008e-01
-1.7230e-01
-2.0914e-01
-2.4226e-01
-2.5853e-01
-2.4672e-01
-1.9372e-01
-7.3715e-02
7.5851e-02
1.9564e-01
2.4150e-01
2.1563e-01
1.4882e-01
7.2011e-02
1.3386e-02
-2.4328e-02
-5.1492e-02
-6.8624e-02
-7.3826e-02
-7.1341e-02
-6.5403e-02
-5.7672e-02
-4.7992e-02
-3.5498e-02
-1.9168e-02
3.0988e-03
3.5447e-02
7.8749e-02
1.3048e-01
1.7495e-01
1.8949e-01
1.6908e-01
1.2790e-01
8.2875e-02
4.8531e-02
3.2275e-02
2.8756e-02
2.7915e-02
2.5154e-02
1.9872e-02
1.0441e-02
-4.1367e-03
-2.3270e-02
-4.1181e-02
-4.8771e-02
-4.1609e-02
-2.2222e-02
-5.7868e-04
7.7322e-03
-7.9991e-03
-4.2267e-02
-8.0551e-02
-1.0942e-01
-1.2418e-01
-1.3418e-01
-1.4588e-01
-1.5053e-01
-1.3656e-01
-9.9576e-02
-4.7544e-02
-1.7248e-03
3.0466e-02
4.6293e-02
5.1119e-02
5.9343e-02
7.7362e-02
9.8320e-02
1.1419e-01
1.2137e-01
1.1717e-01
1.0223e-01
8.1863e-02
6.1417e-02
4.2448e-02
2.5449e-02
9.0765e-03
-8.7228e-03
-2.9329e-02
-5.0958e-02
-6.8903e-02
-7.9387e-02
-8.1916e-02
-7.2046e-02
-4.3785e-02
7.1161e-03
6.6135e-02
9.4413e-02
8.2716e-02
5.4073e-02
2.8141e-02
7.5902e-03
-1.0901e-02
-3.1139e-02
-5.3300e-02
-7.3107e-02
-8.6716e-02
-9.4269e-02
-9.7075e-02
-9.8055e-02
-1.0163e-01
-1.1012e-01
-1.2072e-01
-1.2718e-01
-1.2413e-01
-1.0980e-01
-8.2287e-02
-4.6829e-02
-8.4813e-03
2.7185e-02
5.7545e-02
8.2622e-02
9.8984e-02
1.0607e-01
1.0407e-01
9.4167e-02
7.7725e-02
5.8787e-02
4.1619e-02
2.8103e-02
1.9922e-02
1.9076e-02
2.5138e-02
3.2322e-02
3.2969e-02
2.2618e-02
3.0858e-03
-2.0129e-02
-4.1935e-02
-5.9674e-02
-7.0327e-02
-7.1755e-02
-6.4948e-02
-5.4004e-02
-4.4118e-02
-4.1655e-02
-5.1574e-02
-7.0915e-02
-9.6002e-02
-1.1904e-01
-1.2298e-01
-9.8683e-02
-5.1356e-02
4.1536e-03
4.8950e-02
7.0976e-02
7.4837e-02
6.8362e-02
5.6959e-02
4.3566e-02
3.2791e-02
3.2227e-02
4.4347e-02
6.4551e-02
8.6243e-02
1.0324e-01
1.1058e-01
1.0850e-01
1.0026e-01
8.5553e-02
6.3700e-02
3.9612e-02
1.7615e-02
-7.8788e-04
-1.6765e-02
-3.4019e-02
-5.1924e-02
-6.5848e-02
-7.4410e-02
-7.6477e-02
-7.2259e-02
-6.6187e-02
-6.3748e-02
-6.7728e-02
-7.6512e-02
-8.4463e-02
-8.1574e-02
-6.1423e-02
-2.5887e-02
1.7743e-02
5.1454e-02
6.1533e-02
5.1591e-02
3.3004e-02
1.5442e-02
9.9163e-04
-8.7175e-03
-9.2231e-03
1.0068e-03
1.6331e-02
2.7186e-02
2.9766e-02
2.6373e-02
2.1808e-02
1.7719e-02
1.3056e-02
7.0682e-03
1.5585e-03
-3.4334e-03
-7.9302e-03
-1.1534e-02
-1.5070e-02
-2.0492e-02
-2.9706e-02
-4.2874e-02
-5.7368e-02
-6.9741e-02
-7.4806e-02
-6.7972e-02
-5.1495e-02
-3.1296e-02
-1.2009e-02
3.9368e-03
1.4977e-02
1.8410e-02
1.3164e-02
3.5286e-03
-3.8766e-03
-5.9176e-03
-5.0856e-03
-6.8533e-03
-1.4963e-02
-2.8129e-02
-4.2230e-02
-5.1801e-02
-5.3936e-02
-4.8490e-02
-3.4770e-02
-1.4633e-02
9.8923e-03
3.5252e-02
5.4932e-02
6.6136e-02
6.9989e-02
6.9997e-02
6.8947e-02
6.7652e-02
6.6009e-02
6.4106e-02
6.0958e-02
5.5938e-02
4.9667e-02
4.2891e-02
3.6961e-02
3.4295e-02
3.6321e-02
4.3596e-02
5.5221e-02
7.0241e-02
8.6736e-02
1.0296e-01
1.1617e-01
1.2266e-01
1.2151e-01
1.1433e-01
1.0482e-01
9.8009e-02
9.5992e-02
9.5180e-02
9.0827e-02
7.8391e-02
5.9000e-02
3.8549e-02
2.0659e-02
7.9996e-03
6.9294e-04
-1.2960e-03
4.0449e-03
1.6953e-02
3.2925e-02
4.6420e-02
5.4096e-02
5.4589e-02
4.9988e-02
4.3783e-02
3.7667e-02
3.1885e-02
2.5596e-02
1.6452e-02
3.7490e-03
-1.3394e-02
-3.4224e-02
-5.5520e-02
-7.5648e-02
-9.2412e-02
-1.0702e-01
-1.1788e-01
-1.2213e-01
-1.2062e-01
-1.1632e-01
-1.1020e-01
-1.0216e-01
-9.2559e-02
-8.1450e-02
-6.9857e-02
-6.0167e-02
-5.3186e-02
-4.9924e-02
-4.9280e-02
-5.0859e-02
-5.6081e-02
-6.4373e-02
-7.3743e-02
-8.3530e-02
-9.2844e-02
-1.0237e-01
-1.1159e-01
-1.1816e-01
-1.1991e-01
-1.1633e-01
-1.0840e-01
-9.7994e-02
-8.6150e-02
-7.5737e-02
-6.8836e-02
-6.3879e-02
-5.9749e-02
-5.6904e-02
-5.5107e-02
-5.4230e-02
-5.4194e-02
-5.4834e-02
-5.6248e-02
-5.8224e-02
-6.1150e-02
-6.5969e-02
-7.1548e-02
-7.8622e-02
-8.7570e-02
-9.5337e-02
-9.9506e-02
-1.0146e-01
-1.0229e-01
-1.0192e-01
-1.0101e-01
-9.9663e-02
-9.6524e-02
-9.1215e-02
-8.5396e-02
-7.8254e-02
-7.1554e-02
-6.7998e-02
-6.7853e-02
-7.0121e-02
-7.3725e-02
-7.7910e-02
-8.2565e-02
-8.6953e-02
-9.0102e-02
-9.3999e-02
-9.9472e-02
-1.0707e-01
-1.1510e-01
-1.2092e-01
-1.2459e-01
-1.2746e-01
-1.2956e-01
-1.3077e-01
-1.3157e-01
-1.3187e-01
-1.3146e-01
-1.3150e-01
-1.3143e-01
-1.3047e-01
-1.2862e-01
-1.2656e-01
-1.2462e-01
-1.2168e-01
-1.1707e-01
-1.1142e-01
-1.0572e-01
-9.9904e-02
-9.3827e-02
-8.8087e-02
-8.2332e-02
-7.6499e-02
-6.9887e-02
-6.2991e-02
-5.6494e-02
-4.9901e-02
-4.3298e-02
-3.6873e-02
-3.0016e-02
-2.2393e-02
-1.3310e-02
-4.2929e-03
6.3828e-03
1.9110e-02
3.3907e-02
5.0006e-02
6.7917e-02
8.7175e-02
1.0725e-01
1.3034e-01
1.5707e-01
1.8434e-01
2.1571e-01
2.5055e-01
2.8532e-01
3.1488e-01
3.3670e-01
3.5058e-01
3.6030e-01
3.6844e-01
3.7252e-01
3.7055e-01
3.6378e-01
3.5645e-01
3.5266e-01
3.5236e-01
3.5151e-01
3.4680e-01
3.3852e-01
3.2777e-01
3.1374e-01
2.9589e-01
2.7524e-01
2.5134e-01
2.2568e-01
1.9797e-01
1.6654e-01
1.3241e-01
1.0119e-01
7.0475e-02
4.5182e-02
3.5260e-02
3.7558e-02
4.3979e-02
5.3585e-02
7.0204e-02
9.0776e-02
1.1256e-01
1.3576e-01
1.5292e-01
1.4977e-01
1.2035e-01
6.9948e-02
9.3489e-03
-3.5242e-02
-5.5110e-02
-5.0836e-02
-2.6674e-02
1.7169e-02
7.9555e-02
1.4593e-01
1.9779e-01
2.2138e-01
2.1729e-01
1.9431e-01
1.5950e-01
1.2112e-01
8.5379e-02
5.9083e-02
4.8214e-02
4.6666e-02
4.3141e-02
3.2150e-02
1.7512e-02
4.2248e-03
-6.6417e-03
-1.7664e-02
-3.2509e-02
-5.1682e-02
-7.4768e-02
-9.8910e-02
-1.2311e-01
-1.4445e-01
-1.6060e-01
-1.7086e-01
-1.7575e-01
-1.7651e-01
-1.7744e-01
-1.8158e-01
-1.9025e-01
-2.0132e-01
-2.1035e-01
-2.1563e-01
-2.1879e-01
-2.2248e-01
-2.2744e-01
-2.3203e-01
-2.3437e-01
-2.3446e-01
-2.3198e-01
-2.2715e-01
-2.2019e-01
-2.0797e-01
-1.9143e-01
-1.7374e-01
-1.5583e-01
-1.3744e-01
-1.1711e-01
-9.1861e-02
-6.1226e-02
-2.9396e-02
5.1192e-03
4.1124e-02
7.5014e-02
1.0392e-01
1.2943e-01
1.5611e-01
1.7701e-01
1.8722e-01
1.9010e-01
1.8745e-01
1.7897e-01
1.6542e-01
1.5000e-01
1.2997e-01
1.0105e-01
6.5392e-02
2.5021e-02
-1.6214e-02
-5.2051e-02
-8.1197e-02
-1.0245e-01
-1.1771e-01
-1.2876e-01
-1.3779e-01
-1.4498e-01
-1.4981e-01
-1.5082e-01
-1.4793e-01
-1.4303e-01
-1.3820e-01
-1.3302e-01
-1.2662e-01
-1.2030e-01
-1.1385e-01
-1.0687e-01
-1.0058e-01
-9.4227e-02
-8.6942e-02
-7.8673e-02
-6.9536e-02
-5.9651e-02
-4.8686e-02
-3.5193e-02
-1.9994e-02
-4.2902e-03
1.3132e-02
3.1084e-02
4.8447e-02
6.7220e-02
8.5881e-02
1.0360e-01
1.2189e-01
1.4171e-01
1.6267e-01
1.8344e-01
2.0506e-01
2.2557e-01
2.4545e-01
2.6974e-01
2.9238e-01
3.0665e-01
3.1738e-01
3.2832e-01
3.3826e-01
3.4535e-01
3.5043e-01
3.5535e-01
3.6002e-01
3.6227e-01
3.5899e-01
3.4952e-01
3.3342e-01
3.0779e-01
2.7930e-01
2.4631e-01
2.0234e-01
1.5635e-01
1.1513e-01
7.6118e-02
3.6978e-02
-1.3784e-03
-4.3571e-02
-7.0994e-02
-8.7369e-02
-1.0630e-01
-1.3105e-01
-1.6087e-01
-1.9098e-01
-2.1881e-01
-2.4466e-01
-2.6847e-01
-2.9367e-01
-3.2224e-01
-3.4804e-01
-3.6319e-01
-3.6837e-01
-3.6831e-01
-3.6547e-01
-3.6186e-01
-3.5970e-01
-3.5994e-01
-3.6091e-01
-3.5869e-01
-3.4952e-01
-3.3420e-01
-3.1745e-01
-3.0207e-01
-2.8733e-01
-2.7111e-01
-2.5380e-01
-2.4028e-01
-2.3147e-01
-2.2265e-01
-2.1071e-01
-1.9518e-01
-1.7670e-01
-1.5518e-01
-1.2968e-01
-1.0113e-01
-7.2410e-02
-4.3426e-02
-8.0425e-03
3.0049e-02
6.9858e-02
1.1163e-01
1.5419e-01
1.9597e-01
2.3997e-01
2.8301e-01
3.2706e-01
3.8721e-01
4.5065e-01
4.8033e-01
4.6949e-01
4.2966e-01
3.6247e-01
2.7692e-01
1.9385e-01
1.2709e-01
8.4303e-02
5.6806e-02
2.8450e-02
-8.6583e-03
-5.5118e-02
-1.0247e-01
-1.4374e-01
-1.6785e-01
-1.7425e-01
-1.7301e-01
-1.7122e-01
-1.6933e-01
-1.6590e-01
-1.6239e-01
-1.6053e-01
-1.5918e-01
-1.5493e-01
-1.4441e-01
-1.2783e-01
-1.0489e-01
-7.9586e-02
-5.4821e-02
-3.1722e-02
-1.1384e-02
7.3350e-03
2.6571e-02
4.8466e-02
6.9451e-02
8.6758e-02
1.0241e-01
1.1863e-01
1.3465e-01
1.5001e-01
1.6626e-01
1.8205e-01
1.9390e-01
2.0251e-01
2.0916e-01
2.1416e-01
2.1635e-01
2.1420e-01
2.0953e-01
2.0471e-01
2.0031e-01
1.9646e-01
1.9297e-01
1.8866e-01
1.8236e-01
1.7261e-01
1.5855e-01
1.4010e-01
1.1879e-01
9.5419e-02
7.1375e-02
4.7425e-02
2.7159e-02
1.2263e-02
-8.2575e-04
-1.4438e-02
-2.8200e-02
-4.1633e-02
-5.5840e-02
-7.2161e-02
-8.8237e-02
-1.0169e-01
-1.1293e-01
-1.2310e-01
-1.3251e-01
-1.4022e-01
-1.4540e-01
-1.4636e-01
-1.4347e-01
-1.3831e-01
-1.3136e-01
-1.2093e-01
-1.0632e-01
-8.7939e-02
-6.4890e-02
-3.9969e-02
-1.5467e-02
6.3074e-03
2.1189e-02
2.8746e-02
3.0338e-02
2.8978e-02
2.7866e-02
2.8388e-02
3.0259e-02
3.3536e-02
3.8536e-02
4.5773e-02
5.4592e-02
6.2133e-02
6.5494e-02
6.5029e-02
6.1516e-02
5.5217e-02
4.6214e-02
3.7350e-02
3.1908e-02
3.0521e-02
3.0977e-02
3.0873e-02
2.8956e-02
2.5469e-02
2.2182e-02
2.0728e-02
2.1597e-02
2.4493e-02
2.8811e-02
3.2585e-02
3.4687e-02
3.5444e-02
3.5302e-02
3.4945e-02
3.4055e-02
3.1808e-02
2.8619e-02
2.4521e-02
1.8726e-02
1.1937e-02
3.6423e-03
-5.9211e-03
-1.3564e-02
-1.8637e-02
-2.1753e-02
-2.2867e-02
-2.2611e-02
-2.1495e-02
-2.1248e-02
-2.3250e-02
-2.7100e-02
-3.3576e-02
-4.2141e-02
-5.1261e-02
-6.0211e-02
-6.7151e-02
-7.2130e-02
-7.5300e-02
-7.7995e-02
-7.9856e-02
-8.0148e-02
-7.9170e-02
-7.7356e-02
-7.4884e-02
-7.2187e-02
-6.9529e-02
-6.6473e-02
-6.3322e-02
-6.0007e-02
-5.6580e-02
-5.4363e-02
-5.4043e-02
-5.3234e-02
-5.1226e-02
-4.8240e-02
-4.5181e-02
-4.1958e-02
-3.8655e-02
-3.5868e-02
-3.2505e-02
-2.8437e-02
-2.4881e-02
-2.0919e-02
-1.5916e-02
-1.0021e-02
-3.4711e-03
3.4004e-03
1.0004e-02
1.6039e-02
2.1438e-02
2.5473e-02
2.7128e-02
2.6310e-02
2.3685e-02
1.9261e-02
1.3186e-02
5.6496e-03
-3.6207e-03
-1.4841e-02
-2.7564e-02
-3.8277e-02
-4.5802e-02
-5.1247e-02
-5.4581e-02
-5.5883e-02
-5.5740e-02
-5.4210e-02
-5.1594e-02
-4.9253e-02
-4.8217e-02
-4.8719e-02
-5.0876e-02
-5.4596e-02
-5.8027e-02
-5.7952e-02
-5.2880e-02
-4.3915e-02
-3.4120e-02
-2.5637e-02
-1.8665e-02
-1.2688e-02
-6.4269e-03
-1.1989e-04
5.6487e-03
1.2143e-02
1.8379e-02
2.3305e-02
2.7777e-02
3.1184e-02
3.2543e-02
3.3611e-02
3.4741e-02
3.4475e-02
3.2973e-02
3.0461e-02
2.6617e-02
2.1671e-02
1.6495e-02
1.1515e-02
5.3745e-03
-1.6312e-03
-8.5181e-03
-1.3971e-02
-1.7863e-02
-2.0903e-02
-2.3827e-02
-2.7270e-02
-3.0759e-02
-3.4449e-02
-3.8661e-02
-4.2635e-02
-4.6070e-02
-4.8997e-02
-5.0708e-02
-5.1341e-02
-5.1287e-02
-5.0601e-02
-4.9773e-02
-4.9719e-02
-5.0659e-02
-5.1336e-02
-5.1252e-02
-5.1327e-02
-5.0915e-02
-4.9264e-02
-4.7059e-02
-4.4994e-02
-4.2172e-02
-3.8341e-02
-3.4276e-02
-2.9757e-02
-2.4885e-02
-2.0260e-02
-1.5457e-02
-1.0092e-02
-4.5641e-03
4.1585e-04
5.1955e-03
1.0509e-02
1.6641e-02
2.3264e-02
3.0186e-02
3.7311e-02
4.4049e-02
5.0610e-02
5.7131e-02
6.3032e-02
6.8727e-02
7.4342e-02
7.8499e-02
8.1369e-02
8.4532e-02
8.8020e-02
9.0701e-02
9.2299e-02
9.2602e-02
9.1437e-02
8.9347e-02
8.6253e-02
8.1496e-02
7.5402e-02
6.9644e-02
6.3518e-02
5.5343e-02
4.6350e-02
3.7303e-02
2.7166e-02
1.7032e-02
7.4475e-03
-1.2944e-04
-5.5781e-03
-9.5938e-03
-1.2430e-02
-1.5091e-02
-1.7552e-02
-1.8612e-02
-1.8101e-02
-1.6865e-02
-1.5604e-02
-1.4151e-02
-1.2536e-02
-1.0970e-02
-9.3098e-03
-7.5163e-03
-5.6622e-03
-3.4838e-03
-5.4287e-04
2.0909e-03
4.2404e-03
6.1750e-03
8.4145e-03
1.0575e-02
1.2387e-02
1.4039e-02
1.5779e-02
1.7674e-02
1.9549e-02
2.1348e-02
2.2942e-02
2.3929e-02
2.4610e-02
2.5995e-02
2.8120e-02
3.0328e-02
3.2729e-02
3.5319e-02
3.7404e-02
3.8968e-02
4.0453e-02
4.1662e-02
4.2621e-02
4.4119e-02
4.6107e-02
4.7482e-02
4.8013e-02
4.7857e-02
4.6989e-02
4.5403e-02
4.2633e-02
3.8634e-02
3.2730e-02
2.4641e-02
1.5508e-02
6.5710e-03
-1.3954e-03
-7.9184e-03
-1.3524e-02
-1.8098e-02
-2.1615e-02
-2.4643e-02
-2.7913e-02
-3.1448e-02
-3.4587e-02
-3.7166e-02
-3.9277e-02
-4.1007e-02
-4.2715e-02
-4.4560e-02
-4.6115e-02
-4.6659e-02
-4.6353e-02
-4.5703e-02
-4.4838e-02
-4.3666e-02
-4.2288e-02
-4.0598e-02
-3.8664e-02
-3.6480e-02
-3.3813e-02
-3.1851e-02
-3.0555e-02
-2.9071e-02
-2.7170e-02
-2.5137e-02
-2.2977e-02
-2.0099e-02
-1.5848e-02
-1.0224e-02
-4.1941e-03
1.6351e-03
6.8743e-03
1.1631e-02
1.5759e-02
1.9013e-02
2.1352e-02
2.3084e-02
2.4816e-02
2.6476e-02
2.7499e-02
2.8041e-02
2.8485e-02
2.9574e-02
3.0452e-02
3.0729e-02
2.9815e-02
2.7787e-02
2.5658e-02
2.4015e-02
2.2571e-02
2.0982e-02
1.9413e-02
1.8316e-02
1.7494e-02
1.6202e-02
1.5324e-02
1.4997e-02
1.5442e-02
1.6112e-02
1.7196e-02
1.7958e-02
1.8882e-02
1.9897e-02
1.9724e-02
1.8830e-02
1.7575e-02
1.5831e-02
1.4002e-02
1.2347e-02
1.0672e-02
8.4075e-03
5.5309e-03
2.5898e-03
-2.3831e-05
-1.8693e-03
-3.5749e-03
-6.1410e-03
-8.5071e-03
-9.4376e-03
-9.0027e-03
-7.3875e-03
-5.0038e-03
-2.6923e-03
-1.1124e-03
1.8890e-04
1.4431e-03
2.3811e-03
3.4338e-03
4.6877e-03
5.3221e-03
5.3297e-03
4.7364e-03
4.1600e-03
2.9281e-03
8.6384e-04
-1.0261e-03
-3.0259e-03
-4.9082e-03
-6.2986e-03
-7.0003e-03
-7.4452e-03
-7.9861e-03
-9.1818e-03
-1.0088e-02
-1.0355e-02
-9.7503e-03
-8.8866e-03
-7.4901e-03
-5.4351e-03
-2.6261e-03
6.7374e-04
3.2355e-03
4.6955e-03
5.2318e-03
4.5405e-03
2.7375e-03
7.7304e-04
-1.0007e-03
-3.6057e-03
-6.1334e-03
-7.8416e-03
-9.4296e-03
-1.2322e-02
-1.5612e-02
-1.8756e-02
-2.2116e-02
-2.5284e-02
-2.8264e-02
-3.0726e-02
-3.2489e-02
-3.4576e-02
-3.7451e-02
-4.0523e-02
-4.3222e-02
-4.5092e-02
-4.6756e-02
-4.8541e-02
-4.9682e-02
-4.9997e-02
-4.9468e-02
-4.9135e-02
-4.9355e-02
-4.8960e-02
-4.8251e-02
-4.8068e-02
-4.8565e-02
-4.9272e-02
-4.9403e-02
-4.9108e-02
-4.8905e-02
-4.8699e-02
-4.7963e-02
-4.6607e-02
-4.5009e-02
-4.3988e-02
-4.3134e-02
-4.1637e-02
-3.9764e-02
-3.7699e-02
-3.5169e-02
-3.2549e-02
-3.0613e-02
-2.9145e-02
-2.7541e-02
-2.5607e-02
-2.3627e-02
-2.1952e-02
-2.0960e-02
-2.0538e-02
-2.0519e-02
-2.0542e-02
-2.0432e-02
-2.0289e-02
-2.0312e-02
-2.0971e-02
-2.2037e-02
-2.2369e-02
-2.1396e-02
-2.0069e-02
-1.9571e-02
-1.8832e-02
-1.7236e-02
-1.5258e-02
-1.3387e-02
-1.1706e-02
-9.9194e-03
-7.1922e-03
-4.3250e-03
-2.3418e-03
-6.6994e-05
2.6533e-03
5.6259e-03
8.5303e-03
1.1392e-02
1.4845e-02
1.8671e-02
2.2752e-02
2.6857e-02
3.0794e-02
3.4348e-02
3.7014e-02
3.9396e-02
4.1666e-02
4.2863e-02
4.3319e-02
4.4093e-02
4.4304e-02
4.3701e-02
4.3070e-02
4.2624e-02
4.2647e-02
4.2604e-02
4.1812e-02
4.0617e-02
3.9571e-02
3.8485e-02
3.6941e-02
3.5586e-02
3.5187e-02
3.5208e-02
3.5852e-02
3.7268e-02
3.9379e-02
4.1140e-02
4.3000e-02
4.4913e-02
4.6524e-02
4.7495e-02
4.7907e-02
4.7385e-02
4.6154e-02
4.4522e-02
4.2666e-02
4.0226e-02
3.6712e-02
3.2183e-02
2.7461e-02
2.3060e-02
1.8830e-02
1.4381e-02
8.8627e-03
2.7205e-03
-2.8559e-03
-7.4894e-03
-1.1959e-02
-1.6265e-02
-1.9906e-02
-2.2779e-02
-2.4836e-02
-2.6372e-02
-2.7053e-02
-2.6142e-02
-2.4103e-02
-2.1697e-02
-1.8799e-02
-1.5644e-02
-1.2580e-02
-9.2220e-03
-5.8882e-03
-2.4154e-03
1.5811e-03
5.0273e-03
7.1344e-03
7.7390e-03
7.9256e-03
8.6939e-03
8.8698e-03
8.1491e-03
6.3298e-03
4.1961e-03
1.8840e-03
-8.6430e-04
-2.6935e-03
-3.5389e-03
-4.5624e-03
-5.9187e-03
-7.6333e-03
-9.8982e-03
-1.2953e-02
-1.5387e-02
-1.6652e-02
-1.7066e-02
-1.6994e-02
-1.6775e-02
-1.6027e-02
-1.4375e-02
-1.2351e-02
-1.0611e-02
-9.2450e-03
-7.7739e-03
-5.9460e-03
-3.9692e-03
-2.0923e-03
-4.4876e-04
5.5412e-04
6.1810e-04
3.1307e-04
1.6693e-04
-1.4303e-04
-3.1773e-04
2.0223e-04
4.3977e-04
4.0488e-04
6.1363e-04
1.1639e-03
1.7431e-03
2.7260e-03
4.0706e-03
5.1714e-03
6.4355e-03
8.1513e-03
9.5931e-03
1.0338e-02
1.1209e-02
1.2299e-02
1.3334e-02
1.5015e-02
1.7089e-02
1.8998e-02
2.0324e-02
2.1734e-02
2.3927e-02
2.5770e-02
2.6590e-02
2.6743e-02
2.6983e-02
2.7562e-02
2.7599e-02
2.6689e-02
2.5468e-02
2.4245e-02
2.2688e-02
2.1383e-02
2.1033e-02
2.0670e-02
2.0006e-02
1.9693e-02
1.9772e-02
1.9713e-02
1.8928e-02
1.7715e-02
1.6687e-02
1.6123e-02
1.5981e-02
1.5430e-02
1.3992e-02
1.1423e-02
8.7303e-03
6.8554e-03
5.5286e-03
3.9254e-03
1.3744e-03
-1.8122e-03
-5.2133e-03
-7.7240e-03
-1.0340e-02
-1.3780e-02
-1.6847e-02
-1.9667e-02
-2.2562e-02
-2.4797e-02
-2.5899e-02
-2.6313e-02
-2.5583e-02
-2.3649e-02
-2.1546e-02
-1.9414e-02
-1.7013e-02
-1.4944e-02
-1.2701e-02
-9.5935e-03
-6.4928e-03
-3.8324e-03
-1.3605e-03
1.2662e-03
4.0370e-03
6.8065e-03
9.4820e-03
1.1642e-02
1.3142e-02
1.4694e-02
1.6580e-02
1.8019e-02
1.8408e-02
1.8564e-02
1.8392e-02
1.7575e-02
1.6548e-02
1.5681e-02
1.4969e-02
1.4465e-02
1.4030e-02
1.2618e-02
1.0230e-02
7.2111e-03
3.6961e-03
-2.8205e-04
-4.9019e-03
-8.9919e-03
-1.1999e-02
-1.4030e-02
-1.5502e-02
-1.6014e-02
-1.5690e-02
-1.4325e-02
-1.2333e-02
-1.0475e-02
-8.8942e-03
-7.3924e-03
-6.2924e-03
-5.4836e-03
-4.3139e-03
-3.3834e-03
-2.8761e-03
-2.1427e-03
-1.0877e-03
-9.0268e-05
2.7340e-04
5.1657e-05
-5.1650e-05
9.5929e-04
2.1639e-03
1.9214e-03
9.8521e-05
-2.2390e-03
-4.4338e-03
-6.4297e-03
-8.0667e-03
-1.0000e-02
-1.2743e-02
-1.5413e-02
-1.7214e-02
-1.8504e-02
-1.9907e-02
-2.1502e-02
-2.2933e-02
-2.4341e-02
-2.5651e-02
-2.6738e-02
-2.7446e-02
-2.8886e-02
-3.0476e-02
-3.1335e-02
-3.2491e-02
-3.4179e-02
-3.5939e-02
-3.7044e-02
-3.7677e-02
-3.8214e-02
-3.8609e-02
-3.8989e-02
-3.8707e-02
-3.8116e-02
-3.7501e-02
-3.7354e-02
-3.7438e-02
-3.7131e-02
-3.7285e-02
-3.7625e-02
-3.7122e-02
-3.6478e-02
-3.6343e-02
-3.6066e-02
-3.5772e-02
-3.5760e-02
-3.5953e-02
-3.6562e-02
-3.6931e-02
-3.6832e-02
-3.7080e-02
-3.7549e-02
-3.7257e-02
-3.6611e-02
-3.6412e-02
-3.6207e-02
-3.5784e-02
-3.4716e-02
-3.3229e-02
-3.2054e-02
-3.0442e-02
-2.8716e-02
-2.6742e-02
-2.4036e-02
-2.1118e-02
-1.8365e-02
-1.5819e-02
-1.2531e-02
-9.3821e-03
-6.7860e-03
-4.2989e-03
-2.0340e-03
5.1763e-04
3.0047e-03
4.8702e-03
6.0031e-03
6.6139e-03
7.3682e-03
8.4461e-03
9.2846e-03
9.6267e-03
9.6958e-03
9.4776e-03
1.0059e-02
1.1072e-02
1.1655e-02
1.1713e-02
1.1327e-02
1.1349e-02
1.1183e-02
1.1146e-02
1.1933e-02
1.2969e-02
1.3569e-02
1.4550e-02
1.5721e-02
1.6828e-02
1.8376e-02
1.9979e-02
2.0739e-02
2.1733e-02
2.3398e-02
2.5395e-02
2.7320e-02
2.8934e-02
3.0007e-02
3.1259e-02
3.2595e-02
3.4221e-02
3.6233e-02
3.8814e-02
4.1688e-02
4.4372e-02
4.6568e-02
4.8436e-02
5.1015e-02
5.3858e-02
5.5827e-02
5.6770e-02
5.7312e-02
5.8151e-02
5.9243e-02
5.9830e-02
5.9712e-02
5.9357e-02
5.8262e-02
5.5834e-02
5.2760e-02
4.9833e-02
4.7189e-02
4.4338e-02
4.1135e-02
3.7868e-02
3.4715e-02
3.2033e-02
2.9945e-02
2.8692e-02
2.8013e-02
2.7927e-02
2.8055e-02
2.7983e-02
2.8518e-02
2.8892e-02
2.8109e-02
2.6484e-02
2.4557e-02
2.2767e-02
2.1434e-02
2.0686e-02
1.9759e-02
1.8241e-02
1.6913e-02
1.5799e-02
1.4486e-02
1.3388e-02
1.2151e-02
1.0125e-02
7.7780e-03
5.3845e-03
3.0879e-03
2.0150e-05
-3.6103e-03
-6.6618e-03
-9.2295e-03
-1.2039e-02
-1.4565e-02
-1.6999e-02
-1.9308e-02
-2.0612e-02
-2.1293e-02
-2.2530e-02
-2.4405e-02
-2.5457e-02
-2.6368e-02
-2.7913e-02
-2.8911e-02
-2.9792e-02
-3.0463e-02
-3.1554e-02
-3.2832e-02
-3.3224e-02
-3.2880e-02
-3.2618e-02
-3.2783e-02
-3.3498e-02
-3.4123e-02
-3.4173e-02
-3.4773e-02
-3.5746e-02
-3.6446e-02
-3.7176e-02
-3.8022e-02
-3.8428e-02
-3.7853e-02
-3.7017e-02
-3.5954e-02
-3.4379e-02
-3.3453e-02
-3.3282e-02
-3.2795e-02
-3.1400e-02
-2.9996e-02
-2.9097e-02
-2.7657e-02
-2.5665e-02
-2.3303e-02
-2.0612e-02
-1.8223e-02
-1.5847e-02
-1.3175e-02
-1.1116e-02
-9.5406e-03
-7.8877e-03
-6.1035e-03
-4.3815e-03
-2.6374e-03
-1.3504e-03
-7.3256e-04
5.9786e-05
9.5898e-04
2.0705e-03
2.7263e-03
3.3170e-03
3.9063e-03
4.0418e-03
3.8867e-03
3.5802e-03
3.2388e-03
3.4653e-03
3.3823e-03
3.0601e-03
2.7869e-03
2.3405e-03
1.9216e-03
1.2185e-03
3.7912e-04
-1.9855e-05
-4.7907e-04
-1.3911e-03
-2.4478e-03
-3.2268e-03
-3.5037e-03
-4.3419e-03
-5.2757e-03
-6.5941e-03
-8.3536e-03
-9.2271e-03
-9.9223e-03
-1.0466e-02
-1.1066e-02
-1.1921e-02
-1.2341e-02
-1.2198e-02
-1.1927e-02
-1.1516e-02
-1.1692e-02
-1.2808e-02
-1.4027e-02
-1.4441e-02
-1.4589e-02
-1.5206e-02
-1.5317e-02
-1.4265e-02
-1.2437e-02
-1.0410e-02
-8.2320e-03
-6.1552e-03
-4.2142e-03
-2.2486e-03
-4.1386e-04
1.3380e-03
3.1467e-03
5.0121e-03
6.8414e-03
8.6347e-03
1.0781e-02
1.3172e-02
1.5094e-02
1.5912e-02
1.5215e-02
1.3617e-02
1.1923e-02
1.0350e-02
8.5178e-03
5.9704e-03
3.6106e-03
2.5948e-03
2.7912e-03
3.6193e-03
4.0859e-03
4.5297e-03
4.9932e-03
5.0556e-03
5.1277e-03
5.5040e-03
5.1282e-03
4.1544e-03
3.4084e-03
2.5127e-03
1.9497e-03
1.6020e-03
1.4978e-03
1.3828e-03
8.2422e-04
2.4659e-04
-4.6066e-04
-1.2218e-03
-1.5035e-03
-1.7329e-03
-1.4573e-03
-1.0083e-03
-9.1760e-04
-4.9483e-04
5.2237e-04
1.6319e-03
2.4580e-03
2.6752e-03
2.9463e-03
3.2581e-03
3.2539e-03
2.6552e-03
2.2042e-03
2.3080e-03
2.5707e-03
2.5589e-03
1.8746e-03
8.1899e-04
3.4210e-04
5.8869e-04
8.6071e-04
3.9748e-04
-3.2164e-04
-4.8287e-04
-1.8548e-04
4.6975e-04
9.3108e-04
8.9116e-04
1.0694e-03
1.5318e-03
2.1598e-03
2.6071e-03
2.5932e-03
2.3952e-03
2.3194e-03
2.4267e-03
2.9285e-03
3.9119e-03
4.6189e-03
5.2120e-03
6.0154e-03
6.6067e-03
7.3369e-03
7.8870e-03
7.9259e-03
8.4939e-03
9.6267e-03
9.9667e-03
9.6249e-03
9.3366e-03
9.0355e-03
8.2816e-03
7.6017e-03
7.2187e-03
6.5417e-03
5.3219e-03
4.1101e-03
3.6702e-03
3.2274e-03
2.3087e-03
1.2109e-03
5.1543e-04
2.8336e-04
-6.5792e-05
-5.2517e-04
-8.3161e-04
-1.3906e-04
1.1163e-03
2.1396e-03
3.1129e-03
4.4026e-03
5.5315e-03
6.6278e-03
8.0042e-03
9.1514e-03
1.0139e-02
1.1563e-02
1.3134e-02
1.3937e-02
1.4644e-02
1.5189e-02
1.5910e-02
1.6777e-02
1.7265e-02
1.7833e-02
1.8729e-02
1.9774e-02
2.0574e-02
2.0669e-02
2.0567e-02
2.1390e-02
2.3218e-02
2.4525e-02
2.4809e-02
2.5393e-02
2.5910e-02
2.6297e-02
2.7484e-02
2.8808e-02
2.9719e-02
3.0406e-02
3.1124e-02
3.1430e-02
3.1276e-02
3.1165e-02
3.1107e-02
3.0146e-02
2.9107e-02
2.7887e-02
2.6112e-02
2.4151e-02
2.2374e-02
2.0716e-02
1.8984e-02
1.7145e-02
1.5197e-02
1.2733e-02
9.7805e-03
6.5029e-03
3.9248e-03
1.3602e-03
-9.5942e-04
-2.8512e-03
-5.6010e-03
-8.3592e-03
-1.0220e-02
-1.1754e-02
-1.3973e-02
-1.6375e-02
-1.8530e-02
-1.9928e-02
-2.0563e-02
-2.1177e-02
-2.2087e-02
-2.2643e-02
-2.2174e-02
-2.1416e-02
-2.0850e-02
-2.0149e-02
-1.9210e-02
-1.7868e-02
-1.6869e-02
-1.6056e-02
-1.5316e-02
-1.4330e-02
-1.3043e-02
-1.2456e-02
-1.2697e-02
-1.3003e-02
-1.3009e-02
-1.3238e-02
-1.3619e-02
-1.3737e-02
-1.4050e-02
-1.4479e-02
-1.4566e-02
-1.4478e-02
-1.4852e-02
-1.5454e-02
-1.6067e-02
-1.6830e-02
-1.7245e-02
-1.7117e-02
-1.6848e-02
-1.6319e-02
-1.5365e-02
-1.3872e-02
-1.1970e-02
-1.0174e-02
-9.0836e-03
-8.5248e-03
-7.8211e-03
-6.8332e-03
-6.1202e-03
-5.7248e-03
-4.9857e-03
-3.9237e-03
-2.8862e-03
-2.0364e-03
-1.2564e-03
-7.3767e-04
-4.3085e-04
-3.9445e-04
-8.4552e-04
-1.3978e-03
-1.8323e-03
-1.8428e-03
-1.9949e-03
-2.4971e-03
-2.7243e-03
-2.6471e-03
-2.5210e-03
-2.1245e-03
-1.2551e-03
-6.0567e-04
-6.6158e-04
-6.4404e-04
-5.0767e-04
-7.7162e-04
-5.9037e-04
4.0703e-04
1.2330e-03
1.2001e-03
1.2012e-03
2.0321e-03
2.8908e-03
3.3269e-03
3.9292e-03
4.2589e-03
3.7264e-03
3.0202e-03
1.9809e-03
2.7940e-04
-1.3956e-03
-2.3207e-03
-3.1232e-03
-4.4741e-03
-5.7484e-03
-6.6580e-03
-7.4079e-03
-8.2544e-03
-9.2287e-03
-1.0183e-02
-1.1059e-02
-1.2179e-02
-1.3413e-02
-1.4215e-02
-1.5017e-02
-1.5541e-02
-1.6226e-02
-1.6925e-02
-1.7366e-02
-1.7782e-02
-1.8166e-02
-1.8659e-02
-1.8551e-02
-1.7797e-02
-1.7171e-02
-1.6756e-02
-1.6339e-02
-1.5215e-02
-1.3908e-02
-1.2957e-02
-1.2224e-02
-1.1259e-02
-9.7449e-03
-8.4287e-03
-7.4184e-03
-5.9562e-03
-4.0165e-03
-2.2281e-03
-1.2245e-03
-6.4039e-04
1.0635e-04
1.1259e-03
2.2129e-03
3.3423e-03
4.7848e-03
6.0002e-03
6.6018e-03
6.7281e-03
7.1249e-03
7.6777e-03
8.3112e-03
8.5575e-03
8.2388e-03
7.3349e-03
6.2329e-03
5.3144e-03
4.7736e-03
4.6338e-03
4.1119e-03
3.2988e-03
3.5161e-03
4.6778e-03
5.3609e-03
5.6967e-03
6.3006e-03
6.6703e-03
6.5910e-03
6.5213e-03
7.0093e-03
7.1038e-03
7.2654e-03
7.4717e-03
6.9414e-03
6.2890e-03
5.6655e-03
4.9527e-03
4.6033e-03
4.2946e-03
4.5821e-03
5.0559e-03
5.0842e-03
4.7556e-03
3.9425e-03
2.9354e-03
2.5492e-03
2.2490e-03
1.4920e-03
9.2605e-04
3.7965e-04
-3.9952e-04
-7.6812e-04
-7.5462e-04
-1.5661e-03
-2.6245e-03
-3.2213e-03
-3.4076e-03
-3.7017e-03
-4.1651e-03
-4.8187e-03
-5.6700e-03
-5.6455e-03
-4.5071e-03
-3.7071e-03
-3.8903e-03
-4.2715e-03
-3.4358e-03
-1.6513e-03
1.8499e-04
1.8342e-03
2.9767e-03
4.1364e-03
5.9031e-03
7.9004e-03
9.2979e-03
9.9882e-03
1.0623e-02
1.1504e-02
1.2065e-02
1.2031e-02
1.1789e-02
1.1279e-02
1.0351e-02
8.8613e-03
7.0507e-03
6.0465e-03
4.9233e-03
2.7670e-03
7.0192e-05
-2.2421e-03
-3.8470e-03
-5.3248e-03
-7.0929e-03
-9.0378e-03
-1.0833e-02
-1.1651e-02
-1.1776e-02
-1.1502e-02
-1.1042e-02
-1.0055e-02
-8.2626e-03
-6.2330e-03
-4.3951e-03
-2.3453e-03
-1.1096e-04
2.2124e-03
4.4131e-03
6.6963e-03
9.3470e-03
1.1698e-02
1.3418e-02
1.4952e-02
1.6703e-02
1.8629e-02
2.0427e-02
2.1306e-02
2.1936e-02
2.2664e-02
2.3239e-02
2.3130e-02
2.2578e-02
2.2323e-02
2.1515e-02
1.9760e-02
1.8476e-02
1.7153e-02
1.4683e-02
1.2068e-02
1.0229e-02
8.8731e-03
7.7264e-03
6.3563e-03
4.9042e-03
3.6049e-03
2.8011e-03
2.4739e-03
1.7642e-03
6.8866e-04
2.1675e-05
4.3233e-04
1.2828e-03
1.4615e-03
1.1006e-03
8.3186e-04
8.5779e-04
6.6038e-04
4.8717e-04
5.4532e-04
-8.0675e-05
-5.4655e-04
-9.9257e-05
3.4270e-04
3.3144e-04
4.5457e-04
5.7996e-04
6.7476e-04
1.0127e-03
1.5484e-03
1.6094e-03
1.5304e-03
1.8404e-03
2.5185e-03
3.0439e-03
2.9501e-03
2.1673e-03
1.1059e-03
6.2268e-04
4.3660e-04
1.7411e-04
-4.0324e-04
-1.4098e-03
-2.0120e-03
-2.4862e-03
-3.1361e-03
-2.9556e-03
-2.3566e-03
-2.1618e-03
-1.7711e-03
-9.1046e-04
-3.0283e-04
6.1205e-04
1.3234e-03
1.8949e-03
2.7555e-03
3.6980e-03
4.1467e-03
4.5138e-03
4.7280e-03
4.7077e-03
4.6550e-03
4.6850e-03
4.5801e-03
3.8567e-03
2.7253e-03
1.7186e-03
9.5903e-04
2.2266e-04
-8.4505e-04
-2.4105e-03
-3.6828e-03
-4.6027e-03
-5.6730e-03
-6.6630e-03
-7.9708e-03
-9.1160e-03
-9.6671e-03
-9.8156e-03
-1.0185e-02
-1.0711e-02
-1.1313e-02
-1.1216e-02
-1.0176e-02
-9.4673e-03
-9.7947e-03
-9.8648e-03
-9.3788e-03
-8.8920e-03
-8.9632e-03
-9.1690e-03
-9.5720e-03
-9.6876e-03
-9.5534e-03
-9.8051e-03
-1.0757e-02
-1.1195e-02
-1.0578e-02
-1.0447e-02
-1.1151e-02
-1.1593e-02
-1.1502e-02
-1.1616e-02
-1.2130e-02
-1.2352e-02
-1.2596e-02
-1.3409e-02
-1.3744e-02
-1.4188e-02
-1.5414e-02
-1.6582e-02
-1.6910e-02
-1.6636e-02
-1.6878e-02
-1.7575e-02
-1.8282e-02
-1.8642e-02
-1.8469e-02
-1.7815e-02
-1.7254e-02
-1.6804e-02
-1.6042e-02
-1.4977e-02
-1.3915e-02
-1.3131e-02
-1.2991e-02
-1.3060e-02
-1.1938e-02
-1.0347e-02
-9.7897e-03
-9.5217e-03
-8.3412e-03
-7.0708e-03
-5.6083e-03
-3.9451e-03
-2.8101e-03
-2.1410e-03
-1.4404e-03
-6.8070e-04
-4.7938e-05
1.0053e-03
2.1313e-03
3.1859e-03
3.6352e-03
3.8763e-03
4.2115e-03
4.5464e-03
4.1928e-03
3.8316e-03
3.6130e-03
3.2054e-03
2.6490e-03
1.7894e-03
1.2061e-03
1.3088e-03
1.5909e-03
1.5978e-03
1.4145e-03
1.6612e-03
2.6317e-03
3.5452e-03
4.4466e-03
5.1125e-03
5.0619e-03
4.8276e-03
5.1909e-03
5.4151e-03
5.0874e-03
4.7745e-03
4.1783e-03
3.2615e-03
2.8098e-03
2.3881e-03
1.5364e-03
4.8287e-04
-5.8497e-04
-1.9853e-03
-3.2608e-03
-4.0984e-03
-4.7114e-03
-4.8804e-03
-4.7597e-03
-4.5431e-03
-3.7239e-03
-2.1469e-03
-4.9272e-04
1.5532e-03
3.6967e-03
5.6679e-03
7.3771e-03
9.0413e-03
1.0818e-02
1.2695e-02
1.4033e-02
1.4609e-02
1.5592e-02
1.6830e-02
1.7942e-02
1.8524e-02
1.8423e-02
1.8527e-02
1.9112e-02
1.9428e-02
1.9323e-02
1.8793e-02
1.7856e-02
1.7163e-02
1.6305e-02
1.4531e-02
1.2891e-02
1.2012e-02
1.1018e-02
9.7172e-03
8.5654e-03
7.2366e-03
5.8852e-03
4.7439e-03
3.3580e-03
2.0010e-03
6.7357e-04
6.3618e-05
-3.2413e-04
-1.1654e-03
-2.3193e-03
-3.2867e-03
-3.5631e-03
-3.8068e-03
-4.0758e-03
-4.0324e-03
-3.3772e-03
-2.7631e-03
-2.1570e-03
-1.5232e-03
-1.1683e-03
-7.4172e-04
-3.1159e-04
4.3278e-04
1.4504e-03
2.4341e-03
3.1274e-03
3.1959e-03
3.3148e-03
4.7683e-03
6.9255e-03
8.2956e-03
8.9963e-03
1.0242e-02
1.2064e-02
1.3408e-02
1.4178e-02
1.4961e-02
1.5693e-02
1.5867e-02
1.5690e-02
1.5623e-02
1.5720e-02
1.5321e-02
1.4140e-02
1.3334e-02
1.2746e-02
1.1999e-02
1.1058e-02
9.8100e-03
8.3024e-03
7.1938e-03
6.2226e-03
4.8921e-03
3.7214e-03
2.5992e-03
8.2779e-04
-1.3924e-03
-2.6408e-03
-2.7147e-03
-3.0662e-03
-3.7992e-03
-4.1402e-03
-4.4153e-03
-5.2105e-03
-5.9137e-03
-5.5972e-03
-5.0696e-03
-5.0435e-03
-4.9349e-03
-4.8976e-03
-5.2921e-03
-5.9352e-03
-6.4427e-03
-6.7791e-03
-6.7400e-03
-6.5840e-03
-6.5673e-03
-6.6672e-03
-6.6948e-03
-6.2429e-03
-5.6006e-03
-4.5565e-03
-3.2257e-03
-2.1741e-03
-9.6186e-04
7.0515e-04
1.7697e-03
2.5683e-03
4.1038e-03
5.3073e-03
5.8071e-03
6.7333e-03
7.2360e-03
6.8065e-03
6.3158e-03
5.2812e-03
4.0155e-03
3.7087e-03
4.1499e-03
4.3605e-03
3.6751e-03
2.8104e-03
1.6384e-03
9.3806e-04
6.5151e-04
5.0321e-04
-2.9274e-05
-5.0709e-04
-6.1101e-04
-9.9398e-04
-1.3794e-03
-1.3965e-03
-1.2450e-03
-1.1539e-03
-1.2737e-03
-1.9375e-03
-2.5158e-03
-3.0647e-03
-3.9090e-03
-4.7209e-03
-4.4355e-03
-3.7444e-03
-3.6239e-03
-3.9385e-03
-4.0855e-03
-3.4146e-03
-2.0899e-03
-5.2298e-04
2.0358e-04
9.6441e-04
2.0914e-03
3.1715e-03
4.0659e-03
4.8350e-03
5.0914e-03
4.8376e-03
3.9598e-03
2.4454e-03
1.7059e-03
1.4354e-03
2.5741e-04
-1.2736e-03
-2.4315e-03
-3.6305e-03
-4.2633e-03
-4.6583e-03
-5.4634e-03
-6.5923e-03
-7.5617e-03
-7.7669e-03
-7.4648e-03
-7.2926e-03
-7.4140e-03
-7.6040e-03
-7.7019e-03
-7.6823e-03
-7.6980e-03
-8.2705e-03
-9.2020e-03
-9.1714e-03
-9.0165e-03
-9.2144e-03
-9.3984e-03
-9.4703e-03
-9.9274e-03
-1.0897e-02
-1.1542e-02
-1.1840e-02
-1.2018e-02
-1.2062e-02
-1.2473e-02
-1.2956e-02
-1.2656e-02
-1.2432e-02
-1.2824e-02
-1.3132e-02
-1.3106e-02
-1.2878e-02
-1.1848e-02
-1.0343e-02
-9.2287e-03
-8.1439e-03
-6.9127e-03
-5.5093e-03
-4.1661e-03
-2.7580e-03
-9.6363e-04
9.9610e-04
2.7966e-03
3.9976e-03
4.6401e-03
4.8335e-03
4.8025e-03
5.3053e-03
6.3243e-03
6.0821e-03
4.8832e-03
4.4420e-03
4.8209e-03
5.1533e-03
4.6384e-03
3.3395e-03
1.7102e-03
8.7628e-04
1.1027e-03
6.9144e-04
-3.3877e-04
-7.6870e-04
-9.4058e-04
-7.8404e-04
-3.3463e-04
-1.9651e-04
-3.7347e-04
-5.2904e-04
-5.1007e-04
-3.8338e-04
-3.4802e-04
-8.6845e-04
-1.9050e-03
-2.4420e-03
-1.8134e-03
-1.3811e-03
-1.8123e-03
-2.2600e-03
-2.2809e-03
-2.0596e-03
-1.8718e-03
-1.4044e-03
-3.9848e-04
1.0892e-03
2.0388e-03
2.3540e-03
2.9613e-03
4.0086e-03
5.0791e-03
5.5161e-03
5.3558e-03
5.5532e-03
5.6968e-03
5.4528e-03
5.3258e-03
5.4172e-03
5.2015e-03
4.6472e-03
4.4334e-03
4.2403e-03
3.8045e-03
3.3019e-03
2.4827e-03
1.4700e-03
5.6709e-04
1.3118e-04
-4.1663e-04
-1.3703e-03
-2.0511e-03
-2.7366e-03
-3.2572e-03
-3.9788e-03
-4.9913e-03
-5.9379e-03
-6.7990e-03
-6.8799e-03
-6.9298e-03
-7.7541e-03
-8.2667e-03
-8.0807e-03
-7.7780e-03
-7.0043e-03
-6.3122e-03
-5.9443e-03
-5.3076e-03
-4.6801e-03
-4.6140e-03
-4.8059e-03
-4.4774e-03
-3.4029e-03
-2.5630e-03
-2.2586e-03
-1.7041e-03
-1.0804e-03
-9.7663e-04
-1.1684e-03
-1.2500e-03
-1.1755e-03
-1.4419e-03
-2.3683e-03
-3.1589e-03
-3.8212e-03
-4.6488e-03
-5.1938e-03
-5.8777e-03
-6.8425e-03
-7.8502e-03
-8.4095e-03
-9.0046e-03
-1.0276e-02
-1.1141e-02
-1.0664e-02
-9.6271e-03
-8.7097e-03
-7.9846e-03
-7.6684e-03
-7.0540e-03
-6.0215e-03
-4.9306e-03
-4.0007e-03
-3.1789e-03
-2.3305e-03
-1.4614e-03
-9.0076e-04
-2.4534e-04
6.9065e-04
9.7358e-04
1.1159e-03
1.9311e-03
2.7720e-03
2.8559e-03
2.5435e-03
2.4039e-03
2.5229e-03
2.6743e-03
2.6688e-03
1.9050e-03
7.2778e-04
4.3018e-04
1.1919e-04
-7.6859e-04
-1.1149e-03
-8.9500e-04
-6.9614e-04
-7.5029e-04
-9.0434e-04
-9.4305e-04
-8.9256e-04
-8.2773e-04
-4.2337e-04
5.2500e-04
1.2422e-03
1.5599e-03
2.2077e-03
2.8749e-03
2.9581e-03
2.7373e-03
2.6520e-03
2.7081e-03
2.3787e-03
1.9327e-03
1.8939e-03
2.0763e-03
2.1597e-03
2.0994e-03
2.0460e-03
2.0858e-03
2.5666e-03
3.1169e-03
3.1975e-03
3.0084e-03
2.9018e-03
2.9613e-03
3.0595e-03
3.0912e-03
3.0681e-03
3.1242e-03
3.6164e-03
4.1681e-03
4.2327e-03
3.9632e-03
3.3981e-03
2.9681e-03
3.0406e-03
3.2829e-03
3.3474e-03
3.1920e-03
2.5895e-03
1.6263e-03
1.1314e-03
1.3369e-03
1.6430e-03
1.5979e-03
9.3693e-04
3.1440e-04
3.3169e-04
6.2648e-04
7.4206e-04
7.2242e-04
1.1512e-03
1.6493e-03
2.2705e-03
3.1045e-03
3.5895e-03
4.5306e-03
5.4256e-03
6.4556e-03
7.1866e-03
8.0740e-03
8.2499e-03
8.2974e-03
8.5191e-03
8.7206e-03
9.2698e-03
9.6041e-03
9.0012e-03
8.3623e-03
8.2068e-03
7.2189e-03
5.3456e-03
4.2983e-03
3.4550e-03
1.9807e-03
1.0786e-03
6.3767e-04
-5.0786e-06
-4.0919e-04
-3.7304e-04
-2.4339e-04
-2.5727e-04
-2.7222e-04
1.5227e-04
3.7859e-04
1.2664e-03
2.5792e-03
3.4498e-03
3.4219e-03
2.8593e-03
1.9764e-03
1.2423e-03
1.0470e-03
6.4194e-04
-1.6147e-04
-7.1907e-04
-1.3120e-03
-2.0217e-03
-2.2646e-03
-2.2707e-03
-2.7398e-03
-3.1611e-03
-3.1664e-03
-3.0054e-03
-2.9526e-03
-2.8356e-03
-2.1065e-03
-9.7038e-04
-1.4876e-04
1.9343e-04
1.0290e-03
1.8582e-03
2.6433e-03
3.5383e-03
4.4804e-03
5.1414e-03
5.4110e-03
5.5014e-03
5.3378e-03
5.6294e-03
5.9664e-03
5.7458e-03
5.0338e-03
4.7372e-03
4.9408e-03
5.1663e-03
5.1593e-03
4.7486e-03
3.7793e-03
2.9617e-03
2.9613e-03
3.3331e-03
3.4721e-03
3.3223e-03
3.1514e-03
3.1010e-03
3.0988e-03
2.7526e-03
1.8127e-03
1.0625e-03
1.0952e-03
1.0733e-03
2.2602e-04
-6.7092e-04
-7.6069e-04
-4.3962e-04
-6.6127e-04
-1.4101e-03
-2.0678e-03
-2.4802e-03
-2.4497e-03
-2.2624e-03
-2.2229e-03
-2.3457e-03
-2.8137e-03
-3.7442e-03
-4.4020e-03
-4.3237e-03
-4.3884e-03
-5.2800e-03
-6.1673e-03
-6.5965e-03
-7.2011e-03
-7.7941e-03
-7.8575e-03
-7.6577e-03
-7.5901e-03
-7.7452e-03
-8.3108e-03
-8.8601e-03
-8.8606e-03
-8.5615e-03
-7.9987e-03
-7.5586e-03
-7.6233e-03
-7.9203e-03
-8.4702e-03
-8.8740e-03
-8.8554e-03
-9.1044e-03
-9.5579e-03
-9.6587e-03
-9.5293e-03
-9.4746e-03
-9.5313e-03
-9.5979e-03
-9.5069e-03
-8.5447e-03
-7.4799e-03
-7.3783e-03
-7.7715e-03
-7.4766e-03
-6.3475e-03
-5.4878e-03
-4.6822e-03
-3.9243e-03
-3.0321e-03
-2.1867e-03
-1.1952e-03
-3.8253e-04
-2.6666e-04
3.3503e-04
1.2675e-03
1.5047e-03
1.2822e-03
1.5017e-03
1.6349e-03
1.3774e-03
1.6705e-03
2.2297e-03
1.9026e-03
1.1510e-03
9.5273e-04
1.2194e-03
1.4332e-03
1.3997e-03
1.2690e-03
1.2098e-03
1.2385e-03
1.2817e-03
1.4230e-03
2.5025e-03
3.4619e-03
3.5512e-03
4.1851e-03
5.0867e-03
6.2973e-03
7.1170e-03
8.0030e-03
8.7440e-03
9.8053e-03
1.0567e-02
1.1079e-02
1.1770e-02
1.2145e-02
1.2087e-02
1.1928e-02
1.1916e-02
1.2024e-02
1.2102e-02
1.2096e-02
1.2056e-02
1.2036e-02
1.2044e-02
1.1977e-02
1.1350e-02
1.0359e-02
9.9790e-03
1.0175e-02
9.7830e-03
8.7238e-03
8.1654e-03
8.2889e-03
7.9746e-03
6.9965e-03
6.3215e-03
5.8265e-03
5.0597e-03
4.0856e-03
3.0212e-03
1.5934e-03
3.3503e-04
-4.8613e-04
-1.1905e-03
-1.9900e-03
-2.3575e-03
-2.2385e-03
-2.1763e-03
-2.8606e-03
-3.8999e-03
-3.8766e-03
-3.7204e-03
-3.9293e-03
-4.1156e-03
-4.1331e-03
-4.0821e-03
-4.0646e-03
-4.0871e-03
-4.1096e-03
-4.1114e-03
-4.1015e-03
-4.0949e-03
-4.0954e-03
-4.2682e-03
-5.3220e-03
-5.5563e-03
-4.4085e-03
-3.6618e-03
-4.4356e-03
-5.3923e-03
-5.3762e-03
-4.3630e-03
-3.6618e-03
-3.6528e-03
-2.9100e-03
-2.0046e-03
-8.6871e-04
-9.7825e-05
7.8790e-04
1.4296e-03
2.0197e-03
3.0056e-03
4.1043e-03
4.8512e-03
4.8940e-03
4.6258e-03
4.5634e-03
4.7442e-03
4.7035e-03
4.1192e-03
3.5515e-03
3.0722e-03
2.9504e-03
3.1029e-03
3.0137e-03
2.1545e-03
1.0788e-03
4.6638e-04
-3.0775e-04
-7.1344e-04
-9.2478e-04
-1.9268e-03
-2.6912e-03
-2.5906e-03
-2.4137e-03
-2.9574e-03
-3.6637e-03
-4.2531e-03
-4.5593e-03
-5.1397e-03
-5.9442e-03
-6.2235e-03
-6.0143e-03
-5.8364e-03
-5.8957e-03
-6.0407e-03
-6.0870e-03
-5.8382e-03
-5.1954e-03
-4.6887e-03
-4.2534e-03
-4.0881e-03
-4.1872e-03
-4.1045e-03
-3.3213e-03
-2.3279e-03
-2.0708e-03
-2.4019e-03
-2.6455e-03
-2.5678e-03
-2.3823e-03
-2.3075e-03
-2.3513e-03
-2.4096e-03
-2.4219e-03
-2.5723e-03
-3.1243e-03
-3.4594e-03
-3.5234e-03
-3.8993e-03
-4.2117e-03
-4.2086e-03
-4.1242e-03
-3.7678e-03
-2.6427e-03
-1.9880e-03
-1.8710e-03
-1.0938e-03
-4.7432e-04
-3.5676e-04
1.4291e-04
1.0502e-03
1.4325e-03
1.2225e-03
1.2094e-03
1.8097e-03
2.4635e-03
3.0053e-03
3.0713e-03
2.6914e-03
2.1955e-03
2.5155e-03
2.9075e-03
2.6207e-03
2.6431e-03
2.9380e-03
3.0484e-03
2.9646e-03
2.8826e-03
2.8877e-03
2.5811e-03
1.6080e-03
1.3351e-03
1.3202e-03
1.4558e-03
1.8241e-03
1.7057e-03
1.9812e-03
2.8150e-03
3.2159e-03
3.0213e-03
2.9582e-03
3.7494e-03
4.8285e-03
5.4821e-03
6.3185e-03
6.9287e-03
7.5596e-03
8.3174e-03
8.5946e-03
8.4283e-03
8.4557e-03
8.9170e-03
8.8148e-03
8.4210e-03
8.4929e-03
9.0575e-03
8.9304e-03
8.4730e-03
7.9869e-03
6.9541e-03
6.0354e-03
5.0806e-03
4.3793e-03
3.1275e-03
1.3162e-03
2.4945e-05
-7.9254e-04
-1.8286e-03
-2.6904e-03
-3.8875e-03
-5.1064e-03
-5.8084e-03
-6.1631e-03
-7.0707e-03
-7.7056e-03
-7.6366e-03
-7.5623e-03
-7.9763e-03
-8.0858e-03
-8.1220e-03
-7.7396e-03
-7.3998e-03
-7.4734e-03
-7.6653e-03
-7.6869e-03
-7.6095e-03
-7.5395e-03
-7.5616e-03
-7.6158e-03
-7.6302e-03
-7.4265e-03
-6.6260e-03
-5.6984e-03
-5.4978e-03
-5.8269e-03
-5.6849e-03
-4.4075e-03
-3.5331e-03
-3.7090e-03
-4.1657e-03
-4.2576e-03
-3.7073e-03
-2.3825e-03
-1.6808e-03
-1.6530e-03
-9.4318e-04
-2.7984e-04
-8.6457e-05
4.5338e-04
1.3190e-03
1.6517e-03
1.4374e-03
1.2282e-03
1.2721e-03
1.4237e-03
1.4961e-03
1.4669e-03
1.4178e-03
1.4050e-03
1.4214e-03
1.4367e-03
1.4376e-03
1.4314e-03
1.4277e-03
1.5987e-03
2.7420e-03
3.6515e-03
3.5252e-03
3.0629e-03
2.9454e-03
3.1482e-03
3.3341e-03
3.4469e-03
4.2724e-03
5.2281e-03
5.3622e-03
5.5067e-03
6.3465e-03
7.0333e-03
7.0208e-03
6.7316e-03
6.6241e-03
6.7436e-03
6.8769e-03
6.8970e-03
6.8450e-03
6.8071e-03
6.8109e-03
6.8311e-03
6.8215e-03
6.4410e-03
5.4846e-03
4.7438e-03
4.7713e-03
4.3924e-03
3.3145e-03
2.8845e-03
3.1529e-03
3.4263e-03
3.3865e-03
3.2031e-03
2.8315e-03
2.2317e-03
2.0434e-03
1.9828e-03
1.5598e-03
1.2910e-03
1.1584e-03
4.9298e-04
-4.3002e-04
-8.8165e-04
-1.3546e-03
-2.0637e-03
-2.3317e-03
-2.5112e-03
-3.5423e-03
-4.2957e-03
-4.5423e-03
-5.3670e-03
-5.9882e-03
-6.0006e-03
-6.2829e-03
-6.7636e-03
-7.3993e-03
-7.7284e-03
-7.6079e-03
-7.3396e-03
-6.6701e-03
-5.7628e-03
-5.2905e-03
-4.4373e-03
-3.7730e-03
-3.7342e-03
-3.1034e-03
-2.0990e-03
-1.8274e-03
-2.0194e-03
-1.2934e-03
-1.7030e-04
7.1925e-05
-3.0271e-04
-5.1797e-04
-3.2386e-04
7.0410e-04
1.8833e-03
2.0135e-03
1.5265e-03
1.2716e-03
1.4217e-03
1.6715e-03
2.0729e-03
2.2130e-03
1.7073e-03
1.3709e-03
1.4664e-03
1.6535e-03
1.6813e-03
1.6052e-03
9.7500e-04
-2.6872e-04
-7.1615e-04
-6.7899e-04
-1.4611e-03
-2.0086e-03
-1.4393e-03
-8.2571e-04
-9.4146e-04
-1.8158e-03
-2.3955e-03
-2.2426e-03
-1.8272e-03
-1.2091e-03
-4.2596e-04
-4.6845e-05
-2.2890e-04
-4.6748e-04
-4.3077e-04
1.1203e-04
8.1646e-04
9.1032e-04
5.7477e-04
3.9689e-05
-4.4309e-04
-4.2881e-04
-1.8308e-04
-9.4848e-05
-7.5372e-04
-2.1321e-03
-2.6320e-03
-2.1794e-03
-1.7672e-03
-2.0356e-03
-3.0388e-03
-4.0435e-03
-4.2310e-03
-3.8523e-03
-3.6188e-03
-3.7633e-03
-3.9945e-03
-4.0595e-03
-3.9897e-03
-3.9239e-03
-3.9221e-03
-3.9522e-03
-3.9689e-03
-3.9634e-03
-3.9535e-03
-3.9768e-03
-4.0231e-03
-4.0358e-03
-4.0199e-03
-4.0076e-03
-4.0302e-03
-4.0834e-03
-4.1015e-03
-3.8476e-03
-3.0478e-03
-2.1730e-03
-1.9955e-03
-2.3106e-03
-2.2190e-03
-1.0142e-03
-6.2100e-05
-1.9150e-04
-5.1450e-04
4.9269e-04
1.6014e-03
1.6855e-03
1.6840e-03
1.9676e-03
1.6856e-03
1.1202e-03
1.0144e-03
1.2073e-03
6.2057e-04
-6.0730e-04
-1.0188e-03
-1.2564e-03
-2.0666e-03
-2.5022e-03
-2.9096e-03
-4.4486e-03
-6.1186e-03
-6.3598e-03
-5.7394e-03
-5.4142e-03
-5.4432e-03
-4.9749e-03
-4.1329e-03
-3.8257e-03
-3.8898e-03
-2.9609e-03
-2.0014e-03
-1.8289e-03
-1.2143e-03
-3.8203e-04
-1.9174e-04
-4.2017e-04
-5.6143e-04
-5.0416e-04
-3.7983e-04
-2.8557e-04
3.9738e-04
1.5172e-03
1.7823e-03
1.3893e-03
1.6610e-03
3.0048e-03
3.7391e-03
3.4807e-03
3.0569e-03
3.0190e-03
3.4223e-03
4.3310e-03
5.2252e-03
5.3924e-03
5.2184e-03
6.1161e-03
7.1276e-03
7.1914e-03
6.7710e-03
6.5393e-03
6.2363e-03
5.9199e-03
5.9004e-03
5.6628e-03
5.0970e-03
4.8873e-03
5.0357e-03
5.1759e-03
5.1444e-03
4.5040e-03
3.2359e-03
2.7795e-03
2.9943e-03
2.6182e-03
1.6660e-03
1.2037e-03
1.1947e-03
3.2797e-04
-5.5132e-04
-6.0420e-04
-2.4695e-04
-1.6416e-04
-8.3878e-04
-2.0011e-03
-2.5956e-03
-2.3504e-03
-1.9774e-03
-1.9534e-03
-2.1561e-03
-2.2941e-03
-2.2983e-03
-2.2705e-03
-2.2553e-03
-2.2579e-03
-2.2680e-03
-2.2740e-03
-2.2734e-03
-2.2701e-03
-2.2682e-03
-2.2681e-03
-2.2683e-03
-2.2680e-03
-2.1856e-03
-1.5676e-03
-6.4611e-04
-2.3536e-04
-4.5529e-04
-7.2348e-04
-6.6212e-04
-5.8976e-05
5.8017e-04
6.2987e-04
4.2470e-04
1.0170e-03
2.2248e-03
2.3341e-03
1.3691e-03
8.3209e-04
1.2928e-03
2.4171e-03
3.3467e-03
3.5753e-03
3.9367e-03
4.6800e-03
5.0766e-03
4.9765e-03
4.8029e-03
4.8160e-03
5.0107e-03
5.6541e-03
6.5996e-03
7.0631e-03
6.8541e-03
6.5643e-03
6.5673e-03
6.7445e-03
6.8959e-03
7.6179e-03
8.7348e-03
8.9790e-03
8.6114e-03
9.0836e-03
1.0369e-02
1.0853e-02
1.0508e-02
1.0183e-02
1.0247e-02
1.0446e-02
1.0004e-02
8.7348e-03
8.2178e-03
8.5781e-03
8.9493e-03
8.3944e-03
6.9884e-03
6.4095e-03
6.7767e-03
6.9811e-03
6.2008e-03
5.0678e-03
4.7301e-03
5.0782e-03
5.0125e-03
3.7698e-03
2.8800e-03
3.0324e-03
3.4848e-03
3.5891e-03
3.3099e-03
2.5005e-03
1.4673e-03
1.1356e-03
1.4688e-03
1.7538e-03
1.6908e-03
1.4922e-03
1.4339e-03
1.5143e-03
1.5332e-03
1.0274e-03
9.3412e-06
-5.7888e-04
-3.9481e-04
-5.6306e-05
-2.0200e-05
-1.7328e-04
-2.6192e-04
-2.6843e-04
-2.3399e-04
-1.7870e-04
-1.6209e-04
-1.8029e-04
-1.9662e-04
-1.9509e-04
-1.8523e-04
-1.7968e-04
-1.8057e-04
-1.8300e-04
-1.8328e-04
-1.8165e-04
-1.7999e-04
-1.7911e-04
-1.6562e-04
-1.2142e-04
-9.5046e-05
-1.0311e-04
-1.1755e-04
-1.1832e-04
-1.0702e-04
2.4332e-04
1.3929e-03
2.0932e-03
1.8469e-03
1.4198e-03
1.4089e-03
1.6280e-03
1.7022e-03
1.0362e-03
-5.7107e-05
-4.7160e-04
-5.3164e-05
1.1955e-03
2.1701e-03
2.0332e-03
1.4883e-03
1.3052e-03
1.5457e-03
1.7854e-03
1.8518e-03
1.8217e-03
1.7725e-03
1.7603e-03
1.8005e-03
2.1762e-03
2.7403e-03
3.1836e-03
3.2197e-03
2.6513e-03
2.0095e-03
1.5764e-03
1.6547e-03
1.9249e-03
1.9663e-03
1.7966e-03
1.6325e-03
9.2770e-04
-1.7177e-04
-4.4584e-04
-6.2260e-05
2.1005e-04
1.1662e-04
-9.3160e-05
-1.7210e-04
-9.1745e-05
1.8845e-05
4.1077e-05
1.4623e-06
-2.7212e-05
1.8723e-05
7.7647e-04
1.9607e-03
2.1793e-03
1.3323e-03
1.1140e-04
-4.8282e-04
-5.7547e-04
-1.1208e-03
-1.8044e-03
-1.9437e-03
-1.7452e-03
-1.6821e-03
-2.5050e-03
-3.7954e-03
-4.1119e-03
-4.0533e-03
-4.6979e-03
-5.5065e-03
-5.6516e-03
-5.3612e-03
-5.1723e-03
-5.2520e-03
-5.4038e-03
-5.4515e-03
-5.4042e-03
-5.3749e-03
-5.7714e-03
-6.7572e-03
-7.4758e-03
-7.3827e-03
-7.0024e-03
-6.5583e-03
-6.1579e-03
-6.1991e-03
-6.7681e-03
-7.4081e-03
-7.4467e-03
-7.1438e-03
-6.9882e-03
-7.0738e-03
-7.2074e-03
-7.2441e-03
-7.2017e-03
-7.1610e-03
-7.1580e-03
-7.1747e-03
-7.1844e-03
-7.1752e-03
-6.6228e-03
-5.3989e-03
-5.1903e-03
-6.4196e-03
-7.6389e-03
-7.6722e-03
-7.0891e-03
-6.8060e-03
-6.9743e-03
-7.2228e-03
-7.2865e-03
-7.2057e-03
-7.1314e-03
-7.1283e-03
-7.1605e-03
-7.1787e-03
-7.1727e-03
-7.1602e-03
-7.1556e-03
-7.1583e-03
-7.1610e-03
-7.1404e-03
-7.0928e-03
-7.0734e-03
-7.0860e-03
-7.0991e-03
-7.0971e-03
-7.0881e-03
-7.1030e-03
-7.1428e-03
-6.5972e-03
-5.3154e-03
-4.8278e-03
-5.2420e-03
-5.6309e-03
-5.0349e-03
-3.5619e-03
-2.9634e-03
-3.3668e-03
-3.8062e-03
-3.7885e-03
-3.5355e-03
-3.3928e-03
-3.4301e-03
-3.5164e-03
-3.5452e-03
-3.5197e-03
-3.4712e-03
-3.0648e-03
-2.1087e-03
-1.3695e-03
-7.1839e-04
1.1108e-04
2.9604e-04
-8.6599e-06
-5.6620e-04
-1.3463e-03
-1.1550e-03
1.4778e-04
1.4358e-03
2.2396e-03
2.0881e-03
2.0187e-03
2.8593e-03
3.1022e-03
2.0583e-03
1.4370e-03
1.6738e-03
2.0735e-03
2.1390e-03
1.9631e-03
1.8476e-03
2.2323e-03
3.2506e-03
4.0242e-03
3.9469e-03
3.5670e-03
3.4628e-03
3.6320e-03
3.8362e-03
4.2811e-03
5.1775e-03
5.8074e-03
5.7008e-03
5.3788e-03
5.3194e-03
5.4831e-03
5.6197e-03
5.6234e-03
5.5630e-03
5.5291e-03
5.5397e-03
5.6124e-03
6.0223e-03
6.0664e-03
5.5927e-03
5.3454e-03
5.4644e-03
5.6887e-03
6.1663e-03
6.5422e-03
6.1192e-03
5.8116e-03
5.7588e-03
5.5920e-03
5.5349e-03
5.5904e-03
5.6290e-03
5.6064e-03
5.5674e-03
5.5543e-03
5.5655e-03
5.5784e-03
5.5809e-03
5.6272e-03
6.1276e-03
7.0835e-03
7.6226e-03
7.3774e-03
6.5330e-03
5.5859e-03
5.2544e-03
5.5541e-03
5.6701e-03
4.4859e-03
3.3823e-03
3.4076e-03
3.9027e-03
4.0858e-03
3.9045e-03
3.7007e-03
3.5888e-03
3.0372e-03
2.1089e-03
1.7274e-03
1.9815e-03
2.2480e-03
2.2088e-03
1.9907e-03
1.8652e-03
1.9000e-03
1.9770e-03
2.0005e-03
1.9765e-03
1.7828e-03
6.4115e-04
-2.4940e-04
-7.3685e-05
4.2112e-04
7.0065e-04
1.6213e-03
2.3418e-03
2.1260e-03
1.0787e-03
-9.7105e-06
-1.9311e-04
2.6296e-04
5.4913e-04
4.3387e-04
5.5922e-04
1.6584e-03
2.4115e-03
2.2415e-03
1.6585e-03
9.7970e-04
8.1697e-04
1.2682e-03
2.0470e-03
2.3278e-03
2.0635e-03
1.8024e-03
1.8300e-03
2.0237e-03
1.9498e-03
1.4909e-03
1.6794e-03
2.1466e-03
2.4176e-03
2.9585e-03
3.7528e-03
4.3858e-03
5.3387e-03
5.4789e-03
4.1132e-03
3.1649e-03
3.4344e-03
4.0284e-03
4.4361e-03
5.0700e-03
5.7275e-03
6.3205e-03
7.2383e-03
7.5864e-03
7.3594e-03
7.1509e-03
6.6959e-03
5.6881e-03
5.3039e-03
5.6041e-03
5.3487e-03
4.0749e-03
3.4019e-03
3.6619e-03
4.0568e-03
4.0830e-03
3.8763e-03
3.7337e-03
3.2291e-03
2.1235e-03
1.4125e-03
8.4100e-04
3.2476e-04
2.1774e-04
3.2707e-04
9.0074e-04
2.0395e-03
2.4293e-03
2.0571e-03
1.7299e-03
1.7745e-03
1.6234e-03
7.8122e-04
5.7291e-06
-3.3565e-04
-9.3632e-04
-1.5678e-03
-1.6522e-03
-1.4439e-03
-1.3606e-03
-1.4999e-03
-2.3524e-03
-3.5499e-03
-3.8164e-03
-4.0995e-03
-4.9901e-03
-5.3778e-03
-5.1838e-03
-5.0142e-03
-5.7940e-03
-7.1216e-03
-7.4622e-03
-7.0089e-03
-6.6703e-03
-6.7601e-03
-6.9434e-03
-6.5019e-03
-5.5013e-03
-5.3376e-03
-5.9687e-03
-6.0004e-03
-6.2646e-03
-6.9399e-03
-6.6260e-03
-5.3929e-03
-4.6110e-03
-4.3218e-03
-3.7854e-03
-3.3214e-03
-3.3036e-03
-3.5586e-03
-4.5200e-03
-5.4625e-03
-5.4519e-03
-5.0067e-03
-4.8396e-03
-5.0126e-03
-5.2100e-03
-5.2432e-03
-5.2510e-03
-5.8315e-03
-6.8633e-03
-7.2946e-03
-6.9771e-03
-6.6404e-03
-6.6709e-03
-6.8855e-03
-6.8666e-03
-5.8034e-03
-5.4548e-03
-6.5698e-03
-7.4586e-03
-7.3173e-03
-6.8267e-03
-6.6677e-03
-6.8405e-03
-7.0208e-03
-7.0402e-03
-6.9632e-03
-6.5557e-03
-5.3804e-03
-4.7150e-03
-4.9664e-03
-5.3681e-03
-5.3988e-03
-5.3664e-03
-5.6455e-03
-5.4069e-03
-5.0000e-03
-4.9465e-03
-5.1202e-03
-5.2308e-03
-5.7372e-03
-6.8836e-03
-7.3352e-03
-7.2652e-03
-7.7836e-03
-8.6437e-03
-8.9165e-03
-8.6861e-03
-8.7804e-03
-9.7323e-03
-1.0711e-02
-1.0808e-02
-9.8720e-03
-8.4506e-03
-8.1013e-03
-8.6421e-03
-9.0470e-03
-8.9474e-03
-8.6662e-03
-8.5256e-03
-8.1858e-03
-7.3087e-03
-6.5813e-03
-5.8997e-03
-5.0483e-03
-4.8644e-03
-5.1340e-03
-5.2793e-03
-5.1499e-03
-4.2905e-03
-3.0782e-03
-2.8439e-03
-3.2640e-03
-2.7987e-03
-1.1287e-03
3.4500e-04
1.5433e-03
2.2596e-03
2.1224e-03
1.8517e-03
2.3746e-03
3.6050e-03
4.3384e-03
4.1457e-03
3.8424e-03
4.7152e-03
5.9546e-03
6.1816e-03
5.7872e-03
6.0185e-03
7.1232e-03
7.9164e-03
7.7454e-03
6.7088e-03
5.5579e-03
5.3297e-03
5.7906e-03
5.9296e-03
4.6798e-03
3.5330e-03
3.5687e-03
3.9212e-03
2.9740e-03
1.8774e-03
1.7908e-03
2.2210e-03
2.4212e-03
2.2810e-03
2.2641e-03
2.9766e-03
3.9892e-03
4.2886e-03
3.9698e-03
4.0706e-03
5.3222e-03
6.2032e-03
6.0438e-03
5.5947e-03
5.6682e-03
6.4402e-03
7.1314e-03
7.6196e-03
7.6587e-03
7.2755e-03
6.8268e-03
6.6614e-03
5.9908e-03
5.6068e-03
6.2658e-03
7.3946e-03
7.2616e-03
6.5568e-03
6.0418e-03
5.6780e-03
5.6877e-03
5.3368e-03
4.1767e-03
3.3286e-03
2.6917e-03
2.1921e-03
1.8142e-03
9.8974e-04
2.3580e-04
1.6699e-04
7.1067e-05
-7.5050e-04
-1.5716e-03
-1.6332e-03
-1.3118e-03
-1.2112e-03
-2.0687e-03
-3.3952e-03
-3.6945e-03
-3.2183e-03
-2.8677e-03
-2.5901e-03
-1.8281e-03
-1.1999e-03
-1.1514e-03
-5.3467e-04
4.3337e-04
7.5750e-04
1.3669e-03
2.2044e-03
2.4269e-03
2.6669e-03
3.5088e-03
4.2360e-03
4.7171e-03
5.4722e-03
6.4730e-03
7.4898e-03
8.7651e-03
9.6592e-03
1.0103e-02
1.1228e-02
1.2760e-02
1.3388e-02
1.3055e-02
1.2691e-02
1.2756e-02
1.3122e-02
1.4112e-02
1.4569e-02
1.3597e-02
1.2558e-02
1.2062e-02
1.1490e-02
1.0503e-02
9.4499e-03
8.1613e-03
6.8447e-03
5.8910e-03
4.7007e-03
3.2321e-03
2.2141e-03
1.5791e-03
8.0673e-04
-2.8307e-04
-1.2946e-03
-1.6382e-03
-1.9445e-03
-2.3181e-03
-2.9216e-03
-3.3457e-03
-3.1473e-03
-1.9146e-03
-1.4397e-03
-1.5455e-03
-1.5803e-03
-1.4956e-03
-1.3903e-03
-1.3428e-03
-1.3450e-03
-1.3570e-03
-1.3576e-03
-1.4384e-03
-2.1064e-03
-3.1265e-03
-3.5002e-03
-3.2002e-03
-2.9153e-03
-2.9617e-03
-3.2357e-03
-3.9675e-03
-4.9599e-03
-5.3056e-03
-5.0868e-03
-5.4826e-03
-6.5572e-03
-7.1236e-03
-6.9160e-03
-6.5942e-03
-6.5777e-03
-6.7535e-03
-6.7806e-03
-6.2598e-03
-6.2283e-03
-6.2341e-03
-6.5368e-03
-6.8722e-03
-6.8565e-03
-6.7254e-03
-6.6940e-03
-6.6615e-03
-6.0404e-03
-5.0262e-03
-4.6347e-03
-4.8337e-03
-4.5275e-03
-4.0150e-03
-3.8075e-03
-3.3186e-03
-2.3384e-03
-1.3284e-03
-1.0624e-03
-1.3808e-03
-1.6090e-03
-1.5398e-03
-1.3311e-03
-1.2222e-03
-1.2611e-03
-1.3335e-03
-1.3533e-03
-1.3285e-03
-1.3048e-03
-1.3028e-03
-1.3121e-03
-1.3175e-03
-1.3154e-03
-1.3111e-03
-1.3154e-03
-1.3579e-03
-1.3920e-03
-1.3868e-03
-1.3686e-03
-1.3632e-03
-1.3700e-03
-1.4640e-03
-2.1367e-03
-3.1532e-03
-3.5225e-03
-3.3099e-03
-3.6180e-03
-4.1151e-03
-4.2956e-03
-4.6694e-03
-4.9516e-03
-5.0910e-03
-5.7208e-03
-6.6486e-03
-6.9596e-03
-6.6921e-03
-6.6330e-03
-7.4441e-03
-8.5596e-03
-8.8779e-03
-8.5193e-03
-8.2327e-03
-8.3031e-03
-8.6898e-03
-9.3914e-03
-9.8770e-03
-1.0255e-02
-1.0361e-02
-1.0247e-02
-1.0179e-02
-1.0249e-02
-1.0192e-02
-9.4602e-03
-8.4992e-03
-8.2497e-03
-8.4851e-03
-8.0470e-03
-6.9469e-03
-6.2217e-03
-5.3086e-03
-4.6522e-03
-4.1928e-03
-3.3887e-03
-2.3016e-03
-1.3690e-03
-1.0860e-03
-8.2259e-04
-4.5690e-04
1.9563e-04
7.0491e-04
1.1856e-03
1.5171e-03
2.0236e-03
2.4538e-03
3.0070e-03
3.8570e-03
4.2616e-03
4.1637e-03
4.5747e-03
5.6283e-03
6.2752e-03
6.7042e-03
7.3721e-03
7.7334e-03
7.6272e-03
7.4651e-03
7.4900e-03
7.6141e-03
7.6829e-03
7.6657e-03
7.6250e-03
7.5300e-03
6.9116e-03
5.9386e-03
5.5641e-03
5.8427e-03
6.1188e-03
6.1612e-03
6.4448e-03
6.2396e-03
5.7746e-03
5.6747e-03
5.8593e-03
5.9950e-03
6.0508e-03
6.4336e-03
6.4560e-03
7.1188e-03
7.8936e-03
7.9397e-03
7.6223e-03
7.5709e-03
8.1575e-03
8.1916e-03
7.8044e-03
8.0587e-03
8.0715e-03
7.8993e-03
8.8912e-03
9.7228e-03
8.5630e-03
7.1056e-03
6.3910e-03
6.0383e-03
5.9697e-03
6.0620e-03
6.0755e-03
5.9750e-03
5.7968e-03
5.2290e-03
4.9055e-03
5.4599e-03
5.5706e-03
5.1115e-03
4.8045e-03
4.8502e-03
5.0142e-03
5.1875e-03
5.6257e-03
5.4977e-03
5.4472e-03
5.1898e-03
4.8601e-03
4.8490e-03
4.9500e-03
4.5321e-03
3.9394e-03
3.8341e-03
3.9858e-03
3.5822e-03
3.0132e-03
2.8596e-03
2.6050e-03
2.2217e-03
2.0816e-03
1.7448e-03
1.2422e-03
6.7994e-04
3.4980e-04
3.1805e-04
-9.2321e-05
-1.0082e-03
-1.6638e-03
-2.0328e-03
-2.2631e-03
-2.7064e-03
-3.1864e-03
-3.3147e-03
-3.6505e-03
-4.1731e-03
-4.7281e-03
-5.0816e-03
-5.0779e-03
-5.4223e-03
-6.3957e-03
-7.0684e-03
-7.0158e-03
-7.1382e-03
-7.6411e-03
-8.2673e-03
-8.2699e-03
-8.2014e-03
-8.4392e-03
-8.6909e-03
-9.1992e-03
-9.6256e-03
-9.9844e-03
-9.8448e-03
-9.8625e-03
-1.0270e-02
-1.0487e-02
-1.0414e-02
-1.0297e-02
-1.0337e-02
-1.0849e-02
-1.1340e-02
-1.0915e-02
-1.0178e-02
-1.0036e-02
-1.0327e-02
-1.0476e-02
-9.9923e-03
-9.7502e-03
-9.7131e-03
-9.4210e-03
-8.8496e-03
-8.3997e-03
-8.3773e-03
-8.1778e-03
-8.1299e-03
-8.0481e-03
-7.6347e-03
-6.9097e-03
-6.4846e-03
-6.6197e-03
-6.8603e-03
-6.8795e-03
-6.6926e-03
-6.0490e-03
-4.9015e-03
-3.8584e-03
-3.7919e-03
-4.6431e-03
-4.6618e-03
-3.4522e-03
-2.6094e-03
-2.7682e-03
-3.2189e-03
-3.3376e-03
-3.0765e-03
-2.3614e-03
-1.8265e-03
-1.3677e-03
-1.0808e-03
-5.6139e-04
3.0905e-04
7.2357e-04
5.5042e-04
3.6339e-04
5.0086e-04
1.2873e-03
2.2971e-03
2.1714e-03
1.9237e-03
2.2431e-03
3.1444e-03
4.2147e-03
4.6304e-03
4.8502e-03
5.1020e-03
5.7040e-03
6.2376e-03
6.7551e-03
7.0893e-03
7.5413e-03
7.8515e-03
7.8144e-03
7.6912e-03
7.6880e-03
7.7708e-03
7.8279e-03
7.8231e-03
7.7947e-03
7.6937e-03
7.1971e-03
7.2396e-03
7.1875e-03
6.8063e-03
6.2234e-03
6.3278e-03
6.3482e-03
6.0594e-03
5.8180e-03
5.2731e-03
4.8775e-03
4.9524e-03
5.1056e-03
4.5835e-03
4.0903e-03
4.5252e-03
4.6489e-03
4.2513e-03
3.9704e-03
4.0008e-03
4.1378e-03
4.2710e-03
4.7253e-03
4.5533e-03
4.0113e-03
3.8582e-03
4.1330e-03
4.7386e-03
4.5558e-03
4.0005e-03
3.7121e-03
3.4423e-03
3.7512e-03
4.2107e-03
4.2556e-03
4.0452e-03
3.9196e-03
3.7916e-03
3.3114e-03
3.0084e-03
3.0985e-03
3.0964e-03
2.5433e-03
2.1188e-03
2.1686e-03
2.1996e-03
1.6830e-03
1.2629e-03
1.2996e-03
1.4109e-03
9.9755e-04
9.4608e-04
8.9941e-04
1.1675e-03
1.6148e-03
2.1929e-03
2.4687e-03
2.3262e-03
2.1518e-03
2.0858e-03
1.6536e-03
1.2830e-03
1.3283e-03
1.4240e-03
8.8217e-04
3.6109e-04
3.4122e-04
5.3891e-04
6.2795e-04
5.1087e-04
-1.3537e-04
-7.0463e-04
-1.0567e-03
-7.6788e-04
-7.5294e-04
-1.1592e-03
-1.3914e-03
-1.3298e-03
-1.2087e-03
-1.1895e-03
-1.2504e-03
-1.4153e-03
-1.9949e-03
-2.4060e-03
-2.4057e-03
-2.6861e-03
-2.6110e-03
-2.7716e-03
-3.1553e-03
-3.2686e-03
-3.1541e-03
-3.0619e-03
-3.0829e-03
-3.1453e-03
-3.1714e-03
-3.1563e-03
-3.1355e-03
-3.1309e-03
-3.1379e-03
-3.0618e-03
-2.5853e-03
-2.6112e-03
-2.6896e-03
-2.4241e-03
-2.6687e-03
-3.2187e-03
-3.3898e-03
-3.2267e-03
-3.0509e-03
-3.0663e-03
-3.2451e-03
-3.7128e-03
-3.7873e-03
-3.7279e-03
-3.9209e-03
-3.6874e-03
-3.6402e-03
-4.0424e-03
-4.2801e-03
-4.2229e-03
-4.0871e-03
-3.9714e-03
-3.5355e-03
-3.0247e-03
-2.5752e-03
-2.7207e-03
-3.2492e-03
-2.9499e-03
-2.1922e-03
-1.9570e-03
-2.2278e-03
-2.4284e-03
-1.9537e-03
-1.2221e-03
-6.4696e-04
-7.2858e-04
-4.5564e-04
3.7400e-04
6.8985e-04
4.2257e-04
-2.1735e-04
-2.3651e-04
4.0162e-04
6.9973e-04
4.9039e-04
-7.7508e-05
-3.0351e-04
-1.0165e-04
-3.0083e-04
-5.3404e-04
-5.9868e-04
-9.1724e-04
-1.4623e-03
-1.5888e-03
-1.0549e-03
-3.5865e-04
-2.7327e-04
-5.7926e-04
-1.0183e-03
-1.5324e-03
-1.6424e-03
-1.4510e-03
-1.3079e-03
-1.1012e-03
-5.9994e-04
-6.5312e-04
-1.1297e-03
-1.1354e-03
-1.1061e-03
-5.3635e-04
2.2227e-04
1.1159e-04
-1.1841e-04
-3.3130e-04
5.6289e-05
5.2806e-04
5.7139e-04
3.7742e-04
2.7305e-04
3.2303e-04
4.0614e-04
4.2999e-04
4.0454e-04
3.7978e-04
3.7854e-04
3.8970e-04
4.0181e-04
4.3388e-04
4.3553e-04
4.2678e-04
4.6736e-04
8.7989e-04
1.0175e-03
1.0500e-03
1.3337e-03
1.4763e-03
1.4694e-03
1.8084e-03
1.9633e-03
1.8926e-03
2.1825e-03
2.4289e-03
2.4148e-03
2.3079e-03
2.2779e-03
2.3247e-03
2.3900e-03
2.7564e-03
2.9823e-03
2.8335e-03
3.0847e-03
3.3596e-03
3.6546e-03
4.1847e-03
4.3914e-03
4.2478e-03
4.1093e-03
4.1407e-03
4.5200e-03
4.9172e-03
4.2733e-03
3.2105e-03
2.7675e-03
2.5871e-03
2.5466e-03
2.4091e-03
1.8083e-03
1.4274e-03
1.3362e-03
9.1821e-04
5.0310e-04
-1.0014e-04
-8.6420e-04
-6.6614e-04
-1.9804e-05
1.3801e-04
-1.2499e-04
-4.2783e-04
-1.0010e-03
-1.3543e-03
-1.2309e-03
-1.0143e-03
-9.9251e-04
-1.1076e-03
-1.1907e-03
-1.1846e-03
-1.1426e-03
-1.1224e-03
-1.1308e-03
-1.1446e-03
-1.1479e-03
-1.1430e-03
-1.1386e-03
-1.1383e-03
-1.1341e-03
-5.8988e-04
6.1448e-04
1.0624e-03
4.5183e-04
-5.0838e-04
-7.1469e-04
-3.1901e-04
-2.3860e-05
-7.8286e-05
-9.3087e-05
3.9414e-04
7.6776e-04
5.6813e-04
-1.6608e-04
-5.7663e-04
-4.0113e-04
-4.2300e-05
5.4295e-04
8.4843e-04
6.9051e-04
4.7482e-04
4.6717e-04
5.8808e-04
6.6734e-04
7.0711e-04
1.0668e-03
1.0986e-03
6.6030e-04
7.6365e-04
1.0929e-03
8.2185e-04
4.8889e-04
8.0708e-05
-6.8118e-04
-1.2782e-03
-1.2646e-03
-1.0069e-03
-1.2147e-03
-1.9781e-03
-2.6109e-03
-3.0298e-03
-3.0246e-03
-2.8404e-03
-2.7904e-03
-2.8883e-03
-2.9839e-03
-2.9962e-03
-2.9594e-03
-2.9335e-03
-2.9365e-03
-2.9500e-03
-2.9558e-03
-2.8845e-03
-2.3964e-03
-1.8701e-03
-1.4366e-03
-1.5421e-03
-1.6401e-03
-1.2844e-03
-1.0290e-03
-1.0574e-03
-1.1706e-03
-1.1990e-03
-1.1512e-03
-1.1071e-03
-1.0953e-03
-1.4018e-03
-1.7305e-03
-1.5886e-03
-2.0490e-03
-2.8960e-03
-2.8939e-03
-2.3027e-03
-2.4489e-03
-2.9025e-03
-3.0549e-03
-2.9265e-03
-2.4468e-03
-1.4530e-03
-1.4386e-03
-1.9851e-03
-1.6666e-03
-9.9975e-04
-8.2414e-04
-1.0363e-03
-1.2334e-03
-1.2002e-03
-1.0400e-03
-5.6139e-04
-6.7639e-05
-6.3854e-06
2.3200e-04
6.6946e-04
7.9546e-04
6.7433e-04
6.0820e-04
9.8432e-04
1.3096e-03
1.6373e-03
2.4617e-03
2.7753e-03
2.8000e-03
3.1677e-03
3.4396e-03
3.4226e-03
3.3239e-03
3.3148e-03
3.5928e-03
4.2036e-03
4.4853e-03
4.3276e-03
4.1344e-03
4.1364e-03
4.2474e-03
4.3142e-03
4.3004e-03
4.2619e-03
4.2475e-03
4.2577e-03
4.3579e-03
4.9513e-03
5.3633e-03
4.8072e-03
4.0273e-03
3.9817e-03
4.7188e-03
5.0236e-03
4.9661e-03
5.0827e-03
5.1727e-03
5.1934e-03
5.1841e-03
5.1657e-03
4.8002e-03
4.2285e-03
4.1098e-03
4.2907e-03
4.4043e-03
4.0917e-03
3.4018e-03
2.8744e-03
2.4810e-03
2.4520e-03
2.4221e-03
1.6889e-03
6.7723e-04
3.8023e-04
6.9308e-04
9.4234e-04
7.9315e-04
6.1213e-05
-4.5399e-04
-3.5825e-04
-2.0102e-04
-6.3261e-04
-7.1565e-04
-8.5584e-04
-1.1320e-03
-1.1978e-03
-1.1046e-03
-1.0123e-03
-1.0008e-03
-1.0474e-03
-1.0800e-03
-1.0736e-03
-1.0527e-03
-1.0434e-03
-1.0478e-03
-1.0544e-03
-1.0559e-03
-1.0536e-03
-1.0519e-03
-1.0721e-03
-1.1212e-03
-1.4017e-03
-1.9752e-03
-1.9706e-03
-1.2329e-03
-7.8566e-04
-9.4576e-04
-1.2357e-03
-1.2929e-03
-1.3414e-03
-1.8100e-03
-2.2324e-03
-2.7554e-03
-3.0544e-03
-2.9617e-03
-2.8086e-03
-2.8155e-03
-2.9123e-03
-3.0155e-03
-3.4383e-03
-3.3637e-03
-3.3521e-03
-3.6744e-03
-3.8461e-03
-3.7328e-03
-3.1859e-03
-2.6804e-03
-2.6977e-03
-2.9436e-03
-3.0353e-03
-2.9431e-03
-2.8377e-03
-2.8198e-03
-2.8398e-03
-2.4926e-03
-1.5401e-03
-7.8551e-04
-8.4313e-04
-1.2043e-03
-1.2700e-03
-3.9817e-04
8.9202e-04
1.1699e-03
9.8445e-04
1.5624e-03
2.5050e-03
2.7866e-03
2.5188e-03
2.3097e-03
2.6513e-03
3.1834e-03
3.1643e-03
3.0202e-03
2.5688e-03
2.5346e-03
3.0385e-03
2.9368e-03
2.4929e-03
2.3373e-03
2.2946e-03
1.8523e-03
1.5127e-03
1.3750e-03
9.2241e-04
5.9429e-04
6.3996e-04
7.8657e-04
8.0632e-04
6.4403e-04
3.3324e-05
-4.8349e-04
-9.4207e-04
-1.1418e-03
-1.0301e-03
-9.1517e-04
-9.5050e-04
-1.1233e-03
-1.6919e-03
-2.1810e-03
-2.1473e-03
-1.9296e-03
-2.2500e-03
-2.4824e-03
-2.5874e-03
-2.8467e-03
-2.9439e-03
-2.9230e-03
-3.3116e-03
-3.8309e-03
-3.9139e-03
-3.7223e-03
-3.6143e-03
-3.6723e-03
-3.7669e-03
-3.7757e-03
-3.3913e-03
-2.7960e-03
-2.6647e-03
-2.8647e-03
-2.7035e-03
-2.3505e-03
-2.6450e-03
-2.7470e-03
-1.8852e-03
-8.5010e-04
-4.2925e-04
1.8864e-05
6.0266e-04
7.7596e-04
9.0877e-04
1.1728e-03
1.0927e-03
1.3780e-03
1.7149e-03
1.7442e-03
1.7841e-03
2.2914e-03
2.6682e-03
2.6113e-03
2.4262e-03
2.2150e-03
1.7313e-03
1.4710e-03
1.5884e-03
1.7535e-03
1.9255e-03
2.3969e-03
2.6674e-03
2.3896e-03
1.6559e-03
1.1323e-03
7.2974e-04
6.2978e-04
7.6475e-04
8.4051e-04
7.7359e-04
6.7720e-04
6.4707e-04
6.7341e-04
7.8330e-04
1.2535e-03
1.2181e-03
1.3037e-03
1.6139e-03
1.7184e-03
1.6344e-03
1.5641e-03
1.5836e-03
1.6354e-03
1.6568e-03
1.5563e-03
1.0361e-03
1.0650e-03
1.0159e-03
7.2387e-04
6.1047e-04
6.3132e-04
2.4322e-04
-3.0797e-04
-4.2888e-04
-2.9078e-04
-6.1925e-04
-1.1719e-03
-1.3063e-03
-1.1287e-03
-1.0046e-03
-1.0473e-03
-1.1413e-03
-1.1761e-03
-1.1518e-03
-1.1224e-03
-1.1179e-03
-1.1255e-03
-1.0991e-03
-1.0598e-03
-1.0530e-03
-1.0677e-03
-1.0763e-03
-1.0723e-03
-1.0653e-03
-1.0440e-03
-7.0946e-04
-4.8173e-04
-5.6385e-04
-3.4856e-04
-4.9037e-04
-7.1658e-04
-3.4182e-04
3.2947e-04
8.7070e-04
8.4496e-04
5.8469e-04
4.9799e-04
6.2719e-04
1.1258e-03
1.7527e-03
1.8476e-03
1.5963e-03
1.4504e-03
1.5208e-03
1.6402e-03
1.3932e-03
4.6364e-04
-1.2694e-04
4.5949e-04
1.0775e-03
1.0536e-03
7.3042e-04
5.7611e-04
6.5475e-04
7.7464e-04
7.8411e-04
6.9860e-04
6.4516e-04
6.5756e-04
6.8693e-04
6.9149e-04
4.1771e-04
-1.8185e-04
-4.1130e-04
-2.3559e-04
-6.1513e-05
-8.1758e-05
-1.9508e-04
-5.1184e-04
-8.1701e-04
-1.9985e-04
7.7750e-04
8.7692e-04
-2.0177e-04
-1.2050e-03
-7.9965e-04
-1.4250e-04
-3.5979e-04
-6.1614e-04
-9.8995e-04
-1.2194e-03
-1.1449e-03
-1.0042e-03
-9.8401e-04
-1.0551e-03
-1.2810e-03
-1.8488e-03
-2.1694e-03
-2.0725e-03
-2.0464e-03
-2.4443e-03
-2.5053e-03
-2.7003e-03
-2.9376e-03
-2.9587e-03
-2.8693e-03
-2.8341e-03
-3.0432e-03
-3.6562e-03
-3.9977e-03
-3.8651e-03
-3.5112e-03
-3.0425e-03
-3.3524e-03
-3.8439e-03
-3.4056e-03
-2.7444e-03
-2.6455e-03
-2.8122e-03
-2.4651e-03
-2.4416e-03
-2.1919e-03
-1.3967e-03
-1.3822e-03
-1.4316e-03
-1.1917e-03
-1.0456e-03
-1.0688e-03
-1.1251e-03
-1.0454e-03
-4.6306e-04
-4.6204e-06
-6.9405e-05
-2.2266e-04
2.6449e-04
8.0189e-04
8.3425e-04
6.1780e-04
5.2086e-04
5.9318e-04
6.8751e-04
7.0723e-04
6.7381e-04
6.4614e-04
3.4857e-04
3.0018e-04
-2.1822e-04
-6.8696e-04
-7.0436e-04
-9.3002e-04
-1.3584e-03
-1.4820e-03
-1.3606e-03
-1.2717e-03
-1.4102e-03
-2.3647e-03
-2.9968e-03
-2.9378e-03
-2.4356e-03
-1.5007e-03
-9.9691e-04
-1.2143e-03
-1.5483e-03
-1.5723e-03
-1.3891e-03
-1.2592e-03
-1.2667e-03
-1.3274e-03
-1.2993e-03
-7.9644e-04
-2.3389e-04
-1.3927e-04
7.7816e-05
4.6844e-04
5.7943e-04
4.4683e-04
3.7377e-04
4.4844e-04
6.3475e-04
1.5499e-03
2.5475e-03
2.5760e-03
1.6764e-03
8.9443e-04
5.5462e-04
4.8285e-04
6.0173e-04
6.7011e-04
6.0543e-04
5.0849e-04
4.7385e-04
4.9726e-04
5.2616e-04
5.3153e-04
5.2157e-04
5.1422e-04
5.1535e-04
5.1980e-04
5.1820e-04
4.8356e-04
4.4477e-04
4.4225e-04
4.5902e-04
4.6697e-04
4.6161e-04
4.5419e-04
4.5250e-04
4.5506e-04
4.5726e-04
4.5724e-04
4.5998e-04
4.4418e-04
4.0387e-05
-4.7423e-04
-5.5781e-04
-3.5951e-04
-2.4213e-04
-2.9660e-04
-3.9255e-04
-4.2145e-04
-3.9097e-04
-3.5875e-04
-3.5324e-04
-3.6303e-04
-3.6858e-04
-3.6478e-04
-3.0979e-04
1.2477e-04
6.0150e-04
6.3168e-04
4.2837e-04
3.3612e-04
4.0603e-04
5.4961e-04
9.7803e-04
9.9424e-04
5.3832e-04
6.6462e-04
8.8593e-04
1.0012e-03
8.8618e-04
8.7838e-04
7.9708e-04
4.6145e-04
3.3124e-04
4.3048e-04
5.2784e-04
4.6893e-04
-5.8614e-05
-9.2387e-04
-1.0321e-03
-7.9607e-04
-9.2997e-04
-1.1361e-03
-1.2375e-03
-1.6308e-03
-2.0317e-03
-1.6214e-03
-9.3621e-04
-8.1016e-04
-1.0783e-03
-1.2089e-03
-7.4151e-04
-1.5865e-04
-7.8131e-05
-2.5432e-04
-1.7519e-05
1.3314e-04
2.2287e-04
4.8179e-04
5.8366e-04
5.1916e-04
4.8748e-04
5.9963e-04
1.1252e-03
1.5135e-03
1.5174e-03
1.8256e-03
2.2532e-03
2.8268e-03
3.5443e-03
3.8027e-03
3.5897e-03
3.3882e-03
3.4142e-03
3.6801e-03
4.2142e-03
4.6071e-03
4.9603e-03
5.0549e-03
4.9123e-03
4.7985e-03
4.8103e-03
4.8592e-03
4.8531e-03
4.5560e-03
3.7384e-03
2.9999e-03
2.9474e-03
3.2292e-03
3.3283e-03
3.1806e-03
2.7915e-03
2.2304e-03
2.0310e-03
2.1762e-03
2.0894e-03
1.5582e-03
1.2521e-03
1.3278e-03
1.4547e-03
1.1637e-03
6.0738e-04
4.3487e-04
5.7834e-04
3.9789e-04
-1.3162e-04
-3.4224e-04
-2.1234e-04
-7.8870e-05
-1.3902e-04
-5.9010e-04
-1.0353e-03
-1.0469e-03
-8.4941e-04
-7.6468e-04
-8.7210e-04
-1.2727e-03
-1.3267e-03
-9.2978e-04
-7.1318e-04
-8.0084e-04
-9.1402e-04
-9.7855e-04
-1.3733e-03
-1.6961e-03
-1.6456e-03
-1.4739e-03
-1.4277e-03
-1.4964e-03
-1.5573e-03
-1.5546e-03
-1.5190e-03
-1.4959e-03
-1.6312e-03
-2.0884e-03
-2.3451e-03
-2.2351e-03
-2.0616e-03
-2.0345e-03
-2.2286e-03
-2.5609e-03
-2.3658e-03
-1.9952e-03
-2.0337e-03
-2.5635e-03
-2.8797e-03
-2.7547e-03
-2.5467e-03
-2.5182e-03
-2.3993e-03
-2.1787e-03
-2.3917e-03
-2.6288e-03
-2.6055e-03
-2.6401e-03
-2.9694e-03
-3.3295e-03
-3.6650e-03
-3.6916e-03
-3.5255e-03
-3.4371e-03
-3.7098e-03
-4.3863e-03
-4.8705e-03
-4.9783e-03
-4.8172e-03
-4.6551e-03
-5.0940e-03
-5.3783e-03
-5.0712e-03
-5.0219e-03
-5.3002e-03
-5.4369e-03
-5.6144e-03
-5.7601e-03
-5.3929e-03
-4.8808e-03
-4.7581e-03
-4.8450e-03
-4.6131e-03
-4.5033e-03
-4.2814e-03
-4.0002e-03
-3.8594e-03
-3.5423e-03
-3.2638e-03
-3.2487e-03
-3.2595e-03
-2.9197e-03
-2.8197e-03
-2.6762e-03
-2.3676e-03
-2.0534e-03
-2.1026e-03
-2.0167e-03
-1.8058e-03
-1.7008e-03
-1.6979e-03
-1.6943e-03
-1.5415e-03
-1.2546e-03
-1.2081e-03
-1.0556e-03
-9.1462e-04
-8.8624e-04
-8.9576e-04
-8.7053e-04
-8.1281e-04
-6.1422e-04
-2.5566e-04
-1.0977e-04
-1.5419e-05
2.4344e-04
3.7296e-04
3.4267e-04
3.1604e-04
5.5099e-04
9.3380e-04
1.0385e-03
9.2404e-04
8.5570e-04
1.0788e-03
1.2019e-03
1.0432e-03
1.1425e-03
1.4355e-03
1.5606e-03
1.7071e-03
1.8832e-03
1.9065e-03
1.8696e-03
2.0830e-03
2.3712e-03
2.4102e-03
2.3315e-03
2.5248e-03
2.7505e-03
2.7918e-03
2.9434e-03
3.0859e-03
3.0606e-03
3.0103e-03
3.2418e-03
3.4599e-03
3.4227e-03
3.2780e-03
3.1194e-03
2.9329e-03
3.0617e-03
3.3272e-03
3.5611e-03
3.5715e-03
3.4381e-03
3.3386e-03
3.2022e-03
2.9419e-03
2.8200e-03
2.8501e-03
2.8752e-03
2.8245e-03
2.6295e-03
2.3179e-03
2.0943e-03
1.9241e-03
1.8894e-03
1.9213e-03
1.8143e-03
1.4326e-03
1.0648e-03
1.0279e-03
1.1747e-03
1.2532e-03
1.2021e-03
1.0287e-03
6.9678e-04
4.2195e-04
4.2904e-04
5.6370e-04
6.1836e-04
5.7454e-04
4.3408e-04
3.2070e-04
4.7882e-04
6.4138e-04
6.4716e-04
5.8210e-04
5.5689e-04
5.8433e-04
6.1941e-04
6.3219e-04
5.5002e-04
4.5081e-04
4.9271e-04
4.5189e-04
3.9946e-04
4.0750e-04
4.4430e-04
4.6694e-04
4.7112e-04
4.7398e-04
4.8482e-04
4.3754e-04
3.1292e-04
2.7713e-04
3.3659e-04
3.9477e-04
4.0792e-04
4.0086e-04
4.0603e-04
4.2788e-04
4.5311e-04
4.7230e-04
4.8641e-04
5.0030e-04
5.1609e-04
5.3271e-04
5.4862e-04
5.6348e-04
5.7782e-04
5.9256e-04
6.5246e-04
7.1858e-04
7.0737e-04
7.5335e-04
8.0460e-04
8.1524e-04
8.4751e-04
9.3742e-04
9.7968e-04
9.6073e-04
9.3722e-04
9.4223e-04
9.9963e-04
1.0890e-03
1.1113e-03
1.1100e-03
1.1548e-03
1.1794e-03
1.1635e-03
1.1395e-03
1.1295e-03
1.1600e-03
1.2249e-03
1.2364e-03
1.1682e-03
1.0689e-03
1.0922e-03
1.2338e-03
1.2882e-03
1.2579e-03
1.2169e-03
1.1583e-03
1.1287e-03
1.1289e-03
1.1269e-03
1.1084e-03
1.0828e-03
1.0615e-03
1.0461e-03
1.0322e-03
1.0163e-03
9.7982e-04
9.2268e-04
8.9632e-04
8.9702e-04
8.7792e-04
8.4186e-04
8.2965e-04
8.1980e-04
8.3102e-04
8.3235e-04
8.0004e-04
7.4774e-04
7.1198e-04
7.0040e-04
7.0793e-04
6.9890e-04
6.9003e-04
6.6471e-04
6.4834e-04
6.6273e-04
6.7239e-04
6.5986e-04
6.3988e-04
6.2655e-04
6.1970e-04
6.1288e-04
6.0295e-04
5.9131e-04
5.8012e-04
5.6994e-04
5.6009e-04
5.4995e-04
5.3951e-04
5.2904e-04
5.1868e-04
5.0840e-04
4.9640e-04
4.7675e-04
4.6921e-04
4.6881e-04
4.6138e-04
4.4642e-04
4.2571e-04
4.1665e-04
4.0891e-04
4.0379e-04
3.9801e-04
3.8713e-04
3.7443e-04
3.6335e-04
3.5388e-04
3.4441e-04
3.3416e-04
3.2349e-04
3.1293e-04
3.0262e-04
2.9287e-04
2.8620e-04
2.7599e-04
2.6137e-04
2.4902e-04
2.3979e-04
2.3109e-04
2.2085e-04
2.0728e-04
1.9356e-04
1.8101e-04
1.7006e-04
1.6084e-04
1.4986e-04
1.3810e-04
1.2832e-04
1.1962e-04
1.0938e-04
9.9683e-05
9.0265e-05
8.0199e-05
7.0691e-05
6.1736e-05
5.2727e-05
4.3421e-05
3.3981e-05
2.4579e-05
1.5232e-05
5.8668e-06
-3.5265e-06
-1.2432e-05
-2.1104e-05
-3.0060e-05
-3.9304e-05
-4.9155e-05
-5.9201e-05
-6.9041e-05
-7.8374e-05
-8.7591e-05
-9.7410e-05
-1.0757e-04
-1.1739e-04
-1.2687e-04
-1.3661e-04
-1.4666e-04
-1.5671e-04
-1.6661e-04
-1.7641e-04
-1.8611e-04
-1.9582e-04
-2.0572e-04
-2.1556e-04
-2.2536e-04
-2.3500e-04
-2.4465e-04
-2.5444e-04
-2.6429e-04
-2.7402e-04
-2.8361e-04
-2.9311e-04
-3.0268e-04
-3.1227e-04
-3.2180e-04
-3.3123e-04
-3.4065e-04
-3.5004e-04
-3.5939e-04
-3.6874e-04
-3.7804e-04
-3.8732e-04
-3.9657e-04
-4.0580e-04
-4.1499e-04
-4.2415e-04
-4.3330e-04
-4.4241e-04
-4.5149e-04
-4.6053e-04
-4.6954e-04
-4.7852e-04
-4.8746e-04
-4.9637e-04
-5.0524e-04
-5.1408e-04
-5.2288e-04
-5.3165e-04
-5.4038e-04
-5.4907e-04
-5.5772e-04
-5.6634e-04
-5.7492e-04
-5.8346e-04
-5.9197e-04
-6.0043e-04
-6.0885e-04
-6.1724e-04
-6.2558e-04
-6.3388e-04
-6.4215e-04
-6.5037e-04
-6.5855e-04
-6.6669e-04
-6.7478e-04
-6.8283e-04
-6.9084e-04
-6.9881e-04
-7.0674e-04
-7.1462e-04
-7.2245e-04
-7.3024e-04
-7.3799e-04
-7.4569e-04
-7.5335e-04
-7.6096e-04
-7.6852e-04
