1.0686e-04
1.0677e-04
1.0667e-04
1.0655e-04
1.0640e-04
1.0624e-04
1.0605e-04
1.0583e-04
1.0559e-04
1.0531e-04
1.0505e-04
1.0480e-04
1.0455e-04
1.0407e-04
1.0341e-04
1.0289e-04
1.0344e-04
1.0432e-04
1.0211e-04
9.0718e-05
7.5919e-05
7.0935e-05
7.0408e-05
8.5500e-05
9.8484e-05
1.0057e-04
9.8433e-05
9.6495e-05
9.5867e-05
9.5562e-05
9.5019e-05
9.4235e-05
9.3404e-05
9.2660e-05
9.1842e-05
9.1001e-05
9.0054e-05
8.9414e-05
8.8894e-05
8.8208e-05
8.6120e-05
8.3553e-05
8.3292e-05
8.9340e-05
9.4005e-05
7.5877e-05
1.2698e-05
-3.9696e-05
1.1419e-05
7.2617e-05
8.6934e-05
7.7730e-05
7.0660e-05
7.8770e-05
8.7460e-05
6.3021e-05
-2.7072e-05
-1.0252e-04
-2.9953e-05
5.7609e-05
8.0667e-05
7.1081e-05
6.0222e-05
5.8799e-05
6.0236e-05
5.8123e-05
5.2813e-05
5.2518e-05
6.5966e-05
7.7305e-05
3.8684e-05
-9.7989e-05
-2.1236e-04
-1.0087e-04
3.3015e-05
6.9009e-05
5.4948e-05
3.8441e-05
3.5187e-05
3.7614e-05
3.8746e-05
3.7444e-05
3.4322e-05
3.1123e-05
2.8696e-05
3.1606e-05
3.6623e-05
3.4046e-05
6.7267e-06
-1.9072e-05
3.4396e-05
2.5731e-04
4.5010e-04
2.4204e-04
-1.6243e-04
-4.6372e-04
-4.9004e-04
-4.3853e-04
-1.9070e-04
6.8887e-06
3.9084e-05
1.4869e-05
-4.7737e-06
-4.4438e-06
-7.7220e-07
4.9896e-07
-2.0385e-06
-5.3917e-06
-9.1013e-06
-1.1195e-05
-7.6192e-06
-1.5000e-06
-5.7334e-06
-3.8836e-05
-6.7242e-05
7.8189e-06
2.9702e-04
5.4853e-04
3.3290e-04
6.1446e-05
-1.0981e-04
-4.0243e-04
-6.3721e-04
-3.7092e-04
-5.7542e-05
3.0291e-05
-4.8369e-06
-7.2557e-05
-9.9586e-05
-5.3542e-07
3.1319e-04
5.6950e-04
3.7270e-04
3.7843e-04
5.7978e-04
3.1758e-04
5.1192e-06
-9.4810e-05
-1.1340e-04
-1.1558e-04
-1.3128e-05
3.5310e-04
6.7235e-04
3.9447e-04
4.5612e-05
-1.7170e-04
-5.3958e-04
-8.3279e-04
-4.9541e-04
-1.0544e-04
-3.3984e-06
-4.0649e-05
-8.4655e-05
-8.9289e-05
-8.0420e-05
-7.4772e-05
-7.7446e-05
-8.0815e-05
-8.3090e-05
-8.3826e-05
-8.5312e-05
-8.6993e-05
-8.7156e-05
-8.5484e-05
-8.5520e-05
-9.5085e-05
-1.0897e-04
-1.0480e-04
-5.4116e-05
-1.2274e-05
-1.4135e-04
-6.0698e-04
-9.9530e-04
-6.0914e-04
-1.4563e-04
-1.8612e-05
-6.2620e-05
-1.1559e-04
-1.2213e-04
-1.1006e-04
-1.0180e-04
-1.0334e-04
-1.0915e-04
-1.1485e-04
-1.1522e-04
-1.0387e-04
-9.0579e-05
-1.0473e-04
-1.7143e-04
-2.1071e-04
-2.9190e-05
4.9670e-04
7.7643e-04
-7.6550e-05
-9.3934e-04
-7.9834e-04
-7.5270e-04
-9.7516e-04
-6.1026e-04
-1.9514e-04
-6.7731e-05
-4.3225e-05
-4.1080e-05
-1.8508e-04
-6.7760e-04
-1.0890e-03
-6.7231e-04
-1.7311e-04
-3.6431e-05
-8.2706e-05
-1.3941e-04
-1.4594e-04
-1.3149e-04
-1.1953e-04
-1.2005e-04
-1.3257e-04
-1.4821e-04
-1.4204e-04
-8.5866e-05
-3.9574e-05
-1.7856e-04
-6.8102e-04
-1.0999e-03
-6.8179e-04
-1.8018e-04
-4.2261e-05
-8.9106e-05
-1.4551e-04
-1.5165e-04
-1.3832e-04
-1.2965e-04
-1.3135e-04
-1.3480e-04
-1.3637e-04
-1.3628e-04
-1.3664e-04
-1.3763e-04
-1.3677e-04
-1.3422e-04
-1.3325e-04
-1.4282e-04
-1.5686e-04
-1.5162e-04
-9.5917e-05
-5.0003e-05
-1.8860e-04
-6.9112e-04
-1.1099e-03
-6.9196e-04
-1.9027e-04
-5.2475e-05
-9.9216e-05
-1.5573e-04
-1.6181e-04
-1.4859e-04
-1.3988e-04
-1.4164e-04
-1.4506e-04
-1.4671e-04
-1.4657e-04
-1.4700e-04
-1.4796e-04
-1.4716e-04
-1.4459e-04
-1.4366e-04
-1.5321e-04
-1.6729e-04
-1.6203e-04
-1.0638e-04
-6.0449e-05
-1.9909e-04
-7.0161e-04
-1.1204e-03
-7.0248e-04
-2.0080e-04
-6.2947e-05
-1.0971e-04
-1.6633e-04
-1.7268e-04
-1.5934e-04
-1.4996e-04
-1.5093e-04
-1.5552e-04
-1.6061e-04
-1.6236e-04
-1.5434e-04
-1.3990e-04
-1.4197e-04
-1.9453e-04
-2.4978e-04
-1.3344e-04
3.6266e-04
8.4318e-04
5.1894e-04
-8.6013e-05
-8.5827e-04
-1.6856e-03
-1.5968e-03
-8.0276e-04
-6.2403e-04
-9.1680e-04
-7.3971e-04
-7.8985e-04
-1.0475e-03
-6.5852e-04
-2.6063e-04
-1.8013e-04
-8.3926e-05
3.6613e-04
7.8593e-04
4.0083e-04
-8.6923e-05
-2.8670e-04
-3.4286e-04
-1.9503e-04
4.4179e-04
1.3352e-03
1.3313e-03
4.6775e-04
-1.2374e-04
-3.5268e-04
-7.5355e-04
-1.1111e-03
-7.0147e-04
-2.2234e-04
-9.2250e-05
-1.3441e-04
-1.8659e-04
-1.9240e-04
-1.8065e-04
-1.7177e-04
-1.7171e-04
-1.7547e-04
-1.8249e-04
-1.8859e-04
-1.8032e-04
-1.5312e-04
-1.3874e-04
-2.0737e-04
-3.3569e-04
-2.6384e-04
4.3478e-04
1.4811e-03
1.4419e-03
-1.3937e-04
-1.9053e-03
-2.3598e-03
-1.1858e-03
4.2867e-04
4.5976e-04
-6.1679e-04
-1.4112e-03
-8.4454e-04
4.9203e-04
1.5416e-03
8.5309e-04
-1.2315e-03
-2.2890e-03
-1.4528e-03
1.8505e-04
9.7839e-04
1.4818e-03
1.7586e-03
1.7484e-03
1.6874e-03
1.7916e-03
2.2755e-03
2.7368e-03
2.4348e-03
1.9200e-03
1.2029e-03
1.2778e-04
-4.3773e-04
1.3414e-04
1.8445e-03
3.4528e-03
3.5232e-03
2.0022e-03
1.4201e-04
-1.1000e-03
-1.3518e-03
-1.0787e-04
1.3866e-03
1.4466e-03
2.7986e-04
-4.9183e-04
1.0412e-04
1.9477e-03
3.4777e-03
2.9369e-03
7.8003e-04
-5.3923e-04
-5.9112e-05
1.7926e-03
3.5541e-03
3.8732e-03
2.6706e-03
1.2868e-03
1.6980e-03
2.6190e-03
2.0674e-03
5.8645e-04
-9.3268e-04
-2.5119e-03
-3.1931e-03
-2.1433e-03
-8.0223e-04
-7.3127e-04
-1.1200e-03
-2.0004e-04
1.3341e-03
1.6152e-03
9.2090e-05
-2.3261e-03
-4.2160e-03
-4.1094e-03
-1.3430e-03
2.7990e-03
5.5368e-03
6.1486e-03
5.7049e-03
4.9681e-03
4.5983e-03
5.2222e-03
5.7970e-03
5.3360e-03
3.7535e-03
2.1351e-03
1.4823e-03
1.6043e-03
1.9802e-03
2.0543e-03
8.9869e-04
-1.7654e-03
-4.2958e-03
-5.2610e-03
-4.7477e-03
-4.6111e-03
-5.4475e-03
-6.1427e-03
-6.2437e-03
-5.7453e-03
-4.8095e-03
-3.7036e-03
-2.0086e-03
-7.8365e-05
8.7271e-04
3.7423e-04
-2.4183e-04
-2.3272e-04
1.6715e-05
-4.8442e-04
-2.6057e-03
-5.3975e-03
-6.6826e-03
-5.4860e-03
-2.0991e-03
1.1292e-03
1.8081e-03
7.6228e-05
-2.4247e-03
-4.0851e-03
-3.8544e-03
-2.1399e-03
-8.8835e-04
-1.6434e-03
-3.9664e-03
-6.9862e-03
-9.4369e-03
-9.3059e-03
-6.8349e-03
-4.2808e-03
-2.3265e-03
1.5108e-04
4.2563e-03
8.8875e-03
1.1206e-02
1.0222e-02
7.1380e-03
3.6298e-03
1.7841e-03
2.6936e-03
4.8771e-03
4.9430e-03
2.0742e-03
-1.1957e-03
-3.0040e-03
-3.9269e-03
-4.3665e-03
-4.1122e-03
-2.4789e-03
9.3410e-04
4.8400e-03
5.8773e-03
2.5863e-03
-3.0347e-03
-6.4399e-03
-5.3764e-03
-8.9650e-04
3.5248e-03
5.6800e-03
5.8630e-03
5.4958e-03
5.6132e-03
6.3657e-03
6.7495e-03
5.1767e-03
2.6554e-03
1.5314e-03
2.0596e-03
3.0561e-03
3.3916e-03
3.9616e-03
6.5754e-03
1.0734e-02
1.3161e-02
1.1889e-02
7.4565e-03
1.5170e-03
-3.6158e-03
-6.2172e-03
-6.5912e-03
-5.7117e-03
-4.0503e-03
-2.5579e-03
-2.2740e-03
-3.4333e-03
-6.1606e-03
-1.1177e-02
-1.7418e-02
-2.1000e-02
-1.9604e-02
-1.4931e-02
-1.0029e-02
-5.7190e-03
-1.7113e-03
1.2030e-03
1.3253e-03
-1.3268e-03
-4.9346e-03
-7.5868e-03
-6.7844e-03
-1.3432e-03
7.8585e-03
1.6457e-02
1.9680e-02
1.6691e-02
1.0114e-02
4.5473e-03
2.2421e-03
2.2789e-03
4.1931e-03
6.6634e-03
8.1341e-03
9.0181e-03
1.0048e-02
1.1514e-02
1.1843e-02
8.4528e-03
2.7526e-04
-9.8867e-03
-1.8126e-02
-2.1575e-02
-1.9173e-02
-1.2835e-02
-6.3159e-03
-1.4810e-03
1.3982e-03
1.7972e-03
-2.1058e-05
-2.8247e-03
-4.3757e-03
-1.3502e-03
7.4241e-03
1.8087e-02
2.4131e-02
2.0638e-02
9.7091e-03
-1.0428e-03
-5.4764e-03
-4.2003e-03
-1.6390e-03
4.3692e-04
1.2091e-03
-3.3788e-04
-3.5929e-03
-7.0571e-03
-9.2558e-03
-8.2613e-03
-4.1122e-03
1.4510e-03
6.0009e-03
7.2946e-03
3.7900e-03
-3.8698e-03
-1.2785e-02
-1.8505e-02
-1.5649e-02
-2.7954e-03
1.2754e-02
2.1847e-02
1.9833e-02
8.2510e-03
-5.1997e-03
-1.3918e-02
-1.6813e-02
-1.5748e-02
-1.1902e-02
-6.0921e-03
3.2723e-04
5.0413e-03
5.2247e-03
5.9311e-04
-6.6368e-03
-1.3904e-02
-1.8099e-02
-1.6683e-02
-9.5189e-03
5.6656e-04
1.1202e-02
1.9769e-02
2.4210e-02
2.4014e-02
2.1071e-02
1.7172e-02
1.3715e-02
1.1664e-02
1.0680e-02
1.0057e-02
9.8654e-03
9.0542e-03
5.7548e-03
-6.4406e-04
-9.2908e-03
-1.8203e-02
-2.5787e-02
-3.0079e-02
-2.9120e-02
-2.2414e-02
-1.3486e-02
-8.2475e-03
-8.0319e-03
-9.7017e-03
-9.4473e-03
-6.3169e-03
-2.6916e-03
-7.3813e-04
4.5097e-04
3.6703e-03
9.7739e-03
1.6856e-02
2.1726e-02
2.2498e-02
1.9460e-02
1.5603e-02
1.3708e-02
1.3724e-02
1.2959e-02
8.7554e-03
2.2556e-03
-2.0913e-03
-1.4201e-03
2.8371e-03
5.9463e-03
4.7712e-03
-2.8304e-04
-5.0523e-03
-6.0584e-03
-4.6624e-03
-4.6035e-03
-7.6557e-03
-1.2535e-02
-1.6755e-02
-1.8343e-02
-1.8229e-02
-1.7803e-02
-1.7237e-02
-1.6258e-02
-1.4742e-02
-1.1274e-02
-3.9220e-03
6.0652e-03
1.4399e-02
1.7180e-02
1.5200e-02
1.2758e-02
1.3400e-02
1.6042e-02
1.8083e-02
1.8953e-02
1.8423e-02
1.6174e-02
1.1504e-02
6.0101e-03
1.9040e-03
-7.0064e-04
-3.3011e-03
-7.4220e-03
-1.3683e-02
-1.9392e-02
-2.1820e-02
-2.1229e-02
-2.0375e-02
-2.2482e-02
-2.7044e-02
-2.9767e-02
-2.6955e-02
-1.8066e-02
-6.5392e-03
3.4155e-03
9.9495e-03
1.3541e-02
1.5092e-02
1.5414e-02
1.5458e-02
1.5588e-02
1.5214e-02
1.3274e-02
9.6441e-03
5.3955e-03
1.9063e-03
1.1898e-04
-4.3874e-04
-1.1293e-03
-1.7130e-03
1.8232e-04
5.3505e-03
1.1526e-02
1.5211e-02
1.3457e-02
5.6161e-03
-6.4686e-03
-1.9101e-02
-2.8437e-02
-3.2732e-02
-3.1845e-02
-2.7992e-02
-2.3566e-02
-1.9545e-02
-1.6287e-02
-1.3648e-02
-1.0539e-02
-5.7559e-03
1.5184e-03
1.0116e-02
1.7032e-02
1.8559e-02
1.3797e-02
5.8015e-03
-1.5106e-03
-5.9094e-03
-6.7040e-03
-2.5292e-03
5.5055e-03
1.5218e-02
2.4925e-02
3.3723e-02
4.1029e-02
4.5413e-02
4.6899e-02
4.9068e-02
5.5048e-02
6.3979e-02
7.1531e-02
7.4175e-02
7.1883e-02
6.7027e-02
6.1946e-02
5.6624e-02
5.0007e-02
4.1529e-02
3.1936e-02
2.2175e-02
1.3337e-02
4.1728e-03
-7.9927e-03
-2.4259e-02
-4.1557e-02
-5.7339e-02
-7.0083e-02
-7.9206e-02
-8.5784e-02
-9.0851e-02
-9.5556e-02
-1.0005e-01
-1.0390e-01
-1.0516e-01
-9.9710e-02
-8.2244e-02
-5.2659e-02
-1.8395e-02
1.3822e-02
4.0985e-02
6.2208e-02
7.7692e-02
8.8116e-02
9.3778e-02
9.3673e-02
8.6746e-02
7.4323e-02
6.1006e-02
5.0490e-02
4.2380e-02
3.3836e-02
2.1964e-02
5.5992e-03
-1.1723e-02
-2.4915e-02
-3.2054e-02
-3.5459e-02
-3.8137e-02
-4.0886e-02
-4.1428e-02
-3.7252e-02
-2.7567e-02
-1.4161e-02
-3.3870e-04
1.1212e-02
1.9504e-02
2.4707e-02
2.6623e-02
2.3578e-02
1.2325e-02
-7.0270e-03
-3.1353e-02
-5.4783e-02
-7.2261e-02
-8.2446e-02
-8.6943e-02
-8.6624e-02
-7.8663e-02
-5.8265e-02
-2.3393e-02
2.1180e-02
6.5594e-02
1.0078e-01
1.2366e-01
1.3695e-01
1.4376e-01
1.4491e-01
1.3886e-01
1.2109e-01
8.6689e-02
3.5291e-02
-2.5978e-02
-8.6064e-02
-1.3463e-01
-1.6659e-01
-1.8345e-01
-1.8917e-01
-1.8640e-01
-1.7799e-01
-1.6668e-01
-1.5482e-01
-1.4340e-01
-1.3129e-01
-1.1589e-01
-9.5103e-02
-6.9290e-02
-4.1712e-02
-1.4190e-02
1.4997e-02
4.9405e-02
9.0784e-02
1.3489e-01
1.7381e-01
2.0331e-01
2.2257e-01
2.3119e-01
2.2737e-01
2.0726e-01
1.6926e-01
1.2034e-01
7.2212e-02
3.2950e-02
4.8932e-03
-1.3689e-02
-2.6096e-02
-3.6618e-02
-4.9627e-02
-6.9199e-02
-9.5896e-02
-1.2600e-01
-1.5414e-01
-1.7585e-01
-1.9091e-01
-2.0184e-01
-2.0882e-01
-2.0904e-01
-1.9785e-01
-1.6935e-01
-1.2232e-01
-6.4792e-02
-8.9651e-03
3.9310e-02
8.1252e-02
1.1804e-01
1.4651e-01
1.6178e-01
1.5931e-01
1.3697e-01
9.7054e-02
4.9705e-02
7.9552e-03
-2.0638e-02
-3.5148e-02
-3.8056e-02
-3.3039e-02
-2.2298e-02
-6.6497e-03
1.4700e-02
4.1728e-02
7.0434e-02
9.5778e-02
1.1273e-01
1.1799e-01
1.1243e-01
9.9748e-02
8.1190e-02
5.6310e-02
2.6613e-02
-3.9721e-03
-3.0470e-02
-5.0705e-02
-6.6274e-02
-7.8184e-02
-8.7110e-02
-9.2635e-02
-9.1517e-02
-8.0562e-02
-6.0874e-02
-3.7721e-02
-1.7934e-02
-6.2354e-03
-2.9802e-03
-3.8179e-03
-1.7909e-03
7.1435e-03
2.1799e-02
3.7795e-02
5.0391e-02
5.8648e-02
6.4041e-02
6.6855e-02
6.4496e-02
5.1796e-02
2.5665e-02
-9.4001e-03
-4.2522e-02
-6.4846e-02
-7.5020e-02
-7.5642e-02
-6.3294e-02
-3.5911e-02
1.3826e-03
4.0298e-02
7.3652e-02
9.8304e-02
1.1425e-01
1.2172e-01
1.2113e-01
1.1149e-01
9.2717e-02
6.8148e-02
4.0218e-02
1.0218e-02
-2.0659e-02
-5.1601e-02
-7.9857e-02
-1.0184e-01
-1.1628e-01
-1.2358e-01
-1.2337e-01
-1.1450e-01
-9.5748e-02
-6.6514e-02
-2.9626e-02
8.7542e-03
4.2670e-02
6.9707e-02
9.0622e-02
1.0699e-01
1.1821e-01
1.2332e-01
1.2252e-01
1.1582e-01
1.0290e-01
8.2900e-02
5.7310e-02
3.0407e-02
5.7598e-03
-1.4248e-02
-2.9418e-02
-4.1303e-02
-5.2175e-02
-6.2729e-02
-7.0425e-02
-7.2845e-02
-7.0320e-02
-6.5722e-02
-6.2584e-02
-6.1624e-02
-6.0838e-02
-5.6385e-02
-4.6312e-02
-3.2522e-02
-1.8584e-02
-9.1241e-03
-5.3992e-03
-4.5233e-03
-3.8863e-03
-2.6930e-03
-2.3069e-03
-4.2337e-03
-8.7272e-03
-1.4134e-02
-1.6939e-02
-1.4770e-02
-8.6244e-03
-4.0744e-05
9.7770e-03
1.8736e-02
2.4372e-02
2.6080e-02
2.4861e-02
2.0570e-02
1.3446e-02
5.3464e-03
-1.7088e-03
-6.7580e-03
-1.0581e-02
-1.3399e-02
-1.4557e-02
-1.3867e-02
-1.0878e-02
-5.2069e-03
2.9713e-03
1.1206e-02
1.7067e-02
1.9302e-02
1.7464e-02
1.1297e-02
8.6035e-04
-1.1779e-02
-2.2021e-02
-2.5537e-02
-2.0373e-02
-7.9728e-03
7.8747e-03
2.1796e-02
2.9227e-02
2.9770e-02
2.4634e-02
1.4824e-02
3.1315e-03
-5.4832e-03
-6.6327e-03
-4.1876e-05
1.0961e-02
2.1123e-02
2.6632e-02
2.7026e-02
2.5183e-02
2.4749e-02
2.7526e-02
3.2368e-02
3.5225e-02
3.2299e-02
2.2004e-02
7.2139e-03
-6.7608e-03
-1.8059e-02
-2.6561e-02
-3.1843e-02
-3.2185e-02
-2.7170e-02
-1.9745e-02
-1.2212e-02
-6.1303e-03
-2.6347e-03
-2.2314e-03
-4.4645e-03
-8.0593e-03
-1.1099e-02
-1.1279e-02
-6.5689e-03
1.9053e-03
1.0822e-02
1.6772e-02
1.9076e-02
1.9878e-02
2.0898e-02
2.0826e-02
1.6962e-02
7.6758e-03
-6.6386e-03
-2.3734e-02
-3.9552e-02
-4.9771e-02
-5.0962e-02
-4.1559e-02
-2.3677e-02
-2.3951e-03
1.6335e-02
2.9069e-02
3.6649e-02
4.1192e-02
4.2832e-02
3.8335e-02
2.3920e-02
2.6155e-04
-2.6292e-02
-4.8412e-02
-6.1112e-02
-6.4370e-02
-6.0267e-02
-4.9765e-02
-3.4869e-02
-1.8595e-02
-4.9330e-03
4.3226e-03
1.0196e-02
1.4536e-02
1.9960e-02
2.7226e-02
3.6895e-02
4.8397e-02
5.9877e-02
6.9813e-02
7.8118e-02
8.5398e-02
9.1411e-02
9.4818e-02
9.3412e-02
8.4111e-02
6.3215e-02
3.3234e-02
2.6948e-03
-2.0985e-02
-3.5529e-02
-4.1554e-02
-4.1748e-02
-3.9550e-02
-3.7591e-02
-3.7516e-02
-3.9888e-02
-4.4130e-02
-4.8122e-02
-4.9755e-02
-4.9860e-02
-4.9646e-02
-4.8627e-02
-4.5806e-02
-4.1739e-02
-3.7438e-02
-3.3840e-02
-3.1907e-02
-3.1924e-02
-3.3167e-02
-3.4777e-02
-3.6325e-02
-3.6991e-02
-3.7066e-02
-3.5640e-02
-3.2036e-02
-2.6160e-02
-1.7634e-02
-6.5696e-03
5.4986e-03
1.6595e-02
2.5471e-02
3.2194e-02
3.7029e-02
4.0300e-02
4.1234e-02
3.8049e-02
2.8857e-02
1.4410e-02
-1.5263e-03
-1.4189e-02
-2.2016e-02
-2.6502e-02
-2.9644e-02
-3.1756e-02
-3.2051e-02
-2.9579e-02
-2.4149e-02
-1.7530e-02
-1.2780e-02
-1.2906e-02
-1.7631e-02
-2.3529e-02
-2.7929e-02
-3.0518e-02
-3.1545e-02
-3.0142e-02
-2.5499e-02
-1.7759e-02
-9.1704e-03
-2.5577e-03
1.8383e-03
5.4154e-03
9.0768e-03
1.3018e-02
1.7439e-02
2.2611e-02
2.8491e-02
3.5543e-02
4.3954e-02
5.2083e-02
5.8679e-02
6.3382e-02
6.6162e-02
6.8144e-02
7.0055e-02
7.1158e-02
7.0135e-02
6.6522e-02
5.9565e-02
4.8149e-02
3.3104e-02
1.6847e-02
1.7005e-03
-1.0425e-02
-1.8519e-02
-2.1852e-02
-1.9691e-02
-1.2888e-02
-3.9330e-03
4.6118e-03
1.0346e-02
1.2097e-02
9.2769e-03
3.9861e-03
-9.2176e-04
-4.3618e-03
-6.1669e-03
-7.0876e-03
-7.9476e-03
-8.3673e-03
-8.0761e-03
-7.2776e-03
-6.1181e-03
-3.7877e-03
-7.0708e-04
7.4717e-04
-7.6837e-04
-3.7540e-03
-5.9171e-03
-7.4646e-03
-1.0158e-02
-1.4003e-02
-1.8153e-02
-2.2178e-02
-2.6006e-02
-2.9774e-02
-3.3729e-02
-3.8231e-02
-4.2886e-02
-4.6230e-02
-4.7038e-02
-4.3991e-02
-3.6891e-02
-2.6838e-02
-1.6192e-02
-6.0074e-03
3.6096e-03
1.2104e-02
1.9471e-02
2.7368e-02
3.6203e-02
4.4045e-02
4.8993e-02
4.9760e-02
4.5182e-02
3.5377e-02
2.1657e-02
7.5141e-03
-4.6488e-03
-1.4486e-02
-2.2152e-02
-2.7450e-02
-3.0127e-02
-3.0632e-02
-2.8844e-02
-2.4271e-02
-1.8616e-02
-1.3854e-02
-1.0554e-02
-8.4854e-03
-6.3197e-03
-2.4873e-03
3.3006e-03
9.7300e-03
1.4387e-02
1.5154e-02
1.2769e-02
9.9746e-03
9.1079e-03
9.4315e-03
8.3003e-03
3.8691e-03
-2.5782e-03
-8.5791e-03
-1.1724e-02
-1.0752e-02
-6.5614e-03
-3.3083e-04
7.1286e-03
1.5036e-02
2.2986e-02
3.0569e-02
3.6893e-02
4.0617e-02
4.0025e-02
3.4410e-02
2.5631e-02
1.6418e-02
8.0033e-03
6.7228e-04
-6.2929e-03
-1.2605e-02
-1.7140e-02
-1.9226e-02
-1.9663e-02
-1.8505e-02
-1.5872e-02
-1.2188e-02
-8.6897e-03
-6.7116e-03
-6.1827e-03
-6.1388e-03
-6.5506e-03
-8.7925e-03
-1.3999e-02
-2.1980e-02
-3.1887e-02
-4.2529e-02
-5.1918e-02
-5.7979e-02
-6.1421e-02
-6.2850e-02
-6.1676e-02
-5.6921e-02
-4.7448e-02
-3.3842e-02
-1.8448e-02
-3.8791e-03
8.1943e-03
1.7346e-02
2.5571e-02
3.4215e-02
4.2233e-02
4.8417e-02
5.2361e-02
5.3919e-02
5.2976e-02
4.9380e-02
4.2564e-02
3.3629e-02
2.3789e-02
1.3263e-02
3.5965e-03
-3.8621e-03
-9.6893e-03
-1.5343e-02
-2.0369e-02
-2.4206e-02
-2.5849e-02
-2.3975e-02
-1.8123e-02
-8.9703e-03
2.2956e-03
1.4414e-02
2.5028e-02
3.2645e-02
3.6575e-02
3.6630e-02
3.3052e-02
2.6217e-02
1.6943e-02
7.7453e-03
1.1942e-03
-2.1415e-03
-3.3125e-03
-3.9871e-03
-4.4799e-03
-4.7230e-03
-4.1062e-03
-1.4160e-03
4.2321e-03
1.3363e-02
2.3641e-02
3.1743e-02
3.6332e-02
3.6395e-02
3.2271e-02
2.6104e-02
1.9932e-02
1.3537e-02
6.8749e-03
-2.6425e-06
-6.6798e-03
-1.2891e-02
-1.7426e-02
-1.8427e-02
-1.5870e-02
-1.1067e-02
-5.5741e-03
1.9765e-04
6.1822e-03
1.3304e-02
2.0469e-02
2.4976e-02
2.5084e-02
2.0281e-02
1.1611e-02
1.8396e-03
-7.2774e-03
-1.5497e-02
-2.2395e-02
-2.8338e-02
-3.3145e-02
-3.6100e-02
-3.7570e-02
-3.8017e-02
-3.7581e-02
-3.5716e-02
-3.1886e-02
-2.5978e-02
-1.8143e-02
-8.7500e-03
1.8491e-03
1.3325e-02
2.4213e-02
3.2824e-02
3.8882e-02
4.2110e-02
4.1427e-02
3.5731e-02
2.4323e-02
1.0026e-02
-2.3081e-03
-1.0351e-02
-1.4889e-02
-1.7559e-02
-1.8962e-02
-1.9057e-02
-1.7092e-02
-1.3534e-02
-8.9035e-03
-4.3339e-03
-3.4055e-04
2.9579e-03
5.4668e-03
7.5807e-03
9.0642e-03
8.7439e-03
5.9820e-03
1.0665e-03
-6.0784e-03
-1.5128e-02
-2.5065e-02
-3.3777e-02
-4.0523e-02
-4.4898e-02
-4.5458e-02
-4.1816e-02
-3.4600e-02
-2.4213e-02
-1.1349e-02
6.9866e-04
1.0435e-02
1.8563e-02
2.4729e-02
2.8815e-02
3.1244e-02
3.2086e-02
3.0985e-02
2.8546e-02
2.5593e-02
2.2499e-02
1.8515e-02
1.3745e-02
9.3268e-03
5.2719e-03
8.3579e-04
-4.0222e-03
-8.0801e-03
-1.0731e-02
-1.2198e-02
-1.2239e-02
-1.0634e-02
-7.4351e-03
-3.3609e-03
-3.1154e-04
1.2400e-03
1.9677e-03
2.7414e-03
3.7747e-03
5.3604e-03
6.9555e-03
7.6581e-03
7.1327e-03
5.0822e-03
1.9818e-03
-1.1889e-03
-4.0400e-03
-5.9542e-03
-7.2088e-03
-8.3457e-03
-7.9689e-03
-4.4808e-03
1.7754e-03
8.6099e-03
1.3106e-02
1.4167e-02
1.1799e-02
6.1820e-03
-4.6972e-04
-6.7574e-03
-1.2412e-02
-1.7082e-02
-2.1137e-02
-2.6036e-02
-3.1269e-02
-3.5407e-02
-3.8499e-02
-4.1071e-02
-4.2254e-02
-4.0841e-02
-3.5781e-02
-2.8176e-02
-2.0286e-02
-1.3605e-02
-8.8074e-03
-6.4632e-03
-6.0092e-03
-6.5570e-03
-8.0628e-03
-1.0704e-02
-1.4381e-02
-1.7789e-02
-1.9355e-02
-1.9364e-02
-1.9291e-02
-1.8816e-02
-1.7091e-02
-1.2955e-02
-6.5748e-03
2.1439e-03
1.3077e-02
2.4444e-02
3.4606e-02
4.3524e-02
5.1266e-02
5.6753e-02
5.9897e-02
6.0678e-02
5.9055e-02
5.5168e-02
5.0267e-02
4.4335e-02
3.6851e-02
2.8139e-02
1.9582e-02
1.3610e-02
1.0750e-02
9.2958e-03
7.6534e-03
4.9610e-03
1.2477e-03
-1.7947e-03
-2.3953e-03
-9.2095e-04
1.2856e-03
3.9060e-03
7.2791e-03
1.1086e-02
1.4751e-02
1.8079e-02
2.0678e-02
2.0658e-02
1.7131e-02
1.1450e-02
5.7333e-03
1.1137e-03
-2.6806e-03
-5.8667e-03
-8.6047e-03
-1.1844e-02
-1.6364e-02
-2.2538e-02
-2.9115e-02
-3.3716e-02
-3.5484e-02
-3.4975e-02
-3.2637e-02
-2.7818e-02
-2.2067e-02
-1.8315e-02
-1.8399e-02
-2.1657e-02
-2.5522e-02
-2.8224e-02
-2.9656e-02
-3.0075e-02
-2.9614e-02
-2.7773e-02
-2.4051e-02
-1.8207e-02
-1.0098e-02
-1.2363e-05
1.0526e-02
1.9280e-02
2.5416e-02
2.8620e-02
2.8414e-02
2.5472e-02
2.1400e-02
1.6662e-02
1.0785e-02
4.4873e-03
-9.7490e-04
-5.9786e-03
-1.0941e-02
-1.5561e-02
-1.8218e-02
-1.7817e-02
-1.4274e-02
-8.5807e-03
-1.8585e-03
5.1075e-03
1.1103e-02
1.5665e-02
1.8947e-02
2.0744e-02
2.1323e-02
2.1647e-02
2.1895e-02
2.1617e-02
2.1710e-02
2.2059e-02
2.1336e-02
1.9575e-02
1.6903e-02
1.2853e-02
7.8974e-03
3.3577e-03
-2.4670e-04
-3.0795e-03
-5.3671e-03
-6.8686e-03
-8.2986e-03
-9.7304e-03
-1.0856e-02
-1.1736e-02
-1.1793e-02
-1.1109e-02
-1.0027e-02
-7.4240e-03
-2.9854e-03
1.6104e-03
5.1956e-03
7.6470e-03
9.5735e-03
1.1038e-02
1.1273e-02
9.8572e-03
6.6758e-03
1.9590e-03
-2.6486e-03
-5.6770e-03
-6.6284e-03
-6.5366e-03
-6.2369e-03
-5.6336e-03
-4.8398e-03
-4.7720e-03
-5.1945e-03
-5.2767e-03
-5.6282e-03
-6.4764e-03
-8.4883e-03
-1.1643e-02
-1.4897e-02
-1.7046e-02
-1.6608e-02
-1.3732e-02
-9.0538e-03
-3.2709e-03
3.2649e-03
8.7701e-03
1.1932e-02
1.3202e-02
1.2962e-02
1.1894e-02
1.0847e-02
9.8488e-03
8.9190e-03
7.8597e-03
6.8794e-03
6.0621e-03
5.5955e-03
4.5964e-03
2.3123e-03
-3.4939e-04
-3.0308e-03
-5.4192e-03
-6.5645e-03
-6.6508e-03
-5.5843e-03
-2.7396e-03
1.6371e-03
7.3058e-03
1.3911e-02
2.0493e-02
2.5473e-02
2.8364e-02
2.9390e-02
2.9466e-02
2.8363e-02
2.4866e-02
1.9387e-02
1.3707e-02
9.0947e-03
5.6077e-03
3.1880e-03
1.8895e-03
1.9882e-03
2.6675e-03
2.4629e-03
9.8830e-04
-2.1524e-03
-6.1969e-03
-9.9136e-03
-1.2541e-02
-1.3871e-02
-1.3671e-02
-1.2555e-02
-1.1922e-02
-1.2334e-02
-1.3755e-02
-1.5749e-02
-1.8408e-02
-2.1755e-02
-2.4457e-02
-2.4446e-02
-2.0423e-02
-1.4321e-02
-8.2296e-03
-2.4131e-03
4.0472e-03
1.1872e-02
1.9773e-02
2.5947e-02
3.0881e-02
3.4734e-02
3.6988e-02
3.6807e-02
3.2964e-02
2.4828e-02
1.3153e-02
4.3221e-04
-1.0720e-02
-1.9529e-02
-2.5827e-02
-3.0197e-02
-3.2959e-02
-3.3778e-02
-3.3284e-02
-3.2595e-02
-3.2399e-02
-3.2103e-02
-3.1956e-02
-3.1465e-02
-2.9100e-02
-2.4313e-02
-1.8153e-02
-1.1390e-02
-4.5102e-03
1.2876e-03
5.7219e-03
9.6690e-03
1.3584e-02
1.6649e-02
1.7737e-02
1.6828e-02
1.4266e-02
1.0575e-02
5.5850e-03
2.4959e-04
-4.3771e-03
-8.4795e-03
-1.1992e-02
-1.3926e-02
-1.3424e-02
-1.0923e-02
-8.0596e-03
-5.3319e-03
-3.0794e-03
-2.2478e-03
-2.1878e-03
-1.6646e-03
-6.5289e-04
-6.4471e-04
-2.4217e-03
-4.9960e-03
-7.3112e-03
-9.7812e-03
-1.1698e-02
-1.2393e-02
-1.1919e-02
-9.9902e-03
-6.5216e-03
-1.7758e-03
3.7995e-03
8.7040e-03
1.1729e-02
1.3668e-02
1.5439e-02
1.6895e-02
1.7518e-02
1.7466e-02
1.6890e-02
1.5919e-02
1.4931e-02
1.3573e-02
1.1690e-02
9.0630e-03
5.5632e-03
2.1202e-03
-4.1369e-04
-2.3789e-03
-4.2621e-03
-5.8549e-03
-6.5376e-03
-5.9471e-03
-3.7999e-03
-1.0085e-03
7.0196e-04
5.1865e-04
-1.9824e-03
-5.0009e-03
-7.2923e-03
-9.7428e-03
-1.2097e-02
-1.3684e-02
-1.4159e-02
-1.3949e-02
-1.3727e-02
-1.4242e-02
-1.6162e-02
-1.9087e-02
-2.2221e-02
-2.5760e-02
-2.9342e-02
-3.2043e-02
-3.3015e-02
-3.1457e-02
-2.7994e-02
-2.3891e-02
-1.9387e-02
-1.4098e-02
-8.2117e-03
-2.0982e-03
3.8965e-03
8.9122e-03
1.2042e-02
1.3170e-02
1.1991e-02
8.3677e-03
2.8116e-03
-2.7102e-03
-7.4128e-03
-1.1090e-02
-1.3600e-02
-1.3203e-02
-8.9245e-03
-1.7678e-03
7.4326e-03
1.7412e-02
2.6976e-02
3.5374e-02
4.2223e-02
4.7152e-02
5.0507e-02
5.2124e-02
5.1807e-02
4.9280e-02
4.3386e-02
3.4986e-02
2.5278e-02
1.5167e-02
5.6444e-03
-1.9219e-03
-6.4505e-03
-7.7631e-03
-6.0759e-03
-2.4836e-03
1.7434e-03
5.9597e-03
9.5013e-03
1.1113e-02
1.0103e-02
6.9178e-03
2.3112e-03
-2.2749e-03
-6.3117e-03
-9.7396e-03
-1.2279e-02
-1.3770e-02
-1.3732e-02
-1.2187e-02
-9.7089e-03
-6.7400e-03
-3.3469e-03
1.0638e-03
6.1700e-03
1.1418e-02
1.5414e-02
1.6889e-02
1.5891e-02
1.3757e-02
1.1079e-02
7.6061e-03
3.7297e-03
1.8041e-04
-2.7937e-03
-5.5845e-03
-8.0787e-03
-1.0585e-02
-1.3013e-02
-1.4587e-02
-1.5541e-02
-1.5873e-02
-1.5871e-02
-1.5927e-02
-1.6001e-02
-1.5548e-02
-1.4039e-02
-1.1878e-02
-9.8240e-03
-8.5238e-03
-7.8070e-03
-6.0637e-03
-2.0348e-03
4.1121e-03
1.0438e-02
1.4665e-02
1.6433e-02
1.5714e-02
1.4107e-02
1.2861e-02
1.1802e-02
1.1241e-02
1.1685e-02
1.3779e-02
1.7315e-02
2.0932e-02
2.3559e-02
2.5131e-02
2.5618e-02
2.4679e-02
2.1741e-02
1.7148e-02
1.1520e-02
5.9813e-03
1.4888e-03
-1.8929e-03
-4.3296e-03
-6.2225e-03
-7.5296e-03
-8.0811e-03
-8.5927e-03
-9.4352e-03
-9.9606e-03
-1.0105e-02
-1.0119e-02
-9.7038e-03
-8.2553e-03
-5.4558e-03
-1.4330e-03
3.2658e-03
8.7688e-03
1.3612e-02
1.7139e-02
1.9740e-02
2.2068e-02
2.3459e-02
2.2745e-02
2.1162e-02
1.8842e-02
1.5855e-02
1.3313e-02
1.1855e-02
1.1499e-02
1.1459e-02
1.1037e-02
1.0596e-02
1.1002e-02
1.1582e-02
1.1749e-02
1.1221e-02
9.8216e-03
7.8971e-03
5.3459e-03
1.5684e-03
-3.2646e-03
-8.7880e-03
-1.5340e-02
-2.2295e-02
-2.8751e-02
-3.3717e-02
-3.7574e-02
-4.0839e-02
-4.3458e-02
-4.5499e-02
-4.6356e-02
-4.5392e-02
-4.3472e-02
-4.1368e-02
-3.8576e-02
-3.4352e-02
-2.8783e-02
-2.1707e-02
-1.4254e-02
-7.7643e-03
-2.4083e-03
2.0920e-03
6.1065e-03
8.9497e-03
9.4714e-03
8.3591e-03
7.0924e-03
6.1184e-03
5.6636e-03
5.1859e-03
4.3308e-03
3.6858e-03
3.1699e-03
2.7837e-03
2.7983e-03
2.4244e-03
1.5640e-03
-7.9386e-05
-2.5640e-03
-5.3960e-03
-7.8815e-03
-1.0542e-02
-1.3966e-02
-1.6979e-02
-1.8179e-02
-1.7739e-02
-1.6080e-02
-1.3407e-02
-9.8868e-03
-6.4610e-03
-3.9608e-03
-1.9917e-03
-1.7035e-05
1.8712e-03
2.9341e-03
2.9675e-03
2.8191e-03
2.3289e-03
1.8614e-03
1.2526e-03
3.2089e-04
-2.1270e-04
-2.2957e-05
9.2990e-04
3.0463e-03
7.0492e-03
1.1620e-02
1.5406e-02
1.7819e-02
1.8707e-02
1.8233e-02
1.7193e-02
1.5464e-02
1.2989e-02
1.0586e-02
9.4147e-03
8.9042e-03
8.5605e-03
8.9866e-03
1.0009e-02
1.1626e-02
1.3193e-02
1.3858e-02
1.3419e-02
1.1757e-02
9.1155e-03
6.1671e-03
4.1168e-03
2.9935e-03
2.0989e-03
1.7900e-03
2.3017e-03
2.9607e-03
2.5705e-03
1.0087e-03
-1.5730e-03
-4.0549e-03
-6.0570e-03
-8.0044e-03
-1.0335e-02
-1.2857e-02
-1.4987e-02
-1.6920e-02
-1.7917e-02
-1.8057e-02
-1.7514e-02
-1.5934e-02
-1.3375e-02
-1.0396e-02
-7.9831e-03
-6.0163e-03
-3.6214e-03
-3.2984e-04
3.1890e-03
6.4511e-03
9.5449e-03
1.1449e-02
1.1083e-02
8.6475e-03
5.3087e-03
1.1822e-03
-3.0624e-03
-6.1758e-03
-8.7301e-03
-1.1342e-02
-1.3328e-02
-1.4923e-02
-1.6859e-02
-1.8395e-02
-1.9056e-02
-1.8212e-02
-1.6065e-02
-1.2729e-02
-8.7590e-03
-6.2625e-03
-5.6802e-03
-5.8392e-03
-6.0079e-03
-6.4267e-03
-7.3963e-03
-8.5813e-03
-9.6660e-03
-9.6415e-03
-8.1806e-03
-6.0947e-03
-4.0289e-03
-2.0852e-03
-1.0479e-04
1.9453e-03
3.7835e-03
4.8247e-03
5.1215e-03
5.4786e-03
4.7401e-03
2.3842e-03
2.5713e-04
-5.0412e-04
-3.2278e-04
3.7534e-04
1.2934e-03
1.8453e-03
2.3657e-03
3.1922e-03
3.8055e-03
4.3563e-03
4.8339e-03
4.7807e-03
4.6240e-03
4.5212e-03
5.5635e-03
7.9134e-03
1.0920e-02
1.4023e-02
1.7539e-02
2.1104e-02
2.3741e-02
2.4719e-02
2.3623e-02
2.1419e-02
1.9221e-02
1.7753e-02
1.7324e-02
1.7396e-02
1.7461e-02
1.7446e-02
1.7501e-02
1.7643e-02
1.7523e-02
1.6466e-02
1.4667e-02
1.3591e-02
1.2865e-02
1.1536e-02
1.0205e-02
9.6474e-03
9.1845e-03
7.8450e-03
5.7964e-03
3.6441e-03
2.0466e-03
1.5148e-03
2.0600e-03
3.6092e-03
5.7002e-03
7.8702e-03
9.7328e-03
1.0689e-02
1.0813e-02
1.1160e-02
1.1149e-02
1.0353e-02
9.1856e-03
7.5537e-03
6.0846e-03
5.5658e-03
5.7379e-03
5.9014e-03
5.3310e-03
3.7674e-03
2.1978e-03
1.6109e-03
1.7706e-03
1.9795e-03
1.5225e-03
-1.9309e-05
-2.1305e-03
-4.1166e-03
-5.5391e-03
-6.5918e-03
-8.0387e-03
-9.4911e-03
-1.0114e-02
-1.0020e-02
-9.5072e-03
-8.9975e-03
-8.8180e-03
-8.3132e-03
-8.0751e-03
-8.5560e-03
-8.9696e-03
-8.0865e-03
-6.6369e-03
-5.8198e-03
-5.6350e-03
-6.1999e-03
-8.2303e-03
-1.1772e-02
-1.5831e-02
-1.9357e-02
-2.1922e-02
-2.3934e-02
-2.5320e-02
-2.5328e-02
-2.3903e-02
-2.1799e-02
-1.9325e-02
-1.6432e-02
-1.3280e-02
-9.7360e-03
-6.8165e-03
-5.6639e-03
-5.7339e-03
-6.4617e-03
-7.8348e-03
-9.3976e-03
-1.1103e-02
-1.3038e-02
-1.3920e-02
-1.3562e-02
-1.2937e-02
-1.2783e-02
-1.2418e-02
-1.1965e-02
-1.1343e-02
-1.0486e-02
-9.9979e-03
-9.4784e-03
-8.2148e-03
-6.2844e-03
-3.6777e-03
-2.3884e-04
3.3503e-03
6.4523e-03
8.8367e-03
9.8645e-03
9.9550e-03
9.3627e-03
7.7026e-03
5.1380e-03
2.6673e-03
1.6090e-03
1.5206e-03
1.6033e-03
2.0994e-03
3.6870e-03
6.2255e-03
8.6571e-03
9.7596e-03
1.0304e-02
1.1136e-02
1.1621e-02
1.1257e-02
1.0194e-02
9.0539e-03
8.0208e-03
7.5402e-03
7.5534e-03
7.7366e-03
7.8327e-03
7.3233e-03
5.8110e-03
3.7601e-03
1.9936e-03
1.0090e-03
1.1211e-03
2.6012e-03
4.1969e-03
5.7333e-03
7.1743e-03
8.3878e-03
9.3954e-03
8.9764e-03
6.5573e-03
2.9172e-03
-1.5371e-03
-5.9586e-03
-1.0493e-02
-1.5484e-02
-2.0073e-02
-2.3167e-02
-2.3763e-02
-2.1929e-02
-1.7932e-02
-1.1447e-02
-2.4258e-03
7.8135e-03
1.7486e-02
2.4855e-02
2.9175e-02
3.1464e-02
3.2904e-02
3.3458e-02
3.2149e-02
2.7952e-02
2.1404e-02
1.2962e-02
3.4517e-03
-4.8777e-03
-1.0418e-02
-1.4358e-02
-1.7700e-02
-1.9664e-02
-1.9166e-02
-1.6258e-02
-1.2578e-02
-8.8889e-03
-4.9038e-03
-1.4048e-03
1.0941e-03
1.9674e-03
1.8247e-03
1.6780e-03
2.1310e-03
3.1687e-03
4.1830e-03
5.1654e-03
6.1566e-03
7.5787e-03
9.1029e-03
1.0292e-02
1.1189e-02
1.1150e-02
1.0269e-02
9.2531e-03
7.7600e-03
5.3809e-03
1.9850e-03
-2.0186e-03
-6.4828e-03
-1.1397e-02
-1.6380e-02
-2.1359e-02
-2.5783e-02
-2.9335e-02
-3.1859e-02
-3.3278e-02
-3.3198e-02
-3.1747e-02
-2.9716e-02
-2.7480e-02
-2.4961e-02
-2.2672e-02
-2.1632e-02
-2.1064e-02
-1.9926e-02
-1.8555e-02
-1.6957e-02
-1.4138e-02
-1.0263e-02
-5.6928e-03
-5.9846e-04
4.4033e-03
8.7481e-03
1.1687e-02
1.3824e-02
1.5728e-02
1.6629e-02
1.5631e-02
1.3610e-02
1.1897e-02
1.0871e-02
1.0054e-02
9.4881e-03
8.9413e-03
8.6099e-03
9.1243e-03
9.5618e-03
9.1829e-03
8.2433e-03
7.5744e-03
6.9955e-03
6.2022e-03
5.6983e-03
5.1853e-03
4.2568e-03
3.1793e-03
2.0866e-03
1.5865e-03
1.9778e-03
3.1153e-03
4.6950e-03
6.5936e-03
8.0495e-03
9.5619e-03
1.1513e-02
1.3610e-02
1.5188e-02
1.5600e-02
1.5001e-02
1.4041e-02
1.3552e-02
1.3006e-02
1.1560e-02
9.5965e-03
8.0302e-03
7.1032e-03
6.1421e-03
4.7286e-03
2.7955e-03
1.2157e-03
-2.7795e-04
-1.7345e-03
-2.9057e-03
-3.7726e-03
-3.5971e-03
-2.7082e-03
-2.6010e-03
-3.4265e-03
-4.1445e-03
-4.7517e-03
-5.5125e-03
-6.0335e-03
-6.6812e-03
-7.6710e-03
-8.1386e-03
-7.6499e-03
-6.6134e-03
-6.0176e-03
-5.9502e-03
-6.0306e-03
-6.1435e-03
-6.2778e-03
-6.1929e-03
-5.2189e-03
-3.3224e-03
-1.6235e-03
-2.3801e-05
1.2876e-03
1.8103e-03
1.8982e-03
1.8658e-03
1.3662e-03
-8.8402e-05
-2.1429e-03
-4.2158e-03
-5.8120e-03
-6.7470e-03
-7.1245e-03
-6.7498e-03
-6.2960e-03
-5.5632e-03
-4.0290e-03
-2.5755e-03
-2.4414e-03
-3.4713e-03
-4.6603e-03
-5.7114e-03
-6.2514e-03
-6.3488e-03
-5.8338e-03
-4.2277e-03
-1.7117e-03
8.1507e-04
2.3497e-03
3.3595e-03
4.2333e-03
5.0977e-03
5.5661e-03
6.0988e-03
7.4220e-03
9.3286e-03
1.1537e-02
1.4088e-02
1.6494e-02
1.7650e-02
1.7774e-02
1.7080e-02
1.5096e-02
1.2120e-02
9.0250e-03
6.0383e-03
3.5377e-03
1.4855e-03
3.1988e-05
-3.5563e-04
2.0828e-04
1.1289e-03
1.6171e-03
2.2234e-03
3.7518e-03
5.6068e-03
6.5987e-03
6.7186e-03
7.5720e-03
9.0138e-03
1.0102e-02
1.0602e-02
1.0591e-02
1.0996e-02
1.1467e-02
1.1666e-02
1.1578e-02
1.1010e-02
1.0094e-02
9.5218e-03
9.0469e-03
8.2331e-03
7.2029e-03
5.6190e-03
3.7163e-03
2.1386e-03
1.0586e-03
1.4453e-04
-2.6326e-04
-2.2016e-04
-1.7409e-04
-6.0235e-04
-1.6067e-03
-2.7340e-03
-4.0608e-03
-5.3355e-03
-6.9318e-03
-1.0012e-02
-1.3923e-02
-1.7002e-02
-1.8594e-02
-1.9867e-02
-2.1201e-02
-2.2354e-02
-2.3358e-02
-2.3689e-02
-2.3326e-02
-2.2921e-02
-2.2788e-02
-2.1708e-02
-1.9802e-02
-1.8297e-02
-1.7795e-02
-1.7389e-02
-1.6034e-02
-1.3983e-02
-1.1918e-02
-1.0371e-02
-9.3558e-03
-8.4688e-03
-8.0257e-03
-7.9876e-03
-8.0418e-03
-8.0591e-03
-8.0417e-03
-8.0596e-03
-8.1157e-03
-8.0778e-03
-7.6317e-03
-6.7374e-03
-5.7245e-03
-4.1966e-03
-2.1573e-03
-7.0658e-05
1.3952e-03
1.8159e-03
1.7696e-03
2.0974e-03
3.0223e-03
4.1588e-03
5.6572e-03
7.1493e-03
8.2421e-03
9.1010e-03
9.2614e-03
8.9175e-03
8.1805e-03
6.0432e-03
3.5986e-03
2.4387e-03
2.9601e-03
4.0580e-03
5.1472e-03
6.1606e-03
7.6105e-03
9.1721e-03
1.0216e-02
1.0575e-02
1.0101e-02
9.7788e-03
9.6809e-03
8.6636e-03
6.2150e-03
3.7155e-03
2.1070e-03
1.1029e-03
-2.0891e-04
-1.6135e-03
-2.6592e-03
-3.6800e-03
-4.7129e-03
-5.7169e-03
-5.8569e-03
-4.8890e-03
-3.1411e-03
-6.5781e-04
1.3108e-03
2.3776e-03
3.3059e-03
4.2389e-03
5.1325e-03
5.5642e-03
6.0933e-03
7.5264e-03
9.5244e-03
1.1248e-02
1.2248e-02
1.2544e-02
1.2025e-02
1.1673e-02
1.1665e-02
1.1080e-02
9.1638e-03
6.7916e-03
5.2149e-03
3.6360e-03
1.2782e-03
-1.3164e-03
-2.8852e-03
-3.2667e-03
-2.6972e-03
-2.3209e-03
-2.2376e-03
-1.2880e-03
1.0974e-03
3.7113e-03
5.8337e-03
7.3577e-03
8.3224e-03
8.7636e-03
8.2045e-03
7.1501e-03
6.0927e-03
5.6294e-03
5.6024e-03
5.5628e-03
5.5590e-03
6.1346e-03
7.6149e-03
9.1055e-03
9.7610e-03
9.8573e-03
9.6906e-03
8.7682e-03
6.8800e-03
4.7197e-03
2.1176e-03
-2.1897e-04
-1.7341e-03
-2.7382e-03
-4.0357e-03
-5.4395e-03
-6.6473e-03
-8.0951e-03
-9.3681e-03
-9.9967e-03
-1.0653e-02
-1.1588e-02
-1.1576e-02
-1.0071e-02
-7.9898e-03
-6.4834e-03
-5.8945e-03
-5.3574e-03
-4.5466e-03
-4.5265e-03
-5.4188e-03
-6.1446e-03
-6.3048e-03
-5.7327e-03
-4.1977e-03
-2.1349e-03
-8.2762e-05
1.5076e-03
2.4535e-03
2.8276e-03
2.4192e-03
1.9415e-03
1.2956e-03
-6.0617e-05
-1.6153e-03
-2.8473e-03
-3.7388e-03
-3.6314e-03
-2.7069e-03
-2.0731e-03
-1.8828e-03
-1.9259e-03
-2.5147e-03
-4.0275e-03
-5.9339e-03
-7.4866e-03
-8.6559e-03
-1.0039e-02
-1.0972e-02
-1.0687e-02
-9.7452e-03
-8.0960e-03
-5.5595e-03
-2.4761e-03
6.5416e-05
1.4928e-03
1.9147e-03
2.2877e-03
3.1718e-03
4.1905e-03
5.2956e-03
6.3165e-03
7.2649e-03
7.7093e-03
7.7674e-03
7.8129e-03
7.7911e-03
7.2179e-03
5.8326e-03
4.4053e-03
3.3026e-03
1.7759e-03
-1.8198e-04
-1.7474e-03
-2.2547e-03
-2.0573e-03
-1.8926e-03
-2.4697e-03
-4.0228e-03
-5.5647e-03
-6.1564e-03
-6.0881e-03
-5.9386e-03
-5.9508e-03
-6.0709e-03
-6.0451e-03
-5.4966e-03
-4.5228e-03
-3.9624e-03
-3.8961e-03
-3.9771e-03
-4.0676e-03
-4.1405e-03
-4.0574e-03
-3.4904e-03
-2.5602e-03
-2.0892e-03
-1.9969e-03
-1.5878e-03
-7.0494e-04
-7.9855e-06
5.4846e-04
8.7899e-04
4.5323e-04
2.0352e-05
-1.7773e-04
-6.1943e-04
-1.3701e-03
-1.9097e-03
-2.7110e-03
-4.1893e-03
-5.0422e-03
-4.1004e-03
-2.5836e-03
-1.9820e-03
-2.0287e-03
-1.6102e-03
-1.7117e-04
1.4059e-03
2.1559e-03
2.1540e-03
1.4500e-03
-3.9974e-05
-1.5893e-03
-2.6483e-03
-3.4538e-03
-3.9489e-03
-4.6436e-03
-5.6009e-03
-5.5765e-03
-4.1433e-03
-2.4057e-03
-1.3221e-03
-1.0329e-03
-1.4792e-03
-1.4121e-03
-7.2652e-04
-6.8230e-04
-9.2816e-04
-7.5453e-05
1.2592e-03
1.9508e-03
2.4275e-03
3.3117e-03
4.4025e-03
5.4711e-03
5.8484e-03
5.4381e-03
4.9310e-03
4.8477e-03
4.3357e-03
3.4119e-03
2.4215e-03
1.8939e-03
1.4410e-03
5.4812e-04
-5.3498e-04
-1.6904e-03
-2.2315e-03
-1.7039e-03
-8.0383e-05
1.9011e-03
3.4265e-03
4.4854e-03
5.8325e-03
7.2637e-03
8.3648e-03
9.3451e-03
9.9173e-03
1.0025e-02
9.4095e-03
7.7430e-03
5.7500e-03
4.7160e-03
5.1082e-03
5.7661e-03
6.4033e-03
7.2876e-03
8.2176e-03
9.3167e-03
1.0412e-02
1.1326e-02
1.1311e-02
1.0510e-02
9.8213e-03
8.7793e-03
6.9910e-03
5.3470e-03
3.7142e-03
2.3494e-03
1.8520e-03
1.9092e-03
1.9976e-03
1.8897e-03
1.7857e-03
2.3375e-03
4.1602e-03
6.6443e-03
8.9990e-03
1.1621e-02
1.3428e-02
1.3326e-02
1.1894e-02
1.0884e-02
1.0725e-02
9.7575e-03
7.8697e-03
6.3118e-03
5.8696e-03
5.8570e-03
5.0073e-03
3.1730e-03
1.5566e-03
-6.5349e-05
-1.9867e-03
-3.9071e-03
-5.3569e-03
-6.3439e-03
-7.7141e-03
-9.5925e-03
-1.1713e-02
-1.3862e-02
-1.5713e-02
-1.6640e-02
-1.6733e-02
-1.7164e-02
-1.7548e-02
-1.7236e-02
-1.6262e-02
-1.5089e-02
-1.3620e-02
-1.2245e-02
-1.1188e-02
-9.7551e-03
-7.9115e-03
-5.9278e-03
-3.8052e-03
-1.3409e-03
1.0668e-03
2.5999e-03
3.6858e-03
4.5662e-03
5.0471e-03
4.5845e-03
3.6511e-03
2.5234e-03
1.3511e-03
8.4916e-06
-7.8289e-04
-8.8891e-04
-1.8800e-03
-3.7831e-03
-5.4236e-03
-6.0168e-03
-5.9152e-03
-5.6972e-03
-5.6730e-03
-6.1617e-03
-7.2058e-03
-8.3279e-03
-9.3554e-03
-9.7570e-03
-9.6391e-03
-9.5943e-03
-1.0210e-02
-1.1351e-02
-1.1780e-02
-1.0745e-02
-8.8561e-03
-7.7986e-03
-7.1200e-03
-5.4394e-03
-3.0600e-03
-8.6209e-04
1.6165e-03
4.0430e-03
6.1384e-03
7.6659e-03
8.1881e-03
7.6510e-03
6.0994e-03
4.0532e-03
1.9741e-03
6.2975e-05
-1.4608e-03
-2.5760e-03
-3.4434e-03
-3.3670e-03
-2.4607e-03
-1.8117e-03
-1.5966e-03
-1.6637e-03
-2.3353e-03
-3.8464e-03
-5.2807e-03
-5.7964e-03
-5.8719e-03
-6.3111e-03
-6.8503e-03
-6.3909e-03
-4.9279e-03
-2.8852e-03
-1.2616e-03
2.3176e-04
1.6258e-03
2.6525e-03
3.5200e-03
4.0279e-03
4.6252e-03
5.5348e-03
6.0029e-03
5.9616e-03
5.9631e-03
6.5429e-03
7.4960e-03
7.5969e-03
6.6895e-03
5.5870e-03
4.4317e-03
3.3851e-03
2.5246e-03
2.5170e-03
3.0217e-03
3.1302e-03
3.0970e-03
2.6942e-03
2.3423e-03
1.6206e-03
-3.2373e-04
-2.7157e-03
-4.0390e-03
-4.6171e-03
-4.7505e-03
-3.7910e-03
-2.5208e-03
-1.7503e-03
-6.7831e-04
1.0141e-03
2.0488e-03
2.7222e-03
3.9787e-03
5.4493e-03
6.6606e-03
7.7105e-03
8.0898e-03
7.5495e-03
6.5163e-03
5.9447e-03
5.9124e-03
6.0149e-03
6.0601e-03
6.0410e-03
6.0191e-03
6.0196e-03
6.0409e-03
6.0517e-03
6.0137e-03
5.9428e-03
6.0077e-03
6.5129e-03
7.3814e-03
7.9694e-03
8.5958e-03
9.5382e-03
1.0017e-02
9.6340e-03
8.6401e-03
7.5405e-03
6.0467e-03
4.2063e-03
2.2503e-03
9.7839e-05
-2.4120e-03
-4.7406e-03
-5.8308e-03
-6.3823e-03
-7.1594e-03
-7.6349e-03
-7.6936e-03
-7.6526e-03
-7.7170e-03
-7.7760e-03
-7.2918e-03
-5.8275e-03
-3.8097e-03
-1.7637e-03
1.7910e-04
2.1241e-03
4.1789e-03
6.1962e-03
7.6450e-03
8.1033e-03
8.0680e-03
8.0985e-03
8.1684e-03
7.6310e-03
6.0203e-03
4.0704e-03
3.0260e-03
3.0121e-03
2.6724e-03
1.8248e-03
6.8384e-04
-3.8269e-04
-1.3325e-03
-1.8185e-03
-1.9612e-03
-1.9205e-03
-1.2819e-03
2.0250e-04
1.6437e-03
2.2490e-03
2.6327e-03
3.4714e-03
4.6223e-03
6.1109e-03
7.1331e-03
7.2477e-03
7.1600e-03
6.5730e-03
5.6695e-03
4.5699e-03
3.5187e-03
2.5852e-03
2.1911e-03
2.0931e-03
1.6318e-03
8.1063e-04
3.1974e-04
-2.5969e-04
-1.7125e-03
-3.6736e-03
-5.2852e-03
-6.2515e-03
-7.0768e-03
-7.9994e-03
-9.5282e-03
-1.1508e-02
-1.3442e-02
-1.5041e-02
-1.6571e-02
-1.8336e-02
-1.9368e-02
-2.0033e-02
-2.0914e-02
-2.1360e-02
-2.0984e-02
-2.0009e-02
-1.8925e-02
-1.7424e-02
-1.5528e-02
-1.3520e-02
-1.1492e-02
-9.4774e-03
-7.6064e-03
-6.1622e-03
-5.0400e-03
-3.6217e-03
-2.3503e-03
-1.7711e-03
-1.1110e-03
2.3773e-04
1.2177e-03
9.4100e-04
2.9091e-04
-4.1333e-04
-1.2045e-03
-1.6383e-03
-2.2483e-03
-3.6676e-03
-5.2106e-03
-5.9632e-03
-5.8927e-03
-4.8430e-03
-2.8723e-03
-7.9490e-04
1.6520e-03
4.1008e-03
6.5811e-03
9.0943e-03
1.1170e-02
1.2967e-02
1.3840e-02
1.4489e-02
1.5881e-02
1.7343e-02
1.7916e-02
1.7849e-02
1.7840e-02
1.8294e-02
1.8782e-02
1.8468e-02
1.7908e-02
1.7222e-02
1.6349e-02
1.5887e-02
1.5693e-02
1.5300e-02
1.4995e-02
1.5382e-02
1.5379e-02
1.4510e-02
1.3471e-02
1.2464e-02
1.1513e-02
1.0055e-02
8.0849e-03
6.0149e-03
4.1356e-03
2.6248e-03
1.1219e-03
-7.9886e-04
-2.2952e-03
-3.3015e-03
-3.8356e-03
-4.3084e-03
-4.6645e-03
-4.2518e-03
-3.7839e-03
-3.6100e-03
-3.5590e-03
-3.6550e-03
-4.2268e-03
-5.2138e-03
-5.7454e-03
-5.6851e-03
-5.5259e-03
-5.9683e-03
-7.4850e-03
-9.5928e-03
-1.1599e-02
-1.3041e-02
-1.4064e-02
-1.5430e-02
-1.6896e-02
-1.7998e-02
-1.8922e-02
-1.9447e-02
-1.9876e-02
-2.0281e-02
-2.0392e-02
-2.0852e-02
-2.1259e-02
-2.1421e-02
-2.1703e-02
-2.2105e-02
-2.2522e-02
-2.3584e-02
-2.3811e-02
-2.1604e-02
-1.8646e-02
-1.6373e-02
-1.3890e-02
-1.0992e-02
-8.0698e-03
-6.1048e-03
-4.9928e-03
-3.6687e-03
-2.3249e-03
-1.5882e-03
-1.1353e-03
-8.9880e-04
-1.2445e-03
-1.1717e-03
-5.3585e-04
-3.7272e-04
-1.6779e-04
1.0520e-03
2.0472e-03
2.6975e-03
3.6102e-03
4.6370e-03
5.6466e-03
6.0596e-03
6.0166e-03
6.1161e-03
6.6799e-03
7.0691e-03
6.1095e-03
4.6226e-03
3.9189e-03
3.9609e-03
4.1918e-03
4.1786e-03
3.5943e-03
2.6378e-03
2.1545e-03
2.0497e-03
1.6329e-03
8.0202e-04
2.0491e-04
-4.0408e-04
-1.3329e-03
-1.9153e-03
-1.9101e-03
-1.2944e-03
-3.4811e-04
1.4214e-04
3.1791e-04
7.4434e-04
1.1352e-03
6.8645e-04
1.0897e-04
2.0722e-05
6.2080e-04
1.6557e-03
2.2052e-03
2.1843e-03
2.0381e-03
2.1342e-03
2.6522e-03
3.0903e-03
2.6705e-03
2.1562e-03
2.0165e-03
2.0865e-03
2.1646e-03
2.1256e-03
1.9828e-03
1.9871e-03
2.6328e-03
4.0174e-03
5.0353e-03
5.2121e-03
5.5830e-03
5.9528e-03
6.0724e-03
6.0706e-03
6.0084e-03
5.9293e-03
5.9523e-03
6.4223e-03
7.3983e-03
8.4345e-03
9.5241e-03
1.0484e-02
1.1311e-02
1.1787e-02
1.2504e-02
1.3899e-02
1.4821e-02
1.4444e-02
1.3896e-02
1.3806e-02
1.3858e-02
1.3425e-02
1.2364e-02
1.1331e-02
1.0765e-02
1.0861e-02
1.0919e-02
1.0883e-02
1.0386e-02
1.0051e-02
9.9926e-03
9.4183e-03
7.9254e-03
6.4529e-03
5.9735e-03
5.9842e-03
5.4519e-03
4.0950e-03
3.1100e-03
3.0082e-03
2.5396e-03
1.5350e-03
5.0571e-04
5.1888e-04
1.4846e-03
2.1483e-03
2.2136e-03
2.0228e-03
1.9509e-03
2.4075e-03
3.4864e-03
4.6695e-03
5.6411e-03
5.5871e-03
4.6299e-03
3.6610e-03
2.6565e-03
1.1558e-03
-1.3669e-03
-3.9153e-03
-5.5305e-03
-5.9839e-03
-5.8197e-03
-5.6151e-03
-5.6646e-03
-6.2889e-03
-7.3016e-03
-7.7590e-03
-7.4053e-03
-6.8582e-03
-6.6365e-03
-6.1001e-03
-5.7728e-03
-6.2466e-03
-7.2011e-03
-7.6976e-03
-7.7958e-03
-8.2502e-03
-9.1705e-03
-9.7359e-03
-9.8034e-03
-9.7207e-03
-9.6751e-03
-9.6889e-03
-9.7030e-03
-9.6954e-03
-9.6841e-03
-9.7209e-03
-9.7928e-03
-9.7344e-03
-9.2292e-03
-8.3516e-03
-7.7532e-03
-7.1543e-03
-6.2760e-03
-5.7728e-03
-5.7181e-03
-5.7892e-03
-5.8139e-03
-5.7893e-03
-5.8043e-03
-5.8859e-03
-5.8848e-03
-5.4057e-03
-4.3621e-03
-3.2957e-03
-2.4085e-03
-1.9758e-03
-1.3662e-03
3.5704e-05
1.4573e-03
2.1339e-03
2.6102e-03
3.3525e-03
3.9122e-03
4.5473e-03
5.4631e-03
5.9672e-03
5.9640e-03
5.8326e-03
5.9194e-03
6.4370e-03
6.9221e-03
6.5456e-03
5.9005e-03
5.2788e-03
4.9345e-03
5.3776e-03
5.7544e-03
5.8431e-03
6.3834e-03
7.8264e-03
9.3181e-03
9.9654e-03
1.0048e-02
9.9236e-03
9.3011e-03
7.9186e-03
6.4888e-03
5.4052e-03
3.9474e-03
2.0078e-03
1.6342e-05
-1.5450e-03
-2.6175e-03
-3.5303e-03
-3.8643e-03
-3.5326e-03
-3.0987e-03
-2.8929e-03
-1.8877e-03
-5.1737e-04
1.2857e-04
1.4951e-04
1.3073e-05
-5.4919e-05
-4.0319e-05
4.9337e-05
1.4894e-04
3.1990e-05
-6.2663e-04
-1.5041e-03
-1.4141e-03
-5.4100e-04
-4.5151e-04
-1.3301e-03
-1.9890e-03
-2.1037e-03
-1.9992e-03
-1.9108e-03
-1.9104e-03
-1.9955e-03
-2.1058e-03
-2.0049e-03
-1.3641e-03
-4.5979e-04
-4.8089e-04
-1.3683e-03
-1.9190e-03
-2.0215e-03
-2.4368e-03
-3.4390e-03
-4.4111e-03
-4.9500e-03
-5.0015e-03
-5.4202e-03
-5.8400e-03
-5.9523e-03
-5.9300e-03
-5.8957e-03
-5.8897e-03
-5.8745e-03
-5.8602e-03
-5.9043e-03
-6.0336e-03
-6.0235e-03
-5.3792e-03
-3.9859e-03
-2.9533e-03
-2.7989e-03
-2.5005e-03
-2.1277e-03
-1.5617e-03
-5.6251e-04
5.0306e-04
1.5165e-03
1.9878e-03
1.9964e-03
1.8987e-03
1.8482e-03
1.8940e-03
2.0169e-03
2.0291e-03
1.4583e-03
7.1906e-05
-1.4124e-03
-2.6218e-03
-4.1022e-03
-5.4467e-03
-5.9655e-03
-6.0429e-03
-6.3862e-03
-6.8987e-03
-6.9897e-03
-6.9568e-03
-6.4805e-03
-6.0060e-03
-5.4410e-03
-4.4887e-03
-3.4965e-03
-2.5061e-03
-1.6507e-03
-5.9618e-04
9.1451e-04
2.8875e-03
4.3306e-03
5.3262e-03
6.3130e-03
7.8032e-03
9.2460e-03
9.8183e-03
9.8248e-03
9.7704e-03
9.7148e-03
9.2708e-03
8.3243e-03
7.3076e-03
6.2116e-03
5.1796e-03
4.2576e-03
3.8978e-03
3.8326e-03
3.2922e-03
2.2521e-03
1.7848e-03
2.3598e-03
3.3508e-03
3.3789e-03
2.4817e-03
1.9121e-03
1.8049e-03
1.3960e-03
3.9937e-04
-5.7908e-04
-1.1294e-03
-1.1812e-03
-1.5558e-03
-1.9352e-03
-2.1456e-03
-2.5705e-03
-3.0233e-03
-3.0477e-03
-3.1135e-03
-3.1084e-03
-3.1061e-03
-2.5021e-03
-1.6250e-03
-1.0675e-03
-1.0320e-03
-6.6153e-04
-1.2516e-04
4.7443e-04
9.0430e-04
5.1240e-04
-5.8677e-05
-6.9196e-04
-1.4988e-03
-2.0327e-03
-2.6754e-03
-3.6631e-03
-4.1217e-03
-3.6125e-03
-2.5691e-03
-2.0416e-03
-2.0821e-03
-2.0662e-03
-1.5055e-03
-7.0356e-04
-7.2463e-04
-1.0427e-03
-1.7006e-04
1.2523e-03
1.9525e-03
1.9728e-03
1.8318e-03
1.7776e-03
1.7999e-03
1.8231e-03
1.8227e-03
1.8162e-03
1.8267e-03
1.8401e-03
1.8110e-03
1.7279e-03
1.7527e-03
2.2378e-03
3.2095e-03
3.9769e-03
4.4525e-03
4.2179e-03
2.8654e-03
1.9443e-03
1.6365e-03
8.2894e-04
-5.0238e-04
-1.2341e-03
-1.8569e-03
-2.1398e-03
-1.6779e-03
-7.4979e-04
-1.0026e-04
4.5980e-04
1.1998e-03
1.6642e-03
2.3289e-03
3.7707e-03
5.2354e-03
5.8338e-03
5.8498e-03
5.7915e-03
5.6851e-03
5.1895e-03
4.3492e-03
3.8155e-03
3.2094e-03
1.9182e-03
4.3599e-04
-8.5773e-04
-2.2860e-03
-3.1144e-03
-2.7570e-03
-2.2878e-03
-2.0765e-03
-1.5670e-03
-6.5259e-04
-1.5430e-04
-1.8570e-04
-2.1865e-04
2.9817e-04
1.3012e-03
1.8540e-03
1.8226e-03
1.6782e-03
2.0526e-03
3.2228e-03
4.8291e-03
6.2363e-03
6.2815e-03
5.8869e-03
5.7505e-03
5.3023e-03
3.8723e-03
1.7500e-03
-3.2910e-04
-1.6855e-03
-2.1706e-03
-2.7827e-03
-4.0865e-03
-4.9842e-03
-4.7744e-03
-4.7489e-03
-5.0678e-03
-4.6370e-03
-3.6446e-03
-2.5905e-03
-2.1552e-03
-2.1077e-03
-1.6723e-03
-7.5087e-04
-1.3763e-04
1.7665e-05
-1.1901e-04
-7.2008e-04
-1.6804e-03
-2.2116e-03
-2.2517e-03
-2.1655e-03
-2.1349e-03
-2.1611e-03
-2.1727e-03
-2.1234e-03
-2.0778e-03
-2.2120e-03
-2.7007e-03
-3.1047e-03
-2.7146e-03
-2.2907e-03
-2.1433e-03
-1.7221e-03
-7.6583e-04
3.0123e-04
1.3067e-03
1.8287e-03
1.9758e-03
1.8825e-03
1.1551e-03
-2.7502e-04
-1.1718e-03
-8.2487e-04
-6.6458e-04
-1.4023e-03
-2.5733e-03
-4.1918e-03
-5.7242e-03
-6.4421e-03
-6.2887e-03
-5.0530e-03
-3.1157e-03
-2.1403e-03
-2.0794e-03
-1.7477e-03
-4.8997e-04
1.1535e-03
2.8910e-03
4.7969e-03
5.7483e-03
5.7909e-03
5.6366e-03
5.6201e-03
5.7184e-03
5.6647e-03
5.1343e-03
4.2710e-03
3.7890e-03
3.2297e-03
1.7971e-03
-1.8072e-04
-1.8509e-03
-2.8332e-03
-3.2860e-03
-3.2398e-03
-3.1798e-03
-2.7918e-03
-2.3751e-03
-1.6645e-03
-2.2583e-04
1.1220e-03
1.6960e-03
2.2727e-03
3.6173e-03
5.0087e-03
5.6736e-03
6.1822e-03
6.9948e-03
7.5198e-03
7.6438e-03
7.5303e-03
7.0264e-03
6.0996e-03
5.0565e-03
3.5624e-03
1.6683e-03
-3.6053e-04
-2.4477e-03
-4.4469e-03
-5.8743e-03
-6.2979e-03
-6.1904e-03
-6.2175e-03
-6.6904e-03
-7.1190e-03
-6.6986e-03
-6.1749e-03
-6.0225e-03
-6.1042e-03
-6.1878e-03
-6.0477e-03
-5.5333e-03
-5.0957e-03
-5.4501e-03
-5.8910e-03
-6.1005e-03
-6.4355e-03
-6.8031e-03
-6.8812e-03
-7.3093e-03
-7.7256e-03
-7.8534e-03
-7.7164e-03
-7.1321e-03
-6.2359e-03
-5.6785e-03
-5.1674e-03
-4.2430e-03
-3.1867e-03
-2.1614e-03
-1.7127e-03
-1.7636e-03
-1.8139e-03
-1.3666e-03
-3.5745e-04
6.6903e-04
1.5523e-03
2.0280e-03
2.5474e-03
3.3839e-03
3.8731e-03
3.9177e-03
3.8135e-03
3.7455e-03
3.7835e-03
3.8815e-03
3.8340e-03
3.2709e-03
2.2948e-03
1.8332e-03
2.2513e-03
3.1425e-03
3.7292e-03
4.2211e-03
4.9123e-03
5.3465e-03
5.7855e-03
6.5901e-03
7.4932e-03
8.3950e-03
8.8267e-03
8.7186e-03
8.1239e-03
7.2387e-03
6.6568e-03
6.1284e-03
5.3789e-03
4.8234e-03
4.2304e-03
3.4450e-03
3.0471e-03
2.9294e-03
2.4851e-03
1.6419e-03
1.1259e-03
1.0794e-03
1.2052e-03
1.2165e-03
7.8441e-04
-1.0867e-04
-1.0025e-03
-1.7974e-03
-2.2636e-03
-2.6946e-03
-3.0589e-03
-2.6952e-03
-1.8083e-03
-4.9694e-04
7.6502e-04
1.6122e-03
2.2639e-03
2.6189e-03
3.0733e-03
3.7946e-03
4.1252e-03
3.8193e-03
3.2540e-03
2.7300e-03
1.9437e-03
1.5177e-03
1.1107e-03
7.7255e-04
3.3212e-04
-4.2811e-04
-1.2051e-03
-1.9943e-03
-2.6945e-03
-3.4562e-03
-4.2030e-03
-4.9179e-03
-5.2337e-03
-5.1841e-03
-5.0420e-03
-4.9431e-03
-4.9629e-03
-5.0495e-03
-4.9202e-03
-4.0429e-03
-2.5689e-03
-1.7430e-03
-1.6937e-03
-1.8347e-03
-1.7761e-03
-1.3826e-03
-1.0490e-03
-1.3184e-03
-1.6368e-03
-1.7018e-03
-1.7062e-03
-1.7564e-03
-1.6488e-03
-8.9859e-04
3.7472e-04
1.1210e-03
1.4853e-03
2.0236e-03
2.6533e-03
3.2850e-03
3.5789e-03
3.6028e-03
3.4946e-03
3.0400e-03
2.0870e-03
1.0984e-03
3.4168e-04
-5.4895e-04
-1.4544e-03
-2.1632e-03
-2.7540e-03
-2.9255e-03
-2.6281e-03
-2.2484e-03
-2.1320e-03
-1.8694e-03
-1.5982e-03
-1.2450e-03
-6.3591e-04
2.1754e-05
6.3022e-04
8.3489e-04
6.0551e-04
2.9627e-04
1.4128e-04
-3.5748e-04
-8.4354e-04
-9.5187e-04
-1.1732e-03
-1.3644e-03
-1.4202e-03
-1.4029e-03
-1.2858e-03
-9.9673e-04
-7.6130e-04
-9.5084e-04
-1.1582e-03
-1.2373e-03
-1.4495e-03
-1.8436e-03
-2.1088e-03
-2.3753e-03
-2.7669e-03
-2.9473e-03
-2.9012e-03
-2.8173e-03
-2.7692e-03
-2.6712e-03
-2.3397e-03
-1.8337e-03
-1.5477e-03
-1.4374e-03
-1.1894e-03
-7.8104e-04
-5.0860e-04
-1.7962e-04
4.8520e-04
1.1442e-03
1.3980e-03
1.3616e-03
1.2811e-03
1.2516e-03
1.2657e-03
1.2624e-03
1.1743e-03
9.6712e-04
8.4019e-04
9.9458e-04
9.0590e-04
3.7470e-04
-1.0180e-05
1.2535e-04
3.3942e-04
3.8641e-04
3.9589e-04
5.7099e-04
8.8675e-04
1.0396e-03
1.0767e-03
1.2434e-03
1.5002e-03
1.4548e-03
1.1465e-03
1.0426e-03
1.1520e-03
1.2222e-03
1.3333e-03
1.2498e-03
9.5870e-04
7.8119e-04
7.1776e-04
5.6599e-04
3.0674e-04
1.7158e-04
1.4056e-04
1.8647e-05
-2.1669e-04
-3.4469e-04
-3.3802e-04
-2.9483e-04
-2.6584e-04
-2.5027e-04
-2.2257e-04
-1.8037e-04
-1.7001e-04
-2.7906e-04
-4.7806e-04
-5.4860e-04
-4.2497e-04
-2.0811e-04
-3.7822e-05
2.0976e-04
5.6518e-04
7.3215e-04
7.2857e-04
7.9048e-04
1.0251e-03
1.2589e-03
1.3123e-03
1.2490e-03
1.1970e-03
1.2185e-03
1.2356e-03
1.1293e-03
1.0175e-03
9.4313e-04
8.2798e-04
6.6164e-04
5.5498e-04
5.2481e-04
5.1975e-04
4.9271e-04
4.0010e-04
2.6214e-04
1.8125e-04
1.6320e-04
1.6646e-04
1.6934e-04
1.5602e-04
9.3774e-05
-1.6577e-05
-1.1209e-04
-1.5825e-04
-1.4218e-04
-1.2818e-04
-1.2112e-04
-1.5588e-04
-1.8445e-04
-1.8416e-04
-1.7091e-04
-1.4619e-04
-1.0515e-04
-7.5040e-05
-9.2485e-05
-8.6326e-05
-3.5521e-05
7.9769e-06
4.6248e-05
8.3534e-05
7.8817e-05
5.4890e-05
6.4414e-05
7.8919e-05
8.5013e-05
9.6964e-05
1.0353e-04
7.8597e-05
5.3046e-05
4.1138e-05
3.4575e-05
3.1774e-05
4.2568e-05
6.7267e-05
8.5638e-05
8.8761e-05
7.7474e-05
7.5647e-05
7.4206e-05
6.5688e-05
5.2182e-05
3.0359e-05
1.5299e-06
-2.5324e-05
-5.0400e-05
-6.9122e-05
-7.7039e-05
-7.0117e-05
-6.3375e-05
-6.3319e-05
-6.6445e-05
-6.9753e-05
-7.0530e-05
-6.5985e-05
-5.8129e-05
-5.5737e-05
-5.8926e-05
-6.3452e-05
-6.6126e-05
-6.4684e-05
-6.0713e-05
-6.0394e-05
-6.4223e-05
-7.0153e-05
-7.5287e-05
-7.7520e-05
-8.0519e-05
-8.3224e-05
-8.5819e-05
-8.9022e-05
-9.1416e-05
-9.3039e-05
-9.3526e-05
-9.3537e-05
-9.3241e-05
-9.3247e-05
-9.2385e-05
-8.9571e-05
-8.5931e-05
-8.2904e-05
-8.0730e-05
-7.8588e-05
-7.6056e-05
-7.2557e-05
-6.8518e-05
-6.5169e-05
-6.2678e-05
-6.0160e-05
-5.7747e-05
-5.5825e-05
-5.4158e-05
-5.2528e-05
-5.1018e-05
-4.9681e-05
-4.8598e-05
-4.7644e-05
-4.6614e-05
-4.5523e-05
-4.4458e-05
-4.3465e-05
-4.2506e-05
-4.1507e-05
-4.0493e-05
-3.9507e-05
-3.8560e-05
-3.7648e-05
-3.6762e-05
-3.5899e-05
-3.5055e-05
-3.4232e-05
-3.3429e-05
-3.2642e-05
-3.1871e-05
-3.1114e-05
-3.0371e-05
-2.9640e-05
