-2.6491e-04
-2.6534e-04
-2.6578e-04
-2.6622e-04
-2.6666e-04
-2.6709e-04
-2.6753e-04
-2.6796e-04
-2.6840e-04
-2.6883e-04
-2.6925e-04
-2.6967e-04
-2.7009e-04
-2.7051e-04
-2.7092e-04
-2.7132e-04
-2.7171e-04
-2.7210e-04
-2.7247e-04
-2.7282e-04
-2.7317e-04
-2.7349e-04
-2.7380e-04
-2.7409e-04
-2.7436e-04
-2.7460e-04
-2.7481e-04
-2.7498e-04
-2.7512e-04
-2.7523e-04
-2.7531e-04
-2.7546e-04
-2.7603e-04
-2.7714e-04
-2.7893e-04
-2.8103e-04
-2.8293e-04
-2.8434e-04
-2.8519e-04
-2.8569e-04
-2.8614e-04
-2.8593e-04
-2.8324e-04
-2.7880e-04
-2.7600e-04
-2.7736e-04
-2.8217e-04
-2.8870e-04
-2.9563e-04
-2.9976e-04
-3.0022e-04
-2.9841e-04
-2.9434e-04
-2.8474e-04
-2.7119e-04
-2.5799e-04
-2.4810e-04
-2.4231e-04
-2.3960e-04
-2.3817e-04
-2.3647e-04
-2.3368e-04
-2.2963e-04
-2.2453e-04
-2.1935e-04
-2.2089e-04
-2.3795e-04
-2.6475e-04
-2.9053e-04
-3.0779e-04
-3.1476e-04
-3.1389e-04
-3.0933e-04
-3.0519e-04
-3.0376e-04
-3.0511e-04
-3.0798e-04
-3.1086e-04
-3.1280e-04
-3.1367e-04
-3.1392e-04
-3.1411e-04
-3.1410e-04
-3.1401e-04
-3.1404e-04
-3.1461e-04
-3.2669e-04
-3.4628e-04
-3.5433e-04
-3.4798e-04
-3.3142e-04
-2.8381e-04
-1.9000e-04
-6.4382e-05
5.3541e-05
1.1966e-04
1.1566e-04
5.3169e-05
-2.7864e-05
-1.0965e-04
-1.8898e-04
-2.5196e-04
-2.8847e-04
-2.7637e-04
-1.8470e-04
-3.4008e-06
2.5165e-04
5.2525e-04
7.2291e-04
7.9233e-04
7.6261e-04
6.9201e-04
5.9454e-04
4.4628e-04
2.3635e-04
1.2102e-07
-2.0170e-04
-3.3499e-04
-4.3174e-04
-5.3761e-04
-6.7709e-04
-8.6754e-04
-1.0670e-03
-1.2288e-03
-1.3333e-03
-1.3854e-03
-1.4052e-03
-1.4156e-03
-1.4322e-03
-1.4615e-03
-1.4879e-03
-1.4296e-03
-1.2245e-03
-9.2271e-04
-5.6781e-04
-1.6150e-04
2.3841e-04
5.4577e-04
7.3231e-04
9.3984e-04
1.2742e-03
1.6657e-03
2.0031e-03
2.2152e-03
2.2482e-03
2.1474e-03
2.0873e-03
2.1338e-03
2.2630e-03
2.4149e-03
2.5355e-03
2.6058e-03
2.6396e-03
2.6230e-03
2.4443e-03
2.0327e-03
1.3598e-03
3.7921e-04
-7.9705e-04
-1.8766e-03
-2.6207e-03
-2.9759e-03
-3.0163e-03
-2.6795e-03
-2.0340e-03
-1.1544e-03
-6.5928e-05
1.0317e-03
1.7946e-03
2.1480e-03
2.3737e-03
2.6921e-03
3.0142e-03
3.0635e-03
2.7356e-03
2.1451e-03
1.4219e-03
7.1658e-04
-3.0005e-06
-8.4477e-04
-1.8620e-03
-2.9793e-03
-3.9389e-03
-4.3746e-03
-4.1246e-03
-3.4386e-03
-2.7206e-03
-2.2496e-03
-2.0811e-03
-1.9594e-03
-1.5565e-03
-8.7565e-04
-1.4754e-04
5.5927e-04
1.3721e-03
2.3815e-03
3.2563e-03
3.6160e-03
3.4360e-03
2.5824e-03
1.2672e-03
-2.7592e-04
-2.1578e-03
-4.1948e-03
-5.7897e-03
-6.3067e-03
-5.8720e-03
-4.9409e-03
-3.6789e-03
-2.3879e-03
-1.3751e-03
-5.6061e-04
2.8459e-04
1.1803e-03
2.1718e-03
3.3646e-03
4.5963e-03
5.5773e-03
6.1448e-03
6.1612e-03
5.5213e-03
4.4530e-03
3.4014e-03
2.5162e-03
1.6059e-03
6.2749e-04
-2.2916e-04
-9.4435e-04
-1.7783e-03
-2.8339e-03
-4.0183e-03
-5.3752e-03
-6.8111e-03
-8.1227e-03
-9.3074e-03
-1.0158e-02
-1.0208e-02
-8.9797e-03
-6.4131e-03
-3.0127e-03
3.1958e-04
3.1813e-03
5.3273e-03
6.6155e-03
7.1705e-03
7.2808e-03
7.2333e-03
7.1715e-03
6.9380e-03
6.4585e-03
5.6446e-03
4.3606e-03
2.6358e-03
8.7743e-04
-2.3385e-04
-1.9099e-04
8.5222e-04
2.4023e-03
3.7799e-03
4.3979e-03
4.1102e-03
3.1164e-03
1.8141e-03
5.0122e-04
-1.6655e-04
3.4072e-04
1.6002e-03
2.8923e-03
3.8565e-03
4.7446e-03
5.8312e-03
6.9739e-03
7.7981e-03
7.9205e-03
7.3270e-03
5.7728e-03
3.0781e-03
-2.7781e-04
-3.3328e-03
-5.3706e-03
-6.2748e-03
-6.3632e-03
-6.0966e-03
-5.8462e-03
-5.7843e-03
-5.8997e-03
-6.0058e-03
-5.4226e-03
-3.7852e-03
-1.3749e-03
9.1124e-04
1.9955e-03
1.6530e-03
5.1746e-04
-4.3892e-04
-3.9072e-04
7.5842e-04
2.3493e-03
3.6837e-03
4.3962e-03
4.3219e-03
3.3388e-03
1.6982e-03
3.8759e-05
-1.1171e-03
-1.3581e-03
-4.3480e-05
2.8141e-03
6.0805e-03
8.6122e-03
9.9189e-03
1.0071e-02
9.1113e-03
7.0077e-03
4.3620e-03
1.7964e-03
-1.8589e-04
-1.3398e-03
-1.5757e-03
-6.0922e-04
1.1306e-03
2.8180e-03
3.9132e-03
4.3129e-03
4.3106e-03
4.5087e-03
5.0158e-03
5.3199e-03
5.1890e-03
4.8596e-03
4.7832e-03
4.7921e-03
4.5866e-03
3.8062e-03
2.2002e-03
-1.8082e-04
-3.0751e-03
-6.1771e-03
-9.1788e-03
-1.1600e-02
-1.3110e-02
-1.3657e-02
-1.3129e-02
-1.1642e-02
-9.8294e-03
-8.1746e-03
-6.2090e-03
-3.3936e-03
-3.9828e-05
3.6950e-03
7.6073e-03
1.1290e-02
1.4172e-02
1.5909e-02
1.6603e-02
1.6544e-02
1.5754e-02
1.4168e-02
1.1874e-02
9.1735e-03
6.7126e-03
4.9423e-03
3.4853e-03
1.3524e-03
-2.1004e-03
-6.4468e-03
-1.0487e-02
-1.3112e-02
-1.3656e-02
-1.2182e-02
-9.3232e-03
-6.1552e-03
-4.0563e-03
-3.2980e-03
-3.1450e-03
-2.7571e-03
-1.0356e-03
2.3097e-03
6.4463e-03
1.0668e-02
1.4037e-02
1.6001e-02
1.6512e-02
1.5624e-02
1.3740e-02
1.1575e-02
9.2119e-03
6.1256e-03
2.0566e-03
-2.5195e-03
-6.9646e-03
-1.0790e-02
-1.3478e-02
-1.4609e-02
-1.3701e-02
-1.1063e-02
-7.6598e-03
-4.7247e-03
-2.9794e-03
-2.1386e-03
-1.1478e-03
2.0905e-04
1.7325e-03
3.2336e-03
4.0567e-03
4.3587e-03
5.0744e-03
6.3025e-03
7.6166e-03
8.6193e-03
9.1333e-03
9.1956e-03
8.8532e-03
8.0113e-03
6.6622e-03
4.4286e-03
1.3530e-03
-2.1970e-03
-5.6725e-03
-8.3655e-03
-9.9121e-03
-1.0297e-02
-9.4966e-03
-7.7772e-03
-5.8986e-03
-4.5207e-03
-3.8742e-03
-3.6696e-03
-3.0081e-03
-1.0013e-03
2.1467e-03
5.3214e-03
7.5845e-03
8.6217e-03
8.4655e-03
7.1503e-03
4.9087e-03
2.1067e-03
-7.3842e-04
-2.9522e-03
-4.2161e-03
-4.8449e-03
-5.4380e-03
-6.1345e-03
-6.9911e-03
-7.7016e-03
-7.5050e-03
-6.5506e-03
-5.3975e-03
-4.5124e-03
-4.0875e-03
-4.0613e-03
-4.2420e-03
-4.4296e-03
-4.3077e-03
-3.6348e-03
-2.9026e-03
-2.5347e-03
-2.0619e-03
-1.1200e-03
2.5937e-04
2.1564e-03
4.3714e-03
6.3030e-03
7.5136e-03
7.9681e-03
7.9293e-03
8.1301e-03
9.2963e-03
1.0782e-02
1.1351e-02
1.0334e-02
7.5424e-03
3.1148e-03
-2.1908e-03
-7.3575e-03
-1.1717e-02
-1.4608e-02
-1.5456e-02
-1.4552e-02
-1.2368e-02
-8.9907e-03
-5.1068e-03
-1.8736e-03
5.7052e-05
7.0526e-04
5.2502e-04
5.2007e-05
-5.6599e-04
-1.0712e-03
-1.0931e-03
-7.4901e-04
-3.3045e-04
-4.5829e-05
2.1765e-05
-9.0660e-05
-2.6983e-04
-4.1364e-04
-4.7714e-04
-5.1174e-04
-8.5773e-04
-1.9591e-03
-3.9824e-03
-6.7576e-03
-9.6535e-03
-1.1873e-02
-1.2763e-02
-1.2020e-02
-1.0158e-02
-8.1030e-03
-5.9242e-03
-3.7310e-03
-1.9111e-03
-4.4786e-05
2.0279e-03
3.8746e-03
5.1388e-03
5.7451e-03
5.8128e-03
5.2225e-03
3.7708e-03
1.4878e-03
-1.3520e-03
-4.0774e-03
-5.9883e-03
-6.5028e-03
-5.4383e-03
-3.4461e-03
-1.5343e-03
-3.2696e-04
8.2344e-05
-9.4438e-05
-7.9346e-04
-1.4601e-03
-1.5254e-03
-3.8688e-04
1.7731e-03
4.0216e-03
5.6155e-03
6.3176e-03
6.2789e-03
5.5040e-03
3.9083e-03
1.5979e-03
-1.1826e-03
-3.8734e-03
-6.2287e-03
-8.4308e-03
-1.0365e-02
-1.1770e-02
-1.2551e-02
-1.2872e-02
-1.3254e-02
-1.3605e-02
-1.3652e-02
-1.3413e-02
-1.2677e-02
-1.1195e-02
-9.2384e-03
-6.7786e-03
-4.0630e-03
-1.4600e-03
5.7233e-04
1.4339e-03
1.1883e-03
3.9220e-04
-1.8855e-04
4.7991e-04
2.6378e-03
5.4114e-03
7.6517e-03
8.4902e-03
7.9755e-03
6.8158e-03
5.6461e-03
4.4570e-03
3.0113e-03
1.4981e-03
1.8526e-04
-9.6604e-04
-1.7075e-03
-2.3220e-03
-3.3311e-03
-4.7487e-03
-6.5781e-03
-8.7832e-03
-1.0899e-02
-1.2426e-02
-1.3196e-02
-1.3355e-02
-1.3009e-02
-1.1783e-02
-9.9079e-03
-7.9109e-03
-5.6690e-03
-3.2209e-03
-4.3238e-04
2.3410e-03
4.5754e-03
6.3006e-03
7.4817e-03
7.7983e-03
7.2595e-03
5.9361e-03
3.9765e-03
1.8584e-03
-1.4918e-04
-1.8449e-03
-3.4266e-03
-5.2963e-03
-7.5857e-03
-9.8592e-03
-1.1574e-02
-1.2407e-02
-1.2049e-02
-1.0497e-02
-8.1493e-03
-5.2204e-03
-2.4459e-03
-5.0452e-04
4.1944e-04
7.1089e-04
1.2307e-03
2.4912e-03
4.1872e-03
5.7274e-03
6.7146e-03
7.0838e-03
7.3106e-03
8.1240e-03
8.8350e-03
8.1022e-03
5.3324e-03
1.3012e-03
-2.5132e-03
-5.0493e-03
-6.0762e-03
-6.0031e-03
-5.4613e-03
-4.9519e-03
-4.7251e-03
-4.7829e-03
-4.8368e-03
-4.4243e-03
-3.6003e-03
-2.8355e-03
-2.7347e-03
-3.2760e-03
-4.0672e-03
-4.5758e-03
-4.2855e-03
-3.3711e-03
-2.4834e-03
-2.3297e-03
-2.9012e-03
-3.6228e-03
-3.9004e-03
-3.6470e-03
-2.4405e-03
-6.5126e-04
1.2865e-03
3.5083e-03
5.6665e-03
7.2811e-03
8.1718e-03
8.4760e-03
8.4526e-03
8.1906e-03
7.3775e-03
5.9071e-03
4.2625e-03
2.9591e-03
2.2573e-03
2.0908e-03
2.0647e-03
1.5114e-03
1.3927e-04
-1.5920e-03
-3.0596e-03
-3.6218e-03
-2.6643e-03
-5.7124e-04
1.8398e-03
3.2896e-03
2.9743e-03
1.0978e-03
-1.2899e-03
-3.1827e-03
-4.1247e-03
-3.9183e-03
-2.3468e-03
-1.2466e-04
2.0984e-03
4.4142e-03
6.5098e-03
7.9972e-03
8.7733e-03
8.9770e-03
8.4595e-03
6.9536e-03
5.0487e-03
3.4586e-03
2.5400e-03
2.0708e-03
1.7518e-03
1.7707e-03
2.0557e-03
2.6115e-03
3.5328e-03
4.3352e-03
4.4440e-03
3.7502e-03
2.5940e-03
1.7960e-03
1.6284e-03
1.9272e-03
2.3831e-03
2.7410e-03
2.8901e-03
2.8552e-03
2.7321e-03
2.6167e-03
2.5619e-03
2.5706e-03
2.6233e-03
2.9011e-03
3.8384e-03
5.4493e-03
7.1655e-03
8.4507e-03
9.0876e-03
8.9612e-03
7.8697e-03
6.0326e-03
3.9544e-03
1.7437e-03
-6.6717e-04
-3.3246e-03
-5.9833e-03
-7.6965e-03
-7.6426e-03
-6.3221e-03
-4.6890e-03
-3.4599e-03
-2.6679e-03
-1.7065e-03
-3.6861e-04
1.0177e-03
2.0922e-03
2.6931e-03
2.8689e-03
2.7896e-03
2.6378e-03
2.5348e-03
2.4950e-03
2.2016e-03
1.1885e-03
-4.4784e-04
-2.1110e-03
-3.3031e-03
-3.8607e-03
-3.9107e-03
-3.7120e-03
-3.5000e-03
-3.4013e-03
-3.3799e-03
-2.8393e-03
-1.4124e-03
4.0506e-04
2.4960e-03
4.8523e-03
6.9472e-03
8.3071e-03
8.5762e-03
7.8313e-03
6.7082e-03
6.0617e-03
6.3058e-03
7.1387e-03
8.0244e-03
8.2839e-03
7.3929e-03
5.5957e-03
3.6351e-03
1.5231e-03
-7.0337e-04
-2.4678e-03
-2.7965e-03
-1.6292e-03
1.6841e-04
2.0603e-03
3.6865e-03
5.0684e-03
6.2612e-03
7.0710e-03
6.7852e-03
5.3566e-03
3.5423e-03
2.0621e-03
1.2231e-03
6.0749e-04
-4.3931e-04
-1.9482e-03
-3.4647e-03
-4.5782e-03
-5.0620e-03
-4.3663e-03
-2.6101e-03
-6.4919e-04
7.9777e-04
1.4433e-03
1.4195e-03
1.0746e-03
7.3187e-04
5.4136e-04
5.8583e-04
1.4450e-03
3.1346e-03
4.9527e-03
6.2905e-03
6.9025e-03
6.8299e-03
5.6779e-03
3.2626e-03
-7.1796e-05
-4.0805e-03
-8.0214e-03
-1.0861e-02
-1.1535e-02
-1.0253e-02
-8.2420e-03
-6.5936e-03
-5.6209e-03
-4.6364e-03
-3.3664e-03
-2.0821e-03
-8.9640e-04
6.9492e-04
2.8138e-03
5.5506e-03
8.5769e-03
1.1785e-02
1.4730e-02
1.6746e-02
1.7237e-02
1.6048e-02
1.3449e-02
9.7236e-03
5.4627e-03
1.3173e-03
-2.2785e-03
-4.9078e-03
-6.3998e-03
-6.9556e-03
-6.9697e-03
-6.8161e-03
-6.7224e-03
-6.7525e-03
-6.8625e-03
-6.9762e-03
-7.0402e-03
-7.0424e-03
-6.8175e-03
-5.7573e-03
-3.8026e-03
-1.0081e-03
2.1676e-03
5.5145e-03
8.5336e-03
1.0651e-02
1.1714e-02
1.1774e-02
1.0501e-02
7.9350e-03
4.5900e-03
1.0205e-03
-2.3209e-03
-4.9083e-03
-6.4438e-03
-6.9445e-03
-6.3565e-03
-4.7934e-03
-2.9011e-03
-1.0870e-03
9.3876e-04
3.2285e-03
5.9687e-03
8.8071e-03
1.1277e-02
1.2666e-02
1.2765e-02
1.1570e-02
9.0148e-03
4.7443e-03
-8.4410e-04
-6.6341e-03
-1.1696e-02
-1.5268e-02
-1.6488e-02
-1.5796e-02
-1.4046e-02
-1.1602e-02
-9.2219e-03
-7.5646e-03
-6.5072e-03
-5.2136e-03
-3.3261e-03
-6.2917e-04
2.2352e-03
4.4617e-03
5.6771e-03
5.9777e-03
5.7313e-03
5.3601e-03
5.1209e-03
4.9586e-03
4.3458e-03
2.9831e-03
1.2891e-03
-1.5332e-04
-1.0161e-03
-1.2923e-03
-8.8235e-04
5.9222e-04
2.6184e-03
4.3898e-03
5.4581e-03
5.6442e-03
4.9196e-03
3.7522e-03
2.5525e-03
1.5033e-03
1.0861e-03
1.4587e-03
2.5885e-03
3.9783e-03
4.9428e-03
4.7772e-03
3.2284e-03
5.5985e-04
-2.5673e-03
-5.2241e-03
-6.9846e-03
-8.2971e-03
-9.6855e-03
-1.1099e-02
-1.2267e-02
-1.3013e-02
-1.3039e-02
-1.1853e-02
-9.6343e-03
-6.6058e-03
-3.3245e-03
1.9312e-05
3.0055e-03
5.3170e-03
6.3199e-03
5.6838e-03
3.5989e-03
5.8195e-04
-2.6257e-03
-5.0256e-03
-5.8719e-03
-5.2679e-03
-3.6660e-03
-1.8941e-03
-6.3048e-04
-9.8031e-05
-1.4753e-04
-4.7953e-04
-8.0359e-04
-9.6204e-04
-1.2391e-03
-2.1812e-03
-3.4148e-03
-4.4605e-03
-4.4327e-03
-3.4026e-03
-1.8870e-03
-3.4750e-05
2.0300e-03
3.8475e-03
5.0485e-03
5.2871e-03
4.1416e-03
2.1876e-03
3.3866e-04
-8.2971e-04
-1.2241e-03
-1.0892e-03
-9.1955e-04
-1.4308e-03
-2.8775e-03
-4.7213e-03
-6.2766e-03
-7.1676e-03
-7.1036e-03
-5.4258e-03
-2.1269e-03
1.5775e-03
4.4398e-03
5.9237e-03
6.0542e-03
4.9238e-03
2.9310e-03
9.0980e-04
-4.8378e-04
-1.0715e-03
-1.0553e-03
-7.8194e-04
-5.3906e-04
-4.5817e-04
-3.4161e-04
4.4995e-04
1.6891e-03
2.9850e-03
3.7379e-03
3.6366e-03
2.6398e-03
1.1890e-03
-9.8745e-05
-8.6390e-04
-1.0831e-03
-9.5271e-04
-7.2051e-04
-5.6164e-04
-5.3474e-04
-6.0662e-04
-7.0729e-04
-7.7890e-04
-7.9898e-04
-7.7765e-04
-7.4046e-04
-7.1060e-04
-6.9898e-04
-7.0388e-04
-7.1657e-04
-7.2807e-04
-7.3340e-04
-7.3235e-04
-7.2669e-04
-5.3339e-04
4.8490e-04
2.3175e-03
4.6903e-03
7.2312e-03
8.9591e-03
9.1328e-03
8.0692e-03
6.5300e-03
4.8087e-03
2.9300e-03
1.1123e-03
-7.1249e-04
-2.7185e-03
-4.6418e-03
-6.0888e-03
-6.8942e-03
-7.1479e-03
-7.0780e-03
-6.9164e-03
-6.8104e-03
-6.8041e-03
-6.8676e-03
-6.9457e-03
-6.9962e-03
-7.0056e-03
-6.9848e-03
-6.9548e-03
-6.9328e-03
-6.9258e-03
-6.9302e-03
-6.7519e-03
-5.7386e-03
-3.9677e-03
-2.0366e-03
-1.0666e-04
1.8939e-03
3.7113e-03
5.0389e-03
5.7774e-03
6.0377e-03
6.1377e-03
6.6683e-03
8.0261e-03
9.8723e-03
1.1548e-02
1.2524e-02
1.2319e-02
1.0783e-02
8.2265e-03
5.2289e-03
2.5743e-03
8.5343e-04
1.3294e-04
-2.3574e-04
-1.0385e-03
-2.0653e-03
-3.1221e-03
-4.1227e-03
-4.8491e-03
-5.2167e-03
-5.2880e-03
-5.1782e-03
-5.0149e-03
-4.8190e-03
-3.9586e-03
-2.3129e-03
-4.1233e-04
1.8311e-03
4.2586e-03
6.2317e-03
7.0171e-03
6.2086e-03
3.9850e-03
9.4283e-04
-2.0386e-03
-4.5028e-03
-6.1432e-03
-6.5791e-03
-6.0401e-03
-5.1558e-03
-4.4460e-03
-3.9452e-03
-2.9662e-03
-1.4314e-03
1.5079e-04
1.5154e-03
3.1313e-03
4.9773e-03
6.3339e-03
6.2250e-03
5.0324e-03
3.7888e-03
2.7462e-03
2.0194e-03
1.6521e-03
1.5588e-03
1.5958e-03
1.4950e-03
7.4549e-04
-8.0422e-04
-2.6189e-03
-4.0774e-03
-4.8598e-03
-4.6021e-03
-3.0491e-03
-7.2381e-04
1.9779e-03
5.0333e-03
8.3810e-03
1.1319e-02
1.3484e-02
1.4839e-02
1.5184e-02
1.4817e-02
1.4251e-02
1.3828e-02
1.3646e-02
1.3352e-02
1.2085e-02
9.4169e-03
5.7478e-03
1.7322e-03
-2.1261e-03
-5.8484e-03
-9.3817e-03
-1.2465e-02
-1.4908e-02
-1.6458e-02
-1.6444e-02
-1.4170e-02
-9.7257e-03
-3.8735e-03
1.8109e-03
5.8550e-03
7.7580e-03
7.5715e-03
5.7498e-03
3.2710e-03
5.2734e-04
-2.1056e-03
-4.0619e-03
-5.1503e-03
-5.5145e-03
-5.4833e-03
-5.3700e-03
-5.3607e-03
-5.2940e-03
-4.4548e-03
-2.7677e-03
-4.6173e-04
2.1730e-03
4.4174e-03
5.3511e-03
4.7227e-03
3.3855e-03
1.9355e-03
7.8128e-04
1.2352e-04
-2.2980e-04
-9.1993e-04
-2.3013e-03
-4.1405e-03
-6.0453e-03
-7.2427e-03
-7.5042e-03
-7.1518e-03
-6.6277e-03
-6.2502e-03
-6.3165e-03
-7.2706e-03
-8.8150e-03
-9.7947e-03
-9.5715e-03
-8.4765e-03
-6.7292e-03
-4.3875e-03
-1.6006e-03
1.3781e-03
3.8578e-03
5.3227e-03
5.1181e-03
3.4553e-03
1.3852e-03
-2.0124e-04
-8.5260e-04
-4.6522e-04
1.1305e-04
-2.3612e-04
-1.8251e-03
-3.9765e-03
-5.5406e-03
-5.4215e-03
-3.9098e-03
-2.0105e-03
-5.6496e-04
1.5619e-04
7.7838e-04
1.6346e-03
2.0616e-03
1.7228e-03
9.2180e-04
1.0106e-04
-4.5047e-04
-6.8489e-04
-6.8985e-04
-3.8413e-04
7.5857e-04
2.5402e-03
4.2624e-03
5.4272e-03
5.9271e-03
5.9475e-03
5.7309e-03
5.2845e-03
4.2637e-03
2.4416e-03
-1.5085e-04
-3.0625e-03
-6.0474e-03
-8.9633e-03
-1.1280e-02
-1.2681e-02
-1.3233e-02
-1.3241e-02
-1.3003e-02
-1.2315e-02
-1.0936e-02
-9.2360e-03
-7.7828e-03
-6.8995e-03
-6.5909e-03
-6.6554e-03
-6.5507e-03
-5.4754e-03
-3.6326e-03
-1.3505e-03
1.3029e-03
3.6977e-03
5.3054e-03
6.0250e-03
6.0958e-03
5.8772e-03
5.6614e-03
5.5867e-03
5.6505e-03
5.7758e-03
5.8822e-03
5.9335e-03
5.8611e-03
5.2775e-03
3.9225e-03
2.1913e-03
6.9683e-04
-2.0492e-04
-4.9992e-04
-3.9404e-04
-3.5018e-04
-1.0202e-03
-2.2528e-03
-2.9737e-03
-2.6782e-03
-1.7051e-03
-6.2951e-04
8.8806e-05
-2.0270e-05
-9.0910e-04
-1.9930e-03
-2.4380e-03
-2.0192e-03
-1.0378e-03
3.3567e-04
1.8568e-03
3.4552e-03
4.8634e-03
5.8222e-03
6.2853e-03
6.3823e-03
6.3049e-03
6.2102e-03
6.1761e-03
6.2072e-03
6.2206e-03
5.6382e-03
4.1378e-03
2.2678e-03
6.6097e-04
-5.8898e-04
-1.6334e-03
-2.3867e-03
-2.4760e-03
-1.8501e-03
-5.5301e-04
1.3976e-03
3.5113e-03
5.1772e-03
6.0052e-03
5.7245e-03
4.5509e-03
2.8132e-03
1.1050e-03
-2.1539e-04
-1.4452e-03
-2.9104e-03
-4.4221e-03
-5.6422e-03
-6.3627e-03
-6.6235e-03
-6.6005e-03
-6.4802e-03
-6.4069e-03
-6.4221e-03
-6.4986e-03
-6.6047e-03
-6.7129e-03
-6.7912e-03
-6.8275e-03
-6.8302e-03
-6.8172e-03
-6.8035e-03
-6.6103e-03
-5.5988e-03
-3.8685e-03
-2.1008e-03
-6.9267e-04
4.8828e-04
1.4300e-03
2.2094e-03
3.1452e-03
4.1679e-03
5.0297e-03
5.5723e-03
5.7885e-03
5.7800e-03
5.6568e-03
5.2284e-03
4.1210e-03
2.4634e-03
8.3546e-04
-3.0249e-04
-8.1911e-04
-8.9405e-04
-1.1150e-03
-1.7543e-03
-2.5424e-03
-2.8285e-03
-2.2339e-03
-4.4700e-04
2.0302e-03
4.2649e-03
5.6669e-03
6.1631e-03
6.0427e-03
5.7007e-03
5.4532e-03
5.8230e-03
7.0783e-03
8.5930e-03
9.6412e-03
9.1753e-03
6.7209e-03
2.2510e-03
-3.3323e-03
-8.4898e-03
-1.2049e-02
-1.4264e-02
-1.5165e-02
-1.4818e-02
-1.3919e-02
-1.3035e-02
-1.1811e-02
-1.0135e-02
-8.3069e-03
-6.1042e-03
-3.7624e-03
-1.7007e-03
3.8131e-04
2.4212e-03
3.3396e-03
2.7698e-03
1.3946e-03
-6.3632e-06
-1.2270e-03
-1.8932e-03
-1.8126e-03
-1.2617e-03
-3.4577e-04
7.6565e-04
1.4493e-03
1.3222e-03
6.4858e-04
-1.1866e-04
-6.5195e-04
-8.4826e-04
-7.8551e-04
-5.9336e-04
-1.1312e-04
9.9668e-04
2.6491e-03
4.3035e-03
5.9165e-03
7.8248e-03
9.7138e-03
1.1173e-02
1.1994e-02
1.1834e-02
1.0395e-02
7.9999e-03
4.9553e-03
1.9618e-03
-7.5087e-04
-3.1692e-03
-5.0436e-03
-6.2060e-03
-6.7253e-03
-6.8243e-03
-6.7471e-03
-6.6661e-03
-6.6527e-03
-6.6062e-03
-6.0721e-03
-4.7441e-03
-2.9087e-03
-8.6925e-04
1.0378e-03
2.7580e-03
4.3572e-03
6.3142e-03
8.6788e-03
1.1520e-02
1.4409e-02
1.6264e-02
1.6342e-02
1.4939e-02
1.2381e-02
9.3838e-03
6.9466e-03
5.5789e-03
5.2084e-03
5.4262e-03
5.7392e-03
5.3225e-03
3.7767e-03
1.4479e-03
-1.3349e-03
-4.3084e-03
-7.0360e-03
-9.2101e-03
-1.0292e-02
-9.9115e-03
-8.6743e-03
-7.3868e-03
-6.5623e-03
-6.3205e-03
-6.6845e-03
-7.4297e-03
-7.8695e-03
-7.8009e-03
-7.1811e-03
-5.8223e-03
-3.8889e-03
-1.6661e-03
8.6994e-04
3.2270e-03
4.8963e-03
5.7323e-03
5.9159e-03
5.7685e-03
5.7222e-03
6.3842e-03
7.9284e-03
9.9229e-03
1.1926e-02
1.3073e-02
1.2609e-02
1.0296e-02
6.9099e-03
3.1371e-03
-2.4925e-04
-2.4592e-03
-2.6514e-03
-7.6760e-04
2.1030e-03
4.3488e-03
4.7930e-03
3.5227e-03
1.5573e-03
-1.0204e-04
-9.6223e-04
-1.2518e-03
-1.7203e-03
-2.6486e-03
-3.3269e-03
-3.1434e-03
-2.3899e-03
-1.8599e-03
-1.9781e-03
-2.9129e-03
-4.3149e-03
-5.5241e-03
-5.8231e-03
-4.8590e-03
-3.0935e-03
-1.2972e-03
5.4272e-04
2.4682e-03
3.5515e-03
3.2013e-03
2.1904e-03
1.7350e-03
2.3922e-03
3.7368e-03
5.0665e-03
5.9325e-03
6.2422e-03
6.1353e-03
5.5767e-03
4.1419e-03
2.3218e-03
1.0441e-03
3.5835e-04
6.4732e-06
-1.6474e-04
-1.6318e-04
5.9951e-04
2.2610e-03
4.8304e-03
7.8225e-03
1.0351e-02
1.1842e-02
1.1736e-02
9.8322e-03
6.7190e-03
3.3626e-03
3.5317e-04
-2.3685e-03
-4.5051e-03
-5.9906e-03
-7.0526e-03
-7.4816e-03
-7.3558e-03
-6.7959e-03
-5.5273e-03
-4.1030e-03
-3.2234e-03
-3.3605e-03
-4.3483e-03
-5.5649e-03
-6.4889e-03
-6.8793e-03
-6.4974e-03
-5.1824e-03
-3.2425e-03
-8.5398e-04
1.7971e-03
4.0631e-03
5.5036e-03
6.0892e-03
5.9106e-03
4.9045e-03
3.2090e-03
1.4313e-03
1.2518e-04
-5.1372e-04
-6.0925e-04
-4.3031e-04
-3.8716e-05
1.0697e-03
2.7762e-03
4.4117e-03
5.2054e-03
5.3097e-03
5.1809e-03
4.3867e-03
2.8704e-03
1.2452e-03
4.1780e-05
-5.4792e-04
-6.3121e-04
-4.5605e-04
-2.5493e-04
-1.5709e-04
-1.4054e-04
2.1932e-04
1.3724e-03
3.0756e-03
4.6928e-03
5.7346e-03
5.7281e-03
4.4584e-03
2.4803e-03
6.5945e-04
-4.6770e-04
-8.3162e-04
-7.2576e-04
-8.4919e-04
-1.5482e-03
-2.8912e-03
-4.5624e-03
-5.9984e-03
-6.8224e-03
-6.6886e-03
-5.7527e-03
-4.5693e-03
-3.2982e-03
-2.0803e-03
-1.1739e-03
-6.0215e-04
3.7210e-04
2.0026e-03
3.7619e-03
5.1179e-03
5.8364e-03
5.9699e-03
5.7778e-03
5.5153e-03
5.3345e-03
5.2863e-03
5.3367e-03
5.4187e-03
5.4773e-03
5.4521e-03
4.9802e-03
3.7013e-03
1.9216e-03
2.9376e-04
-7.5252e-04
-1.1497e-03
-1.0924e-03
-8.5940e-04
-6.6763e-04
-6.0973e-04
-6.6888e-04
-8.1397e-04
-1.3111e-03
-2.2167e-03
-3.5299e-03
-4.9557e-03
-5.6877e-03
-5.1436e-03
-3.5855e-03
-1.4431e-03
1.0282e-03
3.3187e-03
5.0136e-03
6.5792e-03
7.9117e-03
8.6096e-03
8.2858e-03
6.7715e-03
4.3526e-03
1.6629e-03
-1.1637e-03
-3.8702e-03
-6.3675e-03
-8.7277e-03
-1.0731e-02
-1.2126e-02
-1.2847e-02
-1.3039e-02
-1.2950e-02
-1.2795e-02
-1.2498e-02
-1.1462e-02
-9.6602e-03
-7.3184e-03
-4.5296e-03
-1.2218e-03
2.0365e-03
4.5775e-03
6.4103e-03
7.7443e-03
8.9713e-03
1.0083e-02
1.0577e-02
1.0273e-02
9.1823e-03
7.7267e-03
6.4716e-03
5.7325e-03
5.5117e-03
5.3220e-03
4.3176e-03
2.4965e-03
3.9879e-05
-2.6803e-03
-4.9780e-03
-6.4031e-03
-6.9462e-03
-6.9181e-03
-6.7083e-03
-6.5238e-03
-5.9059e-03
-4.5114e-03
-2.8175e-03
-1.4070e-03
-5.8431e-04
-2.8769e-04
2.1634e-04
1.4671e-03
3.0912e-03
4.5172e-03
5.3990e-03
5.7037e-03
5.6147e-03
5.3583e-03
5.1201e-03
4.9946e-03
4.9613e-03
4.9670e-03
4.7860e-03
3.7540e-03
1.9533e-03
8.6896e-05
-1.2613e-03
-1.8925e-03
-1.9449e-03
-1.7134e-03
-1.6165e-03
-2.2542e-03
-3.7929e-03
-5.6762e-03
-7.2412e-03
-7.9354e-03
-7.7198e-03
-7.1248e-03
-6.5136e-03
-6.4236e-03
-6.8441e-03
-7.4654e-03
-7.9855e-03
-8.2522e-03
-8.2509e-03
-7.7941e-03
-6.5819e-03
-4.8238e-03
-3.1080e-03
-1.5659e-03
-2.1623e-04
1.1090e-03
2.4292e-03
3.5316e-03
4.2472e-03
4.5744e-03
4.6141e-03
4.6093e-03
5.0338e-03
5.9959e-03
7.4556e-03
9.0374e-03
9.9745e-03
9.4354e-03
7.7792e-03
5.9146e-03
4.5792e-03
4.0268e-03
4.2421e-03
5.0138e-03
5.5817e-03
5.6309e-03
5.2751e-03
4.8125e-03
4.4576e-03
3.8850e-03
2.5580e-03
8.4095e-04
-6.6640e-04
-1.6070e-03
-2.0163e-03
-2.6193e-03
-3.9707e-03
-6.0527e-03
-8.7471e-03
-1.1446e-02
-1.3449e-02
-1.4460e-02
-1.4656e-02
-1.4440e-02
-1.4170e-02
-1.4045e-02
-1.4091e-02
-1.4232e-02
-1.4367e-02
-1.4336e-02
-1.3485e-02
-1.1728e-02
-9.3844e-03
-6.7605e-03
-4.3344e-03
-2.2868e-03
-3.0249e-04
1.9520e-03
4.6204e-03
7.6506e-03
1.0859e-02
1.3763e-02
1.5549e-02
1.5859e-02
1.4904e-02
1.3239e-02
1.1660e-02
1.0649e-02
9.9923e-03
9.0243e-03
7.2792e-03
4.7037e-03
1.8056e-03
-8.9621e-04
-3.3636e-03
-5.4965e-03
-6.9837e-03
-7.1534e-03
-5.3016e-03
-1.9342e-03
1.5096e-03
3.9189e-03
4.9186e-03
4.2806e-03
2.2809e-03
-1.5109e-05
-1.7064e-03
-2.4658e-03
-2.4668e-03
-2.1108e-03
-1.7647e-03
-1.6188e-03
-1.7268e-03
-2.5268e-03
-4.2033e-03
-6.1236e-03
-7.6460e-03
-8.4698e-03
-8.6444e-03
-8.4646e-03
-8.2403e-03
-8.1399e-03
-8.1849e-03
-8.2904e-03
-8.3636e-03
-8.3904e-03
-8.3961e-03
-8.3962e-03
-8.3755e-03
-8.0417e-03
-6.9560e-03
-5.2327e-03
-3.2376e-03
-1.2958e-03
1.1896e-04
2.8135e-04
-1.0187e-03
-3.2845e-03
-6.0613e-03
-8.7526e-03
-1.0997e-02
-1.2728e-02
-1.3854e-02
-1.4402e-02
-1.4250e-02
-1.3180e-02
-1.1471e-02
-9.8029e-03
-8.6687e-03
-8.1671e-03
-7.8540e-03
-7.0251e-03
-5.5543e-03
-3.9428e-03
-2.7161e-03
-2.0927e-03
-1.9952e-03
-2.2270e-03
-2.8110e-03
-3.7374e-03
-4.6585e-03
-5.0231e-03
-4.5913e-03
-3.7189e-03
-2.8754e-03
-2.3524e-03
-2.1760e-03
-1.9831e-03
-1.7643e-03
-2.1106e-03
-3.4242e-03
-5.4117e-03
-7.0735e-03
-7.9335e-03
-8.3331e-03
-8.5500e-03
-8.7341e-03
-9.3306e-03
-1.0815e-02
-1.2726e-02
-1.4591e-02
-1.6476e-02
-1.8388e-02
-1.9971e-02
-2.0559e-02
-1.9616e-02
-1.7361e-02
-1.4212e-02
-1.0786e-02
-7.3712e-03
-4.2242e-03
-1.2582e-03
1.1550e-03
2.7155e-03
3.4599e-03
4.0540e-03
5.3361e-03
7.3196e-03
9.8666e-03
1.2568e-02
1.4749e-02
1.6027e-02
1.6444e-02
1.6122e-02
1.4981e-02
1.3055e-02
1.0568e-02
7.9011e-03
5.6984e-03
4.3604e-03
4.1674e-03
5.4574e-03
7.7099e-03
1.0404e-02
1.3104e-02
1.5236e-02
1.6781e-02
1.8430e-02
2.0191e-02
2.1708e-02
2.2593e-02
2.2201e-02
2.0050e-02
1.6389e-02
1.1590e-02
6.3475e-03
1.9215e-03
-8.4720e-04
-1.9434e-03
-1.9218e-03
-1.4756e-03
-9.6475e-04
-1.4595e-04
1.4663e-03
4.4546e-03
8.6782e-03
1.3161e-02
1.7333e-02
2.0612e-02
2.2687e-02
2.3989e-02
2.4977e-02
2.6108e-02
2.7416e-02
2.8576e-02
2.9333e-02
2.9641e-02
2.9624e-02
2.9279e-02
2.8212e-02
2.7014e-02
2.6640e-02
2.7190e-02
2.8160e-02
2.9046e-02
2.9563e-02
2.9656e-02
2.9469e-02
2.9208e-02
2.8841e-02
2.7777e-02
2.5808e-02
2.2410e-02
1.7497e-02
1.1847e-02
5.9629e-03
-3.9977e-04
-7.6368e-03
-1.5764e-02
-2.4218e-02
-3.2422e-02
-3.9838e-02
-4.5780e-02
-4.9679e-02
-5.1575e-02
-5.2049e-02
-5.1856e-02
-5.1300e-02
-5.0018e-02
-4.8027e-02
-4.5007e-02
-4.0720e-02
-3.5306e-02
-2.9328e-02
-2.3702e-02
-1.9174e-02
-1.6245e-02
-1.5070e-02
-1.5661e-02
-1.7457e-02
-1.9838e-02
-2.2561e-02
-2.5147e-02
-2.7151e-02
-2.8029e-02
-2.7506e-02
-2.5152e-02
-2.0961e-02
-1.5398e-02
-9.1122e-03
-2.6486e-03
3.6942e-03
9.8473e-03
1.5676e-02
2.0819e-02
2.4898e-02
2.7561e-02
2.8572e-02
2.7890e-02
2.6079e-02
2.3596e-02
2.0830e-02
1.8521e-02
1.7113e-02
1.6584e-02
1.6600e-02
1.6491e-02
1.5274e-02
1.2210e-02
7.0488e-03
2.8104e-04
-6.4712e-03
-1.1148e-02
-1.2153e-02
-8.9413e-03
-2.8634e-03
4.1341e-03
1.0484e-02
1.5363e-02
1.8831e-02
2.1122e-02
2.2447e-02
2.3024e-02
2.2444e-02
2.0411e-02
1.6836e-02
1.1195e-02
3.8063e-03
-3.7876e-03
-9.8105e-03
-1.3313e-02
-1.4492e-02
-1.4153e-02
-1.2870e-02
-1.0938e-02
-8.5493e-03
-5.7483e-03
-2.2236e-03
2.3046e-03
7.7877e-03
1.3820e-02
1.9415e-02
2.3222e-02
2.4527e-02
2.2767e-02
1.8202e-02
1.1900e-02
4.9151e-03
-2.3063e-03
-9.4730e-03
-1.6185e-02
-2.1492e-02
-2.4641e-02
-2.5147e-02
-2.3044e-02
-1.9158e-02
-1.4205e-02
-8.6652e-03
-2.8415e-03
2.8215e-03
7.6601e-03
1.1675e-02
1.4505e-02
1.5551e-02
1.4684e-02
1.2176e-02
8.2388e-03
3.0207e-03
-3.5219e-03
-1.1140e-02
-1.9077e-02
-2.6496e-02
-3.2503e-02
-3.6132e-02
-3.6787e-02
-3.5086e-02
-3.1612e-02
-2.7156e-02
-2.2845e-02
-1.8905e-02
-1.5316e-02
-1.1848e-02
-8.0643e-03
-4.0130e-03
-1.4453e-04
2.6975e-03
3.6829e-03
2.3385e-03
-1.7638e-03
-8.5632e-03
-1.7258e-02
-2.6103e-02
-3.3237e-02
-3.7557e-02
-3.8750e-02
-3.6439e-02
-3.0760e-02
-2.2741e-02
-1.3460e-02
-4.3363e-03
3.7240e-03
1.0560e-02
1.6128e-02
2.0260e-02
2.3374e-02
2.6297e-02
2.9952e-02
3.4751e-02
4.0127e-02
4.4692e-02
4.7109e-02
4.6603e-02
4.3505e-02
3.8133e-02
3.0810e-02
2.2295e-02
1.3367e-02
5.2128e-03
-1.3382e-03
-5.6340e-03
-7.9175e-03
-8.8890e-03
-8.9014e-03
-8.4757e-03
-7.8448e-03
-6.7530e-03
-5.1703e-03
-3.5618e-03
-2.3484e-03
-1.2798e-03
2.3587e-04
1.9542e-03
3.3767e-03
4.2141e-03
4.5036e-03
4.4642e-03
4.2724e-03
3.5371e-03
1.9613e-03
-4.5128e-04
-3.4233e-03
-6.3968e-03
-9.1881e-03
-1.1576e-02
-1.3246e-02
-1.4126e-02
-1.4397e-02
-1.4369e-02
-1.4587e-02
-1.5608e-02
-1.7370e-02
-1.9785e-02
-2.2901e-02
-2.6371e-02
-2.9561e-02
-3.2034e-02
-3.3610e-02
-3.3837e-02
-3.2571e-02
-2.9897e-02
-2.5854e-02
-2.0462e-02
-1.3659e-02
-5.8173e-03
2.2316e-03
1.0016e-02
1.7315e-02
2.3713e-02
2.9166e-02
3.3740e-02
3.7447e-02
3.9933e-02
4.0833e-02
4.0525e-02
3.9728e-02
3.9039e-02
3.8602e-02
3.8083e-02
3.7440e-02
3.6829e-02
3.6506e-02
3.6909e-02
3.8232e-02
4.0190e-02
4.2747e-02
4.5505e-02
4.8076e-02
4.9990e-02
5.0605e-02
4.9560e-02
4.6686e-02
4.1958e-02
3.4867e-02
2.4473e-02
1.0493e-02
-6.6253e-03
-2.5089e-02
-4.3288e-02
-6.0016e-02
-7.3105e-02
-7.9969e-02
-7.9682e-02
-7.3551e-02
-6.3691e-02
-5.1999e-02
-3.9872e-02
-2.8595e-02
-1.8386e-02
-8.6475e-03
1.0625e-03
1.0843e-02
2.0334e-02
2.8909e-02
3.5731e-02
4.0098e-02
4.2073e-02
4.2100e-02
4.0616e-02
3.7884e-02
3.4236e-02
3.0264e-02
2.6263e-02
2.2483e-02
1.9540e-02
1.7776e-02
1.7078e-02
1.7052e-02
1.7271e-02
1.7444e-02
1.7464e-02
1.7347e-02
1.7163e-02
1.6987e-02
1.6458e-02
1.5076e-02
1.3269e-02
1.1542e-02
9.6729e-03
7.0820e-03
3.9056e-03
6.6863e-04
-2.7137e-03
-6.3704e-03
-1.0613e-02
-1.5779e-02
-2.2227e-02
-2.9718e-02
-3.6638e-02
-4.0667e-02
-4.0554e-02
-3.6472e-02
-2.9177e-02
-2.0323e-02
-1.1671e-02
-4.3212e-03
7.6880e-04
2.8733e-03
1.7573e-03
-2.1082e-03
-7.6695e-03
-1.3402e-02
-1.7885e-02
-2.0761e-02
-2.2351e-02
-2.3500e-02
-2.5059e-02
-2.7227e-02
-2.9103e-02
-2.9609e-02
-2.7621e-02
-2.2507e-02
-1.4346e-02
-3.7868e-03
7.7400e-03
1.8222e-02
2.6905e-02
3.4438e-02
4.1553e-02
4.9296e-02
5.8575e-02
6.9110e-02
7.9256e-02
8.7296e-02
9.1886e-02
9.2001e-02
8.7955e-02
8.0932e-02
7.1814e-02
6.1170e-02
4.9280e-02
3.6452e-02
2.3271e-02
1.0467e-02
-1.5507e-03
-1.2467e-02
-2.1833e-02
-2.9623e-02
-3.5941e-02
-4.0615e-02
-4.3454e-02
-4.4163e-02
-4.2923e-02
-4.0325e-02
-3.7076e-02
-3.3712e-02
-3.0556e-02
-2.8168e-02
-2.6803e-02
-2.6331e-02
-2.6799e-02
-2.8568e-02
-3.1659e-02
-3.6226e-02
-4.2275e-02
-4.8958e-02
-5.5087e-02
-5.9767e-02
-6.2326e-02
-6.2514e-02
-6.0951e-02
-5.8897e-02
-5.7357e-02
-5.6688e-02
-5.6317e-02
-5.5328e-02
-5.3386e-02
-5.0074e-02
-4.5406e-02
-3.9855e-02
-3.3873e-02
-2.7476e-02
-2.0214e-02
-1.2399e-02
-4.6680e-03
2.4097e-03
8.2970e-03
1.3001e-02
1.6981e-02
2.0413e-02
2.3688e-02
2.6548e-02
2.8571e-02
2.9488e-02
2.9034e-02
2.7108e-02
2.3923e-02
2.0568e-02
1.8082e-02
1.6850e-02
1.6467e-02
1.5603e-02
1.2966e-02
8.0325e-03
1.6570e-03
-4.7734e-03
-9.4215e-03
-1.0999e-02
-9.1946e-03
-4.8189e-03
3.2954e-04
5.2516e-03
9.7744e-03
1.3438e-02
1.6028e-02
1.8204e-02
2.0044e-02
2.0695e-02
1.9992e-02
1.8081e-02
1.4862e-02
1.0343e-02
4.8149e-03
-1.1796e-03
-6.8497e-03
-1.1624e-02
-1.5343e-02
-1.7907e-02
-1.9353e-02
-1.9947e-02
-1.9872e-02
-1.8804e-02
-1.6845e-02
-1.3907e-02
-9.6009e-03
-3.3731e-03
4.5170e-03
1.3786e-02
2.4119e-02
3.4331e-02
4.2926e-02
4.9081e-02
5.2486e-02
5.2884e-02
5.0800e-02
4.7267e-02
4.2812e-02
3.7350e-02
3.0859e-02
2.3148e-02
1.4536e-02
5.2554e-03
-3.9198e-03
-1.1885e-02
-1.8213e-02
-2.2611e-02
-2.5043e-02
-2.5933e-02
-2.5765e-02
-2.4322e-02
-2.1428e-02
-1.7779e-02
-1.3898e-02
-1.0305e-02
-6.9982e-03
-4.1920e-03
-2.4316e-03
-2.4150e-03
-3.7974e-03
-5.4707e-03
-6.3986e-03
-6.4537e-03
-5.5919e-03
-4.8092e-03
-4.9943e-03
-6.7454e-03
-9.9382e-03
-1.3948e-02
-1.8276e-02
-2.2172e-02
-2.5206e-02
-2.7217e-02
-2.8143e-02
-2.7938e-02
-2.6835e-02
-2.4828e-02
-2.2247e-02
-1.9051e-02
-1.5031e-02
-1.0538e-02
-6.1454e-03
-2.2123e-03
1.3010e-03
4.8713e-03
8.4822e-03
1.1227e-02
1.2593e-02
1.2615e-02
1.1200e-02
8.9686e-03
6.9051e-03
5.6001e-03
5.1481e-03
5.2689e-03
5.6009e-03
5.7773e-03
5.2649e-03
3.7259e-03
1.2368e-03
-1.7624e-03
-4.2864e-03
-5.0684e-03
-3.9118e-03
-1.1510e-03
2.3240e-03
5.9513e-03
9.0738e-03
1.1054e-02
1.1423e-02
1.0228e-02
8.2988e-03
6.4072e-03
4.4372e-03
2.5189e-03
9.2221e-04
-4.0603e-04
-1.1432e-03
-1.1665e-03
-5.7103e-04
1.1141e-03
4.1925e-03
7.9956e-03
1.1994e-02
1.5490e-02
1.7657e-02
1.7471e-02
1.4246e-02
8.4889e-03
1.5249e-03
-5.0042e-03
-9.6974e-03
-1.2266e-02
-1.3809e-02
-1.5193e-02
-1.6957e-02
-1.9199e-02
-2.1031e-02
-2.1518e-02
-2.0650e-02
-1.8736e-02
-1.6208e-02
-1.3750e-02
-1.1240e-02
-7.9789e-03
-3.4752e-03
2.8776e-03
1.0840e-02
1.9585e-02
2.7787e-02
3.3953e-02
3.7340e-02
3.7547e-02
3.4364e-02
2.8462e-02
2.0561e-02
1.1726e-02
3.2538e-03
-3.8660e-03
-9.5543e-03
-1.4169e-02
-1.8004e-02
-2.1011e-02
-2.3010e-02
-2.4022e-02
-2.4358e-02
-2.4752e-02
-2.5825e-02
-2.7143e-02
-2.8293e-02
-2.8442e-02
-2.6664e-02
-2.3341e-02
-1.8449e-02
-1.2013e-02
-4.4315e-03
3.9372e-03
1.2415e-02
2.0325e-02
2.7337e-02
3.2847e-02
3.6262e-02
3.7072e-02
3.5713e-02
3.2805e-02
2.8663e-02
2.3925e-02
1.9021e-02
1.4254e-02
9.6776e-03
5.6069e-03
1.9696e-03
-1.1572e-03
-3.4612e-03
-5.4965e-03
-7.6053e-03
-9.8353e-03
-1.2238e-02
-1.4532e-02
-1.6267e-02
-1.7542e-02
-1.9196e-02
-2.2099e-02
-2.6287e-02
-3.1267e-02
-3.6143e-02
-3.9736e-02
-4.0972e-02
-3.9283e-02
-3.5546e-02
-3.1030e-02
-2.6207e-02
-2.1152e-02
-1.6096e-02
-1.1463e-02
-7.4707e-03
-4.0416e-03
-9.4782e-04
2.0190e-03
4.7771e-03
7.5085e-03
1.0877e-02
1.5014e-02
1.9462e-02
2.4012e-02
2.8829e-02
3.4024e-02
3.9093e-02
4.3544e-02
4.6655e-02
4.7700e-02
4.6576e-02
4.3373e-02
3.9116e-02
3.5370e-02
3.3082e-02
3.2310e-02
3.2481e-02
3.2346e-02
3.0845e-02
2.7937e-02
2.3946e-02
1.9625e-02
1.5568e-02
1.1784e-02
8.2977e-03
5.2809e-03
2.5283e-03
-1.6780e-04
-2.4296e-03
-3.9275e-03
-4.6326e-03
-4.7602e-03
-4.6120e-03
-4.4835e-03
-5.0644e-03
-6.9591e-03
-1.0038e-02
-1.4286e-02
-1.9515e-02
-2.5161e-02
-3.0884e-02
-3.6012e-02
-3.9688e-02
-4.1594e-02
-4.1555e-02
-3.9866e-02
-3.7066e-02
-3.3227e-02
-2.8463e-02
-2.3567e-02
-1.9711e-02
-1.7483e-02
-1.6779e-02
-1.7558e-02
-1.9497e-02
-2.1620e-02
-2.3126e-02
-2.3313e-02
-2.1023e-02
-1.5633e-02
-7.9331e-03
9.9992e-04
9.6809e-03
1.6231e-02
1.9598e-02
1.9553e-02
1.6712e-02
1.2283e-02
7.5246e-03
3.8224e-03
2.0331e-03
2.4256e-03
4.7945e-03
8.8349e-03
1.4054e-02
1.9515e-02
2.4286e-02
2.8187e-02
3.1325e-02
3.4167e-02
3.6768e-02
3.9336e-02
4.1851e-02
4.3895e-02
4.5148e-02
4.5312e-02
4.3863e-02
3.9951e-02
3.3451e-02
2.4925e-02
1.4820e-02
4.1719e-03
-5.6537e-03
-1.3924e-02
-2.0418e-02
-2.4953e-02
-2.7537e-02
-2.8321e-02
-2.7505e-02
-2.5762e-02
-2.4012e-02
-2.2860e-02
-2.2430e-02
-2.2510e-02
-2.2771e-02
-2.2647e-02
-2.1595e-02
-1.9788e-02
-1.7961e-02
-1.6707e-02
-1.6216e-02
-1.6600e-02
-1.7946e-02
-1.9857e-02
-2.1624e-02
-2.2762e-02
-2.3193e-02
-2.3065e-02
-2.2129e-02
-2.0009e-02
-1.6366e-02
-1.1043e-02
-4.2749e-03
3.6469e-03
1.1997e-02
1.9401e-02
2.5084e-02
2.9062e-02
3.1385e-02
3.2104e-02
3.1295e-02
2.9287e-02
2.6547e-02
2.3482e-02
2.0330e-02
1.6931e-02
1.3137e-02
9.2122e-03
5.6909e-03
2.6293e-03
-1.1672e-04
-2.2492e-03
-3.5675e-03
-4.1200e-03
-3.9141e-03
-3.3543e-03
-3.1258e-03
-3.9684e-03
-6.8486e-03
-1.2041e-02
-1.9332e-02
-2.8019e-02
-3.6809e-02
-4.4750e-02
-5.1286e-02
-5.5915e-02
-5.7966e-02
-5.7484e-02
-5.5110e-02
-5.1276e-02
-4.6903e-02
-4.2635e-02
-3.7494e-02
-3.0852e-02
-2.3302e-02
-1.5670e-02
-8.4938e-03
-1.9165e-03
4.2543e-03
1.0581e-02
1.7004e-02
2.3240e-02
2.9225e-02
3.4324e-02
3.7791e-02
3.9504e-02
3.9826e-02
3.8751e-02
3.6736e-02
3.4745e-02
3.3427e-02
3.2922e-02
3.2995e-02
3.3369e-02
3.4509e-02
3.7064e-02
4.0487e-02
4.3623e-02
4.6066e-02
4.8046e-02
4.9248e-02
4.9118e-02
4.7522e-02
4.4413e-02
3.9766e-02
3.3840e-02
2.6898e-02
1.9576e-02
1.2898e-02
7.6340e-03
4.2163e-03
2.3814e-03
9.5409e-04
-8.1224e-04
-3.4712e-03
-7.1086e-03
-1.1621e-02
-1.6877e-02
-2.2753e-02
-2.9239e-02
-3.5970e-02
-4.3197e-02
-5.0766e-02
-5.7681e-02
-6.2795e-02
-6.5444e-02
-6.4976e-02
-6.0838e-02
-5.3709e-02
-4.4641e-02
-3.4951e-02
-2.5350e-02
-1.6169e-02
-7.9425e-03
-1.2546e-03
3.9278e-03
8.4376e-03
1.3014e-02
1.7662e-02
2.2226e-02
2.6787e-02
3.1163e-02
3.4986e-02
3.7757e-02
3.9288e-02
3.9805e-02
3.9745e-02
3.9522e-02
3.9387e-02
3.9110e-02
3.8024e-02
3.6198e-02
3.3814e-02
3.0888e-02
2.7285e-02
2.3149e-02
1.8369e-02
1.2361e-02
4.5982e-03
-4.5750e-03
-1.4217e-02
-2.3001e-02
-2.9669e-02
-3.3579e-02
-3.4848e-02
-3.3936e-02
-3.1381e-02
-2.7690e-02
-2.3635e-02
-2.0014e-02
-1.7504e-02
-1.6243e-02
-1.5524e-02
-1.4377e-02
-1.2838e-02
-1.1366e-02
-1.0317e-02
-9.3930e-03
-7.9495e-03
-5.7918e-03
-2.5297e-03
1.5830e-03
5.6516e-03
9.2678e-03
1.2114e-02
1.3923e-02
1.4755e-02
1.4929e-02
1.4819e-02
1.4747e-02
1.5367e-02
1.7001e-02
1.9579e-02
2.2717e-02
2.5760e-02
2.8234e-02
2.9482e-02
2.9048e-02
2.7070e-02
2.4091e-02
2.0693e-02
1.7057e-02
1.3494e-02
1.0777e-02
9.9400e-03
1.1054e-02
1.3882e-02
1.8820e-02
2.4946e-02
3.0968e-02
3.5820e-02
3.8796e-02
3.9907e-02
3.9082e-02
3.6564e-02
3.2746e-02
2.7902e-02
2.2335e-02
1.6307e-02
9.7184e-03
2.6645e-03
-4.3993e-03
-1.0795e-02
-1.6087e-02
-2.0280e-02
-2.3600e-02
-2.6114e-02
-2.8187e-02
-3.0243e-02
-3.2170e-02
-3.3628e-02
-3.4439e-02
-3.4698e-02
-3.4448e-02
-3.3249e-02
-3.1353e-02
-2.9512e-02
-2.8174e-02
-2.7053e-02
-2.5691e-02
-2.3991e-02
-2.1679e-02
-1.8860e-02
-1.5557e-02
-1.2274e-02
-9.5671e-03
-8.1291e-03
-7.9369e-03
-8.4484e-03
-9.0790e-03
-9.3177e-03
-8.6244e-03
-6.7950e-03
-4.0254e-03
-5.9552e-04
3.2482e-03
6.9593e-03
1.0600e-02
1.4197e-02
1.7552e-02
2.0201e-02
2.1845e-02
2.2550e-02
2.2631e-02
2.2456e-02
2.2308e-02
2.2293e-02
2.2165e-02
2.1390e-02
1.9461e-02
1.6400e-02
1.2807e-02
9.1365e-03
6.2014e-03
4.2533e-03
2.7291e-03
7.6856e-04
-2.0238e-03
-4.9531e-03
-7.2134e-03
-8.4412e-03
-8.7601e-03
-8.7719e-03
-9.3703e-03
-1.0797e-02
-1.2515e-02
-1.3939e-02
-1.4988e-02
-1.5582e-02
-1.5553e-02
-1.5134e-02
-1.4704e-02
-1.5024e-02
-1.6451e-02
-1.8428e-02
-2.1050e-02
-2.4659e-02
-2.8830e-02
-3.2956e-02
-3.6388e-02
-3.8623e-02
-3.9609e-02
-3.9184e-02
-3.7507e-02
-3.5445e-02
-3.3269e-02
-3.1001e-02
-2.9089e-02
-2.7814e-02
-2.6812e-02
-2.5490e-02
-2.3847e-02
-2.1934e-02
-1.9632e-02
-1.6590e-02
-1.2441e-02
-7.1841e-03
-1.1430e-03
5.1809e-03
1.0767e-02
1.5235e-02
1.8156e-02
1.9013e-02
1.8177e-02
1.6010e-02
1.3170e-02
9.9822e-03
6.5220e-03
2.9994e-03
-4.9991e-04
-3.8398e-03
-6.6647e-03
-9.1197e-03
-1.1895e-02
-1.5155e-02
-1.8446e-02
-2.1715e-02
-2.4803e-02
-2.7859e-02
-3.0642e-02
-3.2590e-02
-3.3105e-02
-3.1969e-02
-2.9506e-02
-2.6012e-02
-2.0991e-02
-1.4518e-02
-7.3362e-03
-2.5498e-04
5.9222e-03
1.0696e-02
1.4035e-02
1.6699e-02
1.8914e-02
2.0573e-02
2.1315e-02
2.0449e-02
1.8000e-02
1.4567e-02
1.0835e-02
7.4184e-03
4.9351e-03
3.6239e-03
3.2875e-03
3.4700e-03
3.7345e-03
3.8583e-03
3.7872e-03
3.6120e-03
3.4629e-03
3.3857e-03
3.6737e-03
4.9228e-03
6.8128e-03
8.6237e-03
1.0276e-02
1.2589e-02
1.6212e-02
2.1190e-02
2.6744e-02
3.1850e-02
3.6521e-02
4.0813e-02
4.4597e-02
4.8047e-02
5.1203e-02
5.3801e-02
5.4995e-02
5.4863e-02
5.3497e-02
5.1164e-02
4.8244e-02
4.5144e-02
4.2602e-02
4.1040e-02
4.0366e-02
3.9573e-02
3.7720e-02
3.4764e-02
3.1114e-02
2.6985e-02
2.2646e-02
1.8136e-02
1.3307e-02
8.6751e-03
4.2478e-03
-4.8248e-04
-5.7093e-03
-1.1110e-02
-1.6466e-02
-2.1547e-02
-2.6265e-02
-3.0328e-02
-3.3889e-02
-3.6838e-02
-3.8721e-02
-3.9042e-02
-3.7873e-02
-3.5775e-02
-3.3041e-02
-3.0426e-02
-2.8451e-02
-2.6994e-02
-2.5978e-02
-2.5526e-02
-2.5826e-02
-2.6355e-02
-2.6178e-02
-2.4568e-02
-2.1132e-02
-1.6061e-02
-9.9584e-03
-3.6817e-03
1.9325e-03
6.8186e-03
1.1456e-02
1.5783e-02
1.9189e-02
2.1314e-02
2.2245e-02
2.2326e-02
2.1475e-02
1.9443e-02
1.6385e-02
1.2412e-02
7.9377e-03
3.6117e-03
1.7238e-04
-1.9181e-03
-2.7483e-03
-2.7690e-03
-2.4917e-03
-2.3217e-03
-2.8331e-03
-4.3108e-03
-6.2338e-03
-8.0726e-03
-1.0043e-02
-1.2027e-02
-1.3417e-02
-1.3350e-02
-1.1861e-02
-9.3708e-03
-6.3150e-03
-3.0721e-03
-4.7496e-05
2.2362e-03
3.5371e-03
3.9945e-03
3.8078e-03
2.8728e-03
1.5947e-03
9.3303e-04
7.8454e-04
1.0869e-03
1.8746e-03
2.8057e-03
3.9461e-03
5.6501e-03
7.0101e-03
6.7071e-03
4.2613e-03
-1.7064e-04
-5.9985e-03
-1.2914e-02
-2.0160e-02
-2.6953e-02
-3.3084e-02
-3.7995e-02
-4.0829e-02
-4.1608e-02
-4.1050e-02
-3.9623e-02
-3.7635e-02
-3.5443e-02
-3.2670e-02
-2.8824e-02
-2.3647e-02
-1.7033e-02
-9.4629e-03
-1.9886e-03
4.3095e-03
9.0279e-03
1.2241e-02
1.4097e-02
1.4933e-02
1.5181e-02
1.5206e-02
1.5182e-02
1.4803e-02
1.3624e-02
1.1524e-02
8.5362e-03
4.6607e-03
2.2116e-04
-4.5242e-03
-9.3240e-03
-1.4053e-02
-1.8013e-02
-2.0608e-02
-2.1807e-02
-2.2027e-02
-2.1812e-02
-2.1161e-02
-1.9740e-02
-1.7712e-02
-1.4866e-02
-1.0910e-02
-6.1170e-03
-9.6284e-04
4.1927e-03
8.8745e-03
1.2512e-02
1.5119e-02
1.7183e-02
1.8457e-02
1.8383e-02
1.6765e-02
1.3517e-02
8.8471e-03
3.4222e-03
-1.9965e-03
-6.3149e-03
-8.8942e-03
-9.8567e-03
-9.8203e-03
-9.8673e-03
-1.0953e-02
-1.2837e-02
-1.5300e-02
-1.8072e-02
-2.0441e-02
-2.1921e-02
-2.2491e-02
-2.2414e-02
-2.1700e-02
-2.0249e-02
-1.8455e-02
-1.6838e-02
-1.5325e-02
-1.3456e-02
-1.0766e-02
-7.4801e-03
-3.8037e-03
-4.6983e-04
1.8134e-03
2.8568e-03
2.9630e-03
2.6331e-03
2.2906e-03
2.1693e-03
2.7820e-03
4.7639e-03
7.9266e-03
1.1660e-02
1.5384e-02
1.8811e-02
2.1617e-02
2.3811e-02
2.5497e-02
2.6645e-02
2.7376e-02
2.8115e-02
2.9068e-02
3.0371e-02
3.1794e-02
3.2917e-02
3.3527e-02
3.3675e-02
3.3553e-02
3.3219e-02
3.2352e-02
3.0816e-02
2.8680e-02
2.5779e-02
2.2353e-02
1.8972e-02
1.5967e-02
1.3148e-02
1.0533e-02
7.9775e-03
5.5989e-03
3.7713e-03
2.6741e-03
2.2360e-03
2.2097e-03
2.3220e-03
2.4013e-03
2.3904e-03
2.2176e-03
1.2403e-03
-7.0685e-04
-3.5622e-03
-6.6375e-03
-9.1605e-03
-1.1196e-02
-1.3047e-02
-1.4617e-02
-1.5721e-02
-1.6030e-02
-1.5020e-02
-1.2749e-02
-9.3546e-03
-5.0083e-03
1.7719e-05
4.6896e-03
8.5529e-03
1.1459e-02
1.3275e-02
1.4153e-02
1.4699e-02
1.5675e-02
1.7217e-02
1.8843e-02
2.0067e-02
2.0647e-02
2.0298e-02
1.8823e-02
1.6305e-02
1.3203e-02
1.0371e-02
8.4736e-03
7.7433e-03
8.3810e-03
1.0131e-02
1.2432e-02
1.5149e-02
1.7993e-02
2.0976e-02
2.3631e-02
2.5476e-02
2.6402e-02
2.6624e-02
2.6488e-02
2.6269e-02
2.5836e-02
2.4792e-02
2.3190e-02
2.1272e-02
1.9065e-02
1.6845e-02
1.5102e-02
1.4013e-02
1.2842e-02
1.1233e-02
9.5766e-03
8.3047e-03
7.6065e-03
7.4166e-03
7.5249e-03
7.6165e-03
7.1352e-03
5.7694e-03
3.6500e-03
7.0127e-04
-2.9446e-03
-7.3189e-03
-1.2335e-02
-1.7677e-02
-2.2813e-02
-2.6753e-02
-2.8606e-02
-2.8061e-02
-2.5706e-02
-2.1892e-02
-1.7394e-02
-1.3538e-02
-1.0946e-02
-9.3940e-03
-8.8027e-03
-9.1298e-03
-9.8929e-03
-1.0593e-02
-1.0976e-02
-1.1019e-02
-1.0448e-02
-8.9198e-03
-6.9948e-03
-5.3699e-03
-4.4130e-03
-4.1234e-03
-4.1940e-03
-3.8588e-03
-2.5486e-03
-7.1529e-04
9.3291e-04
1.9567e-03
2.3471e-03
2.8413e-03
4.0267e-03
5.5855e-03
6.9744e-03
7.5696e-03
6.8606e-03
4.8313e-03
1.8498e-03
-1.8361e-03
-5.9725e-03
-1.0090e-02
-1.3865e-02
-1.7214e-02
-1.9963e-02
-2.1798e-02
-2.2154e-02
-2.0976e-02
-1.9440e-02
-1.8889e-02
-1.9663e-02
-2.1172e-02
-2.2931e-02
-2.4875e-02
-2.6791e-02
-2.8277e-02
-2.9156e-02
-2.9449e-02
-2.8779e-02
-2.7138e-02
-2.5178e-02
-2.2872e-02
-1.9990e-02
-1.6375e-02
-1.2180e-02
-7.5295e-03
-2.3719e-03
3.2462e-03
9.1203e-03
1.4368e-02
1.8030e-02
1.9781e-02
1.9309e-02
1.6794e-02
1.2783e-02
8.1072e-03
3.6271e-03
-1.8946e-04
-3.0107e-03
-4.6847e-03
-5.3938e-03
-5.5552e-03
-5.8731e-03
-6.6759e-03
-8.1033e-03
-1.0245e-02
-1.2972e-02
-1.6041e-02
-1.9183e-02
-2.1893e-02
-2.3822e-02
-2.5403e-02
-2.6375e-02
-2.6752e-02
-2.6357e-02
-2.4539e-02
-2.1146e-02
-1.7039e-02
-1.2860e-02
-9.3490e-03
-7.0950e-03
-6.1283e-03
-5.8787e-03
-5.1702e-03
-3.7190e-03
-1.9466e-03
1.8809e-05
2.1502e-03
3.9943e-03
4.6384e-03
3.2936e-03
1.6668e-04
-3.9561e-03
-8.5410e-03
-1.2964e-02
-1.6217e-02
-1.7218e-02
-1.6034e-02
-1.3211e-02
-9.9265e-03
-7.3841e-03
-6.0966e-03
-5.7102e-03
-5.0719e-03
-3.7783e-03
-2.1323e-03
-2.2495e-04
1.9255e-03
4.1044e-03
6.5131e-03
8.9066e-03
1.0782e-02
1.1892e-02
1.2278e-02
1.2198e-02
1.1961e-02
1.1783e-02
1.1741e-02
1.1806e-02
1.1984e-02
1.2879e-02
1.4564e-02
1.6380e-02
1.7736e-02
1.8409e-02
1.8582e-02
1.9133e-02
2.0128e-02
2.1316e-02
2.2180e-02
2.2306e-02
2.1531e-02
2.0155e-02
1.8763e-02
1.7417e-02
1.5796e-02
1.3621e-02
1.0496e-02
6.1853e-03
1.2233e-03
-3.2021e-03
-6.1497e-03
-7.3738e-03
-6.6568e-03
-4.5651e-03
-2.2723e-03
-3.5613e-04
6.5707e-04
6.2295e-04
-8.1497e-05
-1.5861e-03
-3.6629e-03
-5.5991e-03
-6.9010e-03
-7.3887e-03
-6.5956e-03
-4.7242e-03
-2.5904e-03
-2.5564e-04
2.1327e-03
4.3990e-03
6.3187e-03
7.6167e-03
8.2436e-03
8.0228e-03
7.1846e-03
6.6043e-03
6.7703e-03
7.8064e-03
9.3645e-03
1.0804e-02
1.1708e-02
1.2014e-02
1.1873e-02
1.1177e-02
9.7464e-03
7.8645e-03
5.4215e-03
2.3015e-03
-1.1730e-03
-4.3346e-03
-6.8830e-03
-8.7285e-03
-9.7756e-03
-9.8258e-03
-9.0773e-03
-8.1042e-03
-7.3646e-03
-7.0329e-03
-7.0421e-03
-7.2905e-03
-8.2382e-03
-9.5258e-03
-1.0096e-02
-9.5881e-03
-7.7842e-03
-5.0670e-03
-1.7959e-03
1.4440e-03
3.8273e-03
4.6656e-03
3.7575e-03
1.7418e-03
-9.8947e-04
-3.8229e-03
-5.5895e-03
-5.5525e-03
-4.0513e-03
-1.4484e-03
1.5917e-03
4.5568e-03
7.2984e-03
9.4884e-03
1.0784e-02
1.0811e-02
9.5259e-03
7.4384e-03
4.7752e-03
1.9963e-03
-6.0697e-04
-3.0216e-03
-5.0152e-03
-6.3444e-03
-7.0017e-03
-7.1731e-03
-7.1071e-03
-7.0021e-03
-6.7726e-03
-5.7907e-03
-4.1213e-03
-2.2206e-03
2.9146e-05
2.5303e-03
5.3401e-03
8.2621e-03
1.1342e-02
1.4223e-02
1.6536e-02
1.8705e-02
2.0788e-02
2.2357e-02
2.2790e-02
2.1736e-02
1.9158e-02
1.5113e-02
1.0035e-02
4.8293e-03
2.2448e-04
-3.4012e-03
-5.7754e-03
-6.9511e-03
-7.2859e-03
-7.0732e-03
-6.1873e-03
-4.6247e-03
-2.9320e-03
-1.6443e-03
-6.6742e-04
5.7559e-04
1.5425e-03
1.5667e-03
8.1699e-04
-1.4318e-04
-8.6971e-04
-1.1931e-03
-1.1765e-03
-9.9626e-04
-9.6968e-04
-1.7794e-03
-4.0167e-03
-7.4417e-03
-1.1382e-02
-1.5244e-02
-1.8875e-02
-2.2436e-02
-2.5666e-02
-2.8385e-02
-2.9906e-02
-2.9634e-02
-2.8186e-02
-2.6332e-02
-2.4301e-02
-2.2274e-02
-2.0658e-02
-1.9650e-02
-1.8769e-02
-1.7313e-02
-1.5512e-02
-1.3498e-02
-1.1115e-02
-8.6521e-03
-6.1533e-03
-3.5550e-03
-1.2756e-03
-2.8993e-04
-1.0393e-03
-3.0041e-03
-5.1510e-03
-6.9812e-03
-8.6702e-03
-1.0284e-02
-1.1597e-02
-1.2427e-02
-1.2494e-02
-1.1513e-02
-9.7819e-03
-8.0383e-03
-6.8347e-03
-6.3225e-03
-6.3344e-03
-6.5769e-03
-6.8007e-03
-6.8857e-03
-6.8359e-03
-6.7258e-03
-6.6553e-03
-6.6305e-03
-6.2948e-03
-5.5896e-03
-5.1451e-03
-5.3044e-03
-5.8637e-03
-6.5785e-03
-7.6159e-03
-9.1644e-03
-1.0892e-02
-1.2315e-02
-1.3156e-02
-1.3452e-02
-1.3416e-02
-1.3178e-02
-1.2484e-02
-1.1140e-02
-9.5100e-03
-7.8282e-03
-5.7686e-03
-3.6666e-03
-2.0416e-03
-1.1281e-03
-8.4375e-04
-9.3139e-04
-1.1222e-03
-1.0957e-03
-3.4768e-04
1.2403e-03
3.3920e-03
6.0955e-03
9.1507e-03
1.2411e-02
1.5217e-02
1.7474e-02
1.9657e-02
2.1626e-02
2.3082e-02
2.3899e-02
2.3956e-02
2.3214e-02
2.2151e-02
2.1248e-02
2.0506e-02
1.9692e-02
1.8902e-02
1.8293e-02
1.7911e-02
1.7434e-02
1.6360e-02
1.4709e-02
1.2737e-02
1.0492e-02
8.2599e-03
6.4689e-03
4.7231e-03
2.7333e-03
5.3261e-04
-1.9465e-03
-4.3325e-03
-6.1081e-03
-7.1028e-03
-7.7740e-03
-8.4896e-03
-9.5027e-03
-1.0389e-02
-1.0373e-02
-9.4028e-03
-7.6797e-03
-5.3840e-03
-3.1102e-03
-1.2751e-03
5.5358e-04
2.4342e-03
4.0105e-03
5.0371e-03
5.5048e-03
5.5765e-03
5.4677e-03
5.3490e-03
5.3042e-03
5.5221e-03
6.5080e-03
7.7016e-03
8.1246e-03
7.6253e-03
6.6624e-03
5.7559e-03
5.2142e-03
5.0799e-03
5.2147e-03
5.5762e-03
6.4779e-03
8.0219e-03
9.7280e-03
1.1063e-02
1.1788e-02
1.1969e-02
1.1828e-02
1.1594e-02
1.1636e-02
1.2274e-02
1.3460e-02
1.5035e-02
1.6510e-02
1.7493e-02
1.7683e-02
1.6775e-02
1.4981e-02
1.2857e-02
1.0587e-02
8.3562e-03
6.3821e-03
4.6263e-03
2.9870e-03
1.4423e-03
5.1015e-04
7.7523e-04
2.0949e-03
3.7211e-03
4.9891e-03
5.6409e-03
6.0249e-03
6.5560e-03
7.2174e-03
7.8375e-03
8.3068e-03
8.8997e-03
9.7487e-03
1.0612e-02
1.1217e-02
1.1100e-02
9.9295e-03
8.1085e-03
6.3575e-03
4.8051e-03
3.1582e-03
1.4941e-03
1.1155e-04
-1.1294e-03
-2.3038e-03
-3.2411e-03
-3.8756e-03
-4.4786e-03
-4.8495e-03
-4.8257e-03
-4.4562e-03
-3.6264e-03
-2.5237e-03
-1.5191e-03
-7.8790e-04
-5.4488e-05
8.5948e-04
2.1262e-03
3.5291e-03
4.6714e-03
5.3412e-03
5.5625e-03
5.7975e-03
6.8517e-03
8.5512e-03
1.0240e-02
1.1416e-02
1.1935e-02
1.1942e-02
1.1711e-02
1.1486e-02
1.1536e-02
1.2176e-02
1.3334e-02
1.4891e-02
1.6409e-02
1.7483e-02
1.7839e-02
1.7149e-02
1.5489e-02
1.3420e-02
1.1332e-02
9.5255e-03
7.9529e-03
6.7101e-03
5.7532e-03
4.6015e-03
2.9767e-03
1.0885e-03
-1.0380e-03
-3.4682e-03
-6.2008e-03
-9.1527e-03
-1.2055e-02
-1.4525e-02
-1.6543e-02
-1.8154e-02
-1.9616e-02
-2.1029e-02
-2.2544e-02
-2.3956e-02
-2.4835e-02
-2.4626e-02
-2.3260e-02
-2.1421e-02
-1.9873e-02
-1.9009e-02
-1.8810e-02
-1.9006e-02
-1.9145e-02
-1.8581e-02
-1.7128e-02
-1.5331e-02
-1.3549e-02
-1.1359e-02
-8.5903e-03
-5.2484e-03
-1.4206e-03
2.3315e-03
5.8617e-03
8.8868e-03
1.1427e-02
1.3729e-02
1.5779e-02
1.7758e-02
1.9879e-02
2.1881e-02
2.3553e-02
2.5375e-02
2.7348e-02
2.9030e-02
3.0117e-02
3.0491e-02
2.9924e-02
2.8300e-02
2.5702e-02
2.2063e-02
1.7547e-02
1.2996e-02
8.7328e-03
4.8011e-03
1.2239e-03
-2.0735e-03
-5.1234e-03
-7.7153e-03
-9.7742e-03
-1.0922e-02
-1.1107e-02
-1.0721e-02
-1.0118e-02
-9.2684e-03
-8.3059e-03
-7.4121e-03
-6.3251e-03
-4.7659e-03
-3.0201e-03
-1.4854e-03
-1.1510e-04
1.1481e-03
2.5742e-03
4.3970e-03
6.3971e-03
8.4110e-03
1.0145e-02
1.1402e-02
1.2457e-02
1.3421e-02
1.4098e-02
1.4091e-02
1.3369e-02
1.1937e-02
9.8973e-03
7.7693e-03
5.8046e-03
4.1773e-03
3.0969e-03
2.5349e-03
1.9991e-03
1.2283e-03
3.9211e-04
-2.5714e-04
-3.2847e-04
3.1503e-04
1.2901e-03
2.1612e-03
2.8879e-03
3.7067e-03
4.5237e-03
5.1643e-03
5.5455e-03
5.6915e-03
5.6897e-03
5.6358e-03
5.7426e-03
6.3414e-03
7.3941e-03
8.8366e-03
1.0340e-02
1.1502e-02
1.2137e-02
1.2308e-02
1.2215e-02
1.2061e-02
1.1972e-02
1.1940e-02
1.1599e-02
1.0766e-02
9.0409e-03
6.3305e-03
3.3117e-03
5.7512e-04
-1.8778e-03
-4.2625e-03
-6.5259e-03
-8.5638e-03
-1.0577e-02
-1.2619e-02
-1.4348e-02
-1.5490e-02
-1.6198e-02
-1.7059e-02
-1.8436e-02
-2.0175e-02
-2.2104e-02
-2.3948e-02
-2.5666e-02
-2.7052e-02
-2.7932e-02
-2.8325e-02
-2.8293e-02
-2.7708e-02
-2.6682e-02
-2.5230e-02
-2.2924e-02
-1.9720e-02
-1.6380e-02
-1.3427e-02
-1.0851e-02
-8.7239e-03
-6.7050e-03
-4.4835e-03
-2.3858e-03
-2.7766e-04
2.0094e-03
4.0510e-03
5.6620e-03
7.0195e-03
8.2788e-03
9.6261e-03
1.0867e-02
1.1764e-02
1.2238e-02
1.2375e-02
1.2205e-02
1.1556e-02
1.0524e-02
9.1638e-03
7.7751e-03
6.6046e-03
5.4900e-03
4.4571e-03
3.6405e-03
2.7416e-03
1.3702e-03
3.3623e-05
-7.2657e-04
-1.2212e-03
-1.7560e-03
-2.2771e-03
-2.6685e-03
-2.8864e-03
-2.9548e-03
-2.9333e-03
-2.8634e-03
-2.5490e-03
-1.8144e-03
-9.0759e-04
-1.4799e-04
2.9485e-04
4.3670e-04
6.0901e-04
1.3969e-03
2.7353e-03
3.9623e-03
5.0028e-03
5.9310e-03
7.1149e-03
8.7556e-03
1.0478e-02
1.1818e-02
1.2439e-02
1.2100e-02
1.1021e-02
9.3643e-03
7.2695e-03
5.1520e-03
3.1022e-03
1.0107e-03
-9.1860e-04
-2.6903e-03
-4.2516e-03
-5.3894e-03
-6.0246e-03
-6.2446e-03
-6.2255e-03
-6.1558e-03
-6.1482e-03
-6.2128e-03
-6.3080e-03
-6.3633e-03
-6.0596e-03
-4.9804e-03
-3.2940e-03
-1.6269e-03
-5.1607e-05
1.8052e-03
3.6407e-03
5.0351e-03
5.8133e-03
6.0587e-03
5.9939e-03
5.9896e-03
6.3460e-03
6.6442e-03
6.6563e-03
6.2929e-03
5.3975e-03
4.1312e-03
2.5130e-03
4.5624e-04
-1.9617e-03
-4.3282e-03
-6.5477e-03
-8.8261e-03
-1.1250e-02
-1.3518e-02
-1.5561e-02
-1.7634e-02
-1.9948e-02
-2.2261e-02
-2.4417e-02
-2.6240e-02
-2.7512e-02
-2.8485e-02
-2.9422e-02
-3.0258e-02
-3.0873e-02
-3.1219e-02
-3.1338e-02
-3.1320e-02
-3.1257e-02
-3.1202e-02
-3.0959e-02
-3.0065e-02
-2.8483e-02
-2.6771e-02
-2.5474e-02
-2.4802e-02
-2.4488e-02
-2.3869e-02
-2.2576e-02
-2.0813e-02
-1.8679e-02
-1.6367e-02
-1.4389e-02
-1.2997e-02
-1.1826e-02
-1.0419e-02
-8.8690e-03
-7.4547e-03
-6.1950e-03
-5.4810e-03
-5.4580e-03
-5.8561e-03
-6.3308e-03
-6.6506e-03
-6.7493e-03
-6.6848e-03
-6.5623e-03
-6.4669e-03
-6.2862e-03
-5.5207e-03
-3.7866e-03
-1.3608e-03
9.4540e-04
2.5128e-03
3.1911e-03
3.2044e-03
2.9220e-03
2.6298e-03
2.2086e-03
1.4825e-03
3.7995e-04
-1.0378e-03
-2.6438e-03
-4.2791e-03
-5.5908e-03
-6.4133e-03
-7.1120e-03
-7.9187e-03
-8.7041e-03
-9.3002e-03
-9.6093e-03
-9.5638e-03
-8.9583e-03
-7.9633e-03
-6.9963e-03
-6.2560e-03
-5.3965e-03
-4.0458e-03
-2.4327e-03
-1.0377e-03
-1.1806e-05
9.2994e-04
1.9517e-03
3.2340e-03
4.5552e-03
5.5874e-03
6.1724e-03
6.3524e-03
6.2876e-03
6.1514e-03
6.0592e-03
6.0475e-03
6.0945e-03
6.1568e-03
6.1992e-03
6.2095e-03
6.1931e-03
6.1710e-03
6.4162e-03
7.1048e-03
8.0141e-03
9.1564e-03
1.0409e-02
1.1417e-02
1.1985e-02
1.2148e-02
1.2070e-02
1.1925e-02
1.1802e-02
1.1734e-02
1.1713e-02
1.1692e-02
1.1648e-02
1.1590e-02
1.1528e-02
1.1451e-02
1.1372e-02
1.1311e-02
1.1267e-02
1.1215e-02
1.1154e-02
1.1100e-02
1.1048e-02
1.0974e-02
1.0672e-02
9.6900e-03
7.9999e-03
6.1931e-03
4.8345e-03
4.1298e-03
3.9854e-03
4.4473e-03
5.6992e-03
7.4691e-03
9.1199e-03
1.0183e-02
1.0308e-02
9.5136e-03
8.0310e-03
6.3299e-03
4.9852e-03
4.2889e-03
4.1810e-03
4.3933e-03
4.6510e-03
4.7978e-03
4.8256e-03
4.6725e-03
4.0633e-03
3.1604e-03
2.3447e-03
1.6994e-03
9.4026e-04
2.9252e-04
2.7790e-04
8.2911e-04
1.7928e-03
3.2998e-03
5.4826e-03
8.0216e-03
1.0224e-02
1.1628e-02
1.2195e-02
1.2206e-02
1.2020e-02
1.1881e-02
1.1917e-02
1.2391e-02
1.2942e-02
1.3032e-02
1.2365e-02
1.1186e-02
9.9260e-03
8.6367e-03
7.4632e-03
6.6247e-03
6.1862e-03
5.9145e-03
5.3520e-03
4.3710e-03
2.7816e-03
6.8850e-04
-1.3103e-03
-3.1201e-03
-5.1211e-03
-7.2954e-03
-9.7408e-03
-1.2223e-02
-1.4513e-02
-1.6743e-02
-1.8842e-02
-2.0495e-02
-2.1521e-02
-2.1938e-02
-2.1939e-02
-2.1753e-02
-2.1221e-02
-2.0295e-02
-1.8965e-02
-1.7433e-02
-1.5717e-02
-1.3747e-02
-1.1704e-02
-9.5533e-03
-7.2978e-03
-5.1873e-03
-3.2650e-03
-1.7408e-03
-7.8227e-04
-3.5784e-04
-3.0146e-04
-6.1226e-04
-1.3721e-03
-2.3096e-03
-3.3652e-03
-4.5587e-03
-5.9006e-03
-7.3233e-03
-8.5242e-03
-9.3565e-03
-1.0150e-02
-1.1067e-02
-1.1974e-02
-1.3013e-02
-1.4225e-02
-1.5759e-02
-1.7713e-02
-1.9693e-02
-2.1201e-02
-2.2169e-02
-2.2996e-02
-2.3783e-02
-2.4289e-02
-2.4121e-02
-2.3219e-02
-2.1737e-02
-2.0224e-02
-1.9135e-02
-1.8421e-02
-1.7910e-02
-1.7635e-02
-1.7248e-02
-1.6725e-02
-1.6193e-02
-1.5489e-02
-1.4238e-02
-1.2514e-02
-1.0583e-02
-8.7150e-03
-7.2985e-03
-6.5124e-03
-6.2708e-03
-6.3432e-03
-6.4981e-03
-6.5934e-03
-6.6105e-03
-6.6179e-03
-6.9217e-03
-7.6890e-03
-8.5965e-03
-8.9723e-03
-8.5894e-03
-7.7546e-03
-6.5289e-03
-4.7997e-03
-2.9033e-03
-1.3767e-03
-4.9502e-04
-2.1290e-04
-2.9663e-04
-4.4939e-04
-1.6700e-04
6.5426e-04
1.6848e-03
2.8853e-03
4.1311e-03
5.1186e-03
5.7834e-03
6.4814e-03
7.3172e-03
8.1315e-03
8.7528e-03
9.1948e-03
9.7157e-03
1.0134e-02
1.0578e-02
1.1136e-02
1.1670e-02
1.1960e-02
1.1645e-02
1.0813e-02
9.9992e-03
9.8755e-03
1.0451e-02
1.1309e-02
1.2038e-02
1.2429e-02
1.2636e-02
1.3102e-02
1.3833e-02
1.4581e-02
1.5133e-02
1.5409e-02
1.5453e-02
1.5374e-02
1.5275e-02
1.5220e-02
1.5369e-02
1.6008e-02
1.6951e-02
1.7828e-02
1.8392e-02
1.8601e-02
1.8561e-02
1.8434e-02
1.8522e-02
1.8911e-02
1.9332e-02
1.9892e-02
2.0451e-02
2.0646e-02
2.0153e-02
1.9223e-02
1.8300e-02
1.7677e-02
1.7185e-02
1.6485e-02
1.5615e-02
1.4256e-02
1.2239e-02
1.0140e-02
8.5574e-03
7.7318e-03
7.5092e-03
7.3159e-03
6.7241e-03
5.7763e-03
4.7490e-03
3.9530e-03
3.5298e-03
3.4150e-03
3.4598e-03
3.5327e-03
3.5361e-03
3.4525e-03
3.2914e-03
2.7731e-03
1.8159e-03
4.1906e-04
-1.1560e-03
-2.4511e-03
-3.2174e-03
-3.4997e-03
-3.4141e-03
-2.4934e-03
-7.9031e-04
9.7833e-04
2.2436e-03
2.8241e-03
2.8621e-03
2.6405e-03
2.4516e-03
2.7608e-03
3.6266e-03
4.6878e-03
5.8949e-03
7.1289e-03
8.0984e-03
8.6561e-03
8.8438e-03
8.9963e-03
9.9093e-03
1.1580e-02
1.3352e-02
1.4658e-02
1.5287e-02
1.5353e-02
1.5130e-02
1.4786e-02
1.4057e-02
1.2696e-02
1.1039e-02
9.5309e-03
8.0685e-03
6.3894e-03
4.6961e-03
3.2728e-03
1.8953e-03
3.3891e-04
-9.6422e-04
-1.7972e-03
-1.6167e-03
-4.8692e-04
9.2404e-04
2.0268e-03
2.5703e-03
2.6216e-03
2.4132e-03
2.1797e-03
2.0578e-03
2.0688e-03
2.1587e-03
2.2553e-03
2.3037e-03
2.2704e-03
2.1771e-03
2.0752e-03
2.0044e-03
1.9773e-03
1.9838e-03
2.0043e-03
2.0215e-03
2.0274e-03
2.0225e-03
2.0127e-03
2.0048e-03
2.1402e-03
2.8505e-03
4.2966e-03
5.9955e-03
7.3717e-03
8.1400e-03
8.3394e-03
8.1994e-03
7.9745e-03
7.8314e-03
7.8180e-03
7.8831e-03
7.7865e-03
7.0320e-03
5.4750e-03
3.6535e-03
2.4810e-03
2.5787e-03
3.1268e-03
3.6386e-03
3.5932e-03
3.1333e-03
3.0833e-03
3.9241e-03
5.3171e-03
6.6637e-03
7.5545e-03
7.7372e-03
7.0297e-03
5.6880e-03
4.1251e-03
3.0026e-03
2.5496e-03
3.0998e-03
3.9592e-03
4.3797e-03
3.8944e-03
2.7780e-03
1.7404e-03
1.3417e-03
1.2486e-03
1.0032e-03
7.4820e-05
-1.6569e-03
-3.6234e-03
-5.1850e-03
-6.1955e-03
-7.0447e-03
-7.9862e-03
-9.2423e-03
-1.0602e-02
-1.1731e-02
-1.2436e-02
-1.2925e-02
-1.3589e-02
-1.4368e-02
-1.4859e-02
-1.4684e-02
-1.4030e-02
-1.3272e-02
-1.2288e-02
-1.0683e-02
-8.8574e-03
-7.3716e-03
-6.5247e-03
-6.2865e-03
-6.4122e-03
-6.6559e-03
-6.8064e-03
-6.3796e-03
-4.9374e-03
-3.0310e-03
-1.4029e-03
-4.3692e-04
-1.5268e-04
-3.2846e-04
-6.3787e-04
-8.2907e-04
-8.3122e-04
-7.1295e-04
-8.0678e-04
-1.6647e-03
-3.3232e-03
-5.3679e-03
-7.4558e-03
-9.3111e-03
-1.0928e-02
-1.2144e-02
-1.2868e-02
-1.3171e-02
-1.3215e-02
-1.3163e-02
-1.3120e-02
-1.3124e-02
-1.3164e-02
-1.3210e-02
-1.3231e-02
-1.3012e-02
-1.2302e-02
-1.1139e-02
-9.6286e-03
-8.2099e-03
-7.2411e-03
-6.8091e-03
-6.7793e-03
-6.9320e-03
-7.0825e-03
-7.1406e-03
-7.1060e-03
-7.0276e-03
-6.9494e-03
-6.7030e-03
-6.2458e-03
-6.0229e-03
-5.7152e-03
-4.6687e-03
-3.1552e-03
-1.7373e-03
-5.8938e-04
4.5623e-04
1.1182e-03
1.0378e-03
4.3448e-04
-2.6462e-04
-5.3799e-04
1.7123e-04
1.8164e-03
3.6850e-03
5.1096e-03
5.8292e-03
5.9476e-03
5.7153e-03
5.2168e-03
4.5878e-03
4.3638e-03
4.6211e-03
5.1155e-03
5.5723e-03
5.8167e-03
5.8174e-03
5.6710e-03
5.5025e-03
5.3961e-03
5.3738e-03
5.4106e-03
5.4534e-03
5.2317e-03
4.5612e-03
3.9714e-03
3.9357e-03
4.3662e-03
4.9528e-03
5.4243e-03
5.6569e-03
5.6708e-03
5.5665e-03
5.4504e-03
5.3870e-03
5.3640e-03
5.0874e-03
4.3971e-03
3.7730e-03
3.1266e-03
2.0830e-03
1.4139e-03
1.5469e-03
2.0084e-03
2.6922e-03
3.5975e-03
4.4584e-03
5.0519e-03
5.3217e-03
5.3271e-03
5.1697e-03
4.9683e-03
4.8196e-03
4.7586e-03
4.7913e-03
5.1708e-03
6.2814e-03
7.9731e-03
9.6377e-03
1.0796e-02
1.1314e-02
1.1339e-02
1.1110e-02
1.0545e-02
9.3282e-03
7.6182e-03
5.9399e-03
4.1881e-03
2.1695e-03
2.9770e-04
-1.0280e-03
-1.7184e-03
-2.2055e-03
-3.1403e-03
-4.6033e-03
-6.1293e-03
-7.2714e-03
-7.8511e-03
-7.9515e-03
-7.7925e-03
-7.5459e-03
-6.8218e-03
-5.3578e-03
-3.6573e-03
-2.2881e-03
-1.5225e-03
-1.3165e-03
-1.4434e-03
-1.6553e-03
-1.7901e-03
-1.8011e-03
-1.7259e-03
-1.6311e-03
-1.5683e-03
-1.5544e-03
-1.5770e-03
-1.6116e-03
-1.6371e-03
-1.6449e-03
-1.6378e-03
-1.6245e-03
-1.6370e-03
-1.9748e-03
-3.0763e-03
-4.8155e-03
-6.5589e-03
-7.8146e-03
-8.6702e-03
-9.1737e-03
-9.4150e-03
-9.4947e-03
-9.2810e-03
-8.8989e-03
-8.5336e-03
-8.2738e-03
-7.8698e-03
-7.1696e-03
-6.6728e-03
-6.7865e-03
-7.3478e-03
-8.0078e-03
-8.5148e-03
-8.7801e-03
-8.8335e-03
-8.7893e-03
-8.7572e-03
-8.7768e-03
-8.8199e-03
-8.4561e-03
-7.1766e-03
-5.4251e-03
-4.0808e-03
-3.8080e-03
-4.6374e-03
-6.2814e-03
-8.0102e-03
-9.2300e-03
-9.7539e-03
-9.7506e-03
-9.5365e-03
-9.3246e-03
-8.8036e-03
-7.4933e-03
-5.8033e-03
-4.3593e-03
-3.4842e-03
-2.7659e-03
-1.4945e-03
1.2457e-04
1.5817e-03
2.5356e-03
2.9287e-03
2.9168e-03
2.7258e-03
2.7416e-03
3.5249e-03
5.1145e-03
6.8938e-03
8.2588e-03
8.9535e-03
9.0652e-03
8.8615e-03
8.6120e-03
8.4771e-03
8.4872e-03
8.5871e-03
8.7117e-03
8.8100e-03
8.8346e-03
8.7959e-03
8.7338e-03
8.6752e-03
8.4216e-03
7.5145e-03
5.9225e-03
4.2099e-03
2.9321e-03
2.3092e-03
2.2260e-03
2.4289e-03
2.6459e-03
2.7353e-03
2.7005e-03
2.6169e-03
2.5387e-03
2.5132e-03
2.8158e-03
4.0342e-03
5.8474e-03
7.5489e-03
8.6624e-03
9.0958e-03
9.0422e-03
8.7931e-03
8.5712e-03
8.4583e-03
8.4518e-03
8.5013e-03
8.2564e-03
7.0718e-03
5.2417e-03
3.4617e-03
2.0932e-03
8.1830e-04
-6.8378e-04
-2.1996e-03
-3.3878e-03
-4.1825e-03
-5.0632e-03
-6.4631e-03
-8.1484e-03
-9.6104e-03
-1.0529e-02
-1.0876e-02
-1.0832e-02
-1.0640e-02
-1.0507e-02
-1.0519e-02
-1.0661e-02
-1.0856e-02
-1.1015e-02
-1.1095e-02
-1.1098e-02
-1.1060e-02
-1.1019e-02
-1.1018e-02
-1.1071e-02
-1.1150e-02
-1.1219e-02
-1.1257e-02
-1.1265e-02
-1.1253e-02
-1.1235e-02
-1.1223e-02
-1.1220e-02
-1.1239e-02
-1.1292e-02
-1.1352e-02
-1.1195e-02
-1.0778e-02
-1.0602e-02
-1.0773e-02
-1.1134e-02
-1.1491e-02
-1.1718e-02
-1.1789e-02
-1.1750e-02
-1.1671e-02
-1.1610e-02
-1.1590e-02
-1.1602e-02
-1.1388e-02
-1.0350e-02
-8.6584e-03
-6.9845e-03
-5.8537e-03
-5.4046e-03
-5.4611e-03
-5.7297e-03
-5.9668e-03
-6.0578e-03
-6.0132e-03
-5.9302e-03
-5.8893e-03
-5.9083e-03
-5.9658e-03
-6.0278e-03
-6.0686e-03
-6.0800e-03
-6.0691e-03
-6.0517e-03
-6.0367e-03
-5.7438e-03
-4.7314e-03
-3.1064e-03
-1.4640e-03
-2.9587e-04
2.2465e-04
2.8304e-04
6.8772e-04
1.9618e-03
3.6693e-03
5.1764e-03
6.1020e-03
6.4100e-03
6.3031e-03
6.0524e-03
5.8613e-03
5.8101e-03
5.8745e-03
5.9822e-03
6.0673e-03
6.0996e-03
6.0863e-03
6.2013e-03
6.9134e-03
8.3663e-03
1.0076e-02
1.1480e-02
1.2171e-02
1.1855e-02
1.0821e-02
9.5902e-03
8.2926e-03
7.1178e-03
6.1391e-03
4.7894e-03
2.9853e-03
1.2187e-03
-7.6276e-05
-7.4037e-04
-8.8092e-04
-7.3885e-04
-5.4578e-04
-4.1603e-04
-1.0319e-04
8.4489e-04
2.3772e-03
3.9482e-03
5.0699e-03
5.5688e-03
5.5739e-03
5.3322e-03
5.0729e-03
4.9378e-03
4.9298e-03
4.7841e-03
3.9789e-03
2.4369e-03
6.9154e-04
-6.8156e-04
-1.4284e-03
-1.6334e-03
-1.5312e-03
-1.3564e-03
-1.2619e-03
-1.3009e-03
-1.4078e-03
-1.4992e-03
-1.5417e-03
-1.5592e-03
-1.5742e-03
-1.5138e-03
-7.1069e-04
9.4160e-04
2.7959e-03
4.2182e-03
4.9309e-03
5.0313e-03
4.8293e-03
4.9039e-03
5.8607e-03
7.6050e-03
9.4268e-03
1.0718e-02
1.1285e-02
1.1294e-02
1.1071e-02
1.0871e-02
1.0812e-02
1.0885e-02
1.1015e-02
1.1124e-02
1.0875e-02
9.6582e-03
7.8102e-03
6.0649e-03
4.9206e-03
4.4778e-03
4.5398e-03
4.8052e-03
5.0315e-03
5.1102e-03
5.0552e-03
4.9424e-03
4.8476e-03
4.8096e-03
4.8257e-03
4.9053e-03
5.3282e-03
6.0849e-03
6.5290e-03
6.3659e-03
6.0928e-03
5.9311e-03
5.9574e-03
6.3852e-03
7.2445e-03
7.8744e-03
7.5519e-03
6.5374e-03
5.7993e-03
6.0840e-03
7.0653e-03
8.4155e-03
9.2309e-03
8.6623e-03
7.1121e-03
5.4292e-03
4.2461e-03
3.7556e-03
3.7832e-03
4.0324e-03
4.2547e-03
4.1834e-03
3.3954e-03
1.8190e-03
-2.7728e-05
-1.5424e-03
-2.6022e-03
-3.8726e-03
-5.4872e-03
-7.0313e-03
-8.1402e-03
-8.5114e-03
-7.7035e-03
-6.3497e-03
-5.2813e-03
-4.8181e-03
-4.8673e-03
-4.8302e-03
-4.3451e-03
-3.5741e-03
-2.8248e-03
-2.2787e-03
-1.6224e-03
-4.0243e-04
1.1999e-03
2.6481e-03
3.5911e-03
3.9950e-03
4.0782e-03
4.5466e-03
5.3485e-03
5.9366e-03
6.0977e-03
5.7018e-03
5.2912e-03
5.3476e-03
5.5354e-03
5.4287e-03
5.0610e-03
4.6215e-03
4.2752e-03
4.0962e-03
4.0516e-03
3.6629e-03
2.3606e-03
5.6358e-04
-1.0333e-03
-2.0070e-03
-2.3273e-03
-2.1927e-03
-1.8941e-03
-1.6586e-03
-1.5690e-03
-1.5798e-03
-1.6230e-03
-1.6497e-03
-1.6424e-03
-1.7578e-03
-2.4699e-03
-3.9479e-03
-5.6845e-03
-7.0643e-03
-7.8974e-03
-8.6742e-03
-9.8887e-03
-1.1392e-02
-1.2739e-02
-1.3624e-02
-1.3993e-02
-1.3982e-02
-1.3785e-02
-1.3440e-02
-1.2406e-02
-1.0716e-02
-8.9864e-03
-7.7181e-03
-7.0515e-03
-6.5390e-03
-5.8369e-03
-4.7087e-03
-3.2773e-03
-1.9830e-03
-1.1367e-03
-7.9274e-04
-8.0954e-04
-9.7666e-04
-1.1724e-03
-1.8344e-03
-2.9751e-03
-3.6582e-03
-3.4153e-03
-2.5559e-03
-1.6039e-03
-9.3770e-04
-6.7663e-04
-7.2998e-04
-9.0847e-04
-8.3908e-04
1.0354e-05
1.6533e-03
3.4627e-03
4.8370e-03
5.5293e-03
5.6358e-03
5.4298e-03
5.1821e-03
5.0517e-03
5.0666e-03
5.1698e-03
5.2967e-03
5.4109e-03
5.4689e-03
5.4481e-03
5.3945e-03
5.3395e-03
4.8655e-03
3.4718e-03
1.6204e-03
8.8292e-06
-7.4491e-04
-1.7624e-04
1.1046e-03
1.9481e-03
2.4974e-03
2.8092e-03
2.4602e-03
2.0829e-03
2.0989e-03
1.8147e-03
1.0752e-03
1.9345e-04
-4.9514e-04
-8.4657e-04
-9.0037e-04
-7.8984e-04
-6.5160e-04
-5.6943e-04
-5.6207e-04
-6.0344e-04
-6.5391e-04
-6.8684e-04
-9.7836e-04
-2.1265e-03
-3.8482e-03
-5.4771e-03
-6.5553e-03
-6.9864e-03
-6.9467e-03
-6.7007e-03
-6.4483e-03
-6.0084e-03
-4.7850e-03
-3.0362e-03
-1.3997e-03
-3.1180e-04
1.3870e-04
1.2449e-04
-8.7338e-05
-2.7860e-04
-3.4639e-04
-1.1051e-04
1.0113e-03
2.8659e-03
4.7112e-03
6.0025e-03
6.5902e-03
6.6300e-03
6.2254e-03
4.9919e-03
3.1654e-03
1.6244e-03
1.3956e-03
2.1528e-03
2.9811e-03
3.0715e-03
2.3466e-03
1.3677e-03
8.5575e-04
7.0676e-04
6.3983e-04
5.8389e-04
5.2352e-04
4.5045e-04
3.5955e-04
2.9029e-04
1.7631e-04
-3.8851e-04
-1.6874e-03
-3.3897e-03
-4.8961e-03
-5.8352e-03
-6.1703e-03
-6.0968e-03
-5.8753e-03
-5.7016e-03
-5.6148e-03
-5.2223e-03
-4.0746e-03
-2.3965e-03
-8.0366e-04
2.6884e-04
7.4222e-04
7.5881e-04
5.5263e-04
3.4560e-04
2.7789e-04
3.6095e-04
5.1465e-04
6.5110e-04
7.1871e-04
7.7285e-04
1.5258e-03
3.1160e-03
4.8888e-03
6.2452e-03
6.8602e-03
6.1557e-03
4.2946e-03
2.2125e-03
7.6038e-04
8.4572e-04
2.0847e-03
3.3650e-03
3.7868e-03
3.5172e-03
3.1130e-03
2.5251e-03
1.7959e-03
1.4682e-03
1.4733e-03
1.8222e-03
2.8443e-03
4.3243e-03
5.7070e-03
6.6141e-03
6.9757e-03
6.9480e-03
6.7636e-03
6.6067e-03
6.5585e-03
6.6077e-03
6.6974e-03
6.7717e-03
6.8028e-03
6.7936e-03
6.7261e-03
6.2499e-03
4.9946e-03
3.2464e-03
1.6418e-03
6.0436e-04
2.0446e-04
2.1569e-04
3.2791e-05
-6.4726e-04
-1.9149e-03
-3.4986e-03
-4.8317e-03
-5.2180e-03
-4.2551e-03
-2.4173e-03
-5.9001e-04
6.1769e-04
1.0635e-03
9.5767e-04
6.3786e-04
3.7673e-04
2.9341e-04
3.6704e-04
5.0646e-04
6.2286e-04
6.7171e-04
6.5694e-04
6.1066e-04
5.6737e-04
5.4700e-04
5.5121e-04
5.6962e-04
5.8924e-04
6.0152e-04
6.0459e-04
6.0157e-04
5.9998e-04
6.2436e-04
6.5568e-04
6.6838e-04
6.0876e-04
-1.7421e-04
-1.7179e-03
-2.7241e-03
-2.4868e-03
-1.3804e-03
-8.9258e-05
8.3006e-04
1.1804e-03
1.1069e-03
8.7172e-04
6.7725e-04
5.9313e-04
6.2518e-04
7.3211e-04
8.4344e-04
9.1070e-04
9.2086e-04
8.6829e-04
7.7668e-04
6.9026e-04
6.3773e-04
6.2342e-04
6.3463e-04
6.5368e-04
7.1541e-04
1.3546e-03
2.8729e-03
4.6608e-03
5.5297e-03
4.8545e-03
3.2360e-03
1.5754e-03
4.7961e-04
9.9834e-05
2.4145e-04
5.8106e-04
8.5497e-04
9.4802e-04
8.8205e-04
7.4826e-04
6.3575e-04
5.9150e-04
6.3170e-04
7.3550e-04
8.4832e-04
9.2681e-04
9.0957e-04
2.6843e-04
-1.2743e-03
-3.1330e-03
-4.6456e-03
-5.4840e-03
-5.6696e-03
-5.4491e-03
-5.1451e-03
-4.9589e-03
-4.9238e-03
-4.9905e-03
-5.0823e-03
-5.1412e-03
-5.1478e-03
-5.1160e-03
-5.0729e-03
-5.0399e-03
-5.0081e-03
-4.9808e-03
-4.9596e-03
-4.9276e-03
-4.8887e-03
-4.9016e-03
-5.5131e-03
-7.0240e-03
-8.8638e-03
-1.0374e-02
-1.1221e-02
-1.1417e-02
-1.1203e-02
-1.0880e-02
-1.0660e-02
-1.0610e-02
-1.0685e-02
-1.0800e-02
-1.0882e-02
-1.0904e-02
-1.0875e-02
-1.0807e-02
-1.0716e-02
-1.0636e-02
-1.0587e-02
-1.0547e-02
-1.0256e-02
-9.7553e-03
-8.9356e-03
-7.5688e-03
-6.0641e-03
-4.8864e-03
-4.2445e-03
-4.0645e-03
-4.1290e-03
-4.2424e-03
-4.2940e-03
-4.2625e-03
-4.1614e-03
-3.5599e-03
-2.0461e-03
-1.3714e-04
1.4819e-03
2.4357e-03
2.7266e-03
2.5827e-03
2.2786e-03
2.0353e-03
1.9471e-03
1.9932e-03
2.1106e-03
2.2293e-03
2.2798e-03
2.2721e-03
2.2594e-03
2.2515e-03
2.2442e-03
2.2453e-03
2.2327e-03
2.1974e-03
1.9678e-03
1.5281e-03
1.3147e-03
9.8577e-04
-1.0255e-04
-1.6660e-03
-3.3347e-03
-5.1807e-03
-7.1542e-03
-8.8419e-03
-9.9376e-03
-1.0418e-02
-1.0465e-02
-1.0309e-02
-9.7273e-03
-8.3079e-03
-6.5231e-03
-5.0175e-03
-4.1120e-03
-3.8020e-03
-3.8768e-03
-4.0923e-03
-4.2868e-03
-4.3794e-03
-4.3712e-03
-4.3117e-03
-4.2546e-03
-4.2299e-03
-4.2394e-03
-4.2667e-03
-4.2917e-03
-4.1540e-03
-3.3987e-03
-1.8801e-03
-1.2186e-04
1.2684e-03
2.0337e-03
2.2265e-03
2.3540e-03
3.2896e-03
4.9111e-03
6.5756e-03
7.7671e-03
8.3125e-03
8.3383e-03
8.1107e-03
7.8743e-03
7.7617e-03
7.7746e-03
7.8302e-03
7.8652e-03
7.8579e-03
7.8179e-03
7.7693e-03
7.7333e-03
7.7190e-03
7.7235e-03
7.7369e-03
7.7496e-03
7.7560e-03
7.7491e-03
7.7088e-03
7.6425e-03
7.5769e-03
7.5320e-03
7.5133e-03
7.5142e-03
7.5238e-03
7.5321e-03
7.4342e-03
6.8014e-03
5.3955e-03
3.6356e-03
2.1290e-03
1.1996e-03
8.5440e-04
9.0565e-04
1.1212e-03
1.2921e-03
1.5118e-03
2.3510e-03
3.3685e-03
3.7688e-03
3.6556e-03
3.0926e-03
2.2644e-03
1.6050e-03
1.5546e-03
1.7665e-03
2.0289e-03
2.7247e-03
3.2892e-03
3.6727e-03
4.3685e-03
5.3787e-03
6.3754e-03
7.0895e-03
7.4344e-03
7.3904e-03
6.8832e-03
6.4412e-03
6.4262e-03
6.6603e-03
6.4953e-03
5.4683e-03
3.9082e-03
2.4490e-03
1.5052e-03
1.1541e-03
1.2235e-03
1.3628e-03
9.5555e-04
-2.6142e-04
-1.4805e-03
-1.7556e-03
-9.9016e-04
2.5683e-04
1.3741e-03
2.0182e-03
2.1648e-03
1.9971e-03
1.7484e-03
1.5437e-03
1.0637e-03
-1.1038e-04
-1.7634e-03
-3.3099e-03
-4.3406e-03
-4.7699e-03
-4.7592e-03
-4.5599e-03
-4.3782e-03
-4.2332e-03
-3.4537e-03
-1.8801e-03
-1.2210e-04
1.2385e-03
1.9525e-03
2.0961e-03
1.9211e-03
1.6860e-03
1.5497e-03
1.5485e-03
1.6345e-03
1.7346e-03
1.7962e-03
1.8021e-03
1.7470e-03
1.6755e-03
1.6128e-03
1.5225e-03
1.0393e-03
-2.1985e-04
-1.9755e-03
-3.5559e-03
-4.2249e-03
-3.8230e-03
-2.5147e-03
-8.0800e-04
6.3005e-04
1.4394e-03
1.6128e-03
1.3895e-03
1.0721e-03
8.6603e-04
8.6999e-04
1.3676e-03
2.2809e-03
2.8711e-03
2.7554e-03
2.1593e-03
1.4679e-03
9.4699e-04
6.9292e-04
6.6935e-04
7.6548e-04
8.7048e-04
9.2076e-04
9.0806e-04
8.5959e-04
8.1027e-04
7.8262e-04
8.1956e-04
1.2837e-03
2.5447e-03
4.3075e-03
5.9290e-03
6.9648e-03
6.9728e-03
5.7124e-03
3.7222e-03
1.9004e-03
8.0167e-04
4.8136e-04
6.6850e-04
1.0481e-03
1.7371e-03
3.0293e-03
4.6834e-03
6.1562e-03
7.1006e-03
7.4757e-03
7.4553e-03
7.2777e-03
7.1263e-03
7.0800e-03
7.0879e-03
6.7612e-03
5.9569e-03
4.6518e-03
3.1071e-03
1.8032e-03
1.0201e-03
7.2017e-04
3.7054e-04
-6.3350e-04
-2.1898e-03
-3.7343e-03
-4.8200e-03
-5.3102e-03
-5.3325e-03
-5.1319e-03
-4.9302e-03
-4.8667e-03
-4.9532e-03
-5.1096e-03
-5.2482e-03
-5.3199e-03
-5.3231e-03
-5.2866e-03
-5.2451e-03
-5.2215e-03
-5.2208e-03
-5.2354e-03
-5.2533e-03
-5.2656e-03
-5.2694e-03
-5.2668e-03
-5.2622e-03
-5.2592e-03
-5.2597e-03
-5.3571e-03
-5.9625e-03
-7.3420e-03
-9.0993e-03
-1.0617e-02
-1.1543e-02
-1.1885e-02
-1.1844e-02
-1.1649e-02
-1.1408e-02
-1.0971e-02
-1.0569e-02
-1.0197e-02
-1.0117e-02
-1.0435e-02
-1.0953e-02
-1.1226e-02
-1.0463e-02
-8.7699e-03
-6.9171e-03
-5.5509e-03
-4.9102e-03
-4.8767e-03
-5.1727e-03
-5.5106e-03
-5.7083e-03
-5.6363e-03
-5.1315e-03
-4.6561e-03
-4.3737e-03
-3.5782e-03
-2.2808e-03
-1.2093e-03
-4.5978e-04
-9.0426e-05
-7.2011e-04
-2.2279e-03
-3.7008e-03
-3.9048e-03
-2.7312e-03
-9.8714e-04
5.0601e-04
1.3206e-03
1.4630e-03
1.2047e-03
8.6455e-04
6.5383e-04
6.2962e-04
7.4448e-04
9.2223e-04
1.0744e-03
8.5511e-04
-3.4752e-04
-2.1931e-03
-3.9311e-03
-5.0475e-03
-5.4619e-03
-5.3635e-03
-5.0550e-03
-4.4961e-03
-3.1905e-03
-1.4327e-03
1.5567e-04
1.1771e-03
1.5768e-03
1.5419e-03
1.3372e-03
1.4614e-03
2.6143e-03
4.4740e-03
6.2744e-03
7.4666e-03
7.7074e-03
6.7340e-03
4.8558e-03
2.9262e-03
1.5975e-03
1.0516e-03
1.0972e-03
1.3951e-03
1.6769e-03
2.2114e-03
3.3101e-03
4.5685e-03
5.8833e-03
6.9949e-03
7.7061e-03
8.0070e-03
8.0249e-03
7.9176e-03
7.6284e-03
7.1699e-03
6.6020e-03
5.4984e-03
4.1133e-03
2.9083e-03
2.1596e-03
1.8868e-03
1.9274e-03
1.8003e-03
9.1613e-04
-6.7640e-04
-2.3650e-03
-3.6071e-03
-4.1823e-03
-4.1908e-03
-3.9155e-03
-3.6295e-03
-3.4846e-03
-3.4725e-03
-3.2133e-03
-2.1924e-03
-5.0890e-04
1.2146e-03
2.4547e-03
3.0355e-03
3.0854e-03
2.8732e-03
2.6457e-03
2.5365e-03
2.5594e-03
2.6549e-03
2.7500e-03
2.8015e-03
2.8252e-03
2.8480e-03
2.8351e-03
2.4891e-03
2.0882e-03
2.0148e-03
2.2405e-03
2.5842e-03
2.8760e-03
3.0298e-03
3.0095e-03
2.4995e-03
1.2593e-03
2.8302e-04
3.2476e-04
1.1324e-03
2.2240e-03
3.7757e-03
5.3341e-03
5.9069e-03
5.3497e-03
4.2376e-03
3.2004e-03
2.5979e-03
2.4685e-03
2.6391e-03
2.8841e-03
3.0445e-03
3.0675e-03
2.9680e-03
2.9322e-03
3.7399e-03
5.4334e-03
7.3028e-03
8.7141e-03
9.4141e-03
9.5068e-03
9.2784e-03
9.0106e-03
8.8676e-03
8.8773e-03
8.9788e-03
9.0891e-03
9.1520e-03
9.1544e-03
9.0239e-03
8.5648e-03
8.0779e-03
7.4565e-03
6.3802e-03
5.0431e-03
3.8701e-03
3.1283e-03
2.8424e-03
2.8686e-03
3.0147e-03
3.1347e-03
3.1675e-03
3.1248e-03
3.0528e-03
3.0016e-03
3.0082e-03
3.0489e-03
3.1091e-03
3.1728e-03
3.2195e-03
3.2408e-03
3.2410e-03
3.2298e-03
3.0305e-03
2.0177e-03
3.1000e-04
-1.2905e-03
-1.9468e-03
-1.4870e-03
-8.7235e-05
1.5971e-03
2.9383e-03
3.6430e-03
3.4740e-03
2.0739e-03
1.8915e-05
-1.8240e-03
-2.9523e-03
-3.3334e-03
-3.2017e-03
-2.8984e-03
-2.7015e-03
-2.6909e-03
-2.7887e-03
-2.9082e-03
-3.0103e-03
-3.0601e-03
-3.0329e-03
-2.9566e-03
-2.8889e-03
-2.8732e-03
-2.8942e-03
-2.9482e-03
-3.0145e-03
-3.0679e-03
-3.0871e-03
-3.2117e-03
-3.9382e-03
-5.4433e-03
-7.2193e-03
-8.6628e-03
-9.4724e-03
-9.6865e-03
-9.5438e-03
-9.3108e-03
-9.1629e-03
-9.1509e-03
-9.2344e-03
-9.3400e-03
-9.4201e-03
-9.6531e-03
-1.0096e-02
-1.0308e-02
-1.0202e-02
-9.8961e-03
-9.5672e-03
-9.3433e-03
-9.2764e-03
-9.3500e-03
-9.4843e-03
-9.5911e-03
-9.4006e-03
-8.4410e-03
-6.7365e-03
-4.9181e-03
-3.5806e-03
-2.9306e-03
-2.4085e-03
-1.2308e-03
4.0368e-04
2.1377e-03
3.6216e-03
4.2848e-03
4.1624e-03
3.6410e-03
3.1157e-03
2.8058e-03
2.5291e-03
1.7345e-03
2.7622e-04
-1.3438e-03
-2.5850e-03
-3.2231e-03
-3.3525e-03
-3.2273e-03
-3.0555e-03
-2.9391e-03
-2.9108e-03
-2.9479e-03
-2.9955e-03
-2.8011e-03
-1.8955e-03
-2.6828e-04
1.4866e-03
2.8059e-03
3.4665e-03
3.5683e-03
3.3741e-03
3.1406e-03
3.0080e-03
2.7954e-03
2.1901e-03
1.1428e-03
-2.9945e-04
-1.7131e-03
-2.7193e-03
-3.1990e-03
-3.2619e-03
-3.1192e-03
-2.9610e-03
-2.8891e-03
-2.9137e-03
-2.9903e-03
-3.0832e-03
-3.5869e-03
-5.0137e-03
-6.9002e-03
-8.5497e-03
-9.5419e-03
-9.8468e-03
-9.7116e-03
-9.4337e-03
-9.2510e-03
-9.2387e-03
-9.3349e-03
-9.4355e-03
-9.2947e-03
-8.6532e-03
-7.9535e-03
-7.8114e-03
-8.2197e-03
-8.8586e-03
-9.4047e-03
-9.4770e-03
-8.6180e-03
-6.9097e-03
-5.0487e-03
-3.6503e-03
-2.9513e-03
-2.8671e-03
-3.1119e-03
-3.3956e-03
-3.5483e-03
-3.5406e-03
-3.4310e-03
-3.5001e-03
-3.8833e-03
-4.1213e-03
-4.0686e-03
-3.8221e-03
-3.5234e-03
-3.2767e-03
-2.9604e-03
-2.5170e-03
-2.3647e-03
-2.5558e-03
-2.9129e-03
-3.2437e-03
-3.4238e-03
-3.4240e-03
-3.3281e-03
-3.2476e-03
-3.2210e-03
-3.0260e-03
-2.1737e-03
-6.0008e-04
1.1353e-03
2.4750e-03
3.4781e-03
4.6842e-03
6.5311e-03
9.0766e-03
1.1817e-02
1.4019e-02
1.5294e-02
1.5697e-02
1.5564e-02
1.5268e-02
1.5064e-02
1.5035e-02
1.5137e-02
1.5249e-02
1.5025e-02
1.4287e-02
1.3310e-02
1.2186e-02
1.0961e-02
9.9145e-03
9.2462e-03
8.9665e-03
8.9527e-03
9.0461e-03
9.1276e-03
9.1467e-03
9.0633e-03
8.3728e-03
6.8081e-03
4.9510e-03
3.4513e-03
2.6235e-03
2.3960e-03
2.2187e-03
1.4150e-03
1.8234e-04
-1.0406e-03
-2.1683e-03
-3.0107e-03
-3.4326e-03
-3.2267e-03
-2.3960e-03
-1.3707e-03
-5.8664e-04
-4.9383e-04
-1.1975e-03
-2.2511e-03
-3.1623e-03
-3.6691e-03
-3.7734e-03
-3.7031e-03
-4.1748e-03
-5.3248e-03
-6.4720e-03
-7.4691e-03
-8.3911e-03
-9.1259e-03
-9.6050e-03
-9.8412e-03
-9.9088e-03
-9.8976e-03
-9.8754e-03
-9.8733e-03
-9.8925e-03
-9.9208e-03
-9.9157e-03
-9.3406e-03
-7.8602e-03
-6.0312e-03
-4.5129e-03
-3.6314e-03
-3.3888e-03
-3.5647e-03
-3.8657e-03
-4.0803e-03
-4.1347e-03
-4.1130e-03
-4.6371e-03
-6.0373e-03
-7.4042e-03
-7.6916e-03
-6.8314e-03
-5.4954e-03
-4.3316e-03
-3.6737e-03
-3.5574e-03
-3.7875e-03
-4.0750e-03
-4.2280e-03
-4.2138e-03
-4.1211e-03
-4.0424e-03
-3.9557e-03
-3.4808e-03
-2.2294e-03
-4.7563e-04
1.1671e-03
2.2509e-03
2.7107e-03
3.1040e-03
4.0986e-03
5.6372e-03
7.1789e-03
8.2798e-03
8.7934e-03
8.8383e-03
8.6762e-03
8.5261e-03
8.4648e-03
8.5054e-03
8.6107e-03
8.7166e-03
8.7791e-03
8.7897e-03
8.7726e-03
8.7765e-03
8.8101e-03
8.8392e-03
8.8663e-03
8.8910e-03
8.8898e-03
8.8830e-03
8.8902e-03
8.9093e-03
8.9312e-03
8.9412e-03
8.9133e-03
8.8520e-03
8.7854e-03
8.7366e-03
8.7137e-03
8.7123e-03
8.7142e-03
8.5788e-03
7.9977e-03
7.1959e-03
6.7272e-03
6.4546e-03
6.0618e-03
5.3704e-03
4.8435e-03
4.7074e-03
5.0223e-03
5.9065e-03
7.0461e-03
8.0142e-03
8.5775e-03
8.7397e-03
8.6517e-03
8.4920e-03
8.2360e-03
7.6163e-03
6.6147e-03
5.2276e-03
3.8094e-03
2.7565e-03
2.2326e-03
1.9782e-03
1.3304e-03
-4.5358e-05
-1.7430e-03
-3.1845e-03
-4.0420e-03
-4.3113e-03
-4.2007e-03
-3.9686e-03
-3.8001e-03
-3.7624e-03
-3.8274e-03
-3.9257e-03
-3.9831e-03
-3.9570e-03
-3.8719e-03
-3.7775e-03
-3.7115e-03
-3.6867e-03
-3.6943e-03
-3.7155e-03
-3.7248e-03
-3.5077e-03
-2.8243e-03
-2.1176e-03
-1.9889e-03
-2.4129e-03
-3.0585e-03
-3.6088e-03
-3.9027e-03
-3.9444e-03
-3.8385e-03
-3.7058e-03
-3.6254e-03
-3.6172e-03
-3.6580e-03
-3.7096e-03
-3.7435e-03
-3.7502e-03
-3.7366e-03
-3.7163e-03
-3.7009e-03
-3.6953e-03
-3.6741e-03
-3.3387e-03
-2.2952e-03
-9.9336e-04
-1.3285e-04
1.6092e-04
3.8941e-04
8.8071e-04
1.5245e-03
2.1124e-03
2.5024e-03
2.6650e-03
2.6592e-03
2.5788e-03
2.5004e-03
2.4393e-03
2.3923e-03
2.3613e-03
2.3414e-03
2.3423e-03
2.6925e-03
3.4822e-03
4.4682e-03
5.6511e-03
6.8608e-03
7.8268e-03
8.4090e-03
8.5381e-03
8.0184e-03
7.0334e-03
5.9628e-03
4.8183e-03
3.7204e-03
2.8943e-03
2.4332e-03
2.2815e-03
2.3076e-03
2.3832e-03
2.4294e-03
2.4360e-03
2.4421e-03
2.4556e-03
2.4610e-03
2.4790e-03
2.5023e-03
2.4961e-03
2.4596e-03
2.4234e-03
2.4181e-03
2.4201e-03
2.4142e-03
2.4012e-03
2.3867e-03
2.3758e-03
2.3708e-03
2.3712e-03
2.3747e-03
2.3783e-03
2.3663e-03
2.3352e-03
2.3197e-03
2.3286e-03
2.3524e-03
2.3777e-03
2.3948e-03
2.3863e-03
2.3370e-03
2.2681e-03
2.1842e-03
1.8320e-03
1.0624e-03
1.2590e-04
-9.3234e-04
-2.1066e-03
-3.1334e-03
-3.8314e-03
-4.4247e-03
-5.1603e-03
-5.9040e-03
-6.2217e-03
-5.8777e-03
-5.1492e-03
-4.4243e-03
-3.9533e-03
-3.7905e-03
-3.8468e-03
-3.9837e-03
-4.0885e-03
-4.0910e-03
-4.0373e-03
-4.3229e-03
-5.0956e-03
-6.3798e-03
-7.9123e-03
-9.2068e-03
-9.9568e-03
-1.0158e-02
-1.0019e-02
-9.7853e-03
-9.6260e-03
-9.5937e-03
-9.4691e-03
-8.6391e-03
-7.4731e-03
-6.6720e-03
-6.7459e-03
-7.5702e-03
-8.6165e-03
-9.1980e-03
-8.4583e-03
-6.6819e-03
-4.7564e-03
-3.3756e-03
-2.7739e-03
-2.6472e-03
-2.3557e-03
-1.7512e-03
-1.0271e-03
-2.6077e-04
5.9506e-04
1.0670e-03
1.0202e-03
6.6059e-04
2.6572e-04
2.1379e-04
5.9736e-04
8.7702e-04
6.4422e-04
-2.7906e-04
-1.5031e-03
-2.5481e-03
-3.1425e-03
-3.0789e-03
-2.2732e-03
-1.1331e-03
1.2607e-04
1.4056e-03
2.4369e-03
3.0810e-03
3.3761e-03
3.4429e-03
3.4132e-03
3.3619e-03
3.3161e-03
3.2901e-03
3.2826e-03
3.2842e-03
3.2861e-03
3.2847e-03
3.2422e-03
2.8283e-03
1.9951e-03
1.0756e-03
3.9161e-04
3.9538e-04
1.1113e-03
2.0875e-03
2.8890e-03
3.3080e-03
3.3690e-03
3.2285e-03
3.0570e-03
2.9608e-03
2.9628e-03
3.0211e-03
3.0604e-03
3.0467e-03
2.9939e-03
2.9326e-03
2.8882e-03
2.8713e-03
2.8774e-03
2.8946e-03
2.9115e-03
2.9108e-03
2.8703e-03
2.8030e-03
2.5916e-03
2.0867e-03
1.7412e-03
1.7671e-03
2.0433e-03
2.3935e-03
2.4962e-03
1.9838e-03
1.0656e-03
-6.5307e-05
-1.3913e-03
-2.5833e-03
-3.3522e-03
-3.6590e-03
-3.6590e-03
-3.5493e-03
-3.4440e-03
-3.3893e-03
-3.1669e-03
-2.2650e-03
-9.4116e-04
3.4790e-05
3.7397e-04
-2.1131e-05
-4.8779e-04
-2.1383e-04
6.6991e-04
1.4188e-03
1.4535e-03
6.3313e-04
-8.1802e-04
-2.2540e-03
-2.8659e-03
-2.4635e-03
-1.5198e-03
-5.5634e-04
4.1692e-04
1.3941e-03
2.2004e-03
2.7078e-03
2.9130e-03
2.9199e-03
2.8523e-03
2.7975e-03
2.7890e-03
2.8186e-03
2.8609e-03
2.9870e-03
3.6003e-03
4.9720e-03
6.7164e-03
8.2255e-03
9.1431e-03
9.4466e-03
9.3225e-03
9.0393e-03
8.8132e-03
8.7457e-03
8.8278e-03
8.9633e-03
9.0793e-03
9.1163e-03
9.0773e-03
9.0051e-03
8.9431e-03
8.9143e-03
8.9184e-03
8.9410e-03
8.9654e-03
8.9809e-03
8.9855e-03
8.9830e-03
8.9792e-03
8.9782e-03
8.9814e-03
8.9786e-03
8.7613e-03
8.0698e-03
6.9286e-03
5.4345e-03
4.0223e-03
3.0530e-03
2.6179e-03
2.5851e-03
2.7170e-03
2.8198e-03
2.8155e-03
2.4233e-03
1.2763e-03
-1.7313e-04
-1.1567e-03
-1.7333e-03
-2.2494e-03
-2.7486e-03
-3.1672e-03
-3.4548e-03
-3.6046e-03
-3.6468e-03
-3.6676e-03
-4.0825e-03
-5.3041e-03
-7.0787e-03
-8.7225e-03
-9.4734e-03
-9.4401e-03
-8.7639e-03
-7.3905e-03
-5.8529e-03
-4.9419e-03
-4.5648e-03
-4.4808e-03
-4.8543e-03
-5.5765e-03
-6.3077e-03
-6.8975e-03
-7.6117e-03
-8.4988e-03
-9.3393e-03
-9.9393e-03
-1.0239e-02
-1.0299e-02
-1.0239e-02
-1.0276e-02
-1.0767e-02
-1.1580e-02
-1.2034e-02
-1.1869e-02
-1.1462e-02
-1.1462e-02
-1.2100e-02
-1.3402e-02
-1.4911e-02
-1.5813e-02
-1.5249e-02
-1.3577e-02
-1.1725e-02
-1.0416e-02
-9.7236e-03
-9.1961e-03
-8.5060e-03
-7.3869e-03
-6.0709e-03
-4.9662e-03
-4.3306e-03
-4.1492e-03
-4.2360e-03
-4.4158e-03
-4.5596e-03
-4.7477e-03
-5.2878e-03
-6.0946e-03
-6.8543e-03
-7.4995e-03
-8.2881e-03
-8.9681e-03
-9.2914e-03
-9.5858e-03
-9.9299e-03
-1.0044e-02
-9.7727e-03
-9.1692e-03
-7.8962e-03
-6.5263e-03
-5.6504e-03
-5.0894e-03
-4.7385e-03
-4.5458e-03
-4.4286e-03
-4.3391e-03
-4.2635e-03
-4.1956e-03
-3.9256e-03
-2.9975e-03
-1.3870e-03
3.3788e-04
1.6358e-03
2.2931e-03
2.4183e-03
2.5046e-03
3.0252e-03
4.1012e-03
5.6313e-03
7.1150e-03
8.1415e-03
8.5723e-03
8.2721e-03
7.3045e-03
5.8883e-03
4.3031e-03
2.9979e-03
2.2269e-03
1.9679e-03
2.0280e-03
2.1871e-03
2.2967e-03
2.3084e-03
2.2489e-03
2.1729e-03
2.1236e-03
2.1160e-03
2.1399e-03
2.1742e-03
2.2011e-03
2.2130e-03
2.2120e-03
2.2056e-03
2.2007e-03
2.2011e-03
2.2036e-03
2.1849e-03
2.1625e-03
2.1624e-03
2.1823e-03
2.2100e-03
2.2340e-03
2.2488e-03
2.2545e-03
2.2567e-03
2.2788e-03
2.3328e-03
2.3798e-03
2.3867e-03
2.3799e-03
2.3936e-03
2.4518e-03
2.8098e-03
3.6041e-03
4.5224e-03
4.9886e-03
4.7050e-03
3.9580e-03
3.1796e-03
2.6635e-03
2.4859e-03
2.5568e-03
2.7228e-03
2.8579e-03
2.9066e-03
2.8789e-03
2.8183e-03
2.7691e-03
2.7709e-03
2.8156e-03
2.8765e-03
2.9209e-03
2.6607e-03
1.9347e-03
1.0273e-03
2.7373e-04
-1.5443e-04
-2.6334e-04
8.4503e-05
9.3365e-04
1.9416e-03
2.7451e-03
3.1617e-03
3.2084e-03
3.0568e-03
3.0830e-03
3.4481e-03
3.9088e-03
4.7610e-03
5.9142e-03
6.8983e-03
7.7603e-03
8.4408e-03
8.8749e-03
9.0710e-03
8.8978e-03
8.1779e-03
7.1788e-03
6.0978e-03
4.9294e-03
3.9023e-03
3.1989e-03
2.8320e-03
2.7167e-03
2.7179e-03
2.7237e-03
2.8928e-03
3.2923e-03
3.6803e-03
4.2152e-03
4.8050e-03
5.0759e-03
4.6859e-03
3.8814e-03
3.2821e-03
3.4147e-03
4.3074e-03
5.7891e-03
7.2981e-03
8.3632e-03
8.8375e-03
8.8524e-03
8.8305e-03
9.2752e-03
9.9248e-03
1.0133e-02
9.7971e-03
9.1875e-03
8.6032e-03
8.2087e-03
8.0440e-03
8.0533e-03
8.1386e-03
8.2165e-03
8.2465e-03
8.2200e-03
8.1400e-03
8.0438e-03
7.9706e-03
7.9374e-03
7.9388e-03
7.9577e-03
7.9762e-03
7.8375e-03
7.2346e-03
6.3263e-03
5.4692e-03
4.9062e-03
4.6857e-03
4.5657e-03
4.2420e-03
4.2036e-03
4.8989e-03
5.9196e-03
6.3307e-03
5.6398e-03
4.2120e-03
2.7514e-03
1.7598e-03
1.3743e-03
1.3577e-03
1.1478e-03
5.6777e-04
-2.6198e-04
-1.3980e-03
-2.6377e-03
-3.6309e-03
-4.1958e-03
-4.3631e-03
-4.2905e-03
-4.1515e-03
-4.0610e-03
-4.1464e-03
-4.7035e-03
-5.7281e-03
-7.1612e-03
-8.6660e-03
-9.8208e-03
-1.0441e-02
-1.0594e-02
-1.0485e-02
-1.0321e-02
-1.0226e-02
-1.0230e-02
-1.0296e-02
-1.0370e-02
-1.0413e-02
-1.0415e-02
-1.0390e-02
-1.0358e-02
-1.0335e-02
-1.0327e-02
-1.0331e-02
-1.0342e-02
-1.0376e-02
-1.0436e-02
-1.0497e-02
-1.0541e-02
-1.0560e-02
-1.0560e-02
-1.0511e-02
-1.0129e-02
-9.6618e-03
-9.1629e-03
-8.5519e-03
-7.9817e-03
-7.6060e-03
-7.4426e-03
-7.4410e-03
-7.5260e-03
-7.6166e-03
-7.6661e-03
-7.6292e-03
-7.2306e-03
-6.7777e-03
-6.6725e-03
-6.8908e-03
-7.2439e-03
-7.5501e-03
-7.7143e-03
-7.7358e-03
-7.6724e-03
-7.5929e-03
-7.5431e-03
-7.5112e-03
-7.2385e-03
-6.8230e-03
-6.6811e-03
-6.8267e-03
-6.8307e-03
-6.3701e-03
-5.6037e-03
-4.5755e-03
-3.3460e-03
-2.2447e-03
-1.4959e-03
-8.6913e-04
-9.5743e-05
7.1208e-04
1.3631e-03
1.7550e-03
1.8997e-03
1.8836e-03
1.8087e-03
1.7491e-03
1.7342e-03
1.7569e-03
1.7936e-03
1.8227e-03
1.8342e-03
1.8303e-03
1.8435e-03
2.1518e-03
2.8858e-03
3.4920e-03
3.4912e-03
2.9998e-03
2.3599e-03
1.8597e-03
1.6235e-03
1.6210e-03
1.7199e-03
1.5694e-03
9.2662e-04
3.0936e-05
-9.7396e-04
-1.9168e-03
-2.3032e-03
-2.1076e-03
-1.6211e-03
-1.1454e-03
-6.6670e-04
3.9542e-05
8.5696e-04
1.5544e-03
1.9937e-03
2.1696e-03
2.1668e-03
2.0935e-03
2.0311e-03
2.0139e-03
2.0366e-03
2.0749e-03
2.1056e-03
2.1096e-03
1.9051e-03
1.4616e-03
1.2346e-03
1.3352e-03
1.6308e-03
1.9439e-03
2.1678e-03
2.2736e-03
2.2773e-03
2.2507e-03
2.2393e-03
2.2549e-03
2.2881e-03
2.3224e-03
2.3450e-03
2.3522e-03
2.3480e-03
2.3396e-03
2.3333e-03
2.3316e-03
2.3342e-03
2.3297e-03
2.1096e-03
1.4232e-03
4.9314e-04
-5.4055e-04
-1.7230e-03
-2.8080e-03
-3.5614e-03
-3.9253e-03
-3.9918e-03
-3.9131e-03
-3.8196e-03
-3.7791e-03
-3.7905e-03
-3.6454e-03
-2.9102e-03
-1.6014e-03
-3.5199e-04
7.0747e-04
1.4916e-03
1.9424e-03
1.9752e-03
1.4231e-03
6.7981e-04
4.2513e-04
7.5716e-04
1.3805e-03
1.9615e-03
2.3037e-03
2.3827e-03
2.2910e-03
2.1530e-03
2.0589e-03
2.0392e-03
2.0758e-03
2.1306e-03
2.1713e-03
2.1844e-03
2.1746e-03
2.1554e-03
2.1395e-03
2.1332e-03
2.1358e-03
2.1430e-03
2.1497e-03
2.1532e-03
2.1543e-03
2.3010e-03
2.7532e-03
3.0523e-03
3.0012e-03
2.7114e-03
2.3729e-03
2.1387e-03
2.0725e-03
2.1143e-03
2.1818e-03
2.2239e-03
2.2251e-03
2.1971e-03
2.1683e-03
2.1794e-03
2.2268e-03
2.2666e-03
2.2906e-03
2.2899e-03
2.2874e-03
2.3010e-03
2.3263e-03
2.3525e-03
2.3713e-03
2.3866e-03
2.4230e-03
2.4810e-03
2.5401e-03
2.5829e-03
2.6035e-03
2.6061e-03
2.5994e-03
2.5917e-03
2.5878e-03
2.5876e-03
2.5030e-03
2.0343e-03
1.1352e-03
-1.0214e-04
-1.1445e-03
-1.9377e-03
-2.4731e-03
-2.4920e-03
-2.3523e-03
-2.4106e-03
-2.5638e-03
-2.4482e-03
-2.2397e-03
-1.8649e-03
-1.2359e-03
-2.1867e-04
1.0602e-03
2.2255e-03
2.9754e-03
2.9579e-03
2.5646e-03
2.2975e-03
2.0038e-03
1.8648e-03
1.7410e-03
1.4490e-03
1.3885e-03
1.4662e-03
1.6820e-03
1.7924e-03
1.5485e-03
1.0872e-03
5.9387e-04
-9.3726e-05
-1.0071e-03
-1.8681e-03
-2.4680e-03
-2.7417e-03
-2.7902e-03
-3.0460e-03
-3.3496e-03
-3.3802e-03
-3.1700e-03
-2.8714e-03
-2.5824e-03
-2.0759e-03
-1.5919e-03
-1.1759e-03
-1.0275e-03
-1.2918e-03
-1.7575e-03
-2.2098e-03
-2.5153e-03
-2.6142e-03
-2.5483e-03
-2.4221e-03
-2.3441e-03
-2.3119e-03
-2.0478e-03
-1.6897e-03
-1.5961e-03
-1.7832e-03
-2.1162e-03
-2.4050e-03
-2.2831e-03
-1.8443e-03
-1.5875e-03
-1.6608e-03
-1.9939e-03
-2.6704e-03
-3.6518e-03
-4.3619e-03
-4.6270e-03
-4.5156e-03
-3.9886e-03
-3.3119e-03
-2.7660e-03
-2.4819e-03
-2.4368e-03
-2.5238e-03
-2.6306e-03
-2.6894e-03
-2.6867e-03
-2.6463e-03
-2.6015e-03
-2.5756e-03
-2.5760e-03
-2.6122e-03
-2.6630e-03
-2.6879e-03
-2.6805e-03
-2.6800e-03
-2.9930e-03
-3.7914e-03
-4.7743e-03
-5.5879e-03
-6.0504e-03
-6.1991e-03
-6.4116e-03
-6.7432e-03
-7.1084e-03
-7.3986e-03
-7.5916e-03
-7.9090e-03
-8.0349e-03
-7.6782e-03
-7.0257e-03
-6.3864e-03
-5.9661e-03
-5.8106e-03
-5.8212e-03
-5.6180e-03
-5.2360e-03
-5.0739e-03
-4.9384e-03
-4.7817e-03
-4.6034e-03
-4.1974e-03
-3.6643e-03
-3.1726e-03
-2.8442e-03
-2.7032e-03
-2.6827e-03
-2.7106e-03
-2.7361e-03
-2.7359e-03
-2.6956e-03
-2.6145e-03
-2.2659e-03
-1.4896e-03
-5.2081e-04
5.5846e-04
1.4789e-03
2.0887e-03
2.6112e-03
3.1135e-03
3.5042e-03
3.7603e-03
3.6831e-03
3.0514e-03
2.1446e-03
1.5640e-03
1.8004e-03
2.6359e-03
3.7910e-03
5.1384e-03
6.1288e-03
6.2639e-03
5.7264e-03
4.9775e-03
4.3966e-03
4.1557e-03
4.2150e-03
4.4100e-03
4.6077e-03
4.7150e-03
4.5096e-03
3.7775e-03
2.7993e-03
1.9443e-03
1.1871e-03
3.1949e-04
-5.2315e-04
-1.1176e-03
-1.1293e-03
-4.7836e-04
4.2695e-04
9.2988e-04
9.2979e-04
6.1141e-04
2.3880e-04
3.5255e-06
-1.4468e-05
3.4149e-04
6.4336e-04
7.2044e-04
5.7469e-04
1.0632e-04
-2.1843e-04
-2.0398e-06
6.2945e-04
1.5898e-03
2.5319e-03
3.1837e-03
3.4381e-03
3.1469e-03
2.5322e-03
1.6755e-03
8.6862e-04
3.0222e-04
-2.1353e-04
-6.7586e-04
-1.0259e-03
-1.2384e-03
-1.3307e-03
-1.3449e-03
-1.3256e-03
-1.3049e-03
-1.2965e-03
-1.3002e-03
-1.3088e-03
-1.3152e-03
-1.3158e-03
-1.3113e-03
-1.3060e-03
-1.3217e-03
-1.3469e-03
-1.0979e-03
-4.0542e-04
4.6474e-04
1.1924e-03
1.6094e-03
1.7235e-03
1.6735e-03
1.8575e-03
2.5129e-03
3.3917e-03
4.1570e-03
4.6128e-03
4.7471e-03
4.6707e-03
4.5266e-03
4.4187e-03
4.3854e-03
4.4113e-03
4.4574e-03
4.4898e-03
4.4936e-03
4.4730e-03
4.4420e-03
4.4138e-03
4.3953e-03
4.3844e-03
4.3581e-03
4.3009e-03
4.2295e-03
4.1660e-03
4.0920e-03
3.7307e-03
2.9362e-03
1.7042e-03
6.0288e-04
1.3958e-04
2.5896e-04
6.6412e-04
1.0594e-03
1.2773e-03
1.2976e-03
1.1960e-03
1.0713e-03
1.0284e-03
1.4012e-03
2.2164e-03
3.1220e-03
3.8014e-03
4.1289e-03
4.1571e-03
4.0285e-03
3.8827e-03
3.7998e-03
3.7927e-03
3.8301e-03
3.9047e-03
4.2779e-03
5.0223e-03
6.1297e-03
7.0499e-03
7.0401e-03
6.1337e-03
4.9114e-03
3.9130e-03
3.3918e-03
3.3131e-03
3.4805e-03
3.6826e-03
3.7891e-03
3.7789e-03
3.7177e-03
3.6675e-03
3.6521e-03
3.6663e-03
3.6907e-03
3.7061e-03
3.7029e-03
3.6825e-03
3.6527e-03
3.6221e-03
3.5963e-03
3.5761e-03
3.5656e-03
3.5763e-03
3.5879e-03
3.6017e-03
3.6187e-03
3.5465e-03
3.1746e-03
2.7547e-03
2.2656e-03
1.6965e-03
1.1916e-03
7.7236e-04
1.6772e-04
-6.2660e-04
-1.3765e-03
-1.8967e-03
-2.1383e-03
-2.1651e-03
-2.0883e-03
-2.0049e-03
-1.9669e-03
-2.0997e-03
-2.6383e-03
-3.3158e-03
-3.5503e-03
-3.3803e-03
-3.1894e-03
-2.8781e-03
-2.4699e-03
-2.1019e-03
-1.8654e-03
-1.8994e-03
-2.4243e-03
-3.2439e-03
-4.0073e-03
-4.4894e-03
-4.6538e-03
-4.6068e-03
-4.4969e-03
-4.4118e-03
-4.3922e-03
-4.2808e-03
-3.9059e-03
-3.5186e-03
-3.0264e-03
-2.6098e-03
-2.6861e-03
-3.1911e-03
-3.8303e-03
-4.3392e-03
-4.7190e-03
-5.2415e-03
-5.7037e-03
-5.7024e-03
-5.1284e-03
-4.0476e-03
-3.0559e-03
-2.7412e-03
-2.8913e-03
-3.1091e-03
-3.4460e-03
-3.8129e-03
-4.0876e-03
-4.2209e-03
-4.2362e-03
-4.1904e-03
-4.1411e-03
-3.9627e-03
-3.4427e-03
-2.7417e-03
-2.1174e-03
-1.7251e-03
-1.5801e-03
-1.6024e-03
-1.6781e-03
-1.5605e-03
-1.0188e-03
-2.5792e-04
2.5084e-04
1.2336e-04
-4.7250e-04
-1.1652e-03
-1.6678e-03
-1.8769e-03
-1.8470e-03
-1.7062e-03
-1.5726e-03
-1.4888e-03
-1.2453e-03
-6.9333e-04
-1.2045e-06
8.0959e-04
1.7262e-03
2.3471e-03
2.5631e-03
2.4594e-03
2.0310e-03
1.5139e-03
1.3325e-03
1.6762e-03
2.1131e-03
2.4014e-03
2.6635e-03
2.8971e-03
3.0796e-03
3.2078e-03
3.2630e-03
3.0686e-03
2.7142e-03
2.3389e-03
1.8921e-03
1.6557e-03
1.6624e-03
1.6359e-03
1.5036e-03
1.3133e-03
1.1523e-03
1.1016e-03
1.3991e-03
2.0432e-03
2.7194e-03
2.9369e-03
2.5690e-03
1.9097e-03
1.2971e-03
9.2836e-04
8.2865e-04
9.2172e-04
1.0855e-03
1.2125e-03
1.2562e-03
1.2273e-03
1.1656e-03
1.1094e-03
1.0785e-03
1.0726e-03
1.0794e-03
1.0853e-03
1.0823e-03
1.0696e-03
1.0511e-03
1.0320e-03
1.0157e-03
9.7821e-04
7.0551e-04
1.6686e-04
-4.2202e-04
-8.6568e-04
-1.1195e-03
-1.4528e-03
-2.0209e-03
-2.8267e-03
-3.4655e-03
-3.6148e-03
-3.1352e-03
-2.3222e-03
-1.7856e-03
-1.7648e-03
-2.1021e-03
-2.5271e-03
-2.8887e-03
-3.2429e-03
-3.3822e-03
-3.2221e-03
-2.9066e-03
-2.5450e-03
-2.0303e-03
-1.4079e-03
-8.4293e-04
-4.5401e-04
-2.0810e-04
1.4807e-04
6.6140e-04
1.1924e-03
1.6582e-03
2.1938e-03
2.7241e-03
2.9006e-03
2.6664e-03
2.1913e-03
1.5067e-03
7.6382e-04
1.7897e-04
-2.0308e-04
-5.4410e-04
-7.5520e-04
-9.5756e-04
-1.2399e-03
-1.5300e-03
-1.7322e-03
-1.8112e-03
-1.7930e-03
-1.7290e-03
-1.6650e-03
-1.6254e-03
-1.6122e-03
-1.6145e-03
-1.7054e-03
-2.0540e-03
-2.5641e-03
-3.0307e-03
-3.2341e-03
-2.9766e-03
-2.4102e-03
-1.8188e-03
-1.3995e-03
-1.2252e-03
-1.2366e-03
-1.3110e-03
-1.3657e-03
-1.3811e-03
-1.2803e-03
-9.1037e-04
-3.7894e-04
1.0615e-04
4.1265e-04
5.2212e-04
4.9613e-04
4.2020e-04
3.5948e-04
3.4047e-04
3.5676e-04
3.8650e-04
4.0390e-04
3.9361e-04
3.6951e-04
3.3521e-04
3.0018e-04
2.7474e-04
2.6252e-04
2.6079e-04
2.6398e-04
2.6720e-04
2.6790e-04
2.6058e-04
2.3541e-04
1.9979e-04
1.6758e-04
1.4805e-04
2.1705e-04
5.2340e-04
9.7939e-04
1.3979e-03
1.5692e-03
1.3438e-03
9.5526e-04
7.9694e-04
9.2991e-04
1.2164e-03
1.4878e-03
1.5423e-03
1.2475e-03
8.6042e-04
7.2664e-04
8.7707e-04
1.2576e-03
1.8246e-03
2.3892e-03
2.7800e-03
2.9386e-03
2.8230e-03
2.5088e-03
2.3008e-03
2.2910e-03
2.4135e-03
2.5606e-03
2.6524e-03
2.6618e-03
2.6067e-03
2.5246e-03
2.4487e-03
2.3948e-03
2.3594e-03
2.4191e-03
2.6847e-03
3.1308e-03
3.6956e-03
4.1144e-03
4.0693e-03
3.5284e-03
2.7882e-03
2.1596e-03
1.7988e-03
1.6904e-03
1.7265e-03
1.7947e-03
1.8135e-03
1.7655e-03
1.6767e-03
1.5845e-03
1.5109e-03
1.3840e-03
1.1038e-03
7.4794e-04
4.3344e-04
1.5435e-04
-1.7400e-04
-5.0218e-04
-7.4861e-04
-8.7330e-04
-9.0126e-04
-8.8530e-04
-8.6348e-04
-8.4721e-04
-8.4289e-04
-9.3838e-04
-1.0874e-03
-1.1388e-03
-1.0771e-03
-9.5319e-04
-8.3913e-04
-8.6189e-04
-1.0737e-03
-1.3648e-03
-1.6081e-03
-1.7366e-03
-1.7520e-03
-1.6982e-03
-1.6264e-03
-1.5713e-03
-1.5433e-03
-1.5279e-03
-1.4339e-03
-1.2108e-03
-9.3895e-04
-7.1368e-04
-5.8350e-04
-5.4452e-04
-5.6132e-04
-5.9346e-04
-6.1377e-04
-6.1379e-04
-5.9905e-04
-5.8028e-04
-5.6599e-04
-5.5930e-04
-5.5854e-04
-5.5994e-04
-5.6020e-04
-5.5783e-04
-5.5318e-04
-5.4748e-04
-5.4200e-04
-5.4275e-04
-6.0969e-04
-7.7263e-04
-9.6489e-04
-1.1139e-03
-1.1861e-03
-1.1932e-03
-1.2160e-03
-1.3056e-03
-1.3706e-03
-1.3324e-03
-1.1623e-03
-8.9002e-04
-6.1396e-04
-4.1869e-04
-3.3196e-04
-3.2883e-04
-3.6350e-04
-4.0360e-04
-4.8739e-04
-6.1669e-04
-7.4448e-04
-8.3401e-04
-8.7180e-04
-8.6308e-04
-8.2706e-04
-7.8660e-04
-7.5904e-04
-7.4483e-04
-7.3934e-04
-7.3096e-04
-6.6172e-04
-5.2703e-04
-3.8512e-04
-3.2880e-04
-3.9076e-04
-5.6055e-04
-7.7582e-04
-9.5019e-04
-1.0262e-03
-9.6732e-04
-8.1584e-04
-6.5371e-04
-5.3879e-04
-4.8690e-04
-4.8260e-04
-5.0030e-04
-5.1629e-04
-5.1753e-04
-5.1360e-04
-5.4510e-04
-6.1194e-04
-6.8094e-04
-7.2466e-04
-7.3384e-04
-7.0665e-04
-6.2890e-04
-5.2017e-04
-4.1927e-04
-3.5075e-04
-3.3096e-04
-3.7460e-04
-4.5149e-04
-5.1963e-04
-5.5278e-04
-5.5022e-04
-5.1334e-04
-4.4584e-04
-3.8494e-04
-3.3832e-04
-3.2709e-04
-3.4491e-04
-3.5953e-04
-3.3417e-04
-2.7424e-04
-2.0630e-04
-1.5254e-04
-1.2157e-04
-1.0089e-04
-7.2621e-05
-4.8863e-05
-1.7603e-05
2.0470e-05
5.4985e-05
7.9043e-05
1.0185e-04
1.2832e-04
1.3799e-04
1.3057e-04
1.1691e-04
1.0517e-04
9.8806e-05
1.0699e-04
1.2932e-04
1.4227e-04
1.4858e-04
1.6474e-04
1.8916e-04
2.1236e-04
2.2730e-04
2.3251e-04
2.3780e-04
2.5536e-04
2.7898e-04
2.9118e-04
2.7866e-04
2.5020e-04
2.2027e-04
1.9866e-04
1.8802e-04
1.8557e-04
1.8652e-04
1.8691e-04
1.8493e-04
1.8142e-04
1.8410e-04
1.9045e-04
1.8976e-04
1.8197e-04
1.7158e-04
1.6235e-04
1.5598e-04
1.5235e-04
1.5027e-04
1.4911e-04
1.5283e-04
1.5721e-04
1.6121e-04
1.6656e-04
1.7028e-04
1.6572e-04
1.5740e-04
1.5216e-04
1.5047e-04
1.4978e-04
1.4351e-04
1.3038e-04
1.1531e-04
1.0297e-04
9.5407e-05
9.2536e-05
9.5931e-05
1.0380e-04
1.1120e-04
1.1483e-04
1.1408e-04
1.1029e-04
1.0533e-04
1.0068e-04
9.6156e-05
8.9129e-05
8.0695e-05
7.5786e-05
7.5529e-05
7.7567e-05
7.9251e-05
7.8993e-05
7.6711e-05
7.3313e-05
6.9348e-05
6.3565e-05
5.6576e-05
5.0298e-05
4.5926e-05
4.3556e-05
4.2554e-05
4.2103e-05
4.0988e-05
3.8392e-05
3.6315e-05
3.5598e-05
3.5292e-05
3.3699e-05
3.1480e-05
3.0147e-05
2.9429e-05
2.9441e-05
2.9025e-05
2.7913e-05
2.6560e-05
2.5437e-05
2.4747e-05
2.3992e-05
2.2546e-05
2.0869e-05
1.9550e-05
1.8904e-05
1.8902e-05
1.9305e-05
1.9836e-05
2.0307e-05
2.0647e-05
2.0879e-05
2.1059e-05
2.1238e-05
2.1435e-05
2.1646e-05
2.1852e-05
2.2037e-05
2.2176e-05
2.2265e-05
2.2332e-05
2.2403e-05
2.2486e-05
2.2581e-05
2.2676e-05
2.2762e-05
2.2833e-05
2.2890e-05
2.2934e-05
2.2970e-05
2.3010e-05
2.3151e-05
2.3328e-05
2.3373e-05
2.3304e-05
2.3296e-05
2.3409e-05
2.3549e-05
2.3630e-05
2.3623e-05
2.3544e-05
2.3429e-05
2.3312e-05
2.3211e-05
2.3130e-05
2.3062e-05
2.3000e-05
2.2938e-05
2.2877e-05
2.2818e-05
2.2771e-05
2.2763e-05
2.2782e-05
2.2789e-05
2.2745e-05
2.2663e-05
2.2577e-05
2.2519e-05
2.2510e-05
2.2538e-05
2.2574e-05
2.2600e-05
2.2612e-05
2.2616e-05
2.2622e-05
2.2634e-05
2.2648e-05
2.2670e-05
2.2705e-05
2.2755e-05
2.2818e-05
2.2895e-05
2.2975e-05
2.3056e-05
2.3142e-05
2.3233e-05
2.3333e-05
2.3440e-05
2.3554e-05
2.3675e-05
2.3799e-05
2.3929e-05
2.4066e-05
2.4210e-05
2.4361e-05
2.4518e-05
2.4681e-05
2.4849e-05
2.5022e-05
2.5201e-05
2.5386e-05
2.5576e-05
2.5771e-05
2.5972e-05
2.6178e-05
2.6389e-05
2.6605e-05
2.6827e-05
2.7054e-05
2.7285e-05
2.7522e-05
2.7764e-05
2.8011e-05
2.8262e-05
2.8519e-05
2.8780e-05
2.9046e-05
2.9316e-05
2.9591e-05
2.9871e-05
3.0155e-05
3.0443e-05
3.0736e-05
3.1033e-05
3.1334e-05
3.1639e-05
3.1948e-05
3.2262e-05
3.2579e-05
3.2900e-05
