-7.9157e-05
-8.1140e-05
-8.2882e-05
-8.4343e-05
-8.5367e-05
-8.5970e-05
-8.6068e-05
-8.5821e-05
-8.5362e-05
-8.5080e-05
-8.5109e-05
-8.6087e-05
-8.8243e-05
-9.1791e-05
-9.6647e-05
-1.0255e-04
-1.0868e-04
-1.1389e-04
-1.1726e-04
-1.1888e-04
-1.1901e-04
-1.1847e-04
-1.1832e-04
-1.1893e-04
-1.2026e-04
-1.2231e-04
-1.2456e-04
-1.2634e-04
-1.2648e-04
-1.2375e-04
-1.1696e-04
-1.0738e-04
-9.5379e-05
-8.4149e-05
-7.6005e-05
-7.0633e-05
-6.6799e-05
-6.5335e-05
-6.5376e-05
-6.3572e-05
-5.6363e-05
-4.3409e-05
-2.6906e-05
-7.5627e-06
1.0987e-05
2.4018e-05
2.8979e-05
2.2630e-05
2.6355e-06
-2.8905e-05
-6.6232e-05
-1.0505e-04
-1.4084e-04
-1.6786e-04
-1.7743e-04
-1.6531e-04
-1.3053e-04
-7.9837e-05
-1.6844e-05
5.0117e-05
1.1025e-04
1.5814e-04
1.8906e-04
2.0394e-04
1.9924e-04
1.7907e-04
1.4079e-04
9.5086e-05
4.0190e-05
-3.5738e-05
-1.1302e-04
-1.8425e-04
-2.3979e-04
-2.7878e-04
-2.9969e-04
-3.0018e-04
-2.8022e-04
-2.4007e-04
-1.8395e-04
-1.3278e-04
-9.9435e-05
-8.2636e-05
-9.3625e-05
-1.2890e-04
-1.7522e-04
-2.1540e-04
-2.4009e-04
-2.4416e-04
-2.2244e-04
-1.7396e-04
-1.0258e-04
-1.8787e-05
6.1674e-05
1.3230e-04
1.9290e-04
2.4181e-04
2.7868e-04
3.0381e-04
3.1758e-04
3.1951e-04
3.0814e-04
2.8256e-04
2.5454e-04
2.2921e-04
1.9114e-04
1.4456e-04
9.4927e-05
4.8525e-05
8.0601e-06
-3.8578e-05
-7.3812e-05
-8.7327e-05
-9.5593e-05
-1.0333e-04
-9.7982e-05
-9.9440e-05
-1.2457e-04
-1.4692e-04
-1.4419e-04
-1.2716e-04
-1.0005e-04
-7.1433e-05
-5.3842e-05
-1.9606e-05
5.6244e-05
1.5825e-04
2.6939e-04
3.6698e-04
4.5196e-04
5.2893e-04
5.9769e-04
6.6126e-04
7.2264e-04
7.8293e-04
8.4425e-04
9.4450e-04
1.0944e-03
1.2868e-03
1.5413e-03
1.8486e-03
2.1604e-03
2.4446e-03
2.6652e-03
2.7705e-03
2.7617e-03
2.6781e-03
2.5414e-03
2.3934e-03
2.2656e-03
2.1333e-03
1.9623e-03
1.7742e-03
1.5989e-03
1.4407e-03
1.3048e-03
1.1571e-03
9.8425e-04
8.1237e-04
6.2177e-04
4.0476e-04
1.6510e-04
-8.2894e-05
-3.0491e-04
-4.5529e-04
-5.4127e-04
-5.6446e-04
-5.2752e-04
-4.4548e-04
-3.4276e-04
-2.4421e-04
-1.1217e-04
1.3510e-05
9.2879e-05
1.4636e-04
1.9741e-04
2.1599e-04
2.2614e-04
2.5173e-04
1.8673e-04
1.9812e-05
-2.3130e-04
-5.4586e-04
-8.7597e-04
-1.1989e-03
-1.5005e-03
-1.7492e-03
-1.9127e-03
-2.0131e-03
-2.1099e-03
-2.2220e-03
-2.3319e-03
-2.4553e-03
-2.6059e-03
-2.7229e-03
-2.7310e-03
-2.5839e-03
-2.2874e-03
-1.8642e-03
-1.3738e-03
-8.9681e-04
-4.5016e-04
-2.7828e-05
3.1210e-04
5.8699e-04
8.1310e-04
9.9484e-04
1.1313e-03
1.2084e-03
1.1980e-03
1.0677e-03
8.9046e-04
7.4206e-04
6.1309e-04
5.1382e-04
4.5707e-04
4.4547e-04
4.7845e-04
5.4999e-04
6.4511e-04
7.4220e-04
8.1512e-04
8.2865e-04
7.5235e-04
6.5474e-04
6.3851e-04
7.4086e-04
9.7516e-04
1.3504e-03
1.8414e-03
2.3754e-03
2.8401e-03
3.1619e-03
3.2886e-03
3.1561e-03
2.7734e-03
2.2614e-03
1.7371e-03
1.2924e-03
1.0007e-03
8.6973e-04
8.9269e-04
1.0347e-03
1.2253e-03
1.3705e-03
1.4170e-03
1.3807e-03
1.2330e-03
9.5681e-04
6.3759e-04
3.2799e-04
2.5136e-05
-2.5717e-04
-5.1000e-04
-7.2553e-04
-8.9284e-04
-9.9272e-04
-9.9743e-04
-9.1055e-04
-8.1423e-04
-6.9804e-04
-5.6336e-04
-4.2290e-04
-2.8314e-04
-1.5491e-04
-5.2067e-05
3.9077e-06
-1.5795e-05
-1.4579e-04
-3.8253e-04
-6.4225e-04
-9.3654e-04
-1.2551e-03
-1.5648e-03
-1.8277e-03
-1.9917e-03
-2.0454e-03
-2.0522e-03
-2.0085e-03
-2.0077e-03
-2.0360e-03
-2.0616e-03
-2.0712e-03
-2.1640e-03
-2.2831e-03
-2.3762e-03
-2.5420e-03
-2.6829e-03
-2.7277e-03
-2.7371e-03
-2.6171e-03
-2.4383e-03
-2.2733e-03
-2.0676e-03
-1.9344e-03
-1.8275e-03
-1.6926e-03
-1.4693e-03
-1.0966e-03
-6.5957e-04
-1.0834e-04
5.7081e-04
1.3366e-03
2.1138e-03
2.7793e-03
3.3008e-03
3.6387e-03
3.7386e-03
3.5436e-03
3.0237e-03
2.2979e-03
1.4299e-03
5.0649e-04
-3.2512e-04
-1.0210e-03
-1.5355e-03
-1.8112e-03
-1.7849e-03
-1.4098e-03
-7.9745e-04
-1.2612e-04
5.1095e-04
1.0038e-03
1.3636e-03
1.6358e-03
1.7584e-03
1.6336e-03
1.2771e-03
7.7598e-04
2.3339e-04
-3.1734e-04
-8.7712e-04
-1.4289e-03
-1.9498e-03
-2.4132e-03
-2.7872e-03
-3.1277e-03
-3.4276e-03
-3.5984e-03
-3.6571e-03
-3.6760e-03
-3.6183e-03
-3.5019e-03
-3.4251e-03
-3.4765e-03
-3.6102e-03
-3.7459e-03
-3.9091e-03
-4.0033e-03
-4.0260e-03
-4.0147e-03
-4.0217e-03
-4.1196e-03
-4.2545e-03
-4.4709e-03
-4.6881e-03
-4.8940e-03
-5.0977e-03
-5.2848e-03
-5.4447e-03
-5.5629e-03
-5.6324e-03
-5.6332e-03
-5.5507e-03
-5.3737e-03
-5.0943e-03
-4.7170e-03
-4.2635e-03
-3.7820e-03
-3.3576e-03
-3.0936e-03
-2.9246e-03
-2.7666e-03
-2.5363e-03
-2.3217e-03
-2.2071e-03
-2.1101e-03
-1.9728e-03
-1.7596e-03
-1.5841e-03
-1.3849e-03
-1.1077e-03
-7.2502e-04
-1.9653e-04
4.9211e-04
1.3265e-03
2.2637e-03
3.3816e-03
4.5265e-03
5.6507e-03
6.5612e-03
7.2876e-03
7.8386e-03
8.1840e-03
8.3156e-03
8.2615e-03
8.1607e-03
7.9975e-03
7.7639e-03
7.4492e-03
7.0239e-03
6.4573e-03
5.7294e-03
4.8503e-03
3.8769e-03
2.8735e-03
1.8128e-03
7.2473e-04
-3.0768e-04
-1.2085e-03
-1.9979e-03
-2.6541e-03
-3.1754e-03
-3.6381e-03
-3.9566e-03
-4.1093e-03
-4.0911e-03
-3.8213e-03
-3.2676e-03
-2.4786e-03
-1.6071e-03
-6.3777e-04
3.8309e-04
1.3463e-03
2.1106e-03
2.5732e-03
2.8022e-03
2.8873e-03
2.8274e-03
2.6478e-03
2.3834e-03
2.0595e-03
1.7027e-03
1.3353e-03
9.8588e-04
6.8228e-04
3.5100e-04
-3.0281e-05
-3.8741e-04
-6.3770e-04
-7.7891e-04
-8.7952e-04
-1.1151e-03
-1.5198e-03
-1.9675e-03
-2.3124e-03
-2.4566e-03
-2.3209e-03
-1.8198e-03
-1.0574e-03
-2.4673e-04
4.7965e-04
1.1025e-03
1.6006e-03
1.9595e-03
2.1863e-03
2.3010e-03
2.3268e-03
2.2859e-03
2.1941e-03
2.0628e-03
1.8971e-03
1.7017e-03
1.4820e-03
1.2516e-03
1.0339e-03
8.6977e-04
8.3481e-04
9.8330e-04
1.2152e-03
1.5814e-03
1.9306e-03
2.2527e-03
2.5335e-03
2.7205e-03
2.7813e-03
2.7257e-03
2.6854e-03
2.6469e-03
2.6142e-03
2.5914e-03
2.5625e-03
2.4969e-03
2.3548e-03
2.0910e-03
1.6662e-03
1.0536e-03
2.5987e-04
-6.0312e-04
-1.2996e-03
-1.7334e-03
-1.9579e-03
-2.0495e-03
-2.0095e-03
-1.8817e-03
-1.7311e-03
-1.6256e-03
-1.6280e-03
-1.7087e-03
-1.7889e-03
-1.8788e-03
-1.9636e-03
-2.0190e-03
-2.0306e-03
-1.9980e-03
-1.9261e-03
-1.8251e-03
-1.7148e-03
-1.6312e-03
-1.6139e-03
-1.5894e-03
-1.5144e-03
-1.4247e-03
-1.3427e-03
-1.3123e-03
-1.4062e-03
-1.6949e-03
-2.1046e-03
-2.6385e-03
-3.1509e-03
-3.5478e-03
-3.7568e-03
-3.8385e-03
-3.9078e-03
-3.9486e-03
-3.9398e-03
-3.8518e-03
-3.6533e-03
-3.4447e-03
-3.1957e-03
-3.0791e-03
-3.1156e-03
-3.3155e-03
-3.7041e-03
-4.2533e-03
-4.9073e-03
-5.5455e-03
-6.0225e-03
-6.3437e-03
-6.4816e-03
-6.2260e-03
-5.5853e-03
-4.5895e-03
-3.3132e-03
-1.9296e-03
-6.9617e-04
2.4517e-04
8.8407e-04
1.1920e-03
1.1671e-03
8.4732e-04
2.9945e-04
-3.7626e-04
-1.0484e-03
-1.5419e-03
-1.6698e-03
-1.4200e-03
-8.0359e-04
1.1932e-04
1.1901e-03
2.1805e-03
2.9818e-03
3.6113e-03
3.8946e-03
3.8631e-03
3.6134e-03
3.4252e-03
3.2505e-03
3.0691e-03
3.0453e-03
3.0838e-03
3.0865e-03
3.1316e-03
3.2628e-03
3.3236e-03
3.1849e-03
2.8992e-03
2.5259e-03
2.1604e-03
1.9103e-03
1.7601e-03
1.7081e-03
1.7315e-03
1.7759e-03
1.8181e-03
1.9286e-03
2.0241e-03
2.0236e-03
1.9027e-03
1.7242e-03
1.4591e-03
1.2017e-03
9.3028e-04
6.2437e-04
2.8729e-04
-8.5954e-05
-4.7256e-04
-8.4752e-04
-1.1532e-03
-1.3075e-03
-1.2511e-03
-1.0075e-03
-5.0937e-04
1.2387e-04
7.7032e-04
1.4197e-03
2.0054e-03
2.4386e-03
2.6780e-03
2.7883e-03
2.6838e-03
2.3414e-03
1.9183e-03
1.5366e-03
1.2054e-03
9.6173e-04
8.4564e-04
8.7811e-04
1.0717e-03
1.4226e-03
1.9115e-03
2.4931e-03
3.0911e-03
3.5933e-03
3.9119e-03
4.0780e-03
4.1249e-03
4.1043e-03
4.0456e-03
3.8846e-03
3.7116e-03
3.5598e-03
3.3527e-03
3.1225e-03
2.7967e-03
2.4599e-03
2.2412e-03
2.2262e-03
2.3880e-03
2.6863e-03
3.0548e-03
3.4224e-03
3.7895e-03
3.9686e-03
3.8069e-03
3.3473e-03
2.7548e-03
2.1110e-03
1.5607e-03
1.1141e-03
7.8515e-04
5.6931e-04
4.2647e-04
3.0331e-04
1.3209e-04
-1.5235e-04
-6.0535e-04
-1.2558e-03
-2.0936e-03
-3.0489e-03
-4.0170e-03
-5.0043e-03
-5.9659e-03
-6.8181e-03
-7.4503e-03
-7.8862e-03
-8.1667e-03
-8.3119e-03
-8.3677e-03
-8.3696e-03
-8.3491e-03
-8.3268e-03
-8.3136e-03
-8.3054e-03
-8.2907e-03
-8.2590e-03
-8.2000e-03
-8.0906e-03
-7.9110e-03
-7.6474e-03
-7.2988e-03
-6.8801e-03
-6.4359e-03
-6.0258e-03
-5.6269e-03
-5.2691e-03
-4.9373e-03
-4.5400e-03
-4.1195e-03
-3.6783e-03
-3.1572e-03
-2.5349e-03
-1.8044e-03
-8.7232e-04
2.6560e-04
1.4883e-03
2.7236e-03
3.8966e-03
4.9729e-03
5.9473e-03
6.7752e-03
7.3824e-03
7.6632e-03
7.5669e-03
7.1438e-03
6.4631e-03
5.6454e-03
4.8779e-03
4.3215e-03
4.0609e-03
4.1040e-03
4.3976e-03
4.9472e-03
5.7091e-03
6.5766e-03
7.4089e-03
8.1006e-03
8.6277e-03
8.9434e-03
9.0044e-03
8.7755e-03
8.2319e-03
7.3640e-03
6.1946e-03
4.7947e-03
3.3088e-03
1.9098e-03
6.9682e-04
-2.1436e-04
-8.1274e-04
-1.0816e-03
-1.0548e-03
-9.6105e-04
-1.0132e-03
-1.2459e-03
-1.5768e-03
-2.0324e-03
-2.5574e-03
-3.0230e-03
-3.2759e-03
-3.3242e-03
-3.1765e-03
-2.8670e-03
-2.4732e-03
-2.1368e-03
-2.0264e-03
-2.0998e-03
-2.1258e-03
-2.0286e-03
-1.8553e-03
-1.6198e-03
-1.2430e-03
-7.9026e-04
-2.4316e-04
4.3321e-04
1.2282e-03
2.1265e-03
3.2101e-03
4.4105e-03
5.7124e-03
7.0818e-03
8.3830e-03
9.4041e-03
9.9776e-03
9.9524e-03
9.2597e-03
7.9494e-03
6.1509e-03
4.0094e-03
1.7164e-03
-5.3193e-04
-2.4895e-03
-3.8397e-03
-4.6754e-03
-5.1378e-03
-5.2359e-03
-5.0417e-03
-4.6431e-03
-4.1247e-03
-3.5703e-03
-3.0685e-03
-2.7194e-03
-2.6332e-03
-2.8356e-03
-3.2286e-03
-3.7657e-03
-4.4712e-03
-5.3258e-03
-6.2815e-03
-7.2556e-03
-8.1222e-03
-8.7420e-03
-9.0928e-03
-9.1820e-03
-9.1227e-03
-8.9016e-03
-8.5370e-03
-8.0693e-03
-7.5284e-03
-6.9494e-03
-6.3825e-03
-5.9073e-03
-5.5812e-03
-5.3219e-03
-5.0404e-03
-4.6638e-03
-4.2819e-03
-3.8080e-03
-3.1956e-03
-2.4545e-03
-1.6117e-03
-7.4938e-04
6.0372e-06
6.6953e-04
1.2144e-03
1.5927e-03
1.7794e-03
1.8990e-03
2.1229e-03
2.4691e-03
2.9103e-03
3.3864e-03
3.9375e-03
4.5888e-03
5.3229e-03
6.1066e-03
6.8581e-03
7.4578e-03
7.9129e-03
8.2437e-03
8.4649e-03
8.6038e-03
8.6839e-03
8.7161e-03
8.7153e-03
8.8015e-03
9.0484e-03
9.4429e-03
9.9541e-03
1.0514e-02
1.1103e-02
1.1610e-02
1.1928e-02
1.2005e-02
1.1771e-02
1.1168e-02
1.0168e-02
8.7845e-03
7.0889e-03
5.1528e-03
3.0367e-03
9.0858e-04
-1.0424e-03
-2.7220e-03
-4.0579e-03
-5.0036e-03
-5.6032e-03
-5.8902e-03
-5.8888e-03
-5.6262e-03
-5.1130e-03
-4.3673e-03
-3.4266e-03
-2.3616e-03
-1.2889e-03
-3.0128e-04
5.6243e-04
1.2078e-03
1.5543e-03
1.6728e-03
1.5741e-03
1.1720e-03
5.6477e-04
-1.9381e-04
-1.1226e-03
-2.0806e-03
-3.0506e-03
-3.9749e-03
-4.7421e-03
-5.2749e-03
-5.6082e-03
-5.7554e-03
-5.7330e-03
-5.5890e-03
-5.3742e-03
-5.1522e-03
-4.9909e-03
-4.9742e-03
-5.1604e-03
-5.4269e-03
-5.7707e-03
-5.9861e-03
-6.0239e-03
-6.0209e-03
-5.9166e-03
-5.7030e-03
-5.3982e-03
-5.0307e-03
-4.6397e-03
-4.2794e-03
-4.0090e-03
-3.7363e-03
-3.5394e-03
-3.3067e-03
-2.9216e-03
-2.4657e-03
-1.8431e-03
-1.1698e-03
-5.0217e-04
1.1576e-04
7.2621e-04
1.2560e-03
1.7121e-03
1.9912e-03
2.0677e-03
1.9746e-03
1.8806e-03
1.8774e-03
2.0349e-03
2.4502e-03
3.1699e-03
4.0274e-03
4.7542e-03
5.3120e-03
5.6543e-03
5.7170e-03
5.4689e-03
4.9140e-03
4.0973e-03
3.1185e-03
2.1284e-03
1.2229e-03
4.5846e-04
-1.9008e-04
-6.9562e-04
-9.5729e-04
-9.8790e-04
-7.4890e-04
-2.3139e-04
4.6430e-04
1.2326e-03
2.1437e-03
3.1473e-03
4.1232e-03
5.0077e-03
5.8019e-03
6.5486e-03
7.2660e-03
7.9573e-03
8.5918e-03
9.1007e-03
9.4515e-03
9.6080e-03
9.4831e-03
9.1921e-03
8.8989e-03
8.5952e-03
8.1990e-03
7.7200e-03
7.1885e-03
6.5166e-03
5.6374e-03
4.5203e-03
3.1828e-03
1.7046e-03
1.6644e-04
-1.3701e-03
-2.8434e-03
-4.2324e-03
-5.5512e-03
-6.8777e-03
-8.2425e-03
-9.6198e-03
-1.0964e-02
-1.2280e-02
-1.3545e-02
-1.4820e-02
-1.6115e-02
-1.7354e-02
-1.8459e-02
-1.9416e-02
-2.0132e-02
-2.0509e-02
-2.0577e-02
-2.0352e-02
-1.9863e-02
-1.9179e-02
-1.8403e-02
-1.7626e-02
-1.6818e-02
-1.5968e-02
-1.5083e-02
-1.4117e-02
-1.2965e-02
-1.1711e-02
-1.0303e-02
-8.7542e-03
-7.1750e-03
-5.5593e-03
-3.9998e-03
-2.4614e-03
-9.9620e-04
3.0150e-04
1.4542e-03
2.4106e-03
3.0761e-03
3.5264e-03
3.7883e-03
3.8783e-03
3.8159e-03
3.6154e-03
3.2872e-03
2.8471e-03
2.3262e-03
1.7559e-03
1.0146e-03
2.0220e-04
-5.3194e-04
-1.0006e-03
-1.0875e-03
-6.9323e-04
1.1892e-04
1.1791e-03
2.4152e-03
3.9805e-03
5.7460e-03
7.5981e-03
9.4180e-03
1.1138e-02
1.2814e-02
1.4459e-02
1.6035e-02
1.7440e-02
1.8640e-02
1.9553e-02
2.0205e-02
2.0750e-02
2.1056e-02
2.1048e-02
2.0685e-02
2.0000e-02
1.9012e-02
1.7699e-02
1.6108e-02
1.4227e-02
1.2064e-02
9.8362e-03
7.7227e-03
5.8744e-03
4.4507e-03
3.4897e-03
3.0031e-03
3.0144e-03
3.5434e-03
4.5973e-03
6.1667e-03
8.1919e-03
1.0563e-02
1.3320e-02
1.6557e-02
2.0252e-02
2.4352e-02
2.8846e-02
3.3789e-02
3.9156e-02
4.4753e-02
5.0528e-02
5.6470e-02
6.2481e-02
6.8493e-02
7.4559e-02
8.0691e-02
8.6799e-02
9.2918e-02
9.9092e-02
1.0526e-01
1.1137e-01
1.1734e-01
1.2310e-01
1.2861e-01
1.3387e-01
1.3881e-01
1.4334e-01
1.4748e-01
1.5117e-01
1.5421e-01
1.5648e-01
1.5772e-01
1.5771e-01
1.5630e-01
1.5329e-01
1.4851e-01
1.4187e-01
1.3316e-01
1.2235e-01
1.0927e-01
9.3819e-02
7.6032e-02
5.5901e-02
3.3586e-02
9.2540e-03
-1.6644e-02
-4.3660e-02
-7.1485e-02
-9.9682e-02
-1.2772e-01
-1.5530e-01
-1.8203e-01
-2.0776e-01
-2.3213e-01
-2.5469e-01
-2.7501e-01
-2.9268e-01
-3.0743e-01
-3.1888e-01
-3.2674e-01
-3.3070e-01
-3.3045e-01
-3.2582e-01
-3.1687e-01
-3.0387e-01
-2.8712e-01
-2.6691e-01
-2.4344e-01
-2.1694e-01
-1.8779e-01
-1.5641e-01
-1.2343e-01
-8.9672e-02
-5.6047e-02
-2.3562e-02
6.8712e-03
3.4414e-02
5.8413e-02
7.8589e-02
9.4910e-02
1.0753e-01
1.1660e-01
1.2233e-01
1.2504e-01
1.2499e-01
1.2240e-01
1.1744e-01
1.1031e-01
1.0139e-01
9.0978e-02
7.9263e-02
6.6472e-02
5.2961e-02
3.8952e-02
2.4680e-02
1.0440e-02
-3.5562e-03
-1.7047e-02
-2.9714e-02
-4.1355e-02
-5.1795e-02
-6.0906e-02
-6.8527e-02
-7.4632e-02
-7.9291e-02
-8.2678e-02
-8.4868e-02
-8.6073e-02
-8.6480e-02
-8.6167e-02
-8.5161e-02
-8.3425e-02
-8.0908e-02
-7.7601e-02
-7.3575e-02
-6.8790e-02
-6.3275e-02
-5.7033e-02
-4.9928e-02
-4.1949e-02
-3.3158e-02
-2.3580e-02
-1.3295e-02
-2.4592e-03
8.7823e-03
2.0341e-02
3.2050e-02
4.3714e-02
5.5157e-02
6.6114e-02
7.6273e-02
8.5371e-02
9.3109e-02
9.9270e-02
1.0374e-01
1.0643e-01
1.0739e-01
1.0672e-01
1.0453e-01
1.0099e-01
9.6369e-02
9.0979e-02
8.5170e-02
7.9353e-02
7.3886e-02
6.8990e-02
6.4832e-02
6.1559e-02
5.9250e-02
5.7887e-02
5.7336e-02
5.7535e-02
5.8382e-02
5.9668e-02
6.1157e-02
6.2651e-02
6.3825e-02
6.4320e-02
6.3916e-02
6.2441e-02
5.9773e-02
5.5904e-02
5.0875e-02
4.4740e-02
3.7496e-02
2.9152e-02
1.9854e-02
9.8108e-03
-7.2525e-04
-1.1517e-02
-2.2279e-02
-3.2737e-02
-4.2706e-02
-5.1993e-02
-6.0470e-02
-6.8076e-02
-7.4759e-02
-8.0516e-02
-8.5281e-02
-8.8904e-02
-9.1274e-02
-9.2226e-02
-9.1683e-02
-8.9676e-02
-8.6280e-02
-8.1685e-02
-7.6037e-02
-6.9581e-02
-6.2596e-02
-5.5254e-02
-4.7637e-02
-3.9755e-02
-3.1784e-02
-2.4012e-02
-1.6728e-02
-1.0233e-02
-4.6991e-03
-2.4860e-04
3.0596e-03
5.1750e-03
6.1767e-03
6.2347e-03
5.4916e-03
4.1231e-03
2.3381e-03
2.9229e-04
-1.7597e-03
-3.6519e-03
-5.2915e-03
-6.5123e-03
-7.2150e-03
-7.3224e-03
-6.7396e-03
-5.4897e-03
-3.5930e-03
-1.0493e-03
2.1679e-03
6.0500e-03
1.0433e-02
1.5096e-02
1.9908e-02
2.4771e-02
2.9552e-02
3.4127e-02
3.8469e-02
4.2509e-02
4.6230e-02
4.9707e-02
5.2900e-02
5.5732e-02
5.8153e-02
6.0136e-02
6.1580e-02
6.2387e-02
6.2437e-02
6.1549e-02
5.9654e-02
5.6778e-02
5.2791e-02
4.7580e-02
4.1207e-02
3.3623e-02
2.4854e-02
1.5087e-02
4.6567e-03
-6.1014e-03
-1.6781e-02
-2.6980e-02
-3.6377e-02
-4.4615e-02
-5.1485e-02
-5.6880e-02
-6.0807e-02
-6.3319e-02
-6.4504e-02
-6.4391e-02
-6.3094e-02
-6.0728e-02
-5.7271e-02
-5.2756e-02
-4.7334e-02
-4.1049e-02
-3.4128e-02
-2.6802e-02
-1.9257e-02
-1.1827e-02
-4.8555e-03
1.3606e-03
6.5963e-03
1.0741e-02
1.3725e-02
1.5694e-02
1.6777e-02
1.7032e-02
1.6508e-02
1.5377e-02
1.3835e-02
1.1933e-02
9.7610e-03
7.4584e-03
5.0898e-03
2.7752e-03
5.7891e-04
-1.5322e-03
-3.5208e-03
-5.2669e-03
-6.7233e-03
-7.9450e-03
-8.9474e-03
-9.6940e-03
-1.0116e-02
-1.0231e-02
-1.0103e-02
-9.8017e-03
-9.4160e-03
-8.9502e-03
-8.4589e-03
-7.9786e-03
-7.5842e-03
-7.3461e-03
-7.3768e-03
-7.6308e-03
-7.9032e-03
-8.2025e-03
-8.5210e-03
-8.7602e-03
-8.9423e-03
-9.0569e-03
-9.1420e-03
-9.2932e-03
-9.2656e-03
-9.0480e-03
-8.6761e-03
-8.0091e-03
-7.0706e-03
-5.8829e-03
-4.4399e-03
-2.8128e-03
-1.0327e-03
8.7684e-04
2.9227e-03
5.0986e-03
7.2951e-03
9.3212e-03
1.1098e-02
1.2584e-02
1.3645e-02
1.4237e-02
1.4489e-02
1.4469e-02
1.4067e-02
1.3249e-02
1.2182e-02
1.1033e-02
9.9709e-03
9.1371e-03
8.6610e-03
8.7175e-03
9.4822e-03
1.0987e-02
1.3142e-02
1.6006e-02
1.9646e-02
2.3987e-02
2.8963e-02
3.4533e-02
4.0483e-02
4.6605e-02
5.2704e-02
5.8543e-02
6.3912e-02
6.8608e-02
7.2501e-02
7.5545e-02
7.7752e-02
7.8926e-02
7.8915e-02
7.7839e-02
7.5722e-02
7.2629e-02
6.8780e-02
6.4346e-02
5.9489e-02
5.4305e-02
4.8852e-02
4.3219e-02
3.7402e-02
3.1519e-02
2.5709e-02
1.9966e-02
1.4374e-02
9.0064e-03
3.8715e-03
-1.0429e-03
-5.7424e-03
-1.0093e-02
-1.4010e-02
-1.7501e-02
-2.0574e-02
-2.3289e-02
-2.5694e-02
-2.7799e-02
-2.9619e-02
-3.1136e-02
-3.2336e-02
-3.3202e-02
-3.3838e-02
-3.4479e-02
-3.5246e-02
-3.5987e-02
-3.6714e-02
-3.7532e-02
-3.8467e-02
-3.9517e-02
-4.0638e-02
-4.1784e-02
-4.2998e-02
-4.4268e-02
-4.5574e-02
-4.7010e-02
-4.8603e-02
-5.0314e-02
-5.2074e-02
-5.3857e-02
-5.5576e-02
-5.7173e-02
-5.8517e-02
-5.9572e-02
-6.0246e-02
-6.0578e-02
-6.0610e-02
-6.0330e-02
-5.9543e-02
-5.8030e-02
-5.5780e-02
-5.2833e-02
-4.9334e-02
-4.5225e-02
-4.0647e-02
-3.5747e-02
-3.0680e-02
-2.5653e-02
-2.0897e-02
-1.6481e-02
-1.2482e-02
-8.9574e-03
-5.9591e-03
-3.5234e-03
-1.7551e-03
-5.7487e-04
8.7348e-05
2.4301e-04
-1.1404e-04
-1.0204e-03
-2.5069e-03
-4.5848e-03
-7.1900e-03
-1.0175e-02
-1.3553e-02
-1.7264e-02
-2.1198e-02
-2.5131e-02
-2.8937e-02
-3.2534e-02
-3.5817e-02
-3.8577e-02
-4.0698e-02
-4.2054e-02
-4.2391e-02
-4.1508e-02
-3.9247e-02
-3.5491e-02
-3.0247e-02
-2.3635e-02
-1.5878e-02
-7.2560e-03
1.9306e-03
1.1327e-02
2.0544e-02
2.9287e-02
3.7324e-02
4.4450e-02
5.0633e-02
5.5779e-02
5.9779e-02
6.2658e-02
6.4526e-02
6.5557e-02
6.5963e-02
6.5898e-02
6.5404e-02
6.4551e-02
6.3524e-02
6.2305e-02
6.0879e-02
5.9388e-02
5.7928e-02
5.6474e-02
5.4960e-02
5.3372e-02
5.1742e-02
5.0098e-02
4.8431e-02
4.6766e-02
4.5051e-02
4.3248e-02
4.1245e-02
3.8939e-02
3.6224e-02
3.3201e-02
2.9938e-02
2.6513e-02
2.3211e-02
2.0097e-02
1.7177e-02
1.4401e-02
1.1785e-02
9.2523e-03
6.8215e-03
4.4705e-03
2.1236e-03
-2.1367e-04
-2.5707e-03
-4.8968e-03
-7.1771e-03
-9.4731e-03
-1.1755e-02
-1.3901e-02
-1.5906e-02
-1.7694e-02
-1.9252e-02
-2.0636e-02
-2.1722e-02
-2.2508e-02
-2.3104e-02
-2.3580e-02
-2.3996e-02
-2.4401e-02
-2.4814e-02
-2.5221e-02
-2.5656e-02
-2.6149e-02
-2.6571e-02
-2.6844e-02
-2.6997e-02
-2.7035e-02
-2.6974e-02
-2.6847e-02
-2.6697e-02
-2.6577e-02
-2.6540e-02
-2.6576e-02
-2.6482e-02
-2.6042e-02
-2.5203e-02
-2.3889e-02
-2.1871e-02
-1.9030e-02
-1.5577e-02
-1.1674e-02
-7.3325e-03
-2.8225e-03
1.5429e-03
5.5995e-03
9.2041e-03
1.2241e-02
1.4664e-02
1.6354e-02
1.7274e-02
1.7498e-02
1.7115e-02
1.6222e-02
1.4950e-02
1.3355e-02
1.1481e-02
9.5424e-03
7.6680e-03
5.9091e-03
4.3344e-03
3.0614e-03
2.3035e-03
2.1365e-03
2.5625e-03
3.5862e-03
5.1560e-03
7.1360e-03
9.3395e-03
1.1671e-02
1.4073e-02
1.6437e-02
1.8791e-02
2.1165e-02
2.3391e-02
2.5398e-02
2.7198e-02
2.8847e-02
3.0323e-02
3.1553e-02
3.2583e-02
3.3407e-02
3.4164e-02
3.4968e-02
3.5894e-02
3.7004e-02
3.8281e-02
3.9639e-02
4.1042e-02
4.2415e-02
4.3754e-02
4.5053e-02
4.6380e-02
4.7718e-02
4.9038e-02
5.0326e-02
5.1487e-02
5.2482e-02
5.3278e-02
5.3904e-02
5.4459e-02
5.4938e-02
5.5287e-02
5.5627e-02
5.6058e-02
5.6542e-02
5.7006e-02
5.7331e-02
5.7332e-02
5.6708e-02
5.5140e-02
5.2808e-02
5.0028e-02
4.7115e-02
4.4016e-02
4.0816e-02
3.7526e-02
3.4214e-02
3.1067e-02
2.7995e-02
2.5078e-02
2.2306e-02
1.9384e-02
1.6150e-02
1.2697e-02
8.9746e-03
4.8959e-03
3.8991e-04
-4.6166e-03
-1.0173e-02
-1.6253e-02
-2.2740e-02
-2.9538e-02
-3.6610e-02
-4.3858e-02
-5.1160e-02
-5.8329e-02
-6.5200e-02
-7.1627e-02
-7.7424e-02
-8.2492e-02
-8.6774e-02
-9.0175e-02
-9.2618e-02
-9.4067e-02
-9.4573e-02
-9.4233e-02
-9.3132e-02
-9.1385e-02
-8.9111e-02
-8.6403e-02
-8.3453e-02
-8.0170e-02
-7.6689e-02
-7.3133e-02
-6.9543e-02
-6.5975e-02
-6.2646e-02
-5.9735e-02
-5.7203e-02
-5.5138e-02
-5.3390e-02
-5.1789e-02
-5.0073e-02
-4.8130e-02
-4.5994e-02
-4.3804e-02
-4.1552e-02
-3.9184e-02
-3.6826e-02
-3.4510e-02
-3.2096e-02
-2.9588e-02
-2.7025e-02
-2.4204e-02
-2.0901e-02
-1.7123e-02
-1.2943e-02
-8.3313e-03
-3.3111e-03
2.0279e-03
7.4546e-03
1.2708e-02
1.7685e-02
2.2310e-02
2.6512e-02
3.0121e-02
3.3043e-02
3.5266e-02
3.6669e-02
3.7230e-02
3.7013e-02
3.6049e-02
3.4389e-02
3.2086e-02
2.9109e-02
2.5460e-02
2.1104e-02
1.6118e-02
1.0602e-02
4.7095e-03
-1.3583e-03
-7.5092e-03
-1.3718e-02
-1.9876e-02
-2.5853e-02
-3.1589e-02
-3.6966e-02
-4.1900e-02
-4.6264e-02
-5.0078e-02
-5.3335e-02
-5.5869e-02
-5.7738e-02
-5.8880e-02
-5.9304e-02
-5.8996e-02
-5.8075e-02
-5.6492e-02
-5.4225e-02
-5.1333e-02
-4.7758e-02
-4.3574e-02
-3.8823e-02
-3.3550e-02
-2.7854e-02
-2.1875e-02
-1.5650e-02
-9.3535e-03
-3.2698e-03
2.3747e-03
7.4282e-03
1.1714e-02
1.5199e-02
1.7902e-02
1.9769e-02
2.0965e-02
2.1659e-02
2.1960e-02
2.1954e-02
2.1674e-02
2.1111e-02
2.0217e-02
1.8929e-02
1.7202e-02
1.5054e-02
1.2588e-02
9.8855e-03
6.9810e-03
3.8698e-03
6.0930e-04
-2.6136e-03
-5.6915e-03
-8.5135e-03
-1.1046e-02
-1.3296e-02
-1.5280e-02
-1.7003e-02
-1.8377e-02
-1.9348e-02
-1.9968e-02
-2.0170e-02
-1.9753e-02
-1.8496e-02
-1.6289e-02
-1.3154e-02
-9.2397e-03
-4.6978e-03
3.4917e-04
5.7291e-03
1.1233e-02
1.6598e-02
2.1515e-02
2.5896e-02
2.9902e-02
3.3542e-02
3.6787e-02
3.9683e-02
4.2287e-02
4.4613e-02
4.6699e-02
4.8683e-02
5.0586e-02
5.2407e-02
5.4158e-02
5.5826e-02
5.7414e-02
5.8820e-02
5.9839e-02
6.0267e-02
6.0024e-02
5.9134e-02
5.7668e-02
5.5790e-02
5.3613e-02
5.1130e-02
4.8435e-02
4.5626e-02
4.2784e-02
3.9938e-02
3.7020e-02
3.4084e-02
3.1232e-02
2.8513e-02
2.6030e-02
2.3950e-02
2.2361e-02
2.1245e-02
2.0615e-02
2.0528e-02
2.0937e-02
2.1770e-02
2.2932e-02
2.4258e-02
2.5518e-02
2.6481e-02
2.6974e-02
2.6904e-02
2.6266e-02
2.5100e-02
2.3532e-02
2.1773e-02
1.9888e-02
1.7867e-02
1.5769e-02
1.3694e-02
1.1676e-02
9.6284e-03
7.4788e-03
5.2287e-03
2.8541e-03
3.7417e-04
-2.0632e-03
-4.4044e-03
-6.6200e-03
-8.6677e-03
-1.0489e-02
-1.2067e-02
-1.3397e-02
-1.4519e-02
-1.5374e-02
-1.5893e-02
-1.6034e-02
-1.5712e-02
-1.4965e-02
-1.3920e-02
-1.2660e-02
-1.1396e-02
-1.0392e-02
-9.7700e-03
-9.5039e-03
-9.4690e-03
-9.4982e-03
-9.6324e-03
-1.0154e-02
-1.1096e-02
-1.2415e-02
-1.4127e-02
-1.6155e-02
-1.8422e-02
-2.0806e-02
-2.3155e-02
-2.5276e-02
-2.6994e-02
-2.8229e-02
-2.8911e-02
-2.9070e-02
-2.8809e-02
-2.8147e-02
-2.7171e-02
-2.5934e-02
-2.4468e-02
-2.2824e-02
-2.0968e-02
-1.9046e-02
-1.7167e-02
-1.5340e-02
-1.3632e-02
-1.2032e-02
-1.0556e-02
-9.3063e-03
-8.4291e-03
-7.8303e-03
-7.3789e-03
-6.9524e-03
-6.4180e-03
-5.8217e-03
-5.2844e-03
-4.8472e-03
-4.5968e-03
-4.6570e-03
-4.9927e-03
-5.5199e-03
-6.2754e-03
-7.2779e-03
-8.4975e-03
-9.8648e-03
-1.1238e-02
-1.2393e-02
-1.3242e-02
-1.3822e-02
-1.4160e-02
-1.4310e-02
-1.4332e-02
-1.4321e-02
-1.4346e-02
-1.4282e-02
-1.4162e-02
-1.3998e-02
-1.3770e-02
-1.3465e-02
-1.3078e-02
-1.2612e-02
-1.1958e-02
-1.1124e-02
-9.9825e-03
-8.4958e-03
-6.7886e-03
-4.8563e-03
-2.7116e-03
-5.4476e-04
1.6547e-03
3.7919e-03
5.7623e-03
7.6998e-03
9.6555e-03
1.1622e-02
1.3568e-02
1.5499e-02
1.7353e-02
1.9103e-02
2.0711e-02
2.2152e-02
2.3331e-02
2.4165e-02
2.4650e-02
2.4822e-02
2.4736e-02
2.4348e-02
2.3709e-02
2.2914e-02
2.1970e-02
2.1001e-02
2.0119e-02
1.9230e-02
1.8268e-02
1.7176e-02
1.5904e-02
1.4432e-02
1.2678e-02
1.0558e-02
7.9635e-03
4.8200e-03
1.3037e-03
-2.4105e-03
-6.3343e-03
-1.0421e-02
-1.4570e-02
-1.8700e-02
-2.2622e-02
-2.6187e-02
-2.9330e-02
-3.2012e-02
-3.4260e-02
-3.6076e-02
-3.7489e-02
-3.8551e-02
-3.9371e-02
-3.9862e-02
-3.9844e-02
-3.9252e-02
-3.8160e-02
-3.6547e-02
-3.4411e-02
-3.1710e-02
-2.8450e-02
-2.4619e-02
-2.0160e-02
-1.5168e-02
-9.7975e-03
-4.2860e-03
1.0562e-03
6.1394e-03
1.0877e-02
1.5019e-02
1.8531e-02
2.1415e-02
2.3708e-02
2.5351e-02
2.6390e-02
2.6986e-02
2.7218e-02
2.7167e-02
2.7074e-02
2.6979e-02
2.6904e-02
2.6855e-02
2.6791e-02
2.6646e-02
2.6322e-02
2.5748e-02
2.5048e-02
2.4209e-02
2.3275e-02
2.2301e-02
2.1206e-02
2.0013e-02
1.8895e-02
1.7858e-02
1.6812e-02
1.5718e-02
1.4557e-02
1.3351e-02
1.2129e-02
1.0844e-02
9.5205e-03
8.2022e-03
6.8362e-03
5.4445e-03
4.1124e-03
2.9017e-03
1.7475e-03
6.1225e-04
-4.7236e-04
-1.5513e-03
-2.6156e-03
-3.5888e-03
-4.4298e-03
-5.2304e-03
-6.0802e-03
-7.0021e-03
-8.0155e-03
-8.9712e-03
-9.7374e-03
-1.0302e-02
-1.0693e-02
-1.0841e-02
-1.0669e-02
-1.0216e-02
-9.5282e-03
-8.6735e-03
-7.6463e-03
-6.4016e-03
-4.9361e-03
-3.2800e-03
-1.5194e-03
2.8809e-04
2.0652e-03
3.7534e-03
5.2928e-03
6.6791e-03
7.9290e-03
8.9991e-03
9.7995e-03
1.0300e-02
1.0516e-02
1.0581e-02
1.0520e-02
1.0326e-02
1.0003e-02
9.5388e-03
8.9142e-03
8.1171e-03
7.1591e-03
6.0922e-03
5.0366e-03
4.1546e-03
3.3425e-03
2.4374e-03
1.2986e-03
-7.5978e-05
-1.7705e-03
-3.8273e-03
-6.1754e-03
-8.8078e-03
-1.1576e-02
-1.4386e-02
-1.7203e-02
-1.9842e-02
-2.2208e-02
-2.4310e-02
-2.6221e-02
-2.7757e-02
-2.8859e-02
-2.9595e-02
-2.9962e-02
-2.9937e-02
-2.9500e-02
-2.8810e-02
-2.7876e-02
-2.6947e-02
-2.6133e-02
-2.5379e-02
-2.4670e-02
-2.3971e-02
-2.3247e-02
-2.2478e-02
-2.1688e-02
-2.0972e-02
-2.0449e-02
-1.9923e-02
-1.9414e-02
-1.8963e-02
-1.8571e-02
-1.8107e-02
-1.7648e-02
-1.7289e-02
-1.6970e-02
-1.6837e-02
-1.6673e-02
-1.6433e-02
-1.6076e-02
-1.5524e-02
-1.4744e-02
-1.3731e-02
-1.2551e-02
-1.1325e-02
-1.0092e-02
-8.9219e-03
-7.7872e-03
-6.6345e-03
-5.4581e-03
-4.2490e-03
-2.9109e-03
-1.5243e-03
-1.3288e-04
1.1946e-03
2.4609e-03
3.7955e-03
5.1637e-03
6.6111e-03
8.1596e-03
9.7568e-03
1.1423e-02
1.3123e-02
1.4710e-02
1.5971e-02
1.6908e-02
1.7537e-02
1.7862e-02
1.8064e-02
1.8219e-02
1.8378e-02
1.8585e-02
1.8866e-02
1.9355e-02
2.0034e-02
2.0817e-02
2.1739e-02
2.2810e-02
2.3977e-02
2.5147e-02
2.6331e-02
2.7511e-02
2.8628e-02
2.9740e-02
3.0880e-02
3.1871e-02
3.2608e-02
3.3109e-02
3.3375e-02
3.3390e-02
3.3147e-02
3.2636e-02
3.1862e-02
3.0844e-02
2.9622e-02
2.8118e-02
2.6267e-02
2.4048e-02
2.1351e-02
1.8140e-02
1.4500e-02
1.0371e-02
5.8106e-03
9.4330e-04
-4.0792e-03
-9.0339e-03
-1.3641e-02
-1.7756e-02
-2.1404e-02
-2.4532e-02
-2.7127e-02
-2.9238e-02
-3.0862e-02
-3.2013e-02
-3.2682e-02
-3.2900e-02
-3.2734e-02
-3.2235e-02
-3.1458e-02
-3.0469e-02
-2.9251e-02
-2.7866e-02
-2.6362e-02
-2.4640e-02
-2.2694e-02
-2.0600e-02
-1.8311e-02
-1.5784e-02
-1.3094e-02
-1.0354e-02
-7.6071e-03
-4.8377e-03
-2.0551e-03
6.0119e-04
3.0440e-03
5.3700e-03
7.6766e-03
9.9608e-03
1.2126e-02
1.4046e-02
1.5765e-02
1.7257e-02
1.8569e-02
1.9697e-02
2.0573e-02
2.1132e-02
2.1361e-02
2.1160e-02
2.0670e-02
1.9940e-02
1.9208e-02
1.8437e-02
1.7786e-02
1.7275e-02
1.6894e-02
1.6665e-02
1.6580e-02
1.6647e-02
1.6863e-02
1.7240e-02
1.7789e-02
1.8504e-02
1.9342e-02
2.0218e-02
2.0996e-02
2.1647e-02
2.2139e-02
2.2421e-02
2.2425e-02
2.2098e-02
2.1531e-02
2.0724e-02
1.9668e-02
1.8411e-02
1.6913e-02
1.5107e-02
1.2984e-02
1.0607e-02
8.0013e-03
5.1248e-03
1.9934e-03
-1.3435e-03
-4.7883e-03
-8.3068e-03
-1.1858e-02
-1.5411e-02
-1.8873e-02
-2.2026e-02
-2.4794e-02
-2.7130e-02
-2.8976e-02
-3.0284e-02
-3.1052e-02
-3.1218e-02
-3.0774e-02
-2.9909e-02
-2.8795e-02
-2.7422e-02
-2.5840e-02
-2.4146e-02
-2.2434e-02
-2.0649e-02
-1.8695e-02
-1.6654e-02
-1.4593e-02
-1.2690e-02
-1.0799e-02
-8.8741e-03
-6.9593e-03
-5.1031e-03
-3.3145e-03
-1.7290e-03
-5.5904e-04
2.7206e-04
7.7235e-04
9.2958e-04
7.4867e-04
2.4705e-04
-5.6987e-04
-1.6481e-03
-2.7363e-03
-3.9096e-03
-5.2000e-03
-6.5759e-03
-8.0111e-03
-9.5682e-03
-1.1302e-02
-1.3163e-02
-1.5033e-02
-1.6842e-02
-1.8604e-02
-2.0254e-02
-2.1665e-02
-2.2785e-02
-2.3525e-02
-2.3753e-02
-2.3471e-02
-2.2714e-02
-2.1548e-02
-1.9972e-02
-1.7984e-02
-1.5652e-02
-1.3140e-02
-1.0587e-02
-7.9659e-03
-5.3258e-03
-2.7802e-03
-3.4245e-04
1.9173e-03
3.9361e-03
5.7206e-03
7.2833e-03
8.6374e-03
9.8536e-03
1.1015e-02
1.2180e-02
1.3224e-02
1.4037e-02
1.4627e-02
1.5057e-02
1.5370e-02
1.5621e-02
1.5869e-02
1.6172e-02
1.6562e-02
1.7046e-02
1.7649e-02
1.8462e-02
1.9381e-02
2.0304e-02
2.1228e-02
2.2082e-02
2.2797e-02
2.3430e-02
2.4022e-02
2.4610e-02
2.5216e-02
2.5827e-02
2.6397e-02
2.7019e-02
2.7528e-02
2.7717e-02
2.7582e-02
2.7265e-02
2.6751e-02
2.6092e-02
2.5387e-02
2.4561e-02
2.3589e-02
2.2650e-02
2.1810e-02
2.1155e-02
2.0837e-02
2.0877e-02
2.1271e-02
2.1968e-02
2.2736e-02
2.3544e-02
2.4399e-02
2.5275e-02
2.6163e-02
2.7035e-02
2.7842e-02
2.8628e-02
2.9466e-02
3.0384e-02
3.1268e-02
3.1972e-02
3.2374e-02
3.2515e-02
3.2457e-02
3.2200e-02
3.1775e-02
3.1118e-02
3.0208e-02
2.8999e-02
2.7389e-02
2.5330e-02
2.2837e-02
1.9916e-02
1.6636e-02
1.3110e-02
9.4231e-03
5.6440e-03
1.8343e-03
-1.9469e-03
-5.5798e-03
-8.9452e-03
-1.2067e-02
-1.4925e-02
-1.7451e-02
-1.9664e-02
-2.1584e-02
-2.3215e-02
-2.4679e-02
-2.6144e-02
-2.7713e-02
-2.9418e-02
-3.1200e-02
-3.2967e-02
-3.4708e-02
-3.6405e-02
-3.7954e-02
-3.9260e-02
-4.0276e-02
-4.0980e-02
-4.1431e-02
-4.1677e-02
-4.1764e-02
-4.1652e-02
-4.1234e-02
-4.0522e-02
-3.9524e-02
-3.8274e-02
-3.6892e-02
-3.5513e-02
-3.4158e-02
-3.2746e-02
-3.1236e-02
-2.9621e-02
-2.7901e-02
-2.6007e-02
-2.3913e-02
-2.1539e-02
-1.8917e-02
-1.6169e-02
-1.3356e-02
-1.0568e-02
-7.9369e-03
-5.4070e-03
-3.0342e-03
-8.7615e-04
1.1776e-03
3.0213e-03
4.6635e-03
6.1717e-03
7.5647e-03
8.9563e-03
1.0388e-02
1.1852e-02
1.3433e-02
1.4936e-02
1.6261e-02
1.7410e-02
1.8306e-02
1.9017e-02
1.9406e-02
1.9512e-02
1.9370e-02
1.8999e-02
1.8447e-02
1.7773e-02
1.7075e-02
1.6443e-02
1.5805e-02
1.5092e-02
1.4240e-02
1.3177e-02
1.1867e-02
1.0335e-02
8.6859e-03
6.9156e-03
4.9246e-03
2.7012e-03
2.9976e-04
-2.2729e-03
-4.9352e-03
-7.6368e-03
-1.0385e-02
-1.3098e-02
-1.5718e-02
-1.8119e-02
-2.0356e-02
-2.2449e-02
-2.4320e-02
-2.5979e-02
-2.7537e-02
-2.9060e-02
-3.0542e-02
-3.1888e-02
-3.2918e-02
-3.3672e-02
-3.4189e-02
-3.4315e-02
-3.4015e-02
-3.3292e-02
-3.2157e-02
-3.0686e-02
-2.9010e-02
-2.7202e-02
-2.5371e-02
-2.3563e-02
-2.1834e-02
-2.0158e-02
-1.8522e-02
-1.6974e-02
-1.5467e-02
-1.3983e-02
-1.2438e-02
-1.0930e-02
-9.5159e-03
-8.1370e-03
-6.7908e-03
-5.5258e-03
-4.3278e-03
-3.1518e-03
-1.8980e-03
-5.4626e-04
9.0939e-04
2.4848e-03
4.0901e-03
5.5524e-03
6.8494e-03
8.0386e-03
9.1234e-03
1.0084e-02
1.0873e-02
1.1524e-02
1.2113e-02
1.2689e-02
1.3285e-02
1.3899e-02
1.4502e-02
1.5130e-02
1.5743e-02
1.6316e-02
1.6872e-02
1.7398e-02
1.7874e-02
1.8380e-02
1.8929e-02
1.9435e-02
1.9908e-02
2.0276e-02
2.0370e-02
2.0235e-02
1.9944e-02
1.9514e-02
1.9007e-02
1.8401e-02
1.7733e-02
1.7007e-02
1.6159e-02
1.5149e-02
1.3971e-02
1.2666e-02
1.1261e-02
9.7387e-03
8.0717e-03
6.1829e-03
4.0673e-03
1.8077e-03
-4.8794e-04
-2.7856e-03
-5.1172e-03
-7.4431e-03
-9.6830e-03
-1.1813e-02
-1.3756e-02
-1.5553e-02
-1.7158e-02
-1.8529e-02
-1.9765e-02
-2.0930e-02
-2.2012e-02
-2.3059e-02
-2.4052e-02
-2.4894e-02
-2.5517e-02
-2.5906e-02
-2.6010e-02
-2.5764e-02
-2.5126e-02
-2.4157e-02
-2.2991e-02
-2.1628e-02
-2.0121e-02
-1.8623e-02
-1.7143e-02
-1.5632e-02
-1.4097e-02
-1.2494e-02
-1.0723e-02
-8.7568e-03
-6.6692e-03
-4.5629e-03
-2.4788e-03
-4.6621e-04
1.3989e-03
3.0755e-03
4.5261e-03
5.7656e-03
6.8416e-03
7.8761e-03
8.9579e-03
1.0133e-02
1.1379e-02
1.2577e-02
1.3602e-02
1.4445e-02
1.5149e-02
1.5736e-02
1.6228e-02
1.6641e-02
1.6969e-02
1.7174e-02
1.7185e-02
1.6991e-02
1.6689e-02
1.6303e-02
1.5769e-02
1.5058e-02
1.4155e-02
1.3071e-02
1.1863e-02
1.0646e-02
9.4425e-03
8.1923e-03
6.9218e-03
5.5879e-03
4.1925e-03
2.8103e-03
1.4940e-03
1.8652e-04
-1.1330e-03
-2.3943e-03
-3.5903e-03
-4.6351e-03
-5.3667e-03
-5.7338e-03
-5.8819e-03
-5.9475e-03
-6.0160e-03
-6.0881e-03
-6.1512e-03
-6.1509e-03
-5.9865e-03
-5.6173e-03
-5.1123e-03
-4.4801e-03
-3.6654e-03
-2.7377e-03
-1.7646e-03
-7.1252e-04
3.7807e-04
1.5392e-03
2.7656e-03
3.9896e-03
5.0840e-03
5.9308e-03
6.5490e-03
7.0373e-03
7.4898e-03
7.9183e-03
8.2025e-03
8.2749e-03
8.2234e-03
8.1433e-03
8.0263e-03
7.8836e-03
7.7381e-03
7.6073e-03
7.5114e-03
7.4734e-03
7.5213e-03
7.6860e-03
7.9911e-03
8.4425e-03
9.0233e-03
9.6904e-03
1.0442e-02
1.1268e-02
1.2077e-02
1.2859e-02
1.3640e-02
1.4350e-02
1.4740e-02
1.4718e-02
1.4271e-02
1.3387e-02
1.2207e-02
1.0991e-02
9.8851e-03
8.9123e-03
8.1075e-03
7.5278e-03
7.0958e-03
6.7209e-03
6.3170e-03
5.7869e-03
5.0680e-03
4.1479e-03
3.0844e-03
2.0157e-03
1.0770e-03
2.8428e-04
-3.1790e-04
-6.9747e-04
-9.0922e-04
-1.0079e-03
-1.0547e-03
-1.1219e-03
-1.2780e-03
-1.5807e-03
-2.0652e-03
-2.7354e-03
-3.5505e-03
-4.4105e-03
-5.1468e-03
-5.6578e-03
-5.9924e-03
-6.1682e-03
-6.2626e-03
-6.3397e-03
-6.3899e-03
-6.4147e-03
-6.5025e-03
-6.6859e-03
-6.9978e-03
-7.3100e-03
-7.5433e-03
-7.7498e-03
-7.9565e-03
-8.1946e-03
-8.3913e-03
-8.5145e-03
-8.5940e-03
-8.6438e-03
-8.6780e-03
-8.7177e-03
-8.7823e-03
-8.8884e-03
-9.0416e-03
-9.2365e-03
-9.4564e-03
-9.6641e-03
-9.8036e-03
-9.7935e-03
-9.5449e-03
-8.9792e-03
-8.0319e-03
-6.6715e-03
-4.9533e-03
-3.1695e-03
-1.4469e-03
2.0570e-04
1.7437e-03
3.2353e-03
4.6167e-03
5.8947e-03
7.0424e-03
7.9817e-03
8.9030e-03
1.0017e-02
1.1347e-02
1.2822e-02
1.4294e-02
1.5652e-02
1.6861e-02
1.7834e-02
1.8453e-02
1.8731e-02
1.8724e-02
1.8476e-02
1.7917e-02
1.7116e-02
1.6196e-02
1.5145e-02
1.3964e-02
1.2690e-02
1.1413e-02
1.0265e-02
9.3023e-03
8.5872e-03
8.0605e-03
7.6320e-03
7.2197e-03
6.7247e-03
6.0692e-03
5.2027e-03
4.1386e-03
2.9768e-03
1.9106e-03
1.0494e-03
3.6431e-04
-1.7484e-04
-4.5560e-04
-5.0284e-04
-3.8243e-04
-1.6459e-04
5.0594e-05
1.5927e-04
2.0536e-04
1.1126e-04
-2.3372e-04
-8.9798e-04
-1.7974e-03
-2.9582e-03
-4.3511e-03
-5.8698e-03
-7.3508e-03
-8.7511e-03
-1.0156e-02
-1.1603e-02
-1.3101e-02
-1.4609e-02
-1.6015e-02
-1.7323e-02
-1.8649e-02
-2.0023e-02
-2.1240e-02
-2.2228e-02
-2.3054e-02
-2.3894e-02
-2.4724e-02
-2.5490e-02
-2.6121e-02
-2.6657e-02
-2.7097e-02
-2.7392e-02
-2.7482e-02
-2.7302e-02
-2.6959e-02
-2.6376e-02
-2.5497e-02
-2.4308e-02
-2.2818e-02
-2.1112e-02
-1.9348e-02
-1.7584e-02
-1.5781e-02
-1.3958e-02
-1.2002e-02
-1.0034e-02
-8.0869e-03
-6.2818e-03
-4.6679e-03
-3.1846e-03
-1.8628e-03
-7.4750e-04
2.5635e-04
1.1992e-03
2.0879e-03
2.9186e-03
3.7954e-03
4.5997e-03
5.3396e-03
6.0051e-03
6.5087e-03
6.7675e-03
6.8548e-03
6.8563e-03
6.8674e-03
7.0385e-03
7.5068e-03
8.2107e-03
9.0591e-03
1.0088e-02
1.1230e-02
1.2401e-02
1.3627e-02
1.4707e-02
1.5591e-02
1.6372e-02
1.6913e-02
1.7280e-02
1.7530e-02
1.7701e-02
1.7832e-02
1.7948e-02
1.8057e-02
1.8153e-02
1.8193e-02
1.8127e-02
1.7889e-02
1.7408e-02
1.6620e-02
1.5494e-02
1.4045e-02
1.2363e-02
1.0637e-02
8.9591e-03
7.3102e-03
5.7537e-03
4.3795e-03
3.1329e-03
2.0133e-03
1.0646e-03
2.0910e-04
-6.1580e-04
-1.4280e-03
-2.2214e-03
-3.0832e-03
-3.9510e-03
-4.8270e-03
-5.7056e-03
-6.5107e-03
-7.1376e-03
-7.6005e-03
-7.9189e-03
-8.1078e-03
-8.1994e-03
-8.2263e-03
-8.2236e-03
-8.2208e-03
-8.2423e-03
-8.3029e-03
-8.4089e-03
-8.5544e-03
-8.7240e-03
-8.9006e-03
-9.0602e-03
-9.1632e-03
-9.1843e-03
-9.2564e-03
-9.4106e-03
-9.6365e-03
-9.9341e-03
-1.0280e-02
-1.0772e-02
-1.1375e-02
-1.2135e-02
-1.2967e-02
-1.3824e-02
-1.4514e-02
-1.4898e-02
-1.5009e-02
-1.4883e-02
-1.4601e-02
-1.4284e-02
-1.3975e-02
-1.3653e-02
-1.3288e-02
-1.2837e-02
-1.2363e-02
-1.1894e-02
-1.1418e-02
-1.0945e-02
-1.0395e-02
-9.7468e-03
-9.0791e-03
-8.3719e-03
-7.5767e-03
-6.6873e-03
-5.7195e-03
-4.6110e-03
-3.4007e-03
-2.2634e-03
-1.3180e-03
-5.5968e-04
3.6361e-05
4.9919e-04
9.8209e-04
1.6047e-03
2.3959e-03
3.3513e-03
4.3933e-03
5.4655e-03
6.3886e-03
7.0701e-03
7.5388e-03
7.8035e-03
7.8882e-03
7.8453e-03
7.7418e-03
7.6563e-03
7.6709e-03
7.8668e-03
8.3060e-03
9.0204e-03
9.9996e-03
1.1174e-02
1.2401e-02
1.3541e-02
1.4492e-02
1.5187e-02
1.5646e-02
1.5892e-02
1.5949e-02
1.5860e-02
1.5670e-02
1.5430e-02
1.5189e-02
1.5002e-02
1.4924e-02
1.4959e-02
1.4998e-02
1.5066e-02
1.5173e-02
1.5323e-02
1.5533e-02
1.5825e-02
1.6154e-02
1.6348e-02
1.6417e-02
1.6503e-02
1.6553e-02
1.6534e-02
1.6432e-02
1.6394e-02
1.6383e-02
1.6351e-02
1.6280e-02
1.6298e-02
1.6350e-02
1.6370e-02
1.6300e-02
1.6045e-02
1.5503e-02
1.4605e-02
1.3469e-02
1.2168e-02
1.0826e-02
9.4875e-03
8.0820e-03
6.6914e-03
5.3168e-03
3.9658e-03
2.7089e-03
1.5157e-03
3.8936e-04
-6.0729e-04
-1.4874e-03
-2.2954e-03
-3.0439e-03
-3.8315e-03
-4.6910e-03
-5.6617e-03
-6.8199e-03
-8.1784e-03
-9.6761e-03
-1.1166e-02
-1.2519e-02
-1.3698e-02
-1.4683e-02
-1.5521e-02
-1.6256e-02
-1.6805e-02
-1.7144e-02
-1.7330e-02
-1.7387e-02
-1.7334e-02
-1.7195e-02
-1.6992e-02
-1.6751e-02
-1.6502e-02
-1.6285e-02
-1.6147e-02
-1.6150e-02
-1.6359e-02
-1.6773e-02
-1.7222e-02
-1.7522e-02
-1.7586e-02
-1.7284e-02
-1.6602e-02
-1.5806e-02
-1.4936e-02
-1.4051e-02
-1.3132e-02
-1.2153e-02
-1.1117e-02
-1.0015e-02
-8.8941e-03
-7.8369e-03
-6.8151e-03
-5.8369e-03
-4.7655e-03
-3.5024e-03
-2.1797e-03
-7.9724e-04
5.6224e-04
1.8999e-03
3.1659e-03
4.3790e-03
5.4077e-03
6.1656e-03
6.5763e-03
6.6653e-03
6.5084e-03
6.1755e-03
5.6331e-03
4.9634e-03
4.3288e-03
3.7774e-03
3.3204e-03
2.9803e-03
2.7859e-03
2.7465e-03
2.7517e-03
2.7265e-03
2.6773e-03
2.6040e-03
2.5354e-03
2.5235e-03
2.6409e-03
2.8856e-03
3.2152e-03
3.6749e-03
4.2816e-03
5.0107e-03
5.8059e-03
6.5676e-03
7.2034e-03
7.7805e-03
8.4537e-03
9.2105e-03
1.0051e-02
1.0937e-02
1.1742e-02
1.2304e-02
1.2760e-02
1.3053e-02
1.3296e-02
1.3434e-02
1.3375e-02
1.3052e-02
1.2557e-02
1.1998e-02
1.1351e-02
1.0612e-02
9.8169e-03
9.1683e-03
8.6177e-03
8.0755e-03
7.6182e-03
7.2205e-03
6.8011e-03
6.3047e-03
5.6842e-03
4.9197e-03
4.0341e-03
3.1015e-03
2.1340e-03
1.1279e-03
1.1943e-04
-9.0374e-04
-1.9427e-03
-2.8401e-03
-3.5637e-03
-4.2766e-03
-5.1106e-03
-6.1101e-03
-7.2855e-03
-8.7003e-03
-1.0332e-02
-1.2107e-02
-1.3959e-02
-1.5644e-02
-1.7125e-02
-1.8339e-02
-1.9251e-02
-1.9705e-02
-1.9710e-02
-1.9448e-02
-1.9122e-02
-1.8967e-02
-1.8855e-02
-1.8657e-02
-1.8378e-02
-1.7949e-02
-1.7318e-02
-1.6632e-02
-1.5781e-02
-1.4790e-02
-1.3631e-02
-1.2258e-02
-1.0695e-02
-9.0304e-03
-7.4240e-03
-5.8128e-03
-4.1474e-03
-2.4357e-03
-5.8824e-04
1.3210e-03
3.1805e-03
4.9676e-03
6.6194e-03
8.1070e-03
9.4202e-03
1.0617e-02
1.1775e-02
1.2810e-02
1.3631e-02
1.4281e-02
1.4817e-02
1.5266e-02
1.5649e-02
1.5969e-02
1.6211e-02
1.6333e-02
1.6351e-02
1.6311e-02
1.6230e-02
1.6167e-02
1.6070e-02
1.5888e-02
1.5651e-02
1.5411e-02
1.5117e-02
1.4739e-02
1.4251e-02
1.3629e-02
1.2878e-02
1.2044e-02
1.1212e-02
1.0435e-02
9.7014e-03
9.0314e-03
8.3854e-03
7.6615e-03
6.9410e-03
6.2761e-03
5.6070e-03
4.9335e-03
4.2886e-03
3.6788e-03
3.0372e-03
2.4373e-03
1.8192e-03
1.1441e-03
4.7381e-04
-5.4758e-05
-4.4518e-04
-4.5921e-04
-1.2686e-04
4.7546e-04
1.2431e-03
2.0134e-03
2.9132e-03
3.6520e-03
4.3042e-03
4.9303e-03
5.3732e-03
5.6873e-03
5.9013e-03
6.0219e-03
6.0362e-03
5.9417e-03
5.9079e-03
5.9157e-03
5.9449e-03
5.9770e-03
5.9432e-03
5.7664e-03
5.3629e-03
4.8023e-03
4.0686e-03
3.1559e-03
2.1231e-03
1.0722e-03
1.5604e-04
-5.6450e-04
-1.0339e-03
-1.3405e-03
-1.6187e-03
-1.8572e-03
-2.0371e-03
-2.2610e-03
-2.5079e-03
-2.8277e-03
-3.1359e-03
-3.3944e-03
-3.6198e-03
-3.8031e-03
-3.9524e-03
-4.0717e-03
-4.1750e-03
-4.2695e-03
-4.3673e-03
-4.4707e-03
-4.5832e-03
-4.6957e-03
-4.7801e-03
-4.8109e-03
-4.9113e-03
-5.1311e-03
-5.7938e-03
-6.9811e-03
-8.5123e-03
-1.0267e-02
-1.2147e-02
-1.3953e-02
-1.5543e-02
-1.6900e-02
-1.7984e-02
-1.8765e-02
-1.9386e-02
-1.9812e-02
-2.0152e-02
-2.0336e-02
-2.0424e-02
-2.0477e-02
-2.0509e-02
-2.0555e-02
-2.0622e-02
-2.0726e-02
-2.0858e-02
-2.1005e-02
-2.1131e-02
-2.1175e-02
-2.1116e-02
-2.1036e-02
-2.0871e-02
-2.0575e-02
-2.0111e-02
-1.9444e-02
-1.8559e-02
-1.7481e-02
-1.6285e-02
-1.5070e-02
-1.3910e-02
-1.3001e-02
-1.2284e-02
-1.1724e-02
-1.1299e-02
-1.0880e-02
-1.0314e-02
-9.5676e-03
-8.6442e-03
-7.6087e-03
-6.5259e-03
-5.3394e-03
-4.0245e-03
-2.6281e-03
-1.1232e-03
4.5204e-04
1.9820e-03
3.4013e-03
4.7584e-03
6.1151e-03
7.4829e-03
8.8384e-03
1.0214e-02
1.1640e-02
1.3069e-02
1.4500e-02
1.5911e-02
1.7199e-02
1.8303e-02
1.9166e-02
1.9691e-02
1.9897e-02
1.9835e-02
1.9537e-02
1.8909e-02
1.7995e-02
1.6912e-02
1.5811e-02
1.4756e-02
1.3831e-02
1.3161e-02
1.2730e-02
1.2493e-02
1.2397e-02
1.2365e-02
1.2307e-02
1.2134e-02
1.1775e-02
1.1170e-02
1.0292e-02
9.1686e-03
7.9145e-03
6.7173e-03
5.6258e-03
4.5734e-03
3.5217e-03
2.4356e-03
1.2921e-03
1.1779e-04
-9.8983e-04
-1.8961e-03
-2.5937e-03
-3.1756e-03
-3.7167e-03
-4.2941e-03
-4.9960e-03
-5.8727e-03
-6.9271e-03
-8.0833e-03
-9.1855e-03
-1.0152e-02
-1.0973e-02
-1.1557e-02
-1.1905e-02
-1.2020e-02
-1.1901e-02
-1.1561e-02
-1.1024e-02
-1.0335e-02
-9.5494e-03
-8.6434e-03
-7.6741e-03
-6.8116e-03
-6.0941e-03
-5.4213e-03
-4.8449e-03
-4.4508e-03
-4.1764e-03
-3.9449e-03
-3.6982e-03
-3.3736e-03
-2.9182e-03
-2.3007e-03
-1.5280e-03
-6.6232e-04
1.9092e-04
1.0604e-03
1.9279e-03
2.7195e-03
3.3585e-03
3.9264e-03
4.4887e-03
5.0965e-03
5.8033e-03
6.6229e-03
7.5146e-03
8.4334e-03
9.4158e-03
1.0437e-02
1.1427e-02
1.2353e-02
1.3238e-02
1.4062e-02
1.4769e-02
1.5355e-02
1.5892e-02
1.6408e-02
1.6908e-02
1.7376e-02
1.7754e-02
1.7942e-02
1.7804e-02
1.7304e-02
1.6492e-02
1.5470e-02
1.4402e-02
1.3399e-02
1.2577e-02
1.1938e-02
1.1443e-02
1.1045e-02
1.0672e-02
1.0252e-02
9.7197e-03
9.0466e-03
8.2520e-03
7.4002e-03
6.4235e-03
5.3086e-03
4.0964e-03
2.8468e-03
1.5111e-03
2.4565e-04
-8.6520e-04
-1.7400e-03
-2.4431e-03
-3.1367e-03
-3.8159e-03
-4.4784e-03
-5.0921e-03
-5.6625e-03
-6.2587e-03
-6.9150e-03
-7.6371e-03
-8.4120e-03
-9.2576e-03
-1.0172e-02
-1.1077e-02
-1.1969e-02
-1.2782e-02
-1.3421e-02
-1.3876e-02
-1.4187e-02
-1.4387e-02
-1.4522e-02
-1.4637e-02
-1.4787e-02
-1.5140e-02
-1.5800e-02
-1.6649e-02
-1.7559e-02
-1.8391e-02
-1.9048e-02
-1.9572e-02
-1.9945e-02
-2.0105e-02
-2.0127e-02
-2.0035e-02
-1.9767e-02
-1.9273e-02
-1.8617e-02
-1.7827e-02
-1.6898e-02
-1.5884e-02
-1.4866e-02
-1.3836e-02
-1.2769e-02
-1.1700e-02
-1.0689e-02
-9.6882e-03
-8.6608e-03
-7.6231e-03
-6.6200e-03
-5.5968e-03
-4.5121e-03
-3.3844e-03
-2.2599e-03
-1.1102e-03
-8.3402e-05
7.2922e-04
1.3877e-03
1.9441e-03
2.4524e-03
2.9680e-03
3.5371e-03
4.1688e-03
4.8486e-03
5.6500e-03
6.4935e-03
7.3614e-03
8.2377e-03
9.0345e-03
9.6471e-03
1.0117e-02
1.0469e-02
1.0714e-02
1.0884e-02
1.1010e-02
1.1125e-02
1.1243e-02
1.1368e-02
1.1483e-02
1.1550e-02
1.1536e-02
1.1579e-02
1.1632e-02
1.1667e-02
1.1656e-02
1.1570e-02
1.1555e-02
1.1559e-02
1.1531e-02
1.1435e-02
1.1215e-02
1.0822e-02
1.0204e-02
9.3429e-03
8.2565e-03
7.0299e-03
5.8270e-03
4.8527e-03
4.1822e-03
3.7831e-03
3.6219e-03
3.6293e-03
3.6941e-03
3.7375e-03
3.7755e-03
3.7465e-03
3.7212e-03
3.6495e-03
3.4924e-03
3.2342e-03
2.8370e-03
2.2748e-03
1.5410e-03
6.7037e-04
-2.6628e-04
-1.1404e-03
-1.8200e-03
-2.2664e-03
-2.4190e-03
-2.2598e-03
-1.9069e-03
-1.4068e-03
-1.0168e-03
-9.9512e-04
-1.4170e-03
-2.1921e-03
-3.1470e-03
-4.0314e-03
-4.6870e-03
-5.0493e-03
-5.0437e-03
-4.6328e-03
-3.8428e-03
-2.7616e-03
-1.5579e-03
-4.2371e-04
5.8100e-04
1.4560e-03
2.0777e-03
2.4831e-03
2.7115e-03
2.7966e-03
2.7830e-03
2.7109e-03
2.6136e-03
2.5163e-03
2.4335e-03
2.3738e-03
2.3383e-03
2.3267e-03
2.3349e-03
2.3578e-03
2.3805e-03
2.4033e-03
2.4248e-03
2.4494e-03
2.4822e-03
2.5349e-03
2.6135e-03
2.7199e-03
2.8600e-03
3.0378e-03
3.2431e-03
3.4598e-03
3.7089e-03
4.1105e-03
4.6782e-03
5.5208e-03
6.5677e-03
7.6759e-03
8.6765e-03
9.5014e-03
1.0167e-02
1.0662e-02
1.0986e-02
1.1145e-02
1.1141e-02
1.0970e-02
1.0620e-02
1.0077e-02
9.3361e-03
8.4178e-03
7.3852e-03
6.3360e-03
5.2583e-03
4.3849e-03
3.7989e-03
3.4174e-03
3.1827e-03
2.9991e-03
2.7688e-03
2.5676e-03
2.3046e-03
1.9179e-03
1.3926e-03
7.2664e-04
-3.7458e-05
-8.1367e-04
-1.4495e-03
-1.7486e-03
-1.6815e-03
-1.4210e-03
-1.1700e-03
-1.0318e-03
-1.1638e-03
-1.5260e-03
-2.0130e-03
-2.4610e-03
-2.8291e-03
-3.2245e-03
-3.5784e-03
-4.0279e-03
-4.5372e-03
-5.0691e-03
-5.7481e-03
-6.4680e-03
-7.2784e-03
-8.1951e-03
-9.1731e-03
-1.0125e-02
-1.0907e-02
-1.1537e-02
-1.2166e-02
-1.2801e-02
-1.3606e-02
-1.4553e-02
-1.5366e-02
-1.5990e-02
-1.6522e-02
-1.7040e-02
-1.7485e-02
-1.7781e-02
-1.7969e-02
-1.7942e-02
-1.7691e-02
-1.7256e-02
-1.6683e-02
-1.6073e-02
-1.5557e-02
-1.5140e-02
-1.4815e-02
-1.4567e-02
-1.4353e-02
-1.4127e-02
-1.3835e-02
-1.3437e-02
-1.2914e-02
-1.2285e-02
-1.1601e-02
-1.0852e-02
-1.0108e-02
-9.4449e-03
-8.8754e-03
-8.3203e-03
-7.7545e-03
-7.2407e-03
-6.8431e-03
-6.5437e-03
-6.2840e-03
-6.0222e-03
-5.7091e-03
-5.2972e-03
-4.7528e-03
-4.0647e-03
-3.2465e-03
-2.2761e-03
-1.1499e-03
5.3858e-05
1.3124e-03
2.5430e-03
3.6762e-03
4.7136e-03
5.6876e-03
6.6355e-03
7.5433e-03
8.4886e-03
9.5029e-03
1.0561e-02
1.1633e-02
1.2776e-02
1.3981e-02
1.5177e-02
1.6286e-02
1.7314e-02
1.8204e-02
1.8904e-02
1.9489e-02
2.0007e-02
2.0491e-02
2.0951e-02
2.1420e-02
2.2007e-02
2.2623e-02
2.3137e-02
2.3413e-02
2.3418e-02
2.3114e-02
2.2671e-02
2.2131e-02
2.1595e-02
2.1208e-02
2.0930e-02
2.0721e-02
2.0507e-02
2.0205e-02
1.9898e-02
1.9497e-02
1.8934e-02
1.8195e-02
1.7279e-02
1.6251e-02
1.5219e-02
1.4201e-02
1.3242e-02
1.2428e-02
1.1706e-02
1.1002e-02
1.0260e-02
9.5973e-03
9.0230e-03
8.4127e-03
7.8035e-03
7.1251e-03
6.2760e-03
5.1946e-03
3.8476e-03
2.2826e-03
6.3258e-04
-9.9586e-04
-2.5998e-03
-4.1623e-03
-5.6194e-03
-6.9797e-03
-8.2743e-03
-9.4808e-03
-1.0649e-02
-1.1847e-02
-1.3082e-02
-1.4301e-02
-1.5485e-02
-1.6627e-02
-1.7650e-02
-1.8500e-02
-1.9201e-02
-1.9821e-02
-2.0445e-02
-2.1028e-02
-2.1505e-02
-2.1865e-02
-2.2159e-02
-2.2408e-02
-2.2618e-02
-2.2791e-02
-2.2919e-02
-2.2989e-02
-2.2970e-02
-2.2823e-02
-2.2501e-02
-2.1962e-02
-2.1177e-02
-2.0152e-02
-1.8941e-02
-1.7677e-02
-1.6522e-02
-1.5525e-02
-1.4622e-02
-1.3790e-02
-1.3000e-02
-1.2235e-02
-1.1523e-02
-1.0920e-02
-1.0348e-02
-9.7632e-03
-9.1527e-03
-8.5206e-03
-7.9439e-03
-7.5125e-03
-7.1694e-03
-6.8938e-03
-6.6714e-03
-6.4719e-03
-6.2714e-03
-6.0514e-03
-5.8099e-03
-5.5676e-03
-5.3491e-03
-5.0394e-03
-4.6639e-03
-4.2858e-03
-3.8362e-03
-3.3878e-03
-2.9206e-03
-2.3886e-03
-1.7843e-03
-1.1154e-03
-4.2597e-04
2.0867e-04
7.9256e-04
1.3616e-03
1.8059e-03
2.0512e-03
2.2114e-03
2.4630e-03
2.8814e-03
3.4814e-03
4.2567e-03
5.1303e-03
5.9551e-03
6.6763e-03
7.3360e-03
7.9266e-03
8.5616e-03
9.2735e-03
9.9601e-03
1.0567e-02
1.1098e-02
1.1591e-02
1.2185e-02
1.2930e-02
1.3759e-02
1.4657e-02
1.5643e-02
1.6578e-02
1.7331e-02
1.7947e-02
1.8438e-02
1.8803e-02
1.9061e-02
1.9214e-02
1.9262e-02
1.9243e-02
1.9294e-02
1.9398e-02
1.9535e-02
1.9728e-02
2.0071e-02
2.0549e-02
2.1227e-02
2.1997e-02
2.2683e-02
2.3107e-02
2.3227e-02
2.3144e-02
2.2933e-02
2.2574e-02
2.2086e-02
2.1509e-02
2.0884e-02
2.0276e-02
1.9714e-02
1.9096e-02
1.8323e-02
1.7362e-02
1.6300e-02
1.5137e-02
1.3950e-02
1.2859e-02
1.1833e-02
1.0757e-02
9.7163e-03
8.6276e-03
7.4343e-03
6.1608e-03
4.8585e-03
3.4611e-03
1.9748e-03
4.7460e-04
-1.1014e-03
-2.7226e-03
-4.3017e-03
-5.8583e-03
-7.3360e-03
-8.7881e-03
-1.0211e-02
-1.1541e-02
-1.2869e-02
-1.4190e-02
-1.5451e-02
-1.6732e-02
-1.8044e-02
-1.9320e-02
-2.0449e-02
-2.1420e-02
-2.2179e-02
-2.2811e-02
-2.3401e-02
-2.4002e-02
-2.4686e-02
-2.5486e-02
-2.6372e-02
-2.7269e-02
-2.8194e-02
-2.9124e-02
-2.9993e-02
-3.0705e-02
-3.1274e-02
-3.1715e-02
-3.2028e-02
-3.2209e-02
-3.2240e-02
-3.2106e-02
-3.1935e-02
-3.1742e-02
-3.1514e-02
-3.1241e-02
-3.0899e-02
-3.0462e-02
-2.9913e-02
-2.9253e-02
-2.8522e-02
-2.7787e-02
-2.7024e-02
-2.6361e-02
-2.5834e-02
-2.5296e-02
-2.4753e-02
-2.4233e-02
-2.3619e-02
-2.2944e-02
-2.2166e-02
-2.1231e-02
-2.0133e-02
-1.8918e-02
-1.7700e-02
-1.6548e-02
-1.5526e-02
-1.4618e-02
-1.3770e-02
-1.2943e-02
-1.2114e-02
-1.1269e-02
-1.0341e-02
-9.3494e-03
-8.3272e-03
-7.2901e-03
-6.3216e-03
-5.4460e-03
-4.6572e-03
-3.9786e-03
-3.4638e-03
-3.1804e-03
-3.1016e-03
-3.1352e-03
-3.1776e-03
-3.0860e-03
-2.7191e-03
-2.1700e-03
-1.5256e-03
-6.6023e-04
4.7807e-04
1.7046e-03
2.8593e-03
3.9414e-03
4.8744e-03
5.6352e-03
6.2984e-03
6.9220e-03
7.5640e-03
8.2795e-03
9.0807e-03
9.9275e-03
1.0791e-02
1.1698e-02
1.2612e-02
1.3464e-02
1.4240e-02
1.4994e-02
1.5742e-02
1.6481e-02
1.7172e-02
1.7739e-02
1.8139e-02
1.8413e-02
1.8580e-02
1.8663e-02
1.8696e-02
1.8714e-02
1.8750e-02
1.8832e-02
1.8979e-02
1.9199e-02
1.9483e-02
1.9803e-02
2.0108e-02
2.0320e-02
2.0396e-02
2.0443e-02
2.0534e-02
2.0618e-02
2.0654e-02
2.0642e-02
2.0715e-02
2.0960e-02
2.1313e-02
2.1704e-02
2.2076e-02
2.2436e-02
2.2658e-02
2.2756e-02
2.2814e-02
2.2999e-02
2.3181e-02
2.3236e-02
2.3213e-02
2.3110e-02
2.2927e-02
2.2687e-02
2.2437e-02
2.2224e-02
2.1938e-02
2.1642e-02
2.1230e-02
2.0766e-02
2.0166e-02
1.9367e-02
1.8531e-02
1.7670e-02
1.6872e-02
1.6267e-02
1.5817e-02
1.5518e-02
1.5350e-02
1.5055e-02
1.4398e-02
1.3508e-02
1.2389e-02
1.1093e-02
9.8137e-03
8.6479e-03
7.5775e-03
6.5831e-03
5.6593e-03
4.8025e-03
4.0346e-03
3.4030e-03
2.8478e-03
2.3035e-03
1.7346e-03
1.1152e-03
4.4755e-04
-2.4840e-04
-1.0432e-03
-1.8611e-03
-2.6942e-03
-3.5425e-03
-4.3407e-03
-5.0016e-03
-5.5195e-03
-5.9476e-03
-6.3185e-03
-6.6722e-03
-7.0478e-03
-7.4771e-03
-7.9597e-03
-8.4630e-03
-8.9028e-03
-9.1601e-03
-9.1971e-03
-9.0427e-03
-8.7409e-03
-8.3700e-03
-7.9368e-03
-7.5188e-03
-7.1763e-03
-6.9040e-03
-6.7026e-03
-6.5693e-03
-6.4931e-03
-6.4648e-03
-6.4760e-03
-6.5248e-03
-6.6116e-03
-6.7413e-03
-6.9167e-03
-7.1379e-03
-7.3946e-03
-7.6641e-03
-7.9037e-03
-8.0491e-03
-8.0183e-03
-7.8110e-03
-7.5482e-03
-7.2973e-03
-7.0483e-03
-6.8209e-03
-6.6317e-03
-6.4906e-03
-6.3994e-03
-6.3539e-03
-6.3600e-03
-6.4232e-03
-6.5402e-03
-6.7200e-03
-6.9648e-03
-7.2698e-03
-7.6152e-03
-7.9642e-03
-8.2483e-03
-8.3619e-03
-8.2271e-03
-7.9187e-03
-7.5348e-03
-7.1696e-03
-6.8141e-03
-6.4797e-03
-6.1788e-03
-5.9064e-03
-5.6439e-03
-5.3862e-03
-5.1252e-03
-4.8635e-03
-4.6183e-03
-4.4123e-03
-4.1011e-03
-3.7098e-03
-3.1016e-03
-2.3349e-03
-1.5162e-03
-5.9314e-04
4.0356e-04
1.3947e-03
2.2751e-03
3.0603e-03
3.5355e-03
3.6559e-03
3.5754e-03
3.4347e-03
3.2377e-03
3.0205e-03
2.8264e-03
2.6726e-03
2.5692e-03
2.5122e-03
2.4953e-03
2.5068e-03
2.5371e-03
2.5756e-03
2.6160e-03
2.6523e-03
2.6820e-03
2.7024e-03
2.7131e-03
2.7117e-03
2.6973e-03
2.6665e-03
2.6174e-03
2.5471e-03
2.4560e-03
2.3449e-03
2.2066e-03
2.0364e-03
1.8380e-03
1.6197e-03
1.3917e-03
1.1773e-03
9.9675e-04
7.3009e-04
3.6576e-04
-6.0076e-05
-5.1933e-04
-1.0832e-03
-1.6876e-03
-2.3555e-03
-3.1139e-03
-3.7894e-03
-4.3211e-03
-4.7740e-03
-5.0850e-03
-5.3155e-03
-5.5647e-03
-5.7830e-03
-6.0250e-03
-6.2176e-03
-6.3690e-03
-6.5144e-03
-6.6657e-03
-6.8437e-03
-7.0639e-03
-7.3498e-03
-7.7121e-03
-8.1450e-03
-8.6159e-03
-9.0566e-03
-9.3796e-03
-9.6079e-03
-9.6425e-03
-9.5138e-03
-9.2868e-03
-8.8882e-03
-8.4129e-03
-8.0091e-03
-7.6758e-03
-7.3971e-03
-7.1578e-03
-6.9233e-03
-6.6500e-03
-6.2946e-03
-5.8323e-03
-5.2439e-03
-4.3963e-03
-3.3100e-03
-2.1059e-03
-9.6382e-04
3.5747e-06
8.0886e-04
1.4618e-03
1.9760e-03
2.3743e-03
2.6738e-03
2.8922e-03
3.1713e-03
3.5498e-03
3.9934e-03
4.5566e-03
5.2087e-03
5.9161e-03
6.6855e-03
7.4725e-03
8.2073e-03
8.8924e-03
9.4582e-03
9.8545e-03
1.0098e-02
1.0187e-02
1.0110e-02
9.8640e-03
9.4587e-03
8.9034e-03
8.2322e-03
7.5180e-03
6.8655e-03
6.2974e-03
5.7897e-03
5.3328e-03
4.9158e-03
4.5209e-03
4.1444e-03
3.8121e-03
3.5773e-03
3.3626e-03
3.0444e-03
2.5077e-03
1.7921e-03
9.9735e-04
1.2324e-04
-7.8388e-04
-1.6200e-03
-2.3959e-03
-3.1313e-03
-3.8215e-03
-4.4469e-03
-4.9767e-03
-5.4907e-03
-5.9325e-03
-6.3360e-03
-6.7618e-03
-7.2391e-03
-7.7879e-03
-8.3973e-03
-9.0156e-03
-9.5531e-03
-1.0022e-02
-1.0437e-02
-1.0799e-02
-1.1106e-02
-1.1348e-02
-1.1493e-02
-1.1508e-02
-1.1492e-02
-1.1427e-02
-1.1251e-02
-1.0929e-02
-1.0552e-02
-1.0103e-02
-9.5585e-03
-8.9339e-03
-8.2455e-03
-7.5489e-03
-6.9220e-03
-6.3281e-03
-5.7146e-03
-5.0503e-03
-4.3069e-03
-3.4880e-03
-2.6431e-03
-1.8709e-03
-1.1594e-03
-5.0403e-04
6.4875e-05
5.2184e-04
9.7055e-04
1.3777e-03
1.6496e-03
1.8229e-03
1.9510e-03
2.0846e-03
2.2862e-03
2.6228e-03
3.1422e-03
3.8682e-03
4.7976e-03
5.8684e-03
6.9515e-03
7.9984e-03
8.9297e-03
9.6246e-03
1.0106e-02
1.0423e-02
1.0628e-02
1.0792e-02
1.0995e-02
1.1278e-02
1.1509e-02
1.1622e-02
1.1558e-02
1.1387e-02
1.1233e-02
1.1090e-02
1.0947e-02
1.0808e-02
1.0667e-02
1.0497e-02
1.0266e-02
9.9414e-03
9.5064e-03
8.9611e-03
8.3396e-03
7.7216e-03
7.2340e-03
6.8788e-03
6.6423e-03
6.5232e-03
6.4925e-03
6.5169e-03
6.5593e-03
6.5786e-03
6.5372e-03
6.4024e-03
6.1528e-03
5.7824e-03
5.3078e-03
4.7803e-03
4.2806e-03
3.7856e-03
3.4044e-03
3.1492e-03
2.9916e-03
2.9259e-03
2.9304e-03
2.9788e-03
3.0264e-03
3.0261e-03
2.9291e-03
2.7007e-03
2.3220e-03
1.7965e-03
1.1592e-03
4.9125e-04
-8.7392e-05
-5.3339e-04
-8.5328e-04
-1.0441e-03
-1.1170e-03
-1.0952e-03
-1.0096e-03
-8.9449e-04
-7.8705e-04
-7.2564e-04
-7.4472e-04
-8.3140e-04
-9.6105e-04
-1.0887e-03
-1.1534e-03
-1.1658e-03
-1.1631e-03
-1.0896e-03
-1.0018e-03
-9.9502e-04
-9.6418e-04
-7.8175e-04
-5.0717e-04
-2.1829e-04
1.0165e-04
4.2789e-04
7.0848e-04
8.7574e-04
8.4777e-04
6.2741e-04
3.4291e-04
6.4698e-05
-2.1916e-04
-4.8474e-04
-7.0678e-04
-8.7529e-04
-9.8056e-04
-1.0110e-03
-9.5283e-04
-7.8994e-04
-5.0753e-04
-9.6659e-05
4.3670e-04
1.0631e-03
1.7171e-03
2.2900e-03
2.6803e-03
2.9081e-03
2.9834e-03
2.9285e-03
2.7966e-03
2.6590e-03
2.5483e-03
2.3975e-03
2.2854e-03
2.2289e-03
2.1296e-03
2.0538e-03
2.0667e-03
2.1848e-03
2.3396e-03
2.6070e-03
2.9981e-03
3.3923e-03
3.8157e-03
4.2339e-03
4.3835e-03
4.2007e-03
3.8149e-03
3.3549e-03
2.8205e-03
2.2759e-03
1.7991e-03
1.2896e-03
8.5209e-04
5.8202e-04
3.7837e-04
1.8353e-04
1.1701e-04
1.1494e-04
1.0046e-04
1.5749e-04
2.3947e-04
2.5600e-04
1.3468e-04
-7.7416e-05
-4.5112e-04
-1.0640e-03
-1.8097e-03
-2.6805e-03
-3.6583e-03
-4.6574e-03
-5.5528e-03
-6.2868e-03
-6.8323e-03
-7.1461e-03
-7.2941e-03
-7.3188e-03
-7.3203e-03
-7.3791e-03
-7.4931e-03
-7.6452e-03
-7.7817e-03
-7.9152e-03
-8.0594e-03
-8.1927e-03
-8.3350e-03
-8.4653e-03
-8.5863e-03
-8.6713e-03
-8.7996e-03
-9.0553e-03
-9.4253e-03
-9.7809e-03
-1.0032e-02
-1.0082e-02
-9.7659e-03
-9.2391e-03
-8.6507e-03
-8.0661e-03
-7.5835e-03
-7.1783e-03
-6.8194e-03
-6.4612e-03
-6.0879e-03
-5.7962e-03
-5.5516e-03
-5.3471e-03
-5.1970e-03
-5.1292e-03
-5.1894e-03
-5.3892e-03
-5.5735e-03
-5.7532e-03
-5.9204e-03
-6.0390e-03
-6.0895e-03
-6.0464e-03
-5.8920e-03
-5.5959e-03
-5.1553e-03
-4.5819e-03
-3.9176e-03
-3.2462e-03
-2.6863e-03
-2.2391e-03
-1.8921e-03
-1.6381e-03
-1.4578e-03
-1.3386e-03
-1.2620e-03
-1.2145e-03
-1.1932e-03
-1.2072e-03
-1.2627e-03
-1.2606e-03
-1.1446e-03
-9.2938e-04
-6.3417e-04
-3.0183e-04
1.0501e-04
5.6009e-04
1.0658e-03
1.6850e-03
2.3474e-03
2.8547e-03
3.0408e-03
2.9022e-03
2.5447e-03
2.0254e-03
1.3450e-03
5.6291e-04
-2.2075e-04
-8.7083e-04
-1.2731e-03
-1.4337e-03
-1.3637e-03
-1.0826e-03
-6.4976e-04
-1.5627e-04
2.6687e-04
5.0713e-04
5.9768e-04
5.7786e-04
5.3472e-04
5.8637e-04
6.7543e-04
7.4502e-04
7.0734e-04
6.3123e-04
5.7078e-04
4.1173e-04
2.6363e-04
2.2656e-04
2.7402e-04
5.1143e-04
9.1460e-04
1.3794e-03
1.7677e-03
2.0490e-03
2.2068e-03
2.2152e-03
2.0635e-03
1.7577e-03
1.3395e-03
8.8282e-04
4.7648e-04
1.0148e-04
-3.1896e-04
-7.3716e-04
-1.0319e-03
-1.1680e-03
-1.1757e-03
-1.0815e-03
-9.3765e-04
-8.2502e-04
-8.4005e-04
-9.9841e-04
-1.1881e-03
-1.3492e-03
-1.5001e-03
-1.6414e-03
-1.7789e-03
-1.9294e-03
-2.0523e-03
-2.0098e-03
-1.8016e-03
-1.4225e-03
-8.7406e-04
-2.0615e-04
4.8117e-04
1.0337e-03
1.4450e-03
1.6816e-03
1.7052e-03
1.4999e-03
1.0639e-03
4.1940e-04
-3.8336e-04
-1.2665e-03
-2.0986e-03
-2.7006e-03
-3.0246e-03
-3.1980e-03
-3.2361e-03
-3.1477e-03
-2.9725e-03
-2.7448e-03
-2.5106e-03
-2.3179e-03
-2.1981e-03
-2.0674e-03
-1.8842e-03
-1.6797e-03
-1.4721e-03
-1.1870e-03
-8.2994e-04
-4.9546e-04
-1.6752e-04
2.1382e-04
5.9856e-04
8.9772e-04
1.1231e-03
1.2655e-03
1.2974e-03
1.1082e-03
6.4994e-04
1.2454e-04
-3.1528e-04
-5.7270e-04
-5.7913e-04
-2.9395e-04
3.1737e-04
1.1330e-03
2.0495e-03
3.0060e-03
3.8665e-03
4.5440e-03
5.0421e-03
5.4186e-03
5.8581e-03
6.3603e-03
6.8074e-03
7.2035e-03
7.5351e-03
7.8463e-03
8.0088e-03
7.9291e-03
7.6703e-03
7.3103e-03
6.9698e-03
6.7729e-03
6.7213e-03
6.8217e-03
7.0548e-03
7.3505e-03
7.6193e-03
7.9442e-03
8.3853e-03
8.8036e-03
9.0737e-03
9.2341e-03
9.2950e-03
9.2703e-03
9.2176e-03
9.1718e-03
9.0103e-03
8.7814e-03
8.5534e-03
8.3652e-03
8.1192e-03
7.8875e-03
7.5786e-03
7.2538e-03
7.0401e-03
6.9080e-03
6.8322e-03
6.7778e-03
6.6943e-03
6.5311e-03
6.4019e-03
6.3080e-03
6.2363e-03
6.2047e-03
6.2182e-03
6.2822e-03
6.3891e-03
6.5287e-03
6.6863e-03
6.8341e-03
6.9366e-03
6.9468e-03
6.8137e-03
6.4802e-03
5.9134e-03
5.2243e-03
4.5182e-03
3.7621e-03
3.0249e-03
2.4944e-03
2.3733e-03
2.6466e-03
3.1372e-03
3.7252e-03
4.2881e-03
4.7591e-03
5.1347e-03
5.4232e-03
5.6567e-03
5.8014e-03
5.7958e-03
5.6822e-03
5.4926e-03
5.2536e-03
5.0053e-03
4.8020e-03
4.7085e-03
4.7094e-03
4.7611e-03
4.9147e-03
5.1209e-03
5.2819e-03
5.4116e-03
5.5079e-03
5.5663e-03
5.5861e-03
5.5743e-03
5.5401e-03
5.4953e-03
5.4507e-03
5.4117e-03
5.3724e-03
5.3316e-03
5.2853e-03
5.2202e-03
5.1210e-03
4.9752e-03
4.7719e-03
4.5110e-03
4.2070e-03
3.8909e-03
3.5212e-03
2.9562e-03
2.1474e-03
1.1837e-03
1.9892e-04
-6.7895e-04
-1.4375e-03
-2.0432e-03
-2.4153e-03
-2.5909e-03
-2.6134e-03
-2.5338e-03
-2.4300e-03
-2.3822e-03
-2.3920e-03
-2.4122e-03
-2.4914e-03
-2.6632e-03
-2.9523e-03
-3.3836e-03
-3.9719e-03
-4.7066e-03
-5.5490e-03
-6.4951e-03
-7.5189e-03
-8.5088e-03
-9.4239e-03
-1.0173e-02
-1.0702e-02
-1.1053e-02
-1.1249e-02
-1.1316e-02
-1.1303e-02
-1.1256e-02
-1.1222e-02
-1.1239e-02
-1.1341e-02
-1.1546e-02
-1.1859e-02
-1.2260e-02
-1.2707e-02
-1.3121e-02
-1.3392e-02
-1.3467e-02
-1.3407e-02
-1.3200e-02
-1.2843e-02
-1.2480e-02
-1.2197e-02
-1.1988e-02
-1.1857e-02
-1.1798e-02
-1.1870e-02
-1.2154e-02
-1.2609e-02
-1.3180e-02
-1.3788e-02
-1.4384e-02
-1.4907e-02
-1.5144e-02
-1.4946e-02
-1.4361e-02
-1.3583e-02
-1.2793e-02
-1.2068e-02
-1.1436e-02
-1.0937e-02
-1.0590e-02
-1.0307e-02
-9.9562e-03
-9.5115e-03
-8.9578e-03
-8.3098e-03
-7.5625e-03
-6.7357e-03
-5.9374e-03
-5.2026e-03
-4.5266e-03
-3.9132e-03
-3.4150e-03
-2.9866e-03
-2.5940e-03
-2.2251e-03
-1.8755e-03
-1.5731e-03
-1.3656e-03
-1.2210e-03
-1.0269e-03
-7.9510e-04
-6.1427e-04
-5.8190e-04
-7.0415e-04
-9.2304e-04
-1.1571e-03
-1.3031e-03
-1.3345e-03
-1.1753e-03
-8.0205e-04
-2.9934e-04
3.3883e-04
1.1325e-03
1.9390e-03
2.6291e-03
3.2227e-03
3.6592e-03
3.9041e-03
3.9987e-03
3.9917e-03
3.9284e-03
3.7550e-03
3.4859e-03
3.1655e-03
2.6816e-03
2.0563e-03
1.3774e-03
7.5457e-04
2.0423e-04
-2.7421e-04
-8.1794e-04
-1.4523e-03
-2.1258e-03
-2.6312e-03
-2.9748e-03
-3.2014e-03
-3.3228e-03
-3.3850e-03
-3.4491e-03
-3.5744e-03
-3.6656e-03
-3.7283e-03
-3.7828e-03
-3.8251e-03
-3.8571e-03
-3.8813e-03
-3.9041e-03
-3.9304e-03
-3.9655e-03
-4.0100e-03
-4.0616e-03
-4.1101e-03
-4.1400e-03
-4.1268e-03
-4.0422e-03
-3.8541e-03
-3.5338e-03
-3.0491e-03
-2.4021e-03
-1.6181e-03
-7.4028e-04
3.2968e-04
1.4448e-03
2.4045e-03
3.1688e-03
3.7816e-03
4.1034e-03
4.1827e-03
4.0898e-03
3.8920e-03
3.7016e-03
3.6469e-03
3.8327e-03
4.1920e-03
4.6204e-03
5.0015e-03
5.3097e-03
5.4900e-03
5.5427e-03
5.6012e-03
5.6760e-03
5.8015e-03
6.0240e-03
6.3629e-03
6.8144e-03
7.3356e-03
7.8992e-03
8.5378e-03
9.1612e-03
9.7902e-03
1.0429e-02
1.1041e-02
1.1577e-02
1.1937e-02
1.1995e-02
1.1678e-02
1.1028e-02
1.0121e-02
9.0997e-03
8.0529e-03
7.0616e-03
6.2469e-03
5.6342e-03
5.1794e-03
4.8401e-03
4.5485e-03
4.2285e-03
3.8111e-03
3.2528e-03
2.5452e-03
1.7406e-03
9.3821e-04
1.3504e-04
-6.6629e-04
-1.4247e-03
-2.0911e-03
-2.6059e-03
-3.0535e-03
-3.3213e-03
-3.4718e-03
-3.5818e-03
-3.6855e-03
-3.6579e-03
-3.5452e-03
-3.3998e-03
-3.2434e-03
-3.1389e-03
-3.1675e-03
-3.3741e-03
-3.6346e-03
-3.8616e-03
-4.0680e-03
-4.2385e-03
-4.3533e-03
-4.4104e-03
-4.4042e-03
-4.3373e-03
-4.2205e-03
-4.0726e-03
-3.9148e-03
-3.7810e-03
-3.7126e-03
-3.7407e-03
-3.7708e-03
-3.7424e-03
-3.6533e-03
-3.4909e-03
-3.2543e-03
-2.9712e-03
-2.6929e-03
-2.5077e-03
-2.5126e-03
-2.6567e-03
-2.8496e-03
-3.1118e-03
-3.3151e-03
-3.4618e-03
-3.5563e-03
-3.6011e-03
-3.6327e-03
-3.6730e-03
-3.5725e-03
-3.3618e-03
-3.0825e-03
-2.7604e-03
-2.4770e-03
-2.3392e-03
-2.4303e-03
-2.6813e-03
-2.9988e-03
-3.2418e-03
-3.2735e-03
-3.0863e-03
-2.6811e-03
-2.1075e-03
-1.4815e-03
-8.9311e-04
-3.6468e-04
5.5971e-05
3.1412e-04
3.7024e-04
2.7462e-04
6.3480e-05
-1.6556e-04
-3.3302e-04
-4.3016e-04
-4.3653e-04
-3.5739e-04
-2.1155e-04
1.0228e-04
5.6628e-04
1.1015e-03
1.6284e-03
2.1599e-03
2.5721e-03
2.8297e-03
2.9373e-03
2.8852e-03
2.6884e-03
2.3734e-03
1.9922e-03
1.6288e-03
1.4017e-03
1.4310e-03
1.6544e-03
1.9758e-03
2.2733e-03
2.5523e-03
2.8002e-03
2.9980e-03
3.1708e-03
3.2913e-03
3.2355e-03
3.0172e-03
2.6517e-03
2.1542e-03
1.5885e-03
1.0547e-03
6.5564e-04
3.5677e-04
1.4828e-04
7.3334e-06
-1.1044e-04
-2.4883e-04
-3.6764e-04
-4.7087e-04
-6.7976e-04
-9.0752e-04
-1.0950e-03
-1.2406e-03
-1.2888e-03
-1.3710e-03
-1.5078e-03
-1.6461e-03
-1.7521e-03
-1.8806e-03
-2.0258e-03
-2.0852e-03
-1.9623e-03
-1.6978e-03
-1.3762e-03
-9.4516e-04
-3.7282e-04
1.9913e-04
7.2103e-04
1.1466e-03
1.4014e-03
1.5719e-03
1.7663e-03
1.9552e-03
2.1064e-03
2.3437e-03
2.5805e-03
2.8851e-03
3.1283e-03
3.3244e-03
3.4940e-03
3.6235e-03
3.7256e-03
3.8002e-03
3.8567e-03
3.8918e-03
3.9050e-03
3.8839e-03
3.8182e-03
3.6909e-03
3.4922e-03
3.2147e-03
2.8683e-03
2.4780e-03
2.0976e-03
1.8092e-03
1.7247e-03
1.8848e-03
2.2067e-03
2.5736e-03
2.9147e-03
3.2244e-03
3.4839e-03
3.6770e-03
3.8068e-03
3.8787e-03
3.9051e-03
3.8946e-03
3.8566e-03
3.7945e-03
3.7122e-03
3.6095e-03
3.4898e-03
3.3570e-03
3.2234e-03
3.1066e-03
3.0361e-03
3.0517e-03
3.1891e-03
3.3636e-03
3.5190e-03
3.6519e-03
3.7368e-03
3.7457e-03
3.6587e-03
3.4614e-03
3.1527e-03
2.7547e-03
2.3134e-03
1.8837e-03
1.4341e-03
1.0009e-03
7.2407e-04
6.2836e-04
5.5849e-04
4.0582e-04
2.2661e-04
3.2105e-05
-9.4554e-05
-8.3002e-05
-1.8181e-05
1.6601e-04
4.3301e-04
6.8180e-04
9.7954e-04
1.3766e-03
1.8017e-03
2.1710e-03
2.3777e-03
2.3606e-03
2.1671e-03
1.8506e-03
1.4305e-03
9.3752e-04
4.6018e-04
-2.7477e-06
-4.3795e-04
-8.1907e-04
-1.1134e-03
-1.2764e-03
-1.3444e-03
-1.4568e-03
-1.5954e-03
-1.6824e-03
-1.7820e-03
-1.8961e-03
-2.0434e-03
-2.2128e-03
-2.4097e-03
-2.6042e-03
-2.8491e-03
-3.1111e-03
-3.3059e-03
-3.4598e-03
-3.5765e-03
-3.6644e-03
-3.7391e-03
-3.8115e-03
-3.8889e-03
-3.9760e-03
-4.0668e-03
-4.1483e-03
-4.1955e-03
-4.1755e-03
-4.0498e-03
-3.8436e-03
-3.6641e-03
-3.5172e-03
-3.4253e-03
-3.4202e-03
-3.5253e-03
-3.7530e-03
-4.1024e-03
-4.5471e-03
-5.0283e-03
-5.4624e-03
-5.7319e-03
-5.7318e-03
-5.4893e-03
-5.0676e-03
-4.5728e-03
-4.1270e-03
-3.7370e-03
-3.4333e-03
-3.2380e-03
-3.1555e-03
-3.1761e-03
-3.2816e-03
-3.4418e-03
-3.6200e-03
-3.7672e-03
-3.8324e-03
-3.7634e-03
-3.4993e-03
-2.9834e-03
-2.1807e-03
-1.0900e-03
2.2026e-04
1.6013e-03
2.8200e-03
3.7758e-03
4.4951e-03
4.9831e-03
5.2609e-03
5.3743e-03
5.3723e-03
5.3031e-03
5.1913e-03
5.0676e-03
4.9494e-03
4.8487e-03
4.7712e-03
4.7130e-03
4.6767e-03
4.6608e-03
4.6605e-03
4.6774e-03
4.7119e-03
4.7683e-03
4.8484e-03
4.9546e-03
5.0826e-03
5.2246e-03
5.3602e-03
5.4614e-03
5.4821e-03
5.3823e-03
5.2338e-03
5.0810e-03
4.9067e-03
4.7192e-03
4.5246e-03
4.3321e-03
4.1498e-03
3.9926e-03
3.8705e-03
3.6839e-03
3.3658e-03
2.9412e-03
2.4381e-03
1.9250e-03
1.5160e-03
1.2805e-03
1.1023e-03
8.3797e-04
5.1187e-04
1.6458e-04
-2.6478e-04
-7.8630e-04
-1.3772e-03
-1.9752e-03
-2.4815e-03
-2.8381e-03
-3.0788e-03
-3.2317e-03
-3.3504e-03
-3.4926e-03
-3.6707e-03
-3.7820e-03
-3.8657e-03
-3.9331e-03
-3.9799e-03
-4.0096e-03
-4.0275e-03
-4.0390e-03
-4.0519e-03
-4.0711e-03
-4.1035e-03
-4.1504e-03
-4.2143e-03
-4.2891e-03
-4.3685e-03
-4.4364e-03
-4.4881e-03
-4.4940e-03
-4.4179e-03
-4.2421e-03
-4.1507e-03
-4.1604e-03
-4.2821e-03
-4.3575e-03
-4.3755e-03
-4.3020e-03
-4.0729e-03
-3.6478e-03
-3.0014e-03
-2.1470e-03
-1.1441e-03
-1.2674e-04
7.3047e-04
1.4865e-03
2.1028e-03
2.6260e-03
3.0163e-03
3.3305e-03
3.6735e-03
4.1029e-03
4.5244e-03
4.9153e-03
5.2527e-03
5.4507e-03
5.4291e-03
5.2327e-03
4.8244e-03
4.2989e-03
3.7156e-03
3.0949e-03
2.5106e-03
2.0539e-03
1.8389e-03
1.8677e-03
2.0634e-03
2.3254e-03
2.6398e-03
3.0255e-03
3.3788e-03
3.6381e-03
3.8188e-03
3.9149e-03
3.9253e-03
3.8560e-03
3.7203e-03
3.5339e-03
3.3205e-03
3.1104e-03
2.9449e-03
2.8693e-03
2.9208e-03
3.0191e-03
3.1142e-03
3.2136e-03
3.3060e-03
3.3828e-03
3.4440e-03
3.4949e-03
3.5430e-03
3.5889e-03
3.6295e-03
3.6660e-03
3.6938e-03
3.6983e-03
3.6519e-03
3.5245e-03
3.2818e-03
2.9014e-03
2.4630e-03
2.1127e-03
1.9199e-03
1.9004e-03
1.9604e-03
2.0639e-03
2.2514e-03
2.4526e-03
2.5639e-03
2.6038e-03
2.5909e-03
2.5498e-03
2.5257e-03
2.4973e-03
2.4237e-03
2.3756e-03
2.4118e-03
2.5090e-03
2.6124e-03
2.6812e-03
2.6283e-03
2.4756e-03
2.2571e-03
2.0253e-03
1.8013e-03
1.5019e-03
1.0472e-03
4.0468e-04
-2.9169e-04
-9.1127e-04
-1.4688e-03
-2.0700e-03
-2.7007e-03
-3.1363e-03
-3.4370e-03
-3.6320e-03
-3.7217e-03
-3.7329e-03
-3.6889e-03
-3.6218e-03
-3.5552e-03
-3.5030e-03
-3.4718e-03
-3.4649e-03
-3.4771e-03
-3.5002e-03
-3.5205e-03
-3.5232e-03
-3.4916e-03
-3.4114e-03
-3.2715e-03
-3.0688e-03
-2.8108e-03
-2.5202e-03
-2.2388e-03
-2.0308e-03
-1.9840e-03
-2.1535e-03
-2.4237e-03
-2.6647e-03
-2.8974e-03
-3.1051e-03
-3.2666e-03
-3.3783e-03
-3.4437e-03
-3.4726e-03
-3.4769e-03
-3.4689e-03
-3.4593e-03
-3.4557e-03
-3.4632e-03
-3.4817e-03
-3.5075e-03
-3.5327e-03
-3.5609e-03
-3.5922e-03
-3.6274e-03
-3.6651e-03
-3.7041e-03
-3.7381e-03
-3.7590e-03
-3.7519e-03
-3.7006e-03
-3.5838e-03
-3.3836e-03
-3.0868e-03
-2.7082e-03
-2.2728e-03
-1.8114e-03
-1.2235e-03
-5.9804e-04
1.1729e-04
7.8156e-04
1.3820e-03
1.8878e-03
2.2031e-03
2.2504e-03
2.1229e-03
1.9472e-03
1.8627e-03
1.9048e-03
2.0529e-03
2.2622e-03
2.4371e-03
2.6033e-03
2.8044e-03
3.0723e-03
3.3058e-03
3.5239e-03
3.7532e-03
3.8496e-03
3.7773e-03
3.5291e-03
3.0783e-03
2.4281e-03
1.6142e-03
7.2651e-04
-1.0509e-04
-8.5041e-04
-1.4746e-03
-1.9278e-03
-2.3260e-03
-2.8140e-03
-3.3779e-03
-3.9641e-03
-4.6327e-03
-5.4182e-03
-6.3032e-03
-7.2276e-03
-8.0737e-03
-8.6465e-03
-8.7120e-03
-8.3128e-03
-7.5947e-03
-6.7666e-03
-5.9891e-03
-5.3028e-03
-4.7484e-03
-4.3510e-03
-4.1098e-03
-4.0036e-03
-4.0030e-03
-4.0733e-03
-4.1821e-03
-4.2974e-03
-4.3918e-03
-4.4400e-03
-4.4207e-03
-4.3151e-03
-4.1015e-03
-3.7596e-03
-3.2812e-03
-2.6758e-03
-1.9799e-03
-1.2583e-03
-6.1943e-04
-2.1481e-04
-1.0443e-04
-1.5026e-04
-1.2798e-04
1.0540e-05
3.2013e-04
8.0595e-04
1.3323e-03
1.8303e-03
2.3539e-03
2.8888e-03
3.4517e-03
4.0243e-03
4.4903e-03
4.8334e-03
5.0867e-03
5.2662e-03
5.3923e-03
5.4919e-03
5.5886e-03
5.7009e-03
5.8348e-03
5.9828e-03
6.1179e-03
6.2030e-03
6.2730e-03
6.3911e-03
6.5084e-03
6.5762e-03
6.5413e-03
6.4126e-03
6.2360e-03
6.0406e-03
5.9073e-03
5.8212e-03
5.7719e-03
5.7384e-03
5.6740e-03
5.5308e-03
5.3406e-03
5.1810e-03
5.0371e-03
4.9203e-03
4.8474e-03
4.8205e-03
4.8404e-03
4.9016e-03
4.9938e-03
5.0958e-03
5.1685e-03
5.1630e-03
5.0240e-03
4.7508e-03
4.4569e-03
4.1208e-03
3.7497e-03
3.3809e-03
3.0524e-03
2.8181e-03
2.6784e-03
2.5475e-03
2.4743e-03
2.4531e-03
2.3653e-03
2.2044e-03
1.8588e-03
1.3780e-03
7.9511e-04
1.7812e-05
-9.3633e-04
-1.8522e-03
-2.5678e-03
-3.1579e-03
-3.6103e-03
-3.8075e-03
-3.8029e-03
-3.6532e-03
-3.4229e-03
-3.2097e-03
-3.0765e-03
-2.9244e-03
-2.6493e-03
-2.3265e-03
-1.9945e-03
-1.5473e-03
-1.0890e-03
-5.6098e-04
7.1174e-05
5.9341e-04
7.8936e-04
7.9325e-04
7.1219e-04
5.0437e-04
3.7851e-04
3.7305e-04
5.3155e-04
8.9919e-04
1.4516e-03
1.9297e-03
2.2177e-03
2.3444e-03
2.3168e-03
2.1890e-03
2.0427e-03
1.8299e-03
1.6761e-03
1.3555e-03
9.8992e-04
7.3183e-04
4.9935e-04
8.1050e-05
-5.3749e-04
-1.1831e-03
-1.8544e-03
-2.4551e-03
-2.8745e-03
-3.3194e-03
-3.6268e-03
-3.8132e-03
-3.9272e-03
-3.9702e-03
-3.9728e-03
-3.9445e-03
-3.9071e-03
-3.8652e-03
-3.8310e-03
-3.8030e-03
-3.7869e-03
-3.7782e-03
-3.7801e-03
-3.7880e-03
-3.8052e-03
-3.8282e-03
-3.8602e-03
-3.8972e-03
-3.9401e-03
-3.9805e-03
-4.0145e-03
-4.0427e-03
-4.0700e-03
-4.0952e-03
-4.1212e-03
-4.1312e-03
-4.1251e-03
-4.0958e-03
-4.0404e-03
-3.9538e-03
-3.8399e-03
-3.7040e-03
-3.5640e-03
-3.4431e-03
-3.3794e-03
-3.4217e-03
-3.6042e-03
-3.7724e-03
-3.9430e-03
-4.1091e-03
-4.2528e-03
-4.3687e-03
-4.4496e-03
-4.4926e-03
-4.4938e-03
-4.4483e-03
-4.3514e-03
-4.1978e-03
-3.9868e-03
-3.7224e-03
-3.4209e-03
-3.1112e-03
-2.8436e-03
-2.6922e-03
-2.7365e-03
-2.8780e-03
-2.9799e-03
-2.8833e-03
-2.5826e-03
-2.0901e-03
-1.4637e-03
-8.2133e-04
-1.4202e-04
5.3281e-04
9.7863e-04
1.3171e-03
1.4825e-03
1.5662e-03
1.5541e-03
1.5891e-03
1.6532e-03
1.7112e-03
1.8994e-03
2.1516e-03
2.5737e-03
3.0531e-03
3.4524e-03
3.7980e-03
4.0773e-03
4.2688e-03
4.3671e-03
4.3659e-03
4.2681e-03
4.0877e-03
3.8371e-03
3.5478e-03
3.2711e-03
3.0770e-03
3.0338e-03
3.0438e-03
3.1707e-03
3.2861e-03
3.4192e-03
3.6165e-03
3.8806e-03
4.0613e-03
4.1749e-03
4.2393e-03
4.2589e-03
4.2576e-03
4.2747e-03
4.3486e-03
4.3637e-03
4.3510e-03
4.3237e-03
4.2841e-03
4.2476e-03
4.2372e-03
4.2808e-03
4.3529e-03
4.3141e-03
4.1616e-03
3.8781e-03
3.4377e-03
2.8560e-03
2.1345e-03
1.2042e-03
1.9237e-04
-7.6671e-04
-1.6390e-03
-2.3732e-03
-2.9873e-03
-3.3841e-03
-3.6062e-03
-3.6990e-03
-3.6954e-03
-3.6470e-03
-3.6008e-03
-3.6129e-03
-3.7410e-03
-3.9816e-03
-4.2028e-03
-4.3944e-03
-4.5131e-03
-4.5499e-03
-4.6150e-03
-4.6818e-03
-4.7381e-03
-4.7803e-03
-4.7789e-03
-4.6972e-03
-4.5416e-03
-4.4322e-03
-4.3511e-03
-4.3013e-03
-4.2976e-03
-4.3366e-03
-4.4006e-03
-4.4728e-03
-4.5814e-03
-4.8452e-03
-5.2326e-03
-5.7021e-03
-6.2456e-03
-6.9022e-03
-7.5672e-03
-8.2479e-03
-8.8699e-03
-9.1962e-03
-9.1716e-03
-8.8655e-03
-8.3587e-03
-7.7409e-03
-7.0146e-03
-6.2136e-03
-5.3891e-03
-4.6036e-03
-3.9577e-03
-3.5256e-03
-3.2479e-03
-3.0666e-03
-2.9172e-03
-2.7660e-03
-2.6883e-03
-2.6108e-03
-2.4851e-03
-2.2805e-03
-1.9642e-03
-1.5131e-03
-9.1614e-04
-2.0371e-04
5.5658e-04
1.2572e-03
1.7321e-03
1.8188e-03
1.5436e-03
1.1244e-03
7.3698e-04
3.8065e-04
2.0972e-04
2.1728e-04
4.0711e-04
8.7271e-04
1.4832e-03
2.1299e-03
2.8250e-03
3.5391e-03
4.2132e-03
4.7671e-03
5.1432e-03
5.4205e-03
5.6616e-03
5.8916e-03
6.0252e-03
6.1126e-03
6.1825e-03
6.2421e-03
6.3041e-03
6.3742e-03
6.4539e-03
6.5330e-03
6.5804e-03
6.5560e-03
6.4676e-03
6.4310e-03
6.4237e-03
6.4363e-03
6.4673e-03
6.4931e-03
6.4802e-03
6.3832e-03
6.2107e-03
6.0797e-03
5.9662e-03
5.8641e-03
5.7836e-03
5.7178e-03
5.6612e-03
5.6019e-03
5.5320e-03
5.4437e-03
5.3369e-03
5.2172e-03
5.1007e-03
5.0091e-03
4.9640e-03
4.9927e-03
5.0724e-03
5.0775e-03
5.0185e-03
4.8914e-03
4.6769e-03
4.3856e-03
4.0416e-03
3.6958e-03
3.4147e-03
3.0860e-03
2.5962e-03
2.0380e-03
1.5023e-03
9.2243e-04
2.8944e-04
-3.6778e-04
-1.0005e-03
-1.5389e-03
-2.0524e-03
-2.4020e-03
-2.6191e-03
-2.7343e-03
-2.7602e-03
-2.7309e-03
-2.6795e-03
-2.6312e-03
-2.6072e-03
-2.6337e-03
-2.7098e-03
-2.6583e-03
-2.6649e-03
-2.7167e-03
-2.7881e-03
-2.8956e-03
-3.0245e-03
-3.1649e-03
-3.2835e-03
-3.3448e-03
-3.2892e-03
-3.0850e-03
-2.8925e-03
-2.7003e-03
-2.5147e-03
-2.3804e-03
-2.3228e-03
-2.3778e-03
-2.5552e-03
-2.8781e-03
-3.3332e-03
-3.8892e-03
-4.4722e-03
-4.9860e-03
-5.4558e-03
-5.9062e-03
-6.2230e-03
-6.5414e-03
-6.7632e-03
-6.8424e-03
-6.7597e-03
-6.4879e-03
-6.1678e-03
-5.8470e-03
-5.5410e-03
-5.1548e-03
-4.7056e-03
-4.2414e-03
-3.8180e-03
-3.5392e-03
-3.4206e-03
-3.4118e-03
-3.4440e-03
-3.4426e-03
-3.4237e-03
-3.3633e-03
-3.2887e-03
-3.2202e-03
-3.1047e-03
-2.9064e-03
-2.7039e-03
-2.5467e-03
-2.4189e-03
-2.3260e-03
-2.2693e-03
-2.2466e-03
-2.2494e-03
-2.2699e-03
-2.2970e-03
-2.3285e-03
-2.3623e-03
-2.3920e-03
-2.4156e-03
-2.4414e-03
-2.4747e-03
-2.5221e-03
-2.5854e-03
-2.6639e-03
-2.7473e-03
-2.8189e-03
-2.8502e-03
-2.8062e-03
-2.6445e-03
-2.3246e-03
-1.8126e-03
-1.0968e-03
-1.9867e-04
8.0570e-04
1.7756e-03
2.6059e-03
3.3918e-03
4.0432e-03
4.5065e-03
4.8298e-03
4.9309e-03
4.8770e-03
4.7430e-03
4.5498e-03
4.2402e-03
3.9094e-03
3.6084e-03
3.2806e-03
3.0591e-03
3.1024e-03
3.5539e-03
4.1788e-03
4.7095e-03
5.2022e-03
5.6341e-03
5.9703e-03
6.2104e-03
6.3628e-03
6.4469e-03
6.4798e-03
6.4772e-03
6.4478e-03
6.4090e-03
6.3714e-03
6.3441e-03
6.3334e-03
6.3459e-03
6.3855e-03
6.4556e-03
6.5554e-03
6.6814e-03
6.8222e-03
6.9590e-03
7.0612e-03
7.0848e-03
6.9867e-03
6.8403e-03
6.6945e-03
6.5384e-03
6.3893e-03
6.2638e-03
6.0692e-03
5.6940e-03
5.1367e-03
4.4049e-03
3.5486e-03
2.6870e-03
1.9323e-03
1.3327e-03
9.1969e-04
6.3548e-04
5.0527e-04
3.8902e-04
1.7194e-04
-9.3378e-05
-3.4163e-04
-4.7212e-04
-5.4276e-04
-5.7858e-04
-6.3329e-04
-7.6700e-04
-8.7181e-04
-1.0285e-03
-1.2905e-03
-1.5331e-03
-1.7473e-03
-1.9341e-03
-2.0747e-03
-2.1509e-03
-2.1582e-03
-2.0822e-03
-1.9117e-03
-1.6479e-03
-1.3102e-03
-9.3191e-04
-5.7614e-04
-3.1766e-04
-1.4092e-04
-5.8300e-05
-9.0275e-05
-1.2152e-04
-1.1718e-04
-1.4174e-04
-1.7155e-04
-8.5904e-05
1.3135e-04
3.8910e-04
6.2831e-04
9.1733e-04
1.2989e-03
1.7620e-03
2.1821e-03
2.5508e-03
2.8281e-03
2.9480e-03
2.8626e-03
2.6807e-03
2.3786e-03
2.1327e-03
1.9800e-03
1.9361e-03
1.8816e-03
1.7713e-03
1.5866e-03
1.2756e-03
8.4277e-04
4.4732e-04
4.1162e-05
-3.1136e-04
-4.6480e-04
-3.9991e-04
-1.6035e-04
1.6676e-04
4.6279e-04
6.7763e-04
8.2486e-04
9.1745e-04
9.9725e-04
1.0413e-03
1.0045e-03
8.6736e-04
5.8094e-04
2.0517e-04
-1.7047e-04
-4.3445e-04
-4.8613e-04
-3.6537e-04
-1.0830e-04
2.0306e-04
4.9322e-04
8.0862e-04
1.1365e-03
1.2971e-03
1.1226e-03
6.4045e-04
5.5573e-05
-5.5600e-04
-1.0384e-03
-1.3814e-03
-1.5728e-03
-1.6090e-03
-1.5291e-03
-1.3940e-03
-1.2949e-03
-1.3176e-03
-1.4089e-03
-1.6012e-03
-1.8220e-03
-2.0146e-03
-2.1872e-03
-2.3254e-03
-2.4253e-03
-2.4891e-03
-2.5282e-03
-2.5549e-03
-2.5849e-03
-2.6303e-03
-2.7016e-03
-2.8014e-03
-2.9262e-03
-3.0607e-03
-3.1794e-03
-3.2426e-03
-3.2012e-03
-3.0593e-03
-2.9408e-03
-2.8265e-03
-2.7168e-03
-2.6290e-03
-2.5644e-03
-2.5248e-03
-2.5051e-03
-2.5015e-03
-2.5075e-03
-2.5189e-03
-2.5309e-03
-2.5415e-03
-2.5484e-03
-2.5521e-03
-2.5526e-03
-2.5520e-03
-2.5515e-03
-2.5537e-03
-2.5595e-03
-2.5703e-03
-2.5853e-03
-2.6035e-03
-2.6212e-03
-2.6343e-03
-2.6361e-03
-2.6204e-03
-2.5802e-03
-2.5109e-03
-2.4102e-03
-2.2824e-03
-2.1379e-03
-1.9981e-03
-1.8945e-03
-1.8724e-03
-1.9819e-03
-2.1966e-03
-2.4018e-03
-2.6171e-03
-2.8293e-03
-3.0181e-03
-3.1766e-03
-3.3038e-03
-3.4016e-03
-3.4672e-03
-3.4961e-03
-3.4785e-03
-3.4156e-03
-3.3060e-03
-3.1511e-03
-2.9586e-03
-2.7453e-03
-2.5444e-03
-2.3844e-03
-2.1570e-03
-1.8885e-03
-1.6355e-03
-1.3105e-03
-9.8141e-04
-7.5253e-04
-4.9374e-04
-2.0173e-04
8.6225e-05
4.1960e-04
8.2288e-04
1.3047e-03
1.8559e-03
2.4204e-03
2.7908e-03
2.8789e-03
2.7223e-03
2.3585e-03
1.8779e-03
1.4427e-03
1.2506e-03
1.2963e-03
1.5344e-03
1.9571e-03
2.4796e-03
2.9813e-03
3.4342e-03
3.8568e-03
4.1476e-03
4.2573e-03
4.2166e-03
4.0555e-03
3.8300e-03
3.6320e-03
3.5710e-03
3.6790e-03
3.8679e-03
4.0990e-03
4.3201e-03
4.4157e-03
4.3812e-03
4.2163e-03
3.9392e-03
3.6125e-03
3.3335e-03
3.1465e-03
2.9854e-03
2.7914e-03
2.5667e-03
2.3284e-03
1.9832e-03
1.4622e-03
8.0456e-04
1.0914e-04
-5.8198e-04
-1.1694e-03
-1.5903e-03
-1.8806e-03
-2.0716e-03
-2.2054e-03
-2.2530e-03
-2.1522e-03
-1.9436e-03
-1.6652e-03
-1.3684e-03
-1.1256e-03
-9.7839e-04
-8.3797e-04
-6.5818e-04
-4.8480e-04
-2.5148e-04
-9.8371e-06
2.5545e-04
4.3150e-04
5.1836e-04
4.5759e-04
1.2076e-04
-2.8008e-04
-6.0782e-04
-9.9422e-04
-1.4889e-03
-1.9874e-03
-2.4476e-03
-2.9001e-03
-3.2408e-03
-3.4947e-03
-3.6825e-03
-3.8062e-03
-3.8830e-03
-3.9208e-03
-3.9334e-03
-3.9314e-03
-3.9182e-03
-3.8996e-03
-3.8836e-03
-3.8723e-03
-3.8718e-03
-3.8841e-03
-3.9138e-03
-3.9602e-03
-4.0228e-03
-4.0929e-03
-4.1594e-03
-4.2006e-03
-4.1916e-03
-4.0988e-03
-3.8902e-03
-3.5345e-03
-3.0170e-03
-2.3434e-03
-1.5650e-03
-7.5893e-04
1.4453e-04
1.1555e-03
2.0612e-03
2.7947e-03
3.2446e-03
3.4399e-03
3.4148e-03
3.2158e-03
2.9333e-03
2.6894e-03
2.6132e-03
2.6460e-03
2.6995e-03
2.6630e-03
2.5664e-03
2.4390e-03
2.3249e-03
2.2628e-03
2.2001e-03
2.2112e-03
2.2588e-03
2.3815e-03
2.4598e-03
2.3974e-03
2.2499e-03
2.0662e-03
1.8714e-03
1.6249e-03
1.4586e-03
1.4691e-03
1.5930e-03
1.7682e-03
1.9470e-03
2.1472e-03
2.2652e-03
2.2923e-03
2.1222e-03
1.7307e-03
1.0239e-03
8.6974e-05
-9.3081e-04
-1.8698e-03
-2.6803e-03
-3.3721e-03
-3.8268e-03
-4.0913e-03
-4.1635e-03
-3.9350e-03
-3.4621e-03
-2.8096e-03
-2.0656e-03
-1.3783e-03
-9.5140e-04
-9.3980e-04
-1.1986e-03
-1.5973e-03
-2.0881e-03
-2.5381e-03
-2.8340e-03
-3.0124e-03
-3.0730e-03
-2.9423e-03
-2.7362e-03
-2.5142e-03
-2.2219e-03
-1.8822e-03
-1.5856e-03
-1.2919e-03
-9.7843e-04
-7.1136e-04
-5.0983e-04
-3.4962e-04
-3.7079e-04
-6.0373e-04
-9.8850e-04
-1.4276e-03
-1.8898e-03
-2.2953e-03
-2.4417e-03
-2.1693e-03
-1.5425e-03
-6.6600e-04
2.7767e-04
1.0837e-03
1.6768e-03
2.0564e-03
2.2358e-03
2.2685e-03
2.2542e-03
2.3137e-03
2.4893e-03
2.6917e-03
2.8789e-03
3.0726e-03
3.2578e-03
3.4103e-03
3.5091e-03
3.5275e-03
3.4455e-03
3.3318e-03
3.3023e-03
3.3705e-03
3.4758e-03
3.5134e-03
3.4559e-03
3.2561e-03
2.8701e-03
2.3961e-03
1.9422e-03
1.5909e-03
1.3438e-03
1.1481e-03
1.0482e-03
1.0369e-03
1.1313e-03
1.3170e-03
1.5058e-03
1.7159e-03
1.9143e-03
2.0916e-03
2.2022e-03
2.2412e-03
2.2759e-03
2.2465e-03
2.0274e-03
1.6571e-03
1.2030e-03
6.0447e-04
-1.8457e-05
-4.7751e-04
-8.8198e-04
-1.3581e-03
-1.7276e-03
-1.9126e-03
-2.0005e-03
-1.9379e-03
-1.7831e-03
-1.5099e-03
-1.2013e-03
-8.7177e-04
-6.3121e-04
-3.5291e-04
3.1197e-05
5.1855e-04
9.8096e-04
1.3832e-03
1.6790e-03
1.9442e-03
2.0509e-03
1.8655e-03
1.4667e-03
9.3167e-04
3.6693e-04
-2.3505e-04
-6.5449e-04
-8.5770e-04
-1.0058e-03
-1.0567e-03
-1.0233e-03
-9.5439e-04
-8.7472e-04
-8.3124e-04
-8.3445e-04
-7.3893e-04
-7.3229e-04
-6.7492e-04
-6.1582e-04
-6.9911e-04
-7.3140e-04
-6.5894e-04
-6.6532e-04
-7.7958e-04
-1.0450e-03
-1.5382e-03
-2.2461e-03
-2.9702e-03
-3.4911e-03
-3.7301e-03
-3.7054e-03
-3.4595e-03
-3.0868e-03
-2.7043e-03
-2.3123e-03
-1.9375e-03
-1.5981e-03
-1.3007e-03
-1.0447e-03
-8.3599e-04
-6.8857e-04
-6.2670e-04
-5.9685e-04
-5.2233e-04
-4.3843e-04
-3.7906e-04
-3.0210e-04
-1.5395e-04
8.9372e-05
4.7233e-04
9.3421e-04
1.4836e-03
2.0740e-03
2.5319e-03
2.7743e-03
2.7671e-03
2.5914e-03
2.3142e-03
1.9754e-03
1.6593e-03
1.4669e-03
1.3741e-03
1.4451e-03
1.6236e-03
1.9213e-03
2.2264e-03
2.5070e-03
2.7644e-03
2.9788e-03
3.1442e-03
3.2533e-03
3.3017e-03
3.2793e-03
3.1747e-03
2.9735e-03
2.6645e-03
2.2449e-03
1.7296e-03
1.1603e-03
6.1402e-04
1.5312e-04
-2.2662e-04
-4.0614e-04
-4.0811e-04
-2.6841e-04
-2.7936e-05
2.3011e-04
4.6010e-04
7.5366e-04
1.1513e-03
1.5469e-03
1.8349e-03
1.9560e-03
1.9354e-03
1.7921e-03
1.5727e-03
1.3532e-03
1.1439e-03
8.5915e-04
5.2121e-04
1.0589e-04
-3.5974e-04
-7.4466e-04
-1.0062e-03
-1.1435e-03
-1.1383e-03
-9.8053e-04
-7.0005e-04
-4.7061e-04
-2.4103e-04
-5.3483e-05
-1.3435e-05
-1.8596e-04
-5.0306e-04
-9.6885e-04
-1.4533e-03
-1.8835e-03
-2.2004e-03
-2.3303e-03
-2.3872e-03
-2.3298e-03
-2.3270e-03
-2.3574e-03
-2.2228e-03
-2.1133e-03
-2.1802e-03
-2.3802e-03
-2.6966e-03
-3.0851e-03
-3.4520e-03
-3.6570e-03
-3.5764e-03
-3.2268e-03
-2.6508e-03
-1.9461e-03
-1.2408e-03
-5.6089e-04
1.1234e-04
8.2288e-04
1.5006e-03
2.0543e-03
2.4473e-03
2.7164e-03
2.8804e-03
2.9569e-03
2.9721e-03
2.9505e-03
2.9140e-03
2.8789e-03
2.8563e-03
2.8509e-03
2.8627e-03
2.8863e-03
2.9128e-03
2.9298e-03
2.9233e-03
2.8780e-03
2.7807e-03
2.6211e-03
2.3967e-03
2.1151e-03
1.7998e-03
1.4936e-03
1.2668e-03
1.1988e-03
1.2181e-03
1.2222e-03
1.2274e-03
1.1162e-03
8.8240e-04
5.9167e-04
3.1409e-04
3.1661e-05
-1.4155e-04
-1.9178e-04
-1.3418e-04
1.5656e-04
5.3066e-04
1.0255e-03
1.5787e-03
2.0347e-03
2.3796e-03
2.6047e-03
2.7004e-03
2.6714e-03
2.5386e-03
2.3340e-03
2.1030e-03
1.9080e-03
1.7983e-03
1.6491e-03
1.5173e-03
1.4634e-03
1.5135e-03
1.5425e-03
1.6111e-03
1.7610e-03
1.8332e-03
1.8731e-03
1.9217e-03
1.9919e-03
1.9364e-03
1.7900e-03
1.5902e-03
1.3680e-03
1.1980e-03
1.1728e-03
1.2967e-03
1.2989e-03
1.0775e-03
6.4634e-04
8.0186e-06
-7.7214e-04
-1.5508e-03
-2.1699e-03
-2.6133e-03
-2.9338e-03
-3.1045e-03
-3.2895e-03
-3.6325e-03
-4.0671e-03
-4.4610e-03
-4.8743e-03
-5.2130e-03
-5.4804e-03
-5.6874e-03
-5.8268e-03
-5.9135e-03
-5.9556e-03
-5.9698e-03
-5.9639e-03
-5.9487e-03
-5.9263e-03
-5.9001e-03
-5.8673e-03
-5.8339e-03
-5.8050e-03
-5.7827e-03
-5.7682e-03
-5.7673e-03
-5.7822e-03
-5.8177e-03
-5.8734e-03
-5.9487e-03
-6.0353e-03
-6.1212e-03
-6.1853e-03
-6.2021e-03
-6.1398e-03
-5.9765e-03
-5.6916e-03
-5.2720e-03
-4.7237e-03
-4.0837e-03
-3.4256e-03
-2.8804e-03
-2.6279e-03
-2.7903e-03
-3.2875e-03
-3.8899e-03
-4.4561e-03
-4.9915e-03
-5.4560e-03
-5.8171e-03
-6.0661e-03
-6.2033e-03
-6.2325e-03
-6.1556e-03
-5.9706e-03
-5.6738e-03
-5.2635e-03
-4.7493e-03
-4.1588e-03
-3.4967e-03
-2.7029e-03
-1.8951e-03
-1.1833e-03
-5.6787e-04
-1.0487e-04
1.7753e-04
3.9332e-04
6.1434e-04
8.3196e-04
1.1421e-03
1.4616e-03
1.7106e-03
1.9226e-03
2.0909e-03
2.2095e-03
2.2862e-03
2.3234e-03
2.3374e-03
2.3334e-03
2.3137e-03
2.2816e-03
2.2355e-03
2.1770e-03
2.1194e-03
2.0678e-03
2.0297e-03
2.0193e-03
2.0501e-03
2.1388e-03
2.2984e-03
2.5383e-03
2.8558e-03
3.2340e-03
3.6328e-03
3.9814e-03
4.1982e-03
4.3279e-03
4.2966e-03
4.1593e-03
4.0235e-03
3.8688e-03
3.8208e-03
3.8863e-03
4.0242e-03
4.1769e-03
4.2459e-03
4.2769e-03
4.3597e-03
4.5797e-03
4.8914e-03
5.1998e-03
5.4021e-03
5.5093e-03
5.5292e-03
5.3395e-03
5.1151e-03
5.0003e-03
4.9713e-03
4.9710e-03
5.0317e-03
5.1002e-03
5.0316e-03
4.9175e-03
4.8783e-03
4.8549e-03
4.7539e-03
4.5932e-03
4.3376e-03
4.0008e-03
3.6944e-03
3.4346e-03
3.1864e-03
2.9417e-03
2.8032e-03
2.8341e-03
3.0281e-03
3.3915e-03
3.9094e-03
4.5240e-03
5.1418e-03
5.6204e-03
5.7715e-03
5.5478e-03
5.0674e-03
4.4677e-03
3.9084e-03
3.3960e-03
2.9605e-03
2.6363e-03
2.4187e-03
2.2970e-03
2.2494e-03
2.2566e-03
2.2983e-03
2.3548e-03
2.4057e-03
2.4460e-03
2.4713e-03
2.4823e-03
2.4768e-03
2.4432e-03
2.3663e-03
2.2304e-03
2.0167e-03
1.7122e-03
1.3123e-03
8.3324e-04
3.1576e-04
-2.1960e-04
-8.2401e-04
-1.4212e-03
-2.0647e-03
-2.7934e-03
-3.6065e-03
-4.4223e-03
-5.0365e-03
-5.5077e-03
-5.8528e-03
-6.0698e-03
-6.1840e-03
-6.2192e-03
-6.2042e-03
-6.1609e-03
-6.1087e-03
-6.0589e-03
-6.0194e-03
-5.9921e-03
-5.9772e-03
-5.9717e-03
-5.9735e-03
-5.9791e-03
-5.9870e-03
-5.9956e-03
-6.0052e-03
-6.0157e-03
-6.0283e-03
-6.0430e-03
-6.0595e-03
-6.0759e-03
-6.0891e-03
-6.0942e-03
-6.0851e-03
-6.0549e-03
-5.9974e-03
-5.9075e-03
-5.7853e-03
-5.6484e-03
-5.5271e-03
-5.4507e-03
-5.4639e-03
-5.6087e-03
-5.7673e-03
-5.9163e-03
-6.0622e-03
-6.1867e-03
-6.2804e-03
-6.3333e-03
-6.3415e-03
-6.2988e-03
-6.2030e-03
-6.0510e-03
-5.8468e-03
-5.6000e-03
-5.3372e-03
-5.0863e-03
-4.7745e-03
-4.3820e-03
-3.9662e-03
-3.4875e-03
-2.9912e-03
-2.6205e-03
-2.4263e-03
-2.3984e-03
-2.4164e-03
-2.3657e-03
-2.1895e-03
-1.9298e-03
-1.5994e-03
-1.0801e-03
-4.0642e-04
2.6195e-04
8.2163e-04
1.1999e-03
1.4069e-03
1.4669e-03
1.4246e-03
1.3638e-03
1.3840e-03
1.5074e-03
1.6275e-03
1.6936e-03
1.7285e-03
1.7339e-03
1.7179e-03
1.7145e-03
1.7634e-03
1.8306e-03
1.8456e-03
1.8495e-03
1.8721e-03
1.9401e-03
2.0884e-03
2.2745e-03
2.4218e-03
2.5493e-03
2.6556e-03
2.7335e-03
2.7845e-03
2.8123e-03
2.8223e-03
2.8207e-03
2.8128e-03
2.8032e-03
2.7949e-03
2.7900e-03
2.7891e-03
2.7923e-03
2.7982e-03
2.8055e-03
2.8118e-03
2.8151e-03
2.8125e-03
2.8025e-03
2.7828e-03
2.7535e-03
2.7154e-03
2.6725e-03
2.6312e-03
2.5981e-03
2.5706e-03
2.5486e-03
2.5307e-03
2.5166e-03
2.5050e-03
2.4970e-03
2.4937e-03
2.4990e-03
2.5164e-03
2.5513e-03
2.6075e-03
2.6881e-03
2.7917e-03
2.9133e-03
3.0393e-03
3.1489e-03
3.2096e-03
3.1814e-03
3.0741e-03
3.0089e-03
2.9717e-03
2.9631e-03
2.9946e-03
3.0562e-03
3.1294e-03
3.1792e-03
3.1629e-03
3.0853e-03
3.0628e-03
3.0744e-03
3.1134e-03
3.1815e-03
3.2569e-03
3.3078e-03
3.2802e-03
3.1390e-03
3.0273e-03
2.9203e-03
2.8075e-03
2.7064e-03
2.6145e-03
2.5368e-03
2.4699e-03
2.4194e-03
2.3870e-03
2.3694e-03
2.3607e-03
2.3610e-03
2.3656e-03
2.3747e-03
2.3847e-03
2.3965e-03
2.4074e-03
2.4182e-03
2.4261e-03
2.4310e-03
2.4293e-03
2.4203e-03
2.4000e-03
2.3684e-03
2.3237e-03
2.2697e-03
2.2106e-03
2.1572e-03
2.1065e-03
2.0620e-03
2.0251e-03
2.0011e-03
1.9930e-03
2.0069e-03
2.0306e-03
2.0545e-03
2.0761e-03
2.0926e-03
2.0825e-03
2.0288e-03
1.9106e-03
1.7138e-03
1.4272e-03
1.0579e-03
6.2843e-04
1.9185e-04
-1.6625e-04
-3.4207e-04
-3.4744e-04
-1.0457e-04
1.9915e-04
5.4614e-04
8.2436e-04
9.8621e-04
1.0420e-03
9.9810e-04
9.0805e-04
8.2668e-04
6.8713e-04
5.4109e-04
4.6680e-04
3.7960e-04
3.2923e-04
3.8166e-04
4.5074e-04
5.7455e-04
8.1052e-04
1.0556e-03
1.3034e-03
1.4195e-03
1.3554e-03
1.1029e-03
6.5263e-04
1.4599e-04
-5.3841e-04
-1.1514e-03
-1.6658e-03
-2.0655e-03
-2.3369e-03
-2.6296e-03
-2.9749e-03
-3.2091e-03
-3.2814e-03
-3.2957e-03
-3.3550e-03
-3.4369e-03
-3.6452e-03
-3.9642e-03
-4.3045e-03
-4.5421e-03
-4.5062e-03
-4.1523e-03
-3.4748e-03
-2.5123e-03
-1.3907e-03
-3.1045e-04
5.8233e-04
1.2647e-03
1.7649e-03
2.1311e-03
2.4287e-03
2.6231e-03
2.7114e-03
2.7471e-03
2.7534e-03
2.7473e-03
2.7407e-03
2.7421e-03
2.7536e-03
2.7741e-03
2.7978e-03
2.8262e-03
2.8539e-03
2.8721e-03
2.8788e-03
2.8801e-03
2.8807e-03
2.8818e-03
2.8865e-03
2.8964e-03
2.9037e-03
2.9098e-03
2.9174e-03
2.9300e-03
2.9406e-03
2.9479e-03
2.9523e-03
2.9555e-03
2.9568e-03
2.9587e-03
2.9603e-03
2.9637e-03
2.9665e-03
2.9686e-03
2.9649e-03
2.9521e-03
2.9219e-03
2.8686e-03
2.7829e-03
2.6613e-03
2.5008e-03
2.3096e-03
2.1071e-03
1.9116e-03
1.6036e-03
1.1868e-03
7.1564e-04
2.4496e-04
-2.6500e-04
-7.1662e-04
-1.0988e-03
-1.4344e-03
-1.7010e-03
-1.7463e-03
-1.6790e-03
-1.6819e-03
-1.7933e-03
-2.0581e-03
-2.4905e-03
-2.9390e-03
-3.4462e-03
-3.9621e-03
-4.4892e-03
-4.9305e-03
-5.2678e-03
-5.5234e-03
-5.6916e-03
-5.7820e-03
-5.8047e-03
-5.7773e-03
-5.7057e-03
-5.5868e-03
-5.4076e-03
-5.1694e-03
-4.8767e-03
-4.5538e-03
-4.2234e-03
-3.7899e-03
-3.2868e-03
-2.7926e-03
-2.2634e-03
-1.8252e-03
-1.6511e-03
-1.6134e-03
-1.5345e-03
-1.5366e-03
-1.7494e-03
-2.0321e-03
-2.4690e-03
-2.8945e-03
-3.0243e-03
-2.8554e-03
-2.4290e-03
-1.8338e-03
-1.2301e-03
-6.9290e-04
-1.5483e-04
3.2443e-04
6.5671e-04
7.7124e-04
7.4884e-04
7.0218e-04
6.0264e-04
4.3367e-04
3.5003e-04
3.4606e-04
3.7276e-04
4.0421e-04
5.6210e-04
7.8143e-04
1.0048e-03
1.3459e-03
1.7037e-03
1.9809e-03
2.2500e-03
2.5377e-03
2.7008e-03
2.7752e-03
2.8018e-03
2.8106e-03
2.8603e-03
2.9904e-03
3.0771e-03
3.1488e-03
3.2182e-03
3.2708e-03
3.3087e-03
3.3275e-03
3.3307e-03
3.3170e-03
3.2899e-03
3.2488e-03
3.1976e-03
3.1374e-03
3.0742e-03
3.0136e-03
2.9655e-03
2.9272e-03
2.8990e-03
2.8792e-03
2.8663e-03
2.8567e-03
2.8476e-03
2.8352e-03
2.8171e-03
2.7902e-03
2.7537e-03
2.7072e-03
2.6531e-03
2.5954e-03
2.5416e-03
2.5017e-03
2.4881e-03
2.5014e-03
2.5415e-03
2.6043e-03
2.6797e-03
2.7501e-03
2.7913e-03
2.7680e-03
2.6580e-03
2.5648e-03
2.4741e-03
2.3817e-03
2.3017e-03
2.2338e-03
2.1809e-03
2.1393e-03
2.1091e-03
2.0868e-03
2.0736e-03
2.0689e-03
2.0755e-03
2.0941e-03
2.1269e-03
2.1713e-03
2.2226e-03
2.2723e-03
2.3168e-03
2.3453e-03
2.3442e-03
2.2949e-03
2.1779e-03
1.9735e-03
1.6689e-03
1.2628e-03
7.7419e-04
1.9993e-04
-5.1890e-04
-1.2856e-03
-2.0020e-03
-2.6018e-03
-2.9180e-03
-3.0105e-03
-2.9408e-03
-2.7910e-03
-2.6998e-03
-2.7860e-03
-3.0072e-03
-3.2502e-03
-3.5591e-03
-3.8390e-03
-4.0841e-03
-4.2927e-03
-4.4497e-03
-4.5579e-03
-4.6159e-03
-4.6276e-03
-4.5906e-03
-4.5043e-03
-4.3631e-03
-4.1661e-03
-3.9137e-03
-3.6184e-03
-3.3030e-03
-3.0114e-03
-2.8066e-03
-2.7765e-03
-2.9777e-03
-3.3035e-03
-3.5836e-03
-3.8447e-03
-4.0720e-03
-4.2415e-03
-4.3508e-03
-4.4039e-03
-4.4120e-03
-4.3878e-03
-4.3437e-03
-4.2907e-03
-4.2366e-03
-4.1872e-03
-4.1451e-03
-4.1116e-03
-4.0856e-03
-4.0664e-03
-4.0515e-03
-4.0397e-03
-4.0283e-03
-4.0163e-03
-4.0012e-03
-3.9821e-03
-3.9565e-03
-3.9238e-03
-3.8819e-03
-3.8313e-03
-3.7718e-03
-3.7072e-03
-3.6421e-03
-3.5828e-03
-3.5284e-03
-3.4816e-03
-3.4435e-03
-3.4170e-03
-3.4028e-03
-3.4030e-03
-3.4163e-03
-3.4410e-03
-3.4703e-03
-3.4952e-03
-3.4999e-03
-3.4665e-03
-3.3717e-03
-3.1942e-03
-2.9134e-03
-2.5208e-03
-2.0216e-03
-1.4494e-03
-8.6782e-04
-3.4393e-04
1.3195e-04
5.4231e-04
8.5887e-04
1.0863e-03
1.2972e-03
1.4810e-03
1.6896e-03
1.8989e-03
2.1515e-03
2.3567e-03
2.5189e-03
2.6357e-03
2.6782e-03
2.6302e-03
2.4697e-03
2.1860e-03
1.7749e-03
1.2548e-03
6.7573e-04
1.1569e-04
-3.0662e-04
-4.3846e-04
-2.3326e-04
2.2684e-04
8.1016e-04
1.3373e-03
1.8084e-03
2.1952e-03
2.4713e-03
2.6418e-03
2.7170e-03
2.7198e-03
2.6701e-03
2.5891e-03
2.4912e-03
2.3887e-03
2.2875e-03
2.1923e-03
2.1045e-03
2.0270e-03
1.9623e-03
1.9166e-03
1.8974e-03
1.9193e-03
1.9812e-03
1.9706e-03
1.8793e-03
1.6944e-03
1.3952e-03
9.8956e-04
5.0420e-04
4.4717e-06
-4.1893e-04
-7.4576e-04
-1.0575e-03
-1.3550e-03
-1.6255e-03
-1.8514e-03
-2.0021e-03
-2.1282e-03
-2.2838e-03
-2.4354e-03
-2.6082e-03
-2.7529e-03
-2.8660e-03
-2.9572e-03
-3.0214e-03
-3.0576e-03
-3.0694e-03
-3.0631e-03
-3.0433e-03
-3.0151e-03
-2.9823e-03
-2.9482e-03
-2.9148e-03
-2.8832e-03
-2.8538e-03
-2.8266e-03
-2.8010e-03
-2.7765e-03
-2.7525e-03
-2.7286e-03
-2.7042e-03
-2.6794e-03
-2.6538e-03
-2.6277e-03
-2.6012e-03
-2.5744e-03
-2.5476e-03
-2.5211e-03
-2.4950e-03
-2.4695e-03
-2.4446e-03
-2.4202e-03
-2.3959e-03
-2.3713e-03
-2.3454e-03
-2.3176e-03
-2.2866e-03
-2.2518e-03
-2.2123e-03
-2.1682e-03
-2.1202e-03
-2.0706e-03
-2.0228e-03
-1.9792e-03
-1.9388e-03
-1.9016e-03
-1.8673e-03
-1.8358e-03
-1.8068e-03
-1.7804e-03
-1.7568e-03
-1.7366e-03
-1.7197e-03
-1.7063e-03
-1.6951e-03
-1.6846e-03
-1.6712e-03
-1.6507e-03
-1.6174e-03
-1.5656e-03
-1.4892e-03
-1.3845e-03
-1.2502e-03
-1.0909e-03
-9.1780e-04
-7.5194e-04
-6.2394e-04
-5.4967e-04
-5.0418e-04
-5.2437e-04
-5.5460e-04
-5.3391e-04
-4.8580e-04
-4.2100e-04
-2.8546e-04
-1.2303e-04
1.2661e-05
1.5515e-04
3.8812e-04
6.3136e-04
8.1521e-04
1.0147e-03
1.2117e-03
1.3694e-03
1.4486e-03
1.3991e-03
1.2261e-03
9.5400e-04
6.2594e-04
3.1174e-04
4.0627e-05
-2.0158e-04
-4.0505e-04
-5.7537e-04
-7.0913e-04
-8.0854e-04
-8.6020e-04
-8.5756e-04
-8.1515e-04
-7.4045e-04
-6.4628e-04
-5.4726e-04
-4.3241e-04
-2.8373e-04
-1.2959e-04
-1.7819e-06
5.9404e-05
3.2056e-05
-6.8776e-05
-2.1828e-04
-3.7331e-04
-4.9077e-04
-5.6574e-04
-5.8748e-04
-5.4924e-04
-4.5283e-04
-3.0393e-04
-1.1638e-04
8.7502e-05
2.7605e-04
4.0564e-04
4.2784e-04
3.5745e-04
2.7211e-04
2.0210e-04
1.4071e-04
8.9848e-05
5.1856e-05
7.3146e-05
1.5066e-04
2.6875e-04
4.0975e-04
5.4542e-04
6.8452e-04
8.4425e-04
1.0371e-03
1.2356e-03
1.4379e-03
1.6408e-03
1.8263e-03
1.9701e-03
2.0687e-03
2.1313e-03
2.1638e-03
2.1734e-03
2.1683e-03
2.1552e-03
2.1387e-03
2.1207e-03
2.0997e-03
2.0720e-03
2.0331e-03
1.9799e-03
1.9098e-03
1.8224e-03
1.7214e-03
1.6148e-03
1.5169e-03
1.4483e-03
1.4357e-03
1.4850e-03
1.5439e-03
1.5953e-03
1.6421e-03
1.6755e-03
1.6920e-03
1.6913e-03
1.6759e-03
1.6498e-03
1.6185e-03
1.5843e-03
1.5501e-03
1.5177e-03
1.4883e-03
1.4620e-03
1.4389e-03
1.4186e-03
1.4005e-03
1.3839e-03
1.3682e-03
1.3524e-03
1.3359e-03
1.3175e-03
1.2965e-03
1.2718e-03
1.2428e-03
1.2090e-03
1.1708e-03
1.1291e-03
1.0863e-03
1.0461e-03
1.0136e-03
9.9454e-04
9.9410e-04
9.9923e-04
9.9905e-04
9.9432e-04
9.8265e-04
9.6181e-04
9.3081e-04
8.8903e-04
8.3894e-04
7.8507e-04
7.2294e-04
6.4401e-04
5.5762e-04
4.7650e-04
4.1057e-04
3.5845e-04
3.2132e-04
2.9336e-04
2.6185e-04
2.4323e-04
2.3823e-04
2.4647e-04
2.5249e-04
2.5954e-04
2.6645e-04
2.5437e-04
2.4389e-04
2.3676e-04
2.3414e-04
2.2342e-04
2.0576e-04
1.8586e-04
1.6518e-04
1.3511e-04
9.9427e-05
6.6259e-05
3.2253e-05
7.2222e-06
-8.2510e-06
-1.6110e-05
-1.6970e-05
-1.2369e-05
-3.9780e-06
6.4472e-06
1.7514e-05
2.8169e-05
3.7877e-05
4.6523e-05
5.4471e-05
6.2380e-05
7.0774e-05
8.0144e-05
9.1520e-05
1.0531e-04
1.2107e-04
1.3796e-04
1.5487e-04
1.7006e-04
1.8099e-04
1.8521e-04
1.8333e-04
1.8214e-04
1.8090e-04
1.7988e-04
1.8038e-04
1.8278e-04
1.8757e-04
1.9471e-04
2.0421e-04
2.1561e-04
2.2835e-04
2.4136e-04
2.5332e-04
2.6232e-04
2.6626e-04
2.6309e-04
2.5164e-04
2.3842e-04
2.3145e-04
2.2835e-04
2.3070e-04
2.3574e-04
2.4342e-04
2.5441e-04
2.6834e-04
2.8531e-04
3.0470e-04
3.2569e-04
3.4662e-04
3.6475e-04
3.7594e-04
3.7524e-04
3.6205e-04
3.4184e-04
3.2177e-04
3.0382e-04
2.8841e-04
2.7659e-04
2.6866e-04
2.6432e-04
2.6291e-04
2.6363e-04
2.6567e-04
2.6827e-04
2.7076e-04
2.7253e-04
2.7292e-04
2.7158e-04
2.7045e-04
2.7074e-04
2.7228e-04
2.7490e-04
2.7802e-04
2.8055e-04
2.8095e-04
2.7918e-04
2.7627e-04
2.7345e-04
2.7196e-04
2.7157e-04
2.7238e-04
2.7356e-04
2.7413e-04
2.7379e-04
2.7309e-04
2.7196e-04
2.7071e-04
2.6924e-04
2.6611e-04
2.6060e-04
2.5269e-04
2.4213e-04
2.2964e-04
2.1651e-04
2.0340e-04
1.9138e-04
1.8114e-04
1.7254e-04
1.6544e-04
1.5958e-04
1.5464e-04
1.5033e-04
1.4635e-04
1.4240e-04
1.3821e-04
1.3356e-04
1.2825e-04
1.2268e-04
1.1742e-04
1.1252e-04
1.0809e-04
1.0416e-04
1.0030e-04
9.5846e-05
9.0917e-05
8.5975e-05
8.1116e-05
7.5899e-05
7.0190e-05
6.4341e-05
5.8307e-05
5.2312e-05
4.6836e-05
4.1535e-05
3.6480e-05
3.2296e-05
2.8792e-05
2.5840e-05
2.3339e-05
2.1071e-05
1.8774e-05
1.6110e-05
1.2920e-05
9.5399e-06
6.1311e-06
2.5750e-06
-8.7722e-07
-4.3812e-06
-7.9275e-06
-1.1534e-05
-1.5216e-05
-1.8818e-05
-2.2263e-05
-2.5615e-05
-2.8922e-05
-3.2207e-05
-3.5441e-05
-3.8691e-05
-4.1915e-05
-4.5075e-05
-4.8175e-05
-5.1272e-05
-5.4340e-05
-5.7367e-05
-6.0353e-05
-6.3293e-05
-6.6182e-05
-6.9016e-05
-7.1791e-05
-7.4498e-05
-7.7129e-05
-7.9673e-05
-8.2119e-05
-8.4468e-05
-8.6728e-05
-8.8884e-05
-9.0959e-05
-9.2965e-05
-9.4906e-05
-9.6787e-05
-9.8616e-05
-1.0039e-04
-1.0212e-04
-1.0378e-04
-1.0538e-04
-1.0693e-04
-1.0842e-04
-1.0985e-04
-1.1122e-04
-1.1253e-04
-1.1377e-04
-1.1496e-04
-1.1608e-04
-1.1715e-04
-1.1815e-04
-1.1910e-04
-1.1998e-04
-1.2081e-04
-1.2158e-04
-1.2229e-04
-1.2294e-04
-1.2354e-04
-1.2408e-04
-1.2457e-04
-1.2499e-04
-1.2537e-04
-1.2569e-04
-1.2596e-04
-1.2618e-04
-1.2634e-04
-1.2645e-04
-1.2651e-04
-1.2652e-04
-1.2648e-04
-1.2639e-04
-1.2625e-04
-1.2607e-04
