-1.2536e-04
-1.2467e-04
-1.2447e-04
-1.2381e-04
-1.2384e-04
-1.2369e-04
-1.2442e-04
-1.2465e-04
-1.2566e-04
-1.2695e-04
-1.2971e-04
-1.3194e-04
-1.3447e-04
-1.3621e-04
-1.3762e-04
-1.3676e-04
-1.3442e-04
-1.3133e-04
-1.2840e-04
-1.2418e-04
-1.2228e-04
-1.1929e-04
-1.1199e-04
-9.7245e-05
-8.1600e-05
-7.0622e-05
-6.5002e-05
-6.0776e-05
-5.6794e-05
-5.0985e-05
-4.6318e-05
-4.5300e-05
-5.2581e-05
-6.4708e-05
-6.9579e-05
-6.0445e-05
-4.1380e-05
-2.0461e-05
2.9607e-06
3.7119e-05
7.2396e-05
1.0983e-04
1.3661e-04
1.5543e-04
1.7023e-04
1.8252e-04
1.8642e-04
1.7756e-04
1.5669e-04
1.4785e-04
1.5288e-04
1.6515e-04
1.7197e-04
1.6155e-04
1.2708e-04
8.5677e-05
3.2601e-05
-2.6563e-05
-1.0367e-04
-1.8964e-04
-2.7254e-04
-3.6806e-04
-4.5988e-04
-5.2997e-04
-5.9782e-04
-6.6872e-04
-7.0435e-04
-6.9314e-04
-6.5357e-04
-6.3033e-04
-6.3010e-04
-6.2494e-04
-5.9656e-04
-5.4035e-04
-5.0815e-04
-5.0477e-04
-5.1584e-04
-5.1683e-04
-4.8554e-04
-4.1583e-04
-3.4855e-04
-2.7447e-04
-1.8640e-04
-1.3182e-04
-1.1293e-04
-1.1170e-04
-1.2326e-04
-1.3524e-04
-1.4075e-04
-1.1698e-04
-4.9509e-05
5.8196e-05
1.3306e-04
1.7206e-04
1.9160e-04
1.9713e-04
1.7297e-04
9.8051e-05
-2.5723e-05
-1.1465e-04
-1.5080e-04
-1.3321e-04
-5.2474e-05
8.2165e-05
2.0508e-04
3.3477e-04
4.9198e-04
5.9958e-04
6.4724e-04
6.3939e-04
5.5841e-04
4.1665e-04
2.8392e-04
1.4932e-04
-1.1799e-05
-1.0369e-04
-1.3629e-04
-1.3941e-04
-1.4185e-04
-1.4914e-04
-1.5421e-04
-1.1720e-04
-1.3351e-05
1.5549e-04
2.7594e-04
3.7704e-04
5.1925e-04
7.1031e-04
8.1316e-04
8.0611e-04
7.2652e-04
6.6469e-04
4.9482e-04
2.7457e-04
5.4432e-05
-7.4849e-05
-1.4444e-04
-2.7969e-04
-5.3551e-04
-8.3670e-04
-1.1465e-03
-1.3501e-03
-1.4196e-03
-1.3812e-03
-1.2149e-03
-9.7125e-04
-8.1087e-04
-7.6511e-04
-7.7919e-04
-8.2565e-04
-8.4975e-04
-8.1330e-04
-6.6636e-04
-4.2501e-04
-2.1254e-04
1.3147e-05
3.4562e-04
6.9028e-04
1.0575e-03
1.3363e-03
1.5275e-03
1.6356e-03
1.5301e-03
1.4251e-03
1.4061e-03
1.4251e-03
1.4070e-03
1.2345e-03
8.7527e-04
4.8732e-04
1.3221e-04
-7.2885e-05
-2.0134e-04
-4.3096e-04
-7.6718e-04
-9.9973e-04
-1.0140e-03
-8.1843e-04
-4.6071e-04
-2.2568e-04
-1.3983e-04
-1.4409e-04
-1.6787e-04
-1.6847e-04
-1.3636e-04
-1.1973e-04
-1.9195e-04
-4.3111e-04
-7.9887e-04
-1.0515e-03
-1.1473e-03
-1.1766e-03
-1.1786e-03
-1.1974e-03
-1.1857e-03
-1.0974e-03
-8.7574e-04
-6.1407e-04
-5.5191e-04
-6.0727e-04
-3.7458e-04
6.1033e-06
4.5521e-04
7.5107e-04
9.4761e-04
1.2203e-03
1.6058e-03
1.8747e-03
2.0092e-03
2.0840e-03
2.1125e-03
2.0481e-03
1.7856e-03
1.2812e-03
7.4660e-04
2.2416e-04
-1.4934e-04
-4.8266e-04
-9.3331e-04
-1.3397e-03
-1.7594e-03
-2.1621e-03
-2.2013e-03
-1.8805e-03
-1.5205e-03
-1.1076e-03
-5.4618e-04
5.4855e-06
6.1638e-04
1.2047e-03
1.8727e-03
2.6015e-03
3.4553e-03
4.2661e-03
4.8067e-03
5.2982e-03
5.8425e-03
6.1996e-03
6.2622e-03
6.0234e-03
5.4551e-03
4.8371e-03
4.1421e-03
3.4984e-03
2.8198e-03
2.1994e-03
1.6074e-03
1.1535e-03
7.5064e-04
2.7259e-04
-2.2915e-05
-2.5736e-04
-6.1993e-04
-1.1376e-03
-1.4850e-03
-1.6182e-03
-1.6340e-03
-1.5971e-03
-1.5824e-03
-1.6116e-03
-1.6780e-03
-1.7139e-03
-1.6078e-03
-1.2492e-03
-6.8539e-04
-2.9394e-04
-1.4416e-04
-1.3523e-04
-2.2100e-04
-3.0867e-04
-3.3357e-04
-1.6254e-04
2.6878e-04
8.6309e-04
1.1062e-03
8.7167e-04
3.4098e-04
-3.4596e-06
-1.0833e-04
-2.4409e-04
-7.0105e-04
-1.6088e-03
-2.5371e-03
-3.0776e-03
-3.3851e-03
-3.7536e-03
-4.2819e-03
-4.6595e-03
-4.8441e-03
-4.9348e-03
-4.9335e-03
-4.8144e-03
-4.4699e-03
-3.9230e-03
-3.4475e-03
-2.9617e-03
-2.2611e-03
-1.5478e-03
-7.2184e-04
6.9200e-05
9.0462e-04
1.6592e-03
2.3679e-03
2.9220e-03
3.4410e-03
4.0683e-03
4.4363e-03
4.5726e-03
4.5937e-03
4.6059e-03
4.6489e-03
4.6880e-03
4.5762e-03
4.1787e-03
3.4821e-03
2.8770e-03
2.4153e-03
2.1099e-03
1.3973e-03
3.8765e-04
-4.8795e-04
-1.2695e-03
-1.7095e-03
-2.0151e-03
-2.4264e-03
-2.8810e-03
-2.8822e-03
-2.4232e-03
-2.0374e-03
-1.8400e-03
-1.7568e-03
-1.7328e-03
-1.7461e-03
-1.9048e-03
-2.3164e-03
-2.9460e-03
-3.3565e-03
-3.5025e-03
-3.5222e-03
-3.5183e-03
-3.5583e-03
-3.5881e-03
-3.4657e-03
-3.0400e-03
-2.3530e-03
-1.8674e-03
-1.7315e-03
-1.9218e-03
-2.4032e-03
-2.8909e-03
-2.8470e-03
-2.3273e-03
-2.0692e-03
-2.3182e-03
-2.9417e-03
-3.3035e-03
-3.1507e-03
-2.5727e-03
-1.9770e-03
-1.3813e-03
-6.9489e-04
-2.0267e-04
1.6681e-04
4.9608e-04
6.0487e-04
9.3217e-04
1.3602e-03
1.8840e-03
2.5721e-03
2.9815e-03
3.1273e-03
3.1193e-03
3.0697e-03
3.0433e-03
3.0798e-03
3.1474e-03
3.1847e-03
3.0481e-03
2.6339e-03
1.9859e-03
1.5556e-03
1.3948e-03
1.3833e-03
1.4291e-03
1.4572e-03
1.4528e-03
1.4327e-03
1.4247e-03
1.4555e-03
1.5129e-03
1.5406e-03
1.4087e-03
1.0068e-03
3.7470e-04
-5.9813e-05
-2.5751e-04
-3.3304e-04
-3.1036e-04
-1.4129e-04
2.7955e-04
9.0398e-04
1.3180e-03
1.4751e-03
1.5205e-03
1.5211e-03
1.5108e-03
1.3893e-03
1.0486e-03
4.7507e-04
-2.7286e-05
-5.8022e-04
-1.3778e-03
-2.1816e-03
-2.9530e-03
-3.3956e-03
-3.5210e-03
-3.5232e-03
-3.4734e-03
-3.4489e-03
-3.4301e-03
-3.4327e-03
-3.4443e-03
-3.4982e-03
-3.5634e-03
-3.5858e-03
-3.4080e-03
-2.9395e-03
-2.2730e-03
-1.9808e-03
-2.2205e-03
-2.8284e-03
-3.2932e-03
-3.5139e-03
-3.6149e-03
-3.6338e-03
-3.5039e-03
-3.0116e-03
-2.0404e-03
-9.0618e-04
1.3523e-04
1.2871e-03
2.4523e-03
3.5267e-03
4.7255e-03
5.7642e-03
6.2895e-03
6.4380e-03
6.4397e-03
6.4291e-03
6.4441e-03
6.3619e-03
6.0246e-03
5.3396e-03
4.5700e-03
3.6532e-03
2.6855e-03
1.5709e-03
5.3554e-04
-1.3893e-04
-7.1254e-04
-1.3295e-03
-1.7051e-03
-1.8356e-03
-1.8540e-03
-1.8110e-03
-1.7838e-03
-1.7830e-03
-1.8314e-03
-1.8942e-03
-1.9127e-03
-1.7557e-03
-1.3315e-03
-7.1260e-04
-3.4785e-04
-2.4903e-04
-1.5086e-04
2.0552e-04
9.6636e-04
1.8010e-03
2.5791e-03
2.9826e-03
3.0867e-03
3.2143e-03
3.5618e-03
4.1498e-03
4.5506e-03
4.7496e-03
4.9287e-03
5.1812e-03
5.4256e-03
5.2584e-03
4.9383e-03
4.4664e-03
3.6784e-03
2.7738e-03
1.6368e-03
4.8624e-04
-4.5245e-04
-1.3854e-03
-2.2070e-03
-2.9490e-03
-3.3682e-03
-3.4744e-03
-3.4607e-03
-3.4085e-03
-3.4246e-03
-3.5022e-03
-3.5899e-03
-3.4969e-03
-3.0024e-03
-2.0002e-03
-8.7461e-04
6.4521e-05
9.9388e-04
1.9191e-03
2.9996e-03
4.0275e-03
4.7005e-03
5.2778e-03
5.8999e-03
6.3082e-03
6.4847e-03
6.5246e-03
6.3553e-03
5.9544e-03
5.3507e-03
4.9504e-03
4.6774e-03
4.3045e-03
3.7478e-03
3.2626e-03
2.7407e-03
2.0013e-03
1.2493e-03
3.9513e-04
-4.4411e-04
-1.3472e-03
-2.1893e-03
-2.9180e-03
-3.3260e-03
-3.4362e-03
-3.5462e-03
-3.7440e-03
-4.0906e-03
-4.2780e-03
-4.6711e-03
-4.9848e-03
-5.1351e-03
-5.1747e-03
-5.0419e-03
-4.6734e-03
-4.0918e-03
-3.5855e-03
-3.0376e-03
-2.2273e-03
-1.4178e-03
-6.4505e-04
-2.4590e-04
-1.7623e-04
-2.0012e-04
-9.4233e-05
3.0538e-04
9.3516e-04
1.3286e-03
1.4419e-03
1.4719e-03
1.6246e-03
2.0329e-03
2.5323e-03
2.5576e-03
2.0829e-03
1.6640e-03
1.4517e-03
1.4078e-03
1.4776e-03
1.5603e-03
1.5831e-03
1.4338e-03
1.0512e-03
4.9192e-04
1.3520e-04
-1.4923e-04
-7.1113e-04
-1.6882e-03
-2.6724e-03
-3.2372e-03
-3.5624e-03
-3.9562e-03
-4.5137e-03
-4.8959e-03
-5.0575e-03
-5.1345e-03
-5.1633e-03
-5.1655e-03
-5.0044e-03
-4.5850e-03
-3.9378e-03
-3.5370e-03
-3.4261e-03
-3.4616e-03
-3.4237e-03
-3.0932e-03
-2.3687e-03
-1.5425e-03
-6.1939e-04
1.9975e-04
9.4174e-04
1.4812e-03
1.9581e-03
2.5424e-03
2.9411e-03
3.2745e-03
3.7190e-03
4.1856e-03
4.2066e-03
3.7798e-03
3.4256e-03
3.1339e-03
2.6957e-03
1.9766e-03
1.2301e-03
4.9357e-04
-4.6415e-05
-5.6230e-04
-1.3075e-03
-2.0529e-03
-2.8092e-03
-3.3717e-03
-3.8678e-03
-4.4812e-03
-4.9609e-03
-5.4525e-03
-6.0773e-03
-6.6148e-03
-7.1742e-03
-7.8575e-03
-8.2718e-03
-8.3988e-03
-8.2860e-03
-7.9937e-03
-7.6420e-03
-7.5214e-03
-7.2256e-03
-6.8259e-03
-6.2046e-03
-5.1781e-03
-4.1844e-03
-3.5165e-03
-2.9456e-03
-2.1862e-03
-1.4363e-03
-7.1604e-04
-2.9383e-04
-6.0216e-05
2.9801e-04
8.6669e-04
1.4193e-03
1.9903e-03
2.6621e-03
3.0390e-03
3.1661e-03
3.1733e-03
3.1836e-03
3.2211e-03
3.2470e-03
3.0937e-03
2.6656e-03
2.0173e-03
1.6865e-03
1.7655e-03
2.1188e-03
2.3805e-03
2.8175e-03
3.1256e-03
3.1709e-03
3.0302e-03
2.7533e-03
2.5636e-03
2.7934e-03
2.9603e-03
2.7408e-03
2.1928e-03
1.6403e-03
1.1000e-03
4.4273e-04
-7.4000e-05
-6.0482e-04
-1.2354e-03
-1.6348e-03
-1.8114e-03
-1.8924e-03
-1.8822e-03
-1.7209e-03
-1.2896e-03
-6.4501e-04
-2.1852e-04
-8.9173e-05
-1.2097e-04
-1.9462e-04
-1.1691e-04
2.4076e-04
8.8056e-04
1.4557e-03
2.0028e-03
2.6046e-03
2.9647e-03
3.2264e-03
3.6383e-03
4.2349e-03
4.6515e-03
4.8491e-03
4.9364e-03
4.9186e-03
4.7441e-03
4.3108e-03
3.6831e-03
3.2946e-03
3.1897e-03
3.1797e-03
3.0783e-03
2.7150e-03
2.1454e-03
1.7637e-03
1.5169e-03
1.0990e-03
3.6673e-04
-4.4576e-04
-1.2233e-03
-1.6733e-03
-1.7991e-03
-1.8357e-03
-1.8387e-03
-1.8427e-03
-1.6894e-03
-1.2832e-03
-6.4655e-04
-2.5406e-04
-1.3742e-04
-1.4249e-04
-5.6840e-05
2.9018e-04
8.9265e-04
1.3518e-03
1.6802e-03
2.0062e-03
2.2501e-03
2.0592e-03
1.6885e-03
1.1613e-03
3.5104e-04
-4.2061e-04
-1.1658e-03
-1.6882e-03
-2.1672e-03
-2.8085e-03
-3.3836e-03
-3.9541e-03
-4.4818e-03
-4.4915e-03
-4.0363e-03
-3.6312e-03
-3.3185e-03
-2.9136e-03
-2.3673e-03
-1.8975e-03
-1.3968e-03
-6.3701e-04
1.5585e-04
1.0703e-03
1.8812e-03
2.5938e-03
3.0074e-03
3.2886e-03
3.7093e-03
4.2615e-03
4.5170e-03
4.4409e-03
4.3053e-03
4.5005e-03
4.5973e-03
4.3032e-03
3.7325e-03
3.3204e-03
3.1969e-03
3.1853e-03
3.1201e-03
2.7785e-03
2.1705e-03
1.6171e-03
1.1001e-03
4.8850e-04
1.8945e-05
-5.1380e-04
-1.2955e-03
-2.0787e-03
-2.8066e-03
-3.2352e-03
-3.4808e-03
-3.8600e-03
-4.4145e-03
-4.8522e-03
-5.1637e-03
-5.5018e-03
-5.7386e-03
-5.5526e-03
-5.1780e-03
-4.6839e-03
-3.9048e-03
-3.1478e-03
-2.2803e-03
-1.4633e-03
-5.5683e-04
2.7397e-04
1.0314e-03
1.4487e-03
1.5695e-03
1.5791e-03
1.5678e-03
1.5700e-03
1.5407e-03
1.4006e-03
1.1440e-03
9.1462e-04
1.0875e-03
1.2941e-03
1.4125e-03
1.6144e-03
2.0187e-03
2.6407e-03
3.0496e-03
3.1979e-03
3.2084e-03
3.1746e-03
3.1874e-03
3.2399e-03
3.2680e-03
3.1228e-03
2.7001e-03
2.0628e-03
1.6793e-03
1.5889e-03
1.5948e-03
1.4654e-03
1.0186e-03
3.5604e-04
5.0530e-05
3.0042e-04
9.3108e-04
1.4221e-03
1.6104e-03
1.6047e-03
1.4885e-03
1.4280e-03
1.5466e-03
1.9707e-03
2.6137e-03
3.0566e-03
3.2277e-03
3.2807e-03
3.2519e-03
3.1908e-03
3.0155e-03
2.7531e-03
2.5302e-03
2.7520e-03
3.0189e-03
3.1669e-03
3.2241e-03
3.2085e-03
3.1731e-03
3.1499e-03
3.1512e-03
3.1917e-03
3.2452e-03
3.2659e-03
3.1290e-03
2.7473e-03
2.1490e-03
1.7342e-03
1.4373e-03
1.0463e-03
5.0592e-04
1.2894e-04
-1.7090e-04
-6.1394e-04
-1.2160e-03
-1.5947e-03
-1.7222e-03
-1.7557e-03
-1.8433e-03
-2.0826e-03
-2.4064e-03
-2.4909e-03
-2.6490e-03
-2.7392e-03
-2.9126e-03
-2.8133e-03
-2.2982e-03
-1.9176e-03
-1.6927e-03
-1.6023e-03
-1.6025e-03
-1.7774e-03
-2.2022e-03
-2.8492e-03
-3.2748e-03
-3.4318e-03
-3.4305e-03
-3.3578e-03
-3.3088e-03
-3.3424e-03
-3.5111e-03
-3.7848e-03
-3.9951e-03
-3.7761e-03
-3.5369e-03
-3.4778e-03
-3.4864e-03
-3.3949e-03
-2.8995e-03
-1.9233e-03
-8.7045e-04
-1.3721e-04
4.6875e-04
1.0831e-03
1.4384e-03
1.5444e-03
1.5544e-03
1.5276e-03
1.5524e-03
1.6053e-03
1.6407e-03
1.5062e-03
1.0994e-03
4.5425e-04
2.1985e-05
-1.5118e-04
-1.7693e-04
-1.3429e-04
-7.6988e-05
-2.1496e-05
-2.8271e-06
-1.1605e-04
-4.7818e-04
-1.0960e-03
-1.6581e-03
-2.2215e-03
-2.8716e-03
-3.2628e-03
-3.4286e-03
-3.4897e-03
-3.4688e-03
-3.3097e-03
-2.9166e-03
-2.3320e-03
-1.9345e-03
-1.6745e-03
-1.2971e-03
-7.2308e-04
-1.8584e-04
3.6937e-04
1.0302e-03
1.4293e-03
1.6041e-03
1.6676e-03
1.6467e-03
1.4767e-03
1.0632e-03
4.6153e-04
8.6515e-05
-5.7281e-05
-2.0990e-04
-5.4409e-04
-1.0996e-03
-1.5004e-03
-1.8135e-03
-2.2547e-03
-2.8495e-03
-3.2297e-03
-3.3659e-03
-3.4145e-03
-3.4930e-03
-3.6868e-03
-3.9069e-03
-3.8927e-03
-4.0688e-03
-4.4653e-03
-4.4656e-03
-4.0230e-03
-3.5126e-03
-2.9592e-03
-2.2949e-03
-1.8015e-03
-1.3212e-03
-7.0597e-04
-1.6878e-04
3.9898e-04
1.0736e-03
1.4617e-03
1.5538e-03
1.4916e-03
1.4335e-03
1.5827e-03
2.0556e-03
2.7323e-03
3.0380e-03
2.7872e-03
2.1602e-03
1.6705e-03
1.4697e-03
1.4404e-03
1.5240e-03
1.6099e-03
1.6551e-03
1.5393e-03
1.1735e-03
5.4175e-04
-2.4494e-05
-5.9592e-04
-1.2374e-03
-1.6141e-03
-1.7473e-03
-1.8000e-03
-1.8240e-03
-1.8271e-03
-1.6724e-03
-1.2572e-03
-6.2271e-04
-2.3284e-04
-1.2705e-04
-1.3146e-04
-3.4787e-05
3.4522e-04
9.6867e-04
1.3970e-03
1.5703e-03
1.6293e-03
1.6432e-03
1.6362e-03
1.4880e-03
1.0833e-03
4.5038e-04
2.6061e-05
-1.3642e-04
-1.5758e-04
-1.1828e-04
-8.9811e-05
-7.7353e-05
-7.4629e-05
-7.2055e-05
-8.0845e-05
-1.1727e-04
-1.7502e-04
-1.9596e-04
-5.4704e-05
3.6158e-04
9.9938e-04
1.4188e-03
1.5672e-03
1.5879e-03
1.5788e-03
1.6097e-03
1.6259e-03
1.4990e-03
1.0926e-03
4.5673e-04
2.4104e-05
-1.3812e-04
-1.6075e-04
-1.1847e-04
-9.1701e-05
-7.8254e-05
-7.6609e-05
-6.9922e-05
-7.5662e-05
-1.0941e-04
-1.7508e-04
-2.1198e-04
-8.8042e-05
3.3585e-04
1.0256e-03
1.5294e-03
1.7082e-03
1.5502e-03
1.0282e-03
3.3966e-04
4.8186e-05
3.2295e-04
9.4078e-04
1.3793e-03
1.5100e-03
1.5480e-03
1.6787e-03
2.0738e-03
2.5550e-03
2.5986e-03
2.1603e-03
1.8034e-03
1.5822e-03
1.3757e-03
1.0262e-03
5.9294e-04
4.5451e-04
5.2094e-04
2.7031e-04
2.9450e-05
-9.5837e-05
-1.2869e-04
-7.7856e-05
-9.0761e-06
-1.8755e-05
-2.1411e-04
-6.4443e-04
-1.1174e-03
-1.1132e-03
-6.6448e-04
-4.1459e-04
-4.8425e-04
-6.6570e-04
-4.8902e-04
-2.5712e-04
-1.2991e-04
-6.6344e-05
-8.0741e-05
-1.0286e-04
-1.1676e-04
-8.6364e-05
-4.0282e-05
-2.1631e-05
-1.5264e-04
-5.1943e-04
-1.0951e-03
-1.5046e-03
-1.8365e-03
-2.3180e-03
-2.9309e-03
-3.2001e-03
-2.9723e-03
-2.4112e-03
-1.9563e-03
-1.6308e-03
-1.2032e-03
-6.6086e-04
-3.0903e-04
-1.4103e-04
8.5665e-05
4.5120e-04
8.7716e-04
8.5542e-04
5.2261e-04
5.2632e-04
9.7174e-04
1.3515e-03
1.5514e-03
1.6027e-03
1.5772e-03
1.5395e-03
1.5261e-03
1.5284e-03
1.5412e-03
1.5428e-03
1.5379e-03
1.5228e-03
1.5230e-03
1.5457e-03
1.5984e-03
1.6227e-03
1.5192e-03
1.1524e-03
5.3481e-04
-2.4035e-05
-5.6103e-04
-1.1917e-03
-1.5997e-03
-1.8956e-03
-2.2052e-03
-2.4480e-03
-2.2400e-03
-1.8642e-03
-1.3722e-03
-7.0454e-04
-1.6517e-04
3.7749e-04
1.0245e-03
1.4492e-03
1.6447e-03
1.6854e-03
1.5134e-03
1.0775e-03
4.2880e-04
4.3516e-06
-1.5108e-04
-1.6289e-04
-1.1331e-04
-7.7745e-05
-7.0977e-05
-9.6736e-05
-1.3906e-04
-1.6832e-04
-1.3108e-04
3.2883e-05
3.1365e-04
5.4001e-04
3.2984e-04
5.6458e-05
-8.5184e-05
-1.5036e-04
-1.3207e-04
-1.1320e-04
-9.1802e-05
-9.6118e-05
-9.6752e-05
-1.0714e-04
-1.0478e-04
-1.0868e-04
-1.0261e-04
-1.0530e-04
-1.0055e-04
-1.0563e-04
-1.0408e-04
-1.1133e-04
-1.0805e-04
-1.0722e-04
-9.1731e-05
-8.5744e-05
-8.7995e-05
-1.3003e-04
-1.8229e-04
-1.9980e-04
-4.6477e-05
3.6148e-04
9.7200e-04
1.3400e-03
1.4810e-03
1.6315e-03
2.0028e-03
2.6052e-03
3.0293e-03
3.2004e-03
3.2539e-03
3.2341e-03
3.2036e-03
3.0793e-03
2.8394e-03
2.4935e-03
2.3308e-03
1.9755e-03
1.6522e-03
1.3906e-03
1.0928e-03
8.9806e-04
1.1186e-03
1.3630e-03
1.4443e-03
1.4857e-03
1.6022e-03
1.9855e-03
2.5800e-03
2.9968e-03
3.1914e-03
3.3642e-03
3.5706e-03
3.7615e-03
3.5773e-03
3.4149e-03
3.3634e-03
3.1952e-03
2.6557e-03
1.6198e-03
5.6279e-04
-2.9005e-05
-2.1414e-04
-1.9987e-04
-1.3458e-04
-9.4740e-05
-6.9374e-05
-4.4518e-05
-4.2620e-05
-1.5998e-04
-5.0815e-04
-1.0851e-03
-1.5926e-03
-2.1462e-03
-2.9466e-03
-3.7468e-03
-4.5119e-03
-4.9422e-03
-5.0664e-03
-5.0891e-03
-5.0889e-03
-5.0962e-03
-4.9908e-03
-4.6477e-03
-4.0378e-03
-3.4807e-03
-2.9138e-03
-2.2599e-03
-1.8562e-03
-1.6797e-03
-1.6151e-03
-1.6653e-03
-1.8797e-03
-2.3149e-03
-2.7993e-03
-2.8114e-03
-2.3532e-03
-1.9919e-03
-1.8087e-03
-1.6497e-03
-1.3168e-03
-7.4602e-04
-2.3694e-04
2.7141e-04
9.1811e-04
1.4712e-03
2.0667e-03
2.7391e-03
3.0329e-03
2.8187e-03
2.2301e-03
1.6341e-03
1.0353e-03
3.3077e-04
-1.0320e-04
-2.5324e-04
-1.1718e-04
3.2719e-04
9.8469e-04
1.4069e-03
1.5609e-03
1.5894e-03
1.5798e-03
1.5652e-03
1.4628e-03
1.1541e-03
6.0853e-04
6.7864e-05
-6.4536e-04
-1.7268e-03
-2.7581e-03
-3.3251e-03
-3.4899e-03
-3.4659e-03
-3.3865e-03
-3.3564e-03
-3.3785e-03
-3.4470e-03
-3.4821e-03
-3.3890e-03
-3.0293e-03
-2.4187e-03
-1.8476e-03
-1.2733e-03
-5.8780e-04
-1.8004e-04
-4.3208e-05
-1.4138e-04
-4.2681e-04
-8.1934e-04
-1.0231e-03
-1.3846e-03
-1.6514e-03
-1.7390e-03
-1.7776e-03
-1.7958e-03
-1.8408e-03
-1.8461e-03
-1.7016e-03
-1.2921e-03
-6.9010e-04
-3.1871e-04
-1.8387e-04
-2.7844e-05
3.4281e-04
9.5850e-04
1.3842e-03
1.5540e-03
1.5731e-03
1.5193e-03
1.4809e-03
1.4845e-03
1.5421e-03
1.6074e-03
1.6028e-03
1.4024e-03
9.6077e-04
4.5078e-04
4.3586e-04
9.1808e-04
1.3383e-03
1.5445e-03
1.5901e-03
1.5379e-03
1.4859e-03
1.4653e-03
1.5079e-03
1.5800e-03
1.6275e-03
1.5002e-03
1.0829e-03
3.9762e-04
-9.3348e-05
-2.8288e-04
-1.5918e-04
3.0114e-04
9.7983e-04
1.4188e-03
1.5676e-03
1.5608e-03
1.4975e-03
1.4664e-03
1.4979e-03
1.5737e-03
1.6225e-03
1.4997e-03
1.0790e-03
3.9214e-04
-1.0190e-04
-2.8508e-04
-1.5128e-04
3.2047e-04
9.9064e-04
1.3920e-03
1.4830e-03
1.4668e-03
1.5567e-03
1.9435e-03
2.5763e-03
3.0094e-03
3.1700e-03
3.1971e-03
3.1837e-03
3.2034e-03
3.2066e-03
3.0783e-03
2.6964e-03
2.1089e-03
1.7033e-03
1.4404e-03
1.0643e-03
4.9264e-04
-4.7991e-05
-6.1378e-04
-1.2853e-03
-1.6793e-03
-1.8172e-03
-1.8242e-03
-1.7884e-03
-1.7650e-03
-1.7635e-03
-1.7723e-03
-1.7801e-03
-1.7816e-03
-1.7791e-03
-1.7783e-03
-1.7817e-03
-1.7901e-03
-1.7926e-03
-1.7820e-03
-1.7497e-03
-1.7223e-03
-1.7453e-03
-1.8963e-03
-2.1769e-03
-2.4413e-03
-2.2908e-03
-2.0449e-03
-1.7648e-03
-1.2861e-03
-6.6055e-04
-2.4932e-04
-1.0914e-04
-8.8835e-05
-1.3320e-04
-1.5401e-04
-1.6430e-04
-1.5079e-04
-1.4635e-04
-1.3778e-04
-1.4338e-04
-1.4365e-04
-1.5245e-04
-1.5050e-04
-1.5042e-04
-1.3566e-04
-1.2818e-04
-1.2692e-04
-1.6370e-04
-2.1529e-04
-2.4240e-04
-1.1095e-04
2.7721e-04
9.0222e-04
1.3525e-03
1.6402e-03
1.8973e-03
2.1044e-03
2.0270e-03
2.0631e-03
2.2156e-03
1.9766e-03
1.5892e-03
1.0543e-03
3.6686e-04
-5.2666e-05
-2.0426e-04
-2.2219e-04
-1.8622e-04
-1.4430e-04
-9.3049e-05
-4.7550e-05
-7.1641e-05
-2.7444e-04
-7.1140e-04
-1.2042e-03
-1.2094e-03
-7.2691e-04
-3.4208e-04
-1.8502e-04
-1.6366e-04
-8.8438e-05
2.3521e-04
8.3288e-04
1.3719e-03
1.9067e-03
2.5553e-03
3.0778e-03
3.5954e-03
4.2077e-03
4.5927e-03
4.8407e-03
5.1439e-03
5.5222e-03
5.7147e-03
5.9355e-03
5.8441e-03
5.3648e-03
5.0258e-03
4.7515e-03
4.3350e-03
3.6122e-03
2.8477e-03
2.0690e-03
1.5046e-03
1.0257e-03
4.5339e-04
-5.8165e-06
-5.3755e-04
-1.3389e-03
-2.1532e-03
-2.9246e-03
-3.3524e-03
-3.4666e-03
-3.4882e-03
-3.5038e-03
-3.5465e-03
-3.4631e-03
-3.0768e-03
-2.2942e-03
-1.4588e-03
-6.8998e-04
-2.9444e-04
-1.8760e-04
-4.9088e-05
3.0695e-04
8.8421e-04
1.2446e-03
1.3942e-03
1.5805e-03
2.0031e-03
2.6416e-03
2.9657e-03
2.7791e-03
2.1848e-03
1.5618e-03
9.4573e-04
2.7820e-04
-5.8261e-05
-1.2123e-04
-1.0225e-04
-2.1960e-04
-6.2627e-04
-1.2670e-03
-1.6689e-03
-1.7779e-03
-1.7728e-03
-1.8681e-03
-2.2535e-03
-2.8863e-03
-3.3177e-03
-3.4741e-03
-3.4918e-03
-3.4710e-03
-3.4989e-03
-3.5381e-03
-3.4607e-03
-3.0823e-03
-2.3455e-03
-1.5538e-03
-7.7272e-04
-1.8212e-04
3.3830e-04
9.5755e-04
1.3233e-03
1.4843e-03
1.5499e-03
1.5746e-03
1.4867e-03
1.1413e-03
4.1795e-04
-4.7210e-04
-1.6017e-03
-2.7692e-03
-3.8143e-03
-4.9962e-03
-6.1716e-03
-7.1056e-03
-7.8914e-03
-8.3028e-03
-8.4304e-03
-8.4596e-03
-8.4323e-03
-8.3122e-03
-7.9874e-03
-7.4445e-03
-6.9319e-03
-6.2658e-03
-5.2051e-03
-4.0658e-03
-3.1503e-03
-2.3967e-03
-1.8930e-03
-1.3982e-03
-6.3605e-04
1.2660e-04
8.5714e-04
1.2861e-03
1.5590e-03
1.9744e-03
2.5643e-03
2.9576e-03
3.0841e-03
3.0959e-03
3.0958e-03
3.2319e-03
3.4869e-03
3.7089e-03
3.4975e-03
3.2589e-03
3.1727e-03
3.1590e-03
3.0829e-03
2.7176e-03
1.9921e-03
1.2033e-03
4.1933e-04
-1.7671e-04
-7.0501e-04
-1.3287e-03
-1.6923e-03
-1.8339e-03
-1.8746e-03
-1.8962e-03
-1.9007e-03
-1.7976e-03
-1.4471e-03
-8.3875e-04
-2.7088e-04
3.0276e-04
9.6597e-04
1.3504e-03
1.4842e-03
1.4927e-03
1.4620e-03
1.4396e-03
1.4338e-03
1.4291e-03
1.4277e-03
1.4349e-03
1.4731e-03
1.5258e-03
1.5395e-03
1.3877e-03
9.7576e-04
3.6578e-04
-5.7639e-06
-1.4082e-04
-2.8619e-04
-6.4686e-04
-1.2574e-03
-1.7069e-03
-1.9250e-03
-1.9814e-03
-1.8394e-03
-1.4555e-03
-8.2588e-04
-2.6605e-04
3.0308e-04
9.5487e-04
1.3411e-03
1.4683e-03
1.4806e-03
1.4475e-03
1.4411e-03
1.4464e-03
1.4544e-03
1.4211e-03
1.3676e-03
1.3393e-03
1.4805e-03
1.8902e-03
2.5318e-03
2.9502e-03
3.1089e-03
3.1297e-03
3.1207e-03
3.1258e-03
3.1195e-03
2.9887e-03
2.6891e-03
2.3010e-03
2.2320e-03
2.2645e-03
2.6150e-03
2.9542e-03
3.1071e-03
3.1744e-03
3.1296e-03
2.9908e-03
2.7131e-03
2.3842e-03
2.2487e-03
1.9490e-03
1.5741e-03
1.0766e-03
2.4492e-04
-5.6929e-04
-1.3265e-03
-1.6999e-03
-1.8054e-03
-1.9400e-03
-2.3216e-03
-2.9351e-03
-3.3369e-03
-3.4516e-03
-3.4642e-03
-3.5568e-03
-3.9329e-03
-4.5304e-03
-4.9502e-03
-5.1399e-03
-5.3140e-03
-5.5327e-03
-5.7597e-03
-5.6002e-03
-5.4066e-03
-5.1879e-03
-4.7339e-03
-3.9537e-03
-3.1321e-03
-2.3768e-03
-1.9863e-03
-1.8903e-03
-1.7659e-03
-1.4141e-03
-8.0229e-04
-3.6466e-04
-1.5203e-04
-7.0205e-05
-1.0001e-04
-2.8187e-04
-7.0606e-04
-1.3028e-03
-1.6663e-03
-1.7945e-03
-1.9522e-03
-2.3219e-03
-2.9393e-03
-3.3605e-03
-3.5345e-03
-3.5598e-03
-3.5251e-03
-3.4925e-03
-3.4815e-03
-3.4768e-03
-3.4794e-03
-3.4864e-03
-3.5219e-03
-3.5680e-03
-3.5847e-03
-3.4477e-03
-3.0670e-03
-2.4715e-03
-2.0580e-03
-1.7647e-03
-1.3728e-03
-8.3000e-04
-4.4189e-04
-1.3602e-04
3.0428e-04
8.7265e-04
1.2099e-03
1.3256e-03
1.4868e-03
1.8881e-03
2.5542e-03
3.0044e-03
3.0726e-03
2.7420e-03
2.0837e-03
1.4837e-03
8.9756e-04
2.4606e-04
-1.3168e-04
-2.5645e-04
-2.6797e-04
-2.3475e-04
-2.1892e-04
-2.1455e-04
-2.2275e-04
-2.2320e-04
-2.2741e-04
-2.2983e-04
-2.4654e-04
-2.5676e-04
-2.5363e-04
-2.0222e-04
-1.3157e-04
-1.0278e-04
-2.7885e-04
-7.5537e-04
-1.4398e-03
-1.7444e-03
-1.4919e-03
-8.2496e-04
-2.8504e-04
-5.8330e-05
-1.7317e-04
-6.5793e-04
-1.3790e-03
-1.8484e-03
-1.9634e-03
-1.7959e-03
-1.4538e-03
-1.1904e-03
-1.4204e-03
-1.7579e-03
-1.9592e-03
-1.9438e-03
-1.5594e-03
-8.1289e-04
5.6168e-06
8.8950e-04
1.7128e-03
2.5545e-03
3.3415e-03
4.1012e-03
4.7214e-03
5.2404e-03
5.7242e-03
5.7150e-03
5.3772e-03
5.2438e-03
5.3194e-03
5.1072e-03
4.8722e-03
4.6004e-03
4.1785e-03
3.7063e-03
3.5688e-03
3.6407e-03
3.4040e-03
3.1622e-03
3.0467e-03
3.0162e-03
3.0757e-03
3.1149e-03
3.0235e-03
2.6518e-03
2.0232e-03
1.4548e-03
9.2748e-04
3.3057e-04
-3.6954e-05
-3.4519e-04
-8.1191e-04
-1.4141e-03
-1.6613e-03
-1.4420e-03
-9.8632e-04
-7.9676e-04
-8.3583e-04
-6.0045e-04
-3.8158e-04
-2.7594e-04
-2.2188e-04
-2.2688e-04
-2.3934e-04
-2.6371e-04
-2.7423e-04
-2.7447e-04
-2.3565e-04
-1.7878e-04
-1.4674e-04
-2.7542e-04
-6.7601e-04
-1.3249e-03
-1.7927e-03
-2.0194e-03
-2.0611e-03
-1.8764e-03
-1.4177e-03
-7.5715e-04
-3.3693e-04
-2.2431e-04
-2.7080e-04
-3.4286e-04
-2.3153e-04
1.7473e-04
8.3043e-04
1.2704e-03
1.4410e-03
1.4558e-03
1.4058e-03
1.3597e-03
1.3411e-03
1.3524e-03
1.4006e-03
1.4645e-03
1.4899e-03
1.3480e-03
9.3185e-04
2.8725e-04
-1.4270e-04
-3.0444e-04
-3.2130e-04
-2.7799e-04
-2.4740e-04
-2.3853e-04
-2.4454e-04
-2.5285e-04
-2.6138e-04
-2.7370e-04
-2.8511e-04
-2.8380e-04
-2.4702e-04
-1.8307e-04
-1.4691e-04
-2.7576e-04
-6.9699e-04
-1.3778e-03
-1.8645e-03
-2.0380e-03
-1.9063e-03
-1.4508e-03
-8.1885e-04
-4.4083e-04
-3.1218e-04
-1.5408e-04
2.2157e-04
8.3360e-04
1.2217e-03
1.3348e-03
1.3351e-03
1.4316e-03
1.8146e-03
2.4480e-03
2.8912e-03
3.0632e-03
3.0853e-03
3.0270e-03
2.9804e-03
2.9613e-03
3.0003e-03
3.0724e-03
3.1377e-03
3.0455e-03
2.6425e-03
1.8605e-03
1.0513e-03
3.0731e-04
-1.1399e-04
-3.6692e-04
-7.6988e-04
-1.3621e-03
-1.7781e-03
-1.9411e-03
-1.9697e-03
-1.9180e-03
-1.8795e-03
-1.8717e-03
-1.9233e-03
-1.9974e-03
-2.0303e-03
-1.8755e-03
-1.4268e-03
-7.5682e-04
-3.6243e-04
-3.6389e-04
-6.2725e-04
-8.9857e-04
-7.1702e-04
-4.4943e-04
-2.9656e-04
-2.2698e-04
-2.5158e-04
-2.8437e-04
-3.0459e-04
-2.6676e-04
-2.0572e-04
-1.7157e-04
-3.1105e-04
-7.2399e-04
-1.3711e-03
-1.7989e-03
-1.9598e-03
-1.9733e-03
-1.9345e-03
-1.9140e-03
-1.9197e-03
-1.9244e-03
-1.9000e-03
-1.8453e-03
-1.8249e-03
-1.9595e-03
-2.3704e-03
-2.9980e-03
-3.4201e-03
-3.5827e-03
-3.6428e-03
-3.6579e-03
-3.6567e-03
-3.5005e-03
-3.0866e-03
-2.4407e-03
-2.0340e-03
-1.9157e-03
-1.9503e-03
-1.9313e-03
-1.6337e-03
-9.2417e-04
-1.5400e-05
1.1647e-03
2.3975e-03
3.4644e-03
4.5001e-03
5.2512e-03
5.5385e-03
5.9028e-03
6.1801e-03
6.3167e-03
6.3725e-03
6.2460e-03
5.8728e-03
5.2639e-03
4.7503e-03
4.2365e-03
3.5260e-03
2.7962e-03
1.9104e-03
9.5133e-04
-1.6898e-04
-1.2073e-03
-1.8799e-03
-2.4554e-03
-3.0945e-03
-3.5091e-03
-3.6542e-03
-3.5648e-03
-3.1835e-03
-2.5888e-03
-2.0762e-03
-1.5354e-03
-7.3742e-04
7.0886e-05
8.5845e-04
1.2957e-03
1.3859e-03
1.3217e-03
1.2496e-03
1.3688e-03
1.7847e-03
2.4395e-03
2.8693e-03
3.0215e-03
3.0305e-03
3.0066e-03
3.0260e-03
3.0609e-03
2.9838e-03
2.6302e-03
1.9298e-03
1.1539e-03
2.6393e-04
-6.5640e-04
-1.7419e-03
-2.8829e-03
-3.9128e-03
-5.1034e-03
-6.2788e-03
-7.2217e-03
-8.0120e-03
-8.4479e-03
-8.5862e-03
-8.5955e-03
-8.4422e-03
-8.0978e-03
-7.5327e-03
-7.0318e-03
-6.3866e-03
-5.3756e-03
-4.2556e-03
-3.2925e-03
-2.3377e-03
-1.5356e-03
-8.4631e-04
-4.6022e-04
-2.4371e-04
1.1648e-04
6.9441e-04
1.2522e-03
1.8261e-03
2.4953e-03
2.8729e-03
2.9963e-03
3.0028e-03
3.0048e-03
3.0417e-03
3.0693e-03
2.9403e-03
2.5327e-03
1.8820e-03
1.4401e-03
1.2737e-03
1.2813e-03
1.3734e-03
1.4339e-03
1.3401e-03
9.7541e-04
3.4385e-04
-2.3234e-04
-8.0811e-04
-1.4560e-03
-1.8282e-03
-1.9497e-03
-1.9816e-03
-1.9978e-03
-2.0296e-03
-1.9508e-03
-1.6059e-03
-8.8828e-04
-7.0082e-05
8.6928e-04
1.7221e-03
2.4703e-03
2.8918e-03
3.0353e-03
3.0924e-03
3.0719e-03
2.9202e-03
2.5045e-03
1.8784e-03
1.4542e-03
1.2984e-03
1.2711e-03
1.3049e-03
1.3207e-03
1.3375e-03
1.3632e-03
1.4129e-03
1.4182e-03
1.2719e-03
8.5896e-04
2.5734e-04
-1.1613e-04
-2.4963e-04
-4.0791e-04
-7.7567e-04
-1.3912e-03
-1.8122e-03
-1.9854e-03
-2.0099e-03
-1.9721e-03
-1.9394e-03
-1.9310e-03
-1.9375e-03
-1.9483e-03
-1.9529e-03
-1.9540e-03
-1.9505e-03
-1.9489e-03
-1.9468e-03
-1.9488e-03
-1.9508e-03
-1.9555e-03
-1.9558e-03
-1.9518e-03
-1.9385e-03
-1.9279e-03
-1.9323e-03
-1.9728e-03
-2.0334e-03
-2.0543e-03
-1.9049e-03
-1.4799e-03
-8.4342e-04
-4.4997e-04
-3.4626e-04
-3.4216e-04
-2.3933e-04
1.4466e-04
7.4277e-04
1.1282e-03
1.2717e-03
1.4303e-03
1.7868e-03
2.3913e-03
2.8137e-03
3.0186e-03
3.0902e-03
3.0661e-03
2.8995e-03
2.5164e-03
1.9426e-03
1.5461e-03
1.2411e-03
7.9410e-04
1.8489e-04
-1.9387e-04
-2.8671e-04
-2.5518e-04
-2.9738e-04
-6.5866e-04
-1.4175e-03
-2.2610e-03
-3.0740e-03
-3.5660e-03
-3.7395e-03
-3.7517e-03
-3.5563e-03
-3.1228e-03
-2.4807e-03
-2.0700e-03
-1.9189e-03
-1.9058e-03
-1.9387e-03
-1.9541e-03
-1.9514e-03
-1.9578e-03
-1.9971e-03
-2.0504e-03
-2.0391e-03
-1.8432e-03
-1.4052e-03
-9.0253e-04
-8.8913e-04
-1.3719e-03
-1.7821e-03
-1.9767e-03
-2.0129e-03
-1.9781e-03
-1.9734e-03
-2.0128e-03
-2.0421e-03
-1.9184e-03
-1.5230e-03
-8.9236e-04
-4.5701e-04
-2.5821e-04
-1.8277e-04
-2.0432e-04
-3.7001e-04
-7.8452e-04
-1.4067e-03
-1.8293e-03
-2.0116e-03
-2.0802e-03
-2.0616e-03
-1.9246e-03
-1.5509e-03
-9.4535e-04
-4.1228e-04
1.0713e-04
7.4604e-04
1.2471e-03
1.7506e-03
2.3744e-03
2.8697e-03
3.3545e-03
3.9790e-03
4.5126e-03
5.0932e-03
5.7910e-03
6.2024e-03
6.2256e-03
5.8876e-03
5.2703e-03
4.7433e-03
4.1891e-03
3.4002e-03
2.5954e-03
1.8142e-03
1.3653e-03
1.2637e-03
1.3167e-03
1.4114e-03
1.3422e-03
9.7664e-04
2.4343e-04
-5.4375e-04
-1.4173e-03
-2.2410e-03
-3.1379e-03
-4.0072e-03
-4.8167e-03
-5.2719e-03
-5.2492e-03
-4.8399e-03
-4.1515e-03
-3.7098e-03
-3.5451e-03
-3.5401e-03
-3.5760e-03
-3.6008e-03
-3.6049e-03
-3.6339e-03
-3.6802e-03
-3.7060e-03
-3.5660e-03
-3.1555e-03
-2.5047e-03
-2.0731e-03
-1.9112e-03
-1.9186e-03
-1.9870e-03
-2.0219e-03
-1.9244e-03
-1.6645e-03
-1.2864e-03
-1.0797e-03
-7.0766e-04
-4.2725e-04
-3.3248e-04
-3.0075e-04
-3.1358e-04
-3.1188e-04
-3.1250e-04
-3.2936e-04
-3.8083e-04
-4.2824e-04
-3.5058e-04
1.4177e-05
7.4490e-04
1.5635e-03
2.4678e-03
3.2719e-03
4.0046e-03
4.5614e-03
5.0832e-03
5.7240e-03
6.1111e-03
6.2584e-03
6.2758e-03
6.2433e-03
6.2180e-03
6.2099e-03
6.2175e-03
6.2276e-03
6.2416e-03
6.2458e-03
6.2406e-03
6.2064e-03
6.1699e-03
6.1636e-03
6.2938e-03
6.5953e-03
6.9998e-03
7.1055e-03
7.1114e-03
6.7040e-03
6.0627e-03
5.2418e-03
4.2819e-03
3.0326e-03
1.5813e-03
2.6712e-04
-7.7404e-04
-1.6016e-03
-2.0170e-03
-1.9604e-03
-1.5477e-03
-8.7589e-04
-4.5329e-04
-2.8880e-04
-2.5036e-04
-2.3500e-04
-2.4390e-04
-3.8474e-04
-7.9485e-04
-1.4288e-03
-1.8570e-03
-2.0055e-03
-2.0058e-03
-1.9480e-03
-1.9538e-03
-2.0709e-03
-2.3031e-03
-2.5129e-03
-2.4424e-03
-2.5721e-03
-3.0616e-03
-3.4313e-03
-3.6468e-03
-3.7401e-03
-3.7306e-03
-3.5521e-03
-3.1318e-03
-2.5253e-03
-2.1521e-03
-2.0072e-03
-1.8502e-03
-1.5093e-03
-9.5575e-04
-5.7639e-04
-2.9705e-04
1.3461e-04
8.2815e-04
1.4805e-03
2.0197e-03
2.2987e-03
2.6605e-03
2.8259e-03
2.5576e-03
1.9843e-03
1.3947e-03
8.1608e-04
1.4185e-04
-2.3452e-04
-3.6842e-04
-3.6875e-04
-3.4029e-04
-3.1802e-04
-3.2374e-04
-3.2780e-04
-3.3041e-04
-3.1632e-04
-3.1119e-04
-3.2669e-04
-3.8044e-04
-4.2618e-04
-3.5321e-04
6.0259e-06
7.2332e-04
1.5431e-03
2.4688e-03
3.3260e-03
4.0869e-03
4.5496e-03
4.7110e-03
4.7272e-03
4.5247e-03
4.0936e-03
3.4741e-03
3.1263e-03
3.0230e-03
2.9232e-03
2.5555e-03
1.8118e-03
1.0062e-03
2.6838e-04
-1.6445e-04
-4.2178e-04
-8.6081e-04
-1.4783e-03
-1.8955e-03
-1.9196e-03
-1.6569e-03
-1.2239e-03
-1.1135e-03
-1.0926e-03
-1.4361e-03
-1.8733e-03
-2.3628e-03
-3.0041e-03
-3.5302e-03
-4.0821e-03
-4.7675e-03
-5.2182e-03
-5.3826e-03
-5.2584e-03
-4.8095e-03
-4.1437e-03
-3.7088e-03
-3.5557e-03
-3.5464e-03
-3.5944e-03
-3.6230e-03
-3.6283e-03
-3.6170e-03
-3.6089e-03
-3.6064e-03
-3.6092e-03
-3.6081e-03
-3.6015e-03
-3.5918e-03
-3.5945e-03
-3.6220e-03
-3.6705e-03
-3.6869e-03
-3.5686e-03
-3.2002e-03
-2.6060e-03
-2.1026e-03
-1.6018e-03
-8.7747e-04
-1.0268e-04
8.4483e-04
1.7646e-03
2.5704e-03
2.8730e-03
2.5674e-03
1.8852e-03
1.3461e-03
1.1451e-03
1.2635e-03
1.7398e-03
2.4168e-03
2.8623e-03
3.0070e-03
3.0160e-03
2.9596e-03
2.9339e-03
2.9250e-03
2.9432e-03
2.9528e-03
2.9641e-03
2.9570e-03
2.9476e-03
2.9275e-03
2.9250e-03
2.9486e-03
3.0124e-03
3.0601e-03
2.9735e-03
2.5808e-03
1.8367e-03
1.0458e-03
2.7544e-04
-3.0167e-04
-8.1582e-04
-1.4530e-03
-1.8657e-03
-2.0742e-03
-2.1150e-03
-1.9472e-03
-1.4946e-03
-8.3940e-04
-4.1411e-04
-3.0055e-04
-3.4127e-04
-4.1237e-04
-2.9742e-04
1.0418e-04
7.5217e-04
1.1788e-03
1.3498e-03
1.3906e-03
1.3959e-03
1.3818e-03
1.2614e-03
9.0137e-04
3.0877e-04
-2.0813e-04
-7.2066e-04
-1.4268e-03
-2.1382e-03
-3.0156e-03
-3.9972e-03
-5.1868e-03
-6.2925e-03
-6.8912e-03
-7.0617e-03
-6.8890e-03
-6.4271e-03
-5.7981e-03
-5.4135e-03
-5.2054e-03
-4.8764e-03
-4.2395e-03
-3.3907e-03
-2.1779e-03
-6.6963e-04
9.7676e-04
2.8075e-03
4.8313e-03
6.9764e-03
8.8032e-03
1.0404e-02
1.2161e-02
1.3663e-02
1.4742e-02
1.5745e-02
1.6553e-02
1.7159e-02
1.7202e-02
1.6734e-02
1.6255e-02
1.5742e-02
1.5015e-02
1.4152e-02
1.2926e-02
1.1435e-02
9.9252e-03
8.4672e-03
7.0089e-03
5.2619e-03
3.7304e-03
2.5845e-03
1.4588e-03
3.8117e-04
-6.3311e-04
-1.9123e-03
-3.3252e-03
-4.5803e-03
-5.5454e-03
-6.4495e-03
-7.2588e-03
-8.0266e-03
-8.5131e-03
-8.6557e-03
-8.5178e-03
-8.0460e-03
-7.3912e-03
-6.9887e-03
-6.9033e-03
-6.9145e-03
-6.8325e-03
-6.4421e-03
-5.8078e-03
-5.3511e-03
-5.1749e-03
-5.1464e-03
-5.2228e-03
-5.2986e-03
-5.3416e-03
-5.2260e-03
-4.8654e-03
-4.2367e-03
-3.6719e-03
-3.0945e-03
-2.4424e-03
-2.0561e-03
-1.9294e-03
-1.9120e-03
-1.9385e-03
-1.9445e-03
-1.9531e-03
-1.9766e-03
-2.0294e-03
-2.0463e-03
-1.9140e-03
-1.5077e-03
-8.8142e-04
-4.5236e-04
-2.6866e-04
-1.9447e-04
-1.9789e-04
-3.1550e-04
-6.9787e-04
-1.4029e-03
-2.1710e-03
-3.0196e-03
-3.8438e-03
-4.7551e-03
-5.6754e-03
-6.5244e-03
-6.9224e-03
-6.5761e-03
-5.4838e-03
-3.9043e-03
-2.2230e-03
-5.4452e-04
1.0615e-03
2.7167e-03
4.4814e-03
6.4164e-03
8.3159e-03
9.7960e-03
1.1089e-02
1.2279e-02
1.3182e-02
1.4003e-02
1.4432e-02
1.4487e-02
1.4161e-02
1.3482e-02
1.2625e-02
1.1417e-02
9.7756e-03
7.7829e-03
5.4123e-03
3.0454e-03
5.6055e-04
-1.9940e-03
-4.9258e-03
-8.1225e-03
-1.1286e-02
-1.4097e-02
-1.6455e-02
-1.8691e-02
-2.1048e-02
-2.3052e-02
-2.4428e-02
-2.4912e-02
-2.4662e-02
-2.3902e-02
-2.3062e-02
-2.2071e-02
-2.0965e-02
-1.9562e-02
-1.8150e-02
-1.6414e-02
-1.4281e-02
-1.2197e-02
-1.0060e-02
-7.6797e-03
-5.1490e-03
-2.3230e-03
5.7207e-04
3.1864e-03
5.5040e-03
7.2069e-03
8.4002e-03
9.5631e-03
1.0554e-02
1.1076e-02
1.1237e-02
1.1224e-02
1.1154e-02
1.1122e-02
1.1149e-02
1.1241e-02
1.1315e-02
1.1225e-02
1.0739e-02
9.7757e-03
8.6584e-03
7.6329e-03
6.3927e-03
4.9317e-03
3.2926e-03
1.4756e-03
-4.8263e-04
-2.3937e-03
-3.8593e-03
-5.1467e-03
-6.3222e-03
-7.2202e-03
-8.0325e-03
-8.4841e-03
-8.6183e-03
-8.4748e-03
-8.0616e-03
-7.4563e-03
-7.0584e-03
-6.7734e-03
-6.3596e-03
-5.7568e-03
-5.3318e-03
-5.1320e-03
-5.0946e-03
-5.2401e-03
-5.6099e-03
-6.1793e-03
-6.6799e-03
-7.2878e-03
-8.2861e-03
-9.4297e-03
-1.0547e-02
-1.1742e-02
-1.2765e-02
-1.3278e-02
-1.3551e-02
-1.3820e-02
-1.4176e-02
-1.4274e-02
-1.4308e-02
-1.3900e-02
-1.3162e-02
-1.2105e-02
-1.0838e-02
-9.4339e-03
-7.5432e-03
-5.5249e-03
-3.4982e-03
-1.4452e-03
3.7716e-04
2.3696e-03
4.2854e-03
6.0297e-03
7.7032e-03
9.3137e-03
1.0925e-02
1.2552e-02
1.4228e-02
1.5943e-02
1.7640e-02
1.9165e-02
2.0321e-02
2.1033e-02
2.1638e-02
2.2302e-02
2.2575e-02
2.2242e-02
2.1311e-02
2.0174e-02
1.9111e-02
1.7845e-02
1.6373e-02
1.4781e-02
1.3094e-02
1.1360e-02
9.6330e-03
8.0782e-03
6.9096e-03
6.2592e-03
5.7946e-03
5.2619e-03
4.8071e-03
4.2614e-03
3.4369e-03
2.6253e-03
1.8874e-03
1.5192e-03
1.4183e-03
1.2561e-03
8.3580e-04
1.9699e-04
-1.0242e-04
1.1526e-04
6.9218e-04
1.1611e-03
1.4682e-03
1.8361e-03
2.3238e-03
2.7696e-03
3.3763e-03
4.4998e-03
5.9429e-03
7.5425e-03
9.1995e-03
1.1022e-02
1.3101e-02
1.5410e-02
1.7401e-02
1.8905e-02
1.9911e-02
2.0655e-02
2.0937e-02
2.0744e-02
2.0146e-02
1.9318e-02
1.7975e-02
1.5970e-02
1.3361e-02
1.0529e-02
7.7826e-03
4.9397e-03
2.1699e-03
-3.2905e-04
-2.7292e-03
-4.9392e-03
-7.1413e-03
-9.4247e-03
-1.1337e-02
-1.2776e-02
-1.3885e-02
-1.5015e-02
-1.6036e-02
-1.6597e-02
-1.6810e-02
-1.6737e-02
-1.6372e-02
-1.5658e-02
-1.4781e-02
-1.3546e-02
-1.2034e-02
-1.0402e-02
-8.7098e-03
-6.9913e-03
-5.2929e-03
-3.7334e-03
-2.5274e-03
-1.8039e-03
-1.3630e-03
-1.1218e-03
-1.4477e-03
-2.0635e-03
-2.9244e-03
-3.9013e-03
-5.0725e-03
-6.2531e-03
-7.1517e-03
-7.9149e-03
-8.4155e-03
-8.8754e-03
-9.4941e-03
-1.0036e-02
-1.0596e-02
-1.1222e-02
-1.1559e-02
-1.1669e-02
-1.1819e-02
-1.2199e-02
-1.2825e-02
-1.3252e-02
-1.3413e-02
-1.3416e-02
-1.3358e-02
-1.3344e-02
-1.3406e-02
-1.3504e-02
-1.3470e-02
-1.3036e-02
-1.1985e-02
-1.0502e-02
-8.7635e-03
-6.7512e-03
-4.4118e-03
-1.8724e-03
1.0351e-03
4.2093e-03
7.3552e-03
1.0334e-02
1.3098e-02
1.5953e-02
1.8636e-02
2.0732e-02
2.2210e-02
2.3193e-02
2.3946e-02
2.4346e-02
2.4331e-02
2.3967e-02
2.3238e-02
2.2529e-02
2.1740e-02
2.0878e-02
1.9530e-02
1.7621e-02
1.5351e-02
1.3247e-02
1.1397e-02
9.6888e-03
8.0576e-03
6.5507e-03
5.2902e-03
4.3616e-03
3.4827e-03
2.6995e-03
1.8785e-03
1.1566e-03
4.2569e-04
-3.6303e-04
-1.6108e-03
-3.5731e-03
-6.2836e-03
-9.4760e-03
-1.2836e-02
-1.6250e-02
-1.9622e-02
-2.2833e-02
-2.5646e-02
-2.7875e-02
-2.9700e-02
-3.1266e-02
-3.2475e-02
-3.3147e-02
-3.3303e-02
-3.2814e-02
-3.1378e-02
-2.9055e-02
-2.6140e-02
-2.2590e-02
-1.8840e-02
-1.5006e-02
-1.1034e-02
-7.3239e-03
-3.8697e-03
-6.4976e-04
2.2740e-03
4.8433e-03
7.2350e-03
9.2863e-03
1.1071e-02
1.2748e-02
1.4280e-02
1.5588e-02
1.6566e-02
1.7383e-02
1.7816e-02
1.7852e-02
1.7512e-02
1.6778e-02
1.5892e-02
1.4754e-02
1.3471e-02
1.2174e-02
1.0657e-02
9.3611e-03
8.1294e-03
6.9689e-03
5.9648e-03
4.8026e-03
3.6393e-03
2.7029e-03
1.8986e-03
1.4327e-03
1.2518e-03
1.2818e-03
1.6972e-03
2.6938e-03
4.2418e-03
6.3597e-03
9.1695e-03
1.2391e-02
1.5742e-02
1.8987e-02
2.1946e-02
2.4545e-02
2.6990e-02
2.9098e-02
3.0806e-02
3.2047e-02
3.2629e-02
3.2708e-02
3.2304e-02
3.1321e-02
2.9810e-02
2.7630e-02
2.4443e-02
2.0361e-02
1.5816e-02
1.1022e-02
5.7493e-03
4.6907e-04
-4.5343e-03
-9.0701e-03
-1.2931e-02
-1.6289e-02
-1.9239e-02
-2.1709e-02
-2.3762e-02
-2.5119e-02
-2.6022e-02
-2.6490e-02
-2.6614e-02
-2.6501e-02
-2.5988e-02
-2.5042e-02
-2.3950e-02
-2.2932e-02
-2.1643e-02
-2.0100e-02
-1.8431e-02
-1.6828e-02
-1.5505e-02
-1.4587e-02
-1.3855e-02
-1.3365e-02
-1.2908e-02
-1.2306e-02
-1.1809e-02
-1.1283e-02
-1.0558e-02
-9.8457e-03
-9.0331e-03
-8.1449e-03
-6.9406e-03
-5.4268e-03
-3.7833e-03
-2.0607e-03
-3.5603e-04
1.2903e-03
2.7582e-03
3.9954e-03
5.0638e-03
6.3791e-03
7.8227e-03
8.9988e-03
9.5895e-03
9.7357e-03
9.6952e-03
9.6201e-03
9.5895e-03
9.5976e-03
9.6270e-03
9.6528e-03
9.6634e-03
9.6396e-03
9.5846e-03
9.5332e-03
9.6062e-03
9.9593e-03
1.0679e-02
1.1506e-02
1.2454e-02
1.3329e-02
1.4081e-02
1.4474e-02
1.4532e-02
1.4520e-02
1.4594e-02
1.4951e-02
1.5531e-02
1.6033e-02
1.6527e-02
1.7293e-02
1.8180e-02
1.9336e-02
2.0441e-02
2.1189e-02
2.1673e-02
2.1926e-02
2.1568e-02
2.0910e-02
2.0032e-02
1.9124e-02
1.8096e-02
1.7025e-02
1.5898e-02
1.4227e-02
1.2074e-02
1.0019e-02
8.2193e-03
6.6071e-03
5.0415e-03
3.3109e-03
1.2557e-03
-1.0685e-03
-3.1876e-03
-4.9253e-03
-6.2749e-03
-7.2070e-03
-7.9694e-03
-8.3496e-03
-8.3540e-03
-8.0404e-03
-7.4834e-03
-6.9635e-03
-6.2726e-03
-5.1016e-03
-3.7939e-03
-2.7954e-03
-2.4166e-03
-2.3121e-03
-2.8545e-03
-4.0729e-03
-6.0769e-03
-8.4499e-03
-1.0838e-02
-1.2921e-02
-1.4721e-02
-1.6574e-02
-1.8519e-02
-2.0357e-02
-2.1396e-02
-2.1747e-02
-2.1626e-02
-2.1075e-02
-2.0117e-02
-1.9047e-02
-1.7931e-02
-1.6309e-02
-1.4122e-02
-1.1774e-02
-9.2685e-03
-6.6858e-03
-3.7839e-03
-6.0113e-04
2.5821e-03
5.5597e-03
8.1746e-03
1.0635e-02
1.2764e-02
1.4533e-02
1.5818e-02
1.6309e-02
1.5984e-02
1.4867e-02
1.3272e-02
1.1504e-02
9.7206e-03
8.1249e-03
6.9403e-03
6.3748e-03
6.2229e-03
6.3296e-03
6.6997e-03
7.3923e-03
8.2560e-03
9.4866e-03
1.1023e-02
1.2682e-02
1.4382e-02
1.5991e-02
1.7394e-02
1.8447e-02
1.9166e-02
1.9103e-02
1.8111e-02
1.6586e-02
1.4857e-02
1.3133e-02
1.1476e-02
9.8911e-03
8.3331e-03
6.7404e-03
4.9809e-03
2.9420e-03
6.4313e-04
-1.4949e-03
-3.3922e-03
-5.0266e-03
-6.2095e-03
-6.7587e-03
-6.7957e-03
-6.4431e-03
-5.7339e-03
-4.8844e-03
-3.6755e-03
-2.0597e-03
-7.6974e-05
2.2700e-03
4.6663e-03
7.2107e-03
9.8629e-03
1.2740e-02
1.5518e-02
1.7637e-02
1.8993e-02
1.9586e-02
1.9762e-02
1.9692e-02
1.9219e-02
1.8051e-02
1.6226e-02
1.3895e-02
1.1362e-02
8.5148e-03
5.3471e-03
1.9124e-03
-1.8403e-03
-5.6957e-03
-9.1014e-03
-1.1883e-02
-1.4349e-02
-1.6340e-02
-1.7926e-02
-1.9171e-02
-2.0186e-02
-2.1332e-02
-2.2535e-02
-2.3519e-02
-2.4333e-02
-2.4623e-02
-2.4397e-02
-2.3847e-02
-2.3343e-02
-2.2700e-02
-2.1570e-02
-2.0077e-02
-1.8453e-02
-1.6847e-02
-1.5300e-02
-1.3620e-02
-1.1508e-02
-8.7133e-03
-5.5606e-03
-2.5045e-03
5.7518e-05
2.0933e-03
3.3949e-03
4.3829e-03
5.2121e-03
5.9586e-03
6.3225e-03
6.1416e-03
5.4908e-03
4.5775e-03
3.3158e-03
1.7521e-03
8.8143e-05
-1.6236e-03
-3.2081e-03
-4.5495e-03
-5.5069e-03
-6.2605e-03
-6.6043e-03
-6.6542e-03
-6.6364e-03
-6.7497e-03
-7.1338e-03
-7.7362e-03
-8.1367e-03
-8.3751e-03
-8.7218e-03
-9.3551e-03
-1.0173e-02
-1.1349e-02
-1.2855e-02
-1.4614e-02
-1.6715e-02
-1.9070e-02
-2.1256e-02
-2.3048e-02
-2.4302e-02
-2.4744e-02
-2.4519e-02
-2.3759e-02
-2.2790e-02
-2.1517e-02
-2.0115e-02
-1.8829e-02
-1.7709e-02
-1.6524e-02
-1.5495e-02
-1.4965e-02
-1.4799e-02
-1.4809e-02
-1.4877e-02
-1.4944e-02
-1.4982e-02
-1.4907e-02
-1.4584e-02
-1.3904e-02
-1.3025e-02
-1.1774e-02
-1.0230e-02
-8.5876e-03
-6.9124e-03
-5.2698e-03
-3.6435e-03
-2.0264e-03
-3.7736e-04
1.3046e-03
3.0019e-03
4.5932e-03
5.9179e-03
6.8411e-03
7.5397e-03
7.9037e-03
8.1438e-03
8.5599e-03
9.1588e-03
9.5617e-03
9.7071e-03
9.7559e-03
9.7860e-03
9.8496e-03
9.7872e-03
9.3506e-03
8.3026e-03
6.8555e-03
5.1998e-03
3.3587e-03
1.2550e-03
-1.0537e-03
-3.1205e-03
-4.7915e-03
-6.1066e-03
-7.1370e-03
-8.2552e-03
-9.2694e-03
-9.8793e-03
-1.0175e-02
-1.0212e-02
-9.7751e-03
-8.5663e-03
-6.5484e-03
-3.8913e-03
-1.0525e-03
1.5745e-03
4.1822e-03
6.6561e-03
9.0525e-03
1.1029e-02
1.2486e-02
1.3488e-02
1.4261e-02
1.4640e-02
1.4601e-02
1.4223e-02
1.3613e-02
1.3203e-02
1.2929e-02
1.2526e-02
1.1928e-02
1.1417e-02
1.1023e-02
1.0656e-02
1.0521e-02
1.0113e-02
9.5587e-03
8.8319e-03
7.9377e-03
6.5706e-03
4.6366e-03
2.3695e-03
2.4460e-04
-1.6079e-03
-3.3033e-03
-4.8135e-03
-6.0987e-03
-7.0617e-03
-7.8750e-03
-8.3141e-03
-8.3601e-03
-8.0411e-03
-7.3196e-03
-6.4154e-03
-5.1655e-03
-3.6602e-03
-2.0704e-03
-4.1443e-04
1.3515e-03
3.3454e-03
5.5566e-03
7.6969e-03
9.8775e-03
1.2311e-02
1.4762e-02
1.7204e-02
1.9314e-02
2.1023e-02
2.2387e-02
2.3366e-02
2.4125e-02
2.4359e-02
2.4034e-02
2.3391e-02
2.2963e-02
2.2875e-02
2.2930e-02
2.2884e-02
2.2407e-02
2.1415e-02
2.0285e-02
1.9379e-02
1.8487e-02
1.7561e-02
1.6318e-02
1.4913e-02
1.3746e-02
1.3010e-02
1.2458e-02
1.1860e-02
1.1507e-02
1.1367e-02
1.1332e-02
1.1347e-02
1.1380e-02
1.1426e-02
1.1464e-02
1.1398e-02
1.1083e-02
1.0404e-02
9.5237e-03
8.2722e-03
6.7336e-03
5.0975e-03
3.4243e-03
1.7683e-03
1.1617e-04
-1.5209e-03
-3.1409e-03
-4.7260e-03
-6.3136e-03
-8.0076e-03
-9.9887e-03
-1.2361e-02
-1.4930e-02
-1.7728e-02
-2.0529e-02
-2.3077e-02
-2.5617e-02
-2.8070e-02
-3.0530e-02
-3.2723e-02
-3.4500e-02
-3.5669e-02
-3.5911e-02
-3.5335e-02
-3.4257e-02
-3.2562e-02
-3.0440e-02
-2.8457e-02
-2.6559e-02
-2.4433e-02
-2.1869e-02
-1.9109e-02
-1.6379e-02
-1.3470e-02
-1.0516e-02
-7.6975e-03
-4.8977e-03
-1.6278e-03
2.1206e-03
5.7924e-03
9.2906e-03
1.2679e-02
1.6004e-02
1.9192e-02
2.2024e-02
2.4289e-02
2.6147e-02
2.7699e-02
2.8823e-02
2.9376e-02
2.9556e-02
2.9571e-02
2.9420e-02
2.9024e-02
2.8317e-02
2.7583e-02
2.6768e-02
2.5915e-02
2.4747e-02
2.3168e-02
2.1211e-02
1.8837e-02
1.6299e-02
1.3437e-02
1.0330e-02
7.0893e-03
3.6541e-03
-4.7592e-05
-3.9865e-03
-7.7302e-03
-1.1200e-02
-1.4418e-02
-1.7325e-02
-1.9908e-02
-2.2351e-02
-2.4460e-02
-2.6170e-02
-2.7432e-02
-2.8065e-02
-2.8199e-02
-2.7765e-02
-2.6545e-02
-2.4571e-02
-2.1979e-02
-1.9138e-02
-1.6255e-02
-1.3038e-02
-9.7384e-03
-6.9781e-03
-4.5909e-03
-2.3778e-03
-7.1909e-04
3.7955e-04
1.1886e-03
1.5714e-03
1.5423e-03
1.2061e-03
6.1036e-04
9.9998e-05
-5.2970e-04
-1.5206e-03
-2.6617e-03
-3.7355e-03
-4.9021e-03
-5.9198e-03
-6.5807e-03
-7.1536e-03
-7.8158e-03
-8.2289e-03
-8.3024e-03
-7.9981e-03
-7.2828e-03
-6.3827e-03
-5.1626e-03
-3.6831e-03
-2.0737e-03
-2.6010e-04
1.8005e-03
4.0765e-03
6.1189e-03
7.9115e-03
9.5861e-03
1.1250e-02
1.2914e-02
1.4466e-02
1.5676e-02
1.6418e-02
1.6898e-02
1.7194e-02
1.6876e-02
1.6110e-02
1.4835e-02
1.3254e-02
1.1712e-02
1.0399e-02
9.3443e-03
8.2103e-03
7.0905e-03
6.2036e-03
5.4151e-03
4.8648e-03
4.3711e-03
3.7810e-03
3.3579e-03
2.9511e-03
2.2802e-03
1.3273e-03
-2.6535e-04
-2.4209e-03
-4.6302e-03
-6.8635e-03
-9.1539e-03
-1.1183e-02
-1.3009e-02
-1.4759e-02
-1.6359e-02
-1.7572e-02
-1.8083e-02
-1.7937e-02
-1.7240e-02
-1.6188e-02
-1.4575e-02
-1.2460e-02
-1.0307e-02
-8.0012e-03
-5.3912e-03
-2.7049e-03
-8.9796e-05
2.8190e-03
6.0306e-03
9.4139e-03
1.2730e-02
1.5623e-02
1.7743e-02
1.9164e-02
2.0062e-02
2.0773e-02
2.1194e-02
2.1364e-02
2.1324e-02
2.0949e-02
2.0191e-02
1.9266e-02
1.8155e-02
1.7062e-02
1.6126e-02
1.4880e-02
1.3139e-02
1.0778e-02
7.8197e-03
4.0049e-03
-3.9990e-04
-5.1518e-03
-1.0524e-02
-1.6027e-02
-2.1350e-02
-2.6142e-02
-3.0703e-02
-3.5079e-02
-3.9020e-02
-4.2568e-02
-4.5437e-02
-4.7114e-02
-4.7347e-02
-4.6374e-02
-4.4688e-02
-4.2611e-02
-4.0213e-02
-3.7705e-02
-3.4873e-02
-3.1767e-02
-2.8514e-02
-2.5092e-02
-2.1447e-02
-1.7569e-02
-1.3752e-02
-9.8938e-03
-5.8903e-03
-2.1261e-03
1.2665e-03
4.1449e-03
6.3286e-03
7.9903e-03
9.2637e-03
1.0195e-02
1.0991e-02
1.1430e-02
1.1455e-02
1.1102e-02
1.0375e-02
9.6056e-03
8.7232e-03
7.7809e-03
6.6217e-03
5.4170e-03
4.4876e-03
3.7496e-03
3.4046e-03
3.2212e-03
2.8359e-03
2.0935e-03
1.2715e-03
4.9430e-04
6.0473e-05
-7.3171e-05
-1.5999e-04
-2.4352e-04
-2.1874e-04
3.1777e-04
1.7183e-03
3.8796e-03
6.3088e-03
9.0467e-03
1.2049e-02
1.5416e-02
1.8589e-02
2.1325e-02
2.3987e-02
2.6492e-02
2.8804e-02
3.0426e-02
3.1158e-02
3.1302e-02
3.1012e-02
3.0230e-02
2.8884e-02
2.6555e-02
2.3476e-02
2.0115e-02
1.6724e-02
1.3559e-02
1.0680e-02
8.0245e-03
5.1416e-03
2.1043e-03
-8.1195e-04
-3.4155e-03
-5.8638e-03
-8.0673e-03
-1.0142e-02
-1.2091e-02
-1.3460e-02
-1.4401e-02
-1.4843e-02
-1.4843e-02
-1.4528e-02
-1.3850e-02
-1.2993e-02
-1.1653e-02
-9.7944e-03
-7.5575e-03
-5.3069e-03
-3.0068e-03
-6.1363e-04
1.3832e-03
2.7326e-03
3.3248e-03
3.3407e-03
2.9724e-03
2.2472e-03
1.3805e-03
1.3746e-04
-1.4410e-03
-3.1725e-03
-4.8398e-03
-6.1156e-03
-6.7161e-03
-6.7158e-03
-6.1939e-03
-5.2128e-03
-4.1469e-03
-3.1342e-03
-1.7321e-03
1.7979e-04
2.4121e-03
4.4586e-03
6.2241e-03
7.9593e-03
9.9099e-03
1.2265e-02
1.4744e-02
1.7281e-02
1.9514e-02
2.1288e-02
2.2432e-02
2.2647e-02
2.2026e-02
2.0836e-02
1.8900e-02
1.6376e-02
1.3137e-02
9.2356e-03
5.1897e-03
9.9266e-04
-3.2162e-03
-7.6125e-03
-1.2046e-02
-1.6293e-02
-2.0467e-02
-2.4303e-02
-2.7678e-02
-3.0413e-02
-3.2214e-02
-3.3288e-02
-3.4080e-02
-3.4546e-02
-3.4634e-02
-3.4214e-02
-3.2987e-02
-3.1123e-02
-2.8868e-02
-2.6667e-02
-2.4385e-02
-2.1769e-02
-1.9011e-02
-1.6290e-02
-1.3441e-02
-1.0736e-02
-8.4980e-03
-6.6153e-03
-5.0101e-03
-3.8309e-03
-3.2708e-03
-3.2505e-03
-3.6492e-03
-4.4008e-03
-5.1520e-03
-5.9828e-03
-6.8815e-03
-8.1167e-03
-9.6470e-03
-1.1199e-02
-1.2577e-02
-1.3627e-02
-1.4495e-02
-1.4870e-02
-1.4565e-02
-1.3483e-02
-1.1780e-02
-9.6789e-03
-7.3726e-03
-5.3473e-03
-3.5712e-03
-1.7887e-03
1.9682e-04
2.3909e-03
4.3986e-03
6.2670e-03
8.2942e-03
1.0660e-02
1.3218e-02
1.5957e-02
1.8592e-02
2.0874e-02
2.3232e-02
2.5957e-02
2.8715e-02
3.0906e-02
3.2322e-02
3.2819e-02
3.2615e-02
3.1890e-02
3.0854e-02
2.9226e-02
2.7015e-02
2.4648e-02
2.2131e-02
1.9549e-02
1.6689e-02
1.3581e-02
1.0425e-02
7.1987e-03
3.7950e-03
-7.3125e-05
-4.4469e-03
-8.8360e-03
-1.2596e-02
-1.5684e-02
-1.8233e-02
-2.0717e-02
-2.3127e-02
-2.5459e-02
-2.7305e-02
-2.8539e-02
-2.9317e-02
-2.9245e-02
-2.8127e-02
-2.6239e-02
-2.3845e-02
-2.1407e-02
-1.8884e-02
-1.6291e-02
-1.3394e-02
-1.0351e-02
-7.5617e-03
-5.2075e-03
-3.0211e-03
-7.5614e-04
1.3077e-03
3.1421e-03
4.7180e-03
5.8812e-03
6.5766e-03
7.0937e-03
7.5843e-03
7.6924e-03
7.4895e-03
7.3532e-03
7.0086e-03
6.6427e-03
6.2288e-03
5.4951e-03
4.6082e-03
3.3455e-03
1.9216e-03
6.0024e-04
-4.9681e-04
-1.6175e-03
-2.5780e-03
-3.2077e-03
-3.7932e-03
-4.5777e-03
-5.2453e-03
-5.6618e-03
-5.5180e-03
-5.1607e-03
-4.6548e-03
-3.8676e-03
-2.9792e-03
-1.8629e-03
-6.9545e-04
2.9068e-04
1.2817e-03
2.0368e-03
2.4375e-03
2.1231e-03
1.3355e-03
1.9716e-04
-1.0063e-03
-2.0299e-03
-3.1557e-03
-4.3007e-03
-5.3710e-03
-6.5632e-03
-7.5962e-03
-8.1256e-03
-8.3100e-03
-8.3727e-03
-8.3890e-03
-8.2686e-03
-7.7647e-03
-6.7714e-03
-5.6351e-03
-4.7089e-03
-3.8256e-03
-3.0363e-03
-2.1283e-03
-1.2186e-03
-3.8938e-04
-7.3755e-05
-4.7719e-04
-1.4666e-03
-2.5254e-03
-3.2185e-03
-3.8034e-03
-4.5538e-03
-5.3143e-03
-6.0312e-03
-6.4212e-03
-6.5345e-03
-6.7011e-03
-7.0943e-03
-7.7180e-03
-8.0391e-03
-7.9524e-03
-7.6021e-03
-7.3575e-03
-6.9806e-03
-6.7300e-03
-6.6686e-03
-6.5353e-03
-6.1980e-03
-5.5412e-03
-4.8658e-03
-4.0364e-03
-2.9938e-03
-1.3618e-03
7.7686e-04
2.8198e-03
4.6394e-03
6.3377e-03
8.0118e-03
9.7163e-03
1.1297e-02
1.2485e-02
1.3032e-02
1.3169e-02
1.3158e-02
1.3137e-02
1.3058e-02
1.2770e-02
1.2119e-02
1.1245e-02
9.9531e-03
8.3554e-03
6.6954e-03
5.1677e-03
3.9167e-03
2.8809e-03
1.6403e-03
2.3141e-04
-1.0666e-03
-2.0662e-03
-2.8596e-03
-3.2883e-03
-3.4268e-03
-3.4327e-03
-3.2564e-03
-2.8590e-03
-2.2652e-03
-1.8668e-03
-1.6001e-03
-1.2308e-03
-6.8141e-04
-1.8632e-04
3.6281e-04
1.1441e-03
1.8938e-03
2.6233e-03
3.1526e-03
3.6669e-03
4.4061e-03
5.1431e-03
5.8906e-03
6.4665e-03
7.0073e-03
7.6722e-03
8.1022e-03
8.2732e-03
8.1874e-03
7.7977e-03
7.1452e-03
6.5627e-03
5.9984e-03
5.3849e-03
5.0581e-03
4.9432e-03
4.7820e-03
4.4021e-03
3.8067e-03
3.4315e-03
3.2875e-03
3.1526e-03
2.8210e-03
2.2277e-03
1.6942e-03
1.1818e-03
5.7586e-04
9.4227e-05
-5.0021e-04
-1.4496e-03
-2.5261e-03
-3.5853e-03
-4.9168e-03
-6.4470e-03
-7.9220e-03
-9.1659e-03
-1.0177e-02
-1.1405e-02
-1.2912e-02
-1.4557e-02
-1.6169e-02
-1.7537e-02
-1.8554e-02
-1.9354e-02
-1.9685e-02
-1.9459e-02
-1.8752e-02
-1.7776e-02
-1.6491e-02
-1.5070e-02
-1.3848e-02
-1.2824e-02
-1.1699e-02
-1.0415e-02
-9.1221e-03
-7.6975e-03
-6.7505e-03
-6.1102e-03
-5.4950e-03
-5.0334e-03
-4.5578e-03
-3.9133e-03
-3.3949e-03
-2.8769e-03
-2.2746e-03
-1.8004e-03
-1.3183e-03
-5.7987e-04
1.9773e-04
1.1229e-03
1.9743e-03
2.7482e-03
3.1700e-03
3.2940e-03
3.2885e-03
3.2457e-03
3.2010e-03
3.1787e-03
3.1834e-03
3.2994e-03
3.5541e-03
3.9299e-03
4.1283e-03
4.4913e-03
4.7417e-03
4.8171e-03
4.8711e-03
5.0052e-03
5.2719e-03
5.5274e-03
5.3692e-03
5.1178e-03
4.8384e-03
4.3912e-03
3.8149e-03
3.4340e-03
3.1766e-03
2.7827e-03
2.1883e-03
1.6678e-03
1.1788e-03
6.0802e-04
1.5439e-04
-4.5730e-04
-1.5582e-03
-2.9347e-03
-4.3402e-03
-5.6770e-03
-7.1657e-03
-8.4641e-03
-9.8063e-03
-1.1220e-02
-1.2494e-02
-1.3621e-02
-1.4798e-02
-1.5808e-02
-1.6304e-02
-1.6484e-02
-1.6607e-02
-1.6824e-02
-1.7053e-02
-1.6923e-02
-1.6731e-02
-1.6502e-02
-1.5960e-02
-1.5016e-02
-1.3927e-02
-1.2918e-02
-1.1664e-02
-1.0170e-02
-8.5110e-03
-6.7601e-03
-5.0368e-03
-3.5259e-03
-2.4297e-03
-1.7784e-03
-1.1118e-03
-9.1835e-05
9.2751e-04
1.5021e-03
1.6675e-03
1.6211e-03
1.5397e-03
1.6118e-03
1.9401e-03
2.5203e-03
3.0494e-03
3.7095e-03
4.7309e-03
5.8477e-03
6.7962e-03
7.7134e-03
8.4810e-03
9.1869e-03
9.7271e-03
1.0252e-02
1.0918e-02
1.1360e-02
1.1554e-02
1.1501e-02
1.1115e-02
1.0366e-02
9.4766e-03
8.3907e-03
7.2501e-03
6.1754e-03
4.8198e-03
3.3678e-03
2.2101e-03
1.6686e-03
1.5499e-03
1.5532e-03
1.4474e-03
1.1889e-03
9.5630e-04
1.1855e-03
1.4953e-03
1.6512e-03
1.5709e-03
1.1597e-03
5.4161e-04
1.4812e-04
-2.4482e-05
-2.2753e-04
-6.0634e-04
-1.0751e-03
-1.1056e-03
-6.8165e-04
-3.1599e-04
-2.8503e-05
3.6931e-04
1.0177e-03
1.7398e-03
2.6398e-03
3.6478e-03
4.8351e-03
5.9054e-03
6.4398e-03
6.5813e-03
6.5372e-03
6.4805e-03
6.4962e-03
6.5756e-03
6.6236e-03
6.4761e-03
6.0095e-03
5.3155e-03
4.9596e-03
5.1606e-03
5.8656e-03
6.7212e-03
7.6543e-03
8.4943e-03
9.2643e-03
9.8423e-03
1.0251e-02
1.0526e-02
1.0243e-02
9.6984e-03
8.8898e-03
7.8250e-03
6.2107e-03
4.1080e-03
2.0736e-03
1.0175e-04
-1.9752e-03
-4.2015e-03
-6.2269e-03
-8.0411e-03
-9.7677e-03
-1.1426e-02
-1.2942e-02
-1.4128e-02
-1.4879e-02
-1.5461e-02
-1.5961e-02
-1.5932e-02
-1.5335e-02
-1.4614e-02
-1.3867e-02
-1.3273e-02
-1.2586e-02
-1.1549e-02
-1.0571e-02
-1.0063e-02
-9.9091e-03
-9.7819e-03
-9.4305e-03
-8.8206e-03
-8.3911e-03
-8.2201e-03
-8.1986e-03
-8.2444e-03
-8.2608e-03
-8.2368e-03
-8.1972e-03
-8.2612e-03
-8.5639e-03
-9.2089e-03
-1.0033e-02
-1.1267e-02
-1.2941e-02
-1.4988e-02
-1.7292e-02
-1.9382e-02
-2.1213e-02
-2.2905e-02
-2.4451e-02
-2.5782e-02
-2.6745e-02
-2.7420e-02
-2.7507e-02
-2.7073e-02
-2.6493e-02
-2.5580e-02
-2.4079e-02
-2.2411e-02
-2.0445e-02
-1.8532e-02
-1.6726e-02
-1.4723e-02
-1.2369e-02
-9.7716e-03
-6.9351e-03
-4.1907e-03
-1.9787e-03
-1.4463e-04
1.4635e-03
2.9308e-03
4.2062e-03
5.3108e-03
6.4617e-03
7.4560e-03
7.9713e-03
8.2766e-03
8.6449e-03
9.1795e-03
9.5286e-03
9.7745e-03
1.0170e-02
1.0870e-02
1.1659e-02
1.2554e-02
1.3363e-02
1.4105e-02
1.4667e-02
1.5188e-02
1.5827e-02
1.6208e-02
1.6355e-02
1.6374e-02
1.6353e-02
1.6336e-02
1.6330e-02
1.6305e-02
1.6269e-02
1.6256e-02
1.6382e-02
1.6744e-02
1.7320e-02
1.7749e-02
1.8104e-02
1.8585e-02
1.9097e-02
1.9124e-02
1.8547e-02
1.7779e-02
1.6879e-02
1.6065e-02
1.5216e-02
1.4330e-02
1.3249e-02
1.2091e-02
1.1061e-02
9.9010e-03
8.7760e-03
7.7919e-03
6.7109e-03
5.5891e-03
4.5127e-03
3.1542e-03
1.7318e-03
6.3657e-04
1.2646e-04
-1.3944e-04
-6.2219e-04
-1.5455e-03
-2.5186e-03
-3.1917e-03
-3.7815e-03
-4.5818e-03
-5.4004e-03
-6.1776e-03
-6.4866e-03
-6.2434e-03
-5.6613e-03
-5.2095e-03
-4.8882e-03
-4.4549e-03
-3.8683e-03
-3.4729e-03
-3.3198e-03
-3.2900e-03
-3.3301e-03
-3.3680e-03
-3.3896e-03
-3.3736e-03
-3.3179e-03
-3.2429e-03
-3.2272e-03
-3.4091e-03
-3.8858e-03
-4.5386e-03
-4.8049e-03
-4.5325e-03
-3.9389e-03
-3.5630e-03
-3.4864e-03
-3.3912e-03
-2.9043e-03
-1.7622e-03
-3.4644e-04
8.2440e-04
1.4840e-03
1.9783e-03
2.7233e-03
3.6508e-03
4.7400e-03
5.4879e-03
5.4403e-03
5.0257e-03
4.4089e-03
3.6787e-03
3.2835e-03
3.1957e-03
3.2215e-03
3.1620e-03
2.8545e-03
2.2880e-03
1.7535e-03
1.0846e-03
5.8074e-05
-1.0464e-03
-1.9711e-03
-2.8718e-03
-3.6757e-03
-4.5165e-03
-5.2899e-03
-6.0164e-03
-6.5816e-03
-7.1066e-03
-7.7671e-03
-8.1892e-03
-8.3767e-03
-8.3299e-03
-7.9893e-03
-7.2871e-03
-6.4019e-03
-5.1491e-03
-3.6103e-03
-1.9712e-03
-3.0966e-04
1.3181e-03
2.9365e-03
4.5833e-03
6.2990e-03
8.0429e-03
9.6509e-03
1.0831e-02
1.1361e-02
1.1459e-02
1.1430e-02
1.1431e-02
1.1496e-02
1.1459e-02
1.1062e-02
1.0101e-02
8.7956e-03
7.3061e-03
5.5340e-03
4.0232e-03
2.9007e-03
1.6320e-03
1.5169e-04
-1.4719e-03
-3.0596e-03
-4.4391e-03
-5.4846e-03
-6.3423e-03
-6.6852e-03
-6.3423e-03
-5.2578e-03
-3.7001e-03
-1.9641e-03
-2.0102e-04
1.4731e-03
2.9464e-03
4.1299e-03
5.1021e-03
6.3327e-03
7.8918e-03
9.6093e-03
1.1241e-02
1.2452e-02
1.3031e-02
1.3208e-02
1.3216e-02
1.3056e-02
1.2572e-02
1.1642e-02
1.0553e-02
9.4942e-03
8.1725e-03
6.6477e-03
5.1433e-03
3.8431e-03
2.7940e-03
1.6846e-03
5.8119e-04
-3.5437e-04
-1.3296e-03
-2.1689e-03
-2.8096e-03
-2.9023e-03
-2.4774e-03
-1.9787e-03
-1.2746e-03
-1.3068e-04
1.2148e-03
2.4730e-03
3.5662e-03
4.8155e-03
6.1708e-03
7.4097e-03
8.4908e-03
9.6685e-03
1.0836e-02
1.1750e-02
1.2521e-02
1.2938e-02
1.3116e-02
1.3222e-02
1.3182e-02
1.2751e-02
1.1597e-02
9.7839e-03
7.4579e-03
4.9053e-03
1.9693e-03
-1.3485e-03
-4.8939e-03
-8.4672e-03
-1.1613e-02
-1.4604e-02
-1.7431e-02
-1.9846e-02
-2.1910e-02
-2.3399e-02
-2.4673e-02
-2.5716e-02
-2.6274e-02
-2.6501e-02
-2.6443e-02
-2.5973e-02
-2.4932e-02
-2.3477e-02
-2.1717e-02
-1.9558e-02
-1.6955e-02
-1.4197e-02
-1.1490e-02
-8.5447e-03
-5.4794e-03
-2.5512e-03
6.7292e-05
2.5039e-03
4.5867e-03
6.3726e-03
7.9437e-03
9.2000e-03
1.0093e-02
1.0823e-02
1.1345e-02
1.1848e-02
1.2498e-02
1.2934e-02
1.3151e-02
1.3193e-02
1.3006e-02
1.2532e-02
1.1862e-02
1.1475e-02
1.1487e-02
1.1747e-02
1.2008e-02
1.1815e-02
1.1554e-02
1.1434e-02
1.1413e-02
1.1441e-02
1.1330e-02
1.0965e-02
1.0367e-02
9.9459e-03
9.6522e-03
9.2718e-03
8.7371e-03
8.2969e-03
7.8097e-03
7.0261e-03
6.0771e-03
4.8956e-03
3.8269e-03
3.2813e-03
3.0965e-03
3.0655e-03
3.0715e-03
3.1918e-03
3.5846e-03
4.3448e-03
5.1423e-03
5.8901e-03
6.3230e-03
6.5813e-03
6.9694e-03
7.5263e-03
7.9135e-03
8.1124e-03
8.3069e-03
8.5454e-03
8.7384e-03
8.5119e-03
8.2516e-03
8.1414e-03
8.1126e-03
8.1303e-03
8.0380e-03
7.7897e-03
7.4124e-03
7.2249e-03
6.8978e-03
6.6646e-03
6.5018e-03
6.1221e-03
5.4073e-03
4.5134e-03
3.4069e-03
2.2742e-03
1.2730e-03
2.2620e-05
-1.4691e-03
-3.0897e-03
-4.7503e-03
-6.3942e-03
-8.0246e-03
-9.6794e-03
-1.1390e-02
-1.3116e-02
-1.4699e-02
-1.5870e-02
-1.6439e-02
-1.6632e-02
-1.6690e-02
-1.6581e-02
-1.6103e-02
-1.5012e-02
-1.3529e-02
-1.1899e-02
-1.0248e-02
-8.5097e-03
-6.5365e-03
-4.2046e-03
-1.7622e-03
8.4084e-04
3.3947e-03
5.8392e-03
7.8142e-03
9.2108e-03
1.0152e-02
1.0961e-02
1.1613e-02
1.2136e-02
1.2406e-02
1.2657e-02
1.2545e-02
1.1883e-02
1.1140e-02
1.0361e-02
9.8196e-03
9.3040e-03
8.5841e-03
7.8452e-03
7.0864e-03
6.4825e-03
5.9420e-03
5.3253e-03
4.9994e-03
4.8806e-03
4.7567e-03
4.4145e-03
3.8237e-03
3.2895e-03
2.7762e-03
2.1386e-03
1.6254e-03
1.0654e-03
3.8634e-04
-5.4676e-05
-1.4071e-04
1.2327e-04
8.1938e-04
1.7451e-03
3.1518e-03
4.9415e-03
6.8213e-03
8.3428e-03
9.8140e-03
1.1265e-02
1.2409e-02
1.3022e-02
1.3209e-02
1.3098e-02
1.2661e-02
1.1901e-02
1.1100e-02
1.0251e-02
9.4925e-03
8.7039e-03
7.8390e-03
6.6600e-03
5.1469e-03
3.4872e-03
1.7157e-03
-2.7079e-05
-1.6135e-03
-2.7607e-03
-3.3233e-03
-3.5111e-03
-3.5879e-03
-3.4927e-03
-3.0241e-03
-1.8977e-03
-3.4963e-04
1.3351e-03
2.8726e-03
4.1428e-03
5.2031e-03
6.5042e-03
7.9334e-03
9.1085e-03
9.6887e-03
9.8297e-03
9.7812e-03
9.7364e-03
9.7564e-03
9.8160e-03
9.7476e-03
9.3982e-03
8.6698e-03
7.8729e-03
6.9779e-03
6.1644e-03
5.3172e-03
4.5321e-03
3.6935e-03
2.9029e-03
2.0705e-03
1.2862e-03
4.4812e-04
-3.8444e-04
-1.2919e-03
-2.1457e-03
-2.8743e-03
-3.2492e-03
-3.3108e-03
-3.4046e-03
-3.7444e-03
-4.4771e-03
-5.2590e-03
-6.0474e-03
-6.6271e-03
-7.1562e-03
-7.7961e-03
-8.2154e-03
-8.3947e-03
-8.3535e-03
-8.0073e-03
-7.3090e-03
-6.4243e-03
-5.1884e-03
-3.6611e-03
-2.0236e-03
-3.1848e-04
1.3796e-03
3.0385e-03
4.5434e-03
5.8081e-03
6.8432e-03
7.9914e-03
9.1470e-03
1.0086e-02
1.0890e-02
1.1339e-02
1.1490e-02
1.1493e-02
1.1315e-02
1.0925e-02
1.0347e-02
9.9552e-03
9.6574e-03
9.2153e-03
8.6037e-03
8.2063e-03
8.0918e-03
8.1233e-03
8.1754e-03
8.0471e-03
7.6356e-03
7.0085e-03
6.6309e-03
6.5159e-03
6.4162e-03
6.0753e-03
5.3598e-03
4.5635e-03
3.7621e-03
3.1673e-03
2.6822e-03
2.1266e-03
1.7874e-03
1.4798e-03
9.8368e-04
3.0552e-04
-1.5550e-05
2.2892e-04
9.9635e-04
1.8583e-03
2.6372e-03
3.0400e-03
3.2213e-03
3.5576e-03
4.2311e-03
5.0454e-03
5.9855e-03
6.8318e-03
7.5380e-03
7.9391e-03
8.1782e-03
8.5879e-03
9.1719e-03
9.5846e-03
9.7450e-03
9.8101e-03
9.8125e-03
9.8052e-03
9.6661e-03
9.3143e-03
8.7294e-03
8.2554e-03
7.7530e-03
7.0069e-03
6.1138e-03
4.9761e-03
3.8041e-03
2.8875e-03
2.0062e-03
1.2477e-03
4.2071e-04
-3.8256e-04
-1.2603e-03
-2.0666e-03
-2.8147e-03
-3.3581e-03
-3.8228e-03
-4.4027e-03
-4.8650e-03
-5.4039e-03
-6.2017e-03
-7.0173e-03
-7.7853e-03
-8.2182e-03
-8.3319e-03
-8.3552e-03
-8.3588e-03
-8.3914e-03
-8.2999e-03
-7.9403e-03
-7.2086e-03
-6.4207e-03
-5.5614e-03
-4.7982e-03
-3.9704e-03
-3.0522e-03
-1.8298e-03
-4.3033e-04
8.3510e-04
1.9118e-03
3.0629e-03
4.2248e-03
5.1812e-03
6.0383e-03
6.5001e-03
6.5181e-03
6.1156e-03
5.3242e-03
4.5210e-03
3.7613e-03
3.2195e-03
2.7206e-03
2.0553e-03
1.5131e-03
1.0898e-03
8.4458e-04
1.0847e-03
1.3821e-03
1.5289e-03
1.5857e-03
1.5528e-03
1.5240e-03
1.5038e-03
1.5330e-03
1.5710e-03
1.5953e-03
1.4856e-03
1.1643e-03
6.0261e-04
8.7440e-05
-5.9453e-04
-1.6549e-03
-2.7935e-03
-3.6352e-03
-4.2220e-03
-4.4200e-03
-4.6031e-03
-4.4840e-03
-3.9935e-03
-3.5630e-03
-3.0829e-03
-2.3546e-03
-1.4532e-03
-1.9193e-04
1.2483e-03
2.5217e-03
3.5013e-03
4.3997e-03
5.1893e-03
5.9089e-03
6.3605e-03
6.5336e-03
6.5896e-03
6.4549e-03
6.0762e-03
5.3630e-03
4.6090e-03
3.7313e-03
2.8249e-03
1.7218e-03
5.5174e-04
-5.1534e-04
-1.6810e-03
-2.7141e-03
-3.3675e-03
-3.8873e-03
-4.4484e-03
-4.8327e-03
-5.1545e-03
-5.6103e-03
-6.0846e-03
-6.1108e-03
-5.6652e-03
-5.2813e-03
-4.9678e-03
-4.5751e-03
-4.0163e-03
-3.5340e-03
-2.9864e-03
-2.2124e-03
-1.4601e-03
-7.4474e-04
-2.2105e-04
2.8841e-04
1.0662e-03
1.8563e-03
2.6409e-03
3.0859e-03
3.2282e-03
3.2319e-03
3.1917e-03
3.1422e-03
3.0927e-03
3.0566e-03
3.1528e-03
3.5156e-03
4.2320e-03
5.0157e-03
5.9077e-03
6.7551e-03
7.6489e-03
8.4478e-03
9.1432e-03
9.5538e-03
9.8070e-03
1.0212e-02
1.0777e-02
1.1173e-02
1.1365e-02
1.1553e-02
1.1775e-02
1.1968e-02
1.1759e-02
1.1549e-02
1.1466e-02
1.1357e-02
1.1033e-02
1.0321e-02
9.4061e-03
8.2374e-03
7.0629e-03
6.1468e-03
5.2679e-03
4.4868e-03
3.6464e-03
2.8620e-03
2.1123e-03
1.5363e-03
1.0304e-03
4.3544e-04
7.7546e-05
-1.7945e-04
-5.5917e-04
-1.1439e-03
-1.6520e-03
-2.1673e-03
-2.8103e-03
-3.3438e-03
-3.8871e-03
-4.5296e-03
-4.9142e-03
-5.0609e-03
-5.1093e-03
-5.1241e-03
-5.1089e-03
-4.9596e-03
-4.5778e-03
-4.0099e-03
-3.6428e-03
-3.4025e-03
-2.9816e-03
-2.2397e-03
-1.4234e-03
-6.6254e-04
-2.4540e-04
-1.3713e-04
-9.2725e-06
2.9770e-04
8.5114e-04
1.2539e-03
1.6096e-03
2.1061e-03
2.7382e-03
2.9934e-03
2.7311e-03
2.1056e-03
1.6413e-03
1.4566e-03
1.4466e-03
1.5082e-03
1.5455e-03
1.5182e-03
1.4499e-03
1.4108e-03
1.5439e-03
1.9567e-03
2.6043e-03
3.0354e-03
3.1999e-03
3.2150e-03
3.1728e-03
3.1391e-03
3.1306e-03
3.1320e-03
3.1419e-03
3.1507e-03
3.1753e-03
3.1924e-03
3.1822e-03
3.0643e-03
2.8175e-03
2.4869e-03
2.3462e-03
1.9977e-03
1.5745e-03
1.0586e-03
3.8228e-04
-3.0689e-05
-1.7988e-04
-1.8520e-04
-1.3231e-04
-9.4250e-05
-9.2566e-05
-1.4187e-04
-2.1266e-04
-2.4420e-04
-9.9531e-05
3.2706e-04
9.8354e-04
1.4083e-03
1.5349e-03
1.4946e-03
1.4353e-03
1.5444e-03
1.9413e-03
2.5557e-03
2.9639e-03
3.1479e-03
3.3255e-03
3.5821e-03
3.8431e-03
3.6678e-03
3.3097e-03
2.7675e-03
1.9634e-03
1.2172e-03
5.3573e-04
2.4020e-05
-6.0238e-04
-1.7172e-03
-3.0449e-03
-4.2881e-03
-5.3328e-03
-6.5910e-03
-8.1068e-03
-9.7738e-03
-1.1393e-02
-1.2746e-02
-1.3666e-02
-1.4354e-02
-1.4705e-02
-1.4973e-02
-1.5432e-02
-1.6064e-02
-1.6350e-02
-1.6137e-02
-1.5570e-02
-1.5115e-02
-1.4782e-02
-1.4367e-02
-1.3824e-02
-1.3471e-02
-1.3226e-02
-1.2837e-02
-1.2180e-02
-1.1467e-02
-1.0611e-02
-9.6491e-03
-8.3830e-03
-6.9519e-03
-5.6954e-03
-4.7509e-03
-3.8976e-03
-3.1204e-03
-2.2646e-03
-1.4349e-03
-6.7175e-04
-2.0270e-04
-3.5485e-05
-3.5000e-06
-1.5863e-04
-5.3807e-04
-1.1715e-03
-1.7256e-03
-2.2725e-03
-2.8779e-03
-3.2406e-03
-3.4723e-03
-3.8417e-03
-4.4253e-03
-4.9783e-03
-5.5488e-03
-6.2106e-03
-6.5888e-03
-6.7164e-03
-6.7446e-03
-6.7629e-03
-6.7930e-03
-6.7168e-03
-6.3646e-03
-5.6395e-03
-4.8113e-03
-3.8858e-03
-3.0694e-03
-2.3647e-03
-1.8875e-03
-1.4432e-03
-7.1441e-04
1.5955e-04
1.3026e-03
2.4692e-03
3.4233e-03
4.3601e-03
5.1795e-03
5.9101e-03
6.3170e-03
6.4142e-03
6.4146e-03
6.4040e-03
6.4747e-03
6.5443e-03
6.4588e-03
5.9523e-03
4.9516e-03
3.8216e-03
2.9164e-03
2.0288e-03
1.1292e-03
-7.2687e-05
-1.4625e-03
-2.7439e-03
-3.8331e-03
-4.9721e-03
-6.0810e-03
-6.9838e-03
-7.9072e-03
-8.7253e-03
-9.4777e-03
-9.9268e-03
-1.0090e-02
-1.0109e-02
-9.9551e-03
-9.5940e-03
-9.0142e-03
-8.5053e-03
-7.8884e-03
-6.9319e-03
-5.8605e-03
-4.8057e-03
-3.4770e-03
-1.9477e-03
-4.7904e-04
7.5628e-04
1.7637e-03
3.0076e-03
4.5550e-03
6.2383e-03
7.8200e-03
9.0063e-03
9.6895e-03
1.0214e-02
1.0828e-02
1.1238e-02
1.1397e-02
1.1312e-02
1.0926e-02
1.0317e-02
9.8031e-03
9.2903e-03
8.5440e-03
7.7609e-03
6.8516e-03
6.0340e-03
5.3245e-03
4.9198e-03
4.6634e-03
4.2444e-03
3.6476e-03
3.2465e-03
3.1195e-03
3.1112e-03
3.1170e-03
2.9824e-03
2.7184e-03
2.4786e-03
2.6735e-03
2.9267e-03
3.0711e-03
3.1629e-03
3.2001e-03
3.2054e-03
3.0748e-03
2.7065e-03
2.0852e-03
1.5494e-03
1.0326e-03
4.2425e-04
-5.4264e-05
-5.7242e-04
-1.3298e-03
-2.0825e-03
-2.8425e-03
-3.4197e-03
-3.9486e-03
-4.5743e-03
-4.9638e-03
-5.1425e-03
-5.2204e-03
-5.2019e-03
-5.0276e-03
-4.5965e-03
-3.9886e-03
-3.6273e-03
-3.5380e-03
-3.4414e-03
-3.0938e-03
-2.3269e-03
-1.4792e-03
-6.6614e-04
-2.4889e-04
-1.8665e-04
-2.2883e-04
-1.4379e-04
2.4861e-04
8.9656e-04
1.3413e-03
1.5081e-03
1.5171e-03
1.4633e-03
1.4363e-03
1.4613e-03
1.5137e-03
1.5257e-03
1.3826e-03
1.0082e-03
4.5944e-04
1.1470e-04
-1.6168e-04
-7.3397e-04
-1.7573e-03
-2.8045e-03
-3.3836e-03
-3.5378e-03
-3.4860e-03
-3.4185e-03
-3.5198e-03
-3.8217e-03
-4.2185e-03
-4.2918e-03
-4.2774e-03
-3.9721e-03
-3.6818e-03
-3.4688e-03
-3.0644e-03
-2.3829e-03
-1.6088e-03
-7.3214e-04
1.2430e-04
9.9901e-04
1.7893e-03
2.4826e-03
2.9941e-03
3.4675e-03
4.2068e-03
4.9742e-03
5.8695e-03
6.6683e-03
7.4212e-03
7.9760e-03
8.4968e-03
9.1176e-03
9.5057e-03
9.6729e-03
9.7471e-03
9.7429e-03
9.6191e-03
9.2403e-03
8.6129e-03
8.0409e-03
7.5099e-03
6.9308e-03
6.6158e-03
6.3598e-03
5.8287e-03
4.8668e-03
3.8742e-03
3.1921e-03
2.6056e-03
1.8460e-03
1.1101e-03
4.0391e-04
-1.8274e-05
-2.9144e-04
-7.0859e-04
-1.3044e-03
-1.7128e-03
-1.8688e-03
-1.8961e-03
-1.8572e-03
-1.8366e-03
-1.8379e-03
-1.8600e-03
-1.8643e-03
-1.8345e-03
-1.7703e-03
-1.7421e-03
-1.8748e-03
-2.2957e-03
-2.9494e-03
-3.3970e-03
-3.5546e-03
-3.5386e-03
-3.4281e-03
-3.3711e-03
-3.4923e-03
-3.9242e-03
-4.5894e-03
-5.0593e-03
-5.2278e-03
-5.2005e-03
-4.9909e-03
-4.7239e-03
-4.5435e-03
-4.7900e-03
-4.9264e-03
-4.6666e-03
-4.0976e-03
-3.6708e-03
-3.4894e-03
-3.4171e-03
-3.3775e-03
-3.3477e-03
-3.4853e-03
-4.0032e-03
-4.9751e-03
-5.9675e-03
-6.6432e-03
-7.2960e-03
-8.2518e-03
-9.3409e-03
-1.0385e-02
-1.1563e-02
-1.2704e-02
-1.3625e-02
-1.4543e-02
-1.5362e-02
-1.6109e-02
-1.6557e-02
-1.6695e-02
-1.6691e-02
-1.6535e-02
-1.6285e-02
-1.5965e-02
-1.5829e-02
-1.5401e-02
-1.4779e-02
-1.3948e-02
-1.3007e-02
-1.1885e-02
-1.0724e-02
-9.7168e-03
-8.5834e-03
-7.4534e-03
-6.4238e-03
-5.2700e-03
-4.1384e-03
-3.2401e-03
-2.3539e-03
-1.5573e-03
-7.1084e-04
6.2782e-05
7.8975e-04
1.3528e-03
1.8845e-03
2.5563e-03
2.9875e-03
3.1582e-03
3.0607e-03
2.6659e-03
2.0210e-03
1.4756e-03
9.5183e-04
3.2867e-04
-1.6171e-04
-6.4825e-04
-1.2797e-03
-1.8033e-03
-2.3492e-03
-2.9963e-03
-3.4168e-03
-3.6054e-03
-3.6718e-03
-3.5541e-03
-3.1725e-03
-2.4371e-03
-1.6330e-03
-7.2863e-04
8.1567e-05
8.3315e-04
1.3864e-03
1.8722e-03
2.4391e-03
2.7933e-03
3.0779e-03
3.5457e-03
4.2047e-03
4.6306e-03
4.6478e-03
4.2883e-03
3.6510e-03
3.2131e-03
2.9198e-03
2.5497e-03
2.0072e-03
1.5503e-03
1.0471e-03
2.9396e-04
-5.7455e-04
-1.6675e-03
-2.8244e-03
-3.8758e-03
-5.1425e-03
-6.4909e-03
-7.7263e-03
-8.8037e-03
-1.0078e-02
-1.1462e-02
-1.2710e-02
-1.3685e-02
-1.4615e-02
-1.5419e-02
-1.6142e-02
-1.6541e-02
-1.6657e-02
-1.6693e-02
-1.6739e-02
-1.6798e-02
-1.6709e-02
-1.6217e-02
-1.5215e-02
-1.4058e-02
-1.3105e-02
-1.2206e-02
-1.1444e-02
-1.0624e-02
-9.8160e-03
-8.9264e-03
-8.1203e-03
-7.4149e-03
-6.9914e-03
-6.7032e-03
-6.2649e-03
-5.7092e-03
-5.4684e-03
-5.6003e-03
-5.7949e-03
-5.5912e-03
-5.2863e-03
-5.1277e-03
-5.1804e-03
-5.5952e-03
-6.2542e-03
-6.7450e-03
-6.9636e-03
-7.0083e-03
-6.8164e-03
-6.3748e-03
-5.7211e-03
-5.3049e-03
-5.1495e-03
-5.1380e-03
-5.1782e-03
-5.2122e-03
-5.2285e-03
-5.2332e-03
-5.2221e-03
-5.1831e-03
-5.1219e-03
-5.0945e-03
-5.2286e-03
-5.6467e-03
-6.3081e-03
-6.7679e-03
-6.9342e-03
-6.8610e-03
-6.5669e-03
-6.1643e-03
-5.9143e-03
-5.5171e-03
-5.2453e-03
-5.3083e-03
-5.5932e-03
-5.9937e-03
-6.0182e-03
-5.9280e-03
-5.5756e-03
-5.4394e-03
-5.7499e-03
-6.2226e-03
-6.2805e-03
-5.8189e-03
-5.4023e-03
-5.1536e-03
-5.0840e-03
-5.1602e-03
-5.3770e-03
-5.6664e-03
-5.8571e-03
-5.5766e-03
-5.2832e-03
-5.2802e-03
-5.6332e-03
-6.2684e-03
-6.6916e-03
-6.8655e-03
-6.9916e-03
-7.2179e-03
-7.5733e-03
-7.7594e-03
-8.0275e-03
-8.0687e-03
-7.8338e-03
-7.7170e-03
-7.3671e-03
-6.9763e-03
-6.4961e-03
-5.7422e-03
-4.9851e-03
-4.1447e-03
-3.3617e-03
-2.4849e-03
-1.5453e-03
-4.3978e-04
5.9684e-04
1.2723e-03
1.8528e-03
2.4941e-03
2.9089e-03
3.0498e-03
2.9529e-03
2.5631e-03
1.9691e-03
1.4760e-03
9.7074e-04
1.8464e-04
-7.2323e-04
-1.8293e-03
-2.8137e-03
-3.4389e-03
-4.0932e-03
-5.1720e-03
-6.5065e-03
-7.7946e-03
-8.9141e-03
-1.0107e-02
-1.1260e-02
-1.2142e-02
-1.2877e-02
-1.3299e-02
-1.3596e-02
-1.4016e-02
-1.4476e-02
-1.4503e-02
-1.4079e-02
-1.3725e-02
-1.3439e-02
-1.3019e-02
-1.2324e-02
-1.1571e-02
-1.0732e-02
-9.9422e-03
-9.0880e-03
-8.1599e-03
-7.0427e-03
-5.8838e-03
-4.9770e-03
-4.0940e-03
-3.3410e-03
-2.5175e-03
-1.7140e-03
-8.1099e-04
3.3433e-05
7.9522e-04
1.2231e-03
1.3434e-03
1.3523e-03
1.3166e-03
1.2918e-03
1.2508e-03
1.2038e-03
1.1959e-03
1.3520e-03
1.7734e-03
2.3884e-03
2.7545e-03
2.8517e-03
2.9466e-03
3.2909e-03
4.0442e-03
4.8838e-03
5.6985e-03
6.1500e-03
6.2598e-03
6.2346e-03
6.1852e-03
6.1991e-03
6.2557e-03
6.2836e-03
6.1451e-03
5.7381e-03
5.1305e-03
4.7507e-03
4.6017e-03
4.4324e-03
4.0667e-03
3.4887e-03
3.1286e-03
2.9818e-03
2.8209e-03
2.4402e-03
1.8239e-03
1.3893e-03
1.2223e-03
1.2092e-03
1.2930e-03
1.3502e-03
1.3272e-03
1.1283e-03
8.0635e-04
5.5332e-04
8.7518e-04
1.4748e-03
2.1878e-03
2.7702e-03
3.4184e-03
4.4189e-03
5.5069e-03
6.4239e-03
7.3195e-03
8.1240e-03
8.9898e-03
9.8109e-03
1.0572e-02
1.1042e-02
1.1211e-02
1.1228e-02
1.1041e-02
1.0633e-02
1.0034e-02
9.6438e-03
9.3865e-03
9.0184e-03
8.4440e-03
7.9057e-03
7.3370e-03
6.6625e-03
6.2560e-03
6.1064e-03
6.1001e-03
6.1694e-03
6.2524e-03
6.2818e-03
6.1464e-03
5.7301e-03
5.0822e-03
4.6161e-03
4.4092e-03
4.3735e-03
4.5550e-03
4.9634e-03
5.5683e-03
5.9720e-03
6.2606e-03
6.6462e-03
7.1869e-03
7.5625e-03
7.8606e-03
8.3031e-03
8.9122e-03
9.3073e-03
9.4464e-03
9.4579e-03
9.4373e-03
9.4611e-03
9.5113e-03
9.4632e-03
9.1328e-03
8.3946e-03
7.4597e-03
6.2890e-03
5.1422e-03
4.2586e-03
3.3899e-03
2.5028e-03
1.3990e-03
2.2137e-04
-7.4564e-04
-1.6641e-03
-2.3236e-03
-2.7881e-03
-2.9657e-03
-3.2877e-03
-3.5589e-03
-3.6897e-03
-3.7847e-03
-3.8004e-03
-3.6890e-03
-3.3193e-03
-2.6948e-03
-2.1200e-03
-1.5545e-03
-9.3068e-04
-5.9479e-04
-4.7428e-04
-3.2045e-04
3.2723e-05
5.9519e-04
9.6915e-04
1.2255e-03
1.6348e-03
2.3446e-03
3.1119e-03
3.8922e-03
4.4726e-03
4.9637e-03
5.5303e-03
5.9073e-03
6.2351e-03
6.7167e-03
7.2427e-03
7.2881e-03
6.7149e-03
5.9428e-03
5.0128e-03
4.1719e-03
3.3187e-03
2.5460e-03
1.7224e-03
9.3379e-04
8.1489e-05
-7.4203e-04
-1.6041e-03
-2.3899e-03
-3.1183e-03
-3.6874e-03
-4.2205e-03
-4.8767e-03
-5.2715e-03
-5.4123e-03
-5.3922e-03
-5.3061e-03
-5.2683e-03
-5.4065e-03
-5.8208e-03
-6.4339e-03
-6.8319e-03
-6.9977e-03
-7.1678e-03
-7.4422e-03
-7.7979e-03
-7.8117e-03
-7.7229e-03
-7.3646e-03
-7.2056e-03
-7.5076e-03
-8.0729e-03
-8.3863e-03
-8.3208e-03
-8.1488e-03
-8.2765e-03
-8.3645e-03
-8.2267e-03
-8.0739e-03
-8.2402e-03
-8.4394e-03
-8.5325e-03
-8.7347e-03
-9.1338e-03
-9.7747e-03
-1.0196e-02
-1.0365e-02
-1.0357e-02
-1.0273e-02
-1.0211e-02
-1.0307e-02
-1.0670e-02
-1.1306e-02
-1.1886e-02
-1.2464e-02
-1.3105e-02
-1.3456e-02
-1.3563e-02
-1.3611e-02
-1.3742e-02
-1.4004e-02
-1.4227e-02
-1.4015e-02
-1.3736e-02
-1.3592e-02
-1.3554e-02
-1.3632e-02
-1.3703e-02
-1.3633e-02
-1.3235e-02
-1.2480e-02
-1.1683e-02
-1.0931e-02
-1.0391e-02
-9.8961e-03
-9.1667e-03
-8.4390e-03
-7.6730e-03
-7.0761e-03
-6.5158e-03
-5.8849e-03
-5.5416e-03
-5.4691e-03
-5.4742e-03
-5.3618e-03
-4.9550e-03
-4.3186e-03
-3.9048e-03
-3.7921e-03
-3.7994e-03
-3.7439e-03
-3.4061e-03
-2.7883e-03
-2.2087e-03
-1.6640e-03
-1.0592e-03
-7.0851e-04
-4.4259e-04
-1.7352e-05
6.1387e-04
1.0447e-03
1.1933e-03
1.1050e-03
8.1863e-04
4.6454e-04
3.0847e-04
-3.5103e-05
-4.6467e-04
-9.7354e-04
-1.6405e-03
-2.0115e-03
-2.1349e-03
-2.1642e-03
-2.2907e-03
-2.5609e-03
-2.8385e-03
-2.6626e-03
-2.3088e-03
-1.8117e-03
-1.1303e-03
-5.5721e-04
6.1816e-06
6.4671e-04
9.8559e-04
1.0581e-03
1.0462e-03
1.1740e-03
1.5915e-03
2.2360e-03
2.5726e-03
2.4911e-03
2.1388e-03
1.8788e-03
1.4606e-03
1.1683e-03
1.1138e-03
1.1502e-03
1.1983e-03
1.0709e-03
6.6428e-04
3.0656e-05
-3.9159e-04
-5.6513e-04
-6.8073e-04
-8.4796e-04
-1.1251e-03
-1.3000e-03
-1.8304e-03
-2.5445e-03
-3.2805e-03
-3.7102e-03
-3.8190e-03
-3.8477e-03
-3.9479e-03
-4.2071e-03
-4.4633e-03
-4.3168e-03
-4.0678e-03
-3.7958e-03
-3.3493e-03
-2.7797e-03
-2.3910e-03
-2.1177e-03
-1.6933e-03
-1.1046e-03
-6.9037e-04
-5.0703e-04
-4.2836e-04
-4.5704e-04
-6.1612e-04
-1.0105e-03
-1.5831e-03
-1.9826e-03
-2.2642e-03
-2.6924e-03
-3.2919e-03
-3.7284e-03
-3.9258e-03
-3.9730e-03
-3.8130e-03
-3.4271e-03
-2.8259e-03
-2.3461e-03
-1.8501e-03
-1.1118e-03
-2.4506e-04
8.6833e-04
2.0365e-03
3.0575e-03
4.1893e-03
5.3184e-03
6.3504e-03
7.5275e-03
8.6797e-03
9.5657e-03
1.0329e-02
1.0870e-02
1.1391e-02
1.2048e-02
1.2464e-02
1.2609e-02
1.2515e-02
1.2220e-02
1.1835e-02
1.1659e-02
1.1345e-02
1.1077e-02
1.0843e-02
1.0417e-02
9.8473e-03
9.4552e-03
9.2051e-03
8.8206e-03
8.2354e-03
7.6755e-03
7.1110e-03
6.4729e-03
6.1440e-03
6.0386e-03
5.9052e-03
5.5235e-03
4.8777e-03
4.3975e-03
4.2046e-03
4.2878e-03
4.6947e-03
5.3370e-03
5.8850e-03
6.4016e-03
7.0400e-03
7.5523e-03
8.0626e-03
8.6548e-03
9.0307e-03
9.3100e-03
9.7406e-03
1.0340e-02
1.0738e-02
1.0883e-02
1.0915e-02
1.0911e-02
1.0937e-02
1.0940e-02
1.0805e-02
1.0417e-02
9.8287e-03
9.4361e-03
9.1913e-03
8.8184e-03
8.1702e-03
7.4202e-03
6.5050e-03
5.5155e-03
4.3984e-03
3.3904e-03
2.7775e-03
2.2262e-03
1.4747e-03
6.8217e-04
-8.6679e-05
-5.3677e-04
-6.5422e-04
-6.5732e-04
-6.2823e-04
-6.6012e-04
-6.8291e-04
-5.9864e-04
-2.4327e-04
3.7248e-04
9.4733e-04
1.5064e-03
2.1403e-03
2.5009e-03
2.6705e-03
2.8323e-03
3.0662e-03
3.2587e-03
3.0543e-03
2.8261e-03
2.7493e-03
2.6981e-03
2.5660e-03
2.1684e-03
1.5829e-03
1.2057e-03
1.0706e-03
9.0435e-04
5.3749e-04
-8.1068e-05
-4.9889e-04
-6.7416e-04
-6.9608e-04
-6.6025e-04
-6.2614e-04
-6.2180e-04
-6.3067e-04
-6.4648e-04
-6.4834e-04
-6.4020e-04
-6.2045e-04
-6.1396e-04
-6.3900e-04
-7.0609e-04
-7.6333e-04
-6.7933e-04
-2.7879e-04
4.9505e-04
1.3118e-03
2.0636e-03
2.5002e-03
2.7438e-03
3.1109e-03
3.6375e-03
4.0363e-03
4.3415e-03
4.7953e-03
5.3706e-03
5.7323e-03
5.8467e-03
5.9770e-03
6.2854e-03
6.8845e-03
7.4401e-03
8.0370e-03
8.7015e-03
9.0956e-03
9.1967e-03
9.1831e-03
9.1369e-03
9.2234e-03
9.4672e-03
9.8490e-03
1.0058e-02
1.0438e-02
1.0716e-02
1.0803e-02
1.0818e-02
1.0800e-02
1.0821e-02
1.0875e-02
1.0905e-02
1.0773e-02
1.0359e-02
9.7146e-03
9.2738e-03
9.1091e-03
9.0924e-03
9.1606e-03
9.2136e-03
9.2231e-03
9.1076e-03
8.8493e-03
8.4826e-03
8.2856e-03
7.9112e-03
7.6048e-03
7.4785e-03
7.4423e-03
7.5639e-03
7.8267e-03
8.2037e-03
8.4111e-03
8.7882e-03
9.0678e-03
9.1330e-03
9.1182e-03
9.0811e-03
9.2052e-03
9.5728e-03
1.0162e-02
1.0569e-02
1.0872e-02
1.1301e-02
1.1898e-02
1.2297e-02
1.2452e-02
1.2481e-02
1.2446e-02
1.2416e-02
1.2396e-02
1.2394e-02
1.2405e-02
1.2445e-02
1.2495e-02
1.2507e-02
1.2362e-02
1.1969e-02
1.1376e-02
1.0984e-02
1.0736e-02
1.0358e-02
9.7069e-03
8.9664e-03
8.0820e-03
7.1219e-03
5.9913e-03
4.8419e-03
3.9414e-03
3.0519e-03
2.2678e-03
3.1087e-03
2.3218e-03
1.5577e-03
9.6345e-04
4.1918e-04
-1.9604e-04
-5.3096e-04
-6.5731e-04
-8.2067e-04
-1.2143e-03
-1.8459e-03
-2.2853e-03
-2.4629e-03
-2.4918e-03
-2.4457e-03
-2.4133e-03
-2.4167e-03
-2.4738e-03
-2.5494e-03
-2.5803e-03
-2.4352e-03
-2.0193e-03
-1.4020e-03
-1.0320e-03
-9.2920e-04
-8.4997e-04
-5.4985e-04
1.3069e-04
9.4270e-04
1.8848e-03
2.7430e-03
3.4612e-03
3.8310e-03
3.9106e-03
4.0096e-03
4.2369e-03
4.6251e-03
4.8039e-03
5.0150e-03
4.9000e-03
4.4988e-03
4.3502e-03
4.4055e-03
4.2069e-03
4.0160e-03
3.8066e-03
3.3607e-03
2.6103e-03
1.8207e-03
1.0431e-03
4.7398e-04
-1.1043e-05
-5.9488e-04
-1.0497e-03
-1.5445e-03
-2.2795e-03
-3.0643e-03
-3.9698e-03
-4.8065e-03
-5.5451e-03
-5.9554e-03
-6.0814e-03
-6.1234e-03
-6.1145e-03
-6.0141e-03
-5.6622e-03
-4.9916e-03
-4.2316e-03
-3.3361e-03
-2.3902e-03
-1.3281e-03
-3.5559e-04
2.7662e-04
9.2296e-04
1.8200e-03
2.7179e-03
3.3637e-03
4.0638e-03
5.0426e-03
5.9717e-03
6.4649e-03
6.6495e-03
6.7653e-03
6.9404e-03
7.0895e-03
6.8617e-03
6.6151e-03
6.5120e-03
6.4498e-03
6.3293e-03
5.9676e-03
5.3729e-03
4.8375e-03
4.3195e-03
3.6788e-03
3.1536e-03
2.6121e-03
1.9935e-03
1.6319e-03
1.5099e-03
1.4446e-03
1.3110e-03
1.0498e-03
8.2786e-04
1.0070e-03
1.2561e-03
1.3810e-03
1.4269e-03
1.3612e-03
1.2748e-03
1.2158e-03
1.3335e-03
1.7044e-03
2.2960e-03
2.6777e-03
2.8140e-03
2.8101e-03
2.7505e-03
2.6889e-03
2.6384e-03
2.6029e-03
2.6133e-03
2.7165e-03
2.9300e-03
3.1398e-03
3.0590e-03
3.0281e-03
3.0874e-03
2.8472e-03
2.6481e-03
2.5310e-03
2.3323e-03
1.9325e-03
1.3475e-03
9.7977e-04
8.7117e-04
8.5633e-04
7.5316e-04
3.8681e-04
-1.9810e-04
-6.0771e-04
-7.6831e-04
-7.9946e-04
-7.6643e-04
-7.5141e-04
-7.5323e-04
-7.7490e-04
-7.8752e-04
-7.9380e-04
-7.9004e-04
-8.0202e-04
-8.3995e-04
-9.0382e-04
-9.3364e-04
-8.2395e-04
-4.6770e-04
8.3177e-05
4.4926e-04
5.7374e-04
5.7405e-04
5.1438e-04
4.6805e-04
4.3883e-04
4.3511e-04
4.4312e-04
4.5658e-04
4.4002e-04
3.3831e-04
1.0210e-04
-2.2766e-04
-4.2820e-04
-7.6406e-04
-1.0182e-03
-1.0733e-03
-1.0617e-03
-1.0294e-03
-1.1586e-03
-1.5134e-03
-2.0645e-03
-2.3952e-03
-2.4906e-03
-2.4883e-03
-2.5792e-03
-2.8932e-03
-3.3934e-03
-3.7002e-03
-3.8118e-03
-3.9229e-03
-4.2125e-03
-4.7043e-03
-5.0658e-03
-5.2254e-03
-5.2385e-03
-5.0660e-03
-4.7061e-03
-4.2038e-03
-3.8896e-03
-3.6821e-03
-3.3509e-03
-2.7731e-03
-2.1487e-03
-1.5162e-03
-1.0434e-03
-6.4667e-04
-1.9759e-04
7.0579e-05
2.7741e-04
6.0633e-04
1.0758e-03
1.3794e-03
1.4760e-03
1.4621e-03
1.3992e-03
1.3596e-03
1.3602e-03
1.3920e-03
1.3897e-03
1.2550e-03
9.0119e-04
3.8898e-04
6.7131e-05
-2.2855e-05
-3.2824e-05
-1.1666e-04
-4.2640e-04
-9.1646e-04
-1.2558e-03
-1.3781e-03
-1.3940e-03
-1.3652e-03
-1.3756e-03
-1.4106e-03
-1.4336e-03
-1.3314e-03
-1.0399e-03
-5.9866e-04
-3.3626e-04
-2.3942e-04
-1.3190e-04
1.3104e-04
5.4601e-04
7.9998e-04
8.5849e-04
8.6752e-04
9.5594e-04
1.2250e-03
1.5417e-03
1.5251e-03
1.1589e-03
8.6865e-04
7.3070e-04
6.8667e-04
5.9117e-04
3.3093e-04
-9.4742e-05
-4.0304e-04
-6.3232e-04
-9.2290e-04
-1.3081e-03
-1.5708e-03
-1.7710e-03
-2.0664e-03
-2.4738e-03
-2.7480e-03
-2.8672e-03
-2.9097e-03
-2.8850e-03
-2.7674e-03
-2.4944e-03
-2.0996e-03
-1.8314e-03
-1.6547e-03
-1.4020e-03
-1.0319e-03
-7.0826e-04
-3.8914e-04
1.7416e-05
3.4266e-04
6.7842e-04
1.0705e-03
1.2953e-03
1.3492e-03
1.3266e-03
1.2681e-03
1.2227e-03
1.1844e-03
1.1588e-03
1.1279e-03
1.0990e-03
1.0623e-03
1.0299e-03
9.9316e-04
9.6281e-04
9.2812e-04
8.9844e-04
8.6145e-04
8.2769e-04
7.8710e-04
7.5674e-04
7.2924e-04
7.1847e-04
6.9534e-04
6.4456e-04
5.1410e-04
3.2554e-04
1.5974e-04
2.5277e-04
3.6159e-04
4.0202e-04
4.1168e-04
4.4816e-04
5.5212e-04
6.9104e-04
6.7861e-04
7.1798e-04
7.4699e-04
8.9273e-04
9.4399e-04
7.4660e-04
3.9825e-04
1.1816e-04
-6.3172e-05
-2.8823e-04
-5.9484e-04
-9.0719e-04
-1.3123e-03
-1.9157e-03
-2.4612e-03
-2.7396e-03
-2.8149e-03
-2.8792e-03
-3.0564e-03
-3.3685e-03
-3.5758e-03
-3.6550e-03
-3.6686e-03
-3.6658e-03
-3.6598e-03
-3.5953e-03
-3.3852e-03
-2.9972e-03
-2.5894e-03
-2.1967e-03
-1.9171e-03
-1.6844e-03
-1.3946e-03
-1.1732e-03
-9.4508e-04
-6.5577e-04
-4.1931e-04
-1.8606e-04
9.2298e-05
2.4235e-04
2.8228e-04
2.7080e-04
2.2492e-04
1.1866e-04
-9.9528e-05
-4.2615e-04
-7.0658e-04
-9.6264e-04
-1.2558e-03
-1.4930e-03
-1.7926e-03
-2.2603e-03
-2.7712e-03
-3.2020e-03
-3.6147e-03
-3.9475e-03
-4.2223e-03
-4.3658e-03
-4.4442e-03
-4.5894e-03
-4.8073e-03
-4.9480e-03
-4.9868e-03
-4.9782e-03
-4.9228e-03
-4.8138e-03
-4.6090e-03
-4.3366e-03
-4.1403e-03
-4.0011e-03
-3.8076e-03
-3.5460e-03
-3.3225e-03
-3.1465e-03
-2.9763e-03
-2.8995e-03
-2.7531e-03
-2.6383e-03
-2.5885e-03
-2.5663e-03
-2.5644e-03
-2.5614e-03
-2.5563e-03
-2.5467e-03
-2.5370e-03
-2.5270e-03
-2.5184e-03
-2.5096e-03
-2.5011e-03
-2.4919e-03
-2.4833e-03
-2.4745e-03
-2.4666e-03
-2.4574e-03
-2.4471e-03
-2.4335e-03
-2.4208e-03
-2.4120e-03
-2.4146e-03
-2.4229e-03
-2.4206e-03
-2.3670e-03
-2.2316e-03
-2.0303e-03
-1.9003e-03
-1.8529e-03
-1.8486e-03
-1.8567e-03
-1.8601e-03
-1.8624e-03
-1.8879e-03
-1.9516e-03
-2.0466e-03
-2.0992e-03
-2.2053e-03
-2.2906e-03
-2.3122e-03
-2.2716e-03
-2.1454e-03
-1.9696e-03
-1.8580e-03
-1.8242e-03
-1.8197e-03
-1.8065e-03
-1.7506e-03
-1.6651e-03
-1.6147e-03
-1.5292e-03
-1.4665e-03
-1.4546e-03
-1.4563e-03
-1.4699e-03
-1.4718e-03
-1.4712e-03
-1.4727e-03
-1.5083e-03
-1.5927e-03
-1.7202e-03
-1.8057e-03
-1.8657e-03
-1.9461e-03
-2.0529e-03
-2.1165e-03
-2.1371e-03
-2.1547e-03
-2.1855e-03
-2.2269e-03
-2.2168e-03
-2.2196e-03
-2.2157e-03
-2.2524e-03
-2.2812e-03
-2.2717e-03
-2.2551e-03
-2.2470e-03
-2.2827e-03
-2.3556e-03
-2.4168e-03
-2.4705e-03
-2.5412e-03
-2.5853e-03
-2.6259e-03
-2.6739e-03
-2.6879e-03
-2.6842e-03
-2.7016e-03
-2.7391e-03
-2.7466e-03
-2.7159e-03
-2.6706e-03
-2.6197e-03
-2.5747e-03
-2.5256e-03
-2.4602e-03
-2.3614e-03
-2.2417e-03
-2.1517e-03
-2.0953e-03
-2.0410e-03
-1.9676e-03
-1.8639e-03
-1.7679e-03
-1.6713e-03
-1.5702e-03
-1.5011e-03
-1.4633e-03
-1.4398e-03
-1.4224e-03
-1.3997e-03
-1.3663e-03
-1.3174e-03
-1.2606e-03
-1.2201e-03
-1.1673e-03
-1.1228e-03
-1.0972e-03
-1.0764e-03
-1.0617e-03
-1.0447e-03
-1.0288e-03
-1.0106e-03
-9.9415e-04
-9.7651e-04
-9.6041e-04
-9.4286e-04
-9.2621e-04
-9.0854e-04
-8.9296e-04
-8.7827e-04
-8.6566e-04
-8.4970e-04
-8.2536e-04
-7.8547e-04
-7.3570e-04
-6.9841e-04
-6.7183e-04
-6.3941e-04
-5.9820e-04
-5.6003e-04
-5.2338e-04
-4.8294e-04
-4.5937e-04
-4.4866e-04
-4.4393e-04
-4.3916e-04
-4.3446e-04
-4.3366e-04
-4.4485e-04
-4.6974e-04
-4.9696e-04
-5.2485e-04
-5.4678e-04
-5.6248e-04
-5.6908e-04
-5.7126e-04
-5.7786e-04
-5.7800e-04
-5.7807e-04
-5.8069e-04
-5.7926e-04
-5.7618e-04
-5.7556e-04
-5.6534e-04
-5.4814e-04
-5.2760e-04
-5.0706e-04
-4.8572e-04
-4.6166e-04
-4.3117e-04
-3.9661e-04
-3.6779e-04
-3.4662e-04
-3.2892e-04
-3.1365e-04
-2.9808e-04
-2.8240e-04
-2.6493e-04
-2.4580e-04
-2.2471e-04
-2.0568e-04
-1.9447e-04
-1.8463e-04
-1.7181e-04
-1.5758e-04
-1.4147e-04
-1.2648e-04
-1.1365e-04
-1.0536e-04
-9.9386e-05
-9.0392e-05
-7.6831e-05
-6.1666e-05
-4.5951e-05
-3.2827e-05
-2.2626e-05
-1.5228e-05
-5.0454e-06
7.7521e-06
2.2621e-05
3.8297e-05
5.4551e-05
6.9762e-05
8.2525e-05
9.6347e-05
1.1262e-04
1.2703e-04
1.3988e-04
1.5148e-04
1.6353e-04
1.7643e-04
1.9041e-04
2.0278e-04
2.1436e-04
2.2596e-04
2.3807e-04
2.4863e-04
2.5797e-04
2.6644e-04
2.7476e-04
2.8297e-04
2.9135e-04
2.9940e-04
3.0702e-04
3.1369e-04
3.2000e-04
3.2691e-04
3.3460e-04
3.4210e-04
3.4923e-04
3.5572e-04
3.6277e-04
3.7019e-04
3.7791e-04
3.8552e-04
3.9308e-04
4.0037e-04
4.0761e-04
4.1464e-04
4.2165e-04
4.2845e-04
4.3520e-04
4.4174e-04
4.4828e-04
4.5473e-04
4.6132e-04
4.6784e-04
4.7420e-04
4.8033e-04
4.8646e-04
4.9233e-04
4.9808e-04
5.0356e-04
5.0898e-04
5.1436e-04
5.1964e-04
5.2464e-04
5.2952e-04
5.3429e-04
5.3895e-04
5.4351e-04
5.4807e-04
5.5256e-04
5.5696e-04
5.6122e-04
5.6543e-04
5.6960e-04
5.7381e-04
5.7797e-04
5.8211e-04
5.8618e-04
5.9022e-04
5.9418e-04
5.9810e-04
6.0197e-04
6.0582e-04
6.0960e-04
6.1335e-04
6.1703e-04
6.2068e-04
6.2426e-04
6.2780e-04
6.3127e-04
6.3469e-04
6.3805e-04
6.4136e-04
6.4460e-04
6.4780e-04
6.5093e-04
6.5401e-04
6.5703e-04
6.5999e-04
6.6289e-04
6.6574e-04
6.6852e-04
6.7125e-04
6.7392e-04
6.7654e-04
6.7909e-04
